0.2389366072111159	0.06811663551442565	0.3014142826117824	0.18920186289629237	0.20233061176638348
0.21637555368721303	0.0713406675802157	0.25985710609065993	0.1512086443900898	0.3012180282518213
0.2773738263528843	0.08166791316591279	0.17613550400432895	0.21560949890575665	0.24921325757111704
0.24627425443528955	0.08360939819933064	0.3306324392138523	0.14887024655947145	0.19061366159205587
0.2291283950043705	0.06522522676285022	0.20168744660526366	0.20091441489380554	0.3030445167337098
0.20460844738987735	0.06852893164070034	0.2960001022962611	0.11474352873988412	0.3161189899332768
0.29459592400993034	0.07805964305871295	0.25913580017160864	0.15409321819345773	0.21411541456629002
0.24176092049680875	0.06743664151647755	0.18186375574523597	0.2082533541664764	0.3006853280750011
0.3135793337882813	0.10657777089817178	0.10821860743098558	0.19076166907660458	0.28086261880595653
0.1837270245255669	0.08563118267994153	0.41115497912840987	0.1209725310864004	0.1985142825796811
0.23104782410046998	0.056350709853671355	0.31242026543264767	0.18937734742650333	0.21080385318670744
0.29319961949368484	0.08366761676408649	0.17199910493293122	0.20299549341945827	0.2481381653898389
0.24011555437615018	0.055517497545126165	0.35255361607937014	0.12532844992223163	0.22648488207712164
0.3145005747083431	0.08506230297176155	0.21933281361060336	0.1703450706000539	0.2107592381092378
0.2394117862114535	0.08089453828603088	0.28358361983031044	0.16554074315551054	0.23056931251669435
0.31147323518999903	0.06846888925616867	0.27040441736100107	0.11931771943098674	0.23033573876184427
0.26378656291536595	0.05836750175671673	0.314305301714503	0.12050624603707422	0.24303438757633986
0.26193759846018805	0.05749241891351989	0.3293405996990286	0.1739390099239281	0.17729037300333506
0.22559523634960396	0.09256338818751608	0.2557614307646003	0.143372162504441	0.28270778219383846
0.2459427370047676	0.07035269683621512	0.20046126852843024	0.18188936309915987	0.30135393453142695
0.2588589802032246	0.05558939238142607	0.3650166823924001	0.11639145858950108	0.20414348643344787
0.2993404326142459	0.0503307770734204	0.19101435701913239	0.1825454470833898	0.2767689862098113
0.19066892516238554	0.07402290684639762	0.41291014773438217	0.12203787262632897	0.20036014763050553
0.290821956450776	0.053953856323434635	0.21036689831702876	0.17026064471033261	0.27459664419842766
0.22883186633207614	0.08041662677054814	0.27265335931432677	0.14972067464962144	0.2683774729334273
0.2082132951655284	0.08087425966836592	0.27992095757082247	0.12092953399638279	0.3100619535989002
0.2586896100736168	0.10329359022520397	0.2638848234920697	0.1434510477845159	0.23068092842459337
0.20895331363156092	0.10429311454768195	0.3230224061589465	0.1842399698826832	0.1794911957791272
0.22465360595151998	0.05665037516912702	0.3195469511990228	0.21281057917987956	0.1863384885004504
0.18275463229416175	0.05505091646264232	0.2582419438535719	0.19476619254478408	0.30918631484483966
0.23607447362583878	0.09581650258605513	0.30903865743001924	0.18433038087312267	0.17473998548496397
0.25930484230633544	0.057965008105613114	0.35491431950082675	0.1332403165838577	0.1945755135033668
0.18417361210401156	0.06980549384533108	0.3807724219855648	0.1971216798881364	0.16812679217695592
0.18975289681800594	0.10148835094389118	0.28286877065025334	0.20770803167463142	0.2181819499132179
0.2079356133519718	0.09077847474419434	0.26547445192911345	0.1418301847247931	0.29398127524992707
0.18764714442035865	0.08780168363161223	0.32955912694914913	0.1435984714043645	0.25139357359451525
0.24709251924060927	0.1051191843572758	0.2958194747549445	0.1718558997423006	0.18011292190486958
0.2036332876116435	0.08845407720227179	0.3591554493209552	0.11389851095895592	0.2348586749061733
0.28705968349094885	0.07052487170714364	0.21557226743948998	0.1415620738650586	0.28528110349735863
0.24559359417129067	0.07687432357114653	0.2984126398350804	0.18322660896935633	0.19589283345312583
0.25740668178014936	0.09203816047222015	0.18856896534436324	0.16888493622954812	0.29310125617371885
0.2713309648977411	0.06941213338439153	0.2720495488453748	0.16901177279455729	0.21819558007793502
0.23139698837492031	0.08273012241902401	0.2207852929981865	0.21333910369258136	0.2517484925152876
0.22813441869443407	0.06760420560147976	0.3813752378285371	0.13311205804677156	0.18977407982877725
0.31173115890976244	0.07255931535419141	0.24598223709824923	0.16563077473846088	0.20409651389933572
0.24779087508812087	0.07021945010736363	0.1965361894684057	0.19718317604129587	0.2882703092948137
0.3096946667576072	0.06776467872106964	0.31789525810443403	0.11754458754082718	0.18710080887606162
0.23839577054585542	0.08783266997056223	0.17322457291325533	0.1963033743341334	0.30424361223619334
0.2582131342606439	0.05672730386758354	0.16795896168594235	0.20160500114634072	0.31549559903948926
0.22954697347417177	0.05873209475543792	0.40202637369128613	0.12579044633698708	0.1839041117421169
0.21638877595996353	0.08962009974056039	0.3957352808416458	0.126838582553024	0.17141726090480613
0.20895033314855332	0.05670929286353832	0.2773804027145394	0.20294631113180062	0.2540136601415681
0.2483120189981755	0.0795942958753783	0.22474790031500022	0.13704204709993734	0.31030373771150843
0.28840608747177154	0.08950457699615896	0.16426593039279572	0.1981992250842521	0.25962418005502136
0.223996457254552	0.05697092737042722	0.24192426332483066	0.2057707600962977	0.2713375919538922
0.2112230136501573	0.10450791932519019	0.3482283400523676	0.1520623821701494	0.18397834480213524
0.28791450840169514	0.06888274802083957	0.33371637546868144	0.13389270776464773	0.17559366034413593
0.2337369687250229	0.06314459789994817	0.27020740861038606	0.11807092860195134	0.31484009616269126
0.25238149377604296	0.05807711764051646	0.4054307691331689	0.11931821444244718	0.16479240500782422
0.18384299302298993	0.061994197322830485	0.34194441532277914	0.14182995822175803	0.27038843610964225
0.16383923151149282	0.06063449251712383	0.3079238078899998	0.1878622617590553	0.2797402063223281
0.22744709872062152	0.06574174136840583	0.22737138507549512	0.18354612424925879	0.2958936505862185
0.16904106201301417	0.08029115200657416	0.3300156358507105	0.15622313238493793	0.264429017744763
0.2565303443266564	0.07774633999318893	0.2306587807400095	0.16359513791971314	0.2714693970204317
0.2766994276292053	0.07346682143426272	0.23354854622631963	0.1870118771283562	0.22927332758185587
0.2994370853546982	0.09474946445125365	0.22163975408057504	0.17687426751488966	0.20729942859858316
0.16949169338591497	0.05687191972561531	0.28996471855816724	0.18037078150155486	0.3033008868287474
0.2587984773889684	0.09950664294943415	0.2607689626877322	0.19136525867469747	0.18956065829916757
0.3104704327122188	0.06268447987362705	0.1894340918859936	0.13283772374405312	0.3045732717841071
0.25271056568539907	0.06278389782395455	0.20448893413705999	0.20275697795442502	0.27725962439916113
0.3007281730069347	0.07025567501060709	0.22880158326383837	0.21041025376886885	0.1898043149497507
0.268751140058306	0.06434704523090401	0.30644648645286265	0.11260440487969527	0.24785092337823178
0.16709580202842048	0.07045992035048798	0.4104848181133607	0.18473825877974592	0.16722120072798474
0.28473997210307067	0.07805330398319522	0.2685297291435856	0.20290499825072505	0.16577199651942326
0.3085297497627429	0.07984941571092603	0.20143122048654896	0.1838455742146329	0.2263440398251489
0.22302396592805335	0.06459207114046966	0.3006967242438703	0.2011302979993172	0.21055694068828928
0.2191030212352074	0.050506113214049464	0.3120320087048428	0.1162352199915326	0.3021236368543675
0.2356003168318961	0.09518372498003724	0.2049800581605517	0.19925919944479145	0.26497670058272327
0.26327086966822066	0.10069315269671528	0.13268893565671197	0.20658987247397886	0.29675716950437303
0.2653898086739528	0.06334605752218661	0.2245791242664838	0.16096163383048262	0.2857233757068939
0.2194124091764495	0.08653820187512797	0.2688186182481838	0.1598210245403204	0.2654097461599181
0.17621447926307898	0.09427142306869826	0.3181667436531945	0.2117324644943257	0.19961488952070236
0.1872916605364015	0.08001944988623315	0.3667669991121554	0.131062475289642	0.23485941517556777
0.26777426136303517	0.0786913650582214	0.30008492996489633	0.17787833263575634	0.1755711109780905
0.2886477462691979	0.10384040535109208	0.30102260487496135	0.1199633711726776	0.1865258723320708
0.30220743551726736	0.10062726674471964	0.2424536746274839	0.16153954340505117	0.19317207970547762
0.31311958008942076	0.10134207463996504	0.12308192032883006	0.1648799102888089	0.29757651465297497
0.20591495195629544	0.09194543979508345	0.2910164479494066	0.17599196295977082	0.23513119733944343
0.19413117117975748	0.06951671936493845	0.2806134424291781	0.1646975390309017	0.29104112799522414
0.2535724521891663	0.09303363890341268	0.25942002254529184	0.18942970238825038	0.20454418397387852
0.1954687091769512	0.10333980365451036	0.3006829810933286	0.12125447127073691	0.2792540348044727
0.1985259651673927	0.06921589652543333	0.3686901495587944	0.16645335044001433	0.19711463830836498
0.28864536865801227	0.09774449787396326	0.18676959363401535	0.17415337176722412	0.25268716806678476
0.2710790502023461	0.09494417154574504	0.18875122988107954	0.16040852923039733	0.2848170191404317
0.19883979657295905	0.08560547937288512	0.3624285228308782	0.1320291739952979	0.22109702722797953
0.23695627969005187	0.09942830861287791	0.1738408907748089	0.19641288456130568	0.29336163636095536
0.2564327794730382	0.0785771099594069	0.332979440455753	0.13213214495650233	0.19987852515529936
0.31368734956530625	0.09110712864213863	0.13114254878381076	0.21027150983139223	0.2537914631773518
0.16689173323474382	0.06231246663911866	0.3450344661433865	0.12710715625630217	0.2986541777264486
0.2159339980880257	0.06120461618777992	0.2204824020051438	0.19042231000994458	0.31195667370910574
0.19557508246572453	0.10659393735605106	0.30087945596407384	0.11773381117258329	0.27921771304156706
0.16798040378792883	0.053555896398238795	0.26740865666167496	0.21549784834779614	0.29555719480436105
0.16640599011417256	0.053478757440385105	0.3976167018478694	0.12178462903010186	0.2607139215674708
0.16720118261827624	0.09259255303786612	0.33832091488741645	0.1507946653455199	0.25109068411092106
0.28615421350999787	0.06896925620207056	0.290281016207653	0.11481297009488642	0.23978254398539195
0.20587315704714815	0.07898362258454021	0.30589929719787634	0.1893689703692005	0.2198749528012346
0.23020057405802746	0.07178012373585321	0.33253935954038993	0.1144219102383083	0.2510580324274208
0.2924490780032	0.08173465527296363	0.25695430127909213	0.12635569216804315	0.24250627327670077
0.2550262181754666	0.10673369442073556	0.13234615135672606	0.20844937595615567	0.2974445600909158
0.24495859352583732	0.10302539866560695	0.20494622391521441	0.18319680021967788	0.2638729836736632
0.18206109760024874	0.07256930759377342	0.40293248207669985	0.15673554722689664	0.18570156550238112
0.1882832514572405	0.0721654628306573	0.34987389391445634	0.14361938075590475	0.24605801104174096
0.29477002908962346	0.08555509115565281	0.24440326718500166	0.2037593783243644	0.17151223424535744
0.213127314277226	0.10061753801790718	0.3187894681299243	0.1394326327791698	0.22803304679577246
0.23153597994401642	0.06535771023459028	0.4171084955200942	0.11174728736589373	0.17425052693540516
0.20415718449480896	0.06020948567067155	0.4298055971318568	0.13417065435249448	0.17165707835016802
0.16397310288570804	0.06544494491187722	0.38010657807860193	0.16384627277723154	0.226629101346581
0.22992426831015436	0.0692469114796063	0.40248308973496755	0.11691598864546848	0.18142974182980304
0.24058361953869226	0.07427115166971496	0.28766570979822326	0.15372729953338715	0.2437522194599821
0.2702973096449496	0.08349905673056487	0.19299612157164228	0.21428205032802122	0.2389254617248218
0.2537724659003393	0.09791646385569401	0.28498663436089866	0.11339846963034664	0.24992596625272112
0.23312498120013814	0.06120200123317249	0.22841606989958949	0.20990399217727163	0.267352955489828
0.2861789750605166	0.10246491438794213	0.21589159212131262	0.12557831184306256	0.26988620658716583
0.20311422800624973	0.10083574803277341	0.2678692252193666	0.18091109733619523	0.24726970140541477
0.26753098287886534	0.1017473956674596	0.2672043973727661	0.18022925332496736	0.18328797075594128
0.24187360824257742	0.07721747917985429	0.3509513300721118	0.124301122746822	0.20565645975863422
0.3011470676116984	0.05252574267223878	0.21393957508106412	0.14638719345901235	0.28600042117598606
0.29829316737416867	0.06605423166837446	0.24185729683785884	0.16093596853881717	0.23285933558078056
0.3003023960140735	0.08315406638752731	0.12216405934472643	0.19162789192586718	0.3027515863278053
0.24652888046830346	0.06723075131923134	0.2977960634743166	0.1425916195918514	0.245852685146297
0.18651780212944014	0.05142671835628648	0.45267724670699705	0.12726133864372835	0.18211689416354782
0.2847357413463114	0.04915895501888229	0.2661535492619505	0.11207167724862067	0.28788007712423486
0.2685515711258352	0.05359881233908803	0.2356338785930338	0.1678778035247352	0.27433793441730747
0.31362011150427077	0.10460822966941051	0.21498546037560873	0.17516838723331282	0.19161781121739688
0.2664178968097697	0.07491323640345188	0.2505523034760112	0.1421256629434498	0.2659909003673171
0.28150747708472074	0.08434147890139514	0.12304690657338428	0.21560208492976868	0.29550205251073086
0.24819882013032235	0.06925625248058837	0.31844068280307636	0.12073866329381593	0.2433655812921967
0.2724343527933639	0.06928576460092248	0.2763937215253953	0.13576798558224246	0.2461181754980755
0.2711333622241076	0.06956434230820333	0.276990086457532	0.18487492153987334	0.1974372874702835
0.17834348347075593	0.04905700977004232	0.2764994956575957	0.18958369471737377	0.3065163163842321
0.21194287571945025	0.049824881131628085	0.37945488814646877	0.18438120871941133	0.17439614628304131
0.18359334588923454	0.07424044329860957	0.37226815550843195	0.1933867257263316	0.17651132957739213
0.2834397079695304	0.07583676737714462	0.3288522459947294	0.13590154350376596	0.17596973515482942
0.24877875181788683	0.06617480765230127	0.280479098278036	0.16437339682395347	0.2401939454278222
0.3147538757906605	0.08339770537710466	0.15551188968269142	0.14745808890338863	0.29887844024615445
0.16742139746009907	0.10443938308027885	0.3782012068172963	0.11377766133462415	0.2361603513077015
0.24895469787392507	0.05241775750846603	0.2672705798671991	0.13911517527730766	0.2922417894731019
0.31184480680773974	0.049120290137967065	0.2209690050300198	0.2011549208472568	0.21691097717701635
0.19752556050687106	0.0880572665068789	0.3222807277868621	0.1997623447615264	0.1923741004378613
0.21629837905307442	0.05084327951115464	0.2486949854203631	0.18579965106573987	0.2983637049496677
0.2968276004656196	0.08434721457172162	0.19013495851640527	0.12861683750168446	0.3000733889445688
0.24898144059388908	0.06595171779928943	0.18864248685193769	0.19963868868058005	0.2967856660743035
0.2654252933744454	0.04951500379456253	0.3244713958951586	0.1544024579879116	0.20618584894792152
0.18404452887482076	0.09151202333578666	0.31764363642912974	0.12901153822770858	0.2777882731325541
0.24003983462842676	0.060818841899531656	0.3340422614031913	0.17749669025287532	0.18760237181597472
0.24524333544500804	0.07307994939763668	0.24946618961868208	0.19834180957421144	0.23386871596446152
0.2881582532310779	0.06310207369344653	0.19764661692058344	0.16897897852732788	0.282114077627564
0.28882026370935143	0.05883255575622312	0.23674877775073075	0.1864922343487009	0.22910616843499348
0.2541915107034318	0.06549826024226843	0.24362442097306758	0.19876280182594228	0.23792300625528964
0.3129482428601067	0.060975123736822845	0.19999610176807286	0.12332559218617324	0.30275493944882403
0.21822515603629355	0.09712495280535474	0.3298999012507743	0.11907424703402046	0.23567574287355675
0.21390178516767672	0.07977786764958714	0.359774710405286	0.14890422786565882	0.19764140891179108
0.234981403416932	0.08658700960795472	0.33290783108080774	0.1681996569752532	0.1773240989190521
0.23494977166401743	0.07099816605573381	0.1840865632214187	0.19805093604909557	0.31191456300973425
0.19127740033193905	0.08001452831599326	0.3141087407383553	0.15209031357601197	0.2625090170377002
0.16394168908638002	0.0997666389503879	0.263440195104667	0.19176612624691008	0.28108535061165485
0.2758454531539743	0.07627287483037866	0.22168134167497952	0.19767885024969648	0.22852148009097079
0.2413711250908385	0.08955424091524955	0.19904818968509824	0.1916747963114027	0.2783516479974108
0.2587688912415235	0.06916897548843323	0.19443803675874355	0.19203901301357076	0.28558508349772865
0.23604126365812633	0.053840301611603886	0.3602417488559039	0.13235810001017034	0.21751858586419534
0.193722631989135	0.05612855838887956	0.4192375404811429	0.13055832090218317	0.20035294823865915
0.22879254907666224	0.06857349164432011	0.32167766799310277	0.1219627244784325	0.25899356680748215
0.26177201903770975	0.07307196010896039	0.2681146075092321	0.15613231361452362	0.24090909972957386
0.16511558362616646	0.06062349744761636	0.3203546644051345	0.20053244737855275	0.25337380714252977
0.19133748723896418	0.06255844144722317	0.3015478588232583	0.1642029430072341	0.28035326948332007
0.1993049314358749	0.07602153324194569	0.2632271427005176	0.18719204154607538	0.2742543510755862
0.1728538531323299	0.06697347428533298	0.36898436561876213	0.1750174001276031	0.21617090683597168
0.28352754210556086	0.054103229758277416	0.3424193534069945	0.13359866412823795	0.18635121060092907
0.2527029041999965	0.049374533771028045	0.1960264762874251	0.20070338852339548	0.30119269721815467
0.274870999195587	0.06270807886861629	0.36484905693109904	0.12334098114682548	0.17423088385787197
0.30235291007736625	0.05800493464664025	0.19737673898828484	0.17293499914432814	0.26933041714338024
0.2696913653054769	0.098975520403725	0.34465435794679666	0.11305214830906636	0.17362660803493485
0.19666458986631458	0.08710058600892427	0.2017574517224338	0.21062770304551146	0.3038496693568157
0.23819465858752814	0.06795411269644505	0.22734483035781544	0.15872404554238495	0.30778235281582617
0.2670301999597817	0.09915446110435899	0.2605485268397344	0.20463539501283934	0.16863141708328527
0.1905059036514614	0.09237959059880663	0.35882713697463675	0.19224793621098088	0.1660394325641141
0.27704137797961603	0.08124688673388407	0.2161427166729492	0.20560650421300886	0.2199625144005416
0.20110774074820245	0.08456569915779981	0.22859071817442062	0.21421327810070273	0.2715225638188742
0.21391542590841725	0.06258194733312047	0.3403871707425548	0.18175885028851513	0.20135660572739209
0.28747218965122456	0.09320477484819324	0.23317288448501183	0.2135875497707806	0.1725626012447895
0.28476441463361235	0.09055947331813088	0.16384677982427698	0.187462470142085	0.27336686208189453
0.2251903237482636	0.1058403065750026	0.2464688250720206	0.16283073859830338	0.2596698060064096
0.211352520755025	0.10665706075130107	0.24257559180685462	0.16660457238449275	0.27281025430232636
0.22273675460543474	0.05892740828693693	0.3507683355721286	0.16651116072441624	0.2010563408110832
0.268560626791894	0.08061357834595144	0.274717984823691	0.17478660462671525	0.20132120541174806
0.2645329055122848	0.07771234263366966	0.285795836826112	0.18388975140924824	0.188069163618685
0.27602221270429483	0.07438892657677304	0.31063431817856907	0.13218261009172172	0.20677193244864103
0.25810439050076284	0.07202677978974134	0.3535648686453603	0.14432393406946709	0.17198002699466816
0.1802724079941929	0.07136481630366337	0.2751807192731961	0.20930994236335432	0.2638721140655931
0.3021370999387296	0.050803899443477185	0.26311913580064616	0.11470710485211814	0.2692327599650286
0.22828493290959992	0.1005473433730925	0.23349469187124128	0.16629155475072194	0.2713814770953441
0.3159221775198083	0.0793951639164625	0.24734765827261251	0.14451596080354345	0.21281903948757294
0.20428634260067585	0.06505113514865613	0.34828589725033726	0.14810688514849044	0.23426973985184013
0.29380152200141374	0.06677510757631935	0.2468352343792228	0.1894786967996705	0.20310943924337332
0.3129364280297923	0.0573045713015726	0.23643789404866905	0.20562090319812515	0.18770020342184063
0.2893826067887543	0.10270393193267564	0.18905624380708785	0.21046482981774198	0.20839238765373994
0.16598624984468574	0.08508098346814714	0.3377794842143774	0.19181423417376747	0.219339048299022
0.29690521340631404	0.06429682109149953	0.18571198025640798	0.18847570892229523	0.26461027632348294
0.2624363367284873	0.10038408045719156	0.18876177263856087	0.21287269395237274	0.2355451162233872
0.1789657355172691	0.052612439807648625	0.26923128507465965	0.18774820307119178	0.31144233652923065
0.28125705566898823	0.08273741607799175	0.17147742632416757	0.2093217452630129	0.2552063566658393
0.25304311576777894	0.09325552640264494	0.24801497436375808	0.1737764294310182	0.23190995403479958
0.28444038246348236	0.07837737384328838	0.16440671114300476	0.1603703536626348	0.31240517888758945
0.18348882810923925	0.08734463819797564	0.3968870352937802	0.15070122929202556	0.1815782691069791
0.24631427580362147	0.06409358959892278	0.35824228754732956	0.16493474849228684	0.16641509855783912
0.22209933788497557	0.07819115206552221	0.30466513605193435	0.1361207811418309	0.25892359285573674
0.18375188269476725	0.058338717336863105	0.26465650361602466	0.19234704928249535	0.30090584706984946
0.28354252388263596	0.06727501787035212	0.329206821981379	0.11371068154190297	0.20626495472372963
0.2770117350718932	0.0993983034848261	0.24538082227812538	0.1790815647783246	0.19912757438683043
0.1937736686442595	0.06668319588611324	0.3578923561177155	0.12348740844333472	0.2581633709085768
0.2612206122374607	0.05462722702105749	0.28335329099310447	0.11203464669961913	0.28876422304875793
0.2075927252700016	0.0807244686015769	0.29296125168672804	0.14225627324916282	0.27646528119253044
0.2941031999539083	0.08742124034245025	0.2581937829846532	0.14677863215001125	0.21350314456897668
0.1667770286079565	0.049629805264055	0.4006409871267991	0.20853891001301136	0.17441326898817786
0.253745451055624	0.09258330520923812	0.26235573191311823	0.14485222691681576	0.24646328490520364
0.19532762246596636	0.07218940366525059	0.34052911321969603	0.12796466043931398	0.2639892002097728
0.27320704183601885	0.09482436214378728	0.26330300494389625	0.15033504261953767	0.21833054845675973
0.20203809999743932	0.09923706785454431	0.28096739354712924	0.15666633421235637	0.2610911043885305
0.29262286140110866	0.07241042303551393	0.14320166843407897	0.19106959994925732	0.3006954471800408
0.16318570801462043	0.06248297036524156	0.3765406317654918	0.18344494731084823	0.2143457425437978
0.2963724393592838	0.10262795635412793	0.14957109887664655	0.1820775242481978	0.2693509811617436
0.17625955186397826	0.08968247411866213	0.26615786609243214	0.2077959501372806	0.2601041577876467
0.22716620680314206	0.08636991715990258	0.2829414110383976	0.145350185718823	0.2581722792797345
0.296950815494022	0.09233303949537712	0.20624266581882292	0.21206689512032298	0.19240658407145472
0.2323297189306551	0.06372760335836525	0.31304293407666073	0.1460074546526779	0.24489228898164078
0.280579331972692	0.08648765947099621	0.19373719791977992	0.16854456314265143	0.2706512474938802
0.16589752154561851	0.0814009178846048	0.32940139204293784	0.15044788977426604	0.2728522787525727
0.2809658999112513	0.09499931849541773	0.31304135952294876	0.1354982142898945	0.17549520778048738
0.257408716988684	0.07106529994812028	0.2597671441482564	0.13985229534940413	0.27190654356553495
0.2634274386720771	0.06890447956718149	0.14858525442191847	0.21049719619705906	0.3085856311417637
0.1834257064960386	0.086456621721266	0.29613702617224796	0.17875907804836888	0.2552215675620783
0.2122275577646206	0.050303248094585556	0.29500118583036694	0.14735094136717675	0.29511706694324996
0.1884630147642823	0.092312426153954	0.2673374265330796	0.17871292068233896	0.27317421186634494
0.30566805656145235	0.08819236714359623	0.24414948955293825	0.17845686834804203	0.18353321839397085
0.2397857065297865	0.09532247003802054	0.3347435303151177	0.12400976591072228	0.2061385272063527
0.17095690397000282	0.06384696198084147	0.3186962696055671	0.15128372592391975	0.29521613851966866
0.1943491478861437	0.09303816140491444	0.29048393191537847	0.20443135851538682	0.21769740027817636
0.16424535763775738	0.08356845284319228	0.2475153699078056	0.2077437356598036	0.29692708395144096
0.2755858631508571	0.05692359889065737	0.3632712572286362	0.1246728851591583	0.17954639557069074
0.19985670733443228	0.050217389356546516	0.3635470280797215	0.11733789049249053	0.269040984736809
0.2542549583963012	0.09540262891188919	0.24837899590138357	0.13370809787968363	0.26825531891074217
0.2426935336120291	0.10265205370066727	0.1766248662268498	0.16923048549217146	0.30879906096828214
0.30281308506902227	0.09656570922773679	0.10283868475462095	0.20324647422109676	0.294536046727523
0.30752485805811286	0.0610190248867733	0.2636712366086939	0.18929949846073893	0.17848538198568073
0.19224526895107658	0.05754457805456059	0.38743137196145905	0.1787588297851811	0.18401995124772247
0.22303388736286578	0.08985666526318607	0.22701149917058455	0.18407964811760397	0.2760183000857594
0.17873009376624877	0.09553624383934696	0.36939157414645896	0.15690319243791756	0.19943889581002755
0.2522373884033421	0.08236691562566373	0.2436137504597396	0.1391543512513632	0.28262759425989115
0.16867522329667956	0.07592125689962487	0.4180060497047401	0.1343592159879002	0.20303825411105508
0.1651152223512817	0.08775758709808669	0.4537517770292994	0.1187981300749302	0.17457728344640178
0.2591330522469145	0.10117330709501576	0.19985855726901536	0.19667902214370767	0.24315606124534644
0.22226683268701655	0.08240004940729208	0.2598267028268273	0.1578716759636248	0.277634739115239
0.2966278323674433	0.05609204902340978	0.23946637350103722	0.15605856831072257	0.25175517679738685
0.278101814296435	0.08770763220072961	0.1667533319287708	0.16603985481049285	0.30139736676357154
0.22721925756200412	0.10458556707742771	0.32789968304454836	0.11887283639396223	0.22142265592205734
0.21604136846550734	0.10636869898945099	0.2847223872366983	0.19731035800283617	0.19555718730550697
0.16942537544155636	0.07489558800934129	0.36927128809542287	0.18759443779281	0.19881331066086932
0.23048596300120636	0.07674472187085168	0.2765682473185964	0.14058064744518112	0.27562042036416423
0.22205616607447404	0.07455769332290257	0.37963713030202173	0.13112949680652686	0.19261951349407452
0.235139508338867	0.10136429523338872	0.2620480060061623	0.1947304055228754	0.20671778489870637
0.2400580194650057	0.09932791539307671	0.19564678105496253	0.19113934040377017	0.27382794368318464
0.23295878421447855	0.0613032540363824	0.2897383974871286	0.21214737382215107	0.20385219043985914
0.2884457346375286	0.10159448643550475	0.18781581317152612	0.20402732377360716	0.2181166419818331
0.2047887342140431	0.061782654925919916	0.34241398989544797	0.11248977255601172	0.27852484840857705
0.23576593340406296	0.08618225573405267	0.23682948005179724	0.18289020351977905	0.25833212729030786
0.24053798385968486	0.055062640511875205	0.25530892666920363	0.1317282261298438	0.31736222282939225
0.16869784873686985	0.09537736040373199	0.3236907245897329	0.1469651239699482	0.26526894229971687
0.23713188489985837	0.09504315934981374	0.19273346015509954	0.20041537872927098	0.2746761168659571
0.17021934131513455	0.055781495160160094	0.29331711417107015	0.1902741155734727	0.2904079337801623
0.2093884043167498	0.07647310273271728	0.33575440502737597	0.19359269500939807	0.18479139291375862
0.1863484700683371	0.09289324668828379	0.29431903429878015	0.1810230764408477	0.24541617250375108
0.2020566408248451	0.05950073644995363	0.32989153959414574	0.1815434892430809	0.22700759388797442
0.2829226177343096	0.07899155926940382	0.28419172887855837	0.11894999369536091	0.23494410042236705
0.30392212311556316	0.06230939488768103	0.31744234774794433	0.11843066308277617	0.19789547116603504
0.1738509889224108	0.10481924741138002	0.3655522612570774	0.14762485025149213	0.20815265215763945
0.19756109095251187	0.05927443381938005	0.3526263178757795	0.18947391760065688	0.20106423975167148
0.29048434708175785	0.07368337939323064	0.23525959838970434	0.12523948331121543	0.2753331918240915
0.2551002261642203	0.07254807728045645	0.2389996223827113	0.18687687550357918	0.24647519866903256
0.2775210481343533	0.10541614321162505	0.20104138031518523	0.15211342631913705	0.2639080020196991
0.24649831400673022	0.06237171753209003	0.20539647974476247	0.21222702481082667	0.2735064639055903
0.24921086590554214	0.08867689466437405	0.20657413386581724	0.1469300052222476	0.30860810034201874
0.2999349603808048	0.06135725481215784	0.27422490227939467	0.17959071743702404	0.18489216509061834
0.25490252746135655	0.0606294621431539	0.3480346456659872	0.12643217913553279	0.21000118559396933
0.16478725339982986	0.10335057870518195	0.409313434370887	0.1256258424119605	0.19692289111214048
0.254671373311754	0.053909109095930996	0.2586940064436424	0.2004051255914226	0.23232038555724982
0.1765575647180348	0.05097974019640239	0.3822519782653608	0.1952345454270606	0.19497617139314125
0.2982445305429944	0.04898464862546664	0.33759822997382105	0.11470893605000568	0.20046365480771194
0.2714574327777159	0.06674348989133916	0.23759007262511836	0.1243636602698514	0.2998453444359749
0.19497038608827483	0.09532276084272452	0.3300964464602604	0.16776765733688034	0.21184274927185967
0.3065650214887654	0.05597458789789844	0.2083417243507523	0.1270330122486473	0.3020856540139362
0.30249318959100424	0.09886260474240949	0.11489671329853862	0.20717167489906943	0.27657581746897786
0.24755029871844417	0.06178989794018255	0.2705531999487582	0.1640819143693938	0.256024689023221
0.23969736294000055	0.0619146973240364	0.3613883254454947	0.11550195742408603	0.22149765686638206
0.17032488822513075	0.0687966310385422	0.41379557584310556	0.16430941369065544	0.18277349120256584
0.19194549220737692	0.07561306002822701	0.23180317895505906	0.19447899842117194	0.3061592703881648
0.24078432017029286	0.07633458479419562	0.3020289094747917	0.15486876842150368	0.22598341713921588
0.24187476204659838	0.09813159662956573	0.19284373415330056	0.20890612485903323	0.25824378231150186
0.17926704863257653	0.09340981556222189	0.3927895660478426	0.12076791097341918	0.2137656587839396
0.2878353103732136	0.07031229619521107	0.21858142111294693	0.16483048700100789	0.25844048531762026
0.21541591921914294	0.09956985672365008	0.346818531587475	0.1298752640796857	0.20832042839004603
0.28886464916079413	0.06752906239550233	0.24582968006637468	0.17655592696763373	0.22122068140969486
0.2055740781024875	0.07608500814688343	0.3891161347033667	0.14400558393733373	0.18521919510992835
0.26147303772373137	0.05051447758502439	0.3602872426590101	0.11559329073381437	0.21213195129841952
0.2608676841703521	0.08309098409747898	0.24096183032428103	0.1996189964050413	0.2154605050028463
0.1995493532932187	0.07674753319599903	0.33081518747303806	0.17730360394290384	0.21558432209484008
0.24373775949882814	0.10171863835128353	0.1861070728458463	0.21055425940069444	0.25788226990334734
0.3059228143505906	0.09007311695263673	0.22302983315761482	0.2120517383722945	0.1689224971668631
0.18776589618415312	0.10583270780619268	0.27008788776990134	0.16820139247747132	0.26811211576228133
0.19029157248982478	0.10215087476982253	0.2749316092254285	0.1335359453863907	0.2990899981285333
0.26858437595687673	0.0968795362825213	0.2950790608629018	0.16467437225831383	0.1747826546393861
0.26018302445298513	0.08635538062373506	0.25026200826133443	0.11409864136664426	0.28910094529530084
0.19965881954171333	0.10218362515516431	0.25224284811565434	0.1341785161115504	0.31173619107591743
0.31474728055993845	0.05942872901551305	0.19323879134714217	0.21131140837765416	0.22127379069975187
0.23922138239720242	0.10409329423726457	0.3301978105244807	0.11515506767965238	0.21133244516139962
0.1938622436702579	0.0831318606663983	0.2099843138207922	0.20430996674519847	0.3087116150973529
0.19531231184281186	0.09968174390693443	0.38620137272121824	0.15382351411247636	0.16498105741655889
0.21162188997273965	0.07294715614738909	0.33184736204783605	0.17752323318743568	0.2060603586445994
0.24595274670146267	0.10129934230673743	0.22839797840627732	0.16998284003977196	0.2543670925457504
0.21762453561361061	0.10392356223767008	0.28854275299472376	0.1850027397192306	0.20490640943476474
0.17880529395238853	0.09319495812684134	0.3341182449975641	0.1816583019190275	0.21222320100417835
0.31169403082596403	0.05391754964421777	0.22120638785507973	0.20948962143419286	0.2036924102405453
0.2026462332742201	0.07959706572891462	0.2540116359095313	0.1536443234219624	0.3101007416653714
0.24864321899302883	0.04926763685206073	0.23813913507259107	0.18335820859083035	0.2805918004914888
0.1951481323818608	0.07081159128663114	0.34629153204484653	0.2017824906694568	0.18596625361720454
0.19310204186577662	0.07318874409985568	0.39781559139984735	0.1490601526960761	0.18683346993844407
0.21219100241822808	0.08615271884630321	0.3400762966966549	0.15765010735259802	0.2039298746862156
0.2630320620518283	0.07166542309816518	0.27643175417712573	0.21556412934485217	0.17330663132802845
0.270900098987488	0.08678322906594538	0.24997052815027776	0.15484054257176091	0.23750560122452763
0.27532387949869863	0.0510398828503745	0.31383652301153936	0.1338943713388681	0.2259053433005191
0.3153008022759129	0.056006674960506625	0.25750555647468565	0.15574384380081532	0.21544312248807926
0.24344663872789157	0.06146645407438264	0.37318703661483754	0.1556621395193158	0.16623773106357226
0.19158704756606929	0.09046275765146147	0.3453240014076282	0.1298043464043846	0.24282184697045622
0.2421894782359387	0.08420537073392725	0.25306506335204065	0.2112532965442974	0.20928679113379578
0.2930491253797406	0.06137568949227826	0.30832853626725787	0.12899271388064687	0.2082539349800761
0.2170705636522985	0.06062512119478611	0.39502808574268894	0.13949042535934836	0.18778580405087789
0.2915307410610904	0.08255916034137163	0.2354573159776288	0.19207930700517656	0.19837347561473234
0.2698862572846054	0.08378359373634774	0.2475170440874509	0.13549813965274493	0.2633149652388508
0.3005210890811445	0.09205136615869604	0.11452879043467123	0.20016539311993328	0.2927333612055547
0.2510585601945725	0.07432123954264572	0.34195620294623724	0.14107465385345008	0.19158934346309417
0.27668291489928165	0.10203807578787881	0.27712446440151184	0.12448837429380749	0.21966617061751992
0.2837981251887187	0.08638566072085893	0.27438311011835365	0.17060076252990458	0.18483234144216387
0.30136021283035064	0.05130791738790785	0.23208158257116737	0.15332611810668806	0.2619241691038858
0.21116866467731274	0.09216555807238397	0.3249897054896882	0.1932006906480425	0.17847538111257238
0.16814255306300274	0.09026924551572801	0.36685075593035954	0.20607204772958798	0.1686653977613215
0.2874565687033864	0.07356591342125651	0.19811353093492143	0.1875529711165332	0.2533110158239022
0.26266003911489594	0.08841234604952142	0.1882894094832402	0.1951252296880757	0.26551297566426646
0.2170093081551418	0.05868852425634691	0.4012068020689923	0.14431999670388873	0.17877536881563005
0.2692431470930561	0.06873706016415967	0.316348844172976	0.1306285485525686	0.2150424000172393
0.22350280382801568	0.0980188963062895	0.28656284807122034	0.1585611337899068	0.2333543180045674
0.2401756276048535	0.09446676754482106	0.17543093541747862	0.20356884668565056	0.286357822747196
0.2580734361092701	0.09400895597530048	0.31685436203922196	0.1486792376560765	0.1823840082201308
0.23755185670958862	0.09573358769409832	0.3314300371852318	0.11350490074592155	0.22177961766515952
0.2433930467143825	0.08983354879960331	0.2164810589311274	0.17438526311031463	0.27590708244457196
0.27492294713718435	0.05106929250020806	0.1867034627710973	0.20792255013994934	0.27938174745156064
0.3093091172448039	0.06080989699299297	0.18380593007616017	0.1862254163592568	0.2598496393267859
0.21617447637776788	0.07271051979508936	0.2854924131719881	0.11557460131261452	0.31004798934253996
0.28217761367884786	0.06613499226181413	0.26996310345905344	0.12010195368881543	0.2616223369114689
0.2291058071998691	0.08816641844711907	0.25626727606352434	0.17869851529812125	0.24776198299136604
0.28911882907290587	0.07225831449898137	0.23357670233922728	0.17984368193588898	0.22520247215299624
0.29590938320020005	0.06695998749299753	0.28898350179521193	0.12923209965429916	0.21891502785729106
0.3095278941962285	0.06885849478675535	0.22861583114455816	0.17458121170118943	0.21841656817126825
0.24328201445419786	0.09814969735526605	0.2381100405477729	0.12802782128372786	0.29243042635903505
0.28160422836673776	0.10544265296382478	0.22343644202150598	0.21585050413398013	0.17366617251395106
0.232329297374703	0.06408130700686948	0.30404514251507025	0.21241069664054657	0.18713355646281044
0.18459150825946072	0.09600049571765179	0.2921288273641936	0.16439932577158103	0.26287984288711264
0.28867292140229306	0.1012424063885571	0.2333297683116962	0.1880515763970405	0.1887033275004129
0.20471902388715416	0.07968108397431198	0.2557499860912658	0.20535722433797485	0.254492681709293
0.2711615797906688	0.09844214271245032	0.3126982156725614	0.11358567140010702	0.20411239042421223
0.25320789787745734	0.06225689301645934	0.21193939291937178	0.1974006565815909	0.2751951596051204
0.21175608990859454	0.06782335889662924	0.35831947468388314	0.16091516635550676	0.2011859101553861
0.30184275874777655	0.06537057196253804	0.16365900584547244	0.18559116740625303	0.28353649603795966
0.253050385840038	0.1057659726551417	0.23376427791436966	0.17260481028577002	0.23481455330468037
0.22255957058001544	0.06125442197342418	0.3833911680510988	0.12058348908670039	0.21221135030876093
0.27231627213565357	0.08582903172188829	0.23357047333404246	0.20575471253084499	0.2025295102775704
0.2738091960291457	0.0799821113594585	0.17137354166108093	0.2045890061911732	0.2702461447591414
0.25792568520483794	0.08510216883596425	0.28714143073896303	0.15528087109704736	0.21454984412318717
0.2913334460503155	0.07579469414916849	0.23527803467627606	0.16294938233838746	0.23464444278585223
0.2876914218253206	0.06860492507395943	0.3269588357685739	0.15215747930444654	0.1645873380276993
0.17699315664231713	0.06540647346299841	0.46429779645438823	0.12169033607170428	0.1716122373685917
0.27280059561905623	0.06591839560341259	0.27572338819577646	0.11965014160888063	0.2659074789728738
0.29652785726313197	0.06690187861066191	0.30127729018545707	0.13899798775744338	0.19629498618330535
0.16788868087791212	0.06016662866983355	0.33106666932457607	0.17336169938941265	0.26751632173826545
0.21295862778373495	0.08560407999756474	0.29109113563594136	0.21244236859093568	0.19790378799182304
0.19412572799700772	0.0661030479207401	0.27127285102983356	0.15240787556344143	0.316090497488977
0.2039565064437326	0.06510625091336517	0.33120223114349123	0.12211681241360572	0.2776181990858051
0.19058420359569364	0.06424280278185973	0.3083695387017628	0.15112230119201203	0.28568115372867153
0.251534277673205	0.07699681770753664	0.19549888317709646	0.16135577913154653	0.3146142423106151
0.1926088835145885	0.06995297122377733	0.28997892918074947	0.16952543252852928	0.2779337835523552
0.2611937972210594	0.07725004589553416	0.2967803998935184	0.11563292713818545	0.24914282985170233
0.27857452957343837	0.08334941120521637	0.22615473200736014	0.13622318735487335	0.2756981398591115
0.2196112570002645	0.05916379016290149	0.21330349010295746	0.19835430053522352	0.3095671621986528
0.2379253905101613	0.06886326850949898	0.3019543026161298	0.16900982628023337	0.2222472120839763
0.17682902066308434	0.09743487979316755	0.3626954101193194	0.1536663530394723	0.20937433638495623
0.27403292440199656	0.0560614651218318	0.1712309613448501	0.20072344644440923	0.29795120268691205
0.24010783622476634	0.10338926547073693	0.17568989130452006	0.1639220788287713	0.3168909281712051
0.17056029822918303	0.07061112254083729	0.37813140610961465	0.14971883950749315	0.23097833361287168
