0.004159567661185359	0.20208058661266678	0.793759845726148
0.004459585551301437	0.19775430666335322	0.7977861077853454
0.0012756023296151553	0.20065580458006382	0.7980685930903212
0.004358109210185979	0.18658534346568945	0.8090565473241247
0.004932082407106686	0.1934134135677082	0.8016545040251852
0.006553209333026111	0.19330711400588863	0.8001396766610853
0.0014211255361725184	0.4540759848806672	0.5445028895831604
0.0034854294938231334	0.3895696426586307	0.6069449278475464
0.0058926971199814715	0.4299026247140928	0.5642046781659258
0.004255941896875615	0.3889286898147122	0.6068153682884123
0.0031323856166579622	0.38576386176906385	0.6111037526142784
9.313916136787226E-4	0.38069219486665296	0.6183764135196684
0.0041251073723407305	0.42272377264490585	0.5731511199827536
0.0022887283785424928	0.42037574842896186	0.5773355231924957
0.005727960540816257	0.4144623329748809	0.579809706484303
0.004437999172765217	0.4357920605338132	0.5597699402934218
0.0011082308987985234	0.4455630736408324	0.5533286954603691
0.0052222700900084185	0.44678372291161605	0.5479940069983756
0.0024626336368900326	0.4499760191603265	0.5475613472027836
0.003125979481337804	0.25497049140818906	0.7419035291104733
0.006224707236479332	0.22110035522934443	0.7726749375341764
0.001723548813006237	0.21223368410455523	0.7860427670824386
0.004424911858237568	0.16363671952731954	0.831938368614443
0.00246332000827848	0.1607180153448597	0.8368186646468619
0.0055845390574418285	0.21617191742317493	0.7782435435193833
0.004561292529797145	0.23280039160474786	0.7626383158654552
0.003686301013225035	0.26859601483080753	0.7277176841559675
0.005908003254958438	0.2786024996591442	0.7154894970858975
9.583043831586924E-4	0.30270581770953453	0.696335877907307
0.001331682886784591	0.33356945620326883	0.6650988609099466
0.005348562585772765	0.30659626083216657	0.6880551765820608
0.0063082101187294515	0.289370279684386	0.7043215101968847
5.511336136263534E-4	0.2952203959709969	0.704228470415377
0.0033076523052146256	0.29183349757048466	0.7048588501243008
0.0022858072186882072	0.2308871372382948	0.7668270555430171
0.0026914176814847313	0.36686751974647697	0.6304410625720385
0.0030755612037380864	0.3091108421396298	0.6878135966566322
0.004646492420613102	0.3302225935510976	0.6651309140282894
0.0025746651167462	0.3317624242781426	0.6656629106051113
0.005356588145916774	0.3360234333643199	0.6586199784897635
0.006593699508813722	0.3356318635175941	0.6577744369735923
4.1675910761634904E-4	0.32502902052533456	0.6745542203670493
0.0035915855878381198	0.3435920908085301	0.6528163236036318
0.002630317126584958	0.061831100224524926	0.9355385826488902
4.2399411915378105E-4	0.061304981379630585	0.9382710245012158
0.0035973399115595828	0.15577522360605792	0.8406274364823827
0.004431863420039317	0.14818101330568761	0.8473871232742731
0.006521098970004802	0.14875107714043034	0.844727823889565
0.005877621907638408	0.16245551996208843	0.8316668581302733
0.0025268673252815677	0.16210984936172057	0.835363283312998
5.34126789333067E-4	0.14075469277206293	0.8587111804386043
0.005522177939168371	0.15800061811298619	0.8364772039478456
0.0015952471556123227	0.1859871482567679	0.8124176045876199
0.0036425436710341708	0.08741448899934823	0.9089429673296177
0.005681319330626877	0.06533194529385133	0.9289867353755219
0.002758455712674357	0.1989231739149914	0.7983183703723344
0.005478460239520366	0.1389634800774753	0.8555580596830045
0.0051215912376539885	0.12270012044079198	0.8721782883215541
0.0022429212552924627	0.0780105370730449	0.9197465416716628
0.0014986831855489102	0.07826567760948316	0.9202356392049681
0.003599729269359475	0.08515661905798583	0.9112436516726549
0.001110349334899452	0.06264197924021542	0.9362476714248853
8.731358783793386E-4	0.06681202823749144	0.9323148358841293
0.006108539741635499	0.05885667880850237	0.9350347814498623
0.006220502847217091	0.11221550112698847	0.8815639960257946
0.004342671412492616	0.1181885641827064	0.8774687644048011
0.004642869775458525	0.1047924196934	0.8905647105311417
0.001729884473672727	0.12637484320563747	0.87189527232069
6.55569308816828E-4	0.1368962569731661	0.8624481737180172
0.0032371648957090216	0.13637498847653384	0.8603878466277571
0.005353553876455863	0.13428714266085529	0.860359303462689
0.006228246375471425	0.15685383531049968	0.8369179183140291
0.0024925228619622763	0.1982934470600259	0.799214030078012
0.003329534459639849	0.20947196421507827	0.787198501325282
0.0022573264468382925	0.07645369517188039	0.9212889783812815
9.336964687811089E-4	0.08431233790511855	0.9147539656261006
0.004540736752095098	0.07453316730705989	0.9209260959408452
0.0048654950534595676	0.06965901467255908	0.9254754902739815
0.003027381047653932	0.1446528076791479	0.8523198112731983
0.004926411662106112	0.1424172018341145	0.8526563865037795
5.900545794406131E-4	0.7326660934284527	0.2667438519921068
0.004567764546896724	0.7472518478359402	0.2481803876171632
0.006192192313795031	0.7441302450590203	0.24967756262718482
4.1421344213515843E-4	0.7192174768380702	0.28036830971979476
0.0012646986535321814	0.770915374582176	0.22781992676429205
0.005471371588764873	0.7711521104237588	0.22337651798747643
0.006467646338588595	0.6153622758031261	0.37817007785828544
8.419410386708015E-4	0.6169684964374399	0.38218956252388947
0.0050167960120717225	0.6184697101665123	0.3765134938214161
0.006574664666335606	0.6173513051237374	0.3760740302099271
9.963822962728575E-4	0.6070339339438389	0.3919696837598884
0.004273707422468964	0.6027292677981895	0.39299702477934173
0.003906764927395168	0.5960614783994403	0.4000317566731646
0.0017252447641227242	0.591836008705148	0.4064387465307294
0.0027273125984677016	0.5996789066088692	0.3975937807926631
5.246544300843148E-4	0.7492947380409306	0.25018060752898524
5.666432569494395E-4	0.7630740713538613	0.23635928538918943
0.0032744472386271317	0.7436493331222331	0.25307621963913995
0.003056534827718116	0.7812712181215701	0.21567224705071195
0.003749270796501336	0.7688148299164559	0.2274358992870429
0.0022078227505726855	0.7849813881830847	0.2128107890663427
0.004344233123982355	0.7230861097370582	0.2725696571389596
0.0046056382277882	0.7310523273446204	0.2643420344275915
0.005820470607287687	0.7333089102328669	0.26087061915984544
0.004078306197241921	0.7373322238594262	0.25858946994333204
0.005627111139496377	0.8116755454231883	0.18269734343731542
9.782695310388556E-4	0.820423314982399	0.17859841548656225
0.006234870720630392	0.8279349054675307	0.16583022381183907
0.0021794350684271047	0.792391143565043	0.20542942136652995
0.006363303348938865	0.7920220212853907	0.2016146753656706
0.005779291104265616	0.7186253768434189	0.2755953320523156
0.005007656587630138	0.7175687412509312	0.27742360216143885
0.003755366751966971	0.7588957764780726	0.23734885676996045
0.0022579698364182943	0.7565639261772583	0.24117810398632347
0.0025882483507647658	0.7636581331853649	0.23375361846387033
0.002616138003228796	0.7626264714050075	0.23475739059176381
5.412712721675761E-4	0.8115730588299093	0.1878856698979233
0.0034283198629050937	0.8013127117666625	0.19525896837043255
0.0036004004163308068	0.4731199627093367	0.5232796368743327
0.0013971614831642665	0.4852163320350748	0.5133865064817611
0.004131597741661164	0.505051267903206	0.4908171343551329
6.672751118683706E-4	0.30639456128866016	0.6929381635994717
0.004347735307502321	0.35185354989395073	0.6437987147985471
0.00632377508619153	0.35715414361142667	0.636522081302382
0.004011021852643237	0.35165674064242913	0.6443322375049277
0.0027444754833415574	0.33504478240363017	0.6622107421130284
0.004931517886195058	0.3866399128091057	0.6084285693046994
0.0036456030943673445	0.4813576761994528	0.51499672070618
0.0056719383298591275	0.47607534422805853	0.5182527174420825
0.0011186790203026042	0.49064846468696444	0.5082328562927332
6.534974831172713E-4	0.4924412053656957	0.5069052971511872
0.0040100004450925875	0.500265380789337	0.4957246187655705
0.005583351723716157	0.4952309750451498	0.49918567323113416
0.003160245876404122	0.49266872959087626	0.5041710245327198
0.0025125489336751405	0.5203346972090346	0.4771527538572905
0.005254504123152315	0.5202772444832788	0.4744682513935689
0.003672962556002801	0.5013825569883138	0.49494448045568357
0.0025383195737246345	0.5041493490092228	0.49331233141705266
0.0032780295998081632	0.35837810739268394	0.638343863007508
0.003681152573196178	0.3738649754449236	0.6224538719818803
0.006474087980086196	0.35632537159641825	0.6372005404234957
0.00540919543998386	0.35916946548384315	0.6354213390761732
0.0024037993827807913	0.3612621784262362	0.6363340221909831
0.006271584864621427	0.18833266549740846	0.8053957496379702
0.002652527610604083	0.20566897587785443	0.7916784965115415
0.002126680922905355	0.2050098318283097	0.7928634872487851
0.006602954112615911	0.18930910575062165	0.8040879401367627
0.006528915429128979	0.1938868296861932	0.7995842548846779
0.0063682362227561184	0.15116962256391628	0.8424621412133276
0.0026468795183514082	0.15565589484357953	0.8416972256380693
9.785967635241866E-4	0.14886580590881704	0.8501555973276589
0.0014220636946829512	0.09601909237021378	0.9025588439351033
0.001729705697268269	0.12689600937803983	0.8713742849246919
0.006594357260075456	0.1340354921020217	0.8593701506379029
0.0020606625406335843	0.13201560637032567	0.8659237310890409
0.005860616224018567	0.11144131808012209	0.8826980656958595
0.0019400660131528302	0.13184446955031934	0.866215464436528
9.498612615697621E-4	0.11468281403865979	0.8843673246997706
0.0027818570811726784	0.10993033126177998	0.8872878116570475
0.001977402845665388	0.14312869655781202	0.8548939005965227
0.0022749618406944783	0.10631397935379461	0.8914110588055111
0.0028659148601720696	0.11707045483764061	0.8800636303021874
0.006434160313287085	0.13073854922052194	0.8628272904661911
0.0034596716618547907	0.12412477317150053	0.8724155551666448
0.005908758832291916	0.12927808319174294	0.8648131579759653
8.486680729633544E-4	0.1528632189377086	0.8462881129893282
3.9990428925262833E-4	0.15290155537150973	0.8466985403392377
0.0012441274140375103	0.1336494412853709	0.8651064313005917
0.0026786539348892524	0.11388643256492723	0.8834349135001837
0.004944954327128492	0.10235591389432996	0.8926991317785417
0.003136052046908977	0.10120960282069516	0.895654345132396
0.0011286237357684414	0.10555342431211051	0.8933179519521212
0.004794128502451478	0.08193890601081066	0.913266965486738
0.006492570138848797	0.1634899380616093	0.830017491799542
0.0053612074024038114	0.18380271104785667	0.8108360815497396
0.006521507306911645	0.2146174222612227	0.7788610704318657
0.001303339023404626	0.28781175005302	0.7108849109235755
0.005907373518462267	0.26839434115636346	0.7256982853251743
0.0013295198963836907	0.29977889729835105	0.6988915828052653
0.002270491017531462	0.3060282320159734	0.6917012769664952
0.00470900030962268	0.3146435070142523	0.6806474926761252
0.002998681157225125	0.3334909512130819	0.6635103676296932
0.0032357814964854015	0.3540785889603324	0.6426856295431822
0.005113641245366951	0.33307665696091615	0.661809701793717
0.003914102936532993	0.3568839464707383	0.6392019505927289
0.0035489232452727837	0.36021404192142253	0.6362370348333048
0.006005356609469659	0.34082228097943124	0.6531723624110992
0.0027324976953124747	0.31783532160280437	0.6794321807018833
0.004014686087653041	0.2742747890949937	0.7217105248173534
0.0034352965329160767	0.278324855928434	0.71823984753865
0.004046913440759026	0.261270081358132	0.7346830052011091
0.006211516260315464	0.18611027342733605	0.8076782103123485
0.005016349820390176	0.18276125099064758	0.8122223991889623
0.004006867627358801	0.19368300579822934	0.802310126574412
7.955619351497356E-4	0.18789618443373995	0.8113082536311105
0.006164417005906198	0.2388666315038681	0.7549689514902258
0.003665326653477574	0.2310739948337403	0.7652606785127822
4.909566079856487E-4	0.18863238657221987	0.8108766568197946
0.003893675636198801	0.19955633141469084	0.7965499929491104
0.002791958395744143	0.1999280965359347	0.7972799450683212
0.0013654166197821227	0.2733281405486627	0.7253064428315554
4.0914974182748587E-4	0.2661486465257714	0.7334422037324012
0.005215855381555334	0.24821539495994754	0.7465687496584973
0.0015709777786626633	0.16686689473009375	0.8315621274912437
0.0038564930450443735	0.15666869417647797	0.8394748127784778
0.0019143856022831307	0.2656857868915331	0.7323998275061838
0.004131463605545338	0.29218815704754775	0.7036803793469071
0.003425087020064832	0.2974211871714073	0.6991537258085281
0.003954585992908655	0.29544174212896485	0.7006036718781266
0.004971031645464197	0.30675047442706527	0.6882784939274706
0.006150961941260025	0.14079379194137753	0.8530552461173625
0.005817039774188959	0.13245713811563342	0.8617258221101778
0.005155256113618445	0.12454971275051335	0.8702950311358683
0.0022019726234600023	0.1216682501834156	0.8761297771931246
6.050242958722807E-4	0.05783244623196626	0.9415625294721615
0.001123621677579123	0.07815110221146598	0.920725276110955
0.006351550027974218	0.3740381759324711	0.6196102740395548
0.006124900765618557	0.38954537090546926	0.6043297283289123
0.006045532987445035	0.34546114536325445	0.6484933216493006
0.0014858070210260754	0.3311375072476589	0.667376685731315
0.00460976801305224	0.2701154236500162	0.7252748083369317
0.0032105860856352364	0.27697268652501433	0.7198167273893505
0.0013552852616188216	0.25267107902633174	0.7459736357120496
0.006159870415700985	0.2755451478116203	0.7182949817726788
0.002445015896793301	0.28222063271227393	0.7153343513909329
0.006190239974767142	0.291909470976903	0.7019002890483299
0.004614121255957115	0.7970711429479929	0.19831473579605016
0.004611098202153829	0.7728529050988326	0.2225359966990137
0.003860339805980939	0.7572715634024606	0.23886809679155857
7.240380203035746E-4	0.7587116039025934	0.2405643580771031
0.005908053753469311	0.7735801336163006	0.22051181263023029
0.002355068454167275	0.7725186562550602	0.22512627529077262
0.005700227399103475	0.7860010926949543	0.20829867990594242
0.004077440936648191	0.7928565115222055	0.20306604754114652
0.005922923538433156	0.7915203784588906	0.20255669800267645
0.005166096891395522	0.876208898019018	0.1186250050895866
0.003599973586605576	0.8739774363000953	0.12242259011329931
0.006391953546778295	0.8520324749751664	0.14157557147805538
0.004673091664162299	0.6579007886739194	0.33742611966191843
0.00418560203199958	0.6282267565863271	0.3675876413816735
0.0018292343930182975	0.6292958441126877	0.36887492149429413
0.006311952557769951	0.6252135639957181	0.36847448344651196
0.005425039064371195	0.6308398271196188	0.36373513381601014
0.00576127248573477	0.44244358475977097	0.5517951427544944
0.004337595064914268	0.45521711088161304	0.5404452940534729
0.0011956010369091885	0.4806181954188835	0.5181862035442074
0.005204132749209944	0.5220411602522935	0.4727547069984967
0.002652779901138713	0.5493740069953852	0.4479732131034762
6.127039309113957E-4	0.5822153310569783	0.4171719650121104
0.004613628051930108	0.5781441037228889	0.417242268225181
0.0032640307926145584	0.579583920804702	0.4171520484026835
0.0014261981901913523	0.5592817128200362	0.4392920889897726
0.005785313700108485	0.4722692377948854	0.5219454485050062
0.0031780548348327997	0.48127247300895926	0.515549472156208
0.004350615105042199	0.4766069555039667	0.5190424293909912
0.005693566768095126	0.4964578242480519	0.4978486089838531
0.006340449908210477	0.5214555707240991	0.4722039793676906
0.006368056319203119	0.5362673422050466	0.4573646014757504
0.0051331324417842605	0.5348690238144742	0.45999784374374164
0.0019640879852564908	0.5218111541302237	0.47622475788451984
0.003154007386900304	0.5262302729536671	0.4706157196594327
0.00605011294036234	0.3230983802667424	0.6708515067928954
0.001861801987235956	0.4176145076558634	0.5805236903569008
0.005016441597902488	0.37087689514599137	0.6241066632561063
0.006507324691115091	0.3489953810923174	0.6444972942165677
0.0011238402977357675	0.3412145248534991	0.6576616348487653
0.001749258031188472	0.37428795499035883	0.6239627869784528
0.001982761216703932	0.3637790338568696	0.6342382049264266
0.006307112159010697	0.29547550545567347	0.6982173823853159
0.006131953742505136	0.3129793621274485	0.6808886841300466
0.005880510414552342	0.4167060717039726	0.5774134178814752
0.0014827913795247283	0.40238222301467796	0.5961349856057975
0.0022805205001059647	0.4072686441993123	0.5904508353005818
0.0036019110726637216	0.4152594420178338	0.5811386469095026
0.0013805170207958906	0.4146363901938177	0.5839830927853864
0.00535524749511479	0.40875373513311	0.5858910173717753
0.0032156498972804037	0.42561367563948077	0.571170674463239
0.003451302696632186	0.4483758414077268	0.5481728558956411
0.0054852387047998885	0.44650306282309793	0.5480116984721024
0.0020370175464807794	0.4472431794085516	0.5507198030449677
0.0029106953742051855	0.44911272505244715	0.5479765795733478
3.68903994657499E-4	0.4480733602969798	0.5515577357083628
0.003607362310186657	0.44827222175154796	0.5481204159382655
0.004998759898377836	0.42622801808158023	0.5687732220200421
0.0031362930109744003	0.41601514882855045	0.5808485581604752
6.621278192070479E-4	0.5347423204282136	0.4645955517525795
0.002761094563356714	0.5034927405101058	0.49374616492653756
0.0033128309725768967	0.5026243934929066	0.4940627755345167
0.0010642214313284493	0.49549392837891315	0.5034418501897585
0.006620335283080925	0.5115307133267964	0.48184895139012274
0.0040924846892360645	0.5343586288420068	0.46154888646875725
8.600919682499875E-4	0.5426735814297795	0.45646632660197073
0.006188972828515715	0.5230947754166816	0.4707162517548028
0.00512850918915414	0.5354312669839829	0.45944022382686306
0.003910414539397666	0.5406304291564694	0.45545915630413303
0.00472208157268883	0.5273152657676806	0.46796265265963066
0.0015918470388497363	0.5137210405652659	0.4846871123958845
0.006244725361749026	0.5181467412686159	0.47560853336963516
0.004614777202101128	0.5221230782840546	0.4732621445138444
0.003429980739338978	0.49331545540768124	0.50325456385298
0.0013420093255497867	0.6171142656668492	0.38154372500760114
7.475443904589318E-4	0.6023995313920205	0.3968529242175207
0.005352493824200277	0.6127612746730354	0.38188623150276446
0.001488361183290876	0.6110659537493472	0.38744568506736204
0.004161550452109808	0.6169293066951682	0.37890914285272215
0.0012792734614891499	0.5992764289104684	0.3994442976280426
0.0014363043734724745	0.1318498103690117	0.8667138852575159
0.005378291590198314	0.1306216602352674	0.8640000481745345
0.002126951562397117	0.1288431378822559	0.8690299105553472
0.0012195613728495092	0.1234715919726436	0.875308846654507
0.005917153109368134	0.12059098061491719	0.8734918662757148
0.004594454474071696	0.10601325168022319	0.8893922938457053
0.0012878445398471494	0.1351296694090138	0.8635824860511392
0.0026503595425212967	0.18601424440524922	0.8113353960522296
0.006043051914386477	0.19191381399354515	0.8020431340920685
0.0035324294335408735	0.1767880084641431	0.8196795621023161
0.0012420952064363666	0.23473481366537874	0.7640230911281851
0.0011034705063528993	0.24226276299622695	0.7566337664974203
0.0031547102704398977	0.24175367432661302	0.7550916154029472
0.002134669750201934	0.5175143386988927	0.48035099155090555
0.006503701357847613	0.3558109328789623	0.6376853657631901
0.0014480024923466672	0.41997707062988904	0.5785749268777645
0.0012171572885907311	0.42411746978741943	0.5746653729239899
0.006595850496131095	0.4428316163145164	0.5505725331893526
0.005851385945895848	0.43219539117008915	0.5619532228840151
0.006229272212746384	0.37113891619956757	0.6226318115876861
0.00413312505575536	0.37230305993693186	0.6235638150073128
0.0065588149004285334	0.45467984392105076	0.5387613411785208
0.006096508800155609	0.3476855283565446	0.6462179628432999
4.182659660419974E-4	0.36166397875138206	0.6379177552825761
5.316973699006633E-4	0.3404356702319532	0.6590326323981462
0.004378602961115197	0.367691302845765	0.6279300941931198
6.161030908253817E-4	0.34400978349948014	0.6553741134096946
0.002384397649461023	0.1852869152310748	0.8123286871194644
0.001456704619272997	0.3954463261912865	0.6030969691894407
0.004562007872514928	0.40158543591187035	0.5938525562156148
0.0018393543099934906	0.4194196010980923	0.5787410445919143
0.004326726152642013	0.4166436560121085	0.5790296178352495
7.048501807200847E-4	0.4299061763281222	0.5693889734911579
0.0035263202848908604	0.4232464090968006	0.5732272706183087
0.004565892874056621	0.4063353201618186	0.5890987869641249
0.0016555529389822299	0.2881400683492759	0.710204378711742
0.0025906465991341054	0.2900119067624599	0.7073974466384061
0.003351276445339446	0.2456844426410587	0.7509642809136019
0.003568480241914529	0.23884085973013408	0.7575906600279515
0.004724633145409718	0.24335097336496375	0.7519243934896267
0.005988229384896737	0.22712007128692846	0.7668916993281749
0.001091079380404536	0.2360976943906869	0.7628112262289087
0.005600562139509491	0.2409526468095808	0.7534467910509098
0.006036220725337715	0.2555354760135155	0.738428303261147
0.0036854980044700447	0.2537596771112588	0.7425548248842713
0.003045948093193862	0.2659647153243263	0.73098933658248
4.863811601278356E-4	0.2651534218048543	0.734360197035018
0.0013752403623373821	0.2665203741998291	0.7321043854378335
0.0025192023423412646	0.2884823429908245	0.7089984546668344
0.002887523317392615	0.3087167325657953	0.6883957441168123
0.002237003050710895	0.32173634242861443	0.6760266545206748
0.0037802854190290835	0.33851455777832146	0.6577051568026495
0.0062475249054097515	0.12765780369385016	0.8660946714007401
6.444876540673827E-4	0.1369988252642698	0.862356687081663
0.0031562779643653505	0.14332555934772476	0.85351816268791
0.0024068749913478404	0.1857758084927033	0.811817316515949
0.004994593010812898	0.17877733566740248	0.8162280713217848
0.0027952936234957315	0.18141781459267542	0.815786891783829
0.0021673641338639804	0.11803448341463563	0.8797981524515006
0.004185797122162049	0.15430118667852225	0.8415130161993158
0.0060281960822458625	0.1749873562015955	0.8189844477161587
0.0058673256378865	0.15518606189603423	0.8389466124660794
9.055931125667716E-4	0.16002673973899773	0.8390676671484356
0.004414815310242681	0.17131770740693492	0.8242674772828226
0.004178007434638975	0.19635276811892494	0.7994692244464362
0.005080228341885817	0.2360018137706851	0.7589179578874292
0.0025629093001965364	0.22471108906210963	0.772726001637694
0.0036406063927827415	0.23740693931568968	0.7589524542915276
0.0025327424361425432	0.24699913691349232	0.7504681206503653
0.004025680209487292	0.2294200005068961	0.7665543192836168
0.0051794281132206965	0.21361857866544198	0.7812019932213375
0.004562666395853565	0.21115348349707502	0.7842838501070716
0.0054766737374769	0.23245410161498276	0.7620692246475405
0.0011978323901174481	0.2318074674460499	0.7669947001638328
0.004103786489797312	0.21965996888765643	0.7762362446225464
0.00557440320496827	0.19640074416592748	0.7980248526291044
0.003621971566685034	0.19822834023248087	0.7981496882008342
0.0037924613722778444	0.22097513242718614	0.7752324062005361
0.001828074141284719	0.26057775820340007	0.7375941676553154
0.0064778153910247105	0.25842607783730775	0.7350961067716676
0.006112823723284699	0.28165738524461087	0.7122297910321045
0.004022155415659867	0.29105258752911806	0.7049252570552222
0.0015792597180273593	0.2878160626709092	0.7106046776110635
0.0021207339085812515	0.27912655138443815	0.7187527147069808
0.0022119607584463186	0.26839951222960423	0.7293885270119496
0.002938116588178996	0.14552689043770506	0.8515349929741161
0.0038819929986856905	0.1433823626326397	0.8527356443686747
0.0036420419040098517	0.14017001353845343	0.8561879445575369
0.0017873660229877908	0.12529945039957247	0.8729131835774399
0.003464669160351319	0.11686322839023078	0.8796721024494181
0.004644792914207108	0.1320494654321991	0.8633057416535939
9.210203859733035E-4	0.1363533252019143	0.8627256544121126
0.0015501126819109645	0.23379882760786136	0.7646510597102277
0.003159995920937464	0.22638120333468942	0.7704588007443733
0.004586427195144516	0.18854602619957803	0.8068675466052776
0.004635222287460827	0.1955918111604883	0.799772966552051
4.5323930083901454E-4	0.1973670699393068	0.8021796907598543
0.006278715497548271	0.20135676586599044	0.7923645186364614
0.004253857658095106	0.04094517234243	0.9548009699994751
0.0058120636050003616	0.1329733106916109	0.8612146257033889
0.0036612684532235096	0.2117657363676521	0.7845729951791245
0.003848313982502516	0.20290706718946028	0.7932446188280373
0.005192648851361503	0.19026184998524107	0.8045455011633975
0.006149975686009723	0.21704899043299897	0.7768010338809914
0.0047415728993447925	0.1655920007375802	0.8296664263630751
0.0015813593700882422	0.18387928386713548	0.8145393567627763
0.001487563635101663	0.17582547901092138	0.822686957353977
4.445465578230001E-4	0.20101888693489475	0.7985365665072823
0.0014665418057958624	0.193863474306987	0.8046699838872173
0.005596338063956097	0.16228839205556728	0.8321152698804768
0.00244109653411273	0.15958335090409903	0.8379755525617884
0.005206097543617005	0.1447304522137018	0.8500634502426814
0.0054657952068596916	0.1667404011212735	0.8277938036718668
0.0051749816236704715	0.17571799852792058	0.819107019848409
5.04177729995503E-4	0.12235936632151304	0.8771364559484915
0.005911080393131707	0.08030496536556525	0.9137839542413032
4.2794807718554706E-4	0.036109499283776714	0.9634625526390379
0.005879197321673413	0.1620378677477739	0.8320829349305527
0.0017476656825023973	0.1122873727448011	0.8859649615726967
0.00661885049781441	0.1465857527279622	0.8467953967742236
5.881074691365118E-4	0.0853059540710221	0.9141059384598414
0.0030824817191197895	0.028814203540264594	0.9681033147406157
0.005894663484404317	0.035639583126982566	0.9584657533886133
0.001908385944324964	0.05220560177066558	0.9458860122850096
0.0029637427713315456	0.02882834348097074	0.9682079137476979
0.0029351354892115933	0.03113780828164614	0.9659270562291424
0.0029561926870000366	0.028745303563790958	0.9682985037492092
0.0023595862003232826	0.0411501250769879	0.9564902887226888
0.0025416510522407454	0.17466899091041438	0.822789358037345
0.0010102381826052054	0.1822196210771719	0.816770140740223
0.0024781691915799486	0.26666999207747566	0.7308518387309446
0.0010302789081015895	0.4831518005649482	0.5158179205269503
0.0022921831314911545	0.45717272827210603	0.540535088596403
0.0011754539645995044	0.47472537693324746	0.5240991691021533
0.004017204697591481	0.444311488243189	0.5516713070592196
0.0014420141719301283	0.3832661319280927	0.6152918538999772
0.001479551674063273	0.375894147720628	0.6226263006053089
0.004837073352599641	0.37243141544487574	0.6227315112025248
0.005029559486906088	0.3690852311108588	0.6258852094022351
0.003783975519997096	0.3075121217972453	0.6887039026827577
0.001833602085249575	0.36648063566000466	0.6316857622547459
0.0015321158747370056	0.38948687464592235	0.6089810094793409
0.005078291184224537	0.39973247818275176	0.5951892306330239
0.004217534470011719	0.40934809020822127	0.5864343753217672
0.0019114148961117405	0.4140692380228148	0.5840193470810736
0.004642225437545666	0.44808264890562993	0.5472751256568246
4.987368199083075E-4	0.4484766576218847	0.5510246055582071
0.00343241866270505	0.4618313815849539	0.5347361997523412
0.0023508472371206457	0.46756139355913406	0.5300877592037455
0.006647712210173129	0.4739197025999073	0.5194325851899197
0.003395157544288263	0.48597707397947154	0.5106277684762404
0.0022973157713860326	0.48387343551440154	0.5138292487142125
0.00389302281685866	0.49234775044661266	0.5037592267365288
8.644369915881134E-4	0.4559839464852473	0.5431516165231647
0.0022691783365058615	0.45642313741945717	0.541307684244037
0.0029484157833770674	0.4504609578429958	0.5465906263736273
0.004032557943311865	0.4564749027366156	0.5394925393200727
0.006446336435850242	0.37309963194721696	0.6204540316169329
4.498118344919422E-4	0.458685652499621	0.5408645356658872
0.005412330980937519	0.43397915039590634	0.5606085186231563
0.003886429506172351	0.37829441791166984	0.6178191525821579
0.0063722774813192995	0.37077541197983066	0.6228523105388502
0.004690277649983532	0.36901338755479896	0.6262963347952176
4.0215464521276E-4	0.35796659601082337	0.641631249343964
0.003202077469015685	0.35133551121252926	0.6454624113184553
0.00287374520391781	0.36458066746678186	0.6325455873293004
5.030454816820074E-4	0.3733409153691331	0.626156039149185
0.003295606002090501	0.38607474354818283	0.6106296504497268
4.009489883967099E-4	0.3541921402107658	0.6454069108008377
0.001685623198613817	0.30624655965679376	0.6920678171445926
0.001270944780362826	0.301656628597164	0.6970724266224733
0.001056862591995389	0.2652464787566229	0.7336966586513818
5.2489150411833E-4	0.22229427218003128	0.7771808363158506
0.0021019432221398016	0.19500481603516603	0.8028932407426943
0.0058994001360065385	0.19155741318630393	0.8025431866776896
0.006433921336916115	0.18388380381360803	0.809682274849476
0.005020395052667881	0.2037904203155554	0.7911891846317769
0.005572156017184415	0.17949306947209637	0.8149347745107194
0.0042788322670874734	0.20973064613370274	0.7859905215992099
8.135455625413734E-4	0.2596479491327391	0.7395385053047197
6.898004102558475E-4	0.24469610468056768	0.7546140949091765
0.0024504623482435317	0.24052871575039997	0.7570208219013566
0.0021264908477752753	0.23627980096712037	0.7615937081851045
0.00541577752111283	0.23181805120376198	0.7627661712751254
6.990560575467208E-4	0.24702633064871912	0.7522746132937344
0.005236870183143505	0.26307851325639714	0.7316846165604595
0.004448661347460969	0.2641304905779416	0.7314208480745976
0.0012639423150074824	0.2577265927532433	0.7410094649317494
0.002769153329020113	0.25256567181833856	0.7446651748526414
0.005825450752233896	0.253429978261855	0.7407445709859113
0.004402034193866811	0.3037151253034959	0.6918828405026374
0.006150266079021638	0.27995060891418755	0.713899125006791
0.006372550852238701	0.2727108049931019	0.7209166441546595
0.004240673826278574	0.4468055897524634	0.5489537364212582
0.002615028539289299	0.42581160701258436	0.5715733644481265
0.005598652601105536	0.42893348059207237	0.5654678668068222
0.006471750503264151	0.4308109259033438	0.5627173235933922
0.0037259149802325586	0.4143289627460446	0.581945122273723
0.005775549796692592	0.41190077163432315	0.5823236785689845
6.798410964821144E-4	0.3873068775334406	0.6120132813700774
0.0032100166304970257	0.37663086589021544	0.6201591174792878
0.002319374915973005	0.39253014440641193	0.6051504806776151
0.003844309074828689	0.38535584650662075	0.6107998444185507
0.004172278032187338	0.45508258960960446	0.5407451323582083
0.006575258103203252	0.4754904061904368	0.5179343357063602
0.002900974362481268	0.47878935716687787	0.518309668470641
0.004065766947291216	0.48195622568186525	0.5139780073708438
8.509149831772977E-4	0.46812165458669797	0.5310274304301248
0.004670908018479136	0.4693589892613509	0.52597010272017
0.003337192011656498	0.5024007888024051	0.49426201918593854
7.608388803711508E-4	0.5357186075672324	0.4635205535523965
0.006032885621610751	0.5261995775611799	0.46776753681720956
0.006532020406550931	0.5278914331931672	0.46557654640028195
0.006422664293586289	0.5353205959055891	0.4582567398008247
0.002224682566607239	0.5325014592333874	0.46527385820000544
0.0027856256579852356	0.5368880099861718	0.4603263643558431
0.0013506576205041254	0.4977026752957354	0.5009466670837606
0.002905136661388974	0.4903529943609167	0.5067418689776944
0.0025525200713123475	0.48836667180930304	0.5090808081193847
0.0047540439337158125	0.5037576425995915	0.49148831346669275
0.001467982875069218	0.4467359937354566	0.5517960233894743
0.003283415935354972	0.4364032134858918	0.5603133705787534
0.002923571652696133	0.3945743868875222	0.6025020414597818
0.003970563616646494	0.3966695613601744	0.5993598750231792
0.005225045571374265	0.40304127200675866	0.5917336824218671
0.0023267584526448504	0.46851535080279355	0.5291578907445618
8.320624102739482E-4	0.46337465975166137	0.5357932778380647
0.0018043760584308677	0.4523550029082496	0.5458406210333198
0.004262865489259471	0.406068855099833	0.5896682794109076
0.0033618339421738197	0.4508242315614519	0.5458139344963744
0.0027478218875345295	0.4510803670514161	0.5461718110610495
0.00339203009756206	0.46979264682114474	0.5268153230812934
8.172159831437154E-4	0.7446698742168452	0.2545129098000113
0.0053352567436557585	0.28133889388359884	0.7133258493727456
0.003813737701284514	0.38759279440676003	0.6085934678919556
0.0032311125412512465	0.38050016558137834	0.6162687218773706
0.0018370795326550504	0.369487285117598	0.6286756353497471
0.004675360622413138	0.36107257512496455	0.6342520642526225
0.0027421074908963172	0.3717715878083091	0.6254863047007948
0.0021434122392141597	0.41854368279236004	0.5793129049684259
0.0048837912191112	0.4046214806309245	0.5904947281499644
7.55842247136207E-4	0.39761829152663186	0.6016258662262319
0.004912613554101497	0.4011123181883934	0.5939750682575052
0.005391282824092181	0.4253204506575253	0.5692882665183827
0.0015244533865073073	0.4271717065164604	0.5713038400970323
0.001362073017004417	0.40467976993421184	0.593958157048784
0.004372437078836888	0.38109537969607776	0.6145321832250854
0.005456757310871918	0.34958220352993113	0.6449610391591971
0.0018232829633243464	0.3688772712893967	0.629299445747279
0.005310898604844516	0.37957882335735166	0.6151102780378039
0.003538274642150896	0.38650308985433873	0.6099586355035105
0.004471925114070685	0.3909058007395153	0.6046222741464142
0.0019590974639734915	0.4598239797691377	0.5382169227668889
0.0027350547991858987	0.4881601198066561	0.5091048253941581
5.291825727856136E-4	0.4277330188617269	0.5717377985654877
8.760898664594841E-4	0.5407386524579921	0.45838525767554855
0.002301921231438131	0.549736932970087	0.447961145798475
0.006163155538045251	0.6917541983783215	0.3020826460836332
0.0034240924876344225	0.7045512974740915	0.29202461003827423
9.599244943216956E-4	0.7989304367279261	0.2001096387777524
8.606945022293644E-4	0.8062819736293323	0.19285733186843848
0.00365388685475021	0.7870825569182348	0.20926355622701506
0.003178456287280751	0.7747488081765046	0.22207273553621476
0.006041141212572987	0.7863397991166836	0.20761905967074346
7.171709003208626E-4	0.8080419284567475	0.1912409006429317
0.003266563147264756	0.7678861035249319	0.22884733332780338
0.0016951447624714011	0.7694626894177222	0.22884216581980643
0.0018847581345003972	0.7478816327463838	0.25023360911911596
0.004367582018951488	0.6800115365102283	0.31562088147082035
0.0038968495283956406	0.6614689576021087	0.33463419286949575
3.558649803617753E-4	0.6644734145673209	0.33517072045231744
0.003125472254079553	0.6498628320978925	0.3470116956480281
0.0058942515987076005	0.6460011020094525	0.3481046463918401
0.0047205008411281835	0.6409261882123581	0.3543533109465138
0.002708125028301256	0.6685378902693546	0.3287539847023443
8.966838836870217E-4	0.6619308700661569	0.33717244605015617
0.005995994973710395	0.6501417752949807	0.34386222973130903
0.005575135328681424	0.6639123795940642	0.3305124850772544
0.0022978036486761555	0.6503551666702907	0.3473470296810333
0.0024593384881494984	0.6276059014931632	0.36993476001868736
0.003917818964510322	0.6854307297080893	0.31065145132740046
0.004600443106901164	0.6908791836917121	0.304520373201387
0.00508065232541377	0.6910691039984658	0.3038502436761205
0.005255469378696309	0.7093249423764256	0.2854195882448782
0.0011210298921728312	0.7120809827495009	0.2867979873583263
0.0020949963485440426	0.7214234640261434	0.2764815396253125
0.004375986955467981	0.7064812668524053	0.2891427461921269
0.002453477569169027	0.8853533324911957	0.1121931899396354
0.003498150154426116	0.882015483508597	0.11448636633697701
0.0038677278445117813	0.8831715402533008	0.11296073190218764
0.0024426316655142277	0.8542055984427408	0.14335176989174503
8.406685028831684E-4	0.8488010961505752	0.15035823534654177
0.0054306718009421995	0.8389894857200177	0.15557984247904022
0.002914988287643361	0.8236629354987861	0.17342207621357067
4.882359843268458E-4	0.8588795393259944	0.1406322246896789
9.925514913210476E-4	0.8642810757167999	0.1347263727918792
0.006193609427318947	0.8668888693390546	0.12691752123362654
0.0021063533006573376	0.8739984029344856	0.12389524376485717
0.002407633335963555	0.7957422236528668	0.20185014301116963
0.0039054847758338562	0.8836231634449844	0.11247135177918188
0.001850580787096212	0.8807612471177486	0.11738817209515517
0.002197596980613281	0.8820898440135047	0.11571255900588218
3.148871248029872E-4	0.8243449195938675	0.1753401932813297
0.004526641919925911	0.7991107894655416	0.1963625686145326
0.0034210048060978604	0.819046980162407	0.17753201503149527
0.0060089833655027625	0.7996220840067849	0.19436893262771243
0.001169199469865434	0.8050317595219524	0.19379904100818232
7.921256479468952E-4	0.8408208551780681	0.15838701917398512
0.001911210519332296	0.8197844404208847	0.1783043490597832
6.030802223843668E-4	0.8120274665438846	0.18736945323373122
0.0017705905488397122	0.8260117801917609	0.17221762925939943
4.675310846299352E-4	0.7792612222631755	0.22027124665219466
0.005267230943770906	0.7834587633857488	0.21127400567048044
0.006613619538621385	0.7877695493307163	0.20561683113066245
0.003919617125528185	0.7864258401889646	0.20965454268550748
0.0025040628920144914	0.7730760538173387	0.2244198832906468
0.006344751816771466	0.7907108034707941	0.20294444471243453
0.003839528770908762	0.6375792682084893	0.35858120302060204
0.0029988673350559436	0.6547697556356382	0.34223137702930595
0.005302720018773244	0.6922787100817781	0.30241856989944876
0.0064204429398934115	0.6882383884994079	0.30534116856069893
0.003965440422565081	0.6664796711125792	0.3295548884648558
0.004198818068081034	0.6729729972652552	0.32282818466666396
0.003401447986478512	0.6081382590058471	0.38846029300767465
0.0034045070420929413	0.6008766161607304	0.39571887679717677
0.00627791441677833	0.5892539936623721	0.40446809192084976
0.0020617421180677	0.595273797855089	0.40266446002684336
0.0017350253038221908	0.5978825098650329	0.4003824648311451
0.004395049907258475	0.5460305570417301	0.44957439305101154
9.629984658997559E-4	0.5381171399282173	0.46091986160588305
0.006374648565712238	0.5337541102758276	0.4598712411584603
0.0047879088207607445	0.550303605726516	0.4449084854527234
9.013220049461368E-4	0.5370803031454945	0.4620183748495595
0.004086087887956058	0.5314981473137149	0.46441576479832913
9.330641557986907E-4	0.5221421403031996	0.4769247955410018
0.001105008263389995	0.5178653335115403	0.4810296582250699
0.005054936933496457	0.5096333193370487	0.48531174372945496
0.006177621006090428	0.516801420697981	0.4770209582959287
0.004224055421283124	0.8415436998114714	0.15423224476724562
0.0018168265000368944	0.8365001481178308	0.16168302538213244
0.0014489687346131985	0.692647908765553	0.30590312249983387
0.003093760363320597	0.6969518298228585	0.29995440981382104
0.005562186567395433	0.6889095080489664	0.3055283053836383
0.006480548700104338	0.683876601080104	0.30964285021979177
0.002549765365324752	0.6785468660044589	0.31890336863021645
0.005986870664644706	0.6874751510960557	0.3065379782392996
0.004995111790057405	0.7805323269362534	0.21447256127368938
4.028454479115262E-4	0.6039427346434143	0.39565441990867434
0.0036142780660580742	0.6153379080057204	0.38104781392822173
6.144137990256038E-4	0.6467977136276526	0.352587872573322
0.0025962485519751555	0.6027669329067229	0.394636818541302
0.003617580137634524	0.5792934168450169	0.41708900301734875
0.004123212202284565	0.5728562070239159	0.4230205807737996
0.0013088737769451075	0.5831793790863055	0.41551174713674954
0.0023490583249703434	0.5775836131984797	0.42006732847655004
0.005761356925278682	0.6483026433962485	0.3459359996784729
0.003162964937891255	0.6447221905496676	0.35211484451244124
0.0018790243090706094	0.6434095021418704	0.35471147354905913
0.002328601841982858	0.7177490763827195	0.2799223217752978
0.004344609915014563	0.6554505042106741	0.3402048858743115
0.0033594653938879837	0.6524550782480216	0.3441854563580906
0.002738078213666839	0.6807129661629807	0.3165489556233525
0.0032514307808537146	0.6779802517813307	0.31876831743781575
