0.01677829692389045	0.02323771975064562	0.01109251384093049	0.24656267775003682	0.04269265488137446	0.16775564646684915	0.09736210361133586	0.1577342550585843	0.23677311728292694	1.101443342589603E-5
0.0162818786194599	0.022859410083335724	0.012541456069721194	0.2462307227782946	0.04436557572668027	0.1653375412360869	0.09653644727801539	0.1580268815207206	0.23779407941415315	2.60072735322886E-5
0.015326976932382427	0.023837698785653436	0.012784329619956611	0.24529383614001038	0.04324908516199664	0.16798954450174272	0.0975329424831829	0.15859511339008298	0.23538062985865377	9.843126338199282E-6
0.017873298362872214	0.022537197960478553	0.010921302404247601	0.24255946506259612	0.046790286831324905	0.16539750543289636	0.09923651533304073	0.16224982895504342	0.23240386061149454	3.073904600554844E-5
0.017277187796202034	0.02346620660971961	0.01347922239270316	0.24057196905440176	0.04203754255027517	0.16648278103692604	0.09974621396309417	0.16292161632822136	0.23400316392150888	1.409634694783668E-5
0.015371790901799381	0.025771635218410874	0.015896310939557276	0.2328458466707029	0.04651739924861411	0.1679902869505363	0.10045096460914975	0.16248998368046985	0.23264961260605732	1.61691747022491E-5
0.01614160838841039	0.024043282542118807	0.014291904986234727	0.22761520493746523	0.05030755693645065	0.16912817580885872	0.10296168511791594	0.16486147658273242	0.23062061114856863	2.8493551244498927E-5
0.018361639283474923	0.02452607409397929	0.020841390040507668	0.22338209307341786	0.0453302068999019	0.1640508546710111	0.10632929791053332	0.16348327824195708	0.23367711374876826	1.805203644855702E-5
0.03456749292022605	0.025594149515577078	0.019641689659471454	0.22110177086535088	0.04964364800637824	0.1555593942949247	0.09972873831921272	0.171665862764494	0.22247878165701263	1.847199735231786E-5
0.02236530841954454	0.030721903983188956	0.020136288501859792	0.21602270505177062	0.05400678667878238	0.14670791928951032	0.10399552676388679	0.17641940594285424	0.22959939562062748	2.475974797493119E-5
0.023511482877524498	0.03844810058960719	0.016396842146459104	0.21692458475177112	0.05027968087329298	0.14377746492244947	0.10297017524667307	0.17672129888280047	0.23095776750564678	1.2602203775399778E-5
0.02876903958451861	0.034729338653355576	0.026884401737192573	0.21354431746245572	0.05189525326259238	0.154010619172412	0.0996356411024497	0.17119703267998126	0.21930891623080828	2.544011423390169E-5
0.019159425364611515	0.04157584225567139	0.02937020283750244	0.21000394429935082	0.049757862975179576	0.15507397006674303	0.09838248024191687	0.17261683462833044	0.22404964136990524	9.795960788663849E-6
0.017212032871811042	0.046623984781386615	0.029721544939126335	0.20670355077938174	0.04907582353070079	0.1568249353049968	0.10390380533573597	0.1673531042410402	0.2225575894593887	2.3628756431873232E-5
0.014813119040235731	0.05231866918673071	0.02829836060796813	0.19973408046572397	0.053458400981973554	0.15397295806896277	0.10784674258143878	0.1711227977794526	0.21841081013908106	2.4061148432744095E-5
0.019988247173840776	0.045150306646858644	0.03349157177657079	0.19761840183195584	0.053058692531222015	0.15861996576515736	0.10538597237592938	0.1738813164548843	0.2127949041843048	1.0621259276130668E-5
0.015526057097066046	0.04792456360180677	0.03647754117187524	0.1935122271326457	0.05028587377343096	0.15112248186731628	0.10726074996329592	0.18381339111251446	0.2140454961143396	3.16181657090131E-5
0.025790462769404762	0.03684430148078678	0.03782885602301881	0.19109420172948055	0.07993084313226453	0.13673684037298767	0.09591217555539187	0.1835498956969221	0.2122871959718405	2.52272679025084E-5
0.02717822941543828	0.03413964857913472	0.037616572330994524	0.1959137810601699	0.0766349868426684	0.1350265731621655	0.10209547972440597	0.17749407710668352	0.21388255892901847	1.809284932073607E-5
0.0311273301830311	0.03651787224225893	0.03791598744219763	0.1923410378023504	0.07575773906673916	0.13471321061504812	0.10367540838276591	0.1762032875887097	0.21173238045885068	1.574621804834031E-5
0.03742723411774476	0.022892297065465778	0.03699756623571346	0.1921788630725181	0.08320282406406343	0.1390327964888455	0.09974598563931779	0.17674177780420416	0.21175517164152227	2.548387060474777E-5
0.030142792177766053	0.024252957102358086	0.05186832709950742	0.18045873105668225	0.0793546836121455	0.1402113433858696	0.10101983211543769	0.18426789898487417	0.20841399053501097	9.443930348268514E-6
0.02711594689937062	0.025775755557452276	0.05075987553850359	0.17769964470100197	0.08086357275842229	0.13990474107969733	0.10237673726160651	0.1873136405654044	0.2081709031316084	1.9182506932668986E-5
0.025456025793104325	0.027922625628477957	0.055032639878398466	0.17178652770041675	0.08423090008199156	0.13529471079813055	0.10159500792987389	0.19323279816070588	0.20542945862659268	1.9305402308003594E-5
0.03323277904679248	0.06119360072908647	0.01669608607760875	0.14729334097771452	0.0956271636341068	0.13953740023025785	0.11425080303953308	0.19668418686442057	0.1954754815397298	9.157860749689495E-6
0.04154888938541955	0.054238355068711046	0.015726115608815094	0.15298231723622757	0.09479848281590392	0.1355047906784882	0.11623637644629346	0.19853538818673588	0.19041224652108638	1.7038052318937846E-5
0.03116972756390017	0.040788806060536136	0.02026250758178194	0.1484715325708695	0.09464558485488646	0.1439998963072501	0.12323176605504707	0.20782307316612159	0.18958854983081727	1.8556008789819E-5
0.022758850580239173	0.03229999808783701	0.04164841267590974	0.1537805493325985	0.0836303683489697	0.14855625954938906	0.11204659609984283	0.20551755915412123	0.19974714931377538	1.4256857317443417E-5
0.03143479209125004	0.02634029645875406	0.05876316135807249	0.15620119611518635	0.09079843324651357	0.13035995293082997	0.10969271262950858	0.20102444296606814	0.19537498387597613	1.0028327840624907E-5
0.029491776604401665	0.030830553198424065	0.05786328551517113	0.1587965071080209	0.0913574017163985	0.12710489488910925	0.11188482263929857	0.19492090215952168	0.19771806247093526	3.179369871893212E-5
0.03426575821813439	0.033434632609055825	0.05321499692787087	0.15367494664011266	0.09030381462177715	0.1308481841863621	0.11138500090543507	0.20573592386070863	0.18711053868410357	2.6203346439768183E-5
0.031882270973666735	0.03181557263965168	0.05233914415366688	0.15273271765159696	0.09710790907372392	0.1337223722795702	0.10766095361962448	0.20516457904518262	0.18755592431398405	1.8556249332501995E-5
0.016586092538616856	0.024331858661291755	0.06708595707201373	0.14771319727936624	0.09903067138240285	0.12464169149318954	0.10901934602226535	0.2110420621462708	0.2005376825248882	1.144087969469354E-5
0.015163711995439949	0.022324689228448158	0.06774401238662708	0.1498476516980911	0.1020435255622896	0.12349835444274182	0.10715143985090213	0.21222192878205348	0.19999446324537984	1.0222808026857932E-5
0.01667324985256753	0.025538566406591356	0.06868860776898561	0.14875766207081137	0.09542626941506423	0.12220389610748048	0.10318521498721128	0.21790528761495273	0.20160473438767745	1.6511388658033144E-5
0.016258892402078243	0.03131572047356762	0.07178344496786247	0.15009784403912801	0.08884188049589968	0.12256212964919405	0.10163728501157081	0.2190611286630848	0.1984199230968199	2.1751200794464798E-5
0.01773526877920946	0.023867604169967305	0.07611752263663753	0.15345631644093863	0.0830259066813277	0.13131291790289357	0.098133233254172	0.22300806584334695	0.1933295797485572	1.3584542949682255E-5
0.020271845686421555	0.022496792690318304	0.07384338557995548	0.15584593963324136	0.08141695456355816	0.1320715559313067	0.09718012060031485	0.22854684294622563	0.18830452988716356	2.2032481494405065E-5
0.025365699830697377	0.026329933805071412	0.0800190143572012	0.16107607405644558	0.06801769680388581	0.11495919761992504	0.11000064434782218	0.22919163612890553	0.18501247487452388	2.7628175522001475E-5
0.026271640798673557	0.03356844010090404	0.08745200857117065	0.1570552332757596	0.07016201951322917	0.10926972554594523	0.1074768947418543	0.2295637580862977	0.17917091623479509	9.363131370718203E-6
0.0217496803322461	0.039789324218229824	0.08083500982572075	0.15307172916189546	0.0726834006151984	0.12490989914049534	0.12991451997513065	0.21510614927832744	0.1619271033556433	1.3184097112775572E-5
0.03260933414270162	0.049291956670902595	0.06554777084818472	0.16347014862240639	0.08173861074810192	0.12793673335709205	0.12570058975208404	0.19765277965882783	0.15603533213856077	1.6744061138121435E-5
0.03651441010539441	0.043838560483292065	0.06248390379726368	0.15787860372080587	0.08512681339650864	0.14004860619428935	0.12878184168804363	0.1881550197493752	0.15714837602078569	2.386484424142521E-5
0.03531636551800292	0.05784819493855428	0.04295718226739363	0.17341890269304522	0.10089737116539779	0.10885937186808649	0.13336117756413463	0.18868883493411248	0.15864080222279536	1.179682847722574E-5
0.03292786250639153	0.06183086484869093	0.04031937666564393	0.17472563405263994	0.09986403600447316	0.10998386209912123	0.1315092627172097	0.1889283908314592	0.15989301037393863	1.7699900431752957E-5
0.0344778649388192	0.06462985231565535	0.04905051674917866	0.16009431126934054	0.08609207524546576	0.10451489058550807	0.12624750083411024	0.2013098148298265	0.1735718947514659	1.1278480629858811E-5
0.02156684650027886	0.0914647349111653	0.037616062875645465	0.16375233096664804	0.08034324588978847	0.10283433284622058	0.12914160121449977	0.1913552870241303	0.18189785395993413	2.770381168908098E-5
0.02727934945154832	0.0973576846413599	0.025282590440185673	0.1813533057505678	0.08052528924371519	0.10658175931668042	0.14658578211733242	0.17070537445872788	0.1643038327454442	2.5031834438291045E-5
0.01692541319239438	0.09108906878133757	0.04032418749634886	0.18633993084304634	0.08924728929662093	0.10643979290893826	0.13549058613569834	0.16653383910089362	0.16758088887144287	2.9003373278824185E-5
0.03987917713337547	0.07967084415333169	0.012738198166151737	0.1844161132246705	0.09366856704529533	0.11312494026391705	0.12980170200373284	0.17133565964516168	0.17535136499324128	1.3433371122376081E-5
0.04449495475056131	0.0816141834747302	0.013921229888529035	0.18132362447922473	0.09788101897234573	0.11775706106536891	0.12026617334600836	0.16707937309067278	0.17564309379743098	1.9287135127929456E-5
0.04208942843144096	0.07583163314016608	0.01497726698315921	0.17641234981939494	0.10589739207334448	0.11882722487802878	0.12025387715865171	0.16842355989838545	0.17727425722984352	1.301038758491635E-5
0.04362278025131	0.06558948961702256	0.02133915714529236	0.17089445665141123	0.10378877748102064	0.11795207197491733	0.12167496263669268	0.17289215448545853	0.18222050138631862	2.5648370556061173E-5
0.045355580163084476	0.0697497834813351	0.024911279239503398	0.1668932540558634	0.1018787414574528	0.11939256055994435	0.12301041033062173	0.17430689043331454	0.1744770282088141	2.447207006606167E-5
0.040530122300950905	0.07716394496188735	0.0258610706404913	0.1666247484850234	0.09827412082525046	0.1221890871820302	0.11487513650244813	0.1785264864115778	0.17593581603792305	1.9466652417407526E-5
0.043894837631951844	0.07905619010030042	0.020972277815698798	0.15915786750170421	0.09298498676825767	0.09953562566853147	0.10832129966014643	0.2235482560558807	0.17251218237988486	1.6476417643671026E-5
0.05290077566569057	0.0709700427126913	0.0275516416706061	0.15232129268116806	0.09323907742002102	0.1156739729413913	0.11603414220517298	0.20411643779682867	0.1671649400893575	2.7676817072469495E-5
0.056423130788438816	0.05933627939716142	0.03553444254543789	0.15089464264923563	0.09108820063753302	0.11197384227342544	0.11170558032653277	0.20974617774102455	0.17328408921976568	1.361442144477698E-5
0.05637423065174037	0.057346218244819565	0.03364043743504411	0.14961662491657637	0.09728413575212372	0.11727142110796512	0.11176465362401444	0.2048138676460044	0.1718630138283206	2.5396793391349592E-5
0.06726168169884865	0.05715163262430431	0.030838979444534495	0.15377754548724004	0.09010189657488112	0.11420128102422265	0.11074173670496565	0.211357338451597	0.16454853253670176	1.937545270434826E-5
0.08986733982816499	0.06690548423711754	0.03055259002247908	0.15299350505379158	0.07706236164922711	0.12191449539664226	0.10191115408455166	0.20616123451894186	0.15262104926015665	1.0785948927227729E-5
0.09665752544219636	0.075585882161395	0.032296157415735466	0.15120690100030298	0.07514863955666931	0.1270012436442882	0.10150269488369577	0.1869113725243022	0.1536757866986027	1.3796672811955402E-5
0.09553817370217421	0.07656750160794247	0.02071372964529246	0.1598274131096232	0.07459320254924316	0.13222137818816115	0.10775396382993568	0.18764031613674753	0.14512987512391656	1.4446106963508787E-5
0.08455502123536188	0.08520752871021092	0.0213390632018388	0.14008833326187087	0.07793783407951467	0.13251480720529063	0.11691211796831662	0.1813027713369718	0.1601255232604623	1.6999740161477428E-5
0.08591452479685134	0.07342273892011054	0.02424576775100104	0.11655673104431336	0.08985920329907837	0.13383687107040326	0.12999487326715925	0.19522213035646907	0.15093270104901113	1.4458445602605341E-5
0.08352388285989339	0.06887512545164592	0.02487736479370263	0.1217405448809282	0.08631802675734679	0.13266489642795648	0.13436779473389138	0.19282300376086997	0.15478601306464718	2.3347269118081937E-5
0.0784719345270948	0.06607753186249454	0.03412839768820099	0.11707614289439708	0.07959090564710636	0.11874268558561618	0.15180623083125036	0.20003667934696168	0.15405653484326298	1.2956773614999917E-5
0.07946316813902589	0.05803478046712627	0.04076509484151821	0.12027377795246896	0.07585446176940888	0.11945362402376275	0.16489172152565834	0.19339872529322982	0.1478435423206767	2.1103667124128256E-5
0.07622669546455034	0.05712342301290579	0.0464897817790629	0.12478010062294045	0.07387433958626463	0.11971478181122935	0.16766758875592028	0.18609062918218738	0.1480117497694469	2.0910015491953926E-5
0.07775917532524193	0.052870934767550885	0.05347085642502192	0.11720847668395742	0.0659533847440669	0.12400102974186489	0.16930050385198459	0.19113807062771154	0.1482759546098696	2.1613222730337833E-5
0.09102031927834253	0.043353572255746334	0.04663003697659201	0.11980800661873081	0.07084646051068876	0.12218587982523052	0.16433610048848124	0.1926882764092633	0.14910432965725073	2.701797967369357E-5
0.09197319961811526	0.030552923938797355	0.05093716450495456	0.12236444854024676	0.08025445059724941	0.13275795422976083	0.16270632184353712	0.1978671950668401	0.1305727193934707	1.3622267027821322E-5
0.04978658843148222	0.04360807543080109	0.06490498392016351	0.13111554162581396	0.08444963775873363	0.13835119834180953	0.16302319005950167	0.19573414411318746	0.12900981577542342	1.682454308356285E-5
0.04591602547640762	0.032962955704897406	0.06242698174314529	0.14619839617974878	0.08138379890654314	0.12434130333196192	0.1559956366347456	0.2134473716532858	0.1372998249473966	2.7705421867807445E-5
0.05376593277025043	0.02949735614619925	0.0679568459953544	0.15788914233529897	0.055180631727894676	0.14721611319475955	0.13801551664955516	0.20483013431756808	0.14562376912894162	2.4557734177879653E-5
0.059727506225113705	0.03147563853682471	0.07325406538345061	0.16245887008302032	0.055754986356659916	0.13893647234388481	0.14231803184274733	0.2032483305495021	0.13279445806890153	3.1640609894981186E-5
0.06412107140563246	0.032144624368831046	0.07196126553300802	0.15727456006034504	0.05669830808300365	0.1322990388030875	0.14817353607970238	0.20756542335533246	0.12973720995842994	2.4962352627500017E-5
0.04793494797691763	0.03695215528631844	0.06462174605406318	0.182386486061876	0.05384682864494889	0.11739988853490854	0.15343317595571362	0.19857989321382558	0.14481398174161605	3.0896529812057816E-5
0.05295419235730051	0.0306652039994713	0.04811203922536644	0.21189793537275903	0.04510442723487383	0.1065904165066672	0.15960148250370032	0.20308433349193855	0.14197226795234394	1.7701355578852995E-5
0.0468897206029571	0.025858094973618947	0.054203722766962836	0.22018065863003372	0.04732773138704576	0.10951231832229949	0.16122272617743724	0.20016910036015156	0.1346209255302637	1.5001249229623648E-5
0.04935500820463164	0.02607024965834802	0.05088363546959447	0.2184989720813132	0.04898380432762679	0.11914636863815929	0.1528839153526612	0.19398540433741054	0.14017313036292933	1.9511567325505852E-5
0.06439101746290227	0.023306187283258145	0.030371983687791454	0.2166560076235144	0.05656565854493023	0.12491999159280753	0.1439362374791411	0.19563252185221736	0.14419010290006234	3.0291573375154646E-5
0.05959251772327945	0.02980140391983349	0.03034524870331924	0.21447557760340397	0.05229856382878684	0.12549308950271346	0.14238061837314758	0.20084197369973134	0.144749746297234	2.126034855058634E-5
0.058479038720136614	0.033483822720629025	0.027974737795961657	0.21692390137099898	0.05412675462973082	0.12673973151758539	0.14416748260898232	0.19792008140089212	0.14015803588703138	2.6413348051618213E-5
0.06259584344110238	0.0317732336154177	0.015292138597359325	0.22265674879183545	0.055389054193106906	0.12403962673526242	0.14232291509683545	0.1979039249817952	0.148010255245152	1.625930213307314E-5
0.06259407629062379	0.028455504264906714	0.012372862830823186	0.2193802145133335	0.05691812646273979	0.1259438570034109	0.14278977139578117	0.20250050039358747	0.14902840626494454	1.668057984889615E-5
0.05421359650019814	0.027217053620236492	0.013119260977179456	0.22320420788109996	0.04620060412227005	0.12214606345024334	0.14607336575928775	0.21881131367874052	0.1490032024194995	1.1331591244737038E-5
0.05799580803494745	0.02663808206868963	0.014476500799608147	0.2221155893255356	0.04685738400096921	0.12330778796378913	0.14164324703520406	0.22169897040312397	0.14523920119436437	2.742917376839793E-5
0.06055192445096279	0.02842514795447601	0.011461672728560537	0.21787782296115554	0.049387090072282896	0.121755847242961	0.14445672201715548	0.2189333030355496	0.147139303805763	1.1165731133119805E-5
0.057477272138173635	0.031174005289687404	0.011403881205183083	0.21404662654750234	0.04486408790607994	0.11949378165284555	0.14362442858943092	0.23083004716195427	0.14706729066168825	1.857884745461169E-5
0.05125408172400443	0.028152414984503216	0.012946508276935026	0.1998445821046258	0.04473324455527087	0.12210647198665123	0.1470292066323656	0.22272549323949659	0.17119822779077967	9.768705367591002E-6
0.05897131906872205	0.025917344272823342	0.030746733194393028	0.20021276572910557	0.06810147337544775	0.11446584922786654	0.1504057117104613	0.18765278093599824	0.16349599324445946	3.0029240722664885E-5
0.05578963953529561	0.02559534474031233	0.02942466181530251	0.19873712973179425	0.07471576201518534	0.10973737101675457	0.15211830267482118	0.1905287424937259	0.1633432807486036	9.765228204811072E-6
0.06455264221790881	0.03385810220538997	0.030052068435854395	0.20587444510881975	0.058797240092125974	0.11253882073487256	0.14621763295045376	0.18675529270934255	0.16133353662902952	2.021891620267169E-5
0.07416735733054687	0.04029368322110406	0.014723531898708384	0.2034311437737755	0.05968264238301518	0.12553577198823784	0.14110099426209435	0.1786805659731087	0.16235272311252885	3.1586056880306135E-5
0.07036567354427338	0.028611910393779194	0.0240022893719887	0.2041388967496764	0.044176569536541005	0.14781671146901815	0.1481562266883784	0.17906491435670446	0.1536487838418964	1.802404774391142E-5
0.05306551381787895	0.024982919531556083	0.029860793219472617	0.1809890485799555	0.05247487252263393	0.16170870882910568	0.14109876003496447	0.1763162935448251	0.17948151717717398	2.1572742433695336E-5
0.05314945450183542	0.024151298589364115	0.02835879869649857	0.17438173708451457	0.05289191759215294	0.16221217288286682	0.14482781338686807	0.17808435311473308	0.18191996961013762	2.2484541028780503E-5
0.05284456558114592	0.02398932449595316	0.028195388691056353	0.1740938851245063	0.05257630474553895	0.16344896578777768	0.1489327776991955	0.17692820513081658	0.17896790005912647	2.2682684883049142E-5
0.053560656001581164	0.023679617594717664	0.028160338288672107	0.17401726737271425	0.05294662802362615	0.16302581204412547	0.15043022657032584	0.17611745470830698	0.17803804284044517	2.3956555485121767E-5
0.05270662071924277	0.02290028764796069	0.026166069240224868	0.17609973440106308	0.05214382663426827	0.16615997023997525	0.15220257367805973	0.17684195338870962	0.17476931962068315	9.644429812535882E-6
0.0415653577437526	0.04259782223525796	0.030214103102254183	0.17514872778850576	0.0456336768743316	0.15812791423449002	0.14957344003917694	0.17899378331413668	0.1781248237916455	2.03508764487631E-5
0.04075673808029459	0.0369409517985432	0.04451445001400062	0.17729417500606404	0.04871828105863811	0.1510873789837034	0.14440554447791007	0.1694186760539027	0.18683206037671696	3.174415022633159E-5
0.054484764308634165	0.026893299553602715	0.053520721481178965	0.17711764019623294	0.04414286206462472	0.14879725764954463	0.14974314747471582	0.17542616319870363	0.16985052438868736	2.361968407503523E-5
0.05980363762789431	0.024202614259651742	0.051526963809897186	0.18097015011131085	0.04266423815747832	0.14696779617374434	0.15277606161737428	0.17351692664055457	0.16755480712996307	1.6804472131329296E-5
0.05993524893168914	0.02407260505801251	0.04854845844286809	0.1787238656822157	0.05464075146943212	0.14805924526319383	0.14170437539483735	0.17779821642600296	0.1665052050864772	1.2028245271064608E-5
0.053130191059796134	0.02694421742564157	0.04723206009493706	0.1808238052436841	0.05283716591352209	0.15313862536008818	0.13792793577219822	0.18606396971868625	0.1618922756450548	9.753766391645824E-6
0.04636345831745507	0.02847054014911804	0.03998047844122291	0.18428273093715886	0.05477368660372912	0.1556387505865135	0.13992298686031868	0.18572277059058168	0.16481538272332116	2.9214790580975314E-5
0.041435724194521587	0.022548392189530836	0.03988976008970248	0.18374541146054246	0.05173086218443561	0.16055802324116936	0.13632647196462777	0.1993408144758278	0.16440080642243862	2.373377720349401E-5
0.03823547854150815	0.03900525548511993	0.04512324190668923	0.18535038648600047	0.0657956652172018	0.14985924517716087	0.1362014441668865	0.18344207128154993	0.1569582853441459	2.8926393737235823E-5
0.036939933623021726	0.038239731890810875	0.04454865929937227	0.18634403891205914	0.06182348657653077	0.14703250104725601	0.14460462150436276	0.1852973217942831	0.15514824612242148	2.1459229881906627E-5
0.03175268713200963	0.057680888160326085	0.041312496624091456	0.18650428178844553	0.07139187595158508	0.1390219913024825	0.1317932307807275	0.18118694122488171	0.15932837022662552	2.7236808825006897E-5
0.024537674625814535	0.05847196168908438	0.029366229090360005	0.17537388584268576	0.06280610448816956	0.16259248450593977	0.13524780699693234	0.17888716377620306	0.17269530214789566	2.1386836914952245E-5
0.01566806575695251	0.06207242362431964	0.017450133340260715	0.1804250950868661	0.07168763261624309	0.15873316806362234	0.14659138101639252	0.1799269314261135	0.16742862206990766	1.654699932197856E-5
0.017633132059862625	0.05688257966700916	0.015492923004985254	0.1755916909239996	0.07239147574987233	0.16559247016124784	0.14600281973239887	0.17794880607934427	0.1724323255820763	3.1777039203845225E-5
0.02052124581907855	0.04609488683579993	0.026891995555604106	0.1710521951767826	0.06673378784270328	0.1562427124996694	0.16531855557246292	0.1795855636518822	0.16753128634367037	2.777070234670498E-5
0.021409826331276444	0.05484464746625499	0.03503206329380572	0.16711169374366439	0.07314266534046744	0.15698605160605467	0.14291490127680773	0.1885488031955643	0.1599950410583451	1.4306687759299552E-5
0.028898348299609175	0.06085981312838515	0.04171905178373127	0.16504111642694919	0.06374223677559374	0.15351121471094797	0.1420408519709984	0.18161432440827305	0.16256211419661232	1.0928298899787192E-5
0.03273181594162483	0.058223198039271486	0.03394345075164178	0.16671206193282612	0.06221071569494471	0.15485982007326826	0.1379209316950124	0.18507681664518	0.1683008504568782	2.0338769352243324E-5
0.038871226319261626	0.054701060678278415	0.021982636101371786	0.17541844781800564	0.05365714419977741	0.15949530550425467	0.13936517417235456	0.18907063571619315	0.16742081440353895	1.7555086963813582E-5
0.03797098883552545	0.058621675448617974	0.01719819133646093	0.17084397462887854	0.056396562902008104	0.1585397194499088	0.14272395023792095	0.1899582058325499	0.1677211384418933	2.559288623610323E-5
0.039577077798504806	0.060347768387218545	0.017820102216574332	0.1714803605702998	0.061113027284844273	0.16038965968465907	0.13620558027494725	0.18508688310114796	0.16796705025179626	1.249043000765837E-5
0.05400942694669594	0.05242095958479744	0.02416113809300023	0.1708111705295426	0.05690143662704877	0.1688294948662174	0.12938955891016163	0.17960352453127726	0.16385332520311024	1.996470814849549E-5
0.050687795663884844	0.050736736966913006	0.023965076667170654	0.168060657548194	0.05806636497900087	0.16676886521241047	0.1395980810635713	0.1814369354039742	0.16065192018940833	2.756630547233463E-5
0.052237293020553854	0.030856171486763034	0.03181367677176049	0.17935520244733977	0.06773732419705372	0.160786065764538	0.1295761782395764	0.17302867773011044	0.17458717078041758	2.2239561886724935E-5
0.04829585558332056	0.03428278810006677	0.028661227052393656	0.1826275477115865	0.062323725814905674	0.164413757281743	0.13262456691277183	0.1726552243624307	0.17409067823473162	2.4628946049598532E-5
0.0392131567696397	0.03817758611816039	0.012482707620858485	0.1938806219315613	0.05179572786414742	0.15876262833995	0.15162239145171813	0.1958647241416024	0.15818442817385184	1.6027588510339474E-5
0.034374738968407925	0.03939599665596649	0.02025114548118856	0.18672308108827004	0.05055734159460231	0.16418572535753068	0.15317008110377717	0.1929626799565623	0.1583639229802863	1.5286813408274535E-5
0.03433809951658422	0.04130946114196798	0.01771530855279703	0.18967416407698873	0.04425759569787124	0.1568540836819682	0.1573935753714571	0.19799005263748604	0.16044915710893254	1.85022139468638E-5
0.035432234177399324	0.042417700785909285	0.02187486662218502	0.18618825616068296	0.051307986682202336	0.15751854468412155	0.15328261186514264	0.18946114678802073	0.16250598336643923	1.0668867897009604E-5
0.0414838543950699	0.04176622563408441	0.019611796043342747	0.1803337047579388	0.05166114223636157	0.15885558259474286	0.15001968298210164	0.18721873125542354	0.16902798031917943	2.129978175506586E-5
0.028956497053259103	0.037528756906190196	0.0630284072899947	0.1730101663262979	0.0553012704433769	0.1481132968414268	0.15781359905560455	0.17560562129090865	0.16061632423633992	2.606055660131501E-5
0.026401341173105025	0.038914634693093794	0.06311169102561515	0.17793704923010023	0.05578951597455154	0.1482473203767909	0.15575653392522282	0.17468695229602227	0.1591290155969507	2.5945708547608914E-5
0.028152538367982025	0.03878046512937177	0.05889141789122736	0.1765583061742763	0.05408547574312785	0.15561239105635374	0.15824716717620416	0.17458673536517627	0.15506816142542462	1.734167085594429E-5
0.02750366795411384	0.03163211626535242	0.06810717667146246	0.17200386926115846	0.058342500464058304	0.15357764376610664	0.15619766293948123	0.17767746809863227	0.15492666259163693	3.123198799748206E-5
0.028510906830332944	0.048077869589851024	0.10222473797648529	0.14661666688357805	0.044715071647472945	0.15572593875687812	0.17713685335426702	0.16066695542385767	0.13629793411318528	2.7065424091657353E-5
0.051087240013677614	0.02898008691111295	0.07674744470951188	0.12840351672637965	0.07839388330629377	0.16699680277329743	0.1663396971471241	0.16174660590041512	0.14128240123352392	2.23212786635979E-5
0.05058217506733092	0.030146418103686873	0.07972882832921473	0.12798909152112237	0.07801843737557677	0.16848173581820403	0.16456617262753093	0.16055983205205818	0.13989756935716383	2.9739748111393127E-5
0.05340223474768509	0.03087901791190656	0.07719694099639429	0.12840573018665716	0.07635266343659695	0.16921050962320325	0.16372350345310718	0.16017045944073327	0.14063003203933017	2.8908164386068358E-5
0.05335658797640679	0.031018307760833946	0.0809742145136761	0.12527177053677802	0.07598167671635007	0.16920620036727851	0.16605107322959495	0.1589416701867883	0.13918761777164929	1.0880940644011905E-5
0.05739985203125237	0.030354998467865227	0.0768508928138253	0.12644685145943454	0.07993356337590474	0.16801622293996532	0.16788663855099795	0.16066142501522387	0.1324358241915697	1.3731153960930276E-5
0.06573297334322954	0.026587518915414998	0.06560839453057965	0.14187678100972084	0.07939899499479343	0.16931039393914699	0.1539632058633444	0.15892526055921857	0.13858322686026614	1.3249984285507166E-5
0.07275736475537288	0.022675527912864604	0.06302886692323069	0.1415821777010706	0.08369401034237178	0.1662990138733946	0.15115490592569109	0.15808036222027394	0.14070478826137495	2.29820843548334E-5
0.07154942440452766	0.022867165384061985	0.06441000620164827	0.13981745702855844	0.08422857836839737	0.16824477828242768	0.14916861971907946	0.16119811801905543	0.13849822999323283	1.762259901083585E-5
0.07544068827364796	0.022526557340319414	0.06449073822057408	0.1537636162875784	0.08068206547995273	0.15767380112471702	0.1468995550711906	0.1647233831974817	0.13377039893383075	2.919607070731023E-5
0.07035748580150458	0.025870449815340965	0.06463258173589544	0.15526827559185113	0.07369155474903671	0.15611190974430128	0.1495431210808261	0.16826104056455682	0.1362414510211036	2.21298955832977E-5
0.06909124795600703	0.024608733533675833	0.06671451047167196	0.15766605654421592	0.07158296578140655	0.1521438523609907	0.14940459098626177	0.17121780770174488	0.13754585294161759	2.438172240773473E-5
0.06753911015821129	0.023040066112068533	0.06583294841483198	0.15989940666188804	0.07250312577054231	0.14935082333283145	0.15598981751185423	0.17002773826197864	0.13580748944203747	9.474333756101516E-6
0.0650958652150686	0.022244142670243064	0.06481137911091664	0.16223149658725108	0.07686387174339376	0.1447210271327714	0.15788239582119684	0.17260943915258814	0.13351274916515382	2.7633401416607417E-5
0.0689924674535708	0.022346168894195426	0.062311942783846996	0.1597787378759274	0.07089588630436877	0.14508973189673063	0.1576566285811361	0.17526558354771485	0.1376334118071556	2.9440855353349282E-5
0.06360915111299278	0.027116773623750964	0.059728295067332696	0.1608270592990368	0.06644183811236737	0.14468987864287935	0.15733885352690086	0.17606890334065292	0.14416824959189678	1.0997682189470281E-5
0.058295537638545655	0.023785637173096993	0.060586463988494266	0.16368220348075985	0.06453499744157015	0.1448562640138647	0.15633918667762428	0.17495373580266455	0.1529438776747969	2.2096108582628227E-5
0.06459435776732768	0.034009120291956546	0.06489323792788781	0.16310974304005882	0.05339456847075727	0.14639982563087706	0.15896426080313464	0.1690234989677843	0.14558377827430585	2.7608825910060975E-5
0.024286037156123805	0.06236939556760279	0.05553680537021149	0.15177703605029977	0.08492009389899434	0.15667970339989518	0.1361102010791623	0.1829688762547493	0.14533243332589119	1.9417897069815004E-5
0.03536857609378376	0.053629380615418575	0.0438157968703979	0.13699002071299352	0.09717171597202812	0.16827788521024245	0.15000309149954785	0.16717245829675026	0.14755347368739766	1.7601041439899157E-5
0.024050788050769545	0.07223864866477783	0.06838953482993546	0.1318855811994598	0.09142579055453662	0.15956447825205983	0.13710702595655924	0.16412119386820928	0.15119810869590078	1.884992779159489E-5
0.015314763455691618	0.05670682619755876	0.06319986121131761	0.13814338698088524	0.09435554166636682	0.16672184182370792	0.14703203136694923	0.1594027015722368	0.15909864588268546	2.439984260048378E-5
0.021625835160949805	0.05650939227804913	0.06334782246592555	0.1398658366875605	0.09231195070501891	0.16485850932085266	0.14366394502057406	0.16045236741974883	0.15734893337409592	1.5407567224665075E-5
0.024875570875390343	0.05109472092075832	0.061052418095075285	0.14286825238984852	0.0959660578244073	0.16911210927026232	0.13939429052626057	0.15839788988250014	0.15721717901704352	2.1511198453699754E-5
0.022100603745375313	0.04624577272653658	0.0514854537989248	0.14588656844599499	0.1025900631436018	0.16717605485136652	0.14246952840920576	0.15916343397645172	0.16285767807962004	2.484282292243567E-5
0.022825302038461337	0.04408025431306448	0.04918912646135155	0.15183867550611269	0.10136577115716146	0.1642191525948573	0.1452701374755817	0.1600199328400105	0.1611637998057225	2.7847807676520397E-5
0.019893826594232847	0.04241434344411168	0.058463901159020386	0.15150078404766737	0.10173849064847301	0.16146691470289135	0.1484397939169424	0.15750361290378453	0.1585602765055107	1.8056077365782852E-5
0.0178021166281659	0.045174008386025345	0.06385442973574093	0.15159700936876744	0.1053106495805223	0.15374767416863983	0.1569908898961065	0.16147714095463653	0.1440241578216358	2.1923459759445874E-5
0.03596388040401534	0.05486548317556764	0.06329868842294095	0.15042674808400824	0.09402570556516293	0.14729914949711315	0.14780478083820803	0.16222351770266843	0.14407459937290754	1.7446937407766816E-5
0.04485887235497943	0.06715545471822887	0.0583441091359122	0.144349553581408	0.0848014756451907	0.1493921705654947	0.13920069395708684	0.1711541151484839	0.1407260848129423	1.7470080273085387E-5
0.03224195477613388	0.07050491782728724	0.06389559834747206	0.14061855059536044	0.08369663074697434	0.15870490306866986	0.13317203630894886	0.1707234510132442	0.14642233691691764	1.962039899153223E-5
0.03251644938313064	0.0731136234626836	0.05891751840293291	0.14039228388710523	0.0757710804747534	0.1541735084852763	0.1367220137990809	0.17112634902256807	0.15724971047874164	1.7462603727314008E-5
0.03620537630130455	0.06468616241658068	0.054376788076792505	0.1292996563298559	0.07068301820437871	0.1585323277392173	0.14437959971095363	0.16020627259399217	0.1816131670603955	1.7631566529049958E-5
0.04412784509572473	0.05941809435426916	0.05751391983539232	0.12646484660848986	0.07876465528893395	0.14352334614893708	0.14307468131403273	0.16219130029745774	0.18490424951150952	1.706154525288328E-5
0.044871762384902154	0.0563602021635087	0.052799382677691485	0.13133489689401376	0.08470679267541867	0.1506783453609577	0.13691305586203084	0.16325675135536843	0.1790541511920425	2.465943406577964E-5
0.03979621480046812	0.054956389087716245	0.05504121168544249	0.12922562158847858	0.08878015600787822	0.1466333153755301	0.13864897116031916	0.17211250126556304	0.17478673832390557	1.8880704698465145E-5
0.040017027754888024	0.05265941508631801	0.052366906899319526	0.12778128767245378	0.09223266840492879	0.15095741546413738	0.12874852173861764	0.17855718171420146	0.17665373331653628	2.5841948599128473E-5
0.04515300417268753	0.04428326861248138	0.05066470675350327	0.12558968051562286	0.09065641726571405	0.14914855250765896	0.13102519432840143	0.17788078292551712	0.18557217372009668	2.6219198316704273E-5
0.03860936112540507	0.04278196302579228	0.05352173641783595	0.12403103495515583	0.0925583002190306	0.14991210293567614	0.1306729381901333	0.18031208757437933	0.18757189716893133	2.8578387660183058E-5
0.05163993689477185	0.04128394561675796	0.05342035918774028	0.12370622957218708	0.08177029912858162	0.15319562609323256	0.12355002254884245	0.1793802233176362	0.19202660456527768	2.6753074972282742E-5
0.05338285422396836	0.04325265794139286	0.05143947412488822	0.11931858082215045	0.08374647710212942	0.15643746129588953	0.11803920930292985	0.17962256964947704	0.19473194245699071	2.877308018355007E-5
0.04122150194948193	0.037664226742985606	0.05143217141449076	0.128779267101386	0.0758570439938657	0.16186274622547836	0.1250231922046004	0.18053904291873235	0.1976068878886673	1.3919560311589918E-5
0.053226155896874364	0.03145305119790351	0.04563894612566028	0.1280803649879257	0.07057909092429265	0.16045444903188782	0.12577459630964402	0.18701823170198545	0.197756982989733	1.8130834093244008E-5
0.0528695073968011	0.04300712632272439	0.037418810318520984	0.1236191936254909	0.07684588155121896	0.15672298681329977	0.12850411792235125	0.17352899583790732	0.2074675234274522	1.5856784233117538E-5
0.0574291658904926	0.04769078187006791	0.03575616218596034	0.12728816566042644	0.07652121899992823	0.15599558539956215	0.12327484426034231	0.1681800545201658	0.20784938481197995	1.4636401074324956E-5
0.05598529654783362	0.05011165398215036	0.03573810313347568	0.13003915371545888	0.08053198062385476	0.1517936544879797	0.12316656783486213	0.16577295292824068	0.2068445368325587	1.6099913585435055E-5
0.04725030820670577	0.05779396511212806	0.04008400115108031	0.12392128459991697	0.07304093156719009	0.15514510191827618	0.13805139195497557	0.16007050174605714	0.2046216467514443	2.0866992225629377E-5
0.04570318125073897	0.058815964193389185	0.04126118873511323	0.11978889349132918	0.06921885419581911	0.16007705434500952	0.14118877413637138	0.1585555650240142	0.20536876697255252	2.1757655662771325E-5
0.04637941628263776	0.055051297728191194	0.04040648649313166	0.11840470676995696	0.07358670808440868	0.15965550432207176	0.13726336390910074	0.1587121778658425	0.2105124998910948	2.783865356394133E-5
0.04479048742230772	0.05553591022107297	0.039147343622866274	0.12240330399296767	0.07040665795926648	0.1631206385670833	0.13792319263066868	0.15764229861378162	0.20900358034055871	2.658662942654766E-5
0.07614999816701115	0.0468069576344278	0.02055518431557804	0.1396711146686411	0.08041929506117085	0.15703364736812775	0.13089628291850064	0.16779434098775514	0.18065881458983174	1.4364288955806548E-5
0.07142785578728623	0.04060959562077488	0.01625882943679266	0.14057237972127967	0.0873777794738693	0.16441794012505595	0.1313914343224555	0.16641605477293026	0.18151019181814101	1.7938921414537012E-5
0.06899073895173699	0.03758179309890432	0.01569361691297673	0.1454320339469768	0.08333535300252291	0.16392467760964924	0.1314415765731959	0.1697550668972615	0.1838155984157344	2.9544591041277823E-5
0.06655712888909575	0.03977797817847403	0.013796811564609324	0.1413152701980164	0.08521787314429391	0.16644057091504777	0.12980742566809875	0.1713652733296117	0.18570908122917407	1.2586883578219465E-5
0.06170507003415762	0.03812553955044781	0.014551576934865765	0.14504804561065218	0.08452781056332012	0.16826898117661923	0.12724649922058157	0.17382209689605446	0.18669454869550747	9.831317793793093E-6
0.059639290653674876	0.0403284120616494	0.016763228682874762	0.14791916414342146	0.08248190020844404	0.16489753091957288	0.1286550850308924	0.17312491567579755	0.18615861868167788	3.185394199481384E-5
0.0503946603343826	0.03814513676862789	0.03885202798646455	0.14387831507794493	0.07677740614723678	0.15591519746353105	0.12248955964456619	0.1670439399132429	0.2064728141503634	3.094251363970624E-5
0.05275417290215402	0.03830715341222287	0.04042662711870334	0.14441575232790713	0.07733637614608435	0.1571025171395779	0.12369590517830704	0.15949016465042012	0.20645779276651371	1.3538358109480009E-5
0.051183750769006095	0.03597176795629693	0.04259007811760377	0.14907785728727374	0.07518479166679626	0.16142991628399267	0.13032696464673055	0.15757344617209035	0.19665208074359092	9.346356618686325E-6
0.049225482501890454	0.03383071690471147	0.04507886623970926	0.1497250106531966	0.0760998195631864	0.16234962284328497	0.13004950580027635	0.15866574558183047	0.1949623088691744	1.2921042739547084E-5
0.04948483187528842	0.03749954791536557	0.0490315005968356	0.1462424465426162	0.07657089940905859	0.16337946692072064	0.1269343083778541	0.1579010494769545	0.19293495194327465	2.099694203173963E-5
0.048178519818230174	0.03403537699520125	0.055886538154676764	0.13995795488364574	0.07751568415863505	0.1625159857472634	0.12363086597081571	0.16343703396737852	0.19483103671183682	1.1003592316552457E-5
0.036317432733861996	0.0341106512812786	0.051391294483503575	0.14300092552215227	0.07461679590910844	0.15335815496978622	0.13412060468127382	0.16927406424734398	0.20378823344145428	2.1842730236795727E-5
0.02795705376796051	0.03665730783586467	0.04972431002490227	0.13854270135464408	0.09163298180941244	0.16060720039644866	0.12636674878377716	0.16335373380795998	0.20514463883094575	1.3323388084532373E-5
