0.22717150646587517	0.06973089017173931	0.31132350734219805	0.14654975167684509	0.24522434434334214
0.23448473434809847	0.07747416676289445	0.30406063071385037	0.1515270336176115	0.23245343455754508
0.24285512543563495	0.0817062195752766	0.2991465863371625	0.14812161364485366	0.2281704550070721
0.23093512563191765	0.07332805573666817	0.2981966422512461	0.15619219865486944	0.24134797772529842
0.23196043763039764	0.08078695357026044	0.3028686190466208	0.1472953339445116	0.23708865580820926
0.22703833568732978	0.07972627470717747	0.29475874238172384	0.15403499335232668	0.24444165387144196
0.2435677784434826	0.073719091864372	0.29710822811871496	0.15799519969178905	0.2276097018816411
0.23153669654494402	0.0673952102058899	0.3164867438938952	0.1467983435766346	0.23778300577863598
0.24080128222034441	0.0699302528339529	0.307008574515045	0.15017587891395145	0.232084011516706
0.2277862802629384	0.06826172397310423	0.3129918723407554	0.14805739836911153	0.2429027250540902
0.24056845524025605	0.07891757445506543	0.2997921596996571	0.1445665220207445	0.23615528858427665
0.23388021759674402	0.07627440608935054	0.30381088836529446	0.1431773506156731	0.24285713733293765
0.23486264992769662	0.07973990199033922	0.30089766123732226	0.1563159468101762	0.22818384003446546
0.23579055987134032	0.07306474519599904	0.3083134077526627	0.14453730649286317	0.23829398068713453
0.23224944217035426	0.07222914983463052	0.30301054199268	0.15863353043605066	0.23387733556628426
0.24610642551217218	0.07286787117571045	0.2956636271545034	0.15160657618083556	0.23375549997677816
0.23938407182605692	0.0704535933751283	0.30422752736911873	0.14774622997378603	0.23818857745590977
0.24040360078098327	0.07158496332475273	0.3009242257911403	0.155744092938823	0.23134311716430045
0.23801946465978754	0.06865483062962877	0.3042363808048028	0.14965371171550226	0.23943561219027834
0.24296184379765828	0.07404545774154953	0.29991372125838706	0.14752389515875894	0.23555508204364592
0.23954077549480343	0.07808954692726813	0.29621285803066055	0.15421123056016836	0.23194558898709933
0.2263141305228309	0.0729595929016757	0.3077099567187331	0.1528100492412798	0.24020627061548028
0.22399265323645648	0.08179727044215107	0.30281173063641276	0.15231004294614559	0.23908830273883386
0.24084577338552335	0.06695716655905146	0.306217429813725	0.1555479988277265	0.2304316314139734
0.22988333182345388	0.07741358705478066	0.30560369107896823	0.1568977054518035	0.2302016845909935
0.22567431803781274	0.07522013506582967	0.3139272032278191	0.15332990228743185	0.23184844138110647
0.23537824366349835	0.08183560066088649	0.29800293685250523	0.1495358477974895	0.23524737102562024
0.23338782560913315	0.07403733425653733	0.3034390762519183	0.1437226327702614	0.24541313111214957
0.24231298411890412	0.06971978134657905	0.3033446080871681	0.1458480014393283	0.23877462500802013
0.23320304111164028	0.07543038157759571	0.3108508547642267	0.15303346707169496	0.22748225547484208
0.23586924619170563	0.07271658963371222	0.3143575753098047	0.14578523932994825	0.23127134953482897
0.22714881266335923	0.06756783396844546	0.3107964733594316	0.15270051376460697	0.2417863662441565
0.23422510208488534	0.07497926665730187	0.31357631240657097	0.14411827642966266	0.23310104242157892
0.23646003653759928	0.07145753723320092	0.30756460814779696	0.15588114297812794	0.22863667510327468
0.23169313445762474	0.06828122960566602	0.3157046109303976	0.1428471281116288	0.24147389689468268
0.22635721975186004	0.06978585419802202	0.31626875917418	0.1548716165304527	0.23271655034548497
0.23265534362432916	0.07843618971090104	0.30929520154709733	0.14941124776739825	0.23020201735027399
0.2453818030006826	0.06837073731148732	0.29715929717481737	0.15921241739745784	0.22987574511555459
0.24495670223785818	0.0714960464645843	0.300542622541198	0.14327034120313484	0.23973428755322443
0.22788555531299726	0.07866549627095179	0.29549499080867087	0.1538583499390262	0.24409560766835361
0.22442449531993416	0.07909342388488473	0.31626935731155414	0.14478516856616058	0.23542755491746614
0.2423078265329876	0.06682889049169677	0.29906843213426887	0.14993319976089278	0.24186165108015376
0.23397850937228987	0.07117428993922784	0.29770475497275617	0.15952584212444343	0.23761660359128245
0.24482909463142055	0.07718101851304589	0.2987292901322259	0.1511896709382306	0.22807092578507687
0.2348840989880881	0.07868005133635234	0.29598512868207516	0.15668580154364495	0.2337649194498392
0.23898663619702828	0.06989068751929076	0.3007826282039581	0.1492171336207523	0.24112291445897027
0.23220319488171132	0.06618527579044295	0.3036777649745737	0.1561526953119926	0.24178106904127916
0.24156830514579483	0.0773728959199276	0.30897929539736574	0.14365444389073465	0.2284250596461769
0.24422934833453985	0.06706236617832947	0.3014526179012843	0.14942671603331573	0.23782895155253042
0.2351093999629881	0.07228229730500899	0.309013305976674	0.14431894978612353	0.23927604696920515
0.22903093685447903	0.069657712827006	0.30608408316999314	0.1554935089406504	0.23973375820787113
0.231153575445544	0.06922171341349193	0.3016639028022056	0.15470313039045422	0.243257677948304
0.22998495489150544	0.07620290824097578	0.3064021033871105	0.14597168206707328	0.24143835141333464
0.22871314715264304	0.0756626565670391	0.3093924277276898	0.15677699739779394	0.22945477115483387
0.24689912501154104	0.07088002233304605	0.29579156317189714	0.15782286269213425	0.22860642679138124
0.23634979951936713	0.07701882882397314	0.3011589689805506	0.1430523615945164	0.24242004108159249
0.22669753888079586	0.07565511636949859	0.29908780372763977	0.15429050921111023	0.24426903181095536
0.22423808342784934	0.07556068087527315	0.2970131919271626	0.15867406686510355	0.24451397690461113
0.23952612850244115	0.08015166720510293	0.30397112879345733	0.14324776148069507	0.23310331401830325
0.24547013640798176	0.07329912638259481	0.296510521557947	0.14569733233586052	0.23902288331561572
0.2247703679157646	0.0749302622518532	0.30807504045070533	0.1578315544893616	0.23439277489231508
0.23888629091620137	0.0716855694433442	0.29603012397794576	0.15349967851210067	0.23989833715040776
0.23813170102337383	0.0727032267572284	0.2981200853083942	0.15868097157268996	0.23236401533831338
0.22772659539254092	0.07512441574828409	0.316636906533557	0.14640953267580048	0.23410254964981722
0.24405231067832636	0.07253443614285474	0.3025806410286067	0.14652913802107853	0.23430347412913344
0.24422894253377475	0.06772168829142017	0.3048915113984496	0.1473103621891678	0.23584749558718743
0.22817852759288415	0.07900006119118674	0.30455060821677815	0.14741154666939071	0.24085925632975996
0.23929719560768256	0.06869777692812998	0.315573370694597	0.14333147876443955	0.23310017800515065
0.2445918391999408	0.07259177798598843	0.3025488631948987	0.14233935103744852	0.23792816858172333
0.2327284095367429	0.07842435161732574	0.2974227650890075	0.1580086242992319	0.23341584945769167
0.2424713615775336	0.07108787462212665	0.2971440519304863	0.15977429186277742	0.2295224200070758
0.2240186994218274	0.07805820761203346	0.296824054751141	0.15651522909354354	0.2445838091214544
0.23394918061384637	0.0692171205819227	0.3061562941825845	0.1541490728691542	0.23652833175249194
0.23621600430412665	0.07773656998529961	0.30746026603399973	0.14577075791334818	0.2328164017632256
0.23644383882279654	0.08095157034822166	0.30084531422678545	0.14435812385456762	0.23740115274762846
0.23721774457467384	0.07305920598201007	0.30072346068875877	0.14619064904628207	0.24280893970827497
0.2469480400243317	0.06709124292522989	0.298470809658292	0.15957191768935003	0.2279179897027962
0.22902250505085084	0.06939598971853148	0.31292218397586596	0.1511363760193798	0.23752294523537168
0.24200361581019292	0.06851905854723939	0.3105460579267724	0.142274773526059	0.23665649418973606
0.236645946040334	0.0753583654442112	0.3055537519712991	0.141418959909326	0.24102297663482947
0.23376083036800838	0.07791909162289683	0.31078703684131165	0.1453066666377437	0.23222637453003922
0.2360706613059927	0.06686422558112037	0.30778505856587346	0.14741917194112314	0.2418608826058901
0.23230909719543327	0.08010476143313763	0.29706516978500463	0.15288044590699892	0.23764052567942534
0.2317980627602269	0.08170746585228375	0.3054012536522298	0.14840235293174922	0.23269086480351003
0.2369258298903311	0.07559105049679249	0.30234617604883907	0.15604353001223348	0.2290934135518036
0.22524889531633835	0.07813567237367748	0.30342284379672263	0.15855645297069074	0.23463613554257057
0.2423971842823407	0.06789288611178232	0.3097122195839257	0.14587857274897448	0.23411913727297656
0.23136181106019704	0.07781743153809072	0.2972932511538094	0.15242612176146245	0.2411013844864402
0.2405555995128832	0.07903643107286634	0.30672760970744306	0.14309903447197014	0.23058132523483701
0.24015382495588217	0.07210514885384117	0.30640786627219757	0.14196486894777013	0.23936829097030876
0.22614493145383446	0.07130791790862567	0.3051047158562324	0.15394508925455508	0.24349734552675215
0.2268997734944899	0.07014958089668372	0.3130146655826134	0.14959739555660148	0.24033858446961126
0.2310246488063773	0.07009541092454391	0.3161161989176914	0.14608713572119564	0.23667660563019155
0.22567232257142994	0.08159934140413545	0.3106722757446315	0.15372812884267742	0.22832793143712546
0.2424508940405411	0.06873379164185331	0.31594296358245816	0.14346444479364256	0.22940790594150456
0.23173637188508356	0.07017348772236154	0.3112758628297041	0.15037876818211277	0.23643550938073787
0.23240283004596873	0.07821435123306955	0.2992240117551154	0.15926399446068765	0.23089481250515842
0.23082326938821884	0.0718675624561988	0.3109106762447494	0.14615043662945243	0.24024805528138032
0.22552310616659305	0.07680109633000122	0.31560754029711746	0.14128183196993285	0.24078642523635518
0.23985090062683703	0.0757261133851021	0.309275965455596	0.14295499410991222	0.2321920264225524
0.24596976404130966	0.06603566135216868	0.3014761941157963	0.1483423989755438	0.23817598151518127
0.2308421142830672	0.0724164277657997	0.2978047331834048	0.15499231077553988	0.24394441399218816
0.23850291282238884	0.07064281842456463	0.3030874431349176	0.14287784273142715	0.24488898288670158
0.23001938553590892	0.06778938339436957	0.31445295304816206	0.15620491807180065	0.23153335994975854
0.23350000180527092	0.07045429783415644	0.30041772571559405	0.15843553700951302	0.23719243763546533
0.23793435491307913	0.06729449470193885	0.31419178746861537	0.14759207117062578	0.2329872917457406
0.23472444980622564	0.06654304873000427	0.29570368524489865	0.15820108316344694	0.24482773305542427
0.24141050366688271	0.069235711274485	0.299077662184486	0.15158380946662145	0.23869231340752461
0.22824647806737736	0.0732093710599322	0.31346978280772453	0.15652186408995505	0.22855250397501065
0.23975357122786622	0.06681933195640108	0.31562828704070894	0.15007705810701905	0.2277217516680044
0.23223705319655366	0.06636431213074584	0.3141355376364583	0.1443830401403909	0.2428800568958511
0.23820230770536238	0.07331652617975926	0.30091376741532294	0.1566899961624765	0.2308774025370787
0.24034686760029642	0.06684924232194556	0.30592949719195023	0.15932276137309961	0.2275516315127079
0.23264458657152615	0.06688929861655465	0.30873077660439274	0.15593078829893467	0.23580454990859157
0.23588537326859674	0.08111614192783692	0.2954853577686471	0.15819833936026081	0.22931478767465818
0.2295758656420584	0.08214807082582089	0.3129893676739406	0.14751858926672462	0.22776810659145524
0.22849381761623655	0.0783792766639368	0.3102692185818758	0.14315738362380354	0.23970030351414706
0.23711159022947637	0.07873544070955342	0.31295382028321483	0.142402564226995	0.22879658455076013
0.23146972820488065	0.07548136128348269	0.3100950170005802	0.14288504632746518	0.24006884718359106
0.23097704394950286	0.08029251162964204	0.30409829015999856	0.1418267379770823	0.242805416283774
0.23419283220826462	0.07213956681256253	0.3154233869584934	0.15003048796630392	0.22821372605437523
0.24678111283191628	0.07874749224186192	0.2967347922957467	0.14677296530692854	0.2309636373235463
0.24103557970205092	0.07478343384552394	0.3062226543432965	0.14865029838909954	0.22930803372002884
0.23345330236335932	0.0799165991125688	0.3048448606898499	0.1427207655981006	0.23906447223612115
0.23067453172892982	0.07681302716217436	0.30379481094883476	0.1450671727447282	0.2436504574153326
0.23955954250934158	0.07717662390652735	0.3013449512492917	0.14331843479121406	0.23860044754362503
0.24608213902669512	0.07400833345318017	0.2960494577698444	0.15158550040686486	0.23227456934341514
0.22829516977286493	0.07506642379859202	0.3120641948362055	0.1540342904145974	0.2305399211777399
0.24227138869022394	0.06910353698064584	0.30753513660250775	0.1423573816526083	0.2387325560740139
0.22614767265854363	0.07934598975234246	0.29917374404772673	0.15416914939121393	0.24116344415017302
0.24244465755568595	0.07765391074203731	0.29573186142557767	0.14541088769931682	0.23875868257738198
0.23742208706636475	0.07384902538677682	0.3045661528878652	0.14138797834706382	0.24277475631192913
0.23743755202669176	0.07256894906573677	0.3014671747658054	0.1457442779280023	0.2427820462137635
0.23457245790937487	0.06851084875384267	0.30834679771802753	0.1454902010248423	0.2430796945939124
0.23597888865152303	0.06899519943976884	0.3077247323143739	0.1518444123417641	0.23545676725256992
0.22694620925775388	0.08120021022220124	0.31506439326944236	0.14285355956957294	0.23393562768102935
0.24091402764612935	0.06859546668248734	0.2980376805609873	0.15528998248386902	0.23716284262652673
0.2464483519467145	0.07259893446144458	0.2956441739620827	0.1566439201442678	0.22866461948549016
0.23034574980556377	0.08088772790234638	0.3111745885953965	0.14627066145975046	0.23132127223694265
0.24025565560417272	0.06804656340812398	0.2966825100455413	0.15771399136328781	0.2373012795788739
0.23987246664173817	0.0780597472912272	0.3015115287393515	0.15172730481286076	0.2288289525148221
0.24176908978647282	0.07316530440511493	0.29537071930741565	0.14838024346783887	0.24131464303315753
0.23000753580504135	0.08101234845325656	0.3111875129545174	0.1447241891044768	0.2330684136827077
0.23362298853116967	0.07896084950489499	0.3114992430544261	0.1421398123716228	0.23377710653788616
0.2255384546041796	0.0769983376465584	0.3091948164686163	0.15485986483488945	0.23340852644575605
0.22371491178294964	0.07994631718848555	0.3107763226871765	0.14738140871237068	0.23818103962901743
0.22450327590720892	0.08163711173956636	0.3116081886544558	0.1420470697038092	0.24020435399495949
0.22752483112485378	0.08160264872891257	0.30500061264404943	0.15700545366748828	0.2288664538346957
0.22436903876118647	0.0668676503192758	0.3138678806588042	0.14990375447527024	0.24499167578546305
0.23447887601304684	0.07384517634211096	0.31076200931354786	0.1429432443123099	0.23797069401898424
0.23562417091983212	0.06869637342300522	0.3157151184231456	0.15256812594646013	0.22739621128755672
0.23255121782788218	0.07842106658966981	0.31642625979225125	0.1441328468032885	0.22846860898690796
0.23556880575565156	0.06769390689004567	0.3099942573397107	0.1483322543808632	0.23841077563372864
0.23310637558903288	0.08011350414243987	0.296908479067226	0.15051081544290548	0.2393608257583955
0.2426721193613482	0.07055066690827058	0.3036161289503006	0.1560726218981301	0.2270884628819503
0.22640594105921694	0.07839584848328016	0.29765684486779936	0.15449025251704346	0.24305111307265984
0.2392489458204281	0.07841276957178146	0.31224755504016316	0.14200902743084737	0.22808170213677964
0.24633991048148546	0.06781227367699766	0.3075233082806884	0.1496646030019595	0.22865990455886875
0.22825859558928896	0.07464454610097146	0.2983220996792892	0.15815711901401924	0.24061763961643093
0.23908392975962958	0.06876809978608656	0.3080495600937749	0.14191097089615232	0.24218743946435645
0.2268867400988299	0.07948972779522837	0.3072249337013855	0.15568907453777459	0.23070952386678145
0.2314576841131838	0.07057212037677729	0.3106926121480149	0.14521059904085204	0.2420669843211718
0.2432718151007967	0.0777112430043741	0.30044192754160903	0.1483309808555029	0.23024403349771702
0.22413140213035254	0.06905808109203876	0.31474403194623524	0.14750927515070655	0.2445572096806667
0.22624167950568552	0.07605977773189929	0.30295694528921524	0.1514333402959266	0.24330825717727314
0.23272714173935602	0.08159698803959517	0.31109042546983673	0.14224932051369965	0.23233612423751218
0.22898583236963646	0.06603250340540429	0.31369048975364	0.15971267798053773	0.23157849649078133
0.23496893948433537	0.0750138068081799	0.3032580223204362	0.14575560159193057	0.24100362979511775
0.23072815090300255	0.07807275198755391	0.3074286250454382	0.15293927343637903	0.23083119862762602
0.2459399789403231	0.07286853252280173	0.3066804321406134	0.1461143125483049	0.2283967438479566
0.22639199997318452	0.07424164655361692	0.3161438507868323	0.15309117400463135	0.2301313286817347
0.23301561417651862	0.07971891997345845	0.3044317733834787	0.14180356383285198	0.24103012863369197
0.2419814371904228	0.07522837451804831	0.29622762549502224	0.15758753537719994	0.22897502741930648
0.24038548063843995	0.07039040401912436	0.30101453497783626	0.15680054218361045	0.2314090381809888
0.2401483982901459	0.0677689792410684	0.30369393065512373	0.1514169883852263	0.23697170342843543
0.24627827709905106	0.06754599763253358	0.3094153760971171	0.14329852851411776	0.23346182065718019
0.24511540647841867	0.07452650928405846	0.29808136076570857	0.14919225989109852	0.23308446358071547
0.2314959428196509	0.07032480474659486	0.3143614884638956	0.1543429875674307	0.2294747764024277
0.22565752465029518	0.07989132956785198	0.3151615507756852	0.14668138229637795	0.23260821270978946
0.24284394818195917	0.0791240588970844	0.300279485532936	0.14509684239806148	0.2326556649899587
0.23558112618728932	0.07738978872532934	0.29497795743540256	0.14772782275093765	0.24432330490104087
0.24439342505838785	0.08145419115869387	0.2983607723621073	0.1474222806771202	0.22836933074369056
0.22931848113490447	0.07697622660812917	0.3082687664327797	0.1583311796894905	0.22710534613469588
0.24268299025763126	0.0679076671317436	0.3034407825963046	0.1544239066871719	0.2315446533271484
0.23072805076500125	0.0760304187333396	0.30968081337235615	0.14392184091349106	0.2396388762158117
0.22425063627693484	0.08019346884755624	0.30525436936062766	0.15138126134733038	0.23892026416755066
0.23999181482688173	0.07530057164576615	0.29707401457791427	0.15831373283026798	0.22931986611916963
0.23774564051160016	0.0810221204291254	0.3031274091060283	0.14579991909719248	0.2323049108560534
0.23237089151099316	0.07261836515371822	0.3100028682876844	0.15419822810723618	0.23080964694036774
0.239717856582004	0.06871548844377068	0.29815386564296525	0.1534421680072862	0.23997062132397362
0.22757268837419345	0.08079517939835786	0.30785779673225183	0.14792973509205282	0.23584460040314378
0.24549515436126684	0.06844463045325519	0.3006347672949822	0.14926815779978964	0.23615729009070588
0.23671381866075042	0.07151440562669445	0.30380226985055125	0.1579007470099245	0.2300687588520791
0.22399684129569977	0.08082337265168281	0.3150243448093211	0.15208040969100972	0.22807503155228634
0.23060931688577768	0.07941692665117664	0.31682785827667653	0.1425757168531842	0.23057018133318466
0.23906384897272237	0.07775124799400032	0.2983388671003974	0.14555648009762828	0.23928955583525136
0.2468915166545656	0.0676346420631859	0.3077002858819727	0.1464116537694758	0.23136190163079978
0.2254527389298608	0.07632414799980038	0.3169713576590325	0.1523757978406295	0.2288759575706766
0.22989689331506322	0.08101781999197755	0.3022189239390862	0.154777880375416	0.23208848237845672
0.2276077606043432	0.070452307296964	0.30923680784889485	0.14866298018521032	0.24404014406458738
0.2423471878508055	0.06999659963114496	0.3066944854097201	0.1468796129405086	0.2340821141678206
0.2338276991176239	0.06884098341349668	0.3126160730705163	0.14918314186464232	0.2355321025337206
0.24214537710960188	0.06614139754902884	0.3097883011098653	0.14150581295906925	0.24041911127243443
0.23725682348475727	0.07357046383618815	0.297295147916784	0.14780685858583462	0.2440707061764357
0.2370115656182392	0.06797396434837222	0.31394934061588153	0.14163076859071239	0.23943436082679437
0.22806810013400322	0.0809046741169421	0.31070578439176955	0.14920943375112972	0.23111200760615513
0.24401085934719405	0.07868402766217301	0.2950397091330038	0.15471249422909028	0.22755290962853852
0.24235309233027338	0.066005884780589	0.30745466279405176	0.15047135483588508	0.23371500525920053
0.2331679750305674	0.07019234364367988	0.31640037929530135	0.1526111826129986	0.22762811941745253
0.23779200252753663	0.07518749302532148	0.3038162124789907	0.15230357213522847	0.23090071983292249
0.24192645688045933	0.06777571329229973	0.29846182089248635	0.15638560380637925	0.23545040512837506
0.23798667910973687	0.0766564607170801	0.3077995623469416	0.14146976749129722	0.2360875303349439
0.22578809198063038	0.07016798439564179	0.3132482061990394	0.15076685161572473	0.24002886580896343
0.22454341282304738	0.08089722520002798	0.31694345753569586	0.14231728785319536	0.2352986165880332
0.24575438424742324	0.0689865726435433	0.2983562989853857	0.15031396448645354	0.236588779637194
0.24426280774877865	0.06617010654601019	0.29503044279732077	0.1495262424070974	0.24501040050079276
0.237600917163533	0.0700742096670322	0.308365014477444	0.14573314677878915	0.23822671191320138
0.2346245854071444	0.07322372783816974	0.29966368148337863	0.15837017764128067	0.23411782763002634
0.23627885937014845	0.06675067478431093	0.30458019309313955	0.15047836975282947	0.24191190299957133
0.2274067719748299	0.07443630226385231	0.3120330725220051	0.14591860991917982	0.24020524332013266
0.2343977324851598	0.08013232469231432	0.3068069982235235	0.14276340014230246	0.2358995444566997
0.24683146584525364	0.07998354651010628	0.29576971560300125	0.14843259921370605	0.2289826728279325
0.23123142040638286	0.0723879246187038	0.3033477813876898	0.15541118050091787	0.23762169308630546
0.2354291945294108	0.06708639031728766	0.3055180404523534	0.14668817696682285	0.24527819773412504
0.23495383859072988	0.06949474340450754	0.30348069767660657	0.1502469443342816	0.24182377599387417
0.22471923582227402	0.07040695294568083	0.3166925991160931	0.1551708139568943	0.23301039815905747
0.23425101072175578	0.06952800877191403	0.31552241245674567	0.1448907191186904	0.2358078489308939
0.23624906545128727	0.06798082497539526	0.3059409998917856	0.15100184130018918	0.2388272683813425
0.22398182974624153	0.06745205620479688	0.3146097898431388	0.15024374381215644	0.24371258039366608
0.2447600516981893	0.06702813874886165	0.3152118875736538	0.1449466322497116	0.22805328972958336
0.22514088707525454	0.07090473934419633	0.3155993865310309	0.15686160920575942	0.2314933778437586
0.2309616527947144	0.0738758953807514	0.30285171791938514	0.15048332659178917	0.24182740731335964
0.22475229662394416	0.0727962176499676	0.3157246793084654	0.1553325055207958	0.2313943008968268
0.22541278685237773	0.07638334939039064	0.31276235730147894	0.14386004996796262	0.24158145648778984
0.24115072036362756	0.07534665011717528	0.2974239958291757	0.14253110045068942	0.24354753323933176
0.23765615426507652	0.07670360913170131	0.3103391201046881	0.14465503270070043	0.23064608379783336
0.23034649577247107	0.06727007804472732	0.31316157565851976	0.14650091197124873	0.2427209385530329
0.2424598807843049	0.0776781905472173	0.29638676342604037	0.1548155794445451	0.2286595857978921
0.23567034082953908	0.07617645781027775	0.29907537470416545	0.14902973786035065	0.24004808879566683
0.23690490030380837	0.07221807650094614	0.2968552061239155	0.15495468989203678	0.23906712717929293
0.22896604062387135	0.07949503934914433	0.3061690478343267	0.15336446267247808	0.2320054095201793
0.22527154059120508	0.0729309194531596	0.3159973279531424	0.1559586298848234	0.2298415821176693
0.23532531232687853	0.06853631357584408	0.3127894918407221	0.14621690204296028	0.23713198021359477
0.23165597872228677	0.06921506807566968	0.3131725552789374	0.15780452781836563	0.22815187010474028
0.23004644237032762	0.06749426152095417	0.30900055796635406	0.1488453516982153	0.2446133864441486
0.2337350299504002	0.0705749928875205	0.3109977005115527	0.14244372036783667	0.2422485562826897
0.22391367257047382	0.06653813018698976	0.3157645357371326	0.1509296724656588	0.24285398903974478
0.24299686457868436	0.07429741784078189	0.3140114509070042	0.14160080056586094	0.22709346610766834
0.23846940063849206	0.07879570473703496	0.30535703536242265	0.14748981434543348	0.22988804491661655
0.23540058149857843	0.07410509703245743	0.31478514072316033	0.14160989945947397	0.23409928128632956
0.23220384098995026	0.08078954165293438	0.31143889640662376	0.14812929428063643	0.22743842666985495
0.2266797307518933	0.0705066154456517	0.3070993281274934	0.15878259777599024	0.23693172789897116
0.23656531341895765	0.07062132170293342	0.3045275730163632	0.15015811521769762	0.23812767664404788
0.22446190765716653	0.07878296227945518	0.3151512045236019	0.14349154404557435	0.23811238149420177
0.2261810783497057	0.06707063617568243	0.31376177639327674	0.15611926292305878	0.23686724615827615
0.24263981869247978	0.07232844717659506	0.29485588221685854	0.15611371781565136	0.23406213409841498
0.23944817063488572	0.07060822680366127	0.3158591746559616	0.14339410040196715	0.23069032750352403
0.24424945316320323	0.07004084851279097	0.29910832471970555	0.1481872481205974	0.2384141254837026
0.23691225465548293	0.0795690567045332	0.2963498851355663	0.15307055759129176	0.2340982459131255
0.24361879985705182	0.06860218053885359	0.2952736588705969	0.15572483877428747	0.23678052195920996
0.22401793390896843	0.06641631022664668	0.31454651161849617	0.15068319036707628	0.24433605387881224
0.24053651081630872	0.06868756144820876	0.31218370092207903	0.14288411516886407	0.23570811164453914
0.23375049225153824	0.06874932263171876	0.3142044386665507	0.15463328057965994	0.22866246587053213
0.23884553488756308	0.06779582413518268	0.3114952946095785	0.14433840405310522	0.23752494231457033
0.2408651772652171	0.08151182693737326	0.2969103060868249	0.14955865285231595	0.23115403685826852
0.2464351289355264	0.06984797844190002	0.29534422050848597	0.15720130102952798	0.23117137108455937
0.22855888917984923	0.07895325637998069	0.3042508888075872	0.15141156016699067	0.23682540546559194
0.23185589205873397	0.06888486860951054	0.3059575580325565	0.1584324272542909	0.23486925404490788
0.2443766119004216	0.06913199638938666	0.30315775557887653	0.15143058558430064	0.23190305054701438
0.2400198092298157	0.07693021888195865	0.29739718159206197	0.14692961620456074	0.23872317409160265
0.23834249752783188	0.074625672211344	0.30263850431936595	0.14321559672356882	0.24117772921788913
0.2344002840452405	0.07443799493703471	0.3137970274054279	0.1446620496488099	0.23270264396348672
0.23581237944384115	0.07509430269900902	0.3071947752131525	0.14107788583441527	0.24082065680958184
0.24381935471044303	0.06736468500258716	0.31578373621228256	0.1441152197840341	0.2289170042906529
0.2447317225507402	0.0664737429853143	0.3069558641675454	0.15199364092538914	0.22984502937101076
0.22870635961348448	0.07215689876199444	0.305906512775869	0.1543076089352112	0.23892261991344063
0.2351511251255074	0.07204095902964314	0.30015126203903775	0.15066877401111753	0.24198787979469394
0.23590001567018573	0.0686451147742794	0.31481595618279945	0.14888719771026962	0.23175171566246552
0.232396676356464	0.07142493861945656	0.30564411816226283	0.1560184823630383	0.23451578449877808
0.2407555607498355	0.07539267117444351	0.2987175824167322	0.15527349993188438	0.2298606857271042
0.22447220135127907	0.06693360295086648	0.3147540909542726	0.15471889125697047	0.23912121348661114
0.23795745888219139	0.06744811040097903	0.3077674592590329	0.1467449591694584	0.24008201228833803
0.24723245448392905	0.07147390300857326	0.30276010788240354	0.14862902836907516	0.22990450625601871
0.2420757368296178	0.06971099861555746	0.30067305258335175	0.14568926806678942	0.2418509439046833
0.23368236261753136	0.07179366146343169	0.3030375920450201	0.1506318482631495	0.24085453561086706
0.24335295926945916	0.07337145742646539	0.3000049531199686	0.14475545542527105	0.23851517475883555
0.24030229459659552	0.08175422201561	0.29651322876955016	0.14843271990660029	0.23299753471164375
0.23808061884858242	0.07856400793059627	0.302584551981009	0.14835425177089337	0.2324165694689187
0.24031273315338866	0.07200842687885373	0.31254448145619584	0.14575480720207296	0.22937955130948853
0.22838563888098778	0.07553561265804738	0.3119708244498029	0.1424566568640383	0.24165126714712337
0.23385585563726174	0.08110431240190924	0.2990552315843648	0.1564729490790991	0.22951165129736495
0.23408204457300505	0.07561755292700867	0.3108455712125865	0.14301141570184464	0.2364434155855549
0.2301396329326522	0.07048169357033493	0.29712151151204547	0.1586285426244537	0.2436286193605135
0.24018807670398312	0.06651718582147073	0.3097891256959487	0.1432368917082613	0.24026872007033592
0.22470067309002584	0.06595779098907992	0.3150465345148029	0.15719937510926632	0.2370956262968248
0.22922962085476797	0.07762016940723974	0.31055966872642526	0.1415518759121825	0.24103866509938426
0.23755442880959948	0.069857371296664	0.30101451966525056	0.1590238654631232	0.2325498147653625
0.24209147199900966	0.06885556714317392	0.29887286438264427	0.15727597513147307	0.2329041213436988
0.22665128060159823	0.07067594935714067	0.3166207997656649	0.1465383507507371	0.23951361952485892
0.23077483154550754	0.07364779790004858	0.3033436983010227	0.15326348869908757	0.23897018355433336
0.22881858717202275	0.0671666298198042	0.315878725126988	0.15827529809641067	0.22986075978477413
0.2243636952196853	0.07705067253767327	0.3150580014305868	0.14937192818415834	0.23415570262789603
0.23971234092208094	0.07077989962940898	0.3077667744715535	0.14568829500592456	0.23605268997103182
0.2301269094473378	0.0774816562517616	0.3078741502564816	0.15421329691280566	0.2303039871316131
0.24579173781974234	0.06926116215503456	0.3068531337002543	0.14238079774542362	0.23571316857954494
0.22732454462580318	0.08189146822994081	0.31240473252159495	0.14407283160344803	0.23430642301921276
0.2430890008371554	0.07004577174647045	0.29885904577563943	0.1463036074144468	0.2417025742262877
0.22545634398477826	0.06856937702102225	0.31497079674299244	0.14878506845530268	0.24221841379590414
0.24294767364781594	0.07082289296614941	0.3072424829427796	0.15097033266609972	0.22801661777715507
0.2355655397545262	0.07482471040509012	0.31062778940650715	0.1437072437631179	0.23527471667075836
0.2398531091055217	0.08191808904773841	0.29592960775718435	0.14151698995502443	0.2407822041345309
0.2261400579316382	0.07480118633394348	0.30176569550613164	0.1578299959846199	0.2394630642436666
0.2366023938147348	0.07359688347572593	0.3151630503634678	0.14244869302433608	0.2321889793217351
0.24092857572648185	0.06875715659288004	0.29981507465194607	0.1508141271368486	0.23968506589184319
0.2362211498827508	0.07826543021983344	0.30656481121971946	0.1459281152554866	0.23302049342220948
0.22766368859233502	0.0730667357486299	0.31006339181041015	0.14963154848742352	0.23957463536120116
0.23719670911466745	0.07031702517077554	0.3093705742307815	0.1545048522032882	0.22861083928048706
0.2465820112208394	0.06823523314756091	0.3008044431429441	0.15390877266743339	0.23046953982122198
0.23711509378447365	0.07252937035501739	0.3030947821964471	0.14998328406294525	0.2372774696011164
0.2346984316451235	0.06722787650375253	0.3144066867671767	0.14531950125360532	0.23834750383034167
0.2429819526889671	0.07242122057345943	0.3125277739053106	0.1448646643527175	0.22720438847954516
0.22590054219279243	0.08159265780225379	0.29916175308470766	0.15000291399962806	0.24334213292061785
0.2322532082880679	0.08210284554422224	0.29841220587365175	0.14374410046051694	0.24348763983354094
0.22479371419260516	0.0783352618813775	0.3108262080317864	0.15293384060895482	0.23311097528527588
0.229418843206089	0.0666220763608314	0.30840747448835065	0.15873815229219118	0.23681345365253753
0.2315191589368929	0.08048047143244083	0.29505638110971844	0.1513442774344389	0.24159971108650866
0.23110370897717825	0.06971003269847606	0.30480236037035957	0.15294012036662868	0.24144377758735722
0.23847270714147792	0.07491628250968738	0.31390990743924196	0.14165036976724515	0.23105073314234734
0.23754497368696598	0.0791043121877678	0.30658644332761664	0.1465721753696616	0.23019209542798771
0.2338774763307987	0.06888278937638487	0.3089450672994586	0.15186384570175998	0.2364308212915976
0.2439011224782921	0.06699730846829766	0.3099128154656148	0.14549121152878047	0.23369754205901477
0.2368646729904265	0.06763476133155591	0.3158769283970795	0.14897961412119703	0.2306440231597408
0.22379488353705773	0.07743032324307211	0.30768292882336484	0.15003336486286187	0.2410584995336432
0.23746631005954089	0.0719073327606958	0.30225747162516203	0.14373428020173457	0.24463460535286646
0.22466421311207121	0.0681058111366595	0.3117163370057218	0.15726911680733047	0.23824452193821677
0.22421503777283813	0.06652692977839963	0.31658120345287655	0.15374756945504375	0.2389292595408417
0.23098670583354558	0.07180074934960567	0.31071688481750986	0.15285884056617904	0.23363681943315961
0.24633096001591154	0.07300887147769225	0.2980178117000142	0.14461423932909653	0.23802811747728525
0.23452732323897346	0.06678312299118613	0.3149356499137988	0.14734778888273636	0.236406114973305
0.23959584395760852	0.07488724903925675	0.30274050161083144	0.15090595984273994	0.2318704455495631
0.245657063298388	0.06894054957916823	0.30381792424516996	0.15012865633204237	0.23145580654523124
0.23770798517677805	0.07583313507840274	0.30472847246943663	0.1457892262546454	0.23594118102073688
0.2426178693895247	0.07246705104093054	0.31128751270207333	0.14360536756314995	0.23002219930432116
0.2252905790347547	0.07066170892751733	0.30454235130651325	0.15879393550920326	0.24071142522201122
0.2317005065881937	0.06740300620590514	0.31254154087926656	0.15527771221700787	0.23307723410962652
0.22365404294059976	0.07554327802986395	0.3100750778077735	0.15880834794880416	0.23191925327295837
0.22854490259351845	0.07456626640040939	0.30520056879130514	0.1542799511866945	0.23740831102807228
0.24159483174739743	0.07922407482220636	0.2948081266300996	0.15443860184205194	0.22993436495824443
0.24014035951591725	0.07466403703698904	0.29512207285117537	0.1485475985489899	0.2415259320469282
0.24717691763548716	0.06721480381812919	0.30706175797821256	0.14422587003742915	0.23432065053074178
0.23955064295629386	0.07233700997610801	0.30931473545165666	0.14728550633628612	0.23151210527965507
0.23190092244585822	0.06635647175135653	0.30877234230954875	0.1552174171479909	0.23775284634524532
0.23510612799135522	0.0734413606263277	0.30094629746826734	0.14695595934844066	0.24355025456560886
0.2411889245901861	0.06604712072836486	0.313219694224143	0.1477383962981767	0.23180586415912915
0.23671644306002795	0.07437341145301474	0.3043107562670311	0.15008861785717392	0.23451077136275206
0.23063743182293703	0.0741033783331469	0.30278819405194324	0.15168902853766472	0.24078196725430784
0.23430416128313059	0.0660343070195816	0.3056214725421289	0.14977475466179904	0.24426530449335965
0.24128556348615848	0.06920254540076401	0.2954269307760821	0.15970857523255275	0.2343763851044424
0.23352636351379602	0.07647016694042012	0.30006982288507783	0.144959294198519	0.2449743524621868
0.23596361393427326	0.0727864259865505	0.30785831042740286	0.1453785820111093	0.23801306764066388
0.23853376877600574	0.06737836675258896	0.2952721611031897	0.15776467495671442	0.2410510284115009
0.2250474053602026	0.07670814285089231	0.30035765390421637	0.15372092796405493	0.24416586992063358
0.22624492407243169	0.07363930418635134	0.3151906355809563	0.14560600540064111	0.23931913075961941
0.2325530752377491	0.0697335628694446	0.3060284856363537	0.14822882933435508	0.24345604692209727
0.23225745366990255	0.072543440635502	0.2991317791476761	0.15297136745960488	0.2430959590873143
0.2338224884627686	0.07839441580465992	0.3007490493788009	0.15790607627973066	0.22912797007403965
0.23084221536959612	0.07869289974745175	0.29777002619151005	0.1512867331860281	0.24140812550541374
0.23994710136384678	0.0711538236495686	0.3043281286115269	0.14797366022452413	0.2365972861505333
0.2412935881677467	0.07316485732530723	0.3122895339879157	0.1434806399281843	0.22977138059084581
0.2333881976039449	0.0704766979872967	0.30780157830206234	0.1448672275679419	0.24346629853875396
0.23990505316351415	0.07979138230119695	0.30226698052417855	0.14739668449230428	0.23063989951880579
0.22980143800624986	0.07959606482779409	0.30148214366741233	0.15462490545290014	0.23449544804564337
0.2428489188656952	0.06777839916557665	0.3006954322267386	0.14635635938600716	0.24232089035598214
0.24131953138639536	0.06777386106470534	0.3057906196881128	0.15384168149345975	0.2312743063673265
0.23001688895463057	0.07687688423305128	0.31021383178114464	0.14460440752341755	0.23828798750775573
0.22782681513385125	0.08145692684648566	0.30878268340202736	0.14351815651632363	0.23841541810131184
0.22769375040105133	0.08110969467631136	0.2982369825387971	0.14820508244450056	0.24475448993933938
0.23332427919810655	0.0689261532191561	0.2972998291280219	0.15988204788052796	0.24056769057418728
0.22861737246538488	0.07830686685453533	0.30268765769337314	0.1499422203293504	0.24044588265735606
0.2391751711993746	0.07528769007484486	0.29712345039088295	0.14386671949466545	0.24454696884023194
0.232335884715748	0.0676499108644166	0.31597249913415393	0.14376421601120898	0.24027748927447226
0.2305057789429699	0.06803894291754797	0.31624454824128523	0.1471123445339611	0.23809838536423555
0.23130369415991014	0.07802324292082605	0.305357786625156	0.14567766791516687	0.2396376083789407
0.24374055456684476	0.0781685049365197	0.2978765725930981	0.1474394414153094	0.23277492648822784
0.23327942930642315	0.07624714474130241	0.30353027230423235	0.1513441351428492	0.23559901850519271
0.2398520439611322	0.06983818077780868	0.3128357071138542	0.14495572300285242	0.23251834514435227
0.23002282151078776	0.07155623536627606	0.3110799138034238	0.15621910788169563	0.23112192143781646
0.223724005340101	0.07942661274819485	0.30510532820553693	0.1499816052117455	0.2417624484944215
0.23570725133848075	0.06609437269738327	0.30817553991359925	0.15515986319093283	0.23486297285960364
0.24066303620114965	0.07319424553995638	0.2963391801727415	0.15410072867914598	0.23570280940700622
0.2356482972393385	0.07654015951782978	0.30453792608979247	0.14151952879426116	0.24175408835877782
0.23818486479624992	0.06970431744788164	0.3029643983719927	0.15720205950212313	0.23194435988175238
0.2331961131496107	0.08023291721818603	0.3029894156705891	0.15598142606565596	0.22760012789595796
0.2390381633345805	0.07640390738429961	0.29961565835539616	0.14750128686881256	0.2374409840569109
0.2444320103066916	0.07428659462551043	0.29956546917982485	0.14866994610041306	0.2330459797875598
0.24570724020850365	0.0659377007271999	0.2977419286576382	0.1545731767829227	0.23603995362373525
0.24475120632390432	0.07014407886622936	0.3048327720557875	0.14965187790549755	0.230620064848581
0.22566123448880637	0.07812753922320241	0.3079480835277207	0.15353233789639903	0.2347308048638712
0.2331635740002404	0.06639923561569389	0.3099931926857118	0.1477227360432497	0.242721261655104
0.2292073782447569	0.0696766770928619	0.3119718544728584	0.15873539548216936	0.23040869470735317
0.22701506982058184	0.07881150391066151	0.3073503707647378	0.15338672732857533	0.23343632817544327
0.23451476048129308	0.07668729884467498	0.30738567032519476	0.14189362017527402	0.2395186501735629
0.22987389502633676	0.07859854236181982	0.3035829099960177	0.14588599307888928	0.24205865953693617
0.23430276304636466	0.0666949894945073	0.30467692016597137	0.15187520886748848	0.24245011842566794
0.23555058162704845	0.07485846919847136	0.30176606485635993	0.15269566609399	0.23512921822413002
0.24439808554641096	0.07757653547170734	0.30408370556529674	0.14480324775339753	0.2291384256631872
