0.1538291359770802	0.3835311406132552	0.46263972340966475
0.15349481429952994	0.38391931727106254	0.46258586842940763
0.15398891185850597	0.3846592476123971	0.46135184052909706
0.15747414148487626	0.3799083201380567	0.4626175383770672
0.16062752144713655	0.3808362112963135	0.45853626725655006
0.15924179059584367	0.38395382301488234	0.45680438638927406
0.15498897475455953	0.3823666597477887	0.46264436549765187
0.15509178338242616	0.3813969749817252	0.4635112416358488
0.15695644107889062	0.3847651383224166	0.45827842059869295
0.15677870040733782	0.3808778318851064	0.4623434677075559
0.15720793203189126	0.38433222783784377	0.4584598401302651
0.15481721137036364	0.3860683481938416	0.45911444043579486
0.15622444085227188	0.382336939399794	0.4614386197479342
0.16242064305825413	0.38193792240599667	0.45564143453574935
0.15519558541170142	0.3868618572839534	0.4579425573043453
0.15210758459878376	0.3850017440567697	0.4628906713444466
0.15480733102942593	0.385957551152999	0.4592351178175752
0.1584483363259725	0.38033648059304614	0.4612151830809815
0.15994463432549233	0.37974131286079366	0.4603140528137142
0.1589977006131561	0.3815831003040939	0.4594191990827501
0.160320754317187	0.38055933156283966	0.4591199141199735
0.15728000494075398	0.3813638288360135	0.4613561662232326
0.1565390936335045	0.3833626712042478	0.4600982351622479
0.15924782355957703	0.3802085301482059	0.46054364629221717
0.16100494432444445	0.38324665028852006	0.45574840538703565
0.15227472187185725	0.38451400414596304	0.46321127398217987
0.15296731471076808	0.3868235387319818	0.46020914655725026
0.16012704147877213	0.3795116074266245	0.4603613510946035
0.15725752869994378	0.38388845157043755	0.4588540197296188
0.15796148443922078	0.3811351246322452	0.4609033909285341
0.1609618763837199	0.3832377452558531	0.45580037836042714
0.15847424311818867	0.37964320030791593	0.46188255657389554
0.15306237457173008	0.3850348197977493	0.4619028056305208
0.1615120302050848	0.3795641502894852	0.4589238195054301
0.1578663908175878	0.3824063442541469	0.45972726492826543
0.15892827500073478	0.38247468150430586	0.45859704349495944
0.1584697518375603	0.3832509390583749	0.458279309104065
0.15669967758016573	0.383116026665923	0.4601842957539114
0.1579172057228985	0.3858685103769115	0.45621428390019014
0.16258424221460457	0.3794578561076511	0.45795790167774447
0.15669706625457894	0.3863340997742405	0.4569688339711807
0.15966791833346794	0.38357523286444284	0.45675684880208933
0.1613619014513587	0.3830496557213331	0.4555884428273083
0.15715700241797123	0.3866453234485218	0.4561976741335071
0.15468657464505958	0.3845734988608437	0.4607399264940968
0.15943584118664236	0.3805705114080867	0.4599936474052711
0.15577967351927458	0.38528550322121086	0.45893482325951473
0.15674693625608285	0.3809642409903387	0.4622888227535785
0.15367499921319464	0.3845682646930509	0.46175673609375456
0.15943806269833416	0.382336093089854	0.45822584421181195
0.1594718004356367	0.3810841377297405	0.45944406183462294
0.16073710890774595	0.37944980882248525	0.45981308226976886
0.1582283198413811	0.38353405416732134	0.45823762599129764
0.15458219488320643	0.38593458154270127	0.45948322357409244
0.1573781620015492	0.38117865273725815	0.46144318526119277
0.15646500011254627	0.38587474437753094	0.4576602555099229
0.16172448038041748	0.37935074297228155	0.4589247766473011
0.15358688228633405	0.38639141538367316	0.46002170232999295
0.16237917282414194	0.3812207131607867	0.4564001140150715
0.16005221255447563	0.38101175227572615	0.45893603516979836
0.15676478398025864	0.38534468421420925	0.4578905318055322
0.16109888750841486	0.38078222882806906	0.45811888366351616
0.16093648262017407	0.3796268307513896	0.4594366866284364
0.15321383721727894	0.3856399320425106	0.4611462307402106
0.1571495491096117	0.38306813817633195	0.45978231271405645
0.15527245626351452	0.38309137911502655	0.46163616462145907
0.15662226309789867	0.3818645168848595	0.46151322001724193
0.15648859888565542	0.3845838726911719	0.4589275284231728
0.16270642248916103	0.3804921045387029	0.4568014729721362
0.1584021901270185	0.3830497983528054	0.45854801152017627
0.15908315322839994	0.37974047991944193	0.46117636685215824
0.15891172073359106	0.38158311549146845	0.45950516377494066
0.15476597394017505	0.38343745401383733	0.4617965720459878
0.15722171971812976	0.37936967046286596	0.4634086098190044
0.15663060322239797	0.38639635321346366	0.4569730435641385
0.15947138683852302	0.38398557730968025	0.4565430358517969
0.1578383208142326	0.38375215106267946	0.458409528123088
0.16026981835004933	0.3799443174329024	0.45978586421704837
0.15999571115264133	0.3843604158979715	0.4556438729493873
0.15929812399467502	0.38251411338035013	0.458187762624975
0.15938606626393656	0.38445726155362325	0.4561566721824403
0.15381770152674265	0.38601757517687757	0.4601647232963799
0.1591397354991721	0.3806153634349889	0.46024490106583904
0.16256249393705824	0.3795650435752109	0.45787246248773095
0.15450647595316025	0.3869199004632862	0.45857362358355364
0.15943904817117224	0.38189562062628496	0.45866533120254294
0.15231492337215263	0.38507909091872583	0.4626059857091217
0.15217969573320672	0.38604288448016305	0.46177741978663034
0.1543821274798727	0.38306405201683874	0.4625538205032887
0.152201476093203	0.38473286738511464	0.4630656565216824
0.15912389023552753	0.3821360163515274	0.4587400934129452
0.1576339940241055	0.38032115048888093	0.4620448554870137
0.15659195524531963	0.3808058887785568	0.46260215597612364
0.16164585057148434	0.37965834836251977	0.458695801065996
0.1573545607415759	0.38261029934221175	0.4600351399162125
0.15490290529068007	0.3832495416145857	0.4618475530947344
0.16021061445665896	0.3816908859803225	0.4580984995630186
0.16024897683156802	0.3814575572938982	0.4582934658745339
0.15852348309340927	0.38045734428675	0.4610191726198408
0.16069101158665094	0.3817795491717582	0.45752943924159095
0.15189871127021237	0.3849523100028069	0.46314897872698085
0.15768190895841827	0.38317208916773976	0.459146001873842
0.15481577465297766	0.38172600982132776	0.46345821552569466
0.15724395703679928	0.38019150971066223	0.4625645332525386
0.16051663451602743	0.38010114795554373	0.45938221752842895
0.15772583736485218	0.37998579120018094	0.462288371434967
0.15178133818521222	0.38651896821442605	0.4616996936003619
0.15786658162355255	0.3860816757324722	0.45605174264397536
0.1557902932771562	0.3821546714447307	0.4620550352781132
0.159452308415685	0.38089256141946215	0.45965513016485293
0.1559352851275341	0.38246331632258257	0.46160139854988347
0.15688485001030844	0.3838114897528233	0.4593036602368684
0.15863984185577124	0.3833627346366933	0.4579974235075356
0.15259937545109736	0.38520638387111955	0.4621942406777832
0.1559922093938954	0.38595840463852105	0.45804938596758366
0.15458577220806863	0.3866644959874447	0.4587497318044868
0.15705004335779413	0.38557346258727704	0.457376494054929
0.1617205546915696	0.3799811999336559	0.4582982453747746
0.1573580457680167	0.38217561654949084	0.46046633768249257
0.1559170534501645	0.3822466994980892	0.4618362470517464
0.15359860318751808	0.3832267258414022	0.46317467097107984
0.16217557112278397	0.37996398383081603	0.4578604450464001
0.15633930415168396	0.38105137293222346	0.4626093229160927
0.15953772379828918	0.38228193501370816	0.45818034118800277
0.1591884603495362	0.385148667678398	0.4556628719720659
0.15960324841016885	0.3824745959292269	0.4579221556606044
0.1547142589698321	0.3846677170085605	0.46061802402160756
0.1582232261371727	0.3804658896069897	0.46131088425583777
0.15894487852676137	0.3823188513032463	0.4587362701699925
0.153921417074255	0.38342337373314855	0.4626552091925966
0.16033988436674945	0.38070068310763894	0.4589594325256118
0.1605250374104435	0.382361565576748	0.4571133970128087
0.16219753135835774	0.3792267706464861	0.4585756979951563
0.15656338341012582	0.3853422982959337	0.4580943182939406
0.15705908957959908	0.3800168703984318	0.4629240400219693
0.158697720510454	0.38565332492859694	0.4556489545609491
0.161683748336547	0.37986390342694853	0.4584523482365046
0.16062145471642053	0.3817239965648234	0.4576545487187562
0.15679595970546312	0.3834901744580237	0.4597138658365133
0.15793115387312223	0.3817536478271829	0.460315198299695
0.15568151385781745	0.3813249723343945	0.4629935138077882
0.15650382212395889	0.3835344053304331	0.4599617725456081
0.1626054544294342	0.3806945920102677	0.4566999535602982
0.15724338581624242	0.38367136278137404	0.45908525140238365
0.1601667367220535	0.38148894963150715	0.45834431364643946
0.15601392526580526	0.3823006255984854	0.4616854491357095
0.1537035633690536	0.38558306216691474	0.46071337446403177
0.159647873695638	0.3839016994469794	0.45645042685738274
0.1617144869258927	0.38073130548300976	0.45755420759109766
0.16043476767622794	0.3826079618043862	0.45695727051938595
0.15513203565936823	0.3862671840716548	0.4586007802689771
0.1568897479365247	0.38586727603414656	0.45724297602932884
0.15491757978281764	0.3838046946620367	0.4612777255551458
0.16001121870268464	0.3811385716954751	0.45885020960184036
0.1583319844520274	0.38566218786929696	0.45600582767867576
0.1517806651962159	0.3856356045783499	0.4625837302254343
0.15672032471651576	0.3863726617723713	0.456907013511113
0.1536818558432387	0.38653063743799754	0.4597875067187639
0.15744353376176887	0.38086428609922895	0.46169218013900226
0.16131024912550077	0.37966273387911254	0.4590270169953868
0.1588578127695562	0.3824740670931214	0.4586681201373225
0.15794216228009078	0.3853689061081035	0.4566889316118058
0.1546138369418515	0.38555505984708205	0.45983110321106657
0.15580551395856873	0.3837543889987252	0.4604400970427062
0.157235587249107	0.3832617117992897	0.45950270095160345
0.15729252228285392	0.38089118035712455	0.46181629736002167
0.15910884604316505	0.3831156980655265	0.45777545589130864
0.1578384113761496	0.38508046005978275	0.4570811285640678
0.15909495318356315	0.3852156907913081	0.4556893560251289
0.15453729069583205	0.3835629058947029	0.46189980340946524
0.1526744082153179	0.3852490757128007	0.4620765160718815
0.16016111352879112	0.38181825770597494	0.4580206287652341
0.15876663882840486	0.38534605219333457	0.4558873089782607
0.15374862812913082	0.3844669538004064	0.4617844180704629
0.15686667767220358	0.3860352016736896	0.45709812065410693
0.16063969467263034	0.38330342886998103	0.4560568764573887
0.15365367815175307	0.3845818548333428	0.46176446701490426
0.15714741783895025	0.3818555378774272	0.46099704428362265
0.15916239274438512	0.3794349277938826	0.4614026794617324
0.15742021276563678	0.38046550819512936	0.46211427903923397
0.16207568381182816	0.3801427124803655	0.4577816037078064
0.15751305081487668	0.38278278066212246	0.459704168523001
0.1535839559224621	0.38462981636951665	0.4617862277080214
0.1575441526988287	0.3843361763632339	0.4581196709379375
0.15593948104309252	0.3850844006503018	0.4589761183066058
0.15476068612216892	0.3855403506362714	0.4596989632415598
0.16031918410169613	0.3826251337006718	0.4570556821976322
0.16188096874264318	0.381678581754434	0.45644044950292295
0.15229203126455698	0.38574624907042565	0.46196171966501753
0.15266058733900395	0.38668723963136953	0.4606521730296266
0.15521086181577115	0.3846570793515526	0.4601320588326764
0.15662304033987345	0.38636659568204523	0.4570103639780815
0.15708203151221883	0.38147484213094657	0.4614431263568347
0.1566468499439943	0.38610218985705247	0.45725096019895334
0.15743653557171372	0.3864592896413185	0.45610417478696796
0.15586431927895666	0.38329397489163763	0.4608417058294058
0.15419072582978027	0.386426786807066	0.4593824873631538
0.1541792415988508	0.3830613087180037	0.46275944968314564
0.157613908579344	0.38181050628013075	0.4605755851405254
0.15575256033201196	0.3822847319650168	0.4619627077029714
0.1577968593410313	0.3826508865607085	0.45955225409826034
0.15257532115329836	0.38681933319251893	0.4606053456541829
0.16203618387062482	0.38017530216458045	0.45778851396479486
0.1581702280730448	0.3796522710954811	0.46217750083147424
0.1585094253349008	0.38528292027306693	0.45620765439203237
0.159999315475229	0.3792878664441585	0.4607128180806126
0.15463630005489126	0.38306878452532594	0.4622949154197829
0.1617483067828518	0.3822793946722299	0.4559722985449185
0.15580743115077073	0.3864849200770307	0.45770764877219866
0.15596967305693848	0.38527377814289254	0.4587565488001691
0.15986609249752853	0.3820348894316279	0.45809901807084374
0.1589709893130776	0.3795682426636266	0.46146076802329594
0.1619713598722387	0.3823204669130888	0.4557081732146726
0.16145568155040735	0.38269929169892497	0.4558450267506678
0.15547487258421333	0.3847477166044701	0.4597774108113166
0.15785635448095647	0.38137793227369177	0.46076571324535187
0.15515013721989634	0.3848616164545094	0.45998824632559443
0.156626817989858	0.38021537170320274	0.46315781030693937
0.15408226253608764	0.3864373631581238	0.4594803743057886
0.15773768085837386	0.3850318543049524	0.45723046483667384
0.1616098174168364	0.3803906602004277	0.457999522382736
0.16242189701524895	0.38081480846293386	0.4567632945218173
0.15860901215471962	0.37949829720464023	0.46189269064064026
0.1596975390896377	0.3844749483906784	0.455827512519684
0.15653782221744447	0.3855162981005214	0.45794587968203426
0.15861715021289702	0.38374319288938924	0.45763965689771385
0.15508415032221468	0.38351112540422	0.46140472427356544
0.16027552053997146	0.3817024226930775	0.4580220567669511
0.1532727350460258	0.385123455939453	0.4616038090145213
0.1572565916232157	0.3854854963198404	0.45725791205694405
0.15555164534672938	0.386697067916891	0.4577512867363797
0.15735606643672487	0.38195610356105375	0.4606878300022215
0.1519177677054899	0.3861639668490871	0.46191826544542314
0.15429831688896073	0.38491661675135136	0.460785066359688
0.15242528398228675	0.38656555196849923	0.46100916404921416
0.1611838881298197	0.3800494367939168	0.45876667507626356
0.1586983659400838	0.38010600537061456	0.46119562868930175
0.1529953194772281	0.3852990805831591	0.4617055999396129
0.15749240686685267	0.3795277266514429	0.4629798664817045
0.15967934132678413	0.3836596270194401	0.4566610316537759
0.16038069311567138	0.38026792627911926	0.4593513806052095
0.157485205492775	0.3830820029636774	0.45943279154354777
0.1599807548907038	0.37923538107929666	0.46078386402999966
0.15544484445791443	0.38151452066734215	0.46304063487474356
0.1586828943426022	0.3834277437423889	0.45788936191500906
0.16260053298021976	0.38080239804326954	0.4565970689765108
0.15392295146599927	0.38434315735372704	0.46173389118027386
0.16190120983281125	0.3821634328239302	0.45593535734325863
0.15583928932087993	0.3828715091067181	0.46128920157240205
0.152349940329481	0.3845479730822486	0.46310208658827057
0.15948924338545956	0.3821021001883227	0.45840865642621786
0.15578244967631416	0.38229896744808184	0.4619185828756041
0.15243909870106473	0.3841230090740869	0.4634378922248485
0.15986008328729007	0.3820787891371253	0.45806112757558476
0.15493088216193024	0.3848788921663584	0.46019022567171153
0.15703949918487353	0.38395221422188547	0.4590082865932411
0.16017504875527624	0.3799606855085797	0.4598642657361442
0.159321299357895	0.38207730947317053	0.4586013911689346
0.15988789974310025	0.3840878666769942	0.4560242335799057
0.15770233837225972	0.38638724516155726	0.45591041646618313
0.15680378803308329	0.38537598588192723	0.45782022608498957
0.15798884225712298	0.3807936998156806	0.4612174579271965
0.1567225044706073	0.3803190847862193	0.46295841074317357
0.1564539419473283	0.38655229707138394	0.45699376098128786
0.1554649388930034	0.3841229161233075	0.4604121449836892
0.15945357035294738	0.379800101712746	0.46074632793430675
0.15773261149114176	0.379572013819507	0.4626953746893514
0.15849628204262278	0.3824693332269474	0.4590343847304299
0.15791686704701946	0.38439694314363365	0.45768618980934694
0.15804677135618356	0.38593520077635224	0.4560180278674643
0.1537700800288128	0.38603965677326874	0.46019026319791856
0.1553693260908964	0.3857387236384988	0.4588919502706049
0.16201587210559376	0.3810507593005154	0.45693336859389094
0.1545234810547751	0.3851751805749561	0.46030133837026893
0.1554238044418429	0.3845251126460474	0.46005108291210983
0.1602544378089611	0.38043280364868615	0.4593127585423529
0.16135607999547566	0.38050215346992255	0.4581417665346019
0.1523946564011059	0.3852794485315234	0.4623258950673709
0.15565534564527667	0.3865946053351743	0.45775004901954913
0.15477301833767176	0.38675080936361245	0.45847617229871584
0.15690971636497247	0.3852922365616904	0.4577980470733372
0.1528289186845163	0.38406498096607206	0.4631061003494118
0.1546221311597497	0.38279356356649896	0.4625843052737514
0.1577630152421456	0.3819613807915129	0.4602756039663417
0.15211253147312828	0.3868822099784456	0.4610052585484263
0.1598968992450172	0.3808076168693156	0.4592954838856673
0.15885381132095336	0.37999729002176486	0.4611488986572819
0.15724679085681217	0.38125403650879286	0.4614991726343951
0.15888922968847052	0.38150288868185744	0.45960788162967214
0.15412606366383091	0.3842595994368426	0.4616143368993265
0.1604022283052682	0.38055637496854666	0.45904139672618527
0.16129209610149842	0.3821579442578047	0.456549959640697
0.1521404611848337	0.38461639739315756	0.4632431414220089
0.16025292866170726	0.3803041948737911	0.45944287646450177
0.15666837335685954	0.3844664218815942	0.45886520476154646
0.15547393549273028	0.3843914025505548	0.46013466195671504
0.15351878761114413	0.3832029377022435	0.46327827468661253
0.15941619391622391	0.3850004498124222	0.455583356271354
0.1621391136415622	0.37971237328856394	0.4581485130698739
0.15494870829555235	0.3848453632014893	0.46020592850295844
0.1616567426576582	0.38171071589795186	0.4566325414443901
0.15619425313726387	0.38225300189267186	0.4615527449700644
0.1575534807908904	0.38682277929421144	0.4556237399148983
0.16050655329955438	0.3832777684106301	0.4562156782898156
0.1602327435464126	0.37950943698847667	0.46025781946511085
0.15608927068152167	0.38641931728433754	0.4574914120341409
0.15455123062175685	0.384001993310759	0.46144677606748424
0.15518227932643464	0.3828934336907914	0.4619242869827741
0.16208565717599588	0.3806758185753285	0.4572385242486757
0.16165614210818963	0.3818242499485163	0.45651960794329416
0.1628506751756843	0.3806821731222776	0.4564671517020382
0.155646096103213	0.38315528151723627	0.4611986223795509
0.15838106549629505	0.3807354222400463	0.46088351226365876
0.16045078840868232	0.3823879141929655	0.4571612973983523
0.15661303742824717	0.38072694766125237	0.46266001491050057
0.1532786781161975	0.3852130243622423	0.4615082975215603
0.15470024342325	0.381779000305071	0.4635207562716791
0.15783843855681368	0.3820668991121918	0.4600946623309946
0.1612099502264548	0.382028005010371	0.45676204476317434
0.15714177804560783	0.38098641358809837	0.46187180836629393
0.15212921228141782	0.3843430711517588	0.46352771656682346
0.1580184316410606	0.38259307665934433	0.45938849169959517
0.152744874451956	0.38387422032006585	0.46338090522797826
0.15403702041677814	0.38632765569706323	0.45963532388615874
0.15185087676475012	0.384551238409184	0.463597884826066
0.15796941925205382	0.38089303183779444	0.46113754891015185
0.16025398303101085	0.38028410424809245	0.45946191272089687
0.1536983584166982	0.38512664602836827	0.46117499555493363
0.1554783047780478	0.3818101175129419	0.4627115777090104
0.15223930919781864	0.38524838733464956	0.46251230346753197
0.1570659147249165	0.3808693844783396	0.462064700796744
0.15615653711363386	0.3858084690223293	0.4580349938640369
0.15531990218708408	0.38135964478703355	0.46332045302588254
0.16078049630606162	0.3834554530184717	0.45576405067546677
0.15690957268236183	0.3818647524302037	0.4612256748874346
0.16151648322509596	0.38120401792019776	0.4572794988547064
0.16091959066333728	0.38296542057792177	0.4561149887587411
0.15940122159858197	0.38006389736573487	0.4605348810356833
0.15493393134364966	0.3825922986564639	0.46247376999988654
0.15808361556931513	0.3833677373683244	0.4585486470623606
0.15440256346712405	0.3853298562547128	0.4602675802781633
0.1561354375687775	0.3858023608523546	0.458062201578868
0.15909303627882881	0.38374953899896214	0.4571574247222092
0.1589414646456075	0.37966287438393265	0.4613956609704599
0.1529421239061028	0.38465892746867364	0.4623989486252237
0.15452616317586615	0.384261429809537	0.461212407014597
0.15583741974402804	0.38668458023411634	0.45747800002185574
0.15608645544501615	0.3850003169110087	0.45891322764397524
0.15624099552512338	0.3826508741036246	0.4611081303712522
0.1551556227378561	0.3846095805981642	0.4602347966639798
0.1573345080178884	0.37992422111178303	0.4627412708703287
0.15842456247750275	0.3835265278895869	0.45804890963291045
0.1553415989278038	0.3864677204696445	0.4581906806025518
0.1557695096628842	0.381483441217068	0.46274704912004794
0.16255282358511502	0.3808464010171446	0.45660077539774047
0.15712268840066795	0.3844422501724494	0.4584350614268828
0.15665172253392107	0.3850078608826439	0.45834041658343516
0.1532996493302452	0.3862741104692121	0.4604262402005428
0.1540102505052151	0.3830729943153574	0.46291675517942765
0.15284152177522037	0.38487208079022656	0.46228639743455324
0.15335290697160123	0.3838426170995112	0.4628044759288877
0.15615518205978302	0.38200264235656184	0.46184217558365526
0.15473004245503225	0.38683235783920733	0.4584375997057606
0.15716691498687396	0.3810198917342527	0.4618131932788735
0.15590494146812175	0.38293734137402147	0.4611577171578569
0.15732192324406674	0.38384326044386036	0.458834816312073
0.15385092031754632	0.38349412699566243	0.46265495268679135
0.15715182131353822	0.3864021222096109	0.456446056476851
0.1581007681295551	0.38033701207378756	0.46156221979665746
0.15607312054522954	0.38423114793825475	0.45969573151651577
0.15746050515224475	0.3802358196462302	0.46230367520152515
0.15964133235685118	0.3834929265972228	0.45686574104592614
0.15830381103541397	0.383526540305614	0.45816964865897214
0.1589706338459538	0.37970229420949636	0.4613270719445499
0.15984860020061958	0.3794919478050282	0.4606594519943523
0.15323120665438994	0.3833961803388417	0.46337261300676846
0.15802645740565213	0.3858976810839298	0.4560758615104182
0.15603561185631198	0.3856066862417812	0.45835770190190694
0.15650174428210836	0.3818044943055592	0.46169376141233254
0.15947074105129158	0.3792037565484247	0.46132550240028386
0.15604439322218827	0.38100927535171003	0.46294633142610186
0.16095269129273282	0.38105144050037276	0.45799586820689453
0.15516763822205393	0.3830371837560181	0.46179517802192804
0.16222642098472373	0.3813657897843036	0.4564077892309728
0.15199248427458156	0.3860447829583312	0.4619627327670874
0.15993305122774198	0.3831512884361827	0.45691566033607545
0.15423122945182693	0.3864503669200783	0.45931840362809484
0.15775176044337635	0.3866010574262684	0.4556471821303554
0.1539141722987017	0.38279875261264	0.4632870750886584
0.15288321741045907	0.38501616761037194	0.4621006149791691
0.16008656287004325	0.3822788964906856	0.4576345406392713
0.15311511960517232	0.3835830119158716	0.46330186847895627
0.15656987287275104	0.3819037914787544	0.46152633564849466
0.16108343653640297	0.3794975547831601	0.45941900868043706
0.15928230340744554	0.37932911643451617	0.4613885801580384
0.15847273967476122	0.3792757870952034	0.46225147323003546
0.15533354734387728	0.381113501576689	0.46355295107943384
0.15955817915688672	0.38470717869561977	0.45573464214749365
0.15977707520516443	0.38301819027072204	0.4572047345241137
0.15429419329716013	0.38581403718958834	0.45989176951325167
0.15997869653243824	0.38184038324484953	0.45818092022271234
0.15639218738186414	0.3850269910427182	0.4585808215754178
0.15424524938293466	0.3855720951974918	0.4601826554195737
0.15755901611311343	0.3795052908744453	0.4629356930124414
0.15414116309010645	0.38507014973492915	0.4607886871749645
0.15854652549499038	0.38186621002268406	0.4595872644823257
0.15566239456511766	0.38572441225265547	0.458613193182227
0.16249181873949478	0.38097841285028483	0.45652976841022047
0.15659672606979047	0.3817771876274513	0.46162608630275836
0.15724586374989508	0.3856909873331925	0.4570631489169125
0.1594317005518891	0.3832330550911307	0.4573352443569803
0.1533825675908867	0.38441797526090604	0.46219945714820737
0.16167015171769175	0.38046521055193455	0.45786463773037384
0.15500625830479894	0.38540064090413406	0.45959310079106713
0.15309212167666897	0.3845285078843062	0.462379370439025
0.1549696018389547	0.38642689160925003	0.45860350655179544
0.15584535087305618	0.3864276796738888	0.45772696945305513
0.1531856809500794	0.38499873709450544	0.4618155819554153
0.15745829394217437	0.3833130516588213	0.4592286543990044
0.15591373680802076	0.3863064693512006	0.45777979384077877
0.15760930170308504	0.38231131776057914	0.46007938053633596
0.15406810624701628	0.3867889810812457	0.4591429126717382
0.15437378996839562	0.38669893881765965	0.45892727121394483
0.15447108782697816	0.38520668845224737	0.4603222237207746
0.1563013647026072	0.3843589341363806	0.4593397011610123
0.15522334757659217	0.38223475585113215	0.4625418965722758
0.1589548117233826	0.38322344223576627	0.45782174604085124
0.1532824193768754	0.38479053857434325	0.4619270420487815
0.16199046536051567	0.38213545053802506	0.4558740841014594
0.15805580649337503	0.384653946684809	0.457290246821816
0.15446990987089773	0.3863602843979862	0.4591698057311162
0.15962801552500705	0.3843768901444837	0.45599509433050944
0.15936449535871633	0.37928275262544775	0.46135275201583603
0.15517029161703294	0.384922788230689	0.4599069201522782
0.15864417937451541	0.382428519769694	0.4589273008557907
0.15454519323841195	0.38492357806094746	0.4605312287006407
0.15483483841374104	0.3824106434599476	0.4627545181263115
0.15909311947541205	0.38066090746124565	0.4602459730633425
0.15528508809926594	0.3811738665118378	0.46354104538889634
0.15784455487962956	0.3813547172690173	0.46080072785135323
0.15910937932277006	0.3799238400826686	0.4609667805945615
0.1598031781605481	0.38307936167251033	0.4571174601669417
0.153321107851805	0.38612579877595127	0.4605530933722438
0.15726947603669633	0.38333764698217304	0.45939287698113074
0.15164128645241842	0.386753102685863	0.4616056108617187
0.1609998376957515	0.3819470414157473	0.4570531208885013
0.16051229593989053	0.3826961167567474	0.45679158730336217
0.15170441314024202	0.38471328530410426	0.46358230155565383
0.15993246139615724	0.38430930205124747	0.4557582365525954
0.15569574547319287	0.38141759682901555	0.4628866576977917
0.15559266168839253	0.38084690002295263	0.463560438288655
0.1589461608040159	0.3813714749857925	0.4596823642101917
0.15740656861076024	0.3852106877185447	0.4573827436706952
0.1600031998054119	0.3812158006254086	0.4587809995691796
0.15866859899758776	0.3795462823327565	0.4617851186696558
0.1568778194508227	0.38127664453328186	0.4618455360158956
0.15420966374482867	0.38658704817911627	0.45920328807605515
0.1584492452975031	0.3850938108271345	0.4564569438753625
0.1570079775840282	0.3830125425843739	0.45997947983159804
0.15846639380952077	0.38484817221457	0.4566854339759094
0.15568195595079382	0.3810877040694336	0.46323033997977275
0.16132274052881956	0.3822032889874217	0.45647397048375893
0.15687600640146326	0.38541151367985554	0.4577124799186813
0.15821845674578786	0.3850579472380271	0.4567235960161852
0.16276680757993345	0.37996322914794306	0.4572699632721236
0.15983123808200428	0.3807468310846722	0.4594219308333236
0.15615893566452332	0.3815006088813115	0.46234045545416536
0.1598206794548086	0.381539891295109	0.45863942925008255
0.15755035458311636	0.38686286191635233	0.4555867835005314
0.16118786786901357	0.3794414351963989	0.45937069693458765
0.1585235986555104	0.38169740315155476	0.459778998192935
0.15996700464254382	0.3829440011367618	0.4570889942206945
0.1547932401719254	0.38659447752041465	0.4586122823076601
0.16138585750574475	0.3796611353831548	0.45895300711110054
0.15953086960898613	0.3840981814335068	0.4563709489575072
0.16005593277238217	0.38413440026526846	0.4558096669623495
0.16163551405292798	0.38193616340490805	0.4564283225421641
0.1566645823359027	0.3848476838216612	0.45848773384243624
0.15979826119294932	0.3816322335776625	0.45856950522938833
0.16111929725691929	0.38067057894613754	0.45821012379694326
0.15867263066643766	0.3794597534803603	0.46186761585320213
0.15689260879706016	0.383482906937724	0.45962448426521596
0.15193238806145232	0.3863796041278635	0.4616880078106843
0.1601163815361782	0.38305093482526525	0.45683268363855667
0.16170409115834866	0.381338902696033	0.4569570061456185
0.1589618948561926	0.38295041312350936	0.4580876920202982
0.16063088637939457	0.3812910983875857	0.4580780152330199
0.15560446376674872	0.3830667451458968	0.4613287910873546
0.1581948157761016	0.3831867673580679	0.45861841686583066
0.1589351409623584	0.38171533252911566	0.459349526508526
0.1529120192530792	0.3852480054038728	0.4618399753430481
0.15594614243543942	0.38360764791469765	0.46044620964986305
0.15746622145873868	0.38677899882354605	0.45575477971771544
0.16179908101260837	0.37998736722312865	0.45821355176426315
0.1535637959095501	0.3866762487476166	0.4597599553428334
0.15924509506240336	0.3819593659688595	0.45879553896873726
0.16081036998927056	0.3804179699340781	0.4587716600766515
0.16040148346011213	0.38129100078535494	0.45830751575453305
0.15553906806882833	0.3843348488544035	0.4601260830767683
0.15874423293287587	0.38281453097238927	0.45844123609473497
0.15703164799555613	0.3808228200651323	0.4621455319393117
0.15423462171722094	0.3866052923164928	0.4591600859662863
0.15700361886332306	0.38565141625368876	0.4573449648829883
0.16226620831044208	0.37936773422523423	0.4583660574643238
0.15831688210189798	0.38427988672228225	0.45740323117581994
0.15796948143608006	0.38459702371099747	0.4574334948529226
0.15762947735755745	0.38535855095455596	0.4570119716878867
0.1604270284182247	0.3807216784712789	0.4588512931104965
0.1573376451295764	0.38563945128779864	0.4570229035826251
0.15682208757455468	0.38308460231082186	0.46009331011462357
0.15607868531547112	0.3832397046322748	0.46068161005225416
0.16200767975460398	0.3820384818607119	0.4559538383846843
0.16181059365419415	0.38236944008577517	0.45581996626003085
0.15402752748123952	0.38524800161142714	0.4607244709073335
0.16202157755009702	0.3812116141482982	0.4567668083016049
0.16222689129678378	0.3818810703756268	0.4558920383275895
0.15624646402891024	0.38572965113581703	0.45802388483527284
0.15711290572294173	0.38677446519630565	0.4561126290807528
0.15452539749030136	0.3848351240989963	0.4606394784107025
0.158697674854557	0.3813477567701758	0.4599545683752673
0.15403646314334496	0.3851332503326023	0.46083028652405283
0.1574536526412541	0.38307471588803316	0.45947163147071285
0.1606590762584098	0.38287948153571805	0.4564614422058723
0.1592594093999277	0.38373885038540356	0.45700174021466883
0.15716656865685935	0.3837568815859984	0.4590765497571424
0.16135621737422562	0.3800428678563541	0.45860091476942044
0.15278892448214904	0.38532138005689504	0.46188969546095604
0.15606898872096098	0.3842927486046076	0.45963826267443153
0.15294842143388968	0.3863052272797739	0.46074635128633656
0.15945229975499728	0.3817684201228409	0.45877928012216196
0.1569998572427384	0.3847134630146445	0.4582866797426173
0.16212353101117377	0.3811334256790063	0.4567430433098201
0.1547106620384594	0.38480499379031874	0.46048434417122197
0.16025844412749682	0.38102888100437726	0.45871267486812606
0.15743100920354186	0.3852323177096121	0.4573366730868462
0.15551248704511256	0.38238484816723173	0.4621026647876558
0.1605219950661921	0.3822821557423498	0.4571958491914582
0.16248026038159602	0.38181074130632764	0.45570899831207645
0.1548412151245135	0.3858342735081357	0.459324511367351
0.15759514258570007	0.3794067084015873	0.46299814901271275
0.15440383869999696	0.38466968575687066	0.4609264755431325
0.16121351743091966	0.3816272535855282	0.4571592289835523
0.15762607293061678	0.37947804275417896	0.46289588431520434
0.15897378451648267	0.3808217863992136	0.4602044290843038
0.15817324167585117	0.384937328436887	0.456889429887262
0.15730333355705617	0.38191624825001136	0.4607804181929326
0.15423201881774548	0.38559779581555564	0.46017018536669896
0.15501984671889035	0.38372549723086447	0.4612546560502453
0.15964755458207644	0.38002629820062983	0.4603261472172939
0.15193586273250953	0.38689227020850686	0.46117186705898366
0.1613022875816939	0.37924442597334185	0.4594532864449643
0.15767823345983592	0.38512890296099467	0.45719286357916955
0.15960215907829667	0.38252961703696337	0.45786822388474
0.16036911620335886	0.383289780496956	0.45634110329968525
0.15751446776013345	0.38111621680646574	0.461369315433401
0.1541209290009995	0.38377023808037125	0.46210883291862936
0.16154386502804158	0.38105837723924574	0.4573977577327128
0.1533702976191817	0.3849052996296103	0.4617244027512082
0.15583465016193027	0.38088993595036047	0.4632754138877093
0.15637485245701138	0.38134371995449534	0.46228142758849333
0.1537959241245829	0.38361385645880525	0.46259021941661194
0.15838429007811206	0.3842324938661895	0.45738321605569854
0.15763443760764756	0.3804088487761325	0.46195671361622004
0.16288873374501145	0.3805140965263167	0.456597169728672
0.15429776420127106	0.3829121594847981	0.462790076313931
0.15331858120193698	0.3865278399016493	0.46015357889641384
0.16302140426855982	0.3792688539677282	0.45770974176371215
0.1572310451188026	0.38416536072920265	0.45860359415199486
0.15971276736687529	0.3833535391341082	0.45693369349901664
0.15789690434482423	0.3821749238056058	0.4599281718495701
0.15308163464831936	0.3850918343781794	0.4618265309735013
0.1599720594734959	0.38129295208524566	0.45873498844125854
0.15519650857609074	0.38441495763996714	0.4603885337839422
0.15598797135340375	0.384560152014412	0.45945187663218434
0.15554081383255253	0.38194268041311247	0.4625165057543351
0.15825891992711083	0.3832703576549031	0.45847072241798625
0.15301391558424376	0.3835345713810863	0.46345151303467
0.1598173749852237	0.38381297020870353	0.4563696548060729
0.1578415232231443	0.38418152719353255	0.45797694958332325
0.15877797863949072	0.38561066900964214	0.45561135235086725
0.15423941900357951	0.3823761203793273	0.4633844606170934
0.1575516560439914	0.38663745100391245	0.4558108929520962
0.15663759360891932	0.3845999497926788	0.458762456598402
0.153494402709671	0.3838887115501	0.4626168857402291
0.1602716244504005	0.38031916223145923	0.45940921331814033
0.1559339886852502	0.38280085266717284	0.46126515864757706
0.15732596817059907	0.3812162016568306	0.46145783017257036
0.15264640055321277	0.3867101608653797	0.46064343858140766
0.15603043610000306	0.38120845842465917	0.46276110547533794
0.15806491905261588	0.38036740096103216	0.46156767998635206
0.16151621550901002	0.379483895132223	0.4589998893587671
0.1547072911551589	0.38228119672169725	0.46301151212314395
0.160790127620968	0.38291417678148865	0.45629569559754346
0.1576515181160103	0.3813653083197926	0.4609831735641972
0.15844809341486044	0.38015414305766254	0.46139776352747713
0.15478501222650104	0.3828734152383603	0.46234157253513875
0.15678127037403566	0.3823295600332218	0.4608891695927426
0.16065204168334296	0.3818240079104021	0.4575239504062551
0.15258076969369772	0.3841494715714572	0.46326975873484527
0.1567519531535964	0.38617003661247623	0.45707801023392747
0.1580069705977979	0.3827991102714742	0.45919391913072805
0.156748565831222	0.38541276190994234	0.45783867225883584
0.15918091923092592	0.37996881569977065	0.46085026506930354
0.15943602677092844	0.3831203795955331	0.4574435936335386
0.1580067305329707	0.3847999855928603	0.45719328387416913
0.15402060409502455	0.3864333431520387	0.4595460527529369
0.15730393617531455	0.38642731468192354	0.45626874914276205
0.15565949197576684	0.38229784112148746	0.4620426669027458
0.15512871289806307	0.38420609140989703	0.46066519569204
0.15966085061930135	0.3804706761685253	0.45986847321217345
0.16145095210163857	0.379481674655466	0.45906737324289554
0.1607047860409077	0.381215597172854	0.4580796167862383
0.1556180302691467	0.3869099828469201	0.4574719868839333
0.1554816163118028	0.3852333490914182	0.4592850345967791
0.15581289331790896	0.38247918057182007	0.4617079261102711
0.15464638821829724	0.38687228367462934	0.4584813281070736
0.15477620505743692	0.38369132569366027	0.4615324692489029
0.15254131448262526	0.3842527437459183	0.4632059417714566
0.1585454832016331	0.3855749561821876	0.45587956061617946
0.15415932412946515	0.38421667617675137	0.46162399969378354
0.15249102667890652	0.38402957301377816	0.4634794003073155
0.15528933533708275	0.38449678890512073	0.4602138757577966
0.15429824062703912	0.38537589772501324	0.46032586164794775
0.16132794007376589	0.3798491160175903	0.45882294390864387
0.15581718617225288	0.3847914688651278	0.45939134496261946
0.16082926040905493	0.3794253492352558	0.45974539035568945
0.16172472138947422	0.3796047454825411	0.4586705331279848
0.16094813086682327	0.3807585457477756	0.4582933233854012
0.15984413194748032	0.3841870211013697	0.4559688469511501
0.1591290655085172	0.3804943446779249	0.460376589813558
0.1549524695098596	0.38401265824645725	0.4610348722436832
0.15851172545478204	0.37953751461708063	0.46195075992813744
0.15832050983880847	0.382929973615527	0.45874951654566465
0.1572263256049955	0.38419211407603354	0.45858156031897107
0.16264293147564163	0.38094425112658237	0.45641281739777617
0.15207130731643015	0.38601819236964946	0.46191050031392056
0.15579724291285885	0.38170202615511656	0.46250073093202476
0.15703323336355865	0.38183960351163126	0.46112716312481017
0.15868199226961677	0.38126303753116453	0.4600549701992188
0.15390077442766328	0.386364165229926	0.4597350603424108
0.15581969214973831	0.38637227585845957	0.45780803199180226
0.1624546971271328	0.3811812409247355	0.45636406194813184
0.16315349339292348	0.38117489864732645	0.4556716079597502
0.16318944237956048	0.3796235299734373	0.45718702764700236
0.1594545049115327	0.38086946605824495	0.4596760290302224
0.15516826366725256	0.3848635487503577	0.45996818758238983
0.15898565690099542	0.38209387460007005	0.4589204684989347
0.16111925520409337	0.38269027856634974	0.456190466229557
0.15419098701829087	0.3856506158993867	0.46015839708232253
0.15647467944854956	0.3824584178097114	0.4610669027417391
0.1549085444290692	0.3843804839815872	0.4607109715893437
0.15334151960757075	0.3853471969980282	0.4613112833944012
0.15509342169759457	0.3827537589255928	0.4621528193768127
0.15637358535014861	0.3833544434996737	0.4602719711501778
0.15435399372572728	0.3826350257317959	0.4630109805424769
0.15815729679587215	0.38505880474239446	0.4567838984617335
0.15908018076971633	0.3807563701782045	0.4601634490520792
0.1585286115658889	0.38025118291917875	0.4612202055149325
0.15752048173116062	0.3857136773981093	0.45676584087073024
0.15362916472474608	0.38335506496288707	0.46301577031236696
0.15939405261306705	0.3802347404360211	0.46037120695091194
0.15896401217702583	0.3810186079685219	0.46001737985445235
0.16296977482883357	0.38098573065055297	0.45604449452061363
0.15475354308810907	0.38666930301778424	0.4585771538941068
0.1576346534005415	0.38019008922251685	0.46217525737694176
0.1568983559107332	0.3834180374003291	0.4596836066889378
0.1565290237634304	0.38166614598770565	0.4618048302488641
0.16319129283382725	0.38084110220774653	0.45596760495842636
0.1544319203519095	0.3860127041275661	0.4595553755205245
0.15957742768756628	0.38265585460289925	0.4577667177095346
0.161630285343156	0.38204674560234725	0.4563229690544969
0.15815382053516552	0.38449963674219295	0.45734654272264164
0.15998053442292004	0.3828427734469484	0.4571766921301317
0.16272323908733474	0.3802263491552849	0.4570504117573805
0.16004948075746428	0.37936679994932165	0.4605837192932142
0.15635296991349035	0.38194979387794475	0.461697236208565
0.15316518101698162	0.38637178992654847	0.4604630290564701
0.16022946566457513	0.381707465543537	0.45806306879188796
0.1529345210126632	0.385271395311673	0.4617940836756639
0.15869654522961296	0.38404185970264615	0.457261595067741
0.15530641529685207	0.381903057534092	0.46279052716905605
0.15758381087054044	0.3807467036661557	0.461669485463304
0.16125610258912193	0.3813821028175177	0.45736179459336046
0.16241576161397758	0.3793141350656177	0.45827010332040485
