0.2461097855878484	0.22243811329257707	0.10659432734462883	0.28024613785401764	0.1446116359209278
0.26246230946622895	0.21850572696647771	0.10796102072861063	0.29113982352422496	0.11993111931445742
0.26235842920911967	0.22478307280165447	0.10786873065184535	0.2978445986506878	0.10714516868669242
0.25413252390168733	0.2252285262976133	0.10804383401315279	0.29879300056815483	0.11380211521939149
0.26036631238189967	0.22133401729272986	0.10696393549967494	0.2986152578690814	0.11272047695661384
0.2640126337393703	0.21034816526922126	0.10740452978283509	0.29678654839201835	0.12144812281655472
0.2564919156351982	0.22110309097539918	0.10534679018956113	0.2945562323310445	0.12250197086879672
0.24808835807348012	0.22496285758992157	0.10996927054124761	0.30225993156322445	0.114719582232126
0.26444506335992	0.2253081225705467	0.1063911872153037	0.2843545310422399	0.11950109581198949
0.2609739385742299	0.21286930382199085	0.1094982027826205	0.3021085700408771	0.11454998478028136
0.2622139471115346	0.21004071202897878	0.11164648705984227	0.2921786413502894	0.12392021244935461
0.25625932062446233	0.21762317881783225	0.11224044393584627	0.3018525978124762	0.1120244588093827
0.25655598721119266	0.22221423483128175	0.11131108724666208	0.29068879938981146	0.1192298913210518
0.2551118958136778	0.2135327545662751	0.11186100896127843	0.29960578256325354	0.11988855809551482
0.25718373977333264	0.21303113740994697	0.10772565121889412	0.2813448900822365	0.1407145815155895
0.2612875626731697	0.22151470458196038	0.10889844341612463	0.28830703638368127	0.11999225294506373
0.25698252184764103	0.22084174922599858	0.11114504824197848	0.2923619947913904	0.11866868589299119
0.2534700259286706	0.2098699515766851	0.10652194657515342	0.29593497777257666	0.134203098146914
0.2501725813171877	0.21549358246583003	0.10539618001617077	0.2884698679910703	0.14046778820974093
0.24506992317705803	0.22354661865147848	0.10734070733770171	0.2920094119276828	0.1320333389060787
0.25127409594656347	0.22481976500131667	0.10635815001389165	0.29104382191804673	0.12650416712018125
0.2532921414881549	0.21783743214179724	0.10546873399589	0.30096899420981515	0.12243269816434248
0.2537979399584984	0.21168296958613422	0.10478364642652048	0.28785296737066246	0.14188247665818415
0.26102203230683985	0.22487556806293732	0.10470560267061593	0.28368576196924694	0.1257110349903597
0.24689351021324277	0.2253202116676365	0.11117818591765469	0.2949063033351716	0.12170178886629421
0.2555260652806287	0.21406078297857886	0.10574440189237938	0.28211677828618675	0.14255197156222607
0.25796539157257947	0.22177198916708746	0.10740482762720566	0.2878347851311115	0.12502300650201564
0.25500319023308915	0.22151327307188892	0.106435823261629	0.2790592263836731	0.1379884870497196
0.24517285254378615	0.22112507655566677	0.11240424911409973	0.2795996450885577	0.14169817669788937
0.25421522835313937	0.22334774647714295	0.10979054106211357	0.29453592500470527	0.1181105591028986
0.25104368723514525	0.2176424524427126	0.11258935265638663	0.3021956491801386	0.11652885848561671
0.24741294620857787	0.2225496429589846	0.10514801819007248	0.2966876163708847	0.12820177627148005
0.25956486398538114	0.2137845838996942	0.11236794190031311	0.28666183998874584	0.1276207702258654
0.26318994313680166	0.21577838461359067	0.10977242601698993	0.2957902930721249	0.11546895316049255
0.26105509104851415	0.21718405486573195	0.1118520685472607	0.28726755693406997	0.12264122860442297
0.2521691065468631	0.2159917411358943	0.10429148905295789	0.28013708079789645	0.147410582466388
0.24659180399226216	0.22291831932708414	0.1111283903095356	0.3006281388303322	0.11873334754078567
0.2508314611012711	0.21473794222711184	0.10618118253967923	0.29891266363988445	0.12933675049205312
0.25843804300353945	0.2098882291981835	0.10435523819050026	0.30027606246899935	0.12704242713877717
0.25805056726523795	0.22331340197994778	0.11120337280989559	0.2868958865338933	0.12053677141102508
0.2630168591433572	0.2184971237602255	0.11071048828377444	0.30141520708031555	0.10636032173232705
0.26317508243810567	0.21841862035187884	0.11254723248527004	0.2844775231364376	0.12138154158830758
0.2597448672141064	0.22466251191225356	0.10688061766957323	0.283880593578425	0.12483140962564158
0.26358066560104565	0.21430280835044999	0.10583026732801809	0.2914279349243207	0.1248583237961653
0.2506845765004501	0.21112330550651817	0.111033889794729	0.2939515075554518	0.13320672064285066
0.2487731987831785	0.21104568230132748	0.10716241939404672	0.29326875024943566	0.13974994927201143
0.24752836366744826	0.2237577958791459	0.11235385266999648	0.28582074582997113	0.13053924195343794
0.250762056358911	0.22006196963562696	0.10908633583701495	0.2980895477560024	0.1220000904124445
0.25623115402758234	0.2229781333286571	0.10780697309847961	0.29628456514159296	0.11669917440368772
0.25488906956032115	0.2100198465429201	0.1040063732345893	0.3016682774007732	0.129416433261396
0.26391311782722116	0.2128818896170936	0.11026879935450394	0.2938007720835458	0.11913542111763525
0.25681263069306415	0.22015251156507593	0.10447674704946865	0.28515602193297385	0.13340208875941723
0.26071305737522166	0.22380983401380536	0.10437413335662259	0.28298925749554193	0.12811371775880823
0.26247457346924824	0.22422091555720017	0.11122668717484321	0.2925317821817648	0.10954604161694326
0.24950522160109423	0.21799290614410305	0.11059779393979673	0.28846964925351054	0.13343442906149516
0.2533354614697358	0.22047850669522395	0.10725379828211261	0.2918404767048106	0.12709175684811683
0.2589121678326888	0.21416832751952414	0.10982031130242029	0.3007765968770896	0.11632259646827692
0.2528655025118935	0.20970895202761788	0.10530741340484001	0.29458976595060093	0.1375283661050474
0.2597903012779662	0.21824478178369186	0.11260803573975964	0.2992018464053305	0.11015503479325159
0.26090845754549175	0.21747173159375632	0.11137909352012451	0.2820583493248244	0.12818236801580277
0.25461414180178243	0.22507074800159002	0.1091237911460997	0.2930065718120717	0.11818474723845598
0.26240469382468823	0.21787817274434892	0.10773804142525412	0.2821536906485641	0.1298254013571444
0.2623415188709889	0.21152399898300198	0.10626560584991554	0.27896865990865694	0.14090021638743638
0.25081923679961676	0.21975529246598607	0.10976457886361322	0.2853114565928875	0.13434943527789622
0.24848326136699309	0.22296293372215312	0.10634929995018218	0.28424693838757176	0.1379575665730996
0.2603978369238627	0.2104910707497875	0.10864934440091077	0.29512907988581794	0.12533266803962087
0.25039978269014684	0.22186217258211788	0.11097963609663467	0.3018186742740636	0.11493973435703667
0.253019989859428	0.22203892179208118	0.11069831126521068	0.2801631862215826	0.13407959086169735
0.25698224364446653	0.2180979250150588	0.1069664263130007	0.2830064766287762	0.13494692839869749
0.2613817292669706	0.2141930481118047	0.10428202999092144	0.2952121101794534	0.12493108245084952
0.2583982654076765	0.21718907111579705	0.10577568068795157	0.2827149769104104	0.1359220058781642
0.25730552777570886	0.22184460178775317	0.10809718578244196	0.30042473222720245	0.11232795242689327
0.25556290042039154	0.22568554752401096	0.1054627620039385	0.29139131731926815	0.12189747273239061
0.2509660629033895	0.21884869792968964	0.11115034130565621	0.2964822714062134	0.12255262645505094
0.2578954613112475	0.22310378736298267	0.10761660794450255	0.27918590205815175	0.1321982413231152
0.24873541669058907	0.2261219026369548	0.10598179166438902	0.28163112294878556	0.1375297660592813
0.2489195638589643	0.21410018272385628	0.10525290906405363	0.2920620476497414	0.13966529670338415
0.24638924497717268	0.22142672499276397	0.10522374640278359	0.28212104522019554	0.14483923840708396
0.25578237098786244	0.21012677113524247	0.10522203959138358	0.30136986473354554	0.12749895355196567
0.24999153155401144	0.21215442411749377	0.10927969243284681	0.29493810493131867	0.13363624696432905
0.2531842912137311	0.21568208833929997	0.10627138763559699	0.2786623986358703	0.14619983417550142
0.25867033342060136	0.21321745624986588	0.10811328928188542	0.2949894121459939	0.1250095089016532
0.2603147307872244	0.21206788252597203	0.10850189946289757	0.2997447302777335	0.11937075694617227
0.24940484393426657	0.21288718941963514	0.10516231177857745	0.2956566163972911	0.13688903847022948
0.24592131944809292	0.2117835211269042	0.11134564195135704	0.29180879880293903	0.13914071867070657
0.2638737002089924	0.221167377893834	0.10687768195606193	0.29873787726908113	0.10934336267203025
0.2483380740178544	0.21694930855304476	0.11212193516714537	0.28795886138822213	0.1346318208737331
0.25429893294724926	0.2159984006426055	0.10814591372068573	0.2810120325635366	0.14054472012592267
0.2630678406113084	0.21895426499989995	0.1058600054506836	0.2999052614316342	0.11221262750647358
0.262270029976771	0.22534504247106024	0.10598073069398807	0.2854676023428094	0.12093659451537103
0.2545361735458828	0.21682141664413032	0.10500991982185012	0.29544884299228	0.1281836469958565
0.2597315068440953	0.21836259246935966	0.11197673920822923	0.2925744236010952	0.11735473787722042
0.24986614995403378	0.2247280765347324	0.10667318449303047	0.2845831574947224	0.13414943152348063
0.24539553592917207	0.21433379886736853	0.10520492791915459	0.28219977406632235	0.15286596321798224
0.261502993754893	0.22025480938050446	0.10654016698708735	0.28167422506200024	0.13002780481551468
0.24861920250375874	0.21824968147978183	0.10617094230606154	0.2796652027348091	0.14729497097558852
0.25638803820265366	0.22577323011462616	0.10412800864362427	0.28053270167115096	0.1331780213679447
0.26169413533544006	0.22151695678466743	0.11001421331468632	0.30046624163626373	0.10630845292894225
0.2455477266731429	0.22191396255191403	0.11109731285014011	0.287855524744497	0.13358547318030572
0.26151907152501774	0.22455380156397886	0.10930453461517832	0.2856927526459846	0.11892983964984022
0.2620533903544489	0.21954247699874865	0.10504383270649446	0.2855688302249738	0.12779146971533384
0.2640484358246774	0.21253798246981026	0.10473607911525766	0.28477550892174586	0.13390199366850852
0.25550176559405574	0.2263637304596586	0.11165782103076796	0.2929602481785256	0.1135164347369918
0.2567400605952597	0.21763827492244592	0.11106218869123703	0.298913401459246	0.11564607433181105
0.26378795970517643	0.21365785842991786	0.10422480850393051	0.28413915911588117	0.1341902142450938
0.260523836768378	0.22241201355983434	0.1078865304428184	0.29916182546524117	0.11001579376372783
0.24582412241218457	0.216308784255481	0.1048527677506814	0.2823735529909456	0.15064077259070718
0.2565884401009041	0.22420151198661029	0.10870927001527188	0.2930928298892644	0.11740794800794913
0.25179725666628094	0.22265232019458397	0.10846970109971923	0.30203702887368894	0.11504369316572663
0.2517061785772444	0.2202788660646165	0.10786508844165554	0.294113258694982	0.12603660822150126
0.25228178834418097	0.21685261103049436	0.11001366336624195	0.2840123846358957	0.1368395526231868
0.25252365902123336	0.21702283525973676	0.10650923187307985	0.28856198301352487	0.13538229083242492
0.24737916046518174	0.22420013069522027	0.11178510019519541	0.29310899429572285	0.12352661434867951
0.25799208248410976	0.22403626621222733	0.1073862980071031	0.28926290548741596	0.12132244780914359
0.254035245091109	0.217304603348091	0.11169964265442266	0.2896814528737125	0.1272790560326646
0.26319150875516106	0.21844005631539645	0.1116062900879717	0.27932407030412276	0.1274380745373478
0.2575907667442022	0.220091896553035	0.10486283808583369	0.28551413145275734	0.1319403671641715
0.24674005778653865	0.21204420705962643	0.10687739878416663	0.3008173352674164	0.13352100110225162
0.2549107643041892	0.22040913133790668	0.11053659620039104	0.29874603402574246	0.11539747413177037
0.25474632660214147	0.2098062691727914	0.10807591632264552	0.2914885962629771	0.13588289163944434
0.24696844332623608	0.21261058624395696	0.10947563067224653	0.28310049332873044	0.14784484642882972
0.24661278729969804	0.21668757502977617	0.1101816267413665	0.30137889141127294	0.12513911951788606
0.2548265105364627	0.21017258508596562	0.10889593833925484	0.2891039231240468	0.13700104291426973
0.2548437787898681	0.22306251022696985	0.10723975168428346	0.29212039195579687	0.12273356734308144
0.2602191270699544	0.2223009451206514	0.10946783118877941	0.29250923253571465	0.11550286408489983
0.2605342864356472	0.21547290995717067	0.11086206313385301	0.2961154689130161	0.11701527156031276
0.24704188038770653	0.22175024027915713	0.10534149863531447	0.2936148725438892	0.1322515081539325
0.2575730074988648	0.22045190848564847	0.10503369298497935	0.2996984847000356	0.1172429063304716
0.2564157133360085	0.2180146011610329	0.11145434502030194	0.29993612603665565	0.1141792144460008
0.2635635211511965	0.21771210967274662	0.10454559369027809	0.28725474703637227	0.1269240284494062
0.24852491490084205	0.2106629363930002	0.10688698313585053	0.28032941874931544	0.15359574682099153
0.2456879513413144	0.21461313725268674	0.10773657897843843	0.2957839791808916	0.13617835324666858
0.2559987161673089	0.2100176178917725	0.10939439964360607	0.2957131612041778	0.1288761050931345
0.2579442492669351	0.21864620229506143	0.10610586398206237	0.2916167029038782	0.12568698155206262
0.2483926715055768	0.22418806973098862	0.10877358167061664	0.28473041722239656	0.1339152598704211
0.25676738062739585	0.21511865116638507	0.11048578368989025	0.2974278569896045	0.12020032752672408
0.24617356933694495	0.21846687796994774	0.10509915214353376	0.28898393608045403	0.14127646446911926
0.24939516910958856	0.21262267270292415	0.10911386224417147	0.29697529819667523	0.13189299774664032
0.2637568206887221	0.21837535662035706	0.11080041738736023	0.27884908317942636	0.12821832212413403
0.2479097385699764	0.22094537748454568	0.11027211654515708	0.28333229415393923	0.1375404732463814
0.2514195479882216	0.21602087837222408	0.10917382186778639	0.30169242481977465	0.12169332695199302
0.26198746412390284	0.22617906379742808	0.1054828027768542	0.2920636961401112	0.11428697316170343
0.25241136763418165	0.22293237751318742	0.10924694352415028	0.29115932667517763	0.1242499846533027
0.2605503806219015	0.21861005211192144	0.10971185754868458	0.29090490541052216	0.12022280430697008
0.26417895282121945	0.2182607846063847	0.10676970468511436	0.2855151590930261	0.12527539879425514
0.24713571500730147	0.21030665120474648	0.10541404706590385	0.30130905414845804	0.1358345325735899
0.2510814295733257	0.2249602016538549	0.11117672914308879	0.2849871782367836	0.12779446139294676
0.2536847937086891	0.22486881405472334	0.1084311952407402	0.29439671774093723	0.11861847925490981
0.2579816870493634	0.22156976854589255	0.10471275649980308	0.30095333771169563	0.11478245019324504
0.2502690432049354	0.22191006680226877	0.11064847214001823	0.2899796906842057	0.1271927271685716
0.25593779704167474	0.22402645073584887	0.10802590616887768	0.2992766671318618	0.11273317892173663
0.24838820679279294	0.21118269140027307	0.11262221511679289	0.2809548405647847	0.14685204612535613
0.2535574896057877	0.21172218227001716	0.1118592863452553	0.28269941794870596	0.14016162383023362
0.2459749247009143	0.21609772453566456	0.10972936528213949	0.27843447628840556	0.14976350919287584
0.2542122364215402	0.21376954183412308	0.11052479869228435	0.28689380392810127	0.13459961912395077
0.2642237134850502	0.21867052873332357	0.11152121025206588	0.29358237547673904	0.11200217205282106
0.261259874166214	0.21164173319438037	0.10875552057328532	0.28840767264954553	0.12993519941657453
0.2568274747150454	0.21699029873792683	0.11127056271123843	0.3001700491367747	0.11474161469901434
0.26249069680231496	0.22505600346832763	0.10831237003542488	0.28096472379361626	0.123176205900316
0.24505419633619735	0.22391506979437703	0.11229938716157445	0.2961062137761128	0.12262513293173814
0.2599097558123228	0.21557291426169914	0.11237004862765804	0.29956683297770076	0.11258044832061902
0.2573128913935672	0.223030140574005	0.10483274007633511	0.29849976082329877	0.1163244671327937
0.2526043600570488	0.21814087880793076	0.10594864530724243	0.28146945669571016	0.14183665913206758
0.25914041156316053	0.2246370456371264	0.1097311776274767	0.289892668926244	0.11659869624599214
0.2541038371185563	0.22231423972400574	0.10971501015925975	0.28199361127947065	0.13187330171870737
0.25907612943084707	0.2241718051389328	0.10628194354088591	0.3006108771184448	0.10985924477088913
0.26283581929725963	0.21061525718679405	0.10474574426578317	0.2973797436806376	0.1244234355695253
0.2629081620925068	0.21932055389473526	0.1051734347843985	0.2873848170641813	0.12521303216417795
0.25854565266620716	0.22481292804463213	0.11139545924215877	0.28736144891599547	0.1178845111310062
0.2556814743646349	0.2222523182210835	0.10719198641928984	0.27952799042834964	0.1353462305666419
0.2473186861437032	0.2237819044745225	0.10567063425512602	0.27920795203797166	0.1440208230886764
0.24986114810807158	0.2227578340733586	0.10708402229912667	0.2849397504623248	0.1353572450571181
0.25457777928406833	0.21304775834912068	0.10952384829422909	0.30052759263577544	0.12232302143680619
0.2607176382422641	0.21564421066060377	0.11245121150165073	0.28308236847738444	0.1281045711180967
0.2461490055914202	0.22386191425165458	0.10779685842806505	0.28905887693705057	0.13313334479180938
0.2452102066784625	0.22578444856314597	0.11111756761251618	0.28499385780199415	0.13289391934388095
0.25177919087612266	0.20972445295678244	0.1062587466695467	0.2965249788882242	0.13571263060932376
0.2466098112940249	0.21572111490826026	0.11079466431178403	0.2888306248335669	0.1380437846523636
0.2475302944947042	0.2164256518175766	0.1123639107030435	0.28097245215796596	0.14270769082670948
0.25754293906626574	0.20983810995373656	0.1071644296933461	0.3012486295384667	0.12420589174818467
0.2515151183736355	0.22530837142920104	0.1056009034554076	0.28712644204065163	0.13044916470110396
0.2528697577518471	0.213516194995305	0.11228410222367004	0.27978256481989194	0.14154738020928564
0.24517340999413734	0.22145791668145345	0.10537740223842132	0.28653698772305825	0.14145428336292942
0.25962273218921295	0.2131002162000688	0.10683497359058172	0.2873922163094346	0.13304986171070168
0.2547893337373453	0.2114923338551724	0.10694368090876324	0.2882786207894361	0.13849603070928268
0.24968651385112192	0.21140739049057702	0.1109227705648556	0.29422609200234096	0.13375723309110424
0.2560336892568607	0.22582875944805353	0.10557217745829378	0.2814513284454737	0.131114045391318
0.25749775339833314	0.21588772998333353	0.10773506822547553	0.29982378375412844	0.1190556646387291
0.2602442071890883	0.21391097997123462	0.10917642522144536	0.28899009091238825	0.1276782967058432
0.2608915636593796	0.21856024706409471	0.10789560449957533	0.27901473870682614	0.13363784607012397
0.26000408608141606	0.21280901625703422	0.11024248096069052	0.2961719983855329	0.12077241831532609
0.24743789014375495	0.219687808935569	0.10887853612110111	0.2928832275990998	0.1311125372004749
0.2494637744270951	0.21855806625817684	0.10525420508478309	0.28463584895901195	0.14208810527093277
0.24992232464359282	0.2214996258908921	0.11203554092827178	0.2910205365515464	0.12552197198569665
0.2581749104708666	0.21216386255710568	0.11150962450643173	0.28691293134288837	0.13123867112270737
0.2599836589559878	0.21975489845601287	0.10954533276090449	0.28393163852894354	0.126784471298151
0.24697111212463224	0.21802686151638723	0.10465752217578782	0.28349707480771624	0.1468474293754762
0.2622212586114312	0.21015766932827637	0.11127410633213942	0.29034990213842804	0.12599706358972473
0.2499928409761596	0.2216785623836709	0.10639477274427545	0.27842494106706983	0.143508882828824
0.2538485316223114	0.22589198851501732	0.11073976937844575	0.29600768369161057	0.1135120267926147
0.25806582973357306	0.2186057444399361	0.11003212400089218	0.29788283703153545	0.1154134647940629
0.2635468061603583	0.21212756535818	0.10615659551732129	0.28209014694022055	0.13607888602391965
0.2555640800869122	0.22045418514314796	0.10529423101724263	0.2830270677967237	0.1356604359559732
0.2635778869761172	0.2107466716058282	0.10757672293260444	0.28424285522917436	0.13385586325627552
0.24608907134592325	0.22611319071277625	0.10745853141787257	0.285801795321563	0.13453741120186463
0.24858782477429364	0.21807695079357894	0.1077113640870119	0.29791564063357256	0.12770821971154267
0.26014734091993347	0.21529424141014064	0.11135809803846475	0.28129463999322885	0.13190567963823208
0.26135220559209293	0.21823700666124377	0.11036436484901996	0.29427815322931283	0.11576826966833025
0.2547403157562355	0.2166667611966305	0.11081020308643838	0.3007415339289573	0.11704118603173805
0.26073089633814056	0.21455384774169015	0.10843819340677524	0.2871957547580012	0.12908130775539262
0.25356672356849713	0.22168899663688155	0.10879087067525266	0.2983213519843482	0.11763205713502016
0.2512484212028835	0.2126621342469996	0.11077247462932385	0.3017722640536016	0.12354470586719124
0.2559623105600862	0.2135874940075993	0.10512194260678623	0.2800063943878754	0.14532185843765258
0.2630168932832342	0.2219478010325029	0.11124795552388472	0.29237620154215965	0.11141114861821828
0.2472852341153916	0.22127252716154608	0.11184946985838402	0.2929963799236293	0.1265963889410487
0.24815021064372633	0.21387620113646863	0.11032302906392388	0.28439243763398586	0.14325812152189502
0.2543050386793021	0.2143027602326798	0.10730533818363513	0.2841392786833257	0.139947584221057
0.2632709204317336	0.21847488921398972	0.1115085799116333	0.2912687348375192	0.11547687560512392
0.248761940231126	0.21471134871864328	0.11237571538326153	0.2938238006691039	0.13032719499786505
0.2616479029174372	0.21419270395477782	0.10519511423211314	0.2861405260612728	0.13282375283439873
0.24737578789409606	0.2261579172898913	0.10684424250739089	0.2850753911071049	0.13454666120151665
0.26115786253194484	0.21001204162254128	0.11174895658606668	0.29021049731407456	0.12687064194537237
0.25260100396717833	0.2117025401576958	0.10463290490826958	0.27971003590510585	0.15135351506175015
0.24677588821506913	0.2232748321562138	0.10835408389862441	0.2799528000473043	0.14164239568278808
0.25666073822040236	0.22005537244935716	0.11146116712163975	0.29128596695348813	0.1205367552551123
0.24846343016568057	0.21094723260780837	0.11035101449523747	0.2793370306941048	0.1509012920371685
0.24767440453947343	0.21733347822088386	0.10785972425568166	0.2889605369665619	0.13817185601739895
0.2599044572448529	0.2155123558040067	0.10805884086609475	0.30030011176151317	0.11622423432353216
0.26216936013019426	0.21752723347014136	0.11244751523325688	0.3021789492317005	0.10567694193470674
0.2533054330187011	0.21694209174122042	0.10932231279615787	0.2789475982465347	0.14148256419738564
0.254615315413485	0.226244294864756	0.11207578752688638	0.3012460364514889	0.10581856574338351
0.25506162079080774	0.21273088325674383	0.1058000460506501	0.2954294431727682	0.13097800672902982
0.26397207801474537	0.21723022314866014	0.11027973363310153	0.28562565289828545	0.12289231230520727
0.25724335872050225	0.21498948316618077	0.10487067836271101	0.30042622748904746	0.12247025226155822
0.26113106942166564	0.218603838928979	0.11252251103620603	0.29862394737504694	0.10911863323810216
0.25326201211289756	0.21971552383053056	0.10838650328558719	0.2868502965889837	0.13178566418200072
0.2550542985665716	0.2142853120462052	0.10772121243895069	0.2906511291227837	0.13228804782548853
0.26263448904225006	0.2122146441472795	0.10983719644808468	0.2961592083109016	0.1191544620514839
0.26179952837576287	0.22416001694174367	0.10959655910715935	0.2800507257285322	0.12439316984680164
0.2638699403629833	0.21549733600295964	0.1057541901409206	0.29293366364760687	0.12194486984552931
0.2545930143598351	0.20976373823113081	0.1075822532715207	0.2989127614042349	0.1291482327332782
0.24856874226211773	0.22094892715282272	0.10500099455382225	0.28039906101391215	0.1450822750173249
0.2611803409764675	0.21959956591825633	0.10672557751485591	0.2820812143841399	0.1304133012062801
0.24765806390212983	0.21064753306564624	0.10801499712019895	0.27936341446778035	0.1543159914442444
0.25379724061020625	0.22045050186777035	0.10500480756401603	0.2880802197087413	0.1326672302492658
0.252578495129587	0.2108303302499954	0.10741654449734656	0.29742739518236294	0.13174723494070778
0.25965991987186443	0.22493900796607527	0.10411061369828933	0.2869414855592761	0.12434897290449455
0.25425470931913513	0.21025701026619334	0.11216760515736504	0.2853134227647077	0.1380072524925985
0.2619176835554433	0.21936829926701407	0.11176817747444502	0.27929337418848055	0.12765246551461676
0.2598513509881192	0.22174849954573733	0.10555899106420069	0.2799097504923712	0.13293140790957136
0.26296928542779036	0.21727449888077943	0.10749440420239233	0.2815843383787003	0.13067747311033734
0.2560500934925748	0.21533154075392585	0.1106207314266185	0.2961186778746563	0.1218789564522243
0.24529024034824898	0.21082327242903967	0.11172777709250378	0.29262551913105267	0.13953319099915465
0.2475756543467802	0.2197473559846939	0.10763534725617953	0.29249730971952337	0.13254433269282279
0.2588579656903868	0.2228057664399955	0.1120240755378555	0.28585211849699643	0.12046007383476547
0.24941817529797422	0.21314393826216055	0.10638746888293198	0.29093490799211763	0.1401155095648154
0.25961567980485867	0.2215433701416969	0.11242229517966254	0.28260792599843554	0.12381072887534614
0.2471928361169505	0.22223528322240318	0.10424251350203559	0.3016025717001106	0.12472679545849988
0.262150115977416	0.22563794593589598	0.11077789001226801	0.2794743942990443	0.12195965377537543
0.2515461827260933	0.21409412768044386	0.10396986109847035	0.2957129131985552	0.13467691529643702
0.25912818777071456	0.22473886905880086	0.10713584862242304	0.27964198569245363	0.12935510885560766
0.26348733151492776	0.21585714480756818	0.10688092382999925	0.2792646469236847	0.13450995292381984
0.25303378615267713	0.21460616829786858	0.11121551481552014	0.28011895691324307	0.14102557382069086
0.2561795371062205	0.21463523721611968	0.10935610350027936	0.2933953477066749	0.12643377447070525
0.2627479619445184	0.21928207945921485	0.10716325707377541	0.28195309614838304	0.12885360537410806
0.24521517954584487	0.22573588781468654	0.11003870620189049	0.28778057925576905	0.13122964718180877
0.253927626692294	0.22408091647954184	0.11031394080700584	0.2849463428872451	0.12673117313391297
0.25578111335484666	0.22324233049414147	0.11092920000657495	0.29259320610402384	0.11745415004041285
0.2506690520476117	0.22132067361536079	0.1070122609509017	0.2885943462878562	0.1324036670982694
0.2643002800097195	0.2195582055840387	0.10440094094278839	0.28448477190874494	0.12725580155470817
0.25608346054213704	0.22352613575007027	0.10448122898777448	0.28395048423490077	0.1319586904851172
0.2634556072560522	0.21217058642103548	0.1070715696892333	0.28293435820102364	0.1343678784326551
0.25496073661126467	0.2130113971648911	0.10754149573363972	0.3018563969881016	0.1226299735021026
0.2478755103483566	0.21874129529350578	0.11049580457388752	0.28328180395809516	0.1396055858261547
0.26311952779031766	0.22063239634422965	0.10828411280094047	0.28289515191292947	0.12506881115158253
0.25473443945397667	0.21960676023392392	0.10755719208028319	0.29027618352248813	0.1278254247093278
0.2603072505098311	0.21251771342872988	0.11038115531600931	0.3001705599411957	0.11662332080423378
0.255485445613942	0.2208708420604515	0.1051920938428714	0.300698560349748	0.11775305813298688
0.25144107429907264	0.21825197864708773	0.10633537265764963	0.29602124926795886	0.1279503251282309
0.26246774291226516	0.21934928595327993	0.11095949897498279	0.2989830170288919	0.10824045513057996
0.24562490368743156	0.2182067770481723	0.1108719036751495	0.28024820667878575	0.1450482089104606
0.24822634648941966	0.217204080981434	0.10950412070956496	0.28445295136556226	0.14061250045401885
0.26332547948890295	0.22490688075237844	0.10554951302116826	0.28785896938108585	0.11835915735646421
0.24658095725408843	0.21987677816865425	0.11037025265307028	0.2977199374013319	0.1254520745228549
0.247537627490559	0.21522397333143542	0.1098945690719423	0.29332250097805146	0.13402132912801157
0.25322468484953403	0.21318441423583379	0.10684651084802924	0.2914047196277178	0.1353396704388849
0.2540034609571247	0.21210024722336365	0.11240341794914023	0.30205369751002625	0.11943917636034489
0.26113141244717614	0.22244338488325988	0.10689266028416311	0.2902934527860903	0.11923908959931036
0.24657787027893474	0.22503809720787502	0.10631844648048933	0.2999070966646493	0.1221584893680513
0.24890455434588993	0.21768173631440177	0.10808217046640671	0.3012801785077788	0.12405136036552254
0.2643320325101869	0.2114822193150359	0.11124398747281028	0.28629719530459047	0.12664456539737617
0.2589711489140071	0.21206126907951078	0.10796396653982751	0.29280460265626873	0.12819901281038565
0.252430595458104	0.2141217460324481	0.11007275908958776	0.28681706693813885	0.13655783248172104
0.251025362982804	0.2130475792954315	0.10912522771209755	0.3020342366828613	0.12476759332680545
0.25031304500742024	0.2096538821563897	0.10447796444976061	0.301174254413665	0.1343808539727642
0.25777410544260004	0.2234857573689843	0.11195175283947897	0.2831702825357585	0.12361810181317792
0.2490941845697419	0.2233358299138316	0.10404329763807293	0.29019049104699757	0.13333619683135578
0.25871354155708925	0.2142921124358538	0.10800092149110725	0.293574512333873	0.1254189121820764
0.24885154268581924	0.21324177765676985	0.11110188869482522	0.2809858065971817	0.14581898436540375
0.25288895275462336	0.2247391469390829	0.10817643748684014	0.2932528076926851	0.12094265512676826
0.25680257273694174	0.2179137793740084	0.10790165271180238	0.28341993862359416	0.13396205655365306
0.26229355178306635	0.21846551274524662	0.10438725007125912	0.2850286175847504	0.12982506781567726
0.25223592686953134	0.2160463651167176	0.10717235732875688	0.3017179491022563	0.12282740158273762
0.24662838103522836	0.20988252653352593	0.10440810394438796	0.29240000064345706	0.14668098784340045
0.2568763974808079	0.21190845832820182	0.10708563836375766	0.2852430291462958	0.13888647668093657
0.24661357047818142	0.22040057852099884	0.11176892094537634	0.29709941759087466	0.1241175124645685
0.25588783550563554	0.22160948029855046	0.10610750212327179	0.28521747229716976	0.13117770977537213
0.2632304839520538	0.2156428154551002	0.10457901253557403	0.29383888773952505	0.12270880031774668
0.24692538277075265	0.22422820905103139	0.10807524343342136	0.290029220477468	0.13074194426732635
0.25832173533223635	0.2217774459340987	0.10704851773780431	0.2802344121850433	0.13261788881081712
0.24837799508076697	0.21877672738347362	0.11133480983032122	0.27959532538291143	0.14191514232252658
0.24945218362430077	0.22173700825878212	0.10984064548295293	0.2958467076477722	0.12312345498619169
0.2465177877510463	0.21278284609492415	0.11211434997261195	0.284896239983881	0.14368877619753634
0.25340249554669303	0.2201528693981337	0.11234580793346535	0.29947592168788284	0.11462290543382485
0.24685387912888357	0.21404777816930007	0.1110293082143647	0.2947189721251571	0.13335006236229432
0.25539560707218245	0.21159391834926938	0.10976954164730963	0.28095732249577365	0.14228361043546467
0.24576495005797	0.21360301240301188	0.11194693050873725	0.28324933699862165	0.14543577003165897
0.2505530667415581	0.21982081927082273	0.10894278265605327	0.29027465104581507	0.1304086802857506
0.2560557927348168	0.21669470838235694	0.10441699098698423	0.2859679771409996	0.13686453075484212
0.250583776590186	0.22121897531736887	0.1048294706016597	0.2906093513812753	0.13275842610950989
0.2551483507092888	0.21163752856240853	0.1105739969589929	0.28724855925932813	0.13539156450998135
0.24649734445924848	0.21145269671679345	0.10968743424509345	0.28231259799868114	0.15004992658018326
0.26436079729066086	0.2227206141518614	0.10770959113899027	0.28559383283578377	0.11961516458270341
0.2579866015191567	0.21361083265284775	0.10514108404262097	0.2958115893562343	0.12744989242914007
0.26137104692311236	0.21673455180250065	0.1095331457367791	0.28013379089085544	0.13222746464675217
0.2626523746035222	0.22104189825779455	0.10968271087229632	0.29608215120685266	0.11054086505953398
0.2540095913545909	0.212385559947794	0.10806287627362463	0.2891803422459735	0.13636163017801672
0.2582079036985195	0.22295278184243636	0.11201558615533128	0.282400035680014	0.12442369262369868
0.2590984305948172	0.2233505080937386	0.1061287180227022	0.300513374438528	0.11090896885021376
0.2514791291788923	0.21093523974170797	0.10435771671575242	0.2972969364969598	0.13593097786668723
0.2546627273498112	0.2194999588491501	0.10894255763879702	0.2963029685245361	0.1205917876377053
0.2571529104408059	0.22100716932748918	0.10832161317803309	0.29813021158267994	0.1153880954709916
0.25040979426547694	0.22361382661506118	0.10412136004706758	0.28934660882732655	0.13250841024506751
0.2603940943724527	0.21632866812135168	0.11198228917484242	0.29534377785390975	0.1159511704774432
0.24830383131658978	0.2129060384266008	0.10795676021936505	0.29303734038095375	0.13779602965649035
0.25842402969958783	0.2121358232725166	0.10646795346552476	0.2910249408423764	0.13194725271999416
0.24662595811951668	0.21593443891712436	0.10491429880101054	0.29233032425899047	0.1401949799033577
0.24493583516104123	0.21287240186877096	0.10672886572780649	0.2947994316899365	0.14066346555244458
0.25215148653597363	0.2131126926505586	0.10971160616024017	0.283312957613882	0.14171125703934542
0.2572440606340342	0.22247173319375446	0.10477028084228067	0.30149533545503593	0.11401858987489447
0.25162615920632175	0.21943374989226366	0.11101266947784999	0.2988727246588161	0.1190546967647482
0.25163900528010824	0.2249718814710392	0.10564287860525096	0.29206732725546863	0.1256789073881327
0.24631248034858783	0.2094056136874126	0.10844613697477545	0.28928845856952845	0.14654731041969543
0.2625145972791512	0.21996138204752264	0.1056371174763786	0.2941804075782751	0.1177064956186722
0.2575857279984079	0.2143392531064626	0.11110447127484029	0.2790350055995489	0.13793554202074004
0.2501135545464906	0.2251611079473299	0.10961654373314346	0.2789664080158766	0.13614238575715915
0.2553698095154931	0.20991702455709302	0.11196293918226594	0.2848550092166312	0.13789521752851652
0.24688717679067004	0.21675990999610908	0.10906516677644354	0.2793487992407811	0.14793894719599598
0.24782242774603636	0.22542276290795457	0.11258765554399136	0.29873881274130526	0.11542834106071219
0.2525986929512403	0.22589030868853394	0.10922917926138559	0.29267838491451564	0.1196034341843243
0.26285495879122456	0.21934143399353215	0.10982210136564392	0.29678595105754935	0.11119555479204977
0.25741765107659914	0.21917663128056858	0.10858662457830995	0.2863363655424318	0.1284827275220903
0.25812597438594914	0.21869217976380934	0.10619508491308133	0.29563845445373677	0.12134830648342315
0.245544999161526	0.21658713805529015	0.10476644455312435	0.2936411911364237	0.13946022709363554
0.251251053134131	0.21993026855246134	0.11080657559472715	0.2810172920121359	0.1369948107065444
0.2524309929061006	0.22072303624676073	0.10956202795464601	0.28238649760182105	0.13489744529067133
0.25765335168383763	0.2166977003706815	0.10740735679465105	0.2906557452007838	0.1275858459500458
0.2508567033638008	0.21749279454123513	0.1093497051031213	0.28119217269003366	0.14110862430180887
0.2485656438996135	0.21367858984837348	0.1120084399860336	0.2829417996105288	0.14280552665545038
0.2573464408408004	0.21467306636912195	0.10800843903751435	0.29089354406446494	0.1290785096880981
0.25988236816962124	0.22474989562064351	0.10443410170253706	0.2905635535307484	0.12037008097644948
0.25964056427082627	0.21672747141926568	0.11070306599139669	0.2996009078438673	0.11332799047464384
0.26158360898279964	0.2207766626896787	0.10554535903495157	0.3000820926177963	0.11201227667477356
0.26375415700794175	0.21698361481084594	0.10742349908656257	0.29607053320982946	0.11576819588482005
0.2558572991102633	0.21165986572435427	0.11023346607472816	0.2884281292143231	0.13382123987633093
0.24582545506327788	0.2189171105448068	0.10475472227941857	0.28661299050376104	0.14388972160873542
0.24938076013659144	0.2161885124194863	0.10889891280335069	0.2905591308306894	0.1349726838098819
0.24703024845644384	0.21842571717471312	0.1060864536247549	0.29748101360101076	0.13097656714307715
0.24589389377782556	0.21785795186809986	0.11121963011959726	0.28616604692728836	0.1388624773071887
0.24822887653188533	0.22567068469183954	0.10455860686999313	0.2936714470443131	0.12787038486196867
0.2463950241971009	0.20972724663321024	0.10840618581873514	0.29001179093782287	0.1454597524131306
0.25976212269720567	0.22581797937536913	0.110184193023051	0.29722746613913875	0.10700823876523519
0.26164709235537786	0.22160994401729728	0.10438705239363955	0.2816470544403439	0.1307088567933412
0.2618860116206322	0.21031053292797572	0.1060344076587731	0.2928565783712529	0.12891246942136583
0.25278893811519104	0.2256659927273173	0.10690657851305604	0.28655511059199246	0.12808338005244285
0.26103459365231363	0.22431327813776958	0.11106187413672886	0.2862729840965901	0.11731726997659762
0.2590829173167717	0.2178004893234526	0.10545800546960173	0.2823787515157269	0.13527983637444685
0.25758192119123513	0.22399812970666985	0.10827192263494989	0.28276074104729565	0.12738728541984923
0.26271311221234284	0.21734109943612853	0.11101748501441103	0.2846795051114306	0.12424879822568674
0.26266721740591703	0.2161081527799542	0.10436178740132601	0.2917717643325235	0.12509107808027897
0.2489344068660061	0.21842149962871876	0.11071226721868323	0.29192778913430406	0.13000403715228762
0.25197921593294403	0.2150988982412564	0.11059395335901379	0.2900710984705534	0.13225683399623211
0.2464190080884264	0.22639820863233795	0.11114877168659787	0.29481454338895957	0.12121946820367796
0.2561480755035709	0.22524664965672253	0.10650149133578862	0.2878732383222728	0.12423054518164492
0.2596573001953801	0.21718726506961533	0.111779206005315	0.29644735982143855	0.11492886890825071
0.26412631490301186	0.2181583730672792	0.10612932308869757	0.2973793222453981	0.114206666695613
0.24972930709820118	0.2205987223354327	0.10521412390735002	0.28831457183221976	0.13614327482679614
0.25780205768908465	0.21458612594741402	0.1042639315221324	0.2981683712928109	0.12517951354855777
0.2621085681552051	0.21445170323229418	0.10638512150029432	0.29519985757215317	0.12185474954005292
0.2642695732621563	0.21202017467265108	0.11000617000244232	0.30062637132593945	0.11307771073681058
0.2575262127507359	0.21171990620033523	0.10428513570475827	0.29324422469908423	0.13322452064508614
0.2611399263944306	0.2155073893131634	0.10468988306234472	0.2822376483606852	0.1364251528693758
0.2570312155420861	0.22491087183765385	0.10575523883054884	0.2874148671550235	0.1248878066346875
0.2464842446892379	0.21204776576163153	0.10942801035344633	0.3016735856994281	0.1303663934962559
0.26081639141431506	0.2109599468343051	0.10719995497238435	0.28881594603874766	0.13220776074024754
0.2622867579316718	0.21416076108002333	0.10986017583270727	0.29334429729995404	0.12034800785564335
0.25159883561180807	0.22518820772933193	0.10646223763792761	0.28773961893501665	0.12901110008591551
0.24594913482241623	0.22200630030422852	0.11013656350434885	0.27963060685387653	0.14227739451512963
0.25506014184649506	0.22053985280387067	0.1095760741767444	0.2821814570568694	0.1326424741160202
0.25002259989598935	0.22341302098426974	0.10973173000059798	0.2871395426852611	0.1296931064338816
0.24489088552270274	0.2227177932316932	0.10834625460093775	0.3006598973676009	0.1233851692770652
0.2547685655251791	0.22131970820710084	0.10985902616921037	0.2908643765537345	0.12318832354477491
0.2604642140133392	0.22111694225863984	0.10901933567824894	0.2900551996679708	0.11934430838180102
0.24846103950791315	0.2257264617570199	0.10823861869308181	0.2975630141301863	0.12001086591179858
0.2475163198126543	0.2156647677492357	0.10740072403921017	0.30137684488871136	0.12804134351018825
0.2626255117362817	0.20959611423866137	0.10562030825737888	0.2912560193508419	0.1309020464168359
0.25765179304211516	0.222210509544335	0.10408822153005293	0.27937898057003807	0.13667049531345857
