0.15210568102323702	0.1657135773464291	0.3080145103542247	0.2818154612156614	0.09235077006044753
0.1500084344881937	0.15367309516787703	0.31780887195330493	0.2745764969897576	0.10393310140086659
0.16787267747121512	0.15990186979057988	0.3070135445555521	0.2733191508020755	0.09189275738057726
0.15604657929182666	0.16269803169638652	0.3191584653550392	0.26805208864108426	0.09404483501566316
0.15137119563479912	0.15606791358618027	0.3250552064309864	0.27133696655933004	0.09616871778870402
0.1520253246967786	0.15615367046902368	0.3245253666351271	0.25900302212422704	0.10829261607484336
0.16681837152163292	0.15650432182479881	0.3082665199973774	0.2634546925056165	0.10495609415057414
0.15834652406344848	0.15634149005123366	0.3133912939639761	0.2627874410155707	0.10913325090577086
0.17029045626262077	0.16541039374671143	0.31545786036707346	0.25451866498227804	0.0943226246413161
0.15791838478274978	0.1622148378846504	0.32744530473509315	0.2525565951495669	0.09986487744793957
0.15970181591196503	0.1525246578978287	0.3192953438237992	0.2621136793623594	0.10636450300404751
0.16533313905965535	0.148044712870008	0.31202335766753625	0.28162855919361135	0.0929702312091888
0.17666237534124557	0.15441592009264055	0.31482681261042594	0.25430817446660225	0.09978671748908545
0.17194828494244752	0.15751679645068656	0.31333061803404294	0.2618598041447197	0.09534449642810311
0.1714189435454649	0.1538187818332573	0.31630243579534884	0.252503305804054	0.10595653302187473
0.1552138997301496	0.1483545126487089	0.3320134220387644	0.25420092295424085	0.11021724262813606
0.15224764191887008	0.1637938764367382	0.3125703871739996	0.2666116826417878	0.10477641182860409
0.15229525783345005	0.1505631727469751	0.32342333358510444	0.275234780061956	0.09848345577251422
0.16576357008270287	0.16634169972382484	0.3050932979486023	0.25226384472955643	0.1105375875153133
0.16902437195137138	0.15808552591660385	0.32477136929848044	0.25143730088710003	0.09668143194644413
0.1597980472867647	0.15630208852862668	0.31371961627352196	0.2636552457722109	0.10652500213887559
0.15029850697672154	0.15439984915934118	0.332354151717311	0.2583808918223748	0.10456660032425133
0.16039661667933697	0.1484471294107666	0.31138017336238666	0.2700046359289813	0.10977144461852828
0.1590266286953688	0.1524083985583718	0.32090963583483867	0.2700412923943114	0.09761404451710923
0.14828796451374704	0.15273761940666827	0.3135902612806126	0.28152835824127204	0.1038557965576998
0.17111741725172513	0.15398456403317867	0.32310903894365145	0.2575765020634022	0.09421247770804235
0.15504592090380778	0.15096198273298714	0.3174098626613362	0.2713829466190554	0.10519928708281333
0.17175643274562408	0.15625692398280544	0.3079841068321257	0.2540790497581707	0.10992348668127387
0.14800851172114934	0.16568161830297523	0.31743595602061847	0.27262534147757644	0.09624857247768033
0.16056167127313892	0.16107522271982125	0.3270184771186672	0.25889447502047463	0.0924501538678978
0.16663437890262714	0.15498875741281065	0.32130143094770225	0.2648074717994318	0.09226796093742795
0.15005847374684309	0.15988319759125882	0.31572123933863183	0.2807699969056568	0.09356709241760923
0.15301851647501638	0.1494260848386917	0.312774125330771	0.27852216155853915	0.1062591117969816
0.16689754507451926	0.14933258044922862	0.3273882355205884	0.259102419308944	0.09727921964671954
0.16151478456807672	0.15129597533399441	0.307254526915342	0.2802246166606245	0.09971009652196217
0.14914520647358298	0.15078620876297508	0.32992204707471906	0.2679617624893065	0.10218477519941616
0.17076819244522434	0.15106554907806194	0.30351757024755377	0.2679460794685051	0.10670260876065467
0.1596181846970155	0.15824338627822568	0.32639609315931745	0.2631260919361139	0.09261624392932725
0.1713093503048068	0.15224673649442164	0.30865579281644606	0.2689269029477859	0.09886121743653947
0.16466653391229338	0.16624085551498982	0.30814021714813217	0.2602453007791251	0.10070709264545932
0.16139252662270387	0.15861000945432654	0.3060024406901745	0.27918299404882774	0.09481202918396711
0.15745072527213824	0.16245327946844984	0.32762064267976004	0.26074138857096707	0.09173396400868467
0.1483325591743458	0.1648561261180242	0.3114266468989304	0.2698713064892275	0.10551336131947187
0.1487982428692131	0.14845943158821745	0.3264412117214953	0.2767099638284195	0.09959114999265442
0.15209253705126433	0.1551862490183693	0.3141194900169676	0.27778208052572645	0.10081964338767209
0.145850216611288	0.16116570224094873	0.3296517415790781	0.2703751623493873	0.09295717721929769
0.1721334387224538	0.1615477215803954	0.31846376785656016	0.25541642637154366	0.09243864546904679
0.1637437958746701	0.1578305050327327	0.31029299160748186	0.2687909503984499	0.09934175708666526
0.1500053998992223	0.16040319133050912	0.33061401500860804	0.25121943556401194	0.10775795819764841
0.14980687526382325	0.16535742239868592	0.30569988748276034	0.27015014186095804	0.10898567299377225
0.15061032316134104	0.1553996875523861	0.3282258509199964	0.2631649510901511	0.10259918727612517
0.15226049449721935	0.15489691831129093	0.3248683197570228	0.2638655866973618	0.1041086807371049
0.1755640004097826	0.14875213277187127	0.3100140001891205	0.2579327056239511	0.1077371610052743
0.17698514490723494	0.15407701531223142	0.3146728418097372	0.2617260868797146	0.09253891109108164
0.1507017509159655	0.1481883127514607	0.31777039782613814	0.27511805621674146	0.10822148228969408
0.16962920599957662	0.15300747161157296	0.3284407684117773	0.25487293606637773	0.0940496179106952
0.1589198565026446	0.16628891019142755	0.30433737206444955	0.2784876882064239	0.09196617303505422
0.17583573734982133	0.15196079529933457	0.30312026761080646	0.2758613773640807	0.09322182237595676
0.16875989929039462	0.15952594814746035	0.30462941665782073	0.26969163922929396	0.09739309667503017
0.14690037171383677	0.15995081419882126	0.3298671443480633	0.2649942758984032	0.09828739384087534
0.15194593165320408	0.16693618461977905	0.317758098920093	0.2575907052952858	0.10576907951163791
0.1778305027238969	0.15862021124620204	0.30490979941847296	0.2521245745577687	0.1065149120536592
0.1729565470354541	0.15363637688408843	0.31903977694043667	0.2515357629864239	0.10283153615359673
0.1539796885472846	0.16389649808429016	0.31985207934054855	0.2582234769245329	0.10404825710334363
0.1611339812572789	0.1523834890267189	0.318222092240197	0.26902350379763684	0.09923693367816816
0.17162306978664713	0.1588956513358703	0.30582336091184986	0.26101665033736665	0.10264126762826588
0.17295600652951368	0.16383528369970862	0.3106680361507786	0.2573888091553454	0.09515186446465346
0.1780526739912327	0.15172143149073927	0.3175954665365426	0.2523373557160098	0.10029307226547546
0.15739269326746927	0.15277862368858058	0.3259087658217936	0.2571961021024014	0.10672381511975496
0.16141265896528342	0.16653866358368635	0.3099213916340873	0.2638148920650699	0.09831239375187284
0.1533818833057959	0.16186175464128905	0.30653809493325246	0.274268058224751	0.10395020889491143
0.161728744589205	0.148497164335399	0.30362987139119824	0.27879449682022883	0.10734972286396877
0.1592661624301508	0.16433256712823516	0.3292259372973694	0.25572484931690675	0.09145048382733773
0.17439411471350502	0.16090559393731968	0.31782065166184326	0.25392926300075425	0.09295037668657763
0.16882352813643187	0.15195773184098527	0.3100028016015573	0.2761452385687172	0.0930706998523082
0.16093994238049764	0.15748247125408207	0.3106439896632519	0.27417721015345625	0.0967563865487119
0.15027852914004364	0.15968599555332647	0.32789464377416155	0.26661262372104877	0.09552820781141942
0.15749542962169044	0.15897611210308926	0.303327785471728	0.27239872919039543	0.1078019436130967
0.15738717917578957	0.15756782447751877	0.3256026135113159	0.25940455437755217	0.1000378284578234
0.1591440426277293	0.15253828143450474	0.32870248852805156	0.2541673730747617	0.10544781433495251
0.1637926846411368	0.15305893896658906	0.3230190316223393	0.2644996082736605	0.09562973649627411
0.14929474771187068	0.14970791782663445	0.32518644110097317	0.27208341652193174	0.10372747683858977
0.1720013995693539	0.15569347925493368	0.32305518975195463	0.2534024367532354	0.09584749467052218
0.167466770730783	0.1501571072228177	0.32792441153887136	0.2515746552213731	0.10287705528615465
0.15989813516245346	0.15378413984608041	0.30704963961431264	0.27730017230031134	0.10196791307684194
0.15959218173899137	0.15789908500667205	0.311496055228225	0.2609937101545356	0.11001896787157583
0.164835877019248	0.15044498467398	0.3295486333227107	0.2530478469468853	0.10212265803717574
0.15773874764252885	0.14958423279871752	0.3265326444082043	0.2728746487235664	0.09326972642698272
0.17065121616549933	0.15154316680289603	0.3143912539911185	0.25782426299316086	0.10559010004732503
0.16386931459714593	0.16041364799054617	0.308540131823115	0.26133006554276894	0.10584684004642375
0.15398253815627982	0.1512182468724199	0.3235147450011507	0.2668703805379431	0.1044140894322063
0.1729853554335457	0.1593704535736391	0.3117665377582661	0.25195767447799083	0.10391997875655805
0.1495783375422986	0.15507688089131677	0.3249574490493404	0.26888079014287236	0.10150654237417178
0.14970906579285892	0.16424730159350656	0.3116842709326745	0.27881136817170277	0.09554799350925713
0.14661486603927698	0.1666520805261685	0.30932136825781764	0.2722251575389676	0.10518652763776906
0.14814365061415416	0.15545300542540513	0.3218443569230377	0.2730954687686686	0.10146351826873419
0.1647050196450341	0.15461561066407442	0.3218290503950718	0.25192879716238936	0.10692152213343008
0.15492537045110502	0.16162778596360033	0.3127023798687897	0.2787059999468213	0.09203846376968347
0.167443635006934	0.14851792579396877	0.3271799822053993	0.25904623772553176	0.097812219268166
0.16020490054139577	0.16492402357794025	0.31284315834474724	0.26587315324870314	0.09615476428721338
0.1687966826924794	0.16249982647517666	0.30481744299077496	0.2660905719756288	0.09779547586593998
0.15547311658152926	0.15394769854623896	0.3271278368260737	0.2550656391980503	0.10838570884810758
0.1633929788646175	0.15637926468552094	0.32973999328749826	0.2566000948534401	0.09388766830892299
0.15083173335720634	0.1615326532638709	0.3129213055482595	0.2712635217625404	0.10345078606812266
0.15364954118575913	0.15478780713599397	0.31950079458140845	0.274509548318489	0.09755230877834925
0.16091625287661723	0.15814718638796277	0.3164915327472846	0.2682436441241687	0.09620138386396648
0.14886190231369867	0.15343178581598105	0.32502194340503077	0.2698412904410118	0.10284307802427753
0.15090245101796704	0.15304522344864485	0.3138814361254466	0.27732467074572675	0.10484621866221452
0.1605593541187092	0.15642450785879736	0.3085342870386122	0.2699323793078375	0.10454947167604364
0.1481963422345108	0.16702610960616698	0.3052011674824314	0.27357094210139443	0.10600543857549619
0.16853219263510508	0.1572706721149777	0.30600835559092204	0.27115402270030387	0.09703475695869115
0.17512508997935117	0.1638142252569788	0.31106956496589216	0.2566658278511287	0.09332529194664899
0.16947796023631473	0.16208461441543856	0.3096736056631948	0.2516085863540443	0.10715523333100738
0.1743247661376168	0.15048787008750958	0.3179223044238816	0.25232804631208317	0.1049370130389087
0.1654389252779302	0.16562018198803724	0.3133472884446079	0.25446407343773514	0.1011295308516893
0.1471504885707091	0.16482926108052892	0.3174529794097218	0.2789556441813325	0.09161162675770754
0.15481543813005064	0.15067375703596464	0.3170275711690221	0.2759284710129809	0.10155476265198157
0.15256628210256648	0.1615327501576756	0.31473859672780047	0.2676234690067825	0.10353890200517474
0.1516218635081888	0.16533059989259785	0.30313179421981473	0.2767261873679749	0.10318955501142354
0.15285136940313146	0.16826778124160024	0.3067304829366054	0.26200231651497297	0.11014804990368975
0.1734124312540633	0.14884897067590808	0.30610923380817817	0.2635500840318607	0.10807928022998955
0.17035602170095926	0.149330400090865	0.32163805576445814	0.25265418419206576	0.10602133825165166
0.1722796956524619	0.16254184143942446	0.3130928943060986	0.25229580086812325	0.09978976773389159
0.15114102454393136	0.16040801723327347	0.3070529960054654	0.28028037991684684	0.10111758230048273
0.15171744933073836	0.15557379362019996	0.31368008289100824	0.272555878809798	0.1064727953482553
0.16209246590534843	0.1543016339424677	0.31087200014804534	0.2734994821983928	0.09923441780574552
0.1461209322369995	0.16066264857376927	0.3324418738224155	0.259384182031286	0.1013903633355295
0.17672769446064723	0.1584146095476495	0.3088592367474884	0.2533330920631065	0.10266536718110819
0.1495332511495192	0.15852604934964995	0.3242585876623241	0.26001272042166734	0.10766939141683919
0.15727095355128135	0.15676822587080022	0.3210727001217959	0.2687676151512967	0.09612050530482563
0.1742964883297656	0.16346628698017118	0.30362380502283937	0.2543325046689576	0.104280914998266
0.16926929055542744	0.16324797214237557	0.3067816434560293	0.25553610269016724	0.10516499115600018
0.17814160524293338	0.14898256541471858	0.31052392416454677	0.25952649081651846	0.10282541436128259
0.16863243920842075	0.15571669518125475	0.3081157952929051	0.2595397899927654	0.10799528032465389
0.16249717556618476	0.14844811273816697	0.3160815587288118	0.2627572282651486	0.11021592470168771
0.17004862262826362	0.15049952793644505	0.3045126503455766	0.2691412632241613	0.10579793586555318
0.17396454920480423	0.1496375183989479	0.3166649729625818	0.26730500696516274	0.09242795246850312
0.16918179690260943	0.15517444146539602	0.31678309216792394	0.25286808489074986	0.10599258457332053
0.16414709963783203	0.16632992438356328	0.31730165207851047	0.2584242279138637	0.09379709598623032
0.1581938501782235	0.1634576443607346	0.31939337601809015	0.25257743513205894	0.10637769431089267
0.17821470651752064	0.15243083927589374	0.30584399789146405	0.2601919731515987	0.10331848316352268
0.15095146126528367	0.16539190444812915	0.3208858641327597	0.26538822764098813	0.09738254251283915
0.1477499163132796	0.15607530032101652	0.3221468368200186	0.26805783532098226	0.10597011122470279
0.15646991358098372	0.14916582656962712	0.3227623242768264	0.2718884443872248	0.09971349118533782
0.149142637911141	0.16599837956116414	0.3274369222367657	0.25245124525734336	0.10497081503358563
0.15831949995328348	0.15115174990243976	0.3054533325154302	0.27933975964382823	0.1057356579850181
0.15523048286797936	0.16130590359602398	0.3134155090937386	0.2709948609012598	0.09905324354099812
0.14654401707028164	0.16166525556060463	0.30710129553255705	0.2826942708711727	0.10199516096538373
0.16650163791320194	0.15290987578817444	0.31137045022085513	0.2689126885059833	0.10030534757178494
0.16737228704456766	0.1581676347520646	0.3217915941046397	0.25316767468243423	0.09950080941629358
0.15672721674211346	0.16382027678280278	0.3144716942323452	0.26838747685555037	0.09659333538718799
0.1617290853024878	0.15622377457158138	0.3032332805428194	0.27744760615857084	0.10136625342454042
0.15998329424171967	0.15515232400595444	0.3116051776105813	0.26301377021674294	0.11024543392500143
0.17536996827726842	0.1488560385709456	0.32668228282513034	0.25558647507379323	0.0935052352528622
0.15431547643702787	0.16047420596145484	0.3272783929008526	0.2539852996860187	0.10394662501464583
0.16007665914740804	0.1684200495012298	0.3043177673152989	0.2650381872161058	0.10214733681995733
0.169812411168511	0.16405676196445768	0.30494108020398725	0.26360593981417824	0.09758380684886563
0.15596485807732108	0.14789800459806457	0.32643521137934095	0.27241047577285676	0.09729145017241644
0.16683591151013102	0.15007783477626574	0.3187491184955825	0.26192108177464146	0.10241605344337912
0.1522403045262013	0.14910466878556883	0.3295578421199703	0.26037068733352764	0.10872649723473173
0.15063645159593067	0.156310793311829	0.31619525756471784	0.26746724171144015	0.10939025581608214
0.15990406024460696	0.14830523105178522	0.3131846279338085	0.27465366398070146	0.10395241678909764
0.15539479281509405	0.15129170296030447	0.3163036610679111	0.26659111053424317	0.11041873262244702
0.1515130743157233	0.15189493289334677	0.32677740814104234	0.26581550630810546	0.1039990783417819
0.15711663800361458	0.15864721776761326	0.3119216226707615	0.2648188057004728	0.10749571585753775
0.1480767985008179	0.1591594343482086	0.3106336163332659	0.279604929303497	0.10252522151421045
0.1476139556077134	0.1662015350453016	0.3247663301998446	0.25429960928076173	0.10711856986637847
0.17341608205534179	0.16328317377150064	0.31552700758922203	0.2526423486851253	0.09513138789881001
0.17783604569850592	0.15191753396096552	0.3054710426237401	0.2663429056077639	0.09843247210902434
0.1456636536124486	0.15766536898523217	0.3307558344528179	0.2611424951343244	0.10477264781517676
0.16263581509451383	0.15077217421712433	0.312733551063875	0.2747565911879115	0.09910186843657506
0.15491838682135403	0.1637298232259704	0.3142784552949537	0.27401453645172225	0.09305879820599945
0.16468073976664832	0.14832056280396722	0.31261179317146565	0.2653328446693126	0.10905405958860602
0.1526727619433758	0.1666741813278509	0.3071857373869695	0.28182146261076435	0.09164585673103923
0.1588170340007769	0.15662355729310634	0.31048278834295207	0.2759919073350472	0.09808471302811725
0.152062228187711	0.14822106302097848	0.32425348700744794	0.2751707106948967	0.10029251108896572
0.15099778170836586	0.16320856036743886	0.3250315002047939	0.2607347611817714	0.10002739653762976
0.16108374323251717	0.14995469337641293	0.304854538739635	0.27800659554885504	0.10610042910257975
0.16548319505331247	0.16448449309031743	0.3169404095860644	0.256892748903229	0.09619915336707643
0.15560449482041297	0.15029652778214103	0.31638289510298073	0.2822918380866801	0.09542424420778498
0.15288091598164522	0.16757054059789772	0.3134773360711166	0.27137126063419015	0.0946999467151501
0.1626239083895812	0.1578737427583021	0.3098677359880772	0.27623054149772275	0.09340407136631654
0.1581489707705869	0.16577800350894806	0.3273840946581521	0.2560101432513721	0.09267878781094063
0.15133481945088956	0.1626887425897384	0.3075569622308379	0.279065770300836	0.09935370542769789
0.17445979887610308	0.1498219777509475	0.31817041401077256	0.26389182700619623	0.09365598235598044
0.17228836820198629	0.1502412852993097	0.3084282855674033	0.2669836964104605	0.10205836452084004
0.14628326429983607	0.14788131944526098	0.31854549505538565	0.2784978379074825	0.10879208329203466
0.14661659669678712	0.164584734998181	0.3325243213301853	0.2552940987952355	0.10098024817961089
0.16879452224133898	0.151289736800936	0.3280395662788753	0.2528838979302704	0.09899227674857913
0.17086366824100702	0.15079504775080055	0.3111095242129272	0.26989021735448326	0.09734154244078179
0.16310418857212577	0.15134172050010278	0.331335731498272	0.25168418332276093	0.10253417610673828
0.16563887630143528	0.15317007771915156	0.3162590351477592	0.2710321757588603	0.09389983507279345
0.16937816236532716	0.15784096101237766	0.307911307578388	0.2573655559968831	0.10750401304702387
0.15035213571125267	0.15973106519120833	0.30572766763797476	0.27915650157884764	0.10503262988071635
0.1536033544955135	0.16813105766500172	0.3157178600910987	0.2570143867600804	0.10553334098830545
0.15538423078424182	0.16120550388148594	0.30807525964439564	0.2678188729260382	0.10751613276383826
0.15362379974835602	0.1683720218869368	0.31188984400656605	0.2658166449277592	0.10029768943038175
0.15410766037196288	0.16619800980751687	0.30531310938588047	0.2683724562207051	0.10600876421393451
0.17291052040881758	0.1563284911692426	0.3076742141238436	0.2705570028980438	0.09252977140005221
0.14767085193869894	0.14832766553938304	0.33228536064924197	0.2731963888661462	0.09851973300652961
0.15742156610911823	0.161684652305645	0.30528200389440907	0.2713648980623511	0.10424687962847641
0.17191353975217427	0.15369055097871748	0.32413647232546966	0.2572785527034387	0.09298088424019973
0.16680946307587938	0.1597570228436401	0.3067504529403381	0.266059355765877	0.10062370537426517
0.17109280019364134	0.15215008392714902	0.3101518004513556	0.2630787122395428	0.10352660318831097
0.17484541403506043	0.15479483671146788	0.3094963566362139	0.25687633714842273	0.10398705546883488
0.17128606417911182	0.1523151434072521	0.30434297919178877	0.27262766722643533	0.09942814599541175
0.17500506809897354	0.15118228772108896	0.30810551375400397	0.2693602339295892	0.09634689649634413
0.1694721413016665	0.16679105961947346	0.31389765014742	0.2570095671965507	0.09282958173488909
0.1515873727484237	0.16005926592025838	0.32644666755093255	0.26361476889006863	0.09829192489031655
0.16244214147794517	0.16365882547143612	0.32185265486806924	0.25096925467473014	0.10107712350781911
0.15570689775347657	0.15182784043860031	0.33138604875226896	0.2678603865156081	0.09321882654004579
0.1554414446502983	0.1595626166890829	0.3088969132126711	0.2796449285451223	0.09645409690282522
0.14653220061055483	0.16700005354589054	0.3080596093122572	0.2728343362081697	0.10557380032312752
0.15343449647710097	0.16347598892056658	0.30373418792666107	0.27749745672798715	0.10185786994768405
0.15617483600463078	0.16417168379205518	0.3258984045654943	0.2590768674461088	0.09467820819171074
0.1480864490083502	0.15613606455526666	0.3217296575304517	0.27733364860519494	0.09671418030073634
0.16971737112203683	0.1482832434977276	0.3049594023536236	0.27454109203908167	0.10249889098753012
0.14966638232503227	0.15088365582453828	0.3278021512542614	0.2633918293299428	0.10825598126622504
0.1456793431121482	0.15753790022308892	0.3105570210259465	0.2828086556931415	0.10341707994567464
0.17473480800771074	0.1604820360708452	0.3064922295255092	0.26418903522553805	0.09410189117039663
0.1762428293857159	0.16573292936476963	0.30897777980942653	0.2510820927286302	0.09796436871145757
0.14672375230701962	0.15233519746067842	0.3245467254767601	0.2658881089919538	0.11050621576358785
0.1665122916859869	0.149945280092481	0.3324728935902943	0.25193093915418274	0.09913859547705485
0.14890881242009674	0.1629627413701555	0.3106386964489376	0.2705064728111506	0.1069832769496594
0.17309869205612982	0.1583796375673646	0.30884882661092783	0.2660919154077688	0.09358092835780875
0.152782490684945	0.15651112151507693	0.3182145580725648	0.2769977999787663	0.09549402974864679
0.15642970399534198	0.15982769072171862	0.3145034313562602	0.2686022071881343	0.10063696673854466
0.17122926394946747	0.1601631911726871	0.3034194073055372	0.2607797129480002	0.10440842462430792
0.15422454376833117	0.15133703350687386	0.3188141312938686	0.2719311050726645	0.10369318635826169
0.14941882227616782	0.16544216104781084	0.31844685720174815	0.2711864131491021	0.09550574632517092
0.16555876315975887	0.15862381596707215	0.31631702685331353	0.2656024508003396	0.09389794321951564
0.17549729398695685	0.15915524927642055	0.30395923713813977	0.2635311576315108	0.09785706196697183
0.1735926570366394	0.15452310324490304	0.3210987155568814	0.25100832649159976	0.09977719766997617
0.16832278054390895	0.1602424141719256	0.32104571200667315	0.25724291781625136	0.09314617546124071
0.1555361098862748	0.16785747805006213	0.313403497257718	0.26184722148392353	0.10135569332202138
0.1594368930528118	0.1613431507548579	0.31789043684753326	0.25589841853982087	0.10543110080497603
0.17457341291853729	0.15287535038111744	0.30408966681579264	0.26015716852161963	0.10830440136293283
0.16438028175104474	0.15133174244481495	0.31637124825629603	0.27515328427664765	0.0927634432711964
0.16300499150698042	0.1534159826971301	0.31096216123982373	0.2698106212851977	0.10280624327086782
0.16396944268355113	0.1638274552960788	0.31166530900002387	0.2517053031868593	0.1088324898334867
0.1474793217859507	0.1629299186598517	0.3135746923341972	0.2773051827530383	0.09871088446696191
0.1512575727744852	0.15577623053299172	0.3250817886211355	0.26756751528601597	0.10031689278537137
0.15197301076301248	0.16543577876462678	0.31773542788025844	0.2580911003608524	0.10676468223124969
0.15647861366640192	0.15108272848097554	0.3299953507630696	0.2626912222708403	0.09975208481871248
0.16766752590798495	0.15861368425292843	0.32227840740021146	0.25688967178799854	0.09455071065087642
0.1589086344593831	0.15791115511123927	0.3312852799756971	0.2575231243303039	0.09437180612337638
0.17110710343359234	0.16082087170001438	0.3069804847686216	0.26352719021148335	0.0975643498862881
0.1662013733298509	0.16391297894108725	0.3189566567653127	0.2549588168858431	0.09597017407790587
0.1466322667548387	0.1571407368204418	0.31907129369055726	0.2779165471216202	0.09923915561254182
0.1696854447624936	0.15452207251505434	0.3151814787105352	0.25878268217960676	0.10182832183230987
0.1708246318172522	0.15074070547056045	0.3114119055631434	0.2621428326273109	0.10487992452173282
0.15644387009580374	0.16658351146665787	0.31048622222822425	0.2587783661707199	0.10770803003859401
0.14979283381402908	0.15706940216311854	0.3257226239494717	0.26870173371931494	0.0987134063540655
0.1523937835122178	0.15305299878991974	0.3257719846341655	0.26601593911276117	0.10276529395093562
0.16101886211293084	0.15169533768261764	0.3078892168354063	0.2729292893656691	0.10646729400337589
0.16119593618370384	0.15170659063059797	0.3236439759836811	0.2553822723986686	0.10807122480334828
0.14736611458362087	0.15631373931723824	0.3193651002559069	0.28212372455888335	0.0948313212843504
0.14782892146463456	0.16405894751681416	0.3171052838293009	0.263477532221872	0.10752931496737816
0.15482251521441187	0.15494605296247857	0.3084007978798098	0.2727780359021374	0.10905259804116224
0.15764577885403167	0.1489286135023608	0.3324783505358334	0.26376491760043014	0.09718233950734376
0.16394255291752366	0.15691907410554679	0.32724262778933466	0.2522202684699393	0.0996754767176554
0.1595534146710215	0.1584437923809925	0.3234368876784254	0.2525599265058586	0.10600597876370185
0.15041456681261195	0.15006598928980985	0.3280812438126257	0.27419696582051556	0.09724123426443668
0.1511838431716489	0.1561920212308712	0.3251690881382992	0.2747472150781116	0.09270783238106886
0.15356747856591324	0.1675858647443758	0.3086897445551954	0.26475670316756306	0.10540020896695235
0.17779321503252712	0.15094896426715876	0.3156608899204615	0.2557883988727008	0.09980853190715164
0.1689648050990915	0.15594652736062609	0.3130175478328974	0.2555131803360301	0.10655793937135469
0.16239666560535987	0.16408938718042276	0.31482253748040134	0.2637825270372628	0.09490888269655298
0.16682570981174694	0.15974369500604274	0.3038384097857336	0.26596870303206877	0.10362348236440769
0.17047309737828645	0.15544742632675745	0.3093887370676774	0.2678978649468235	0.09679287428045504
0.1666640781668436	0.1488631486183741	0.32707867984460937	0.25218512948488175	0.105208963885291
0.16588670112764337	0.16737226058174695	0.3208134500115258	0.25210150811062876	0.09382608016845498
0.17291650046508505	0.153605597965325	0.32190010325475865	0.25998107252440444	0.09159672579042663
0.16336828131562453	0.15362652037628277	0.31793558915158976	0.2708977079207365	0.09417190123576627
0.16194426097726886	0.16276824729342332	0.31158496379467227	0.2544472620105477	0.10925526592408764
0.15994794428255243	0.1542594022219424	0.3233870786186801	0.26126072623463614	0.10114484864218873
0.16325560881754836	0.16319804667639992	0.32295037128484333	0.2585528527980612	0.09204312042314702
0.15754413387499233	0.15198347385030003	0.3251563346526106	0.2672624856108988	0.09805357201119802
0.15635750190186104	0.15403608316941964	0.3166260406065538	0.2633193206010244	0.1096610537211409
0.14990076747723968	0.1584060461869468	0.31797603403581787	0.2798878876186391	0.09382926468135638
0.16804736457073824	0.15162020790709324	0.33026251174755755	0.25422148181931575	0.09584843395529499
0.1530996891693814	0.1598662532844467	0.3314749706412614	0.2551869548034622	0.10037213210144806
0.1683147140034186	0.15110479846866398	0.31655327757548096	0.2556268785182392	0.10840033143419706
0.1564971209586273	0.14940014171280486	0.3231519226963998	0.2792485798294422	0.09170223480272566
0.14826838539809178	0.16823571850527247	0.30774147656217316	0.27746693034278214	0.0982874891916803
0.16018657700692618	0.15121645286533664	0.30695829938684704	0.27658783170097734	0.1050508390399126
0.15614127163617003	0.1583961769746704	0.3142162734485903	0.2623623884727476	0.10888388946782142
0.16279392562379058	0.14993333489071295	0.305445116516346	0.2739242367924075	0.10790338617674279
0.15277003975851353	0.16675940128135722	0.31810835164067375	0.2700990335109228	0.09226317380853255
0.17343159178543996	0.15854436338591738	0.30899354458656136	0.2607453778485566	0.09828512239352447
0.1617614602724051	0.1517416822370779	0.3176053233710066	0.26484005930217963	0.10405147481733058
0.15549953253648335	0.16140450570592152	0.3136606330291316	0.2652923810645349	0.1041429476639284
0.16644020872792661	0.1488065918148508	0.31745126906848725	0.26739487035937765	0.09990706002935743
0.16964632128272586	0.15542212168745542	0.320253627081865	0.25500423971346475	0.09967369023448874
0.17642582593576644	0.1538023203179951	0.3117812588531932	0.25297768461507353	0.10501291027797155
0.16201603989401292	0.15243860294020994	0.30426063648961466	0.2726354024716331	0.1086493182045292
0.15433190669415947	0.16047563502027343	0.322103464649928	0.2596660714830372	0.10342292215260168
0.14824690193994372	0.16259676592165428	0.3263231510093438	0.26511274037083477	0.0977204407582233
0.1649504095926382	0.15004226819320893	0.3090468005100705	0.2677492916143879	0.10821123008969424
0.1625552315288692	0.15053448202853467	0.33011480937340887	0.2638781213471606	0.09291735572202647
0.15729120378979525	0.1649956977212275	0.30862343289558436	0.27422310294674385	0.09486656264664883
0.1680348433362781	0.16691028914467432	0.3094752400235876	0.2594158417203056	0.09616378577515418
0.14886105755552212	0.1597452253995651	0.30814707512931694	0.2752661145452213	0.10798052737037442
0.16833186548139945	0.15211259797418508	0.3217669719413178	0.26574724193837024	0.09204132266472723
0.15116835496524794	0.15923820493086596	0.332441695111182	0.2559070215477659	0.10124472344493801
0.1554684139142077	0.16047610918177832	0.31004988106455683	0.2798196423693773	0.09418595347007969
0.14865310617314292	0.16587067379877238	0.3113622513063645	0.2729568334334976	0.10115713528822241
0.1534267922158379	0.15447469338380648	0.3067277336525088	0.2775389454665408	0.10783183528130576
0.15741250582204724	0.15282025047177508	0.31464782959779924	0.2744095248166656	0.10070988929171266
0.14921742370525193	0.16560909385305939	0.3090566468984519	0.27231193169907647	0.10380490384416012
0.15717569686069774	0.16127938857915664	0.32305752112652364	0.2566172502069212	0.10187014322670054
0.17479824071171918	0.1551617985753324	0.3039086857548706	0.25574366973721996	0.11038760522085755
0.16515256012411028	0.15370428688549337	0.320453249865727	0.25751643712631805	0.10317346599835109
0.16350972243942108	0.15879291913620178	0.3282870095992422	0.257093593371781	0.09231675545335377
0.14740800660685924	0.15766458058103677	0.31080666218756386	0.27363165741930373	0.11048909320523617
0.14755478114248102	0.16352005113246373	0.31282689897472776	0.2774552147487667	0.09864305400156055
0.17668978838062827	0.15281731883267166	0.31758005078353474	0.26119769451541247	0.09171514748775264
0.16508214187053674	0.15074390594118764	0.30385853225425824	0.2792125731617295	0.1011028467722877
0.14966520876916012	0.15144383358837518	0.3275402879290894	0.27193358938271894	0.09941708033065613
0.1618077048767878	0.16570897916444166	0.31371907028506374	0.25674159013568126	0.10202265553802532
0.15653604281066458	0.15693893533025505	0.31830304523685005	0.2749745997589834	0.09324737686324672
0.15186641490218936	0.15403422562315822	0.32004435063148773	0.2687039895474337	0.10535101929573076
0.17682860089654054	0.1517172744920045	0.3031678068172938	0.27668113183466786	0.09160518595949313
0.14741182438939127	0.15859812095561332	0.3240881454361882	0.27674844132309623	0.09315346789571077
0.16712843287299026	0.15643000205904978	0.31091709360268216	0.26571107571027197	0.09981339575500564
0.15917651226940602	0.1607585694843807	0.30380161733707656	0.27662581267305264	0.09963748823608394
0.15390660241279497	0.15483772168812499	0.32830509332947033	0.26986911707143035	0.0930814654981792
0.17182387549867154	0.15059615622557834	0.3101884069695254	0.25727873539094764	0.11011282591527691
0.16440169165477764	0.15170324435893356	0.33021448177758483	0.26037501050718237	0.0933055717015214
0.15585466807045117	0.15393024972472955	0.33053064888455713	0.261636664852256	0.09804776846800589
0.15175898710050195	0.15984753657329226	0.32534230587016955	0.25542360332736364	0.10762756712867239
0.16111108110609038	0.15312218693728305	0.32737622602892014	0.2646702500412459	0.09372025588646038
0.15358189344132953	0.15304296881307242	0.31842592590582197	0.2668320900456649	0.10811712179411104
0.15996183152963317	0.15514856032527496	0.32545722597166166	0.25633307403167227	0.10309930814175776
0.16973229507086773	0.1600678689468633	0.3190061827094537	0.25814069925236854	0.09305295402044654
0.1488666704767802	0.1589888945740155	0.31614290975110315	0.2688723921131519	0.10712913308494908
0.15540449387245858	0.1629485918863926	0.3265044589097512	0.25996127642463573	0.0951811789067617
0.16023854850804112	0.16314454546530305	0.32783239857116564	0.25530858790692	0.09347591954856999
0.14816939693745212	0.16657026171102013	0.3199132283285268	0.26585945369492703	0.09948765932807371
0.15974545951207708	0.16724678219980676	0.3112226485680584	0.2537899543067368	0.1079951554133207
0.17755560132269424	0.1550237842059806	0.30557042763316544	0.251867711872135	0.10998247496602445
0.1644493810401239	0.15723046421006504	0.3238483480685221	0.2627398785341991	0.09173192814708965
0.14757865126742697	0.15148741109468092	0.3211859733391693	0.28251361936119007	0.09723434493753258
0.1473259649118427	0.16056102314444576	0.316874779851695	0.2805983963410161	0.09463983575100028
0.17415662862653744	0.15958813474572803	0.3078324190423002	0.26555436810492616	0.09286844948050793
0.15398943627241857	0.15397646022485878	0.3248780446383747	0.26624686806662273	0.10090919079772502
0.16987214526834393	0.16000502656697888	0.3145921320604908	0.2623822333950837	0.09314846270910249
0.15956190381733454	0.16259081604186026	0.30967300342146936	0.2747914998156247	0.09338277690371095
0.16892346563082236	0.14852110990660602	0.31069884206714105	0.271305730480322	0.10055085191510833
0.1720239620862807	0.16359604211721795	0.30549972421455623	0.2640842407834886	0.09479603079845632
0.1567672450662665	0.15700996858984684	0.31576328381616225	0.26277403002184074	0.10768547250588345
0.1691495904914185	0.15814043912113251	0.3276372023831179	0.25236872337017063	0.09270404463416024
0.16677683829668988	0.15033957162946665	0.3058188430483905	0.27393184343980514	0.10313290358564757
0.1485278305181053	0.1665097837812394	0.3258658256961409	0.25912371307715304	0.09997284692736114
0.1597793560993814	0.1676691658019391	0.3152201656243294	0.2600820172807762	0.09724929519357367
0.16166439866443177	0.1605131266822108	0.32252613842732314	0.25565487233814344	0.09964146388789066
0.16090343767929807	0.15826614338624867	0.31689868658097675	0.258573879049699	0.10535785330377728
0.17209155230981305	0.15227160594432104	0.3051222591570448	0.2760250714631047	0.09448951112571624
0.1539510578814654	0.16305622023608057	0.3272695432395589	0.26251511620672463	0.09320806243617022
0.15839813716628703	0.15190338866879444	0.3094900831340333	0.2764488602982906	0.10375953073259445
0.16280494908822338	0.15493476814927606	0.3134969623628849	0.2752588971301823	0.09350442326943317
0.16735776065954933	0.1602487822953696	0.310607629135812	0.26842412554008427	0.09336170236918459
0.1669191850754618	0.14967861935484075	0.322689209546862	0.26610194400003895	0.09461104202279633
0.15659134496706412	0.1608188653033749	0.31127732195268043	0.26394554152004424	0.10736692625683616
0.16287584122997223	0.1572131417040094	0.3111374632820668	0.2689233588223092	0.09985019496164212
0.17491660594924976	0.16425925912442538	0.3080841062079469	0.2538050372680409	0.09893499145033684
0.16283278314035457	0.1523588621302397	0.32669281122680904	0.2512090264347138	0.1069065170678827
0.1459156953903923	0.1574038170248097	0.31406036660946574	0.27810510099020874	0.10451501998512332
0.16946943921061405	0.16512160717619379	0.31138646522377894	0.2577815717986286	0.09624091659078438
0.16210566685457697	0.1492729831681028	0.32240724842586904	0.26554393828331924	0.10067016326813176
0.16261163414527474	0.16554107895355163	0.3120270344887067	0.2518576007422607	0.10796265167020597
0.16377922373651524	0.14788644632013953	0.31232452051970633	0.2782865597097581	0.0977232497138806
0.1473238692474851	0.1535108059245815	0.3268156479038593	0.26688244170097264	0.10546723522310128
0.14912300912768833	0.16626501604048802	0.313373537480561	0.26460743070395676	0.10663100664730568
0.175279022073606	0.15030134623228525	0.3041539801307358	0.27772595940442446	0.09253969215894828
0.17457423976056338	0.1490388088702007	0.3067909003074517	0.2675756922238291	0.10202035883795485
0.1594945203855358	0.15207601942153198	0.3276943552214162	0.26475171170699213	0.09598339326452363
0.153247318087777	0.15061178103272646	0.3221192556863495	0.27991678311887214	0.09410486207427465
0.16199247031492003	0.16132958092907546	0.3042952679483689	0.2795082574390261	0.09287442336860936
0.15463914735980655	0.15130096885834354	0.3124363315336818	0.2754733223475412	0.10615022990062675
0.17169273025976528	0.15620529272964018	0.3096482257123546	0.26206193885591106	0.1003918124423287
0.16900477134313457	0.1628836497531441	0.3100774863841589	0.26077713770947397	0.09725695481008825
0.15938529471930243	0.14955081057289762	0.3261471931857202	0.2621413191124309	0.10277538240964862
0.17108614626836244	0.1560568415962817	0.32003635684468534	0.26097031494805034	0.09185034034261998
0.15545057690770303	0.15146974600254076	0.3146556767017211	0.26930550398258185	0.10911849640545301
0.1653569164003359	0.15665446594780216	0.3119339250086707	0.26573391447197414	0.10032077817121693
0.17507218572466365	0.15421472738431052	0.3103951972744596	0.2651264177700122	0.0951914718465538
0.14966539576756743	0.15275823655913362	0.32117864833248716	0.26635986520269334	0.11003785413811822
0.1473300652884218	0.16770536948915415	0.3221532134654323	0.26595067439760334	0.09686067735938816
0.151373135616521	0.15569970296743624	0.3292607603606216	0.26509400837902986	0.09857239267639106
0.14645069941989558	0.1553068279719717	0.32394463976517474	0.2681885596123791	0.10610927323057864
0.14802142701770338	0.16154821973906908	0.32992320104986317	0.26834955003742045	0.09215760215594368
0.14791234272158452	0.1567694274074028	0.3295575409957474	0.26559950072000527	0.1001611881552598
0.17563126438403204	0.15078365965336227	0.31007085469394247	0.2675731872578688	0.09594103401079421
0.14793316434557918	0.14906791084953852	0.3232521989418088	0.27991381918268965	0.09983290668038362
0.16575102718790163	0.15878768677231314	0.30704389704282453	0.2617066627210728	0.10671072627588768
0.1481010797958251	0.15391715010928866	0.3052293770351232	0.28285910592077346	0.1098932871389894
0.1609836267598969	0.1681280912084399	0.31387908675631304	0.25964328860314545	0.0973659066722045
0.16359656059305322	0.15344475964031826	0.3140105069105471	0.2694125314354139	0.09953564142066731
0.17495228490102385	0.15013704181495163	0.3171795667011056	0.2586176357599374	0.09911347082298128
0.17633955775630117	0.16195783906763755	0.3115415834901159	0.2570221743677996	0.09313884531814554
0.15207945404966383	0.1669535383296588	0.3051639216266654	0.2770812077849597	0.09872187820905207
0.15104467082891412	0.16559828076087044	0.3285787935545192	0.2593529622169613	0.09542529263873475
0.15100919648508243	0.15166612068619484	0.3261195519498293	0.27379910796469537	0.09740602291419789
0.16012474344885433	0.14991873025208147	0.3289302001974165	0.25984220437805833	0.10118412172358916
0.14782725697234947	0.16587479319842519	0.32177044703690594	0.2657950504609054	0.09873245233141381
0.1603869298613078	0.15309169254893495	0.3169498020586265	0.2680554584620275	0.10151611706910306
0.17498359183361825	0.15043330408838204	0.3135113334119364	0.2606874820274481	0.10038428863861501
