0.4828174744124335	0.1418510632059724	0.3753314623815942
0.15132091526461885	0.533625829728775	0.3150532550066063
0.23198816120454258	0.5147064747696884	0.2533053640257691
0.13980593932061736	0.46089495661356067	0.3992991040658221
0.12584966751721055	0.32407838242882353	0.550071950053966
0.11963825275823342	0.8214580313927196	0.058903715849047134
0.14154513051607448	0.5508595101967868	0.3075953592871389
0.3819878556856445	0.33488390018336406	0.2831282441309916
0.4602924959341989	0.12201228521542729	0.4176952188503739
0.44211459076341914	0.15627118363388368	0.40161422560269733
0.29763356061218826	0.07084872611817522	0.6315177132696366
0.11541108922833865	0.7088489661896362	0.1757399445820252
0.02088566490069177	0.7719706312228187	0.20714370387648962
0.33478614865397277	0.2510287145471636	0.4141851367988637
0.7130299119879484	0.19550441470741642	0.09146567330463518
0.5724445483861212	0.35050344542407064	0.07705200618980818
0.6275778322756543	0.20771478128448567	0.16470738643986005
0.42373936999445394	0.0862701375489229	0.48999049245662324
0.5996122264217265	0.02656675278080961	0.37382102079746404
0.1615894503384455	0.07983069851423913	0.7585798511473155
0.3199007317863093	0.39665715101042687	0.283442117203264
0.27216619312777646	0.034037185885033905	0.6937966209871897
0.12418513225303837	0.6339058216952489	0.24190904605171287
0.11636043263567267	0.7984740911499908	0.08516547621433668
0.5919045252424731	0.1419670006119091	0.26612847414561797
0.06467583339863309	0.20538521433870416	0.7299389522626629
0.11962150184912007	0.12183671898988718	0.7585417791609929
0.48427885607857935	0.05921946266707512	0.45650168125434565
0.1843690244582779	0.10547994117460202	0.7101510343671202
0.11021458369591836	0.37505061964944164	0.5147347966546401
0.052080007495293845	0.6003541176419315	0.3475658748627748
0.07954912580194862	0.4349856018271933	0.4854652723708582
0.38184173107409386	0.4434793355139924	0.17467893341191387
0.5003946377401308	0.09931903050215443	0.4002863317577149
0.02688832422145543	0.6890506333341014	0.2840610424444433
0.47830351622115186	0.19931857557187738	0.3223779082069709
0.4338651169246156	0.4422933134771092	0.12384156959827533
0.1645912127503284	0.6399376720141787	0.195471115235493
0.17582773998851892	0.08200340253898986	0.7421688574724914
0.16641750151853674	0.3962320354359148	0.4373504630455486
0.3513905078926767	0.6170859058048456	0.03152358630247787
0.1857828569882069	0.6580119689865518	0.15620517402524142
0.39731437170505857	0.054397597357844774	0.5482880309370968
0.5421988605767027	0.27913042715628017	0.17867071226701714
0.05291826966478186	0.820780316021533	0.12630141431368536
0.1693102712883322	0.07927713059445218	0.7514125981172157
0.1931575723818957	0.7969245346497436	0.009917892968360875
0.340174374794627	0.5507614758387283	0.10906414936664494
0.25230491630091045	0.19061881999298064	0.5570762637061091
0.5888102468150809	0.18213527275887445	0.22905448042604476
0.008108258097337506	0.45519983615104614	0.5366919057516165
0.2748929980652316	0.1013127487402593	0.6237942531945092
0.1796045719951731	0.3680528390825222	0.45234258892230483
0.6298944654940385	0.04618257176485735	0.3239229627411042
0.8264581595659861	0.12307268426904774	0.05046915616496633
0.09345161520422895	0.6660121185619456	0.24053626623382557
0.17173039788810354	0.10205037172298931	0.7262192303889072
0.5434688358895907	0.4446731054905474	0.011858058619861889
0.16166983858120398	0.06726300551607933	0.7710671559027168
0.13665690240170247	0.2122881328824656	0.651054964715832
0.10366127250864776	0.5215158830618557	0.37482284442949665
0.46966406993532517	0.43545519200141275	0.09488073806326222
0.0547925928415412	0.22888263564617778	0.7163247715122811
0.3367609959540239	0.3447868328745968	0.3184521711713794
0.7881023885416834	0.20237960107439548	0.00951801038392125
0.4924689562090716	0.19078402566276742	0.31674701812816103
0.6862990633852751	0.1110348122029633	0.20266612441176174
0.6957614416573803	0.19154051752129128	0.11269804082132853
0.4544633332941982	0.44814386902670933	0.09739279767909259
0.1931031515892962	0.7776783742659615	0.029218474144742435
0.3021055808672035	0.28095469566411235	0.41693972346868424
0.13748246307676626	0.034047017538949786	0.8284705193842841
0.22291819148583927	0.5226108402038205	0.2544709683103404
0.5052933108707105	0.21410036968766888	0.2806063194416208
0.19080045973991802	0.5215944026633885	0.28760513759669354
0.13162569347856248	0.826131444105981	0.04224286241545666
0.2285959643248115	0.3602008466538552	0.41120318902133335
0.38745775821871664	0.11519621725241047	0.497346024528873
0.10762784217133325	0.6309760917293536	0.2613960660993133
0.08859923978149176	0.3805191615446023	0.5308815986739059
0.10635970722330856	0.7789699143078916	0.11467037846879996
0.6814711380254742	0.23264355185795768	0.08588531011656819
0.7971946506975434	0.0964535726802136	0.10635177662224304
0.6952232321912659	0.23512539340917693	0.06965137439955721
0.29081141192064974	0.6948245705759231	0.014364017503427418
0.2618636416469878	0.08551128205214026	0.6526250763008721
0.6526458342599378	0.21428012128264878	0.13307404445741344
0.2188841393554307	0.40380407104447946	0.37731178960009
0.04222841843345204	0.18980520223881386	0.7679663793277343
0.2039582167195976	0.2407374308683718	0.5553043524120307
0.10581612143089669	0.31864250339254147	0.575541375176562
0.1206779282267268	0.48576947789742686	0.3935525938758464
0.05686382815036051	0.8088347686776715	0.1343014031719682
0.30220779321567875	0.22572647634419862	0.4720657304401227
0.18455998293153203	0.558487627418407	0.25695238965006106
0.13165232334392646	0.7122214518888331	0.15612622476724058
0.04800607216195918	0.1277591422458618	0.8242347855921791
0.013765673586230875	0.5037505571106939	0.48248376930307535
0.23086664035363563	0.4825446573911939	0.2865887022551706
0.15010312271118886	0.5781313489873438	0.27176552830146755
0.19153069012338167	0.7971450938701901	0.011324216006428467
0.7277198969431029	0.23568537441640466	0.03659472864049251
0.16332818312706215	0.592840394765174	0.24383142210776393
0.3492688033405794	0.3189886255405118	0.33174257111890887
0.2199100921135537	0.7214406254908365	0.05864928239560985
0.08648754888055873	0.4641740207367353	0.4493384303827061
0.009362422895593414	0.3539200154988912	0.6367175616055155
0.3880231113163424	0.32420432794689624	0.2877725607367615
0.03013918746135058	0.46990085132034043	0.4999599612183091
0.7297271790061616	0.1443518199459795	0.12592100104785903
0.24258910958931582	0.6073045269580568	0.15010636345262746
0.07071885494584257	0.8536413050030358	0.07563984005112179
0.4954063117884212	0.46244519679592844	0.04214849141565036
0.27275896205685557	0.01983531085817325	0.7074057270849713
0.4781149760189687	0.23301435340264715	0.2888706705783842
0.1727736230602106	0.6719836782753127	0.15524269866447682
0.3662871664632666	0.5441276330490132	0.08958520048772028
0.0409123576541055	0.36900998607458474	0.5900776562713098
0.5384824749550718	0.45583166359498395	0.005685861449944263
0.7684224290652368	0.015714624878610806	0.21586294605615242
0.2884262138822264	0.22395843618554045	0.48761534993223327
0.3966718950054158	0.02936714649536537	0.5739609584992189
0.6612531907844641	0.17083399824627649	0.16791281096925956
0.13290770142311426	0.8202969266164968	0.04679537196038902
0.2570976357679654	0.24415129021488746	0.4987510740171473
0.06583957700956489	0.20106841807275777	0.7330920049176775
0.591730360001901	0.27337295324573435	0.1348966867523647
0.39853282147506286	0.33828705371616746	0.2631801248087698
0.19504623683448513	0.701477248285933	0.10347651487958187
0.15911723429559071	0.6039654735878596	0.23691729211654983
0.16415297298462594	0.6695639005017614	0.16628312651361282
0.142489817005216	0.45914043842294777	0.3983697445718363
0.06943907165802438	0.3823282516286171	0.5482326767133586
0.2591332294388263	0.21028667736188716	0.5305800931992867
0.5864698178463144	0.026410156525553508	0.3871200256281323
0.0278842739543953	0.2703047570384921	0.7018109690071127
0.2508989870951823	0.4806960502008305	0.2684049627039873
0.21708652814465296	0.7178994336035704	0.06501403825177676
0.5251211047072752	0.2375314233539267	0.23734747193879813
0.1421746583766725	0.07128466950309387	0.7865406721202338
0.8426973973566059	0.14149838752352517	0.01580421511986896
0.057450090160330314	0.2619066129149628	0.680643296924707
0.8853662009830792	0.09546879591665544	0.019165003100265476
0.3370605101333354	0.13892524656666655	0.5240142432999981
0.06373814063041816	0.5809222543109962	0.3553396050585858
0.32202074388473206	0.18403613474636216	0.49394312136890584
0.10468359422031664	0.2636729371177199	0.6316434686619636
0.19630618789253873	0.03891611309439991	0.7647776990130615
0.12191824426052206	0.38603358630554685	0.49204816943393126
0.5086812363748473	0.01227913642507017	0.47903962720008264
0.0760691974641643	0.11846737611992103	0.8054634264159148
0.03950108023991261	0.3552813730944737	0.6052175466656138
0.011632641699059088	0.19307195059427115	0.7952954077066698
0.0877182435665925	0.6199648366677254	0.29231691976568225
0.8493085835585908	0.04320289124328913	0.1074885251981201
0.1668946820454519	0.26372963819389883	0.5693756797606494
0.15676311668959886	0.760626797195869	0.08261008611453219
0.051758211688982314	0.23087604465092587	0.717365743660092
0.1821520578110848	0.5790538104400659	0.23879413174884945
0.05320680082119428	0.2191062778660746	0.7276869213127313
0.0707323244087793	0.2186808401083376	0.7105868354828833
0.6120789045520031	0.08708658566471256	0.30083450978328447
0.68421321721573	0.012296557480330206	0.3034902253039399
0.235538755029213	0.15585389695355978	0.6086073480172274
0.06488669454807905	0.858712625946369	0.07640067950555207
0.3267586650542837	0.6148166909698369	0.05842464397587954
0.018835480444680863	0.5730830088909422	0.408081510664377
0.21309932155033803	0.1382013035016998	0.6486993749479624
0.04537737300172762	0.7583184036787501	0.1963042233195223
0.5852235434107673	0.0636654859348742	0.35111097065435865
0.18906232664010147	0.4900527096331456	0.320884963726753
0.009899962419763098	0.12986538883070792	0.860234648749529
0.6315609615829922	0.17592772788648783	0.19251131053051998
0.44407901397450106	0.20843936211012404	0.347481623915375
0.6740552859687448	0.2225268816105391	0.10341783242071623
0.3601750230070836	0.5033556246359113	0.1364693523570052
0.36143747083751604	0.2611217971758092	0.37744073198667494
0.35149922722474236	0.5945403504855237	0.05396042228973408
0.26864256801735287	0.7032822030080386	0.02807522897460868
0.8405838055253327	0.03960088783135057	0.1198153066433168
0.329720715461468	0.5378190903872908	0.13246019415124138
0.30096481792612895	0.5671988913719541	0.1318362907019171
0.19144435005699215	0.3559238240971453	0.4526318258458627
0.5845072118502814	0.2835733426372708	0.13191944551244786
0.03871054883457942	0.7135959124082367	0.247693538757184
0.6807663788089235	0.16077862846154983	0.15845499272952676
0.01564666513785956	0.23319948091535536	0.7511538539467852
0.018138490791803075	0.16753048359046177	0.8143310256177354
0.48515211048588114	0.4092190546489361	0.10562883486518287
0.020261703190886715	0.12524868533333544	0.854489611475778
0.23024927499300352	0.7125336339819621	0.05721709102503442
0.0823566920272889	0.3830478547977084	0.5345954531750028
0.05363644368646786	0.22978841479578793	0.7165751415177444
0.6292715427230957	0.16572584617261105	0.2050026111042934
0.7203493822903956	0.15692191645884948	0.12272870125075505
0.2378860473661434	0.4326152961029505	0.32949865653090615
0.23582680813655307	0.1217400749682262	0.6424331168952209
0.398259206637529	0.2564309986871426	0.34530979467532846
0.09880774142041182	0.12958751465319013	0.7716047439263982
0.7643214137407877	0.15104016210890206	0.0846384241503105
0.40074482534180933	0.37009026266097533	0.22916491199721545
0.5145433879491965	0.3359217843891473	0.14953482766165627
0.22317583660180085	0.6128745909666632	0.16394957243153604
0.7095421459802321	0.053285921201945086	0.2371719328178229
0.41105526936137643	0.36063845166069575	0.22830627897792793
0.7037772728006356	0.10867855071650465	0.18754417648285987
0.3206658218571369	0.35367129479061377	0.32566288335224947
0.3910028492392982	0.1693615056505627	0.43963564511013925
0.39493485986572985	0.2892649859852769	0.3158001541489934
0.837539675387562	0.09517036151001695	0.06728996310242108
0.029533724835341724	0.8015834062589038	0.1688828689057547
0.39013049499084734	0.07091410549547361	0.5389553995136791
0.04519070999487246	0.3172074569659098	0.6376018330392179
0.37834581896436204	0.12343650653862659	0.4982176744970115
0.1488074379958484	0.4376999220415617	0.41349263996259
0.1008589475653322	0.49552284230282273	0.4036182101318452
0.17593398034999325	0.13110694159519298	0.6929590780548138
0.14790348817950813	0.2856555578950026	0.5664409539254894
0.012024489623434553	0.35542493423125215	0.6325505761453134
0.011233069909870386	0.5398704235198087	0.448896506570321
0.2026079728964304	0.5697364849281855	0.22765554217538425
0.23219983826354948	0.3443990659361736	0.423401095800277
0.1599835925002704	0.7142912171714442	0.1257251903282856
0.20543202617432976	0.20048699185916585	0.5940809819665045
0.21986387762919143	0.05668303055818169	0.723453091812627
0.1756516818761656	0.14908245248009838	0.6752658656437363
0.30193457227789067	0.3624162572388285	0.33564917048328097
0.47811835361425675	0.26647066136378095	0.2554109850219624
0.056283688361947415	0.5318396048006337	0.4118767068374189
0.13907527527875624	0.18992649502751582	0.670998229693728
0.36202973804154137	0.4602882519604844	0.17768200999797434
0.015021723513702734	0.5064039564785833	0.47857432000771405
0.6074784833454765	0.06168443852176975	0.3308370781327538
0.2844413902619387	0.6257347796441988	0.08982383009386258
0.049001505572078885	0.13675892253655642	0.8142395718913649
0.47333934145258705	0.4183512510498575	0.10830940749755552
0.48441921165156865	0.13629176343891092	0.37928902490952054
0.18532221285100214	0.07495032829681897	0.7397274588521789
0.12346254988492192	0.7510384424802662	0.12549900763481203
0.4439181834354132	0.5073577278520108	0.04872408871257605
0.40568780991091474	0.5565947148291039	0.037717475259981426
0.20505789642213257	0.04436183959732637	0.7505802639805412
0.8830929210344804	0.053424072552026525	0.06348300641349314
0.34556444017714366	0.3538994513614092	0.3005361084614473
0.017984398770909182	0.7550650383213318	0.22695056290775922
0.5223661040484264	0.3558251055261415	0.12180879042543222
0.7688335069017326	0.14403970620361256	0.08712678689465486
0.3697831554004356	0.16406310935015925	0.46615373524940523
0.3008415880207669	0.011682965846841864	0.6874754461323913
0.2212439480067609	0.3478806826467894	0.4308753693464498
0.24118277132800067	0.22058807450227708	0.5382291541697224
0.255034045535097	0.3740518683762257	0.37091408608867743
0.8851726209421199	0.011662038948719644	0.10316534010916054
0.6714442440455127	0.20882441480458397	0.11973134114990336
0.194539274362123	0.309849569058293	0.49561115657958416
0.4128026503034106	0.4772348577030563	0.10996249199353325
0.05557767996758661	0.23193244583233497	0.7124898742000786
0.12935109630943226	0.8452121704170595	0.025436733273508372
0.22479830308911047	0.02247870238363603	0.7527229945272536
0.03437286627567854	0.1795900750334269	0.7860370586908947
0.32314965106667837	0.4959214164239318	0.18092893250938996
0.7168252939741353	0.09966555793704113	0.18350914808882376
0.11214742148925433	0.5095311382667602	0.37832144024398556
0.20683839963194148	0.26965445093359974	0.5235071494344589
0.41872635553236043	0.12329022302316248	0.45798342144447723
0.2644617675512625	0.5847492820118598	0.15078895043687784
0.021436554044512668	0.6968591980044951	0.2817042479509923
0.6670697949252229	0.30979903428404715	0.02313117079073007
0.023676687092763993	0.8100599639933852	0.1662633489138509
0.27099254297639364	0.14270754765743393	0.5862999093661725
0.6654253067265768	0.17372121687315212	0.16085347640027112
0.30628611360885866	0.18671952751847118	0.5069943588726702
0.7388043641881987	0.13757748730570557	0.1236181485060957
0.07675933233302057	0.6642704181963534	0.2589702494706262
0.18713869924554147	0.5935183342397415	0.21934296651471713
0.6685212672705333	0.19679907779846745	0.13467965493099937
0.6654498108944793	0.31661257979934254	0.01793760930617827
0.13546921136766443	0.5009529549809517	0.3635778336513839
0.6335875051912601	0.3560013076595281	0.010411187149211909
0.4593460814014088	0.12630307412874633	0.41435084446984494
0.5012269109048992	0.2848523002954079	0.21392078879969306
0.06730443567456856	0.1844339069291589	0.7482616573962727
0.87612227426783	0.11105910406205033	0.012818621670119823
0.2764859974747133	0.19375350540003294	0.5297604971252539
0.32787254875433086	0.4026911566444354	0.26943629460123386
0.12378731818871161	0.6079212296810796	0.2682914521302089
0.17843082548431577	0.6973545022035965	0.12421467231208777
0.5759681913452583	0.30129938837330483	0.12273242028143691
0.46783198318257413	0.5100902707651019	0.022077746052324043
0.4889414897712952	0.15284955784681167	0.35820895238189326
0.32864843613826034	0.28093817422725453	0.39041338963448524
0.330331593057274	0.07367493490409871	0.5959934720386275
0.1624989177742376	0.39937119862198556	0.4381298836037769
0.11331285530627369	0.7312491151537832	0.15543802953994312
0.2789487768258602	0.1829109381610832	0.5381402850130568
0.2076899426349227	0.7332761096372523	0.05903394772782511
0.17966924582234142	0.690364981004356	0.12996577317330268
0.11696239969227501	0.2500736627230281	0.632963937584697
0.11646158659802236	0.319866718624116	0.5636716947778617
0.14441061412109987	0.3397115197820551	0.5158778660968452
0.2709586774805698	0.6693091425746263	0.059732179944804065
0.4488931564482516	0.3464789736470757	0.20462786990467277
0.29680743057145664	0.10744320530686657	0.5957493641216769
0.3027732852881949	0.1712725325351672	0.525954182176638
0.8811622300983802	0.09421962684822721	0.024618143053392716
0.7204644630733791	0.12970069259345113	0.14983484433316985
0.21149697375597443	0.13613669459532138	0.6523663316487043
0.5566564796090899	0.3461172514578649	0.09722626893304526
0.7411981401734165	0.07851213652924727	0.1802897232973364
0.15037234038493608	0.105109081269183	0.7445185783458811
0.12495562503056601	0.7511987483160375	0.12384562665339655
0.08767932766224751	0.48573147199907407	0.4265892003386786
0.15367467606958776	0.40892886199656786	0.4373964619338445
0.6493189681431218	0.14395560263850715	0.20672542921837112
0.4759321159276075	0.47608273465400536	0.047985149418387274
0.07098533410152713	0.08826013306894043	0.8407545328295326
0.5949858372202755	0.0549329395346545	0.3500812232450701
0.42173270730973367	0.3330708681491233	0.24519642454114315
0.5454156891527921	0.2811257841834854	0.17345852666372263
0.5284475071563504	0.1820134594251412	0.2895390334185086
0.14718911456296935	0.6739827068417807	0.17882817859525002
0.32696280475957046	0.052786581486395645	0.620250613754034
0.5285386487381428	0.0457189206051547	0.42574243065670253
0.18222878278928614	0.33499619656918195	0.48277502064153205
0.25335806424118884	0.3080109967054505	0.43863093905336076
0.2751471917128181	0.09027437152002982	0.6345784367671523
0.3581118632117478	0.03117564142398388	0.6107124953642684
0.21090688550885722	0.6560466968174188	0.13304641767372413
0.401543331942983	0.12612553042030708	0.47233113763671003
0.37091580940447344	0.4684023221246424	0.16068186847088428
0.24048544666436794	0.6141077916430284	0.14540676169260383
0.32897974653792933	0.4640033347883284	0.20701691867374236
0.6909280532961835	0.26939940299653387	0.03967254370728285
0.3875738029324933	0.16818005957849447	0.4442461374890123
0.6041071068976178	0.3734508981839738	0.022441994918408426
0.17293616086315783	0.38319649147804885	0.44386734765879343
0.26441176210112743	0.20572754233775103	0.5298606955611216
0.37323076425571017	0.5496134337056444	0.07715580203864542
0.48402072004615976	0.2888346738975225	0.22714460605631787
0.12527197072796145	0.6007743206685452	0.2739537086034934
0.42590730631484097	0.20453879110982348	0.36955390257533566
0.12435998008899102	0.727161859778678	0.14847816013233117
0.6337410372496436	0.22049087776410606	0.14576808498625046
0.26175663701899554	0.7265853778083209	0.011657985172683683
0.28376896932332013	0.453854279914834	0.26237675076184597
0.27913792591403236	0.18107764614460414	0.5397844279413636
0.27751980027329076	0.39077871577484524	0.33170148395186405
0.5305190683335891	0.4235261989039981	0.04595473276241291
0.2698349194264237	0.7100247035391265	0.02014037703444993
0.1084372936372607	0.21354423638736064	0.6780184699753788
0.38754153520380763	0.4107957736979182	0.20166269109827428
0.1689925731547725	0.29987716408901743	0.5311302627562102
0.09657504470846615	0.16076071915377402	0.7426642361377599
0.4539492866105023	0.1366619929574015	0.4093887204320963
0.1440948687798274	0.7286627088567639	0.12724242236340894
0.04525853032153221	0.5928706911013855	0.36187077857708244
0.4362683801625608	0.3940374750609125	0.16969414477652678
0.19745497182465416	0.39312373160293224	0.4094212965724138
0.4811896206961765	0.3591056718925368	0.15970470741128687
0.3144513545289036	0.3277050700516697	0.3578435754194268
0.2666515575145143	0.2799527785903003	0.4533956638951855
0.6965189988977583	0.07542273012475137	0.2280582709774904
0.5912406271603693	0.05982505753558298	0.3489343153040477
0.529231481578852	0.015839296393097668	0.4549292220280505
0.21105118153390404	0.7040418394616863	0.08490697900440974
0.04685997626709559	0.7675506666433749	0.1855893570895296
0.3655793567994357	0.37064785756781354	0.2637727856327508
0.5433132700138827	0.12807695231512087	0.3286097776709965
0.09157965849179753	0.8127836786863758	0.09563666282182687
0.25481805426372245	0.5709469247210004	0.17423502101527732
0.2707366420667543	0.098976947707901	0.6302864102253448
0.7072957381435605	0.03728683098426033	0.2554174308721793
0.1818177727864969	0.577088175722636	0.24109405149086716
0.08155498420084561	0.30202739782107896	0.6164176179780756
0.7343830553155773	0.09592474626741865	0.16969219841700411
0.7731512668812571	0.16913849827606858	0.05771023484267429
0.4853474154965991	0.2867249036528195	0.22792768085058146
0.2713197844175504	0.015833612558946553	0.7128466030235032
0.22944399937020626	0.46553359452915655	0.3050224061006373
0.5174334558674774	0.3624787131348503	0.12008783099767237
0.0986396931282216	0.18620583859829315	0.7151544682734854
0.09952039688731468	0.14484142931784727	0.7556381737948382
0.07546334594657356	0.5464520139559097	0.37808464009751686
0.09959606591880132	0.3635577694786551	0.5368461646025438
0.2184927191313934	0.17244853925897569	0.609058741609631
0.1142148519441129	0.23130374211867677	0.6544814059372104
0.43852437553007445	0.4608617501215098	0.10061387434841584
0.43185509879919515	0.09502314881720397	0.473121752383601
0.0816108658312093	0.39320601603991545	0.5251831181288754
0.03598936150817034	0.4704108299652563	0.49359980852657354
0.13063149239955935	0.4585628393761257	0.4108056682243151
0.4222930403568088	0.2698648409924748	0.3078421186507165
0.19021685287376305	0.5932116075956928	0.21657153953054425
0.2592772912816927	0.15761314798159284	0.5831095607367145
0.009517686324471475	0.39099457016371053	0.5994877435118181
0.10204736974097364	0.3148805575215341	0.5830720727374924
0.3407571834069017	0.5744983178229888	0.08474449877010964
0.1389896674381223	0.07849584696881129	0.7825144855930666
0.6592764862185109	0.2132523645442776	0.12747114923721165
0.5896556464476073	0.10241874798935988	0.30792560556303294
0.5186657062149823	0.15088509129229283	0.33044920249272497
0.6299497389564469	0.09665013451732996	0.27340012652622325
0.30867779397489414	0.6008451537995497	0.09047705222555624
0.5680133937808323	0.2685296794270848	0.16345692679208298
0.052787340177142705	0.677402399216376	0.2698102606064814
0.047978102724598626	0.508548872027747	0.4434730252476545
0.1360702247150541	0.7815478603039846	0.08238191498096142
0.10018129969507883	0.649137302657083	0.2506813976478383
0.023146169927172333	0.8433649210321951	0.13348890904063265
0.516175532576602	0.2948401036558411	0.18898436376755698
0.8674017104899551	0.059491299328586544	0.07310699018145855
0.06355727022146723	0.1644041972834978	0.772038532495035
0.30020342094672753	0.18536970256425578	0.5144268764890167
0.8083476300020191	0.16763071835653945	0.0240216516414416
0.1370034089238394	0.7149739157537731	0.14802267532238766
0.29875720773726683	0.5130187157034137	0.18822407655931955
0.40612095996589487	0.4749781452886624	0.11890089474544285
0.01718698205882202	0.82789622947913	0.15491678846204815
0.4409761863067036	0.36284120333279746	0.19618261036049908
0.15988390557662494	0.4413351583121423	0.39878093611123283
0.05214729237608229	0.23609780051783608	0.7117549071060818
0.02569994198248543	0.3047677156476541	0.6695323423698606
0.708829001464	0.0672577187193677	0.22391327981663248
0.4169400872794299	0.017867283226729647	0.5651926294938405
0.25617522099463896	0.16888463318872265	0.5749401458166385
0.6054017385416053	0.3170153806317343	0.07758288082666054
0.2741146267015571	0.33632355203683706	0.38956182126160593
0.389628849496954	0.30841882637216017	0.3019523241308859
0.45125574190561646	0.13544005172365875	0.4133042063707249
0.1276422428654711	0.7769128571681421	0.09544489996638689
0.09238120934439809	0.5912727742469303	0.31634601640867177
0.5548067254396385	0.10439766631408245	0.3407956082462791
0.19577758779052018	0.49448198282091527	0.30974042938856466
0.3480157746120299	0.19511996989346708	0.4568642554945031
0.5823155151267206	0.07804170489718065	0.3396427799760988
0.14811737565070324	0.27192682988872063	0.5799557944605762
0.0876646572026323	0.1988268089130935	0.7135085338842743
0.10997164204748344	0.1353853424696142	0.7546430154829025
0.2934583687400929	0.03332190196539908	0.6732197292945081
0.3868591938673522	0.28579604344538956	0.3273447626872584
0.3403268901318814	0.510623214965116	0.14904989490300283
0.3042833261064961	0.6703538959232582	0.02536277797024572
0.22098286499443998	0.4230242366520872	0.3559928983534729
0.7745943374713768	0.04517750357513606	0.1802281589534872
0.21349307028502218	0.5029634363901779	0.2835434933248
0.2296304735762051	0.7450455273300169	0.025323999093778027
0.7457486861576894	0.032832649461635444	0.2214186643806752
0.15420375810560538	0.7987943803457538	0.047001861548640944
0.482319807048904	0.128474436976431	0.38920575597466517
0.561977579008645	0.08748477326455045	0.3505376477268047
0.12512796816548638	0.4229706420820399	0.45190138975247385
0.5898388171625344	0.3779748340243978	0.03218634881306787
0.04464829069490717	0.4562094023662065	0.49914230693888645
0.7786220303172298	0.05489882255669509	0.1664791471260752
0.6837244768773849	0.013528552726552734	0.30274697039606235
0.5404198801118734	0.21220864362587424	0.24737147626225248
0.3520987139396003	0.10876992715979672	0.539131358900603
0.42562451031704723	0.1487885579978095	0.4255869316851434
0.42925213823002006	0.12907871030977208	0.4416691514602079
0.0497408225321227	0.37553182390598366	0.5747273535618938
0.2628143809168977	0.26690066836657145	0.47028495071653104
0.3073236534631635	0.3892146862230429	0.3034616603137938
0.8388240488576322	0.050622239364705	0.11055371177766293
0.39871565176528045	0.3367570458478578	0.26452730238686184
0.23935495478271276	0.5745408087387605	0.18610423647852692
0.2077376614906971	0.7784182569776312	0.01384408153167177
0.6720933105621893	0.033843384242852714	0.2940633051949581
0.1301067362899151	0.17056720075817106	0.699326062951914
0.13724534305237096	0.5110874197355072	0.35166723721212195
0.040113184370135724	0.29534395691978976	0.6645428587100746
0.3464897751753522	0.3208582379090198	0.3326519869156281
0.14348153380142376	0.03183400959264637	0.8246844566059299
0.522682409693722	0.46341393809247966	0.013903652213798412
0.26299478012428573	0.47252000164470487	0.26448521823100946
0.37514974799355205	0.4630638481705261	0.16178640383592197
0.06720398581001896	0.21770330263598514	0.715092711553996
0.3382587440188068	0.012462746928337709	0.6492785090528557
0.07766003772334906	0.7517324458789907	0.17060751639766036
0.290696181892369	0.47352718185903153	0.23577663624859962
0.07790898008400232	0.20071803156975265	0.7213729883462452
0.22108041602574854	0.2335889841438633	0.5453305998303882
0.11122929643403723	0.4099173660875962	0.47885333747836667
0.5858968126349442	0.30854457394527895	0.10555861341977693
0.5299499345546828	0.2672251144399505	0.20282495100536685
0.7150143989027391	0.23988468566713705	0.04510091543012401
0.2522468091884204	0.7094529820171527	0.03830020879442708
0.17645319395746142	0.33361566501382434	0.4899311410287144
0.4974322974359635	0.4881155130044471	0.014452189559589435
0.036240541907898716	0.36109126531436025	0.6026681927777412
0.03158222047671527	0.21001899657510292	0.7583987829481819
0.515268285529757	0.014645820360653206	0.4700858941095898
0.2775768037332525	0.2815141959352665	0.4409090003314811
0.6201289812382236	0.10401867022919459	0.275852348532582
0.49058600812353387	0.2749695873437994	0.23444440453266682
0.5011008311372893	0.47416967815489625	0.024729490707814605
0.6134764891089319	0.2738806985004797	0.11264281239058849
0.7690559305929668	0.20803401294370055	0.022910056463332773
0.5335371913657084	0.20197624084713026	0.2644865677871614
0.031015874035731694	0.284410126695623	0.6845739992686455
0.645710137530783	0.19837018629349115	0.15591967617572602
0.5242764788541663	0.11394296564833448	0.3617805554974994
0.4633198977059394	0.056603385697261144	0.4800767165967995
0.21420455708569908	0.057064841740912864	0.7287306011733883
0.3220335196526662	0.11159447710680312	0.5663720032405308
0.04412786585106476	0.40226267555504314	0.5536094585938922
0.38101558566789867	0.3546683439769296	0.2643160703551718
0.33729847759072706	0.09079800907091368	0.5719035133383594
0.46000623483733033	0.28995987880277047	0.2500338863598993
0.35365842669932124	0.6303638173109942	0.015977755989684594
0.615101071362196	0.31702767439846535	0.06787125423933865
0.07876852964448966	0.6855635321285374	0.23566793822697318
0.22879486450227693	0.19454776755409825	0.5766573679436249
0.193467002659992	0.1400701774064823	0.6664628199335259
0.43615720655451695	0.24474571313511118	0.319097080310372
0.32593913960023363	0.4694660134884109	0.20459484691135554
0.14994464672456745	0.04165147662919255	0.80840387664624
0.19721356984640764	0.31428521327836095	0.4885012168752315
0.07899173888968758	0.4963197836945318	0.4246884774157808
0.4237886665344505	0.23905296029598355	0.33715837316956604
0.4768335504807775	0.06907821599139458	0.454088233527828
0.19301158442179864	0.6052834237137081	0.20170499186449337
0.04599708473448327	0.4600581495094509	0.49394476575606594
0.6711363263817758	0.030865752669975932	0.2979979209482483
0.448223209927574	0.4027948274312324	0.14898196264119376
0.15754079577255306	0.756661827894612	0.08579737633283513
0.06513905793951841	0.574243665818778	0.3606172762417038
0.23637524202682028	0.5369993246354611	0.22662543333771878
0.01627081882692699	0.5641560385149734	0.4195731426580997
0.13274241250826535	0.7147640599443229	0.15249352754741183
0.2953094633480387	0.009323125238686225	0.6953674114132752
0.09582797427198675	0.7016445747038262	0.20252745102418712
0.17718887249182436	0.09029080358726815	0.7325203239209076
0.26174452316796815	0.5570323278092898	0.1812231490227422
0.333770417417918	0.5307350247472513	0.13549455783483078
0.4235265891742824	0.3650719842214473	0.21140142660427041
0.8680747846123683	0.12405244572705015	0.007872769660581702
0.10001590594820567	0.6417896140808768	0.25819447997091766
0.7138931737096588	0.020314657853343965	0.26579216843699727
0.49997258551175033	0.35386577612084985	0.1461616383673999
0.42734761330002713	0.2888260636826958	0.28382632301727717
0.20254682545150565	0.23631587439232912	0.5611373001561654
0.35892453030316407	0.5972146680731147	0.043860801623721246
0.34202342096093974	0.5735406816681823	0.08443589737087806
0.5626176828990301	0.2106917227188185	0.2266905943821514
0.19813608934773613	0.26153979522319093	0.5403241154290731
0.6312945011062813	0.30266161950685777	0.06604387938686113
0.27599221791869033	0.6055422123186127	0.11846556976269701
0.252209203288543	0.3783207208767282	0.36947007583472896
0.08641444304323859	0.11458626061196753	0.798999296344794
0.18237119533999951	0.5587994434878614	0.25882936117213917
0.39062923466630295	0.31846900953739743	0.2909017557962997
0.3258228409352403	0.6328726235206378	0.041304535544122056
0.48874629543559023	0.36188581332520375	0.1493678912392061
0.05535413671417766	0.08726772028983051	0.8573781429959919
0.2622001206764355	0.6237756758140275	0.11402420350953713
0.13176300347976402	0.3342614282877517	0.5339755682324845
0.24804108529941105	0.2351806336060316	0.5167782810945574
0.38429699104710263	0.3261905967648191	0.2895124121880784
0.38385773338255963	0.29233917937275394	0.32380308724468654
0.49965121993949707	0.1197356259124227	0.38061315414808033
0.13341568855704064	0.5719840497666271	0.2946002616763324
0.26271039694250664	0.6988591933525969	0.03843040970489647
0.13005652507635176	0.6634909801639282	0.20645249475972013
0.11662118102435642	0.10340496659229714	0.7799738523833466
0.282516534721015	0.5181181712495894	0.1993652940293958
0.6863233833751461	0.2902324861282393	0.023444130496614646
0.15904760804857643	0.6669548183521367	0.17399757359928703
0.05058191459579431	0.7218009687360079	0.22761711666819792
0.6205761696505011	0.22867835624183017	0.15074547410766884
0.22325480035754264	0.6504616166240699	0.12628358301838766
0.16477049272094568	0.09433653196983752	0.7408929753092169
0.5032053644967955	0.24704522962698167	0.24974940587622296
0.06544526428855946	0.6181518063531872	0.3164029293582534
0.0629772014331878	0.16786637146080763	0.7691564271060047
0.11391238812283436	0.02916430870227088	0.8569233031748948
0.6263622766693222	0.3198206114926811	0.05381711183799687
0.43569416270090666	0.09593063612042177	0.46837520117867165
0.3147268387046927	0.5510007867557227	0.13427237453958465
0.11644818397246931	0.7631602334662531	0.12039158256127769
0.5617351921822997	0.013136248566205821	0.4251285592514945
0.048155391618600496	0.47048863786031786	0.48135597052108176
0.6230689610190467	0.1267600683351874	0.25017097064576604
0.49426071807117566	0.42879798467755004	0.07694129725127441
0.32875677272879195	0.12996051921198876	0.5412827080592194
0.0772397920102581	0.7787284542303181	0.144031753759424
0.1734985327590049	0.5131418171366819	0.3133596501043133
0.4059734123465453	0.5454190204903222	0.04860756716313264
0.3487517062447806	0.6335189430821343	0.017729350673085176
0.34087183614094163	0.4495921076689969	0.2095360561900616
0.3020799764343672	0.25199104768857655	0.4459289758770564
0.46228282760567596	0.4632064814569936	0.07451069093733054
0.048343286863643475	0.49733664911507885	0.4543200640212778
0.12317685771032993	0.6645092048044946	0.21231393748517557
0.11866324022202501	0.7828701204371715	0.09846663934080352
0.38616651274622116	0.5894374255751078	0.024396061678671144
0.635495753566808	0.05665647262463197	0.3078477738085601
0.3730402627161663	0.5447168354639025	0.08224290181993144
0.263072496587082	0.3945468832156731	0.342380620197245
0.5580402207949944	0.09568553923832504	0.34627423996668066
0.486450576425957	0.37138870640055527	0.14216071717348788
0.11164539793281314	0.42506338016029377	0.46329122190689326
0.3292693765227985	0.2049775370512726	0.465753086425929
0.12135538027698162	0.5227173319249176	0.35592728779810084
0.09050597554053744	0.1631944180292098	0.7462996064302528
0.06611030623482761	0.46194980994774654	0.47193988381742596
0.8303218968541733	0.12364615388188335	0.046031949263943384
0.5946544819220088	0.28992284955453396	0.11542266852345728
0.7211790185197937	0.24281220272090595	0.03600877875930053
0.7155794160564068	0.2563759444490796	0.028044639494513746
0.17018472629622888	0.35571010558180854	0.4741051681219627
0.018002854194669404	0.8432598400707388	0.13873730573459184
0.20358581182144203	0.42258406405374693	0.37383012412481115
0.3931072497681885	0.32616686283566493	0.2807258873961467
0.16139303794598836	0.3843048814870557	0.45430208056695603
0.034904150538133116	0.6539775210487676	0.3111183284130994
0.217224660814674	0.08990179426529143	0.6928735449200347
0.05802875292999832	0.8500638964374204	0.09190735063258143
0.5549640926203788	0.15777820506614454	0.28725770231347675
0.5151387310766258	0.27522405659751503	0.2096372123258593
0.02478772287862424	0.15597652290348119	0.8192357542178947
0.36589777080448843	0.48261919881335413	0.15148303038215755
0.15381247150911714	0.1485064759178652	0.6976810525730177
0.2639300066015575	0.07082440888500846	0.6652455845134342
0.026776435083829764	0.633420368290235	0.3398031966259354
0.5443382130714294	0.03089140153393205	0.4247703853946386
0.10411224196842966	0.15120461157640058	0.7446831464551699
0.03755800747191329	0.400849364888391	0.5615926276396959
0.34862414599559655	0.100855670023001	0.5505201839814026
0.654188607812897	0.06509363150040437	0.28071776068669874
0.29646413119753845	0.45434835224301817	0.2491875165594435
0.7778627840438023	0.07157661590173026	0.15056060005446753
0.38580935150376927	0.013188347228431485	0.6010023012677994
0.6071380206151834	0.3209177969218918	0.07194418246292489
0.6736343069196771	0.056236834113573664	0.2701288589667493
0.36000308674252357	0.4736573920694111	0.16633952118806544
0.17688672562585142	0.17354749774304057	0.6495657766311081
0.03962891367144872	0.7740416735119562	0.18632941281659524
0.41562910111451	0.04373836312635554	0.5406325357591346
0.3500892221485613	0.5916058615695294	0.05830491628190937
0.6272460346485089	0.08995080750978582	0.2828031578417053
0.2875241135355395	0.4230538250760724	0.2894220613883881
0.30938881511758204	0.48506778000182044	0.20554340488059764
0.04106451152931884	0.165445942353577	0.7934895461171043
0.1510100564096787	0.2846341334431621	0.5643558101471593
0.369494776336151	0.12278418406637548	0.5077210395974736
0.024102847081557466	0.7850917452357099	0.1908054076827328
0.21467310370331041	0.43651259335306436	0.3488143029436253
0.2684873144771448	0.18741811418035031	0.5440945713425049
0.10568741080610822	0.25012488835628505	0.6441877008376069
0.19832384550101795	0.6443148239986647	0.15736133050031742
0.2788142502958902	0.34618271504892717	0.37500303465518275
0.6050207766330604	0.2526555133818891	0.14232370998505056
0.4798733986946943	0.345583369609568	0.17454323169573782
0.4490286361309579	0.4655780659927753	0.0853932978762669
0.8572019476964418	0.06622844410377776	0.07656960819978059
0.1740495672882949	0.6856273631100145	0.14032306960169066
0.4913993962908602	0.3368405558489681	0.1717600478601718
0.10567935681495788	0.2781648373202113	0.6161558058648309
0.48340829540686814	0.04368943019915178	0.47290227439398014
0.8539468117299266	0.10054253940483338	0.045510648865240144
0.10354131965695434	0.1622931988837746	0.7341654814592713
0.24754191719148688	0.04839105167556573	0.7040670311329476
0.027927539936085988	0.37697946938633614	0.5950929906775779
0.2904803591630303	0.662209321044819	0.04731031979215089
0.1418688026775063	0.13119696636643025	0.7269342309560636
0.09700248982527598	0.10822620587442322	0.7947713043003009
0.08128945931445225	0.1321008052608421	0.7866097354247057
0.20036603673930425	0.7195182917355802	0.08011567152511567
0.2871781909824068	0.4643839828864478	0.2484378261311455
0.4846594422289967	0.19848116044491418	0.3168593973260892
0.17822585482669923	0.7731814016433824	0.04859274352991849
0.25042290175464355	0.6184784651745207	0.13109863307083586
0.07054805571921724	0.8652181610516818	0.06423378322910112
0.5060416142866309	0.46348948732161943	0.03046889839174982
0.49241526032107874	0.41299680556511686	0.0945879341138045
0.08692933267443947	0.5661794144007252	0.34689125292483547
0.3709165301568462	0.38080038716976183	0.24828308267339205
0.2575447673357133	0.6785195158492222	0.0639357168150646
0.28920118030379444	0.30501954693815936	0.4057792727580463
0.3097903969111643	0.18199314382690351	0.5082164592619324
0.07810273812263385	0.33890020067880433	0.5829970611985619
0.7846552396770232	0.06257531023819751	0.15276945008477938
0.46717684008891064	0.06938615236595291	0.46343700754513656
0.5735713605194763	0.348057574572989	0.0783710649075347
