0.2940288929721628	0.10932479194978631	0.03964670275200656	5.4107243094569935E-6	0.01196610635570472	0.006502066180285038	0.012983763952765098	0.0736780239888975	0.018484449855433155	0.4333797912686491
0.29402758750631086	0.1093244069064893	0.0396468776745606	5.412677843250058E-6	0.011966561265187164	0.006502565175909872	0.012984507827291256	0.07367869901508362	0.01848352844997747	0.4333798535013464
0.29402824666002164	0.10932471050604788	0.03964629787115097	5.412199703000442E-6	0.0119671837813395	0.006502119637929196	0.012984365081018731	0.07367837212995812	0.018483865750417508	0.4333794263824132
0.2940281776918391	0.10932473227668603	0.03964652499151028	5.414589234489786E-6	0.011966363161889024	0.006502299452502983	0.012984241728543164	0.07367883749289683	0.018483989286818922	0.4333794193280789
0.2940278371704127	0.1093248811127366	0.039646354675059635	5.413089444100683E-6	0.011965846853877984	0.006503212854649998	0.012984497988199534	0.07367907855340337	0.018484177619918815	0.433378700082297
0.29402680726908276	0.10932487263665494	0.03964569782449406	5.4107650805240715E-6	0.011966649776037633	0.006502616295683369	0.012984951665122216	0.07367927723323206	0.018484956686791662	0.43337875984782037
0.29402639862920976	0.10932418877595193	0.03964597249147854	5.410121441701277E-6	0.011966494016883489	0.006502193144204374	0.012984783049032125	0.0736793666899962	0.018485798980382454	0.4333793941014191
0.29402696141697254	0.10932465008171693	0.03964673625318961	5.412290364811834E-6	0.011966006311775843	0.0065024956011873886	0.012983874297544454	0.07367952821771617	0.01848506430322419	0.4333792712263078
0.29402697316324805	0.10932415924883135	0.03964613193610341	5.410735056540772E-6	0.011966026596327992	0.006502542138242598	0.01298393370317548	0.07367954465700466	0.01848535127266894	0.4333799265493407
0.29402719274594064	0.10932387166363543	0.03964625880286758	5.412858928757758E-6	0.011965988251536677	0.0065022394214427764	0.012983874764639733	0.07367968960414445	0.01848549726633772	0.43337997462052597
0.2940271900699243	0.10932411569177547	0.03964658428753985	5.413762034986447E-6	0.01196626432668954	0.006502309907238643	0.012983894593151232	0.07367930907767316	0.018485191058067604	0.433379727225905
0.29402712942255016	0.10932407364544877	0.03964582200032561	5.415218850723935E-6	0.01196662713657698	0.006502691675578154	0.012984761626387703	0.07367923099447218	0.018484502193320415	0.43337974608648894
0.2940222978039524	0.10932259465040721	0.039644400342378525	5.415548710682727E-6	0.011970185632727906	0.006504370499546039	0.012986237603653944	0.07367990637332283	0.018484956593691676	0.43337963495160853
0.29402211216864305	0.10932402809406909	0.039643994363248225	5.414843164006089E-6	0.01197124863650395	0.0065041410634723434	0.012987269095188589	0.07367995838704194	0.01848462617988708	0.43337720716878136
0.29401785646614065	0.1093236542618902	0.03964012602105915	5.411130372973139E-6	0.011975041805720094	0.0065031550350581335	0.01299050263339993	0.07368289422298381	0.018484972770348343	0.43337638565302633
0.2940181885346503	0.1093231269435882	0.03963787039363111	5.412205507246415E-6	0.011973823072826115	0.006506584029360399	0.012986759446906429	0.07368544814485743	0.018484696545814236	0.4333780906828583
0.29401815089955863	0.10932207630784166	0.03963779722165131	5.41108003980495E-6	0.011975561923020336	0.006506708462974506	0.012987039229728478	0.07368580271400463	0.018483401610185565	0.4333780505509949
0.2940171087156211	0.1093195635588985	0.03963732608302806	5.415105357925443E-6	0.011976492593717511	0.006509724447349749	0.012987033539093903	0.07368638761476984	0.018484125617185737	0.43337682272497746
0.2940173327516829	0.10932006325325619	0.03963642244121622	5.410758950233352E-6	0.011975811078123622	0.006508930864142837	0.012986814332262689	0.07368766485671363	0.018485753177925154	0.43337579648572616
0.2940181243148679	0.10931965716319092	0.03963980096669287	5.415267723143935E-6	0.011975506737848349	0.006508128630842339	0.01298408359393613	0.0736865650468378	0.01848569222932389	0.4333770260487364
0.2940154680589685	0.10931070967492242	0.03964151961896227	5.411128289625755E-6	0.011979144599424535	0.00651284541052867	0.012984702157632338	0.07368974922547934	0.018483963418384097	0.4333764867074079
0.2940169108526581	0.10931084089143403	0.039636576073440725	5.4157313724850775E-6	0.011980236029912703	0.0065125119315523755	0.012986203423604029	0.07368987948481082	0.0184854314507394	0.43337599413047506
0.29402406631216965	0.10931158887047798	0.03963085862684214	5.411799380974913E-6	0.011977710302281189	0.006512866797755479	0.012988831527073072	0.07369291005623643	0.018484733849380222	0.4333710218584026
0.29402522348484855	0.10931174458701423	0.03963138011748235	5.414324356398104E-6	0.011977616343589625	0.006513682519276517	0.012988395813952433	0.07369154181871458	0.018485149113665084	0.43336985187710003
0.2940239816415901	0.10931119329130536	0.03963323336162758	5.4116543087845415E-6	0.011975427802856403	0.006515228010800761	0.01298768415553958	0.07369041748640273	0.01848681600442202	0.4333706065911465
0.29402501151515537	0.10931122980821617	0.039632390541942744	5.414429014652389E-6	0.011975609518672256	0.006515475095462034	0.012987528904617088	0.07369017446092938	0.018486471183380718	0.43337069454260924
0.2940280944633082	0.10930640544492176	0.03963246881587751	5.412238543944792E-6	0.011977034203565648	0.0065153767667541634	0.012989709842998437	0.07368846199860793	0.018486498943115715	0.43337053728230646
0.29402589024157527	0.1093085965129576	0.039626538390955215	5.414896209435249E-6	0.011976056021611073	0.00651893114392528	0.01299164215794478	0.07369014696736918	0.01848442745189223	0.4333723562155596
0.2940258701338974	0.10930831857038795	0.0396257852671623	5.412991654851762E-6	0.011976052484573382	0.0065197798595080375	0.012993113949024138	0.07368965235371115	0.01848406242994799	0.4333719519601324
0.29402445432045293	0.10930680404957316	0.03962887172851466	5.414019527166802E-6	0.011978014953055838	0.006518966417862898	0.01299355880802884	0.07368851864744064	0.018485555155900904	0.4333698418996427
0.2940241397761593	0.10930544168238171	0.03963004162131171	5.41437679672796E-6	0.01197470899015525	0.006521621499603655	0.012993493280356691	0.0736884721946943	0.018486308836169543	0.43337035774237087
0.2940231613434077	0.1093051519385691	0.03963144393108499	5.411849895720078E-6	0.01197683266014729	0.006519926690841227	0.012992849446193708	0.07368883636044438	0.018485950732156073	0.43337043504725953
0.29402503733137275	0.10930469771895364	0.03962968570233441	5.4140057103996275E-6	0.011970768995490724	0.006517017320184018	0.012990750994655895	0.0736946056519782	0.01848873304045502	0.4333732892388647
0.29402614068396216	0.10930436441094106	0.039630665620249084	5.414618786572789E-6	0.011968709831605112	0.006517648728157632	0.012991651355373099	0.0736934631142626	0.018488152096040142	0.43337378954062233
0.29402624423750395	0.10930663234860692	0.03963082841293766	5.410585039181126E-6	0.011966020624900583	0.006522098155167619	0.012990493238676473	0.07369222218626446	0.018486562616415167	0.43337348759448774
0.2940288876902933	0.10930833046423355	0.039629978002402755	5.414659787081333E-6	0.011966714893110755	0.006522092776429442	0.012989440353526963	0.07369050625573487	0.01848426551257551	0.43337436939190543
0.29402802145298856	0.10930958798541912	0.0396298926450981	5.4111082595231785E-6	0.01196615226810327	0.006519908008484954	0.01299072769575621	0.07369004422486651	0.018484028651515202	0.43337622595950837
0.2940286760350429	0.10930996921269866	0.03963065403273365	5.415734634653391E-6	0.011966080305051155	0.006519684440349685	0.012991045714133245	0.07368917088800245	0.01848462370168344	0.4333746799356699
0.2940272246111527	0.10931100714745576	0.03962940037474831	5.414970788833462E-6	0.011967230908157447	0.006519313104728489	0.012990396330205434	0.07368925229607816	0.018484147478025334	0.43337661277865913
0.2940270113165171	0.10931132683230932	0.03962951381139712	5.412747526772899E-6	0.011967070998810697	0.006520078227975706	0.012990165612343701	0.07368988267392132	0.01848278366128582	0.4333767541179121
0.2940269894420655	0.10931594961199732	0.0396286919414778	5.414600575279205E-6	0.011965867246882048	0.006521138341450031	0.012986289155500028	0.07369090009346141	0.01848170654722847	0.43337705301936186
0.2940238965275671	0.1093155421615074	0.0396338996645383	5.415039913150843E-6	0.011971186046499896	0.006526647928546056	0.012986665305391762	0.07369253218424532	0.018475469355115764	0.433368745786675
0.2940238070821179	0.1093165076233059	0.03963401968138291	5.413773741261285E-6	0.011970851977305755	0.006525974484934541	0.012987113474455372	0.07369222081819055	0.018474800082429257	0.4333692910021362
0.2940228330849712	0.10931825007228976	0.039633609068181475	5.414911784532017E-6	0.01197222074516259	0.006524694219440949	0.012986951402961397	0.07369308141436215	0.018475179830573008	0.43336776525027265
0.2940235494548024	0.10932076781110212	0.03962953903416385	5.410971482169846E-6	0.011969666516850594	0.006524845269231541	0.01298529251889445	0.07369420117563458	0.018475071636715926	0.4333716556111222
0.2940210008184259	0.10932108194283252	0.03963108229618991	5.415429313690434E-6	0.0119689796377173	0.006525361609596728	0.012985384852693918	0.07369432095917022	0.01847717121379648	0.433370201240263
0.2940234245313146	0.10931827529121478	0.03963033030704586	5.411902931032331E-6	0.011968628589215005	0.006525418098221172	0.012987244907640166	0.07369380839245075	0.018477562347568657	0.4333698956323977
0.29402320550023364	0.10931840853300223	0.03963028320868078	5.412529346549011E-6	0.011968409701138327	0.006525382534500412	0.012987452862597587	0.07369323099394691	0.018477927132625846	0.4333702870039274
0.2940233133698154	0.10932450421695411	0.03962504034370161	5.4148167530215785E-6	0.011967093528745962	0.0065233625608776685	0.012989950258997587	0.07369597657661339	0.01847460013002629	0.43337074419751465
0.29401653094112973	0.10932260872253852	0.039628575195223656	5.4125838268165305E-6	0.011966739672071805	0.006535169856021941	0.012995418359681474	0.0736889576611062	0.01847150156189377	0.433369085446506
0.2940119031679289	0.10931710491196828	0.03963314811887969	5.410165827363089E-6	0.011966980619046858	0.00653556490273044	0.012995584886351302	0.07369336685378543	0.018472237507452194	0.4333686988660293
0.2940099829739531	0.10931471115800676	0.039631915821739236	5.412184728756375E-6	0.011967013036354848	0.006537143886588312	0.0129972937319595	0.07369394152528969	0.01847362692764129	0.43336895875373815
0.2940096250925134	0.10931516832229958	0.03963116490043861	5.415561553964721E-6	0.011968642676686445	0.006536847199817605	0.012997488618293099	0.07369314346947078	0.018472217273245606	0.4333702868856806
0.2940089834874136	0.10931333287479193	0.03963345255738804	5.414437509759784E-6	0.011969512561472592	0.00653371041828231	0.01299787800462382	0.07369053829987064	0.018474351061951638	0.4333728262966954
0.29401350230257123	0.1093160942052323	0.03963347853827154	5.411185467124602E-6	0.011972906572060765	0.0065247963622664246	0.012994096021474846	0.07369540714108028	0.018475065343047867	0.43336924232852736
0.2940139063696899	0.10931683381819625	0.03963622122983034	5.411303841851289E-6	0.011967181947549754	0.0065289594940760864	0.012994221451374383	0.07369535725918364	0.018473302366591074	0.43336860475966643
0.2940124566052885	0.10931818524877093	0.03963807902816767	5.4113972446229175E-6	0.011966693913860932	0.006527924289592424	0.012994831095904186	0.07369529600674858	0.018473366918082088	0.4333677554963399
0.2940124562809457	0.10931887758861665	0.0396371412916997	5.415502586356147E-6	0.011966163172331887	0.006528289058678402	0.012993885751173037	0.07369450936758482	0.018472503509139163	0.43337075847724416
0.29401627100520394	0.10931810301827233	0.039635134382672244	5.415810652095732E-6	0.011969703332493406	0.00652771756545896	0.01299438377595745	0.0736908524180352	0.018473565593386698	0.4333688530978673
0.2940162744470076	0.10931907884179311	0.03963620327417374	5.412576220081844E-6	0.011969760407156069	0.006528492674146055	0.012992920502789912	0.07369068153381424	0.018472368915170165	0.4333688068277287
0.29401438400597113	0.10931941182650486	0.03963605330778862	5.411683513215082E-6	0.011969869889553758	0.006526485876631544	0.012991735570964821	0.0736920816511864	0.018471128085320684	0.4333734381025647
0.29401582969605505	0.10932100249090687	0.03963355556340785	5.412119363557011E-6	0.011969088412306095	0.006525015614085666	0.012993256325047192	0.07369186346784348	0.018470765767739455	0.4333742105432445
0.2940169615563312	0.10931424504790167	0.03963445022291197	5.4144116669319065E-6	0.01196997864365587	0.006526629714498022	0.012989892550059862	0.07369569138999629	0.018477117087341233	0.4333696193756367
0.294017411645659	0.10931321096873219	0.03963268815389317	5.4121967985321096E-6	0.01197483243209832	0.006526918953438765	0.012989324424274376	0.07369316233722112	0.018475478434974282	0.4333715604529101
0.29401815405291515	0.1093130766754688	0.03963222543406869	5.413154776354179E-6	0.011973803525983942	0.006527282858035763	0.01298867730443648	0.07369291927190234	0.018476438802589645	0.4333720089198225
0.29402000234260256	0.10931289375013561	0.03963308462189688	5.414207183696007E-6	0.011971557507518951	0.0065276662541622205	0.012986886133920475	0.07369273554507214	0.01847744506916378	0.43337231456834346
0.2940210237300485	0.10931400156341141	0.039633379786596645	5.41367048628727E-6	0.01197168762871334	0.006525945438680236	0.0129873148083742	0.0736927081691103	0.018476658053493952	0.4333718671510848
0.2940245268828698	0.10930983060539408	0.039634097064078166	5.410737309849423E-6	0.01197369394993679	0.006525401818695792	0.012990067053296153	0.073692142900603	0.01847304710368515	0.43337178188413106
0.2940246413716251	0.10930942473931865	0.03963473520501067	5.415735664079935E-6	0.011973853414544364	0.006523769006500799	0.012991307531069543	0.07369167319489775	0.018472847297095668	0.4333723325042731
0.2940264990510401	0.10930467726402505	0.03962545597913096	5.412832200596407E-6	0.011976419748171457	0.0065325869501732525	0.012989576677935488	0.07369407630090101	0.018478414247952255	0.4333668809484695
0.29402785647087565	0.10930534274504253	0.039624960775857795	5.413121365038798E-6	0.011975141946430276	0.006532227296629015	0.012988936721285649	0.07369363092148537	0.018479121967494738	0.4333673680335336
0.29402214906121227	0.109303626787012	0.03962372178779897	5.411017701753562E-6	0.011978074143883036	0.006531522504747339	0.012991713009553221	0.0736928813114869	0.01847763699065623	0.43337326338594795
0.29402400138521134	0.10930239669131513	0.03962182843731165	5.414279200963157E-6	0.011977477995744182	0.006532526543637715	0.012993366386279251	0.07369243840686944	0.018475340684748334	0.43337520918968175
0.2940187037235863	0.10931596173403643	0.0396185740133418	5.413078248139858E-6	0.011984318014695752	0.0065205752089965985	0.012984072513093914	0.07370512568057885	0.01847560843392189	0.43337164759950003
0.2940145889533496	0.10931818107516403	0.03961751335238488	5.412363504667117E-6	0.011985019575408012	0.006519669571987852	0.01298531925878807	0.07370488676231329	0.018477072868889763	0.4333723362182096
0.29401255015385636	0.10931233706302976	0.039615878833266185	5.414378236492934E-6	0.011987174336148557	0.00653066938796909	0.012985566706304866	0.07370912595891119	0.018477161363628994	0.43336412181864814
0.2940116325411624	0.10931237964445863	0.039616045077012066	5.410578350711903E-6	0.01198657179404966	0.006531035612091993	0.01298598601007217	0.07370798774895945	0.018478590634512418	0.4333643603593302
0.2940125363570543	0.10931226311006971	0.039617420052539404	5.414705232284489E-6	0.011982840366452793	0.006529809661166952	0.012989124307604002	0.07370759032898855	0.018478421415534366	0.43336457969535735
0.29401204181026425	0.10931367281674104	0.039618388309194306	5.415556501200958E-6	0.01198227953023677	0.006529498589406671	0.012986591955592278	0.07370793827112111	0.018478822442239043	0.4333653507187031
0.29402408265949254	0.10930786763150353	0.039619198087343946	5.413180604235679E-6	0.011972698545775692	0.00652915378448643	0.01299098797691435	0.07371097202756988	0.018486565302994848	0.43335306080331426
0.29402555066488395	0.10930651730272786	0.03961844560411513	5.4145029955571244E-6	0.01197451727468861	0.00652773843017411	0.012989130887820263	0.07371150646984995	0.018486901002725056	0.4333542778600192
0.29402185406066345	0.10931114734970368	0.03962174021744136	5.412004942445536E-6	0.011977323780998805	0.006527973907904966	0.012987685180680247	0.07371449136399884	0.01847739009201306	0.4333549820416529
0.29402560630748914	0.1093112490541682	0.039635375407732654	5.413921870145444E-6	0.011968662682160583	0.006524120790812257	0.012987926781693832	0.07371190308828685	0.018477324344461588	0.4333524176213243
0.2940261864279086	0.10931058221165847	0.039635755385228066	5.411540033903317E-6	0.011967988104295516	0.006522746294575624	0.012987763602079816	0.0737141769741061	0.018475668664809833	0.43335372079530377
0.2940258356485598	0.10930993443109263	0.039635966412351654	5.4138621928961905E-6	0.011967626995864386	0.006523480552831237	0.01298716491270295	0.07371526959200943	0.018474860552894698	0.4333544470395001
0.2940248946535698	0.10930980083498155	0.03963679809954543	5.411296204793636E-6	0.011969531116898482	0.00652435606464806	0.01298713967362966	0.07371545904092042	0.018474265519920777	0.4333523436996808
0.29402368130880835	0.10930933058722855	0.03963358775124407	5.414938100994915E-6	0.011968881437581236	0.006522092420128953	0.01298923194897092	0.0737179462262521	0.01847608579681785	0.4333537475848668
0.2940234452277516	0.10930792624931024	0.03963405584011597	5.410120296270304E-6	0.011970426744084203	0.006520247822664957	0.012990711120537554	0.07371906384176213	0.018475977544841996	0.43335273548863484
0.29401835440257984	0.10930478063214674	0.039635663331436324	5.415688685242448E-6	0.011972514254753472	0.006514492114212109	0.012994110693494751	0.07371831207993015	0.018481414572043442	0.4333549422307177
0.29401697189375386	0.10930787661026911	0.03963629560650407	5.4147261497744514E-6	0.011972441392091748	0.006511693975634933	0.012993165588612507	0.073719729130041	0.018481985868359266	0.43335442520858347
0.2940127202855406	0.1093052972609442	0.03963059563257767	5.4136349490335745E-6	0.011978215053097124	0.006505180217141471	0.01300151424753275	0.07372415674583987	0.018479034534410146	0.4333578723879668
0.2940103771757765	0.10930429487637076	0.039639548998839244	5.41394106891302E-6	0.01197547252772442	0.006507260256025882	0.013000679908602653	0.07372597147653982	0.018476408544341807	0.43335457229470964
0.2940114246336035	0.10930547014673772	0.03963582467015237	5.41227833919522E-6	0.011975495984687279	0.0065069854514899494	0.013001512289141148	0.07372721701822346	0.01847675436041224	0.4333539031672128
0.294011071210545	0.10930412687017181	0.039632249098363714	5.410934102126341E-6	0.011980021233099117	0.006508152308554324	0.013002504182279093	0.07372827853508034	0.01847535463050541	0.4333528309972987
0.2940105053262667	0.10930515688618594	0.03963180815200521	5.410849859846523E-6	0.011980170366358858	0.0065080507577426755	0.013001376693588931	0.07372897364538367	0.01847439548707533	0.4333541518355325
0.29401615261430925	0.10927558295169981	0.03964605654429224	5.412847039518165E-6	0.011981370886119405	0.0065074159457221975	0.013016600270414194	0.07370598089708706	0.018482175549615384	0.43336325149370075
0.29401173769607214	0.10927635657296131	0.0396456046632003	5.4149257482233315E-6	0.011976485022669209	0.006511307569340527	0.013018878747681095	0.07371063994524729	0.01848321902767136	0.4333603558294082
0.29400730409441883	0.10928022356571668	0.03964318909656199	5.4143245998977685E-6	0.011974707333490084	0.006514733156574859	0.01301492933560014	0.07371199827590301	0.018483522710679337	0.43336397810645483
0.29400760017815014	0.10928228603355293	0.03964584671704574	5.412919097377844E-6	0.01197179207499223	0.006511401158616634	0.01301681543391306	0.0737024598308883	0.018492902074483467	0.43336348357925986
0.2940100427598396	0.10928321672167884	0.039643881920839244	5.4157326556114604E-6	0.011973400388957361	0.006512243153268593	0.013015117743207918	0.0737005286454325	0.01849477948416091	0.4333613734499592
0.29400544967356734	0.10928378594072297	0.03964451890401002	5.415005536218986E-6	0.011975385909926778	0.006511495460313654	0.013012653663184659	0.07370125282943527	0.018499367512994233	0.4333606751003086
0.2940114140984017	0.10928260447730874	0.03963402440018598	5.410312728298949E-6	0.011979862810379716	0.006517218379857415	0.013012074545657337	0.07369944861535072	0.018496947516866424	0.4333609948432634
0.29400930577459794	0.10928266462851342	0.03963399198816268	5.415587375115494E-6	0.011980467935232816	0.0065176150422506934	0.013011040273246191	0.07369985578721062	0.018496659570258076	0.43336298341315216
0.29400910355734633	0.10928297782302662	0.03963356627091548	5.412770565454972E-6	0.01198083018415616	0.006517609348007242	0.013011957934379176	0.07369995901034938	0.018496378812317915	0.43336220428893607
0.2940065829514439	0.10928719965972161	0.03964187062572189	5.413510003451916E-6	0.011975771423157353	0.006514416990914276	0.01301092011578213	0.07369611279880753	0.0184931092138879	0.43336860271055977
0.294001888868129	0.10928820930556617	0.03964667824755186	5.410748059694881E-6	0.011974486214624061	0.006514114263389173	0.013012000157483897	0.07369404639405254	0.018492159191406593	0.43337100660973676
0.29400261206323286	0.10928758089137172	0.03964680810770221	5.411044781564178E-6	0.01197437408995665	0.006513369334326932	0.013011556015459183	0.07369457034438129	0.018492218782494005	0.43337149932629343
0.29400276941905334	0.10928996941665578	0.03964549932810002	5.412109675806409E-6	0.011973910951800323	0.006514353088526201	0.013012302681375446	0.07369563031763054	0.018490583954788434	0.43336956873239385
0.29400358048095293	0.10928962343810862	0.039645810243990484	5.4111679386043E-6	0.011973747801705431	0.0065126886355394015	0.013011225805559037	0.07369536006002861	0.01849259181084459	0.4333699605553321
0.29400304448302256	0.10929076723366568	0.039645767676218316	5.411866070309523E-6	0.011972941363232653	0.0065120665939993605	0.013011719517842454	0.07369537252683613	0.018492572980748093	0.43337033575836426
0.29400437739866997	0.10929251521760931	0.039646207671124395	5.413978902815697E-6	0.011972150495090664	0.006511491175359166	0.013009488768017427	0.07369492062416194	0.01849279873644126	0.43337063593462277
0.2940015941400256	0.10929329344521603	0.03964398030001225	5.410318692458671E-6	0.011972895358645944	0.006512972501553901	0.013011078857118705	0.07369783253350232	0.018490354342927895	0.43337058820230456
0.2940050506933908	0.10929143177849784	0.03964500549029443	5.413131286297057E-6	0.01197390668394295	0.006512384874441071	0.013008525425798112	0.07369762635356655	0.01849041668731878	0.43337023888146287
0.2940057760610753	0.1092907202230254	0.039646394916346084	5.415498774336003E-6	0.011972759956773618	0.00651288790687557	0.013006828397189973	0.0736985307345531	0.01849044036797791	0.4333702459374085
0.2940065268428426	0.10929200194577593	0.039646131881502136	5.412208992389145E-6	0.011973229927711881	0.006511492092098045	0.013006179274888702	0.07369850874960301	0.01849007977629373	0.4333704373002913
0.2940064692310298	0.10929091531266194	0.03964605374041512	5.412715067709684E-6	0.011973615512545902	0.00651211605308763	0.013007399216201712	0.0736987563569611	0.018490214538757918	0.43336904732327086
0.2940032314926691	0.10929384537672607	0.03964603091552533	5.414970135578234E-6	0.011974756824716729	0.0065110330385871745	0.01300821523349481	0.07369725353943087	0.018491237072104358	0.4333689815366097
0.2940040936753491	0.10929138479868902	0.03964665527921579	5.415043738507541E-6	0.011976094029553755	0.006511374187837968	0.01300728210767492	0.07369797316386409	0.018492182069148086	0.4333675456449285
0.29400494461995264	0.10929132174160888	0.03964685976830965	5.410164656702299E-6	0.01197648443715725	0.006509728119030264	0.013007292047420863	0.07369907177787335	0.018491481791958128	0.43336740553203196
0.29400641912095465	0.10929030942185639	0.03964603736639329	5.41032339651526E-6	0.011976459497750003	0.00651003421249996	0.013007316728510743	0.07369813408921763	0.01849263004429476	0.4333672491951258
0.2940109193523887	0.10928815839035586	0.039646318595415786	5.412060666315499E-6	0.011976880454425132	0.006513566002682311	0.013007966808447485	0.07369589052684769	0.018492519242928315	0.43336236856584215
0.2940116570445914	0.10929110060377861	0.039644308455069374	5.414490463581667E-6	0.011977727009921543	0.006512787231839415	0.013008181195883817	0.07369585294639372	0.018492738314892607	0.43336023270716556
0.2940110435924949	0.1092911161776807	0.03964405145449895	5.410155121454707E-6	0.011977650508245952	0.0065127370344568725	0.013007899237213183	0.07369648927497702	0.01849375756133824	0.43335984500397245
0.2940109706396682	0.10929105795573706	0.0396459781564126	5.413457414352174E-6	0.011978326996587449	0.006513476319062031	0.01300481880824074	0.0736973624171166	0.018494884152355992	0.4333577110974047
0.2940138447148776	0.1092959334833096	0.0396414236458394	5.410637915245764E-6	0.011984343598054656	0.006511431000861198	0.013000338608294817	0.07369712792975808	0.018493254628591485	0.43335689175249764
0.29401667106898066	0.10929645869446157	0.03964224346990852	5.412428475931597E-6	0.01198443254000682	0.006509902143848112	0.013002542358706765	0.07369429635412504	0.018492485126762256	0.433355555814724
0.2940160709827813	0.10929622282978797	0.039643186572695596	5.410652181556119E-6	0.011984779684151084	0.006509508629107721	0.013003817247775148	0.07369479601948674	0.018491932525751098	0.43335427485628136
0.29401293504400683	0.1092942582890324	0.03964410741600521	5.413168413806457E-6	0.011995061947488991	0.006509191907372522	0.012999218831753853	0.07369079248972527	0.01849218119273635	0.4333568397134645
0.2940137175957193	0.10929402413741646	0.039644867943985	5.414289769078984E-6	0.011994357060894995	0.0065081078630736255	0.012999159116716438	0.07369138817352261	0.018492413820293305	0.433356549998609
0.2940147943060041	0.10929859468521094	0.03964229962313176	5.411221250639642E-6	0.011991371326917757	0.0065047322980309324	0.012999716882367382	0.0736859039659308	0.018495828822631497	0.4333613468685239
0.2940138392702341	0.10929891032837429	0.03964309469647108	5.4139624156013255E-6	0.011992215796736552	0.0065051338421714955	0.012998664223111286	0.07368578083679563	0.01849617350814578	0.43336077353554403
0.2940118953913686	0.10929719266958549	0.03964240449658549	5.412148743791367E-6	0.011992792980994912	0.006504651485794918	0.012998455626424613	0.07368656235375051	0.01849721624355645	0.43336341660319494
0.2940126597774786	0.10929597492425819	0.03963954424775243	5.412770542251311E-6	0.01199150585533773	0.006509801661600451	0.012997721661158368	0.07369461975833524	0.01849487141370576	0.43335788792983077
0.29400950893210576	0.1092939650467216	0.039637968437018334	5.415448765214159E-6	0.01199207177987957	0.006511066194562307	0.012997686267456982	0.07369268808337165	0.01849964296963763	0.4333599868404806
0.29401245530197295	0.1092941357149201	0.03964011796958604	5.4114545780248324E-6	0.011990846351079346	0.006510488791224678	0.012998607477002919	0.07369031058384229	0.01849894917097275	0.4333586771848206
0.2940129097199775	0.10929520820455654	0.0396388806266991	5.414732837244474E-6	0.011991834615276642	0.00650876589499233	0.013000090867963957	0.0736909270433055	0.01849815013219118	0.43335781816219976
0.29400937793281406	0.10929431822254826	0.039638551978435826	5.411730993498676E-6	0.011997599522611452	0.006505389526041197	0.013000374944994522	0.07369388005508021	0.018497927539456088	0.43335716854702466
0.29400967763473373	0.10929282894023759	0.03963765352211278	5.412354783657092E-6	0.011998145536322058	0.006506002526642352	0.012999964227632249	0.07369459697754438	0.018498913450209375	0.4333568048297816
0.2940110414124247	0.10929418060184867	0.03963482332743731	5.4130353647902085E-6	0.011996063443223584	0.006505120178287263	0.013008641151969355	0.07369184812873687	0.01849799086264846	0.43335487785805876
0.29401438435499205	0.10929502174115902	0.03963375614499033	5.4153301240478235E-6	0.011996052347735514	0.006503682568932051	0.01300942611059433	0.07368704796540373	0.018499608845316637	0.433355604590752
0.2940132210329556	0.1092948552427071	0.03963149125808803	5.4149734728253796E-6	0.012001459014477009	0.006502222227184731	0.013015157639968716	0.07368835556064293	0.018499397139025098	0.43334842591147776
0.2940112433263774	0.10929463259332292	0.03963167258844933	5.413975461290854E-6	0.012003397441542565	0.006502267100426132	0.013012159907253837	0.07368909847880542	0.01850191217572353	0.4333482024126373
0.29400826753305953	0.10929307779558947	0.039630940585049505	5.412698352899592E-6	0.012004320079532324	0.006502637074508058	0.013012569273278415	0.07369084676096195	0.01850202185276302	0.4333499063469046
0.2940053563812103	0.10929662031380397	0.039631626129013386	5.411862975146509E-6	0.011989919933634546	0.006503643567752571	0.013021637652656376	0.07369032464256725	0.01850605692930342	0.43334940258708265
0.2940138245974404	0.1092893103337054	0.039634125153483586	5.412821043340732E-6	0.011989004547166074	0.006509642175657068	0.01302226053565729	0.07368136368892499	0.018506437388152427	0.4333486187587692
0.2940133466987808	0.10928921780165828	0.03963394429853408	5.410250205936662E-6	0.011987776827167992	0.00650949561961206	0.013023533000016796	0.07367944371377705	0.01850701301363275	0.433350818776614
0.29401265168658375	0.10929015844234387	0.039632221201044204	5.413766458586822E-6	0.011991066251368712	0.006509100738644122	0.013024108340385046	0.07368072209535448	0.018506691582165016	0.43334786589565194
0.2940135258033851	0.10928986730550488	0.03963197498811654	5.412692403283792E-6	0.01199164495183569	0.006506974187768494	0.013025599445182973	0.07367988365405861	0.018506563088581646	0.4333485538831625
0.2940118820637939	0.10929130867026839	0.03963295152077119	5.412276295926888E-6	0.011991066946270959	0.006506876205047002	0.013027332336982222	0.07368009573542708	0.018504483808045966	0.4333485904370971
0.2940132485054041	0.10929158494330968	0.03963185764163952	5.41427102931924E-6	0.011992256609012819	0.006506748095647594	0.013025548843062479	0.07367880159385298	0.018505415315689153	0.4333491241813522
0.29401934348421466	0.10928784926195548	0.03963348201432966	5.413945895052508E-6	0.011991196144517963	0.0065027629240897444	0.01302523566627585	0.07367812767476295	0.018503863077017	0.43335272580694134
0.29401751057397774	0.10928188013500742	0.03963727469109559	5.413806821577549E-6	0.011994360229198794	0.006503431352544928	0.013024279526777635	0.07368279268700222	0.018502478880941822	0.433350578116632
0.29401764969449756	0.1092797839067897	0.03963830753568062	5.410455145307691E-6	0.01199407375575294	0.006503341663120402	0.013024251667302242	0.0736841827697637	0.018503162473982024	0.4333498360779653
0.2940183255292969	0.10928107119298662	0.039634427207747853	5.410948119941028E-6	0.01199282907497358	0.006502637759763355	0.013025350520132442	0.07368747493006361	0.01850213050282655	0.4333503423340889
0.29401789052638294	0.10928000407798273	0.03963445805155061	5.412688765513152E-6	0.011993501979954427	0.006502591414823872	0.01302650301215863	0.07368763089686606	0.0185017708652912	0.4333502364862237
0.2940168051153893	0.10928001971187817	0.03963518543398312	5.411768247226556E-6	0.01199247633764515	0.006502113812866181	0.013027195683797649	0.0736881464296413	0.01850257181529484	0.43335007389125674
0.2940160327085948	0.1092750776227885	0.03963715073800131	5.4103756792628355E-6	0.011984312638964836	0.006505339347082098	0.01302755354966624	0.0736936462444628	0.01849856305623071	0.43335691371852914
0.29401186704171584	0.10927881867851189	0.03963468211583601	5.412831807355412E-6	0.011981637818757898	0.006505664428037752	0.013025309717678554	0.07369423136861022	0.0185034837665618	0.43335889223248236
0.2940110312881779	0.1092814946333047	0.03963726419915804	5.411877268088339E-6	0.011982447919641287	0.00650511270808983	0.013023346266500896	0.0736968322245751	0.018499617699608353	0.4333574411836755
0.29401102266909895	0.10928231245929537	0.03963646487619049	5.411213562775408E-6	0.01198276825781329	0.006504620948515102	0.013023782375303591	0.07369668526914587	0.01849926401953468	0.43335766791153973
0.29401028983327965	0.10928365406831345	0.03963390792594702	5.4124107004699384E-6	0.011983944600654842	0.006505165286793499	0.013025185101670375	0.07369592985366114	0.01850098498798143	0.43335552593099796
0.29400409462123617	0.1092881529302329	0.03963890205103396	5.414969688324889E-6	0.011992738936647304	0.006502175943752769	0.013024036871212966	0.07369224669670624	0.01850732577524225	0.4333449112042468
0.29394133812078344	0.10930870306199683	0.03961103886622129	5.412869393622843E-6	0.012013313352415955	0.0065221739496235664	0.013031142405458204	0.07371203267962412	0.01848388347538263	0.4333709612191001
0.2939387998612495	0.10931010230583872	0.03961164711983574	5.412927140902024E-6	0.012012788742310487	0.006521412825148398	0.013031339110563062	0.07371388185759911	0.01848313625466587	0.43337147899564804
0.29393753145249285	0.10930975527563098	0.039611632991759634	5.413886368363374E-6	0.012011689416087476	0.006523819798048794	0.013033661354927215	0.07371149653835314	0.018482318161609293	0.433372681124722
0.293936375046416	0.10930875361213269	0.03961216656436775	5.41030555901989E-6	0.01201232518759103	0.006524271116793642	0.013033624727398177	0.07371066809273676	0.01848376466201103	0.4333726406849936
0.29393697504979865	0.10930819615600804	0.03961172256470127	5.413303319476426E-6	0.012012194631353543	0.006524697613525712	0.013033219862857395	0.07371071289434826	0.018484123452939982	0.4333727444711475
0.2939294971292303	0.10930536991041323	0.03961577278720014	5.4120597666185155E-6	0.012020331475417492	0.006524336673032302	0.013044056559113754	0.07370329001287611	0.01848644084853089	0.433365492544419
0.29392442050739537	0.10930635530873016	0.03961865802920081	5.412026869419662E-6	0.012020227600188213	0.006525703549157338	0.013043772021890651	0.07370525194094571	0.018486265823128276	0.43336393319249383
0.29392525477012826	0.10930657160179712	0.039618731395253445	5.414382760735026E-6	0.012016102215623312	0.006524416131544544	0.013046549087837658	0.07370384738558376	0.01848743565698606	0.4333656773724849
0.29392797377602575	0.10930512821561701	0.03961883324550239	5.410710268494157E-6	0.012018348985292832	0.006521258395600027	0.013046099794497182	0.07370735577276055	0.018486392115634187	0.4333631989888013
0.29392802339941193	0.10930782305425735	0.039616132433865164	5.412594641512891E-6	0.01201597573202745	0.006522740668708768	0.013044481295411539	0.07370952553495504	0.018486325571141146	0.43336355971557977
0.2939278851224218	0.10930826889737041	0.03961579350770601	5.412116867567485E-6	0.012016104398802852	0.0065238361657099925	0.013043130007113365	0.07371028216192342	0.01848676920770069	0.4333625184143837
0.29396417151200116	0.10931328628045069	0.03960005687379174	5.410970166208617E-6	0.01200407197107728	0.006519358571724421	0.013058291900110208	0.07371793611006858	0.01848006297384258	0.433337352836767
0.2939622192574175	0.10931298860575996	0.039600825499350276	5.4126355133465864E-6	0.01200409476832523	0.0065204730998539295	0.0130576985261502	0.07371907770751035	0.018479293850170997	0.43333791604994787
0.2939615114761216	0.10931282250868651	0.03960118526999889	5.411056013773785E-6	0.012005093861289576	0.006519675896953278	0.01305827725776397	0.07371869205638615	0.018478824038493755	0.4333385065782922
0.29396007453670314	0.10931238704552967	0.03960191678938765	5.411012719905295E-6	0.012006236413546117	0.006518955593227085	0.013057859478582512	0.07371774975787235	0.01847872156977838	0.43334068780265284
0.2939588425453601	0.10931454229530317	0.03960453281843229	5.412247496477951E-6	0.012005033012110741	0.006518682011083868	0.01305483630137394	0.07371764903160806	0.01847827371015437	0.4333421960270768
0.2939566813459846	0.10932464784705416	0.03960977262189723	5.412057593523478E-6	0.011978365176330968	0.006532030773596459	0.013023321425912698	0.07372383597103822	0.01849430158767279	0.43335163119291903
0.29395786290961806	0.10932306821766191	0.0396049358508587	5.41450425758927E-6	0.011973254722202495	0.006537603792773544	0.013022667034789964	0.07372265699108063	0.01849672649550292	0.43335580948125385
0.2939578366034176	0.10932360833678424	0.039605254478365534	5.412539368018776E-6	0.01197407436063476	0.006536887928901655	0.013023142603277207	0.07372175488028661	0.01849696484455801	0.43335506342440605
0.29396086389837445	0.1093219578281681	0.03960267790108969	5.414887412388825E-6	0.011973858393948808	0.0065394782800719115	0.013022002927043863	0.0737188088600972	0.018497229839090593	0.4333577071847028
0.29396071134544294	0.10931785649928058	0.03960129169159039	5.414624121374834E-6	0.011975851685802716	0.006537311627696399	0.013023514608045059	0.07371698224984378	0.01849661722825817	0.4333644484399183
0.29396166751467584	0.10931722758993613	0.039602606814404806	5.410903873723227E-6	0.011976268149032368	0.006535111113178574	0.013023612284141409	0.07371609128823227	0.01849789860310133	0.43336410573942336
0.2939628465758648	0.10931772426859011	0.0396019723671909	5.412058296419553E-6	0.011974714870477826	0.006535855135955421	0.013025413366684307	0.07371517934383527	0.018498324238691688	0.4333625577744129
0.2939560435941735	0.1093189741166144	0.03960510304976417	5.413693166228528E-6	0.011967155225125661	0.006537164817465788	0.013026665265921306	0.07371724104329289	0.01849422072684591	0.43337201846762985
0.2939533214711656	0.10932167098500395	0.03960291903829094	5.414544811455091E-6	0.011967322063553054	0.006538866513631558	0.013025213432456911	0.07371734202512076	0.018493090485881672	0.43337483944008387
0.29395121074225883	0.10931850705049978	0.039604169984460647	5.413782688021285E-6	0.011980812976618224	0.006542788029333793	0.013018824615675842	0.07371324619775971	0.018489938220383015	0.4333750884003219
0.2939539125445618	0.10929882258760575	0.03960634510704414	5.4103467647254044E-6	0.011983180455144252	0.006546417028832338	0.013031198016640155	0.07370954305726651	0.01848991686823638	0.43337525398790366
0.2939568202085402	0.10929817156754366	0.03960705315972873	5.413639554627259E-6	0.01198124388997314	0.006545555088378688	0.013030087469488569	0.07371036620364228	0.0184910439849217	0.43337424478822806
0.29395655423937966	0.10929732900703051	0.039606441176133926	5.410896657495612E-6	0.01198177267390789	0.006546033310661878	0.013030346414313679	0.07371108924231426	0.01849053399083249	0.43337448904876796
0.2939569640032182	0.10929584869340761	0.03960671501507315	5.412168088012037E-6	0.011980766414793995	0.006546813068299809	0.01303026621354679	0.07371058446515769	0.018491766941753446	0.43337486301666095
0.2939528671900623	0.10929449213745632	0.0396058823456851	5.411783527572989E-6	0.01198394423780677	0.006546529606673762	0.013032077616983412	0.07371139550568934	0.018490142205324134	0.43337725737079097
0.293952885427331	0.10929556064879087	0.03960338779103547	5.41041696357214E-6	0.011983816091884661	0.006547478246415869	0.013029998678367502	0.07371250432379996	0.018490628251562224	0.4333783301238485
0.29396126177878257	0.10929409193302544	0.03959466140966618	5.411924385814726E-6	0.011982266564218427	0.0065498095562681186	0.013035599071514484	0.07371629670188287	0.01848898110274226	0.4333716199575136
0.2939618789854563	0.10929414044823185	0.03959443293575763	5.414853156901489E-6	0.01198336894318057	0.006551102488445412	0.01303418900794974	0.0737148410537852	0.018489635238846225	0.43337099604519
0.293960039919918	0.10929440991297674	0.03959803923746451	5.414609563256234E-6	0.01199003907859024	0.006551798754982421	0.013036189375456572	0.07371019511592306	0.018484305707384782	0.4333695682877402
