0.14728074313418682	0.012382233184003374	0.0011330445852689303	5.0905019882280245E-6	0.004834323287073269	0.003069830431482831	0.0048835737791161765	0.00634375362756788	0.2948008966622015	0.525266510807111
0.14694786430963153	0.012256423100029626	0.0012064641114094693	6.224067395185773E-6	0.004777912898341299	0.003525807822516408	0.004999765530569036	0.006753278887728531	0.29434621461208893	0.5251800446602899
0.14685849000727386	0.012386555039472655	0.0012928323824008686	6.284745424425808E-6	0.0046962292401582645	0.0037390140667566546	0.005238053066780726	0.006485610697564273	0.29413956613596764	0.5251573646182004
0.14287247508013157	0.014524058500313186	0.003411006034933356	6.412103163433436E-6	0.006599125536681433	0.004119868598081278	0.008067705354027635	0.0064310636071947674	0.2925944119997781	0.5213738731856951
0.14294009658066376	0.01418696999139496	0.0033474733316027627	4.653624728942485E-6	0.006734085544342211	0.004252429187147397	0.008428243883376124	0.006337748926555434	0.2924829894293622	0.5212853095008262
0.14323186672352878	0.014263573409453653	0.0028087608074223447	5.435720286411927E-6	0.0069614230238859015	0.00379464581282922	0.008401595843308629	0.00652116612058308	0.29266751093978055	0.5213440215989213
0.14296481832345587	0.013717086815948035	0.002566550124847425	4.9987818624697145E-6	0.007325826078413436	0.0035009599257029844	0.008467400853743048	0.006407462900311203	0.29293618535526234	0.5221087108404532
0.14322169163744813	0.013587868271409578	0.0026725449644206534	5.321774467229035E-6	0.007278337200756491	0.003560640230875392	0.00835340570025854	0.006447362295681269	0.29330315715473154	0.5215696707699511
0.14341864478695843	0.013122765276270945	0.0020735974380220595	5.924281767114015E-6	0.00765189304432351	0.0031085344065119452	0.008472623031790416	0.006390255866846606	0.2934618607329578	0.5222939011345511
0.14336959341878952	0.013489828540453788	0.0017979762080149314	5.582999818690149E-6	0.0075661542371740775	0.0034066102854302532	0.008671170205499706	0.006431050434946656	0.29333109204508057	0.5219309416247917
0.14305925996497887	0.014295903234681176	0.0012164099775122256	5.602148158187492E-6	0.007975499024665919	0.0034123634904506678	0.008601222062050662	0.006406931822942399	0.2929939139518214	0.5220328943227384
0.14389385376800656	0.013677164646796733	0.0012758569480353088	5.807873191363E-6	0.007464272491723059	0.00332396065420619	0.00823181319207715	0.006820919453683641	0.2931080811362739	0.5221982698360059
0.14412951795130535	0.013617817959666587	0.0011014491377813324	6.541044600447132E-6	0.00740749525542532	0.003281514846469588	0.008269349684533286	0.006770588281450607	0.2930840167234959	0.5223317091152716
0.14335786793684252	0.013193287200125317	0.002302490742241717	5.321925427057006E-6	0.008234600698656905	0.003617208425040458	0.00674783442265646	0.006485356921085941	0.29384830405337276	0.5222077276745508
0.1438576923466517	0.013274795058176872	0.0020728406730366328	6.088943990054108E-6	0.00843318386963375	0.003512336840612626	0.004861255442930243	0.006542835305129821	0.2949436714952515	0.5224953000245867
0.1424514381431205	0.012555554484372913	0.0025789534955674293	5.441617275933619E-6	0.009739832478674368	0.0035914671508914947	0.005663705122264259	0.007496368962834052	0.2926949962094177	0.5232222423355812
0.14202681061794775	0.012734439639382963	0.0022392606745417626	6.473921515717795E-6	0.010473997590706094	0.003957737987949225	0.0060491865692948316	0.007179360997700404	0.2924113499288426	0.5229213820721185
0.14096110402550754	0.012218414652713297	0.0011398070264251048	4.910816517086913E-6	0.010535842158163403	0.004355302528725027	0.007820975596777899	0.007169646991285986	0.29111195996466765	0.5246820362392168
0.14103551686019022	0.012289709920810896	0.001724051244830424	5.802692730663694E-6	0.010193623384706404	0.004208581866533043	0.008038562200911523	0.007012824733757736	0.2909809773586863	0.5245103497368427
0.1405685425788496	0.012450405204435896	0.0021979136111120318	4.613998697153288E-6	0.010315284423585855	0.00418759170252421	0.00766111224879977	0.006631545581155182	0.2914839146553487	0.5244990759954916
0.13995523940324234	0.012355014340429946	0.002541570776366825	5.232987130704414E-6	0.01003445176886858	0.004035517111792369	0.007707328703806665	0.007278417237576856	0.2918757000895573	0.5242115275812284
0.13997524594939348	0.012355811401219205	0.003045876111549023	4.6184469480042845E-6	0.009115144652444132	0.0040949726558600075	0.007018279537404928	0.007554010678798906	0.2926262253002421	0.5242098152661402
0.14005244580047982	0.012197107516607075	0.003026513283957158	5.269306233471327E-6	0.009504082239892964	0.004127159782723058	0.00666181433486078	0.007756181125245287	0.29237444786969924	0.5242949787403011
0.1393643835991441	0.013496662802559359	0.0021670033123123295	5.3800957846433795E-6	0.007857888362753335	0.005314301709679697	0.009072861426767595	0.0066782916294720746	0.2912190359597001	0.5248241911018267
0.13931534368230414	0.014020076546280777	0.001533460405982054	6.085309873629652E-6	0.008789674967591102	0.005789462047053814	0.009522396116862342	0.006712308089826938	0.29030309485865674	0.5240080979755685
0.13992200660419435	0.014713253475174368	0.0021686042825747875	5.025829100446799E-6	0.008237263189231667	0.004549526424228276	0.00954131035094452	0.006671942504971148	0.28971695823489224	0.5244741091046881
0.1398005854315575	0.013440285790199583	0.0015906123978872283	5.33023366756924E-6	0.009200612767686425	0.0039497744451832545	0.009403191665767821	0.007244566266108185	0.2904733738958864	0.524891667106056
0.13955984972654684	0.013379439913866573	0.002082686999589564	5.092067861603433E-6	0.00933399995113994	0.003945543875519444	0.009448443827778069	0.007226000007565042	0.29030485951246693	0.5247140841176658
0.1398524548814576	0.01308839332977764	0.0025610682811874758	6.410059915737398E-6	0.008992841518646558	0.0036473024318194325	0.008825514566147039	0.007384159232138962	0.2912196932445261	0.5244221624543833
0.1401640614619042	0.013499814704947696	0.0023896197050832374	6.557615604432798E-6	0.00829673582331801	0.003691811792994895	0.00883158553868725	0.007311138720716467	0.2914577834278346	0.5243508912089091
0.14001274375615458	0.014243906118387953	0.0023463215311210345	5.033799968620634E-6	0.008359349726590734	0.004169066351972214	0.0076989142081390766	0.00745265924175624	0.29154097154721614	0.5241710337186934
0.1358522259866609	0.012923493868629107	0.005391472259708832	5.2130203437722455E-6	0.009015603139336678	0.0058861313388010456	0.008512928422237928	0.00861472012352378	0.29008650251685547	0.5237117093239024
0.13551297254502354	0.013455790200225734	0.0018089572058932052	4.754214672317292E-6	0.010559286819983929	0.004134942681642398	0.009826272568761826	0.016040020980172598	0.2841215281422202	0.524535474641404
0.13652582046982048	0.014512422541431494	0.0017461738767652751	5.233124079254137E-6	0.010210970555765045	0.003427056308678178	0.009596395829944426	0.016793804705685297	0.28280626637311407	0.5243758562147166
0.136396286822294	0.014774242720849748	0.0015869326564904168	4.831683199937875E-6	0.010421926598960837	0.0035206465461751213	0.009076331685347439	0.017065320147271842	0.2828735770868709	0.5242799040525397
0.13644616499919654	0.01491321733197025	0.0011480439346569365	5.259667900062159E-6	0.01089864914746401	0.003302904037773405	0.009420497002196451	0.017477597556898608	0.2825859964254828	0.5238016698964609
0.13691772163148186	0.014788041721693998	0.0010598832338979403	6.505928971667352E-6	0.011655521524434345	0.003120743631331635	0.008759986314931398	0.017823467624288533	0.28224126270882854	0.5236268656801399
0.1335865267258322	0.012337944563130795	0.0014820654487861656	4.563863671633306E-6	0.01210168376811753	0.004128207034564749	0.009401065823286495	0.02010298513205086	0.2833096054552652	0.5235453521852944
0.13376149731446257	0.012275691019331306	0.001063012568304031	5.987152642980553E-6	0.012501025086335396	0.003763861862621745	0.00987854388882392	0.02007671266617332	0.28277800281859694	0.5238956656227077
0.1318475382276934	0.013793734060685806	0.0016723953382943163	6.199072685328377E-6	0.012025639018884912	0.003730753794953162	0.011963809847753692	0.02045388258518735	0.2821750207633088	0.5223310272905531
0.1320620808374408	0.013345014476519548	0.0014539083169888833	5.816664256474979E-6	0.011769587961357311	0.004091218404663977	0.01182794784430867	0.020400021903244636	0.2825578029331584	0.5224866006580612
0.13283308001031208	0.014519053962716563	0.001372834985859897	5.055768845060871E-6	0.009534314655639822	0.004140201002486146	0.010685543852916243	0.020686400494704896	0.2828473055808623	0.5233762096856569
0.13242835628415417	0.015805173657274033	0.0011359643131450409	6.176626118334361E-6	0.010592595748430064	0.003968651168184359	0.011391422717672434	0.01976813405913841	0.2819019646387692	0.5230015607871139
0.13253490863769068	0.015527161066550041	0.001504076541537891	6.310777867238326E-6	0.010779494467766979	0.003924078080486129	0.011224688947865089	0.019111839226212277	0.28198539387308336	0.5234020483809404
0.133116995913878	0.015271421403535337	0.0015563692469249685	5.220524707680307E-6	0.010900658774041824	0.0037508443816782616	0.011666650705673534	0.0183145012026643	0.28119977639842925	0.5242175614484668
0.13327920888552408	0.01651670048391743	0.0011192406121593168	6.450190267015543E-6	0.010792518288597161	0.004029109782706514	0.010943705830688544	0.017702071819499815	0.2817621447661403	0.5238488493404998
0.13330038360123186	0.016967859801222812	0.0014068159140533387	4.810334828200813E-6	0.01047931567958968	0.003892034491489532	0.01079031375091613	0.017895120737609307	0.28128805344411517	0.5239752922449438
0.13423054163583492	0.016981708433143963	0.0013759957847537252	5.392468349241231E-6	0.010595047410718691	0.0033564746777472593	0.011153364351384032	0.01854194991649097	0.28031089249008995	0.5234486328314871
0.13318007783172764	0.016388688289127942	0.0014147069582182148	6.229785005376631E-6	0.008814512319816378	0.0052346621548408495	0.011704702940787154	0.01815434164530781	0.280655292718608	0.5244467853565605
0.13333948733301215	0.01595121150692512	0.0012405334445928368	4.664866608883322E-6	0.008487028427272461	0.005022831872943764	0.012197310491016952	0.01836991978072823	0.28076851443915535	0.5246184978377442
0.13375663605208038	0.016670198744834205	0.0019024324401675646	6.025345776913826E-6	0.0077102763403984476	0.005319319047146179	0.011156761754991806	0.018622457444609344	0.28082911716486114	0.5240267756651339
0.13393534593881834	0.016269283262528036	0.002511977386598349	5.0328187328058105E-6	0.007838556229385257	0.004316065445679293	0.011266494607155217	0.01891172769422428	0.28131510469898185	0.5236304119178965
0.1346805709501484	0.015073805591126019	0.0037233147061161015	4.5685197099382124E-6	0.006283626433549419	0.003539453738704776	0.010804394940085851	0.019255472512422656	0.28204290783396424	0.5245918847741724
0.13470596193822415	0.013718378450198063	0.004550380377469701	4.6923488356970244E-6	0.006897825219587164	0.004206869779035796	0.010404008858390476	0.019517512812379997	0.2824469975047315	0.5235473727111474
0.13498588987017335	0.014045494065243164	0.004743352995504019	5.9196592761406874E-6	0.006763136040291537	0.004028326725572073	0.010200319425668875	0.019651602070885787	0.28199342488058116	0.5235825342668039
0.1334009086521541	0.01306038387971907	0.0050075277814957825	4.533189192648668E-6	0.006363149994145292	0.00398807773173572	0.011194157637001226	0.02005266197841471	0.2827321577813807	0.5241964413747606
0.13369643470475634	0.01281664228456815	0.00510427746400316	5.833858855885943E-6	0.0068270337111553114	0.0037955765083591275	0.011042973476945578	0.01979704939134176	0.28304766850651936	0.523866510093495
0.1352001587942286	0.013179519394714664	0.0033219884894588186	4.713777795053997E-6	0.00687436809196422	0.0034793007567150563	0.009785637780562698	0.02064640020518084	0.28265157575467426	0.5248563369547057
0.1353025096304411	0.01299501596792435	0.0032397202665666314	5.079991501191761E-6	0.0060216812399360164	0.003579700833102828	0.008836329274305721	0.021897413031652282	0.2829986759836208	0.525123873780949
0.13493879567281003	0.014071609966836776	0.0032927298244359443	4.967140958447858E-6	0.00790846043096001	0.003827604550704994	0.009285003006123116	0.020417844779086494	0.2815922963813623	0.5246606882467219
0.13442393395922808	0.013958594425249715	0.0020844934572427642	6.157896902822535E-6	0.0076743696200952255	0.005557077584154926	0.008779025470128113	0.02190044186271224	0.2815441000836214	0.5240718056406646
0.13216862030793025	0.012960183980511339	0.00261679036680125	5.231923221951651E-6	0.008970464037828293	0.0056138965764734455	0.007604729035653082	0.02317761382797444	0.2829267735727859	0.52395569637082
0.13258659023463976	0.012909419173036563	0.002789922017517779	5.89477362405999E-6	0.008864016267500427	0.0060352553566991735	0.009292007767959548	0.02275611009964569	0.2818146074335238	0.5229461768758531
0.13213213995956552	0.013102127078792727	0.002775143851008924	5.275691820294526E-6	0.00913917535574997	0.0059875235795971565	0.009190108601448851	0.02261671981090531	0.2821311687955026	0.5229206172756086
0.13183186484167875	0.013180981750348639	0.0023962995415651306	4.5206882433312945E-6	0.00951575096145589	0.006391529768123502	0.00918808478507839	0.02229358215947662	0.2825768918143507	0.522620493689679
0.13081731748038272	0.013424090068422406	0.002751554129786171	5.204115389706443E-6	0.009660799022481514	0.006906571469977113	0.009510482634207451	0.02247481244557721	0.2816656611376042	0.5227835074961714
0.13159757903678693	0.015020928805602393	0.0022568253722594217	6.296594862273408E-6	0.008310785775213742	0.006510537025688684	0.00951401507243367	0.020645914225947984	0.28219861263335627	0.5239385054578486
0.1319605053277837	0.0148475471948714	0.0019728019260090296	5.3048635678260014E-6	0.008794548011504297	0.006361779822946709	0.009411713038801756	0.020684511872167063	0.2825966436928369	0.5233646442495112
0.13210599602041617	0.014597543620414696	0.0018413577778002982	5.369004620101037E-6	0.008717880482830051	0.006320065217017931	0.009508719579208194	0.020711658269209746	0.28263062498417635	0.5235607850443065
0.13266402154620516	0.014291738706518106	0.0017406829209120622	5.482963457759116E-6	0.009179684650524905	0.005271612406615153	0.009467396910835521	0.0208706868549261	0.28194646896631176	0.5245622240736935
0.13264658811392627	0.013988899347136888	0.0020870727480534895	5.845051414668512E-6	0.009263121286915157	0.003958860023927188	0.010004873689995045	0.020952235482827805	0.2822250099775676	0.5248674942782356
0.1317267492710671	0.01265095235884818	0.003043805228070781	4.650293735683486E-6	0.008506765540294683	0.006391036106753303	0.010034828164825427	0.022424035020394514	0.28119162899788547	0.5240255490181248
0.1311934162489597	0.012403839326758134	0.002948373815639005	4.9644104062746E-6	0.009025135044281915	0.0062348488173352284	0.009133698065234064	0.023279401861588125	0.28119363498485855	0.5245826874249391
0.1291652159336012	0.013479658072292608	0.0031344226953850113	4.738542343965535E-6	0.009496200614469097	0.006300782582175438	0.009649949690500731	0.024210401689505195	0.28041726835095077	0.5241413618287759
0.12946293727709246	0.012362051525899961	0.00377338147988808	5.172292109736909E-6	0.009673043586198762	0.005772855265553364	0.009597767867957782	0.023380057395120654	0.2808938826301986	0.5250788506799804
0.12924998159466583	0.012210918656073391	0.0035978428292585823	6.444397667088042E-6	0.010501927471171818	0.005427626135255992	0.009517826939490562	0.023173588490739735	0.2808987775798233	0.5254150659058536
0.1291187911534843	0.013060850282207326	0.00292306604639099	6.20517914097507E-6	0.010767361305719744	0.005393977326126995	0.009235822617290057	0.02325274461000562	0.2813001657318329	0.524941015747801
0.1309591254271451	0.012746725901807407	0.0022979274094125784	5.651885763444109E-6	0.010666746922817952	0.005794693757622496	0.008972482782433025	0.023090899060430728	0.28084829717450327	0.5246174496780639
0.1474754369812248	0.02365893277415511	0.00669539643901311	6.087713747812695E-6	0.005244407764431788	0.014791890349493672	0.02459755675744442	0.02475009027289095	0.25253806676057033	0.5002421341870279
0.14728755609550495	0.02359637718508159	0.006656081504325451	5.54967074684054E-6	0.0047863846911373464	0.014476538212580173	0.02476809670015563	0.025210044822367814	0.2524534501103543	0.5007599210077458
0.147495561325343	0.02362949883475325	0.005869165022966666	5.026878298425297E-6	0.005477127263491949	0.013128700211288494	0.02507774268336445	0.02697435099441753	0.2517104981393831	0.5006323286466929
0.14900560469118673	0.022057198472174425	0.004747772091077254	5.666406958884651E-6	0.006363843495147001	0.014364590079527936	0.022235003286231556	0.027050893544504462	0.25491110302353603	0.4992583249096556
0.14954524965107333	0.022228411300546952	0.0047402010998646715	4.957338816835577E-6	0.006421469545132133	0.013855229590266235	0.022148533883284957	0.02617640191017645	0.2551539926411043	0.49972555303973404
0.14929803960587848	0.021004481632662317	0.0029326184243516767	4.451388058421268E-6	0.008227081411222179	0.014058765391870107	0.025366466154384107	0.027262153002462416	0.2515155901169985	0.5003303528721117
0.1496132032493706	0.020707081310782624	0.0027417050547996064	4.495916548566403E-6	0.00787364745914286	0.01352627916512221	0.025376227423904926	0.027673332369510847	0.25211324107311966	0.500370786977698
0.1497530205155426	0.021519364460964877	0.0011920102039872926	5.5860395469925495E-6	0.005183566799689454	0.007353262275562558	0.02762069677516296	0.031204899917910575	0.2570456761108968	0.4991219169007357
0.14579627361776928	0.023506081153792074	0.003322213090334661	5.497069450577374E-6	0.004917036748848788	0.00694454632939738	0.02864595367290336	0.032907700448672736	0.2551341719113641	0.4988205259574669
0.1454835780364859	0.02312943150065508	0.0031733463527226086	6.108047027289509E-6	0.005458146710508552	0.006023502067278683	0.028268360646916096	0.033250358578468434	0.2547094652689412	0.500497702790996
0.1463575370154448	0.023806049470611726	0.002891360964203185	4.791268014212036E-6	0.005561159139817626	0.004422198974212241	0.0289321213757137	0.03251185358891702	0.2539463268649763	0.5015666013380892
0.14630538149172567	0.02225535628853427	0.0033916974185324716	5.975140540195878E-6	0.006752767667755705	0.004757681448911977	0.028749093734217482	0.032334499598697955	0.2544332837709199	0.5010142634401642
0.14602201925243435	0.022196330070108586	0.003430478963355618	5.88361606519705E-6	0.0065235603628055056	0.005153593488726807	0.02932475232729434	0.031965720073701936	0.2541713935015036	0.501206268344004
0.14705782804349032	0.02179668987164954	0.002630568557724991	5.961195849835121E-6	0.006343900974225186	0.0033931823328406108	0.027152692772169446	0.029878919376889967	0.25776205060627966	0.5039782062688803
0.14798080250031853	0.021502992838257975	0.0014123359455261025	5.419608059983871E-6	0.006199664493291318	0.004378287055069485	0.027834465728540356	0.029773176455789155	0.25732542708440026	0.5035874282907468
0.14784593942235602	0.02161338559273919	0.0019422542681954286	5.488947153173274E-6	0.006405314563846479	0.003885475127110613	0.027983336122720817	0.029711070306825113	0.2578950230733181	0.5027127125757351
0.14838043851516397	0.021658500457128096	0.001503244191428374	6.4762983538607655E-6	0.005604821585679251	0.004124580651871282	0.027909478390702055	0.029969653322313106	0.25779847637794734	0.5030443302094125
0.14845563039304344	0.021362179748531746	0.002048588815793992	4.462347639747066E-6	0.005150595938636218	0.004679430116545161	0.028422247281227817	0.029707450975979433	0.25775108605884817	0.5024183283237543
0.14844256561711464	0.022004233531638023	0.002769270824702713	5.268771088084989E-6	0.0052772486804047725	0.0037791638535445704	0.027306222982392755	0.030335842098108204	0.25806743729793347	0.5020127463430726
0.14787278124461795	0.02224269952002024	0.0029620014896651337	5.070770999412999E-6	0.00611452652104752	0.003542081664623012	0.027495213219938877	0.029657935415192002	0.2578768222261468	0.502230867927749
0.14824265211958634	0.022328341009304323	0.002751808429845612	5.718399126539153E-6	0.006208670227687604	0.003492431075201488	0.026870307130086535	0.029936847975348235	0.25814761723242463	0.5020156064013886
0.1486712248936673	0.021224574250409592	0.004118307919847339	6.02084805516323E-6	0.00707076426328461	0.0033540737505978607	0.026228587983995105	0.028918243189204343	0.2576784383345625	0.5027297645663761
0.1487752541503985	0.021279574856372732	0.003735535713670593	5.795052346269092E-6	0.007281462124511168	0.003070090034066081	0.02618988079508125	0.028560428437862898	0.25762975144198047	0.50347222739371
0.14804770777051185	0.021410300348830333	0.004218161395469669	4.881557325711605E-6	0.007250840416869506	0.004760505629587505	0.026311776381446175	0.027404719480374443	0.25771052701689606	0.5028805800026888
0.14876888351309475	0.021071745745809653	0.003987956397006956	5.8056701988246084E-6	0.0059624854937956745	0.0042476572618410785	0.027162920691288325	0.027539279116893287	0.2578402299950848	0.5034130361149866
0.14967630029808532	0.02207774300196877	0.004183748313993832	4.7808656884335E-6	0.005347646716498469	0.005026410592004954	0.027355490246890393	0.02774334952550686	0.25736385381416954	0.5012206766251933
0.14847175135973434	0.02225238098184261	0.003227812521833087	6.2679930240699955E-6	0.005952471253934097	0.004991063796675313	0.027189889798192687	0.02931817243507749	0.25678280413540683	0.5018073857242794
0.14895169506826675	0.02195189411726879	0.0030727066243858153	5.060856262034674E-6	0.005720948271372289	0.005188604509903327	0.02731442789045775	0.029336258885255942	0.25618013854542465	0.5022782652314025
0.1474157773666211	0.02160257941636097	0.003110484681379297	5.6759290896074566E-6	0.00718454749630891	0.005350733998433679	0.026846758288065334	0.02940162311067554	0.25660115367750935	0.5024806660355561
0.1474039359248936	0.02135187599556944	0.00363220579864941	6.498847929858886E-6	0.007464060528947311	0.005300218680078642	0.026059210253333367	0.030281099733834888	0.2561141127665795	0.5023867814701838
0.1481658757536991	0.02072079337187517	0.004032549571995989	5.630793495900455E-6	0.008010157853663422	0.004675523997580991	0.026020690418624273	0.029749162630694173	0.25650747033657706	0.5021121452717938
0.1496472360494257	0.01992536612619479	0.003895070802950859	5.871508852256513E-6	0.007877199370727589	0.00397704707841777	0.02690897601862978	0.029755863598656354	0.2569769527021848	0.50103041674396
0.1501157586549346	0.01940776731768863	0.004559153346725339	5.487726008709948E-6	0.007908112314384055	0.003580203477464808	0.026801833725082602	0.03007049086839443	0.2565037773067648	0.5010474152625518
0.1493212230927558	0.01902462063749731	0.0052567436986785815	5.708311071120353E-6	0.008982343980722257	0.0038904401010402406	0.026044560273918382	0.03020496036572763	0.25663461148615213	0.5006347880524363
0.15035132817548813	0.01925600972379335	0.004090233270933094	5.5331200304181705E-6	0.00783787873235868	0.0032892932586443685	0.024393504715491024	0.030164356252141963	0.2592993512870358	0.5013125114640831
0.15022797127159176	0.019378200339709675	0.004017311053620867	6.366296768103852E-6	0.007331723958419731	0.003157650643892576	0.024511989335149628	0.030515689548515287	0.25937219843715525	0.5014808991151769
0.15018915428731344	0.0195148824496877	0.004034444353058733	4.445793159793543E-6	0.007320607752454494	0.003032981296947901	0.024691307936356585	0.030468269982072818	0.25934966526895953	0.5013942408799889
0.14967870078227236	0.02141565411334835	0.0025500441772766946	6.508197671770133E-6	0.007380158365718828	0.004288447250233682	0.024114899283576394	0.028688618268681007	0.25844734798682145	0.5034296215743994
0.14942505256661998	0.021376436604353413	0.0028980043343240086	5.8881548776063E-6	0.007077676064338581	0.005284777196421189	0.02359966309106694	0.0286445594108361	0.25819105767442346	0.5034968849027387
0.1491274667681997	0.02118803166907819	0.0027262714163848456	5.137422054962704E-6	0.007286875232899684	0.004963749342618798	0.024149752024937465	0.029067668728416346	0.25832161339834897	0.503163433997061
0.14880480901809268	0.020995316335968864	0.0020819451014631174	5.829630727149926E-6	0.007397713786682997	0.005800480040011435	0.02369293536862417	0.02910968350187826	0.25875709606575015	0.5033541911508012
0.1468239524040244	0.018976847923567866	0.004355924068261782	5.157278581996438E-6	0.007298887217054129	0.006791665887192627	0.024896265139583956	0.02779001135161563	0.2588326513475994	0.5042286373825181
0.14672848860094384	0.018975112179699063	0.004455336519197689	6.465263198640603E-6	0.0072905076093683074	0.007170897195450804	0.024615446714318576	0.028133832846396797	0.2587691142966345	0.5038547987747917
0.14629640429365948	0.018281498651298092	0.004052798781443587	4.482659154342317E-6	0.007323314860683466	0.006269494310869872	0.024356693712951807	0.028109214777968086	0.25958372793019674	0.5057223700217746
0.14522569377943068	0.018119219642102183	0.005019592101450393	4.988897101654288E-6	0.007000324699300453	0.00618374192693967	0.024172764127883425	0.02779559132156098	0.2600350671915417	0.5064430163126888
0.14516228147671284	0.01782734697171419	0.0048063881806155034	6.419015711453535E-6	0.00754438262260794	0.005981703499220073	0.02398925893575625	0.027966939217719228	0.2602331816175753	0.5064820984623671
0.14672612564724	0.017497342930924087	0.00291632781798129	5.399485866530718E-6	0.009280249507524485	0.005173698212932287	0.02558269498632633	0.02710908221037324	0.25992514245893383	0.5057839367418978
0.1462397462095277	0.017486940361885042	0.002940303269227118	6.333455365617469E-6	0.008794662399391057	0.005205742330272378	0.025426063985011974	0.027577829987646824	0.26012400943740344	0.5061983685642688
0.1467684491043862	0.017840002547092587	0.002434355441967642	6.503914028940794E-6	0.007968825007962324	0.005215039890024281	0.02585090291235556	0.02789531697245863	0.25950630308802225	0.5065143011217016
0.1438682579081626	0.019545912583983166	0.0012794039090073678	6.282513721714289E-6	0.008836594202570852	0.006617498744837053	0.02434264997901575	0.027865448533325857	0.26233574702758583	0.5053022045977896
0.14359003390709757	0.013855623246409196	0.0026556285387677597	5.488767173586484E-6	0.00709386925096013	0.006480599339965573	0.025406965746782792	0.028830589111670232	0.2676232052565641	0.504457996834609
0.14333003686559814	0.013894396238670156	0.002801855214695989	6.184787977328576E-6	0.007215243351686232	0.00642742570962819	0.02524114369275339	0.028538727660726612	0.26770504950715307	0.5048399369711107
0.1427067205267044	0.013896281367500818	0.001909095143315609	6.461183429729012E-6	0.006783296920897047	0.00592962707253214	0.026228278542737335	0.029310649175897624	0.267618399340741	0.5056111907262443
0.1427437852977248	0.013704702216725928	0.0022614818955831173	5.453199014904264E-6	0.007115305525788762	0.0066126510448243775	0.025911649099850956	0.029177295672983286	0.2680192615836474	0.5044484144638564
0.14314098539588718	0.013506659873505508	0.0018914700081192476	5.007428296774363E-6	0.0070927553792039105	0.00706907590611093	0.025317117276163106	0.029054350482172656	0.26820904032489007	0.5047135379256505
0.14317105090176352	0.013664095234656573	0.0017688958849477743	4.6101166582129816E-6	0.007202215719686975	0.0069404483383836285	0.02493741528239074	0.029116325089323283	0.26847365462156814	0.5047212888106211
0.14349323043036616	0.013757188640989376	0.0016839663938147537	5.62090936247206E-6	0.007581161493532898	0.007116489855134259	0.025186846857995174	0.02864311062558267	0.2686440972894366	0.5038882875037856
0.14328879322075153	0.014031206538196714	0.0013161512990251673	4.519547650114197E-6	0.006226645075969886	0.008089140402847958	0.02692463304426161	0.030510425433038682	0.2698683114269547	0.49974017401130344
0.14295534866943038	0.014685139098986	0.0022200238960099067	5.257595169991247E-6	0.00585567288246544	0.007335364221202664	0.025570252673087768	0.03319629364488064	0.2688003350267463	0.4993763122920209
0.14156427068298988	0.015515289719440925	0.0028733470463060823	5.333437210916503E-6	0.006434062801940074	0.006877929883567183	0.02569730566226565	0.032967932214801404	0.26867963682917995	0.4993848917222979
0.14299274817833302	0.014691766235410991	0.0017891019588378854	5.903029640638713E-6	0.0050268683471542674	0.007879059451703974	0.02493730469947518	0.033597255432788645	0.2689450796380253	0.50013491302863
0.14713409620902196	0.01554063120416875	0.0038849753466927567	5.032749641142864E-6	0.005476249200541336	0.008189916017612833	0.018526129602520355	0.03148853311637799	0.2692775889011992	0.5004768476522236
0.14685464868037956	0.015225558180181925	0.0038869807730823325	4.704044896705617E-6	0.005827323158325459	0.00828473057882459	0.019264050031688185	0.031234896508657364	0.26933518140806867	0.5000819266358952
0.14631947471935647	0.014898672267622565	0.003534551122150731	5.616868137464648E-6	0.0064161883340027315	0.007740582971713789	0.01848117385836273	0.03185812267625869	0.26967693046282937	0.5010686867195653
0.14595556528710024	0.014486489795467614	0.004265963982451368	6.098423825720567E-6	0.007553661585174912	0.007322287196921309	0.018599630282550225	0.03219276656518026	0.26890511834807107	0.5007124185332572
0.14633589262582386	0.015557862275536669	0.004436045560622992	5.998714814381412E-6	0.007518560411464259	0.0069649587064715135	0.018478030466592507	0.03139267659128643	0.2675114553712057	0.5017985192761816
0.14579578443482047	0.012789178928139494	0.0059837721339591615	6.103210634933465E-6	0.009219654034865021	0.00727651093032336	0.01781336890677787	0.030787935650585532	0.266257859061672	0.504069832708222
0.1460241450642797	0.01326090016021031	0.0065029155011180895	5.216919473277626E-6	0.009412643054194925	0.007047245597501195	0.016751498411734983	0.031001085573285514	0.2661983009120975	0.5037960488061044
0.1467701969538317	0.012741745381442682	0.006108823473977676	5.610266178693313E-6	0.009729678300914854	0.006369170440676433	0.017299798918741047	0.03057251988428883	0.2666451492794415	0.5037573071005066
0.14497412721943936	0.01323211457428991	0.006103338009108283	5.013251896099358E-6	0.010788605820369973	0.007523027112526268	0.018024143461428346	0.030170264500174612	0.2666249418935992	0.5025544241571678
0.14479757371706384	0.013783704272293654	0.005461782849311023	6.095976733580533E-6	0.009595091823561483	0.008326510648420604	0.019132794244902315	0.029356675615923977	0.26606380909831495	0.5034759617534744
0.14513155018860674	0.012927605972640838	0.005316084278921593	6.112483362560872E-6	0.009198716612932381	0.008263997124311459	0.02039854908129378	0.02847735330909032	0.2671439929793486	0.5031360379694917
0.14515355079854977	0.012887063543128255	0.005655368985174283	5.448290392159882E-6	0.008684458470304232	0.00781946548450159	0.02008155820413894	0.027833099424061494	0.2672659889448357	0.5046139978549135
0.14429635272322555	0.012477700615792953	0.0011297790769736193	5.966684713254455E-6	0.008252392766850622	0.011288794552786655	0.022695072003192734	0.022320750722848906	0.27332406545760046	0.5042091253960153
0.14417370037078198	0.01239557595074374	0.0012122272536971984	5.317002815821703E-6	0.00822114415040455	0.011270717561417745	0.023039771767146625	0.021818436511728836	0.27328429078203537	0.5045788186492282
0.14420987930334073	0.01246046576609948	0.0012170257933642181	6.358806273018547E-6	0.008574506451365607	0.010810438993762064	0.023434424195896822	0.022114817047805116	0.2728839586639453	0.5042881249781476
0.14285425164059734	0.012507727585414644	0.0013295594854027815	6.3784171228375985E-6	0.008333326328553922	0.010872537304088423	0.02352168501821665	0.02373218605420424	0.2721368707859581	0.504705477380441
0.14289628874848753	0.012249091132875131	0.0015423255248793871	6.327388412621926E-6	0.008482662100869509	0.012159300702458117	0.02325788755897122	0.023759648209226616	0.27104121920442314	0.5046052494293967
0.1423264077585095	0.01301607680046274	0.0016251037711570299	4.442618923336528E-6	0.0085592815020272	0.01195110676211214	0.024087228659219057	0.023718337718473675	0.2706075879643376	0.5041044264447777
0.14218200167501682	0.012817010738191803	0.001157744544791825	5.375155053263803E-6	0.008412934070748418	0.011641866401790033	0.024200561914872742	0.023461643742190855	0.2712229641396919	0.5048978976176522
0.14247789155193974	0.01335812100604672	0.0022991460780402706	5.282625758343262E-6	0.00872369512568999	0.012356886912940984	0.022136336734701514	0.02406088002259285	0.27086375108777283	0.5037180088545168
0.14202448258942196	0.013600826391204399	0.0016175507698269614	4.623748901519398E-6	0.008861749814448636	0.011797203229219275	0.02201928605892696	0.025428993420910193	0.2711075697110512	0.5035377142660887
0.14197798460278804	0.013486016988687441	0.0018346194409466082	5.5016204107555255E-6	0.009338664175796	0.011642190298883179	0.021991662417417138	0.025405158760500007	0.2703317442218647	0.5039864574727061
0.14154745160825022	0.014473484313973023	0.00123780886380985	4.9588940306127816E-6	0.009543418268889159	0.011579554121155702	0.021953985288358194	0.02505192426869951	0.27070776366706584	0.5038996507057678
0.14187040279855925	0.014919041695576465	0.0012303389483713928	6.131446111140582E-6	0.009453173009877983	0.0113745610387425	0.022443714343953244	0.024612159904458322	0.27050323501498647	0.503587241799363
0.1417652755936124	0.015268447015827954	0.001984077918631963	4.5704492836057264E-6	0.009026088580963224	0.011864255011565628	0.02166423292008335	0.024903326840280585	0.27096119371038613	0.5025585319593651
0.14192308655403246	0.015455384984926893	0.0021305548202789765	6.393546767943792E-6	0.008532747860733117	0.012101420244910857	0.02140363061751538	0.02479095425330767	0.2708736314062062	0.5027821957113204
0.14564800325445357	0.016972999779566525	0.008628743135466091	4.941706574737581E-6	0.010646420801594128	0.01608052979072333	0.013594568619146347	0.018768415116213008	0.2670890761556553	0.5025663016406068
0.14545488528269035	0.01698397220158622	0.0086649600421696	5.089104344394024E-6	0.010108850332789299	0.016692361637860115	0.013459010371499922	0.01870010734793047	0.26712761586914674	0.5028031478099828
0.14538241669627144	0.016948812735644594	0.008051314623528746	5.001901471582415E-6	0.010431708318492536	0.018149748536279278	0.013571451144361826	0.01856805652680167	0.2668320031897906	0.5020594863273576
0.14487238291198914	0.016985626069630916	0.008084938588814303	5.899510455278922E-6	0.010766841673731833	0.018212821272514362	0.013506416390765344	0.018518494062790797	0.2670881224168322	0.5019584571024757
0.14447954544443176	0.016907452936975806	0.007570176383112387	4.590202081919403E-6	0.011076704562989884	0.018595617206620785	0.01370866141438444	0.018868660174192073	0.2668949268053245	0.5018936648698864
0.14010727677770612	0.016775913542585105	0.006336500015534943	5.473317789481125E-6	0.013256104422456477	0.02040573938802713	0.014222022483578026	0.021142239795048312	0.2678952340246724	0.4998534962326019
0.1400775735850353	0.017371030555348874	0.0067559585707179515	5.032907743382498E-6	0.013252808510957462	0.01995390329072444	0.013966835897434512	0.021618412262640357	0.26680996681915886	0.5001884776002389
0.13967770042121563	0.01734735324468953	0.006056028533451288	5.345712050436324E-6	0.013170175259071132	0.020232709235038934	0.015027481287536643	0.02190168984574259	0.2660825907580351	0.5004989257031687
0.1399664019662098	0.016914196737534082	0.006498185306122575	4.676416942128725E-6	0.014263966198999112	0.02016994220128024	0.014157117196565427	0.022017873250958567	0.2656281340649169	0.500379506660471
0.13925677447091422	0.016780906863079342	0.006495452193416185	5.683126487507351E-6	0.01450519817916425	0.0203649096417646	0.015107310214253808	0.02172565078120746	0.26540109243057786	0.5003570220991347
0.14119107268508121	0.01555005525667516	0.012017756968481036	6.521792801181259E-6	0.009510492750088986	0.02468544547385365	0.01691737457402072	0.019122804200668822	0.26133760384242205	0.4996608724559071
0.14100776592704478	0.01559183411979738	0.012654196304974899	5.146045230206009E-6	0.008691119515353216	0.02478158257702652	0.016901194972319886	0.018667204410887664	0.261833736565598	0.49986621956176736
0.14094099889250924	0.016037844545278443	0.01273209473814399	5.662076207404998E-6	0.00894188105384533	0.024466131649464012	0.016616009387799766	0.018610240116409965	0.26113150981650024	0.5005176277238415
0.14082888706484925	0.015866024532143225	0.012392643501157513	5.15279078910913E-6	0.009100805413824062	0.024705430101020123	0.016533853227835613	0.018507505303080582	0.26140487350357344	0.500654824561727
0.14182741764782802	0.016406886990665295	0.010762014964781866	5.078869514216211E-6	0.011663489471723562	0.023169304605395014	0.01612531362676585	0.01760544860082143	0.26285922186725375	0.49957582335525086
0.14293594056864795	0.01696599613656931	0.009787636096988753	6.342429762426494E-6	0.011295049898271278	0.023127750498823735	0.016275274481519206	0.01762199031628106	0.2627809733529212	0.4992030462202149
0.1436083075578546	0.01669798536647818	0.009177560140905872	4.967915167186643E-6	0.012064783186665831	0.02286036036267282	0.015624487703890425	0.017563005670482648	0.26317692913482876	0.49922161296105366
0.1436148207961142	0.01626702882140804	0.00878807619869476	5.469553639600444E-6	0.012008781094404383	0.0222832513192652	0.015239015014943916	0.01763084279415854	0.26416594698718204	0.4999967674201892
0.14365445513689806	0.016345245851970086	0.008448926567713955	6.295922806251464E-6	0.012155959422038703	0.021962688292761434	0.015246218624229715	0.01766588684500664	0.2642228077455813	0.5002915155909937
0.14342984112077678	0.015611650829528409	0.008509822633317496	5.049378169377783E-6	0.01107707185277039	0.021271407233805897	0.015918144558879674	0.018098736994578937	0.265302923531743	0.50077535186643
0.14331892991547962	0.014658387743540613	0.008431362647531693	5.721035632844096E-6	0.01094046388875515	0.021273266985433872	0.016908894863486665	0.01856599340882377	0.2655742157460081	0.5003227637653076
0.14321805333067517	0.015966902623429688	0.0076327895138282725	5.50018281293696E-6	0.010374953927637529	0.022223862759245414	0.015634684853860006	0.01774954540130344	0.266223305211913	0.5009704021952945
0.1433808484485074	0.01571477278436262	0.007423934187444151	5.383564398317442E-6	0.009667869229889756	0.022792256052745583	0.016092829607069883	0.018428944017588003	0.26627065641425046	0.5002225056937438
0.14443765492964916	0.01873482722207656	0.006430160435380236	5.58599254872616E-6	0.0069373266979601	0.022017972432764182	0.015283319476689289	0.016697425927150414	0.2676123655312134	0.5018433613545679
0.14482570535255673	0.018470368302852896	0.00669826844988182	6.066356525627481E-6	0.007008095343795137	0.021653270313681236	0.015578698724817583	0.016225395035268597	0.26778168890420084	0.5017524432164194
0.14477154526852704	0.01765594653120052	0.006745255278029258	5.856347221458447E-6	0.007382972550268221	0.022880127564857786	0.01663937292317426	0.016579827549833212	0.2670183157486508	0.5003207802382373
0.14468380302598438	0.017143731344698876	0.006643788127298128	4.7990684612087E-6	0.008128942395784253	0.02309926481202214	0.01611553747643961	0.01666979747030259	0.26728801734192154	0.5002223189370871
0.14487299211662924	0.017323169627702875	0.006527149773585414	5.871053991510222E-6	0.008118177080389019	0.023277251401434412	0.015961540774014932	0.016398704114920906	0.26757066456053213	0.4999444794967995
0.14423400739227427	0.017640510765276035	0.008454843601974765	5.661188295744135E-6	0.011063019881429895	0.023656450647605756	0.016509680176121297	0.01563771654116819	0.26473581733442336	0.4980622924714305
0.14381201459501647	0.017190655206690136	0.010086120583973374	4.889176347069868E-6	0.01057789804898597	0.023628228320585032	0.017112893384847894	0.015378056343616872	0.26461537459339873	0.49759386974653835
