0.05456186050329979	0.04806663797099064	0.06373637589045697	0.07389153881033925	0.090297044591581	0.26570433963163126	0.1033853595444533	0.0630154648167644	0.150912964385839	0.08642841385464438
0.046056696994549215	0.05893392909525341	0.026321409380882455	0.14639047267435304	0.08427948679502081	0.2767372630888971	0.11495830898753043	0.06771151607717048	0.1229142728302638	0.05569664407607926
0.05238748548133132	0.04541819365006451	0.038433963229054506	0.10240615382268478	0.09644440418882846	0.26175193514595935	0.12438600324311884	0.06507011379575417	0.19115097700103878	0.022550770442165316
0.04548544532260533	0.059832513456621716	0.03360072548006564	0.1370572053514986	0.09472137541694832	0.25062961455331917	0.11467276532773403	0.06858779099979828	0.14478030836293812	0.05063225572847084
0.04179768356297426	0.049563448104098407	0.06596950795001777	0.10361213445423385	0.08693804596122563	0.22770177336052183	0.10787320200796398	0.0858178427866673	0.1413406651718922	0.08938569664040479
0.05207160646181408	0.057186062350556996	0.03390577278699164	0.07942767334331514	0.08476000483598115	0.2362798480047728	0.12340829682354938	0.07372493000683827	0.15782236903667618	0.10141343634950437
0.04750162067769999	0.05163905916715988	0.017185092340490843	0.09559763624297751	0.10289825973548761	0.24805322306942063	0.11173116065302476	0.07223681150977328	0.1625371561881709	0.09061998041579455
0.053123222930024055	0.049496879078289854	0.027891589070147133	0.11580790851286352	0.0945678520089872	0.2736404071492031	0.11596559931379974	0.0669503585175718	0.17778516273987427	0.024771020679239322
0.04712419124245594	0.0459161450403097	0.014830541661695548	0.08329087300752137	0.09492756440612116	0.26938330194306304	0.10362198132907113	0.08643200048543231	0.15185825105207695	0.10261514983225282
0.04423596673988495	0.05876053192621526	0.04094362217126979	0.1396054011017707	0.09380548909202083	0.24858570310588324	0.10711672411746223	0.07889360066393565	0.15877180339673574	0.029281157684821577
0.056833966804905114	0.05738799324427693	0.02186674525095235	0.11930374508516683	0.10091328773533825	0.26215206941494734	0.1230636369737292	0.08451548680125665	0.12688805752191246	0.04707501116751489
0.04432248203495205	0.04792491893983292	0.03660917531030748	0.1164994508031668	0.09275463781077184	0.2496967972015905	0.10313305042331097	0.0697290946944955	0.12964205737119688	0.10968833541037505
0.05583379295124671	0.042470455648431646	0.01540395659031936	0.12537868641723945	0.09475516196706692	0.2469305846639619	0.11159126236837677	0.06920106338204682	0.19554009959100532	0.0428949364203051
0.05300974712982687	0.05500711444988704	0.04507753201798691	0.06071449091162254	0.10043189336695	0.24843491775139143	0.10264037640490556	0.06304024060297352	0.17339295470630997	0.09825073265814616
0.0582993339788772	0.05408566580670812	0.04781669048617799	0.09579766360508185	0.10175226554712158	0.23140504893679154	0.1145000239521945	0.07259337440105021	0.16924797836904915	0.054501954916947856
0.0503174563330889	0.05716926510509542	0.06697274201920791	0.05460606745383077	0.09082344771406041	0.23126699422552577	0.10501387826770911	0.08311805907806133	0.14588355541011144	0.11482853439330888
0.05815440134167976	0.04796134372100207	0.06001196994880966	0.08459672301531154	0.08845095241655765	0.237409442537444	0.12079068680761124	0.0789208485467433	0.13343097397856615	0.09027265768627461
0.05003969551515041	0.058214561497074296	0.014527043472042034	0.13433542339160875	0.08971873320316069	0.23797232532104928	0.12134707224368661	0.06796865865558044	0.17371528698102515	0.05216119971962235
0.04374242841517595	0.045298103672924625	0.019410396258941948	0.1163627429900872	0.08577135071768577	0.2498335291652417	0.11482730616528597	0.08019758914661453	0.20940356197322738	0.03515299149481495
0.04717669501810107	0.05148152293211729	0.04710669425967638	0.06127628867330642	0.0927840189156178	0.23562584445011292	0.12180602468721094	0.08495468350333042	0.18528963250986685	0.07249859505065986
0.048094571638506035	0.055245067256132416	0.024699837243356337	0.0751531299976092	0.09061231007228704	0.23152707746266293	0.10379639193754893	0.06908644549556318	0.2185523200274827	0.08323284886885125
0.056277700334924005	0.04715066535121899	0.029621458594137243	0.1369973391987219	0.08362822516565513	0.24602914937822457	0.11242399043115989	0.07104803209936086	0.1513604554831342	0.0654629839634632
0.046984290118868455	0.053035238055970685	0.01152094042000286	0.0769485085362952	0.10399279840711573	0.2517112348407301	0.1263179696396059	0.08138611670303533	0.16955259233412295	0.07855031094425283
0.04674665400720608	0.05427399613289169	0.03388435323740431	0.08726191294305796	0.10279004615242744	0.27241131300930904	0.12301539692703554	0.07642478312952085	0.1798901107399427	0.023301433721204412
0.05358321672988866	0.04695810955098888	0.012607343574547097	0.13828636253536086	0.09021296982806687	0.2762194024569735	0.11303293266216666	0.08139985235762569	0.13347738995893485	0.054222420345446956
0.05897646416241507	0.05907540044130698	0.046187343588463554	0.117563411397032	0.08446795960951856	0.2224907271386796	0.10905852808215491	0.08515545903601467	0.14215916566223397	0.0748655408821807
0.055507591132865054	0.05957442050372422	0.025360245722695865	0.07200509007130856	0.08934904936882479	0.23979698184255144	0.11351303112192343	0.07291034473861176	0.19433882006109682	0.07764442543639806
0.05250257838724183	0.05543269293473653	0.06244068294126777	0.0839354314466635	0.08362908888604899	0.2243763550907421	0.12087085700654496	0.07609712928845125	0.20985608119494736	0.030859102823355647
0.04358746176866922	0.0536832039108954	0.03278327118705823	0.053510846658742395	0.09484149858475462	0.2296859940441418	0.1278398735261197	0.07836003303842334	0.15930797384721018	0.1263998434339851
0.0490681033488279	0.04612571705912667	0.042515836632269224	0.13910307374227782	0.08559770381811219	0.23469855634266779	0.10727810314033485	0.0698937062785497	0.12102719507671177	0.10469200456112204
0.05545839813227264	0.051302557980009024	0.050485053252212045	0.0685105276355819	0.08835052711839886	0.238983702857062	0.11944975381562956	0.07095536763108885	0.20341118140603773	0.05309293017170739
0.06103086074082789	0.05102014557799723	0.013571689742784485	0.08492564657203107	0.0864017742303365	0.27059328336494254	0.107813139864174	0.0787646115560336	0.17591272393468638	0.06996612441618624
0.051836009681324874	0.041897508130748565	0.01929290932145515	0.11440970177525864	0.09871915967570379	0.247748690286908	0.12771747565073327	0.08346520734134166	0.14647628843470903	0.06843704970181705
0.05304931890053503	0.04658258004190266	0.04014049628978632	0.08800793503619136	0.10179848663748495	0.22321681951787076	0.10634470113017452	0.06697307675540366	0.1687285946264579	0.10515799106419281
0.04687623008477715	0.0536608021349331	0.0512235860598597	0.11911071333594817	0.10122203105053357	0.2500289206694622	0.11613836947809253	0.08322079138288688	0.1247796555773288	0.05373890022617789
0.05875485102645839	0.055999955083683495	0.05563621463349344	0.07373267999610267	0.10226606635215668	0.23543582604140162	0.11246661547019397	0.08497130539320003	0.1822341261036553	0.038502359899654406
0.05691255119944556	0.047002323547054685	0.07389225558764556	0.09864139855193453	0.10057382911402221	0.24335243218938268	0.11877101013355928	0.06293748510321631	0.1291445318412079	0.06877218273253125
0.04379068363631529	0.051187267674690624	0.013922245751648119	0.10749442739038893	0.0956508580703844	0.2401042997993013	0.12658169688656332	0.08382509136693354	0.19705171120336515	0.04039171822040929
0.04913252076560982	0.058456216480777486	0.04960948726098043	0.059312755802161714	0.0852946139903315	0.27252259944902807	0.11022570035837677	0.06759886829485057	0.16914847062121285	0.07869876697667083
0.05932504776928152	0.05053148236391096	0.027097808719479977	0.1407930236966637	0.08502022866630704	0.2291819266044181	0.10875020163099434	0.07617419111402093	0.1612095388362532	0.061916550598670246
0.052372129414380277	0.04617460665109252	0.03533579768292244	0.07536008199831806	0.08600814630661359	0.2454277518652626	0.11409972367171732	0.06236488451347246	0.22003911142799348	0.06281776646822722
0.047019578216443654	0.045376849976636636	0.03423766202157877	0.07977166517684893	0.08367670025292467	0.24101648801678938	0.12554512155904507	0.06980621645716038	0.15893268687650647	0.11461703144606603
0.05310363866146411	0.04943178399696694	0.02669871697885738	0.05348129301498538	0.10426308332477321	0.24512972910547642	0.12060849821051467	0.07482280914654055	0.17821494792054254	0.09424549963987883
0.0426527989834633	0.05559391092626164	0.05064047103422144	0.055425018835398056	0.08639610087214064	0.2253043412482228	0.1267832490942384	0.0834944832561752	0.17476844122836754	0.09894118452151099
0.05558839454422838	0.045421925157984905	0.01536557261390259	0.10484516585411331	0.10370209753068423	0.259975249441274	0.11475045002420631	0.07607445205034732	0.17362601116335902	0.050650681619899926
0.04792412538189875	0.05529018836381609	0.03984371620791308	0.08235167365211267	0.08757233024013471	0.23756624011740685	0.10489903144587434	0.07932189802579967	0.18041616123788798	0.08481463532715587
0.04714071848610325	0.042284692774665796	0.07230696547489648	0.139628582560257	0.10029966206705719	0.24743328051710073	0.12029514381919675	0.0754275626906444	0.1312451056087381	0.02393828600134032
0.05820616369160676	0.05564096681156898	0.06626313832492606	0.05812776966076473	0.09800626596813765	0.23377590040473412	0.1125008914472771	0.06874604551275701	0.14966176321230268	0.09907109496592488
0.061215821988639695	0.045520030729900414	0.038279697081461936	0.07501842289378166	0.09240580061755536	0.23208340872500793	0.12130193027507465	0.08744610581065335	0.21341532401708357	0.03331345786084143
0.048554128352940686	0.04808465460828855	0.05532523566707448	0.08545364622543529	0.09053972295008661	0.227184631360747	0.10759064407721021	0.0802772388652599	0.19542157164983837	0.06156852624311887
0.043687726985887645	0.04480617139127091	0.0499972592811562	0.12025294243438114	0.09424499280571658	0.23156356975156162	0.11432986674256661	0.07697822160648016	0.1782759928451989	0.0458632561557802
0.047749238225820355	0.05357128590399995	0.04721137236615822	0.06979168030264205	0.10553607886990006	0.2748408860277073	0.1106725713345543	0.07589619457793725	0.12380412113986887	0.09092657125141171
0.044583326453765906	0.04817689371201928	0.05553832993777925	0.11513165833802723	0.10431463765177672	0.2715667394645186	0.10491793669004325	0.06240891126348574	0.13873364430600663	0.05462792218257743
0.06030510000510952	0.04935831014594059	0.04519495535810026	0.10060876683198477	0.0955778137185605	0.2535924773939327	0.1247239139731305	0.06327749544065031	0.17025872154933175	0.03710244558325908
0.058916107811976204	0.04769973416811492	0.0658290649853828	0.14239004786940995	0.086250751186362	0.24200426402897784	0.12626293637414368	0.06636532019189359	0.12047234184146069	0.04380943154227831
0.04555694480660327	0.053991188283992506	0.0661957338788792	0.09237561513814746	0.08739478460626735	0.24696393957636875	0.11107587936940774	0.06866880512162553	0.19755064150555535	0.030226467713152808
0.054221727474539634	0.04195404456233818	0.020143883074906083	0.11254145124490925	0.08940835894399066	0.24085642451108713	0.10422952892654644	0.07025588496474408	0.17479212718601383	0.09159656911092472
0.0424498823866189	0.05137277600902754	0.0424611236523203	0.06026562771299042	0.10299687471681342	0.2416163553370857	0.11202835324277885	0.07477159934502246	0.18864127659708427	0.08339613100025817
0.04389255502157075	0.05585125628881525	0.02211133821311527	0.12125150868507287	0.09529758988033173	0.27534424993738454	0.12125959785398538	0.0647169186557155	0.12455651744649782	0.07571846801751086
0.056150372420017663	0.05467100698162368	0.028422995404031273	0.09534890219118686	0.09909109820321964	0.26818536115231767	0.1160102979695266	0.06517140864517805	0.12185266783778209	0.0950958891951165
0.05912869311038316	0.05133900632010766	0.03171301834067451	0.07651663124803422	0.0901594904574983	0.22821799741344562	0.10956805331515007	0.07607912152106547	0.18442687035951982	0.09285111791412114
0.04270979120705812	0.04366635356921174	0.07387569220392867	0.07441621941601742	0.10045079295837157	0.22322969531847792	0.11065524763615818	0.0789062720347066	0.15317559664317526	0.0989143390128945
0.061226389385756114	0.055629971419691934	0.033414862681778776	0.07866530053187278	0.08846667729959329	0.24535308973278408	0.11541423584810123	0.08633652943558569	0.14723241532561115	0.08826052833922501
0.04389756573210151	0.0558177871196525	0.01328572932374178	0.08623794609114392	0.0969553891596766	0.2632515752173517	0.12372515911167781	0.08579542075081309	0.1627758908931255	0.06825753660071558
0.04176394264507133	0.05756169553765138	0.05906427727137137	0.06520494707341698	0.08379941702965005	0.26692661363781756	0.1215606214446447	0.07963877124421162	0.17922321877527198	0.04525649534089308
0.042380755325982525	0.05409693772750313	0.02399354288901187	0.11338313831190897	0.08582261418969153	0.2264402286340489	0.11626243430768274	0.07670769193099575	0.18175110073136008	0.07916155595181457
0.0454338779399521	0.046609337078380386	0.023665612288876134	0.10385099734246893	0.09902911470633644	0.24707024369346964	0.12518095219906858	0.07571798104938829	0.1242712835178284	0.10917060018423112
0.05636168798381104	0.055096616941600514	0.03421625521314252	0.06677272689283406	0.09168697023915558	0.22521739615818814	0.1269436285566587	0.07389968861083217	0.16642468521692805	0.1033803441868492
0.054093406150249004	0.0449383462468468	0.04662988819202571	0.12493787026469713	0.09854375434323308	0.27842213229336527	0.11876219136920928	0.06419037524726345	0.1465435337855691	0.022938502107541198
0.05873608311094557	0.05036797305116654	0.04912373360392308	0.08086301530315747	0.08745914869696184	0.22827708883520703	0.11892357929400621	0.07855452837762462	0.16403418803251946	0.08366066169448816
0.047734148670526375	0.04443756145773176	0.062410929602540764	0.137618756539006	0.10117539298943891	0.2403082653066344	0.1079949073098116	0.0664116219694949	0.1403871740937611	0.051521242061054184
0.049602425766899966	0.05746974163477522	0.048540733807507036	0.07886071155983312	0.09293104587070436	0.2721826157300769	0.11150549109401148	0.07999406372586476	0.17229544712370598	0.03661772368662118
0.05220115670806929	0.0542160773361817	0.040488725952762254	0.08939922070557732	0.08853524900160298	0.24783203665031733	0.10339981404705302	0.08422757406036459	0.15436264776597625	0.08533749777209522
0.04862695524695328	0.04592598495329764	0.04644326500910765	0.09271165647387244	0.09683390159473187	0.261988072338684	0.11251624939484518	0.08732443310674011	0.14246613623191257	0.0651633456498553
0.04252104946772429	0.04834227741160989	0.015942256721567613	0.11784320836749326	0.09473305236166085	0.25472939433602065	0.11897551697849763	0.0784621929282113	0.18105213621237154	0.04739891521484302
0.05171442659088625	0.04669001513296481	0.029721332935856548	0.10832165613942064	0.08823281608804338	0.22259859332998172	0.12048989113256116	0.08857746235158132	0.16045442229825405	0.08319938400045016
0.04426505730779833	0.05577996113962093	0.011426116760161892	0.06584601972819923	0.08671354168919636	0.274783780510684	0.10930205945166765	0.07958806885139241	0.20099356399451157	0.07130183056676768
0.047861884274068636	0.04409095527719983	0.016458058975423656	0.10659328327430273	0.08627813121877116	0.26087531463382724	0.12338111001498242	0.07705313257088502	0.18435303122477664	0.05305509853576272
0.048538146398239834	0.04407859079007903	0.015818065595568614	0.11777527737668553	0.09800868813695876	0.27357814865702595	0.10942414452325067	0.06267576788429027	0.1734175648701507	0.05668560576775067
0.04779505470822307	0.05108789375508422	0.052181339317668746	0.13534119769563302	0.08361812345493275	0.2476383096501915	0.11609261249481977	0.06453491000212469	0.12530052209755657	0.07641003682376563
0.05807034743027198	0.044423047250419165	0.03171482199355313	0.1188594908490813	0.10363050356937561	0.2359702556680967	0.1224216697655285	0.07779247707365664	0.12682455341194893	0.08029283298806804
0.05278162785229611	0.050253729745479994	0.02141667322518373	0.08820495307044263	0.09561310705941327	0.22258132528579655	0.12071343925879827	0.06502560988569903	0.19492219163436442	0.08848734298252602
0.04686157577603973	0.04464327139247374	0.022410824833719464	0.05498183949358931	0.10166179907507593	0.2628031048331033	0.12306137542422978	0.08691557589213453	0.18090115896851355	0.07575947431112065
0.05950392724162046	0.05033064348093307	0.028620560611451573	0.08874469094520614	0.09790064307088095	0.2456785969472866	0.11528869430254979	0.07401738349655175	0.21225660384679837	0.0276582560567213
0.0455496861656187	0.05085792883763857	0.06986486141889141	0.09375445067207015	0.09578308630047226	0.24007755218780108	0.11092758844962652	0.06572806636321753	0.1656834592673686	0.061773320337295115
0.0538797577610588	0.04197911071946259	0.011435537862015815	0.08636953657017502	0.09452203096335342	0.2647678177701194	0.12541769673906192	0.08057732624841368	0.16866501780773802	0.0723861675586013
0.052818949651485175	0.04736492850863638	0.011480129243837733	0.14504296981138617	0.09356110973042019	0.24670655146191273	0.11006431111196091	0.06758067525744435	0.18990871130253556	0.03547166392038084
0.06089313781580426	0.05172485214665998	0.029052089958244168	0.09507882949900735	0.08513204338058313	0.23386169579128213	0.12117993403389188	0.0684523409221126	0.17120464441992256	0.08342043203249194
0.046818480518204905	0.05708230565303089	0.030099293131718108	0.06457550114690651	0.09606061367426695	0.22496065319207514	0.12262194177661576	0.08012829191427524	0.17782595242626947	0.09982696656663695
0.04759191918300372	0.042963599251890465	0.011767330736742868	0.07259820591919726	0.10375407028186502	0.25515879540249814	0.10571788651881346	0.07230684189938898	0.1951323910764313	0.09300895973016879
0.04350031238591219	0.05407322763357993	0.01544827199973385	0.11589647589223977	0.0884195464248752	0.2542722301725439	0.11611311809028779	0.08256285958564592	0.1984286514690326	0.03128530634614883
0.053053622733538475	0.055025692796911496	0.01811680419066486	0.07984426303605428	0.09685608764861045	0.24378772332886345	0.11994653566768938	0.07398234429201032	0.17169402530158434	0.08769290100407295
0.04966055123699097	0.048508118574672264	0.011710325743541278	0.13208467369712212	0.10117375018848741	0.22533835304740568	0.12271485997592796	0.07710074956908511	0.18536068337446937	0.04634793459229778
0.04210502718646307	0.04741401172807584	0.04794210743165523	0.08342600829168914	0.09223694674044382	0.2516045528015262	0.11651227624374366	0.06697200990872884	0.172350083484914	0.07943697618276019
0.059588673989904035	0.05342047991002369	0.0548076649368585	0.0531994814268444	0.09039907963705734	0.2627799796186672	0.113754043048167	0.06387177934890603	0.15123721514180252	0.09694160294176922
0.05213967821320315	0.04405675119508139	0.031999646330897746	0.11286015072843941	0.08742874387811488	0.27430384646604083	0.11774879594735599	0.06519173659757485	0.13639088496749646	0.07787976567579528
0.055467606406296936	0.0565814678860474	0.03816368508658734	0.0645214279618523	0.08678093852126638	0.2735075010899988	0.11620906750927583	0.07915451860978337	0.1638502111006313	0.0657635758282604
0.05005490985695561	0.05486711419654433	0.05796189555703538	0.1016275282841424	0.08809194174792805	0.24571476328943437	0.10707857252501991	0.07361328921161307	0.1702333656095362	0.050756619721790644
0.05217938212127811	0.04483749925480044	0.044160426315727475	0.11577941815617968	0.09824547387331091	0.2461413837430822	0.12708997717652	0.07129043880156632	0.13323758199084995	0.06703841856668491
0.04210538803253229	0.043622552174811854	0.05385495635101792	0.06273874421071143	0.09230910355890207	0.22571317517257383	0.12116281414786864	0.08478623639953332	0.19149249164132298	0.08221453831072564
0.04302840430470859	0.04323881301001465	0.021700630468509993	0.09139539572691245	0.08473666894035223	0.24637202881803277	0.10963787554857385	0.08138177984505979	0.15297644241747363	0.1255319609203621
0.04355546691894009	0.05566627880389675	0.07155045508713809	0.08462443310412232	0.09994799913901341	0.2605920884011323	0.1117033832436462	0.08538461032406917	0.1260207266009649	0.060954558377076765
0.05137527440330272	0.04177267283059842	0.03519401066703379	0.11032372877456183	0.08794992072633805	0.23741339088764885	0.10685973992269665	0.06964551871360462	0.2178671499471373	0.041598593127077796
0.04556457842833037	0.0477768237601618	0.06581268924289489	0.09379091328906156	0.09246651333768541	0.25777818294922017	0.1120685626497282	0.08001556410194571	0.13084516392015735	0.07388100832081457
0.06013255250341848	0.05143225264362756	0.030804159542061005	0.09213135497935783	0.0849591815181733	0.24550915581438226	0.1271185890551987	0.08476449129975773	0.15853131727130335	0.06461694537271975
0.043746313695673125	0.043248180895984686	0.03983500330551573	0.10130705190352401	0.09989113546672135	0.2794822984522165	0.10721401866274338	0.07461488375377698	0.1632477084338212	0.04741340543002301
0.054477670827072	0.04503938846639027	0.020592799093338193	0.05311043897701561	0.10443235724415587	0.2534418691391681	0.11702043779259812	0.08417491101971011	0.15611610967021924	0.11159401777033245
0.05045951783500879	0.05323713142379589	0.02285604453656008	0.09792450793598986	0.08901776513974886	0.2598893700469368	0.10722834269214011	0.0714618840817067	0.2046066781391589	0.043318758168954016
0.05929283390474641	0.057157900271491646	0.04376373967928421	0.080361436280424	0.09274274502602887	0.24405346112038323	0.10907585645452608	0.07190456643601444	0.1416627187255201	0.09998474210158095
0.05847073566235972	0.056954338772902326	0.03261879814145564	0.11634543665517161	0.09766660810600103	0.2790843557665534	0.12343888400120968	0.08809159684227537	0.12113003515613655	0.02619921089593466
0.04167021616627486	0.057262324347871936	0.03390237105655251	0.06617719229943222	0.09455485973777317	0.24587446627782417	0.10988847360525784	0.08791366601731163	0.18971831265477812	0.07303811783692354
0.05736549199650312	0.04539562309255328	0.06675525199462568	0.12081579223785555	0.09362524424162522	0.2627316062306958	0.1075863141510197	0.08633571632275075	0.12101472019866022	0.038374239533710636
0.04877645307014922	0.049866643579443155	0.0314360076437504	0.10124654351306543	0.09363282928838729	0.25779546505763107	0.11259022257451115	0.06565655014934803	0.20109929855196462	0.03789998657174964
0.05142855560664928	0.04631465071882943	0.023353513420617616	0.14948825110569378	0.10390921520249351	0.2773208286367745	0.107617949671325	0.08039004214795531	0.13433788529496674	0.025839108194694885
0.043958833308685684	0.04716830928010492	0.018410404046446782	0.05262791205938866	0.10151271015746931	0.2726828877791195	0.12782880447729983	0.0751400185708598	0.161167147363738	0.09950297295688756
0.04734312493392569	0.0479383316378439	0.04999533697191967	0.137079087778543	0.08825334756566063	0.25990783364580083	0.11964051532819622	0.08778471546900432	0.1229584029533652	0.03909930371574051
0.058858255318287936	0.054754484850836296	0.02145565198773214	0.07017286880528459	0.09978954258458529	0.27533572571569975	0.11076400287044898	0.07953048961662015	0.17809656196655832	0.051242416283946504
0.04263894550720904	0.05735324244608177	0.015856855713463736	0.10039017157471246	0.09751070653662694	0.24527452393666682	0.1168011317241848	0.07720564994596381	0.1507524702883955	0.0962163023266951
0.05711319319368081	0.055641853214515966	0.061017867074104455	0.06873685472435337	0.09926054199433268	0.2436528400750403	0.10226286281067111	0.07331969219449627	0.1468875522605402	0.09210674245826486
0.0434700235188863	0.044188134957439465	0.017140472247555924	0.13766984881538874	0.09867767015539831	0.2629039191044533	0.10735930655162103	0.07069389303135033	0.17869356044732557	0.03920317117058099
0.05100820136879639	0.0514699495436172	0.027308304723456467	0.10345615187657917	0.08793353021126997	0.23687831925714226	0.10704777483019803	0.07652800868916247	0.14251869038502787	0.11585106911475015
0.04195630369921963	0.05918914459318652	0.03846960707260417	0.14066518092668007	0.09016879033801312	0.2662031032896472	0.11929992416558213	0.06910538869787466	0.14269286124949163	0.03224969596770086
0.050468194337589686	0.05934721091266242	0.02077526644911165	0.11722838099527094	0.08881715593328125	0.2232201847278436	0.12028591982646059	0.08740459432741374	0.2050143185118921	0.027438773978473982
0.047317640970924724	0.04789101324743224	0.0689388288496105	0.08512447086263841	0.09254710028155638	0.25783319183423203	0.12618920731856456	0.07001518858739415	0.1724967092277428	0.03164664881990416
0.041994752266967666	0.04938511264442532	0.03929399802514817	0.05128841222983131	0.0877773939805506	0.2603782354765469	0.1194385979654412	0.06345547683956532	0.20747445193621766	0.07951356863530581
0.05687892412619979	0.05016525309558947	0.0258587709768114	0.0852929817368378	0.08457393927435503	0.24852840186926078	0.12317389462187153	0.07168046327318098	0.15758008478371166	0.09626728624218155
0.05076014230444527	0.04914042324312131	0.07433667876723217	0.05802906589797673	0.10446305964836543	0.23103927784327927	0.10599448137974447	0.07839994781969252	0.16417186695225985	0.08366505614388302
0.0526547867880786	0.055113169049910295	0.017631972315649183	0.10730041269325527	0.1028479798833723	0.25840748674692754	0.12061579092820082	0.06469676852583955	0.13396967866925075	0.08676195439951567
0.04342778816598376	0.05440122217628062	0.03784047866663976	0.12048974488824195	0.08984779710046513	0.2572015387609887	0.10620862831642536	0.06736135646911665	0.13533455732889565	0.08788688812696241
0.05702009590528534	0.056308170289153005	0.06662916554214313	0.07182874436946421	0.08420820242452143	0.22745418079580082	0.10903495912552985	0.07705850603351261	0.19899157450383864	0.051466401010750985
0.04554923364202133	0.04404936213559271	0.03485412513082903	0.10479804380970377	0.08746667257462634	0.27884535888807943	0.12686295307445744	0.06974723008641728	0.15587364695529837	0.05195337370297433
0.04416383911223179	0.04989522400834278	0.0713229527498972	0.12811058921657772	0.09898786409387998	0.24735041872291058	0.12623913291687439	0.07555868501748866	0.12121511693797447	0.03715617722382249
0.04222737658043959	0.047034896573020485	0.07313616747083035	0.060853993312426885	0.0995088937940624	0.23810758718863212	0.12320972757002208	0.08705716921103568	0.166139481594488	0.06272470670504247
0.05302213235654303	0.05053802600021734	0.03279454462260917	0.05160035930866247	0.0843964664964813	0.22920582934292993	0.11309537179861713	0.07849921615038478	0.18575945256417087	0.12108860135938401
0.053952362988466195	0.04911785476049462	0.026789765159581008	0.1340088595361569	0.09010017654269058	0.2628093571805441	0.10511979227978002	0.07703023863123083	0.12103663009982907	0.08003496282122673
0.0500790056057852	0.05107578278241634	0.06606351150342475	0.10697325824187114	0.08433616989849842	0.22279678516923018	0.11931863787113436	0.08481933450923082	0.15788968236578882	0.05664783205261996
0.04301894751345271	0.04321205152374341	0.01547851338786585	0.09638267729187806	0.10405910429229148	0.23484142647447176	0.12379136113264902	0.06353021387601676	0.21982357690036985	0.055862127607261024
0.04375784625849424	0.04392455076176022	0.04528429407883296	0.13469031801739936	0.08506434374505786	0.25437329354488103	0.11732518430319062	0.08682575913430615	0.16568682021185394	0.0230675899442236
0.04872156273419144	0.04474676707826715	0.06479863600792216	0.13255005678298043	0.0932794547230537	0.22900946644310832	0.11758315902754576	0.0706885368999289	0.1311346333886153	0.06748772691438677
0.054724024259355124	0.04586323696138732	0.05171696524948485	0.09477353167184872	0.08452326089567933	0.25721189440763187	0.11795060629152382	0.06328022628354785	0.19690544416877048	0.03305080981077063
0.05814900281336027	0.04536589906290396	0.012204080760941219	0.14861573229935254	0.09539298646966062	0.23158825284118967	0.12365703400604813	0.07947157086515695	0.16067495952161526	0.0448804813597714
0.04673441150027964	0.05621604269952103	0.04127007548191088	0.10537743968738178	0.08700819494139675	0.22250476412063092	0.1029185044175092	0.06610901252431521	0.21568029048658743	0.05618126414046716
0.06046122309074504	0.04607752360834198	0.021673489306114332	0.0815206896887333	0.09069700296078052	0.2681045991294939	0.12219149432223517	0.07902294857506445	0.1966852856593643	0.033565743659126956
0.048456736957038046	0.04400963574470293	0.0732147364595935	0.059974355006888524	0.08541715023375103	0.2602638398165688	0.10962567452375815	0.07923391312774919	0.13526623867249046	0.10453771945745939
0.04484525876131813	0.05123973023034623	0.04854274922773429	0.05889947593356205	0.09941747968558395	0.24133811686345025	0.10448110512638531	0.06685993269653051	0.16024526766471417	0.12413088381037515
0.042319097231240554	0.05758481468486915	0.018065181579301953	0.09605192669035265	0.09062842224716847	0.24467150631509416	0.1218439658468171	0.06806111904393344	0.2146237320735847	0.046150234287637815
0.0515654962923251	0.056167892903933765	0.07176713171639593	0.12481354984423576	0.09934427654227156	0.2558900752423189	0.10404792213488841	0.06265531737746517	0.14247209503018826	0.03127624291597718
0.051270496655540475	0.05662875063791618	0.014702025196596552	0.12322988884998315	0.10294695928243482	0.22519620438115934	0.10480414898396775	0.07685458958146262	0.17867687182100425	0.06569006460993487
0.058725342365887265	0.05390131703396233	0.0665839693211949	0.06190591651033824	0.08614733620057571	0.26814201834607504	0.12556456078621486	0.08794597974139226	0.15986847403326943	0.03121508566108995
0.0441744326908308	0.056384751705765096	0.027162053512726075	0.13644152493571887	0.10418216461680418	0.27664245019813566	0.12455415806175751	0.07885079927705245	0.12970066384686207	0.021907001154347308
0.05783205013166471	0.049090628194266794	0.039144661508199376	0.08722206938257168	0.09105701132232549	0.26123155302246354	0.11613373690974399	0.07826386770010167	0.12423263865476984	0.09579178317389289
0.05968169668161074	0.045348841464513005	0.05450716610914566	0.07398081641173793	0.0836848523390771	0.22573220948883455	0.11956593611100322	0.0865158762288116	0.19784754738690882	0.05313505777835736
0.06116000545694948	0.04221607534962058	0.03458374289502385	0.13345142994672327	0.0965700182078551	0.2630040583096996	0.11161635467047859	0.08306619724901762	0.1360590477572054	0.038273070157426516
0.04457708482894712	0.05410883607536499	0.0520614176988486	0.06298351008620048	0.09322678392645135	0.24620056792255757	0.11505850493093989	0.07509832824872281	0.19921152111556645	0.057473445166400725
0.04478725862509183	0.04926403803212667	0.050898500271439745	0.08193475612953033	0.09474832393620085	0.26480942756070147	0.11054436103825606	0.07144064676901199	0.12410125499858587	0.1074714326390552
0.0553939513819731	0.044426879156923074	0.011242632349370216	0.07596249301948023	0.10177064817406085	0.2587367868917933	0.12293528007558811	0.0665357757532225	0.21279238980648696	0.05020316339110171
0.05854913640837626	0.0447192777715544	0.016463276713995695	0.09391494747612832	0.09111640849319808	0.2578437543752625	0.12592994023277654	0.06656197349195442	0.1205495244439023	0.12435176059285147
0.05008982279679847	0.04487489509084639	0.058776153514796196	0.0658233421770557	0.09865095142072915	0.2245042019008669	0.10966454242546693	0.08733207077415785	0.17465792696016658	0.08562609293911583
0.05864835578576951	0.042339433843729575	0.0592320264638191	0.07026983541662662	0.0922047091029414	0.27810947599391544	0.12124348750498799	0.0788796390389675	0.14984633950577536	0.04922669734346749
0.04351249076533368	0.0470857706455683	0.019943007557740824	0.11929311066782362	0.09976450297488647	0.27403518631786306	0.12515775932933826	0.07204445770994963	0.1647941532626799	0.03436956076881627
0.04970915322925194	0.05792246786147948	0.041362858180186514	0.0635050437699871	0.10019275852582298	0.26101409445602036	0.11412961813271222	0.08693376422739207	0.16866235639341284	0.05656788522373453
0.05454515037219496	0.05889452379744461	0.033450608396223255	0.10796996512800097	0.08643419447098699	0.2379571049020776	0.10314174031461322	0.08677256956589889	0.13555138814647202	0.09528275490608745
0.05143730589281662	0.044487823465176005	0.07150167226596248	0.0803632897969172	0.09267161504774764	0.2579019290269804	0.11298074536444945	0.06973692968177382	0.15752036134413122	0.061398328114045136
0.04907359207182324	0.05916159258806142	0.04897234595154453	0.12443449022721503	0.0869689999757138	0.246776354193725	0.10990421559850938	0.0722999578359069	0.13213852837963705	0.07026992317786362
0.05510626157224023	0.05214301547558629	0.047929701076395936	0.08010752236395655	0.0839777859078287	0.26839265919392025	0.11306594582378994	0.07074766618135267	0.1989722830533437	0.029557159351585732
0.05092899758115827	0.044705478158822774	0.03211666694752863	0.09525611899830838	0.09433064847992542	0.25522960886051216	0.1226701356985952	0.08180251533342456	0.14984496143034576	0.07311486851137886
0.05800671326943079	0.04890412720084669	0.0618033837933111	0.054988507805221874	0.09511163173701373	0.25382788659811206	0.10348097134676644	0.0874827543088318	0.14247459283505828	0.09391943110540724
0.04717727191019736	0.04426933341181221	0.021623429551197892	0.06103053413375867	0.08810464891073883	0.26842842907827535	0.12094917174292413	0.081752792985446	0.1737186635456085	0.09294572473004102
0.05392029818793237	0.04386750989186887	0.0491987931917896	0.07479090264956315	0.10428956863630115	0.26772153285851236	0.10721631671986791	0.08093508333601207	0.15518710892857585	0.06287288559957666
0.05051939883629959	0.05137927012852008	0.05158708104526689	0.07239058512351715	0.08412469623266167	0.27492697365729585	0.11036946279168725	0.07597473468778093	0.20618243258493052	0.02254536491204008
0.05415938993935847	0.05271109752208456	0.050821538335085716	0.09048779580912834	0.10303766534185124	0.24217959654336269	0.10806597521451156	0.0744518930159656	0.16624271825159537	0.057842330027056424
0.04790448480420796	0.0500457077278635	0.04066827637040907	0.0674603103921232	0.09361659506157463	0.2535632711359212	0.11509306684714196	0.07449484632755107	0.1327339977012742	0.12441944363193319
0.04394719134059176	0.05205420321343192	0.03471092550928277	0.09483214998566314	0.0926344299799922	0.2294913977349458	0.12457561768719981	0.07461813103255373	0.14755678498710034	0.10557916852923857
0.045567172706131046	0.05885918064384772	0.050313865801314896	0.06053057464847206	0.09103764035085582	0.23549831626604223	0.11972923888141196	0.07490963968858613	0.14539067763234556	0.11816369338099258
0.05648184981756157	0.04176909948762907	0.05727471205673477	0.12891650203414795	0.08893873939515316	0.23244281199733902	0.10235567123108015	0.06551332884429621	0.1804148512046351	0.04589243393142295
0.0469885364441461	0.04808344716183073	0.030156940628858306	0.1221666715265261	0.08433888163912526	0.27868077310720535	0.1159306034936125	0.07173435174808061	0.16126598283579321	0.040653811414821814
0.05981634939071449	0.04600229139540509	0.04684810608957277	0.09027548468803771	0.09827480803747894	0.23575566334020565	0.12342143335170218	0.06478443308013129	0.2033794836424348	0.03144194698431703
0.06036485364603619	0.05596126173935111	0.07303706084500916	0.058167207464982315	0.09884368240537587	0.2348289416280171	0.1032513272208725	0.06880752867858013	0.132216432141069	0.1145217042307066
0.04353649639442213	0.05319077123437138	0.05597125017575645	0.06889020294590048	0.09685769443968685	0.27187015612362636	0.10902619402410313	0.0668994572328633	0.2050651884507939	0.028692588978475972
0.052406320432581935	0.04412637031232485	0.013214315125456316	0.14084511285057238	0.08726531975609884	0.22674233906516716	0.1089451285135864	0.07920148220129375	0.14472551517749813	0.10252809656542022
0.04603958925969706	0.0457318016322696	0.01761779888309503	0.07517716721080286	0.09205737155429826	0.2718184004313596	0.11570515050454305	0.08486915945269792	0.215705773750255	0.03527778732098168
0.055751038667606265	0.04813629267462333	0.016861494045565292	0.082869530933371	0.09560431281779952	0.27648622247826565	0.10677697453099075	0.07630674850602874	0.21004853064660778	0.03115885469914166
0.05385504885071549	0.042560619973232336	0.03889989705952809	0.13395779887726206	0.0988748353157243	0.2528796103373272	0.11252286822479433	0.07896196738688056	0.13333741058990528	0.054149943384630354
0.055333933095598704	0.04278306948829942	0.041437439845298955	0.06894689748748546	0.1005591306344673	0.22784139242351498	0.12625694011703203	0.06823106811356022	0.14954229383350232	0.11906783496124058
0.04474760850787916	0.04732303058937566	0.018933801372240253	0.08686733941977591	0.084506058136716	0.27808038119212913	0.1267855324490543	0.08657534351625017	0.18689843708073164	0.03928246773584779
0.05425299511655825	0.05720314816462426	0.044269405360307296	0.08168220378203174	0.08995264759588965	0.27522301129834026	0.10327698728129017	0.06771059279990459	0.19527754795312197	0.031151460647931783
0.054914515204768866	0.042584119763189536	0.020834399538899984	0.10704457344168158	0.09373308063661143	0.2311449872117503	0.1130252315531619	0.06445902190733446	0.19416285642850387	0.0780972143140981
0.04862318408536905	0.044308962000643624	0.015862234797834135	0.1307384093730864	0.09859800341504169	0.2750903550788704	0.11138372498757743	0.06768334875586585	0.15442068506854228	0.0532910924371691
0.05547627774508067	0.04605393659134432	0.073112929279496	0.0787593298009317	0.08343494174105223	0.2315395714924699	0.1047805155437331	0.08108845713074003	0.12123454902067467	0.12451949165447733
0.04395005490709724	0.052809629753172826	0.013813471552784173	0.09846042910341135	0.1035377740539154	0.27531547758040104	0.12304851626801144	0.07083873694033353	0.1923813628074712	0.025844547033401763
0.05126206624459289	0.05950527468900801	0.011862342858669148	0.1286212845370493	0.08714112519889725	0.26193601187157195	0.10352836602646276	0.06879530800752404	0.17030768916180433	0.05704053140442033
0.04655378528665885	0.04367199463740155	0.053123181828109066	0.09193359068845731	0.09573128629962964	0.23553721718725207	0.11649189459268498	0.07263918317399716	0.19063763464993533	0.05368023165587404
0.04623351575477121	0.05482447946320069	0.03997381138206311	0.06490168321581676	0.10500876967300606	0.26019106367824973	0.11036241026201549	0.0827977139526178	0.20297739822452637	0.03272915439373279
0.043334230739987795	0.044092001279677266	0.029712490019208004	0.12698675646253715	0.092516090183274	0.24737382018680504	0.1060965823751394	0.08112483566508459	0.16680425668299992	0.06195893640528681
0.044379032429546036	0.055733691423239445	0.012790535648468465	0.05882935351513899	0.09372693293293732	0.2792246285841853	0.11878113820148856	0.0684525201467389	0.173588292245843	0.09449387487241395
0.044548969466914515	0.05376387569242766	0.021783560893690587	0.10532787378512824	0.09977921964190382	0.2381661344087858	0.12224054224233566	0.07103668099970643	0.1819764836834581	0.06137665918564922
0.04208545053646433	0.050074782921079385	0.022095963906869534	0.09662207106292853	0.09427703626608253	0.25139716500896164	0.1153635733202429	0.08444076787424538	0.12011521924399426	0.12352796985913152
0.04257058420220368	0.056099348895142065	0.040153630619621544	0.05448217410387027	0.0867759517664115	0.24690296328848316	0.10375303053076396	0.08417476166604733	0.1634679697628986	0.12161958516455793
0.05162481076214408	0.05372589898381339	0.04086613854991714	0.08100906680219741	0.08342850503998153	0.25487393119029217	0.11058812322407569	0.06828097600006863	0.14195405852814136	0.11364849091936866
0.06127624056461389	0.055419714578772754	0.020817823414209388	0.07294328548708114	0.08839591404565297	0.23606471704059445	0.12325592971387758	0.07682921182707522	0.19896052174429815	0.06603664158382444
