0.3496373870970246	0.40081304227653813	0.24954957062643746
0.3495287119739366	0.40099766803200676	0.24947361999405676
0.35053911302470475	0.4000603014318312	0.2494005855434642
0.35011214238790206	0.39971138204136913	0.25017647557072886
0.34951658666669355	0.4016109004275839	0.24887251290572265
0.3493332802939528	0.40122607177826947	0.24944064792777787
0.3496300579740038	0.40027560428846387	0.2500943377375324
0.35128512066157647	0.4000063084162909	0.24870857092213275
0.350440282660301	0.4003962101511026	0.2491635071885965
0.34950102619490603	0.4014340754683605	0.24906489833673354
0.350919796538164	0.39941890816195696	0.24966129529987913
0.3501827049164785	0.39999164791073394	0.2498256471727876
0.34822927245405755	0.4015372238529281	0.25023350369301445
0.349494083271933	0.4008478826105636	0.24965803411750354
0.34834283627017043	0.4009347515308047	0.2507224121990249
0.3501236457045782	0.40030708999350517	0.24956926430191667
0.3490165834613457	0.4009546920797359	0.25002872445891855
0.3494846431052968	0.3996215729148106	0.2508937839798927
0.35098858697051527	0.39970727846831045	0.2493041345611744
0.34905405184105165	0.4007812893316677	0.2501646588272808
0.3508912309627767	0.4003727854727933	0.2487359835644301
0.3499691787010663	0.4000738208968423	0.2499570004020915
0.35108884353083514	0.399430882438675	0.24948027403049006
0.3514600622264753	0.39935005081250435	0.24918988696102043
0.3503513263965884	0.3998475625959146	0.24980111100749713
0.3487462117654646	0.40145785608532625	0.2497959321492093
0.3496502439033312	0.40098424296379576	0.24936551313287314
0.3502104470044253	0.400948652211341	0.24884090078423377
0.35011789611849176	0.40123849239100995	0.24864361149049846
0.34895684919073167	0.40077309374012704	0.2502700570691414
0.3490120341359935	0.4018280079860171	0.2491599578779895
0.3490202563342406	0.4012569394565276	0.24972280420923199
0.34988977393651954	0.3998904882178972	0.2502197378455834
0.35028205652256356	0.40070800340405	0.24900994007338656
0.3491739338946089	0.4005980459639442	0.250228020141447
0.3495185079597416	0.4011033915844513	0.2493781004558072
0.3496152946434583	0.4004919802512168	0.249892725105325
0.3515447808758692	0.39996082066096494	0.2484943984631659
0.3513040557462478	0.400209682593362	0.24848626166039034
0.3494680660250693	0.3999358853741097	0.2505960486008211
0.35106160633797956	0.4003640346966719	0.2485743589653486
0.35040962843133205	0.4007396887691419	0.24885068279952616
0.34950097384758083	0.4014380613949154	0.24906096475750392
0.3497044645549051	0.40157662695127716	0.2487189084938179
0.3499836143922016	0.4015501243991727	0.24846626120862575
0.35125574376696267	0.39949213320171034	0.24925212303132707
0.34915904589401975	0.4017563789715578	0.24908457513442256
0.3504292890850703	0.3996653196408054	0.24990539127412437
0.34995150844439704	0.4015181344798918	0.24853035707571122
0.34999218162678136	0.40071880281243305	0.24928901556078567
0.3506412740460662	0.3998238782414268	0.24953484771250709
0.34957234243134117	0.3996792751351552	0.2507483824335037
0.3496288236019334	0.4012633362684666	0.24910784012960008
0.34935569969881997	0.4019327983783067	0.24871150192287345
0.34957428184768297	0.40024452471282956	0.2501811934394875
0.34833204368651005	0.4018752325721121	0.24979272374137795
0.34909963601481886	0.40169811484126383	0.2492022491439174
0.3498303083100462	0.399499227509256	0.25067046418069794
0.34972747915976565	0.4011929810612138	0.24907953977902064
0.3505628110918355	0.4000386374263465	0.2493985514818181
0.34965425631357705	0.40093688276097483	0.24940886092544828
0.3504277961094363	0.40083868246002596	0.24873352143053784
0.35067629689927077	0.3999533489606768	0.2493703541400525
0.35103261085599335	0.39946176487724017	0.2495056242667666
0.3484726038655521	0.40109337800943745	0.2504340181250106
0.35025154694626576	0.40059987163798233	0.24914858141575202
0.3494591766111104	0.40017513437251556	0.2503656890163741
0.3511332471660288	0.39967719996018547	0.24918955287378586
0.3508012616312695	0.3999180966855603	0.24928064168317032
0.3496969999733341	0.39978950561553983	0.25051349441112614
0.35068439070673607	0.4003388152576983	0.2489767940355657
0.34919698374305896	0.4004753128045845	0.2503277034523566
0.34903145378847134	0.40055970742915015	0.2504088387823786
0.3492903830006779	0.40109726159106973	0.24961235540825244
0.35031428346669424	0.3996291543494732	0.2500565621838327
0.34974529632943385	0.4002688245578798	0.24998587911268644
0.349887894754311	0.400624316464642	0.24948778878104716
0.3495698068005134	0.4011108306008573	0.2493193625986294
0.3501289271431219	0.3997857005461059	0.2500853723107723
0.34913576764541915	0.40185656848730833	0.24900766386727263
0.3498888835846717	0.3995413944476982	0.2505697219676302
0.34972739234899675	0.4005390612296495	0.2497335464213539
0.3513961077362449	0.39991362535251607	0.24869026691123913
0.3508950534418849	0.4002836995411983	0.24882124701691694
0.3482392895984226	0.4019526954159363	0.2498080149856412
0.348522602490118	0.401241087160375	0.2502363103495071
0.3506147618719346	0.4005301747208472	0.24885506340721833
0.35149293557871053	0.3995684433286134	0.2489386210926762
0.3502830208358534	0.40124085200251325	0.24847612716163342
0.35086219254362094	0.4006669598689042	0.24847084758747495
0.34890776056757367	0.4015022316785579	0.24959000775386853
0.3502545231138798	0.3996725063477434	0.25007297053837696
0.3494408749284675	0.40038472711036965	0.25017439796116303
0.3514852942476954	0.39966568773430483	0.24884901801799983
0.34910005312096215	0.4008082767924639	0.25009167008657407
0.3492324803042778	0.40121518564885456	0.24955233404686777
0.3501419060922688	0.4003817372269314	0.24947635668079993
0.34921716808662534	0.40186662783447535	0.2489162040788994
0.34883927230714185	0.4012616277795271	0.24989909991333115
0.3494272414196098	0.40124601547541533	0.249326743104975
0.34913590052351995	0.40031594776116636	0.25054815171531375
0.35072728633480676	0.39985443469867665	0.2494182789665167
0.35106829356450286	0.39985204412393427	0.24907966231156303
0.35086372044228387	0.3998216093442451	0.24931467021347115
0.34879784048966694	0.401827491639754	0.24937466787057916
0.34997492878931885	0.39980420260143235	0.25022086860924886
0.351182722901901	0.3998319754287438	0.24898530166935526
0.34942086274476725	0.4003791678695774	0.2501999693856554
0.3497277377778589	0.4006329929392383	0.24963926928290286
0.3505187738234955	0.4008890134483487	0.24859221272815588
0.35050534351566115	0.4002963092289773	0.24919834725536166
0.3503561973045757	0.4008849320478759	0.24875887064754854
0.3483963088649029	0.40136027804023455	0.25024341309486264
0.3499852837347267	0.4008014860068559	0.2492132302584175
0.34968743867358565	0.4008231187636122	0.24948944256280225
0.35031519597140487	0.39956482931331155	0.2501199747152837
0.35020232994136263	0.39988728036675153	0.24991038969188592
0.35161576825959606	0.39975581375120606	0.248628417989198
0.35114441379495104	0.3998926936286827	0.24896289257636642
0.35046705733114475	0.40082842306355365	0.24870451960530168
0.35068338770141816	0.3998046845416273	0.24951192775695463
0.34975216591744607	0.40010848558004297	0.25013934850251107
0.35006602149472693	0.4002968244194703	0.24963715408580292
0.3494649889380355	0.40018667833855776	0.25034833272340684
0.35035680731023405	0.40022801211787334	0.24941518057189266
0.3512013527510425	0.3998363292719497	0.24896231797700794
0.34972700687127706	0.40024301029015086	0.25002998283857214
0.34996692686695985	0.40022197600879106	0.2498110971242492
0.3498547956701246	0.3994580328668826	0.2506871714629929
0.3492390130011865	0.4012074443282813	0.24955354267053226
0.34902949675996886	0.40134781227065686	0.2496226909693744
0.3501650862062277	0.4007871125129951	0.24904780128077733
0.3498232161158803	0.4007731415848955	0.2494036422992243
0.3508382495862512	0.4005484843181072	0.24861326609564177
0.34847018047825895	0.4012577768761304	0.2502720426456108
0.35017056537263336	0.39979810901425666	0.2500313256131101
0.35041698846712466	0.4000744001991665	0.2495086113337089
0.35021635873095325	0.3999398774537045	0.2498437638153423
0.3500331099464691	0.40075349738154653	0.24921339267198453
0.34967043026364053	0.40083001819578556	0.24949955154057402
0.34870201299621667	0.4018164158811955	0.24948157112258795
0.3488731664166185	0.4011069880306345	0.25001984555274714
0.34997858936948995	0.40079004291846376	0.24923136771204635
0.35143622148157216	0.39994078811527717	0.24862299040315078
0.34994116856777874	0.39977591331245294	0.25028291811976844
0.3497675919745678	0.4005084107514997	0.2497239972739326
0.3495089656680979	0.3998632896810177	0.25062774465088444
0.3498330268728437	0.4002525425036778	0.24991443062347862
0.350374896665446	0.39994154670605303	0.24968355662850106
0.35029052050687687	0.4001100228554093	0.24959945663771393
0.3511810037269544	0.3995436294565942	0.24927536681645152
0.35070654528529444	0.40077945991561137	0.24851399479909436
0.3487959264903722	0.40046472729238414	0.25073934621724375
0.35057083175288983	0.40070232088950875	0.2487268473576016
0.3503356887778912	0.4006712956493329	0.24899301557277606
0.34851550276261545	0.4018869287214927	0.24959756851589204
0.3503664008958071	0.39981355504408106	0.24982004406011188
0.3505308939661351	0.3996599112228707	0.2498091948109943
0.3492845397061252	0.4016511577264898	0.24906430256738504
0.3491227962043543	0.40029991216311006	0.2505772916325357
0.3505020155885868	0.4002363526013494	0.24926163181006394
0.3492881659494327	0.40105023999936074	0.24966159405120672
0.3502386411303805	0.40109958455041184	0.24866177431920777
0.3497034366241823	0.4009094472770054	0.24938711609881242
0.3505438877933442	0.4009665827697387	0.2484895294369172
0.34974791828339064	0.40069313170959375	0.24955895000701575
0.3492155271152558	0.40042677726649345	0.2503576956182509
0.3501259753528574	0.40005259118215547	0.24982143346498722
0.35059239873848624	0.40087021642212284	0.24853738483939103
0.35018622800490407	0.40111361087889685	0.2487001611161992
0.35061118138556735	0.40089784075896545	0.2484909778554673
0.34998940497786635	0.400460062234703	0.24955053278743083
0.3489690787358646	0.40098790173368787	0.25004301953044766
0.3486928305923228	0.4008533258502493	0.25045384355742795
0.3505768199083422	0.4007160016134048	0.24870717847825308
0.34931978369923905	0.4012014353768255	0.24947878092393555
0.34838031941554415	0.4012022976693582	0.2504173829150978
0.3498318902979008	0.39947613790476844	0.25069197179733094
0.35038064122984164	0.4003108526320573	0.24930850613810124
0.35150850363585395	0.3993974856977947	0.24909401066635145
0.35065767454732855	0.4007187276561588	0.24862359779651277
0.34964382238433317	0.4001695239884623	0.25018665362720466
0.34920375215885985	0.4002499121340572	0.25054633570708307
0.3495687630905256	0.3999400464975268	0.25049119041194773
0.3508788261598082	0.4006320110860597	0.2484891627541322
0.350293399528938	0.3999049787358079	0.24980162173525422
0.3505933030519185	0.4007811486605708	0.24862554828751077
0.34977049494912277	0.4007648803153049	0.24946462473557246
0.3493792650145189	0.40105948819878423	0.24956124678669703
0.3499384019131762	0.39948158251206856	0.2505800155747553
0.34825809714275024	0.4013418155477311	0.2504000873095188
0.349637521042851	0.4018446870167445	0.24851779194040463
0.35077801303482	0.399880057666968	0.2493419292982122
0.3514261136733117	0.3995194785099428	0.2490544078167456
0.3495234430865157	0.40181803791872645	0.248658518994758
0.34881124331623187	0.4012931426323775	0.24989561405139077
0.3494842918737192	0.3997571051241192	0.2507586030021617
0.34849755759332035	0.40163939365749046	0.2498630487491893
0.3488013203029915	0.40164183808923093	0.24955684160777764
0.34991045618556804	0.3996068813588797	0.2504826624555524
0.35076759018900167	0.4007611977664324	0.24847121204456604
0.3494332350626887	0.4018045467635758	0.24876221817373556
0.3495334952780207	0.4016716111055283	0.2487948936164511
0.35117638589140016	0.40031803746125516	0.24850557664734477
0.34879594947292947	0.40034046152509967	0.250863589001971
0.349768512873155	0.40076540058756516	0.24946608653927993
0.35088235803673035	0.39944799080650806	0.24966965115676173
0.35012360054759967	0.39960152446213887	0.2502748749902616
0.3485120221469294	0.40068138223239724	0.25080659562067353
0.3501473311096175	0.401222251009685	0.24863041788069762
0.34965733285592515	0.4003782727576738	0.24996439438640117
0.3491069453800839	0.4009870915744063	0.24990596304550988
0.34896573401287206	0.40143189425142733	0.2496023717357007
0.3515493352146574	0.3995801890160399	0.24887047576930277
0.3503305418850426	0.3995137310696445	0.250155727045313
0.35002097093700507	0.40146276424195537	0.24851626482103967
0.35104102169104606	0.3998000800295548	0.2491588982793992
0.34894972099997457	0.4008677557678988	0.25018252323212675
0.34954922875086025	0.39956225732330564	0.2508885139258342
0.3489657439593014	0.4004645152636269	0.2505697407770717
0.3508145533901113	0.39974037367908055	0.24944507293080823
0.3514669088372713	0.39946299906734595	0.2490700920953829
0.3500758862027392	0.39998501131824615	0.24993910247901469
0.3516305548077248	0.39958092776560195	0.24878851742667335
0.35068665212550215	0.4004125479892204	0.24890079988527758
0.34958059137542447	0.40135745053694405	0.2490619580876316
0.34845928152086825	0.40092606054911445	0.2506146579300174
0.34882332086088297	0.4017338625162196	0.24944281662289752
0.3503273052239181	0.4005962857140991	0.24907640906198295
0.3495364507867009	0.39965660071325043	0.25080694850004875
0.34959375685882205	0.401010313174324	0.24939592996685406
0.3486974244911444	0.40118106179885143	0.2501215137100043
0.3489361425	0.4012104002180853	0.24985345728191485
0.35083451870968096	0.40030276285449273	0.2488627184358264
0.35107295182352716	0.3999126540591573	0.24901439411731557
0.3502048194606155	0.40094185856061343	0.2488533219787712
0.3502831541018983	0.40073559333344455	0.2489812525646572
0.3494548493718595	0.4019548036453216	0.248590346982819
0.3509831979541057	0.40038592213716007	0.2486308799087343
0.3501802253930406	0.4009818762605689	0.24883789834639053
0.34939058851150084	0.4015345879943693	0.24907482349412996
0.34954818583778136	0.40003496852783765	0.2504168456343811
0.3485078312766884	0.4012893535986264	0.2502028151246853
0.3510883472392188	0.39974001704006407	0.2491716357207172
0.35108511390681557	0.39983987723234754	0.24907500886083697
0.3503090491608532	0.40037981317364846	0.24931113766549845
0.3502000465025051	0.399488107324389	0.250311846173106
0.3487150022129972	0.40162141517504046	0.24966358261196242
0.34992839088981925	0.40052307602541726	0.24954853308476363
0.3490575840650025	0.40015680675299947	0.25078560918199816
0.3495820296552929	0.4017801698514196	0.2486378004932876
0.3514833436973108	0.399902153905602	0.24861450239708727
0.34855467414061436	0.40142324117081135	0.25002208468857445
0.3504936274767052	0.3999383941623913	0.24956797836090358
0.35066947910302493	0.3995710319275856	0.2497594889693896
0.34907085471995947	0.40127073738089386	0.2496584078991468
0.3490658914452117	0.40029460748657647	0.25063950106821187
0.3498336031928395	0.39942623876765815	0.25074015803950245
0.34951934267851253	0.40148607966788596	0.24899457765360167
0.3488261263902848	0.4019095057518606	0.24926436785785466
0.34894799358753226	0.4001684744233295	0.2508835319891383
0.34994915884963695	0.4012201715335507	0.24883066961681244
0.34839918006575815	0.4017649593138885	0.24983586062035346
0.3496227846825447	0.40127596481870204	0.24910125049875337
0.3512178406075834	0.39996607511270565	0.24881608427971108
0.3485926177508023	0.40164231795922484	0.24976506428997294
0.35023578415505574	0.4007761704473818	0.24898804539756256
0.35057456611920057	0.4005320017629277	0.24889343211787188
0.35011753840702087	0.4013536899459041	0.24852877164707518
0.3487607670424729	0.4016440767655808	0.2495951561919464
0.3493793912264797	0.4001517681577236	0.25046884061579683
0.3498484079967352	0.4009926749846239	0.24915891701864096
0.3484574697611186	0.40065196127002445	0.25089056896885714
0.3501500045149072	0.3993492246065684	0.2505007708785245
0.34823042118625464	0.40177370860867795	0.24999587020506753
0.35077952979756266	0.4000794867670294	0.24914098343540803
0.350069372239013	0.4002347955088616	0.2496958322521255
0.3483455689156547	0.40185308398396324	0.24980134710038215
0.3515558831996224	0.399993559028798	0.24845055777157968
0.3491083570608154	0.4000830585774129	0.25080858436177184
0.35001569558094514	0.40068791478958554	0.24929638962946948
0.3483123768666982	0.4010088180595622	0.25067880507373974
0.34904519199802364	0.4008081972850023	0.2501466107169742
0.35013588776665416	0.40128551072366836	0.2485786015096776
0.3496611564148948	0.4010817582020427	0.24925708538306252
0.35030663833247	0.40101867228088905	0.24867468938664106
0.3503187461479831	0.39983538556560744	0.2498458682864096
0.3494995073045181	0.4019333289947192	0.24856716370076282
0.3510264514673864	0.40040167388957726	0.24857187464303646
0.3511311025703614	0.4001806186084412	0.24868827882119754
0.3486704171629914	0.40176573259513	0.24956385024187872
0.34903614805629096	0.40110402585924865	0.2498598260844605
0.35140795503380196	0.4000000288339306	0.24859201613226758
0.3494028354414125	0.40143793346982726	0.24915923108876037
0.3496223261501453	0.40112310892890357	0.24925456492095127
0.3502034819588186	0.3996134440780879	0.25018307396309364
0.35038120890930474	0.4008510180044117	0.24876777308628367
0.348330565204834	0.40081821170430615	0.25085122309085994
0.3515140387772938	0.4000520734808608	0.24843388774184547
0.3507051667915833	0.4002356400036329	0.24905919320478392
0.34889193587753287	0.40148921392918263	0.2496188501932846
0.35036402675642075	0.4009354095210532	0.24870056372252616
0.3493418839174938	0.4009169431111777	0.24974117297132858
0.34886259048977786	0.401897925356324	0.24923948415389824
0.34861558973700807	0.40167580417323634	0.2497086060897557
0.3496750467916315	0.39958003394474884	0.25074491926361975
0.34832445858442246	0.4011928573999548	0.25048268401562285
0.3500451962176948	0.399425646465577	0.2505291573167283
0.34994201950446235	0.40110918489140457	0.24894879560413322
0.34866237817073126	0.40080522122687007	0.25053240060239873
0.35017295294830075	0.40060003110765063	0.24922701594404867
0.35023516834574925	0.3995307958128076	0.2502340358414432
0.3492752556805907	0.4010132480773573	0.24971149624205213
0.35055230822609745	0.39957107287535015	0.2498766188985525
0.3496351746985906	0.40070051623093256	0.24966430907047696
0.3501293068567401	0.4003688854030571	0.24950180774020292
0.3497169932244661	0.40142922662024616	0.2488537801552878
0.3511165712088562	0.3993370857548248	0.24954634303631917
0.3512542969995326	0.4001044510450632	0.24864125195540435
0.34986761478996453	0.40003171049950237	0.2501006747105332
0.34997269469294884	0.4000837820310318	0.2499435232760195
0.3501649483618762	0.4001948518441142	0.2496401997940097
0.35092641247978174	0.3995484442781697	0.24952514324204872
0.35158716479588703	0.39998721038362456	0.2484256248204885
0.35006934800802414	0.3997434437933529	0.25018720819862306
0.3503912615880855	0.40009538163484876	0.24951335677706588
0.34962237722508205	0.40041819383086197	0.2499594289440561
0.34995609685319	0.4001287782690986	0.2499151248777115
0.3492083666308586	0.40038823902434983	0.2504033943447917
0.3513434005252689	0.39995780517265395	0.24869879430207723
0.3504689842679019	0.399757403071072	0.2497736126610262
0.35090848202072217	0.39978774539772277	0.24930377258155517
0.3489005434514001	0.4002968320170092	0.2508026245315908
0.3504139656055537	0.3996925330401569	0.24989350135428948
0.350231468515527	0.39957041125767284	0.25019812022680027
0.3493950647237425	0.40029007474159883	0.2503148605346588
0.3505647648750725	0.39947788495819236	0.24995735016673526
0.34895550811585546	0.4008216667874849	0.2502228250966598
0.3484213731656529	0.401782965685794	0.24979566114855317
0.34947454458365584	0.40050115555314764	0.25002429986319663
0.3491954317520135	0.4009240740877219	0.24988049416026475
0.3491043638697862	0.4019674164892906	0.24892821964092335
0.3500264908948863	0.40083614241658505	0.24913736668852876
0.3488022534552	0.40146672563228186	0.24973102091251825
0.35127619400376564	0.39965046434978885	0.24907334164644562
0.3483495097726413	0.40082593644354664	0.2508245537838122
0.3486347901917462	0.4010580622399921	0.25030714756826183
0.34903590619107017	0.4004487259252707	0.25051536788365925
0.35098154387534314	0.400601787701907	0.24841666842274995
0.34963269884635595	0.4015836615134125	0.24878363964023167
0.3503894346762765	0.3998741143206662	0.2497364510030574
0.34964552418274064	0.39944491118796777	0.2509095646292917
0.349486979095337	0.4016603604165949	0.24885266048806814
0.34866114889887656	0.4011438914008269	0.2501949597002966
0.35012558506364644	0.4001878007654418	0.24968661417091187
0.34975396432604733	0.40001386421617025	0.2502321714577826
0.3490494157746817	0.400321546565777	0.2506290376595414
0.3504508899069193	0.4000983036381807	0.2494508064549001
0.3494006368085105	0.3998316823484077	0.2507676808430819
0.3509051395371622	0.39975166549676144	0.24934319496607646
0.3497369750599449	0.4005401021195852	0.24972292282047004
0.349120438826947	0.40071706453415745	0.25016249663889567
0.3493393651574951	0.4009899147460583	0.24967072009644675
0.34866334545246136	0.40145123829706675	0.24988541625047206
0.3509601671887914	0.4000294832873034	0.24901034952390527
0.35142714816485615	0.39952079564948045	0.24905205618566348
0.3499969170706717	0.39941995152047177	0.25058313140885663
0.3487991831900697	0.4014931260647708	0.24970769074515964
0.35150370061593533	0.3999747680646287	0.24852153131943605
0.35143903657332665	0.39954711306227	0.24901385036440346
0.35013406480393977	0.40069123127936224	0.2491747039166981
0.34952470435148525	0.4003324427303667	0.25014285291814814
0.35043871484856304	0.39945502154465456	0.25010626360678256
0.3492429639160345	0.40116797199890597	0.24958906408505965
0.35057133946155133	0.40062940163198735	0.24879925890646143
0.349660270865755	0.39977251109558737	0.2505672180386577
0.3515095051729717	0.39940498362629384	0.2490855112007346
0.35152054190630805	0.3999746481720058	0.24850480992168633
0.34922122739381817	0.40148240547323577	0.24929636713294623
0.3482565540892142	0.4009319279848248	0.2508115179259611
0.34851718154887007	0.40131468554178396	0.2501681329093461
0.3502349721609349	0.4003016441830365	0.24946338365602874
0.34988837710329085	0.4001199029801817	0.24999171991652755
0.3489152524427366	0.40164655670596094	0.24943819085130253
0.3505563701986109	0.40091522123195833	0.2485284085694309
0.3489507332604014	0.4015894170272106	0.2494598497123881
0.35038416957673574	0.4001989734180788	0.24941685700518557
0.34911530181336536	0.4018518420957975	0.24903285609083725
0.3485091460681423	0.40146316729817544	0.25002768663368236
0.3512875847475778	0.39965007778475087	0.2490623374676714
0.3495051826980698	0.39974145286742047	0.2507533644345098
0.34849452954709614	0.40072631959707994	0.250779150855824
0.3484474683875033	0.4010577617587051	0.2504947698537917
0.34916875922921103	0.4006532017976424	0.25017803897314667
0.35031858339598587	0.40052486618433414	0.2491565504196801
0.3485706755620649	0.4010784063785596	0.2503509180593756
0.3491989669252015	0.4015432719216182	0.24925776115318032
0.3499726154727275	0.39946041491569684	0.25056696961157576
0.3516141255511265	0.3997110740783887	0.248674800370485
0.3513912762154994	0.39946845593060293	0.24914026785389778
0.34986192020422335	0.4008753306691577	0.24926274912661905
0.35106557679806827	0.3994963401306322	0.24943808307129964
0.3513227644204303	0.3994226192421984	0.2492546163373714
0.3500192915666647	0.40064594950593346	0.24933475892740192
0.35079701190036094	0.3994754911800077	0.24972749691963142
0.34841405010147725	0.4007065461566417	0.2508794037418812
0.3494169182722292	0.4019732153199823	0.2486098664077886
0.34955252583611846	0.3997289733268561	0.2507185008370255
0.35156010895992656	0.3997654326297391	0.24867445841033442
0.35142434034835207	0.4000141037544688	0.24856155589717932
0.34930618743552855	0.40103751520375785	0.24965629736071374
0.34978424918705037	0.40136714168462717	0.24884860912832257
0.34966255745670155	0.3997817993754284	0.25055564316787016
0.35040640716069305	0.4000328872764518	0.24956070556285528
0.35095476040045487	0.40023701595597505	0.2488082236435702
0.34924726596222977	0.4004509170633729	0.25030181697439746
0.35081870495940887	0.3999528178389536	0.24922847720163765
0.34932598871653403	0.4009105045706988	0.24976350671276726
0.35031891982879554	0.4000931330262858	0.24958794714491878
0.3493418434096735	0.4001830414773418	0.2504751151129848
0.3508832114889663	0.4000767124811749	0.24904007602985895
0.35044340087345693	0.40063164375587	0.24892495537067313
0.34979874808067957	0.4014921235263491	0.2487091283929715
0.3484045453301128	0.40152815489946864	0.2500672997704187
0.3490647583088176	0.40185516132609694	0.24908008036508555
0.3503744713277402	0.3998827879648682	0.24974274070739172
0.34985527492520374	0.4016725748245781	0.2484721502502183
0.3491119981633946	0.4001887202762816	0.25069928156032395
0.34940995322819474	0.40108660002900415	0.2495034467428012
0.349687389843136	0.40124093253621773	0.24907167762064636
0.34985631036592524	0.40107695463581183	0.24906673499826304
0.3516247711914886	0.3996045536777767	0.2487706751307348
0.35035580354327517	0.3995060817529716	0.25013811470375336
0.3500518343804473	0.4006779679008868	0.24927019771866604
0.35044631022920425	0.40050307088078996	0.24905061889000588
0.35060854420232984	0.39963459125223266	0.24975686454543758
0.35062686624611616	0.40079940410546433	0.24857372964841967
0.3496253794310228	0.400703826981362	0.24967079358761535
0.34938755647237923	0.4005399415262851	0.2500725020013358
0.3515038288239353	0.3997504431114418	0.24874572806462297
0.34871327064563434	0.4004153974256312	0.25087133192873456
0.34975905304226984	0.40049392995438926	0.249747017003341
0.3513464612371435	0.399341507776683	0.2493120309861736
0.34870504194501306	0.4015657971391551	0.24972916091583197
0.3510395299645816	0.4005154261326767	0.24844504390274177
0.34955896470829995	0.40184383745360247	0.2485971978380977
0.34839809799191207	0.4017150385727905	0.24988686343529753
0.35061767852665393	0.40021026531974946	0.24917205615359672
0.3482303939590395	0.4017117308683184	0.2500578751726422
0.34979751466926345	0.4017991320847497	0.24840335324598692
0.34962599776000003	0.4012500260662203	0.24912397617377985
0.3493163336766611	0.40033658651562665	0.2503470798077123
0.3510117727579196	0.3997859841989635	0.24920224304311697
0.350685391264707	0.4002779420146534	0.24903666672063973
0.35078635790642804	0.4002667956334362	0.24894684646013587
0.3489476100615841	0.4014704854086866	0.24958190452972945
0.3486276465086615	0.4018808433479258	0.2494915101434128
0.34992528669299927	0.4005612158857179	0.24951349742128293
0.34939902268709666	0.40071785506559376	0.2498831222473097
0.35068288674555825	0.3994115969915004	0.24990551626294144
0.3498651607872408	0.3995913666507943	0.2505434725619651
0.3492928613972685	0.39979443504553114	0.25091270355720047
0.3510898978202234	0.3999151105116848	0.2489949916680919
0.3497883127670387	0.40053501013799425	0.24967667709496716
0.3499710067930869	0.3997688420470865	0.2502601511598267
0.3487429091224364	0.40134601683833776	0.2499110740392259
0.3487936774081618	0.4011849299476078	0.2500213926442305
0.3516158879430712	0.3995587300819136	0.24882538197501533
0.34989331211281577	0.4006812893337298	0.24942539855345452
0.3500389712203447	0.39993434338120737	0.25002668539844797
0.3490598798880155	0.4016246348137103	0.2493154852982743
0.34892191540832607	0.4018652608499893	0.24921282374168474
0.3507811433660941	0.39949908845348425	0.24971976818042174
0.3495770447872232	0.4000545188728212	0.25036843633995576
0.3500605091405543	0.4001892169119198	0.24975027394752602
0.3496964289950705	0.39995868676044677	0.2503448842444829
0.3497103265643336	0.40054109489567963	0.24974857853998686
0.3506681026938911	0.3999198003136808	0.2494120969924282
0.3505066792359955	0.3997013071028643	0.24979201366114034
0.3494211521867826	0.4011288622009569	0.24944998561226056
0.3495299117355805	0.39996647117877315	0.2505036170856464
0.349806088934591	0.40178443106027745	0.2484094800051317
0.35082044887063873	0.400392885019079	0.24878666611028236
0.3490338227565896	0.40158672749545293	0.2493794497479576
0.3496354523955301	0.4007461745548106	0.2496183730496594
0.35018219640852155	0.4013180530894793	0.2484997505019993
0.3501677725061321	0.4005229823681819	0.24930924512568609
0.3494237276195422	0.4003228822905776	0.25025339008988035
0.34898115057083384	0.4001053772306202	0.2509134721985461
0.3491270327467594	0.4011566608872939	0.24971630636594683
0.3482806244689353	0.40196626052814155	0.24975311500292321
0.3483028848855318	0.40196295176458385	0.2497341633498844
0.35016098701099313	0.40114398600546275	0.24869502698354426
0.34944094319659347	0.4005215613501967	0.25003749545320997
0.34902207171889543	0.4019125569891344	0.24906537129197026
0.3507224574089071	0.4002471328786202	0.2490304097124728
0.3509399028684681	0.4002426303249332	0.24881746680659883
0.34965032328031426	0.40042697011808137	0.2499227066016045
0.3512737698053121	0.39987159087397456	0.2488546393207135
0.34898264914242866	0.40031108133152893	0.2507062695260426
0.3495436863290366	0.40097275123835097	0.24948356243261252
0.3482997151972354	0.4011207029458226	0.2505795818569422
0.3482776244971156	0.4018126720414508	0.2499097034614337
0.35141846808116384	0.3993476265878404	0.24923390533099593
0.35003129911852965	0.3995386313163929	0.2504300695650776
0.3503830521198553	0.40082297071163747	0.24879397716850732
0.34843402440172433	0.4014381621161601	0.25012781348211566
0.3496112444833783	0.4017937553189577	0.24859500019766406
0.3494844680957819	0.4019195772600622	0.24859595464415604
0.3500755240727227	0.4009665120029079	0.24895796392436953
0.348233236428153	0.40173006407499323	0.25003669949685386
0.3507318781217953	0.4005433611793979	0.2487247606988069
0.3495896727693199	0.4009043580208451	0.24950596920983503
0.35099000147202397	0.40049399451051154	0.2485160040174646
0.3498562767210609	0.3999541760509181	0.2501895472280211
0.34869882024892784	0.4012025645627347	0.2500986151883376
0.3501284084744043	0.39966487340397683	0.250206718121619
0.3492475402289321	0.40124526473244976	0.24950719503861823
0.3503828551303972	0.40011709810358675	0.24950004676601611
0.3506887408561972	0.40063504207857814	0.24867621706522475
0.35002774922066654	0.401516016858775	0.24845623392055854
0.3503411327961551	0.3995328737733255	0.25012599343051956
0.3486755977762314	0.40191753955480747	0.24940686266896117
0.35030600115270877	0.4001715894382153	0.24952240940907608
0.34950509826593507	0.4014288140332928	0.24906608770077232
0.35039688763244975	0.4004911491783754	0.24911196318917495
0.34939656138288355	0.4000580933817379	0.25054534523537864
0.34948512252713004	0.4013888048782813	0.24912607259458874
0.3490732836385471	0.4006608801882936	0.2502658361731594
0.3484514796217618	0.40190878042401595	0.24963973995422234
0.3488991513921955	0.4015104804080887	0.24959036819971592
0.3516165371117287	0.3996416005547397	0.24874186233353174
0.35101311480936137	0.3998958713317263	0.2490910138589124
0.35069499092252343	0.40040678702580207	0.2488982220516746
0.3500930228995546	0.399432335589857	0.2504746415105885
0.34919751473472155	0.4011193889309752	0.2496830963343034
0.34945759248707353	0.4016467400625485	0.24889566745037808
0.34987601363472387	0.40147055172519786	0.24865343464007839
0.3483446473937119	0.4011532005078794	0.2505021520984088
0.34942398307971917	0.40155233449388933	0.24902368242639164
0.35127074394406893	0.399651007666981	0.2490782483889502
0.3495222900168079	0.4000439653189341	0.25043374466425816
0.35142551150218554	0.3996687942516403	0.2489056942461743
0.3483442668966105	0.4015095402390563	0.2501461928643333
0.35064247428982087	0.39953081946439034	0.2498267062457889
0.3492880450724273	0.4002644623732847	0.25044749255428805
0.3491437909934172	0.40130040781516857	0.24955580119141435
0.35029850245709226	0.4007779884044731	0.24892350913843472
0.3507598306908406	0.3999471120398427	0.2492930572693169
0.3504288905752786	0.40095999241951846	0.24861111700520308
0.3490820144074166	0.40070404341695864	0.25021394217562487
0.3514422508569837	0.39973780378622903	0.24881994535678736
0.3514465579739626	0.39971918722010036	0.2488342548059371
0.3490165995633749	0.40113291064087925	0.24985048979574603
0.34869313324570345	0.40180064388227926	0.2495062228720174
0.35067266657177915	0.40056666216686904	0.24876067126135187
0.3486771209092443	0.40196765579625154	0.2493552232945042
0.35100125523903586	0.40048067361405704	0.2485180711469072
0.35013357579863735	0.3994970319964476	0.25036939220491516
0.3495118718934713	0.40006063503556993	0.2504274930709588
0.348634198565041	0.40160571383354005	0.24976008760141905
0.3486379259939596	0.40086099394575303	0.2505010800602875
0.35051163065906404	0.4001019278075104	0.24938644153342565
0.34825905540157487	0.40116271444371276	0.2505782301547125
0.3490312308404678	0.400699210135844	0.25026955902368836
0.348845911071362	0.40039945413124556	0.2507546347973926
0.3487848572533012	0.4010926067876942	0.2501225359590047
0.3497380890215537	0.4009457558637375	0.24931615511470898
0.34957046897475935	0.40060215492513646	0.24982737610010428
0.35015297247154553	0.40100711212223983	0.24883991540621475
0.3489176966058975	0.4015796483145628	0.24950265507953984
0.3495056393673859	0.4014453779503153	0.24904898268229894
0.3484409783522883	0.4018990621490195	0.2496599594986923
0.34899588981536583	0.4018130052093657	0.24919110497526858
0.34921942723451005	0.40038964595127924	0.2503909268142109
0.34889282957184253	0.4017500230625564	0.24935714736560116
0.3491747332619776	0.4014373625054586	0.2493879042325639
0.34997206224267835	0.3995119923757646	0.25051594538155714
0.3510537723494266	0.40025490809867825	0.24869131955189527
0.3502986357159694	0.40129144402264105	0.2484099202613896
0.34938257712526183	0.401410332613392	0.24920709026134635
0.3496544246418313	0.3994882558706643	0.25085731948750456
0.35110561326699935	0.39943016196375203	0.24946422476924868
0.34874747872347495	0.40123865175904205	0.25001386951748317
0.3495483312589181	0.40049447107415875	0.24995719766692331
0.3495396708786638	0.4002856432388174	0.2501746858825189
0.3500987334949052	0.4010590445834248	0.2488422219216701
0.34872422257155433	0.40046529472240633	0.25081048270603945
0.34936238891433036	0.4007857835674883	0.24985182751818144
0.3502076924279025	0.400490785129604	0.2493015224424936
0.34953110845454594	0.400088641379029	0.2503802501664252
0.3491927273954053	0.4006401863510851	0.2501670862535097
0.3489143739705936	0.4012531263227356	0.24983249970667087
0.34969714332123686	0.3997890581288585	0.25051379854990474
0.34884273992761383	0.401050916081114	0.25010634399127235
0.35134455933325	0.39981949553717655	0.24883594512957358
0.3484980764400475	0.4016112061538074	0.2498907174061452
0.35015030643461975	0.3993373058350013	0.25051238773037904
0.3497841981081691	0.3996784779501795	0.2505373239416515
0.3499381581986871	0.40086751048497316	0.24919433131633983
0.3491486867761084	0.4016961144476354	0.24915519877625625
0.34993254826806075	0.3993576648343676	0.25070978689757184
0.3494887887607536	0.4017260457626485	0.248785165476598
0.35017778504104763	0.4004504570570647	0.24937175790188773
0.3491389829087735	0.4007870980675882	0.2500739190236384
0.35050919865876207	0.3999287246984964	0.24956207664274171
0.34828676596578273	0.40113854040300134	0.250574693631216
0.3497729923370067	0.3996805163185361	0.2505464913444573
0.35004421627008553	0.3996371769450042	0.25031860678491036
0.3488650359242441	0.4009041433686935	0.2502308207070625
0.3489609030460978	0.4008981966539881	0.2501409002999142
0.34997467665597803	0.39962481221324364	0.25040051113077844
0.35117983572942796	0.39958132590072987	0.24923883836984229
0.3487430327794271	0.40098326889128194	0.2502736983292911
0.34991482311371974	0.40021224723245075	0.24987292965382962
0.34915626999401506	0.40021895529204365	0.25062477471394146
0.3486066045690953	0.40083829459085346	0.2505551008400513
0.3501622553342413	0.39951892180157367	0.25031882286418516
0.34949544026361457	0.4004019465695138	0.25010261316687177
0.348445845983335	0.4007621378915572	0.25079201612510793
0.34962024377553436	0.3996740824448529	0.25070567377961284
0.3498684557870591	0.39957140598942	0.250560138223521
0.350934176350112	0.40009361055304526	0.24897221309684286
0.3508983238964908	0.4001955896421319	0.2489060864613774
0.3508246050253524	0.4006485548353551	0.24852684013929255
0.34896852741829865	0.40106373289530395	0.24996773968639757
0.3492775705625282	0.3998574847119299	0.2508649447255421
0.3499182484703953	0.40057357337265204	0.24950817815695273
0.3482769246109188	0.4009543552620538	0.2507687201270275
0.3499524980687422	0.4000332640304948	0.25001423790076316
0.3509948118897288	0.39937609960808784	0.24962908850218346
0.34924517936566174	0.4001252417469787	0.25062957888735965
0.3509845995206197	0.39964427923572743	0.2493711212436529
0.34936245148842004	0.40026856194226945	0.2503689865693106
0.3498586804678862	0.40069946862858097	0.24944185090353294
0.34990068819491066	0.3996493048253978	0.2504500069796917
0.34893842370140343	0.4003831240974983	0.2506784522010983
0.35105242415046306	0.40028867617705227	0.24865889967248478
0.3500085264892162	0.40153647323132957	0.24845500027945433
0.34952762457702535	0.40166901655636583	0.24880335886660895
0.3499234127259829	0.3999192446354578	0.25015734263855943
0.3492231680354917	0.40089409497801565	0.24988273698649283
0.3487629907916655	0.4004177682517231	0.2508192409566115
0.34924295189587506	0.40149011275217183	0.24926693535195318
0.35036462267059787	0.40118887763633326	0.24844649969306892
0.350063802523789	0.4002749434130819	0.24966125406312922
0.3484358790894688	0.40087866776705555	0.2506854531434757
0.3516025355807828	0.39970134186610673	0.24869612255311052
0.3496089437657736	0.4003983756125567	0.2499926806216698
0.34946729879973193	0.4014727217611281	0.2490599794391401
0.35055300922078547	0.400728268905281	0.24871872187393368
0.3494202107266663	0.4000333704667405	0.25054641880659334
0.3487817783251165	0.4009020109973226	0.2503162106775611
0.3491763072888752	0.40171792521244665	0.24910576749867824
0.35099458885404844	0.4005009492750464	0.24850446187090522
0.349105182407772	0.4007167321913452	0.25017808540088293
0.34988086693546355	0.400437071396887	0.24968206166764959
0.350927571032048	0.4001443127482794	0.24892811621967273
0.3501478801334533	0.3999204153772178	0.249931704489329
0.3495942444580512	0.4009251716550398	0.24948058388690908
0.3497047599483111	0.39941038763526865	0.25088485241642033
0.35019041702863474	0.39955495004821673	0.25025463292314865
0.3492773402184229	0.4011600986237355	0.24956256115784176
0.35022917507400164	0.39964662992119593	0.25012419500480254
0.3495935944630883	0.39982367723845885	0.250582728298453
0.3512488959259365	0.400308414917509	0.24844268915655462
0.3507845869695835	0.40064224167511353	0.2485731713553031
0.34982248202586463	0.39977487906101367	0.2504026389131218
0.3501951890248816	0.4009984952680243	0.24880631570709422
0.34992282171488714	0.3994901829723229	0.25058699531279005
0.3485708215752038	0.40067241409084475	0.2507567643339516
0.35043194570466885	0.4006831217557559	0.2488849325395754
0.3489382215433053	0.4015939993003441	0.24946777915635066
0.34879381916092306	0.40161611840967204	0.24959006242940496
0.34907098743401116	0.40150623095467153	0.24942278161131742
0.3497494100589666	0.39981695213149265	0.2504336378095408
0.3494106726334763	0.4003900979449332	0.2501992294215906
0.35021273124531427	0.4007864973356453	0.2490007714190406
0.3482598829429513	0.4017930941406783	0.24994702291637047
0.34971805242869825	0.40101621554821093	0.24926573202309094
0.3491450941642614	0.400805859534915	0.2500490463008237
0.3507233757868505	0.40047261128310707	0.24880401293004253
0.34838584643097215	0.4015490679155605	0.2500650856534675
0.3502472679283497	0.40133901283433965	0.24841371923731076
0.3513618540318306	0.39949956924031166	0.24913857672785783
