0.18514926477774765	0.2572832275277594	0.557567507694493
0.1670291010076303	0.33664870291169785	0.49632219608067196
0.17362104451257362	0.28885388573851534	0.5375250697489111
0.17544658474969071	0.27672917523343876	0.5478242400168706
0.18328042964425406	0.3201134708759808	0.4966060994797653
0.17026680754336568	0.3338208567827201	0.49591233567391435
0.17453366344181354	0.2811053490835086	0.544360987474678
0.177783174976219	0.25372448574208734	0.5684923392816937
0.16862312467928822	0.2723125434344266	0.5590643318862852
0.17005102560526453	0.3059832287592218	0.5239657456355138
0.1870305880922602	0.2936396807116254	0.5193297311961145
0.18725784895451358	0.27802850484920855	0.534713646196278
0.16991109138575072	0.31957150805009527	0.5105174005641542
0.17791393551827414	0.2536964222530768	0.5683896422286492
0.19305243378289677	0.2865376897000016	0.5204098765171017
0.18982534846651455	0.3050249352631098	0.5051497162703757
0.19241882951721778	0.3126941853927868	0.4948869850899955
0.1708759177467668	0.27974708575659124	0.5493769964966421
0.17711028102718737	0.29346634508984376	0.529423373882969
0.184078648383868	0.26188133299056054	0.5540400186255716
0.18515050306701059	0.30470488405128565	0.5101446128817039
0.19170086096565042	0.29336872290929855	0.5149304161250512
0.18240734130115394	0.2318548136140668	0.5857378450847794
0.1698683012125783	0.24670389473619747	0.5834278040512244
0.19155482760596793	0.26425065699714567	0.5441945153968865
0.16900031698680243	0.2585152295161565	0.5724844534970411
0.19512955343471763	0.3069750006535948	0.4978954459116877
0.16992494319924928	0.3216365391028605	0.5084385176978903
0.18795067281773112	0.3063286844316419	0.5057206427506271
0.1771811396683849	0.23737778810469767	0.5854410722269174
0.16729175554661685	0.2595769839912977	0.5731312604620855
0.17761328249179284	0.267173621899242	0.5552130956089653
0.17888920707772693	0.29033420161739465	0.5307765913048785
0.19745373638863575	0.3049114882476351	0.49763477536372924
0.18351112613691306	0.3072818713071045	0.5092070025559826
0.16688724980721784	0.31132104148593637	0.5217917087068459
0.18351818586442784	0.27104715288285985	0.5454346612527124
0.18024112746085694	0.2566445323315299	0.5631143402076133
0.17319857728851124	0.28021265895835673	0.5465887637531321
0.19380372514978242	0.298850508359359	0.5073457664908587
0.1914995438127517	0.3131040431136243	0.49539641307362414
0.17084077641629486	0.25260432594984217	0.5765548976338631
0.1955152631785496	0.23437434923988326	0.5701103875815673
0.19208324688243308	0.2903813473353195	0.5175354057822475
0.18184352936328943	0.32308112151057605	0.4950753491261346
0.16877600223635972	0.31373583375987135	0.5174881640037691
0.171603110303783	0.3268470801829978	0.5015498095132194
0.1883573739199664	0.29950106566762424	0.5121415604124094
0.18830156019235952	0.2871901469295853	0.5245082928780553
0.17132306575722137	0.30054966889788853	0.5281272653448902
0.17005210163951792	0.311518345111364	0.5184295532491182
0.19141700268335832	0.30070887801453744	0.5078741193021044
0.19435830466018028	0.30786569675031544	0.4977759985895044
0.1774948905653901	0.3243254694747365	0.4981796399598735
0.16847936162270927	0.31079462336934405	0.5207260150079468
0.18241231959959545	0.2335210085786957	0.5840666718217089
0.18475534246291012	0.23293450076342906	0.5823101567736609
0.19740751335692924	0.21473769275333734	0.5878547938897336
0.18540150228867378	0.24183761200749598	0.5727608857038304
0.1736738810584708	0.30770203791758244	0.5186240810239469
0.18392859294949168	0.2521938844190912	0.5638775226314172
0.1756979934908985	0.2789303825167485	0.5453716239923531
0.1859161907721463	0.2600175172083962	0.5540662920194577
0.1904159664791354	0.3019577018049826	0.5076263317158821
0.1942112929764884	0.23891524576084594	0.5668734612626658
0.18807675661347537	0.29735178432250453	0.5145714590640202
0.1889610942205253	0.28800408532027605	0.5230348204591988
0.18831071930258259	0.3166748640451561	0.4950144166522614
0.17078772276384585	0.32768497814358505	0.5015272990925692
0.1968550297746466	0.2424016546049576	0.5607433156203958
0.1850368138572863	0.23111916018504858	0.5838440259576653
0.1828037935068202	0.2292483420246289	0.587947864468551
0.19753261243560474	0.23531368710568956	0.5671537004587058
0.18598510705112983	0.27658769952918366	0.5374271934196866
0.1862030590724558	0.2313585518690486	0.5824383890584958
0.1860603308363686	0.30536805534128975	0.5085716138223417
0.19625970016424413	0.2883960141393382	0.5153442856964178
0.17339677661722797	0.26062414869581785	0.5659790746869544
0.19782533815521924	0.24269234634286024	0.5594823155019206
0.1839447915657279	0.3123197214399754	0.5037354869942968
0.18039652977722287	0.3222091885725786	0.4973942816501986
0.18437907636970288	0.24438932265612084	0.5712316009741765
0.17298918729240895	0.28780837765706874	0.5392024350505225
0.17205131300358883	0.2857808938296274	0.5421677931667839
0.19805306961367128	0.2549621556515307	0.5469847747347981
0.18239710222910488	0.27923898966263677	0.5383639081082585
0.18357800423377507	0.26285322575571907	0.553568770010506
0.17948966591415033	0.239381006529005	0.5811293275568448
0.1668255866005511	0.28013449400606544	0.5530399193933836
0.1982217315760098	0.24529647972335344	0.5564817887006369
0.17237386139043245	0.2616520315711163	0.5659741070384514
0.18671342854900577	0.24966857694900468	0.5636179945019897
0.19138153274300787	0.30181072005589343	0.5068077472010988
0.19634066896675414	0.28716998328416715	0.5164893477490788
0.1948210974625089	0.28217446954040104	0.5230044329970902
0.18404567417204978	0.30365406673622625	0.512300259091724
0.1774550427324497	0.29060420568042317	0.5319407515871273
0.16720021043067437	0.3178783310248969	0.5149214585444288
0.17785307845216752	0.23252461666682747	0.5896223048810051
0.19740676695253603	0.21364413130502008	0.588949101742444
0.1840879589770219	0.24803071856846542	0.5678813224545128
0.1815110846513109	0.271821435660725	0.5466674796879643
0.17030509987092146	0.25694271791757617	0.5727521822115025
0.1674625304889605	0.24222983306602666	0.590307636445013
0.1708135860086036	0.3089896289902987	0.5201967850010978
0.19207342801733948	0.3014957361942608	0.5064308357883999
0.1683219053533162	0.269182777879755	0.562495316766929
0.1690006176263319	0.3365495980477548	0.4944497843259134
0.1933817115211831	0.26950241287082866	0.5371158756079883
0.17072760912788482	0.32104553595045854	0.5082268549216568
0.1709155120325141	0.303534972352418	0.525549515615068
0.18124502897232264	0.31060729930482633	0.5081476717228511
0.17882953992300066	0.2765412366643273	0.5446292234126722
0.18801203626707563	0.2379539806897859	0.5740339830431386
0.16936426286873807	0.2674519515721933	0.5631837855590688
0.18832839232047122	0.23247503187924867	0.5791965758002802
0.1807966261872855	0.2981173130177708	0.5210860607949439
0.16697571170450923	0.27956893211601247	0.5534553561794784
0.18924778667808775	0.23540032431066749	0.5753518890112449
0.18011716856240212	0.2402826173670521	0.5796002140705458
0.1874457410132739	0.2698285628607992	0.542725696125927
0.17970322114075304	0.28691479138011966	0.5333819874791275
0.18292428822106965	0.2819729821182047	0.5351027296607257
0.1959156584333793	0.2988685233489351	0.5052158182176858
0.17414368244201284	0.321600778053766	0.5042555395042213
0.18785277716453802	0.31565515880435296	0.4964920640311091
0.18574022996171413	0.3048832250911532	0.5093765449471328
0.17324790239382043	0.32696970056296476	0.4997823970432149
0.19158065747626796	0.26373408582091007	0.5446852567028221
0.1722012109157088	0.25049354852804734	0.577305240556244
0.17265209590105687	0.2632547836855401	0.5640931204134031
0.19087752297707364	0.2998436802002815	0.509278796822645
0.1900324566604996	0.28555935638505175	0.5244081869544488
0.188256288354747	0.22311217731424404	0.5886315343310091
0.16837234671628123	0.2665619681497736	0.5650656851339453
0.19063333777466904	0.2590230202679812	0.5503436419573499
0.17785285683725674	0.25862293288855653	0.5635242102741869
0.17809022724327034	0.3153291138766924	0.5065806588800374
0.19236836613454894	0.22370102403355027	0.5839306098319009
0.1930755068808643	0.29791489581961234	0.5090095972995234
0.17579486101420183	0.2629717721339857	0.5612333668518126
0.19578498686734866	0.22053422411630796	0.5836807890163436
0.18473458328756243	0.24014377374048462	0.5751216429719531
0.1800382328427029	0.29405129680023645	0.5259104703570607
0.1744558238563901	0.2750521079325029	0.5504920682111071
0.1671767980019245	0.32143514110785126	0.5113880608902244
0.18150916558269542	0.2298598541311292	0.5886309802861756
0.19274833366813135	0.2503240847546626	0.5569275815772062
0.19255370100503003	0.273377502656353	0.534068796338617
0.19803308115004004	0.22944749176957424	0.5725194270803858
0.1676239444450547	0.3364793516273973	0.49589670392754814
0.18469002291236347	0.29646760438110825	0.5188423727065283
0.16882736096860262	0.2515089309624044	0.579663708068993
0.19101148620360828	0.30431427564511315	0.5046742381512787
0.18624085874974747	0.3105373060886771	0.5032218351615756
0.1891904880249783	0.31649248462484475	0.494317027350177
0.19765516291268756	0.28492216076050203	0.5174226763268105
0.18840592625090324	0.3030543327972477	0.5085397409518492
0.1859939298575525	0.2346852921411531	0.5793207780012946
0.17384883318292255	0.2623385673208787	0.5638125994961989
0.19514583952516237	0.2685921891010351	0.5362619713738026
0.18116092491412158	0.26629495499141836	0.5525441200944602
0.17683917943993469	0.24022242458794557	0.5829383959721198
0.16712413418622896	0.2797669491682664	0.5531089166455048
0.19138034659888836	0.25508848614077495	0.5535311672603368
0.19593853789622065	0.21695635549825731	0.5871051066055222
0.17369360861523994	0.3009482152299311	0.5253581761548292
0.17726067372548301	0.2711418669746102	0.5515974592999069
0.18976565217924354	0.284974326411479	0.5252600214092776
0.1895938153713352	0.2894435466335903	0.5209626379950746
0.17875831020071842	0.2636478121992628	0.5575938776000189
0.19693160449020725	0.2909110349851645	0.5121573605246283
0.1784487661296671	0.23845246021251076	0.5830987736578223
0.16959866195816636	0.27325369381096226	0.5571476442308715
0.18117865209229572	0.23672825231167338	0.5820930955960311
0.1840291439394417	0.24191349743863388	0.5740573586219245
0.17833139682939217	0.24295360684554845	0.5787149963250595
0.17646410375008956	0.2866976275868104	0.5368382686631001
0.18563565130787046	0.22475128415270357	0.5896130645394261
0.18943216610552072	0.2405715586886996	0.5699962752057799
0.17246192489075082	0.31114744998616056	0.5163906251230888
0.17334590002536923	0.32117787006699877	0.5054762299076321
0.17332634877008798	0.25495172912892294	0.5717219221009892
0.19595087380066264	0.21418392285813825	0.5898652033411992
0.19183118518378087	0.2190769075575427	0.5890919072586766
0.18141319002715114	0.2661709199042672	0.5524158900685818
0.17536014006524836	0.2853143277346265	0.5393255322001252
0.1825880632633066	0.22784524198380726	0.5895666947528863
0.17426753657578692	0.2460646451659847	0.5796678182582284
0.19635502527665544	0.2574913095652591	0.5461536651580856
0.18855873183783958	0.27847776696816473	0.5329635011939957
0.19616227804195194	0.2542339509727943	0.5496037709852539
0.19709083671675134	0.25540362510265463	0.5475055381805942
0.19102564911231476	0.24262363324935893	0.5663507176383265
0.1955874057543988	0.2322794044994032	0.5721331897461981
0.18687247558299547	0.31058765273585964	0.502539871681145
0.17972492559437583	0.3030056905093225	0.5172693838963017
0.19785409344455734	0.2714629627770837	0.5306829437783591
0.1793073554935579	0.24817022520028723	0.572522419306155
0.1748292604866747	0.27009055834104223	0.5550801811722832
0.16893463008875978	0.29055733572786624	0.5405080341833741
0.17642442916094297	0.24642047727066568	0.5771550935683915
0.19148730500193945	0.2376433363976213	0.5708693586004394
0.18131799870591236	0.24314939890307316	0.5755326023910146
0.19292048528003114	0.22074834886293665	0.5863311658570323
0.17771530357178086	0.2405118271438309	0.5817728692843883
0.18883082433880308	0.3000063431238469	0.5111628325373502
0.1864015567348969	0.27787491865193037	0.5357235246131729
0.1969153046303545	0.22016813569104027	0.5829165596786053
0.17381340944688123	0.29937604401851314	0.5268105465346058
0.1845470305216363	0.2440732419478414	0.5713797275305225
0.1978009424211853	0.22817703064376932	0.5740220269350456
0.1740312892492511	0.32383372258139426	0.5021349881693548
0.19190157421285303	0.2773246438525273	0.5307737819346198
0.1812750111498729	0.24347400121543414	0.5752509876346931
0.1846237742119078	0.22523945851247715	0.5901367672756151
0.1692260970962241	0.301828477682891	0.5289454252208851
0.1759386173837175	0.29052359948436085	0.5335377831319217
0.1978366085896998	0.28938895499383854	0.5127744364164617
0.18838115409727327	0.2978063924027457	0.5138124534999811
0.18318896090838158	0.31216879457523933	0.5046422445163792
0.19056617151064228	0.3151466993490991	0.49428712914025874
0.1721388149092543	0.31782995409474385	0.510031230996002
0.18142707639409578	0.25427832255494537	0.564294601050959
0.1890848289906006	0.2854839772166165	0.525431193792783
0.19497862638441874	0.2853685390653942	0.5196528345501872
0.19559808319030134	0.21669490453689474	0.5877070122728041
0.19399321970198954	0.24343970553421	0.5625670747638005
0.17662764780033524	0.3131910625166204	0.5101812896830445
0.16752844690594212	0.3198248554646853	0.5126466976293726
0.16963173256687078	0.3075244381310847	0.5228438293020446
0.1873788866647904	0.31371796956391784	0.49890314377129186
0.1864047181743737	0.2788995336396031	0.5346957481860233
0.16765211234104682	0.3176680836401882	0.5146798040187651
0.19255081571172766	0.2213926519464286	0.5860565323418438
0.17940366366757388	0.26785536320266967	0.5527409731297566
0.18908342945887213	0.2896310840818863	0.5212854864592417
0.18585777463133837	0.2698222807680669	0.5443199446005949
0.17538816887535075	0.24631224169004978	0.5782995894345996
0.17177938788506744	0.2553010803538044	0.5729195317611283
0.18710515648379253	0.2636513303054481	0.5492435132107595
0.1797795212504438	0.25716682837991245	0.5630536503696438
0.1886842852562694	0.3164501220002257	0.494865592743505
0.1761855791973631	0.2524234863205534	0.5713909344820836
0.16940530952855562	0.31574089956681256	0.514853790904632
0.18033627637726163	0.30247197432997264	0.5171917492927658
0.19599543087592025	0.22806745108597506	0.5759371180381048
0.16603282879521988	0.250190045255469	0.5837771259493112
0.18431400924583824	0.24209101881026604	0.5735949719438959
0.19056416937711224	0.3119583499505968	0.4974774806722911
0.19737761649251326	0.28240966609689555	0.5202127174105913
0.19382107454099531	0.22954644777914263	0.5766324776798621
0.1821398239827863	0.25326719712521717	0.5645929788919967
0.1788217885609993	0.31054537355896217	0.5106328378800387
0.1693423546870585	0.3024493114981764	0.5282083338147653
0.17299810486620903	0.3131813198800024	0.5138205752537887
0.17398531297996975	0.23757273960462053	0.5884419474154099
0.16894031669440518	0.3319481954082086	0.49911148789738635
0.18023257228271175	0.2860280421768687	0.5337393855404197
0.16954513893751808	0.3355958317658591	0.49485902929662295
0.17846410458315784	0.28594567957277933	0.535590215844063
0.18193004746985786	0.2937961364330322	0.5242738160971101
0.1844372574137009	0.28355132838597713	0.532011414200322
0.1884606303149285	0.29440113979063004	0.5171382298944416
0.1767704008775157	0.23961523116863306	0.5836143679538514
0.18184615264204163	0.3181347982096226	0.500019049148336
0.1761686449423676	0.25939522904362955	0.564436126014003
0.18746413550396945	0.23318936420845607	0.5793465002875746
0.19383445296873317	0.28132845653843375	0.5248370904928332
0.19525320135076152	0.2183170219832466	0.586429776665992
0.18236194782995568	0.2533778039541349	0.5642602482159095
0.19199067194860775	0.27796157311678943	0.530047754934603
0.18060513571076361	0.23379581895525087	0.5855990453339857
0.1873549613723851	0.23836464571423974	0.5742803929133753
0.18714148023065352	0.28058317681887607	0.5322753429504705
0.19430517498446312	0.27110517069865503	0.534589654316882
0.1850355687840255	0.2279705416356863	0.5869938895802883
0.16779217976249625	0.3079606431788659	0.524247177058638
0.19502702424338741	0.23537833348719778	0.5695946422694149
0.18451866971085945	0.2438910891020336	0.571590241187107
0.18387545638484828	0.2737500785732879	0.5423744650418638
0.1766968110462817	0.23449644315458362	0.5888067457991348
0.1773690303467441	0.32810604413901234	0.49452492551424365
0.18914742149279143	0.2816865275161181	0.5291660509910905
0.19338213099461032	0.2682027586022865	0.5384151104031033
0.1983127011224895	0.2401573793206655	0.5615299195568451
0.196777640160863	0.26559249099780224	0.5376298688413349
0.1920064406491154	0.2847887180308062	0.5232048413200785
0.19370225217103393	0.24147940573573978	0.5648183420932263
0.19773954599193602	0.267478015422551	0.5347824385855131
0.18085477234876687	0.26884131772146813	0.5503039099297651
0.16940682356113312	0.2513410717369014	0.5792521047019656
0.17828876598966797	0.23508970657986142	0.5866215274304707
0.1875862119592944	0.2650232514858355	0.5473905365548702
0.1769045292789496	0.32779577979165325	0.4952996909293973
0.16672007018351048	0.28186425145495825	0.5514156783615314
0.1739746846452837	0.2722280294542354	0.553797285900481
0.17176098074696303	0.30042705282946797	0.5278119664235691
0.19560971125762536	0.27518201698011113	0.5292082717622636
0.18140911161655565	0.2595970397309657	0.5589938486524788
0.17342242276114303	0.27381963792663727	0.5527579393122198
0.1779968111342848	0.25120146104348984	0.5708017278222255
0.19546051454418548	0.25045507061331107	0.5540844148425036
0.19372885751208274	0.21608571446090216	0.5901854280270152
0.1692177334653354	0.2840191025097558	0.5467631640249089
0.1774079034457876	0.3281674388937547	0.49442465766045773
0.19182232532822205	0.31122146668563266	0.4969562079861454
0.16653257310870917	0.2960759635978188	0.5373914632934722
0.17390361908246404	0.2745907808813516	0.5515056000361845
0.1721552297773039	0.25309408074873285	0.5747506894739633
0.18126309932763826	0.24660530729167246	0.5721315933806894
0.19361615910080904	0.2855799307858383	0.5208039101133528
0.18510823318254538	0.2384899825737548	0.5764017842436999
0.19528476468255307	0.2861567138383576	0.5185585214790894
0.17755216001831084	0.3118285623191163	0.510619277662573
0.17841978514433732	0.32050680151058625	0.5010734133450766
0.17117099790510176	0.29267263017635814	0.5361563719185403
0.1880040647136794	0.23408002966652203	0.5779159056197987
0.1672378363946131	0.33342068578097167	0.4993414778244154
0.19197354820609988	0.2694537295792113	0.5385727222146889
0.19784920308075676	0.250470474473625	0.5516803224456184
0.17618511631609673	0.24201529197546398	0.5817995917084394
0.19394914473786223	0.27357243721725794	0.5324784180448799
0.18550614829299006	0.24058208942640358	0.5739117622806065
0.19786712761128675	0.24878132572362677	0.5533515466650866
0.17623571648533665	0.32408149340346776	0.4996827901111957
0.16602597045612183	0.27665848783730457	0.5573155417065737
0.1951575729725175	0.31077325759888175	0.49406916942860085
0.17936289668649094	0.29320423325908196	0.5274328700544273
0.1884620414441698	0.22865338411313108	0.5828845744426993
0.19488708267318317	0.25799747888386815	0.5471154384429489
0.17961961016694253	0.2502059139517666	0.570174475881291
0.16907444189709392	0.2459402609126532	0.584985297190253
0.17037038582330294	0.3171283301580122	0.512501284018685
0.17086167049869164	0.3188715495352373	0.5102667799660712
0.181291567518821	0.2846977378432496	0.5340106946379295
0.17221522033970457	0.3070310217558667	0.5207537579044288
0.1708790614404347	0.31841649229032376	0.5107044462692417
0.1762339825786079	0.2939080399865069	0.5298579774348854
0.17537571200013222	0.3074488390041091	0.5171754489957588
0.18045471488422862	0.3077629661608486	0.5117823189549229
0.1675202149799533	0.24274496078163393	0.5897348242384128
0.17034598442718302	0.2766791225523603	0.5529748930204568
0.19718711390202848	0.2706546537572333	0.5321582323407383
0.18965885360561044	0.29046919220539735	0.5198719541889923
0.17273982027595017	0.25085049657423614	0.5764096831498138
0.17229714330389673	0.24031305088935012	0.5873898058067533
0.1961560558555902	0.23220582367015408	0.5716381204742558
0.17172360434567985	0.30797661339236715	0.5202997822619531
0.17006489215322615	0.27194735017467947	0.5579877576720944
0.1762995369718947	0.2947382872971494	0.5289621757309559
0.19544807270601075	0.2885117023369247	0.5160402249570647
0.1721630361258731	0.3047503491070448	0.5230866147670822
0.18906514176418462	0.26716679390805953	0.543768064327756
0.17077013885257117	0.26812364947729306	0.5611062116701359
0.19105546292685666	0.26913624363555433	0.5398082934375892
0.170470762748074	0.3176005397133842	0.511928697538542
0.17608045218167237	0.25421402344757954	0.5697055243707482
0.19275268550212957	0.30091466375348463	0.5063326507443859
0.178865174443554	0.23038419256720305	0.5907506329892431
0.18869115184520974	0.28533056969372095	0.5259782784610694
0.17599689358154222	0.23353605961656654	0.5904670468018913
0.18256776425285723	0.29656545071803053	0.5208667850291124
0.180404844890099	0.2932081191200831	0.526387035989818
0.18969726502490344	0.3015795322916112	0.5087232026834855
0.17161447547701028	0.26846221482216037	0.5599233097008295
0.1741475944096922	0.32354388347657753	0.5023085221137303
0.19357508558612674	0.30008356614227344	0.5063413482715999
0.1925993023408566	0.30647007336867865	0.5009306242904649
0.18294645170559903	0.3206069166711825	0.49644663162321856
0.1951504582515867	0.2380152894117589	0.5668342523366545
0.17670225337576367	0.29007479181114015	0.5332229548130963
0.18211617549485926	0.29049678893713277	0.5273870355680081
0.16838221760710864	0.2599063611575231	0.5717114212353684
0.18279446077854797	0.23151970172772157	0.5856858374937306
0.18028339881066333	0.32531033420361377	0.4944062669857231
0.18841859093171237	0.31714919738603553	0.4944322116822522
0.19769682323620416	0.3017817683245104	0.5005214084392855
0.19068797245669314	0.25547763287343594	0.5538343946698709
0.17392919688493325	0.28919250646353356	0.5368782966515333
0.17569056715006698	0.3227262839377335	0.5015831489121996
0.17977164059521544	0.2791523737128798	0.5410759856919048
0.17289934866694343	0.28814007544890513	0.5389605758841516
0.16648945029012144	0.2689914470154828	0.5645191026943959
0.1961794292523915	0.23188950488767718	0.5719310658599315
0.18653051495310388	0.2412146741823904	0.5722548108645058
0.18124720936341324	0.28245155397425703	0.5363012366623299
0.18081826334298237	0.25390798585521124	0.5652737508018064
0.17212729761948703	0.3331696551531738	0.49470304722733927
0.17746910464680113	0.3009402957755965	0.5215905995776025
0.19361480031371353	0.25333208919291056	0.553053110493376
0.18484292446587958	0.2609803025464005	0.5541767729877201
0.16720937407220823	0.2715350032073464	0.5612556227204455
0.17256212220895495	0.24741140130159517	0.58002647648945
0.18511808787511702	0.26693334467211405	0.5479485674527691
0.16674465555505774	0.2816578093084503	0.5515975351364921
0.196941424394601	0.23383447735256385	0.5692240982528353
0.16621503913899224	0.2925378588056547	0.5412471020553532
0.19267184168210372	0.264092792621261	0.5432353656966353
0.17347593302474362	0.3310080818162532	0.4955159851590033
0.18562977818301785	0.28784764442626803	0.5265225773907143
0.17705714000210393	0.3279826424364448	0.49496021756145137
0.1775591952982345	0.3273787178111051	0.49506208689066045
0.16944060916882328	0.2957413754407645	0.5348180153904123
0.1765251367614619	0.2822578545182576	0.5412170087202806
0.1684627004743853	0.2568236149200731	0.5747136846055417
0.17112458945617498	0.3286604411310435	0.5002149694127817
0.1880271323281704	0.3033358378732781	0.5086370297985516
0.17360142518920163	0.325116513759652	0.5012820610511465
0.17236488452189683	0.29121911489693464	0.5364160005811687
0.16761459022730274	0.3357360073291564	0.49664940244354094
0.19571980415040816	0.30078747470839295	0.503492721141199
0.18616074657207998	0.2504706477086965	0.5633686057192236
0.16837741624627275	0.31843364914053324	0.5131889346131941
0.16785394766831163	0.2741789630127642	0.5579670893189244
0.18666781822908576	0.22644758033142715	0.5868846014394873
0.16815821511007567	0.29170574526325554	0.5401360396266689
0.1717361522348129	0.3302159017107189	0.49804794605446834
0.17020486712081673	0.28195665006733533	0.5478384828118481
0.1784717061577035	0.23473623659932463	0.5867920572429719
0.17297263933030127	0.2855262631939854	0.5415010974757135
0.1736121422751771	0.24305666071050425	0.5833311970143188
0.17944349884257685	0.27192074357639845	0.5486357575810248
0.16937144509224297	0.273935743073087	0.5566928118346701
0.19166357897280664	0.2580821884646506	0.5502542325625429
0.18106091563544655	0.2283635774066954	0.5905755069578582
0.16850894845490674	0.25026801076735555	0.5812230407777378
0.18790653242179542	0.2905246246312269	0.5215688429469778
0.17953047796027918	0.3204648915298515	0.5000046305098694
0.17145222422993134	0.24573506463412792	0.5828127111359408
0.1699910287942909	0.25875229627198765	0.5712566749337216
0.18020331583174215	0.28669688727642617	0.5330997968918317
0.18120970920636376	0.269422194807916	0.5493680959857203
0.18109118905697905	0.2549157718950801	0.5639930390479411
0.17456150728617936	0.2761452540069034	0.5492932387069174
0.17898977997893945	0.2386381373098923	0.5823720827111684
0.18269792908829466	0.28701441325283844	0.530287657658867
0.1806710055967802	0.2697944490554966	0.5495345453477233
0.17850743918404888	0.2699855816545655	0.5515069791613858
0.17788980979187483	0.300216688145901	0.5218935020622243
0.1822705808253607	0.305987879993016	0.5117415391816234
0.1781842348231013	0.32231365924022926	0.49950210593666955
0.18679684505659733	0.31732237506550715	0.49588077987789564
0.18659093609732608	0.3096398096148398	0.5037692542878343
0.19294680454212434	0.284463545342018	0.5225896501158578
0.197235007879643	0.2864761227616476	0.5162888693587095
0.16653270851049456	0.24897611937066216	0.5844911721188434
0.16871847649238647	0.3317249478750101	0.49955657563260353
0.19227380653295378	0.27886378567190717	0.5288624077951392
0.1773629906619506	0.2876814077631863	0.5349556015748632
0.19707497769926344	0.25500155458417473	0.547923467716562
0.17909750853458503	0.23510056974668453	0.5858019217187306
0.18735410824149726	0.22282263681907957	0.5898232549394233
0.168364664030821	0.28088540518594823	0.5507499307832309
0.17739995622745533	0.30464472839678713	0.5179553153757577
0.18252309902884895	0.2411767292936389	0.5763001716775122
0.19222343285664922	0.23410967863084184	0.573666888512509
0.17734677989314068	0.24786673088797323	0.5747864892188862
0.19337174009826824	0.2725542693970821	0.5340739905046498
0.18990500893119844	0.2279357051182715	0.5821592859505302
0.1982010064251564	0.26343839492193555	0.5383605986529082
0.18980905933579248	0.22504106690798586	0.5851498737562217
0.19614886210824256	0.28743886429053117	0.5164122736012264
0.1822855967405658	0.30068624361057156	0.5170281596488627
0.18971888166665207	0.2975449098015011	0.5127362085318469
0.1951964350424996	0.2618186367924153	0.5429849281650853
0.1932039297137724	0.25657486379795064	0.5502212064882771
0.17009697898939186	0.3323266129371875	0.49757640807342074
0.18097253850811681	0.3103012560667122	0.5087262054251711
0.18359418078807818	0.23758061717041382	0.5788252020415081
0.1833209336664362	0.2329822795028523	0.5836967868307117
0.1828818564228708	0.25639134649990913	0.5607267970772202
0.18719615250601507	0.29448256858697236	0.5183212789070126
0.16862899945700355	0.26689928561092074	0.5644717149320758
0.16953541726911087	0.3201579440637299	0.5103066386671594
0.1767999288352783	0.29161069847170884	0.531589372693013
0.16853197579393964	0.2987800391181853	0.5326879850878752
0.19171792578059305	0.2598632461484254	0.5484188280709817
0.18811871161932398	0.2374154038022157	0.5744658845784605
0.18911144264799412	0.3044047800932244	0.5064837772587816
0.18512216649150942	0.3041487732449238	0.5107290602635669
0.1968414903002092	0.21333126712839806	0.5898272425713929
0.17668129692348353	0.28174081980052046	0.5415778832759962
0.1815545230997269	0.2607683985244155	0.5576770783758577
0.18264491275458816	0.26062235585459503	0.5567327313908169
0.19782726582257149	0.2972145058640611	0.5049582283133676
0.19105911415805055	0.22551275824149505	0.5834281276004545
0.1935822176794027	0.2751751737723255	0.531242608548272
0.18603702522794308	0.28406820555882306	0.529894769213234
0.17477624976320855	0.3265648334247365	0.49865891681205504
0.18088147280513583	0.2831632581664743	0.53595526902839
0.17913426749389877	0.2603921832707028	0.5604735492353986
0.18812476329678177	0.31061317012321316	0.5012620665800052
0.18094222631528284	0.24383434484166666	0.5752234288430507
0.19826635148535113	0.3058167571683653	0.4959168913462837
0.19598778758190244	0.24811274704798264	0.555899465370115
0.19148688988744855	0.22425113372368782	0.5842619763888638
0.18973806026697365	0.25168908358461567	0.5585728561484108
0.17540293474880955	0.30008545282440724	0.5245116124267832
0.1809612787809191	0.2503016132548087	0.5687371079642723
0.1686024388553747	0.262918380541184	0.5684791806034414
0.1791436279266165	0.3213971135672836	0.4994592585061
0.19542058303104956	0.284083980903165	0.5204954360657856
0.1718642158412455	0.30382022940031517	0.5243155547584395
0.17757762169617805	0.2842542509928488	0.5381681273109733
0.17179961409255984	0.31661144436642213	0.5115889415410182
0.1939184739838345	0.27868399991875353	0.5273975260974121
0.18888786325569137	0.27453699133598675	0.536575145408322
0.1728587883533833	0.2837014775491474	0.5434397340974695
0.1863990778849183	0.2577016549687987	0.5558992671462831
0.17258534601961295	0.3109166542983868	0.5164979996820004
0.19079846588870647	0.2245328525723731	0.5846686815389205
0.17071111178151882	0.32622563588857323	0.5030632523299081
0.18074078184479211	0.28935285486886786	0.5299063632863401
0.1740080582849643	0.27476810918461325	0.5512238325304225
0.17767859542299036	0.2375546921346805	0.5847667124423293
0.18803162399044862	0.2247582707083022	0.5872101053012493
0.1788599399591562	0.2546057466331404	0.5665343134077034
0.19463966023789997	0.2341284527945148	0.5712318869675853
0.19296307603435547	0.26598351760458483	0.5410534063610598
0.17381522185191078	0.2511588987485639	0.5750258793995254
0.17608185591598108	0.23695510034046324	0.5869630437435558
0.1674945917654134	0.29084615904986705	0.5416592491847196
0.1730935751627512	0.27867284233851086	0.548233582498738
0.1802005798385946	0.25824202834719945	0.561557391814206
0.18436254078309383	0.27648170067227046	0.5391557585446358
0.1925209207581356	0.2287211326486123	0.5787579465932522
0.1954156386460597	0.2315611216236745	0.5730232397302659
0.17344770534442122	0.3148567949130854	0.5116954997424935
0.19588788982854521	0.215587828004288	0.5885242821671669
0.19734937719818546	0.212743073169574	0.5899075496322407
0.19292699841519326	0.24369512147843733	0.5633778801063696
0.17239083143153214	0.27018500631933423	0.5574241622491337
0.1834677733880537	0.2324730341369804	0.5840591924749661
0.18384004926185207	0.304415787219069	0.511744163519079
0.19151183858911805	0.2687250447906398	0.5397631166202422
0.19192246076840075	0.3135912829090667	0.4944862563225326
0.17882499010149536	0.23202611894673592	0.5891488909517688
0.19567515196080393	0.24491282079450058	0.5594120272446956
0.18508711580633144	0.2673693410760626	0.5475435431176061
0.17112321579479756	0.2659436039281155	0.562933180277087
0.18427608890339242	0.28407623247445823	0.5316476786221495
0.18252950015450398	0.28191675488351886	0.5355537449619773
0.17925360361325496	0.26356573502627356	0.5571806613604716
0.16775637902722365	0.3035910683855073	0.5286525525872692
0.17393857699564247	0.26114632489046424	0.5649150981138934
0.18260189737848614	0.2329214296065189	0.5844766730149951
0.18145084673138762	0.2774353939573397	0.5411137593112729
0.19214980545467153	0.26637844082613493	0.5414717537191936
0.18013883906621914	0.27780361345047	0.542057547483311
0.1800316166810757	0.2760095744911689	0.5439588088277555
0.19312512443304122	0.23422886101312837	0.5726460145538306
0.1853480514834653	0.23592393558747893	0.578728012929056
0.19815508221790773	0.2114772377319764	0.590367680050116
0.19589436636196597	0.280198703355255	0.5239069302827792
0.17093879230679074	0.31447391396179725	0.5145872937314122
0.19020433004502138	0.2429095440286806	0.5668861259262982
0.19204554097078705	0.30006472306176407	0.507889735967449
0.18339793292213946	0.27588004639779545	0.5407220206800651
0.1854368247422473	0.2674346185334599	0.547128556724293
0.1672348051449415	0.30247049531795245	0.5302946995371062
0.1917365186988564	0.30520284798577857	0.5030606333153651
0.17696747791653544	0.24617561932454568	0.576856902758919
0.1916616811856973	0.3004811440602844	0.5078571747540184
0.180161473355527	0.2773581839756383	0.5424803426688348
0.1848674073586777	0.2751211524859279	0.5400114401553945
0.16761539334791212	0.32193661011024066	0.5104479965418474
0.18088470437212706	0.2592411929582697	0.5598741026696034
0.19173108243431747	0.2799616306123357	0.5283072869533469
0.17948102347290928	0.2788458706657375	0.5416731058613533
0.19244269918993984	0.29409867055352157	0.5134586302565387
0.16824798791011897	0.2836970183590475	0.5480549937308337
0.19307630523257693	0.2850689573835944	0.5218547373838288
0.17185054005663142	0.25536115929256104	0.5727883006508077
0.17348472427504338	0.3100936112597113	0.5164216644652455
0.17820398625484765	0.32609127796227744	0.495704735782875
0.17159930130656276	0.24021434035016387	0.5881863583432735
0.17660268101241988	0.23592507661246453	0.5874722423751157
0.17079064421419202	0.32250036238950297	0.5067089933963052
0.17514716313449855	0.24301495042989996	0.5818378864356016
0.17262557923385058	0.3148679584954983	0.5125064622706512
0.16697005747549964	0.3326161317700922	0.5004138107544083
0.18907806503057947	0.2828560609419604	0.5280658740274602
0.17296902092751554	0.3153372974778579	0.5116936815946267
0.1731863927453574	0.3115696266536463	0.5152439806009965
0.18601139770669556	0.23956316656137577	0.5744254357319287
0.1835740833882189	0.2900510972551114	0.5263748193566699
0.19349482210747151	0.21863146576938722	0.5878737121231414
0.1739348710088921	0.271356420776386	0.554708708214722
0.19021106415427924	0.22403073136047225	0.5857582044852486
0.1960079197832989	0.22650339285973095	0.5774886873569702
0.1688674448196637	0.30211715262724703	0.5290154025530893
0.19187785383111627	0.2742366295258364	0.5338855166430474
0.19819858061194423	0.21874903389191833	0.5830523854961376
0.17155759255035063	0.2567843875745063	0.5716580198751431
0.1881254239362733	0.2429877149570465	0.5688868611066804
0.1836342883013224	0.2556103499971181	0.5607553617015596
0.19228704145103911	0.2231610355330821	0.5845519230158789
0.18198445617010103	0.23489126457540835	0.5831242792544907
0.18937200228937812	0.29482590957029936	0.5158020881403226
0.1755698690556537	0.3240717108980129	0.5003584200463336
0.1902774486780342	0.26752936581515213	0.5421931855068138
0.1839164595400835	0.24065565835990255	0.575427882100014
0.1943214589871623	0.21970618890201407	0.5859723521108238
0.16659474379969672	0.32444941820047535	0.508955837999828
0.19507319788449567	0.224416055196666	0.5805107469188384
0.1767978854748052	0.2969577362289009	0.526244378296294
0.183408243855767	0.24808020914228612	0.568511547001947
0.18807673007173273	0.2962395991801285	0.5156836707481389
0.17409284091093508	0.317437792235204	0.508469366853861
0.16862184016177537	0.2610361326291063	0.5703420272091184
0.18080750313436134	0.31178741408903027	0.5074050827766086
0.18429026658384745	0.23786655761637188	0.5778431757997808
0.1771262538720365	0.2959635030055263	0.5269102431224373
0.1845727041710949	0.30445970463574434	0.5109675911931608
0.18250817312224057	0.230308621145629	0.5871832057321306
0.17497842088340101	0.2388651974739926	0.5861563816426065
0.18260018341149262	0.29170882465564474	0.5256909919328627
0.173767595292641	0.3101563854514303	0.5160760192559288
0.18038814370322337	0.3121197710279328	0.5074920852688439
0.18334532932177733	0.2549334117223983	0.5617212589558245
0.19753318202606815	0.2519658717379675	0.5505009462359646
0.19770526881511555	0.2423245336220938	0.5599701975627908
0.17662106543119777	0.30477334510750353	0.5186055894612989
0.17328211775861022	0.31581579027568274	0.5109020919657072
0.19791641845660862	0.22944858613335906	0.5726349954100325
0.1769742880689136	0.23362656045390834	0.5893991514771781
0.17948134935894738	0.2517945532002819	0.5687240974407708
0.16784483318986507	0.2993377012625317	0.5328174655476035
0.19329331464417127	0.3089322441215279	0.4977744412343009
0.18753737765754128	0.2625748797419705	0.5498877426004883
0.19119612554705254	0.2399557834268246	0.568848091026123
0.18674663705968203	0.2350527082733255	0.5782006546669926
0.16668741548262228	0.28860749483911824	0.5447050896782596
0.17062574496447672	0.24133566259834732	0.588038592437176
0.17197843885784767	0.26590577717574954	0.5621157839664029
0.1732942191580977	0.26972447821945056	0.5569813026224518
0.1739529184648278	0.2836587688738016	0.5423883126613708
0.18667559538211248	0.23321271457606696	0.5801116900418207
0.18198725600955679	0.32095882966197536	0.49705391432846796
0.17486262436274716	0.251495703780828	0.573641671856425
0.19823167488033588	0.22780503548812592	0.5739632896315383
0.1840806815487032	0.2932035517925428	0.5227157666587541
0.17647722666754523	0.23807269397147146	0.5854500793609835
0.18562560821086493	0.31297396868860566	0.5014004231005295
0.1805032870274454	0.2919158721267815	0.5275808408457732
0.18240760005599913	0.25711567456083223	0.5604767253831688
0.16738434050953732	0.2415934859174928	0.59102217357297
0.1689220870273665	0.33074607286121727	0.5003318401114163
0.1729529974958862	0.3123002347360946	0.5147467677680193
0.17539561527178252	0.32480927931066284	0.4997951054175548
0.18871579932396643	0.2937370885119238	0.5175471121641099
0.18610430520978719	0.3061998626892658	0.507695832100947
0.18974373155595803	0.25393791516041664	0.5563183532836254
0.17032520165154197	0.2413302638684661	0.588344534479992
0.1667170235201755	0.30935629122491126	0.5239266852549134
0.1801274127603322	0.3198648031669711	0.5000077840726969
0.1674143433463935	0.30613781114009386	0.5264478455135128
0.18101937046793468	0.2925654126143113	0.5264152169177541
0.17983143060939702	0.24758220789978558	0.5725863614908175
0.18990518331678535	0.24206624562625167	0.568028571056963
0.17479609915078698	0.2672160884646828	0.5579878123845303
0.1824352430914506	0.27181241215566787	0.5457523447528817
0.19562963519596185	0.3034839402064504	0.5008864245975878
0.16663222945306574	0.29836005121769604	0.5350077193292383
0.19453625556430268	0.27795443331549174	0.5275093111202057
0.18872916994298772	0.22241113713016442	0.588859692926848
0.1937122653032755	0.27252723051472105	0.5337605041820036
0.18166151413166615	0.26032776656900436	0.5580107192993295
0.1836722977225264	0.2482833167953573	0.5680443854821164
0.17528670496618137	0.2981631698870161	0.5265501251468027
0.17340765698609129	0.25240207053105074	0.574190272482858
0.17800609146805774	0.3033717138705323	0.51862219466141
0.19611983830157656	0.28302526249458365	0.5208548992038399
0.1839056105962828	0.26106113138271214	0.5550332580210052
0.1762680433626122	0.25406159572313636	0.5696703609142516
0.19068224157880453	0.30609389654234775	0.5032238618788478
0.17278377827507133	0.2509427799653431	0.5762734417595856
0.1976979575473442	0.24497508325087888	0.557326959201777
0.18815771170334317	0.22839507333866715	0.5834472149579898
0.1719431639264231	0.25107647941714395	0.5769803566564331
0.17750983883015162	0.24333856152367306	0.5791515996461755
0.16782873909723106	0.28481093101366156	0.5473603298891075
0.1959021913577065	0.21812658039882707	0.5859712282434666
0.18628928749696205	0.2422605315624822	0.5714501809405559
0.19679974682682658	0.25563131049884824	0.5475689426743253
0.1776637290115498	0.3132688524985224	0.509067418489928
0.19136401682414622	0.2742664887662942	0.5343694944095596
