0.18914036990890012	0.07095347643166627	0.2648743444369237	0.1897208196354744	0.28531098958703527
0.20364347227065077	0.07945493089841861	0.32139551776480896	0.12054218585950222	0.2749638932066192
0.24542023359169413	0.06263875678859201	0.30598181400404534	0.12297598053397515	0.26298321508169314
0.26406011821397024	0.06508788381682826	0.2496854377817356	0.12985609163866524	0.2913104685488004
0.18222415647142948	0.07326903177502855	0.2754502930664279	0.19062592407684387	0.27843059461027
0.28036612365215924	0.05935894886936821	0.37034067593308334	0.15830393303162993	0.131630318513759
0.17408948255378584	0.07116435267398047	0.3094069229038859	0.18748426592939668	0.2578549759389509
0.2542698820955924	0.06761349592883736	0.3794752003254719	0.1184443341722446	0.18019708747785346
0.24113092594069782	0.06705819044782926	0.2467370894775401	0.16833291106890347	0.2767408830650291
0.22124528989211023	0.06231949014396307	0.33608284490334095	0.14420066541183754	0.236151709648748
0.20331669507503602	0.08586722735340292	0.37391975981099657	0.12000085865129789	0.21689545910926636
0.26671679307532903	0.06977642176495744	0.31493624732924835	0.18497132519800047	0.1635992126324645
0.21867390537457979	0.058685970386468805	0.3577713208630994	0.17996003813840375	0.18490876523744804
0.2344389035749115	0.07493389040535364	0.37743702313473737	0.13115715252430316	0.18203303036069415
0.18624366118379856	0.07964151471514178	0.37885671155125644	0.14664038707041294	0.20861772547939003
0.20097262134920102	0.08034470192788333	0.35558274269187384	0.1862636275298147	0.17683630650122684
0.21664314052081057	0.08127625782808956	0.27908257216343346	0.18528986912111253	0.23770816036655362
0.19258453068834214	0.07885903705718048	0.319135042233215	0.12323108222105651	0.2861903078002057
0.17696472718658382	0.082683106861201	0.3185442312207799	0.18152155256347682	0.24028638216795828
0.2072790899545338	0.062343085885105565	0.25715060380432053	0.1312727057875233	0.34195451456851655
0.20470714313880536	0.06656001694309616	0.24467374400417818	0.12661662305742805	0.357442472856492
0.23263219585174338	0.07004540243282892	0.35981441841821205	0.1374231687137984	0.20008481458341695
0.19826087194475456	0.07115491284952277	0.2905617175717671	0.15017385790475274	0.2898486397292026
0.22672366755451642	0.06652475996981624	0.2371566202593566	0.1802465771896949	0.2893483750266156
0.18506606960039843	0.060085949370706576	0.36523675710269016	0.18015518837797298	0.20945603554823164
0.265402704569594	0.06614924654016086	0.33064678726808083	0.18577985723578644	0.15202140438637768
0.2357095105039201	0.06295116572669415	0.3727913778048544	0.14708893939247827	0.18145900657205274
0.2740283161779904	0.08729657601981738	0.2551935565345216	0.1326681914331196	0.25081335983455083
0.209881619629923	0.063542708868434	0.23618930128851334	0.15834945608244605	0.33203691413068337
0.18093262610816221	0.06566441004040682	0.2854574291794416	0.12570415225536924	0.34224138241661994
0.27434511107542514	0.07322497576140091	0.380093836258102	0.13914042411664504	0.1331956527884266
0.2788883145378461	0.056345507459087146	0.3300259234109294	0.128959096685888	0.20578115790624912
0.22293411467146046	0.07004632099253844	0.3354933102465844	0.14181190553715117	0.22971434855226527
0.21257935291292948	0.059104014859057946	0.3040864649699663	0.18118134449761197	0.24304882276043413
0.27585850945047197	0.07520250466077155	0.25244700382243535	0.16101723962276532	0.2354747424435556
0.27769796743726316	0.08430424842112044	0.36708862589826846	0.13837962444953011	0.13252953379381757
0.22569119837404247	0.08437532318189547	0.3233996164207759	0.17734964640680562	0.18918421561648033
0.1923822502947819	0.06727969670613812	0.2693162094768774	0.18859599110677486	0.2824258524154275
0.19298144317916285	0.08192256885986926	0.2921930286724289	0.11958723906406854	0.31331572022447024
0.205632171818006	0.07762622720903169	0.2843694414784927	0.12999011344907435	0.3023820460453951
0.25777165002448715	0.08424334781483786	0.2391046005550768	0.17542238209746774	0.24345801950813017
0.17382100956857285	0.08070281794388012	0.3717715509999949	0.12666172321209745	0.24704289827545448
0.17487402041354316	0.06540195792037296	0.25927721026833167	0.14405940449782872	0.35638740689992326
0.21702927600080213	0.07526717227674601	0.2530458961284375	0.13490960365192883	0.31974805194208533
0.2503612390442966	0.06301435444693332	0.37209369499438716	0.18891647172141457	0.1256142397929681
0.21411121256130844	0.07123936839717365	0.24186026907900898	0.1483598541774601	0.32442929578504864
0.19446750695547182	0.06496635683124607	0.343125072026238	0.13162434409017526	0.26581672009686863
0.2689441353470752	0.060653626729879784	0.30257074912385545	0.17878385387165796	0.18904763492753143
0.28035909774037526	0.07281344686869634	0.2555528882061439	0.1274866649445376	0.2637879022402467
0.21080417461792245	0.062201038537409825	0.3082998845214767	0.18621152510058028	0.23248337722261048
0.22230345424538522	0.07693653736205253	0.3027500875543249	0.17083082647716663	0.2271790943610705
0.2031712294319069	0.08481663364608784	0.37969408209939814	0.15296315066512323	0.17935490415748362
0.23789702402214769	0.06811541559450779	0.35026814822641983	0.16992737546848743	0.17379203668843698
0.19738946089819817	0.08469884496385083	0.2927715897372073	0.18355401601850807	0.2415860883822354
0.25159789262687376	0.06271629870764775	0.34992814234037845	0.1513039610138624	0.1844537053112374
0.2084840299547548	0.06771449761053155	0.2451257400372644	0.18368943753494998	0.29498629486249905
0.2726422513340812	0.0774626595791144	0.2569428484028883	0.15446866478287932	0.23848357590103653
0.18930961181128833	0.07374961364028215	0.2421568358631761	0.16652624178672967	0.3282576968985236
0.2101957319988372	0.07713315215441945	0.3190845879394475	0.14815465877632467	0.24543186913097098
0.21151065402241634	0.058962430640799784	0.29336343467293136	0.13470798230276693	0.30145549836108537
0.19696888975604493	0.08294846824279072	0.3694061186165546	0.17243157412679705	0.17824494925781253
0.2496477589733471	0.07032721417997692	0.36630073525196183	0.1798124096564626	0.13391188193825126
0.2763523480643797	0.08179026392895425	0.23697927450401707	0.18203836514329172	0.222839748359357
0.2036864181951729	0.06027577945496698	0.3658179971274722	0.15474950570773519	0.2154702995146525
0.2032732579299405	0.08557417421631171	0.2717988266977287	0.17836733681547645	0.2609864043405424
0.2761586328146107	0.06937306096231904	0.27169659534001905	0.14868980756434846	0.2340819033187025
0.18976463774466898	0.08615410304435653	0.24655460378794242	0.18563415738742758	0.29189249803560424
0.1899673494076033	0.07530266955855926	0.31995605165234015	0.14574888337703532	0.26902504600446175
0.2767687068618908	0.07089337052239392	0.3421740460243996	0.1764776361263696	0.13368624046494584
0.27578663197579256	0.06328109193530018	0.35716337308813184	0.1289965821476676	0.17477232085310757
0.17901467104280466	0.07910839134437372	0.26473542832038166	0.1827356843286053	0.2944058249638344
0.18465512408503826	0.07586735683670168	0.23985466286314483	0.13182140633638334	0.36780144987873165
0.24712932107686122	0.0874784421132494	0.3451042182313971	0.16006919957555546	0.16021881900293655
0.19473942603893532	0.07658454595707129	0.36922799474191437	0.18872088629657577	0.17072714696550303
0.21442581594966229	0.06784885783592337	0.3783196504794212	0.12661083798962958	0.21279483774536337
0.24541446750542067	0.06873921933240121	0.2618947279315893	0.17447074083262903	0.24948084439795953
0.23944666816745613	0.06566551147820487	0.35511830023408864	0.12802564751505047	0.2117438726051997
0.20115029501380324	0.07957302598222529	0.3578982972237502	0.1595786380994512	0.20179974368076986
0.17991435702763772	0.08128278426179701	0.2767734393908713	0.1533604083639849	0.3086690109557088
0.2483536368487972	0.08505391697935344	0.24623044673500205	0.12485904982214487	0.2955029496147022
0.17676988445899733	0.07035184767669578	0.3226344667968394	0.18076312850972942	0.24948067255773787
0.23010557598156184	0.06402179981454065	0.266652732762018	0.15297391320714895	0.2862459782347303
0.1769194596687107	0.06742245281306214	0.2886207464601923	0.11985349081946378	0.3471838502385709
0.21406898992091317	0.061285054673630435	0.29780375650286883	0.11860310414431732	0.30823909475827
0.24467410171751341	0.05787551321281978	0.24836304221843758	0.12344154061436222	0.32564580223686673
0.21856345968422888	0.07975234362362213	0.30431478746076224	0.13243081422716835	0.2649385950042182
0.20712396544727085	0.07288401350144513	0.27026589143611196	0.12505467602844575	0.3246714535867261
0.23924403957510829	0.062198374864496864	0.31651787068211773	0.17471610327616477	0.20732361160211216
0.20474426639473478	0.07026721016017562	0.3189234647183051	0.14659267533804307	0.25947238338874123
0.2617974550924534	0.06467663232753454	0.278061867033435	0.12488714644267004	0.2705768991039068
0.22279694554519092	0.07765639654164248	0.3532970006498585	0.13475650519329785	0.21149315207001004
0.26332744507308425	0.07420410449699427	0.3462437381389468	0.1784740024753197	0.13775070981565474
0.1749239193121278	0.08166273139191546	0.37590163876624627	0.15908467328405057	0.2084270372456597
0.23321186370982025	0.08521341248956428	0.2856874600677888	0.18348665560328073	0.21240060812954567
0.2732912067240387	0.0701084335511202	0.25953548656441916	0.15551677522277166	0.24154809793765
0.23044023924864437	0.07201372543286372	0.24401364122277644	0.1532747975423214	0.3002575965533938
0.18045238591790855	0.05621095822378658	0.32053244574908096	0.1345124883773961	0.30829172173182756
0.17880795406753386	0.08022318020802788	0.3567563268159386	0.15840559165288487	0.22580694725561465
0.2661642893700639	0.06051426766831067	0.306842974957749	0.1764822494128828	0.18999621859099336
0.27833728822823706	0.0853189860172981	0.28181608689182935	0.14066163384354313	0.21386600501909206
0.26430881547633184	0.07127737926876457	0.28163955004029484	0.15198946021748483	0.23078479499712368
0.22887872023445663	0.07745660917269813	0.3148816669863022	0.12023710767298124	0.25854589593356153
0.17618487622812415	0.06944698463200963	0.3257720175847881	0.1726352104491419	0.25596091110593605
0.2789874084977457	0.07366166845544592	0.2533248693009042	0.16148558619797893	0.232540467547925
0.18312479398207418	0.06228606891701227	0.3358555848349176	0.1690251980576138	0.24970835420838194
0.2552927151449365	0.07813365902369636	0.3414745872758176	0.1505820588281606	0.17451697972738867
0.27923006546705287	0.07448113242206472	0.29404313769342116	0.18975755259396143	0.16248811182349954
0.274482164876494	0.06027137469605709	0.34211513285737216	0.1226909485982461	0.2004403789718304
0.18426219521818893	0.08536714239805936	0.2759621082398036	0.1719233059054548	0.2824852482384932
0.21416366098826373	0.056819956275988626	0.25774285299990896	0.14113190550351712	0.33014162423232135
0.24219582725167554	0.05891966026057119	0.24006284448721188	0.16014253308570314	0.29867913491483805
0.19275233817050744	0.05982079602593576	0.24421593507582878	0.17218066977038265	0.3310302609573451
0.2569654991498843	0.08459250612453031	0.35771987575046077	0.16902077078581682	0.1317013481893075
0.17954641257929366	0.05713770375191071	0.3271511326475857	0.18118444015532656	0.25498031086588313
0.26557898715831535	0.07168208869722478	0.25044639932213913	0.15234770504619266	0.2599448197761278
0.17759464292381472	0.06277825654889532	0.37440022349442825	0.1327126404164954	0.2525142366163661
0.23862817030312644	0.06031272648319941	0.2834410486062031	0.1703525195426026	0.2472655350648682
0.19635471705755092	0.07717052620348229	0.3775309656153907	0.13958542179692518	0.2093583693266507
0.25969448392408523	0.0638915439014617	0.3655574920709753	0.1771247407724696	0.1337317393310079
0.27763283546287176	0.07952841511817213	0.3350469512649997	0.16213692273415298	0.14565487541980318
0.17835462447924805	0.08085686245376242	0.3619006357000024	0.18601425527092696	0.19287362209605996
0.21701672644489428	0.08533464950574175	0.23863692780050422	0.13145825648747606	0.32755343976138346
0.26574459107677606	0.07431600734571756	0.29506868074984816	0.1472305655798405	0.2176401552478175
0.21227108085408586	0.06619559040469944	0.3307982412150472	0.12799413022208733	0.2627409573040799
0.21726141893390358	0.07951934782474104	0.24300757609113496	0.12041440894286913	0.339797248207351
0.2675548794432782	0.08355791673279839	0.27920145960864967	0.13175582657485418	0.23792991764041932
0.26773380620828335	0.08734151795525269	0.2435030173814823	0.16497350272080424	0.23644815573417716
0.2673816735721183	0.0820396115516693	0.2948023754351956	0.1802414153417258	0.17553492409929072
0.20434053790869205	0.08278301622744479	0.2861184311165867	0.14948883573926802	0.27726917900800824
0.2028222635204331	0.07538767134956854	0.24636180000601002	0.11788846217954381	0.3575398029444443
0.2505674221182522	0.0726356026601617	0.2955887534788808	0.17439765560077344	0.20681056614193166
0.22279079715051683	0.07400068204026566	0.30564815621261754	0.1366252074207238	0.26093515717587595
0.26057022182779077	0.06641804736042117	0.33895354683135204	0.14208653830720797	0.19197164567322786
0.24123484116197316	0.08548500539174086	0.272959226414325	0.18211252287835109	0.2182084041536096
0.20727760437334972	0.0764492457031616	0.35688561400738766	0.17022805041515712	0.18915948550094366
0.20030606153602984	0.08651091930927794	0.36432377412006267	0.18318148954643435	0.16567775548819494
0.19360840439561897	0.07460455222210302	0.3347948553275072	0.16707925765527898	0.22991293039949165
0.20947863703680597	0.07655839842740851	0.23856306063262536	0.167978553857312	0.3074213500458479
0.17907051102186583	0.07491180450191662	0.25516138930287174	0.1867972526117077	0.30405904256163796
0.18385347755495604	0.06737936057819857	0.30346416263407733	0.15801040097396848	0.2872925982587994
0.19947519169839512	0.08304544445628348	0.24646491604894732	0.17013560240340092	0.30087884539297294
0.24507120959077677	0.07361181806433573	0.24537368317817923	0.16545925554515178	0.27048403362155626
0.22936467741060557	0.07766997974535073	0.3212629671416577	0.1221476892698136	0.24955468643257217
0.24714970452587948	0.05689985735064135	0.25490764203167754	0.15755697938131558	0.2834858167104858
0.21701654008644272	0.06390516528555895	0.343924921273105	0.15266318382249336	0.2224901895323997
0.26985535710773656	0.05697178801913061	0.3760334014414376	0.15795638754246039	0.1391830658892346
0.2669065734861175	0.057090794534190026	0.2937257566247711	0.16226505507491756	0.22001182028000363
0.21537701064735137	0.06742120311977845	0.3599313903633231	0.16562338322082215	0.19164701264872466
0.2271415033860993	0.07506847950499079	0.27142421463255995	0.17839393003913942	0.2479718724372103
0.2055278560211289	0.06773529717408311	0.30649997510711086	0.16505360221966742	0.2551832694780095
0.27348641583082833	0.07577199820859738	0.33169190648199187	0.1627541571561968	0.15629552232238542
0.21596987648111504	0.06951841752411331	0.3041562737097707	0.12170621381053753	0.2886492184744632
0.2336659485044327	0.07427156930362719	0.2875174337259617	0.1697208206290091	0.23482422783696905
0.19445957583608592	0.08048888148632433	0.26331234947369636	0.18553604726211612	0.2762031459417771
0.23491590511335214	0.06368948658457915	0.37507491714435753	0.1520802351459552	0.17423945601175572
0.23237772991859568	0.07465492739142446	0.27290944199836664	0.1677303461272814	0.25232755456433154
0.25054922779651356	0.07275153757061387	0.3174992094133774	0.18664108460058645	0.17255894061890856
0.19448919589456676	0.06644592390517487	0.25395947292379095	0.17708249577467652	0.3080229115017907
0.25216880294145294	0.05958831394468686	0.3294828711248662	0.14736754123321588	0.21139247075577788
0.18677759915197695	0.057441777557973056	0.2773701356076958	0.140630047697569	0.337780439984785
0.17491885377285504	0.06944750766705071	0.2743340333323084	0.12262047498883115	0.35867913023895454
0.17817564081444354	0.07895103797800108	0.37562807097358814	0.1682860174262008	0.19895923280776623
0.1951578943350015	0.07831193755454734	0.26204887452585657	0.1598409348370059	0.30464035874758855
0.27598987410809306	0.07204408012860344	0.31538425604862463	0.14589149478128244	0.19069029493339618
0.19538894631477108	0.07860952843556485	0.2851940523455334	0.18079563875346394	0.26001183415066653
0.24915265075303025	0.07611045308242635	0.31425782460430574	0.19042982825629642	0.17004924330394103
0.2179079109811029	0.05821763877672137	0.2872304762488279	0.12672605136933124	0.3099179226240163
0.25123198621004855	0.07587530497215787	0.34893465433131704	0.14833408700499062	0.17562396748148565
0.21044051752894177	0.07222360360011901	0.307431350781151	0.1796863565074747	0.23021817158231322
0.2790412669089999	0.06375807664556238	0.24939074680464487	0.1289204155023526	0.27888949413844
0.19672304751103017	0.08645696573196082	0.3425834447100883	0.1603029333201057	0.21393360872681477
0.27837511419158	0.057190434616833236	0.2676213095151341	0.16264835484982496	0.23416478682662745
0.259104562347764	0.058258767863174576	0.3087140063587894	0.14107205432926478	0.23285060910100702
0.20940563551450941	0.06541381568644641	0.2645428940839165	0.16630387092043747	0.29433378379469
0.2187904814713968	0.08216047007163323	0.3199820591733782	0.18505547710092532	0.1940115121826662
0.19014056458992004	0.08585350246221614	0.3475348566289204	0.14833152070173916	0.22813955561720403
0.19822666198759348	0.07591061936095751	0.2849913839191252	0.12663809149751998	0.3142332432348036
0.1782842501743418	0.0641802604995535	0.24758578580610993	0.17480092070963976	0.33514878281035476
0.19060723075019986	0.08328554947616049	0.25275704639712954	0.12241248459946691	0.350937688777043
0.25712149902090925	0.0823375259070717	0.3233080934984578	0.1553224780635452	0.18191040351001583
0.24247496226223136	0.08070819520968132	0.3720589903858376	0.17128106333433557	0.13347678880791386
0.19081217491193905	0.08334473863640877	0.35725512592715214	0.15536619690526698	0.21322176361923284
0.2502573980315572	0.060308793866412136	0.3596517528195501	0.1547311741371289	0.17505088114535142
0.22829213163602413	0.07735825783166873	0.3794025242589001	0.12116802618308284	0.1937790600903239
0.25672115738996615	0.08688427200169103	0.325610506314857	0.18598641439491082	0.14479764989857474
0.2491230167177655	0.07208739582838114	0.24607100101761809	0.13344042123448263	0.2992781652017524
0.2177713019806379	0.06083017299999849	0.2570561655615069	0.15550269430075436	0.30883966515710215
0.20953726599429764	0.08067995452107325	0.332323785539212	0.1540465564937663	0.22341243745165054
0.2349863800026267	0.08727578798420645	0.324986003586043	0.14631613856862144	0.20643568985850216
0.25319292138762434	0.08415052675453993	0.36876276816783415	0.1744697451094699	0.1194240385805314
0.2618795352309936	0.07233658580546556	0.3469485276574049	0.18592272138257254	0.13291262992356306
0.2381546211538182	0.06109758616133254	0.35229624606827425	0.164808974683888	0.1836425719326867
0.1976999384872797	0.06605027925432319	0.2823575722862542	0.1364506053092302	0.3174416046629125
0.18625771191102922	0.07708077062781855	0.25193567506329634	0.14212844281704468	0.342597399580811
0.1805437848195584	0.08421562315469037	0.23596478332737686	0.1770875929901122	0.32218821570826195
0.23380386026290326	0.08675862791581389	0.2674826826006695	0.11954986086302578	0.29240496835758734
0.26802866234034806	0.06204652862554014	0.36383153476274477	0.18239069500889613	0.12370257926247066
0.2595734560065548	0.0667664845061075	0.31169529982891603	0.12649676120664016	0.23546799845178126
0.23260722369955306	0.06000141955845145	0.2838462450301846	0.1727430769797661	0.25080203473204454
0.2126583632078114	0.058553191492466156	0.3801972639913779	0.1424952362036296	0.20609594510471474
0.2538470011718141	0.07955115506176126	0.313748357976914	0.1872224456201202	0.16563104016939015
0.27224446685403414	0.07252735365680735	0.24442386990213638	0.17981486342459527	0.2309894461624266
0.20662371835718066	0.06960194146804852	0.31045617121375013	0.12467959086956924	0.28863857809145127
0.2760578089318626	0.08440271593171583	0.36877534648645866	0.17297848596290472	0.09778564268705793
0.19171457872357991	0.07145194401619503	0.32688144141935754	0.11858493881189969	0.29136709702896757
0.25025375044166803	0.07518246929176527	0.3021349809712775	0.1710410672023527	0.20138773209293623
0.21499669320129697	0.06686903239996722	0.26718325272530424	0.11828856608904628	0.332662455584385
0.18173678838866084	0.05748971104818973	0.3415093061682629	0.1306146888065992	0.28864950558828706
0.2425114781908677	0.06630324620528721	0.30524721320524695	0.14919843074303663	0.23673963165556122
0.27199426247014774	0.07538985439928655	0.29264323121386127	0.17111025944244557	0.18886239247425862
0.19487951264415412	0.08687321206806015	0.2711760375812609	0.12757728864375897	0.3194939490627656
0.2196114237710144	0.08090429521946645	0.3262796456044055	0.1412118881168163	0.2319927472882972
0.21543407591481964	0.05729864476904045	0.33551073870072057	0.11856525783547178	0.2731912827799473
0.17817358804076122	0.07909029943196329	0.3595534462366612	0.12977392472908483	0.25340874156152926
0.1879654047470981	0.06054713411455731	0.2857809477180239	0.12524761351161012	0.34045889990871037
0.232794221276458	0.0786043962730002	0.254398513051698	0.1468960369262144	0.28730683247262917
0.23256678869376032	0.08615475738617932	0.3754065254615998	0.16491222335873218	0.1409597050997281
0.17689741405676077	0.06349908219501052	0.36992848174714343	0.17021207217978462	0.21946294982130035
0.268792303780506	0.08398141193747105	0.24975059959817808	0.11841915237493397	0.2790565323089106
0.28036541376395263	0.06370078316276445	0.33400516752289555	0.15212291951031484	0.16980571604007225
0.2737931765109646	0.057976817061342	0.31257249618127375	0.16095239387592278	0.19470511637049662
0.21529009809543828	0.07942586217663113	0.3520268384013164	0.13421222500274424	0.21904497632386974
0.21789093811386723	0.0628727857881912	0.3185468539783951	0.12891420836096978	0.27177521375857644
0.25300065993180776	0.05738407638333412	0.27570263770205483	0.16061213536399818	0.25330049061880483
0.221161766047926	0.0683776786519732	0.3051314846344739	0.15792164588193003	0.24740742478369668
0.18018983714326678	0.06693949909258484	0.24407582063134087	0.15375121297308847	0.35504363015971885
0.18867280901117683	0.06141186811344909	0.25015901160093784	0.134457283820361	0.365299027454075
0.27395162086226793	0.07804245204426272	0.2539561687823475	0.13882132450691176	0.2552284338042098
0.239703232921288	0.06191053220325557	0.2705746978865697	0.13162619032275308	0.2961853466661334
0.1945719128176906	0.07900710880058474	0.3267725859080727	0.12018651594191794	0.2794618765317338
0.21373298660840737	0.06254730619400584	0.29939335837307957	0.1785157172968345	0.2458106315276725
0.26461593824971497	0.07820261694946973	0.35869400184879985	0.15677309167568076	0.14171435127633444
0.26083922088942213	0.08340533132732471	0.36279949179708976	0.18933113157168968	0.10362482441447347
0.1921205392775044	0.05831525449894989	0.28360548310267175	0.12976235475165113	0.3361963683692226
0.19382929847372726	0.057940611723662966	0.25476626859912244	0.13602586595479696	0.35743795524869015
0.18332373226386284	0.07982440988482731	0.2615600804156154	0.14871315536107776	0.32657862207461646
0.19494294369168386	0.061065552845098625	0.2682611941471603	0.17012278924977964	0.30560752006627734
0.24895297195871688	0.05783912595261248	0.2749981983686961	0.1558534234571789	0.26235628026279545
0.2573170690315711	0.057259495688477435	0.3731456007040607	0.12114941813407976	0.19112841644181072
0.17747569035096797	0.06865726902453942	0.36501050647456257	0.12586499163417925	0.2629915425157506
0.24304404710935332	0.07186256315584552	0.2746423610634754	0.12910882082323244	0.2813422078480931
0.20116824870324373	0.06721239602279269	0.3323779674919627	0.1431366280960583	0.2561047596859423
0.18362669547821592	0.059642313887035864	0.2945648150018061	0.1692258167937127	0.2929403588392292
0.1963164960581063	0.06048562279802616	0.29453008221320043	0.11943411054412309	0.32923368838654377
0.19283339900843835	0.07722566931608542	0.31886352778124205	0.13356152146650194	0.277515882427732
0.18746461970441874	0.05673913171780659	0.30822579838888675	0.14554683134824292	0.30202361884064477
0.19734884111011927	0.08306627008765204	0.3569306867390658	0.13150174835521233	0.2311524537079503
0.190551972843969	0.06984331263685611	0.3778593507970621	0.16124078766279476	0.20050457605931782
0.22669354459552607	0.06316019554393612	0.30044600912795505	0.13805828783434376	0.27164196289823883
0.20156640129777859	0.059874862305380444	0.24886289018403085	0.12407263096091242	0.36562321525189745
0.26209177263374744	0.05792169171976583	0.25085240264788344	0.16591021174791937	0.26322392125068367
0.18881779862607614	0.06715161209499165	0.3295513868717257	0.15853509594121273	0.2559441064659935
0.24202384509226751	0.0821351635341793	0.3098601591131295	0.16289339176836903	0.20308744049205438
0.1735077178571622	0.056872139025983204	0.30181083931504443	0.16768704616887958	0.3001222576329303
0.24998571671227757	0.0682650380290312	0.36634239815122366	0.1398952245711364	0.1755116225363309
0.24968429222996968	0.08063141857301534	0.2757554974514879	0.19020595437218268	0.2037228373733441
0.28125322230299277	0.08185114127657639	0.26811140413701084	0.18995331919988553	0.1788309130835342
0.21835366844513757	0.06026844245088897	0.28984465451707053	0.1869388900665833	0.24459434452031942
0.2564653430440964	0.08415293061877549	0.36209219018615757	0.1519961360198164	0.1452934001311538
0.25241835655630523	0.0657848257775887	0.33681580988665893	0.18685729472544213	0.1581237130540048
0.20112447510117754	0.08319908242461967	0.23862503533934332	0.15169094944403186	0.3253604576908274
0.2372336830395045	0.057784719909080295	0.3024901945661605	0.1391819956265914	0.26330940685866305
0.20209736671673198	0.06306152250639202	0.3584736207977165	0.14151190942795394	0.23485558055120537
0.26969253561309703	0.07410083475960316	0.3110950372011638	0.1735381192119343	0.17157347321420144
0.26260990187525546	0.0835717916945535	0.32334208582683305	0.17922013316254773	0.15125608744081
0.24240734335699202	0.07238687010032327	0.3369443816208979	0.1205914677002353	0.22766993722155124
0.2214319241951135	0.05929999629468294	0.3575518028642726	0.14787976934959735	0.21383650729633333
0.2720833074650976	0.06075707215843737	0.3754393953528725	0.12240518287689969	0.1693150421466925
0.2143010049537066	0.0614962565175273	0.29575705611025155	0.1269250517493681	0.30152063066914625
0.19707606276940007	0.07080957834859161	0.29077983127935736	0.18844937749445043	0.2528851501082003
0.2706106780040373	0.05917977525681756	0.3523731135953604	0.11827589364063831	0.19956053950314612
0.18486008876483254	0.08153418526366407	0.3282430203503298	0.17539225486904178	0.22997045075213154
0.1877695196113213	0.059555028003961064	0.30495874345236235	0.12175035650577355	0.32596635242658156
0.2497075807053704	0.06093245428328334	0.2832728021147058	0.14879653039897323	0.257290632497667
0.2556859058723059	0.08318188809598308	0.2901182668778166	0.18424238347648145	0.1867715556774127
0.23923174983199655	0.06517560527208885	0.25778237111268226	0.12134756049265373	0.3164627132905784
0.2464423211791212	0.05787829051148813	0.3627803855862808	0.15203231881778895	0.18086668390532068
0.2652840152958061	0.06846920066609141	0.3736050016710086	0.17396171157044052	0.1186800707966532
0.25125122445236625	0.08415023439257323	0.2529004952963757	0.16558374723919128	0.24611429861949333
0.21525517274374	0.05783292884670105	0.2811776068463668	0.1452340927061452	0.3005001988570467
0.26438706815421953	0.05889465851475342	0.29130579449048644	0.160427651808288	0.22498482703225237
0.22480474354928837	0.08019664698013805	0.3507551305263432	0.15416204760800004	0.19008143133623007
0.27055842588868906	0.0790250922381684	0.31396363957886647	0.1825007797021281	0.15395206259214766
0.2775267238009031	0.06148324952676845	0.2693665727920784	0.1452634225830465	0.24636003129720327
0.2678285632345175	0.06598931056937624	0.32371310306547874	0.1257989281052097	0.2166700950254176
0.21102894606761174	0.07403832768208587	0.2536098877715407	0.12938756129535944	0.33193527718340204
0.20716867472674474	0.07685952468410445	0.28711792553677584	0.14564093572347522	0.28321293932889946
0.27044718203817925	0.08489449707354386	0.3071619820486429	0.12272071209144267	0.21477562674819106
0.2556753700440445	0.06886692417025175	0.2848891254453268	0.18019376226756278	0.2103748180728139
0.27336664173991543	0.0569164234092889	0.2949531155727094	0.17697976899299153	0.1977840502850944
0.22330304423853464	0.06984923603374815	0.3187180115691217	0.14605055152951546	0.2420791566290798
0.18991725202188547	0.06604973600847888	0.366006194696869	0.12941595049571314	0.24861086677705332
0.2223489500119051	0.0860889326338013	0.30604290287904473	0.17026140642604273	0.2152578080492059
0.26007697736384455	0.07544921395087234	0.36501157002218015	0.12746259565576593	0.17199964300733678
0.17564241072465636	0.05981871640453104	0.31986413192658875	0.1533052614982523	0.29136947944597136
0.253952329121664	0.0610542103159078	0.306922419489176	0.12875559620554697	0.24931544486770502
0.180940754665461	0.08048017332869786	0.3447419943643487	0.1792268891726283	0.21461018846886393
0.18735852707208517	0.07661108092035532	0.2379075406807409	0.16088399856845667	0.33723885275836174
0.1895516173703595	0.05823046761272918	0.34505405724663984	0.16878722974503307	0.23837662802523812
0.1835799208780886	0.07804232235027059	0.3341240437535343	0.166432450855641	0.23782126216246519
0.21955111627817697	0.0726378305386085	0.3731441442850262	0.14030056084649362	0.1943663480516945
0.2663560968495132	0.08223947932733078	0.30987350378790984	0.12292850636381368	0.21860241367143218
0.28015661591790336	0.0712656545394702	0.24789731338727386	0.139074643736624	0.2616057724187283
0.22554279337701216	0.08039367982475427	0.2608414025966204	0.13853969629861956	0.29468242790299337
0.19573195717631495	0.0606205037201189	0.25139295406983947	0.14226770975270905	0.3499868752810174
0.26920828161711224	0.07545141163532008	0.2936168230175232	0.13807650235036728	0.22364698137967692
0.2798247544776803	0.07289857805782049	0.35680418573116307	0.14298954011843507	0.14748294161490083
0.17853583207614415	0.0829842670355357	0.2551038245399423	0.12627224906809087	0.35710382728028683
0.18993974285251822	0.07660978145931413	0.25560424440252805	0.13301113269213954	0.3448350985934998
0.2324935500890015	0.0779244326167095	0.34466059235502283	0.14143719222064058	0.2034842327186253
0.2726871352612304	0.07492382876350215	0.3164706625752465	0.17811980243850534	0.1577985709615154
0.22673977356706013	0.06107502329121883	0.29664654037030413	0.1241893107674475	0.29134935200396916
0.2581760272639072	0.057970829112928335	0.3316301617768502	0.12400810567886804	0.228214876167446
0.26091970301250644	0.07344621085643052	0.3555593623660789	0.1640824101227263	0.14599231364225765
0.24350427738942074	0.06637927605980362	0.25773163323403037	0.127993148213733	0.304391665103012
0.2062070546788727	0.08673473952092241	0.37227508446675944	0.1296183646899786	0.20516475664346664
0.2784228460558975	0.08506719174108322	0.3198141381553883	0.17000256905608913	0.14669325499154154
0.24412521110681448	0.07882179265592387	0.3164329428157967	0.12621106127639992	0.23440899214506478
0.22654895016260165	0.07872191867659133	0.24063973739747802	0.17865178420994243	0.27543760955338636
0.2306097755772331	0.08638552489091392	0.2837023008256361	0.1392287746515475	0.2600736240546691
0.26870948845186104	0.08463115857203016	0.34967843450183483	0.1294787816780658	0.16750213679620796
0.2467639749060473	0.06916629700618282	0.32806378250296525	0.17327540974789768	0.18273053583690677
0.1846511487583908	0.0578721740393833	0.3140494007120468	0.15545576591385557	0.28797151057632336
0.24851025269200205	0.079777140267355	0.2703700274521319	0.17428754438261074	0.22705503520590006
0.22766874265237136	0.08726455003547973	0.27617804191710543	0.1900010265084457	0.21888763888659754
0.19328982983987875	0.08184551694968721	0.35885845648384235	0.18874175633541576	0.17726444039117575
0.19471398409317842	0.05780828327913001	0.3167672819703482	0.1299142779291414	0.3007961727282018
0.27702326725489745	0.06268799757420301	0.2573757588009631	0.13699579559304204	0.2659171807768941
0.21912492317338556	0.06897944546917217	0.33123213229965487	0.12946588206278298	0.2511976169950042
0.24536767210239127	0.08313271319197038	0.3531059870199121	0.180551733590256	0.13784189409547004
0.2208765063413937	0.05997981794917981	0.2693719725161528	0.15728242701571252	0.29248927617756093
0.20270879234022604	0.06717442156762493	0.357293879000321	0.11829302147811732	0.2545298856137105
0.23640389711758214	0.08324576547466864	0.26060504564958836	0.18840338111950392	0.23134191063865667
0.24381879792150535	0.08475424497230025	0.25045806180306773	0.14568489642493979	0.27528399887818666
0.23742167143878895	0.08110229346630701	0.2772002541376031	0.14161505832986107	0.26266072262743967
0.26405051011397773	0.07010390026274327	0.35588520870377943	0.1370882831069087	0.17287209781259058
0.20591991007000393	0.06456072373891997	0.3292939277585897	0.17084444457223907	0.22938099386024718
0.25869268327514106	0.0739303756401413	0.26697500243057354	0.17157898776595423	0.22882295088818966
0.18774725555714689	0.07135243088213294	0.28136508965986196	0.16275561301252445	0.2967796108883336
0.19935045577080343	0.08416713437078188	0.2957352701533372	0.17161912106399918	0.24912801864107803
0.18389209475495427	0.08273879089602577	0.3648703639278791	0.17682941768249813	0.1916693327386425
0.19915325180849378	0.05803860728712909	0.3147599391945727	0.14682718409698248	0.28122101761282176
0.18122076582265303	0.0648974850951711	0.3633466600212679	0.14785654823432787	0.24267854082657983
0.24179591797877534	0.08531584060590375	0.24167974343328996	0.14809665792062127	0.28311184006140944
0.2517535890563395	0.057724582784208306	0.3333959836707344	0.14398890379051768	0.21313694069819994
0.2435978718829413	0.06932362774622369	0.24947947923787778	0.1469499964280346	0.2906490247049224
0.20376235606607562	0.07401965608559855	0.30194228877924295	0.18880140360432307	0.23147429546475956
0.26762458589378235	0.08120958088055641	0.3030023229843715	0.1823249235965014	0.1658385866447881
0.24387498846819808	0.08276114896856951	0.24468490947589672	0.1672666086001229	0.2614123444872125
0.23806681007413094	0.08249414335485941	0.32069448133565365	0.14537958236297957	0.21336498287237615
0.25485355525195774	0.059165645733107036	0.2547323607986519	0.15307506449786326	0.27817337371841977
0.18723029104326433	0.06380772393107875	0.26177841505329646	0.13687539316330843	0.3503081768090518
0.19886988119238153	0.06320274343633714	0.3134994923048061	0.1278869841072296	0.2965408989592454
0.23880942319903087	0.07561831890782396	0.3621490640059615	0.1226254548709088	0.20079773901627465
0.22402247478664372	0.06814614567363389	0.3037157183399571	0.15028363924499208	0.253832021954773
0.17454890785779176	0.0744380844115686	0.33785781656901565	0.1177366853726434	0.2954185057889803
0.17703341878255294	0.06667935111759948	0.29603621784684536	0.15931999256961374	0.30093101968338826
0.19530091961243648	0.05894118728220299	0.24278139117472297	0.1822483556067016	0.32072814632393576
0.19194436604207743	0.07267611619280989	0.2883264095199975	0.12186142359135162	0.32519168465376336
0.17849992167049727	0.0839048974477058	0.3762475979160658	0.16604706172699596	0.19530052123873495
0.24529211380236005	0.06172101543235642	0.23846616206068474	0.13637124569631076	0.3181494630082877
0.2370945153935663	0.06781198519813558	0.3569790904682275	0.12568192766055292	0.21243248127951742
0.22275720550334255	0.08303647510075282	0.29386442178120614	0.17128533573997307	0.2290565618747252
0.27141944702282184	0.07464531349318021	0.27637696293979425	0.14675038465470042	0.23080789188950304
0.24977376830332731	0.06924769704554906	0.24448062454686995	0.13074871623040507	0.30574919387384836
0.27315226663036946	0.0839796861487469	0.3638323119147854	0.11968428156828137	0.15935145373781667
0.2626626549515467	0.08746851617539203	0.3403149544402111	0.17755626723568813	0.13199760719716175
0.21106936662910036	0.07457460931783128	0.3798410802571662	0.18862527714012223	0.14588966665577977
0.27768312929097466	0.062191807653091485	0.25781779496333146	0.1255616426742655	0.2767456254183367
0.21558699389746722	0.06032820945783143	0.29716980789704805	0.11884059535498981	0.30807439339266324
0.25577032710444014	0.07074963158479258	0.3505310114377252	0.17214658213317696	0.15080244773986481
0.23032338464190946	0.06481779747149882	0.26444054984906745	0.13032922266218178	0.31008904537534226
0.22879161826994598	0.05916832398802993	0.26632156584078964	0.179111210744328	0.26660728115690624
0.25514677398151975	0.0697630928489599	0.24329238005867715	0.1897981554015286	0.2419995977093143
0.27184731126028744	0.05859733983006121	0.3519516599354704	0.13054997750150216	0.18705371147267852
0.26332007129046875	0.07315203468869835	0.29939883658630906	0.16820184502283625	0.1959272124116873
0.2132618608135202	0.07379449339148758	0.24200918364388044	0.1382687045018271	0.33266575764928447
0.18114124448411914	0.06686768304718163	0.2943008495150154	0.15341059902917137	0.30427962392451224
0.20143997879592979	0.0639170985173072	0.309811064065439	0.14995526035602225	0.27487659826530153
0.17647228577774454	0.0875820059790781	0.29055301525950744	0.16113868152777672	0.284254011455893
0.1919802124981267	0.0566493324265272	0.3641289180020406	0.12377793304916433	0.26346360402414093
0.22178184516163602	0.06766837702384462	0.2550159984334621	0.12565743036256105	0.32987634901849594
0.18888685111208559	0.08420642003944487	0.3538012677154966	0.14245533618037332	0.23065012495259937
0.18611704308222088	0.0677771666566997	0.3654752138420807	0.16195201491496047	0.21867856150403805
0.19067085116087357	0.07355814606305999	0.3773503761189669	0.18201914404193262	0.17640148261516675
0.20935945567833553	0.08306478771286697	0.3743859177377407	0.16625983424624718	0.1669300046248094
0.2386229992083016	0.08547642364576594	0.26808751132593034	0.15696217418312364	0.25085089163687824
0.21661148701811214	0.0687451085119683	0.27462195437928694	0.1216306800287838	0.3183907700618486
0.1782332954222138	0.0566793152000733	0.26454813851204734	0.18637498377295608	0.3141642670927093
0.2743392187455743	0.0708462286986769	0.320306427398205	0.1858137348776291	0.14869439027991446
0.2698311170999811	0.07615777478487028	0.3487701225006676	0.18122929499142126	0.12401169062305956
0.22255990908107232	0.05686931938667483	0.28851819617460434	0.1620594786854265	0.2699930966722218
0.23227980478756838	0.08442409505405798	0.3184324849369211	0.14551598488196438	0.2193476303394879
0.2474919769560296	0.05958719262425202	0.26786980865824894	0.14621396573885842	0.2788370560226108
0.20191956072326178	0.07065077456509694	0.24128089262049468	0.1835931910356393	0.30255558105550706
0.18428816246971413	0.05684369999159397	0.3336138646598145	0.18348013225375945	0.24177414062511765
0.27497862143005003	0.07557741780363642	0.3409428757754173	0.14079215479605367	0.16770893019484234
0.2629212875893264	0.06833456001210195	0.24347598973813123	0.17101939450186515	0.254248768158575
0.2050627783510019	0.07407885705087874	0.32598989742875467	0.1458868100070569	0.24898165716230763
0.2647239363706171	0.07821971031518275	0.2942550329585578	0.17604565381679202	0.18675566653885006
0.2027274624769324	0.06609469860595035	0.28043919441624693	0.1569059855526701	0.2938326589482
0.2620844345476721	0.06994427970515907	0.3011979727631686	0.15371206377829916	0.21306124920570083
0.2479748688041459	0.08460003055803662	0.24359021483817359	0.13708225660632217	0.28675262919332145
0.25415212682749955	0.0673935204383363	0.3301282969454208	0.15862413612372434	0.18970191966501881
0.2795803590297584	0.0755148365252672	0.2840108744426768	0.12584320229275991	0.2350507277095374
0.17588682616835288	0.061206831277490964	0.26251098370017284	0.17549996476333166	0.32489539409065143
