0.05975266375826953	0.08753662658207693	0.08782368999174167	0.018831481767248498	0.03016040817685184	0.31505598487722103	0.14292730210007487	0.05355802078547051	0.07271365996945443	0.13164016199159065
0.05874060160105291	0.08789162599288723	0.08639662896395231	0.018926047382824537	0.03472729040213367	0.31506552847636854	0.1388381286554577	0.05512373381189119	0.07313686850724785	0.13115354620618408
0.05997367830439823	0.08733905985231276	0.08807147084246086	0.01896342677624839	0.03451930128832899	0.31281741817284986	0.14251236199460543	0.05115530580877392	0.07326764644994445	0.13138033051007708
0.060247880691423256	0.08733605743209472	0.08804054346704196	0.019274410427455882	0.03167056642290818	0.3167643201209881	0.1406526125141007	0.050789694966463746	0.07312790399898307	0.13209600995854037
0.05861177272875538	0.08730135870685751	0.08716673102808496	0.019466523887782555	0.03611742780183959	0.31616316917146625	0.13767467598327296	0.05385264933778619	0.07288220160075315	0.13076348975340146
0.05919703198716567	0.08763430706412957	0.08696323032063918	0.019063868975237	0.03272764599359597	0.320709881226795	0.1379652396423274	0.05171705500934966	0.07300110390437878	0.13102063587638174
0.05869848960258915	0.08755367305352274	0.08689015277570207	0.019303633355143346	0.034087791496962644	0.3185927442039568	0.13571636703280565	0.05539329339940027	0.07278785021394893	0.1309760048659684
0.05945185414801005	0.08755916218096499	0.08806350991606926	0.019310664494881197	0.03124625354149814	0.3166923221537753	0.13803830205772882	0.05544268284800246	0.07316502264656628	0.1310302260125035
0.05901325104439972	0.087255677741214	0.08740210535232179	0.01923812759650828	0.031036169518320528	0.31657832998067004	0.13659653836543628	0.05825854487079148	0.07291343050468994	0.13170782502564796
0.060114648523832	0.08779195013942279	0.08740031387226452	0.018945336773888502	0.03067969080785768	0.3113125325825786	0.13292560426730532	0.06708706467230302	0.07291717904973471	0.13082567931081288
0.059085489340810274	0.08764219277566461	0.08671593301603697	0.019568654562620136	0.033478183189055655	0.31056174271960224	0.1332696470191754	0.06517683108632094	0.07306354746224202	0.13143777882847177
0.05957763714051651	0.08755588524713988	0.08703393080853583	0.018820487769815597	0.029224570745069164	0.31468668266662253	0.13210361014589822	0.06689431408434343	0.07311627983215738	0.1309866015599015
0.05866250716149965	0.08729111159888932	0.08649031929394109	0.018787947054533224	0.03536965149931673	0.31725881379661913	0.1310852849009713	0.06014583324850961	0.07313286383495189	0.1317756676107681
0.05869228954582818	0.08766085303200938	0.08679281250246589	0.019001936392751245	0.03461234244897625	0.3212214723236991	0.1307350807127017	0.056405685204450086	0.07273431219653259	0.1321432156405856
0.05986324205104197	0.0875978351140192	0.08744004890964951	0.019585202475285696	0.034197319811089186	0.32256848328268933	0.13053324152260493	0.0542719098554798	0.07268887754392106	0.13125383943421925
0.05949254003318511	0.08739654751470194	0.0875207741811785	0.019424196581693268	0.029532712376024214	0.32142756136246664	0.13483142374876061	0.05516358174870489	0.07334600225522454	0.13186466019806023
0.05995014547178325	0.08746187331740665	0.08622918552457771	0.019085545722422256	0.03307731273084878	0.3201070118058477	0.13213713795676615	0.058215608024847876	0.07272688290992926	0.13100929653557036
0.05922504175463459	0.08716343221342167	0.0874321017136208	0.019086864686721466	0.034971210991034715	0.32195479327922927	0.13443234714526478	0.05213969929453015	0.07267329727928341	0.13092121164225914
0.058580596654194475	0.08728308026747858	0.08644031473310473	0.019186998076696535	0.03003268265771787	0.320504423019206	0.1331471999733581	0.05999151729312	0.0730500209189171	0.13178316640620655
0.059806158717470345	0.08737090820819605	0.08776656627390511	0.01932960256900408	0.03606421161962503	0.3183948747292541	0.13377867773272567	0.05278298141590288	0.07300295460156653	0.13170306413235022
0.05850989535325948	0.08777377304963634	0.08634390774519614	0.019473367899986826	0.02928260038811499	0.31649673280170343	0.13569263916942004	0.06237705955312683	0.07311387499332021	0.13093614904623574
0.05870834133950166	0.08798110821132439	0.08733047799580555	0.019388581929891277	0.03268190546555419	0.31337392947845005	0.14145373587549293	0.05432120571371593	0.07320396207133954	0.13155675191892446
0.05900985161319101	0.08770611966086199	0.08601795733621653	0.01933322933522666	0.030379096905062117	0.30851249694636523	0.14302314014406398	0.06105907927579611	0.07328153703272307	0.13167749175049331
0.05960569667117939	0.08809661750741746	0.08608123508698662	0.019490961653550007	0.03589810727456981	0.3079795096534811	0.13676170375570784	0.060868699262058526	0.07307674366575787	0.1321407254692914
0.06003421436326918	0.08787461047275981	0.08786570228705552	0.018928645697396232	0.0322943111906107	0.310162349909914	0.13307573595619632	0.06613900631266018	0.07276460362914491	0.13086082018099313
0.05906873294354273	0.08782766270943439	0.08727566643471421	0.019125527925360583	0.033013801869461484	0.31188143994375794	0.1432786222152687	0.05386735099255345	0.07335286365307622	0.13130833131283023
0.05978392096581833	0.08764908262878432	0.08748381993389559	0.019168291735808654	0.030142752713878562	0.31798414791945306	0.13823589412360376	0.0547473339429782	0.07275890404335675	0.13204585199242272
0.060154999175949145	0.08769505757734289	0.08650444262006105	0.01935240735052192	0.03010750875918032	0.3211798771323893	0.1402604146670175	0.050834754861442615	0.0728911302849522	0.13101940757114303
0.06000541965198889	0.0873346045432304	0.08778800716911091	0.01911772255313858	0.0334660141105618	0.3170665766787211	0.14014178072045486	0.05023467064512462	0.07289911568371157	0.13194608824395723
0.05858550550331489	0.08804766648899999	0.08617828728860828	0.019517599283002007	0.03383945749043517	0.31751083155029614	0.14133566570366454	0.05045599989786002	0.073435349192874	0.13109363760094497
0.05949135916154411	0.08780319809661516	0.08592998194387952	0.018898008312678335	0.03669307810950205	0.3139941623655641	0.14043420052257902	0.052333164354114683	0.07317440665697174	0.1312484404765512
0.06000490116560676	0.08737271649630084	0.08793068261690538	0.018893717779189884	0.03641186328233566	0.31142173218377966	0.141834506622303	0.050875071357788085	0.07336589775022175	0.13188891074556897
0.059660990040955084	0.0879244654904202	0.08641296473897929	0.019400102988931897	0.03370207813858837	0.31116665186964854	0.13996028705323807	0.057092714445581394	0.07301963545837925	0.13166010977527787
0.0601744664114236	0.08744101178798099	0.08779194351057444	0.01934238547708622	0.031060459811452626	0.3229188621165507	0.13620475185137498	0.051067538601478155	0.07312976956786504	0.13086881086421326
0.058891343708435795	0.0874838498437917	0.0876566638269852	0.019361276307728437	0.03368297043501918	0.3184145422720175	0.13554113592142913	0.05468695795791918	0.07329351671782866	0.13098774300884516
0.05880692745387192	0.08755525487931572	0.08701248727941249	0.01956065351328358	0.03300065171409165	0.31740729052456207	0.1412947220708034	0.05048611083983036	0.07286808909229413	0.13200781263253475
0.06018513487122749	0.08752207776761703	0.08638188063745286	0.0194871955566671	0.03294534801645245	0.3196811141251712	0.13373214019663343	0.05599121440663586	0.07291061864745776	0.13116327577468484
0.05932760603019698	0.08725140293339732	0.08796497086873692	0.019591067316450037	0.032973300394771116	0.320873345799975	0.13616655882226733	0.051831624675008486	0.07308743251762823	0.13093269064156857
0.05855536509003623	0.08806079894732188	0.08707557568347186	0.019189394002562338	0.033449497266424	0.31613044942285723	0.14122281357055116	0.05161714144569691	0.07267800330180299	0.1320209612692754
0.05997391310193716	0.08781881305578529	0.08715371658412721	0.019471250638766396	0.03175451524241285	0.3191078935709713	0.14026175864692036	0.05045955283755406	0.07312280027508389	0.13087578604644146
0.05914926680080873	0.08715762853761438	0.08758335566641441	0.018905539346871142	0.030895493880572444	0.3174545626738097	0.13568165555980305	0.05821786368526441	0.07325072977312339	0.1317039040757183
0.059480629251099953	0.0874436332296932	0.08751260185676736	0.01900143476404592	0.03672011031455953	0.31727292064867413	0.1306110833171017	0.056894452282029356	0.07344028473473957	0.13162284960128925
0.059427986544544016	0.0872437166693281	0.0873230440057852	0.01929963031351077	0.03430531092020293	0.31432205170894156	0.13169382701967358	0.06244412299922526	0.07279377149067667	0.1311465383281119
0.05956541252427354	0.0872711183008716	0.08768929183690413	0.019081324573625144	0.029942197626155118	0.31373681125758995	0.13633186122440355	0.06172653884528344	0.0733882047729275	0.13126723903796594
0.058849113855930016	0.08728834834435087	0.08730306500365159	0.018846310088209056	0.03562166597179928	0.30792829283918166	0.13587277642223877	0.06409951492213023	0.07284732232868475	0.1313435902238238
0.059416938417346576	0.0872069771401688	0.08664331181690196	0.01941937093060314	0.030975010169076014	0.30786133787540815	0.13904543151242252	0.06418373284976606	0.07320459377978888	0.13204329550851784
0.058825916076218156	0.08770208628435684	0.08614592022640394	0.019311347823638386	0.032631182816599005	0.315936358336334	0.13600519162309502	0.05903670787653415	0.07306711823918438	0.13133817069763615
0.05995177077252763	0.08730235431516489	0.08772750065292777	0.01960273772526948	0.033325034519446003	0.3152961250575759	0.1309268232534096	0.061604218498014694	0.07336313112607072	0.13090030407959324
0.059373254449180596	0.08735752394857595	0.08668403329560452	0.018875227276638193	0.03326271987211639	0.31684066764335345	0.12968617648397593	0.06408853407802662	0.07292390853213176	0.1309079544203966
0.058732245156255684	0.08792531175383204	0.08593983535299107	0.019167653484847724	0.03185297340761728	0.31381087400794255	0.13091126766073774	0.06736936320638998	0.07340793797051445	0.13088253799887148
0.060244979654255244	0.08737157630011855	0.08602320021770055	0.019517880799354542	0.03404832797123479	0.31471438423219156	0.13641327808182252	0.05647458096979984	0.07317229702877945	0.1320194947447429
0.05854038848595874	0.08742957646462253	0.08738342403086291	0.019124878449827326	0.03628453190319686	0.3185813336159563	0.13598379109179354	0.05196396514251769	0.07270875842607186	0.13199935238919222
0.05976490409275258	0.08799502351260495	0.08798529072697803	0.019579391306048174	0.0342953314079318	0.3115047558285309	0.143847011230896	0.05077964205861301	0.07342808459448841	0.1308205652411562
0.05969103155550623	0.08811207996275289	0.08772336451010167	0.019139767324390364	0.03262917052766799	0.3158705506386215	0.13870759512920436	0.05321192749959055	0.07280211485620541	0.13211239799595903
0.059637174607020664	0.0877977051704945	0.08629727812563029	0.01880934737179797	0.035517273431890456	0.320788351319139	0.13669563415799516	0.05004009200337103	0.07308566160447993	0.13133148220818094
0.059390639917430744	0.08765017721213755	0.08724171340849884	0.018833728681382347	0.03195399528388006	0.31492013524023366	0.13755163969872014	0.05744624787120911	0.07301007640096713	0.13200164628554045
0.06015322397343065	0.08748299966113883	0.08641927957032018	0.019144967528135257	0.02977341103935892	0.32405033969482216	0.13342393671376396	0.05596975911514718	0.07268899096217132	0.13089309174171154
0.05933352425841658	0.0873142425333237	0.08647385600140227	0.018879317623921185	0.03435773670911084	0.31417152406145904	0.136309101254776	0.058416243727369276	0.0731591276866992	0.13158532614352192
0.05961768959911331	0.08751165888433082	0.08769158988149313	0.01912117999332333	0.03099372801474566	0.32198676968562	0.13250104656333153	0.05684042761226857	0.07285797397128126	0.13087793579449236
0.05993322468200208	0.08764449248108777	0.08664277248162543	0.019503699186779827	0.03340210845454668	0.31554262316204185	0.13732362762770012	0.05461530899651937	0.0733875788439139	0.13200456408378297
0.05972785225602101	0.08737792587602153	0.08708326420772962	0.018949213422551098	0.03531012408149947	0.31941454862333957	0.13328347533593324	0.05476538929132749	0.07314956244358667	0.13093864446199027
0.058758104786525475	0.08733507891148895	0.08677914326129989	0.018976069391342415	0.029687048013050818	0.3182086656881397	0.13991893366902064	0.055532634311381814	0.07287212322930797	0.1319321987384423
0.06019257990582945	0.08729664778590138	0.0875604763355261	0.01886589055690524	0.030242125638939035	0.31788453607552064	0.14014078862355203	0.05365036516033234	0.07318554870144928	0.13098104121604448
0.05905602035867853	0.08788659640771145	0.08695281773794916	0.019366861519919024	0.030682798866333683	0.3111039952755034	0.13691877246834694	0.06324385883760933	0.07315419670954784	0.13163408181840067
0.058931445448476075	0.08749110219651028	0.08780045938778197	0.018858168698974664	0.031982139480644975	0.3172666972567336	0.13372585630250405	0.05935751487969311	0.07341907067743468	0.1311675456712466
0.05956436489309147	0.08774462323049066	0.087462999944572	0.01917054037886616	0.032564252519877976	0.31715474342612116	0.1308081694828531	0.0620062119555091	0.07275776024791052	0.1307663339207078
0.05929919044578032	0.08757914621733062	0.08613454025521705	0.019376762297417027	0.031324192387628125	0.32441951996618795	0.13362844696760068	0.053597160086883255	0.07291290669392171	0.13172813468203326
0.06002461932785159	0.08759901566911964	0.08663824451652524	0.01921778383190839	0.034407374827708156	0.31666150728099673	0.13566083685622513	0.05495560877763263	0.07339478059699328	0.13144022831503915
0.06023987411761044	0.08757957940751372	0.08695731910181406	0.019100180494544705	0.032043562132645004	0.316873889523817	0.13984923858578976	0.051812148172282704	0.07344398043136952	0.13210022803261307
0.05983000771539865	0.08806730326759658	0.08709279562770858	0.01906501887085331	0.03180251278789109	0.3220281111238495	0.13739617879461363	0.05032056946859629	0.07338084246746071	0.1310166598760317
0.05897142097332783	0.08764460374086323	0.08788353175966233	0.019358160149253206	0.036834145038151994	0.320455225277165	0.1346357960554176	0.05008643520178274	0.07269305219444397	0.1314376296099321
0.0590257702155642	0.08731061313379232	0.08684797463515212	0.019124961954994038	0.03257641534551249	0.31422338398508876	0.14091857901849553	0.05501461692538061	0.07322788503285887	0.131729799753161
0.059124117073848015	0.08732494221558648	0.08787042107144906	0.019454708722620465	0.03242332912413251	0.31576337734570453	0.1408508679792243	0.05227813669122222	0.07296963768337326	0.13194046209283916
0.05910049380614016	0.08730861413478805	0.08696653490384762	0.019001242082163763	0.036824247727392095	0.317487457624496	0.13580644739752953	0.053719378691500674	0.07285455074484978	0.13093103288729233
0.06014453372133147	0.08786531719164589	0.08802114481041128	0.018833004997072342	0.029445192815656482	0.3215989128748499	0.13787119724998845	0.05185063992237032	0.0733512598061404	0.13101879661053353
0.05918377167779726	0.08804872077429968	0.08610460368584662	0.018953884010513067	0.02931367067089677	0.3182614247584878	0.13956748565897498	0.05540513387198999	0.07326815525272015	0.1318931496384737
0.05868642216267429	0.08743675926412577	0.0878906385587055	0.019472734807510703	0.031100619563897536	0.32360766997697527	0.13570097646777768	0.05176543766833016	0.07275187464845984	0.13158686688154325
0.05887207130135401	0.08763616757914669	0.08800325371699698	0.01949741759684455	0.035299502459520835	0.3144994686122342	0.13732145816234603	0.054901302737267954	0.07298079513316788	0.13098856270112086
0.06022730644908508	0.08806849760834994	0.08640519477635002	0.01913442961716899	0.03199345054547156	0.3176858235617902	0.1417552316424025	0.05047382530760909	0.0728639562820774	0.13139228420969518
0.05866650650502133	0.08780281081693084	0.08683461150399849	0.019456018216150825	0.03160032117245798	0.31285012655881284	0.1439142932184457	0.054000755658928784	0.07341707337023035	0.13145748297902288
0.059627550523307836	0.0878164500055858	0.08619706183628226	0.01936599900532951	0.035020196986019034	0.31438303202552564	0.14275666280964017	0.05073403815136443	0.07317233510793467	0.13092667354901066
0.05929204043881919	0.08805926626895196	0.08638638188392432	0.018796924554553077	0.034968340254351096	0.3139757204932982	0.1392090576248013	0.0542218066598908	0.07304571445307219	0.13204474736833788
0.05922205209598646	0.08773766381215971	0.08688874215293492	0.01956263825673446	0.034718209715970394	0.3123468619266412	0.13827954656770186	0.05635072721912773	0.07330033600926314	0.13159322224348008
0.058954940737837115	0.08741445245682883	0.08782467638831543	0.01909583913018434	0.036346298977920355	0.30821278218341697	0.13565994213022603	0.06197080736640733	0.07314938319699207	0.13137087743187154
0.05875869401927074	0.0880737593174668	0.08652390622163585	0.019147996672531642	0.0355350771014744	0.30980528678908753	0.14273566479676805	0.054613932998269325	0.07322398278313094	0.13158169930036479
0.059938821206496046	0.08803391551683297	0.08680609050536096	0.01934874785509695	0.036467882584378955	0.30965078868135737	0.13620673397409513	0.059013578271724036	0.07322340159849842	0.1313100398061591
0.05882972653808899	0.08728602619996105	0.08737607203948927	0.019208489771656054	0.03493961673792571	0.308987678242347	0.14025263627589768	0.05834822865681942	0.07271280919679367	0.1320587163410211
0.059127688377836246	0.08752636728967059	0.08603980605033633	0.01938407368690674	0.031092145495627166	0.3191778949248449	0.13291910985594524	0.06092069001587554	0.07300023395314421	0.13081199034981306
0.05960683358921299	0.08762334898236991	0.08655782781619785	0.019287952970481484	0.029761035383123538	0.3148482592409309	0.1382836508040395	0.058846584977453695	0.07307779902910765	0.13210670720708248
0.05847022166797475	0.08748700587332649	0.08728120258037263	0.018894063590291263	0.03562705102885766	0.3137753310328805	0.14031387822252375	0.054104446923358876	0.07315865128474325	0.13088814779567082
0.05941983082227783	0.08780854335842522	0.08742665552652346	0.019133977176850503	0.034624611873911026	0.31852407318885706	0.13236434877251768	0.05606521498583892	0.07336632162633835	0.13126642266845992
0.06016737865102828	0.08791613477826911	0.08725523870796223	0.019114946746400782	0.03320611703492006	0.3176881388401025	0.13548672649495988	0.054457294933131	0.07315246564195378	0.13155555817127235
0.059449956351469824	0.08807615635685818	0.086507869280769	0.019377896668982486	0.03573936583279193	0.3170060058609898	0.13293672065692896	0.0568734698025154	0.07272783226425479	0.13130472692443962
0.059288618263188285	0.0880549431245739	0.08754801998650824	0.019006222070501747	0.035665387298507795	0.3159275835985051	0.1298537044283051	0.059376088864083985	0.07335172724503737	0.13192770512078844
0.059246733004570507	0.08748106021773831	0.08762412495289813	0.019147458198607428	0.03431383111622245	0.3172222206030371	0.13249952570475648	0.05859876823473703	0.07306588142004414	0.1308003965473884
0.058623729372279026	0.08810076772234354	0.08686355681459691	0.01908064019457127	0.032395682045165825	0.3234778960303461	0.13103177009878858	0.05629283763585702	0.0730057966189962	0.13112732346705552
0.06019324588611451	0.0876819019429333	0.08755699496031011	0.018805707783797906	0.03253107616660558	0.3204597847303431	0.13375636134254776	0.05385479045563539	0.07311079422024735	0.132049342511465
0.06015855195280509	0.08810056842282049	0.0873382667596245	0.019419845654974288	0.034947177382596256	0.31642801896255734	0.1323399447139792	0.05693175327014931	0.07318923119929839	0.1311466416811951
0.06008189370219909	0.08778735269026998	0.08731961656878945	0.01936857425153242	0.03330343647938917	0.31458982190150947	0.13571350738055762	0.05709566145710304	0.0727590189383159	0.13198111663033385
0.05940011307620212	0.08794618064437251	0.08640324406046929	0.01912452259928997	0.0364044904388682	0.3121059902994166	0.13719267997439188	0.05631707469566373	0.07297852637387604	0.13212717783744965
0.058862335754621645	0.08809008370883092	0.08611684608655104	0.018969116819300788	0.033169120677553635	0.3122508784751254	0.14301539849366976	0.05451096838576251	0.07332150797007156	0.13169374362851283
0.058510136417947466	0.08718361979434895	0.08735351627022625	0.019405960537346223	0.03384286527096167	0.31608334780276104	0.13944115025757886	0.05353418402187246	0.07298827393416096	0.1316569456927961
0.05858371439430204	0.08741665475625011	0.08603248787905429	0.019079667773107073	0.035439371274469486	0.3194538966222087	0.13958972389899996	0.05039654606766413	0.07298224240735662	0.1310256949265876
0.059461058351895225	0.08767846164205773	0.08666853986539942	0.019586033133781558	0.03184350065568371	0.3185492523140259	0.13885898793757206	0.05243805943050523	0.07322858602822974	0.13168752064084943
0.05957689873180557	0.08729140853964926	0.08774503589416355	0.01940995777122516	0.035138373971194	0.3174950375828714	0.1301993008171528	0.05891527016880968	0.0727277194819839	0.13150099704114468
0.05993968242509292	0.08764501511579488	0.08655432891383955	0.01919250094664486	0.03058726473462864	0.3242380485514874	0.13380800624467515	0.05398356743768498	0.0731577577754751	0.13089382785467651
0.05849855811810205	0.08749346176101017	0.0865827047696157	0.01888429706923088	0.030217869428326993	0.3209914037973728	0.13668058384076814	0.05638647606611793	0.07283278030230925	0.13143186484714614
0.05932202804028926	0.0878869603416403	0.0873811397869156	0.01942077221150257	0.03372925507914057	0.31573457441511865	0.1356200734957765	0.055950032463190844	0.07312729945366464	0.13182786471276103
0.05905197931589448	0.08773962195136781	0.08655354043735156	0.019249767943205612	0.03429564461473043	0.31174619571353496	0.1363161389662766	0.060338369799373875	0.07268123019780415	0.13202751106046057
0.0600891569942316	0.087395436589229	0.08609370901044777	0.018876057261535198	0.030296856056912555	0.32023757800572283	0.13355272456979808	0.05869005208722694	0.07315231227160661	0.1316161171532894
0.05948271159035483	0.08756317963762622	0.08675283372103657	0.019384498620450816	0.03100170645615495	0.31862982191735845	0.13458018987268436	0.057463088390404135	0.07342875824028361	0.13171321155364601
0.059849366336974213	0.08724524339357614	0.08802585183148168	0.019494022281770107	0.03164169532841604	0.3230096651530287	0.13143575392848417	0.054568765523585645	0.07299372109032631	0.13173591513235697
0.05988096572745825	0.08735029038038986	0.08732799677389555	0.018988206794755394	0.03250652553091046	0.32021675375972714	0.13726823933910717	0.05201154027706651	0.07337488384333439	0.13107459757335524
0.060136189008270224	0.08787195541059327	0.08780034757183942	0.019333713826006474	0.036525039795915634	0.31206657550190975	0.13542457121009766	0.05565052379120776	0.07332490838854919	0.13186617549561064
0.059588837422382274	0.08724196388419896	0.08639897864897297	0.018952188295485117	0.0315617173902495	0.30992465534185176	0.14019940747167844	0.06184146200299586	0.07274770434137934	0.1315430852008058
0.06024283187479577	0.08737662647926919	0.08599866751294834	0.019382920505941204	0.032272123129001004	0.30588037037233	0.13801145602693837	0.06583856084392944	0.07322024412410189	0.13177619913074481
0.05961634396041218	0.08793299662595283	0.08668094690526637	0.018858738761025784	0.03129093057242208	0.3126496922913833	0.13532916938512182	0.06286705970651854	0.07279861431982934	0.13197550747206777
0.05908477743499081	0.08722356251301179	0.08608937413702253	0.019133135248131178	0.03471112185084138	0.31354236201221564	0.13987734320925746	0.05578784134449961	0.07289070786939661	0.13165977438063303
0.059531270778623746	0.0877633370794674	0.08713663525730075	0.019296460858253248	0.03495370285543854	0.309566868574789	0.13249861287701994	0.06395823271808643	0.0733407805400478	0.13195409846097308
0.0595959235534589	0.08758336431017258	0.08755334332041148	0.019276776944959315	0.029501654081158638	0.3151761112660197	0.14137722555651647	0.055576916975718794	0.07280738561047477	0.13155129838110935
0.0597276935466217	0.08810165264817275	0.08602706303545174	0.01913895151479833	0.029340913961478032	0.3154553819004757	0.14334746424470676	0.05487556388986255	0.07320026947880037	0.1307850457796321
0.06007097793752898	0.08800360966952393	0.08665398290423564	0.018921956572216667	0.035377929039085695	0.3094178681023671	0.13945898031023823	0.05786409553037994	0.07334976786925607	0.13088083206516776
0.05889434348284834	0.08773258006354788	0.08662337880221058	0.019065100653506056	0.036104408769069785	0.3089122978014509	0.1398203485996326	0.0590052875388961	0.07290827476088305	0.1309339795279547
0.058839955511425346	0.08784890273320989	0.08796735228291126	0.018877160960878547	0.030797282064589718	0.3089524363030422	0.14092945479872032	0.06101891030451977	0.0727312125831975	0.13203733245750549
0.05879723861698524	0.08790965121131669	0.085919132845756	0.019408009662547618	0.03553328109331609	0.3061715559958053	0.14282013365449328	0.05845496529590613	0.07299938319004842	0.1319866484338252
0.05894468348418436	0.08795942128461975	0.0861010002908738	0.019268543095256344	0.03257183195356202	0.3072855550783986	0.14030667050146906	0.06311866871307002	0.07337055981092022	0.13107306578764585
0.05925599614320688	0.08799819057603113	0.08754052899024886	0.019144882210555117	0.03190897702088463	0.30690897470134504	0.1394706888749713	0.06309282823649034	0.07266418354203828	0.13201474970422838
0.059149981648796736	0.08802097818107281	0.08654677666431781	0.01949124574762036	0.030968517091077688	0.307144249412981	0.14238460928960037	0.06156578174327492	0.0729539345625806	0.13177392565867763
0.05856738602681182	0.08719638227190876	0.08674118506043277	0.01883975616703093	0.0329955240721445	0.31506845164288483	0.13732559229632296	0.05879306607208848	0.07283908531698571	0.1316335710733892
0.059754541769714946	0.08743801029417089	0.08742910213160834	0.019345673758191143	0.03220682369924739	0.3154054040654373	0.13393178987730006	0.059477755565426976	0.07326266418517115	0.13174823465373184
0.05899543006345094	0.0880489989638074	0.08598139787719279	0.01933803449841312	0.02962496233763516	0.32286977269915784	0.13530944206616682	0.05473621316621516	0.07307612035835459	0.13201962796960612
0.0592646920092538	0.0873273467898198	0.08613884060508967	0.019603314591992133	0.03677081127766517	0.3210490076606872	0.1308089994727809	0.05481174052267242	0.07314924003019713	0.13107600703984174
0.05989718557362926	0.0873533619726823	0.08723952788062593	0.019540272271685533	0.03283366045540739	0.3224739647897947	0.13120370057076955	0.05521075534527055	0.07267863644293804	0.13156893469719674
0.059466584214146564	0.08739636840115593	0.08646565992375939	0.019198547331689672	0.035404628144681566	0.3255646632619357	0.1297335568600286	0.05222355095661778	0.07339803187719247	0.1311484090287923
0.058675263762861876	0.08791829062018412	0.08619109618738101	0.019047770068160844	0.0310738854757949	0.3216112884055145	0.14015148394518384	0.05104770939934097	0.07327099302183118	0.13101221911374666
0.060109876202857	0.08741312444335489	0.08627939009476719	0.019602798814236863	0.03189142116819156	0.31987376847187493	0.13623465812672947	0.05399888707213445	0.07329827734127137	0.13129779826458227
0.059056296310675986	0.08768623140011263	0.08733291101690135	0.019610234903973886	0.03168760529396601	0.3222199585722726	0.13780927417113964	0.05053266494903079	0.07276745243828482	0.13129737094364233
0.06008018475972513	0.08718378477438493	0.08742795877053049	0.019414504685164147	0.029443962303955656	0.3185340809143918	0.1397684079489037	0.052861113331882155	0.07316934307023895	0.13211665944082307
0.058474000572268384	0.08771490623160834	0.0870329315419259	0.01892069865802601	0.031245911773170904	0.3250363917140833	0.13585379728915906	0.051724501255863836	0.0729391287132761	0.13105773225061815
0.05867915150431266	0.08762528013498741	0.08648397096700312	0.01887355813041626	0.03418535877293759	0.32516091488287924	0.13393749725128315	0.04989185388668835	0.07332673734950959	0.13183567711998265
0.05856491147162346	0.08725856376931307	0.08612533244268449	0.0191274832299259	0.032120337189248796	0.32568662644453983	0.13008716724729824	0.05565378036476194	0.07333479546745136	0.13204100237315292
0.05956555535760323	0.08768317751944195	0.08793818982651307	0.019494624105371214	0.03155801150897909	0.32555915497944593	0.13004095574052846	0.052870693058312254	0.07315796542003358	0.1321316724837712
0.05910808951206619	0.08735258185449199	0.0864981497747026	0.019462098206946	0.03304040425483479	0.32178090104030943	0.13539969543363609	0.0531335969131375	0.07275447675893508	0.13147000625094035
0.05915612137952563	0.08799591862786646	0.08620161114914425	0.019584913179784294	0.034867500523875786	0.319762881365441	0.1313511802275794	0.055900636003669506	0.0734277320134292	0.13175150552968445
0.05924953217480055	0.08771131567166962	0.08786289666836761	0.018842099895700765	0.029279054140956398	0.3237521860401539	0.13024745206026742	0.057727916062636726	0.07329063361687464	0.13203691366857245
0.05963227240116552	0.08806357250412626	0.08593018163651306	0.01925380315640375	0.029976811821848123	0.32083873610147345	0.13339928083121125	0.05794056577519857	0.07280503241741952	0.13215974335464048
0.05970885294267786	0.08772673952783733	0.08725661873466156	0.019287713938953496	0.03138903061468637	0.31903742086673376	0.13109548239856103	0.06071085809345579	0.07291989882643848	0.13086738405599432
0.05889488998035872	0.08768676520652244	0.08643674884304339	0.019012135120489285	0.03465581282051526	0.3222253313156397	0.13316291310216127	0.05378016414062134	0.073251411511117	0.1308938279595315
0.05892412111815087	0.08781613013548288	0.08656953518499952	0.019075294145597624	0.03529246094822981	0.3162326442512541	0.13030349860479842	0.0615039626095218	0.0730595411142792	0.13122281188768575
0.05911328410991758	0.08781421751070757	0.08598149001458938	0.019279655215974772	0.030891336397485536	0.31356627767548806	0.1340730439003765	0.06517066692207399	0.07279101711969668	0.13131901113369
0.060176549079226226	0.08739405547974424	0.08801289192966216	0.0193680834964534	0.03001395224604818	0.3107438824864471	0.13566055559392845	0.06309768040503295	0.07340004064845834	0.13213230863499892
0.060206149919102	0.08729269664089741	0.08709938999986455	0.01959253891973993	0.03523638759408328	0.3109620221610013	0.13299120011808174	0.06185181053127028	0.07296892207160321	0.13179888204435633
0.05854312507714274	0.08750108486180082	0.08745366341600289	0.01883032166985582	0.03471543677032203	0.312486805835519	0.1392378285909894	0.056508228696468495	0.07333979102239681	0.13138371405950194
0.05941207085975857	0.08777808886895078	0.08654897421120172	0.01902735036133238	0.029850068086620676	0.3137017149281483	0.1399175167145266	0.059290572168366064	0.07343003832195812	0.1310436054791368
0.05994991278685377	0.08750732367247221	0.08661379660836246	0.01927471415547294	0.030751601217921587	0.3156055897222942	0.14047009166925356	0.05542483489805928	0.07280973575324177	0.13159239951606827
0.05904878112774538	0.087483041457627	0.08730774616842141	0.018889040683617145	0.035002597865515156	0.31483342094398375	0.13521664033636582	0.057198930999992834	0.07295133949353724	0.13206846092319424
0.05931462780127757	0.08740845466762054	0.0866227743547753	0.019185267840977932	0.03254843779898499	0.31602011759588716	0.13691142966371472	0.057355479038705665	0.07295075668558265	0.13168265455247347
0.058872102696251795	0.08798663878673041	0.08664008694503639	0.019167842212984953	0.03507525101441379	0.3135425388382913	0.1433311440032642	0.04996351481892772	0.07341854111757345	0.13200233956652602
0.05933676446421413	0.0877901727642837	0.08690470378880244	0.019131123353103588	0.03636131564680123	0.31034836573158225	0.1435455008434737	0.05173150027485779	0.0732461358872965	0.13160441724558464
0.058743079766464715	0.08772195485305956	0.08808792736262702	0.019479158496795948	0.034242977524157045	0.3071871065103615	0.13970632082886014	0.06007606014511259	0.07275152334630423	0.13200389116625727
0.05888345462044993	0.08812088519055492	0.0867634900384221	0.019491992499664615	0.03188883521917339	0.30970453973872836	0.13617844173178661	0.06387444407394677	0.07331186118349389	0.13178205570377943
0.05866053242696465	0.08738632650267866	0.08667942787286158	0.019538809418146952	0.035010824382422354	0.30675472251210334	0.14073192531291506	0.060758522804531236	0.07306632797328766	0.13141258079408843
0.05890525015430187	0.08810114269797499	0.08792314695804374	0.019446174319591225	0.030106830237953908	0.3104280425767087	0.14339077197361855	0.05724893092720619	0.07335964988043275	0.13109006027416809
0.05866062955604881	0.08747414667412251	0.08643681784110566	0.019073916184950232	0.03566520377726923	0.3172787481836585	0.13970348111094574	0.05076438912473564	0.07292800668960173	0.13201466085756194
0.059686516106948875	0.08810928094187796	0.08645880438113783	0.01905511825811959	0.03468520597361208	0.31066452210155115	0.13580566815072706	0.06134183272098025	0.07333202659490695	0.13086102477013825
0.05857465964274252	0.08779389485650425	0.08631080649209505	0.01896416638662579	0.035327263973572956	0.3099933241144325	0.1349289402384934	0.06251691115352943	0.07342571801207808	0.13216431512992602
0.058970210402499924	0.08734785123277818	0.08643768192624951	0.018910953526643848	0.03636068672366109	0.3096876574892275	0.1330479399230967	0.06424215251695951	0.07300562467220287	0.1319892415866809
0.0597433114533137	0.08766757376049102	0.08709188269903581	0.018993022020424244	0.02996991530575152	0.31829825661809075	0.1321410315431766	0.06212449985146804	0.07272545455601272	0.13124505219223562
0.059844687426289664	0.08777234596024405	0.08754226955424473	0.01931633148673695	0.03217516421153925	0.31910668202354553	0.13136639172154047	0.05792989441832603	0.0732350211455023	0.1317112120520311
0.059664618708656476	0.0880738964517288	0.08730114029996212	0.01925430212036172	0.03661730719436365	0.31955878513724323	0.12975228629485386	0.055526275837865506	0.07325335392436608	0.13099803403059854
0.05886975011811241	0.08742862736338464	0.08614103326333017	0.0188548258017726	0.029682322813323003	0.3250854494306198	0.1331076986467472	0.056622450035145835	0.0733597593290241	0.13084808319854024
0.05987550153913833	0.0872483712277002	0.08800937948983983	0.019017812412970667	0.030792241356645336	0.3196559649340387	0.1310859460226161	0.06087020495559969	0.07267894734761932	0.13076563071383182
0.05886965677634917	0.08724494464316887	0.08730409476076897	0.019603744277460033	0.030147907741619046	0.31963619558480993	0.1356020010656294	0.05643402042848928	0.0734184713778463	0.13173896334385898
0.05993631620223004	0.08733167227607366	0.08737075721148092	0.01953803124890377	0.03182242624167457	0.3165756659475215	0.13484995327644306	0.05785767128600291	0.07270308637511456	0.13201441993455493
0.0602216266839239	0.08729553471645582	0.08785487351289864	0.019126594689663393	0.03346904397678284	0.31612600569560123	0.13770149299741974	0.054129352345723136	0.07268562146514418	0.1313898539163871
0.06015179694789279	0.08797668827151672	0.08774247031621259	0.019107570817348776	0.03399579575872021	0.31719552589076067	0.13862523653141293	0.05028063991200278	0.07299138784359963	0.1319328877105329
0.05924214250693613	0.08771200794127441	0.08656707317151188	0.019228260781976175	0.03519134461590667	0.32106116057897194	0.13543359460877152	0.05135261225181031	0.073397163278171	0.13081464026467
0.05967576533167436	0.08798089845460069	0.0878685132838053	0.019310488276892038	0.03131406384593033	0.32496492778527625	0.1322456241639035	0.05169006980150644	0.07335389619196375	0.13159575286444733
0.0587246294286207	0.08805046784035797	0.08775332402019818	0.01939774623287456	0.03500085628145465	0.31850739326341765	0.1322287823493758	0.05549196427040611	0.07278454225338603	0.1320602940599083
0.060205702755858306	0.0880703678928017	0.08774331430462813	0.019180204925735536	0.03052370298800125	0.32322541976048486	0.132460155947489	0.05434291563303301	0.07295191389243318	0.13129630189953506
0.060213670414234546	0.08764251782558402	0.08698841260667856	0.0190405845874847	0.031272598377448974	0.31814477114090023	0.13576906420644574	0.05619045071345847	0.07341607678156041	0.13132185334620436
0.0585893451836688	0.08738202025043913	0.0874341112516588	0.019540179554374246	0.03682905152136805	0.3153611678365292	0.134716346163248	0.05524872833222122	0.07298687410917772	0.13191217579731487
0.058917135959980355	0.08717438005302815	0.08649595399614893	0.019179359207817742	0.03328528932373649	0.3156442012904215	0.12969360651738276	0.06582174410948524	0.07295126891572434	0.13083706062627448
0.059556430415138875	0.08737195123151281	0.0867463931999807	0.0192286964981839	0.03349971865464968	0.3081473281542508	0.13619020877565557	0.06511253008216916	0.0727048886710181	0.13144185431744043
0.05858171565262737	0.08777127226408829	0.08762914145040089	0.019185069173171337	0.03678575737549625	0.307848735954583	0.13220259210100838	0.06555453301375783	0.07281854972417034	0.13162263329069634
0.0584716367018723	0.08764466505445706	0.08642737035001043	0.019277207552093625	0.02954199722951817	0.3121828435334309	0.13502095758229163	0.06730542435285179	0.0733672039233503	0.1307606937201238
0.05874758281938412	0.08731442167524847	0.08805351316627073	0.019282293314451346	0.03361340894071409	0.3155592565883394	0.12971645895988884	0.06337075228432004	0.07285188877979532	0.13149042347158765
0.0600054482920544	0.08719756245560509	0.08669971695968924	0.019338016322438117	0.032238705106068924	0.31728349551118656	0.1311855450301378	0.06228464069739207	0.07279186195971153	0.1309750076657163
0.058526243161073715	0.08783368026472363	0.08649244149786472	0.018805953603670253	0.03144124043718509	0.31125083029114126	0.13442978325248184	0.06719061002920557	0.0726688635890994	0.1313603538735545
0.05901609967079543	0.08793788460967472	0.08607012616654595	0.019561176423171997	0.03135461728126962	0.31264991140767884	0.13679311501270305	0.06276591541644436	0.07299647319523503	0.13085468081648097
0.06023744811066351	0.08807975738553822	0.08722391727861036	0.01931628812897275	0.03282459411711701	0.30932349717940016	0.13483771699259553	0.06427060224157186	0.07290472293531738	0.13098145563021316
0.05869383164857662	0.08738957789276634	0.08680156213719009	0.019066492636705595	0.03102330900609372	0.3159147233957459	0.13485287304141452	0.062268238290350025	0.07266688872975423	0.131322503221403
0.05883218801738807	0.08771018618140654	0.08779061099811836	0.018902622384180306	0.03286974452813794	0.31244999239888016	0.14294779676972297	0.05371438240498901	0.07339433173294822	0.13138814458422843
0.05939130955788299	0.08736726114887834	0.08612273051830484	0.01955804112666233	0.032424271997598494	0.3075205057890793	0.1380357694399398	0.06556770393419281	0.07321973016070256	0.1307926763267585
0.05989146725894319	0.08754492494323252	0.08656439884724515	0.019345242275730798	0.03443367369920172	0.3091825633726082	0.13232916337217804	0.06703911584893416	0.07286822901184635	0.13080122137007988
0.05851265236258543	0.0879772606951871	0.08781377174220314	0.0196114992825151	0.03371354799916	0.31424608202518634	0.13150733545115767	0.06256512878901066	0.07297408840658513	0.13107863324640945
0.060137581474765125	0.08737762837909877	0.08738180609677465	0.019549324138304305	0.03331520678517952	0.31039042982097786	0.12992517393721142	0.06720356395561523	0.07324002476324168	0.13147926064883142
0.059185249853079186	0.08784676388260008	0.0874091497879445	0.018898483497199983	0.03518753025601383	0.3166832230848856	0.13156498714411538	0.058679738273150296	0.07289269759553925	0.13165217662547188
0.05848117199835838	0.08812236617634572	0.08673182093615989	0.019529138914185687	0.03231514823660199	0.3197661586462686	0.13460986498633232	0.05640433584726956	0.07267658254742818	0.13136341171104965
0.059629976991075244	0.08788149281022	0.08676300141081117	0.019060091617703306	0.035912354868954985	0.3156842763372878	0.13359408733224895	0.056679830462047574	0.07328152479309023	0.13151336337656072
