0.061244379697228374	0.0857846133904592	0.10546068151276547	0.16588036627369632	0.04431727262535029	0.19470579024700507	0.07408836385924944	0.018616854048058587	0.19050701353148464	0.0593946648147026
0.04804910515240508	0.042417041605449804	0.24881449788096843	0.06192693972782332	0.0704786718158475	0.1587813507299234	0.06848555353892649	0.013444913153011745	0.21624657269178998	0.07135535370385426
0.1748271475757675	0.037385353811186225	0.06579013733160805	0.14776329948115616	0.04210896753794755	0.14167444028997636	0.06432420642707584	0.016185981236105554	0.2680928066392571	0.04184765966991953
0.2422521897828901	0.04875804010858086	0.010053551173188888	0.09788458786676033	0.05946061874927813	0.17879301400148184	0.07461523297446773	0.03220001590739974	0.19041298429236925	0.06556976514358288
0.15601279540631735	0.09231770325385327	0.0433894750319093	0.07738988457502922	0.06865051087422479	0.18065604007276162	0.04349255519113199	0.03547896051010839	0.23280269956055144	0.06980937552411251
0.22160726576016354	0.1564356799297123	0.08526135760102493	0.08129382032610852	0.04415105783004244	0.10111339047704253	0.04561986404306872	0.03240482187186973	0.17116023305626393	0.0609525091047032
0.10846777044827292	0.2963900326217843	0.05598495807197729	0.059537378132339905	0.03738071842096921	0.10348941737911656	0.05860672251581131	0.027260207836585726	0.2085890399333054	0.0442937546398373
0.04288270031157722	0.07701441155775758	0.2072225910049873	0.14882168063332804	0.04282188746258706	0.15955740968157447	0.06489635909370409	0.02673104262683533	0.1854915520424711	0.044560365585177814
0.06399446828835846	0.05147387585023509	0.20497748468785879	0.05816457878127343	0.0782087060637792	0.17193508188637535	0.05719737609874431	0.014569103478863546	0.25797691637135695	0.04150240849315486
0.05428590942303897	0.0713415394080253	0.22244553114481802	0.048063659759456395	0.06203131076580737	0.12054201629257681	0.056612305067838806	0.018167982144765685	0.2691533292019767	0.07735641679169603
0.2428548243510954	0.08535600333465168	0.028739865516540106	0.049318771517471396	0.0602527533900647	0.18269567940418163	0.04496576677046808	0.022613949860555732	0.2286239865760964	0.0545783992788747
0.03677569981702197	0.08660512803992772	0.11877264783020977	0.10641477588931904	0.07481088077430371	0.14909749764622676	0.04478532715325398	0.033266409506778394	0.271658088203018	0.07781354513994058
0.14111142942399876	0.08986596107282352	0.16015104877827266	0.08899068688352088	0.04467181063746682	0.12251590369160888	0.04793049051718474	0.03064176011591084	0.2272772715707651	0.04684363730844769
0.07498487731796893	0.055701936137059274	0.23650098234693334	0.08873508602384465	0.05780076676544531	0.13225698901334937	0.05721746637537187	0.029492370101636606	0.1981640063294271	0.06914551958896348
0.11545479424108651	0.20648606929645325	0.0804234557245777	0.09828627415676852	0.06503098242490457	0.11030464316885517	0.04039264287381766	0.028052884330918765	0.1821569200350019	0.07341133374761591
0.08467762923236596	0.09636450604019561	0.17568737413613986	0.03339239421591532	0.0665342359324451	0.17407774230883538	0.07491379118355009	0.012494296949651637	0.22639516914355629	0.05546286085734479
0.09205785550851966	0.05202264065438673	0.09086978988662762	0.09168191827050357	0.05055445843001291	0.1857790894437874	0.05297483257603222	0.03474584175618478	0.2778722241012832	0.07144134937266186
0.20359281959176773	0.03393046792816694	0.15827985631748084	0.06498852319139345	0.06818101947447211	0.12009106584780548	0.07684185782097856	0.030912974180382732	0.17393315280878158	0.06924826283877042
0.1641121063534013	0.13405105089328923	0.022331816034745114	0.09469862686183604	0.07999303597802644	0.18052763150288242	0.043502513253442406	0.029446612300519162	0.19104393646213647	0.060292670359721356
0.13012154781908333	0.2516881791716364	0.04414848527515241	0.11384785217665971	0.06587409324674162	0.09646659686963968	0.07114323880315723	0.013612010842122463	0.17016459451689478	0.04293340127891227
0.05943908455298676	0.19778163373085295	0.008881999194928034	0.09751601950988684	0.04742587658576749	0.17040356377713273	0.05042235058030362	0.01583719059208502	0.2790296952232496	0.07326258625280692
0.1772280620837516	0.1353550687393972	0.05620796491196332	0.1092595788199997	0.03999083057273953	0.1771539156794269	0.07371813252663896	0.020324836514106034	0.1687662191851025	0.04199539096687409
0.19771541080676747	0.03539051119057514	0.14787272015906028	0.04373688054296899	0.055778081041464186	0.12272594951504395	0.06196321027311579	0.022957153852286333	0.23885429115477835	0.07300579146393943
0.21577288852400403	0.11980537729088142	0.04157515897331434	0.0384491653681296	0.05059903521584404	0.19274517265655522	0.058399475610367596	0.013784409360895464	0.21077151279379328	0.058097804206214874
0.04879037768832156	0.21206155291041967	0.13111957238277322	0.04030245201669022	0.08224345444115472	0.15852091273117302	0.05775263790568967	0.015714811301741863	0.1803125687814245	0.07318165984061159
0.09846810246186563	0.13695566170871054	0.07319597300971258	0.1633535579040964	0.04344585534431107	0.15075073754251472	0.050388755937247995	0.01597703036106865	0.1934215353673448	0.07404279036312753
0.11113679584065239	0.016837108564360104	0.26461756634654526	0.04058213051723923	0.03657238001900996	0.1300236295363622	0.06755709818680397	0.022097725238022614	0.2421687701311943	0.06840679561980986
0.17594641114648824	0.07959540871960098	0.044081675178724106	0.1446630212249712	0.07119168879073852	0.17525207541993548	0.0411835390579586	0.03327726576062162	0.18881212888472326	0.04599678581623782
0.03676318460169799	0.10525822596870531	0.1184965461282746	0.08001173083512171	0.07510040968031503	0.1478100423040527	0.054911957213382497	0.03587912655892514	0.27056120778732906	0.07520756892219593
0.1057933236927471	0.06232169615277077	0.13120659614512328	0.0918296578083025	0.07886443541791593	0.14200374830023538	0.052768807788920395	0.029000490825775146	0.25080817786250764	0.05540306600570178
0.10685453358474618	0.16693484408419024	0.05879377022671653	0.12015240762012397	0.05320997002460087	0.12053242789226237	0.07349738291358399	0.034667545320027346	0.1993927943022128	0.06596432403153563
0.0868726157814414	0.16950872209515663	0.06184766418058076	0.08612584153282332	0.055361264975808254	0.16165127927035	0.05319568039082397	0.03204317614846362	0.21854112719690225	0.07485262842764975
0.03433649759877981	0.2831779387880612	0.0669695572773793	0.06278195155291971	0.05591680487744951	0.13888361680544764	0.046402535197786816	0.032738360442744335	0.20016016387441224	0.07863257358501943
0.089878097939979	0.23190341000275827	0.06591901035778847	0.031241948900208302	0.05913126303446421	0.1420960699738601	0.07445866896181888	0.015229240627734716	0.21887455742712808	0.07126773277425996
0.2362521639192275	0.026422220775861177	0.12045252234471558	0.0483764877986713	0.06662882376584667	0.1548172860055369	0.07655902056764656	0.022216860015277784	0.18304065109399592	0.06523396371322042
0.06169296392980704	0.19876167322812474	0.04614564200644947	0.05539727143170091	0.0763833346567501	0.1832976874835541	0.04774857012900652	0.028873615973766115	0.24909234735911184	0.05260689380172918
0.13014371390342683	0.22160150684590496	0.04722815750088254	0.08205981861654525	0.05148584494199986	0.13048492590154714	0.036876253277216595	0.024988071037116005	0.2043244505094564	0.07080725746590427
0.07020065334509787	0.022244708093149365	0.27766093895162114	0.059701016863640516	0.057878251014608355	0.1735531693723943	0.05311171846318727	0.03401259561481973	0.18205984462386582	0.06957710365761563
0.11683867084216934	0.05111129566750825	0.15286296021973012	0.15939125164366483	0.08200925648425746	0.12933249205582914	0.05609569858699804	0.02419152136863191	0.17999996341966928	0.048166889711541566
0.12127988307634308	0.051901707219036364	0.15258464313332476	0.17598675798213909	0.049227273291567314	0.09675831023247478	0.04832222069336425	0.035459435427226446	0.20421607496442784	0.06426369398009596
0.15062774769427933	0.15768061553931584	0.07986435941673775	0.08587120814285853	0.03874884365010814	0.14290018949319838	0.05924823086451827	0.017068209041516	0.19424379145303314	0.07374680470443455
0.12886407973475944	0.16394362489664782	0.0977457590119259	0.06743172263661923	0.05806956341406732	0.1510952784391298	0.048075571311669806	0.03200304208067553	0.18982752416422366	0.06294383431028139
0.24813703716194063	0.14356440572506174	0.04299722544319926	0.028764225282289446	0.060792478919405646	0.10211781198033246	0.07644561811890144	0.027539092497258985	0.22620910944451145	0.043432995427098706
0.12932524181643196	0.1388929179416724	0.13975461821891666	0.10313536487045277	0.061246433489671084	0.12429938325535123	0.05722754856055518	0.03613113108256609	0.162488763191063	0.047498597573319506
0.03857462476154769	0.1411720069957958	0.1188453809969683	0.17980398701654046	0.08368841886663947	0.09688885451050015	0.0720208465034438	0.03630201832714662	0.16533384472763116	0.06737001729378653
0.054211069327778284	0.07443686314405228	0.2897379774342362	0.04057696911219365	0.06723243496500904	0.11980050064338407	0.06047540651956873	0.026496394390157427	0.19164543919223698	0.07538694527138338
0.0754703802788158	0.16795081800445383	0.0687453572252212	0.1050719204672576	0.07966236815139174	0.15482095369839777	0.06782482565264063	0.016736498921533977	0.20074041714451324	0.0629764604557742
0.12553946825035253	0.167947460459773	0.05225189323323663	0.10538845146509976	0.046154763613279956	0.125661855514557	0.07334251324682599	0.027637220686471092	0.22264317924625787	0.05343319428414609
0.03372689255833129	0.2468666341755748	0.1403882569415905	0.09702941432303955	0.07253821398194923	0.09024328772627478	0.06440915468220743	0.016697843432600334	0.1786246239712601	0.059475678207172054
0.18322838109646172	0.0709510624011335	0.08046663188892166	0.15863049219741332	0.06494304807385674	0.09870412560944727	0.06780292776135892	0.03543252596659349	0.16876342762141228	0.07107737738340097
0.223190907002181	0.07902434322884283	0.015235783492693819	0.13904835221136191	0.08258764500026632	0.11024385492844338	0.05264249705876691	0.020939479025693403	0.2035146076018946	0.07357253044985562
0.2569514819019438	0.060208542629244535	0.17448784022648503	0.03725865350968541	0.03794491104536499	0.1197487554123208	0.046384303279541225	0.032483830549367404	0.1850674553363515	0.04946422610969514
0.1929172857057478	0.025739202974900066	0.1421720481951335	0.12269137278864958	0.05667490246961926	0.10797088084711592	0.07326191604976394	0.01587396845445467	0.19180644819150422	0.07089197432311095
0.1283009126048697	0.13023134736300293	0.05851459429444876	0.1116399496751145	0.05115120802404159	0.11934693826612341	0.05414345061170213	0.020584872331309095	0.26281592736799186	0.06327079946139597
0.14816755859711328	0.021109199597237324	0.23132047961053653	0.031059874084589836	0.050110729237551055	0.09775796129463168	0.07199647972801565	0.037663484689480456	0.23383262498295188	0.07698160817789212
0.07618724055775791	0.08246688182426992	0.19053656530890145	0.09013615329490998	0.04092585904335924	0.12780766466230797	0.07744095334090534	0.02727459314073559	0.24224917426985726	0.04497491455699531
0.07822741706781842	0.058546900035270216	0.18114984362429726	0.15030964972791067	0.05170540150601021	0.13898439643164734	0.06596548379889158	0.038673738900394945	0.17593974101151943	0.060497427896239866
0.052484710958604366	0.10787495163628605	0.08683893868319201	0.12800971981509915	0.0639452788940508	0.14720935390959253	0.062129830451082946	0.025695368181412867	0.27536372625525557	0.050448121215423705
0.24946932532133442	0.04463694766000431	0.12145585439666587	0.06051645338469991	0.04137103106309848	0.14675537447973477	0.06974956105085925	0.02762388676947143	0.18570207770697106	0.05271948816716028
0.05403449051971663	0.2077274635861267	0.03526937608439075	0.15852138830142032	0.056493884336331145	0.1952049329360186	0.03703570642937812	0.02341068323221822	0.16137782293469768	0.07092425163970176
0.1680322878812173	0.08099437373996746	0.20041638239361964	0.055710776785024216	0.039354500678758834	0.12312387819254361	0.04781703462816692	0.02874977390214488	0.20865695127425044	0.047144040524306534
0.12536933702467035	0.07519400679873456	0.14007759098556866	0.09897882889938137	0.04418467596403758	0.17244656676019826	0.0513734707450514	0.012974271088868256	0.21147740155571854	0.06792385017777094
0.1809526516869252	0.1382979564676069	0.08807320228924403	0.06006226693344723	0.03937742039742884	0.16659017171498103	0.04060124760557334	0.02673594307971601	0.18606216696751438	0.07324697285756289
0.24483606344022313	0.013871661947165811	0.1059565479504765	0.09517125275767668	0.05444732016336315	0.10012709058142787	0.07924487598132463	0.022530027667351696	0.20487308478715338	0.07894207472383696
0.16856634552712624	0.22500023743763053	0.060147343576745484	0.046851863431455094	0.04574688819410893	0.10658371145164688	0.041185454105077575	0.013662693614353086	0.22812063752597117	0.0641348251358849
0.24726768433556368	0.047070707800405426	0.06836423272349083	0.08399840677266426	0.04211240933156643	0.20015893332260257	0.046746582489334776	0.031463643542933295	0.18457393737310468	0.048243462308333804
0.10026928525249497	0.2350523004538887	0.01636953201469936	0.031241012076873284	0.061826111294391785	0.1896664276879655	0.05780622297079824	0.03426834606798218	0.2092046569519354	0.0642961052289705
0.24209544405823147	0.13826687638452234	0.031190399318509615	0.09682823817136564	0.0424159397774973	0.17648777567010207	0.04102180504138654	0.02236501240724177	0.16571302919951542	0.04361547997162765
0.09490377254259197	0.12297952434079035	0.2060240252666205	0.05324138086303269	0.050183379750600776	0.15368343845675786	0.04050298304184261	0.016031185978303983	0.20950655841337187	0.05294375134608736
0.1871740832818548	0.014125841875336068	0.06980766024992971	0.08284246504000296	0.07020078840287197	0.15640913899419023	0.047197762974982314	0.018552548256015253	0.2837673760240412	0.06992233490077536
0.1790747798092422	0.09806640804788856	0.0843548362718291	0.10304947519962163	0.05708445594161979	0.11160789985460468	0.05161839988510655	0.020680256484510648	0.22588171603338625	0.06858177247219045
0.09549593640712689	0.1324121045325879	0.1857577741150789	0.061840818775036555	0.06428258479225343	0.12330516686461351	0.07393717708219096	0.03199040330179148	0.17715687770207697	0.05382115642724336
0.11167144990395955	0.026624859345501004	0.1775762363986332	0.1570396772877805	0.055402005267891324	0.14498141364016803	0.07014878263022614	0.027816521651488582	0.16124291549381248	0.06749613838053914
0.05120510146251345	0.16273265955990368	0.029383848569472723	0.10665247231842163	0.07469035155677697	0.18934096774807607	0.04246573637985271	0.016404627329018984	0.2594085750247664	0.06771566005119738
0.2009359109499558	0.1270310305287155	0.019607188716756777	0.13203738585067928	0.03669739085259098	0.09754617652001193	0.042645553588370626	0.03323648875457995	0.23855861459603128	0.07170425964230764
0.03369667639968371	0.1277111697706428	0.14499543768233808	0.10296972964280546	0.05462986837259316	0.1940574699162393	0.07563061232692445	0.034709018066546304	0.17961950724596432	0.05198051057626244
0.12255048554524653	0.21485169319700714	0.11361301007670474	0.08201223863290312	0.05855897867584058	0.11010564604683462	0.038536682933115636	0.019249776384450232	0.16305539877297442	0.07746608973492292
0.11333633907337501	0.07276427809825783	0.1778590233835292	0.1431637464172374	0.04564793243681593	0.17263163538553777	0.0382209095455167	0.02191440297368283	0.16620178794592477	0.048259944740122476
0.06844269067713526	0.15459552036784238	0.09300589291068984	0.027286991524707815	0.07805231357440444	0.19091382603631346	0.051236654555508354	0.03036437471803076	0.2542324750218332	0.051869260613534446
0.19923255806156745	0.08518024285564826	0.03337924942255226	0.10446093679167158	0.07418372278486754	0.16566945580864784	0.05011166373281645	0.017124950566566502	0.20633439658735464	0.0643228233883074
0.19406296316226906	0.19017307893635238	0.0445346102124513	0.034817147161501555	0.06218586768872059	0.1407206687650235	0.04886286407255747	0.03033615786383438	0.18766720051467933	0.06663944162261023
0.2580206948343637	0.036885797235043497	0.08233506960239537	0.08000163969078511	0.03729796950336707	0.1950852794013156	0.060509545116683626	0.023723320869103767	0.17473522750937687	0.051405456237565275
0.06109851621024971	0.18433806591149304	0.06952927316165751	0.09659796498273371	0.049951387440031414	0.17312123925292744	0.059280487053385754	0.03446299732892347	0.1998633176569524	0.07175675100164548
0.21040681585248128	0.019617270833746064	0.19195798811259618	0.0329268014794315	0.08144213287715776	0.12765559417270522	0.05509374110146681	0.023152378724960565	0.21375634657807063	0.04399093026738379
0.21053796107541686	0.023485548135279435	0.16159669853738767	0.04774683933530667	0.07610090231755098	0.155252543229342	0.053273521310108034	0.026661640389080588	0.20004019639916604	0.045304149271361546
0.1254122019107437	0.15959950953346547	0.14023332057545188	0.029545151211805384	0.0638746584838919	0.19050570673789574	0.04264984689390254	0.027133206086482328	0.17308546088717897	0.04796093767918195
0.0724812108788288	0.11575951178518865	0.18383216037771904	0.061895455923881834	0.037714630857953284	0.15440999472550712	0.06718672534672565	0.018561610341862447	0.21426867797570726	0.07389002178662588
0.03951596171587034	0.12424926345947547	0.213278328951616	0.10984337424333758	0.0825674082558625	0.11664235866920637	0.05926151959265092	0.012969164846926978	0.19927653425587716	0.04239608600917666
0.19997236512945354	0.04519199091699769	0.08071883934996371	0.09478074544586039	0.08129178468113774	0.17204864771463776	0.07259920818161135	0.028557211106696193	0.18039626887466184	0.04444293859897958
0.07102478172415513	0.14165972564755425	0.04557451384753905	0.18800609946004504	0.03725246514392641	0.10566905429845376	0.07432281972733122	0.033920415607077425	0.23017483130764466	0.07239529323627303
0.17534833919922865	0.16699431060919367	0.016962015892868818	0.031433043184375564	0.0416537764924757	0.18273649644281703	0.04777442011711307	0.01246005435030921	0.25223215172831986	0.07240539198329825
0.043807863956164345	0.12619286422290923	0.1317870773456012	0.15437701651582508	0.03569018444934248	0.18650897481400774	0.04571702308641655	0.021214288416339155	0.20698698948040395	0.04771771771299028
0.10970554064145382	0.29237779552394105	0.016198964144082242	0.07894961055394994	0.08277269860385743	0.14641396138480475	0.04116425241848024	0.027728259946126183	0.16164976555150035	0.04303915123180389
0.11603454212139652	0.21858137633482003	0.07531712039378081	0.077060036267929	0.07661723624779561	0.12229777251879984	0.05195982792225557	0.02024040782247516	0.17037645105774374	0.07151522931300368
0.16058053591921512	0.029057551653304356	0.1800546415841566	0.056903980336418185	0.0475391556899059	0.09190660226966743	0.06734994737698845	0.0276437472799244	0.2686957112665464	0.07026812662387305
0.11581607916449202	0.02427142408528063	0.12970753858288323	0.1507042959541177	0.045498353899988596	0.15218629521524285	0.048065094210358074	0.026654237387609525	0.25578980951243224	0.051306871987595065
0.1658370058099894	0.12825162687113578	0.06879346379800422	0.13307904932510364	0.049218967323741744	0.1225384439572757	0.07813025535046991	0.01698632743998338	0.17186050871954134	0.06530435140475478
0.1620577521103534	0.06678107491929712	0.11883199200485692	0.13306883678546538	0.07173904627490343	0.09535895257209241	0.07458572191608051	0.03547735855986511	0.17180781926626332	0.07029144559082226
0.2085052248289489	0.21108459946358116	0.03141430063406213	0.07564752447873825	0.08014512125648793	0.09021676466158084	0.06420056883108023	0.024875790011329835	0.16185965982984127	0.05205044600434927
0.25649163597368807	0.028873775011780997	0.07608126426044567	0.04687866817662095	0.04901655219312097	0.1800217473948335	0.05431798457489102	0.024974491035352514	0.22787048518749192	0.05547339619177412
0.11848146141761798	0.03312061498138534	0.02363025177517103	0.16459344966879247	0.06633648905357853	0.17645631611666418	0.04973794975183176	0.03845312445046587	0.2674825544827518	0.061707788301740965
0.09005017091646615	0.018551536991079642	0.07597685615220282	0.176917645948225	0.07238925118887296	0.18316558880427525	0.039715891550598466	0.030129162776234716	0.23575449656730485	0.07734939910474006
0.11326280152733806	0.10418652902209569	0.12237181640733762	0.19575575152229663	0.07087921305498844	0.09788140710114752	0.04170172759629822	0.028976301525223916	0.1769566816016714	0.04802777064160244
0.03736548504311611	0.06398274268269	0.20922015469788108	0.21924875949676914	0.041311101472100216	0.12198027359764513	0.036960978795541666	0.02136911700691009	0.20450464834911675	0.04405673885822983
0.176291239639575	0.0666195576511471	0.17348291922492312	0.10093276501495906	0.06383967523916056	0.10228854834965766	0.0540654121844016	0.026976027258958826	0.17386245947673792	0.061641395960479045
0.09398357322434252	0.14659045879286903	0.03230261444219737	0.10233252682881662	0.07672031527511666	0.1324840635666632	0.06302170475899035	0.038944977642221955	0.2620297592903516	0.05159000617843066
0.10883365418078392	0.11070260372189876	0.02792537453136934	0.14035342531716602	0.06170482058891582	0.19429452524817872	0.06170882820789616	0.03183281085600456	0.19420241647592895	0.06844154087185769
0.13599283710815285	0.20421695349996632	0.07174391324722099	0.11521148008630039	0.05994254071495498	0.10533491668405627	0.07554599447146695	0.012456240961817647	0.1754856999782332	0.044069423247830294
0.1198651771015577	0.21668192886905355	0.0334382229209088	0.045436058023622716	0.05982804886126226	0.131087672580868	0.04721865269059594	0.01801111696720563	0.26406767576977946	0.06436544621514592
0.04348601444962483	0.20493560843877598	0.1759458732641632	0.09405161731627054	0.04485212870318066	0.13508903477492432	0.03775509870937747	0.012942629526261212	0.183218882324036	0.0677231124933858
0.12419081417338781	0.06398314966459256	0.060438864135971944	0.22570264205834878	0.04156803871926194	0.15265295617653912	0.054542234427919445	0.015381116440444834	0.21897027142568964	0.042569912777843805
0.17828453540028433	0.0343399416420397	0.16087215880252942	0.10005456773343381	0.07888075599617558	0.14282690549342936	0.03833489710278064	0.03196983946356215	0.18631258158069236	0.04812381678507251
0.18971413276478988	0.05291624237806221	0.16708187430749136	0.046529300432752774	0.054570791953184344	0.1685082443475288	0.0637606751059927	0.020903092484869254	0.1714506833038155	0.06456496292151301
0.21395333399535582	0.051938590574124796	0.09449173367745646	0.04342030067408601	0.0752834813382235	0.11899793623463711	0.04339754602954269	0.03252647491545267	0.2824084817539935	0.04358212080712725
0.03837630202275083	0.16479550580190955	0.155645316673427	0.09224945944025448	0.06418944870137921	0.11408127128943027	0.05182011126430746	0.034785069207142874	0.23941884656908158	0.0446386690303168
0.13944012890088603	0.025757734593563758	0.1670250509840696	0.07599791463308911	0.03867571475278134	0.12098631093724306	0.07970485373916875	0.025282268437401417	0.25220203784989287	0.07492798517190401
0.08217099365410094	0.06428230114167668	0.2497184283603332	0.06775501172394752	0.07236943360972277	0.10835369469643828	0.0716912172643531	0.031176685418987354	0.19224337549795195	0.060238858632488165
0.19865828697817778	0.16577332085011443	0.05114994621296617	0.04368125792789693	0.03956713592453163	0.1021727968651582	0.04481654200095029	0.03341799428688895	0.24134049906774901	0.07942221988556644
0.11948024945467935	0.07364143909786264	0.13289438626109507	0.0821483024005373	0.051183356606299704	0.1589681824332357	0.05076896911582734	0.016742275114515162	0.2346523701126086	0.07952046940333912
0.14980368855867837	0.16030340980563348	0.10743057927560293	0.03573666281631743	0.04872779366387064	0.14507031248126848	0.041456310592031344	0.03646013777776687	0.19897452059090276	0.07603658443792756
0.0486950468205129	0.06336527642812217	0.06281407643753759	0.1887351611959974	0.07020177889939785	0.16229334472761664	0.07385592346567252	0.015361698054241674	0.24224467482091855	0.07243301914998272
0.03698247012536304	0.10772045371983982	0.06843934560539418	0.16032058150829342	0.05078040248134391	0.19399673858486643	0.06799843423480045	0.014955221158309231	0.2301491841555957	0.06865716842619383
0.16117220282394612	0.06338465205746324	0.22605062412856136	0.07517856140057624	0.03817726746163794	0.11130328202237622	0.062047134004503054	0.02232310907400145	0.18468038900207923	0.05568277802485501
0.10730945293938371	0.21478203915580937	0.012808962435853138	0.10240160981278254	0.05409824068980077	0.11290586693639038	0.06762448221180317	0.014211717328480145	0.27108416775734373	0.042773460732353
0.11323376840408536	0.1721923560477992	0.15066222358624187	0.05296823413689327	0.05039630101583364	0.16301725997140404	0.05003886053724509	0.02751496499833364	0.16815752867381786	0.05181850262834595
0.14276245416686745	0.07949319435619609	0.11230016184568602	0.0783547049151788	0.06354004758593562	0.19566724995413448	0.05765206590548751	0.026715197199625076	0.1809731087219159	0.06254181534897299
0.0809769451331189	0.20358860931199096	0.014124969832204085	0.18974467833423503	0.053234292786524945	0.09872735069088029	0.03743037749505451	0.029507009308239518	0.2176687603678012	0.07499700673995051
0.13434151428724994	0.11489493792489898	0.0622152874496063	0.17423552675180343	0.06627589746441945	0.09321469403686403	0.046481914441063296	0.03782068582393969	0.19057720737129433	0.07994233444886042
0.05475833275828429	0.03566746165528936	0.21511856257116824	0.07587284271224627	0.06908287922051187	0.1887460652461948	0.04012861947683571	0.03530778477107552	0.22852359038463815	0.05679386120375577
0.18397510014715013	0.09951227629632073	0.161914327811163	0.03939069841574971	0.04256779141333551	0.09368364222577272	0.05589434048487728	0.01296516538779234	0.23908270780107949	0.07101395001675903
0.05702449694956886	0.15521451428878447	0.12681936375053873	0.178636003073125	0.0622611196462734	0.09261666100519378	0.054075181368760175	0.024252096291308853	0.1747963424458167	0.07430422118062999
0.11934644899666866	0.13462067587852386	0.035756590803995694	0.12689837028972925	0.04635456268457568	0.19364421591612213	0.05289962388691838	0.037620691210959546	0.18690766746567894	0.0659511528668278
0.11040794595233752	0.06263512191539108	0.01461670961229887	0.1893745620421507	0.036175696026686105	0.16272978860642728	0.044990766603771166	0.03186175297686343	0.28034671703328834	0.06686093923078539
0.15612239338975784	0.10838312782114777	0.036521367886214934	0.06668431177344133	0.06694419009762011	0.1624046743512573	0.04803101251718476	0.033991137718717285	0.26181139985123253	0.05910638459342602
0.2553832192715318	0.11052053518666087	0.05929188745635437	0.041327573770314846	0.0644591287548947	0.1424078164032495	0.05015938473741663	0.03234432025836237	0.1999900717208653	0.04411606244034935
0.13408420032896795	0.20748357457730082	0.03936618972614195	0.07791722457413076	0.07023514165634855	0.12096952263355096	0.08109040033710208	0.026504939591925264	0.1665181201052195	0.0758306864693121
0.07726007861443476	0.23926676694487686	0.029718410933730482	0.09171864592141486	0.047037946454469785	0.19289332525073677	0.03731072337286742	0.028812388588014937	0.2053633851950676	0.05061832872438648
0.07658779495797481	0.15006710192127087	0.02380411957428455	0.17244624225673091	0.08034778835438836	0.1684891855388959	0.07062088436509625	0.02662838093565892	0.16324258576226827	0.0677659163334311
0.15787565253912722	0.13554018400934215	0.0632093102001779	0.14339282607021878	0.06051508733815891	0.11421971662755154	0.04603378384571509	0.020971422207054502	0.17928911315586485	0.07895290400678892
0.10134909567098277	0.16286135408882735	0.11510072032485981	0.04307070080896257	0.06983837598066132	0.19109091489626462	0.05972257352279284	0.01845205070739246	0.19569951157299606	0.0428147024262602
0.14457428631377342	0.03298944798312839	0.20620210793969146	0.09066010063033123	0.043234459515655556	0.15186216160235483	0.060115693829706836	0.031180558789185187	0.1608428860570017	0.07833829733917129
0.11788373284492426	0.10968320189489561	0.16579478339805803	0.07584697759930602	0.08042305360219175	0.11154310244445814	0.039408267374673296	0.03263237849375682	0.22139834739449882	0.045386154953237216
0.14819206810980992	0.09730944395571631	0.025283083255688163	0.1309235844426403	0.05566674575759131	0.13526023245466995	0.0655843973173203	0.026945583765588574	0.26835836227149334	0.04647649866948175
0.08656349527685117	0.20884132117947016	0.0649191141179612	0.09511420810250934	0.04647246503624953	0.17395491082569992	0.04042093322587948	0.031014365294968815	0.17579108215533465	0.07690810478507573
0.13703084081119307	0.12980752297965187	0.03780763823516887	0.10367786495531543	0.07874539456619452	0.12277428092118088	0.04078372988105346	0.03193183210591477	0.23931019203615034	0.07813070350817673
0.20266959418214606	0.18567292485000575	0.02793699441570599	0.062001481843884876	0.0811466584607748	0.1199140614924968	0.052181891342540365	0.02031633628952463	0.17347956546778376	0.07468049165513682
0.05307803023780598	0.21005847569182517	0.11112767386043598	0.13911227900252665	0.059167922228806555	0.10050718522303258	0.07459060002629805	0.01265171401760512	0.17702580680652874	0.06268031290513515
0.24621546965796604	0.2252429295132924	0.016428150688624618	0.04885980119340602	0.04973146990535647	0.08949042987813213	0.04136943992846808	0.03574600213942286	0.20309157928563143	0.04382472780969977
0.09361803571979317	0.031083427372814665	0.18399199992399715	0.08073638284846762	0.07356045826285358	0.1478241281304456	0.050171644748372116	0.027211654858336556	0.24522588401094914	0.06657638412397035
0.06570893841093153	0.27191796037923405	0.1030640736436561	0.08491647513165486	0.056294931787668985	0.0892629666384167	0.07089086249646634	0.0164273891229703	0.2000099190645483	0.04150648332445283
0.032937689903343614	0.2260571598157471	0.08894101917653312	0.07085808130093227	0.07861328642129826	0.14590082280821468	0.06892773891416061	0.013965946337404986	0.21792156695733195	0.05587668836503343
0.1407779492040196	0.08407223948510589	0.12813697254466896	0.04853621225334068	0.081253001305188	0.1372571443773205	0.057877362021534706	0.03429379445151752	0.24327137682480826	0.04452394753249574
0.16047423152482249	0.037157462582455725	0.18298967768317526	0.05649708877383541	0.0425258842484799	0.12143440436553204	0.06362279586595698	0.015369054042346161	0.24533332207158037	0.07459607884181559
0.07046676763274651	0.2867288935361961	0.011352286118939306	0.027130855276348995	0.04788123609197445	0.16779566117141614	0.04673643753011779	0.019341806300551823	0.27554907435583265	0.04701698198587625
0.05723684600781563	0.24705801509726166	0.009294174580825959	0.17822876874231605	0.08100907171073032	0.12430386765308404	0.06017169147574007	0.021629139540259676	0.17681534144988414	0.04425308374208241
0.15201307112117574	0.06176310537811498	0.05369442969833556	0.1585506138359417	0.060167214381357886	0.1297641773475966	0.06710103753655289	0.034470959458950234	0.2344938534279879	0.04798153781398633
0.12091465998592715	0.27723899774515637	0.011779467249393064	0.07986097475389813	0.03589106794464511	0.09721998843129595	0.06216241062548439	0.033879661588980564	0.2084688154285214	0.07258395624669782
0.12679381974931025	0.03956859184305042	0.26459178346797846	0.0398895965852929	0.03900198267189618	0.12238994773898688	0.05919208956754052	0.03419031806862072	0.19696781144945558	0.077414058857868
0.22649434094032578	0.0662762566689368	0.08200792473815549	0.0611709936192046	0.03934284098049118	0.17712235067652757	0.061324290401518114	0.028721932776288803	0.1836023467601396	0.07393672243841193
0.04501761746048698	0.11400959769957343	0.1217051699298673	0.14300993553913074	0.03481854218121053	0.11420765897283904	0.0660174179423083	0.030226477838695157	0.2808653120632776	0.050122270372610904
0.032829470636586575	0.056774459549183046	0.22049152163658514	0.13122323694350083	0.07403237918985368	0.17068468366584197	0.05463467757963624	0.03679143558364542	0.17541090680979168	0.04712722840537545
0.10328466360537945	0.06375498623770645	0.2390051704357124	0.04267495720417825	0.05190339748150252	0.16204917957932574	0.06086625687708052	0.035827945002931474	0.19944458173137547	0.04118886184480769
0.1340830205703806	0.018582340313470613	0.17505273808879307	0.12949245772953324	0.03621099931977098	0.10817772259070844	0.07012286650060051	0.019368446456032626	0.24163291833126077	0.06727649009944903
0.06649912943692317	0.06221199385495963	0.16402077333206738	0.1564791525547598	0.0754670990939874	0.09322985005468108	0.061729357154961965	0.03143407912071007	0.234348709258084	0.05457985613886548
0.12713773199158251	0.04181996240217603	0.12643985728772825	0.0690345348479964	0.058425115895878746	0.17820286239674027	0.05268219942051691	0.03306886684023409	0.26839090620385747	0.044797962713289174
0.10644461977453182	0.03655775835691216	0.1258532946911629	0.21064263852850856	0.03948387718760023	0.08862315264865225	0.04533032062718366	0.026972109463698782	0.2698578868468792	0.05023434187487031
0.08860213421738204	0.20248208626369602	0.17698709073861824	0.08590159410977258	0.047533819586409516	0.11965029144068512	0.039157412800746985	0.014511328399379075	0.17159310083619927	0.05358114160711118
0.05390292255490979	0.12742710913929983	0.10105485743223176	0.16310654085793286	0.06710429798955109	0.1274705779008268	0.05650202492674792	0.036597145885758395	0.21959637926647557	0.04723814404626596
0.05197778982455267	0.0928324007361138	0.11262308470899786	0.19676950844739047	0.045531150705794096	0.1449096885440317	0.039952803401997986	0.032929563506196594	0.20899096738978262	0.07348304273514218
0.10030870473254672	0.2675936465762162	0.07976010481944296	0.08112828076793344	0.043994838255600494	0.10589277967295292	0.05235291207252171	0.028743963834041777	0.17957332694685046	0.06065144232189317
0.07350161310848743	0.2982565483179493	0.05003344686661001	0.1348631953904047	0.05140617191865318	0.10454937260022898	0.053921265548393056	0.017218637240716414	0.16617246545612485	0.050077283552432045
0.0536192255122033	0.07461107828132843	0.11794584750234607	0.11142310482187777	0.08239128342233085	0.202626560395751	0.06304761175528398	0.02690573389792747	0.2147268119953859	0.05270274241556522
0.08147454112716937	0.13219852054400716	0.0942527345498034	0.19184893561960692	0.0489625698655022	0.15147495690388907	0.04966877427764461	0.029600336962359378	0.16314545815044207	0.05737317199957572
0.04564081893321448	0.06617040885620393	0.22968277922859126	0.11161172099449504	0.03931182072676602	0.11208326991365655	0.056934484542867425	0.03599315285489882	0.2482503276805984	0.05432121626870802
0.05105637283674949	0.29532129071623386	0.03204774905830475	0.03701366263522418	0.06849481583307213	0.16660446023404038	0.046419682863591986	0.0185927988487804	0.22580056670305132	0.05864860027095152
0.17459602518026435	0.07078348778660178	0.008888776342453261	0.025782072235786116	0.07729265597200766	0.19404499890576166	0.06233154446995168	0.03507277881163144	0.2802827159601072	0.07092494433543475
0.16805441731681026	0.15005506251103315	0.02888687362445372	0.04392970552001254	0.061294351480853534	0.19746878986811955	0.04046638116970788	0.027328803024911294	0.20447139691055372	0.07804421857354425
0.07267771304218149	0.0802127757352657	0.019398541742289582	0.18574614848507331	0.06681460354382687	0.1886717781035726	0.03685894252806676	0.01727874788902542	0.2793094904440246	0.05303125848667364
0.08263387798901987	0.02129728675359871	0.23113647594465897	0.10516544493232054	0.0678112922461028	0.09368657706523333	0.0471812899633053	0.026232785482947288	0.27214429311327837	0.05271067650953477
0.2157325162056521	0.15760931949910417	0.04506271596924018	0.12986087564987592	0.0592454496518605	0.1131811733730743	0.042451909813953206	0.01849300188525506	0.16631312338220633	0.05204991456977811
0.1035760313915176	0.24810899203844894	0.01755936635223937	0.08442876206548625	0.06319161118023607	0.11065062371377507	0.03821618227018067	0.019086017806060687	0.25837703038228776	0.0568053827997675
0.12178032935121386	0.16388842879992144	0.08932446736694996	0.028467265352051366	0.06602975826023494	0.1804731942154411	0.04688468032458767	0.02052090548404545	0.23484092788038807	0.04779004296516598
0.060548532963858336	0.11326779759997377	0.0357796455185769	0.16037698025919908	0.0779355865746447	0.1854790592952706	0.05279717784382206	0.013275040189615242	0.22511642131787568	0.07542375843716362
0.04440923568482767	0.1924644061226789	0.20606364191163412	0.10221166314250785	0.04082335103264107	0.09360871598208403	0.040622312587033256	0.0128485896943943	0.22584308118059548	0.04110500266160333
0.17455363422556508	0.07790585770037643	0.06290949200006629	0.19261626262924336	0.07821978844700869	0.09532689823353928	0.04754496320964403	0.022285849294922527	0.1832062663358212	0.06543098792381297
0.04504277308681978	0.26567318132962353	0.06424683868765524	0.13879674200966735	0.039489995344025225	0.1229784499485727	0.08101388517551159	0.01399159572448383	0.17806201091624527	0.05070452777739551
0.13838319565158416	0.06366271884842384	0.2617576583000217	0.03580198558475378	0.05752401011767657	0.1290600287717196	0.0737020820498088	0.021453613046979472	0.17475473764784433	0.043899969981187704
0.07440296439738521	0.1789757844482472	0.10459562040024296	0.1157274624550379	0.08161374436164465	0.1325939012044525	0.045043612132621896	0.019171619154955605	0.18322251382443355	0.06465277762097851
0.16446602696454374	0.17641206670414583	0.12111613154167428	0.08151225212710003	0.06317357938399717	0.09955834055412642	0.06172593643205257	0.017189073209693456	0.1624037444710151	0.05244284861165126
0.1181473094868202	0.17663287890361917	0.06154607066134572	0.03259513597563671	0.07084707540972028	0.1074383450896285	0.0436107970578713	0.0386207520829421	0.2803991738523335	0.07016246148008246
0.0857818858254656	0.11630393262312205	0.09570806611735053	0.1931979194433754	0.07904542480670729	0.15089794599085998	0.03998894157181626	0.025744301131140623	0.16207421178776799	0.05125737070239424
0.16573509172798517	0.016252747932802278	0.06403784473376159	0.1419032835716117	0.06792681675471957	0.11269504679014912	0.0678809363951915	0.026999922796328957	0.26245999124199665	0.07410831805545331
0.04518361284219053	0.16916636206056168	0.08037820058173989	0.15847480195503666	0.07513655974252985	0.1731506378358883	0.04040152159438916	0.029807938092379554	0.16434334018739394	0.06395702510789052
0.2307505295333842	0.07418121782800093	0.05695030410306243	0.12735532478884423	0.03881632405367473	0.19304749399418336	0.044317774901063575	0.013897236445682803	0.17047796123852266	0.05020583311358093
0.05431681235825082	0.26450055196948363	0.0324405658927287	0.10668849328701216	0.05773977407398254	0.15006157145672253	0.07427823148307433	0.020006977254928754	0.18442566976338945	0.0555413524604271
0.0631447112175389	0.03810283937481804	0.24890371085095803	0.07215743389539861	0.07359679202438621	0.12479371742152501	0.07052580014223243	0.032851059045788916	0.22880900822825928	0.04711492779909464
0.17310138315411808	0.04551065326266832	0.10362481656592631	0.08349790491608193	0.045906513420993285	0.15304811314435424	0.06432618538386681	0.03240831837209314	0.23289758253416826	0.06567852924572952
0.18099995004829972	0.0769209030654606	0.021222215351961643	0.10568949084261205	0.05460686303752457	0.16297190677735518	0.06574382778309731	0.01873796152186946	0.26659780979146397	0.046509071780355384
0.15531140051947184	0.10824781640634959	0.0693182283486799	0.06737247946142247	0.056550160493675505	0.11607919743277656	0.056468094390910335	0.02691634692001145	0.28233879036043863	0.06139748566626363
0.06091700035981362	0.1383862286814691	0.17589102991377994	0.039289264050340535	0.05465041395843471	0.1654605670042249	0.07788246770766129	0.03834644372897791	0.20009338713814262	0.04908319745715538
