0.4568920262413542	0.04593537891429583	0.49717259484435006
0.14939182400749595	0.7056599251832585	0.14494825080924573
0.4325978090694057	0.09485896545629188	0.47254322547430255
0.33233451850095597	0.47607392085746536	0.19159156064157876
0.6262008046875143	0.13418746696812967	0.23961172834435618
0.3139196421837106	0.3899283298156302	0.2961520280006593
0.5056987412354919	0.28702721178499796	0.20727404697951032
0.3069965041871303	0.46947686253197674	0.223526633280893
0.17050210597361248	0.571194386865608	0.25830350716077966
0.2973236479125162	0.5233343103682411	0.1793420417192428
0.16621193982274085	0.3683066372466842	0.46548142293057504
0.11406991078245204	0.41824092461029483	0.4676891646072533
0.16918497218499964	0.29576031944235415	0.5350547083726463
0.34738452713636325	0.311930188701301	0.34068528416233584
0.3912858680399425	0.22907940438530655	0.37963472757475103
0.6373648483898892	0.13878292511369894	0.22385222649641198
0.09126240401075997	0.48400573888807297	0.42473185710116723
0.3093995241120341	0.26076210682393186	0.42983836906403416
0.589912407709023	0.23438531590540443	0.17570227638557262
0.4318414499020065	0.04512818912013955	0.523030360977854
0.4213744665216546	0.23514082414808643	0.3434847093302591
0.33643452576462063	0.5001891925298526	0.16337628170552693
0.14952204186368181	0.6781414112373956	0.17233654689892278
0.11981517322284316	0.5617172173430885	0.31846760943406843
0.0923093033616148	0.3877937866837019	0.5198969099546834
0.2754999527002212	0.16024534478608105	0.5642547025136979
0.10537685390453147	0.4854989341589956	0.4091242119364731
0.6813468800809863	0.07890186616910366	0.23975125374991013
0.40893788041246554	0.4578245845423106	0.13323753504522395
0.6405890357628077	0.1082750544188511	0.2511359098183414
0.6155412577855698	0.20180497541005096	0.18265376680437934
0.21740208805018277	0.5245058749472032	0.25809203700261407
0.3076651837268162	0.5120821422449533	0.18025267402823067
0.29817014566942357	0.28930001750215956	0.412529836828417
0.609049239956033	0.2179704218117116	0.17298033823225556
0.31472658401204995	0.24394583944008016	0.44132757654787
0.2347814621304296	0.2559330267042356	0.5092855111653349
0.10143288746860338	0.5575140714667205	0.34105304106467627
0.28864688136816624	0.29342059209505833	0.4179325265367756
0.27858336430905084	0.24989417370680056	0.4715224619841487
0.5073019935773518	0.06012755848886664	0.43257044793378163
0.6322073214855538	0.2057548924786943	0.16203778603575197
0.3314118123365157	0.17660808014598256	0.4919801075175019
0.4060936263831557	0.17960889690074167	0.41429747671610273
0.3801635131166871	0.46530767957753166	0.15452880730578133
0.45594784019293927	0.23020672790754143	0.3138454318995194
0.16125560804424613	0.3628133977100021	0.4759309942457519
0.2804354962631712	0.4585147478759195	0.2610497558609094
0.4082583671320785	0.11068860415601961	0.481053028711902
0.21263064254765413	0.5016560831505279	0.28571327430181814
0.16144150352070433	0.6325045322872962	0.20605396419199956
0.5857377883914954	0.20502188389581547	0.2092403277126893
0.5374235816277628	0.23232340321782025	0.23025301515441704
0.0861746432707903	0.5700531919670297	0.3437721647621801
0.3901220877861968	0.08067861279644462	0.5291992994173587
0.5422916274973635	0.18733891802727365	0.2703694544753629
0.07353726496632645	0.7649288930442328	0.16153384198944074
0.07528159928211481	0.5151931792513483	0.40952522146653697
0.26147035622950543	0.5364559634655468	0.20207368030494788
0.07584593422561697	0.7367072630576398	0.18744680271674335
0.13873154196108545	0.3395943230172994	0.5216741350216153
0.14333471424552593	0.6721678897067442	0.18449739604772988
0.19494616875547177	0.3969636053040396	0.4080902259404887
0.36564565171497854	0.18633168368474007	0.4480226646002815
0.298275338055019	0.3675606777497025	0.3341639841952786
0.07115534079854713	0.6300453816849337	0.29879927751651925
0.6238780188723498	0.045531701254590884	0.3305902798730594
0.5088891470493428	0.1704234581665808	0.3206873947840765
0.06892417592949202	0.5949278340601798	0.3361479900103284
0.24024169663590783	0.37430553585142473	0.38545276751266755
0.29646043970795943	0.3603811837593867	0.34315837653265396
0.3099578249461232	0.14432959070933404	0.545712584344543
0.3489507028521564	0.22396994527783265	0.42707935187001106
0.20283525306289277	0.5160643746254159	0.28110037231169144
0.3886785724617328	0.4208968544605274	0.19042457307773997
0.6062717068394807	0.24951092222658075	0.1442173709339386
0.4111918886908962	0.056409028667998795	0.5323990826411051
0.0930022871330129	0.578271841308333	0.3287258715586543
0.4382122929149004	0.09543465663638692	0.4663530504487128
0.4788938946867802	0.2753599093075002	0.24574619600571979
0.7144201620456428	0.10938625226092832	0.1761935856934289
0.11218619728903229	0.5449674389492579	0.34284636376170996
0.5942594411917874	0.07065047853423456	0.3350900802739781
0.6692120961247052	0.09728286729585042	0.23350503657944438
0.42429262922702415	0.428827905686891	0.14687946508608493
0.3629309433998775	0.14073461279870275	0.4963344438014198
0.279939300348691	0.47290125363501	0.24715944601629908
0.6771906206945821	0.07596647929303896	0.24684290001237905
0.5450764792994415	0.23313496542035939	0.2217885552801992
0.08119034339092801	0.5291665070132539	0.38964314959581825
0.6924514208229571	0.1273905714620594	0.1801580077149837
0.798981236652305	0.07116745944074387	0.12985130390695115
0.8035732486407734	0.058962912150817504	0.13746383920840932
0.23167735971447317	0.5816846451256604	0.1866379951598665
0.47884816231449956	0.1411651903667157	0.37998664731878484
0.24407589648916989	0.5426159124049185	0.2133081911059118
0.39357619897696555	0.2702639251864263	0.33615987583660834
0.1159259245322859	0.47117151937201834	0.41290255609569587
0.20087596786576073	0.2741491348607242	0.5249748972735152
0.4516086986619309	0.2640827114402984	0.28430858989777086
0.6507551035015202	0.08800867301567253	0.26123622348280734
0.433555956344586	0.10627869700590548	0.46016534664950864
0.49273262843886056	0.29636813329821476	0.21089923826292478
0.1345376269705861	0.6165232383906651	0.24893913463874887
0.31668486194423323	0.3075773720735849	0.375737765982182
0.45824109655031	0.24979915222723714	0.291959751222453
0.448708766723864	0.2867382071851301	0.264553026091006
0.3409809931683005	0.39846943765450954	0.2605495691771901
0.3078096598736188	0.33497574086881227	0.35721459925756904
0.21854313474214107	0.6451658778896532	0.13629098736820583
0.6078607825969801	0.06381507402397407	0.32832414337904603
0.7781872136753938	0.07334239474633064	0.14847039157827557
0.5773856588469941	0.18456509636857496	0.238049244784431
0.4012864684431377	0.3038430959182897	0.2948704356385727
0.32659950155334416	0.4959503132483288	0.17745018519832717
0.21956565572140646	0.33176162995153413	0.4486727143270596
0.1446209108752146	0.4253071005205685	0.430071988604217
0.732305272114126	0.06711273200866585	0.2005819958772083
0.4821623834188605	0.17659500488187715	0.34124261169926245
0.4278894186541886	0.308794656736028	0.2633159246097835
0.6833530671954694	0.09561977796292748	0.22102715484160324
0.21272503508881538	0.5510294443194363	0.2362455205917484
0.5760367531680861	0.24467432149652357	0.17928892533539037
0.5252046723827628	0.0563252419706623	0.418470085646575
0.3889866062400583	0.0878705401586119	0.5231428536013298
0.16527936858223632	0.7060978239636553	0.1286228074541084
0.36754680145176055	0.06932974034669198	0.5631234582015476
0.11714472309604135	0.745175799952665	0.13767947695129376
0.3760848286913253	0.4011993854695377	0.2227157858391371
0.48017509019310234	0.377817863615871	0.14200704619102672
0.3703264608351339	0.11038477520440415	0.5192887639604621
0.19545389289739515	0.6267362415684081	0.1778098655341968
0.304434896927274	0.2702110857441375	0.4253540173285886
0.06711258769317646	0.5560769975176817	0.376810414789142
0.22307174078075387	0.5884226052751091	0.18850565394413715
0.4961217083452168	0.2314388207861134	0.27243947086866993
0.3569281378065359	0.4603566768010428	0.1827151853924214
0.29101436718604434	0.5298431148880863	0.17914251792586944
0.12840956654282815	0.33072421685070497	0.540866216606467
0.3255873488516363	0.2510479880981841	0.42336466305017967
0.1218015506138258	0.46765297423654706	0.41054547514962725
0.13403099489020917	0.7371824072452551	0.12878659786453595
0.484308956682428	0.08536843670104369	0.4303226066165284
0.6033991310820993	0.11471008093278517	0.2818907879851156
0.34145374096903536	0.5280167858028921	0.13052947322807257
0.09800744939024764	0.5402248726300096	0.36176767797974285
0.39436863660013616	0.05769098936909167	0.5479403740307722
0.4920412717502619	0.27232899777685904	0.2356297304728791
0.7127274526156753	0.06888716763727082	0.21838537974705402
0.2673621640818237	0.3728179269778687	0.3598199089403077
0.24273854016444626	0.5505568915382899	0.206704568297264
0.2358902408308038	0.3459896673553074	0.41812009181388893
0.4234856837994505	0.4515801020288418	0.12493421417170777
0.4551994728854346	0.326497604968552	0.2183029221460135
0.19781514196700925	0.5267501879820573	0.2754346700509336
0.38411332254282843	0.18384024200309115	0.4320464354540805
0.6661898116277059	0.14514996468976435	0.18866022368252988
0.3105442883306814	0.17058707076387286	0.5188686409054458
0.4766515399085288	0.1291685695663406	0.3941798905251307
0.48083048865637523	0.34014559522161064	0.17902391612201424
0.38923744547899375	0.4618281341561714	0.14893442036483498
0.33475834388287373	0.3732159945983573	0.2920256615187691
0.29394097455044466	0.17838863417260054	0.5276703912769549
0.07572548739840895	0.381546865493864	0.5427276471077271
0.49149273564268126	0.23691273271394198	0.2715945316433769
0.08739463254752305	0.7464946149387315	0.1661107525137456
0.3838925712140809	0.13198327737359167	0.48412415141232756
0.334950092627857	0.5236301987227798	0.14141970864936332
0.29788849691963754	0.1335126426289798	0.5685988604513827
0.31973185223236	0.22150401785942353	0.4587641299082166
0.18680233341133995	0.508675260286996	0.3045224063016643
0.16117909775305186	0.6850061181917573	0.1538147840551909
0.16885213796520793	0.5299470880866819	0.3012007739481103
0.23949050063978705	0.2661849591462016	0.4943245402140114
0.2858320957261044	0.5019378169472197	0.21223008732667592
0.16962915660992084	0.35770611812952346	0.4726647252605558
0.5208452745622147	0.23011650489409236	0.24903822054369293
0.13847125176729347	0.4443925102101816	0.41713623802252503
0.18708696179689682	0.26786404357157123	0.5450489946315321
0.28201511288099956	0.45941641948789536	0.25856846763110525
0.2520343392351746	0.38907850185923204	0.3588871589055935
0.13392780471131294	0.4323415827163286	0.43373061257235856
0.4422170061208228	0.24577347113374456	0.3120095227454327
0.5101440809903013	0.1627398224892305	0.32711609652046825
0.35647370149693897	0.23744647730160456	0.4060798212014566
0.35797686395325556	0.3041502987465335	0.33787283730021106
0.2528028333056135	0.19485422813498982	0.5523429385593968
0.2697752561685287	0.5890177728208239	0.1412069710106475
0.594610316311271	0.20996314847015526	0.19542653521857378
0.7046836875172564	0.09303104441422386	0.20228526806851982
0.29320414435342307	0.388219602987938	0.31857625265863904
0.09764361842278069	0.539615244915074	0.3627411366621454
0.17524187448787615	0.5567606770495724	0.26799744846255147
0.46460516525765094	0.35133191858546986	0.18406291615687936
0.19353656967391608	0.6536309072157434	0.15283252311034068
0.27127324193799895	0.5608499362717878	0.1678768217902134
0.756840564619183	0.12079251519963702	0.12236692018118006
0.659094718590262	0.1781089693238099	0.16279631208592812
0.12281090872801023	0.42413663317502426	0.45305245809696565
0.43551235596649684	0.2274565633399109	0.33703108069359233
0.20618234911058203	0.2212584113556325	0.5725592395337856
0.40084510981729893	0.2285648502986806	0.3705900398840206
0.2889995104338184	0.16219529902209157	0.5488051905440902
0.1306927636396979	0.4516043771804498	0.4177028591798524
0.14059908829652862	0.6575099757104159	0.20189093599305558
0.16763410539963797	0.4010738419344928	0.43129205266586934
0.5330757394914027	0.17890924632846367	0.2880150141801337
0.15296541608452033	0.3418197149919352	0.5052148689235446
0.3077783316028031	0.5665796508731875	0.12564201752400955
0.26103307389273944	0.19392466209963885	0.5450422640076218
0.19560303069949062	0.3409096006191064	0.46348736868140306
0.11954313766734406	0.3581586054654281	0.5222982568672279
0.08996143380845786	0.43315944365211057	0.47687912253943165
0.2606394595120547	0.5688292104884247	0.17053132999952078
0.1684234575581159	0.45961670586875614	0.3719598365731281
0.4005685915936089	0.4208147381111498	0.17861667029524148
0.32960809232087324	0.42592325933220687	0.24446864834692
0.44985308970566007	0.11547756535688677	0.43466934493745324
0.6221661492778232	0.14955120973109	0.22828264099108694
0.6760464646264744	0.07422004589910974	0.24973348947441587
0.36745486979864006	0.3928701949029727	0.23967493529838735
0.22340285670277804	0.42999151747756637	0.34660562581965576
0.21211001114508984	0.5399544740922638	0.2479355147626465
0.20625904251123783	0.2560562999248238	0.5376846575639385
0.22856752014238846	0.46819563387232566	0.303236845985286
0.5176630909935602	0.2954500237283987	0.18688688527804112
0.7605838164362796	0.10705196564641076	0.13236421791730982
0.16748361014340496	0.6610261249251073	0.17149026493148795
0.26713784556233733	0.21966200517751835	0.5132001492601445
0.29675067429423596	0.2881565086670044	0.4150928170387598
0.682608872954871	0.1772109472587024	0.14018017978642666
0.21333496776254846	0.3764477924035652	0.41021723983388647
0.2684025531984806	0.39467103343148047	0.33692641337003904
0.33528244244562194	0.3077137370407989	0.35700382051357926
0.20634355539621962	0.44920465636317153	0.34445178824060896
0.22822022003006737	0.4829778790773225	0.28880190089261026
0.49905293070692086	0.24187060843784228	0.25907646085523695
0.6966164436517344	0.13825192624230226	0.16513163010596352
0.3802773895418636	0.3488598551215942	0.27086275533654236
0.7130080954753035	0.10911568637155644	0.17787621815314014
0.16521373733412317	0.5008014652581503	0.3339847974077267
0.5099506966180092	0.06190165519797858	0.4281476481840124
0.45875106287299394	0.05759140580448946	0.48365753132251676
0.1176537663521362	0.49947358979860346	0.38287264384926045
0.2428851180645173	0.5718017677161925	0.18531311421929034
0.10139697237037795	0.5730057596535882	0.32559726797603394
0.4582893568405211	0.12433922971665609	0.41737141344282297
0.39752009200437805	0.36349283611183003	0.23898707188379203
0.4676834372918798	0.10499229266463364	0.4273242700434867
0.18775298026792275	0.3955196095994937	0.41672741013258363
0.1215506115934861	0.5829570457824229	0.29549234262409113
0.597659225034872	0.04528619592138261	0.35705457904374555
0.175300763941713	0.5268257309717006	0.2978735050865865
0.41048730464811656	0.3988658861234198	0.19064680922846375
0.5876867107007692	0.06586967000443855	0.34644361929479234
0.532940345543415	0.21580822341204042	0.2512514310445447
0.24841932199573347	0.49018130674362714	0.2613993712606395
0.2326641480406944	0.28213396269831015	0.4852018892609956
0.06304081312627635	0.7338934154016827	0.20306577147204097
0.4498440194564796	0.3840393934811656	0.16611658706235485
0.31791426719230553	0.36108471887357624	0.32100101393411834
0.37372242428641156	0.32767889879513723	0.2985986769184513
0.14827701940781501	0.30388703237219095	0.5478359482199942
0.5438192878466699	0.09608405409766471	0.36009665805566554
0.12072969319935503	0.7401151509928177	0.1391551558078275
0.5397821113092701	0.2245483786882727	0.2356695100024572
0.14180300077266916	0.3124949433444348	0.5457020558828962
0.07642142930984253	0.4567862769076262	0.4667922937825314
0.3984287771769849	0.4700690739056387	0.13150214891737658
0.15131217194903004	0.6216193899891098	0.2270684380618602
0.22200670373611606	0.5356408829016532	0.2423524133622309
0.7943961358427126	0.07668758574127521	0.12891627841601222
0.681797719105342	0.09846195732751167	0.21974032356714635
0.6589915687041228	0.2176389828210883	0.12336944847478909
0.09198909746402772	0.5156717198155303	0.3923391827204421
0.3701837641336053	0.2360352959715174	0.3937809398948774
0.4887910498018867	0.2823768983412683	0.22883205185684516
0.13993133127946178	0.46067869884500845	0.39938996987552994
0.22833135704462648	0.48781666340110263	0.283851979554271
0.3221302713088877	0.5244693939772109	0.15340033471390152
0.1460676171992981	0.36005265485905297	0.493879727941649
0.32087533005277863	0.5262409348337445	0.15288373511347703
0.3489045855448965	0.20751813844595643	0.44357727600914715
0.21371930301799513	0.2749101786441742	0.5113705183378308
0.7708636045568633	0.04569527683553298	0.1834411186076037
0.16811890028480453	0.3810811323083731	0.4507999674068225
0.3919427057757102	0.08750373637621023	0.5205535578480797
0.6179836571450541	0.040804050113738555	0.34121229274120746
0.5388897238850796	0.22471654794316026	0.2363937281717602
0.44599985786318025	0.1916992497144297	0.36230089242239016
0.05932229367037717	0.7300529659027912	0.21062474042683177
0.18264433459957413	0.3186186662124978	0.49873699918792813
0.7120971889780923	0.15537128839741932	0.13253152262448842
0.2797419079576661	0.4354244022266935	0.28483368981564045
0.4208056837343662	0.31872069270184866	0.26047362356378523
0.7829718213598159	0.06298402913612011	0.1540441495040641
0.650159140197714	0.0700293830877643	0.2798114767145218
0.06304907404648746	0.4750325681474461	0.4619183578060666
0.4281916250743403	0.28458680462500935	0.2872215703006505
0.19741820394961046	0.5467156051943581	0.2558661908560315
0.08918027944640414	0.7664162824162662	0.14440343813732975
0.26449589062859724	0.46342725097037785	0.272076858401025
0.33929289519147304	0.35707848028115347	0.3036286245273736
0.20968426867355566	0.6454270159121503	0.14488871541429416
0.10873736716002419	0.550422007818262	0.34084062502171397
0.18740069067648385	0.4932165975158268	0.31938271180768946
0.5074670946911313	0.08707001294004135	0.40546289236882743
0.7103798973465932	0.1571314449660548	0.13248865768735207
0.6431110602086552	0.18888807886110537	0.1680008609302395
0.08560061007213401	0.5233212537307543	0.39107813619711174
0.13420938546960332	0.5083070800391971	0.35748353449119963
0.266714085454855	0.5127935428744227	0.22049237167072247
0.3251884246128248	0.3207693769144528	0.3540421984727225
0.4160261892913749	0.23184539221279898	0.35212841849582616
0.3382678089797266	0.49933578572756954	0.16239640529270402
0.19845910139213074	0.5819885514700093	0.21955234713786012
0.3522233266581152	0.12646146151633003	0.5213152118255548
0.1571070901436543	0.38954958488394015	0.4533433249724057
0.13130206624848878	0.5877165673765772	0.2809813663749342
0.13492760896772935	0.4986695189696964	0.3664028720625743
0.211922681311364	0.43299180599749304	0.3550855126911431
0.17944685316891146	0.25381146746970745	0.5667416793613812
0.3399023377804833	0.12900090352485868	0.5310967586946582
0.2792321472958017	0.561389871997743	0.1593779807064554
0.12924463854298363	0.5948987248543456	0.27585663660267085
0.522650365776955	0.13004948863029978	0.34730014559274536
0.3748739988177074	0.2884940201577093	0.3366319810245834
0.2295333998432662	0.6390234711224038	0.13144312903433014
0.18801938000854604	0.29333316105012414	0.5186474589413299
0.27858658196992475	0.15543491754315725	0.5659785004869181
0.3052419738500479	0.23959231608625964	0.45516571006369255
0.342426809236923	0.22418019726939697	0.4333929934936802
0.09644940053532691	0.4000137272049853	0.5035368722596879
0.1427228724917284	0.4872394467040446	0.37003768080422705
0.380400168011748	0.46468877164939726	0.15491106033885485
0.22846758464332959	0.5637231393038203	0.20780927605285016
0.39457053996737634	0.18828100451865612	0.4171484555139677
0.12100405748725127	0.6617064316258503	0.21728951088689852
0.3516051501371782	0.5261150476649287	0.12227980219789325
0.20762963732071904	0.5547524993039197	0.23761786337536137
0.4855986123855731	0.2863029739694532	0.22809841364497377
0.5850840347138462	0.2718432255324589	0.14307273975369503
0.14060114083010772	0.46002883784195325	0.3993700213279392
0.31595291122266433	0.4536617443124483	0.23038534446488743
0.6018729645667117	0.24379929931470815	0.15432773611858025
0.07796865710363132	0.5723884547841243	0.34964288811224453
0.4622725482547559	0.11445590761608126	0.423271544129163
0.37964688512106115	0.18319177209647194	0.437161342782467
0.6188258717565319	0.21396149192780384	0.16721263631566435
0.6099300946992341	0.15963517133841687	0.2304347339623491
0.12286410700246608	0.6719716308587156	0.20516426213881853
0.1342609390747579	0.30178997197419805	0.5639490889510441
0.47231840916731194	0.3505106033926394	0.17717098744004875
0.5879847606117203	0.14292584802064082	0.26908939136763893
0.41497265378818726	0.3755877273103617	0.20943961890145113
0.1583264977733691	0.47357418352319125	0.36809931870343976
0.4736134477485322	0.120799391246382	0.40558716100508596
0.12020466529174914	0.5768774282919422	0.3029179064163088
0.23043100092186913	0.28876577489688965	0.48080322418124133
0.10828828700032556	0.500517034126808	0.3911946788728666
0.2520722045273824	0.33645377199819826	0.41147402347441947
0.07300509853769399	0.4864312429743832	0.4405636584879229
0.3266695817894749	0.5259639037119382	0.14736651449858698
0.6380193906940717	0.22491453184412477	0.13706607746180374
0.1630147788641737	0.4882134269235373	0.34877179421228915
0.6436291984159024	0.15280397446707755	0.20356682711702018
0.22014245973911128	0.6049047552766619	0.17495278498422698
0.5661325255435123	0.05965848226572679	0.3742089921907609
0.7844732334388143	0.049389281836155485	0.16613748472503034
0.2986485029448835	0.16761045563306087	0.5337410414220558
0.19230263876147352	0.661780281187895	0.1459170800506316
0.3249590468346985	0.5195120021052654	0.15552895106003622
0.13654535277928045	0.638356792441336	0.22509785477938354
0.5154630180847855	0.09068491733204981	0.3938520645831648
0.33132425994440096	0.19076707328046044	0.4779086667751387
0.5259474517876619	0.16023553790061612	0.31381701031172216
0.6384987389117229	0.1095625748449836	0.2519386862432936
0.4871626835181039	0.22259871351748847	0.2902386029644078
0.5256632393595602	0.06806806667618565	0.40626869396425436
0.6312891572313328	0.04739333973206855	0.32131750303659873
0.2083097887277732	0.34932548350786347	0.4423647277643634
0.6695078773084462	0.08346184633696493	0.247030276354589
0.21936803682022465	0.3270858364971112	0.45354612668266425
0.3918141023399663	0.3299319892556103	0.27825390840442354
0.4493400069885988	0.38838273694302705	0.16227725606837431
0.405050563844992	0.04839840365748638	0.5465510324975218
0.15671838401282587	0.48346347838845727	0.359818137598717
0.30385898099743647	0.29850152470134117	0.3976394943012224
0.1082004230668534	0.6169992362249797	0.27480034070816706
0.4150258869541312	0.04135461054504008	0.5436195025008288
0.6683402804790469	0.18053903226186513	0.15112068725908806
0.2292288350808468	0.4725325533229958	0.2982386115961575
0.38743133621989373	0.15849698939677823	0.4540716743833282
0.20248659883883918	0.6546205433646118	0.14289285779654903
0.32105127610847217	0.40507720050818263	0.2738715233833453
0.16729549680835673	0.5585760447713237	0.27412845842031963
0.1592936664171339	0.686107496820612	0.15459883676225417
0.2746357473279389	0.3849169175099412	0.34044733516212
0.4664334503633788	0.3670333518746486	0.1665331977619727
0.0616534010865718	0.45663906405745197	0.4817075348559764
0.15178607289657098	0.5449098426659864	0.3033040844374427
0.20390650737017627	0.265604147882776	0.5304893447470479
0.15505671763212617	0.6436147853702658	0.20132849699760816
0.4951363937142352	0.10092582373602849	0.40393778254973645
0.33027500853624775	0.3121539037276705	0.35757108773608187
0.2834922295621658	0.24949285537813248	0.46701491505970183
0.20305424507402298	0.5068048033041105	0.29014095162186665
0.2815635835045971	0.28062674967666124	0.4378096668187418
0.3545991246873363	0.43971398813835655	0.20568688717430728
0.36487104787393043	0.07635628811204914	0.5587726640140205
0.3235394425085501	0.14626015251684793	0.5302004049746021
0.713121100518752	0.11653644911234667	0.17034245036890144
0.4478611009005793	0.08877743711858008	0.4633614619808407
0.236710791602312	0.2802270151942814	0.4830621932034067
0.6707795454437401	0.1016026734850243	0.22761778107123568
0.4706312501543688	0.07526903983056898	0.45409971001506233
0.0827801983462253	0.7643877262288099	0.1528320754249649
0.224414406732227	0.3011300043627518	0.47445558890502126
0.17100520221659768	0.32746756033523544	0.501527237448167
0.7162480736295915	0.11232512678797585	0.17142679958243262
0.21855151001680778	0.5945892308878684	0.1868592590953239
0.7109860942500819	0.14720861916943412	0.14180528658048408
0.10625119239046968	0.6398581933863723	0.2538906142231582
0.5185076078650432	0.20656866551336206	0.27492372662159487
0.2587525692417135	0.46594524144183314	0.2753021893164534
0.1595482028279141	0.45642776356874076	0.3840240336033453
0.42890706833080694	0.1580756132245477	0.41301731844464545
0.4725969492778701	0.2608127327899907	0.2665903179321393
0.38953853760150114	0.42918939730809813	0.18127206509040084
0.30599690875348184	0.12033558610841505	0.5736675051381032
0.6367978940123543	0.20926330550864294	0.15393880047900282
0.14281564760254947	0.6622568006929239	0.1949275517045267
0.1199250134104706	0.35061602688682625	0.5294589597027033
0.2991600623187068	0.5437567289267476	0.15708320875454568
0.37324701724214954	0.21151015467941303	0.41524282807843754
0.35102486537318445	0.22009215808614366	0.428882976540672
0.3323063701509546	0.42835254530602335	0.23934108454302216
0.14884259322437016	0.42638962109579737	0.4247677856798326
0.5640988994352076	0.10415843018793405	0.33174267037685845
0.5854208744856756	0.04183961062607344	0.372739514888251
0.4921976129759952	0.07674476644003964	0.4310576205839653
0.5103338514596215	0.25601383206180545	0.23365231647857315
0.1515639085280321	0.44618607605537247	0.40225001541659555
0.17319748452015904	0.5834942002448653	0.2433083152349758
0.5113301107245708	0.1392447641331063	0.34942512514232305
0.4387242201057677	0.2230505046327059	0.33822527526152646
0.3816751316519884	0.1780280243910242	0.44029684395698754
0.4281159357309182	0.29993817517895854	0.2719458890901234
0.1891024909741115	0.35557609763537057	0.45532141139051807
0.11940881910353818	0.540095225662627	0.34049595523383486
0.24097551233209866	0.461175878378849	0.2978486092890525
0.19408758498565407	0.5676260106805145	0.2382864043338315
0.2697956479101329	0.19765006578728353	0.5325542863025837
0.187252063799541	0.4424958799225596	0.3702520562778995
0.33913728164202567	0.420956785869535	0.23990593248843947
0.5962261524958549	0.2392907909949618	0.16448305650918346
0.6852133798134539	0.12339317201528871	0.19139344817125756
0.2149796967715596	0.325090069234124	0.45993023399431654
0.28420899563888635	0.4889974626940544	0.22679354166705934
0.37343974356097676	0.25554288865319486	0.37101736778582856
0.6176006706058846	0.1049037827376964	0.27749554665641907
0.5078384757448744	0.24577704722597857	0.2463844770291472
0.6602337704173278	0.13570934788942096	0.2040568816932513
0.12109865489224217	0.5337158800592537	0.3451854650485042
0.23756398410759275	0.23603228208195548	0.5264037338104519
0.20741838792022313	0.5494677168724142	0.2431138952073627
0.7534947700915985	0.046693933733123694	0.1998112961752779
0.09935150130349699	0.4260881672198983	0.4745603314766048
0.22574571587690892	0.4206115023664587	0.3536427817566325
0.25425819733647775	0.4581084464978668	0.28763335616565555
0.24541720781906623	0.6159115951775385	0.13867119700339547
0.4777545725886685	0.348548715774148	0.17369671163718364
0.6061862493447323	0.2034781502026187	0.19033560045264913
0.7233711062799076	0.12724062130812114	0.14938827241197122
0.17026873679651328	0.2998138940359747	0.5299173691675121
0.4314572294005889	0.14096422122427676	0.42757854937513445
0.6821261203846779	0.10610851940263247	0.21176536021268969
0.45856030852748625	0.30324580898595416	0.2381938824865597
0.5278622612801256	0.05324414252915943	0.4188935961907151
0.5618927290249194	0.152835497959308	0.2852717730157728
0.5520382786930069	0.07199986867738706	0.37596185262960613
0.4406584021523507	0.3868575384991869	0.17248405934846253
0.14092462779473194	0.6099315828482599	0.2491437893570084
0.11314504734343253	0.33477481413366433	0.5520801385229033
0.7374089890879314	0.04939380355281309	0.21319720735925565
0.2390353898227606	0.5574877414228154	0.20347686875442417
0.5452011754221808	0.2963092026273024	0.15848962195051686
0.21477024293437297	0.2660622434121851	0.519167513653442
0.7678786645309505	0.047553838211621346	0.18456749725742816
0.6774134649326377	0.19431693557403795	0.1282695994933245
0.5712758787991006	0.2620675542574963	0.1666565669434033
0.2586890455060926	0.2801215226234746	0.4611894318704329
0.5327501227171825	0.22744857400722415	0.23980130327559343
0.2071570138329065	0.3612680513801246	0.43157493478696907
0.5719088856797689	0.2976378638360726	0.1304532504841585
0.6169211485823125	0.049117384672425546	0.333961466745262
0.25266602377922687	0.1862921901241687	0.5610417860966045
0.22656823599684978	0.5209786378104753	0.252453126192675
0.42264171725193217	0.07159649085037678	0.5057617918976911
0.4959134622554858	0.32588565702950734	0.17820088071500692
0.4575121651500081	0.3949383193117461	0.1475495155382459
0.30247666596025563	0.3519405451169228	0.34558278892282174
0.13560588923475492	0.4294377555333907	0.4349563552318545
0.3824805235609342	0.1647833703475216	0.4527361060915443
0.5699048427021224	0.058843776956493954	0.3712513803413837
0.3309612386902956	0.4976923517178602	0.17134640959184436
0.7258652750035275	0.06908885046450552	0.20504587453196704
0.471636743950567	0.06797200331146785	0.4603912527379653
0.6466994619830672	0.18284172720177452	0.17045881081515846
0.30261993821783106	0.48331659542907607	0.21406346635309298
0.5826869828798665	0.10276032522417966	0.3145526918959539
0.1428009031942557	0.31840646217434776	0.5387926346313967
0.30246021805980666	0.48701854574247117	0.21052123619772228
0.23768060341772387	0.39752283523949605	0.3647965613427802
0.7063281081533097	0.1578891625178447	0.13578272932884566
0.15574238790555445	0.4506118402124323	0.39364577188201344
0.21998171595370808	0.507429621563173	0.27258866248311914
0.5015220427704973	0.30776478304711935	0.19071317418238345
0.5538352980788868	0.06582009286926249	0.38034460905185086
0.5806197863026258	0.21953687652583623	0.1998433371715381
0.5233084921376243	0.18402662967456565	0.29266487818781006
0.4421913464701922	0.4018082025554779	0.15600045097432996
0.502546316424143	0.32722156662724217	0.17023211694861493
0.19879857960013625	0.402749621124873	0.39845179927499086
0.2359244744689598	0.47649272242299723	0.287582803108043
0.1726121558321493	0.6595796842160186	0.16780815995183213
0.4673837776373966	0.35808846450005505	0.17452775786254848
0.40431142291585126	0.1565866910820224	0.4391018860021264
0.5760255717475367	0.15192118758566614	0.2720532406667973
0.7832450711624916	0.0785403457917585	0.13821458304574996
0.46846682634205217	0.2589261983858632	0.2726069752720847
0.5989558745868837	0.2615055399134035	0.1395385854997129
0.7068794373188654	0.1463731770395375	0.14674738564159712
0.18290262290867798	0.6810265697141873	0.13607080737713484
0.3320790367138898	0.5227947265367698	0.14512623674934044
0.4041896916602567	0.18424837211419326	0.41156193622555015
0.08455072883954332	0.4834719496769402	0.43197732148351664
0.2030975839374789	0.592828939705549	0.2040734763569723
0.3575959763011242	0.40186185438594635	0.24054216931292957
0.6587148577493069	0.06516041166441089	0.2761247305862824
0.3916896147959589	0.15394305811250342	0.4543673270915378
0.4589503731800901	0.2640966135522331	0.27695301326767696
0.5184487806939383	0.1692081774350874	0.3123430418709744
0.23962118791604559	0.449070018685675	0.31130879339827955
0.19656845369403242	0.49164991975621275	0.31178162654975494
0.5853903708522679	0.2701303019167523	0.14447932723097995
0.3875045806930007	0.30612067199186493	0.3063747473151345
0.3839556450768604	0.04658015929414072	0.569464195628999
0.3129070577284185	0.3047220170842228	0.3823709251873588
0.22698101772714857	0.5610503080261166	0.211968674246735
0.385838616333679	0.42251782098308344	0.1916435626832377
0.19758517305128737	0.5059220705617596	0.2964927563869531
0.21167157750741847	0.5479093829728772	0.2404190395197045
0.07009855008549437	0.7026545284776331	0.22724692143687264
0.33390634615245374	0.1295285669039979	0.5365650869435485
0.36211655415230526	0.21180396524145206	0.4260794806062428
0.44146150421204056	0.3234949816093828	0.23504351417857677
0.34524600462569766	0.2491793753816453	0.4055746199926571
0.6160130819405606	0.1318400561578535	0.252146861901586
0.3082849036044417	0.5210832493849971	0.1706318470105614
0.267138429438111	0.16907311656255464	0.5637884539993345
0.5919625909154783	0.04437407927290499	0.3636633298116168
0.40722173386967336	0.24791087749237853	0.34486738863794825
0.14859318594696871	0.38575683175459874	0.4656499822984327
0.44175735876222627	0.1711253322862367	0.3871173089515371
0.18590061882620773	0.46163413943264053	0.35246524174115185
0.21883614808240387	0.5487354251964711	0.23242842672112513
0.5662300457671936	0.24064692977739252	0.19312302445541393
0.5194288478124003	0.24042829274348626	0.24014285944411357
0.4476449489362	0.0843177248346329	0.4680373262291672
0.1130406142768216	0.39234389627982	0.49461548944335854
0.4546930058417386	0.1387639804348199	0.4065430137234416
0.15145536118810182	0.3968969819796427	0.4516476568322556
0.2028729882106888	0.5633733222969556	0.23375368949235573
0.13864112096123182	0.5230777319598354	0.33828114707893286
0.21305305754359571	0.384889666931834	0.4020572755245704
0.372593648553118	0.2682882324199549	0.3591181190269272
0.5447248303828648	0.32416621579479094	0.13110895382234444
0.24676760321610958	0.3119192645405757	0.4413131322433148
0.2199766843380172	0.44334453239381827	0.33667878326816464
0.49209277170633736	0.27005946621178595	0.2378477620818768
0.19696217756489232	0.5205307634085805	0.28250705902652723
0.32257539493491416	0.2845033534633349	0.39292125160175106
0.5301906487668981	0.11978423813825959	0.3500251130948423
0.3869061394683199	0.07621379632894243	0.5368800642027378
0.3420685384010833	0.14231404664712735	0.5156174149517895
0.06322475483957146	0.6250199697400963	0.3117552754203323
0.2887295037833738	0.5537421670933367	0.15752832912328965
0.4221810992608182	0.31670881451520255	0.2611100862239794
0.6498236932147794	0.18683838905422	0.16333791773100065
0.4023037877175927	0.27078913564462137	0.326907076637786
0.6271987686535869	0.2248050538108785	0.14799617753553473
0.14091155012822457	0.6619855673381687	0.19710288253360675
0.3497532150956927	0.23717983208816606	0.41306695281614136
0.6019982308524423	0.04097764469323972	0.35702412445431797
0.16128761699926816	0.3044242694240375	0.5342881135766944
0.5730036972849489	0.058265943606587434	0.3687303591084637
0.19578176232210748	0.2901066145072598	0.5141116231706329
0.2456235283252897	0.5399273032827523	0.2144491683919582
0.15505126052688767	0.3703837466828115	0.47456499279030095
0.609074461479721	0.05569260999774628	0.3352329285225327
0.30278242589312365	0.549826918649212	0.14739065545766453
0.775233749581109	0.06497461702615659	0.15979163339273447
0.641487566868274	0.10960555727374072	0.24890687585798532
0.7193837017936231	0.14042639887277059	0.14018989933360632
0.24878586899171826	0.22062839373037335	0.5305857372779085
0.29375591273918533	0.3886673924901422	0.3175766947706726
0.3091097304577781	0.24693024234424552	0.4439600271979765
0.06648217532045153	0.4458427229174172	0.4876751017621313
0.11376818809486208	0.6156429384133726	0.27058887349176547
0.06888521682704063	0.5432351355044085	0.387879647668551
0.3458824471970098	0.4099794792364922	0.24413807356649814
0.3334878580024754	0.29856063122033344	0.36795151077719135
0.22779567046326976	0.46217053404659175	0.3100337954901386
0.4130888217165002	0.22750114525215345	0.3594100330313465
0.28130687007289346	0.5523234402125401	0.16636968971456662
0.37232949649498653	0.48147331730020876	0.14619718620480482
0.1100023993638464	0.7044177290903136	0.18557987154584007
0.48184034240740153	0.18080315405805672	0.33735650353454183
0.47547325278785224	0.24514039952536051	0.2793863476867874
0.10929764618875426	0.5687884387778053	0.32191391503344063
0.26607615982180216	0.17370021481601874	0.5602236253621792
0.11322267548677373	0.40793939781064503	0.4788379267025814
0.1499795738451603	0.5337369802907992	0.31628344586404056
0.617667939951346	0.2261759763590642	0.15615608368959
0.22780692973024858	0.30319210972909355	0.469000960540658
0.42361048613758323	0.13617418000763848	0.44021533385477835
0.6552713571082418	0.0823855346039446	0.26234310828781365
0.10408749184291294	0.6896393138097013	0.20627319434738584
0.0649631684116162	0.7325558675038449	0.20248096408453897
0.6233129366965634	0.16762086750781705	0.20906619579561964
0.5780072055215515	0.212395640142876	0.20959715433557263
0.17890635439578925	0.5563991783318876	0.2646944672723234
0.13199672194739093	0.32894019011792053	0.5390630879346887
0.4902470672568285	0.3322010512568041	0.17755188148636755
0.0674290816232293	0.7109162493012089	0.22165466907556192
0.42735731639647323	0.3114902096335053	0.26115247397002156
0.2309750766870534	0.630736702924114	0.13828822038883273
0.13467910563339314	0.6910308645460529	0.17429002982055405
0.33671929069247636	0.25410725047775123	0.4091734588297726
0.09578830199980937	0.36992690623329444	0.5342847917668962
0.5801402722385991	0.11289812153173351	0.30696160622966745
0.4401392355233972	0.3778479000745808	0.18201286440202216
0.3195162224879583	0.16479367350863858	0.5156901040034032
0.6121926538850169	0.15949398282278116	0.22831336329220206
0.3094045997171829	0.14230074423136976	0.5482946560514474
0.1724596437469806	0.28180727689242285	0.5457330793605967
0.4748058731925461	0.36315735986151704	0.162036766945937
0.33921486231060843	0.39833001084247693	0.26245512684691474
0.14451533409859202	0.4283624094250833	0.42712225647632474
0.405168444032361	0.17709060850611388	0.4177409474615252
0.22060325533435696	0.4560140940297043	0.3233826506359389
0.5711868266610735	0.26736102434328385	0.16145214899564278
0.4129159331786997	0.3541648722873537	0.2329191945339467
0.654910481505594	0.18394415566200426	0.16114536283240177
0.1106971112706083	0.6980497517182824	0.19125313701110946
0.38169496482113546	0.08029015676953022	0.5380148784093344
0.6843889996932616	0.06609048981961124	0.24952051048712723
0.0773582034675126	0.3576049601614695	0.565036836371018
0.2871468928652552	0.2934294323180564	0.4194236748166885
0.38649666882447975	0.22769276444712708	0.38581056672839326
0.31612035207871103	0.3141901730962951	0.369689474824994
0.21181201985179873	0.4553308640199283	0.33285711612827307
0.2826601101384031	0.29927075150720306	0.41806913835439397
0.6586225090399495	0.050707939401801516	0.2906695515582491
0.7046160428385537	0.04075413976483516	0.25462981739661117
0.5565737453587896	0.23877169502039183	0.20465455962081877
0.3865304755810086	0.1276374902020567	0.4858320342169348
0.46270791905181535	0.4067859277925169	0.13050615315566785
0.30343196279196516	0.29250212963837524	0.40406590756965977
0.18157127276529333	0.4037976655273504	0.4146310617073564
0.4509473977343998	0.3618767881892507	0.18717581407634964
0.49213730951666945	0.132596230695473	0.37526645978785766
0.2502152441231462	0.5407438715601095	0.2090408843167444
0.22973884944438597	0.5292750556194795	0.2409860949361346
0.34260135040801043	0.1498858202951341	0.5075128292968556
0.4146204024158894	0.20963995285266127	0.37573964473144944
0.2864071597147736	0.18582616417683567	0.5277666761083909
0.2752078072889483	0.2891309261295891	0.4356612665814627
0.4957669943546597	0.14882387434553246	0.35540913129980795
0.12786214200779686	0.42348370528845425	0.448654152703749
0.7669925864562461	0.1085506474360024	0.12445676610775161
0.3018702767761928	0.1980941652482538	0.5000355579755535
0.14972715223299804	0.43321419438851716	0.4170586533784849
0.10727837317360275	0.7503739829321208	0.14234764389427657
0.21668247588828793	0.20952133390999875	0.5737961902017135
