0.09895907851400065	0.04927251835700619	0.18080958324748486	0.2382083383520212	0.025349706385129844	0.16402359707756808	0.09096159026294749	0.15241558780384146
0.09888647461951602	0.04598468998884177	0.18035914026882952	0.2392826014141935	0.025363353225501636	0.16443735627077874	0.09297384378420706	0.1527125404281316
0.09836568333575103	0.0464261672119837	0.180302236867164	0.23985978105969943	0.025352213588436784	0.16287995913244194	0.09407198772138094	0.15274197108314191
0.09867376250875548	0.04642899849409042	0.1812554867947033	0.23841156255464357	0.02533614699969254	0.16347430884844577	0.09399955291924776	0.1524201808804209
0.09835603543078557	0.04710668790812489	0.18064485875846362	0.23850076400276862	0.025368178329518862	0.16396702992000178	0.09360868207816089	0.15244776357217552
0.09813622344519972	0.04634133278210868	0.18048924437050368	0.2394578727856902	0.025353622226229652	0.16359636944500816	0.0939400798711102	0.15268525507414954
0.09729344431180983	0.04737394576355908	0.1823543448784126	0.2406517260961199	0.025319914966719495	0.16251787661725609	0.09196897637204046	0.15251977099408234
0.09598471267967443	0.047315817179903435	0.18316231892682	0.24212821996804268	0.025342169629428854	0.16027574748131188	0.09328688089922771	0.1525041332355908
0.0951428797889706	0.046777753589693424	0.18344872939163384	0.24242429430587042	0.025373084180332336	0.15992410678064511	0.09426354564098209	0.15264560632187196
0.09300040210117734	0.04668701310313712	0.18362568948939414	0.2430921976714338	0.02536403564484245	0.16224289032331657	0.09331694800117044	0.15267082366552792
0.09228730090318989	0.04658481325125882	0.1826391295283991	0.24359717329987274	0.025366738007642442	0.16348964076010133	0.09349004895798801	0.15254515529154747
0.09224491449054571	0.046658876753197964	0.18521967754320498	0.24355771104127696	0.025337738871973853	0.16196548275125305	0.09248733844974769	0.15252826009879958
0.09395089206924755	0.046856893593430454	0.18568967608710915	0.2431287178739942	0.025323662927008633	0.1619125573980685	0.09071893928128966	0.15241866076985164
0.09092451910797983	0.0460807970022718	0.18549884782653975	0.2418190556039171	0.02534568892874095	0.16376031188728934	0.09400213508405666	0.15256864455920435
0.09065038234607885	0.04852731346056323	0.18636740607885083	0.23806222763629864	0.02534468358102636	0.1641911893934065	0.09414181120735626	0.15271498629641916
0.09115213786919948	0.04860161438898343	0.1881187607169318	0.2378748697856849	0.025336350910382485	0.16245294820028405	0.0940083055405577	0.15245501258797595
0.09240876741928122	0.048984876773680575	0.18692561264749544	0.23793619673635846	0.025365771938396675	0.16183443133913888	0.09413021378001452	0.15241412936563406
0.09253034808559632	0.04928051384182559	0.18662281718299123	0.23893615137675508	0.025346650155228204	0.16129253940531732	0.09340551824211671	0.15258546171016937
0.0966001864694637	0.0485935333426684	0.18700413094987328	0.23802731132884103	0.025365832635768276	0.1595486920931563	0.09231581904440493	0.15254449413582385
0.09445512375998422	0.047470560893796726	0.1864611590735653	0.2413884688397717	0.025355751755649178	0.15997355956481726	0.09243417827130473	0.15246119784111062
0.09460626016028537	0.04601846156540429	0.1880077587860313	0.24333815074315512	0.025372670671094708	0.1599434423005598	0.0901967684112793	0.15251648736218992
0.09453974493264351	0.047537553766892476	0.18877564450916529	0.2410411721616823	0.025326594119567697	0.1581336448874026	0.09198831222057431	0.15265733340207158
0.09783351470232814	0.04776096173780339	0.18626664528748102	0.24282062454493117	0.025360153417075926	0.15497105877677547	0.09232831952495288	0.15265872200865177
0.09905094463402245	0.046550580089439575	0.18853942429997594	0.24312009647438837	0.025372593188468753	0.15384026994054367	0.09095384029677732	0.15257225107638372
0.09514465864483454	0.04679240808342411	0.18964398888092548	0.24270706052301855	0.025359258705702298	0.15412957047625164	0.09352180382976392	0.1527012508560792
0.09610149276811114	0.04658281564923657	0.19031345508722453	0.24156093331864736	0.02535193874160699	0.15529383492644688	0.09206852795950025	0.15272700154922605
0.09777767550027411	0.047355342887938814	0.18978453611645796	0.2411440985481711	0.025372341355404615	0.15424258989285708	0.09161764492528315	0.15270577077361294
0.09740360316436854	0.04659358097603819	0.19193204078870424	0.23910257960699335	0.025364149819260245	0.1554888625504828	0.09154238295148726	0.1525728001426652
0.09838169333093515	0.04726312905181203	0.19041680564867	0.2390447586637955	0.025328815019879422	0.15364697888157738	0.0933944183653721	0.15252340103795822
0.09847215855272673	0.04675433015212238	0.1932579353238969	0.2392669346303402	0.025340084822573605	0.1532116916101601	0.09114119514896032	0.15255566975921947
0.09817699006759706	0.04675831786138013	0.19258006899007457	0.24084619292348391	0.025354063289696013	0.153800452809205	0.08982879754402683	0.15265511651453625
0.09684024439467817	0.047533048591117594	0.19218073447012382	0.24106155298698956	0.025323149021787852	0.15521617313302508	0.08930790659088733	0.1525371908113904
0.0962967499011523	0.0482612282565498	0.1926783028193556	0.2403765236757226	0.0253624031823923	0.15426296671431272	0.09011694335266106	0.15264488209785337
0.09782101479179828	0.04802108811446043	0.1905336574451826	0.23961071094519698	0.02533624920963118	0.15412737595143233	0.09213069199972919	0.15241921154256877
0.09800996632836141	0.04599787687341754	0.19282001619356748	0.24008266863038014	0.02532570295192707	0.15418105390760073	0.09112173572953786	0.15246097938520758
0.09819725702722851	0.046063609838782535	0.19022802799982103	0.24109606517675086	0.025365951947510984	0.15344130377982185	0.09313129847319465	0.15247648575688938
0.09832341921852972	0.04852302848126251	0.1883163200422051	0.24080081529227398	0.02537035609948951	0.15326312147858723	0.09289286265840282	0.1525100767292488
0.09664182271639085	0.049006859156609184	0.18955365992340217	0.24101971513746626	0.025319757522341405	0.15414288216066904	0.0918517096220155	0.15246359376110544
0.09691210902677859	0.0488801736760264	0.18859535165059382	0.2427272963051555	0.025335506294983157	0.15319769669848057	0.09177001365965279	0.15258185268832902
0.09660536624203203	0.04771139040161705	0.19009181819885515	0.24324434076004206	0.025357080546211594	0.15414450242282732	0.09040410851944372	0.15244139290897088
0.09432840841881038	0.048452764484017904	0.19102389883726845	0.24518442619661165	0.025365651488132815	0.15385331893267884	0.08921069368516102	0.15258083795731875
0.09436117537188729	0.046871193134225816	0.18971404336305084	0.24404890493782277	0.02533490853376752	0.15718483207153489	0.08995149811651104	0.15253344447119963
0.0931742485765279	0.04896830360574181	0.18743023222597466	0.24399317228512357	0.02535633239641838	0.15754060748016635	0.09098751994127027	0.1525495834887768
0.09192007239294363	0.04755797449712733	0.18757725817331544	0.2446133956535524	0.025370107283718635	0.1579200140492497	0.09237458049370935	0.1526665974563833
0.08868791466276833	0.047620955207730395	0.18926239428686387	0.2461425197118841	0.02532112438932531	0.15918104525962687	0.0912500556057947	0.15253399087600616
0.08848426067400564	0.047982320312997165	0.18700847011676983	0.2471595457181519	0.025352277917291013	0.15933387561797052	0.09217191705395517	0.15250733258885849
0.08670574830315081	0.049348944562498095	0.18867477570031838	0.24280157459354684	0.025368874627178226	0.16168891266769667	0.09284953772135579	0.15256163182425495
0.08699555167443002	0.04857250629199915	0.18786561513479927	0.24148916764837225	0.02537208172316914	0.1629425622250658	0.09433167604784894	0.15243083925431528
0.08704410132734347	0.047210892501226454	0.18810237104106114	0.24231206820007367	0.02532287520266642	0.16424620874120122	0.09319802120411086	0.15256346178231658
0.08426910765057287	0.047982322530524396	0.1901370441710871	0.2420656235599426	0.02535951300055747	0.16385348646922343	0.09365461500051048	0.15267828761758148
0.086817288398968	0.04782647215917911	0.18870714400471233	0.24283031699032212	0.025355928146768042	0.16265869827064205	0.09317507580016723	0.15262907622924088
0.09112704165565508	0.048908497221709854	0.18543571592231595	0.24289776319153156	0.025361148062275587	0.16315184437941582	0.09043677835186756	0.15268121121522843
0.09184292869241101	0.04920859058667616	0.1866049217627146	0.2416420844733017	0.025357759647529385	0.16293085821153594	0.0898616306934404	0.1525512259323906
0.09381195275024741	0.04908547356339635	0.18417208383106315	0.2414889397831585	0.02534801529151276	0.16346872734735585	0.09007478358832274	0.15255002384494304
0.09457322949058819	0.04889944020610494	0.1837411161876244	0.24124950786764182	0.02533329738693503	0.16310139019637757	0.09049746977838277	0.15260454888634511
0.09723141922675878	0.04839802202361149	0.18512357406792035	0.23869182280074486	0.025333569639348658	0.1612438046329313	0.09140882768998673	0.15256895991869762
0.0980074157533866	0.048664227399883964	0.18563877484913677	0.23784361848809224	0.02536381566437322	0.1620562203634474	0.08988569287304918	0.15254023460863045
0.096618826936426	0.04781241332802964	0.18616945380448272	0.23787728618544454	0.025365993663298822	0.16410455858684134	0.08959617982557302	0.1524552876699037
0.09449560454266108	0.04784368690548199	0.18594519190202333	0.2380411666251131	0.025333518157677412	0.16350328661460015	0.09236237375377668	0.15247517149866607
0.09645822236715641	0.04692433597415449	0.1855739942941233	0.23819106936589973	0.02535092556713725	0.1612757352397819	0.09371857829218631	0.15250713889956044
0.09567743730858758	0.04818976567217571	0.18475126727957067	0.23817470213009823	0.025343196894937012	0.16208145061364507	0.09320149421028562	0.15258068589069992
0.09592831027572887	0.049093482715096545	0.18522355681013836	0.23791022938408563	0.025358186878478073	0.16123424304195014	0.09279481344360727	0.1524571774509149
0.096017676617322	0.048329293312619176	0.18688134236705914	0.23932542883328917	0.025343531694602017	0.16137801213914674	0.09024963577483139	0.1524750792611301
0.09516795772312132	0.04920117269964398	0.18612170963239005	0.2377997949937911	0.02532998577062645	0.16392504393207735	0.08995694838245291	0.15249738686589656
0.09457440689188709	0.04725843243582421	0.18724623097464432	0.23816698822276572	0.025334121518241187	0.16473320315240755	0.09003534753175141	0.15265126927247827
0.09403285802615625	0.04937351749477077	0.18601817848194224	0.23830572840572883	0.025343529362794465	0.1647097212118075	0.08954346822932957	0.15267299878747012
0.09261063099785644	0.046985551117822336	0.1862680198048025	0.24344933897153925	0.025346430436015505	0.1634346295658125	0.0893974299393388	0.15250796916681242
0.09253735579423747	0.047293935544880816	0.18488517046666253	0.2460680010156812	0.02533830094659828	0.1621368343857486	0.08929235766158336	0.15244804418460753
0.09259985604876549	0.04723203914557403	0.18358406233211957	0.24781877733986604	0.025329645412198842	0.1600568794688137	0.09090486156134941	0.15247387869131274
0.09244964896659151	0.04770994561287971	0.18228012866566085	0.24538017053954775	0.025355926434511372	0.1605964306578865	0.09364931666509349	0.1525784324578286
0.09268882316671764	0.04863057283880673	0.1854390222949049	0.24374167677929007	0.025365945294231515	0.15858970950179746	0.09310922445327316	0.15243502567097833
0.09282778324130844	0.04655036335706461	0.1858107590712154	0.24220881852417936	0.0253571025182725	0.1606041805189532	0.09413694297688635	0.1525040497921199
0.09319413132713503	0.04708389240042335	0.18565265081966537	0.24248603101068866	0.025370341939053784	0.15990939667332765	0.09383010668604141	0.15247344914366445
0.09440529382416056	0.04724355543393473	0.185317093908233	0.24165715661554477	0.025341802349837003	0.1612219022763026	0.09239600153256253	0.15241719405942458
0.09550149980130043	0.047145312341575416	0.18651876633647385	0.239122226629181	0.02534283582663832	0.16367204283824027	0.08998991501693679	0.15270740120965368
0.09245705033948708	0.04786296494143347	0.1883555244996759	0.2387673391763498	0.025371850456108166	0.16268111627644696	0.09200454094373349	0.15249961336676485
0.09319666575011659	0.049383254456978984	0.18805653813158574	0.2383834954967287	0.025331351110827557	0.16171889524100397	0.09130516211586695	0.15262463769689133
0.09282093025647006	0.04840498269229383	0.1880873060629812	0.23955742525368406	0.02535697697894289	0.16186054269803696	0.09140639227860148	0.15250544377898928
0.09219073453609031	0.04831596224206436	0.19051838597996207	0.24001766708030847	0.025339562692105716	0.1609279147564395	0.09000804897857756	0.15268172373445182
0.0945804733488213	0.04811359696987226	0.18844065313120778	0.2386332274235511	0.02533085323358228	0.1585565240698566	0.09382919525872503	0.15251547656438344
0.09301058408308058	0.04746724640515783	0.18892158666895553	0.24139643504889585	0.025367539954616602	0.15949649679184963	0.09172210934538402	0.1526180017020598
0.09284844050746469	0.048645638698780774	0.1895253250625901	0.23892913430228957	0.0253299896298686	0.15869283745822654	0.09345952747863782	0.15256910686214176
0.09230240759646433	0.04810837215330947	0.1900198547734081	0.23924027455674907	0.025342119915845188	0.15900001240792933	0.09354735627736563	0.1524396023189287
0.09420929073686429	0.046479479219885864	0.19015734849251895	0.23922126901653734	0.025327816423489136	0.1599229418142214	0.09200768222022859	0.15267417207625425
0.0920627595999659	0.046503447798844466	0.1911710199212989	0.240188755021002	0.025345489590396147	0.160105564346134	0.09196385100916285	0.15265911271319552
0.09107786971958574	0.047179123675731904	0.19092981432380066	0.24117802214888773	0.02535662801087933	0.15944376440384792	0.09216692172407331	0.15266785599319324
0.09249678374315747	0.04673110573140139	0.19285690424226698	0.24182404607252528	0.0253464514634604	0.15849983953330604	0.08982032744934557	0.15242454176453668
0.09361990082749486	0.04632157024287317	0.19134175394534897	0.2410227927806752	0.025372235532016202	0.16012116004988203	0.08978584789462297	0.15241473872708636
0.09267682242141051	0.04883132203224344	0.1925352718974387	0.23918637269272935	0.025368657266158806	0.15978949260398775	0.0891786186990059	0.15243344238702533
0.09294622793858004	0.0480469084301358	0.1928297518332266	0.2378799591381363	0.02536785468585348	0.15760816381967888	0.09272027367144965	0.1526008604829391
0.09331600286309508	0.04825956812650506	0.19217710307635316	0.2378386050984266	0.025353272953011777	0.1573007642131313	0.09325395267224754	0.15250073099722924
0.09362271724265958	0.04919467931356057	0.19211929785578197	0.2377980844117077	0.02531936341047493	0.15717934214060839	0.09204528122343539	0.15272123440177135
0.09379602378598761	0.04955266388556882	0.19306323412969534	0.23800891655209733	0.025337686119989614	0.1564167276072572	0.09124983194348298	0.1525749159759209
0.09490587511279863	0.04760695853620975	0.192012485536757	0.23877532902152399	0.025349243332401086	0.15671717740234414	0.09203789897135256	0.1525950320866127
0.09503981281023954	0.048222972673464454	0.18904550220345367	0.24020167509001855	0.02533147694328547	0.15788899769093548	0.09156323659895962	0.15270632598964298
0.09451247221219863	0.04841121368546064	0.18929779279294828	0.24298717898497393	0.02535321195373899	0.15658257935982425	0.09011619191737247	0.15273935909348252
0.0946552834790968	0.046244729015413114	0.19167464091586314	0.24427163857626916	0.025322498694493226	0.15569775650598075	0.08961939453769827	0.15251405827518538
0.09361303654333518	0.04660401960473211	0.19126823140278254	0.24433112068743962	0.025336001841513356	0.15437139061935332	0.09181615184651383	0.15266004745432982
0.09383044991394732	0.04635598271890293	0.19029199200587532	0.24344277429191666	0.025322310013138796	0.1557337445619983	0.0924035621725256	0.15261918432169494
0.09309385863406952	0.04594985644242716	0.1898091017598244	0.24348054994941076	0.02532240016780886	0.15550949550897145	0.09408864695496885	0.15274609058251878
0.09449031078228472	0.04712449730303871	0.18912405153617085	0.242244236804446	0.02536453173760908	0.1548146515857578	0.09409926127005527	0.15273845898063743
0.09483286932187125	0.04659849450093291	0.18980978493704384	0.2416951923903617	0.025326822842111643	0.15531902955371313	0.09371998851164717	0.1526978179423182
0.09496866262035808	0.04604044984593458	0.19120515483324507	0.24173710932585843	0.025365788593776778	0.1559933145329591	0.09193552083750892	0.15275399941035886
0.09559884224855118	0.046345939854894797	0.1911671920359399	0.24234449737114142	0.025347111259798605	0.15737634271356626	0.08940264478699911	0.15241742972910854
0.09582979114377066	0.04732492254691158	0.1919118046134619	0.24040194961599903	0.025366721730232383	0.15476381148563528	0.09197474537594291	0.152426253488046
0.09456692749594706	0.04797799272337962	0.1931463248278943	0.24205998019855257	0.025333839159132787	0.15323644231601283	0.09096282971905476	0.1527156635600259
0.09406990560242397	0.04808989724898362	0.19223720670633293	0.24189760014076894	0.025366931321346306	0.15448678475687438	0.0914210410998321	0.15243063312343746
0.0962651459795027	0.04792721477209719	0.19160060806997725	0.24030755763279177	0.025334151871027027	0.1537743277149882	0.09229608280601463	0.15249491115360098
0.09688095456112464	0.04764796194658051	0.18977406540538222	0.2394947533357824	0.025370280158607927	0.1568012844197859	0.09158113621225505	0.15244956396048112
0.09543683241340249	0.04753823243505087	0.18924813613648223	0.23987141558882924	0.025330526541058274	0.1579130976497315	0.09213394838378355	0.15252781085166162
0.09439586999474736	0.04688283786998444	0.18939967912888478	0.24078569231631153	0.0253649259109357	0.1564287389844383	0.09411768934736797	0.15262456644732977
0.09593318578939877	0.04699819871872918	0.18896908518844222	0.241777242682006	0.025344781446273834	0.15538693470426135	0.09315056955363238	0.15244000191725604
0.09740456016941365	0.048660643931952824	0.190437812812925	0.24285024338601868	0.02533662133130013	0.15334696134566483	0.08944487279994615	0.1525182842227785
0.09807949363517345	0.04942995189229146	0.1866792823173531	0.2419618912146742	0.025352443620878462	0.15595870451228513	0.0898520097223265	0.1526862230850175
0.09911155688142624	0.048608169000262436	0.18796329915408239	0.2405823784694599	0.025373380008245364	0.1562768489380501	0.0894052628607601	0.1526791046877132
0.09941366800771005	0.04818967064995722	0.18894440093454892	0.23838150333689256	0.02532780028344736	0.15705494500445266	0.09006982932408371	0.1526181824589073
0.09934181495490699	0.04698855738698916	0.1890889776635299	0.23874752415871858	0.02537276672740109	0.15792385219788138	0.08995692661133231	0.15257958029924032
0.09701523327237567	0.04635614318291195	0.18961353675896359	0.2385862751598176	0.025332170734953433	0.159229525733677	0.09140118855914559	0.15246592659815494
0.09583653074968795	0.046840061399590516	0.186601793393536	0.240070475261133	0.025338400859796342	0.1606776657055019	0.09196415223899865	0.1526709203917554
0.09727328568351383	0.046130127211538016	0.1854394641205088	0.24191284350951803	0.025320011180260754	0.16019450929115653	0.0912910519936525	0.15243870700985135
0.09688479675163425	0.04616841165496985	0.18589020661254593	0.24256149486970227	0.025351209928404644	0.1590748753758049	0.0915784948024925	0.1524905100044455
0.0976856030547208	0.04642870824534992	0.18461034574330581	0.24212523395736857	0.025319327772986053	0.1589850128468992	0.09242599267744675	0.15241977570192272
0.0971440960914201	0.0477111335335466	0.18356621590695588	0.24361678633773678	0.02535581471831222	0.15867120257316591	0.09121819197134204	0.1527165588675203
0.09895358015421526	0.04865358735884562	0.182764939916616	0.24070105995642718	0.025375404238016028	0.1608430020974449	0.0899662509270695	0.15274217535136525
0.09907918889519529	0.04651410957704412	0.18368427772644996	0.24220828877449846	0.025364503602089875	0.16122021822040333	0.08942252737412493	0.1525068858301938
0.0966769315009041	0.04650584018249533	0.1844515438944239	0.2419051135999492	0.02537474370968805	0.16151466880244172	0.09088657022514497	0.1526845880849525
0.09443606023104703	0.04881152895406986	0.1828796999612068	0.24118264900394898	0.025323184659712394	0.16262376558858024	0.09229100671045859	0.1524521048909759
0.09564968899356525	0.04763267995803193	0.18321950180576094	0.24114126284446527	0.025353710632166196	0.16267302200275635	0.09180305677155756	0.15252707699169632
0.09787456786725612	0.04859917905119894	0.18140968599131113	0.24050026370791594	0.02533484524251825	0.16325071533497026	0.09050307161631418	0.15252767118851493
0.09639358527003962	0.04858020386496456	0.18094648377031575	0.24071646102980565	0.025340557534763164	0.1639603958702732	0.0916233676698101	0.15243894499002777
0.09415354141360274	0.04876795770422676	0.18174856851685395	0.24030163007490826	0.025364869768604192	0.16406179802901444	0.09313808264498906	0.15246355184780036
0.09155895894289276	0.04783284025366884	0.18402452193970234	0.2409920111639129	0.02534786624129101	0.16464954322890424	0.09314069773697245	0.1524535604926553
0.09101320527371308	0.047606499893885906	0.1836274044495346	0.24132762078113412	0.02532513778858267	0.16491451958332584	0.0935984207103106	0.152587191519513
0.08990584096839555	0.04751298558020989	0.18255673878505635	0.24333551724397312	0.025354437816498196	0.16490014620142524	0.09397511088584024	0.15245922251860122
0.09034567043579474	0.049453435376497906	0.1803021438315006	0.2443576136930037	0.025326055698536312	0.16427291894912238	0.09340636320495738	0.15253579881058676
0.09334682487607322	0.04707791219207805	0.18057928547130925	0.24339437162476216	0.025363632985671722	0.16342572354967538	0.09412888327428387	0.15268336602614613
0.09614584111063282	0.04643763647127756	0.18149013269388728	0.2415493447111247	0.025342121319940375	0.16298520850777581	0.09354092107852384	0.1525087941068374
0.09656624436112876	0.04659705661625041	0.1821608889075456	0.2437569050662501	0.025367833120402167	0.15995240820165404	0.09306202184109177	0.1525366418856769
0.09576269269691051	0.049038602692337036	0.1807674747495357	0.24633378541776368	0.025367030164792276	0.1572139546223067	0.09287905234760951	0.15263740730874437
0.09560578364858036	0.049098952450588804	0.18114471157453538	0.24658188195085606	0.02532781423337327	0.15758648665657302	0.09192641512303443	0.1527279543624585
0.09624489507834402	0.04888076990259989	0.18036110173598618	0.24702341231377248	0.02535168160455803	0.15726367910190314	0.09221302549154992	0.15266143477128616
0.09685050390798952	0.04631755182406935	0.18050395694129998	0.24686991984792164	0.025340865111357858	0.15720876027122213	0.09427918138842808	0.1526292607077112
0.0962110137393187	0.04606043599207911	0.18216901690787363	0.2473981265064915	0.025340745141082213	0.1561549456167261	0.09424309967396327	0.15242261642246527
0.0968459878424905	0.046690990000370663	0.1810534832271961	0.24724239603780296	0.02536876910940472	0.15603482015928397	0.09418748787477571	0.15257606574867516
0.09796588493274325	0.048679694754389324	0.18150854684860165	0.2450534491147022	0.025368357064675162	0.15519467002477982	0.09349868647609903	0.15273071078400935
0.09648192468543823	0.04641843405682976	0.18554727426627005	0.2457413234762457	0.02534672370526686	0.15621416533653792	0.09176449334875564	0.15248566112465567
0.09730301989011295	0.04937848059287599	0.1877598024294745	0.24449295403260282	0.025346682078673466	0.15323053028164293	0.08996221916471864	0.1525263115298985
0.0987016904756039	0.04876798557260471	0.1873394067482252	0.2436573340959142	0.025355100996457852	0.15412724125438795	0.0896161326722147	0.15243510818459127
0.09927899868003034	0.04955048209690885	0.18531638118452062	0.2445293145706915	0.025373332252294975	0.15336427033245828	0.08997819500478724	0.152609025878308
0.09903346019631568	0.0494600250605646	0.18705367979728027	0.24277547051992598	0.02532558501212312	0.15328867860715212	0.09046440363218101	0.152598697174457
0.09874455668616289	0.04902190088145808	0.18516615113828194	0.24032748779768479	0.025347296764581945	0.1566507685977755	0.09222117880705105	0.1525206593270036
0.09773122752230197	0.04937724905311669	0.18648445031501143	0.24073263253340318	0.02536911670821479	0.15745840175961237	0.09023377625162038	0.152613145856719
0.09853651695693795	0.04876331779295731	0.18713151022000735	0.23997176639968898	0.02533176699700526	0.15828080974670902	0.08951307065566341	0.1524712412310305
0.0967607473069618	0.045954490771806425	0.19160415748409987	0.23899079394541078	0.025331984737913926	0.1570512694759805	0.09179378608080524	0.1525127701970213
0.09769772475430884	0.04621028852418203	0.1893013991997737	0.2381072005073992	0.02534878511159236	0.15657063777264835	0.09408631521895727	0.1526776489111381
0.0980378833703693	0.04611019885451624	0.19197941802700058	0.23856949198992738	0.02533571540214409	0.15719869367243466	0.09034730565192758	0.15242129303167995
0.09833463088676958	0.046834149924023044	0.19263509355770383	0.23839373375369294	0.02535227533037504	0.15650317105425682	0.08945150800093868	0.15249543749223984
0.09580819224615447	0.04775364287865383	0.19312651330680722	0.23940372769547255	0.02533692482999418	0.1567785054060009	0.08931761688020896	0.15247487675670762
0.09601154736992826	0.04738752025596381	0.19252227670994432	0.2405900913444171	0.025327095971564406	0.15332594160010862	0.09239767424068178	0.1524378525073915
0.09788471297203871	0.04664758518490261	0.19288444722230014	0.23848297327945323	0.02534668400386124	0.15330090405780653	0.09270336794418407	0.15274932533545327
0.09757461059134286	0.047919561785832496	0.1913740442935875	0.23882346799199486	0.025375144843692687	0.153330311342196	0.09286965629276453	0.15273320285858885
0.09785454389871734	0.04838065304773466	0.192127082978798	0.2384535637983577	0.025341048566004526	0.1544530192086496	0.0908195316929472	0.1525705568087908
0.09935434356579123	0.04877379724262075	0.19022738780991208	0.23909035311394883	0.025365969709235436	0.153632207899629	0.09099382902683051	0.15256211163203193
0.09918236418105977	0.04840745921463692	0.19125329498320526	0.23789554999196444	0.025323135649205658	0.1535449033811657	0.09186227737107697	0.15253101522768506
0.09859764084555644	0.047689693977608694	0.19246289896685112	0.23780737525565132	0.0253521160711703	0.1547164055095052	0.09079277352315274	0.152581095850504
0.09922344237464131	0.04758751697542027	0.19097219503276242	0.23906558297280311	0.025341592647406555	0.15407976200432566	0.09127190809835979	0.15245799989428074
0.09847475152689947	0.04941806600788165	0.19164558977620075	0.23795875748131612	0.025361942932064493	0.15390166963111562	0.090696563912589	0.1525426587319327
0.09805604900650575	0.04896366010778776	0.19215683948422457	0.23816903363159536	0.02536209173087628	0.1535640014645709	0.09115043407362423	0.15257789050081494
0.09818567080714027	0.04817400422995495	0.19184862144301307	0.2383909921566737	0.025374140242911333	0.15598962629882684	0.08939300550098446	0.15264393932049508
0.0979230369684605	0.04815636588593793	0.19318927101940697	0.2378931687858193	0.025359265383596077	0.15470830326360943	0.09029202599797384	0.15247856269519577
0.09752563287396314	0.048239190539008894	0.19286446880012464	0.2379482643373702	0.025331840250556778	0.1552297209109942	0.09034580178662105	0.15251508050136087
0.09825066465154284	0.047594032042355475	0.19113429566863577	0.23853400178378187	0.025337360715848398	0.15570008916859807	0.09096145758422347	0.15248809838501387
0.09898904626998636	0.04624152521337106	0.18927148584097772	0.23897009424330928	0.025360920114891883	0.1557981044981121	0.09284869014365271	0.15252013367569864
0.09917739792135616	0.04696751724018486	0.1872140424968407	0.23837351897384632	0.025363777093848086	0.15618848122873769	0.09398503337554996	0.152730231669636
0.09925680749451356	0.0479619308716418	0.18617467732581527	0.23842846715961913	0.02537464691465688	0.15639332175536866	0.09366260470130577	0.15274754377707875
0.09714847396126952	0.047714789530305654	0.18869048707785357	0.23914570558097292	0.025341645244912878	0.1583337545046806	0.09097557140003962	0.15264957269996504
0.09801866633808376	0.04600518180344525	0.18890970329099893	0.23814694180573465	0.025341812355150678	0.16020615347706893	0.09079292438318143	0.15257861654633614
0.09603009295071871	0.04895219980133979	0.18784845898942437	0.23848845719691936	0.025361306208176185	0.1580822687437034	0.09253325140165555	0.15270396470806247
0.09508042568197109	0.04892085037538989	0.18686305268521022	0.24098863166053647	0.02536421628191228	0.15850699076613534	0.09165466007171988	0.15262117247712464
0.09921294353435733	0.047196426252022375	0.18491112735571763	0.24274883430079397	0.02535258722814443	0.15710901241131375	0.0908246438549744	0.15264442506267592
0.09584916928660808	0.04852126956406411	0.18891413231653498	0.24361140269380638	0.025342157129026016	0.15514476931886662	0.09019457102855352	0.15242252866254005
0.09551936030173899	0.04784149331211132	0.18841322163384794	0.2435670787839666	0.025370141085566608	0.1547807664204071	0.09175529283845502	0.15275264562390622
0.09564300507526027	0.04914491907875425	0.1880723594493836	0.24258548642038458	0.02534810432924263	0.15567893885650866	0.0908524580582383	0.1526747287322275
0.09662527814265734	0.04811730670832158	0.18670579387358166	0.24452352669641716	0.025341910017105992	0.15624910372607081	0.08973797678178219	0.152699104054063
0.09917152050390957	0.04815318420437133	0.18410929050963992	0.2451841049973038	0.025319663449028224	0.155459460544492	0.09009522676675022	0.1525075490245047
0.0993931059126417	0.046834061498081545	0.183899060333698	0.24442982573514987	0.025344873613463548	0.15754213354895577	0.09001808830798842	0.15253885105002096
0.09744434925617539	0.04795203878213772	0.18329098454842346	0.2444693584889443	0.025339024384002484	0.15880078681395826	0.09008659417365786	0.15261686355270032
0.09883235693663231	0.04759490714520802	0.1825558577200076	0.2432112370382266	0.02534991102816106	0.15763260009893681	0.09230179940661695	0.15252133062621043
0.09782612664461038	0.04863665198496833	0.18388575021383546	0.24173998125243848	0.025373021335632573	0.15628234942821634	0.09382724206940535	0.1524288770708929
0.09884138674581455	0.04761463135759908	0.18364562515468888	0.23971444743583908	0.025322510404524642	0.15985416199443578	0.09256538970858827	0.15244184719850948
0.09720878373833367	0.04749596810367124	0.1859387231976103	0.239900002709165	0.025365196659855288	0.15897638060103447	0.09268017558478756	0.15243476940554235
0.09919575304848974	0.04817465978547626	0.18548386706793324	0.2378468568041748	0.025352166470082593	0.158693619689656	0.09250843490369276	0.15274464223049436
0.09784130863482478	0.048427693986551015	0.18522309176757973	0.23926818844812908	0.025369395603652103	0.15847694617192673	0.09265309966879873	0.1527402757185376
0.09858544280048226	0.04834700886594351	0.18388710451067575	0.24062956771839156	0.02535783793458435	0.15791910383283203	0.09256637695395092	0.15270755738313946
0.09853735467421268	0.047845582547630786	0.18302960542361504	0.24124518314947224	0.02534659943113815	0.15855971300730876	0.09270265926951826	0.15273330249710387
0.09830225363110884	0.048779630846225996	0.18045348459465993	0.2415754465706038	0.025360506731675697	0.15919547005276175	0.09374672221221761	0.15258648536074618
0.09687831175908272	0.04872698776608708	0.1816215273664545	0.2435272620485714	0.02532146156080209	0.15804674670111743	0.09345481803604411	0.15242288476184046
0.09740085175357335	0.047983275113564705	0.181207075064523	0.2443734398546356	0.0253311303285281	0.15936901145650528	0.09185864564695977	0.15247657078171006
0.09749395333234714	0.04774623845711731	0.1807390915695652	0.24370370153468826	0.025335546368290107	0.15848714458164925	0.0937655377677736	0.1527287863885689
0.09789828109743524	0.04813370647530919	0.18162948608989585	0.2454271399720528	0.025353810159485887	0.15735523594556705	0.09167227226767416	0.1525300679925796
0.09901029664457532	0.04633285454203902	0.18135339389050847	0.24395756693352383	0.02536303890115485	0.15745716453167763	0.09402367520378652	0.1525020093527341
0.09570004881327412	0.04852415560856911	0.18256510180379498	0.24357745581283652	0.025347605633320627	0.15887641164049845	0.0927651612666637	0.15264405942104234
0.09677456605343294	0.04651778733041913	0.18328042780538298	0.24391063108283315	0.025366582325858728	0.1598285098292573	0.09169453114822632	0.15262696442458928
0.09442650826447002	0.04884354068823901	0.18204944015028054	0.2433543412507117	0.025328169321821886	0.16191945033351823	0.0914680607046579	0.1526104892863005
0.09566341790778943	0.047349696643537775	0.18051587923048673	0.24752312356035464	0.025337131105640065	0.15950876523753876	0.09168587216596624	0.15241611414868617
0.09719920959990673	0.04665832765952398	0.18123263882800353	0.24733840573956678	0.025348861053734448	0.15765366891978244	0.09186453930111793	0.15270434889836404
0.09701090227405873	0.04763035475693693	0.1813144653496251	0.24545694082906344	0.025358038049900458	0.1574826575213678	0.09327832258391189	0.1524683186351355
0.09595365876371935	0.04805244293227055	0.18600067105815304	0.24439364158990246	0.025355268217827645	0.1561982095443983	0.09158335834412479	0.15246274954960368
0.09719120548051154	0.0481228887623001	0.18616896861583163	0.24176532995373123	0.025353265139611184	0.15746351497395167	0.09145712575240754	0.15247770132165483
0.09882206757210081	0.04765646324985902	0.1855436337961382	0.2408998097969716	0.025319215046905263	0.15734120950954683	0.09179223044350965	0.1526253705849684
0.09933039201043409	0.04886714385721895	0.18715156526654533	0.24111037535567306	0.025320157739417745	0.15474225474946351	0.09081362433341003	0.15266448668783705
0.09933695415040275	0.04912898604625994	0.1863916566059079	0.24200663018888863	0.02533076192768513	0.1546866440282729	0.09066091364566564	0.15245745340691694
0.097620463224134	0.049256896212188234	0.1881442492946233	0.2398847288271509	0.02533761631873234	0.15384872434054908	0.0934232881817593	0.15248403360086266
0.09938437808220732	0.04858170667560259	0.1879620056571744	0.23795066284132393	0.025331585564543874	0.15376459918441765	0.0942878443792279	0.15273721761550216
0.09925485244844273	0.04823006930565603	0.1874890830533491	0.2393694701042174	0.025371173048857013	0.15396614960963612	0.09359369358453407	0.15272550884530733
0.09791756205100555	0.048415363073222056	0.18796260027923942	0.23856640970516596	0.025372865873024605	0.15505043048659545	0.09408132398875561	0.1526334445429912
0.09848199050087267	0.04767371038642308	0.18796234874671408	0.23779095731128477	0.02536149761155143	0.15729910825832263	0.09275436447596933	0.15267602270886182
0.09681176458589065	0.04666077061046818	0.18702808731621168	0.23784227711581468	0.02532417200326058	0.15974535659361794	0.09391135233989523	0.15267621943484086
0.09789875498736343	0.046756503368945906	0.1855860027985251	0.23998195793400337	0.025349570230432328	0.15886145930713655	0.09286233085479946	0.15270342051879365
0.0979746143975139	0.046443093369306965	0.18319662408878792	0.24178146310181184	0.025346576687405406	0.15853868848378674	0.09413216775182891	0.15258677211955815
0.09928502166374194	0.04902520347622788	0.1820839197431729	0.24316987041348317	0.02536501420430666	0.1557126681518533	0.09276546309431696	0.1525928392528969
0.09932344380626595	0.04896491338379236	0.18222618283568864	0.24214498126139683	0.02536668803510775	0.15539746975769217	0.0940706681583044	0.1525056527617517
0.09900271972738167	0.04617840221909017	0.18283766598600776	0.24281004196913833	0.025371227481273878	0.15749421897447863	0.09369754742323871	0.15260817621939068
0.0965474320743491	0.047982617830291244	0.18477733277493197	0.24124759227948073	0.025319589741825493	0.1603540107412289	0.09123068787321376	0.1525407366846786
0.09588559985112227	0.04847547293770314	0.18523392133933334	0.24105910414376472	0.025355934352907575	0.16021538369944674	0.09111762266861712	0.15265696100710482
0.09494758715453962	0.049081993957529726	0.1837558032809526	0.24198580212520582	0.025345046124055318	0.1626979247502699	0.08974079026913333	0.15244505233831349
0.09571816595695416	0.046491421311241454	0.1857030081009685	0.2438420162461965	0.025343804363298236	0.16070866776191134	0.08957613170288185	0.1526167845565478
0.09395196461499633	0.04740116831174576	0.1843689156578794	0.24350223997647474	0.025371851677131282	0.16040894469786704	0.0924956061159482	0.15249930894795705
0.09548021107520481	0.04772826009970324	0.18568115172173136	0.24335341563852506	0.025334322374037113	0.15832067757786608	0.09158840644461999	0.15251355506831216
0.09762855220013918	0.04795304549771384	0.18695217058466018	0.24011314978019382	0.02533835868852817	0.1558464687213117	0.09348078830921194	0.15268746621824095
0.09849719568958337	0.04791191011913459	0.1856101825469348	0.23890901437990625	0.025320981644096102	0.15689926239804436	0.09422586980862133	0.152625583413679
0.09771285288087979	0.0465099899542097	0.18786416625029392	0.23798460105360766	0.025359701724432845	0.15950819588916082	0.09248533229256123	0.15257515995485377
0.09644517922991172	0.04608972661587081	0.1890853542819045	0.2380757439581057	0.025342501949555202	0.1588580216976338	0.09344806553743526	0.1526554067295828
0.09603934700580515	0.04636525551757478	0.18935581693182366	0.23909573951352672	0.0253316751657936	0.1583307522039626	0.09281597290106067	0.15266544076045266
0.09526008568504304	0.048588885985700256	0.18775488242920643	0.23893130180920708	0.02535935236176398	0.15845311180013116	0.09300334127576745	0.15264903865318039
0.09578158151646349	0.04630093433069325	0.18905044073864813	0.24031655724705864	0.02533390028973538	0.15772372996644898	0.09291771203397929	0.15257514387697269
0.09536050047698647	0.04602082456337739	0.18974449326827508	0.24193381330633323	0.025319429612097613	0.1593929585825456	0.0895466229075848	0.15268135728279966
0.09510855736511781	0.04691680915291789	0.19104542940816213	0.24006291891215317	0.025358837778578794	0.15836036663874173	0.0904483172279434	0.15269876351638484
0.09293282500050898	0.04745877036835518	0.19093097059783398	0.24278894488193103	0.025323657154566623	0.15718501145061603	0.09094689568181791	0.15243292486437005
0.09482041812891401	0.04643134821881943	0.18984815063500368	0.24148977348800632	0.02534784009597202	0.1596162971620134	0.08999532221037339	0.15245085006089754
0.09181691801551685	0.04854194274308345	0.1887370128905952	0.24325298965519765	0.025356520357932844	0.15734078051626346	0.09242292699969157	0.15253090882171877
0.09096452892419027	0.047629248889961465	0.1898452145057566	0.24335517886521685	0.025367062933989007	0.1571514290370326	0.09314396195986617	0.1525433748839868
0.09054155803875504	0.048886946822903454	0.18879120892279072	0.24454397156464794	0.025372067367257597	0.15510367511762463	0.09424936615833895	0.15251120600768148
0.0912615933756343	0.04885375190015963	0.1900778400314952	0.24490628145577759	0.025338971209650063	0.15530750317389802	0.0918099505486863	0.15244410830469873
0.08805572237463666	0.04928086373227292	0.19193165796835146	0.24351281887738743	0.025371788632097478	0.15624101206440333	0.09289456780260433	0.15271156854824616
0.09032705421885155	0.04629693902197961	0.19297534405310773	0.2435745475005362	0.025358420038311222	0.15562705817264033	0.09332157417054697	0.15251906282402614
0.0931315872757981	0.049117316122654964	0.19274336510682638	0.23818981348316734	0.025363177975944673	0.15599245955534236	0.09294190233414348	0.1525203781461225
0.09331246647390293	0.04934141228955918	0.19175260296827037	0.23851760924536403	0.02534308923757024	0.1570780803246065	0.09204962917338105	0.15260511028734552
0.09357391352518293	0.04808861096113588	0.19093160618778218	0.2383516550325699	0.025356517151916058	0.1586053775619689	0.09256191403021446	0.1525304055492295
0.09406248169602148	0.04680326235038573	0.19181730659814572	0.2378031744908015	0.025374636155946817	0.1595847582131404	0.09213155745144307	0.15242282304411503
0.09550555420934491	0.04645732772737857	0.19155857940764137	0.23897060051420194	0.025340222246580113	0.15827544899704515	0.09139731400899015	0.1524949528888176
