0.42607252766300946	0.05479516079905039	0.19809891585920608	0.16794854363916373	0.15308485203956998
0.5152468263726189	0.06996272861841207	0.18209357029363094	0.0829752532573608	0.1497216214579769
0.381471109907141	0.05860203411183326	0.2314205305950886	0.11476318759590723	0.21374313779002954
0.41193728210488745	0.07697850572265298	0.24942164053234478	0.08794720299946317	0.1737153686406513
0.3720519675315629	0.05244159572095472	0.31901483809433606	0.07508569937652587	0.1814058992766201
0.40968122722827927	0.06066036139340447	0.24409946918123576	0.1470226931034952	0.13853624909358497
0.30437454045699064	0.08662844355244474	0.25606721763099205	0.11566500261598854	0.23726479574358378
0.25583169341235396	0.08328478918613562	0.29497067037193486	0.1778678716377079	0.18804497539186735
0.22578756007372341	0.0842055559227956	0.33398637264245035	0.11799078929184961	0.23802972206918077
0.3272334285278783	0.05388418424833938	0.35311026481856533	0.09537297189996198	0.17039915050525475
0.42441083171277144	0.04188122034062436	0.21431579750812174	0.14813961488903812	0.17125253554944397
0.36505306384652214	0.05641794128628763	0.20584228736223975	0.14731988408990315	0.22536682341504702
0.3425707835738522	0.06363011415504155	0.3033936665548606	0.09655859947652393	0.19384683623972138
0.3419160652041997	0.04466934329906	0.2839290490362945	0.15911722934349568	0.17036831311694972
0.3219227094707042	0.07206995684750889	0.2763419758700406	0.09628004894754581	0.2333853088642002
0.41545573701257466	0.07699137971127397	0.2541880043243613	0.0744445029446309	0.17892037600715877
0.3850001203549517	0.06514949941345449	0.29991560523129857	0.11851592187539396	0.13141885312490098
0.3360049071719211	0.08607836886159342	0.2337860624936463	0.07858128540234505	0.2655493760704938
0.29155752612225083	0.07290933138482755	0.3077265857723008	0.08929744435827441	0.23850911236234615
0.43870159824542515	0.05374648349247385	0.23378747662342247	0.13944585467221604	0.13431858696646215
0.3421961188360373	0.051669303882083434	0.269118402089976	0.11006125688718663	0.22695491830471634
0.4683508296990634	0.05228419876372681	0.1698705478603699	0.15800576258305338	0.15148866109378614
0.45151970891613263	0.06935657387592598	0.20089977950779764	0.07467370010111773	0.20355023759902569
0.4286128289493985	0.07028409810530534	0.2247336413515237	0.08437635321413263	0.19199307837963947
0.4154968024574981	0.07475900381145661	0.2165124938619213	0.15598304444260663	0.13724865542651699
0.45913289806067964	0.04863230711784425	0.16730778334252877	0.13810291626399437	0.18682409521495255
0.43382852340000044	0.08467998774672819	0.19811756174990858	0.14904327999349598	0.13433064710986647
0.3878823192673482	0.045727949152743336	0.28425193401672916	0.08194179071626173	0.2001960068469173
0.4133887141290965	0.04871306501661646	0.1946798635511323	0.1191758848195958	0.2240424724835586
0.37999470099335886	0.04216085895368757	0.17981722360611407	0.1617268936877298	0.23630032275910934
0.36898791078848414	0.06621288878600731	0.2100952066084318	0.16481694801262436	0.18988704580445206
0.24174848449018746	0.04585517449406207	0.280499718549846	0.174117532780493	0.2577790896854112
0.24008833099426224	0.07153510851237016	0.3466268077621407	0.10312778318740436	0.2386219695438223
0.26411038442253437	0.07363495757774952	0.2688877755026191	0.1693106705449018	0.224056211952195
0.35890779391041494	0.07428172859330318	0.22050764929065275	0.13929730957735503	0.20700551862827374
0.4414445744408012	0.05238298152153001	0.2399683256414695	0.118278825488834	0.14792529290736495
0.31371635484754823	0.06362238744934365	0.29492195809973965	0.1236124311800964	0.20412686842327177
0.2293292595640195	0.07414618894769137	0.31200946941946234	0.17791108850417256	0.20660399356465398
0.4567046040162119	0.08848788796397336	0.1848510702578657	0.13262639734944204	0.13733004041250657
0.39108671853185883	0.07034864213888473	0.20841566168518308	0.12876286096701262	0.2013861166770604
0.42540571244764525	0.04783728530626047	0.2853224106605958	0.08890882859316797	0.15252576299233014
0.45885803813187076	0.06498725674919756	0.21373056357826659	0.07807112555027163	0.1843530159903931
0.24262583412282	0.05796864783411712	0.3450990211145435	0.09263575467520745	0.2616707422533117
0.28575344365780286	0.0523010093224113	0.3569147942351687	0.1461340289678421	0.15889672381677478
0.3677001650692838	0.0867452245555752	0.2704148479561946	0.12434714954140105	0.150792612877545
0.4525116616022237	0.05677751979594786	0.17743258249901805	0.09971671395885659	0.2135615221439534
0.3799376572548806	0.08216518214940607	0.2172958453447837	0.15008544987606634	0.1705158653748629
0.26269782229359884	0.054279182563010286	0.28802223501812285	0.1492334813187029	0.24576727880656488
0.39343315606939183	0.06662453742306368	0.1754960505379109	0.13325639310960463	0.23118986286002866
0.34090367438802305	0.05350736094039865	0.24677711674517544	0.16662400324384088	0.19218784468256173
0.42980702492976985	0.06774932240173032	0.18275508431772128	0.1439395206755278	0.1757490476752504
0.2429811586512833	0.06836979397510737	0.3441701599054745	0.1402963101049412	0.20418257736319342
0.3433586812281124	0.059276379050981765	0.29372493679118716	0.1479718595070361	0.15566814342268218
0.4599414690845364	0.08386509081347714	0.16582320961209693	0.09540048543644977	0.19496974505343934
0.20427766580616927	0.0782237532453387	0.3513597801858138	0.16692105608141677	0.1992177446812612
0.3801991311542506	0.05914347515083507	0.2576612676773102	0.12347193695986083	0.17952418905774298
0.2699703737967657	0.06262473112540909	0.2593120648828481	0.1520032122670943	0.2560896179278826
0.3234857493077222	0.05393761714147882	0.3148604378814771	0.13247333468974576	0.17524286097957578
0.2199234830977387	0.07875933877222477	0.3498044495904352	0.15502469533470342	0.19648803320489766
0.37322915266875134	0.06772877353720197	0.2419042461378272	0.1623139466377307	0.15482388101848849
0.4829047193187007	0.06821512749570571	0.16578516142384891	0.0909796693326724	0.1921153224290719
0.23498233459038004	0.0839468961309568	0.2900150516166798	0.15639864843622564	0.23465706922575746
0.1557185089807733	0.07932867232095943	0.3541421209821493	0.16653850317610436	0.2442721945400134
0.33023180003492664	0.057120741585442614	0.2903386898053859	0.15273552010106028	0.16957324847318428
0.4176844773968648	0.041575108775578545	0.19574801322732305	0.09115014947354531	0.2538422511266879
0.40424216393365064	0.07401503636610832	0.23772015302740956	0.12160055343531884	0.16242209323751225
0.41438379944771764	0.0599723731348098	0.20758279142134367	0.07941564831194461	0.23864538768418397
0.5014559426231526	0.04096260229466925	0.18002652384704065	0.13064010417895552	0.14691482705618147
0.3306380930669424	0.07377935903756422	0.3217394430401756	0.08131537765535413	0.19252772719996336
0.322673634368147	0.07793858507792853	0.3211968178735084	0.11157614025277596	0.16661482242763984
0.29777750520315976	0.04077847767894424	0.33953005230967914	0.10864098540745751	0.21327297940075898
0.25793512130883384	0.08630253012664035	0.3543675747941123	0.0717211001540535	0.22967367361635974
0.26863438210310897	0.08429676271753006	0.3390527048006683	0.09843057160684213	0.20958557877185027
0.32713115357588995	0.06667114311873032	0.30790389071147284	0.1636210390312926	0.13467277356261392
0.4044506503570605	0.06965545945495713	0.17836226771075725	0.10665612691688187	0.24087549556034285
0.24973272786202805	0.08889876049390726	0.34576636426443896	0.10581012912240255	0.20979201825722293
0.3251657623457618	0.07569296336683087	0.32577960500060726	0.14748508988323217	0.12587657940356756
0.3628604654458261	0.061809715301142626	0.22747348788382887	0.11991330840565435	0.22794302296354765
0.4629562192246288	0.045596510859054695	0.22413907494347837	0.12706148910036388	0.14024670587247384
0.45019400308737917	0.06269098639239026	0.1760175666577401	0.14561134537969264	0.1654860984827975
0.2584752316106493	0.04489156184859108	0.3069491943634522	0.1259465041833815	0.2637375079939257
0.43181972572354177	0.04393793465143672	0.26622860887757505	0.09813588575606196	0.15987784499138413
0.42653269633482727	0.07399047702823416	0.1812829917528683	0.12909558524877113	0.1890982496352988
0.36523801015458957	0.06473348443241034	0.1823164853396522	0.15151692179668622	0.23619509827666135
0.2975135657881141	0.04787450905061713	0.3564308186173635	0.14983093906171535	0.14835016748218968
0.49169995125452126	0.06481100049228652	0.23136695841827803	0.08603901390788851	0.12608307592702528
0.37565736505589364	0.07989689624375122	0.2591502888073919	0.14040762725582753	0.14488782263713543
0.3880437055340591	0.07163539364181604	0.3272022032439464	0.0835488518742924	0.12956984570588576
0.37373739727144695	0.05331559876574346	0.2680542841237209	0.16350884108580366	0.14138387875328468
0.32304286781898456	0.08576314590623318	0.2363589523144778	0.08011037508205887	0.27472465887824526
0.20511310936698252	0.07566134959643815	0.2785387444438323	0.16982479133523348	0.2708620052575133
0.3118495522044014	0.0811121011920111	0.33310904752171755	0.08090998282882803	0.19301931625304153
0.325138544819754	0.06342508312059228	0.34518703018559804	0.07500459549536148	0.19124474637869393
0.46897248868346714	0.05213050023386323	0.2256807274506799	0.08730980741271263	0.1659064762192767
0.24724863767987693	0.0797398258329078	0.23902075213663695	0.16970201728571127	0.2642887670648668
0.3991747834379818	0.06423559339411572	0.21606361460094212	0.07533677707407911	0.2451892314928809
0.3617665428029383	0.05356817561957053	0.22836629994667823	0.09694271400205941	0.2593562676287532
0.4589531097371947	0.06280614909431814	0.27130710833747557	0.08218131499215989	0.12475231783885135
0.39936633094883084	0.05928783911171426	0.2060445628254924	0.07637724560190029	0.2589240215120619
0.2889524904289834	0.055276431692487	0.31721043525704073	0.175488584808148	0.1630720578133406
0.44897513657119675	0.05028363357268703	0.24183880633723354	0.11751222671390295	0.14139019680497938
0.34280589663787275	0.07179190111482422	0.2529076575565519	0.07882355929720261	0.25367098539354827
0.37785754519882464	0.05052996445330504	0.3360924660208904	0.10545186815573092	0.13006815617124862
0.34777572194759165	0.04631766023268735	0.2723352094091654	0.1497248424809359	0.18384656592961937
0.31958107569594313	0.08503029096563734	0.25086791936013675	0.15751536777390912	0.18700534620437334
0.3394400524293163	0.06686574839474282	0.3420015942287012	0.12149865147752491	0.1301939534697145
0.26422352338592114	0.04206469585375158	0.2849981192451538	0.15317538312531392	0.2555382783898593
0.48185441340583046	0.08154253719489998	0.20494133444931772	0.09190700489616874	0.1397547100537827
0.3617297173011348	0.06538758776066572	0.2413767698097425	0.1269030947716856	0.20460283035677107
0.31410783599134934	0.04143591461427701	0.3423331147195372	0.10825625661797239	0.19386687805686378
0.24704619563871671	0.04191653606837392	0.30226370968520105	0.14007153782767426	0.2687020207800338
0.20821862435140065	0.04894183504974542	0.3481462780496244	0.16823300157118054	0.22646026097804875
0.41641499310226293	0.07252095696078587	0.23497530968873176	0.0943833080358661	0.181705432212353
0.33246944173913406	0.058210493864366886	0.3557096790378609	0.11178234031532189	0.14182804504331603
0.2444600823862656	0.056027798859409145	0.339297663854619	0.09483783329160062	0.2653766216081054
0.43677993992102926	0.06773126547965802	0.16399156245246976	0.14232106364119496	0.18917616850564767
0.161714134751886	0.05907051363922117	0.3471011499398978	0.15650648592462074	0.27560771574437404
0.4534681881346087	0.04838492533627939	0.1623623112098553	0.16783130575222505	0.16795326956703116
0.4024456503215827	0.04235486982627784	0.3265912781049167	0.09848568094673221	0.13012252080049014
0.2646805828540348	0.06647049228803636	0.3470545235983873	0.0967664573504794	0.22502794390906194
0.20608607341475443	0.08840020520940707	0.35407347188518085	0.07884488983431251	0.2725953596563449
0.49315647411020963	0.0492114243347096	0.22579263270709227	0.07847869697558987	0.15336077187239822
0.564372877820576	0.04247244531160427	0.1635040032019471	0.07225997690962821	0.157390696756244
0.46456402340056335	0.0764358606784032	0.20380331554867345	0.0796927215231321	0.17550407884922747
0.24577478818428122	0.07833643705627254	0.3403857086541075	0.1723653346000131	0.1631377315053254
0.3706504369415621	0.07031385903052151	0.19305137153968194	0.13331830155185442	0.23266603093637978
0.36707870144554766	0.07972254531034348	0.2696592818190773	0.11852466806289841	0.16501480336213287
0.15576088880379488	0.08598579882507713	0.34607718836078794	0.16764457609352332	0.24453154791681658
0.4914193136484889	0.064951666146013	0.21014154479405103	0.09561163759857585	0.13787583781287083
0.4121762842246392	0.05323610418973501	0.2269843357224433	0.14755530924868582	0.1600479666144963
0.4040260219604216	0.058942337690667784	0.26345025915351306	0.08258767432788919	0.19099370686750802
0.36965093141748373	0.06196007062356293	0.23387042651091008	0.11230053695671857	0.22221803449132438
0.3948052070029154	0.05152784397805335	0.16469248563993605	0.1512206531521132	0.23775381022698164
0.21851289230136814	0.08791319522025473	0.32459807320892653	0.1207844151665978	0.24819142410285258
0.3865353627617594	0.07694724870219267	0.20079168589306876	0.08626801378448158	0.24945768885849723
0.2949622086545389	0.0482505064405509	0.3212097601381784	0.11485095238696548	0.220726572379766
0.30206059627389786	0.0793375636126342	0.2808622627988596	0.16240477152111754	0.1753348057934905
0.3948296103584349	0.05406712025699842	0.3003357693153821	0.1241120797002962	0.12665542036888802
0.30917171040419034	0.0803819045509934	0.3208556279516377	0.1192474991537053	0.170343257939473
0.42402983200862254	0.04506829407170773	0.2873615213354358	0.09679702392311079	0.14674332866112283
0.3298097481435124	0.041415476002562984	0.2573687433559271	0.1593008072614963	0.21210522523650094
0.43083181077038696	0.05250837586881685	0.17861443298763346	0.07613741476566385	0.2619079656074985
0.34462203316022155	0.0537438336835758	0.18850175388956447	0.14023790744430017	0.2728944718223377
0.29695058272705077	0.058284100162704466	0.32820586941944063	0.07524045570432095	0.24131899198648288
0.5067733119843295	0.05231425167889814	0.17507750125342458	0.07313973866246679	0.19269519642088057
0.4712236647125895	0.04532083736680348	0.17982628276418702	0.10538861271586487	0.19824060244055475
0.29317706369016744	0.0486166869312451	0.32473931525579086	0.0909289267698394	0.24253800735295694
0.4333938076668046	0.05111437421072451	0.2377372020759243	0.09458341789594986	0.1831711981505964
0.34264430199688556	0.05030948523316964	0.3144713865455505	0.13650823510126706	0.15606659112312693
0.3401667001698701	0.07953935730176048	0.28253630935026014	0.15061179716539613	0.1471458360127128
0.3934372731032544	0.07024927843620701	0.2848888043766314	0.11731221683566416	0.13411242724824274
0.43593356000406464	0.05348937140546561	0.2872442870342642	0.09612735934587958	0.12720542221032555
0.2819677270232821	0.044993289351430765	0.3467697068700528	0.09561395505674167	0.23065532169849232
0.44759322661553147	0.0710566606798124	0.20936838072923722	0.13160154450350708	0.1403801874719115
0.38318686467807245	0.0835910778504357	0.17589440240889775	0.14505699997319088	0.21227065508940288
0.35997378140552316	0.08205583256533268	0.26194611161643905	0.11644224007749691	0.17958203433520792
0.23729970734134392	0.05482186672079531	0.30348831848014124	0.12910723363448973	0.2752828738232297
0.3103872572729214	0.0658404464483715	0.32315217322955725	0.09128208054032907	0.2093380425088205
0.4564822484967479	0.05496543797961484	0.19441269081994456	0.16716745640425623	0.12697216629943603
0.31089188034772486	0.06761884093972567	0.3055378290793379	0.16387988367793344	0.15207156595527785
0.44627087871240856	0.08296818932169367	0.17937803076492911	0.11676121784176152	0.1746216833592068
0.31721500028551997	0.06701596237048568	0.294994140161922	0.1127367774823212	0.20803811969975083
0.2572098919714832	0.0774161969334123	0.27794258510567266	0.11692021186060246	0.27051111412882917
0.46053689669789294	0.06643635056888283	0.17282188828784795	0.08104724807148948	0.21915761637388637
0.4196434979518141	0.05348269038992656	0.21302352111827416	0.13714492415720964	0.17670536638277518
0.4225399176127599	0.0522924029242571	0.2965614765350102	0.08164705832329627	0.1469591446046762
0.3867294918372036	0.050171495515761166	0.2189438036174453	0.07811260646559418	0.26604260256399537
0.38990638942828854	0.07715623426584725	0.21492129394832513	0.14915743163982315	0.1688586507177156
0.23764009879406006	0.08078426089067951	0.2694705379782404	0.13574306749174953	0.2763620348452702
0.3910681063031361	0.046361440833235984	0.21629009831859192	0.09540075107670587	0.2508796034683298
0.30726144559960866	0.06856114815798586	0.3180355966534385	0.10437847450041289	0.2017633350885538
0.1969157216377092	0.06858076444164923	0.3504160421050003	0.10877290850995526	0.2753145633056857
0.3455899989152276	0.05134642950348883	0.321911711637112	0.14372177556064664	0.13743008438352458
0.25218288669471545	0.07513188139504562	0.2871809325897702	0.16902390074883422	0.2164803985716343
0.3391672169532005	0.08818380519092558	0.3318189447230424	0.09694083360496672	0.14388919952786441
0.3587313982659889	0.07990180090383024	0.17025114730398072	0.14285216694721567	0.24826348657898414
0.4210073635811602	0.055213792312412524	0.18288237029052443	0.12611019068490936	0.21478628313099307
0.46742788509612293	0.04640829375643851	0.262625234707511	0.08235792857126197	0.14118065786866524
0.34381789371036614	0.06049075266830198	0.295559938234498	0.11186859662909202	0.18826281875774153
0.24312046126030673	0.05030297118855606	0.33214846623688343	0.1548652259220271	0.2195628753922264
0.41479574898576854	0.06597430746187313	0.16781911280644207	0.1456347661060065	0.2057760646399094
0.4267627126477308	0.07651688979218507	0.24053253772664318	0.12234386055319577	0.13384399928024485
0.38449866378153397	0.08887251330986504	0.16199979901962624	0.15393244510178924	0.21069657878718517
0.3693254394114276	0.08701395679771075	0.20610301657958502	0.17526605799970843	0.16229152921156792
0.39404082743381047	0.08555086133902635	0.2211726986904216	0.1148773917983032	0.18435822073843808
0.3501368863432214	0.07233002839685862	0.19060717882796863	0.1416930367094347	0.24523286972251632
0.22841227722543944	0.05889036749228216	0.3333940209087429	0.11717273348836053	0.26213060088517476
0.4871358556543809	0.043132537768007656	0.1801288057074855	0.10262823999339299	0.18697456087673253
0.32058906272215204	0.08765541402298327	0.29186301391549274	0.1262951083604651	0.1735974009789065
0.4272432180612601	0.0439549382861768	0.2856282643889935	0.10133969336012749	0.14183388590344176
0.43754761794165653	0.06675690265581813	0.2522402869365069	0.08081979331590815	0.16263539915010994
0.4459977420305098	0.07778118102573733	0.1880490240219569	0.09507704544233586	0.19309500747945973
0.5289100847517131	0.04330973984459785	0.20017153896496287	0.09070674070271594	0.13690189573600986
0.2726691280597824	0.08202919411503935	0.2691364967027351	0.159348351966043	0.21681682915639988
0.4694834882331791	0.05814615435453255	0.16340775775253608	0.07875254513092331	0.2302100545288286
0.30526811780879115	0.08320242474936229	0.23818382317012377	0.16740734681657	0.2059382874551525
0.25172314029589915	0.07027405872413797	0.29332602991433815	0.13183930842514402	0.2528374626404804
0.33117895631760896	0.06542462890826603	0.3076656971447592	0.0819342788321971	0.2137964387971684
0.30483728112028596	0.08629178187038825	0.31431791962474587	0.1449092699334749	0.14964374745110465
0.43490916900095333	0.05138946454627308	0.18112867394450702	0.17285297002878341	0.15971972247948274
0.3892681785793668	0.06499787150817163	0.264691852847843	0.1201168081468726	0.16092528891774557
0.20484850543470862	0.08787923021934602	0.3156499794618036	0.13983546720349438	0.2517868176806472
0.30444435852389795	0.049557352523090376	0.34749596634647617	0.14602835615585735	0.15247396645067787
0.2473368891047133	0.07765031822522178	0.25034487114805637	0.16165477364736414	0.2630131478746442
0.32989262085202625	0.07857490582575986	0.2046789773716689	0.13175094669035867	0.255102549260186
0.39793253985861954	0.045644054881923884	0.19514321718106883	0.14188054218417434	0.21939964589421307
0.23855127531159012	0.06900013315038708	0.35120209483830583	0.09099827531588355	0.2502482213838332
0.3135223383213125	0.04903184681057837	0.31564502105434183	0.1278743602517883	0.19392643356197867
0.3209523168135927	0.050125454692173416	0.2645162503009592	0.13052530815489233	0.23388067003838206
0.4543740555767418	0.050724432377934586	0.22192672621039267	0.07520592426037406	0.19776886157455648
0.3230563136303751	0.0468308654997423	0.30273485641857434	0.12293813898936944	0.20443982546193848
0.21467347173186704	0.04633724331736183	0.3480443592099035	0.12585459120923792	0.26509033453162933
0.3152072300136028	0.04330120508703392	0.2816758493314204	0.0834089360954111	0.2764067794725315
0.3951579079982404	0.047739370296657424	0.19299871911945488	0.11437877461600246	0.24972522796964447
0.3566759762535558	0.0851930634185666	0.22014436904027815	0.15719672695812667	0.18078986432947242
0.2850521341210894	0.0501042399026822	0.33318249666733135	0.0838545703302862	0.2478065589786106
0.4350288592060409	0.04915269617353005	0.16532163549310744	0.1664854348177106	0.18401137430961062
0.4576616271094697	0.08589227414996853	0.163944930254594	0.09779458331502774	0.19470658517093964
0.4190559825809501	0.043624720375646964	0.16632538733450222	0.10443434813508379	0.26655956157381655
0.3804547018088056	0.05676659488999192	0.1895525570603255	0.12702900590326527	0.24619714033761142
0.26543932994757596	0.0641792285140804	0.3293505871861068	0.12149174615525736	0.2195391081969792
0.4344022452837813	0.08851372887567009	0.1683834613449359	0.07214334183435814	0.2365572226612542
0.5083565730662638	0.06592235800994328	0.16662702904277604	0.11775004753301477	0.1413439923480017
0.41296819001445295	0.08424620681643892	0.24405009520339896	0.13338340943248794	0.12535209853322085
0.2811544336318279	0.07816680545348861	0.30740472803023183	0.16098838773322302	0.17228564515122838
0.31747701449560667	0.055590887704534714	0.30907611673074553	0.17580967239952203	0.14204630866959078
0.34173681269827905	0.05280980282418066	0.22360055379886648	0.17564013529492922	0.20621269538374432
0.5213775478467342	0.042927945442157445	0.19446273491950133	0.09896220330535878	0.14226956848624778
0.24470957945042193	0.06592115548896171	0.3363658267330899	0.1621396495689929	0.19086378875853333
0.37044238810272534	0.0651790390533191	0.26656474960210125	0.10455197967332382	0.1932618435685302
0.25531284393040937	0.08925010933757806	0.30777836204100373	0.11324609591334558	0.23441258877766294
0.35808718910695875	0.06884063919191738	0.28571263701065874	0.1512842173617648	0.13607531732869996
0.312774502990305	0.06473239476084389	0.28710346762256267	0.16424703939195134	0.17114259523433673
0.3170707774284225	0.050247430037302726	0.24233577607748005	0.16398349754372868	0.22636251891306575
0.3881653200113881	0.05939870793738544	0.21834440087473014	0.08037182577585072	0.25371974540064524
0.2610603914481605	0.04372734272673179	0.3144269433603204	0.1461401657179104	0.23464515674687667
0.4122364972122945	0.08602788207051737	0.17934451212447067	0.14787304240516494	0.1745180661875522
0.3840055224145531	0.04522466155926344	0.2512396022072412	0.0886717529426002	0.23085846087634174
0.3152381878364311	0.06397262516096397	0.3288500669524469	0.11965388590853657	0.1722852341416211
0.31540705439873984	0.0461150675628583	0.3114324265629041	0.10619357929748427	0.22085187217801322
0.3733051292812195	0.08463665541384789	0.22624780794710617	0.17302743488586766	0.14278297247195837
0.4015862321419662	0.08907604049653316	0.16387276934588085	0.12094741580334091	0.22451754221227854
0.3687732037363215	0.08086264177893716	0.277740834407376	0.09840160066258216	0.17422171941478282
0.2629929152997005	0.07822763217542335	0.31071733476652474	0.16989937154853582	0.17816274620981534
0.2953685517904416	0.07554349931491719	0.2897410909929172	0.10032506134199125	0.23902179655973246
0.2905772979892081	0.04600100328101353	0.24747684768524983	0.17095828757495724	0.24498656346957098
0.3219110400330856	0.07406732663233315	0.244192503861944	0.10866226003065739	0.2511668694419795
0.3403646164210366	0.07753668235848339	0.2000380698501213	0.12572075694886486	0.25633987442149353
0.387833156306411	0.04634575647020897	0.23067908638227919	0.13462115625598073	0.20052084458511973
0.4863657027630955	0.06635100730776614	0.16690278288204294	0.07231127267149126	0.20806923437560382
0.31736781417652515	0.07983203796022724	0.2775308737658591	0.08949383465065715	0.23577543944673102
0.39109218109872934	0.06192587937772048	0.20855463227226217	0.1555229507319343	0.18290435651935338
0.3424351917692374	0.06997903138387632	0.1678510333642026	0.16009040240874	0.25964434107394335
0.19624839151044024	0.07386287829978078	0.34496185952261893	0.15352038167378973	0.23140648899337016
0.389829872190806	0.0844371254156433	0.2163872294584055	0.09577707515558459	0.21356869777956025
0.23104133504520308	0.07523549072181336	0.3075208710230002	0.1667391325330673	0.21946317067691587
0.3322203013312166	0.08219019391643329	0.25343797251318767	0.07337905507063058	0.2587724771685316
0.42852711851696373	0.08044486575976284	0.2713713296300177	0.09278237834701622	0.12687430774623915
0.3094665214695727	0.06840204367848138	0.21173699254629494	0.16586998658426041	0.24452445572139025
0.30385980418056696	0.06833242763989841	0.19037671704036993	0.17664221992314777	0.2607888312160166
0.3137226570995354	0.061604341954536346	0.3562416551912919	0.0824743827445655	0.1859569630100705
0.31630154692334045	0.04281279595833817	0.32829681534143185	0.14389307382709543	0.16869576794979385
0.4282847531127817	0.06050357654197236	0.20074058026339922	0.17256377919490595	0.13790731088694044
0.28166431314949125	0.0603553878328901	0.34631504725686646	0.11473885404181325	0.19692639771893872
0.28164132242294604	0.05790743196010412	0.2692789145296291	0.14006395725029444	0.251108373837026
0.38301744402791404	0.06388177030672104	0.2827366996035212	0.0928826834212248	0.17748140264061857
0.30226087417595215	0.0552998364232124	0.28635872595978895	0.13228901538155155	0.22379154805949467
0.314118848044413	0.053440454034661355	0.28868200146880074	0.16996539330695065	0.173793303145174
0.35816572989192835	0.046718759891281714	0.2672222584986438	0.1500450258006225	0.1778482259175233
0.3598652221061853	0.08275900845875975	0.1737539224684656	0.17151018416641686	0.21211166280017216
0.29586833817202585	0.0722084078207999	0.30799661184441457	0.11839803121241535	0.20552861095034408
0.3604096020085391	0.056951676641069066	0.18904978062231578	0.14938677066095646	0.2442021700671193
0.267770476693194	0.0675428029082202	0.26649561243135933	0.14326070660544818	0.254930401361778
0.3059727277789688	0.07651486422851958	0.2556843925431806	0.1161520805595815	0.24567593488974926
0.44847901777747284	0.07494000205930973	0.18863336430269204	0.15368468431729365	0.13426293154323132
0.41308416077445276	0.0532047201532265	0.1812068773372624	0.13561435885158651	0.2168898828834715
0.3654767091716683	0.04095885883584158	0.2355692270884861	0.171107570426633	0.1868876344773707
0.5206993512624809	0.06381452872710133	0.1731614553109571	0.10167470204802465	0.14064996265143553
0.46177764187105363	0.05905434917711164	0.23099164421973156	0.0873191565429364	0.16085720818916635
0.23791318274387718	0.07614623398439127	0.29570990850150947	0.13293930249594105	0.2572913722742808
0.2831019357023108	0.046948103573935474	0.2871936711552563	0.15366128058332637	0.22909500898517085
0.41076812347803565	0.05945728970974423	0.28969445672689215	0.08565426267358962	0.15442586741173794
0.482515634149006	0.06603055382657591	0.19639186322157343	0.10582382434589525	0.14923812445694906
0.34116625580131266	0.05566309555108234	0.23531193861010274	0.09500142046564071	0.2728572895718613
0.2989280607600206	0.05421468397927065	0.3491506595289536	0.1089727415694676	0.18873385416228727
0.3143215309026849	0.08495634600866805	0.22121994112038165	0.13172478591034725	0.24777739605791788
0.43649868467357844	0.06498807281206764	0.25386405715800636	0.08786834861270681	0.15678083674364038
0.5034671473537096	0.05870936876232494	0.21311362131402198	0.08164884320858207	0.143061019361361
0.36351685843397297	0.05280355553193705	0.16538918206886585	0.16555326309841184	0.252737140866812
0.37116665442670216	0.044778901293390544	0.3198633685183133	0.07514387398263975	0.18904720177895393
0.3511008836443991	0.07653963568383054	0.35503499827272744	0.08176831445948995	0.13555616793955266
0.3490413432281332	0.08567375420029097	0.18690166905570882	0.11137989195271703	0.2670033415631497
0.2759653711843218	0.07152125442765603	0.33566924216484717	0.10342494948974654	0.21341918273342825
0.3429383586180632	0.0682319029790199	0.2848119538389693	0.12145961257797214	0.18255817198597515
0.4307628950132554	0.048021639860529264	0.24459011608882703	0.11102052994267426	0.1656048190947137
0.4169107607721262	0.08474588869828371	0.21175606705392844	0.14505829079171062	0.14152899268395075
0.2504120816502285	0.07198245407811074	0.2868279711869583	0.17183229308482334	0.21894519999987888
0.3930937147713526	0.07015123587837563	0.22058824381847855	0.12510903919828736	0.19105776633350555
0.32773512336631394	0.07748411388826625	0.2258708850289865	0.1584991702578564	0.2104107074585766
0.35799150240269584	0.06695134387294766	0.2695679098911472	0.1568804845122912	0.14860875932091783
0.33397405695553184	0.0650704033096974	0.33190892941376127	0.0733543118646926	0.19569229845631653
0.39979298731679735	0.07172487124209187	0.2527537407999384	0.11443648325239873	0.1612919173887733
0.39727038152922783	0.07612834585196224	0.24291767579203538	0.13761713785757868	0.1460664589691955
0.3661109615740913	0.054166388355412265	0.22035665616261185	0.11794388491453503	0.2414221089933492
0.35064431191189305	0.050426416773103305	0.33948131400516285	0.12178680808878789	0.13766114922105266
0.3200153232915536	0.0880841135535629	0.26551388888007404	0.1479776413990964	0.1784090328757128
0.33251457115738603	0.06896069268034424	0.2514336975326188	0.09891574033542412	0.24817529829422652
0.354946456564149	0.07399633426645344	0.2517405533782978	0.09685212045349366	0.2224645353376057
0.4860924476595665	0.06824281233670204	0.18855142920779158	0.10119124659610554	0.1559220641998339
0.44607418841851454	0.05054682692200771	0.18817551473422475	0.11827117191542372	0.19693229800982892
0.24920104307686566	0.06072519436757612	0.24298996976408105	0.1709079880570284	0.2761758047344486
0.3391721988341483	0.08830060948632111	0.2430067456049136	0.09597011222738243	0.23355033384723428
0.2748016871831548	0.048900092419999014	0.24075959822364593	0.1589884627499816	0.2765501594232184
0.21073703028899576	0.04162512188930392	0.33743451089159754	0.15265796192017644	0.25754537500992614
0.3393831067670723	0.06810526918608303	0.2867780841869557	0.10386763008679907	0.2018659097730896
0.467382120281196	0.0751409543950761	0.17410477638186708	0.0784805897465161	0.20489155919534435
0.2904845835950626	0.06336916577228249	0.2223537159047446	0.14936399321625815	0.27442854151165186
0.4313013339931834	0.07464154068643053	0.17408507422211525	0.11360123713585517	0.20637081396241533
0.36250948218001716	0.04416905220108561	0.35128466974181816	0.0930747604675077	0.14896203540957104
0.3540523997418078	0.07023313840522452	0.22140091047396124	0.17624475539343948	0.17806879598556663
0.28625601132267786	0.072363191450805	0.3498677734394394	0.10869398628897883	0.18281903749809864
0.1885570271535945	0.05197368014301504	0.33289316125158674	0.15828955036571218	0.2682865810860914
0.21479210776356447	0.08473978304921449	0.33752274205963395	0.17643077577313132	0.18651459135445556
0.32198082791034927	0.07260919670366794	0.32755835382811804	0.09517245566866774	0.18267916588919667
0.3495832867081582	0.05890597951228271	0.23200283659443852	0.17295928629877166	0.18654861088634858
0.3511629309362076	0.06738442175571224	0.2770867982622541	0.14120237067098423	0.16316347837484152
0.32555891570617507	0.05502003253973625	0.31447457296324205	0.15898019524373558	0.14596628354711078
0.2632210373313751	0.044880205531737466	0.273126637048936	0.16877424386631412	0.24999787622163705
0.367727502206418	0.06836296870466446	0.3259067797206192	0.11121929532310523	0.12678345404519284
0.33251448369477765	0.07046534871268123	0.24487318061644553	0.10967217523781053	0.24247481173828478
0.43479151997661125	0.060032682750778554	0.2614764743806142	0.09039829152504787	0.15330103136694773
0.4083108563842843	0.056465033525832126	0.19223171617601792	0.12472377804315257	0.21826861587071272
0.2943974791244664	0.051213987166190966	0.3113681641580394	0.13270227956810662	0.2103180899831963
0.35216235419449415	0.052723298109514816	0.2401745733147251	0.09660287110728816	0.2583369032739774
0.382644591835565	0.0667670295832806	0.2596203387087191	0.07961331000824845	0.21135472986418646
0.38441402844847206	0.08239004490375722	0.20290819607102428	0.16195621724678885	0.16833151332995724
0.43121757630489077	0.05763572150954693	0.26388074197026024	0.09298299310667882	0.15428296710862294
0.2884893725314567	0.0718448684752378	0.24167834156763016	0.12432861118232474	0.27365880624335037
0.18428770766261746	0.08210755441227104	0.34230229402334456	0.14707862640655972	0.24422381749520702
0.40687633845021964	0.055600357178943904	0.2275774270347793	0.14817561368252424	0.16177026365353256
0.3863624871942619	0.05356370369427732	0.2567228717960508	0.1213409566117758	0.1820099807036339
0.3821069098083639	0.0567399653445034	0.19083398429182183	0.17641007826598873	0.19390906228932175
0.4277886734546942	0.05067569535623809	0.27318235058863677	0.10094423662812249	0.14740904397230808
0.3882826175920151	0.060362196484864766	0.2597406913371139	0.13716373527673437	0.15445075930927152
0.2748614056698836	0.059459686157494696	0.2962961422788968	0.1226704217081009	0.24671234418562377
0.2636992207515341	0.06384955632912953	0.2579678638325366	0.16373528181829894	0.2507480772685005
0.18292730240477417	0.04999029877756567	0.3344264202009861	0.17684383139447687	0.255812147222197
0.4393477973711285	0.0802739751222463	0.17960787500797784	0.14522566736903794	0.15554468512960903
0.3420640426466808	0.0641481107365699	0.26753302105822824	0.07721619807536967	0.24903862748315114
0.40866513297062323	0.07395158209327946	0.223184664971557	0.14789080704674132	0.14630781291779865
0.31565712303595866	0.044958963060374196	0.3300476295238559	0.07452318209826583	0.23481310228154512
0.3168731105981577	0.0796406134631671	0.25329632312458433	0.11550858680698016	0.23468136600711034
0.48525111927929254	0.06653224308972117	0.18982645110329874	0.08657452048172763	0.17181566604595955
0.30048424184424627	0.04562806261934563	0.3170851250538308	0.15822072845046192	0.17858184203211508
0.2776046016877546	0.04413711216746158	0.30918809407925274	0.11034503641011224	0.2587251556554186
0.2942361989420481	0.05994097480102098	0.3015539896489131	0.14978517242863265	0.19448366417938487
0.31828472650319384	0.06786041255585212	0.28093212017270447	0.11378897056352621	0.21913377020472302
0.45171451339614865	0.05700291650113126	0.2317445995501221	0.0839181252213535	0.17561984533124414
0.4525257442485173	0.046062929422808374	0.18154713686685545	0.1543144790517587	0.16554971041005972
0.40726179741826574	0.07624287130421223	0.21227398396264255	0.17227369542280913	0.13194765189207003
0.3024964081124721	0.0741321237171371	0.30995694039456845	0.11597879714429576	0.19743573063152636
0.24186070177575772	0.0785024990769804	0.32702261994348736	0.1550438131746115	0.19757036602916278
0.2477530304718571	0.043508162754302276	0.3124963757069854	0.17417864389164686	0.2220637871752081
0.19568905030846573	0.08548369111831718	0.3282884666432567	0.17239229833230746	0.21814649359765265
0.4722329955215092	0.04131418213359703	0.19981567596102648	0.07605272105553776	0.2105844253283291
0.4182163815990829	0.042032782951877706	0.22354703902590134	0.10836630433084893	0.20783749209228874
0.40346870738060225	0.05668854821946051	0.25148867960864435	0.12449259395950371	0.16386147083178887
0.40287927081568187	0.0530296304971373	0.17256766190608192	0.10041847477944478	0.2711049620016538
0.32847597060739775	0.04128992881719923	0.3028333828857497	0.1587158544787015	0.16868486321095155
0.2968448148066426	0.05233194292966167	0.33631197360858617	0.1297096941727101	0.18480157448239914
0.37246213311460735	0.04629422864922508	0.27405517782881056	0.15595913327841987	0.15122932712893677
0.37431192463307295	0.07109418753451843	0.17214231071939487	0.14414088235683542	0.23831069475617797
0.34382796805816224	0.07113249775429925	0.30008985761477086	0.09972918025932259	0.18522049631344475
0.3922730341920078	0.06638813094380641	0.16277371193188792	0.1310930514057267	0.2474720715265708
0.3071253107006866	0.08242170783461025	0.20188999380265252	0.1670335296402496	0.24152945802180076
0.3967602252145274	0.04781066030942879	0.2579710584183897	0.11535167464098932	0.1821063814166645
0.3666288429893419	0.06360492858295314	0.2109025528752024	0.09605142482428204	0.2628122507282202
0.33025657545385634	0.056226230925199044	0.26127144678747816	0.12735162967523753	0.22489411715822863
0.3446377285750117	0.08520106616613729	0.344284203493626	0.09051327585948069	0.13536372590574405
0.38433584604093424	0.08829474288849284	0.16970017970748819	0.17263773695482126	0.18503149440826314
0.29191803821540085	0.05573632069309589	0.34374820042090615	0.09880439976267452	0.2097930409079223
0.16509641162184027	0.08009500072428642	0.3332449256698722	0.1679914316088345	0.2535722303751664
0.2233662274760396	0.05935951298400918	0.3431516620771626	0.11747149231574577	0.25665110514704265
0.38009546822657847	0.07884679258080668	0.3081160421096988	0.08810138386993979	0.1448403132129759
0.29667521241424544	0.0501758475288922	0.2703132559078548	0.12661669575978235	0.2562189883892249
0.33031606175566613	0.04099844265866531	0.25633625146446926	0.1609424613278605	0.21140678279333847
0.23751736458668465	0.04505029018160556	0.33023373060015376	0.115990202438882	0.2712084121926738
0.4228777183286744	0.05661585641453226	0.22114075633871766	0.09302919492287197	0.20633647399520336
0.33834415385588357	0.04449286636532304	0.29311372748975795	0.11048819641118847	0.21356105587784668
0.2020186006650872	0.06316180644659267	0.35563876060044597	0.1622559370670889	0.21692489522078512
0.40577944588037185	0.07620635107329442	0.16321896996209412	0.1217901697250421	0.23300506335919713
0.32964730952113563	0.04084508348068436	0.2625933868284123	0.097085151004663	0.2698290691651044
0.4460593306999027	0.08392934541931502	0.16519305627597375	0.1747905889062361	0.130027678698572
0.5242396563496512	0.06102040448197085	0.17469517659812983	0.07839661429900663	0.16164814827124113
0.3189705323220193	0.07627228312389797	0.31691928572307004	0.15701418350235896	0.13082371532865344
0.38483178260553763	0.05475547169680289	0.17369732918167832	0.1597317791246548	0.22698363739132602
0.24207127711519733	0.05912865150837515	0.34654886383218075	0.1105995183878797	0.24165168915636687
0.32446605025245173	0.054569088815648814	0.2861175290422325	0.1308585866278002	0.20398874526186647
0.3183842160107384	0.07979264920512115	0.28580913144773135	0.07292567177519893	0.2430883315612099
0.41980292531791996	0.08152269755163472	0.20089194645134784	0.1184933047797414	0.17928912589935575
0.35542644725313804	0.08689087191792953	0.34905512968586094	0.07958538739594272	0.1290421637471284
0.350222609774298	0.04926926834472739	0.19398506294201964	0.14582112870567562	0.2607019302332791
0.4127446068542305	0.06355806835825789	0.2660127537130104	0.10518575030531457	0.15249882076918625
0.2673090150721673	0.044442703333986866	0.25846646954976393	0.16184754501477008	0.2679342670293115
0.4488139844973789	0.07983289695145945	0.19992930988599084	0.14435672627020535	0.12706708239496503
0.29670933571665564	0.06570429063738209	0.31144396943751207	0.09829656441080771	0.22784583979764222
