0.23113801761055477	0.07486864174446153	0.3075636362519799	0.15471908110465354	0.23171062328835001
0.22912075377670574	0.08393151563644652	0.3048673993655524	0.15350897272631325	0.22857135849498184
0.2287777305696948	0.08247547155854852	0.3067952164699155	0.15393148125170136	0.22802010015013957
0.22777745919217113	0.08389377376267282	0.3063991736311808	0.15298149918676163	0.22894809422721338
0.22822329525715565	0.0821061236894505	0.3060938198644474	0.15321892968847223	0.23035783150047398
0.22886582001430472	0.0780223212492296	0.31034677589967874	0.15415863584954625	0.22860644698724042
0.23031520235773628	0.07750255928942716	0.3102599987222088	0.15216118442675275	0.22976105520387477
0.22683267302220822	0.07891597539581538	0.3093242682024675	0.1537092665495827	0.23121781682992595
0.2274515003134435	0.08166752678998879	0.30427173709867705	0.1554227480550819	0.23118648774280853
0.2316215756246859	0.0795591292609711	0.30499488831293636	0.15398732484380867	0.22983708195759767
0.2275903492454435	0.07885801993312906	0.310075630749132	0.15420559129153244	0.22927040878076277
0.23121504906604287	0.08251098704966131	0.305103014148962	0.15193058770749768	0.2292403620278359
0.22727792483545317	0.07782027350040159	0.31037410093877915	0.15474154333078183	0.22978615739458402
0.22742759225009784	0.08201078599775498	0.3096773168290068	0.15230536388962826	0.2285789410335119
0.22806377546779424	0.07735417382777587	0.3102411478078378	0.15376939154653885	0.23057151135005297
0.22875840764941863	0.08364253413886692	0.30504409465554905	0.1525059499651173	0.2300490135910479
0.22837075020161898	0.08209910249807734	0.3065373532690955	0.15355935949976746	0.2294334345314405
0.22954205522429874	0.07987963810728539	0.3066221682365807	0.15192366024061932	0.23203247819121556
0.2308045726343594	0.07449553953130555	0.3097660505795851	0.1531058619995809	0.23182797525516874
0.2271660222300248	0.07932567652831964	0.3101584823208436	0.15283496364784596	0.23051485527296575
0.22763563431823108	0.08234327876169581	0.3046550480691486	0.15409979565878326	0.231266243192141
0.22746616996516153	0.07790308362652984	0.30945622912592785	0.15372040702649858	0.23145411025588192
0.2310663321567895	0.07573798893048954	0.30910435449018175	0.1543586441831643	0.22973268023937468
0.2284688289380014	0.08110704994084135	0.30586392358418446	0.15381653238029291	0.2307436651566796
0.22914941293371893	0.07816380661022311	0.3085690895644447	0.15397506796293797	0.2301426229286751
0.23018043903550164	0.0802413763236855	0.3081930984829596	0.15185893105230305	0.22952615510554997
0.23069569284301283	0.08047067806559491	0.3046485707003621	0.15417213295027382	0.23001292544075608
0.22759190327681944	0.08248262591099105	0.30541281204324844	0.15291249702153797	0.2316001617474029
0.23147342863103634	0.07815328007074535	0.309427912407666	0.15195735262166626	0.22898802626888579
0.22851684822946522	0.07800412727226175	0.30826174872248735	0.1535571992490224	0.23166007652676301
0.2306819032345674	0.07649658832825247	0.3095865110346753	0.1540788513401956	0.22915614606230894
0.22897703707390615	0.07926220099391487	0.30490599788372597	0.15515000755241004	0.23170475649604272
0.23017339466900938	0.08041895130727883	0.3058440291249772	0.15468374255308245	0.22887988234565187
0.23037471077290256	0.07704741550712899	0.30990137580176674	0.15473181557131863	0.2279446823468828
0.2280650654288298	0.07924647136862292	0.3065897080577151	0.1546428015651984	0.2314559535796335
0.23094475776660944	0.07659735186752759	0.30748041851516583	0.15471569509132738	0.2302617767593695
0.2277350797798316	0.08399218230519293	0.3049626933559698	0.15482981509670168	0.22848022946230376
0.23127161455250383	0.07484162782720122	0.3101802038860594	0.15532223505685916	0.22838431867737619
0.22680898843897926	0.08171297431635675	0.30631839768060254	0.15405768011345097	0.23110195945061027
0.22901938333617552	0.07499364412080384	0.30970298608042823	0.1548379869340921	0.23144599952850006
0.22689390093671677	0.08515420192393577	0.3050393159129512	0.1531591619614287	0.22975341926496734
0.22888153830724925	0.0787694744868288	0.3080431818739233	0.15312381518149293	0.23118199015050547
0.23015219532113804	0.07950472022386984	0.30908061715852186	0.15272598858210054	0.22853647871436947
0.23117770457269027	0.07682222087255856	0.30604988983493076	0.15429777241692016	0.2316524123029
0.22917235884141032	0.07779415227363079	0.3063790975508091	0.154500848879534	0.23215354245461553
0.23110164694876217	0.07732712418139592	0.30779417923484154	0.15240821471821545	0.23136883491678467
0.2306441605758559	0.07739027482928894	0.3098986541462851	0.15197163072532077	0.23009527972324903
0.22954401663553245	0.08565936079231264	0.30477093448019094	0.1522160028273442	0.22780968526461953
0.22801387457900577	0.07555048452133424	0.30981889575059396	0.15448559924147803	0.23213114590758777
0.23016395929738592	0.07968057792547391	0.30835982359277925	0.15238621003288155	0.2294094291514791
0.23097683020266524	0.07950575105784513	0.3071432547900278	0.15354226811249225	0.22883189583696933
0.22731016304890747	0.0814766993274157	0.30604486476566967	0.1545481497522741	0.23062012310573282
0.22851863747493692	0.07653692964401963	0.30828538095995733	0.15521284250215858	0.23144620941892727
0.22899694582294605	0.07921355964868798	0.30812141494487044	0.15373247453132938	0.22993560505216593
0.22836170525112529	0.08241707956533366	0.305188301040404	0.15460223753358632	0.2294306766095505
0.22963756639655983	0.07808556602584318	0.30855554186718603	0.1549632007549398	0.2287581249554709
0.23010793340822527	0.0818622046527764	0.30608778549299676	0.15327832025342744	0.22866375619257387
0.2310196698687185	0.07668780494537941	0.3070276624765758	0.15484289625025557	0.23042196645907045
0.22739318974435496	0.08541756009799781	0.30587214569340443	0.15299956834029627	0.22831753612394629
0.22969705834010015	0.07573456461209763	0.30877461055609445	0.1552954999899344	0.23049826650177316
0.22796109330141529	0.08151227106529099	0.30549476530082675	0.1545755570343163	0.23045631329815044
0.23034765130136842	0.07619903004136765	0.30997130403862294	0.15476581868894146	0.22871619592969933
0.23114420916543127	0.07770144851894892	0.3058545268494982	0.15521821450012918	0.23008160096599217
0.23027738857112462	0.07471976032134253	0.30844791765174984	0.15496637615858813	0.23158855729719463
0.23059726801088315	0.07785117196661374	0.30990711920843983	0.15183584210228912	0.22980859871177395
0.22946206315619305	0.07867278147125883	0.305080925086721	0.15478684670398674	0.23199738358184016
0.2302662844708474	0.07631775493112279	0.30745213669017996	0.15467432301559755	0.231289500892252
0.22837512086122613	0.08409160645854111	0.30562428094942357	0.1538838005808009	0.22802519115000805
0.23056905461141386	0.08037948550554518	0.3075560481559526	0.15380550166482101	0.22768991006226708
0.22711441119205392	0.08160622569743	0.307146442127738	0.1548031322271809	0.22932978875559698
0.23020177673018685	0.07992494967230106	0.3076187401923881	0.15323914354488846	0.22901538986023529
0.23035322681323755	0.07991534484460479	0.3092332772280262	0.15197302102870805	0.22852513008542316
0.22797700797915538	0.07960475927161507	0.30666544098465975	0.1553453173244182	0.2304074744401513
0.23112614172235119	0.07710450040202388	0.3066806111620488	0.1548960892470689	0.230192657466507
0.227357209523534	0.08010866928795946	0.30825052255556906	0.1530562117410018	0.23122738689193545
0.2280218884107033	0.08491740323410472	0.3047033056173454	0.15216305346976403	0.2301943492680823
0.2313141220488914	0.07719974554397087	0.3074801765791811	0.15540235498383898	0.2286036008441174
0.23155501584354557	0.0734498096023623	0.31011347880292345	0.1529918818837337	0.23188981386743474
0.23162346592171001	0.0794430560854598	0.30676572083510945	0.15346017534188125	0.22870758181583925
0.2304524983038779	0.07847746477342986	0.3071381174379758	0.15334029118432996	0.2305916283003862
0.22670214934760977	0.08323883045224813	0.3049340331624842	0.1544132608076677	0.23071172622998998
0.22917642811733915	0.07916077402713087	0.3096234987661611	0.15259184863027975	0.2294474504590889
0.22938707032626715	0.07741802210816062	0.3102056710602321	0.15240217231931794	0.23058706418602193
0.22975216774675583	0.08303065580135596	0.3052210533493521	0.1522600612459168	0.22973606185661904
0.2310092384668188	0.07730156549987556	0.3066697397492097	0.15370902660023839	0.2313104296838573
0.22915786702308127	0.08004011893527524	0.3102572855472511	0.15271086340357953	0.22783386509081258
0.22708345685959852	0.07998100781973298	0.31039038721831697	0.15406541244189126	0.22847973566046004
0.231396989970322	0.08282227391934992	0.30533813615125954	0.1528076266212423	0.22763497333782606
0.2274654196888744	0.08200779653180122	0.3055174674506423	0.1545571243062423	0.23045219202243955
0.22798522588056447	0.07878092310498835	0.3075430286620402	0.1539053792034716	0.23178544314893515
0.22988490125014222	0.07762546740868731	0.3100833824610866	0.15297341198924214	0.22943283689084149
0.23083532542757965	0.07420910121417137	0.30933460920656813	0.15394861854911288	0.23167234560256772
0.22765944489241835	0.07652062188812472	0.3101706679957027	0.15516237109642161	0.2304868941273324
0.2276521956063479	0.08354896101517215	0.3045717293481944	0.15510615172397016	0.22912096230631518
0.2315886173859239	0.07267813217946834	0.30943931011518677	0.15452562100357317	0.23176831931584754
0.23112309580096194	0.08423378214277649	0.3046511542971654	0.15190712394056574	0.22808484381853023
0.2290717962410047	0.07715681466745261	0.3097667242152068	0.15189121378617398	0.23211345109016163
0.22963479151871127	0.0802054620874441	0.3077968427934171	0.15289511649948645	0.22946778710094082
0.2312722049423172	0.08013359653550689	0.3050632793425698	0.15465639577953197	0.22887452340007386
0.22912384596926347	0.08189075291484842	0.3075534513470502	0.15314764013773935	0.2282843096310983
0.2274914720343733	0.08053967508113927	0.30655094002984523	0.15419884994937602	0.23121906290526595
0.22887570631005913	0.07548938569404122	0.30876747678546673	0.1549941322922435	0.23187329891818914
0.23155039196299537	0.08021755322453474	0.30640805232218193	0.15198561159062207	0.2298383908996656
0.22725682511587392	0.0800877929732186	0.3098172682109224	0.15521073150230683	0.22762738219767803
0.2308107697333253	0.07552744015449357	0.3102245660636893	0.1551392856903316	0.22829793835815998
0.22729817265288205	0.08167275480662879	0.309123904892633	0.15355628318488593	0.22834888446297003
0.22685610789208105	0.07981321586368377	0.309894616264463	0.15470311082623422	0.22873294915353767
0.2301598224868729	0.07766825274872984	0.30967780028617486	0.15352098959107638	0.22897313488714577
0.22928439471216042	0.07967711978336525	0.3071115334664635	0.15466921208620538	0.2292577399518052
0.22761073521237707	0.07979336199730298	0.3100199656888115	0.15199634678161567	0.23057959031989256
0.22739644751915455	0.07616494387176881	0.30929468478367483	0.15531615390599313	0.23182776991940846
0.23030520782007283	0.07870877889029529	0.30557662184929	0.15531260312380646	0.23009678831653518
0.23149622788597113	0.07541114879608156	0.30779532074644217	0.15488830342664114	0.23040899914486374
0.22724192388531542	0.07956169964533685	0.3096566374506221	0.15388469333824722	0.22965504568047812
0.2309332598163169	0.07578621979476474	0.3082875709711166	0.15362931858482698	0.23136363083297445
0.2291991201323964	0.07673612009432944	0.3094115814614412	0.15444820264843515	0.23020497566339754
0.2268378350138472	0.0827197633381919	0.3076569954590298	0.1551636227441969	0.22762178344473397
0.23122249164632847	0.07547057468142389	0.30998014436332155	0.15413830491303637	0.22918848439588949
0.23163111854045898	0.07408248702674267	0.3101982122882808	0.15475835868551932	0.22932982345899794
0.23077336088201533	0.0792957527920463	0.30674709389908833	0.15489986929355318	0.2282839231332966
0.23114789181533824	0.0742890369201109	0.3095657192632833	0.1530827891811849	0.2319145628200824
0.22982543930789853	0.07875239354471558	0.3080220650739367	0.15389408132086133	0.22950602075258766
0.22797325586342695	0.07885426700379601	0.30904763227050575	0.15401320888607858	0.23011163597619247
0.22725156222176482	0.08211996661027429	0.307673872583904	0.15489842148206956	0.22805617710198708
0.23117844223963535	0.07944554066110307	0.3071574283852058	0.15437379411187843	0.22784479460217708
0.22841219588482242	0.07980863882572935	0.3074881629055496	0.15400040500442938	0.23029059737946905
0.22971520474837942	0.07779686905494716	0.30812224603058	0.1548098576995112	0.2295558224665819
0.22743575550841655	0.0797575290598268	0.30996887781403076	0.15347397451405687	0.22936386310366877
0.2269487078230324	0.07759886048359751	0.3103528401578073	0.1531313657000783	0.23196822583548427
0.22705478299554588	0.08445743875173926	0.30525452884691295	0.15384175646224219	0.2293914929435595
0.2316363151907473	0.07906922981107982	0.3077276813319058	0.15238999189851352	0.22917678176775336
0.22702357291856526	0.084103888276191	0.30533002645018925	0.15191165635817172	0.23163085599688255
0.22815628353936232	0.08377818373386009	0.30545097326469606	0.15321067897688193	0.22940388048519936
0.23160770457602917	0.07490951804022244	0.3082071564315058	0.1535470068474241	0.2317286141048182
0.22985278069908033	0.07654702028880954	0.3078663536392169	0.15414508774853042	0.2315887576243626
0.2314113614053414	0.07755551063419361	0.3076386018991375	0.1548502776596129	0.22854424840171433
0.22907095706616443	0.08395025007454597	0.3044657026865604	0.15215362326376586	0.23035946690896308
0.22918739928364615	0.07683751605728208	0.30881456421486864	0.15422001890588327	0.23094050153831966
0.22750064952147103	0.0801593187224672	0.30848081122174026	0.1547642788480139	0.2290949416863074
0.23077664031953088	0.0790933771255696	0.3084678115860751	0.15197935573176952	0.22968281523705464
0.22941415462273834	0.07733234562766873	0.3086990165054364	0.15297937820683835	0.23157510503731793
0.22703957583782358	0.07862450469609604	0.310133347981136	0.1539515215261083	0.2302510499588358
0.23095043428468193	0.0762554903047921	0.30587861485328105	0.15528241160622774	0.231633048951017
0.22932292998103057	0.07912780634915938	0.3062837358796784	0.15466011077522593	0.23060541701490553
0.2301494461081547	0.07970166196640016	0.3088982938223131	0.152870674641692	0.22837992346143982
0.23051372237156975	0.07782767777502592	0.3080913632796928	0.15274314510275888	0.23082409147095242
0.22712632689880483	0.08178128763921137	0.3065407980598362	0.15358927779462372	0.23096230960752365
0.22804796561756568	0.0774993462738288	0.30987816539138313	0.15420030834047027	0.23037421437675187
0.2268611321522387	0.08412995343503517	0.30921590420772266	0.1521274106596474	0.2276655995453558
0.22819344056076274	0.07970035056614873	0.3086371771784794	0.15204927057016623	0.23141976112444265
0.22862926674393025	0.08181708951592524	0.3058945251923353	0.15514746862052775	0.2285116499272812
0.2296812533286359	0.07780672580069195	0.30648739282499793	0.15389569098522182	0.23212893706045218
0.2285889274182664	0.0810712392650715	0.3101657017978725	0.15186546938043624	0.2283086621383531
0.22827783308863803	0.07992792550906484	0.30949003636179157	0.1537385817930895	0.22856562324741583
0.23129415575405798	0.07485647465650017	0.3075222503759124	0.1546171887735863	0.23170993043994292
0.2316460810649167	0.07923515960055799	0.30453781527702645	0.1525407486567883	0.23204019540071033
0.2284075845638226	0.08191623939893998	0.3069109297502861	0.15471366935254108	0.22805157693441003
0.22931638565209184	0.0814630002707997	0.30642359273506303	0.15333892494447365	0.22945809639757153
0.2303077773002092	0.08019240863996407	0.30891550421923575	0.1519699374373326	0.22861437240325816
0.23166556405942168	0.07482344154620707	0.30677009125322396	0.15516930780352145	0.23157159533762556
0.23030051970471777	0.07790194427370238	0.31029108577442754	0.15347285633176763	0.22803359391538444
0.2281562102513954	0.08260867215879204	0.305633439861008	0.1541812945532804	0.229420383175524
0.22711316523411507	0.08343125270844377	0.30898698929161716	0.1520788663950801	0.22838972637074365
0.22963727583249502	0.08015389352108478	0.30516236882376746	0.15405706527330237	0.23098939654935008
0.22939704375148356	0.07746559617192134	0.309240800824191	0.15476750219270535	0.22912905705969852
0.22802062682396212	0.08188060498618054	0.306504061562168	0.15523198438433433	0.22836272224335477
0.22733540397392987	0.08194289493764216	0.3052923781379186	0.15398495138810364	0.2314443715624055
0.23000213397352756	0.08470967846077765	0.30505423105797935	0.15190287812356387	0.22833107838415137
0.2309419762219316	0.0820599386953521	0.30493406916012383	0.15343992798704237	0.2286240879355499
0.22874000637952102	0.08282687080541065	0.30692621878660975	0.15285829478900412	0.22864860923945424
0.2268361419733994	0.08521789909754268	0.30657824488363294	0.1533088557680456	0.22805885827737915
0.22787564697909105	0.08063637589310006	0.30673331027507866	0.1550198721879679	0.22973479466476204
0.2310256597989872	0.07898195365837705	0.3077099988691023	0.15276065402002337	0.22952173365350984
0.23091157736594584	0.08043103234478748	0.3068088309282504	0.1525573684899054	0.22929119087111066
0.22923572548363774	0.08331785396735217	0.3046609267251665	0.15308041664982522	0.22970507717401817
0.22741990418602262	0.08214685605972367	0.30638255655224433	0.1548474535868836	0.22920322961512551
0.2288657470964472	0.08530162162515668	0.30437855181786466	0.15239589171533094	0.22905818774520031
0.2311537844878188	0.07837863043005101	0.30757458719276165	0.15423921445427907	0.2286537834350892
0.22811280184914823	0.08324485438699886	0.30733295275197053	0.15294299679048362	0.22836639422139848
0.23080458393266684	0.07720963879992036	0.30615441620918354	0.15439169895283342	0.23143966210539563
0.2312370150231277	0.07596065664174251	0.3102552434560729	0.15445329413806602	0.22809379074099057
0.22972541660014376	0.08199010137061571	0.30459597836639263	0.1525766973967689	0.23111180626607875
0.23134533422700948	0.07597699840831593	0.3091841046091216	0.15525585558627028	0.22823770716928246
0.23149186160243557	0.07645563177305532	0.30746012236315157	0.15433043284145725	0.23026195141990002
0.22764376402718278	0.08436946735684461	0.30532940478561743	0.15347090085763004	0.22918646297272494
0.23063830594681772	0.07751761749812126	0.3058722315131718	0.15525326930583627	0.2307185757360527
0.22715516817265324	0.08107595744001073	0.3085884260809472	0.1548268362760277	0.22835361203036092
0.22678952691700002	0.08297512491391822	0.30489394607951753	0.1543072477172623	0.23103415437230168
0.22931910741844233	0.07962947931893262	0.30924399330623925	0.15263078519363843	0.2291766347627471
0.2294371815200068	0.07694469295502829	0.3075971948385061	0.15391312626769216	0.23210780441876636
0.23016504522440975	0.07930224325693425	0.3058673709059787	0.1544999869174862	0.23016535369519087
0.22968555415694208	0.07748473252861159	0.3076223571059132	0.15443286117432126	0.23077449503421163
0.23068296026033014	0.07889523747085041	0.3076130733617648	0.1527228577876564	0.23008587111939804
0.22784200868597104	0.0791604069825611	0.3087690252545354	0.15442195066232658	0.22980660841460562
0.2282686643317287	0.07556455298536853	0.3100597731487682	0.15531623518849455	0.23079077434563977
0.2315971060976568	0.07531813567712602	0.3085300526421503	0.1531749835430485	0.2313797220400182
0.22775148736258208	0.08113109234950068	0.3082358772654361	0.15208876666460902	0.23079277635787185
0.22845693594769095	0.08170717701367776	0.30654157527916126	0.15239596300246025	0.23089834875700951
0.22941566816500752	0.08235921890579147	0.3066255483213358	0.15377502620569683	0.22782453840216815
0.23115570897756135	0.07779996572143895	0.30839672202827156	0.15413452779728848	0.22851307547543942
0.22971826187865607	0.07729493718079501	0.30673577574878463	0.15430473544573267	0.23194628974603138
0.22678190707439597	0.08252630774134619	0.30872714726358264	0.15247141339321157	0.22949322452746335
0.22791468214848618	0.0802108331420435	0.3094667081066338	0.15246911300398228	0.22993866359885407
0.2271295389527785	0.08433337363769082	0.3043194716633012	0.1538968738209572	0.23032074192527205
0.2295480079495211	0.08054197743592985	0.30659643791601116	0.15449222042894337	0.2288213562695943
0.23133907960651034	0.07478210736728128	0.31038453993792914	0.15431501806390224	0.2291792550243768
0.23045454021799425	0.0767871500121642	0.3077417858664491	0.15518313767510483	0.2298333862282874
0.2268523124269592	0.08271859765675348	0.3067345955112427	0.15466426949723097	0.2290302249078134
0.22891207949980769	0.08297074171136802	0.30592676266753493	0.15357885495995874	0.22861156116133036
0.23117712787552355	0.07915871939245415	0.30849922607130525	0.1528077297625018	0.228357196898215
0.22827054113884915	0.084054768693281	0.30536517660313844	0.15280995682154874	0.22949955674318243
0.22999895814160468	0.07606442308691952	0.3069333278208628	0.15518280101548415	0.23182048993512858
0.23165859478345915	0.07421627587251964	0.3084838428253465	0.15401407680396031	0.23162720971471412
0.23145746173292145	0.07732026143401237	0.3070826563114729	0.15398310095775933	0.23015651956383368
0.22775460371434153	0.08120928179071943	0.30830834195354107	0.1536895004735036	0.22903827206789415
0.23166340062490431	0.0742493870014368	0.30754679985521727	0.1550190603802759	0.2315213521381655
0.22765235348276763	0.08487339758026674	0.3077008652864398	0.15208924283598602	0.22768414081453958
0.22852044513686853	0.08352756571498964	0.3044585968280567	0.15503582046183326	0.2284575718582516
0.22922329221665513	0.0822564641702968	0.3053204505978917	0.1536009635630527	0.22959882945210336
0.22766007676945665	0.08158144012376004	0.3057559760849735	0.15499782286557418	0.23000468415623537
0.230512028357013	0.07743936931628435	0.3088108899995715	0.15314564448719226	0.23009206783993863
0.22682011616003686	0.08245793020094927	0.3086058551058483	0.1544390095538834	0.2276770889792819
0.22753753363359572	0.0804276638859603	0.3092499591077137	0.15380006815231476	0.2289847752204153
0.2272806451925416	0.08281335220367284	0.3068632985416574	0.15425426136741222	0.2287884426947157
0.23023644525127643	0.07771846667266237	0.30978911231685824	0.15408432765210775	0.22817164810709498
0.22789364190412875	0.0779939214822276	0.30981027675787653	0.154003730278184	0.23029842957758284
0.22971845989304734	0.08134603460872006	0.30498108109479444	0.15496635997655575	0.2289880644268822
0.2311051810812252	0.07605927203819374	0.3077322450655962	0.15459748075208746	0.23050582106289713
0.22972933624225475	0.07507546332216689	0.309662415564886	0.1550225602773708	0.2305102245933213
0.23154365892694279	0.07533144395167765	0.3092877434561761	0.15347544584797104	0.23036170781723217
0.22959237044954	0.08123156045426337	0.3092790996744936	0.15201265218925133	0.22788431723245148
0.23131565380353758	0.07599691728256817	0.3099558341462425	0.1534908869513594	0.22924070781629208
0.22833870498259298	0.07945371763223028	0.3103214643699793	0.15199933369897656	0.22988677931622062
0.23073037661127216	0.07975046168067178	0.3071729845326508	0.15229197326926253	0.23005420390614248
0.23072669297098264	0.08149182500001886	0.30483529888746075	0.15191942987785667	0.23102675326368086
0.22879278161136693	0.08040253828490682	0.306079649459071	0.15275274036483463	0.23197229027982036
0.2293491853630058	0.07726496126746203	0.30936299431116204	0.15185731594253993	0.23216554311583
0.22751699517467422	0.08560341896227623	0.3058025442577358	0.15257989545073464	0.22849714615457883
0.23110117483937254	0.08139103931047455	0.30552704108706574	0.15271821230360078	0.22926253245948616
0.23070232960383566	0.07680415741481464	0.30816977425275993	0.15451994232927166	0.22980379639931783
0.2305946179368839	0.07785214632924113	0.30605019547974127	0.1539551495903393	0.2315478906637941
0.22889184781657643	0.07900332007170735	0.3050110642429391	0.1549231381232563	0.23217062974552055
0.2267751719872338	0.08199029501584765	0.3068343509385232	0.15508640132588603	0.22931378073250913
0.22789734348638813	0.08296255434723068	0.30466390997307724	0.15233260440519344	0.23214358778811028
0.22702797201158603	0.07829491392806803	0.30866665602245813	0.1554186379915207	0.23059182004636686
0.22988122020622503	0.08244865453653374	0.3054328517478042	0.15371406829492212	0.2285232052145147
0.2297634815687571	0.08010869557964312	0.30942518655386253	0.1520134447371493	0.22868919156058773
0.22829213778828794	0.07661319926825733	0.3095778295297149	0.15331814611462696	0.2321986872991126
0.22984261882069096	0.07674551668337527	0.3092398463891831	0.15501124935331737	0.22916076875343305
0.2298784440489831	0.07900004276476089	0.30820600083509697	0.15284228777494593	0.23007322457621282
0.22898522845444716	0.079450332219563	0.3098297382828426	0.15375975364714695	0.2279749473960001
0.23096998733395932	0.07731500256839241	0.30779352381356956	0.1552432923379273	0.22867819394615116
0.2283782631173033	0.07807233590567106	0.3091610409390423	0.15478467369745758	0.22960368634052555
0.23040462698543795	0.0796422386965491	0.30476390831923433	0.15438176476823862	0.23080746123053975
0.2288726648186618	0.07823083601845794	0.3092037920361812	0.15357820204943523	0.23011450507726355
0.22685679077077975	0.08124197130987174	0.3091776829618915	0.15354978969891364	0.2291737652585431
0.22727343439527634	0.08386474446967278	0.3066517259642624	0.15361586429504506	0.2285942308757432
0.22836901908996876	0.08267816125778052	0.3055177282518259	0.15285724974900855	0.23057784165141604
0.2280862274958159	0.0837940211523475	0.3070236940120717	0.153352463045099	0.22774359429466567
0.23030362758900103	0.08418912913670437	0.30428857557439976	0.15308578925382876	0.22813287844606583
0.22774991866393732	0.07942183895487759	0.3074208715436675	0.15515319000323113	0.23025418083428628
0.2311786128929356	0.0764890845689587	0.3072805692845035	0.15468645856752894	0.23036527468607304
0.22980429781884967	0.07915492156409287	0.3068610651805207	0.15538399123990027	0.2287957241966363
0.22976046907708625	0.08178825678961056	0.30819301126622267	0.1520697568007411	0.2281885060663392
0.22895125370689795	0.07864772746621253	0.3074325374271714	0.15501317457197078	0.22995530682774712
0.23008380209294105	0.0789720542338205	0.3077239299620424	0.15250591202754366	0.23071430168365215
0.23046442759063146	0.0801772720937235	0.3044915602274676	0.15410104108485773	0.23076569900331947
0.231097520359402	0.07753010761197782	0.3058157378461195	0.1545698854059971	0.2309867487765034
0.2282854650952086	0.08441037896250483	0.3048297640855572	0.15207360237102086	0.23040078948570825
0.22767383181685882	0.08017365127883307	0.306368411701607	0.15385716426368384	0.23192694093901706
0.2296378437006213	0.08406673438561559	0.3046113383403274	0.1532920772768565	0.22839200629657902
0.23133559988032876	0.07718768834771644	0.30740068142179866	0.15407129408751558	0.23000473626264034
0.22937564288793572	0.07968666719769706	0.30943434630525396	0.15210433015160085	0.22939901345751212
0.22783368865267006	0.0841282111531097	0.30435536076925634	0.1539586053424437	0.22972413408251993
0.22914230257474372	0.08207075384997488	0.3052990955409813	0.15400229211480793	0.22948555591949193
0.23092896164765594	0.07761579776893092	0.30799048289003533	0.15306784957698083	0.23039690811639674
0.227478826392434	0.08021065984518637	0.30895502157558635	0.15468744077425428	0.22866805141253874
0.23047242835236262	0.07853541029058923	0.3060299339125691	0.15498785537759766	0.22997437206688112
0.23139743711249866	0.07506222305960669	0.3087168620531674	0.1548985221553077	0.22992495561941934
0.22871508980464744	0.08251556651807351	0.307310497733007	0.15265451759594753	0.2288043283483243
0.23069212061320338	0.07908775236567728	0.30487087674397845	0.155201441384329	0.2301478088928117
0.22729579576869155	0.08020966968195652	0.30898053557675637	0.15444993293359074	0.2290640660390046
0.23043549001849872	0.08154272251689121	0.30694780940243777	0.15208079856910325	0.22899317949306885
0.23010385328230817	0.07951482881289691	0.3046662980962118	0.15432342225167361	0.23139159755690925
0.22982087465911763	0.08174917258413286	0.3085098305522789	0.1520950975485204	0.22782502465594995
0.22735043285965675	0.08229813639573834	0.3058396849697925	0.15361336652108143	0.23089837925373072
0.22692936131248648	0.08323547681241403	0.3044670640463659	0.15422474245531417	0.23114335537341918
0.23049794785925792	0.08011451452620108	0.30483005212967823	0.15332888806291592	0.2312285974219466
0.22895236767960608	0.08083428600114075	0.3095648720407372	0.1525372391722489	0.22811123510626682
0.230135062684363	0.07597616433232249	0.3067417839093815	0.15505926441560666	0.2320877246583261
0.22948853167821673	0.0800253422486009	0.3067196127156904	0.15481669870950934	0.22894981464798236
0.22918719986044966	0.08264434786703966	0.30623383562547324	0.15404391359038386	0.22789070305665332
0.22805582287276585	0.08379445662350155	0.30563321470143423	0.15225175104673683	0.23026475475556127
0.22814994896125154	0.07708714724928095	0.3091751641464833	0.1552661868457154	0.23032155279726862
0.22778590545835953	0.0796132652868901	0.3075752502464646	0.15443920615892237	0.23058637284936317
0.22759709306358625	0.08280888918844331	0.3074405097200729	0.1524411828783576	0.22971232514953965
0.22780277899884663	0.08135636653182932	0.30713276143217894	0.15508181357204753	0.22862627946509737
0.2314581491855838	0.07777104688609295	0.3056708928836722	0.15533540282583003	0.2297645082188208
0.22750116784149355	0.0823288344769775	0.3068535269201995	0.15497580534844335	0.22834066541288586
0.2266860901835086	0.08141087284428246	0.30773684800655954	0.15347507538275343	0.23069111358289568
0.22888583404617552	0.07967564727706448	0.3051924910319683	0.1547281231082825	0.2315179045365089
0.2274720212855263	0.08050420259629656	0.30956805642201424	0.15426705806141314	0.2281886616347495
0.2270619991003994	0.08396793784495184	0.3067562708025382	0.1528109204659726	0.22940287178613775
0.22836370079552787	0.08044889946529342	0.3093580557622869	0.15281912734039646	0.2290102166364951
0.22931386051908076	0.07760256824940472	0.30852056808528694	0.1545874028151661	0.22997560033106124
0.23111717478459046	0.08185090830919273	0.3045756252999543	0.15275735638555657	0.22969893522070567
0.22998993482438407	0.0750396586021279	0.30890027419878885	0.1546558753691145	0.2314142570055845
0.23061608901009412	0.08107915070047636	0.30439871779599265	0.15522279824084878	0.22868324425258788
0.229523214495982	0.08279110287261027	0.3050350485369698	0.15385850650504707	0.22879212758939066
0.2300572329066913	0.07628372407570996	0.3102999088553548	0.1530044118093829	0.2303547223528608
0.23013501792977176	0.08055544894005019	0.3067787881922288	0.15259857331447618	0.2299321716234728
0.2273198034151977	0.08314258339040206	0.3075846880411084	0.1532306714998136	0.22872225365347804
0.23129619498962173	0.07351923447638262	0.30971143100101495	0.15384131512429175	0.2316318244086887
0.23164884957284654	0.08219477780751026	0.3051923424614055	0.1525301619774007	0.22843386818083677
0.22908735514326195	0.07861997126951444	0.3098757805737314	0.15364017840450925	0.22877671460898275
0.22788965937193054	0.07866997425295093	0.30940595230523166	0.15418034838202346	0.22985406568786315
0.22880809840403632	0.08063514544225725	0.3054406572225949	0.15364258025867106	0.2314735186724402
0.22834699895183772	0.08107638419141931	0.30470306974076206	0.15440564841906695	0.2314678986969137
0.22692705083633702	0.08295696754632302	0.3045222867330563	0.1547285152711034	0.23086517961318
0.22882122381044612	0.07820083752478521	0.30871590236239205	0.1524614526679936	0.23180058363438277
0.23157059053559437	0.07779746224052211	0.30975806371355274	0.15311654528480154	0.22775733822552902
0.230277033052681	0.08064880841097082	0.3066197358153163	0.15318972943826503	0.2292646932827666
0.23063971508591385	0.08120236208786241	0.3055501300307961	0.15490614382519885	0.22770164897022857
0.23008762936377114	0.07818628617521348	0.3069330404395836	0.15354726364277577	0.23124578037865579
0.2271226863393325	0.08345215724261844	0.3058643224785039	0.15464251157315811	0.22891832236638676
0.22704686880800062	0.07787605462528996	0.30869177902102674	0.15472950722428053	0.23165579032140193
0.2295812042928756	0.08056413763040891	0.3072790730431988	0.1532867739646983	0.22928881106881813
0.22988328014421722	0.07734634144573851	0.308407862334178	0.15363936938170644	0.23072314669415955
0.22730111980703968	0.08408173426959395	0.30518330386847914	0.15372901181564635	0.22970483023924065
0.23120675976837207	0.07650339422199007	0.30812106507560055	0.15375813657031806	0.23041064436371897
0.23035234389975062	0.08410084843755306	0.3046599907909629	0.15210795699897173	0.22877885987276145
0.22815936700206427	0.08278161059141555	0.3067588505255911	0.15182767675754175	0.2304724951233871
0.23091725130185453	0.0772505649692079	0.30631867744119534	0.15380631604372838	0.2317071902440136
0.23129636204259965	0.07348782924727934	0.30842786206224626	0.1550634298130636	0.23172451683481088
0.2314733288939293	0.0810392014596842	0.30438639692870545	0.15404042297671536	0.22906064974096546
0.22944373412765015	0.08127214073299839	0.30679576808539577	0.153569365817598	0.2289189912363574
0.22843197146292193	0.08047623855755842	0.3072036333507435	0.15419679679443787	0.22969135983433803
0.22729335621457417	0.07915371841666287	0.3073085892835762	0.15418254697117328	0.2320617891140132
0.23100048179612792	0.07949431382277912	0.3050136933404043	0.1530478943052068	0.23144361673548167
0.22797684873781499	0.08202743382735515	0.3044327708971497	0.1549839808632824	0.23057896567439753
0.23057099069722806	0.08106116052130556	0.30436508781992855	0.15459836588890702	0.22940439507263058
0.22694708190315735	0.079872829417178	0.30729944447705604	0.15494992601802082	0.23093071818458757
0.22784890506346286	0.08353790311369802	0.3072743107154793	0.15293012671083084	0.22840875439652877
0.2285696134624084	0.07915806451040408	0.3081271290233766	0.15401931677144926	0.23012587623236144
0.22844808600195957	0.0804894883976127	0.30694713326257195	0.1523558907284801	0.23175940160937544
0.22778217790399904	0.08101014223582273	0.30700826137073833	0.1528095160871641	0.23138990240227553
0.22870591652554922	0.08077335998201558	0.3060877908341697	0.1543216581295062	0.23011127452875907
0.2294988053852606	0.08347793501568344	0.30537797224250535	0.15231520204915228	0.22933008530739807
0.22762410917636644	0.08176614326756906	0.30700455787140196	0.15235518633331985	0.2312500033513425
0.2308633944662792	0.07810510868685583	0.30695214644359503	0.15494060733026307	0.22913874307300658
0.22898313477705262	0.08095085032354023	0.3080112343321666	0.1538420277528863	0.228212752814354
0.23129444566962404	0.08078220280369189	0.3047488724217309	0.1523999318954492	0.2307745472095038
0.231092046056019	0.07749826992439254	0.3078793200219968	0.1549627136752169	0.2285676503223745
0.2315167758131273	0.07917064233283891	0.30514195960947843	0.1525259741816442	0.2316446480629109
0.2267965571147189	0.08200916587869668	0.3057908372694469	0.1537865199297698	0.23161691980736748
0.23084694529299088	0.08218660212960581	0.3052594051603977	0.15272866811170455	0.22897837930530082
0.22801607578249122	0.08163582236955284	0.3083267335590976	0.15322986568854824	0.22879150260030984
0.22701879890536544	0.08161615324435725	0.307786323730705	0.1526688692618178	0.23090985485775428
0.2269837443083439	0.08040679621963309	0.3068773102014827	0.15372387764735138	0.2320082716231887
0.2285129991860153	0.0757747217445198	0.31006673534367535	0.15527967491871614	0.23036586880707322
0.22794298965650903	0.08141152300881302	0.30661151434383005	0.15353668816295685	0.23049728482789086
0.2294473830964714	0.08051267576437209	0.3049529944557148	0.15450357925056254	0.23058336743287894
0.23150236675593028	0.08175284643297719	0.3056723146079899	0.15336507388725107	0.2277073983158513
0.23130972253943868	0.0784035633178043	0.3087324026455337	0.15320610195269516	0.2283482095445279
0.22801493848675833	0.08179107649549155	0.30530205801518495	0.15356823633312633	0.23132369066943853
0.23072246652057227	0.07463612860013288	0.30846755954678523	0.1542380644105884	0.23193578092192094
0.23107991049192006	0.0776943700466924	0.3095503617518387	0.15398383427038181	0.22769152343916682
0.2306528506068373	0.07936476939975237	0.30768312787945123	0.15455071207525103	0.2277485400387078
0.22937699123607394	0.08149234832118951	0.30463527424819276	0.15365773546444736	0.2308376507300962
0.22797494503954896	0.08336596342571717	0.30491893649965507	0.1542680780852523	0.2294720769498263
0.22838074166100886	0.07897808530523089	0.30651339269238154	0.15523978899427826	0.2308879913471002
0.22739819172479886	0.0813287954747857	0.30771907380217545	0.15260517540193966	0.2309487635963001
0.22680652679567673	0.0837939856242238	0.3074926881136927	0.15359725347722658	0.22830954598918
0.22817045368542271	0.08536409282613691	0.3058953132970209	0.152647754554582	0.2279223856368372
0.2274692176395621	0.08155824089349463	0.3072109225421026	0.1548503586134577	0.22891126031138276
0.22991526960016734	0.07904803934781349	0.3066585530594715	0.15531963142497623	0.2290585065675712
0.23053836856209592	0.08355503841704386	0.3046913261462009	0.15287480640608914	0.22834046046856993
0.23119654481383106	0.07683922545225957	0.306582691351633	0.15458725877922988	0.2307942796030462
0.2305582046967904	0.0751811285306074	0.30908820924151287	0.15511223845432903	0.23006021907676003
0.23057000143510525	0.07967648681723924	0.30901061473286207	0.15277492406718213	0.22796797294761106
0.230697843920629	0.07824609358745388	0.3071412761435232	0.15314353873728034	0.23077124761111334
0.22881848687305908	0.08273861551459263	0.3085606788928081	0.1521392600658396	0.22774295865370034
0.23016934561398344	0.07868967904061329	0.3083337509657744	0.15345811774461138	0.22934910663501729
0.23018270506905072	0.0786016370099608	0.3084417251666854	0.15314222101008487	0.22963171174421798
0.23118644840358396	0.07887773311934718	0.3048297847105157	0.15509256863068224	0.23001346513587068
0.2279025944494502	0.07922428748211098	0.3078461240777288	0.15344945274071273	0.23157754124999702
0.22845931259620836	0.07780073825364921	0.3075010139298017	0.15403885899222927	0.23220007622811123
0.2312986603785829	0.07427579878783935	0.3102175912312589	0.154153893262776	0.23005405633954257
0.22950114126069482	0.08232517334883237	0.30442159238682226	0.15429145386848575	0.2294606391351646
0.2273855298965581	0.0850408328256727	0.3051779012040964	0.1526345994132034	0.2297611366604692
0.22756146527885102	0.08453883588365588	0.30672461240607635	0.15253351540168184	0.2286415710297347
0.22907573077345925	0.08156016984739518	0.3043931169623868	0.15407599468028962	0.2308949877364689
0.2312472663183095	0.07552957413641928	0.3098437255730872	0.15376702452023025	0.22961240945195352
0.22903922983203812	0.0770844871747534	0.30855849493066456	0.15350948423753114	0.23180830382501255
0.23001605704170672	0.0754621729173971	0.3088802882234633	0.15352483578687393	0.2321166460305587
0.22969090724236657	0.08084064877052048	0.30903295747505277	0.15272891232102176	0.22770657419103815
0.22720697203226295	0.07870775406792113	0.30848859304544163	0.1544643966585722	0.2311322841958019
0.23120182113025664	0.07837171022900767	0.30709379428990263	0.15444550496857834	0.22888716938225442
0.22879028077591387	0.07657943973459351	0.3096835464017541	0.1550938519755289	0.22985288111220933
0.23132400612812104	0.07954508151241074	0.30883174551366455	0.15259372321882408	0.2277054436269794
0.22841609509041141	0.07917314297100711	0.31031083125130676	0.15288641698797284	0.22921351369930168
0.22806332543025118	0.08086506376487049	0.3095167553463126	0.15299168485388098	0.22856317060468448
0.23110116462558603	0.08040817128693627	0.30499947355880125	0.1549123557186945	0.22857883480998173
0.22705458661533776	0.08133848007458917	0.30943349387228103	0.15335782356964453	0.22881561586814728
0.22970226973319607	0.07652486377889113	0.30885798725349123	0.15410069711054392	0.2308141821238774
0.2286257782520049	0.07558269230321073	0.30999045477366843	0.1541963012194905	0.23160477345162522
