0.23071297778257482	0.07765494139118441	0.30701334778514844	0.15421637256757773	0.23040236047351434
0.23490041091504005	0.0753123270343988	0.30832047043977917	0.1510322233362307	0.23043456827455097
0.23303934808487184	0.07505556830811444	0.3104162330710002	0.1517427585865026	0.22974609194951068
0.23152047441375562	0.07783262781890024	0.3084571358430234	0.15171014283714848	0.23047961908717202
0.2312228943204039	0.07206102283268367	0.310245949532681	0.15404669417747896	0.23242343913675229
0.22966579470692863	0.07543789357310862	0.3100971259786133	0.15432761688714122	0.230471568854208
0.23246315316019753	0.07571325161615793	0.3082029671807074	0.15065797199470954	0.23296265604822733
0.23338433124245597	0.07400752619200959	0.30957609076380277	0.15040800828495285	0.23262404351677854
0.23340741415832655	0.07703387826075592	0.30928928092605146	0.150838657879406	0.22943076877545981
0.23010583233249454	0.07457533308332781	0.30694364155460824	0.15552517274601402	0.23285002028355511
0.23382455288982484	0.07449745946430303	0.3119356883162076	0.15047714770527612	0.22926515162438818
0.23138658209197208	0.07414995250599479	0.31180377460678615	0.15128213945219646	0.23137755134305027
0.230314559899326	0.07619999842801735	0.308097047968205	0.15420135102314678	0.23118704268130466
0.2328275997923706	0.07165799046708446	0.30950107763122053	0.15502617754601433	0.23098715456330982
0.2326112805972942	0.07145129111230808	0.3110982240851448	0.15029033329372268	0.23454887091152998
0.2321404929382869	0.07746882163903768	0.30798321100266385	0.15258225760118022	0.2298252168188311
0.23261418508915535	0.07337090419133663	0.31036595033754594	0.15148264108839843	0.2321663192935634
0.2316341156997334	0.07195503918854237	0.3076029370901125	0.155416665978236	0.23339124204337547
0.23397349868524095	0.07139399566339957	0.30940161145076395	0.15325949543260348	0.23197139876799183
0.23049741898699963	0.07556648989926681	0.3087809244442371	0.15434889982942407	0.2308062668400722
0.23422308213322982	0.07641191368921428	0.30756592498341717	0.15265276387886906	0.22914631531526944
0.23380868830752732	0.07543878922124213	0.30764887780074973	0.1546962020440375	0.22840744262644308
0.23297841565264307	0.07493002880184046	0.3094688073805771	0.15075480698598387	0.2318679411789553
0.2330725102682532	0.07516763221119681	0.3070202369028421	0.15084542036739693	0.23389420025031074
0.23260395068220446	0.07512889952204721	0.3094033873319604	0.15241671551186148	0.23044704695192622
0.23190683602177417	0.0744941435335498	0.3101581942105194	0.15036638530232235	0.23307444093183408
0.2308715866263918	0.07652375445626455	0.3111862962752271	0.1518122746599392	0.22960608798217713
0.22993909216873928	0.07156683763006294	0.3120803284759978	0.15249059062155798	0.2339231511036417
0.23099791557807467	0.07930653178939326	0.30721854286449535	0.15020539645268016	0.2322716133153563
0.2336849600265823	0.07250619754252821	0.3101363690481298	0.15111908006743746	0.23255339331532207
0.23269826155547482	0.07463398759179643	0.30828128260187027	0.15314009649120375	0.23124637175965448
0.23038083888141386	0.08015439967318284	0.3101047541750633	0.15079018123768498	0.2285698260326548
0.2333716893652382	0.07228985416150319	0.3078089103961008	0.15248545709668593	0.23404408898047163
0.23167639665930218	0.0747698364282372	0.3100202355654788	0.15067007666966745	0.23286345467731417
0.23048036280191034	0.07583091464772185	0.31133070962896425	0.15325471791181183	0.2291032950095915
0.23315297704433297	0.07785761908067379	0.3073315877868537	0.15049779588771486	0.23116002020042448
0.23303812761310147	0.0734646506396204	0.3123865429553603	0.15120456312731692	0.2299061156646007
0.23042670993529854	0.07861426453484098	0.30755144170695886	0.15269882485122485	0.23070875897167656
0.2334833720430311	0.07181642316010281	0.3070683863169347	0.15301239717755133	0.23461942130237978
0.23502911664901238	0.07373281082850136	0.30795864060680433	0.15210629717856633	0.23117313473711537
0.23126156278286678	0.07922415021543332	0.3069592002217797	0.15135600341570354	0.2311990833642164
0.22982314359063033	0.07680652154615464	0.31169137919663614	0.15183168702139424	0.2298472686451844
0.23332768666924647	0.07275833670285231	0.3089499975454265	0.15587043839872938	0.22909354068374504
0.22957826697535236	0.07833675643074074	0.309058122052245	0.15299557688668472	0.23003127765497697
0.23206436262088564	0.07643152047638271	0.3072580371414009	0.15400964256820737	0.23023643719312312
0.23005913737773404	0.07951520858738823	0.30754651036548625	0.15321097747727952	0.22966816619211175
0.23470702702272772	0.07179705872043965	0.30953089108787124	0.1554413298859094	0.2285236932830518
0.23078276862560787	0.07897393465543359	0.30775979367186024	0.15365087528827803	0.22883262775882005
0.23292195534198	0.07291799329906273	0.30852784914745857	0.15568216341476257	0.22995003879673592
0.23144570028650294	0.07444754851346674	0.3103987757022672	0.15088512412291805	0.23282285137484482
0.23139167124660406	0.07159974280403511	0.31102165551483746	0.15284341775112378	0.23314351268339933
0.23153385604069168	0.07578044524000406	0.3104576271709032	0.15235675560134795	0.22987131594705285
0.23179958441882587	0.07434184876602729	0.3076539954924576	0.15293759457107586	0.23326697675161318
0.23281013244047127	0.07117797316831001	0.31195547066058904	0.1519044963111923	0.23215192741943716
0.23435255771972055	0.07132309176998089	0.30745155581325867	0.15369121941134542	0.23318157528569428
0.23352689255536496	0.07586674287646208	0.30729408238022354	0.15478744308010117	0.22852483910784804
0.22975305039606386	0.07427437941104029	0.3089366142621275	0.15525953509495893	0.2317764208358092
0.23084584621745963	0.07483758866134257	0.3087437249766841	0.15430008088965397	0.23127275925485943
0.22990587126098289	0.07241521230918924	0.3079949458593492	0.15555922783423065	0.23412474273624778
0.23475612615769245	0.07408742896183454	0.30974017911314655	0.15089882512737302	0.23051744063995322
0.23094796202307638	0.07449652858475608	0.312034262238122	0.15149406454426786	0.23102718260977745
0.23051072702483222	0.0790506018104482	0.3097519979440712	0.15013282342906326	0.23055384979158489
0.23188511429839614	0.07182522649073164	0.3102550108178942	0.15107293651209414	0.23496171188088363
0.2308285316515582	0.07508935049336009	0.31205634173362895	0.153802571127199	0.22822320499425353
0.2310331022411134	0.07826723700671573	0.30739489974787637	0.15444162069400175	0.22886314031029253
0.23269820207998662	0.07515173192232054	0.3071445616726096	0.15044458169812236	0.2345609226269606
0.23384610126577313	0.07321965734881247	0.307826973157161	0.1556602375238183	0.22944703070443487
0.23438593191351467	0.07126868072239195	0.3074273978090191	0.1532765407642529	0.23364144879082113
0.2303567733686281	0.07928525544123483	0.30840527767061043	0.1509512988111276	0.23100139470839887
0.23279747053288335	0.07570462937302455	0.309128268740304	0.15398461698883772	0.22838501436495012
0.23038376914456823	0.07499093843217194	0.30911159474145966	0.15226460152482477	0.23324909615697517
0.2298228638654639	0.0776836110065654	0.3087468350623536	0.15014587927480724	0.23360081079080963
0.23052200374765686	0.07353367588837761	0.3117035193403077	0.15007627971106752	0.23416452131259005
0.22960606232630332	0.07208565842979414	0.3119401122792784	0.15277220368811031	0.2335959632765136
0.23033289289881548	0.07745521562986363	0.3092805066728303	0.1527372222230361	0.23019416257545422
0.23028830548078746	0.07739915073667641	0.3103256656503288	0.15241312042960817	0.2295737577025989
0.2299679390016851	0.07666125328702421	0.30865804479923775	0.15395332880969387	0.23075943410235886
0.2342943534125188	0.07494219929903523	0.30946178141187947	0.1512261969661076	0.23007546891045866
0.23047426004944627	0.07373684903976085	0.3082422376789217	0.15548041800297577	0.23206623522889513
0.23211224555006538	0.07639025253240532	0.3080326240282121	0.1515289506456107	0.23193592724370632
0.2306635548694534	0.08051037758368022	0.3079390930296816	0.15157218908006015	0.2293147854371244
0.2296334063197263	0.07491209793417042	0.3085809462110494	0.15421166401591566	0.23266188551913797
0.23185871272766798	0.07793923467664612	0.3084788343197665	0.15111834042996514	0.230604877845954
0.23317094784386277	0.07444495752549082	0.3075133550754025	0.15524048460463624	0.22963025495060743
0.2319856561475668	0.07944811162362314	0.31043288436834515	0.1500981830186074	0.22803516484185726
0.2324064774975788	0.07469315457797893	0.3079090717840648	0.1536647687167078	0.23132652742366944
0.23221267894287206	0.07324362560793704	0.3093012950920546	0.1518598367807911	0.23338256357634488
0.23347289437035496	0.07254999258399952	0.3076046088916793	0.1518624406658805	0.23451006348808548
0.233318128022025	0.07781415902563749	0.3076110501071807	0.15206539596308252	0.22919126688207403
0.23503324574323475	0.07299730302945537	0.3101579877513049	0.15163286427817793	0.23017859919782682
0.23335918293137478	0.07308272305222532	0.30793419720184767	0.15240643957227457	0.23321745724227744
0.2330339848871536	0.07192848036429339	0.30977158011331174	0.1516203139576319	0.23364564067760912
0.23351986009103384	0.07238848609282278	0.30764223406914326	0.15461276714866043	0.2318366525983394
0.23254059086194873	0.07479857294563752	0.30891021935549473	0.15103997553419035	0.23271064130272845
0.23343865842797368	0.07240239069765003	0.306997072489972	0.15538058189118426	0.23178129649321982
0.232703972591767	0.07290805542416676	0.30970834325111607	0.1552110139797667	0.22946861475318323
0.23051391761443166	0.07608952389974019	0.3077907309924088	0.155256582138924	0.23034924535449514
0.23182301553726203	0.07403867590371743	0.30684117394408417	0.15584564707234655	0.23145148754258954
0.23164100868763488	0.07638619229752705	0.3122664369300431	0.15163691137244686	0.22806945071234788
0.23190761103134164	0.07638607149251132	0.3083653481999493	0.15201596667375245	0.23132500260244504
0.23424062771967558	0.07677082395733092	0.3080980270768524	0.152075878806022	0.22881464244011884
0.23341086828722077	0.07302892935431862	0.30882102919223076	0.1552677811562621	0.22947139200996752
0.23014282055220786	0.07230328448247739	0.30780828936807736	0.15575826538680645	0.23398734021043072
0.23330497685002274	0.07429951586606356	0.30874917175176225	0.15375299062557513	0.2298933449065761
0.23343200024641547	0.08020428917670859	0.3080258358648141	0.15013846304690018	0.22819941166516147
0.23328338879413488	0.07399147949860771	0.30768832428920695	0.15191947283584445	0.2331173345822057
0.23053629454872518	0.07286391417735177	0.3080137787355035	0.15489785418186613	0.2336881583565531
0.23460439046838386	0.07304697253513748	0.310164027274223	0.1509245133064721	0.23126009641578335
0.22963478524270245	0.07584690637249043	0.3118114619445298	0.1511235436366753	0.23158330280360181
0.23416010175199287	0.071587620296513	0.31050038177807665	0.15212190113762275	0.23162999503579448
0.23418758330546505	0.07382458999092034	0.307266431483492	0.15496739190875464	0.22975400331136775
0.232084617313819	0.07358363847517721	0.3074547164046166	0.15238866090387088	0.2344883669025161
0.23028101353609423	0.0748109012788768	0.3096088503702809	0.15416240174867255	0.23113683306607524
0.2346177476969462	0.07456663783127015	0.3107247560159737	0.1510526561368563	0.22903820231895342
0.23057886680102604	0.07432769566986686	0.311497787909756	0.1539050841290886	0.22969056549026223
0.22983796812966814	0.07282458517482909	0.3119954750402463	0.15147012042982214	0.23387185122543408
0.2295485392357668	0.07483538335462991	0.3116395718796858	0.15307614566681194	0.23090035986310534
0.23021569687461668	0.08040612822444372	0.3068686602448172	0.1529069723534832	0.229602542302639
0.23117006416515198	0.07831143511005231	0.30679035699616397	0.15099292750427892	0.23273521622435256
0.23431613234547027	0.07344377326864229	0.307552273457765	0.15093973117528617	0.233748089752836
0.23183924941330591	0.0716638649477444	0.3104448124324646	0.15183113770543277	0.23422093550105208
0.23220358948475336	0.07225010647252114	0.31116438574817706	0.1521008367752818	0.23228108151926635
0.23069751356613866	0.07810523634509642	0.30693822464464293	0.15143053454204852	0.23282849090207322
0.23146085411454972	0.07401028679714597	0.30883418859459266	0.15505738265223123	0.23063728784148016
0.2345371200920724	0.07878277284969658	0.30765335396952387	0.1502707254933096	0.2287560275953973
0.23203439130025433	0.07396862144421218	0.3080189748685386	0.1551376725135211	0.23084033987347358
0.23156833491137618	0.07690818182495601	0.30752384691551576	0.1553105588970259	0.2286890774511259
0.23270790071539604	0.0723712687996762	0.31185735410397386	0.15031962641790536	0.2327438499630483
0.2350347770524049	0.07165658390265248	0.30850158771425534	0.1559890827568225	0.22881796857386455
0.2330941869091857	0.07269746391927034	0.30749718045288404	0.15524238334967325	0.2314687853689864
0.234631220355131	0.07483525816878397	0.30965769626558326	0.1519682933245775	0.22890753188592405
0.2329529766730936	0.07420421865911359	0.30684385988510443	0.1540952793673582	0.23190366541532995
0.23049340896850057	0.07148242798722249	0.31162883967280686	0.15580889321627395	0.2305864301551959
0.2315941338295377	0.07526979487187781	0.3083958882310706	0.15223214592169565	0.232508037145818
0.23475595334375907	0.0714026751563665	0.3093176379794	0.1530901601875221	0.23143357333295206
0.23046720245402147	0.07318420633949821	0.3081931377116154	0.15557214949444184	0.2325833040004228
0.23199210000689424	0.07672972900241279	0.3068901195901943	0.1556457696948881	0.2287422817056103
0.23282914933446547	0.07295414363089844	0.30742287414058245	0.15438570861466294	0.23240812427939048
0.23321467448579697	0.0747569419575907	0.3067903453908449	0.154597594464842	0.23064044370092524
0.2318007706073396	0.07753919442249217	0.3074253370177802	0.1533053396332749	0.22992935831911285
0.2344097802692245	0.07249718210825895	0.3076728571702978	0.1529969863138786	0.2324231941383399
0.23139950322113623	0.0757862451153054	0.31211805542050236	0.1512170730670913	0.22947912317596444
0.23221438970241604	0.07709750512486716	0.3094135722907374	0.15175603427216783	0.22951849860981136
0.23050432502325938	0.08011722829565128	0.3073358628987211	0.1522315730568214	0.2298110107255466
0.23333856572983847	0.07542781798717235	0.31051836532315624	0.15136974239913736	0.22934550856069533
0.2342456002530181	0.07336656281829307	0.3095217620367196	0.15065489965717313	0.23221117523479584
0.23101837551858714	0.07346075726668214	0.30729938662565914	0.15411036743937018	0.23411111314970115
0.23405794809942443	0.07398502981883753	0.30736866736091617	0.15388569179173206	0.23070266292908959
0.23152558968920733	0.07327372554616685	0.31093991510537783	0.1548954682644281	0.22936530139481962
0.22986640336804648	0.07261058736096487	0.30776151835326393	0.15539354175788578	0.23436794915983872
0.23439432452216186	0.07618118027736626	0.31002835242565735	0.15074548449664216	0.2286506582781722
0.22986241821692333	0.077997243432575	0.3109060277416921	0.15088750883408159	0.23034680177472772
0.22956347780864783	0.07515612230838166	0.308026999438223	0.15474982111028515	0.2325035793344622
0.23303963092691843	0.07353302482873317	0.30698523661724675	0.153918330776092	0.23252377685100944
0.2300926464962763	0.0729896341155904	0.31111450533815843	0.1560011032455013	0.22980211080447333
0.2334571712122963	0.07465086323054348	0.31078620953986713	0.15166354819172265	0.22944220782557018
0.23174238858321697	0.07127509267257628	0.3112770714521243	0.15424269241501068	0.23146275487707152
0.2311856225964378	0.07782691056734634	0.3106921856896592	0.15087897028405894	0.22941631086249753
0.22974444233519137	0.07865761091093244	0.31205892135031377	0.15120576220862403	0.22833326319493813
0.23314391678252902	0.07384762147072849	0.3074981653684843	0.15259670666349615	0.23291358971476178
0.2333336125887208	0.07379539459741466	0.30847727422770904	0.15260793386660934	0.23178578471954592
0.23503713926851919	0.07349134794899087	0.3081930600642046	0.1543506789325762	0.2289277737857089
0.23423250296560633	0.07671866869402577	0.30941205901732116	0.1513863859028395	0.22825038342020704
0.22969722664488196	0.08053402980115758	0.3081011417257539	0.15354519476145229	0.22812240706675396
0.23044241930656073	0.07795667449407803	0.31195848989562935	0.15143130198830324	0.22821111431542837
0.2316790407104623	0.07987137411677231	0.30766492295022996	0.15086138093820162	0.22992328128433365
0.2296133323522142	0.07394993562592414	0.3100275213010559	0.1522677696085405	0.23414144111226504
0.23134493184773156	0.07284014465023322	0.3095041502993077	0.15299608909535847	0.2333146841073688
0.23119741506417063	0.07524295949055813	0.30875045080614594	0.15575710742590687	0.22905206721321822
0.23185424549068318	0.07305024169783897	0.30988623990781883	0.15319709077397553	0.23201218212968328
0.23091778431698448	0.07345567987493218	0.3121958436897679	0.15278695057007213	0.2306437415482431
0.2296653971472835	0.07196452657784588	0.30993912651446537	0.15339190712914746	0.23503904263125752
0.2313725436298137	0.07335382596067133	0.31168519868665917	0.15236682314069913	0.23122160858215646
0.23424161940664276	0.0751037086688912	0.30763603121390737	0.15258534548695415	0.2304332952236043
0.23466626414379949	0.07220424620718432	0.30912701828160594	0.1514987536970577	0.23250371767035227
0.23350956844642867	0.07671778499969673	0.30693336694401085	0.15186352764313216	0.23097575196673134
0.2315154129069414	0.07801166572940472	0.3080333185626258	0.15409626570028365	0.22834333710074417
0.23150640682741053	0.07590063179042608	0.3121923291582553	0.15123602815485573	0.22916460406905215
0.2315528308194319	0.07301218047121788	0.30812762287556955	0.1541008215591062	0.23320654427467424
0.23124247572394793	0.07269775832045694	0.31176020400605603	0.15007028932559863	0.23422927262394025
0.23508557279606063	0.072034071451405	0.3078852008003965	0.15383364153949286	0.23116151341264482
0.23018653746101453	0.0744022086880406	0.31075030416554295	0.1555363934303448	0.2291245562550569
0.23335616654408162	0.0721784930310089	0.3100162718441426	0.1545377844291968	0.22991128415156983
0.23123848303243755	0.07946723249333175	0.308124907995151	0.15186264062309943	0.22930673585598005
0.23070720243278953	0.07635984399730099	0.31236500042564963	0.1514245693557985	0.22914338378846108
0.23201363851092832	0.07155374065749129	0.3085204057949742	0.154552058986135	0.233360156050471
0.23028532049492684	0.07855245929020353	0.30759102169619207	0.15286609139993318	0.23070510711874415
0.23239882162957773	0.07410178428628605	0.3115982529392435	0.15375802128253058	0.22814311986236185
0.23432734814916062	0.07385209990414043	0.31148613622891064	0.1501977522873382	0.2301366634304499
0.23061848052578326	0.0762086645840868	0.30935716289205073	0.15464171236765661	0.22917397963042233
0.22994290153602462	0.077627523861672	0.30710573196545543	0.15340546246749562	0.23191838016935207
0.23119954200504608	0.07685456905464569	0.3096696027664264	0.1542089640694556	0.22806732210442596
0.23204218158228357	0.07558262045352013	0.30818311788499037	0.15281382534198587	0.23137825473721985
0.2314318657880638	0.07333563420314546	0.30987929700211736	0.1515996428289773	0.23375356017769586
0.2330094023308753	0.07579699561499484	0.3087456050942055	0.15166278412572126	0.23078521283420284
0.23458666311216214	0.07926484046367213	0.3067928974573354	0.15094298480955093	0.22841261415727918
0.23497830840937933	0.07528461572763877	0.3081859400418989	0.15210253397063278	0.22944860185044996
0.2310324763237453	0.07555461811825216	0.31106784391448056	0.15333311849439993	0.2290119431491218
0.2308984051398685	0.07433960800970649	0.312261736618921	0.15415298933598	0.22834726089552376
0.2328520224494558	0.07157788003122303	0.31145629344411657	0.1552232294883826	0.22889057458682174
0.23210582862900367	0.07722260594368369	0.30970275408860726	0.15114353612138476	0.22982527521732038
0.2297689428837964	0.07867716868093627	0.3095372515951733	0.15155088378591836	0.23046575305417544
0.23103165360326416	0.07245019369549663	0.30802827457781146	0.15475170766296012	0.23373817046046738
0.23499161282066983	0.07514548370461385	0.3088213766083016	0.1514455157185261	0.2295960111478884
0.22962571575698582	0.07298555400731199	0.31077144438534166	0.15472424473251806	0.23189304111784223
0.23450531285212572	0.07458993285611734	0.30999662076520906	0.15274963284097895	0.22815850068556864
0.23120961597487927	0.07417262961073037	0.3074435737634355	0.15336294756505264	0.23381123308590196
0.23179329296986678	0.07532296189281837	0.3091062141051353	0.15246572258206376	0.23131180845011554
0.23008373687287698	0.07938479093466981	0.30841600515955625	0.15019582244052357	0.2319196445923732
0.23067974179178058	0.07796977876911139	0.30841489604317596	0.15091265930234238	0.2320229240935895
0.23493382518764863	0.07151705437835457	0.3100599374055518	0.15128393980130372	0.23220524322714098
0.23471076442959377	0.07729452730962885	0.30859374316082855	0.15038708153860564	0.22901388356134292
0.2309464159907799	0.07378968680572473	0.30876649231512887	0.15335025095190277	0.23314715393646349
0.23372757446928666	0.07591129244100644	0.3078616080904816	0.15221327875305415	0.23028624624617092
0.23056271000191852	0.07130224608586475	0.3115880838088748	0.15190522891222444	0.2346417311911172
0.23302373226553202	0.0776883287532169	0.30903385405551	0.15021268038152508	0.23004140454421573
0.23431702291070905	0.07816999422892054	0.3078850955738213	0.15142563513652818	0.2282022521500207
0.23285895237119428	0.07129284726901627	0.3070809494395182	0.1539142079800547	0.2348530429402163
0.23242269196264648	0.0730100210821833	0.31224207907425955	0.15139476919663325	0.2309304386842772
0.23160676472438235	0.0738458188355047	0.30998369457552344	0.15228787612270644	0.2322758457418828
0.23049580610596418	0.07642172371220686	0.3072710319896399	0.15151961719044063	0.23429182100174817
0.23208986044414054	0.07390495573261693	0.3068593243444243	0.15318561385382023	0.23396024562499773
0.23053754165761114	0.07761438984198439	0.30802682893757627	0.1547978080725996	0.22902343149022833
0.23357577098626595	0.07366785915489255	0.31033185182747375	0.15007950497979328	0.23234501305157423
0.23272920628671634	0.07179532502861466	0.3103718308409461	0.15298986065608514	0.23211377718763754
0.23135358100661507	0.07428167273351752	0.3076251692504345	0.15353097248514933	0.23320860452428335
0.23383012802498637	0.07264408425502503	0.30963020565974786	0.15364227254784998	0.2302533095123905
0.229873692251378	0.07779003552366347	0.30794577135666545	0.15065741763164425	0.2337330832366486
0.2337901630764119	0.07352916868092685	0.311530932927507	0.1522897118485043	0.2288600234666497
0.2347230838965982	0.07380482940155425	0.3070678973997969	0.15547071898586395	0.22893347031618644
0.23508904487400523	0.07297392694835145	0.31237910709456307	0.15033642428078905	0.22922149680229098
0.23298327972494756	0.07611350251376804	0.3095386122572336	0.1519737801380431	0.22939082536600747
0.231661632387469	0.07242880997307011	0.3120464286668446	0.15262987772324732	0.2312332512493687
0.23193531454314414	0.07306861449170651	0.30969485335513125	0.15059481000222347	0.23470640760779438
0.2337725361311552	0.07820905802463562	0.3089089560592287	0.15018367977283964	0.22892577001214062
0.2297810881196452	0.07840875477242727	0.3101125419263124	0.15055972598923262	0.2311378891923823
0.23165983244701624	0.07499461965471527	0.30910149673660325	0.15297893482593947	0.23126511633572552
0.23016817720423408	0.08057901567093625	0.3071964435489716	0.15337464382173083	0.22868171975412702
0.23034037737936475	0.07734485031256108	0.30948768959595263	0.1540283295695799	0.22879875314254144
0.22999548765310443	0.07388609028054988	0.3103490986641624	0.15363167163987498	0.2321376517623081
0.23340460509586686	0.0725129272076703	0.311913436946581	0.15316733179833433	0.22900169895154726
0.2318640326857226	0.07520433984627227	0.30936796723199134	0.1510553834328466	0.23250827680316694
0.23259415986542906	0.07185345188273881	0.3116390808913995	0.15217015365725772	0.2317431537031746
0.23026189073532	0.07631044458935063	0.3087776472938304	0.1511812525211929	0.2334687648603058
0.23191064238486386	0.07436328085634389	0.30870486021915505	0.15488232896791326	0.23013888757172368
0.23284414545489995	0.0743201355539519	0.3070891326428771	0.1520228409378065	0.2337237454104643
0.23049397638719019	0.08015178065591336	0.30923718108766585	0.15122183191707078	0.22889522995215958
0.23072131769273477	0.0748945448374432	0.30932972900641575	0.15559803303874498	0.22945637542466102
0.23084967557764674	0.0746873888395253	0.3100296131502704	0.15366131712497477	0.23077200530758257
0.2300536274920532	0.0770057386131936	0.31176970987511443	0.15302207162948694	0.2281488523901516
0.230122805063797	0.07503666890714947	0.3121818204853507	0.1527660048807834	0.22989270066291917
0.22986102781061746	0.07947297433220543	0.30922244224365325	0.1516710681493043	0.22977248746421924
0.22973643054659731	0.07904082308703396	0.307543086954131	0.15060296370380488	0.2330766957084326
0.2335341329521519	0.07535931959897392	0.3072375856709006	0.15242497864116106	0.23144398313681233
0.23306192620810123	0.07211480423392702	0.310492667080464	0.1542870212500475	0.23004358122745996
0.23480110517682465	0.07393348503661004	0.3071471231318101	0.15479555727043545	0.2293227293843195
0.23271463553370736	0.07271897394656582	0.30934515561865644	0.15363381942426496	0.23158741547680517
0.22983088703598972	0.07971454987845793	0.3069299670477608	0.1539182521704356	0.22960634386735573
0.2303377650739758	0.07372308692415602	0.3098663746064277	0.1534485127243052	0.232624260671135
0.2328158915375711	0.07406568883102374	0.3111243957314528	0.15150264029868082	0.2304913836012713
0.23199889798649462	0.07872578945453454	0.3085910538323878	0.15054285977232254	0.23014139895426033
0.23376446249975183	0.0737231243342732	0.30906981668953915	0.15179819986162674	0.23164439661480885
0.23130520748405273	0.07384893919515784	0.3108856065218348	0.15184142821482755	0.23211881858412686
0.23395260327001996	0.07718615372634231	0.30903240479961047	0.15116056819484733	0.22866827000917972
0.23049727530885197	0.07825468545497526	0.3068892583902849	0.1514878676432548	0.23287091320263276
0.2330790235069287	0.07531998261836116	0.3092214462100931	0.15062349683794787	0.23175605082666892
0.23457262033396425	0.07313347197168141	0.31023706967056136	0.15303345188479417	0.2290233861389986
0.23168106800705845	0.07441440596321242	0.30894440189123085	0.1543169617966784	0.23064316234181967
0.23023750768966936	0.0723520372058171	0.31156787743537806	0.15117224676330288	0.2346703309058324
0.23170963470442454	0.07135470252753423	0.3104209834526789	0.154880863160451	0.23163381615491108
0.23058585724436337	0.07571174121699537	0.3081068784978538	0.15439659135029707	0.23119893169049022
0.23387273350706678	0.07322527490592098	0.30712648004912185	0.15423483429404913	0.23154067724384098
0.23150208622976357	0.07208703927707402	0.3107083694011652	0.15137383442563285	0.23432867066636417
0.22966223203834485	0.07752110971947	0.3080611686504361	0.15101037925142866	0.23374511034032014
0.23081213650364663	0.07402082758325856	0.3095208408076441	0.15088903436863943	0.23475716073681108
0.2339317797965825	0.07194759671695364	0.3088058023871786	0.15506590738710835	0.23024891371217668
0.23185593762154347	0.07432537468733141	0.3088116756390503	0.15229519575019806	0.2327118163018765
0.23106478670443412	0.07597088698025771	0.30770008383891334	0.15381897494571106	0.23144526753068353
0.23422308962634333	0.0718666857202149	0.3103117217447181	0.1513520284732051	0.23224647443551827
0.2300701246891097	0.07701405933469857	0.31019017913035796	0.15025375648965048	0.23247188035618302
0.23122035375363617	0.07334379323888515	0.3123348353101273	0.15275589712165008	0.2303451205757011
0.232142299372434	0.07498976364261667	0.3112245052539536	0.15225436736689005	0.22938906436410536
0.23480917588567574	0.07425409002479375	0.3071175965721074	0.15537045652712317	0.22844868099029966
0.23031804485599475	0.07194711932488457	0.31214097503483507	0.15118931706330152	0.2344045437209838
0.2310859958773586	0.07728365958358682	0.310636669068584	0.150348662810313	0.23064501266015738
0.23164509637243716	0.0737755251353378	0.309917050607351	0.15476831644881117	0.2298940114360627
0.23371025138673493	0.07233020461314679	0.3118117069873151	0.1527671546361905	0.2293806823766124
0.23326786964096413	0.07538051961880995	0.3106504132401107	0.15199916491479354	0.22870203258532143
0.23232406787827264	0.0766047532749418	0.3068033478627135	0.15436835115958064	0.22989947982449116
0.23098692555556516	0.07230418639648759	0.31048063465342635	0.15549353823352502	0.23073471516099567
0.23093723710906744	0.07686696658325186	0.3102804292793154	0.15292309642799806	0.22899227060036703
0.2331672477358974	0.07232565152370196	0.3120265548964911	0.1505787732923865	0.23190177255152278
0.22963833799539335	0.07702987574678159	0.3082855176216297	0.15040949123410335	0.23463677740209174
0.23443514775233937	0.07293616036980655	0.307776837111436	0.1520918546126646	0.23276000015375328
0.2312922295440461	0.0777102529592631	0.31200380798597305	0.15018834995521765	0.22880535955549985
0.2330428193411183	0.07483924707797879	0.3094455968097172	0.15204418940616946	0.23062814736501594
0.22961356875409905	0.07579922288281842	0.3116945173143358	0.15094119005907541	0.23195150098967104
0.23209153985902536	0.07690246087462925	0.3089319485677909	0.1528821783473959	0.22919187235115834
0.23493894781527522	0.07175436759684156	0.30951170936388367	0.1521109729897042	0.23168400223429508
0.23314499195321972	0.07190361158175493	0.30950956657088713	0.1524237196069719	0.2330181102871661
0.23080875487864183	0.07681909411898837	0.30872610687304497	0.1525997794700498	0.23104626465927477
0.23178445477969903	0.07118153923542081	0.3123845543949426	0.15183457171814574	0.23281487987179153
0.23414109971492356	0.0727547370488889	0.3092251581388846	0.15560249120230035	0.2282765138950023
0.22960023772162313	0.07327344653394977	0.30852933894021695	0.1536868833401172	0.23491009346409272
0.23196002654151776	0.07961426143039751	0.3071586701686954	0.1505070920967178	0.23075994976267122
0.22993386146514327	0.08018028304464832	0.30720882683231004	0.15448741274694333	0.22818961591095477
0.23113742283338032	0.07511032899863218	0.3103641278447996	0.15012342317100483	0.23326469715218281
0.23291650015680024	0.07361780505581711	0.30957307509687654	0.15026725355552978	0.2336253661349761
0.23499812806023157	0.07417200100881693	0.3115482672396302	0.1505399416558647	0.22874166203545634
0.23355818922978716	0.07224081976889679	0.3087096782683515	0.15394551225795175	0.23154580047501255
0.23080456321176426	0.07343000511600081	0.3095817423707736	0.15563653758707932	0.23054715171438173
0.23133341801497856	0.07223063359109314	0.30897523755222944	0.15515432260326353	0.23230638823843508
0.22991837736607026	0.07562058082015785	0.3103428589252011	0.15443090735400128	0.22968727553456925
0.22996501844302333	0.07679121355260263	0.30838897000336063	0.15553859479348653	0.22931620320752666
0.23324293377243	0.07389705608204514	0.30761572447284585	0.15384986312279125	0.2313944225498875
0.2312970346519639	0.07190821950377638	0.31066365239760646	0.15169551696185588	0.23443557648479713
0.23071877941031735	0.07801272365549333	0.30967650280232006	0.1521854721113577	0.22940652202051134
0.2316906663490585	0.07208103113018743	0.3121659621865838	0.15306521847259874	0.23099712186157126
0.2339851405108127	0.07308311888582938	0.3102933005700646	0.15446156529220842	0.2281768747410846
0.231870704552033	0.07255716277876034	0.31204337182434266	0.1542284728568925	0.2293002879879712
0.23105981050329874	0.07316163128362776	0.3120958933699251	0.15277453184942946	0.23090813299371868
0.23178635770587497	0.07256190304713409	0.3106191663019674	0.15513846250227292	0.22989411044275038
0.230442586317999	0.07123670111200159	0.31071412930709413	0.15416187062878178	0.23344471263412322
0.230052031140346	0.0790208809590509	0.30786804521362904	0.15149356898935507	0.2315654736976188
0.23340304905009468	0.07125360809379705	0.30936967421361383	0.1527596480252947	0.23321402061719948
0.2317319871768436	0.07736703463602009	0.3109019746941751	0.151454683838113	0.228544319654848
0.23391480659343672	0.07714723055846186	0.3077010075966945	0.15259295184279903	0.22864400340860766
0.23178445285096305	0.07628818922728048	0.3083303014389839	0.15137497410095865	0.23222208238181366
0.2338883721186912	0.07464401505858409	0.31023071874534003	0.1507180190326583	0.2305188750447261
0.2296732897744845	0.07760951211051656	0.30927385273020436	0.15418585348944677	0.22925749189534758
0.23354560092176366	0.07292257751313513	0.3118254620444051	0.15306792074782552	0.22863843877287027
0.23096165926970713	0.07198645656131294	0.3101708776160954	0.15330285699355367	0.23357814955933065
0.2299972223129344	0.07256861730414882	0.3096958324671242	0.15348989080545278	0.23424843711033957
0.23213251692883127	0.07383016876393247	0.3100235015715277	0.1555789015089662	0.22843491122674212
0.2349848260734279	0.07322233953992413	0.30720652866664266	0.15579039262540878	0.2287959130945963
0.23498059682312805	0.07711318417181293	0.30676876659969543	0.1514801697666615	0.22965728263870178
0.23288235161343737	0.07300185698074269	0.3075044554466396	0.1533922605060936	0.23321907545308646
0.23053942266139277	0.07747175840267496	0.30765079893305247	0.1515208289955618	0.23281719100731774
0.23036164764711628	0.07935787800033635	0.3079301812928614	0.15377278520575188	0.2285775078539338
0.23330099782473052	0.0779235302407626	0.307368211849822	0.15182243786868302	0.22958482221600168
0.23309813788580458	0.07138650753750658	0.30974002092904257	0.15450660456125254	0.23126872908639345
0.23106730197876607	0.07717299273872037	0.30774840798491593	0.15349956948856647	0.2305117278090309
0.2307836003686562	0.07247290601401113	0.31195912885684324	0.15485493357084135	0.2299294311896479
0.23203897859571532	0.07251171385992228	0.3119205173313924	0.1530950803278166	0.23043370988515316
0.2344324181090141	0.07135343325293092	0.309457620009159	0.15261252111499782	0.23214400751389794
0.23383547198207444	0.07487205840746938	0.3102658329435614	0.1506046181566732	0.23042201851022132
0.2333091029145759	0.07434023016453381	0.31221923375686617	0.15209109173009516	0.2280403414339287
0.23288649069441597	0.07288647007550372	0.30841602145887603	0.15426768542838018	0.23154333234282387
0.2305536684352124	0.0761759817892626	0.30677674233703023	0.15490154677313817	0.23159206066535631
0.23366625659243992	0.07238679232050707	0.3076273736801467	0.15292754361192362	0.2333920337949824
0.23225584803196903	0.07593816252848448	0.30907132597972087	0.1526362173567395	0.23009844610308589
0.23384011209788946	0.0719663135663243	0.31042029339482075	0.15328404009866603	0.2304892408422992
0.23023565123211764	0.07861912859073321	0.31114884098668577	0.15007003788166606	0.22992634130879705
0.23432360233456212	0.07749498796942882	0.306960964977824	0.1527056409476614	0.22851480377052344
0.2341162123264103	0.07160646963318396	0.3088165785669069	0.1521405519616093	0.23332018751188927
0.23387093859095734	0.07597716828304557	0.30998598829612	0.1501847408039252	0.2299811640259517
0.23455874000345656	0.07542939120884577	0.3088283664116001	0.15283464945202707	0.22834885292407026
0.23329446611176563	0.07217123142432383	0.31181394564243	0.15350664906656752	0.22921370775491282
0.23032368879591936	0.07486729474452428	0.30984332689963995	0.15417066850232153	0.2307950210575947
0.2321430957932137	0.08030338577880285	0.3079547175648366	0.15127114341203732	0.22832765745110922
0.230411466680791	0.0739053353935904	0.3084812401788851	0.15577796084553017	0.23142399690120308
0.2349123006354798	0.07288337077949544	0.3070361255675471	0.15259216636433687	0.23257603665314053
0.2301849316297185	0.07228821553597087	0.3119588847258048	0.15175100783006842	0.23381696027843712
0.23133191011974277	0.07616966651639012	0.3078845523465607	0.1540377247993716	0.23057614621793457
0.22965282227923595	0.07905806799301549	0.3073197285702589	0.15321623310483964	0.23075314805264976
0.23170157560225238	0.07122062010595387	0.3089128420519993	0.15592744126752894	0.23223752097226524
0.23154192603346785	0.0740766165742184	0.3111933461058211	0.151767210597202	0.23142090068929042
0.2299101620857626	0.07548861242296388	0.31171957396221484	0.1517495509532093	0.23113210057584913
0.23177000568573308	0.0779788689134518	0.31017808262193897	0.15203671237156152	0.22803633040731444
0.23277494748476926	0.07411421263544074	0.31115529771821976	0.15254866877139472	0.2294068733901753
0.230845109598763	0.07714535420244775	0.3082004377043961	0.1550266727276412	0.22878242576675173
0.23056540563554628	0.07683868613702784	0.31196418002818094	0.15154984891796494	0.22908187928127977
0.23378526530778732	0.07769495403486885	0.3077751288961168	0.15032159222380187	0.23042305953742495
0.23225209931425833	0.0745124173775829	0.30911463349951385	0.1504110450257454	0.23370980478289927
0.2340212067204356	0.07315580048986986	0.3070180918519006	0.15449075712302032	0.2313141438147734
0.2324477548175775	0.07347087595379914	0.3082940748362095	0.15473791472387252	0.23104937966854106
0.23113037062797415	0.0735168353388336	0.3095078499616822	0.15268077019184453	0.2331641738796653
0.23481289636114983	0.0724759190281255	0.30798135357775536	0.1547024727167797	0.23002735831618937
0.22986835111145723	0.07225646508229883	0.31093498052461643	0.1519273435955605	0.2350128596860667
0.23064510487318723	0.07841271682072287	0.3076194209360471	0.15319738203979494	0.23012537533024754
0.2347111716018654	0.07452631539483662	0.30841100514286607	0.15151955735275083	0.2308319505076809
0.23000255187966592	0.07339886394733233	0.3119233459658614	0.1509391305569363	0.2337361076502038
0.23099443082585852	0.07424888237027003	0.3077701077282228	0.15289789399852569	0.23408868507712277
0.23333572960885213	0.07722417509261664	0.30827578532505423	0.150353979030426	0.23081033094305076
0.22972370464561173	0.07382361246492802	0.3102861284123713	0.15483274243168277	0.23133381204540593
0.23030028866850136	0.07804183626333483	0.3071609386236128	0.15442984161203693	0.23006709483251378
0.23277056756053072	0.07224362452420902	0.310814591744286	0.15544024558842234	0.2287309705825517
0.2312034626354825	0.07588579132261933	0.307941345218754	0.15413767709209752	0.2308317237310464
0.23153087751351437	0.07256792218088004	0.3088905559098971	0.1559947582378029	0.2310158861579053
0.23204543392318447	0.07199188033305928	0.31044422454699183	0.15059154265274055	0.23492691854402362
0.23234827773655256	0.07264856758275276	0.3087006936160929	0.15340742724974485	0.23289503381485663
0.23249953491447367	0.07207761504567181	0.31111046024843725	0.15007689103015787	0.2342354987612592
0.23007241633105546	0.08016830780440377	0.3091643382901331	0.1520261765361399	0.22856876103826748
0.2307410375344846	0.07491922323428354	0.30836152938337336	0.1543920388402366	0.23158617100762166
0.2340026502115648	0.07305055590016798	0.3097287541719534	0.15193340077932918	0.23128463893698437
0.22985945142118433	0.07721524805102206	0.3085984400121492	0.1521395011836981	0.2321873593319461
0.23056293287116636	0.07182446952647167	0.31022749782801845	0.15384214322318482	0.23354295655115845
0.23227096960909538	0.07357408357010531	0.3071679924473924	0.15399651303195405	0.2329904413414526
0.2326171634206395	0.07199862986591643	0.3118541515620642	0.15126540180162373	0.23226465334975582
0.23300492328089978	0.07451511793755944	0.3119592059329686	0.1501391275456438	0.23038162530292816
0.23011477853167253	0.07300141605705382	0.31142377026813206	0.152999414536111	0.2324606206070304
0.2319981306078923	0.07386699799968507	0.3071782714874592	0.15308273241338702	0.23387386749157615
0.2342100417577609	0.07115462792820748	0.31220203249950623	0.1534078944909706	0.22902540332355456
0.23133186084934393	0.07586136632470081	0.30829937866554874	0.15483696185580142	0.22967043230460488
0.2308544937929068	0.07861405783126228	0.3071504606319115	0.15184723784251913	0.23153374990140008
0.23472852805103273	0.07537126919833473	0.3078035254793705	0.15179219130484778	0.23030448596641398
0.23404989228247217	0.07543329588746632	0.3082885064616832	0.15117057294859415	0.2310577324197839
