0.20885040315699072	0.07135023665607265	0.29596937649647304	0.17166006904834702	0.25216991464211636
0.2165317061956638	0.07582738029673658	0.32056542970946167	0.13027995560606115	0.2567955281920765
0.22604104913317902	0.05282721907366808	0.34696745724031497	0.11907563787227443	0.2550886366805633
0.23249485803614858	0.05314409171449927	0.26608536283071804	0.1783688521308162	0.26990683528781767
0.3260359153033238	0.05296946489714663	0.23648952051309302	0.15582395399440682	0.2286811452920294
0.28642954373422347	0.05229486296185834	0.34339056310823435	0.14244574337687022	0.17543928681881338
0.2652754052510208	0.06040187737698685	0.29351551890245964	0.15165995085980222	0.22914724760973024
0.2667934841641006	0.07088465372946495	0.3125864278037467	0.17609432923377466	0.17364110506891284
0.20309509423078215	0.061926487022343324	0.31044866527444265	0.1783613816611549	0.2461683718112767
0.3353674014734793	0.07997871420405381	0.2903303251049816	0.11893393304422142	0.1753896261732635
0.21673679689982606	0.04619851392842614	0.3538549020357293	0.16531262435072672	0.2178971627852916
0.25916169125940386	0.060480522643626994	0.3160188815118793	0.17004347384773705	0.1942954307373526
0.2509255291769177	0.050915143790961986	0.29776542757054913	0.16026783188316635	0.24012606757840457
0.37491367410491744	0.0724153769009371	0.22841884180345318	0.11629603933275892	0.20795606785793308
0.25340353663264614	0.05818885492226897	0.2850982220313265	0.17067762073463144	0.23263176567912663
0.27495597098557156	0.06787637419545059	0.31196441902875116	0.13387881322212042	0.21132442256810605
0.24024823179417634	0.07091566946857661	0.2982321772159544	0.17131508706437631	0.21928883445691613
0.20873171723867323	0.05414410175051093	0.32214344236024156	0.1780975696145187	0.23688316903605539
0.25982914999001777	0.06792450543034864	0.3036083777016774	0.1781768955299765	0.19046107134797938
0.20732104567107318	0.07106381721639482	0.35715098150630054	0.17570528057458823	0.18875887503164296
0.3302799093691125	0.0778001199059732	0.23702570937391276	0.1743023042367752	0.18059195711422604
0.29284248052328177	0.07676739034610754	0.26590901367294184	0.13981241807333078	0.2246686973843378
0.2792332135716341	0.05551933049732363	0.30285710861848025	0.13127163306417156	0.23111871424839017
0.2300155370869757	0.06472535280488478	0.3445110402488101	0.17677278650765144	0.18397528335167773
0.20036904175959677	0.0630711826287598	0.3460163430204925	0.16746563695433014	0.22307779563682056
0.27934456317863243	0.05681869433443848	0.30432211105026025	0.1214321447283307	0.23808248670833787
0.18777609443607726	0.07330470351702062	0.3548552548850866	0.16004483496884886	0.22401911219296644
0.2005449772175899	0.057728253358304005	0.3210817208484885	0.16400314088691442	0.256641907688703
0.3005807438855518	0.0514414704138107	0.2772039312288026	0.1725913627090993	0.19818249176273534
0.32201121436744107	0.04636141050046744	0.3173160038609929	0.13188471686377257	0.18242665440732567
0.33645830356320505	0.060430549054452	0.26688212804474465	0.14854365873862896	0.18768536059896906
0.233146879038669	0.06518636533948288	0.3040178760644341	0.14411083145961817	0.2535380480977957
0.342150900076977	0.07514850612392418	0.2428513013403948	0.13337310601492508	0.20647618644377863
0.17046856257052756	0.07559654003692144	0.33123524708892016	0.16374623875179245	0.2589534115518382
0.19854079441431982	0.07252158888454957	0.3575519693935054	0.14443755650497953	0.2269480908026455
0.17789922194696164	0.061513644673451856	0.33917565015279305	0.17967452169567738	0.24173696153111587
0.19669322158807592	0.07398363193061214	0.3523166344298321	0.18139351318814984	0.19561299886332986
0.22582536471189657	0.07366920709861793	0.32441354838248126	0.17100768141286216	0.20508419839414185
0.3084555404250158	0.05995569045421473	0.27454210411434987	0.12056277136139816	0.23648389364502115
0.3449028985456566	0.047821869493859415	0.23510796990617583	0.1404274074302489	0.23173985462405897
0.1511658878955474	0.07450369254668923	0.35891147162812886	0.17282574777620288	0.2425932001534314
0.2890412900341319	0.05791337795028695	0.29947039412063364	0.1379806860902546	0.21559425180469266
0.24576588079942877	0.06022425287954902	0.3474349690167441	0.15499926514079845	0.19157563216347942
0.2609076026468222	0.05995845297159014	0.32155558807249207	0.11536756285091246	0.24221079345818292
0.386184391479716	0.04977745987227419	0.22800439935210343	0.15499733115568198	0.1810364181402241
0.26652610336932503	0.07047587574596823	0.26386326208776867	0.16716634667536173	0.2319684121215761
0.2424023780126095	0.05069804778105755	0.30457853313561567	0.13147755974941067	0.2708434813213064
0.2748657397135713	0.057993530773951585	0.24798854730399592	0.17131681764734813	0.2478353645611328
0.32406316345184205	0.07891908949321808	0.2583487252836161	0.15670640794759866	0.1819626138237248
0.3550990929753599	0.04880796053998765	0.2392048910639732	0.17884198870719628	0.17804606671348272
0.38068550066466333	0.05687319493571122	0.25264359703505845	0.11742077459263406	0.1923769327719326
0.2827955370025903	0.06918630691728586	0.2476310832649452	0.1340024247229607	0.2663846480922176
0.23352701602826054	0.05171504498009821	0.2921618201734741	0.17920685300241632	0.2433892658157506
0.2625941236974865	0.04885455673980374	0.3002377612630791	0.1445562731985374	0.24375728510109296
0.2846098514478088	0.07816422485583814	0.274648049428926	0.17514608677344454	0.18743178749398223
0.29066946135882843	0.06316676186088446	0.3245422061361287	0.11831971804720173	0.2033018525969564
0.27896861102535697	0.06887623040175636	0.2814491663814025	0.13321275585021403	0.23749323634126984
0.30824754009734445	0.06337982392019456	0.2383054669859193	0.12556027801597774	0.2645068909805637
0.35969647621138073	0.05623305432026557	0.24334911308839519	0.15639636837509238	0.18432498800486585
0.3283025365864585	0.047645942397254254	0.2714532629105706	0.12980684191101233	0.222791416194704
0.22062687698304387	0.06952593880881913	0.2913333134528419	0.1596694139548207	0.2588444568004742
0.328600057444645	0.059679231852704406	0.24159606400024242	0.12062728421585964	0.2494973624865482
0.2903533793358821	0.07404348866876653	0.24664519086619474	0.12593073993333878	0.2630272011958176
0.23551264209056366	0.058943677975083764	0.3364239078826642	0.1658085956093284	0.20331117644235977
0.35437321169940295	0.0605310280654843	0.2821311394322742	0.1211950660659365	0.1817695547369018
0.3112946328441635	0.07322199928578263	0.274252976218434	0.1666881433782114	0.17454224827340828
0.2465119811743223	0.056337501154496095	0.27235088034470634	0.16462507979766017	0.26017455752881485
0.33539223091201864	0.05055999748368495	0.2768779497517634	0.13403992488021238	0.20312989697232037
0.315200774548651	0.05543809364244209	0.26776227402060154	0.15934034601719316	0.2022585117711119
0.1955128588922561	0.05274836349791026	0.3066810711794532	0.17703182789121819	0.26802587853916204
0.30038889189887397	0.04985579017370839	0.2765916369059752	0.12317058300985448	0.24999309801158762
0.30977142011820835	0.04701895346743165	0.24145229204693985	0.16085583513418056	0.2409014992332393
0.2739261514076337	0.048043441370806766	0.28583539470296526	0.1430777946665185	0.2491172178520755
0.33646210563204765	0.06820357734246263	0.2866867104833364	0.1379789179272916	0.17066868861486148
0.22883231593596587	0.05748027328012453	0.3151099922224227	0.14900589912713796	0.2495715194343487
0.2458023138959501	0.049312962082181055	0.29132926497336264	0.1484980849023225	0.26505737414618347
0.35034923675122814	0.0641234930730987	0.2545936682159588	0.148438105989197	0.182495495970517
0.3241048087413431	0.04666098086593101	0.2575771920542853	0.11800851379614728	0.253648504542293
0.27419154877663543	0.06181276721075968	0.3345001553307766	0.14238151944037472	0.18711400924145327
0.33279613019103216	0.04873905452446042	0.23599149601797353	0.16191711381809604	0.22055620544843757
0.3014003049121415	0.06132105836496074	0.24008907114949046	0.17088640399723407	0.226303161576173
0.20985617485780408	0.071364139217972	0.3127051772129842	0.14964182651743554	0.25643268219380394
0.16826891773768443	0.07186361573708586	0.36112421064433786	0.12949928215908552	0.2692439737218061
0.2108958639503979	0.051286908944229104	0.33779285423685984	0.160830340808306	0.23919403206020692
0.33147839682426694	0.0578732545810523	0.2613774275434277	0.11737391138614504	0.23189700966510768
0.3212750321016511	0.0600787418389912	0.23821973026664223	0.11735940967591596	0.2630670861167992
0.2585481182441758	0.04627256971403232	0.2857255761391194	0.15554204242892053	0.25391169347375175
0.28816195224145497	0.0641745738112896	0.28698463443264677	0.14085758470047813	0.21982125481413023
0.3316254636436393	0.06303395828668054	0.29166025080199215	0.12136632340351144	0.19231400386417624
0.24767028033434157	0.048317607019382314	0.28509493077518505	0.1616246474891686	0.2572925343819222
0.16186430183105255	0.07937959740597093	0.35064095547166374	0.1580450407580551	0.25007010453325745
0.22896147754428697	0.06128908762501323	0.34432206728672454	0.15063867523921262	0.2147886923047624
0.31601582208613377	0.07062496195143109	0.2590265926996305	0.12664959119395186	0.2276830320688525
0.3015465260821752	0.06676340655438451	0.28863252839546877	0.11720348455281815	0.22585405441515308
0.3372819336911643	0.07559790194599601	0.271971476463671	0.12400037658135854	0.1911483113178098
0.2414797999769306	0.07029253017506484	0.2944168740470333	0.1735912074053122	0.22021958839565875
0.2711019045514657	0.05672631104813142	0.28521055698458647	0.1570814092791745	0.22987981813664166
0.29281889599499045	0.06674676178946104	0.27903592181366116	0.17214197137237885	0.18925644902950828
0.30271205313938937	0.07566039400126455	0.2633841356130131	0.15457214821192045	0.20367126903441224
0.2791764573917678	0.05202528265231679	0.30952998685513267	0.16017749426272232	0.19909077883806015
0.34909337535410523	0.053093309982889386	0.2616271237921704	0.14339861665356599	0.19278757421726872
0.16026672092140123	0.07085707818096337	0.35902884117386946	0.17557042601355738	0.23427693371020836
0.31290642797691365	0.050764424838702	0.2993200795867247	0.15844547819294522	0.1785635894047142
0.29141741325663684	0.04929671571082758	0.29015348209088604	0.16963773451916758	0.19949465442248177
0.2791591729975603	0.04784898559349779	0.35359718536835255	0.14701485604613235	0.1723797999944567
0.26575946303685105	0.06226007253791496	0.29223943571723554	0.16846253436769038	0.21127849434030782
0.30691932290843815	0.07162929718241479	0.25163469638220576	0.17085287662517762	0.19896380690176343
0.3040817615885491	0.07446639743702316	0.2728941155521886	0.16586887315078527	0.1826888522714536
0.2613460773269357	0.07829469008680462	0.3278317772903122	0.14394774554062226	0.18857970975532493
0.3262652807939914	0.06675302383023751	0.30512915870274226	0.12651957212008025	0.17533296455294825
0.25127512483124104	0.0681734102264121	0.3022288182333145	0.16943634282048323	0.2088863038885489
0.3355506609433806	0.059693260592897174	0.28021964920190656	0.11656636753850036	0.207970061723315
0.2951160864273879	0.04755175710319695	0.25501976382113045	0.13844942803561916	0.26386296461266523
0.2948870918562023	0.05539127679278821	0.32364082924040305	0.15353179610236323	0.17254900600824294
0.2541506840466669	0.061137472247781155	0.24363097887763518	0.17650609567038483	0.26457476915753164
0.26245270154749	0.06125199420623223	0.2874394986853288	0.12129719115958547	0.2675586144013632
0.18332575482586752	0.052864552294724254	0.34802377063680834	0.17416946801943295	0.2416164542231668
0.24228278497768624	0.059163001554999484	0.3251068524766087	0.1735148520583818	0.1999325089323235
0.39913789494827023	0.04987439058497398	0.2301067870924365	0.13560076986570255	0.18528015750861643
0.2266458286796298	0.06832689007611026	0.29832202637928695	0.15800601184502125	0.2486992430199515
0.2407218022756926	0.060813648869228853	0.35642464121974776	0.16484372473660341	0.17719618289872713
0.21453273531193845	0.06801711503391183	0.2850204474842096	0.16546664042136827	0.2669630617485716
0.19657706574295325	0.06037097491044752	0.3555256928333562	0.1739016747275331	0.2136245917857097
0.19140194353390433	0.0704025151828756	0.29598700652633136	0.1790921592325139	0.26311637552437456
0.3573153897602129	0.04635170027987623	0.27993843039826566	0.11902692665664659	0.19736755290499833
0.3261013899146778	0.07816894257823767	0.23147584454200376	0.18000668029789296	0.1842471426671875
0.32386350579294987	0.054972187446809706	0.2939232359516844	0.13744208397484614	0.1897989868337096
0.24381985458973238	0.06548990196095827	0.3479226491966976	0.14032918701427408	0.20243840723833736
0.35132100044492987	0.07873410765943444	0.23173021733125973	0.11698998798956729	0.2212246865748084
0.3378968333327306	0.048836096020128006	0.2682533951664823	0.13508321221172426	0.2099304632689346
0.3471825080660277	0.049535417774212415	0.25709730688392557	0.1455805917358595	0.2006041755399745
0.37480471598276954	0.057750848406625616	0.2559553454662277	0.11872995485112138	0.1927591352932554
0.24067806653363205	0.051869414914033296	0.3520962055916388	0.14059354584332048	0.21476276711737513
0.3191575903017324	0.07879037724158064	0.2669325956621856	0.13358136458712006	0.20153807220738104
0.2742027887670899	0.06818648845939973	0.2862794407041435	0.16977222396169234	0.20155905810767424
0.40012613044614076	0.046957099050271844	0.23076010405481512	0.12044408001787338	0.2017125864308985
0.396137663742002	0.07914071715230518	0.22997192657817161	0.12174336571989443	0.17300632680762645
0.348895229138766	0.07499845606535627	0.2407192688859654	0.1228410817941145	0.2125459641157975
0.26520612485346684	0.0546111908198216	0.3530021490581885	0.1299007073553307	0.1972798279131921
0.23528922247005873	0.045892421509096726	0.3041719229438131	0.1529983722145329	0.2616480608624983
0.3185924367293587	0.05025691185956152	0.23524765266318515	0.1437851766076099	0.25211782214028444
0.14884767045550767	0.07070693277905152	0.35777502850186615	0.16776987714542435	0.2549004911181501
0.2411999924395541	0.046726372456993404	0.2909202738385933	0.16718765425269516	0.2539657070121638
0.17532721088643563	0.07267374512833077	0.3501688770931855	0.17585200116704794	0.2259781657249999
0.22055850038807975	0.06553966973017161	0.3240918324929501	0.1439859648134629	0.24582403257533542
0.23296532643095985	0.07702665680114014	0.344488448936634	0.13956511573239277	0.205954452098873
0.22001927546026714	0.04655487363746963	0.34124551845452306	0.13250325969519672	0.2596770727525432
0.3256191619112294	0.07767610815690382	0.27017950764015897	0.14855171061380112	0.17797351167790643
0.4053057685723961	0.04960474097445808	0.25216620535689466	0.11760655522366782	0.175316729872583
0.32724910976828253	0.06555108335990195	0.28072186677951183	0.14279439278578848	0.18368354730651487
0.35885476462699206	0.04940890203282039	0.28021655705013493	0.12944283346966726	0.18207694282038497
0.20699197914198755	0.07983546428964207	0.35000163136234086	0.1757615847714181	0.18740934043461122
0.3574609918930932	0.052985250857680466	0.25271828838210586	0.14895301075488362	0.18788245811223644
0.36020165909034507	0.06397115296719688	0.23782323645363163	0.12696107976482668	0.21104287172399944
0.3072862377984298	0.05900465262515936	0.27560679944474	0.1678609175095027	0.19024139262216788
0.34200317452409357	0.06578944417766341	0.2362721426398904	0.13579633671324304	0.22013890194510924
0.28030167279952545	0.05501043636200581	0.2980221816901071	0.11851890370045821	0.24814680544790316
0.21494303790751135	0.04741502775683734	0.29444957299617885	0.1747986177900104	0.2683937435494618
0.30244939956286077	0.07618884368069126	0.22807457785614282	0.15340190971555834	0.23988526918474656
0.2674746726395163	0.056694718078105	0.3276483934615213	0.1151358264999327	0.23304638932092447
0.2030682661077508	0.047294612028056154	0.3537834772709819	0.1738925714421407	0.22196107315107025
0.3626851254203828	0.04598282504867576	0.27485808779184523	0.12928891047017732	0.1871850512689186
0.23989667833288397	0.0720075649698993	0.2829170196971387	0.1465668746737257	0.258611862326352
0.26932530549582734	0.06136797034784239	0.25775711277118624	0.14520466095438297	0.2663449504307608
0.1907398133490433	0.0630565267917157	0.3346982542788014	0.16253109138331084	0.24897431419712854
0.33375760285139944	0.07705642276814952	0.25869392465036656	0.14481035279570478	0.18568169693437936
0.3215507338682432	0.0588892817912223	0.27918015441458494	0.1554305231039589	0.1849493068219904
0.2719406631427668	0.058048538752563356	0.27052120609531527	0.1543291512731712	0.24516044073618312
0.32989108128633415	0.04733352536296523	0.23688811256441497	0.16330650186524057	0.22258077892104475
0.3783323456026667	0.06683314519199962	0.25883215023033757	0.11481688704312755	0.18118547193186826
0.2571215044638487	0.07192307945411369	0.295202723854624	0.12536431795318076	0.2503883742742326
0.24906640047503725	0.0781576386927619	0.2988502316291862	0.13586856459536245	0.23805716460765192
0.3085761205306015	0.05228579961076185	0.23721175850709617	0.1791548015609691	0.22277151979057108
0.19413860342085923	0.07643527155519377	0.33009604402899645	0.1330870137961759	0.26624306719877444
0.28018833373144375	0.05009283395900835	0.29949668458052897	0.123518717991916	0.24670342973710266
0.20133497801046737	0.07741154641749258	0.3177150254430431	0.1773169168340222	0.22622153329497457
0.22117305384399372	0.07471918895536397	0.31173271198543373	0.13512366740295706	0.2572513778122514
0.25783866581070575	0.04878195291697618	0.35963789991934536	0.1345234052313164	0.1992180761216561
0.24110915469118716	0.06967042128890391	0.34766946170616375	0.1689771493819105	0.17257381293183446
0.2709907461500354	0.05417774433296199	0.335906906010098	0.14266507066023312	0.19625953284667122
0.4112609436519145	0.05684469475087145	0.23844854193980694	0.12047115290384403	0.1729746667535627
0.33059815014860594	0.06679047542830774	0.2850737934777788	0.13847956609811812	0.17905801484718908
0.2289227063122599	0.06553023677632785	0.32360978301280985	0.1594009941257435	0.22253627977285872
0.3264370675700139	0.06496254658957751	0.31385949560163506	0.11773466241699981	0.17700622782177336
0.2792663219749726	0.06679148177322203	0.25712846752311475	0.1603523823377978	0.23646134639089253
0.1730301769202769	0.05331628929364657	0.34192088410409893	0.17025427498179682	0.26147837470018054
0.16804447448585372	0.07902775865904355	0.34069722208184516	0.15272895427032518	0.2595015905029322
0.15868646349221188	0.07846927468166273	0.33636769466443506	0.18020716471659093	0.2462694024450992
0.26871877530785787	0.05351449913321443	0.29405457131942764	0.14391939661532432	0.23979275762417543
0.31976260949652735	0.06800192603905789	0.30456147714666904	0.1203939254120146	0.18728006190573085
0.2814541493993948	0.0680088497264475	0.27158527502929586	0.14248029326543615	0.2364714325794255
0.3282611621061563	0.07137621101081926	0.2715031088526049	0.14804624471094813	0.18081327331947114
0.23976190496622368	0.05852556631603248	0.33177538071253543	0.11788431739355941	0.25205283061164874
0.33521155466327685	0.0503366392533397	0.2349507606045395	0.15759837160702245	0.22190267387182122
0.29869925695622346	0.0590458511158983	0.2895281220368824	0.13918420281678195	0.2135425670742136
0.30944816789703833	0.05912497952949841	0.26009365007576807	0.1771629445284961	0.1941702579691988
0.29650591695195594	0.07656612000319715	0.3004718054783115	0.125932781140256	0.20052337642627918
0.2833148453191528	0.07429663765301373	0.26427610582943534	0.11770332127756679	0.26040908992083106
0.20861678520810814	0.05086582504910142	0.34235474093350193	0.14432602924029694	0.25383661956899134
0.18649749595689816	0.049875125261690995	0.35731266711522847	0.14853187289738784	0.2577828387687943
0.2878434688371439	0.0592312633911643	0.2822136589165105	0.17039306382664027	0.20031854502854077
0.38244970617504015	0.061885472306638545	0.22995413170401235	0.13129369040887068	0.19441699940543794
0.4079290230994471	0.048198865265914936	0.23865319342000502	0.12892695156361916	0.17629196665101338
0.29533214742204783	0.049498091351216245	0.31071127574331575	0.1634807728037849	0.180977712679635
0.3225502904200336	0.04819288145797973	0.2791267799210105	0.16500690470254925	0.18512314349842665
0.3455862067120589	0.04869946331460229	0.23782525329415566	0.17431615189630115	0.19357292478288166
0.3667426966946079	0.05373277707217036	0.23750595519536066	0.14237407546770953	0.19964449557015118
0.22134596821535027	0.06474381697936593	0.30217769206258316	0.15539531052991196	0.2563372122127885
0.3378034414145726	0.05140055893747081	0.23147461823677395	0.1391181639981847	0.24020321741299766
0.22468989954797183	0.07116247563479355	0.34142294865288303	0.11957692481771064	0.24314775134664074
0.20629246481672536	0.05614633267011049	0.29457398069013463	0.17547952134658434	0.26750770047644495
0.26128153888936145	0.062183997195652985	0.3124738954247009	0.12158641288606234	0.24247415560422209
0.21147017595955003	0.0615709470813256	0.2934725710145792	0.17592510824378174	0.2575611977007632
0.30317300705262085	0.0777378467200362	0.2388696798481974	0.14300224250430538	0.2372172238748399
0.292476611046927	0.06458040731675088	0.30876260228040686	0.12658932269542694	0.207591056660488
0.3571282155557557	0.06908403233429758	0.2468509259940816	0.13122129668015559	0.1957155294357093
0.24264373845741505	0.06091050508980528	0.2633323193854651	0.1741387635172934	0.2589746735500209
0.19771367968928202	0.07981435756535543	0.31311535619271436	0.1690205948191879	0.2403360117334601
0.2529961041557733	0.061878022394826426	0.2933058701624599	0.15798263027175788	0.23383737301518234
0.22971088239094128	0.04861461363719877	0.33613348880613014	0.12749856005815513	0.25804245510757445
0.20326883878177687	0.053070361568939184	0.339544391779337	0.1680622212887969	0.23605418658114985
0.2580575881833903	0.06443361458594815	0.3129192754703456	0.12742540563811158	0.23716411612220403
0.33180746469669986	0.04762276891985334	0.27633362533214323	0.16612957950494017	0.17810656154636303
0.2938449401695346	0.07385173098409581	0.2753677984395887	0.11468521054217687	0.24225031986460369
0.27181684069116	0.04883498073971798	0.31781681369786996	0.17412248249399573	0.1874088823772561
0.2637596528446222	0.046608616384096024	0.3106499339139094	0.15187235702858004	0.22710943982879211
0.3062946589674317	0.052952221415449474	0.27076538342283674	0.1783736133644524	0.19161412282982948
0.19126877691188732	0.07676528192616061	0.33100240949565113	0.13520763105779085	0.2657559006085099
0.28280494525220035	0.06949086537509502	0.31030449203779453	0.14688068748659924	0.19051900984831063
0.32442824054946773	0.046577255114241434	0.3180756356871447	0.11466807796045973	0.1962507906886861
0.33068363740877954	0.0782954379167812	0.23393437202611092	0.1279993384948089	0.22908721415351915
0.2861564143563027	0.048592952843151294	0.3251649306808627	0.1240422722757419	0.21604342984394106
0.29106377315476883	0.052625410923842875	0.33411741995456856	0.1396689834041015	0.18252441256271792
0.27027893912512774	0.07592922699324621	0.2943926286080595	0.12146635547601338	0.2379328497975529
0.2970542088645185	0.04867840737392631	0.3067201271430179	0.15020908182826023	0.1973381747902768
0.26649834777124776	0.05738972758798605	0.261676027014819	0.14369780279387612	0.27073809483207084
0.39333399129177704	0.055085432806273565	0.2482737311541927	0.12322985661683958	0.18007698813091674
0.2833594619715019	0.05079806782373428	0.2429077084187783	0.15684383262715482	0.2660909291588304
0.25049976703507953	0.052952699954534055	0.31624184675034517	0.14145007276230998	0.238855613497731
0.3239682071707052	0.06149851684203406	0.3078732783382818	0.12197148674190801	0.1846885109070706
0.2542295255648553	0.05440977615326281	0.32318338142488345	0.14152133984120463	0.2266559770157936
0.22230833337671288	0.07621295107253434	0.3230653544638451	0.11877508248466118	0.25963827860224625
0.24995851812041242	0.0598826307225572	0.3389147807020227	0.16527109544136498	0.18597297501364246
0.2171324525542469	0.0766971129084815	0.31876324929257666	0.1432359657215298	0.24417121952316495
0.204834725124614	0.057513989853802155	0.33182458782899926	0.1481025258532342	0.25772417133935016
0.29361199163839313	0.053413100086801474	0.2524672455459957	0.13609983995291497	0.2644078227758945
0.3588069863380103	0.04805240136164887	0.27831578555046255	0.13132281040893706	0.18350201634094093
0.20414035462313393	0.04721577887374154	0.3357150613712506	0.14637179324584187	0.26655701188603176
0.27827702047016756	0.07859211412770709	0.2874586169401698	0.13848069793906811	0.2171915505228872
0.23898834267015717	0.07773826650759133	0.2731114578808579	0.14925429098935783	0.2609076419520356
0.23458760389264635	0.0642378835993837	0.3371017165101182	0.17873568009140506	0.1853371159064464
0.2844911178377867	0.05605421641138425	0.31023896688301017	0.15460916676742742	0.1946065321003911
0.21351782769331593	0.04675266139129278	0.34190013797075225	0.14605766201152837	0.25177171093311046
0.2619913718519026	0.06312358014500558	0.32577923077301735	0.15166683115592003	0.19743898607415417
0.2547326235087121	0.06323039239670025	0.2646869700920113	0.149568745427057	0.26778126857551904
0.2377351783868285	0.07206438838721765	0.2862572474199278	0.17635985467744814	0.22758333112857768
0.18628370404269642	0.06569931295734824	0.342725943594431	0.1746122362409378	0.23067880316458633
0.34247831075249646	0.06895903854942967	0.23438756837364427	0.14985688283878834	0.2043181994856409
0.23943852173134347	0.06312904315736861	0.3286690475880006	0.12909061606045874	0.23967277146282837
0.23469634700809844	0.057917114299661315	0.3116682670443549	0.17301922329712477	0.22269904835076032
0.2893578156367216	0.06894932150630351	0.288204952101225	0.17581080193455886	0.17767710882119078
0.21824357864585123	0.05435004866212659	0.3572580555121405	0.12450088069159634	0.24564743648828508
0.30165814805234814	0.054634962508209234	0.34258377670986245	0.1305030614923991	0.17062005123718071
0.2491999583471189	0.051453515674892786	0.3022350316638977	0.15445281779658135	0.24265867651750905
0.2784080914163405	0.056653972257758006	0.2667490039208288	0.15926966393354755	0.2389192684715249
0.25469748119683744	0.07362362217937354	0.35049375830808027	0.13429021309655986	0.1868949252191486
0.3150378884747743	0.055117601679880945	0.277217742546609	0.12563954428365848	0.22698722301507693
0.3435625846914696	0.04706546173392476	0.26240602308145755	0.14215946010784294	0.2048064703853048
0.27723110038258997	0.05753127924058224	0.3555222746421163	0.13374452501351997	0.17597082072119136
0.25613127851387263	0.0768075323477386	0.3181268659708968	0.16382650256758094	0.18510782059991082
0.28270698014065687	0.052633198930724295	0.28562898434535594	0.15338323060186435	0.2256476059813982
0.28487662971706446	0.07651186191077147	0.2593633751498457	0.14227422780698837	0.2369739054153297
0.20917650904956156	0.07903499692950883	0.32740303852060126	0.12278984000761844	0.26159561549270965
0.2825768662847613	0.07044781219454749	0.26301099099719477	0.14678952972719453	0.2371748007963016
0.26393286405424227	0.07622596117190718	0.28665517385286743	0.1671950160546002	0.20599098486638268
0.3305536973175098	0.05324132228790637	0.25436576626672147	0.1671002886930273	0.19473892543483476
0.1770545935860338	0.07660313454441207	0.34871222315293715	0.13966013002609484	0.25796991869052194
0.33517741329631545	0.06007199985852146	0.26136688428443083	0.17289622454741588	0.17048747801331604
0.2757908976328107	0.05520470875220171	0.3584928848090775	0.1355182749665533	0.17499323383935647
0.3538578120294895	0.059644350513034516	0.23363032854408253	0.1731537659805207	0.17971374293287246
0.27350525013110905	0.051938814946929784	0.26228291238845425	0.14776450978682187	0.26450851274668474
0.388889761973839	0.06949612015469972	0.2572550456734991	0.11398514988597405	0.17037392231198778
0.31672018622457976	0.07255103803386012	0.2778920853269795	0.1153071261528165	0.2175295642617638
0.2188565764037272	0.0620565826980099	0.33128460972903734	0.12317081215058329	0.26463141901864207
0.2505160836863617	0.07149354427959057	0.26045411506049954	0.15056629106989358	0.26696996590365435
0.19372225123599116	0.06245234153997112	0.35384321945520975	0.16732426188486402	0.22265792588396377
0.3147173256021866	0.04754611783170076	0.2893618946730486	0.13042683752424006	0.21794782436882362
0.3024567549866325	0.046501764127289014	0.31447381287769516	0.15477833845816938	0.18178932955021365
0.3151879563619243	0.0724798742751217	0.2631713949625059	0.1176289136425758	0.23153186075787197
0.26675923110520383	0.062018424222132856	0.2843529658490308	0.13612610162188152	0.2507432772017508
0.31626495466715016	0.052194936316653756	0.2776692431797428	0.13982775019398339	0.21404311564246958
0.19190212437168566	0.07767428252720246	0.31994648818281174	0.16139550696896823	0.24908159794933166
0.22383412859716934	0.07303645132316414	0.343467949262602	0.13828273322451898	0.2213787375925453
0.3134521931258165	0.06052907517880818	0.30115306665178515	0.14330457301218702	0.18156109203140286
0.23154581217843567	0.076392457161829	0.28091225769867767	0.14596829109066325	0.2651811818703942
0.27078146619969184	0.0669039333859584	0.25350625395391	0.15345933331888564	0.25534901314155384
0.27149127737232426	0.07450075116604732	0.3186784648951265	0.15341290572560107	0.1819166008409006
0.21598831518559158	0.053038889900639735	0.3499960914417767	0.13744512549501808	0.24353157797697367
0.2552962305743543	0.06604706892543916	0.35125230651802275	0.12477110530034985	0.20263328868183372
0.364323733258265	0.059588058614868517	0.24887831009787786	0.13423985686418616	0.19297004116480215
0.2969096952725444	0.07350810728235516	0.3005828245522769	0.14341594019698922	0.185583432695834
0.21846052100691324	0.07820323791313379	0.3396785900133662	0.1509521018468525	0.21270554921973406
0.2802279579371903	0.07521145678549511	0.32647217652516064	0.12582815957642995	0.1922602491757237
0.29880145918513373	0.07399244010725228	0.2842051502855637	0.15073546238498095	0.19226548803706905
0.21516825253881272	0.07420646742841369	0.3459926455507963	0.14976318247457956	0.2148694520073975
0.3082875775424866	0.0759654518892031	0.2908019919738566	0.12891613992827794	0.19602883866617546
0.21923982647293222	0.07943245934597634	0.3204614497496856	0.14571395900709247	0.2351523054243131
0.23550031795532125	0.06047726934565567	0.3473370897876202	0.12383686824442552	0.23284845466697707
0.19309419363976865	0.06514327896225744	0.36042501446662945	0.1430585062622337	0.23827900666911062
0.2596371546838805	0.06834574702082358	0.31800886651814886	0.13128147956298408	0.22272675221416274
0.3655296329137229	0.0733312711768992	0.23157500514005977	0.140330872568928	0.18923321820038974
0.29350592270810805	0.06302358427087629	0.31355038431540466	0.11950791194019673	0.21041219676541403
0.32065825620881916	0.04847893322019911	0.29936313537866055	0.13834562049398927	0.19315405469833166
0.19270233464988323	0.07700726174547523	0.33142948929233285	0.14986868091484012	0.24899223339746834
0.22394287139931982	0.06665445802743122	0.35517839952881475	0.16779603287628014	0.18642823816815382
0.2880534683921066	0.04707742794382533	0.24985427907476562	0.16942648254771828	0.24558834204158383
0.2686664977830757	0.07929891442869343	0.3151430607987159	0.14324325328475307	0.19364827370476162
0.20968778131734753	0.07875105973440112	0.3531923939887909	0.12438926755668564	0.2339794974027746
0.2731960880774068	0.050943955459542806	0.2853651033530319	0.1451567600377618	0.24533809307225646
0.24534685234064899	0.07690721833385608	0.3020322865994183	0.16772075936139047	0.20799288336468597
0.2391123916074695	0.07454102815546909	0.302468057921682	0.16052541712807644	0.22335310518730273
0.23873405632876643	0.04762571379508107	0.3322258357065847	0.12548032845353305	0.25593406571603455
0.19697370298298267	0.07653477420421383	0.3162972362066756	0.14813848397950602	0.26205580262662165
0.197776919498418	0.0784206783408089	0.3162012220181423	0.1446231364769749	0.2629780436656557
0.3982289674002146	0.06422208851599392	0.22794768842067295	0.1185571391145435	0.1910441165485747
0.148200723334464	0.07826324340983817	0.3414359123520815	0.16603792525555072	0.2660621956480654
0.22913000492493688	0.05503013231930201	0.30833147531067023	0.14195274226202037	0.2655556451830703
0.1977009114889028	0.079497404714379	0.3453116555397334	0.17159225299176106	0.20589777526522351
0.26310454436930014	0.06839091223311106	0.24539343582896356	0.15363736512280748	0.26947374244581757
0.23658375077762853	0.05373019240590393	0.3045576342715513	0.16610518316730552	0.2390232393776105
0.3475089431262646	0.06260543438218291	0.2707465141673125	0.13815272986963628	0.18098637845460339
0.23932631547244912	0.04868581781888484	0.35489553688100367	0.13714797305889015	0.21994435676877197
0.24718966219430044	0.05175373305532163	0.25195665388369126	0.17879756198036398	0.2703023888863224
0.33812780955906085	0.048779838457873675	0.2827793940840859	0.12652955308838232	0.20378340481059692
0.20028242988703915	0.055132927964317124	0.36129362510687457	0.13062045004261166	0.25267056699915735
0.21157629738259054	0.051345598363601835	0.32127019015325275	0.17116465092662292	0.24464326317393176
0.2098612352116927	0.046922111111037584	0.3578925245360206	0.15916189986269946	0.22616222927854945
0.2502753978205887	0.06140845365631367	0.35508554167187456	0.15611182533359308	0.17711878151762966
0.3263600038208769	0.0699107563458097	0.25212639142185533	0.1596255693333783	0.19197727907807943
0.30910799975570974	0.06090759895303724	0.2455419890532013	0.1362869272126942	0.24815548502535725
0.1946257125540982	0.06209254032029546	0.339351933804127	0.1576139260923659	0.24631588722911324
0.28130669315382817	0.06442177645151739	0.2429602843032573	0.17327140376934422	0.2380398423220526
0.3386197754956889	0.04959773407836898	0.2296675600295826	0.17847361842480253	0.20364131197155674
0.2634609282970465	0.07347928690501265	0.2408459353482389	0.16995169275882893	0.2522621566908728
0.21267187123292994	0.062369357514801965	0.3100459271574493	0.17980088784826453	0.23511195624655404
0.19860513142915054	0.0753840960920326	0.33589630688820793	0.1333249368334192	0.2567895287571895
0.36868091398399755	0.06710314768251599	0.23046900650821117	0.12744413288172424	0.20630279894355072
0.34777664031924416	0.049375129368681575	0.24095252242588386	0.1169357505386874	0.24495995734750275
0.26164547997950877	0.07855006170001731	0.35181089296469104	0.13049524358050468	0.177498321775278
0.33137649195139973	0.07767786412125782	0.2473985506122392	0.12516165688089098	0.218385436434212
0.2749069986176505	0.07791570043652273	0.30859134703275903	0.12126457225773704	0.2173213816553304
0.2907310646271688	0.0618427505211481	0.26310811820773417	0.17064615923869894	0.21367190740524974
0.28787126336580515	0.04759170535853452	0.2852102240194698	0.1309450056412777	0.24838180161491247
0.24336735453990488	0.07698970493619474	0.34492448444680346	0.12979536862529273	0.20492308745180401
0.21168385277032406	0.06565330671343172	0.3438330236240821	0.15942769521058306	0.21940212168157885
0.23826576117317033	0.07076994508405654	0.29703996406128286	0.15351587907643133	0.2404084506050587
0.322954199250957	0.07987075999255035	0.23488619634169294	0.154528298648467	0.2077605457663324
0.3249693455990826	0.0656497647232179	0.30801407750245813	0.12072436381799943	0.18064244835724166
0.27825837243291474	0.07584603832461095	0.3081285874597513	0.14734753195290984	0.19041946982981287
0.21243960369981352	0.05689148276820241	0.331264208363212	0.17351822565032765	0.22588647951844415
0.34400335318362535	0.059244950620964715	0.23334057665158428	0.14246412842896233	0.22094699111486302
0.2830166441705937	0.05694100304126273	0.269164165919625	0.13820678166412956	0.2526714052043887
0.1788141064195007	0.07860342094466745	0.35697141426933265	0.1716668513089452	0.21394420705755374
0.2390590199018525	0.04973836311547669	0.2996693966252335	0.17950084911712413	0.2320323712403129
0.30286828827220347	0.04968424812747996	0.3156632000514414	0.11688240772522349	0.2149018558236514
0.28433598210584976	0.07077537841207099	0.2953436396577544	0.13307846692134329	0.2164665329029813
0.2187941603664575	0.0592524474927969	0.35034389711535896	0.12284142522714092	0.24876806979824548
0.18727331932113078	0.07916541776499354	0.29263687339745803	0.1774658508318689	0.2634585386845486
0.2961510444682497	0.0589213790956451	0.3091831497000263	0.15540330200058372	0.18034112473549485
0.2856240869616534	0.05934080202088393	0.2968460606662497	0.16129246333510697	0.19689658701610568
0.29760269059339645	0.07126611693632923	0.25984639595259695	0.14988315460207727	0.22140164191559975
0.3035464199008497	0.05649503285394383	0.3128443589086037	0.13493819688926018	0.19217599144734232
0.294237820217636	0.05493939995671909	0.31603556030077645	0.1277902445145811	0.2069969750102871
0.16450510951836217	0.07253334249504864	0.34851751533593456	0.15962639894026537	0.25481763371038907
0.3463470249735687	0.06634612802690618	0.2843031003605627	0.11427971637950654	0.18872403025945556
0.2181598049825848	0.07261751275605946	0.2712234753107141	0.16730715780947258	0.2706920491411688
0.21636459044168954	0.07208561565356852	0.34783574792207106	0.14632396231387806	0.21739008366879256
0.28370008184524853	0.04737571821782802	0.2998663514024881	0.14679978484065687	0.2222580636937782
0.301506502659153	0.0696169449098302	0.24370083416236563	0.1689351346462378	0.21624058362241305
0.23327649678516477	0.05627356338094017	0.3542179580272073	0.17246623816348688	0.18376574364320067
0.2820744209931496	0.04714440192285835	0.24733281562431558	0.15476364962384342	0.2686847118358327
0.2600616782901013	0.04763054159923977	0.29397643165703113	0.1304778355263394	0.26785351292728815
0.29021507365820254	0.06734353406387036	0.2966430388754719	0.16771883346320288	0.17807951993925203
0.2809178910386859	0.0678389808675024	0.2830487940953383	0.16161109678326785	0.20658323721520525
0.3719704421166853	0.05490871984540602	0.2752848416529762	0.12052149874135698	0.1773144976435752
0.29641767974445055	0.05269048318410374	0.26147061129590815	0.16896896150298707	0.22045226427255024
0.31116570505809377	0.060666691654482074	0.25631748804938936	0.12432734951994395	0.24752276571809056
0.3906728209800828	0.04590921120781949	0.25557754308016206	0.12151582468292067	0.1863246000490146
0.35535093009661306	0.06654687508877569	0.25053543721066207	0.11560845969287262	0.21195829791107626
0.2691519257517145	0.07305464777049159	0.2999148371379565	0.174368312383693	0.18351027695614416
0.1981252637721921	0.04828124851024518	0.3468954793807325	0.1404065174649744	0.26629149087185555
0.25130217358255724	0.06809483430658181	0.27823237266929624	0.17253563749814535	0.22983498194341906
0.24402056862458937	0.06155506114269382	0.35127110613420165	0.1519134851372195	0.19123977896129546
0.3396799325644694	0.04627029345347855	0.29831081725535163	0.11853671933290133	0.19720223739379872
0.27956970349294064	0.06369994548619351	0.3329955345504458	0.12995915421388488	0.19377566225653498
0.26846725652138304	0.0698957011457838	0.2722295440277316	0.16094307640055364	0.2284644219045477
0.2870023447081153	0.04949098390908513	0.24262674322751648	0.1735357923268557	0.24734413582842707
0.2670813147322906	0.06619518825911017	0.28978018618918855	0.16427378366532697	0.2126695271540835
0.21843665606787094	0.06245027785415025	0.31987538326709036	0.13290406997303283	0.2663336128378554
0.24006039009689842	0.058821376228123445	0.3069389577134214	0.14704544680453055	0.24713382915702597
0.2768669874231212	0.07868959834620484	0.29587610883742615	0.11515778487224398	0.23340952052100347
0.3316997347229906	0.07869329309909136	0.24720697598603497	0.13198628168547388	0.21041371450640894
0.2867340024187705	0.060324566688115366	0.3194509645244113	0.1455129560997519	0.18797751026895065
0.21700407863944185	0.06591672462703477	0.3485479264464276	0.17350990153163737	0.19502136875545817
0.31001199646287947	0.06455764792195554	0.31028555849300465	0.11916363314732141	0.1959811639748386
0.2857752651164754	0.0661044598276187	0.32427676935691097	0.13318009611869036	0.19066340958030437
