0.24203364774770508	0.20748995326333544	0.10213996672651449	0.2764702609568688	0.171866171305576
0.24197838235550556	0.20750404451301865	0.10217536229670182	0.27651570763500005	0.17182650319977366
0.2420364440916897	0.2074147478637096	0.10224599266811654	0.2764607247453742	0.17184209063110972
0.2419522821751997	0.2074741264931754	0.10220618135457055	0.2765182429790437	0.17184916699801037
0.24206988973275395	0.20742951832032547	0.10211532855559503	0.2765354680010515	0.17184979539027379
0.24198036508579887	0.2074841069172558	0.10218472476897719	0.27649681735401643	0.1718539858739514
0.2420213976341855	0.20748846401752316	0.10215255848506177	0.27650292564311685	0.1718346542201125
0.2419583825889102	0.2074695923476319	0.10224001265414363	0.27650430525407477	0.1718277071552392
0.24201561913128983	0.20739749170263766	0.10219234799908541	0.27652948704954383	0.17186505411744296
0.2419847791115386	0.2074957943735024	0.10213828897562173	0.27651327399489306	0.171867863544444
0.24203516606746167	0.2075166766698925	0.10214074823818671	0.27646934367695297	0.17183806534750584
0.24196471357063204	0.20744995401822958	0.10219882484113599	0.27652418576400045	0.17186232180600172
0.24202157248521527	0.2074670800543418	0.1021427840429577	0.27652595190689433	0.17184261151059066
0.24195359488060292	0.20738890122500447	0.10231658620412509	0.2765181240717281	0.1718227936185392
0.24203423278117636	0.2074643729308967	0.10213129987267423	0.2765299226050152	0.17184017181023722
0.2420309051058616	0.20744540509461018	0.102150282313527	0.276504615007962	0.17186879247803905
0.24197064390755402	0.20750336042486808	0.10218872635121852	0.27648954423375527	0.17184772508260385
0.24198605039615922	0.20742596982326927	0.10228556642526314	0.2764668501786483	0.17183556317665977
0.24203458813619913	0.2074391107939651	0.10224070512068344	0.27645745069638505	0.17182814525276702
0.2419951577958771	0.20740678662341072	0.10228011742164998	0.2764534826079337	0.17186445555112828
0.2419981776482043	0.20743964679253507	0.10223581829153876	0.27648506545997237	0.17184129180774924
0.2420312202271786	0.20743845023113558	0.10222071771591867	0.27647408962430997	0.1718355222014569
0.24197268277664946	0.2074034624591601	0.10226002048581515	0.2765088073168881	0.17185502696148694
0.24207036867533835	0.20740973286407183	0.10217238138532427	0.2765213046831878	0.17182621239207752
0.24194212853022726	0.20751480861404412	0.1021980018555338	0.2764772847507765	0.17186777624941812
0.24196832324669257	0.20744296346241914	0.10226823858470277	0.27646282792346066	0.1718576467827246
0.24206870070439168	0.20750448706666438	0.102112667184134	0.2764903912731531	0.17182375377165657
0.24197889722562807	0.20744984607797168	0.10225084142527201	0.27646514228854024	0.17185527298258774
0.24204356839587804	0.2074321865796243	0.10216674093964294	0.2764963530677099	0.17186115101714455
0.24199665900932155	0.20751503335135285	0.10211882796429039	0.2764988506161682	0.17187062905886671
0.24201628617032067	0.2074768781049201	0.10218583960185296	0.27646339859408614	0.17185759752881988
0.24198728543889164	0.20739204702665265	0.10228494306586482	0.276502612330754	0.1718331121378366
0.24195427901093236	0.20740394457946593	0.10231114386192972	0.2764930069224602	0.17183762562521154
0.24198037156796748	0.20749967330207533	0.10214724480563254	0.27652265804076054	0.17185005228356384
0.2420066410883651	0.20743179293838349	0.10218889738501863	0.2765127759310022	0.17185989265723034
0.24195799729633943	0.20739048947359706	0.10232399483105753	0.27647686979576785	0.1718506486032379
0.24200659564968263	0.20743607169119513	0.10221036893158517	0.2764885214301087	0.17185844229742814
0.2420718214588487	0.20740114232384127	0.10218514471582646	0.2764891220936135	0.17185276940786984
0.24207813467834532	0.2074067496327586	0.10213650803426112	0.276511497351825	0.1718671103028097
0.24207020427635173	0.20741951100301834	0.1021607437423566	0.27648867475822486	0.1718608662200482
0.24200177082341137	0.2074570600719247	0.10218284878895667	0.2765166926615168	0.1718416276541902
0.24207309122115855	0.2074641120045917	0.10211475689600434	0.27652330904345246	0.17182473083479272
0.241943744193941	0.20748777222472475	0.10219158746631322	0.276517558588817	0.1718593375262038
0.24209302730999963	0.20744132547940206	0.10213923238429362	0.27649621678853503	0.17183019803776944
0.2419965052994049	0.20739007350599312	0.10228614938738888	0.2765018167275422	0.17182545507967065
0.24209553224288397	0.20742476042526167	0.10213609988528548	0.2765033063860545	0.1718403010605141
0.24201939281857132	0.20749287193727625	0.10211680287080725	0.2765151507392162	0.17185578163412873
0.241945635554608	0.2074606316660212	0.10224214957928529	0.27652471807675505	0.17182686512333029
0.24199468119197304	0.20739159866414045	0.1022794880637766	0.27649049897967193	0.17184373310043777
0.2420166270729073	0.20739252903154215	0.10222072710635935	0.2765169690360849	0.1718531477531061
0.24200329188869335	0.20746836053832077	0.1022353753614731	0.2764661121703518	0.17182686004116077
0.24200698663319298	0.20739820711117554	0.10222626314447703	0.2765107166724123	0.17185782643874192
0.24203457350535995	0.2075131977650153	0.10211941867673868	0.2764770736799208	0.171855736372965
0.24200876576799824	0.2075050625615504	0.10213903527173292	0.2764890159114188	0.17185812048729943
0.2419410197818306	0.20738800550736086	0.10232722925896481	0.2764985287336681	0.17184521671817535
0.24197416757043455	0.2075064151394368	0.10220106599875392	0.27647079296848576	0.17184755832288873
0.24199455391846666	0.20740839973223799	0.10224717255569156	0.2764830897883935	0.17186678400521005
0.24206027584348316	0.20748668272387769	0.10214315177687404	0.27645485846411	0.17185503119165488
0.24200007896706394	0.20745643981146727	0.10220800270100784	0.2765036366468754	0.1718318418735853
0.24201263124928626	0.20743103640875982	0.10227449256745724	0.27645821193695663	0.17182362783753985
0.24202582191336036	0.20739810063196973	0.10226553761621049	0.2764631840465951	0.17184735579186405
0.2420172383804644	0.20745049248537123	0.1021949121180811	0.276472300632425	0.171865056383658
0.24205565421273842	0.20746122803335748	0.1021586926125407	0.2764867225075809	0.17183770263378229
0.24197084594640195	0.20747518229624076	0.10223477035966785	0.2764907293631264	0.1718284720345628
0.24203972310849037	0.20741615260771767	0.10220759335376589	0.2764731035266512	0.17186342740337462
0.24200817657244478	0.20743866673384856	0.10220658373353018	0.27650645335933105	0.1718401196008452
0.24195450884341088	0.20739865264841864	0.1023135035429167	0.2764959377487955	0.17183739721645808
0.24199023159003197	0.20739276871551457	0.1022641854310527	0.27651259604942097	0.17184021821397955
0.24202418603612233	0.20747256832518074	0.10215271273054316	0.27651140003070857	0.17183913287744496
0.2419891318548095	0.20752015768707394	0.10215816559378067	0.2765091929269827	0.1718233519373529
0.24201658298876852	0.20746720467495153	0.102128626509321	0.27653071411880614	0.1718568717081526
0.24196050241663675	0.2074247088270601	0.10227915281092814	0.2764914500913451	0.1718441858540296
0.24196883428973415	0.2074098841615908	0.10231048360913973	0.2764844876739738	0.17182631026556122
0.2419772432635358	0.20749338969887696	0.10222045243209596	0.2764809878774558	0.17182792672803526
0.24197847987027407	0.20745321121572827	0.1022151319318697	0.27649018515203955	0.17186299183008819
0.24196425714361064	0.2074799941424393	0.10222736629048719	0.2764660150556346	0.171862367367828
0.24204723266681843	0.20740921673271734	0.10220116967380412	0.2765063867221222	0.17183599420453766
0.2420784908752224	0.20741460042914034	0.10216491113032479	0.27651801673158205	0.17182398083373018
0.24202171413483076	0.20745694237581713	0.10217796848227352	0.27650152204779405	0.17184185295928428
0.24202377974099715	0.2074370462600483	0.10217376956517685	0.27651596385107	0.17184944058270746
0.2419653473748883	0.20743253733435477	0.10228174470873089	0.27645945895348367	0.17186091162854208
0.24204901821144867	0.20744574006986438	0.10216512474910829	0.2764748854718117	0.17186523149776672
0.24200547224791424	0.20742807507514052	0.10224869004209326	0.27646679314823	0.17185096948662176
0.2419454813432637	0.20746446220043763	0.10228388130703088	0.27647252321610044	0.17183365193316708
0.24195385685876514	0.20740110911543086	0.10226800107288717	0.2765205329618147	0.1718564999911019
0.2419807663364164	0.20745492279633165	0.10217216628795125	0.27653239124175566	0.17185975333754477
0.24194323384980473	0.20747906776451186	0.10220930689782554	0.27652430162811836	0.17184408985973923
0.2420163283321617	0.20749256089077386	0.10215125686909653	0.2764930533073402	0.17184680060062746
0.24194469491837722	0.20749608850744058	0.10225614354890206	0.2764580468476959	0.17184502617758393
0.24198829981202605	0.20741224030403033	0.10224921311257537	0.2765078265773683	0.17184242019399973
0.24194732883591197	0.20746434890862986	0.10224025065226557	0.2764875930627424	0.17186047854044997
0.24197503540384563	0.2074063427697701	0.1022860807243034	0.2764632557684831	0.17186928533359755
0.24194895142342415	0.20748831919904046	0.10226586348968167	0.2764703905334549	0.1718264753543986
0.24196418772310319	0.20745276547717312	0.10226054426596846	0.27647283138654427	0.1718496711472107
0.24206786704586283	0.20745757651595498	0.10212870859018343	0.27648178984261595	0.17186405800538257
0.24202600710600947	0.20746071893679885	0.10215420904840534	0.2765256965596534	0.17183336834913268
0.24199882990699084	0.2074877001892474	0.10212739641073154	0.2765250845268833	0.17186098896614674
0.24198002987118944	0.20743318819652923	0.10227138604980887	0.27648854504801157	0.17182685083446064
0.2419988209130326	0.20747470124560244	0.10213430380900844	0.2765261446756807	0.17186602935667555
0.24201023004482608	0.20748093698554088	0.10220256081827084	0.27645558323485186	0.1718506889165101
0.24201404020803302	0.20741818121421093	0.10218920886626091	0.27651280124463	0.1718657684668649
0.24208333026027362	0.20742844123428422	0.10217164822547423	0.27646650496408787	0.1718500753158798
0.2419678670397919	0.2074777179888511	0.10218152740008281	0.27651725036259994	0.17185563720867403
0.2420469385569974	0.20749308396452512	0.10211976430789728	0.2764905178977956	0.17184969527278435
0.2420107499145992	0.20746712499081243	0.10219620545709023	0.2764622429201139	0.17186367671738398
0.24199391763707057	0.20750525337208114	0.10211746861267965	0.2765242191473779	0.1718591412307905
0.2419485216541301	0.2074136501395539	0.10226880887496272	0.2765188588537085	0.17185016047764448
0.24196430340710268	0.20741120257572518	0.10221950324572411	0.2765349820786559	0.1718700086927919
0.24200350678066535	0.20744558097024118	0.10221744020733234	0.27649968228262073	0.17183378975914013
0.24205591089492146	0.20741688336474626	0.1022206238580374	0.2764623104058079	0.17184427147648676
0.24202937967962895	0.20751691825209703	0.10212076483386119	0.2764813990997457	0.17185153813466694
0.24205377935005246	0.20743883123813273	0.10220377203242793	0.27646327672409776	0.17184034065528891
0.24198599966564013	0.20741018966772123	0.10227114883991237	0.27646202440110607	0.17187063742561998
0.24200478595472208	0.20741346689502255	0.10222703508306405	0.2765058962809617	0.17184881578622935
0.24194391761810896	0.20750673320036575	0.1021459952225545	0.27653473705727116	0.17186861690169936
0.24194185870121226	0.2075190193946061	0.10222029059562127	0.27647611540434053	0.17184271590421957
0.24198968203843277	0.2074211819291638	0.10229262622816038	0.2764630737865016	0.17183343601774126
0.24205381628457287	0.2074701894279601	0.1021883796365967	0.2764636349820234	0.17182397966884666
0.2420019792853779	0.20747822811660546	0.10218035111777733	0.2765026614008437	0.17183678007939537
0.2420469570918154	0.20751460622788936	0.10211718185787037	0.2764877438112826	0.171833511011142
0.24198827448126564	0.20743336535020648	0.10222362382734879	0.27648991546287277	0.17186482087830607
0.24203314852703728	0.20749469882217247	0.10216036771681251	0.2764561256922895	0.17185565924168797
0.2420690233029751	0.20743655634483502	0.10212945605643604	0.27653062545601864	0.1718343388397349
0.24207509555541046	0.20740115699883008	0.10219381458747132	0.2764814399516451	0.1718484929066428
0.24207543971235634	0.20743540108933037	0.10216808563897044	0.27648091136723263	0.17184016219210996
0.24198725797534976	0.20746810488602233	0.10222061587730163	0.2764740418344224	0.1718499794269036
0.24198040018430697	0.20744008953542875	0.10220654788288898	0.2765254426150798	0.17184751978229532
0.24200431909336595	0.20747832452658627	0.10215099973170916	0.2765038248791781	0.1718625317691603
0.24197223500728793	0.2074653861327518	0.1021749073537162	0.2765262922142734	0.17186117929197042
0.24200076062009993	0.2075076743367457	0.1021323004297109	0.27652263819883116	0.17183662641461203
0.24196889550726422	0.20751695680744053	0.10219865310816792	0.2764602919926139	0.17185520258451314
0.24197081011928373	0.2074597493106626	0.10224298952385698	0.2764597809529696	0.17186667009322681
0.24198332060744981	0.2074835352808696	0.10220256239371579	0.2764774052069136	0.17185317651105095
0.24201779875422108	0.20749886960292507	0.10213731718005753	0.27650352917628007	0.171842485286516
0.24206679629508043	0.2074176113722628	0.10216591478952651	0.2765254070830178	0.17182427046011217
0.24200075005067245	0.20745381656658993	0.10223515886255724	0.2764840519942183	0.17182622252596177
0.24203723952844053	0.2074253351648871	0.10215016438291578	0.2765256603355074	0.17186160058824895
0.2419957591534277	0.20747668864138105	0.10217112597645833	0.27651712469631995	0.17183930153241278
0.24202503471291564	0.2074294880947134	0.10222362962922225	0.27649657244928477	0.17182527511386367
0.24196639131104455	0.2074004971124887	0.10230242662195173	0.27648182957476963	0.1718488553797451
0.242077195051783	0.20739596473626543	0.10214832154786656	0.27652778174772763	0.17185073691635716
0.2420713714842632	0.20745884776670098	0.10216560097276405	0.2764663313346465	0.17183784844162503
0.2420188432938418	0.20748192755184533	0.10218230220949534	0.27648813578467163	0.17182879116014563
0.2419678135801579	0.20738860406329412	0.10233735919054068	0.27646736859617116	0.17183885456983586
0.24207863180093375	0.2074171599026667	0.10214601582171383	0.2765289154608671	0.1718292770138183
0.24207112044489815	0.20749951330984137	0.1021210381222079	0.27645686535174385	0.17185146277130853
0.24204921002121443	0.20742774282316237	0.10219588132251753	0.2764982479499577	0.17182891788314772
0.24199059066980294	0.20742194939933148	0.10226819171184179	0.27647923143330144	0.1718400367857221
0.24197986284833595	0.20742691025015658	0.10223913079148815	0.27652703690365893	0.17182705920636016
0.24194680540921965	0.20746643694394248	0.10225214989071635	0.27648514101167815	0.17184946674444312
0.24196266634047914	0.20745614838764884	0.10221770599120408	0.2765146501164665	0.1718488291642012
0.24199815558817322	0.20749985649814853	0.10214582054083565	0.276511535602823	0.17184463177001935
0.24198742164403036	0.20745165028908913	0.10220179217283286	0.2765117830684888	0.1718473528255586
0.24195328166359584	0.20745321619072707	0.10225135010379893	0.2764747136316569	0.17186743841022104
0.2420606505907368	0.20749290962253641	0.1021344727554377	0.2764820322256614	0.1718299348056274
0.24195315271495696	0.20750342225234306	0.10219624662363413	0.2764922219853544	0.17185495642371112
0.24195851746826064	0.20746489955060407	0.10225135428057347	0.27648086916152803	0.1718443595390335
0.2419554447506541	0.20743420335523335	0.10224608110255644	0.27651600929396536	0.17184826149759053
0.2420221649826622	0.20750244555204475	0.10214227923424625	0.27649973141874923	0.17183337881229735
0.24203447615927914	0.20747401323420203	0.10217724271937999	0.27648993613100914	0.17182433175612943
0.24208079529107718	0.2074398311546057	0.10215502672197031	0.27646025288845855	0.171864093943888
0.2419425156805727	0.20747422347427819	0.10226130042108827	0.2764741824974922	0.17184777792656833
0.24196345715586448	0.20746774101025722	0.10220280553529343	0.27651265772284983	0.17185333857573482
0.2420872970851475	0.2074208813648041	0.10219297619493334	0.27647184131162744	0.17182700404348733
0.24204000084829735	0.2074279087403127	0.10220235579969399	0.27646617012758856	0.1718635644841072
0.24205171935052217	0.2074716688781937	0.102124139889748	0.27650338089301835	0.17184909098851753
0.24207027266236908	0.20738951840575412	0.10223435277004192	0.2764804542982279	0.17182540186360676
0.24201496253601698	0.2074558248403185	0.10217849126534702	0.27651685798234965	0.17183386337596762
0.24196221441338542	0.2074515545415287	0.10221589317018172	0.27652440372866394	0.17184593414624003
0.2419838570782893	0.20752508869435105	0.10220007710460774	0.27645934830624835	0.17183162881650332
0.24202363387294087	0.20748785780339146	0.10215418155229779	0.27651164238070347	0.17182268439066617
0.24195749928123528	0.20740923997141975	0.10230497612678881	0.2764711319161879	0.17185715270436802
0.24202172132808059	0.20747293076572942	0.10214260292765914	0.2765122047880556	0.17185054019047502
0.24196294227642115	0.20748892865046628	0.10222957460859879	0.27645538005629977	0.17186317440821378
0.24197880638204572	0.20749056740368596	0.10218527230318847	0.27648520205082794	0.17186015186025166
0.24207399046411682	0.20739279901776947	0.10223415172661682	0.2764614010261347	0.17183765776536195
0.2419466419755983	0.2074053786932058	0.10236318506525718	0.27645789986720837	0.17182689439873008
0.2419824989232567	0.2074984803622969	0.10218602551905243	0.27647534735980217	0.17185764783559154
0.24196393605072233	0.20747833611657404	0.1022290480645134	0.27646865901553225	0.17186002075265772
0.24199651146576398	0.20749819600323308	0.10214133726762603	0.27650060019843026	0.17186335506494638
0.24195760290410617	0.20751745248590597	0.10217702745709095	0.27651277836453425	0.1718351387883624
0.24202796593184556	0.20738819621551496	0.10226308799334398	0.2764895093570429	0.1718312405022523
0.24202339412441887	0.20739928845156982	0.10224249600650302	0.27650095303074734	0.1718338683867607
0.24201998936864655	0.20743343638635686	0.10218854715767357	0.27650633439505545	0.1718516926922673
0.24199521774512728	0.20751365531450794	0.10219381244169233	0.27647407222344034	0.1718232422752318
0.24196124292968157	0.20742586606954094	0.10223956200387811	0.27652124505114445	0.17185208394575466
0.2420285458483919	0.207483720794596	0.10216077191933222	0.27648770268897094	0.17183925874870876
0.24196619762192698	0.20748345562228548	0.10221764491706041	0.2764724810695389	0.171860220769188
0.24204722009525156	0.20752157360836973	0.10212319922414059	0.2764857631041884	0.17182224396804946
0.24194846489564859	0.2074143202960653	0.10230415955296027	0.27650796460761484	0.17182509064771076
0.24206059937404664	0.20738893241311984	0.1022199324718637	0.2765021127015989	0.17182842303937063
0.24196031814006452	0.20748096085941392	0.10219170663157447	0.2764972240902303	0.17186979027871652
0.2420482539711634	0.2074636912985269	0.10217193154239669	0.27647624175054264	0.1718398814373701
0.2419603982378145	0.207469336258517	0.10223778719822113	0.27649765247229396	0.17183482583315315
0.24194283716267942	0.2074179816623171	0.10230224971334101	0.2764957945423755	0.17184113691928676
0.24206975650357754	0.20741916240141803	0.10218006137081044	0.27650407075228617	0.17182694897190756
0.24195794145181787	0.20745225103313336	0.10225634536122546	0.27647001732220733	0.17186344483161572
0.24208153747905414	0.20740962136485785	0.10220872998074176	0.27647690905137196	0.17182320212397403
0.2420311954446392	0.20742896626771695	0.10220469416284692	0.2765075111844387	0.17182763294035797
0.242005377084696	0.2074741953287487	0.10222393807698349	0.2764584045144251	0.17183808499514647
0.2420507259641271	0.20746789722934725	0.10216256836173573	0.27649615980603043	0.17182264863875923
0.24198691274195694	0.2073965697540693	0.10226123236404147	0.2764933149340571	0.17186197020587496
0.24194778860132135	0.2073905593444062	0.10231132186306657	0.2764972134250939	0.17185311676611167
0.2420439659902984	0.20744882005896487	0.10219389491639232	0.2764532910653932	0.17186002796895097
0.24207489469174007	0.207467501680282	0.1021181995220597	0.2765044037163841	0.17183500038953392
0.24202763765966545	0.20750050094523095	0.10212667206590417	0.27647915919756716	0.17186603013163204
0.24195960631461008	0.20740617615117551	0.10227415768118679	0.27653176931019713	0.17182829054283022
0.242052361798056	0.20742611227674784	0.10220992621382957	0.27645509991008815	0.17185649980127818
0.24200746964730863	0.20740145595260243	0.10225784500105528	0.2764709074534469	0.17186232194558657
0.2420593668909699	0.20745851398763437	0.10212018556121855	0.2765017042424489	0.17186022931772799
0.2420561440643171	0.20741256274652467	0.10223105653721982	0.27646784131581204	0.17183239533612615
0.2420621931723099	0.20739021288982162	0.10222564170060135	0.2764937065950163	0.17182824564225058
0.2420491475044521	0.20743426317866018	0.10218621664639344	0.2765047383329885	0.17182563433750553
0.24201314641643146	0.20744710073493966	0.10222156797917607	0.27649396656789593	0.1718242183015566
0.24200951780041607	0.20742556157477976	0.10220443847620844	0.27651622747920535	0.17184425466939013
0.24197469487074952	0.20742537161247926	0.10229262373745829	0.27648508460584154	0.17182222517347112
0.24204812597260417	0.20743571880427106	0.10213772241781496	0.2765348386322765	0.17184359417303308
0.24206700158643474	0.2074817134021108	0.10211848926896878	0.27648511967729145	0.171847676065194
0.24202669596924464	0.20744467796083896	0.10215756084975773	0.2765189116525053	0.17185215356765313
0.24197440833140305	0.20739936242046803	0.10226039546114334	0.27652764493243853	0.17183818885454677
0.24199616670668012	0.20739519358732406	0.10227482490844772	0.27648748384690147	0.1718463309506464
0.241976344967484	0.20749567684579673	0.10221075626186946	0.2764556610661594	0.1718615608586902
0.2419524502726043	0.20742771088792505	0.10228447621643597	0.2764850021699684	0.171850360453066
0.24203494410430088	0.20740081695429347	0.10226374683757843	0.27647143732612267	0.17182905477770433
0.24196159633197625	0.20744566640180134	0.10224004719333511	0.27651538959268607	0.17183730048020096
0.24197343800836407	0.20748580797796606	0.10218039655648645	0.2765229846745766	0.17183737278260655
0.24196337281626185	0.20751156531497383	0.10221279811762785	0.27648926910335886	0.17182299464777734
0.2420334149625813	0.20750213719977378	0.10215974121926263	0.27647105442474135	0.1718336521936407
0.24202757244113093	0.20746714553981147	0.10218727807789667	0.2764685172212611	0.17184948671989964
0.24200414317224217	0.2075163893897813	0.10213313030819104	0.27652317670586357	0.1718231604239217
0.2419669596413893	0.2074505855158316	0.10222063175393055	0.27651323180722315	0.17184859128162513
0.2420672312181268	0.20747116035973578	0.10211162090673404	0.2765188725543427	0.17183111496106038
0.24196696530395956	0.20742310245906245	0.10224850634535156	0.27652550433051926	0.1718359215611069
0.24197438286364287	0.20740303846267333	0.10231132999445955	0.2764538299893186	0.1718574186899054
0.24195977174773176	0.2074833918652557	0.10222315378464068	0.2765005253270528	0.17183315727531884
0.24199462438281882	0.20748272563787162	0.10216416864458192	0.2765015689148506	0.1718569124198768
0.24209089729057295	0.20745466769902518	0.10213229919136399	0.2764673972984817	0.17185473852055594
0.24200374697270716	0.20742186763153259	0.10220898607757636	0.2765058436492337	0.17185955566894998
0.24208217691025866	0.20739122306820934	0.10218343265222905	0.2765079974624814	0.17183516990682132
0.24202592424169403	0.2074962025680368	0.10212800986146608	0.2765044683463866	0.17184539498241624
0.24204024773716554	0.2075219414024612	0.10213831231978666	0.2764539915749414	0.17184550696564496
0.2420625164268368	0.20741567331376334	0.1021797040417469	0.2765196813735817	0.17182242484407104
0.24200780501637442	0.20751211829638305	0.10213037621367548	0.27652011081326416	0.17182958966030265
0.2420285917870934	0.20744460548421767	0.10218112559174755	0.2764856648559172	0.17186001228102393
0.24203407125610552	0.20741857829212057	0.10221472965654668	0.27650916337517406	0.17182345742005295
0.24199198935399724	0.207450944781135	0.10222706410365753	0.27646898031133516	0.17186102144987486
0.24199425350799825	0.207482873873276	0.10220040247819054	0.27649964086412304	0.17182282927641193
0.24196181428666397	0.20749905009433325	0.10223896031349061	0.27646890123587836	0.17183127406963355
0.24206875204205958	0.2074186031119296	0.10214751490372789	0.27650486004734326	0.1718602698949394
0.24195476446098557	0.20744742119057077	0.10225916815752664	0.2764887932869734	0.17184985290394333
0.24209392190378548	0.20741718494036102	0.10213630105090128	0.2765224075030516	0.17183018460190033
0.2419818508811074	0.2074248328152381	0.10224382946824553	0.27650619544115035	0.17184329139425839
0.24198425843927623	0.20742139772976154	0.10226411179674905	0.2764841932795651	0.17184603875464793
0.24204780852334862	0.20745039727644282	0.10214264003840393	0.2765122499396718	0.17184690422213258
0.24205764474538166	0.20739363893978563	0.1022206674543531	0.27645924347400797	0.1718688053864714
0.2420331094635675	0.20742405871632774	0.10217827876247837	0.2765059829905453	0.17185857006708083
0.24194378370535607	0.2074835422912906	0.10228329281773682	0.276459217668322	0.17183016351729427
0.24198606621069574	0.20743782320408882	0.10227636318336727	0.27647733448147493	0.17182241292037295
0.2420332085287197	0.20739410389505358	0.10226501427887318	0.27645945015049067	0.17184822314686263
0.2419542186749154	0.20744654335444893	0.10228951587932537	0.2764656845117319	0.1718440375795781
0.24194210880041306	0.20740477096208496	0.10226769894959872	0.2765240604105265	0.1718613608773765
0.24206397583256842	0.20745019072582505	0.1021295032260351	0.27648800805156715	0.17186832216400402
0.24208375220122105	0.20745356675154	0.10214307495985513	0.27646449358537534	0.17185511250200824
0.24195577210050603	0.2074732575401404	0.10224685163491885	0.27646847671569524	0.1718556420087392
0.24207636250201303	0.2074368062866965	0.10216004831432776	0.2764918919436373	0.17183489095332516
0.2420562931923504	0.207430603974985	0.10219849324099922	0.276474450594815	0.17184015899685012
0.24202247847074054	0.20751917567005893	0.10211327733791477	0.27648747299002474	0.1718575955312608
0.2419611747737065	0.20746662469717317	0.10224651450484763	0.27650094381954976	0.1718247422047227
0.24200826721968394	0.20747761060037523	0.10214943119545333	0.2765197519301539	0.1718449390543334
0.24200631203811623	0.20745128861009274	0.102195117271527	0.27651044228288235	0.1718368397973814
0.24203567072147691	0.20744399095634763	0.10216459872167132	0.2765257224630346	0.17183001713746934
0.24202537411664307	0.20748006155486695	0.10216524102766855	0.2764915977647562	0.17183772553606497
0.24196897844027382	0.2074645853615576	0.10216150003412464	0.27653398269739127	0.17187095346665243
0.2420383704006171	0.20744932434963173	0.1021720099819842	0.2765005848048356	0.17183971046293114
0.24207128347855508	0.20746856950636156	0.10212568355621864	0.2765091961459011	0.17182526731296344
0.24197405495686444	0.20742969775745	0.10228472756658645	0.27647872425298875	0.17183279546611013
0.24195932519670574	0.20739939622285491	0.10231289060221206	0.2764853736229276	0.17184301435529947
0.24202190642590998	0.20747512364028697	0.10212667256697706	0.2765197176767803	0.17185657969004542
0.24204410125832349	0.20739085232428145	0.10222144598528483	0.27650415245649396	0.171839447975616
0.24196657263030574	0.2074275162367827	0.10225329034336178	0.27649852998397445	0.17185409080557507
0.24198112056203375	0.2074430929953866	0.10222629408571164	0.27651794082761716	0.17183155152925064
0.24200685965004565	0.2074257742749079	0.102253297685944	0.27645743401409895	0.1718566343750032
0.24201766858524426	0.20738923701801676	0.10227170719157969	0.27648692328075875	0.1718344639244003
0.24203105024077418	0.20743599370752733	0.10217475806383192	0.27650351383127125	0.17185468415659513
0.24194680282303252	0.2075053149241303	0.10219400927335569	0.27650535349578736	0.1718485194836939
0.24194865744206165	0.20751982021293677	0.10220806427436775	0.27646862434057207	0.1718548337300615
0.24202005340066576	0.20739423814888316	0.102282522207059	0.27646181756150323	0.17184136868188865
0.24206862819583033	0.207468390802088	0.10213525852242974	0.27647475938533317	0.17185296309431847
0.24203400648621629	0.2074273535678725	0.10220977738243871	0.27649189354465514	0.17183696901881712
0.2419460279903714	0.20745090868339572	0.10228486170548089	0.2764769323333792	0.17184126928737248
0.2419910733762558	0.20744297308930865	0.10223483502241246	0.2765072145206387	0.17182390399138417
0.24202583874844102	0.20746803844282236	0.10214366786544568	0.27652356750157286	0.17183888744171785
0.24194946460437766	0.20749314400018407	0.1022298052058882	0.2764611978336059	0.17186638835594392
0.2420273744203862	0.2074145704536905	0.1022286854682792	0.2764692829152442	0.17186008674239966
0.24200129699132575	0.20746417651862747	0.10215388237864505	0.2765345091989869	0.17184613491241452
0.2420170721042204	0.20751327790516513	0.10211561194695243	0.2765243538442916	0.1718296841993702
0.2420862714960723	0.20746957017460765	0.10211309938114393	0.27647954819420406	0.17185151075397187
0.24199448150574496	0.20746394814599153	0.10220276999917423	0.27649371007827	0.171845090270819
0.24202713233112771	0.20743949848124554	0.10214724111786172	0.2765354131235894	0.17185071494617535
0.24197306036437283	0.20743762976909744	0.1022811659025655	0.2764562761122978	0.17185186785166623
0.24199582208544057	0.20745675594772334	0.1022625764103904	0.276454233055589	0.17183061250085646
0.24204854481916235	0.20743965648023868	0.10216130865170509	0.2765249874986081	0.1718255025502855
0.24203318280501665	0.20747062983836617	0.1021787658683204	0.2764658953607074	0.1718515261275891
0.24209527980497103	0.207397925755583	0.10216792615599016	0.2764771877479034	0.17186168053555217
0.24208985952135526	0.2074532827734127	0.10217130633038357	0.27646132266182727	0.17182422871302094
0.24200826536797326	0.2074828696197692	0.10221946908315414	0.27645670682614015	0.17183268910296298
0.24198747741617754	0.20741587273532722	0.10226588180301437	0.27649511708492236	0.1718356509605583
0.242056365452985	0.20751794145066035	0.10211592679433641	0.27647339775473045	0.17183636854728754
0.24201319340509558	0.20749064370869486	0.10216763386274211	0.2764870250365091	0.17184150398695805
0.2419745632715672	0.20746544807138698	0.1022612854528742	0.2764639668056792	0.17183473639849214
0.24202529028515307	0.20748608649342729	0.10214184834616193	0.27648337493141106	0.17186339994384642
0.24199504105338351	0.20740776274714293	0.10223458676022232	0.27651446518838946	0.17184814425086153
0.24205654097158433	0.2074569161532684	0.10217217162583525	0.27647894685837443	0.17183542439093732
0.2420567480835336	0.20746883657866103	0.10212675108952511	0.2765006783478743	0.17184698590040573
0.2420422954962492	0.20750040750746856	0.10212578375920833	0.27647688482832156	0.17185462840875207
0.2420068464008702	0.2075011843797926	0.10214680339845846	0.2764816825753332	0.17186348324554535
0.24201702462228175	0.20740638347726612	0.10224412153115628	0.2765017415110551	0.17183072885824044
0.24197251128394198	0.20751164155119178	0.10215178311081702	0.2765129557022431	0.1718511083518058
0.2419518436513804	0.20743345585175094	0.1022819866237474	0.27650133923655074	0.17183137463657033
0.24205165322031252	0.20739580903275215	0.10226275931617182	0.27645470910129	0.1718350693294733
0.24207673145437003	0.20746344413361192	0.10214879322223522	0.2764638035768287	0.17184722761295393
0.24202234223215205	0.2074362797071961	0.10216106372130088	0.27652056869511354	0.17185974564423714
0.2420465888046862	0.2074102336921899	0.1022070840625648	0.2765115876700208	0.171824505770538
0.2420435872645934	0.20743610408347074	0.10216272426302882	0.2765229273129842	0.1718346570759226
0.24197135322878466	0.2074884366464438	0.10221010167973052	0.2764756137973984	0.17185449464764238
0.2419871491534569	0.20743211461293545	0.10222645954407286	0.27649456444646436	0.17185971224307015
0.24197150858234698	0.20742410292143584	0.10223327253514954	0.27652884376230175	0.17184227219876563
0.24206004026163144	0.2074243610829315	0.10221062313751411	0.27645593806895963	0.17184903744896307
0.2420679519456852	0.20742055683111993	0.10215597254100763	0.2764857160983726	0.17186980258381443
0.24206333694845422	0.20751149190656987	0.10211575735147707	0.2764761037932855	0.17183331000021307
0.24202248934944884	0.20742947959398197	0.10216520928582329	0.27651973965163357	0.17186308211911208
0.2420822694752368	0.20746275211850188	0.10213224759221144	0.27649225965024193	0.17183047116380767
0.2419837624478463	0.2074955549167503	0.10216254249271851	0.2764915571253347	0.17186658301734994
0.24197011191044093	0.2074709667349206	0.10221964210956987	0.27649184915588465	0.17184743008918368
0.24199791139361237	0.20745128196236498	0.10221562341940048	0.27651116304660217	0.17182402017801973
0.24202162050325304	0.2074409945949657	0.10216110487508606	0.27651834519278706	0.17185793483390788
0.2419761719534297	0.20750811348962947	0.10219903188991979	0.2764670930568529	0.17184958961016789
0.2419933096972175	0.20738901988108777	0.10221521755801279	0.27653267783973245	0.17186977502394923
0.24199973544461872	0.20746512282157473	0.10221534826222195	0.27648987235945266	0.1718299211121317
0.24199806428649798	0.20749319000602015	0.10214241669315517	0.2764963694013095	0.17186995961301693
0.24204848180647356	0.20743224760899978	0.10217388323855274	0.2764761492248209	0.17186923812115273
0.2419925068934149	0.20739389065283578	0.10222612367362784	0.2765239560559569	0.17186352272416433
0.24196418616936366	0.2074617538694462	0.1021893086524305	0.2765151566260948	0.17186959468266452
0.24199721964512788	0.2074496284632316	0.10218719336023398	0.276533547964677	0.17183241056672932
0.24205454980924038	0.20740338654790721	0.10215306100499622	0.2765212250846752	0.17186777755318078
0.24197157228795263	0.20748972284973674	0.10217941827878323	0.2765251123800159	0.17183417420351121
0.24204534534888825	0.2074129584887263	0.10216123422867168	0.2765147835953597	0.17186567833835384
0.24201809625927428	0.20744983443171855	0.10219358608726742	0.2765090657831861	0.17182941743855337
0.24200412650532035	0.2075050916410255	0.10217056680626402	0.2764841123166982	0.17183610273069166
0.24204563803214352	0.20742779162105182	0.10218233916883768	0.27649860451804714	0.17184562665991956
0.24202814444651183	0.20750046284007886	0.10216945666557917	0.27647069385131684	0.17183124219651308
0.24197401635989157	0.2075007348139249	0.10215101086326091	0.27650560865803625	0.17186862930488614
0.2420282816771241	0.20739390101176228	0.10227386579056537	0.2764582625656749	0.17184568895487312
0.24204379784037772	0.2074905174258047	0.10214842395207138	0.2764640928780223	0.17185316790372362
0.24195583571724089	0.20747791749214547	0.10222220543507772	0.27649932690318957	0.17184471445234611
0.24208409350462834	0.20739553855602932	0.10221099919442315	0.2764736398691797	0.1718357288757392
0.24194506755908504	0.2074745125327971	0.10230265056507565	0.27645561556598586	0.17182215377705606
0.24202396654231917	0.20748601753491946	0.10219935998214942	0.2764595515980611	0.17183110434255058
0.2420207703846432	0.20743975726743344	0.10221863264988283	0.2764709868293225	0.17184985286871787
0.24195786487801224	0.20749954217383587	0.10218084329789281	0.2764913262364448	0.17187042341381403
0.2419930431492085	0.20743730361478233	0.10221983994506365	0.27652780950271494	0.1718220037882304
0.2419504454803686	0.20751022653751186	0.1021949562736431	0.2765119380597172	0.171832433648759
0.2419540904934599	0.2074214458002371	0.10228549037549534	0.27651481770114505	0.1718241556296624
0.24205819267065495	0.20746130214684902	0.1021676991410259	0.2764655305847832	0.17184727545668668
0.24208582621981836	0.20744799968262578	0.10216937121408885	0.27647415428381394	0.17182264859965282
0.24202501856393868	0.2074309868940051	0.10219850087894301	0.27649121681330713	0.17185427684980586
0.2420149363094908	0.20746752906848137	0.10214424626804133	0.2765307892771968	0.17184249907678942
0.24205786027724446	0.20747065707185117	0.10213289811743012	0.2765035653768697	0.1718350191566043
0.2420679194519696	0.20743398714663266	0.10212631131678247	0.2765348628340444	0.17183691925057068
0.24196104146785397	0.20750788803289352	0.10220560589390904	0.27647232923068443	0.1718531353746588
0.24208714818112897	0.2074466022605175	0.10215394015048328	0.2764876961076084	0.1718246133002616
0.2420067940509812	0.20747280094672338	0.10213693850191942	0.27652851747912716	0.1718549490212486
0.24207430727740814	0.20740440906040583	0.10215304384151906	0.2765127533541757	0.17185548646649101
0.24209206679356549	0.20742013899721756	0.10212849126111254	0.2764961172657971	0.17186318568230707
0.24205333208703703	0.20750304628177882	0.10214655600221328	0.27645307941904446	0.17184398620992616
0.24201696497322106	0.20744633597996642	0.10217509398866471	0.2765241680836016	0.17183743697454593
0.24200558442357617	0.2074689750038554	0.10218488024604583	0.2764709290266026	0.17186963129991978
0.24199567724493093	0.2074849047771447	0.10218015843287653	0.27648320386798775	0.17185605567705986
0.24204647870878826	0.20742632537543843	0.10220518139847855	0.2764940766528025	0.17182793786449205
0.2420283754669076	0.20741178938065413	0.10220961775889464	0.27652019376373893	0.17183002362980448
0.2420302467543675	0.20740576611714645	0.1022565879560347	0.2764648786668542	0.17184252050559687
0.24195788760016326	0.2074247143591312	0.10228291565053826	0.27650225418664076	0.17183222820352628
0.24205938279133796	0.20739925440659795	0.10224277720141402	0.27645463875678605	0.17184394684386378
0.24207171345544926	0.20741943156662945	0.10220701567608709	0.2764661769467423	0.17183566235509162
0.2420106639264798	0.2074953149472425	0.10217484921298613	0.276457713911002	0.17186145800228933
0.24206472108119076	0.20738837518936484	0.10221768221638795	0.276461155520836	0.1718680659922202
0.2419663245483562	0.20745584908500136	0.10228656640267664	0.2764660506860088	0.1718252092779567
0.2420548824844148	0.20743016458517696	0.10218692692272438	0.27647236925590574	0.17185565675177783
0.24206087427409467	0.2074582966749439	0.10212015335773639	0.27649346640017375	0.17186720929305108
0.2420366043216916	0.20739799254530672	0.10218789166867662	0.27651378965033013	0.17186372181399462
0.2419645050718451	0.20741293998150867	0.1022319811996816	0.2765322037325866	0.17185837001437781
0.2419613250510784	0.20751872914021569	0.10220010793330635	0.27645336063655995	0.17186647723883935
0.2420399034230828	0.20747582451250912	0.10212930086749145	0.2765045859789682	0.17185038521794818
0.2419729657847999	0.20741520014444662	0.10228963039203932	0.2764663038920415	0.1718558997866724
0.24198897662628957	0.2075208235120071	0.10216492201145833	0.2764723081373522	0.17185296971289257
0.2420566762826165	0.20740086022080328	0.10216591509163658	0.2765276280623009	0.17184892034264249
0.24207175963792602	0.20750031112732384	0.10212380041957658	0.2764718557257512	0.1718322730894221
0.24202684742732405	0.20748527562710992	0.10214643064037163	0.27648265986554893	0.17185878643964522
0.24206106695281437	0.20740268457695887	0.10222402023673537	0.2764610795842796	0.17185114864921158
0.2420355463831776	0.20744365432436426	0.10218222363695179	0.27650725282088723	0.17183132283461885
0.24203504127412367	0.20740443253258772	0.1021883549305892	0.2765319490564713	0.17184022220622783
0.2420536926539575	0.20742263123406282	0.1022284889112198	0.2764698973120592	0.17182528988870047
0.24205318599739503	0.2074486927420504	0.10214274917567635	0.27650338921316026	0.17185198287171766
0.2420685919435139	0.20745755540725447	0.10212544300974016	0.27649918105916765	0.17184922858032356
0.24208198035048148	0.2074286849242668	0.10220478687167363	0.2764566257300366	0.17182792212354125
0.2420573550991681	0.2073933414540627	0.10218121760118429	0.27652940717769614	0.1718386786678885
