0.18137606612435117	0.5878827656318619	0.230741168243787
0.1830746394875697	0.5923480809661685	0.22457727954626192
0.1799608707984151	0.5862843390377539	0.2337547901638311
0.18376359799345326	0.5881248213334143	0.22811158067313256
0.18408161241216175	0.5883627089502815	0.22755567863755685
0.18000217233022126	0.5905146128592134	0.22948321481056547
0.1852920227462786	0.5863415557809357	0.2283664214727858
0.1833810649721818	0.5826229293503993	0.23399600567741907
0.1835376468504838	0.5870248977108699	0.22943745543864655
0.1813847081280073	0.5883036128427424	0.23031167902925048
0.1829325718826298	0.5922079331866428	0.2248594949307275
0.18200881807368846	0.5852557668828884	0.2327354150434232
0.18398137962993896	0.5835542097115684	0.23246441065849283
0.18272552468097986	0.5916424206869896	0.22563205463203065
0.18405422952525582	0.5887815807460819	0.22716418972866242
0.1816277022287775	0.5879809635858417	0.23039133418538088
0.18420840650168988	0.5912246070088925	0.22456698648941772
0.182831254250936	0.5918833505028736	0.22528539524619054
0.18517696898162245	0.5817855517411697	0.23303747927720794
0.1814845670471035	0.5935563689466199	0.22495906400627666
0.18018341228456713	0.5935548148222095	0.22626177289322344
0.18475033227155765	0.5885001613189612	0.22674950640948122
0.18123654601583944	0.5906082968308435	0.22815515715331716
0.183573636151674	0.5883140717650228	0.22811229208330328
0.18009090005747236	0.5890232950370834	0.2308858049054443
0.1838846117827229	0.5904348561858935	0.2256805320313837
0.1841643160494503	0.5846684643681106	0.23116721958243927
0.18159208387930603	0.588184689572141	0.23022322654855304
0.18012683509668018	0.5881748255394781	0.23169833936384182
0.18393408589636037	0.5847448407126713	0.23132107339096847
0.1837348927723514	0.5864926501194051	0.22977245710824362
0.18387235812062275	0.5859180676456935	0.2302095742336838
0.18104577193571858	0.5897507025513461	0.22920352551293544
0.18111167282707655	0.5853559289897914	0.23353239818313223
0.18339697839123387	0.5859937775622857	0.23060924404648067
0.1826264752540353	0.5874761388146661	0.22989738593129871
0.1832651377783026	0.5914818663686492	0.22525299585304825
0.18380368442018297	0.5840118278153097	0.23218448776450745
0.1809849587123851	0.5923366523604496	0.2266783889271654
0.18142374562223015	0.5932926624907253	0.2252835918870446
0.18394613703091872	0.5869203690193925	0.2291334939496889
0.18512521228651263	0.5835775217057728	0.23129726600771466
0.18489788858954662	0.5845174119240948	0.2305846994863588
0.1836893531897117	0.5882062465664919	0.22810440024379647
0.1852139888117551	0.5897299250381762	0.22505608615006878
0.18546718934973963	0.5903215311924859	0.2242112794577747
0.18100407217680325	0.5873928646311717	0.2316030631920252
0.18537007868807392	0.5824794563526965	0.23215046495922967
0.1814255089081052	0.5931884862805064	0.22538600481138865
0.18401880581935834	0.584272908424417	0.23170828575622476
0.18261194040353385	0.5848147646993609	0.23257329489710532
0.183034986285705	0.5831021400241774	0.23386287369011768
0.18327782728694067	0.5830851756581268	0.23363699705493268
0.17999669384425165	0.5940528779095975	0.225950428246151
0.1839101526625972	0.5868107842751205	0.22927906306228235
0.1808640419960929	0.585875829426883	0.2332601285770242
0.18324142996659815	0.5907009329477024	0.22605763708569948
0.18381605488935499	0.59005078338096	0.22613316172968514
0.18098967064310967	0.5947155882839104	0.22429474107298009
0.18222967228227557	0.5915344447286176	0.22623588298910696
0.18171903986172733	0.5927436974988227	0.2255372626394501
0.18561887583430783	0.5834291599768733	0.23095196418881897
0.1800831251882645	0.5920866113424343	0.22783026346930124
0.1837524236399372	0.590872360766634	0.22537521559342888
0.18312541005397281	0.5859398626254477	0.23093472732057957
0.18003459513701608	0.5946127775791683	0.22535262728381567
0.1802629926890754	0.5876558585182201	0.23208114879270464
0.18147808020896689	0.5920955930526732	0.22642632673836008
0.1803597994407375	0.5878502592914584	0.23178994126780425
0.18521082550253262	0.5839339611570438	0.23085521334042383
0.18209708518445333	0.5936728429502771	0.2242300718652696
0.18162124725209006	0.5909418710721708	0.22743688167573936
0.18026901843888773	0.5928568783039212	0.22687410325719123
0.18501032011946358	0.5860898627931164	0.2288998170874202
0.18123359266349853	0.5870702344849584	0.23169617285154315
0.18197606714968825	0.5874904072899935	0.23053352556031836
0.1827687837780373	0.5868112817055828	0.23041993451638004
0.1832091517337705	0.5839230747226336	0.23286777354359603
0.18133203812157347	0.5882930161163984	0.23037494576202816
0.1833464221021922	0.5848067191436699	0.23184685875413796
0.18088228786628138	0.5934372822773656	0.22568042985635312
0.184868589024505	0.5870516871319144	0.22807972384358077
0.18158596007868694	0.5919530256246233	0.22646101429668983
0.1830888787419066	0.5838730222902282	0.23303809896786537
0.18075700445711904	0.5858674995204907	0.2333754960223905
0.1819596563708677	0.5889045234444532	0.22913582018467923
0.183108232272229	0.5861234373820066	0.23076833034576458
0.18412633127896955	0.5894368699523087	0.22643679876872186
0.18343599840435915	0.5904581364609172	0.22610586513472386
0.18349420616907394	0.5908857831946039	0.2256200106363222
0.1826386208931314	0.5917614170498603	0.2255999620570084
0.1842695686457397	0.5855181042682052	0.23021232708605516
0.18365963073252345	0.5845123047554867	0.23182806451198998
0.183508853518279	0.5881312716574914	0.2283598748242297
0.1848040300307152	0.5866753897372934	0.22852058023199162
0.18299666059390304	0.5893871388786489	0.2276162005274481
0.18392917742702938	0.5872450208326816	0.22882580174028913
0.18319784781057094	0.5860817853327334	0.23072036685669578
0.18015221028004658	0.5886180213574628	0.23122976836249082
0.1818567988480112	0.5869875325117185	0.23115566864027037
0.18269911365892352	0.5918483074158175	0.22545257892525908
0.18364571606009839	0.5915868946718132	0.2247673892680886
0.18507020408758273	0.5854588064672183	0.22947098944519914
0.18014134439964893	0.5889801018081646	0.23087855379218664
0.18393727541265203	0.5912920929488723	0.22477063163847577
0.18111490694492605	0.5850602197295767	0.2338248733254975
0.18383562297750466	0.5871147725303761	0.2290496044921193
0.18411390635009295	0.5875122277404767	0.2283738659094305
0.18516160091469142	0.5845412867259363	0.23029711235937242
0.18019540456703362	0.591103831550681	0.2287007638822855
0.18260404866180077	0.5835028976106544	0.23389305372754493
0.18283317347058944	0.5854116580906243	0.23175516843878635
0.18377989299176092	0.5835139281581511	0.23270617885008812
0.18554476629207559	0.5901737541463151	0.22428147956160943
0.18261063765505106	0.5847346537994116	0.23265470854553755
0.18310619079815618	0.5840769346711088	0.23281687453073516
0.18006883552222683	0.5921237093845799	0.22780745509319336
0.18125792921533515	0.5900191018862323	0.22872296889843266
0.18417003997535114	0.5906201908624178	0.22520976916223115
0.18212099579269833	0.5863457744233447	0.2315332297839572
0.1837389119334918	0.5873626619566568	0.22889842610985162
0.1833499317691702	0.5881189398629922	0.22853112836783776
0.18236692020779602	0.5885960417258709	0.22903703806633327
0.18107773310796693	0.5948896143843956	0.22403265250763768
0.1820087495849838	0.5920077359391068	0.2259835144759095
0.18115771460737734	0.5924574537058566	0.22638483168676624
0.18343702276963766	0.5899564076160466	0.22660656961431586
0.1812723685845355	0.5940302965355395	0.22469733487992505
0.18441865749995212	0.5877390782344682	0.22784226426557974
0.18280364997351042	0.5876065597647081	0.22958979026178164
0.18308529459435888	0.5891385151145739	0.22777619029106727
0.18496322392526968	0.5885805816280207	0.22645619444670964
0.1827078204410326	0.5919423356853872	0.22534984387358029
0.18046346808839636	0.5883789514527199	0.23115758045888385
0.18177171795342212	0.58752305254153	0.23070522950504807
0.18092981111600726	0.5892706863870152	0.22979950249697773
0.18440202127336916	0.5898573206154224	0.22574065811120855
0.18375260682760833	0.5916660312039274	0.22458136196846445
0.18435300549853775	0.5870116739005194	0.22863532060094297
0.1847186124153624	0.5886786149014982	0.22660277268313955
0.18399795972063504	0.5877456067534279	0.22825643352593716
0.1803607113791597	0.5890843517962129	0.23055493682462752
0.18323100441544268	0.5895500870512764	0.22721890853328097
0.18239735708877325	0.588794279379727	0.22880836353149983
0.1854199508489639	0.5896595859849885	0.2249204631660478
0.18303524301093804	0.592329041995673	0.22463571499338905
0.18089455017463074	0.5913956587403906	0.2277097910849788
0.18173973456168116	0.5883865782387887	0.22987368719953025
0.183840196757111	0.5851802090515359	0.2309795941913532
0.1802525610573027	0.59250968265879	0.2272377562839074
0.18412269976229517	0.5904063308844643	0.22547096935324065
0.18453850121536175	0.5871521397293795	0.22830935905525876
0.1839038409801565	0.5863646904815656	0.229731468538278
0.18047052431147134	0.5864059710541205	0.23312350463440829
0.18478540508876756	0.587605243349542	0.2276093515616905
0.18472437542899298	0.5891614739993672	0.22611415057163986
0.18001771750111512	0.5876251854580729	0.23235709704081214
0.18267956643322872	0.5888507984181564	0.2284696351486151
0.18073929782366588	0.5899443879366499	0.22931631423968435
0.18517324388666587	0.5813929565585891	0.23343379955474516
0.18086752339117557	0.5947056680725338	0.2244268085362908
0.18084311827601443	0.5864842867080944	0.23267259501589138
0.18226542570856338	0.5927321414706824	0.22500243282075433
0.18014980322942623	0.5915808722766318	0.22826932449394216
0.18397659563171875	0.5861485560149876	0.22987484835329378
0.1834205632236145	0.5861685364569307	0.23041090031945502
0.18470656973749414	0.5859893836100751	0.22930404665243093
0.18236986672007727	0.5928601675583987	0.22476996572152425
0.18095555616195727	0.5949099281171422	0.2241345157209006
0.1823015472177925	0.5843133918237368	0.23338506095847086
0.18032909173217532	0.5916701068955406	0.22800080137228426
0.18053592205073735	0.5859301655369593	0.23353391241230353
0.18204719863823532	0.5842009653031248	0.23375183605864003
0.1807084967713182	0.5880367411567642	0.2312547620719177
0.18138269028353693	0.5855419834799395	0.23307532623652372
0.18101904352331938	0.5944436567847982	0.22453729969188257
0.1801706010894385	0.5941783804620098	0.2256510184485518
0.18247959173721343	0.5839364070256462	0.23358400123714046
0.18317570349491658	0.5875823252562584	0.22924197124882506
0.1817065232127116	0.5878112565352644	0.23048222025202408
0.1853207382589707	0.581435243248123	0.23324401849290644
0.18423053939408884	0.585229176735047	0.2305402838708642
0.18450492999190865	0.5869703288260832	0.22852474118200816
0.1849439795216847	0.5825951482044729	0.23246087227384254
0.18021091248197188	0.5917594869854474	0.2280296005325808
0.18549905719511922	0.5854352343619214	0.2290657084429596
0.1853013015001266	0.5883662675677215	0.226332430932152
0.18120729529033694	0.5851385628105102	0.23365414189915293
0.18225339542660618	0.5882507857976625	0.22949581877573136
0.18491527140573058	0.5870792465777318	0.2280054820165377
0.1811636311159896	0.5897519829112299	0.22908438597278064
0.1836166789387667	0.5853375272279409	0.23104579383329246
0.18485489621589177	0.5895721973472896	0.22557290643681877
0.18364378682461277	0.5909965791351983	0.225359634040189
0.18240845680585432	0.5837604757383812	0.2338310674557647
0.18556094338326976	0.5828699825760746	0.23156907404065585
0.18494241541632905	0.5830521517832199	0.23200543280045122
0.18393103371951078	0.5838864584611868	0.23218250781930255
0.18384026900960157	0.5911623218875037	0.22499740910289473
0.18200959030470806	0.5842353410729639	0.23375506862232814
0.18199996281743827	0.5908827030860073	0.2271173340965545
0.18526716783160985	0.583346525512093	0.23138630665629728
0.18009076825996256	0.5924024116823061	0.22750682005773137
0.18108494001629835	0.5861144666662659	0.2328005933174358
0.18098789083858005	0.5864743218921056	0.23253778726931448
0.18055565372882945	0.5895130499085017	0.22993129636266899
0.18217254783307718	0.588127455803205	0.2296999963637179
0.18403098455848454	0.5873148973186534	0.22865411812286218
0.1820755578850113	0.5905363126838483	0.22738812943114042
0.183004735963518	0.5896924510177031	0.22730281301877908
0.18369278241987594	0.5839276169232822	0.23237960065684196
0.1800231467271873	0.5936135310570549	0.22636332221575775
0.18439657384047964	0.5907024381168449	0.22490098804267564
0.18007871368020126	0.5947700763242558	0.225151209995543
0.18455756675447121	0.5879264942014899	0.22751593904403894
0.18533880719602963	0.5886240845186488	0.22603710828532178
0.18126325722058081	0.5855817477275611	0.23315499505185813
0.18366524893698027	0.5848379119050757	0.23149683915794417
0.18471055968075062	0.5836132295249803	0.2316762107942692
0.1828752880641931	0.5858066115157714	0.23131810042003564
0.18544831720240523	0.5831665099283122	0.23138517286928267
0.1821013438707969	0.5886031801960749	0.22929547593312835
0.18192365858660833	0.5930761372030645	0.22500020421032726
0.18174901881461422	0.5893300022533425	0.22892097893204338
0.1856175297071247	0.5820120227329222	0.2323704475599532
0.18415672829365173	0.5819632865679754	0.233879985138373
0.1829113725046643	0.5841995306590192	0.23288909683631662
0.1815856564897963	0.5865056752985641	0.2319086682116397
0.18378974327989925	0.5887958462272743	0.22741441049282654
0.18461041093960404	0.5851668929460236	0.23022269611437252
0.18162202968816207	0.5887015195363303	0.2296764507755077
0.18296875259577625	0.5832468101289682	0.23378443727525572
0.1799979663938237	0.5900207685947675	0.22998126501140892
0.18408312013481848	0.5890131856311618	0.22690369423401985
0.1799628388793377	0.5948897944177165	0.22514736670294588
0.18059868202106896	0.5951278980715105	0.2242734199074208
0.18455357464031563	0.5881973595821072	0.22724906577757734
0.18381886945719475	0.589858820741902	0.22632230980090345
0.18184610345738597	0.5848326847479303	0.23332121179468387
0.1832435520840871	0.5908874105672843	0.22586903734862868
0.18226931144544292	0.5883422326613437	0.22938845589321347
0.18511990447248167	0.5897908223905509	0.22508927313696755
0.1827023270005029	0.591003862461257	0.22629381053824013
0.18328132786887566	0.5874799324011182	0.2292387397300062
0.18006929509351027	0.5930414718649207	0.22688923304156913
0.1844624834793903	0.5829334533177	0.23260406320290994
0.18167091984540268	0.588920116763172	0.22940896339142547
0.1812410142611511	0.5893449760874074	0.2294140096514416
0.18021270659338098	0.5924423187631633	0.22734497464345582
0.1827567784550115	0.5834809625854065	0.23376225895958203
0.1806812938720306	0.587648336514837	0.23167036961313253
0.1832986604951532	0.5913928891577843	0.2253084503470626
0.18138939899217754	0.5892810312112433	0.2293295697965792
0.18539674155469135	0.5820338168448965	0.2325694416004123
0.18021574840107915	0.5922267531689176	0.2275574984300033
0.18081227629303057	0.5936187748838676	0.2255689488231019
0.18469227955655285	0.5842495415123499	0.23105817893109742
0.1834313473971234	0.586680639489223	0.2298880131136537
0.183496609788721	0.5825395033245022	0.23396388688677694
0.1833926614168815	0.5855966962773353	0.23101064230578333
0.18198620851102135	0.5911504809808802	0.2268633105080986
0.18513254792915648	0.5855253233528818	0.22934212871796186
0.18060042565127296	0.5944210541858999	0.22497852016282735
0.18033190410262337	0.593596705394087	0.22607139050328967
0.18402805074865541	0.5880816783443761	0.22789027090696856
0.18560785316214393	0.5830260818758894	0.23136606496196677
0.18458413608742325	0.591317130370679	0.2240987335418978
0.18331603655213216	0.5830986106514972	0.23358535279637077
0.18213021670862123	0.5865688668643909	0.23130091642698797
0.18426407830404173	0.5912377457200011	0.22449817597595736
0.18463044190939065	0.5902724353748279	0.2250971227157815
0.1822956754759587	0.5840391151222301	0.23366520940181132
0.18255213894775996	0.5836271396882685	0.23382072136397164
0.18532200160253104	0.5819060854065918	0.23277191299087724
0.18498266774948968	0.5852921293542357	0.22972520289627477
0.18201099652266195	0.5907544160987622	0.2272345873785759
0.18054912574146662	0.5874109912477077	0.23203988301082573
0.181102501339311	0.5908852492804577	0.22801224938023146
0.18150777889926667	0.5848788353119947	0.2336133857887388
0.18513164260080495	0.5851604632948518	0.22970789410434334
0.18314915648189922	0.5890047451139908	0.2278460984041102
0.18051523577039683	0.5883364208319519	0.23114834339765128
0.18096430880420625	0.5917483871826207	0.22728730401317318
0.18072732161599178	0.5867989135578314	0.23247376482617693
0.18438201692862827	0.590722434092461	0.2248955489789109
0.18382335608490408	0.5843367791235239	0.2318398647915721
0.18495506348723562	0.5834459361858836	0.23159900032688097
0.18391818812516353	0.5877082884326372	0.2283735234421994
0.18504581282241048	0.5895473069457294	0.2254068802318602
0.1844367392595345	0.5891438889249658	0.2264193718154997
0.1853224411960142	0.5890427654299611	0.22563479337402476
0.18366198162266356	0.5830125001070583	0.2333255182702783
0.18112767912731814	0.5879072845463151	0.23096503632636678
0.18309755601556674	0.5828639348320849	0.23403850915234847
0.18075766000860008	0.5884059499999126	0.23083638999148742
0.18547748541733877	0.5853679491100731	0.22915456547258833
0.18094610432505934	0.5874667160249815	0.23158717964995937
0.1799652833798133	0.5891735316380367	0.23086118498215027
0.1851686477966256	0.5833950310540723	0.2314363211493022
0.18363128557807273	0.582714185360868	0.23365452906105935
0.1856361872669955	0.5868546149422766	0.22750919779072803
0.185207936225111	0.5870655968395408	0.22772646693534832
0.18323695341447377	0.5917219310286428	0.22504111555688358
0.18020156087896927	0.5876501456916551	0.23214829342937576
0.18480158809396036	0.5900864840592052	0.22511192784683465
0.18294701629940738	0.591329062095284	0.22572392160530877
0.18455434772785684	0.5814909353842466	0.23395471688789665
0.18279687243166523	0.5884203521351901	0.2287827754331448
0.18221670872030765	0.5848778342590564	0.23290545702063603
0.1851383604002838	0.5907907230515953	0.22407091654812097
0.18294344661547776	0.5892453327713625	0.22781122061315984
0.18111715146934984	0.5928131434367323	0.226069705093918
0.18274972493681058	0.5881544280327193	0.22909584703047023
0.18353280256583154	0.5916325776670873	0.22483461976708125
0.1814285892331388	0.5915999711697404	0.22697143959712093
0.18059437518544583	0.5863666552014142	0.2330389696131401
0.18557658799373514	0.5854870707422595	0.2289363412640055
0.18279983071608938	0.5883275589093093	0.22887261037460147
0.18302604305661424	0.5924329183155798	0.22454103862780608
0.18375336338920886	0.5887523261947232	0.22749431041606813
0.18202990533027735	0.5931755017155647	0.22479459295415805
0.18546495901130583	0.5831417268187071	0.2313933141699871
0.18478303858387593	0.5831780839136598	0.23203887750246435
0.18085395941617297	0.5871677148060693	0.2319783257777578
0.185455868511809	0.5838479640494432	0.23069616743874793
0.18525066936304047	0.5826524776311073	0.23209685300585237
0.18194374824105977	0.5855772331332412	0.2324790186256991
0.18333485710210387	0.588030047777609	0.2286350951202872
0.18234570281686435	0.5930742970836971	0.22458000009943874
0.18024480868376241	0.5946556827697141	0.22509950854652355
0.18119048815099392	0.5878255095232106	0.2309840023257957
0.18478137220104515	0.5907174653877263	0.22450116241122875
0.18458855743571456	0.5840358190354192	0.23137562352886631
0.1839732870638223	0.5828455813680642	0.2331811315681136
0.18351429626752247	0.5877283190615255	0.22875738467095214
0.18157763753534648	0.5898711092820743	0.2285512531825793
0.1802144989427095	0.5867273204441279	0.23305818061316275
0.18147222028583965	0.5911898446318883	0.22733793508227218
0.18182808559321176	0.5846853390733388	0.23348657533344963
0.18387927413644078	0.5892413560424125	0.22687936982114687
0.1835624521696811	0.5921358359581855	0.22430171187213346
0.1851542510375358	0.5867716004856806	0.22807414847678376
0.1822966301554287	0.5882169576125095	0.22948641223206195
0.18554649485015862	0.5862040152930461	0.22824948985679544
0.18238873275793904	0.5837859943568324	0.23382527288522864
0.185260376059424	0.5873204337917192	0.22741919014885695
0.18273077130717935	0.5888215797984715	0.22844764889434926
0.18006119767225953	0.5912090050442514	0.22872979728348916
0.18529796387534678	0.5855505059750328	0.22915153014962053
0.1854423882574574	0.5884193875792938	0.22613822416324894
0.1836060066021679	0.588124348737	0.22826964466083227
0.180659197767279	0.5900580396924462	0.22928276254027485
0.18231027325788673	0.5937156291797261	0.22397409756238731
0.18266496816300998	0.589540583805138	0.22779444803185211
0.18257479727822123	0.5885231303824933	0.2289020723392856
0.18364971144947836	0.589240035165596	0.2271102533849258
0.18025498955837332	0.5934969984189163	0.22624801202271044
0.18322691256391943	0.5898910087898486	0.2268820786462322
0.18092930999997464	0.5923394872871764	0.22673120271284902
0.18128392794478626	0.5860351167492752	0.23268095530593855
0.18228879451980623	0.5897132561445748	0.227997949335619
0.18083800361090266	0.5938369700527858	0.2253250263363117
0.18541611421029808	0.5896175036797041	0.2249663821099979
0.18285954716824515	0.5907789710682136	0.22636148176354132
0.18238422508887503	0.5932162095064911	0.22439956540463396
0.1817186720856386	0.5897621212730225	0.228519206641339
0.18192285231623706	0.5907435226515148	0.22733362503224835
0.18426543964486178	0.5851744444692515	0.23056011588588687
0.18405900929824476	0.5837599295615992	0.23218106114015621
0.18015467842867167	0.5878213879514291	0.2320239336198994
0.18522484118186866	0.5865940178379284	0.22818114098020303
0.18347546870211187	0.588914689921097	0.22760984137679124
0.184616738232929	0.5878529400161348	0.22753032175093627
0.183682754329458	0.586763228758819	0.22955401691172309
0.18015198785838216	0.5903828034195991	0.22946520872201884
0.1800233779656043	0.5892039974796419	0.23077262455475386
0.18160678920116888	0.5931579962573357	0.22523521454149562
0.18409845292061655	0.5880824127813997	0.22781913429798392
0.18534853670753068	0.5836161242252625	0.23103533906720694
0.18111484860562588	0.5897415148459316	0.22914363654844264
0.18270420285432917	0.5916226179900839	0.22567317915558713
0.18476778487816986	0.590551301306008	0.22468091381582228
0.18532147832509668	0.5892638312626062	0.22541469041229728
0.18545534342143383	0.5892883244430405	0.22525633213552576
0.1832164330799106	0.5908734560398115	0.22591011088027801
0.18125961106985544	0.5916594541639486	0.22708093476619615
0.18477048640914387	0.5862450014314359	0.22898451215942037
0.18418411814398497	0.5888741289669803	0.22694175288903487
0.18044147475789313	0.5929901523373604	0.22656837290474663
0.1809479939830577	0.5949216873825806	0.22413031863436184
0.18248779106587298	0.5835019666506644	0.23401024228346273
0.1843946592841812	0.5871248526974961	0.22848048801832277
0.18221240193249622	0.5886167338210254	0.22917086424647842
0.18427658143601552	0.5819469575153402	0.23377646104864447
0.1853542454046856	0.5869891480164597	0.22765660657885484
0.18147868616059568	0.5905065758969991	0.22801473794240537
0.1800650549191915	0.5858962677321569	0.23403867734865172
0.18264690001028033	0.5888072301183966	0.22854586987132314
0.18347994132271647	0.5851119303893237	0.2314081282879598
0.1849313317576293	0.5863022727856888	0.22876639545668206
0.18348742300303766	0.5890436571185629	0.22746891987839946
0.1813468682917182	0.589722447035385	0.22893068467289693
0.18295608673524366	0.5848155739105905	0.23222833935416604
0.18201880173364873	0.5879875924928191	0.22999360577353234
0.1799873579595898	0.594443956478376	0.2255686855620343
0.18132429417556017	0.5872159073171683	0.2314597985072716
0.18343745846590526	0.5850558280613516	0.23150671347274332
0.184666053223292	0.5909324690977868	0.22440147767892124
0.18387073395140743	0.590720678780049	0.2254085872685438
0.18562021753028982	0.5882507538039552	0.2261290286657551
0.18094779200767275	0.58668797817515	0.23236422981717736
0.18175212096077437	0.5882705330366639	0.22997734600256187
0.1840991507281311	0.5838372294363281	0.2320636198355409
0.1800285339804438	0.5877480598886049	0.23222340613095135
0.18162424827137724	0.5907995408841349	0.22757621084448795
0.1809468393202084	0.5950309881668444	0.22402217251294732
0.18177266751837723	0.5922895981544816	0.22593773432714126
0.18194976571530494	0.5923396866223207	0.22571054766237447
0.1822779223275709	0.5906885877826518	0.22703348988977745
0.18143496179238836	0.5869444379640578	0.2316206002435539
0.18494690316934917	0.5877154768595292	0.22733761997112178
0.18261193328895875	0.5861492388882856	0.2312388278227558
0.18154766416320056	0.5921156426779626	0.22633669315883698
0.1836691280746457	0.5843627362205346	0.23196813570481986
0.18016035185923845	0.5909283932742335	0.22891125486652808
0.18016280917054583	0.5893303514398687	0.2305068393895856
0.18052068947141645	0.5944463195963077	0.22503299093227597
0.1843320418926918	0.5902486258852415	0.2254193322220667
0.18249389414066103	0.5919703045164226	0.22553580134291643
0.182501958143919	0.5869364381934125	0.23056160366266865
0.18473269655179464	0.5887179371160791	0.22654936633212636
0.1851632798870464	0.5864192233571822	0.2284174967557715
0.18011975828692658	0.5872421250659752	0.23263811664709824
0.1821140312202694	0.5920720370298872	0.22581393174984352
0.18450533302944572	0.5889684690789161	0.2265261978916383
0.18225404695182162	0.5891833753619102	0.22856257768626834
0.1816644714418379	0.5923396320198677	0.22599589653829455
0.1816893958510109	0.590412188551408	0.22789841559758117
0.18057518369511072	0.5903052297010648	0.2291195866038246
0.18239513631906842	0.5886441621451348	0.22896070153579684
0.18380971113514302	0.589967921370216	0.22622236749464109
0.18221000206077848	0.5900531815401746	0.2277368163990471
0.1851638800941853	0.5906037740636674	0.22423234584214746
0.18295647191699393	0.592583636528861	0.22445989155414514
0.18527387077729773	0.5904090429551827	0.22431708626751962
0.18008161617015456	0.5950607628211654	0.22485762100868018
0.18248107144283116	0.5849853198814601	0.23253360867570882
0.18479628558983538	0.5892646222190201	0.22593909219114464
0.184219068839429	0.5844481445383323	0.23133278662223886
0.18437766530686464	0.5915979298853923	0.2240244048077432
0.18240165447494192	0.5917409745267321	0.22585737099832612
0.18154431113238417	0.5851422798082815	0.23331340905933454
0.1814241370712892	0.585653822462403	0.23292204046630788
0.1819534725221152	0.5860406727724077	0.23200585470547722
0.18475927235305434	0.5853331909552266	0.22990753669171915
0.18193657306313485	0.587186316382341	0.23087711055452428
0.18309587111500877	0.5893451452799098	0.22755898360508153
0.184432276659795	0.5854248021820881	0.23014292115811694
0.18270851786021425	0.5857037376725045	0.23158774446728134
0.1830315260823207	0.5928350616050324	0.22413341231264694
0.1830331940766664	0.5894558453538303	0.22751096056950335
0.18476434244078466	0.5847515656174929	0.23048409194172267
0.18066673747994275	0.5856139438139665	0.2337193187060909
0.18157205871570833	0.5882451861563793	0.23018275512791242
0.1803878285048189	0.5878560684701399	0.23175610302504135
0.18313525043682546	0.5925813271369476	0.22428342242622712
0.18262009738619978	0.5890931076174635	0.2282867949963369
0.17999598248574603	0.5941401553952788	0.2258638621189753
0.18134574572819712	0.5920725296502655	0.22658172462153756
0.18224762091648553	0.5896137103400652	0.22813866874344946
0.1833549297202649	0.5889817969730473	0.22766327330668798
0.1836632089002322	0.5860348459279845	0.23030194517178346
0.1822663537776709	0.5915213298747766	0.22621231634755257
0.18046897838650533	0.5857820088006013	0.23374901281289354
0.1844225459455825	0.5910075268900915	0.2245699271643261
0.18210293578000947	0.5883018233594784	0.22959524086051222
0.1804013311557303	0.5863851457339224	0.23321352311034738
0.18244928489094345	0.5838893770648332	0.2336613380442234
0.18034665864857516	0.5907366524917999	0.22891668885962516
0.18360781073373336	0.5857154433670198	0.23067674589924697
0.18094745686691593	0.5901398194844472	0.228912723648637
0.18249189824172474	0.5881640855310932	0.22934401622718217
0.18464593663435983	0.581822186158663	0.2335318772069773
0.1846168195576736	0.5850260231298214	0.23035715731250514
0.18364424008278207	0.5876942559501928	0.22866150396702525
0.1802882645420564	0.5938058856777405	0.2259058497802032
0.18190925261691923	0.5927646046100196	0.22532614277306134
0.18413207020206818	0.587455962398984	0.2284119673989479
0.180115244708594	0.5908671573389829	0.22901759795242327
0.18199878296548613	0.5896927921672206	0.2283084248672934
0.18276800467161308	0.5842387722099891	0.23299322311839793
0.18075275028738683	0.588234603331169	0.23101264638144442
0.18250078153045513	0.5909614546066879	0.22653776386285707
0.183800026878507	0.5911793764645551	0.22502059665693805
0.18523329410070596	0.5818528390065928	0.23291386689270138
0.18371788621988397	0.590365938169962	0.22591617561015417
0.18250071147230243	0.5858204801931903	0.23167880833450738
0.18282721741156488	0.5866300304577521	0.2305427521306831
0.1853425263287693	0.5832217182378026	0.23143575543342831
0.1814638021861586	0.5877311470489843	0.23080505076485724
0.18389286490730583	0.5834666888963368	0.2326404461963575
0.18480032800434737	0.5842443351159614	0.23095533687969133
0.1828191375875413	0.5877571374245848	0.229423724987874
0.18053367454163446	0.5913879786227223	0.22807834683564343
0.18313547756620868	0.5910310249162269	0.22583349751756457
0.1838764842073428	0.582184923714475	0.23393859207818235
0.1827270246285746	0.5887409717633554	0.22853200360807013
0.18035701467712725	0.5936445847756008	0.22599840054727208
0.18303193376099955	0.5903697074208327	0.22659835881816776
0.18515696584785948	0.5859895586984298	0.2288534754537107
0.18009811312135857	0.594938274867011	0.2249636120116305
0.180955976206086	0.5941577035293595	0.22488632026455457
0.18243983370116687	0.593261232714051	0.2242989335847822
0.1811246881340669	0.5875084258556131	0.23136688601032002
0.18415790950626632	0.5846639055338364	0.2311781849598974
0.18460532840449326	0.5840781706833458	0.23131650091216116
0.18091665545928728	0.5887940681217244	0.23028927641898844
0.18216864542232955	0.5844544177154508	0.23337693686221972
0.18532630814824877	0.5855986821054247	0.2290750097463267
0.181424799505181	0.5860874639662876	0.23248773652853147
0.18540837806944147	0.588965256282161	0.22562636564839764
0.1843388089225607	0.5895282834256041	0.2261329076518353
0.18045973413852667	0.5928696937449456	0.22667057211652786
0.1824868369267934	0.5845142199596463	0.2329989431135605
0.18404123901439728	0.5876928946463742	0.22826586633922857
0.1834961216676774	0.5830550662571695	0.23344881207515322
0.18532868768272787	0.589338731028195	0.22533258128907727
0.18240224901400928	0.5876348990278483	0.2299628519581426
0.18498756164876423	0.5882196808237123	0.2267927575275236
0.18340491733461767	0.5839284390054865	0.23266664365989592
0.18039549812723996	0.5868894939949262	0.23271500787783397
0.1856308999505232	0.5898439939221298	0.22452510612734713
0.18056737118217694	0.5950967610575633	0.22433586776025993
0.18463251323389157	0.585723218120547	0.22964426864556162
0.18177920968692945	0.5864662342134692	0.23175455609960136
0.18515637056573928	0.5867840303744054	0.22805959905985546
0.18192936512507224	0.5851913230318873	0.23287931184304053
0.18354333815761967	0.5923070462452538	0.22414961559712668
0.18245006842278813	0.5881462021673739	0.22940372940983808
0.1826886801401267	0.5848077468757475	0.23250357298412594
0.1827157061238007	0.5857784010910073	0.2315058927851921
0.18342908153726115	0.5853720669824684	0.23119885148027058
0.18286807947717446	0.5835859668291108	0.2335459536937149
0.184500930458879	0.5818576086675588	0.23364146087356238
0.18059530567821824	0.5948474831786149	0.2245572111431669
0.1804299257245871	0.5938739429165605	0.22569613135885247
0.18480551988311641	0.586387230200324	0.2288072499165597
0.1816258947147722	0.5917872384447733	0.22658686684045454
0.18405263911993977	0.5914736890086565	0.2244736718714039
0.18493904888434162	0.5888989373197129	0.22616201379594558
0.18075965046260775	0.5858343191115278	0.23340603042586444
0.18388795362154114	0.5865934051403231	0.22951864123813587
0.18351216976778842	0.5889874891192366	0.22750034111297512
0.18521924345714866	0.5824820040565954	0.232298752486256
0.1840995644360994	0.5887088402065551	0.2271915953573456
0.18122171923585012	0.5869155918332021	0.23186268893094794
0.1819958186123748	0.5873836129552745	0.23062056843235082
0.18064656712424754	0.5862659914163151	0.23308744145943744
0.1844460258417676	0.5817334392670811	0.23382053489115134
0.18560488042783216	0.5813367273791741	0.23305839219299387
0.18533649386900908	0.5828891902729193	0.23177431585807168
0.18020686689311655	0.5904190244974876	0.22937410860939594
0.18244785193323185	0.5855227950430215	0.23202935302374672
0.18236833922096546	0.5843426849818802	0.23328897579715435
0.18020849313041593	0.5874290294277165	0.23236247744186772
0.18520298118863984	0.5886937783649477	0.22610324044641264
0.18540370995890162	0.588172382095417	0.22642390794568149
0.1805126775550077	0.5935672754685357	0.22592004697645676
0.18356250414903666	0.5824384253774291	0.23399907047353433
0.18284759499461642	0.5917243424908558	0.2254280625145279
0.1832102044198904	0.5858553912906872	0.23093440428942252
0.18174392720659074	0.5890172473822858	0.22923882541112361
0.1817115451738374	0.5867412844552271	0.2315471703709356
0.180731542377162	0.5942882149068089	0.22498024271602923
0.18224005073231364	0.5927446476063951	0.22501530166129147
0.183971454706542	0.587276595097734	0.22875195019572414
0.1820048241845065	0.5919652552784375	0.22602992053705612
0.18251973493432147	0.5879641068729481	0.22951615819273058
0.18099988044740778	0.5908646887385072	0.22813543081408513
0.1802453477501219	0.5905945572549157	0.22916009499496245
0.18072663228308078	0.5938473555859658	0.2254260121309535
0.18561919408740113	0.5854966742019923	0.2288841317106068
0.18109992053854973	0.5905550611221486	0.22834501833930174
0.1847602060676451	0.5866137970559278	0.22862599687642726
0.18161504273895435	0.5893828881882752	0.2290020690727706
0.1851206199620351	0.587108103118704	0.22777127691926102
0.1802357496061196	0.5863026199381904	0.23346163045569002
0.18174636336185132	0.5911615461132039	0.2270920905249449
0.1802402509308333	0.5940998806336573	0.2256598684355096
0.18104440068475997	0.5865199493230995	0.23243564999214064
0.18338340652722596	0.5916652270356069	0.2249513664371673
0.1807035743414728	0.5935345288475894	0.22576189681093795
0.1802188422627346	0.5945512383405213	0.2252299193967443
0.1846228700824425	0.5829472974976618	0.23242983241989576
0.18523908785105367	0.5824195423213449	0.23234136982760162
0.18249529623943767	0.5885748610240138	0.22892984273654876
0.18094863067415165	0.5946885846405378	0.22436278468531068
0.18000317892879528	0.5918751373976106	0.22812168367359437
0.18009434857948484	0.592903595382347	0.22700205603816828
0.18441206838784968	0.5888565091603866	0.22673142245176378
0.1833199727240062	0.5909797280257888	0.22570029925020513
0.18188670517747915	0.5876542554351677	0.23045903938735324
0.18319414824524352	0.5863842491981819	0.2304216025565748
0.18560294127828345	0.584960945036759	0.22943611368495773
0.18184276464322988	0.5908917788404354	0.22726545651633484
0.18033302851278069	0.5930130975004411	0.22665387398677844
0.18479685539103619	0.5905534024840516	0.22464974212491232
0.18505409731906758	0.582686206665773	0.23225969601515953
0.18393666364385167	0.5823819218724362	0.23368141448371227
0.18153290997956983	0.5938685346294484	0.22459855539098184
0.18275315883374668	0.585208013004133	0.2320388281621204
0.18046503497298683	0.587947696372944	0.23158726865406937
0.18022732332786484	0.5888162736620862	0.23095640301004905
0.1836826188547409	0.587808392679414	0.22850898846584522
0.18132280185690644	0.5850116476153553	0.23366555052773838
0.1833721720730731	0.5872796147659041	0.22934821316102288
0.18406249578844563	0.5867783434723297	0.22915916073922474
0.1836875966805938	0.5849259410234923	0.23138646229591403
0.18034954219525168	0.5890549776879328	0.23059548011681563
0.1823343092771356	0.592292201683184	0.22537348903968063
0.18186294491344202	0.5875973893859969	0.2305396657005611
0.18521162138752276	0.5882202844842115	0.22656809412826595
0.18389332620831347	0.5842769943457367	0.23182967944594998
0.18337418691410395	0.5923924308839701	0.22423338220192604
0.18109272561015105	0.5869445824813049	0.23196269190854424
0.18450223820925246	0.5842411199460805	0.23125664184466715
0.18396910530630933	0.5849489950154421	0.23108189967824871
0.18206392148511538	0.5938962614444067	0.22403981707047807
0.1829995460320116	0.583655150310808	0.23334530365718056
0.1833103039020219	0.5874613992208397	0.2292282968771384
0.18056341318005553	0.5874102320945258	0.23202635472541872
0.1842225437836795	0.5910145540617799	0.2247629021545406
0.183598919554939	0.5831309647212644	0.23327011572379674
0.18207181119004529	0.586383974974283	0.23154421383567184
0.1815484620069737	0.5928639853239803	0.22558755266904607
0.1808301133954786	0.59197468853315	0.22719519807137156
0.18231837360339215	0.591108171122726	0.22657345527388204
0.18403236651870925	0.5870414473898623	0.2289261860914285
0.1829157886244488	0.5926734939638274	0.22441071741172391
0.18215009651313718	0.5871019053475162	0.23074799813934666
0.18547680848285558	0.5824833375229027	0.23203985399424182
0.1803114911199433	0.5875430088121179	0.232145500067939
0.18257722197533374	0.5873334147316719	0.23008936329299448
0.1805914703540842	0.5879051288146057	0.23150340083131024
0.1800429356570005	0.5915565917522649	0.22840047259073462
0.17999002145235685	0.5889997708530419	0.23101020769460132
0.18563191242048546	0.5863296556781749	0.22803843190133982
0.1807619139533043	0.5923890605716551	0.22684902547504077
0.18375659789909463	0.5894385853512715	0.226804816749634
0.18480199792077526	0.5827787769296624	0.23241922514956245
0.1834522366586501	0.5872296728686448	0.2293180904727052
0.1854910933169516	0.5825922606328625	0.23191664605018603
0.18284365147528323	0.5918378488825885	0.22531849964212838
0.1801627153398946	0.5936961180242426	0.22614116663586287
0.18153299041597737	0.5922474966291201	0.2262195129549026
0.18300716785484458	0.5854114488302089	0.23158138331494668
0.1846049617040748	0.5913332432763647	0.22406179501956064
0.18533023340039967	0.5867330485502618	0.22793671804933874
0.18473743883309085	0.5854425757885408	0.2298199853783685
0.18397236884934096	0.5880767467582164	0.2279508843924428
0.1843273669681597	0.5883095054729951	0.22736312755884533
0.181131287419389	0.585734718897528	0.23313399368308307
0.18421927551675557	0.5885358301078287	0.22724489437541587
0.1851151716302194	0.5882982083815296	0.2265866199882512
0.18455297213643013	0.5817596918698394	0.2336873359937305
0.18070338418460424	0.5902629973293978	0.22903361848599813
0.18079326257977069	0.5882017797628453	0.23100495765738419
0.18060988238414577	0.5917349078080985	0.22765520980775586
0.18370128278014441	0.5916012186032817	0.2246974986165739
0.18491943549406428	0.5830547489042844	0.2320258156016514
0.18018368809569058	0.5890698213395253	0.23074649056478422
0.18438455725640532	0.5880148113880937	0.22760063135550102
0.18522373665201053	0.5872925744793251	0.22748368886866455
0.1849409117096844	0.582465781243835	0.23259330704648068
0.18267187817280012	0.5894507623099126	0.2278773595172875
0.1814600266357339	0.5928388993423109	0.22570107402195527
0.1841391142816251	0.5881006041589645	0.22776028155941053
0.1836044849419905	0.5838702512211587	0.232525263836851
0.18113910710775444	0.5931501233063126	0.22571076958593314
0.18418954932383053	0.58990987337793	0.2259005772982396
0.18558832911640624	0.5865103418366809	0.22790132904691296
0.18185859116591666	0.5910359959088002	0.22710541292528327
0.18019446693226482	0.5933643778558171	0.22644115521191827
0.1847166416709003	0.582262929681269	0.23302042864783082
0.18327913776330365	0.590302347924063	0.2264185143126334
0.18486111010231046	0.5837366087826512	0.23140228111503836
