0.005555482958899224	0.24670458233924536	0.04941383136628231	0.01322679219552976	0.1537392363292437	0.2414872372125168	0.022684235222027435	0.04182230314467935	0.03373167914604268	0.19163462008553347
0.03406618152127104	0.3385714763317432	0.018590331503035643	0.0824456306517764	0.10097597849055118	0.12199652359776819	0.0899975828215837	0.05331000982748435	0.007723950479994926	0.15232233477479135
0.14491886306130247	0.23185140391187753	0.04992205260754381	0.08570824282131564	0.022855401071310788	0.24011903359738163	0.10096505322755879	0.05494405767314769	0.04552282301740542	0.023193069011156156
0.182330738483516	0.32911916963773513	0.02194678655428943	0.07494439362150504	0.015133722048502343	0.12632643668514149	0.03139516590037532	0.020712692354479784	0.06941130564294495	0.12867958907151042
0.03560106848772712	0.08636907022848107	0.3634749828650534	0.07453991934592787	0.08498219824464463	0.12862741532566999	0.09641510834901004	0.01624833958689205	0.014749757599342175	0.09899213996725162
0.07278763696887103	0.23103433864953904	0.010537106160394508	0.04927566145418763	0.1476438614782193	0.26262871222592343	0.06923777342875459	0.05094862242658692	0.010189645735568076	0.0957166414719554
0.0943911209983518	0.10582116326852484	0.09068065247154011	0.04036403240182976	0.41760094934745673	0.0698652425546746	0.02417298347799858	0.04777339052900252	0.03623582356487656	0.07309464138574442
0.15196543331517215	0.02572150825542327	0.1368565743125606	0.08065242544041645	0.044993271767794524	0.20796276051550955	0.020024729462974233	0.05157345272621313	0.08015511267958275	0.20009473152435325
0.1956073067694449	0.02175539847080711	0.0260807794965371	0.05979156258309404	0.09440234649182286	0.3007079154456226	0.11607685055279664	0.05148012723749759	0.07585795620551218	0.05823975674686481
0.030776270656295776	0.16792003126070193	0.1993801152763527	0.022123861263848937	0.02038417694191058	0.3784449016881129	0.07508014491067022	0.044250519666339035	0.026969506433611318	0.034670471902156594
0.0185442036977653	0.07917468224484499	0.007270172120692725	0.08197365066616319	0.19160483087290536	0.2991366464824301	0.11282111282575548	0.04834767834223245	0.020771795406537827	0.14035522734067266
0.01273591183731966	0.030507574317668054	0.32462922058531885	0.0871169345137755	0.04645167479717362	0.23174100143159415	0.09084353507380558	0.03295356223246526	0.07044793835614385	0.07257264685473547
0.07290880844056606	0.18447888303434498	0.21938888462188036	0.06558043736036313	0.03397271448952455	0.06632537307866554	0.056310217918290745	0.07038570930162347	0.01713802298435728	0.21351094877038387
0.07988622851876774	0.08847338392173541	0.2631483918861246	0.09099734599430048	0.0145396072916857	0.23323123643302174	0.041116891546950224	0.08914897672928432	0.01856827780216254	0.08088965987596723
0.05161210210803016	0.036759702457032695	0.2912393582315646	0.033349332376050436	0.23920937048749136	0.1929709955542503	0.0699032224864158	0.014902424173780363	0.012624824965543735	0.05742866715984046
0.02419644498850372	0.07432656646468273	0.3235601724002762	0.04121488575763032	0.04346597325258178	0.2978967001851761	0.019009728692230707	0.06529295836016097	0.017019027676746998	0.0940175422220105
0.007098686696410589	0.03451647862291943	0.10178147833422382	0.26432688228941764	0.2386677774352599	0.2023165941275356	0.0171749834851206	0.01347566514931764	0.06329125392641097	0.05735019993338382
0.1919018287005299	0.1569921159766817	0.13721637343487972	0.0770622954062305	0.017916477701235098	0.1588152640660463	0.032293729823150166	0.01406012958073162	0.05271226312897615	0.16102952218153868
0.10953116806910568	0.11702321049927603	0.22385129765484468	0.03960265620443505	0.10190335685708507	0.19796110409742995	0.014674344834795294	0.0732622461039511	0.017242393571270637	0.10494822210780647
0.1962478591582697	0.031184186378963114	0.04283715614688147	0.10928786584047559	0.03302790517268503	0.412787623968416	0.06435577309398585	0.016875399648864975	0.066843531991994	0.026552698599464117
0.06277226282781301	0.10691441407680446	0.024043806784550342	0.17250715869998234	0.09422243234069126	0.2152995189431967	0.11812935348740486	0.013673723251811487	0.008321204023364559	0.1841161255643809
0.01865575527486797	0.2277882685846836	0.13384549879075058	0.12791309827969977	0.05032021325873086	0.185290694277644	0.05734961565127826	0.027831898646708153	0.030056994306995974	0.1409479629286408
0.08884802971792116	0.08782270954077197	0.13816166306414462	0.01335636283232454	0.14397866835620834	0.2589112157966941	0.12268995800573945	0.031348805492582135	0.07046751947894253	0.04441506771467106
0.067469179015414	0.013328568919839967	0.1094677914420207	0.25559638039672655	0.08738053724393234	0.2744298028233338	0.06649981513760352	0.0418582933613052	0.055187925783761804	0.02878170587606213
0.19234786349976327	0.11251091754542206	0.2397670822684711	0.08494182913419121	0.11503987707523243	0.08627855934940198	0.04102136182334153	0.014240665652523313	0.06858898394418575	0.045262859707467226
0.30058850029460144	0.10504346779386858	0.08735697573910786	0.16470645522472332	0.04279483167595936	0.07844498301855996	0.10617799748232039	0.022668592044021496	0.048139178550454576	0.0440790181763827
0.0857189126986081	0.007653886052902639	0.07892127668318903	0.02464389205962135	0.4002586899333001	0.10362303792640945	0.024747639835842633	0.0748455068119584	0.04462896151687559	0.15495819648129264
0.33835817544071767	0.10812258363262184	0.0614178554244864	0.013934323199601598	0.1442698967219097	0.14493692425289084	0.0758591414073516	0.02688861757879421	0.058439976877783996	0.027772505463841787
0.28273956170918146	0.14132287714315805	0.06285332916381225	0.0738666454916743	0.030501258445391838	0.13357123299381093	0.03310188028239186	0.020024502909416972	0.02753200363511389	0.19448670822604824
0.08086382374444254	0.15427112303279714	0.036801612012852467	0.2214379145938068	0.08214218460311651	0.18702286384852745	0.05241583860970714	0.04771492102575965	0.03462682943132664	0.10270288909766363
0.26868727730384745	0.09662584258009309	0.07932968215553302	0.10036484493954953	0.10297860243430154	0.13273765939710716	0.03405761809554221	0.05568241164628469	0.08444333576619616	0.04509272568154492
0.14077435490471496	0.07886239770018096	0.05199307026862679	0.16198575387355912	0.15320229167493649	0.232568279682282	0.09373359108664392	0.023344138307663298	0.03548851027575725	0.02804761222563519
0.007987838372780165	0.047714383971313265	0.015735566956560906	0.2397564524260104	0.2789558207027597	0.14163398885704379	0.08443646072248005	0.04872041137360135	0.0284176306438612	0.10664144597358924
0.10775029256869106	0.31091231326868174	0.09460354484293741	0.018538142567463806	0.13033334397743485	0.13022304622955547	0.014860151670883642	0.0489796443715345	0.05745995437806549	0.08633956612475192
0.2106700369678337	0.021451121077285654	0.09527829453558495	0.07770684633488262	0.23413360810500722	0.10309761057315296	0.019717738519231087	0.05593947853652892	0.026348041995354718	0.15565722335513799
0.014967661610737218	0.1615792475677174	0.07308495339087928	0.04631976707257207	0.07719545744970596	0.365030029732037	0.027257456686968953	0.07774876320099955	0.08417901014501893	0.0726376531433637
0.05081201771791574	0.036726588279563474	0.17542869967110586	0.3476259512183746	0.054393153168193764	0.1800600601684658	0.05164446002973991	0.027177953975699845	0.039102290475718754	0.03702882529522229
0.05009214233471322	0.05672836743008445	0.04334365256551136	0.07972714339927617	0.36768932212930683	0.14496064116669144	0.11801861110649323	0.05190975645858032	0.04049058468772484	0.047039778721618145
0.16265137733928903	0.07548847231763109	0.2277479502999123	0.06618786169757279	0.08714767142950872	0.15675881434057834	0.024835666298118036	0.018880664256742452	0.03617347225958058	0.1441280497610666
0.023562386215163725	0.21653350388332457	0.1382458825788989	0.08691560986767954	0.08103650258382582	0.24014545345820476	0.06466576956562711	0.09150303538575451	0.024277266152977983	0.03311459030854315
0.032870019227404165	0.0362002555625279	0.1803688441411364	0.0921359843668101	0.11124799646207276	0.19003302289276086	0.12372779141128555	0.0794689305819389	0.0625544768087419	0.09139267854532145
0.22033645288041742	0.015691083140713755	0.18847308013183423	0.0439843017344681	0.04326576414683786	0.21249928147669367	0.05198424648880479	0.055370101855126315	0.03725908894649761	0.13113659919860599
0.03469206539831787	0.011874630078337667	0.1009903564803321	0.024162964299782957	0.2818432297540297	0.21947723879969083	0.12135906512028594	0.07599071166236744	0.07204943948106322	0.05756029892579228
0.03563788924840118	0.0326738222045167	0.1399506390358515	0.06499365872045806	0.4120500973780088	0.11378346161257494	0.016384119277682865	0.0654498226405903	0.031183686421666704	0.087892803460249
0.22803882177995943	0.24411504837439613	0.015274743927284104	0.04665515010704131	0.04741862910412377	0.2004535919112355	0.014437274085420754	0.012883535301354235	0.05808269469455234	0.1326405107146323
0.22705977910075437	0.01704509252554938	0.09080747197019677	0.219231495205851	0.0738369448073492	0.1308131796354345	0.0669661023759032	0.05739312378534827	0.05483930264303516	0.06200750795057802
0.035799663065599854	0.10841518049921442	0.005735173344353042	0.2973563798966941	0.04852589693977616	0.3120149842466989	0.0403063274590748	0.01575094863932537	0.014048056753826532	0.12204738915543682
0.1359166109410918	0.050809380753246536	0.06445733650688121	0.15298920873197192	0.3074352309521233	0.13926127977222516	0.026768882752217102	0.024535729889886004	0.06832875213986658	0.029497587560490354
0.22264376619243048	0.013477112049431209	0.016375124142426076	0.3691046713006208	0.05529184278259269	0.1393814223518777	0.03599031129260079	0.07356443579192048	0.02036321705113646	0.05380809704496314
0.027447154705622007	0.0722838475425555	0.025147101098824315	0.3094913819423779	0.024226977008080977	0.22220796062749773	0.1070904212380229	0.01993759690740872	0.04460377578241267	0.1475637831471973
0.2872227306203758	0.042862954789937284	0.04645284828774456	0.10695331249560525	0.1992997690563913	0.11859601676469306	0.055421714958647804	0.021375646686229738	0.04170419413160937	0.08011081220876554
0.2278868773329134	0.020417306161903903	0.1645335527847933	0.1340106138786387	0.021942144286535417	0.14624046080017214	0.017077131672412135	0.04778319630023376	0.012782392876157622	0.20732632390623948
0.14030899931498847	0.08062273182434529	0.1065924189969132	0.11931989355180797	0.23540619949032554	0.08105213537536632	0.061303863571126584	0.05816232949959404	0.01681790178072931	0.10041352659480314
0.17461813932405346	0.09433472677368618	0.06779068417848122	0.07956568769676219	0.24054809982372566	0.2132639166070363	0.0350623961908797	0.026793100843876566	0.0337384081093943	0.034284840452104254
0.20946702865380046	0.08816719359668584	0.13062703025004457	0.03625526256820635	0.15064981574392286	0.13188188276204038	0.025276776950126117	0.086233721849228	0.04137090899844601	0.10007037862749918
0.04276646192751715	0.012118615720038209	0.06059344648284148	0.045984272674369116	0.20396148150566124	0.395069470619688	0.049046090220496524	0.05960124171191593	0.04494034732428738	0.08591857181318491
0.1933661782726265	0.2292903768432097	0.1888176784888585	0.01792246072304539	0.037818852167971144	0.14479580166582684	0.03934478547720079	0.04202930760542096	0.03756349072292516	0.06905106803291484
0.25536526118927183	0.0036152346950807934	0.08800990874380087	0.0694912459586061	0.1566023038887519	0.20133099236413723	0.049552303448917534	0.03240154127018083	0.03222290358081531	0.1114083048604374
0.03546868427717055	0.20653931871926984	0.04266155287237543	0.11621079946783244	0.1375330798785251	0.0705249246958282	0.04433083446966916	0.07339810906984665	0.08689959674711836	0.18643309980236433
