0.039564937961804214	0.23280672840176758	0.0959994995741616	0.03369889008514333	0.06413550155080741	0.17432385712869097	0.09769140256417813	0.0626884146227592	0.026998663522990907	0.17209210458769658
0.05086815096364158	0.2171014084530492	0.10604334961001649	0.06626938368562107	0.06240223439992234	0.16638956742496006	0.10653007667469619	0.06507582707725415	0.025136280104903083	0.13418372160593586
0.047080512221599674	0.1993836408086208	0.1113176012803423	0.06114714780424635	0.06706568352804064	0.20084114195608108	0.08335092513718298	0.06422976880775413	0.03150977248221852	0.13407380597391355
0.07445621713191716	0.17355553754652936	0.09838812809472233	0.07212993051600557	0.058374649504710927	0.1898632983565937	0.09563852731338446	0.049725914133234614	0.026547391964031067	0.16132040543887075
0.11841136220955537	0.14281860188346723	0.11078824124476451	0.07318622688531554	0.0673436657510177	0.16512004482600376	0.10748113668435691	0.05168836023500584	0.030261391996910428	0.13290096828360265
0.08442391659737539	0.13641626509183408	0.09970653162563804	0.061236927722585675	0.08403448254389577	0.21543791185404956	0.08171917093308766	0.06311696785743441	0.024544958670968675	0.14936286710313068
0.04143055835055723	0.12632463416110054	0.11482864674388037	0.07717062821963738	0.08373999087049283	0.21688678175965861	0.0814178705318733	0.06773401142428834	0.02755960947465738	0.16290726846385406
0.1047070818798175	0.13355361502920163	0.10715488614180006	0.04819491548366531	0.06065431642796255	0.22533010626628308	0.10518820944999206	0.055335188969757754	0.030269455741177967	0.12961222461034205
0.11825908253913353	0.12656988574771355	0.10033304784704344	0.038558384290925986	0.06652625699007107	0.23331216061545912	0.10559319609613732	0.04927356857759765	0.025114931848155914	0.13645948544776232
0.054169628868294975	0.18324450757206961	0.0971853428980045	0.06759514968132399	0.08184532870084975	0.17054884480934815	0.10185980031958024	0.06218011352938229	0.029308932186824066	0.15206235143432242
0.0660185620787073	0.16822051972340885	0.09794061807714095	0.08034627414375042	0.07964355803228065	0.2082180045020415	0.07916856985452995	0.04608224813638782	0.028212763338998095	0.14614888211275448
0.09907868409534752	0.1613242976193454	0.08673638822655734	0.04697361340396741	0.07405157705465	0.2025730824831995	0.08095427621109808	0.04616952518286573	0.027125939158286164	0.1750126165646828
0.07873931808206279	0.1009416807248036	0.0997698087691248	0.07757957231889992	0.07862852815682897	0.23547290141687932	0.093756131848549	0.05085354588741896	0.029749490096718276	0.15450902269871433
0.11292474253261062	0.13158262758983458	0.11169135768535264	0.02918677401996045	0.08488887970403809	0.1975275533512231	0.10493434377856183	0.0623273903634468	0.02574726970944606	0.13918906126552577
0.043805930254136954	0.14835507976967227	0.11459645264988187	0.0387884662336329	0.09038571442115895	0.22654148085528997	0.1029199922156102	0.04516518120933103	0.031400613820625534	0.1580410885706603
0.03177708300914554	0.18122796968964694	0.10023451624213163	0.04384836659470105	0.08723319142937984	0.21471717404002663	0.10616079524877178	0.06775883388815246	0.024931573301556473	0.14211049655648766
0.07597424084409374	0.17124489030161444	0.0849879617968724	0.035324355804254	0.07497153430620163	0.22117020079935257	0.092238034819665	0.06654950201690958	0.026575115926488424	0.15096416338454816
0.025942516004340402	0.17109219613643095	0.1179786116996403	0.06923069574746657	0.06611065461392843	0.22280695142195883	0.09483940375344761	0.04833184790795741	0.02413606200444955	0.15953106071037995
0.039118974108249424	0.17680496996850287	0.10297086497943127	0.05240459458428642	0.06459280869210615	0.22887222654271439	0.10388037826910762	0.05726560268992663	0.024591601733813417	0.14949797843186183
0.05261004541815867	0.2146965305670054	0.09709780363800286	0.051003480083098116	0.063606361648238	0.20958061698253838	0.09848624029646867	0.05528290986374182	0.02638759659224167	0.13124841491050643
0.08304426521484592	0.17710126826258377	0.08784369722888656	0.047785708324772774	0.07912312910675814	0.2191325320177985	0.07986307072395026	0.05881148803017193	0.027152904609611422	0.14014193648062073
0.037138942079322765	0.1900935768101477	0.10744249553797276	0.05569045809938481	0.08534561177301699	0.17599986773796503	0.10452790010598108	0.0579486033291656	0.028965251477515747	0.15684729304952755
0.030874906933907195	0.17424682380446188	0.10308212306775891	0.07936829719598061	0.08848401196611178	0.21945276181914222	0.08774273472875556	0.04643564599664913	0.03162612132003356	0.13868657316719923
0.02835182746564867	0.18491852452876978	0.11193538488757426	0.062494167012203665	0.0710370204656596	0.19319998842346794	0.101074581063181	0.061905850844935904	0.027072007575640447	0.15801064773291873
0.032444405674689314	0.19386165992380783	0.10504437820768774	0.04611122351838904	0.06834788933353102	0.19536911251527722	0.10213006935424718	0.061987164316447456	0.03139792264930384	0.1633061745066194
0.05339672393831711	0.17990584132815554	0.11378421932124323	0.07221738716238113	0.0726971445388494	0.18683815668546933	0.10654090856080291	0.04725750893550646	0.030068821255392147	0.13729328827388276
0.10313932047256055	0.11303595551059159	0.09941527850258428	0.04081073206016056	0.08778366390842855	0.22181215453993985	0.08658993395809157	0.0631952976455983	0.03092822901279009	0.1532894343892546
0.05670427457746269	0.16610189640419107	0.09327705795308576	0.060567665119201176	0.05959403271972546	0.22033301555707707	0.09172146043721682	0.04774797040913054	0.029620702364970983	0.17433192445793844
0.016031489672189744	0.13732427982362674	0.0946188884746875	0.05819129202251987	0.08762043601282768	0.2377081050644846	0.09840573649811325	0.06522927932396472	0.030801688295017837	0.17406880481256806
0.07374703034553792	0.1452859530611853	0.1052974210945646	0.07012404478498253	0.07809906037188294	0.1842698005163496	0.10272881204062316	0.051315172981103344	0.031432292704168335	0.15770041209960223
0.09089805528706027	0.1423086288637376	0.08607027017454344	0.07268670435695743	0.072416355670891	0.17024660943840658	0.10773531669226875	0.0641415777999112	0.02422302762641501	0.16927345408980868
0.12124128219527003	0.16610060801319687	0.09749703552222656	0.026968785830342706	0.06226532149833228	0.23373107810456506	0.0930024110625568	0.04392028979359155	0.026132688394213885	0.12914049958570414
0.060126619830021016	0.2077662360583259	0.09901015547394096	0.07090070358182687	0.058693732124870876	0.17905605507140082	0.08746007019951585	0.05597340274546482	0.02574338657341642	0.15526963834121654
0.12278855505407685	0.1734852912199386	0.08385441556615772	0.04185207663488899	0.08656468654385109	0.18753749818965804	0.09416242512179201	0.04890391631252561	0.02523173516362004	0.135619400193491
0.07266110401251169	0.16732542387960425	0.0912573453720828	0.07194048652344062	0.06023696956626152	0.2180585483494908	0.088609612072804	0.06107433838738678	0.02524120689301307	0.14359496494340446
0.11470689241709939	0.12221388862203517	0.11245612678938235	0.05507349849639158	0.06308214954371058	0.2138238603750245	0.09124343975531185	0.05668754483061982	0.029104441131604653	0.14160815803882
0.09543652612897714	0.16667622203138527	0.08462366913516063	0.052717422228981514	0.08432670129436817	0.1906575058697244	0.08144760270402907	0.058171677511489654	0.02690711837723192	0.15903555471865216
0.06763795855681264	0.17714762129394973	0.09575469681833143	0.05364674894392066	0.07331880688468548	0.22358513798295795	0.08424482154040863	0.04547884771228382	0.02660327545535865	0.15258208481129099
0.08352735151426408	0.12568675052561426	0.09217047183543225	0.06924326712582604	0.07666825354790473	0.19074052183337561	0.09494131607541333	0.05670906854477704	0.03158232961668571	0.1787306693807069
0.10937692993666334	0.1227674403668641	0.09789823119171939	0.05987926785241048	0.06660877070449067	0.20335701919537977	0.0982980702657569	0.06255250477474224	0.030528217120490156	0.14873354859148283
0.0874981520283993	0.16333515237302326	0.11013331580030714	0.03204796604353059	0.0806895851753512	0.1956467785284688	0.09589380499986008	0.050394514142372865	0.02413319239451424	0.16022753851417243
0.048093130011423	0.22467265924139385	0.08399969800567625	0.06227716726061932	0.0650528792107262	0.17595698777170332	0.08402346542933062	0.04463610842084835	0.029771040531520854	0.18151686411675824
0.0647956957412103	0.23190909281261357	0.09373269304638986	0.0569829696271439	0.0770098070453728	0.1746420090609778	0.08706346664959093	0.0517040420787712	0.029502244611206346	0.13265797932672327
0.07838914096931372	0.1998114403271246	0.08294710749724117	0.043225700757084706	0.08987913088860307	0.19837791424221723	0.08954269464772212	0.04888514514543421	0.028538912647755335	0.14040281287750384
0.06281144558323037	0.19854795204597214	0.08889634499082767	0.07584069693784627	0.07658574592587938	0.16719365910029513	0.10684806368405537	0.050179894758737784	0.026370817907235014	0.1467253790659208
0.123145821726126	0.11943891993791908	0.11227039897029745	0.031072121311190803	0.06225795687389899	0.19807549996266693	0.09562684479276427	0.053676687198534585	0.028238500992406573	0.1761972482341953
0.05050610648521317	0.14039448712445196	0.11846515707897917	0.07179855040667503	0.08798664488141796	0.20699387247451373	0.10413123465005746	0.05863084744151297	0.02649430096111466	0.13459879849606393
0.1069858685910979	0.10923784392188764	0.10556643439966845	0.08037587315345901	0.0849299987404175	0.2021954576499816	0.08478629938219798	0.049600749845785524	0.030853816862106864	0.14546765745339746
0.047142826750152335	0.1527297362810521	0.11742238568830651	0.04582677003575824	0.07267504584668598	0.23741772768839453	0.09541249787996126	0.06427557302816334	0.029903816969217623	0.13719361983230807
0.07343163022689739	0.16746020076999651	0.10104313421489425	0.052185215873403225	0.08521267789412784	0.18382225165647767	0.09995722385370485	0.0459350552202773	0.03003664071660407	0.1609159695736169
0.09884869665484902	0.16293314664875558	0.1052949071992422	0.04651552737313715	0.07425316305440903	0.18803291869385463	0.09689682597939783	0.05212732159429301	0.02559265165543559	0.14950484114662593
0.03175632294273037	0.1930468423256375	0.10134059941356209	0.05481327561783604	0.06546767738266862	0.23115691836235885	0.08661824688750426	0.06194028804613266	0.029311296938937997	0.1445485320826316
0.04601491444547087	0.2304471545728492	0.10345623430510201	0.03914552092922412	0.06057861118160322	0.18930892458869608	0.08829673091191743	0.04719805925852111	0.028873456659243138	0.1666803931473728
0.0211338619577094	0.22378821648207933	0.08878148756860954	0.07510250167505192	0.08588868647983296	0.18660689914418466	0.0925437994643037	0.0614867899362749	0.030686055945751953	0.1339817013462017
0.0971661115917561	0.13301458011334544	0.10764954368703142	0.03608818343246664	0.08071117178288308	0.23147640963444044	0.09028951840660329	0.050492845096060536	0.028400999565712418	0.14471063668970058
0.02886967354683327	0.20348464941666033	0.10188126941576314	0.06087755528316174	0.08774742173861194	0.22394215079639357	0.09106351713555037	0.04539997357634593	0.028314816183627342	0.1284189729070524
0.06925161143052927	0.10237718610250048	0.11235579669474549	0.0798452842080545	0.07471847300963275	0.23005227574404724	0.10691443226649743	0.04423979659227294	0.028900748439622953	0.15134439551209697
0.051416734765742426	0.20367771063458517	0.11578163976696806	0.03016487325779099	0.06651854868868837	0.21878188497239226	0.10557337864600894	0.05208744633090515	0.02780358818442752	0.12819419475249105
0.03903705148812038	0.17698869418526397	0.11612244022222075	0.08135990914386232	0.08686436835326108	0.19820547990510115	0.08006286403361124	0.04454568924580712	0.02639964355170292	0.15041385987104905
0.06347937675723035	0.2016668563215851	0.0948576247019939	0.027914638337655687	0.09034983231864238	0.1806291339711718	0.09837318973920323	0.06272359076101103	0.028788279708252346	0.15121747738325414
0.08466147683402485	0.17452729367169678	0.0867603937374027	0.04702977914562237	0.07302472423406675	0.19111883405658436	0.08438966498596949	0.04724833242093267	0.031351859626007075	0.1798876412876929
0.12217502763387755	0.1636507694608625	0.08556468589449019	0.02691350874445149	0.08267620458280146	0.18474848376455058	0.09854799070290834	0.05090088841132086	0.027784780760212582	0.15703766004452435
0.07193348928310021	0.18847745969111118	0.11250857827760162	0.037967407550472176	0.07463863421448576	0.165477060118566	0.08329799302704124	0.05982735319563802	0.026648428389356812	0.17922359625262696
0.015878195379054008	0.22159206500051998	0.09556162766915813	0.06353336930193239	0.06441481638044182	0.16809281081903493	0.09938487236904851	0.06330572875717765	0.030843033781742496	0.17739348054189014
0.10283623921701546	0.12724864850731435	0.0975011842189246	0.06315623787156793	0.07460761832267798	0.1709388505836162	0.10644295801175008	0.0541068112840946	0.028626267931029487	0.1745351840520093
0.06422906302450745	0.14127074985502677	0.10693394563161071	0.043554033328516185	0.07554908465405451	0.2329656561442598	0.09437343502515683	0.04862258832841517	0.030465640769024957	0.16203580323942762
0.08899848654360779	0.11921893526354913	0.11101359930336348	0.056296229430569736	0.08939829451660636	0.17668996538304627	0.08966067275584874	0.0659181333459575	0.025487221034237617	0.17731846242321336
0.03331889394320313	0.15056478155389758	0.11462500769123439	0.08087784597245	0.07893557960860004	0.17792754296991511	0.105457074023457	0.058022516308421215	0.024210060326209232	0.17606069760261234
0.055527803508572865	0.20954961561499955	0.10001741119842192	0.04395011393627983	0.06346464788178494	0.20125296641054546	0.10459621154923562	0.06563562083635482	0.02515996709450162	0.13084564196930332
0.040314287196762985	0.12586770160817362	0.09974866729690719	0.07472961976253918	0.0780543136971876	0.21849480941441077	0.10194000182260533	0.056352775030239936	0.028456267024417475	0.1760415571467559
0.10451429304825754	0.11813488950765955	0.0853142819803834	0.06845691770474539	0.061025188906054795	0.22671638706518032	0.08115079351994749	0.05755420284728613	0.02487526319496551	0.17225778222551985
0.12132498778106297	0.1096424211418112	0.08453821902719405	0.048704743996553126	0.0803027624803504	0.22689415871607427	0.10151726477813498	0.0492746386167454	0.025814619339672634	0.1519861841224009
0.07007780850798462	0.2140980737137064	0.08667416193872332	0.04981775169958579	0.06854345016918863	0.21508885096425975	0.09657540280250217	0.04860770660655644	0.02421515270962457	0.1263016408878683
0.07883962843940295	0.10792742741460065	0.09814733143828355	0.07695049115771677	0.06053030386840422	0.23285266629782925	0.10083296241387626	0.048173367388204436	0.028324590706748795	0.16742123087493307
0.06992795340203604	0.17905719519984398	0.09411107482498456	0.0630501354718554	0.07254334203961597	0.18966798293232395	0.0853868668804811	0.0434365146146612	0.02758603039682167	0.17523290423737614
0.03293362254834292	0.1827312369467134	0.0839535170460534	0.04884566686534974	0.09067335084841124	0.21955494949029075	0.09482473603855356	0.0495221274006793	0.024458787062298107	0.1725020057533076
0.05582597780080464	0.17927808297659886	0.10391578165193571	0.04151286721750313	0.0593219312075602	0.23656558929907723	0.10028327779136197	0.06025302501138708	0.026570555351362407	0.13647291169240872
0.12339134596577891	0.13777566059631044	0.10752949996834436	0.026334206461443688	0.0743497003587636	0.20765973815196392	0.09909848389712099	0.05790630512414406	0.025040031709134367	0.14091502776699558
0.040035852726547895	0.18642288089522052	0.09386553036960517	0.03220893233742923	0.07301389080772255	0.2343730751071031	0.10313586262825686	0.060341887038327616	0.026926391236899577	0.1496756968528875
0.10043153372069799	0.1493022887198074	0.09785089459391602	0.07069628995579029	0.08582117538200469	0.16787023575164844	0.09535517023327865	0.04583002320579152	0.03060288029525042	0.15623950814181453
0.11947608371101137	0.14628801412573372	0.09331575062541723	0.04167382630367401	0.07966431792259906	0.21273330875788712	0.08587028929204647	0.06284487649770959	0.024715142081899497	0.13341839068202185
0.07518535513673726	0.13099978269635792	0.10873894106333737	0.04965050092131542	0.08038696595732567	0.2343074789291812	0.10527303092753426	0.050133546782826895	0.029554312968976662	0.13577008461640733
0.1200899506867875	0.15462911789922018	0.09855851930938873	0.0274758234111325	0.07870292534612068	0.1934256730456594	0.09452631499641469	0.04907772718056045	0.02495785440330188	0.1585560937214139
0.046350797914228206	0.23467352646213357	0.11493722797418207	0.0370257559585572	0.08542735086360574	0.1887791358445048	0.08284301142701343	0.05477680789321765	0.024769734505456456	0.13041665115710094
0.07978206555241799	0.15189604118678904	0.10919467785561031	0.058012099365285306	0.07077979622383947	0.21358162828368749	0.09053771759099806	0.055801546852531615	0.02434993327401727	0.14606449381482342
0.02652267750192798	0.21666442065367023	0.10882188005400675	0.04110414530407127	0.078107093009505	0.20657404312053423	0.09995732333264488	0.054282226247981055	0.03046489778883915	0.13750129298681948
0.0472829302619872	0.17482133996978	0.11004149828876329	0.07785027131094686	0.08924716207414932	0.19168803972714127	0.08600094651442855	0.06894360494719866	0.025444207135805877	0.12867999976979896
0.07666647849439376	0.13283375595427296	0.0858223669943248	0.045426939160835296	0.06688244328513912	0.2280407470910671	0.10321327855631221	0.0643996264399003	0.030510802879726892	0.16620356114402757
0.023919580122133452	0.17057318768807828	0.08488959040951528	0.07271291718979436	0.08298564023199279	0.2038828577192328	0.10119618970041502	0.05658620445570265	0.02669060957035775	0.17656322291277757
0.022381816650609856	0.19788653312594218	0.11122771093368819	0.06478668751096792	0.06866005783184526	0.2035394043126054	0.09722596680787321	0.061177690041611346	0.02889907713325439	0.14421505565160225
0.11494297871759598	0.154551057674209	0.09173896948724013	0.05702903838688436	0.06709553834103531	0.2018615138697961	0.10714828503805586	0.0488402718203117	0.02559300036714987	0.13119934629772165
0.0963201355174846	0.12517682241894285	0.08829332328095273	0.05494298827675977	0.06714456263159652	0.23595358497060132	0.09299729624296424	0.05206990746134544	0.030490359181002513	0.15661102001835
0.05454532110652225	0.17895842079094154	0.105039860368473	0.06383939338869474	0.06344131568651745	0.20970659216486753	0.1015138368184477	0.054362546793681736	0.028406256421056847	0.1401864564607972
0.11596918018186467	0.18489449861067503	0.1040837601679673	0.04399286029152181	0.061224384950345545	0.16432892204480354	0.08677197128727186	0.05153326658713192	0.028537496384596364	0.15866365949382186
0.06333947004634677	0.1852020605799206	0.09863198718593241	0.06321046584747032	0.07738440856623736	0.1914296641179741	0.08763072697986399	0.04468013293669445	0.0261320142511708	0.16235906948838918
0.08899874910848724	0.15894908209902092	0.10089700704765336	0.06027471415473296	0.09075589408586665	0.17498052951345905	0.08368144880668213	0.06133635990157577	0.03099560034275055	0.1491306149397713
0.11400601043205401	0.16673507418123265	0.11618723088476723	0.026538885598384007	0.06621245692002063	0.1868644262295724	0.09188251377724276	0.045738405377492596	0.029290886860667373	0.15654410973856636
0.05013693879052782	0.1907156472954986	0.10711454565219744	0.08098616765333491	0.06693586102680553	0.16367933978111163	0.08296547742969107	0.06306275701731828	0.02722375566951843	0.1671795096839963
0.06331899500818526	0.20138680222925448	0.10319369850816122	0.06814151783296798	0.06399752919837384	0.16758188861179865	0.10108710971458418	0.061893411845168146	0.028118424828529442	0.14128062222297683
0.03477177597120411	0.2020987658942894	0.11736240728336324	0.04895422408222742	0.06686808155079706	0.20093944694177182	0.08968123158768072	0.04899184003944693	0.029510082278818683	0.16082214437040065
0.07551376181269193	0.15036369357824417	0.10873263589078845	0.06303884203490882	0.06843309157267816	0.22045448366254622	0.09963842734767953	0.05553139904137124	0.024129571408775044	0.13416409365031645
0.032885203610076755	0.19945622595499263	0.10223497330739191	0.06950700478973325	0.06778937417974877	0.16973116320378967	0.10222393142334782	0.06265826717492459	0.025564472425932364	0.16794938393006228
0.10408526594633027	0.1404659164258248	0.1116526200242485	0.06301930876051193	0.06665659723885071	0.19101663529003837	0.09945846734050603	0.05405998504923802	0.030637502502759234	0.1389477014216921
0.10004172646930887	0.11204759700074007	0.08512736716495782	0.04991929107488493	0.06434245042173549	0.23298303236157258	0.08524800996052515	0.05829492485592596	0.030571276636477865	0.18142432405387116
0.07832321005409729	0.2089777184962619	0.08693860654983178	0.04136651649797777	0.08772965493791267	0.17497836225046398	0.10211751621170397	0.05349661956365149	0.028741817967046376	0.13732997747105277
0.019504433787903466	0.15642381092438556	0.11649646156501894	0.04240107570700379	0.08350649299219376	0.23497356671903735	0.10639268416459448	0.06841769075935636	0.02706639052897146	0.1448173928515349
0.11099104283645106	0.11393740655217596	0.11704071235995818	0.057942494618831455	0.06137147131372053	0.22474426912898446	0.10473628621227007	0.043331368122227897	0.026247221869085915	0.13965772698629436
0.027585470521588204	0.2018699307633873	0.08401294004018431	0.0336849304728285	0.0803590114222521	0.19910467661029213	0.10435249998641033	0.06394110014928817	0.029228462500184654	0.17586097753358435
0.09939113591731949	0.1290492673520721	0.08641827671042013	0.047618836255080184	0.07274155788406718	0.21346749436975118	0.08680520002369697	0.060844403695074045	0.027014519217692975	0.17664930857482564
0.11013889634772168	0.12369951244300853	0.0964177262870388	0.08238001521841565	0.05911378660086918	0.1666286985492722	0.10328882463482006	0.06671845056954931	0.02632531227378583	0.1652887770755187
0.07462453046131537	0.19171846664905967	0.11516998269587544	0.036803636504473436	0.06172306318806645	0.18197383794971583	0.1047701039315577	0.05760092385696542	0.031760782050140865	0.14385467271282976
0.11868976736331763	0.11251000661286312	0.10733399312428453	0.06859714169725631	0.06082781783770878	0.22995988268715278	0.0813489329919558	0.06247970362292106	0.02424203650882506	0.13401071755371483
0.0961458213768069	0.16607080741547742	0.1153197652314676	0.036170124045533866	0.08053642069675324	0.1667492273236155	0.07908289855870704	0.050321987240840964	0.02962176853582453	0.1799811795749729
0.0785713584530577	0.16336482322520912	0.08893319178754011	0.04673463752330525	0.06881300667062815	0.2378325471026122	0.10424029995849309	0.04358818811345287	0.028155754209460315	0.13976619295624115
0.032743198865674325	0.19539802392873765	0.11822619832351047	0.07493994207825198	0.06687941584831325	0.18215826485486203	0.10557764155315033	0.04711705100085049	0.03173921102430069	0.1452210525223488
0.08245971782282553	0.21729719269854095	0.09743816060717561	0.04690736863261661	0.06976226730891658	0.19068603187123356	0.0851979161615308	0.054993479645058005	0.027225941665081202	0.12803192358702112
0.10806991328931562	0.1191018130747051	0.0947425485855697	0.05550003723722199	0.07852717873956333	0.23566286707928064	0.09577827634653323	0.05504242705860494	0.025791437526074892	0.1317835010631305
0.10879395428561013	0.12124885386253724	0.09227790508563952	0.06077923414646859	0.08004457234602091	0.23431741896747182	0.08458910687519332	0.046694166119685396	0.02470096542062085	0.14655382289075214
0.034395168590007366	0.19693423188142606	0.08675809807557257	0.0425237231193005	0.07364679699906958	0.2269539076169088	0.10386115241659513	0.0594944830904658	0.031219493330450945	0.1442129448802032
0.06273040911144631	0.2258772138547886	0.09645250306488022	0.06430536205581025	0.0770712866146999	0.17246430940996216	0.08248828951305093	0.046844832969292115	0.03106627882945144	0.14069951457661803
0.050072144530545024	0.10385830985570373	0.1183996308567955	0.07213867943202532	0.08553125680475854	0.2298314775480782	0.09268019079702251	0.06206417501832302	0.025918151592835198	0.15950598356391296
0.11125575172444965	0.1635715998561077	0.09238652067309878	0.03660298014754915	0.07616311857057816	0.19306090636013548	0.10047580341695161	0.049734004617188056	0.0289308056547794	0.14781850897916193
0.03800832077208399	0.1955453482398125	0.08430256570568866	0.04291919188154548	0.06039631081318363	0.23317016594524648	0.09032195281160986	0.0522256900654891	0.027528299492464423	0.17558215427287588
0.0822558249255356	0.21160921312433106	0.08310560159441148	0.02882748114368691	0.05999108135144532	0.18878610452417585	0.08814802931243342	0.056410023119709524	0.026165537547535034	0.17470110335673578
0.0995636610074451	0.10815729779129732	0.09674175833951842	0.07383113415841841	0.06618736722267701	0.22002339150108796	0.10129961391624318	0.06207812499657666	0.02689287758826893	0.14522477347846696
0.08635719631969699	0.13473050395233996	0.08620271719601236	0.05436044090264354	0.08013191720913877	0.21792296749897125	0.08289526383084822	0.0686102628864403	0.02723164547960019	0.16155708472430835
0.11021278955171483	0.13697610694838278	0.10563310473602709	0.04511090289780475	0.0747172363607149	0.1765009353075836	0.08455641576928272	0.05639273939728967	0.02879732900578029	0.1811024400254193
0.06451932732624313	0.2071180975593294	0.0845561177453875	0.06697767855849912	0.08393421773811893	0.17089523975338394	0.09760121485329613	0.06418502807766721	0.024931578328943993	0.1352815000591306
0.041773848743903524	0.1913420767473697	0.08963004229883739	0.07458387618498288	0.05834296996365777	0.1891799732996785	0.09033903732056275	0.05356391786709656	0.02996328143247466	0.1812809761414362
0.025744535721307596	0.2030250987276006	0.10893469587869276	0.05987228333003011	0.08174734336282537	0.2132769974636644	0.10246997532176215	0.047050179986335455	0.028610385160746044	0.12926850504703558
0.04563649337193528	0.21769688935590562	0.09716970146164584	0.07304376591262869	0.06708867084193153	0.16842035073373793	0.08389088534682129	0.046579788668091676	0.02781956780044413	0.17265388650685803
0.11802211610859897	0.15442545139705582	0.11486563205892167	0.07480025570782009	0.06223891244218196	0.16382222820243825	0.08425148004195429	0.06530027139603994	0.025543115359046936	0.13673053728594203
0.039109333431917026	0.232558094469265	0.09026946087320097	0.04455528760275988	0.058871883226931584	0.21396818481171137	0.08392575288434333	0.048934273878798465	0.028113102596903333	0.15969462622416908
0.04495168194131462	0.20840294862776204	0.10204461721774116	0.08221531386735531	0.061120640233204585	0.16749580718710175	0.10258701725356714	0.05349194349265734	0.02712187780567471	0.1505681523736214
0.09085755587359907	0.18696044149255509	0.08999704562402228	0.046518823457522236	0.06874658354965443	0.18526574035465998	0.08190276294393814	0.048548949928712844	0.028505458258010416	0.1726966385173255
0.06720136665574829	0.15559682523411744	0.09100682607993396	0.08147490173648167	0.06238650606230222	0.19176056300854627	0.07994962750415582	0.06296812255124797	0.03160800841970725	0.1760472527477591
0.12095773621096567	0.10828936151250976	0.09608242386198595	0.0557373847688828	0.09072292947193047	0.19670684098922495	0.0983183536716411	0.05939453336921182	0.024255346488587723	0.14953508965505968
0.03944986619993039	0.15045958643427343	0.11434717635844818	0.06841039529450459	0.07985398957073085	0.2014006425309868	0.09512023292050813	0.061557547961270526	0.029541982813407863	0.15985857991593927
0.02080233672131057	0.20989927267944247	0.11322551543616718	0.03635209810872826	0.07276715830509589	0.18571952887798926	0.10784171166390058	0.06408636094425293	0.030668153820376465	0.1586378634427364
0.09136350410624891	0.1450089466554671	0.08995471586356525	0.041942357206124575	0.08742001605336988	0.1966502155411267	0.08438171400637201	0.06065919121713662	0.030141831221141335	0.17247750812944757
0.06841215451251345	0.1606204390716736	0.11501299351944938	0.06204239398172928	0.08733736104188282	0.18970342248739852	0.08892703298810037	0.06597041228118586	0.0256027655649166	0.1363710245511501
0.10473916343547973	0.14173503257656936	0.08638559296912181	0.08122690758777601	0.08650959923307683	0.19490196102793128	0.08334456114804956	0.059893730461936384	0.026594258123471173	0.13466919343658784
0.08228458682247561	0.20379738989593135	0.09981901697538226	0.07768329124156076	0.0759017356275917	0.16803841406952502	0.0830907804175	0.04384779099973322	0.027131511035158193	0.13840548291514188
0.05174814116249825	0.23341566796764585	0.10272834877827927	0.05846524299366656	0.05922250627417005	0.18472699775177975	0.08954139469008165	0.06102880195733913	0.025944867380703562	0.13317803104383594
0.06587072871103179	0.1871868575049035	0.08655635658994172	0.03912474364791804	0.08651716865875947	0.23420060384096542	0.09044720961232942	0.04878377009228965	0.027154827803836115	0.1341577335380249
0.09710394733433247	0.1297022622915005	0.08958840137623905	0.0778667206564023	0.07665891374596856	0.21561960874766897	0.08031943197276874	0.048934394394919055	0.024606626097819065	0.15959969338238122
0.0946196528894498	0.12956252657636058	0.1098707148229343	0.07181221999951524	0.08967817341690518	0.18231795411572915	0.10251384718077496	0.06526416585106194	0.027706804280984806	0.12665394086628398
0.042026137069249306	0.22083256847775612	0.09504735434121361	0.08073995610144227	0.06406567540818847	0.19472905757001435	0.0807177271183713	0.046010953097621834	0.027415803218953275	0.14841476759718947
0.12148661333861718	0.13453356208435413	0.10190013586135871	0.03716907933464926	0.07935819333918898	0.22832393613782392	0.08640340826170277	0.058621049773136466	0.025414055380116277	0.12678996648905227
0.0646704140783429	0.17677476696951072	0.10113213076139775	0.08245839888956435	0.0666731269966247	0.18071308639505002	0.08452799342408028	0.061918477313762	0.026950087336565204	0.1541815178351021
0.10411121674743382	0.10461662054038151	0.0907555443003226	0.06683328153395413	0.08474965150066072	0.20672324395204134	0.09200485820944435	0.05789719457981575	0.03157528297592374	0.16073310566002202
0.02256439708773654	0.21113474239149188	0.10427790343110142	0.07512122971317	0.07172943187494772	0.18453264122939894	0.09442938197034771	0.04844288658504419	0.031573115161946816	0.15619427055481477
0.09156722392730597	0.16777493164949814	0.09288468341284072	0.0363742657919265	0.07399114797076335	0.2375272417870995	0.08458094993048954	0.04378493560112897	0.03183329926761505	0.1396813206613322
0.06993573267477336	0.17377548056870706	0.09990324225098919	0.07582287938612434	0.07384508495159094	0.17104328675054037	0.08975662496982192	0.0457489084375748	0.028116479112646503	0.17205228089723146
0.07291594905519791	0.11743730089007766	0.10452917122074132	0.08038996767918025	0.07825818979538413	0.21987041324351442	0.0922822950780437	0.04334589390628185	0.03049801236509965	0.16047280676647913
0.06020926390643527	0.15193856828293542	0.09448257165191054	0.08192537294203807	0.059539696471704054	0.21625745489810438	0.09819458684409237	0.05608914841398738	0.02621431084436021	0.15514902574443226
0.07879137255638242	0.1427709890928907	0.11183776386776817	0.048485393121258526	0.08540543211214938	0.19109063010713032	0.09110058837386074	0.045900168614789336	0.026583255340996606	0.17803440681277372
0.04739266185114062	0.14306087436289103	0.11254826208679346	0.07878417523901994	0.06366955321613238	0.20429215353803248	0.1058302025836949	0.05529630655790619	0.024777899115163288	0.16434791144922573
0.09848999198968282	0.11746149866014646	0.08632911201537759	0.05982369939375341	0.08160764222348496	0.21551874548362587	0.10499790301640771	0.04554666333357427	0.027853271041384076	0.16237147284256276
0.07885873473935937	0.16779487563277196	0.08275918852505024	0.05901134725994201	0.08325991772726618	0.1970124544501355	0.08799022239714911	0.054226251792798996	0.031038887777323332	0.15804811969820332
0.04941414414737287	0.20703995588642032	0.09237251474959991	0.07472587002095622	0.05867488313773192	0.18099551788477602	0.08561240462736305	0.05309015224345617	0.030259914022158246	0.16781464328016532
0.1102572279979914	0.11175099001787242	0.09877645034175159	0.06601822530022503	0.05978010669552098	0.22998054648503646	0.08348595721646772	0.05384870093279687	0.03043819626683962	0.15566359874549784
0.09383883282126705	0.14447104645599765	0.10261804058952878	0.06465465699017442	0.06814886881128766	0.22290603557488903	0.0844528075534639	0.05879078285985943	0.028090876416542912	0.13202805192698913
0.09310923680726524	0.20218353688117718	0.10738474175374794	0.0369301716909816	0.06866366291139248	0.1777408768423902	0.10342288433873104	0.05020251520568609	0.03057979115113109	0.12978258241749707
0.08120471572254168	0.14675058760708312	0.08824491651468248	0.060685186524189846	0.08662465805371322	0.19277619296343781	0.09035646891713725	0.046272597662624586	0.028964800738588148	0.17811987529600182
0.06805604538445112	0.13015824990284144	0.11383421756071355	0.07567785333302078	0.08733029937494005	0.21598436521011527	0.07958953813569145	0.056248144666847064	0.028953476303128833	0.14416781012825042
0.0228878511052472	0.15090760085210436	0.10412089898166536	0.04355112682539493	0.08503043961201687	0.23187276385632116	0.09168044144466457	0.060971440298171614	0.029916549680698748	0.1790608873437152
0.10273953391558865	0.10857016825081489	0.11840224703717475	0.03966740862275548	0.07798247608842228	0.21079336520680658	0.09076885604387795	0.062456501468961256	0.0273829611842457	0.1612364821813524
0.018306534780109948	0.16061381928863222	0.11456796026362191	0.06262984652763172	0.08823882570790566	0.20566443595461575	0.1026984799182588	0.051147822882831366	0.028415147688304068	0.1677171269880886
0.01584062172515667	0.18161409657478988	0.1005487059159417	0.0698242080241464	0.07946626061695113	0.21640063455662711	0.08770490062838979	0.04780990415403854	0.02457268124748803	0.1762179865564708
0.09390096009156633	0.13982135476972873	0.1097843396700892	0.06941417425701582	0.08345191674315328	0.16588067841934828	0.08154900849132769	0.06074289891946458	0.024855299711683557	0.17059936892662247
0.05645229617963008	0.17425428701161091	0.09097277660042435	0.04709773814458279	0.08433275332267638	0.20397449321720784	0.09865584297665916	0.061410672769844986	0.027466654658025724	0.15538248511933778
0.05482338389697854	0.21412023036022879	0.08720835378359888	0.044035087398192764	0.08912549123364176	0.16430342503132017	0.10427920871474985	0.043111234218212974	0.02490559471227345	0.1740879906508028
0.014668953068804322	0.23342030079824733	0.08507535176202626	0.049768422939883365	0.07190817393231669	0.20804749141525322	0.08933264190326944	0.04627922214022493	0.027453368228339242	0.17404607381163525
0.08314251757501796	0.13986435560069038	0.09418798151713506	0.050150783060029076	0.08921561102032335	0.19750611630422568	0.09339147971478104	0.06621745383244484	0.026108804783021272	0.1602148965923313
0.06471568174832416	0.12493388059960336	0.10884735403638321	0.07676007811513971	0.08429628003994072	0.19613720910796573	0.10375440992074471	0.06297481446285788	0.02646629868596069	0.15111399328307978
0.033501107210601025	0.16334146740835442	0.08939639432046959	0.06275440865451076	0.08573392451432316	0.22100338543635117	0.10001591707544182	0.04964690676518277	0.02846273039832385	0.16614375821644145
0.06251629238336386	0.18077915365960787	0.10320580094474172	0.0810078033277839	0.07479823920330869	0.1735146933235522	0.09939189029168641	0.04730665864091364	0.0241401060413063	0.15333936218373534
0.016826964157349564	0.2179290274325813	0.09577124146226879	0.06110020379229164	0.06631186009224735	0.19548675958398976	0.10212676232421494	0.05333263017141574	0.028066425422358002	0.16304812556128295
0.11845786774059404	0.1564892861199344	0.08521750555457616	0.047423568405744077	0.07084144521464128	0.22306414533014576	0.08654338706036224	0.05872591560269474	0.026720784321563384	0.12651609464974384
0.11238684990724218	0.1413877873602557	0.11336975481564973	0.02797832522094018	0.08040127910629634	0.20613311196558382	0.0816954374143552	0.05311097601358594	0.024709527325151304	0.15882695087093956
0.09204306535804851	0.1667345611392106	0.10025162680729063	0.029585072539620824	0.0896256542075521	0.21017270109529182	0.08883760046331932	0.05409114911988559	0.027916751912767324	0.14074181735701327
0.03052846922761504	0.19886711505564014	0.10458596469344651	0.058596625818641196	0.0853766578784217	0.18723870963766548	0.10515248042735963	0.05848205979710191	0.02510887706851389	0.14606304039559453
0.04783793951277987	0.16431975382769776	0.10993921250186997	0.04241339426970993	0.06541938377440414	0.200649412260214	0.10107929358433047	0.06428968393936127	0.02525944697156246	0.17879247935807013
0.07212571567973274	0.16938151294053036	0.08810851195749275	0.02725742929723865	0.0862504066396199	0.21624568513170125	0.1048289402393951	0.06900527175712258	0.02891285382486536	0.13788367253230124
0.031864535961400334	0.15326285687148272	0.11700781493647586	0.037863750474662686	0.08900221910129519	0.220220014290405	0.08106593971652995	0.0644183550007332	0.02819684066248032	0.17709767298453477
0.05472620550224226	0.14643783815133934	0.11704357351839703	0.07861179887928638	0.072682480565581	0.18260519815801043	0.10611534781329653	0.05318227028128308	0.024954802856694866	0.1636404842738691
0.041091801742769746	0.21398576547242057	0.11611104635174706	0.04233573829764329	0.08029752550835748	0.18966959332758832	0.10122467157539629	0.05562854627669115	0.027411505959608576	0.13224380548777753
0.07222891901986052	0.16494135277992794	0.08493843994182929	0.03801304175495922	0.09025391777175604	0.19673396377486238	0.09957145946573254	0.04881827040128298	0.026177047502543946	0.17832358758724517
0.08516750477470711	0.1772833680271102	0.10602521900565362	0.05046893570223489	0.07729558290985343	0.17894635754536303	0.08678754568401334	0.06230252289818549	0.03014302773718379	0.1455799357156951
0.045709131950561664	0.23634445289768558	0.10280261506568605	0.028229976152130493	0.0664365941259005	0.1805849879580512	0.0814436371126148	0.04739508945121176	0.029434040118658453	0.1816194751674995
0.07302356887389094	0.14855564421450365	0.10387846218374348	0.05808831883570252	0.07449338764865271	0.21857084862048298	0.08217180266081951	0.0488431168652739	0.024420883583861283	0.167953966513069
0.08368241600713479	0.1433878005811155	0.09533224969003375	0.04607368648639335	0.08110170126456268	0.18648394289673104	0.09399600719864483	0.06340124592307864	0.026639699862916616	0.1799012500893888
0.03744183067381472	0.21054400103140494	0.0856666633591857	0.0424519698813117	0.06229090965662738	0.19594433804736194	0.10154630920123821	0.05669418575317247	0.02859225822453576	0.17882753417134717
0.08989185033712613	0.1388782598834869	0.08307357827460476	0.07889383614654308	0.07230076966463464	0.20127713852792584	0.08957735974874992	0.05911002862277684	0.02748799030201246	0.1595091884921394
0.09859536699010867	0.13839780278879033	0.10489940211374979	0.03008134794416703	0.0856375290935962	0.21210291035998946	0.09308861322317319	0.043131900102811836	0.02744545988832499	0.16661966749528848
0.059240465957085826	0.13727599729052514	0.09786192834167459	0.08214414653120514	0.08166108341511988	0.2228709608866008	0.09559566734150515	0.04396476768564613	0.02655542528477013	0.15282955726586722
0.054798700302118364	0.16759515384592882	0.1117098082897722	0.03710829451994373	0.05931237606250753	0.23614348999725565	0.10778365632711755	0.043061053633129565	0.029060570251471782	0.1534268967707548
0.022537541766265087	0.20398436501616646	0.09005161299713488	0.07152154284047604	0.07974257495140592	0.19351716877367375	0.08131375818798525	0.05083978700123256	0.03156057284907342	0.17493107561658666
0.05142748704729362	0.23294833430222311	0.10221394090946403	0.03901610624337889	0.0636409576185269	0.19834888841515252	0.0846665122795196	0.05915010391995949	0.031639087627889	0.13694858163659282
