0.5507366439148336	0.2835475646453775	0.16571579143978904
0.5669344328975086	0.2721477360868812	0.16091783101561039
0.5742646735998418	0.2565065021733698	0.1692288242267886
0.5848851534189008	0.26111157413117386	0.15400327244992545
0.5365055228476373	0.30096451238698513	0.16252996476537768
0.572396992136856	0.2702014354845857	0.15740157237855842
0.5356912738672941	0.3058912132000625	0.15841751293264345
0.5464715148113203	0.2883060624418614	0.16522242274681845
0.5837655398398418	0.25787681307947047	0.15835764708068784
0.5514052123413262	0.27864831926259315	0.16994646839608069
0.5666940392371196	0.26813245225870275	0.16517350850417772
0.5755184926446836	0.25896356995071906	0.16551793740459753
0.585259653685184	0.25538891271198233	0.15935143360283377
0.5665330767521826	0.2636707012319264	0.1697962220158912
0.5860056518994308	0.25337399838633173	0.16062034971423753
0.5674803673543977	0.26669900705942845	0.16582062558617397
0.5709834660749535	0.25865697936695525	0.17035955455809135
0.5440557488018505	0.3007241362659393	0.15522011493221038
0.5674880600373475	0.27542961457761306	0.15708232538503952
0.545223772451205	0.29205304849115826	0.16272317905763678
0.5512850707313416	0.28065795204589916	0.16805697722275936
0.5747482336419925	0.26933362029921676	0.15591814605879095
0.5379538073582433	0.30616864026697677	0.1558775523747801
0.5637532403621526	0.2729463572897673	0.16330040234808021
0.5797805890443771	0.256519090339012	0.163700320616611
0.5860966869476998	0.24942347050300587	0.1644798425492944
0.543197127343398	0.300404919498271	0.1563979531583311
0.5611773280880823	0.2695600929968438	0.16926257891507404
0.5598847288966595	0.2818132994278293	0.15830197167551135
0.5460363883353014	0.29129119436409406	0.16267241730060464
0.5658523576673067	0.27986056343152194	0.15428707890117155
0.533118211031532	0.3005109448588611	0.16637084410960706
0.5813900024041323	0.26083098510807545	0.15777901248779236
0.5314065737124376	0.3051003985469911	0.16349302774057142
0.587085142694953	0.2500935523848307	0.1628213049202164
0.5428009611926409	0.2929618621176789	0.16423717668968038
0.5415340167400791	0.29718574790516666	0.16128023535475433
0.5326979850034889	0.3025626497556514	0.1647393652408598
0.5734698782418716	0.2699215062327216	0.15660861552540692
0.5446341738550136	0.29263933361041305	0.16272649253457352
0.5415056080017099	0.3038677661596514	0.15462662583863884
0.5652095636916499	0.26273913597875675	0.17205130032959343
0.5509505458074897	0.2857497943523724	0.1632996598401379
0.5500897406418601	0.28325227366225086	0.1666579856958892
0.5510680405519955	0.2902959845621008	0.15863597488590375
0.5420040426341094	0.3020623340625507	0.15593362330334007
0.5619656776006161	0.28380062519941346	0.15423369719997057
0.5725935224268661	0.25892882508420256	0.16847765248893143
0.5424010182103306	0.2917392440489076	0.16585973774076193
0.5806436590258848	0.2507350606195792	0.16862128035453613
0.5712019248967415	0.2731306607554467	0.15566741434781198
0.5371859936353023	0.3028973407766029	0.15991666558809495
0.5793440690877146	0.2570904621258597	0.1635654687864258
0.5600738304929677	0.2789793569627126	0.16094681254431986
0.5460540482359142	0.2817015039089422	0.17224444785514373
0.5390828749636434	0.28954091796080333	0.17137620707555343
0.5423118560587267	0.30017512367361443	0.15751302026765898
0.5739642056661599	0.2652039199476631	0.1608318743861771
0.5739846014523619	0.2541580903028905	0.17185730824474776
0.5619840804567303	0.2783767739823069	0.15963914556096287
0.5867672456351141	0.2503133138864613	0.16291944047842483
0.5777865524090843	0.25770325435722463	0.16451019323369126
0.5746094090974664	0.2655819586756828	0.15980863222685096
0.5725935715569928	0.2673727119408382	0.16003371650216913
0.5461300514566435	0.2919348093168439	0.1619351392265127
0.5766123105837444	0.2618920717106158	0.16149561770563997
0.5365574588526625	0.3005569645569509	0.16288557659038677
0.5374628212222641	0.3021483020690087	0.16038887670872728
0.5330905225436365	0.29500825503058764	0.1719012224257759
0.5776439374245448	0.26557559998312885	0.15678046259232647
0.5548993723126769	0.2843977967783036	0.16070283090901955
0.5823868689024969	0.252794388496725	0.16481874260077817
0.5396458873664292	0.2987409636850747	0.1616131489484963
0.5461795024959011	0.2861625446428849	0.16765795286121404
0.5802111293213084	0.25732687465422405	0.16246199602446765
0.5759571306137443	0.25934137752785225	0.1647014918584035
0.5498688706196129	0.2845221257957841	0.16560900358460304
0.5447827458403691	0.2838647390973356	0.17135251506229543
0.5804098659101207	0.2647104918533882	0.15487964223649123
0.5633789137499143	0.2720083641625991	0.16461272208748662
0.5497365615013167	0.294009909906636	0.15625352859204739
0.5536305713147842	0.28278096431876376	0.1635884643664521
0.5679871858730072	0.2602912645725348	0.1717215495544581
0.5804675516840285	0.2585828180407927	0.1609496302751789
0.5711803583265939	0.26315973807896703	0.16565990359443922
0.531786422166249	0.3006409987325411	0.16757257910120996
0.5342247865555039	0.30527378995860266	0.16050142348589364
0.5739913467218493	0.26677606899740025	0.15923258428075057
0.5562273839035745	0.28761733774029113	0.1561552783561344
0.5487608570325843	0.28272824744926334	0.16851089551815251
0.5416764684455797	0.29653591626631	0.16178761528811042
0.562391290144344	0.28249566360498135	0.1551130462506747
0.5515393208882896	0.2794816125683755	0.16897906654333494
0.5452270063247121	0.2924849143182643	0.16228807935702366
0.5603476079242662	0.2746961303138046	0.16495626176192937
0.5423032547627104	0.2977820052661469	0.15991473997114286
0.5491288235766459	0.29614676301483417	0.15472441340852003
0.5333711182154963	0.30167722500357663	0.16495165678092708
0.5431259952824024	0.29943448898186775	0.15743951573572995
0.5723348761210733	0.2591038100401328	0.16856131383879408
0.577651240384118	0.25744998439651284	0.1648987752193693
0.5795331584620873	0.26101845478462515	0.15944838675328754
0.5331760954251323	0.29711166000732603	0.1697122445675417
0.567296137443068	0.2746515794527127	0.15805228310421948
0.5443277438008709	0.2995145657928886	0.15615769040624056
0.5818635631761477	0.2542748526900943	0.16386158413375804
0.5706921629450676	0.2671906172529892	0.16211721980194332
0.5517202913597907	0.28189696227186567	0.1663827463683437
0.5374496244260187	0.30431552400376854	0.15823485157021278
0.5454830967477442	0.2992157403490777	0.15530116290317814
0.5410983709840432	0.30410629216182067	0.15479533685413624
0.5329775421438275	0.3057323326471533	0.16129012520901925
0.5641712339339768	0.26358051154277695	0.17224825452324638
0.5495054134136554	0.28113984168173545	0.16935474490460925
0.5839192002810167	0.26169174421366626	0.15438905550531717
0.5526433075909614	0.2806895505427991	0.1666671418662397
0.5362506589064295	0.3021430343303888	0.16160630676318172
0.5682699233274648	0.2620140416071858	0.16971603506534944
0.5577131282674732	0.2854329057616683	0.1568539659708585
0.5862618435270065	0.247618855205006	0.1661193012679876
0.5462329076843659	0.2865315101271361	0.16723558218849802
0.5643834643583154	0.27533511721557935	0.16028141842610538
0.5407772819092803	0.2938343606270963	0.16538835746362351
0.5470166310635612	0.29859994920043603	0.1543834197360028
0.5422958424647359	0.30257207633226046	0.15513208120300367
0.5539602909211736	0.28875651110847467	0.1572831979703518
0.5362297465460663	0.2928262362409	0.17094401721303384
0.5849705499690881	0.2520086140868111	0.16302083594410088
0.5315154217504228	0.2967297135820646	0.1717548646675127
0.5800868181597459	0.26607210292928773	0.15384107891096643
0.5635312124989229	0.272602759478089	0.16386602802298816
0.5847559724076641	0.25379197913041557	0.1614520484619204
0.5694646934854244	0.2578147855585845	0.1727205209559912
0.5821351781447963	0.26399378508533633	0.15387103676986752
0.5626763495414409	0.2724177489957458	0.1649059014628135
0.5839918244908202	0.249432812370884	0.1665753631382959
0.5570807766983499	0.2811437101265492	0.16177551317510097
0.5751109294754855	0.26349831042300725	0.16139076010150738
0.5574632720710664	0.28671477476301627	0.15582195316591735
0.5559563593724846	0.2818877767917348	0.16215586383578068
0.5699261551570309	0.25933623062052924	0.17073761422243994
0.5685744179176222	0.2769003158448113	0.15452526623756663
0.545552539818579	0.2881823661962962	0.1662650939851249
0.5848786064604269	0.25233011337966227	0.16279128015991093
0.5702747715111539	0.2742132730762993	0.15551195541254695
0.5780572333903151	0.2557575151139382	0.1661852514957467
0.5645996260633319	0.27492196918563266	0.1604784047510355
0.5560382307290437	0.2807069481016992	0.16325482116925724
0.5688658841680388	0.26710316197407524	0.16403095385788605
0.5721055339374307	0.2704444563139863	0.1574500097485831
0.5608285158824354	0.2838081325060604	0.15536335161150427
0.5400014353554055	0.3038142504321585	0.1561843142124362
0.5609681858439555	0.2660446644141618	0.1729871497418829
0.5433502005200002	0.286558961412092	0.17009083806790803
0.5392184170912693	0.29336786726414954	0.16741371564458135
0.5470533229208921	0.2803061313843373	0.1726405456947706
0.5415181556201074	0.3012244948162281	0.15725734956366452
0.5334978117315385	0.29509185878460015	0.17141032948386137
0.5630691464146047	0.279745313058106	0.15718554052728934
0.5427869770971533	0.2963678228857274	0.16084520001711936
0.5780446304110778	0.2619219764921913	0.16003339309673106
0.5780080515615256	0.25099267245540624	0.17099927598306836
0.5719033017239494	0.2588866868701427	0.16921001140590797
0.5392084758645714	0.3063689628445406	0.15442256129088797
0.5788470920323272	0.26129277860895955	0.15986012935871335
0.5474772470934819	0.2818707122070927	0.17065204069942547
0.5507702934959443	0.28645837735527635	0.16277132914877945
0.5871284515360917	0.25162343726031466	0.1612481112035937
0.531322275620953	0.3029482294882631	0.16572949489078398
0.547693975085848	0.28372960050879664	0.16857642440535542
0.5383421869776521	0.291062901576595	0.170594911445753
0.576659659205459	0.25337655254481206	0.16996378824972896
0.5320621165629982	0.2963841160371551	0.17155376739984687
0.558851125088367	0.28328514493493545	0.1578637299766976
0.5802913895192979	0.2501646794728202	0.16954393100788195
0.5620414948610735	0.27145739601454644	0.16650110912438024
0.5842265690106445	0.25807931172515763	0.15769411926419788
0.5819132759120936	0.2523395286710516	0.16574719541685487
0.573374456598219	0.25788548133241856	0.16874006206936257
0.5525763969025628	0.28536189178025406	0.16206171131718317
0.5782096612392679	0.2488150649369516	0.17297527382378058
0.5770786271695526	0.25635922754018914	0.16656214529025837
0.5442260362560684	0.3003108445400344	0.1554631192038973
0.5524428856875925	0.28842400171119303	0.15913311260121465
0.5802278295696407	0.25083747962009817	0.16893469081026125
0.5612862409379638	0.27588518153426983	0.16282857752776658
0.5516861091720044	0.2764622375800809	0.17185165324791477
0.5694025519472777	0.26132204158257766	0.16927540647014472
0.5876891708123066	0.25260316338148775	0.15970766580620566
0.5600263157092548	0.2718618968935786	0.16811178739716678
0.5585605424933111	0.2732167972731974	0.16822266023349153
0.556841904200617	0.2837595846449901	0.15939851115439302
0.5387648852195336	0.3028447844763101	0.15839033030415647
0.538030035271814	0.3034154391870227	0.15855452554116337
0.5455014271112972	0.29017087806886355	0.16432769481983925
0.5376708665980867	0.29849230717777325	0.1638368262241402
0.5357300616006078	0.29752779562804454	0.1667421427713478
0.5751347708169483	0.2706336251494664	0.15423160403358543
0.5429490598865256	0.2874109435688451	0.16963999654462927
0.5825653600263374	0.26340480321810866	0.154029836755554
0.5842182642982415	0.25454240567650993	0.16123933002524862
0.5833436304977888	0.2504461962167267	0.16621017328548462
0.5479203176409915	0.2792285932234583	0.1728510891355504
0.5634208727183923	0.2660443445341548	0.17053478274745298
0.5700917047312495	0.269380425684116	0.16052786958463455
0.548705147967821	0.29364569693018505	0.157649155101994
0.5820140136872551	0.25086573604872303	0.16712025026402194
0.5559128836196763	0.27211785670933614	0.1719692596709877
0.5683448316780726	0.26522194220455414	0.16643322611737338
0.5639094864398172	0.266911515822463	0.16917899773771994
0.5656016279639785	0.27576567880447544	0.1586326932315462
0.5753328603675976	0.26342653585111947	0.16124060378128302
0.5578818940862044	0.27378384389102706	0.16833426202276872
0.5481420244560612	0.2861114368776283	0.16574653866631056
0.5579553342037572	0.27353321513884477	0.1685114506573981
0.5605934664512371	0.2746012923173812	0.1648052412313818
0.5439854543843448	0.2978483186317732	0.15816622698388222
0.557054659679419	0.28837333903142637	0.15457200128915477
0.5745992542161242	0.2634172711816856	0.16198347460219029
0.5875046800372499	0.2515609128401999	0.16093440712255028
0.5512754525966016	0.27956546742033705	0.1691590799830614
0.5467169856723486	0.29893024859582906	0.15435276573182236
0.5328857894533001	0.3034572525982206	0.16365695794847937
0.5525993961114821	0.2931741961464688	0.15422640774204918
0.5527799454795568	0.28637690304880653	0.16084315147163677
0.535721106575898	0.29701332373500816	0.1672655696890939
0.5509257817351753	0.28118681342507834	0.1678874048397465
0.5682423728681861	0.2751926049367983	0.15656502219501564
0.5757620628011548	0.26614913336487217	0.15808880383397306
0.5630160465312064	0.2650650741847065	0.17191887928408725
0.574273954568153	0.26464564121558204	0.1610804042162651
0.5649565869531634	0.2655397416333377	0.16950367141349895
0.5683843327116446	0.26718020411269194	0.16443546317566357
0.5736564749070294	0.26205514608410285	0.16428837900886786
0.5734681775913596	0.2588697897633613	0.16766203264527924
0.5549713531214207	0.2848696666492483	0.16015898022933117
0.5343162270308556	0.29388716249995483	0.17179661046918973
0.5577976042776099	0.2864019727691287	0.15580042295326144
0.5764726496742493	0.26815663701028575	0.15537071331546506
0.5835686672552434	0.2559367217338512	0.16049461101090554
0.5791928554002589	0.26556890763153324	0.15523823696820796
0.5351264074689512	0.29345126274245203	0.17142232978859684
0.5323142029789912	0.29709357730697294	0.17059221971403596
0.5449352509266814	0.2863889821009267	0.168675766972392
0.5637504358312937	0.2667735514787711	0.16947601268993528
0.5665452259099468	0.27980929255626963	0.15364548153378368
0.5482628045087377	0.29274700101275597	0.15899019447850643
0.5768707234725516	0.2530282493637088	0.1701010271637396
0.557619014827206	0.2783670486542437	0.1640139365185504
0.5866881028800317	0.2534548075627448	0.15985708955722355
0.5601391542269589	0.27188130716091014	0.16797953861213102
0.5465375184254228	0.2882396734602045	0.1652228081143728
0.5559629700470556	0.2882111335088672	0.15582589644407735
0.5344955274127314	0.3062702337055075	0.15923423888176122
0.5662751166472462	0.2685444473423193	0.16518043601043464
0.5464829038346084	0.2860433494479657	0.16747374671742596
0.5792303132537753	0.25461504062992135	0.16615464611630354
0.5719628384880665	0.2614406005091734	0.1665965610027602
0.5816348715813073	0.26167106724803135	0.15669406117066137
0.531309251761196	0.2989082004442923	0.1697825477945118
0.550915566507981	0.2889787827727204	0.1601056507192987
0.5471001100567241	0.2934742659729427	0.1594256239703333
0.5612045054941257	0.28255238703940744	0.15624310746646694
0.5684874171708953	0.2640892558229837	0.16742332700612111
0.5534114899459976	0.28508443070763057	0.16150407934637195
0.5333787527445307	0.3004162486318209	0.16620499862364843
0.55245017133211	0.2748382768638974	0.17271155180399264
0.559008230915183	0.28089595559594466	0.16009581348887242
0.5590445976319608	0.2727655276912982	0.16818987467674112
0.542117663328993	0.28603814039600045	0.17184419627500663
0.5572620531483226	0.2812989945582168	0.16143895229346075
0.5653534366413046	0.2748011474677017	0.15984541589099388
0.5539552001151735	0.29110162225363445	0.1549431776311921
0.5343324896964627	0.3041785562478029	0.16148895405573443
0.5420360325398295	0.29698423683497505	0.16097973062519566
0.5859999615053838	0.2490826276256308	0.16491741086898548
0.5497643993118513	0.28801709915581847	0.16221850153233028
0.5329885352440528	0.2972456239332157	0.16976584082273163
0.5471487904888068	0.2959883237624417	0.15686288574875165
0.5611694226220016	0.27127567617661685	0.1675549012013816
0.5477368275613999	0.2869701360597644	0.16529303637883577
0.541805924158214	0.2934140137132452	0.16478006212854088
0.5745060708766165	0.2532895393961208	0.1722043897272627
0.5382755249983961	0.29940612333284616	0.16231835166875783
0.5374034957602776	0.2961536639518942	0.16644284028782833
0.5521179604189886	0.28470330796308885	0.16317873161792262
0.5825122818527643	0.24812823849091398	0.1693594796563219
0.5444672500368668	0.283874677782718	0.1716580721804153
0.5649147565057773	0.270353416125439	0.1647318273687839
0.5788184015100162	0.25345705450725853	0.1677245439827255
0.5610009383270917	0.26898785735105907	0.17001120432184932
0.5479902708346245	0.28432486287569464	0.167684866289681
0.5395505673389797	0.30567020313953214	0.15477922952148832
0.5338289362138946	0.2974326236662486	0.16873844011985695
0.5685696880392851	0.26500993777118653	0.16642037418952854
0.5555261332789527	0.28263583769154016	0.16183802902950722
0.5860903924986753	0.2485490845399336	0.16536052296139114
0.5806218431345644	0.24977708193094525	0.1696010749344905
0.5765457205403235	0.25104608039684534	0.1724081990628313
0.5829943413012364	0.25727742994686154	0.15972822875190218
0.5599713886031434	0.27721824134419976	0.1628103700526569
0.5414589774023111	0.28980110488890476	0.16873991770878433
0.5767606253027515	0.26287210680657974	0.16036726789066894
0.5406597674947653	0.30023586695679194	0.15910436554844282
0.5614880504368523	0.27903860553532417	0.15947334402782357
0.5678266789668466	0.26083961060574723	0.17133371042740625
0.5613421194087277	0.28338607930258175	0.15527180128869067
0.5495453752942703	0.2791999435305532	0.17125468117517656
0.5763171255777603	0.26751537498524086	0.15616749943699892
0.5718707766403531	0.2736896218012251	0.15443960155842187
0.5677360670205738	0.27096797162323333	0.161295961356193
0.5774687941446109	0.2529518490403548	0.1695793568150344
0.5517763027558433	0.28101798757761004	0.1672057096665468
0.5502998739820257	0.2902099666044934	0.15949015941348096
0.5456799393282734	0.30076983946701985	0.15355022120470677
0.5676722133018499	0.2729454307731943	0.15938235592495598
0.5725302173527258	0.2570385471427737	0.17043123550450054
0.540025250667099	0.2900380577043712	0.1699366916285299
0.546746565362386	0.28733419943909666	0.16591923519851742
0.5366240533488023	0.30009608068936794	0.1632798659618299
0.5840323658112387	0.25399204499573247	0.16197558919302896
0.5461706983195196	0.2873655745132463	0.1664637271672342
0.5859660867878063	0.25141978285940636	0.1626141303527875
0.5788004075322569	0.25408303037994423	0.16711656208779896
0.5348612534268866	0.2974288862424404	0.1677098603306731
0.5825437823347857	0.25522533340322306	0.16223088426199134
0.559413398907273	0.27011384463955035	0.17047275645317667
0.5582155136738551	0.2789071670690352	0.16287731925710983
0.5773145112519202	0.266999462948447	0.15568602579963292
0.5507011764140005	0.2763027606841619	0.1729960629018377
0.5501976196010594	0.28533251665273707	0.16446986374620365
0.5719368948923059	0.27427023335826506	0.15379287174942913
0.5719869922767084	0.2731732105009054	0.15483979722238636
0.5862623265272572	0.24828971484407183	0.1654479586286711
0.5684566328506235	0.27470457137196824	0.15683879577740828
0.5607454751590799	0.26643913058855245	0.17281539425236775
0.5600473311193551	0.2673513344988226	0.17260133438182235
0.5438768356443673	0.3004927019163866	0.1556304624392462
0.5367891927435778	0.29589605338597535	0.16731475387044692
0.5573230558038654	0.2877111802758774	0.15496576392025724
0.5333112053328172	0.3064817424227675	0.16020705224441545
0.546252667849005	0.28223516311666397	0.17151216903433128
0.5692202044255525	0.26785440194715054	0.16292539362729697
0.5315844365377839	0.3000009425746835	0.1684146208875327
0.5745074847577538	0.2541704323592339	0.1713220828830124
0.5687596362237661	0.2595950466067572	0.17164531716947684
0.556383886606706	0.2755942017300804	0.16802191166321367
0.5421808492108555	0.2982947356477734	0.15952441514137108
0.5430642184112714	0.29781082942571746	0.15912495216301126
0.5358239267768536	0.29702346561982657	0.16715260760331985
0.5342478587420076	0.2935572608702449	0.17219488038774752
0.5580358774930361	0.2800164119322049	0.16194771057475912
0.5738955674626576	0.25336039880049893	0.17274403373684352
0.5811384184027574	0.2519757014074965	0.16688588018974623
0.5760821052051825	0.26095379567193794	0.1629640991228795
0.5413317532900592	0.2868855700023457	0.17178267670759523
0.5382985848668522	0.3025072674640014	0.15919414766914644
0.5407611751302766	0.2970217567804213	0.1622170680893022
0.5414865019820663	0.2900141103772637	0.16849938764067007
0.5424086311116989	0.285615622311469	0.17197574657683226
0.5541299602384712	0.277398542077433	0.16847149768409597
0.5464655157594458	0.2867327190326864	0.16680176520786788
0.5550241254421424	0.27201370404144976	0.1729621705164079
0.5432914199982256	0.29321696764575383	0.16349161235602067
0.5690035346857187	0.26089812980858856	0.17009833550569278
0.5602566531917332	0.2858103152260583	0.15393303158220853
0.5425479862665177	0.2904257963795128	0.16702621735396958
0.5615543131212486	0.27392499845044643	0.164520688428305
0.5458674262867335	0.2850423963555512	0.16909017735771542
0.551917515844242	0.2923119533230274	0.15577053083273076
0.5425326603720904	0.30357200826392006	0.15389533136398958
0.5837591647361087	0.249192469447594	0.1670483658162974
0.5585881627671997	0.27872233829585114	0.16268949893694928
0.5408760242711219	0.29255987964071895	0.16656409608815922
0.5461737002748837	0.28111539899390064	0.17271090073121576
0.5517068947771305	0.2896102545918287	0.15868285063104087
0.54323387507315	0.2866455986999269	0.17012052622692317
0.5624344555991165	0.266590419902631	0.17097512449825264
0.564362793852467	0.27553322952443937	0.1601039766230937
0.5860522883677085	0.25715953221760807	0.15678817941468348
0.5611250171541948	0.2798013834352221	0.1590735994105832
0.5418149126869739	0.2860125026800725	0.1721725846329537
0.5553850415973871	0.28575818603590164	0.1588567723667113
0.5553981418306466	0.28558705472449664	0.1590148034448569
0.5499644217206323	0.29262317021012785	0.15741240806924003
0.5447134340201015	0.2991775807457015	0.15610898523419703
0.5732003910005905	0.2628395229937145	0.16396008600569506
0.5864769808460477	0.25706579032040716	0.1564572288335452
0.5819543206429415	0.2601298440324994	0.1579158353245592
0.5544305588002041	0.27932879285110596	0.16624064834869
0.5382063478306383	0.30228133057962675	0.15951232158973505
0.5687725595410464	0.2595103571555696	0.17171708330338406
0.5787546527260745	0.262532470305613	0.1587128769683126
0.5605241597422363	0.2792081037552051	0.16026773650255863
0.5637630757441896	0.2638261383991958	0.1724107858566148
0.5510410823098215	0.28899341508660276	0.1599655026035758
0.5724667625558832	0.2613347581112433	0.16619847933287363
0.5699769156463731	0.2652542437585755	0.16476884059505148
0.5644657523154617	0.2735876680162749	0.16194657966826362
0.5589145877024234	0.28511685031306533	0.15596856198451137
0.583318693901127	0.26105929284378737	0.15562201325508573
0.5406874896762499	0.29165198016589655	0.16766053015785368
0.5342413028614891	0.2999368630566051	0.1658218340819059
0.5661547110814	0.278076561499639	0.15576872741896103
0.5841115573703736	0.2551674784412914	0.16072096418833515
0.5401297363691593	0.29478102561702607	0.16508923801381473
0.5518766633537471	0.28888295984360335	0.1592403768026496
0.549799103902115	0.28937567649733775	0.1608252196005474
0.5327900473505436	0.29606369929919274	0.17114625335026373
0.5748085590447406	0.26542920702350337	0.15976223393175612
0.5514371691234063	0.289549015545581	0.15901381533101278
0.584784750986864	0.24907282391136307	0.16614242510177302
0.5861786422565491	0.24764703478017366	0.16617432296327722
0.561232334694702	0.27009225496430334	0.16867541034099473
0.5673725106479812	0.27262045494846276	0.16000703440355618
0.5505619029107923	0.2912279386175934	0.1582101584716144
0.5859614179721192	0.25328598034872285	0.16075260167915803
0.5775291745282625	0.25022869048407786	0.17224213498765967
0.5642109862555977	0.2785359042645914	0.157253109479811
0.534237818904477	0.3015590494979906	0.16420313159753247
0.5493877828334548	0.2930043600324559	0.15760785713408934
0.5775493184992486	0.2664557894298214	0.15599489207093004
0.5729607528605253	0.25915271656707584	0.167886530572399
0.5517656465336567	0.2757191052615076	0.17251524820483588
0.5351243577782856	0.2947118034913551	0.1701638387303594
0.5561123460148546	0.2801587297871136	0.1637289241980319
0.5591851377608166	0.27825902869881103	0.16255583354037245
0.567347416664168	0.27167402645946287	0.16097855687636922
0.561166503938876	0.26769779436962493	0.17113570169149922
0.5819627366890683	0.2521843922812201	0.16585287102971175
0.5677538719156868	0.2668128240518576	0.1654333040324557
0.5864677401894165	0.25821703443326804	0.1553152253773155
0.5736415069038387	0.2624106613309086	0.16394783176525277
0.5688551511256444	0.26690182214168545	0.16424302673267016
0.5819619578549209	0.2510556011981175	0.16698244094696177
0.5876151420788744	0.24900053097178582	0.16338432694933985
0.5578031054244164	0.2792381656710359	0.16295872890454793
0.5750283318929563	0.2625469402267961	0.1624247278802477
0.5789965028913523	0.25507813680208424	0.16592536030656355
0.5752883313542885	0.25588513618994013	0.1688265324557715
0.5520353917342242	0.29017260578007986	0.15779200248569597
0.5538955086028611	0.27707769316192127	0.16902679823521774
0.5315901170422012	0.30391022502876286	0.16449965792903612
0.5408978892209136	0.2992394401162184	0.15986267066286805
0.540397771269341	0.3057900171842622	0.1538122115463969
0.5835473510941855	0.24964910956154088	0.1668035393442736
0.5800403373470095	0.2535814981019886	0.16637816455100196
0.5424317667713333	0.29352441209253394	0.1640438211361329
0.5841899935485526	0.25340586822862354	0.16240413822282393
0.5747009169490047	0.2618797538798798	0.16341932917111568
0.5660023243762333	0.2800176762412129	0.1539799993825539
0.5573247546297223	0.26975870276040387	0.1729165426098739
0.5678324677016215	0.263505889421544	0.16866164287683463
0.565897419962579	0.27757270067435974	0.15652987936306134
0.541477074982852	0.29509574053481286	0.16342718448233523
0.584215505552959	0.26025942317234524	0.15552507127469586
0.5757680227020754	0.2642056466283689	0.16002633066955585
0.5404970534166373	0.3042396317704692	0.15526331481289357
0.5536125532603093	0.27819395637618305	0.1681934903635078
0.5659728390123304	0.26743150449264663	0.16659565649502306
0.5499069339522107	0.2780683464234631	0.17202471962432625
0.5559025514862658	0.2838045446079349	0.16029290390579942
0.5535315020958211	0.2798813846827384	0.16658711322144068
0.563500567745959	0.2672772046064624	0.16922222764757855
0.5812568885615473	0.2563880882262084	0.16235502321224438
0.5815990456683544	0.24925037839516032	0.1691505759364853
0.5504634420195902	0.288741080952306	0.16079547702810398
0.5397217316206738	0.3060690504238909	0.15420921795543538
0.582005711060845	0.25869196824817664	0.15930232069097847
0.5735468397012491	0.2653390620947817	0.1611140982039693
0.569884900237794	0.2692256798639461	0.16088941989826
0.5416776029070332	0.2858368043707236	0.17248559272224337
0.5445518004249054	0.2974244950720528	0.15802370450304193
0.541522980320658	0.30061444650267477	0.15786257317666724
0.5833586289268688	0.26059254149409433	0.15604882957903693
0.5709009805803373	0.26330688120377815	0.1657921382158846
0.5782799537234993	0.2613401546426173	0.16037989163388355
0.570220668062895	0.2750844634990097	0.15469486843809543
0.5475186487736661	0.2975524599671872	0.15492889125914688
0.5659655782570974	0.2784615737371242	0.15557284800577856
0.5788668758779384	0.2622914713885454	0.15884165273351625
0.5743105145444114	0.25985026955625523	0.16583921589933343
0.5533066821579283	0.27975342027288114	0.16693989756919062
0.5729515372302905	0.2681691442847556	0.15887931848495412
0.5451018591249109	0.2820227889421103	0.17287535193297887
0.564030981165855	0.27133974608554645	0.16462927274859862
0.5616033380968077	0.2722941851783327	0.1661024767248597
0.5763522752965682	0.25614688789402734	0.16750083680940464
0.561831770153234	0.2817948708660157	0.15637335898075047
0.5785256797304168	0.2556442314435232	0.1658300888260601
0.5815306553479891	0.2514634378441959	0.16700590680781513
0.5645495797044766	0.26823344534605487	0.16721697494946855
0.5340317431531134	0.2987109063196691	0.16725735052721766
0.5747432035408392	0.2709485827575488	0.1543082137016121
0.5706256215296659	0.2711369922887972	0.15823738618153702
0.5725551030278171	0.25691347656419206	0.17053142040799096
0.583435056586687	0.24840030880747466	0.1681646346058384
0.5585749818459043	0.27709424044843045	0.16433077770566543
0.5513245997821941	0.2773243034118054	0.1713510968060006
0.551175748189864	0.2861021793901562	0.1627220724199799
0.5468643000251168	0.2855356985837214	0.167600001391162
0.5447702851570168	0.300525071991488	0.15470464285149532
0.5420729683963016	0.2960984008302748	0.16182863077342374
0.575562705070129	0.2599172307284936	0.16452006420137752
0.5855502817201759	0.24827775424729676	0.1661719640325274
0.5787154899883286	0.25832327815561545	0.1629612318560561
0.575754774487895	0.2669728373422177	0.15727238816988728
0.5748614795807213	0.25910741070961746	0.1660311097096613
0.5426225355296104	0.2892510823917727	0.16812638207861702
0.5402617610105298	0.2912819592857051	0.1684562797037652
0.5439324008545868	0.2852911465713321	0.17077645257408122
0.5636811397748362	0.2761514249967512	0.16016743522841267
0.55456929659854	0.2775445115421407	0.16788619185931933
0.5836014942825248	0.2562465625784548	0.16015194313902054
0.5728419249409084	0.2658610953929147	0.16129697966617704
0.5506432556588174	0.2933790412265493	0.15597770311463344
0.5390435451122617	0.2967640606933875	0.16419239419435083
0.5794144686092929	0.2624007848290859	0.15818474656162124
0.5602708209405448	0.2850038714080553	0.1547253076514
0.5577406797010909	0.27982158174143973	0.16243773855746946
0.5601822598361463	0.2840048022053402	0.15581293795851364
0.5423438423509561	0.2861544681641799	0.17150168948486402
0.5366387357791291	0.2932905108149476	0.17007075340592337
0.5757750646098411	0.2704587312772925	0.15376620411286657
0.5696998579984506	0.25990276153169667	0.1703973804698528
0.5877366213575486	0.2526932950702695	0.15957008357218203
0.5749160203252117	0.2626734191282919	0.16241056054649647
0.5465842322141632	0.28972846522000756	0.16368730256582942
0.5609381846160161	0.2845312050859576	0.15453061029802648
0.5420507296052415	0.28786369517464405	0.17008557522011455
0.5841534129526393	0.2604246677386183	0.1554219193087425
0.5867989273461749	0.25330657296572406	0.1598944996881011
0.554995030816292	0.2837533058363159	0.16125166334739224
0.5559436806619835	0.28667344233554987	0.15738287700246675
0.5658435762773544	0.2692902494482382	0.16486617427440753
0.53970202130696	0.2968147584685188	0.16348322022452128
0.5505471289507566	0.29586857494921703	0.15358429610002644
0.5474481344411677	0.2893858968110409	0.16316596874779146
0.5691287778251491	0.263310459961683	0.16756076221316793
0.5710828267306578	0.2685067302303785	0.16041044303896382
0.5691820842831516	0.271294550087536	0.1595233656293124
0.5562753103006122	0.28807326532321226	0.15565142437617568
0.5436670671882974	0.29458517791991856	0.16174775489178417
0.5452194345524715	0.2844343363090883	0.1703462291384403
0.5863031527603335	0.2528276532631223	0.16086919397654426
0.5838649869228414	0.25260595349356385	0.16352905958359493
0.5874288882827411	0.2502271845746086	0.1623439271426505
0.5600840191451523	0.27674326454471404	0.1631727163101338
0.5737987276271072	0.25864378824732154	0.1675574841255714
0.5597659149930558	0.2686815748832187	0.17155251012372555
0.5403135103950792	0.2872642814046195	0.17242220820030135
0.5592198066538251	0.28661120366342585	0.1541689896827491
0.554150984544269	0.2775061608910613	0.16834285456466974
0.5676714476204698	0.26987034320761905	0.16245820917191126
0.5647295410495449	0.28020917553526375	0.15506128341519146
0.5716875664827286	0.2665735392466494	0.16173889427062216
0.5590774098993341	0.2753412035319025	0.16558138656876356
0.5378714144418953	0.29042269110481894	0.17170589445328582
0.5372355933766021	0.29942340545876783	0.16334100116463018
0.5369920241641162	0.3045320917180343	0.15847588411784969
0.5634449150639583	0.27417445378156613	0.16238063115447565
0.5444834706001626	0.28444704948284333	0.17106947991699425
0.5486290082555312	0.28314134881719133	0.16822964292727763
0.5574322668118094	0.28782479761771906	0.15474293557047175
0.5383169232857401	0.29986858374464775	0.16181449296961226
0.5574394072079032	0.2709906116513256	0.17156998114077138
0.5323485447659033	0.29722345527598126	0.1704279999581155
0.5391869372585825	0.29203121116367203	0.16878185157774567
0.5343705138458447	0.30017511600485736	0.16545437014929812
0.5381209400668717	0.2901149155084651	0.17176414442466326
0.58637403277777	0.25724650607232075	0.15637946114990936
0.5667184755536707	0.2646549924192402	0.16862653202708924
0.5339869600006155	0.30531357731230513	0.16069946268707946
0.5564037174354763	0.2770930578783176	0.16650322468620607
0.5654754346579065	0.27334365886814493	0.16118090647394867
0.5787767262046907	0.24829253446679014	0.17293073932851924
0.5724347729859517	0.2604327851986237	0.16713244181542475
0.5710900984777363	0.26394805483928035	0.1649618466829835
0.5490595343469729	0.29494940436797856	0.15599106128504867
0.5791704091070822	0.24982690989769896	0.17100268099521893
0.5799622506482985	0.2664046228567962	0.15363312649490538
0.5678684731757866	0.26883586961009354	0.16329565721411995
0.558544704990249	0.27662202450406853	0.16483327050568264
0.543562267639619	0.29867067149684823	0.15776706086353284
0.5805642042817819	0.25612323181626906	0.16331256390194915
0.5781475017835438	0.2642192311499298	0.15763326706652658
0.5762680723348895	0.25461684962200865	0.16911507804310194
0.5416635989409629	0.2986523627570604	0.15968403830197672
0.5815378335711407	0.2546223104045682	0.1638398560242912
0.5778232173230933	0.26353827085943393	0.158638511817473
0.5426296185512501	0.2995771531647399	0.15779322828401013
0.5663888695219342	0.2737855690211345	0.1598255614569314
0.5425634434282043	0.28469079541575176	0.172745761156044
0.5572030682484743	0.28365695519209455	0.1591399765594312
0.5736467209349304	0.25925055587177165	0.16710272319329803
0.5772460640863127	0.25351172517995635	0.16924221073373108
0.576970456199985	0.26336969470357324	0.15965984909644187
0.5528279428558072	0.28396302439742926	0.1632090327467637
0.5630680200293245	0.2811685862340369	0.15576339373663867
0.5638168829858532	0.2728441272137641	0.16333898980038278
0.5807946439479487	0.2602609339855496	0.15894442206650183
0.5456323272828585	0.28349757621877275	0.17087009649836893
0.5423653443143548	0.2940180216723537	0.16361663401329163
0.5568819869791081	0.2833259189578846	0.1597920940630074
0.584530054643273	0.24801041471647167	0.16745953064025543
0.5657341985989683	0.2661656038458215	0.16810019755521025
0.5695525372643245	0.2584428489072003	0.17200461382847526
0.5392266649249896	0.2991951893299433	0.1615781457450672
0.5829634143392581	0.2630316975629434	0.15400488809779855
0.5699230256002461	0.2718833720035979	0.15819360239615612
0.5653779350121585	0.28070451382069567	0.15391755116714595
0.5737880850923193	0.2654841775624042	0.16072773734527662
0.5535821868912397	0.28086773243498375	0.16555008067377663
0.5653598553696636	0.2735518039861092	0.16108834064422733
0.540473232051153	0.30507332178280544	0.1544534461660416
0.5643281089851437	0.2700437053565832	0.1656281856582732
0.5415892556457753	0.3007874707212977	0.1576232736329271
0.5561217509121912	0.28990624480028593	0.15397200428752303
0.5608200407819297	0.27474165974562803	0.1644382994724424
0.5552467153032964	0.2880059104351438	0.15674737426155994
0.569812101033558	0.2700252383892108	0.16016266057723139
0.5681179137339519	0.2749907155546015	0.15689137071144668
0.549115811365138	0.2913026491965978	0.15958153943826436
0.5571146335456334	0.28327696130696156	0.15960840514740518
0.5696925567571817	0.2748177173291516	0.15548972591366683
0.577054132500303	0.26022483228285853	0.16272103521683853
0.5677594288717844	0.27127132749910843	0.16096924362910728
0.5485893338822565	0.279193114030513	0.17221755208723052
0.5882317658959315	0.2557646515575257	0.15600358254654287
0.5647199408240359	0.2705577153283612	0.164722343847603
0.542537178633563	0.3019372035746349	0.15552561779180227
0.5607268417035006	0.2683322826228888	0.1709408756736107
0.5587100050275217	0.2725581843048169	0.16873181066766155
0.576926223520044	0.25850887219804236	0.1645649042819138
0.5711263810712839	0.272236395459836	0.1566372234688801
0.5623575198315535	0.27239602731378554	0.16524645285466105
0.5639465311227748	0.2795327180558141	0.15652075082141118
0.5817125071394822	0.263305344156101	0.15498214870441696
0.5870242293917193	0.2546391981062538	0.15833657250202707
0.5864674378826777	0.2561787856037355	0.15735377651358676
0.5636539853548368	0.2732101822217646	0.16313583242339877
0.558078196470512	0.27416982476075097	0.16775197876873713
0.5871470032515074	0.24878273514163843	0.16407026160685426
0.575786292738005	0.26037201343582583	0.16384169382616934
0.553678949332324	0.2784575658015661	0.16786348486611
0.5787078174375	0.2656635854348893	0.15562859712761085
0.5631719985478977	0.2708445076229049	0.1659834938291975
0.549734265688214	0.28453481706623857	0.16573091724554748
0.5508207831599852	0.29256379011003214	0.15661542672998283
0.540793121243792	0.2903197224983794	0.16888715625782874
0.5599104205012201	0.28527169184621937	0.15481788765256063
0.5502381272262001	0.29413556252360396	0.155626310250196
0.5594704104946708	0.2708063762317947	0.16972321327353448
0.5523566962513636	0.2909772431738902	0.15666606057474627
0.5487388626013937	0.2787892736523622	0.1724718637462442
0.5564633190010266	0.28695177538769306	0.1565849056112803
0.5453886391186786	0.285001633822325	0.16960972705899635
0.5881742704803837	0.252054459375461	0.15977127014415538
0.5723914641719718	0.26079094229843625	0.16681759352959194
0.576139825719199	0.2615159570695413	0.16234421721125986
0.5716799508466349	0.26848634748258915	0.15983370167077604
0.5781434034495682	0.26622305620518155	0.15563354034525045
0.5362122112853794	0.29652201696816255	0.16726577174645813
0.5428678629784811	0.28837883638336	0.16875330063815902
0.5572514176361483	0.2776182379245883	0.16513034443926344
0.5718447964800701	0.2552052770586504	0.1729499264612796
0.5647219287618204	0.2704886300906855	0.16478944114749425
0.5738900027516902	0.2689111064101697	0.1571988908381402
0.5732734535496476	0.25536494019847494	0.17136160625187752
0.548811050011967	0.2859705675860913	0.1652183824019418
0.5588521719683887	0.2766677085764553	0.16448011945515617
0.566144754228989	0.27129870808425954	0.16255653768675143
0.5399829901902506	0.2934645207517793	0.1665524890579702
0.5451035818641841	0.29231739472037044	0.1625790234154456
0.5619497094396071	0.2772273016846751	0.16082298887571797
0.5465025190690682	0.2960111332114134	0.1574863477195185
0.5734100419876604	0.2618361316673252	0.1647538263450144
0.5769050777492352	0.2672047550090084	0.1558901672417565
0.5756900340565152	0.26411486821595165	0.1601950977275332
0.5598372710256858	0.2680446167460063	0.17211811222830795
0.5639317058368802	0.27496738011663874	0.16110091404648114
0.5429672286500856	0.29980388386501244	0.15722888748490205
0.5744442936373017	0.2632406071872363	0.16231509917546216
0.5386994975557445	0.30530520785194165	0.1559952945923139
0.5778787668811443	0.2556986533069871	0.1664225798118687
0.5745579116589667	0.2689854858122555	0.15645660252877788
0.5817527195580701	0.26165905256473576	0.1565882278771942
0.5772318531513982	0.2516137548225393	0.17115439202606259
0.5545071398730881	0.28222651679005445	0.16326634333685755
0.5694502361294821	0.26494574930561954	0.16560401456489848
