0.12751843588839906	0.40851468779310757	0.4639668763184935
0.1390094776004703	0.42470523890654666	0.4362852834929832
0.11821338724040281	0.5062212809108974	0.37556533184869995
0.14099430553468378	0.40086613436084184	0.45813956010447454
0.12104387342917611	0.42267960485919387	0.4562765217116302
0.118404611385934	0.4889114569617117	0.39268393165235443
0.14324378059786635	0.5036191497590968	0.3531370696430369
0.13531483796348284	0.5056654587523703	0.359019703284147
0.14770263488303664	0.4370504686856528	0.41524689643131074
0.14192325639260014	0.44260531958191013	0.41547142402548987
0.1428337772381569	0.45083431894953524	0.406331903812308
0.15399971536923157	0.4807005674046408	0.36529971722612775
0.14166645997478616	0.5059686861306795	0.3523648538945345
0.11627088948694347	0.47536458939230086	0.4083645211207558
0.14848900946963514	0.472574788185292	0.37893620234507297
0.14544552272101793	0.5037807827560391	0.35077369452294305
0.13121865766675095	0.40596173605010166	0.46281960628314744
0.13194676644866515	0.5219319845913266	0.34612124896000834
0.11704440078421557	0.47236941425707824	0.41058618495870636
0.13507002421741798	0.3987031409660182	0.46622683481656396
0.1392314907475302	0.40701179209988064	0.45375671715258925
0.13308898130524166	0.4313287446262907	0.4355822740684677
0.12749020181312898	0.4450450999006682	0.4274646982862029
0.15114252658443628	0.4063240270873755	0.44253344632818836
0.1520838342295679	0.4204605864727534	0.42745557929767886
0.13957063212135756	0.43604475254583536	0.4243846153328072
0.14955457483995	0.4499508050226092	0.4004946201374409
0.15621783307135367	0.498463422129126	0.34531874479952046
0.14332932318266448	0.5008349020624243	0.35583577475491124
0.12106034973665247	0.45105006544588416	0.42788958481746353
0.11869550826621736	0.4631784088274516	0.41812608290633113
0.13238360357793777	0.41903234511655074	0.4485840513055116
0.12550780073019346	0.41863729005700595	0.4558549092128007
0.13366553725518987	0.41973406263557794	0.4466004001092323
0.11390139692836862	0.5277279175215621	0.35837068555006946
0.11623199310943955	0.45733751345286316	0.4264304934376974
0.1460157773341219	0.47537917140320984	0.37860505126266836
0.13810527075466825	0.48909243353868853	0.37280229570664336
0.12252234147912422	0.4289221426415161	0.44855551587935977
0.13251618496486087	0.516227810855356	0.3512560041797833
0.1429916309355943	0.4394831426372274	0.4175252264271785
0.11492851959669098	0.5134913447208777	0.3715801356824315
0.1525398739074187	0.42455095548468647	0.4229091706078949
0.11997898569900042	0.41155155386860365	0.4684694604323961
0.1336920083283902	0.4222252166682173	0.44408277500339266
0.1379052767167624	0.43449703160770403	0.4275976916755337
0.12306631050949662	0.5290602548370787	0.34787343465342474
0.15577494161304467	0.45570633860726817	0.38851871977968727
0.14431329861276193	0.46649035037653586	0.3891963510107023
0.12765190412249158	0.4449767432802089	0.42737135259729964
0.11666591113249028	0.4262611149726459	0.45707297389486395
0.1149542451716512	0.48325049051884206	0.40179526430950685
0.13775546519538753	0.5174657907785819	0.3447787440260307
0.12846115856674317	0.5289184184765622	0.3426204229566948
0.135304981381959	0.43209258166927644	0.4326024369487647
0.12113925513976542	0.44520280213157715	0.43365794272865754
0.13419316971379924	0.4160125428844328	0.4497942874017681
0.12636817320696603	0.43726821691724505	0.43636360987578904
0.12776525830980245	0.43311986806507924	0.4391148736251184
0.15043951117547402	0.47775395590970016	0.3718065329148259
0.15571483862573018	0.5001784790114188	0.34410668236285125
0.1144397795103741	0.41763166149968456	0.4679285589899414
0.14135388098610857	0.4421463843464905	0.41649973466740103
0.15422945624084555	0.4014959939611341	0.44427454979802045
0.15315095039356896	0.48876795810748264	0.3580810914989485
0.1416996161105298	0.3920547782842556	0.46624560560521466
0.14505601673413251	0.4224472813147303	0.4324967019511373
0.13844554268722162	0.5113323241659511	0.3502221331468274
0.1286765006242385	0.462945905943253	0.4083775934325086
0.1269591560070201	0.42666316322014625	0.44637768077283374
0.14645083278257598	0.4492326423913593	0.40431652482606484
0.12045417127201291	0.471344886680806	0.4082009420471812
0.14921894466569685	0.4966333538333676	0.35414770150093566
0.14458760952067212	0.4309878066963156	0.4244245837830124
0.1554571917442234	0.3927976003407129	0.4517452079150638
0.12051971942205006	0.5063270800329833	0.37315320054496676
0.11763166130598796	0.4754092359681743	0.4069591027258379
0.137469716580935	0.3980571795266564	0.4644731038924087
0.14291281364264266	0.48571883439403446	0.371368351963323
0.12492192708056721	0.47196347319493215	0.40311459972450076
0.13036576143576561	0.42320944929089765	0.44642478927333684
0.14954314216472492	0.44459555181196087	0.4058613060233144
0.14788685991488332	0.4925131824424114	0.35959995764270547
0.11818453247780453	0.4982142125536198	0.3836012549685758
0.1369277404168302	0.47991438740621833	0.38315787217695163
0.13941951488656207	0.4927833395041957	0.36779714560924226
0.11664571377416139	0.4358033731731954	0.4475509130526434
0.1377861371912631	0.3975321300905586	0.4646817327181785
0.1425037146854647	0.4829586029355808	0.37453768237895463
0.11952465135632431	0.48579396873089364	0.3946813799127822
0.14791446504702543	0.38894869738328625	0.46313683756968843
0.1463110214446632	0.4981596824780889	0.35552929607724804
0.12260504264933841	0.48759328732796553	0.3898016700226962
0.1305296061370106	0.5080628092727102	0.36140758459027933
0.13734912926988022	0.4187632409537889	0.443887629776331
0.13403146668091687	0.40541241039510517	0.4605561229239781
0.13085777874007198	0.4819589302441607	0.3871832910157674
0.1204396678498908	0.4585224347048721	0.42103789744523723
0.12466720424979133	0.46484809236658653	0.4104847033836223
0.12317400968949638	0.4442476154478996	0.4325783748626042
0.13014022719793955	0.4936384578601357	0.3762213149419249
0.14759480669240949	0.4490792345299082	0.4033259587776824
0.13584738922448225	0.4345435391833394	0.4296090715921784
0.13057082046678525	0.41669587040825273	0.4527333091249622
0.1558395685220336	0.45245701243346703	0.39170341904449946
0.1251406532089711	0.4815618873901191	0.3932974594009099
0.11614411997478707	0.45698324457771633	0.4268726354474967
0.13913401460365454	0.47616879389735817	0.3846971914989874
0.11748205962956793	0.46846883942247686	0.41404910094795533
0.12862215254814968	0.5205484513301636	0.3508293961216869
0.1171755519212441	0.5067694291974496	0.3760550188813064
0.11590779211524732	0.4652233702922629	0.4188688375924899
0.12500475628427768	0.5077068215145046	0.3672884222012178
0.1335587705713216	0.522775912037664	0.34366531739101447
0.14757100174539353	0.5092203866598977	0.3432086115947089
0.11984399934066586	0.44997722223916464	0.4301787784201696
0.12092205630461189	0.5197101416326841	0.359367802062704
0.11480702602164783	0.43229829163890054	0.45289468233945174
0.14857022942623904	0.4238579301991007	0.42757184037466045
0.15002164783101163	0.3868595698012858	0.4631187823677027
0.14612710379184377	0.42172091981060944	0.4321519763975469
0.1243519982265785	0.48515452509288093	0.3904934766805407
0.13485344729080195	0.4676328405097728	0.3975137121994254
0.13151749580716526	0.44235176977675683	0.42613073441607807
0.13307442513443885	0.515721837060134	0.3512037378054273
0.14933684709059386	0.4036560633804594	0.44700708952894685
0.13550325867406557	0.4721219862791812	0.3923747550467534
0.1313604401268514	0.4730003642472652	0.39563919562588346
0.1264276598807073	0.5177740442657317	0.3557982958535611
0.14169739921831945	0.4975498221222613	0.3607527786594194
0.11784641232262882	0.45608917921569814	0.4260644084616732
0.1304179002019503	0.4484040797186322	0.4211780200794176
0.15301116377679855	0.4625491502791341	0.38443968594406747
0.13436241169257795	0.5208924359085718	0.3447451523988503
0.14276533147438364	0.411311429076377	0.44592323944923945
0.11717615898122652	0.4711458220631615	0.41167801895561207
0.14531294105643827	0.38758681320450744	0.4671002457390544
0.14971579828082754	0.42426725360799444	0.4260169481111781
0.13841777452405435	0.4145991931598946	0.44698303231605124
0.15538128155846628	0.39934934156511337	0.4452693768764205
0.11410202748288831	0.4646756461676532	0.4212223263494586
0.14698905893156622	0.4999857783162661	0.35302516275216783
0.13364090935128475	0.4684502614277838	0.3979088292209316
0.11383275748521213	0.5416639463801456	0.34450329613464237
0.12282758633868118	0.47657637274147874	0.40059604091984014
0.14986828565792187	0.4125211471093945	0.43761056723268377
0.1514255565081274	0.42476489647689425	0.42380954701497847
0.12779883853878723	0.41513275736168237	0.45706840409953053
0.14509600327518327	0.4132085112521042	0.44169548547271265
0.1258373040566656	0.40652350494228673	0.4676391910010478
0.12377115829944574	0.49682699285729515	0.3794018488432592
0.14586054879970678	0.47859856932124034	0.375540881879053
0.11822001864806803	0.4461182775645921	0.43566170378734
0.12985168179026468	0.4499245048275107	0.42022381338222475
0.1488510093641887	0.43481949873097436	0.41632949190483703
0.1421542755804191	0.4022773790036567	0.45556834541592434
0.1258980322757839	0.5084326778939255	0.36566928983029073
0.14210773788988695	0.4496924852136983	0.40819977689641485
0.1561904792676876	0.4761092272298565	0.36770029350245603
0.13528315910598215	0.455769758950458	0.4089470819435599
0.14111892784710245	0.43274169912992333	0.4261393730229743
0.15288077893681565	0.4611138025637926	0.3860054184993919
0.12332249181194896	0.45271560476263334	0.42396190342541784
0.11814996749849027	0.5395218295294695	0.34232820297204036
0.12483244641521157	0.506258361881653	0.3689091917031355
0.13267691448260224	0.4424263276027237	0.4248967579146742
0.12691734445331615	0.4250062944772751	0.44807636106940885
0.12778668131157392	0.4388246063977937	0.43338871229063247
0.13145214307432063	0.49907399552926945	0.36947386139641003
0.12482298329066172	0.5265135389749203	0.3486634777344182
0.13792882565614029	0.4537275398075955	0.4083436345362643
0.15525167210505325	0.3922693431075706	0.45247898478737625
0.1358519891391275	0.4223664891729986	0.441781521687874
0.1420372895086222	0.4665792590645456	0.3913834514268323
0.11600647693769375	0.4547593454272254	0.429234177635081
0.13034090695580755	0.43493548898263135	0.4347236040615612
0.1288827743319927	0.4940501508738535	0.37706707479415397
0.12436930262724394	0.504563570292793	0.3710671270799632
0.13974001521232934	0.4897753040913866	0.3704846806962842
0.12720840301010694	0.4642977812696345	0.40849381572025867
0.13817998544701762	0.4041427466213391	0.45767726793164343
0.14138081683412906	0.417246895104766	0.4413722880611051
0.14874520218167095	0.4152497821448503	0.4360050156734789
0.12596508970379494	0.4933377487019101	0.38069716159429506
0.14985889110225115	0.45460459958894367	0.3955365093088053
0.11596511095148604	0.4937937068651982	0.3902411821833159
0.11732909246562523	0.4374045625075879	0.445266345026787
0.13144604172457625	0.4643655818375181	0.40418837643790584
0.12653000078937848	0.5102619567951098	0.3632080424155118
0.11424867099390934	0.5088343651570008	0.37691696384909
0.1372254983266451	0.41079598195296474	0.45197851972039027
0.15631151408138177	0.43664335240304597	0.40704513351557237
0.12708728911063766	0.48387077813991025	0.3890419327494522
0.1425305807676176	0.41153019887470116	0.4459392203576814
0.1514946083905924	0.4095718456866476	0.4389335459227601
0.13468964078469955	0.41552129147955974	0.44978906773574084
0.12635781893380102	0.5125446634105152	0.36109751765568393
0.1281072060661662	0.5301616525081961	0.34173114142563776
0.13054577479884694	0.41778964422457476	0.45166458097657847
0.14369326253792458	0.4237873545694497	0.4325193828926258
0.11699181141917361	0.4468109074466684	0.4361972811341581
0.13090513390215486	0.44480665628261734	0.4242882098152279
0.1509658816830035	0.4308475169688687	0.41818660134812796
0.13353323746489498	0.4990472844888482	0.36741947804625696
0.14413466447065018	0.5023034011135264	0.35356193441582345
0.15114593550537087	0.44474041480867427	0.404113649685955
0.14187014704731085	0.40126246200211835	0.45686739095057094
0.14615505464841988	0.4419484256274082	0.41189651972417207
0.1237745804799616	0.4720299170634573	0.4041955024565812
0.11468049773192693	0.4796758920295596	0.4056436102385136
0.12125448566397828	0.4186719905741537	0.46007352376186816
0.11943622171780055	0.4314296484934652	0.44913412978873435
0.12080602154481151	0.45022115778805083	0.4289728206671378
0.1357446036086905	0.4670604067137128	0.3971949896775968
0.1406899811741684	0.46620450338057035	0.3931055154452614
0.11537763020882291	0.48572956951075286	0.3988928002804244
0.14195401601980995	0.3931745205491802	0.46487146343101
0.13551341539260234	0.4215003778190148	0.442986206788383
0.1487345072105687	0.4244208019240826	0.4268446908653488
0.13090237373744276	0.434254709305365	0.43484291695719235
0.12409462159591278	0.5333342802378264	0.3425710981662609
0.1495130182833076	0.38407004254495203	0.4664169391717405
0.1158677122861076	0.5206622653701432	0.36347002234374937
0.13906655866977014	0.5063890360878506	0.3545444052423794
0.14126505873977288	0.487593028221758	0.3711419130384692
0.12939355753850218	0.4753471635916141	0.3952592788698839
0.12679251382668194	0.5246293760055749	0.3485781101677432
0.14063617928568892	0.3920937007741588	0.46727011994015244
0.1302195237973464	0.4434796866577714	0.4263007895448824
0.12602261539394982	0.5119531473386665	0.3620242372673838
0.12557926438052253	0.4289475451734056	0.445473190446072
0.1172233948689238	0.4503741593908688	0.43240244574020753
0.12385317926235667	0.43581346938595866	0.4403333513516848
0.11470616198203898	0.42807510801171944	0.4572187300062417
0.1382178964631528	0.40995117408780163	0.4518309294490457
0.12445942880684749	0.4777815878024855	0.3977589833906671
0.14973622088287702	0.45551453047968593	0.39474924863743716
0.13115331430626823	0.4459778078138317	0.42286887787990024
0.14368216665538142	0.3877576590591175	0.4685601742855012
0.1288120879375853	0.4212496218824199	0.449938290179995
0.12478288457879164	0.42303568661844193	0.4521814288027665
0.15141474173266437	0.4585823721658364	0.39000288610149936
0.14009592545030575	0.44886722880755536	0.411036845742139
0.1346311038729554	0.48073138111594516	0.38463751501109955
0.12919755273958167	0.4892228169315769	0.38157963032884157
0.1526897939338741	0.49166882601836154	0.35564138004776447
0.15389047562023095	0.43746999389472674	0.4086395304850424
0.14118941290385095	0.4507767066468084	0.40803388044934075
0.122596380058201	0.5145360564698839	0.3628675634719153
0.1551416528055765	0.4832077644884427	0.3616505827059809
0.11443226582929222	0.5271489858097462	0.35841874836096166
0.12666988650821173	0.5272790696549232	0.3460510438368651
0.11525838287050205	0.44484498417986074	0.4398966329496373
0.15467281604977146	0.40431567635221505	0.4410115075980136
0.13126225866797875	0.41990299051720315	0.4488347508148182
0.15441066519336388	0.44274702010578665	0.4028423147008496
0.11937141143672969	0.47181146307954125	0.40881712548372917
0.1499001686095681	0.49349714158664415	0.35660268980378795
0.14798261590411807	0.44917021967895804	0.40284716441692403
0.12249888323531813	0.4712254614663998	0.4062756552982822
0.13013057593982355	0.47635500303848416	0.3935144210216924
0.14030759534076098	0.47960495681799986	0.38008744784123927
0.14460061510739602	0.4667942301668245	0.3886051547257796
0.13215192556818167	0.5207537009822075	0.3470943734496109
0.12385314687943538	0.5170938700707322	0.3590529830498326
0.1346281920792483	0.4745233655476751	0.3908484423730767
0.1150769218712484	0.5009336688035395	0.3839894093252122
0.14190429711766483	0.5119643104263498	0.3461313924559854
0.14710969973619129	0.45845400824312044	0.39443629202068836
0.14284203728933587	0.45122034688501866	0.4059376158256456
0.1422067612159129	0.5133443966848986	0.34444884209918863
0.12271582426743338	0.46891179981325654	0.4083723759193102
0.12033951257375197	0.5248663835230861	0.354794103903162
0.15019891659019602	0.43642265118644136	0.41337843222336274
0.11832456220041915	0.4742195256654762	0.4074559121341047
0.13082409839742365	0.4728072165325773	0.39636868506999917
0.15314985074217768	0.42565385627258356	0.4211962929852389
0.12474003159266656	0.41493671565202894	0.4603232527553046
0.12601422282841934	0.5269696949488042	0.3470160822227766
0.14411383782999326	0.4109494489017721	0.44493671326823475
0.15590203644193373	0.39828857081061275	0.4458093927474537
0.1306350848655895	0.49638665694003203	0.3729782581943786
0.13285590728727925	0.43898368368559776	0.4281604090271231
0.12833446744550456	0.42262969010007245	0.44903584245442313
0.14532751681939393	0.4930740039546848	0.36159847922592137
0.12943629022525216	0.514541845941638	0.3560218638331099
0.12571418045418467	0.41508206800968944	0.459203751536126
0.11715444244575712	0.47033034731628365	0.4125152102379594
0.12821971632169443	0.48071574281246443	0.39106454086584125
0.1210539483271082	0.4799763738865434	0.3989696777863485
0.14948466949275213	0.4506060181174619	0.3999093123897861
0.14108913033134013	0.4469313506806502	0.4119795189880098
0.15480122630284548	0.42562779717717836	0.41957097651997627
0.1260926748903544	0.46015452694546033	0.4137527981641854
0.12576741492634316	0.5199367445266955	0.35429584054696145
0.11947047041380193	0.49490651057592716	0.385623019010271
0.1477501512697387	0.5061880937673577	0.34606175496290364
0.15112522774748466	0.49449410570277275	0.35438066654974276
0.11685812669274101	0.5143331972869962	0.36880867602026296
0.12864583495475476	0.4773758652825278	0.39397829976271753
0.12669821551633564	0.47995793275568066	0.3933438517279838
0.14228397057269354	0.4804261640043631	0.3772898654229435
0.1169329462486268	0.5076269303113221	0.37544012344005123
0.1489001072419402	0.4974974031586917	0.3536024895993683
0.14178225289125806	0.45158349606933446	0.40663425103940753
0.12213545137425141	0.4682668010864202	0.40959774753932854
0.12593861421139965	0.5260725660084506	0.34798881978014984
0.11477506797707299	0.5129961190330611	0.372228812989866
0.13906937855539891	0.4835415656280713	0.3773890558165299
0.11549488839923072	0.528036101105789	0.35646901049498037
0.1431785173829313	0.4101183785927499	0.4467031040243189
0.11614706738368724	0.41702817255216235	0.4668247600641505
0.13573617261002013	0.4506044191831598	0.41365940820682023
0.1280684274777959	0.46351349773151046	0.40841807479069375
0.14636216881537822	0.49428737878158113	0.3593504524030407
0.12479259156849984	0.43224849259273057	0.4429589158387698
0.1519465035293759	0.4604828543647334	0.3875706421058908
0.14956759182283907	0.382713511463142	0.46771889671401906
0.11392667148580607	0.5141022121554683	0.3719711163587258
0.11452527758105116	0.5367395757756277	0.3487351466433213
0.15547208813221827	0.4435313007633735	0.4009966111044084
0.15113346737002303	0.39032482619717435	0.45854170643280273
0.15494504901750486	0.4184448858813175	0.4266100651011777
0.1153429173699336	0.49066953075296543	0.3939875518771011
0.11624158365708914	0.47188278945684425	0.4118756268860667
0.14902642452172749	0.40141117307999896	0.44956240239827366
0.1347599135095076	0.5079092363992432	0.35733085009124926
0.14168586770588934	0.4253259402537243	0.4329881920403865
0.13397469116048913	0.4599267308851059	0.40609857795440507
0.1375765818102424	0.44296680570735825	0.41945661248239946
0.14008124414465	0.49853971433546185	0.3613790415198883
0.14525033338656296	0.5002327649677165	0.3545169016457207
0.14201812414161144	0.5119706971839024	0.34601117867448633
0.14964999408633534	0.49313376199145637	0.3572162439222084
0.15088230385291382	0.40682326471279584	0.4422944314342905
0.15561331202472012	0.42233427143680113	0.42205241653847886
0.15035700906833657	0.4607857560760603	0.38885723485560325
0.1497643886583898	0.38186590839244017	0.46836970294917013
0.13471924152300313	0.4065647372625958	0.45871602121440125
0.12740855916362584	0.40405738891625864	0.46853405192011566
0.1175018195978817	0.41607928578695097	0.46641889461516745
0.15475015171813122	0.4406548844224337	0.4045949638594352
0.12627179573147138	0.4603269845437409	0.4134012197247879
0.117832693078426	0.4143891745916869	0.46777813232988724
0.1368908592558717	0.43900141097436396	0.42410772976976446
0.11515298463232468	0.47452960415720724	0.4103174112104682
0.1478837369372537	0.4968023531418111	0.3553139099209353
0.11558440305432266	0.43052921776493547	0.45388637918074204
0.11495101759922005	0.4184752203137892	0.46657376208699086
0.14329355855810355	0.41488889541714613	0.44181754602475043
0.1553959851296839	0.3757788096409412	0.46882520522937504
0.12478670339604042	0.520340680898947	0.35487261570501266
0.1293538884807955	0.41363298440650864	0.457013127112696
0.12009457623469091	0.46268100330096257	0.4172244204643466
0.11858257587600685	0.4402985474044734	0.4411188767195199
0.15403443321224042	0.4292073263539631	0.4167582404337966
0.13548108090818883	0.40706900330488344	0.4574499157869279
0.13312248337210023	0.49380172940303024	0.37307578722486967
0.14614396381396902	0.49739977016033643	0.3564562660256947
0.15293527533195606	0.5038794300002072	0.3431852946678368
0.13406932207206618	0.41710700121670186	0.44882367671123213
0.13248735625455574	0.5095262306966519	0.3579864130487925
0.12793764426875004	0.4029300701899737	0.4691322855412764
0.1490127771946927	0.39015609768005854	0.4608311251252488
0.1261887475121752	0.42061052674644706	0.4532007257413779
0.14744716306018107	0.5001679278733093	0.3523849090665097
0.12523937431483473	0.5273419194405493	0.3474187062446161
0.12924162011483292	0.4570481774857826	0.4137102023993846
0.1403128720563832	0.5002859593557845	0.3594011685878324
0.1307054944525961	0.48373554460065893	0.3855589609467451
0.1195990380348056	0.4567994544207899	0.4236015075444046
0.1471532557281941	0.38746604871278356	0.4653806955590225
0.1264457192498361	0.42486921281686063	0.44868506793330337
0.13998405837066774	0.5138997500753977	0.34611619155393464
0.13561176506885259	0.5219474351806971	0.34244079975045044
0.12728743166046114	0.42041053401743184	0.45230203432210714
0.11558864832988566	0.5387212289768897	0.3456901226932248
0.14976123526594196	0.4839261404248458	0.3663126243092124
0.13809891041311464	0.5126006392891096	0.34930045029777584
0.1432333986838944	0.4141676143869387	0.442598986929167
0.11936259687383732	0.5017477707611675	0.37888963236499534
0.11836587588422692	0.4436028538826798	0.4380312702330934
0.15036153333884397	0.4650672149547992	0.384571251706357
0.13613533042134773	0.4548406714601039	0.4090239981185485
0.12389917505937037	0.5075141064519876	0.36858671848864216
0.1541248629903696	0.43539333433473826	0.4104818026748922
0.14552936068124356	0.4622190985451326	0.392251540773624
0.11990201652144888	0.5139787246387428	0.3661192588398084
0.14514110407529446	0.405319854188125	0.44953904173658066
0.15006303305852348	0.4457649895358279	0.40417197740564875
0.14425255290830719	0.44000397590584406	0.41574347118584887
0.15089662835958673	0.40329234627021004	0.44581102537020334
0.12446728233419863	0.5156414323538291	0.35989128531197245
0.1312420918665791	0.5210368400495576	0.3477210680838633
0.13790574721110574	0.43245869741236814	0.4296355553765262
0.12579829135608667	0.4509703857417197	0.42323132290219373
0.14121116732473427	0.4248239804030155	0.43396485227225035
0.1519811353619233	0.4467393498212901	0.40127951481678675
0.15052241457395205	0.40731510727446485	0.4421624781515832
0.1343434052818207	0.4146304678042596	0.45102612691391986
0.1523872634446231	0.397223645175234	0.450389091380143
0.12091767422185246	0.4694070585398113	0.40967526723833636
0.12003206898053848	0.4636744008176619	0.4162935302017997
0.11545541684181013	0.5298843796508164	0.3546602035073737
0.12244711213464751	0.4376856172614912	0.43986727060386144
0.12816654565030483	0.4912551820700203	0.38057827227967495
0.13180029512985242	0.47736822591702743	0.3908314789531202
0.15201765146931365	0.4741209020713706	0.37386144645931585
0.12316592998020123	0.5082908246533959	0.36854324536640304
0.1214519365382335	0.5189610501661012	0.35958701329566545
0.11955983466748665	0.4451528003320528	0.4352873650004607
0.12373117110108445	0.5102104771185776	0.3660583517803381
0.1293205619901195	0.4746601164969329	0.3960193215129477
0.1393223261156517	0.45099880054937674	0.40967887333497166
0.11546083826676051	0.45721625014745715	0.42732291158578245
0.1245725084668736	0.511332560683113	0.3640949308500136
0.11415270468742633	0.43022022709326785	0.45562706821930593
0.11874647682893591	0.4834776072852696	0.3977759158857946
0.13611269484225574	0.41501774898347954	0.4488695561742649
0.11474506862432138	0.4907365531049289	0.3945183782707498
0.11463366501649624	0.5193845085280069	0.36598182645549704
0.12194581522002343	0.5200912653912438	0.3579629193887328
0.12611763325613287	0.46369868970071193	0.4101836770431553
0.1548541405423055	0.4363257112674098	0.4088201481902848
0.13720501284375125	0.4691954359839283	0.3935995511723206
0.1444441183713768	0.4527991142908444	0.4027567673377789
0.15629049235335662	0.39130274975237045	0.452406757894273
0.1333469875830805	0.4019996325920953	0.4646533798248243
0.14479542426232833	0.4874783602635815	0.3677262154740903
0.14903697641355898	0.42856980791461446	0.4223932156718267
0.14159766833665247	0.4158622334654616	0.4425400981978861
0.11764431522861452	0.4827739207790041	0.39958176399238154
0.13065962879591952	0.49471334116481147	0.3746270300392691
0.12377769997857768	0.40995334262642	0.4662689573950024
0.13880857494353283	0.46359281318079715	0.3975986118756702
0.13364726181805683	0.49128353932548735	0.37506919885645595
0.12344910128543285	0.43996802834632764	0.4365828703682396
0.15534919619022403	0.41268331442067485	0.43196748938910123
0.15281704626178047	0.44826268835725797	0.3989202653809617
0.11635544927181946	0.5380164897144153	0.3456280610137654
0.12799951759980713	0.5127990989538957	0.35920138344629726
0.14576694867609552	0.388117795350871	0.4661152559730336
0.12298835789497681	0.4595793623062467	0.4174322797987766
0.12190579644100824	0.43260508107372403	0.44548912248526784
0.13861632569946494	0.5127599341900964	0.34862374011043884
0.11817622826798213	0.514661605906181	0.3671621658258369
0.1389138291749462	0.4254063530462747	0.4356798177787792
0.14802628851058364	0.48190146163692793	0.37007224985248854
0.12400860150873416	0.4239807183075861	0.45201068018367985
0.1305675753351656	0.4352254315935089	0.4342069930713256
0.11846392138858589	0.5307192972310757	0.35081678138033856
0.12073576000184424	0.4529618885723175	0.4263023514258384
0.1497185208053285	0.3885035261518742	0.46177795304279745
0.1379659711835574	0.395534952391455	0.4664990764249878
0.14535529933817248	0.4169137085270871	0.4377309921347406
0.15515344407455792	0.4420246568255326	0.4028218990999096
0.1426478742652002	0.4004770185364146	0.4568751071983853
0.11756676957166942	0.415632193533906	0.46680103689442465
0.15039626781996424	0.42371547535241993	0.4258882568276159
0.13261151893176729	0.4899710868064696	0.3774173942617632
0.12335257891629742	0.4185879548493125	0.4580594662343902
0.15525330341309257	0.44242542331469314	0.40232127327221445
0.1520673466801769	0.4422583976129985	0.4056742557068247
0.14707454232956216	0.43801443681740193	0.41491102085303605
0.13027308780726993	0.4065749104701093	0.46315200172262094
0.13548646470469156	0.406384989549659	0.45812854574564954
0.12539375697904379	0.528314723809238	0.34629151921171836
0.12337036158467221	0.5189603357510106	0.3576693026643173
0.13355975331104358	0.4855933536697121	0.38084689301924435
0.12260760191473602	0.5143094499857157	0.36308294809954833
0.15136262390957336	0.4372136694741071	0.41142370661631966
0.1274849385102007	0.4145422123953867	0.4579728490944127
0.12942750197253916	0.45816833912992655	0.4124041588975344
0.12764939684465837	0.524940053218141	0.3474105499372008
0.11728017505127872	0.4411985007535485	0.4415213241951729
0.15090113340822617	0.4750959732162011	0.3740028933755728
0.12086927364034389	0.5147860949981897	0.3643446313614665
0.12464700143465324	0.4714954171149265	0.4038575814504204
0.11707624958581184	0.466586905321544	0.41633684509264424
0.1467433764162569	0.40914746863541773	0.4441091549483255
0.11675629745723759	0.4159806635563469	0.46726303898641564
0.12891867748474242	0.4574987067866013	0.4135826157286564
0.14421044619318418	0.40653755958890514	0.44925199421791084
0.1387889997457658	0.49969619182961755	0.3615148084246168
0.14555670541478025	0.4448476991200604	0.4095955954651595
0.1192778275426083	0.4677095378647338	0.413012634592658
0.12967176240693123	0.4501775933938633	0.42015064419920556
0.14893757027354038	0.45463279805019063	0.3964296316762691
0.12381322568185898	0.46170534047830947	0.41448143383983166
0.14612183465983092	0.43942673654679976	0.4144514287933694
0.1389557537782265	0.44639206690154826	0.41465217932022536
0.11841749355027847	0.43006163143913634	0.45152087501058535
0.14264391584515018	0.5138005253585816	0.3435555587962684
0.14261381084810554	0.514117304901925	0.3432688842499696
0.12093804038941619	0.47430501457368873	0.4047569450368952
0.15491327527019666	0.43423393505787056	0.4108527896719329
0.1270186349137033	0.4891532589496294	0.3838281061366674
0.11391091323758384	0.5379724597757201	0.3481166269866962
0.1462046013459584	0.4803973698172629	0.3733980288367788
0.12033278857138924	0.4402358146736552	0.4394313967549557
0.12581967905965796	0.5262459029295663	0.34793441801077585
0.15324461584889199	0.4375486937678121	0.40920669038329605
0.13280792136288674	0.4724594121468944	0.394732666490219
0.15509811449571714	0.47461162724465167	0.37029025825963136
0.13879506038320794	0.5007738216359878	0.36043111798080435
0.1259718019576549	0.5295713022075714	0.3444568958347738
0.1256360847888854	0.5150929978477395	0.3592709173633752
0.11507960880717663	0.5371681940369416	0.34775219715588185
0.1455851031300518	0.48297753082803846	0.37143736604190986
0.15344204243265455	0.4023004524091344	0.4442575051582111
0.13578076791119942	0.47524172650449387	0.3889775055843068
0.13621319014729472	0.4039131617697824	0.45987364808292297
0.13662697632808163	0.40611993641118427	0.4572530872607342
0.15579181692442917	0.3852278538237227	0.45898032925184823
0.12040738052409272	0.525422971945741	0.35416964753016644
0.14090744673560787	0.49811902496325833	0.3609735283011339
0.15177436602105643	0.4395803169387984	0.4086453170401453
0.14822576499650253	0.41480699331803544	0.43696724168546214
0.12333539378001124	0.4536871022152695	0.42297750400471945
0.1162516615112843	0.48009892337279836	0.40364941511591745
0.14410075008874446	0.46259008254020884	0.3933091673710468
0.12423854185784916	0.5083137419668466	0.3674477161753043
0.13360154415542103	0.42901201739019307	0.437386438454386
0.14262207771073548	0.4145654335695643	0.44281248871970036
0.11467682157198705	0.47952407705872635	0.40579910136928676
0.13599621958862645	0.42576077211295615	0.43824300829841756
0.14095440578059248	0.4094165235764474	0.4496290706429602
0.1315294105224677	0.43467479518619684	0.4337957942913356
0.14647492399865836	0.4379264802410041	0.41559859576033764
0.12470643709761678	0.4287682629191459	0.4465252999832374
0.12670221133708626	0.4165123277099305	0.4567854609529833
0.129945327435256	0.40954444334255613	0.460510229222188
0.1496601254919475	0.3945407203777407	0.45579915413031197
0.13561857452786444	0.39841427700287757	0.46596714846925813
0.14014644317224173	0.39236579391537085	0.4674877629123875
0.14218838048977972	0.48038687320757534	0.3774247463026451
0.12401475524291405	0.4443265766052796	0.4316586681518065
0.1469323581466065	0.40666973328349565	0.44639790856989797
0.15036287251658811	0.4810732121907332	0.36856391529267885
0.11740378617361763	0.4590858746387265	0.42351033918765596
0.11880815445159654	0.46718569401827187	0.4140061515301317
0.1304913307495264	0.4269899481019691	0.44251872114850466
0.11968870700768902	0.5181808286809944	0.3621304643113168
0.1222301885493978	0.5340752149207271	0.3436945965298752
0.1476280395716938	0.4703006895774914	0.38207127085081494
0.1304585348904192	0.5256678008736118	0.3438736642359692
0.13290267674920211	0.40040494824413414	0.4666923750066639
0.11456870508338235	0.5262363679692682	0.3591949269473496
0.13740894944647702	0.49475262485848126	0.3678384256950418
0.11741764112700132	0.4307239770041883	0.45185838186881044
0.15295268633719347	0.39108547379941355	0.45596183986339306
0.12033479382971646	0.49127107557991606	0.3883941305903676
0.12261071133973123	0.4907046292695757	0.3866846593906932
0.11633776766578385	0.48967745468896096	0.3939847776452553
0.1540106116515406	0.4953232962418811	0.35066609210657845
0.11832070131165628	0.4727154258361786	0.4089638728521652
0.136178064594516	0.4312391175573811	0.43258281784810304
0.13107738817728964	0.44745274345652053	0.42146986836618994
0.14466973169447872	0.4819802794501513	0.3733499888553701
0.11867299185146496	0.4625228859082717	0.41880412224026353
0.12594244776688376	0.49118727737809775	0.38287027485501857
0.15382568415668324	0.4928840693870804	0.3532902464562365
0.13617378804481045	0.4907672017473288	0.37305901020786086
0.11607780694181474	0.44022100123243757	0.44370119182574785
0.12929369270778185	0.4450808181262678	0.42562548916595044
0.1517252273523597	0.4733862590269796	0.3748885136206608
0.12072840788482742	0.41958292051283036	0.45968867160234234
0.14866515890399815	0.4995982325000785	0.3517366085959235
0.12261806104577566	0.5019322020209926	0.3754497369332318
0.11695774396340677	0.4443319788250266	0.43871027721156675
0.14251299773757095	0.4313074039675725	0.4261795982948567
0.15569008216656424	0.42071801794833374	0.4235918998851021
0.1289489329236975	0.5053635320377807	0.36568753503852197
0.1446669160554399	0.5115008848990221	0.343832199045538
0.1278252339049429	0.4168682606239627	0.4553065054710945
0.1271911948110686	0.4234277952685134	0.4493810099204182
0.11594134666722905	0.47195030082692635	0.4121083525058447
0.14877416326712029	0.3943381433172842	0.45688769341559565
0.1527434679199624	0.43247625718005533	0.4147802748999824
0.15123282335054672	0.42978166826297204	0.41898550838648135
0.13155059714466985	0.47633158220219973	0.3921178206531306
0.1453596866867607	0.4710745230747805	0.383565790238459
0.11495615942197401	0.486660562353858	0.39838327822416814
0.11542806024146324	0.45557923828662616	0.4289927014719107
0.14072291733991532	0.3980968603256689	0.46118022233441597
0.11998185062320921	0.510496115665678	0.3695220337111129
0.13537469049996181	0.5193761564066236	0.34524915309341464
0.14608317141692692	0.40127238955180755	0.4526444390312656
0.15586462952597174	0.37951638444963515	0.4646189860243932
0.15391577269229742	0.38483646044914455	0.4612477668585582
0.14890076194836027	0.4072357683610848	0.443863469690555
0.1357126838803559	0.44061390465715244	0.4236734114624918
0.1366662947601862	0.44458177600180215	0.41875192923801174
0.1141937163712134	0.458031895020887	0.42777438860789974
0.15516037805078958	0.4608320166470262	0.3840076053021843
0.12476239431000441	0.4729784824282819	0.4022591232617138
0.11639345569972342	0.4861843948602066	0.3974221494400701
0.15054416655199776	0.38049764283133214	0.46895819061667027
0.13830188213644018	0.39498099912885204	0.46671711873470795
0.12822758519473354	0.49163639832016715	0.3801360164850995
0.1535638633385497	0.4087201066633848	0.43771602999806564
0.12203109051022176	0.4587852792763596	0.4191836302134188
0.1395093136491643	0.48081494816865433	0.3796757381821815
0.13435443634326827	0.510127771838517	0.35551779181821486
0.1529910393108276	0.4124270519574153	0.4345819087317572
0.14252044889202886	0.4413421566105902	0.4161373944973811
0.14313609207225622	0.44087353372881355	0.41599037419893037
0.11919647751741183	0.4502506352703549	0.4305528872122334
0.1190920175259797	0.4220915907251952	0.4588163917488252
0.13957524844210847	0.4805683999607081	0.3798563515971835
0.1208190526980078	0.5030048525642244	0.37617609473776786
0.11694631298781549	0.4510023438198808	0.43205134319230387
0.12898447155466636	0.4351708042077336	0.4358447242376001
0.1549947895076712	0.41327737885510807	0.43172783163722084
0.1243055408027478	0.5051119505774477	0.37058250861980463
0.1370495776157144	0.42610213400563085	0.43684828837865486
0.11396474295485454	0.48294969490444023	0.40308556214070534
0.13374295181101978	0.44831053872479093	0.41794650946418943
0.11891045044846893	0.5006776020496571	0.3804119475018741
0.13160353812301054	0.4590441175811719	0.4093523442958177
0.13875089461112414	0.39760317917496	0.463645926213916
0.1495694503698431	0.4053104118214966	0.44512013780866044
0.14769746934814795	0.458165292067558	0.39413723858429417
0.12380155474955201	0.4149409704493571	0.461257474801091
0.14056783122393254	0.4280613460350582	0.43137082274100935
0.135412037950998	0.5229028527985061	0.341685109250496
0.14491813732044478	0.4819300312384678	0.37315183144108754
0.12449654374223507	0.5301984320986932	0.3453050241590718
0.1412967545454878	0.438458804294571	0.4202444411599413
0.13306846544996956	0.4227921105102431	0.44413942403978746
0.1352556436681448	0.47484417882428065	0.38990017750757466
0.13691263992173583	0.4020081807608933	0.461079179317371
0.13647035503810823	0.45349024654262526	0.4100393984192667
0.13398135984453924	0.48657552174609475	0.3794431184093662
0.1473548446140668	0.5052945683573602	0.3473505870285731
0.13565814079924915	0.40868542916290107	0.4556564300378499
0.12536292316203712	0.4794419796890006	0.39519509714896245
0.1301422356826591	0.440666037308315	0.4291917270090261
0.1512155168612465	0.4592445111816802	0.3895399719570734
0.1244171738153872	0.49329004215057604	0.3822927840340369
0.15022896446478198	0.5013172294540481	0.34845380608117005
0.12661994062503162	0.5219479482629958	0.35143211111197264
0.14462700749610252	0.46530318319121844	0.3900698093126792
0.14847626390599938	0.41588310444273136	0.43564063165126937
0.13896720817655955	0.40651472009907297	0.4545180717243676
0.15118544814852486	0.46627635129895795	0.38253820055251725
0.1298182715823526	0.4589093091088377	0.4112724193088098
0.12285708376438545	0.4581645409894332	0.4189783752461814
0.1461765986908418	0.4508188988805594	0.40300450242859887
0.12870321978232266	0.4506877512552945	0.42060902896238306
0.14306447571246592	0.5009271423680614	0.35600838191947287
0.11798574681992163	0.4910049627766794	0.39100929040339916
0.13811654517248761	0.504296616838479	0.3575868379890335
0.15208084478029504	0.4785097939161628	0.3694093613035423
0.131461217169984	0.5253825218911851	0.34315626093883106
0.14420512666371502	0.4801814934583496	0.3756133798779355
0.13146775318559162	0.510333024200426	0.35819922261398257
0.15613780703363844	0.45054631319865385	0.3933158797677079
0.12292814291420631	0.5290096145619969	0.34806224252379686
0.14889615775897705	0.47743935286285066	0.37366448937817237
0.13403822041984267	0.5001061117246833	0.3658556678554741
0.12082878843587735	0.5021999611612554	0.37697125040286733
0.1425694700585874	0.422801425065952	0.43462910487546075
0.13064468395416368	0.4064858512252355	0.46286946482060093
0.11778755214547168	0.4583076707386955	0.42390477711583296
0.11533483041152046	0.4610634938640809	0.4236016757243988
0.14018295630773286	0.4011752976850643	0.4586417460072029
0.1539089464436661	0.4489729522040991	0.3971181013522349
0.1203687904755544	0.5166254457544057	0.36300576377004
0.1333237394643889	0.47515397571161017	0.39152228482400103
0.14304239482347264	0.5054945680185914	0.35146303715793614
0.12752516254005947	0.42349843173504265	0.44897640572489805
0.13232493161543857	0.40058923083155673	0.4670858375530048
0.1349738686890105	0.42206373730822067	0.44296239400276893
0.13894201238232912	0.5067712931532774	0.3542866944643936
0.14431822569748012	0.4147495072452971	0.4409322670572229
0.13290172165769137	0.5166024110837935	0.35049586725851534
0.12834679665113577	0.4481685369402594	0.423484666408605
0.15323182762353144	0.4261811110106639	0.42058706136580476
0.12902653327301	0.41488396499967206	0.45608950172731805
0.13683201700102293	0.4692230184691475	0.3939449645298297
0.12259190908569029	0.45580551978062833	0.4216025711336815
0.13198218452624816	0.4068758415517224	0.46114197392202955
0.1148598456008027	0.500489224590242	0.3846509298089554
