0.1541664339769737	0.3857150301066632	0.4601185359163632
0.15502436226007565	0.3848416569892971	0.4601339807506274
0.15424360996288689	0.3835942574426934	0.46216213259441985
0.15453754856142624	0.3835752636286295	0.4618871878099444
0.1545426829025643	0.38483749555452	0.4606198215429158
0.15357471177788884	0.3843835868140376	0.46204170140807366
0.1540218568748461	0.3846564938722359	0.4613216492529182
0.15443789499862548	0.38461301135726655	0.4609490936441081
0.15490100356453923	0.38504946199337003	0.46004953444209085
0.15429599138871447	0.3861021435264183	0.45960186508486733
0.15411123372591765	0.3852953342164152	0.46059343205766723
0.15435735384990623	0.3858751254863114	0.45976752066378246
0.15432661163184286	0.38552220686429306	0.4601511815038642
0.1536188542155174	0.38445638709257834	0.46192475869190436
0.15355850440305086	0.3857958164469347	0.46064567915001453
0.1539303449139354	0.3838904566933765	0.4621791983926882
0.15380550549559813	0.3856916289632333	0.4605028655411687
0.15418227866351975	0.38634906876402836	0.45946865257245206
0.15484575593615493	0.3847400362384437	0.4604142078254015
0.15468760678950563	0.3846974441597751	0.4606149490507194
0.15361457474344842	0.3843957957110882	0.4619896295454635
0.15329195430790737	0.3854539757144248	0.46125406997766794
0.15393818838540674	0.3841874489153658	0.46187436269922755
0.153421222725404	0.3854646062119143	0.46111417106268177
0.15388999069430093	0.3865017557975935	0.45960825350810575
0.15459797020762917	0.3844358539262239	0.4609661758661471
0.15413054513331415	0.38608210966631185	0.4597873452003742
0.1538470061779585	0.38633657623729134	0.4598164175847502
0.1551351875417698	0.3844998089966102	0.4603650034616202
0.15344381475967617	0.38564850316509725	0.4609076820752267
0.1541085235109283	0.3839242795099128	0.46196719697915906
0.15416841314853097	0.385915468038765	0.45991611881270417
0.15391088193048144	0.38592979015329054	0.46015932791622816
0.15451567568321303	0.38357050543596455	0.46191381888082256
0.15326595029722379	0.38618818108574204	0.4605458686170343
0.15323561267329097	0.38471486281332823	0.4620495245133809
0.1549221204698526	0.38401823308124855	0.46105964644889896
0.1537369597885727	0.38610240652076516	0.4601606336906623
0.1536255038349168	0.38566537760223063	0.4607091185628527
0.15422940039920802	0.3855551383173924	0.4602154612833997
0.15390256204616423	0.38563358900591566	0.46046384894792025
0.15398242424431166	0.38403088917890854	0.46198668657677994
0.15498147494237582	0.3841033136749739	0.46091521138265035
0.15371714084250118	0.3859418143772069	0.46034104478029203
0.15441314366100747	0.385162262586997	0.4604245937519957
0.1542830447057667	0.3835518755119773	0.4621650797822562
0.1549827198814111	0.3855853317200762	0.45943194839851287
0.15379129645544296	0.38533447165518936	0.4608742318893678
0.1536870794116042	0.38605281141113224	0.4602601091772637
0.1541967973496441	0.3863736495377555	0.4594295531126006
0.1547437944927671	0.3853860178097105	0.4598701876975225
0.15420046235991233	0.38392837145022063	0.4618711661898672
0.15408692350499908	0.3856344995205696	0.4602785769744314
0.1539631445733518	0.38519641613311245	0.4608404392935359
0.15357441707620512	0.38482312440136746	0.4616024585224275
0.1540902110002358	0.38510163608281744	0.4608081529169469
0.15458180866475865	0.38527427409088477	0.46014391724435666
0.15501333233385922	0.3841134199087475	0.46087324775739347
0.1549994046734045	0.38435521064440187	0.46064538468219374
0.15340973868291363	0.384585831462725	0.4620044298543615
0.15474950153795897	0.38412783717392374	0.4611226612881174
0.15431127115958815	0.38362556969227385	0.4620631591481381
0.1541042552729003	0.3851722579464544	0.46072348678064545
0.15368423548581753	0.38430484302881546	0.46201092148536715
0.15454839591049124	0.38476455716769264	0.4606870469218162
0.1547254585247472	0.3843101776853926	0.46096436378986033
0.15404777364871974	0.3841345666796101	0.4618176596716703
0.15508183437766568	0.3853236309670621	0.45959453465527234
0.153826795973117	0.38520262261954924	0.4609705814073339
0.1547365469461048	0.38597808050668925	0.45928537254720603
0.1539939317602283	0.3841164969080969	0.46188957133167496
0.1544499940684008	0.3835994539240462	0.4619505520075531
0.1532202058746291	0.38587882205077223	0.4609009720745988
0.15352679281149317	0.3849377918568935	0.46153541533161346
0.1548742537721953	0.38470375844969507	0.4604219877781097
0.15398519597993485	0.385924867063447	0.4600899369566183
0.15335869839160485	0.3864376456294592	0.4602036559789361
0.15471254095080691	0.3850232987516256	0.46026416029756756
0.1532129996283847	0.3863369202394094	0.460450080132206
0.1546084108183744	0.38408408535393773	0.46130750382768804
0.1533412613071741	0.3845774591261044	0.4620812795667216
0.15427291456945993	0.3840646495963784	0.4616624358341618
0.15364261862964895	0.38436354474958007	0.4619938366207711
0.154657452437318	0.38521928843227304	0.4601232591304091
0.1542847563507031	0.38615983449553914	0.4595554091537579
0.153966455003892	0.38489848445978025	0.46113506053632786
0.15472239455803521	0.3848728929458588	0.4604047124961061
0.15332481014013968	0.3851123208899929	0.46156286896986753
0.15393927347794556	0.38451282879501736	0.46154789772703725
0.15376051297732912	0.38420104640540664	0.4620384406172644
0.15359709745872865	0.38656557745951936	0.4598373250817521
0.1550165044540238	0.3852524074183527	0.45973108812762364
0.15455288640101095	0.38613913827116314	0.4593079753278261
0.15411776618513212	0.384741607155167	0.461140626659701
0.15450275001331998	0.3836087250099589	0.4618885249767212
0.15392796572884793	0.3852951537599004	0.46077688051125176
0.15385643009285346	0.3845165495413911	0.46162702036575554
0.1534323379539394	0.3856294579679969	0.4609382040780638
0.15315183667197696	0.38517054793049876	0.4616776153975244
0.15416675902901478	0.38581068089740894	0.4600225600735764
0.15513764078107734	0.3843498307518235	0.4605125284670993
0.15462174625029113	0.38357274275429326	0.4618055109954157
0.15467449057447002	0.38447802522492136	0.4608474842006087
0.15419965905255076	0.38647680057561073	0.45932354037183865
0.15399330871651135	0.3857572772084309	0.46024941407505787
0.15441746032304848	0.38483239155116666	0.46075014812578496
0.1540726823566732	0.38578922839398017	0.46013808924934674
0.15490954710938618	0.38402852678816973	0.46106192610244423
0.15417808588845255	0.3852663480835267	0.46055556602802084
0.1546598958402603	0.383964395986254	0.46137570817348583
0.15402360790507258	0.38495712858601633	0.4610192635089112
0.15451592942965198	0.38358517507901635	0.4618988954913318
0.15430709841849738	0.3857103387701836	0.4599825628113191
0.15502707809505153	0.38417774774681024	0.46079517415813837
0.15420296252100388	0.38628545713952245	0.4595115803394738
0.15332579408084362	0.3861700136898142	0.4605041922293423
0.15435160398207334	0.38487283655772986	0.46077555946019694
0.15355594138005862	0.38467277520092164	0.46177128341901985
0.15391413732308584	0.38397565476928563	0.46211020790762863
0.15460853900042076	0.38426871732074247	0.4611227436788369
0.15453798169523925	0.3853913606415902	0.46007065766317073
0.1534947988250714	0.3865141712354548	0.45999102993947394
0.15315071959212367	0.38629897459058243	0.460550305817294
0.15322660391204937	0.3847165214777448	0.4620568746102059
0.1542410818831798	0.38511008641903355	0.46064883169778675
0.15443733625445882	0.3850383346425604	0.4605243291029809
0.15513104303818087	0.38448236540853553	0.46038659155328376
0.1550437435460607	0.385457067972775	0.45949918848116444
0.15461571961528087	0.38420495271409105	0.4611793276706282
0.15356147803859915	0.3851057166679912	0.4613328052934097
0.1537291081147203	0.3849305691242336	0.4613403227610462
0.15469293135371542	0.384139280738333	0.46116778790795177
0.15423711020925493	0.3837140442061271	0.4620488455846181
0.15444402828559062	0.3847682566638315	0.460787715050578
0.153401572171875	0.38557752095032916	0.46102090687779596
0.15468845897310918	0.38374889586113065	0.4615626451657603
0.1539962755277181	0.3843266944584055	0.4616770300138765
0.15495798759840002	0.38533009303942933	0.4597119193621708
0.153816146253505	0.3865411456411802	0.45964270810531493
0.15438579643145744	0.38471890729688885	0.4608952962716538
0.15407374154219017	0.3849067120009532	0.4610195464568567
0.15324356600180136	0.38599756212868497	0.4607588718695138
0.15465093827032134	0.3845827125998365	0.46076634912984227
0.15415439324549668	0.38516132957880156	0.4606842771757019
0.15487508276568462	0.3838882249642137	0.4612366922701018
0.1535408792194568	0.3854889769300418	0.46097014385050156
0.15339435797325435	0.38602017804495253	0.46058546398179323
0.15483199675915654	0.38491359008548176	0.46025441315536186
0.15383554589754658	0.38589639949746773	0.4602680546049858
0.15337702089634947	0.3852538756453477	0.46136910345830295
0.15512390230407347	0.3849429622061199	0.45993313548980674
0.15371247743923028	0.3859491870217948	0.460338335538975
0.15494697970327523	0.3847668687247973	0.4602861515719276
0.1542086470731964	0.3844242729513237	0.46136707997548
0.1537454718505808	0.3852538489621062	0.4610006791873132
0.15314909722298992	0.38562469718526887	0.4612262055917413
0.15443822536522067	0.3839307689074522	0.46163100572732724
0.1544283449262434	0.38448439255356526	0.46108726252019144
0.15413288314246656	0.3849600798221766	0.46090703703535696
0.1547960005354656	0.38465704760863517	0.46054695185589933
0.15495100226588931	0.38434319059075217	0.4607058071433586
0.15397423546959743	0.3865637838146317	0.459461980715771
0.1531372111573549	0.3863313865238504	0.46053140231879486
0.15344341381170348	0.38612871734255017	0.4604278688457465
0.15341782532690956	0.3861483621655182	0.4604338125075724
0.15426188139702546	0.38402204993581046	0.4617160686671642
0.15331269151304922	0.3861484979460314	0.4605388105409195
0.15479908929181313	0.38369180035646056	0.4615091103517265
0.15379321621041644	0.3860961160225931	0.4601106677669906
0.15331035050707514	0.3846783744313562	0.4620112750615688
0.15445004688716618	0.3843010444366585	0.4612489086761754
0.15404147704121077	0.3856593516518014	0.46029917130698794
0.1541009183983688	0.3839499716258015	0.46194910997582983
0.1539893842764539	0.38574501225758523	0.460265603465961
0.15462222627747352	0.38368608350608935	0.46169169021643724
0.15373972318785178	0.3843193961511975	0.46194088066095085
0.15337217765967243	0.3855104419720279	0.46111738036829986
0.15319264712427638	0.3855625784872045	0.4612447743885193
0.1531411224013595	0.3850863717471524	0.46177250585148827
0.15400166875936255	0.38617830495000033	0.45982002629063723
0.15385972683263283	0.3843507256071682	0.4617895475601991
0.1534748429502779	0.38493231786203874	0.46159283918768346
0.15496395148895234	0.3846813847714242	0.4603546637396236
0.1539517615754319	0.38488953203264126	0.461158706391927
0.15326924481374746	0.3862357230396327	0.4604950321466199
0.15430562456036567	0.38532422485428924	0.4603701505853452
0.1546493717488385	0.3852721247235771	0.46007850352758456
0.15463759494855775	0.3835488109979458	0.4618135940534966
0.15403599683912989	0.3863746046927563	0.459589398468114
0.15429574950527486	0.384052589526674	0.46165166096805127
0.154213674341457	0.38387664287108425	0.46190968278745886
0.15474886968694787	0.38557979992993907	0.4596713303831132
0.15349117707859455	0.38595426733931887	0.4605545555820867
0.15365507786639004	0.3855573490565004	0.46078757307710966
0.15440322818504115	0.38389406157880823	0.4617027102361507
0.15346621869091776	0.38624824317036704	0.4602855381387153
0.15497563417330665	0.3841158225799022	0.4609085432467913
0.15456078850935107	0.3857660109064071	0.4596732005842419
0.1534872017965372	0.38476984345130916	0.46174295475215377
0.15456060998119553	0.3854443293368443	0.4599950606819603
0.1533698100594827	0.38494874029794596	0.4616814496425714
0.15470403848257064	0.38578048677966453	0.45951547473776494
0.1533152515511101	0.3845440357693174	0.46214071267957263
0.1536861640758253	0.3855293715142543	0.4607844644099205
0.15498506644059662	0.3849508885948909	0.4600640449645126
0.15403394876039428	0.3856850773077181	0.4602809739318877
0.15452922306444364	0.38368823388287776	0.46178254305267874
0.15365688330231442	0.38535004375464843	0.46099307294303726
0.15439131243368667	0.3845921133056936	0.4610165742606198
0.15380328672364038	0.3851305264005294	0.46106618687583034
0.1534092700951471	0.38483726515003236	0.46175346475482065
0.15482571801419331	0.38589557243047173	0.45927870955533506
0.15395059470444727	0.38457637109860854	0.4614730341969443
0.15441476108877278	0.3842676345525008	0.46131760435872654
0.15464965128301641	0.3859848950139741	0.45936545370300963
0.15379426461744417	0.3853530587466635	0.46085267663589247
0.1538062028153908	0.3859755367256742	0.4602182604589351
0.15413080886050845	0.3849722959485366	0.46089689519095506
0.15348756807088876	0.3853226476396125	0.46118978428949886
0.15335032161333365	0.38551202407321333	0.4611376543134531
0.15484820521313514	0.38563062662529957	0.4595211681615654
0.15370022559439103	0.38599325517956884	0.46030651922604027
0.15443104676557318	0.38593094782103343	0.45963800541339356
0.15359045655315998	0.38442591165240364	0.4619836317944366
0.15398544593002628	0.3838471785567449	0.46216737551322895
0.15387381758683055	0.384426955715445	0.46169922669772456
0.15486343812918957	0.384240713026332	0.46089584884447854
0.15412463359895665	0.38388271957873243	0.46199264682231106
0.15341964992768908	0.3862388063020771	0.46034154377023395
0.15412011262524594	0.3845408356636831	0.46133905171107104
0.1534545696521162	0.38631795113375217	0.4602274792141317
0.1550629300750267	0.3840525422259412	0.4608845276990322
0.15487965651843982	0.3840092361024298	0.4611111073791305
0.15383199941792022	0.3849277272441359	0.46124027333794404
0.15340770087843514	0.3852385444477672	0.4613537546737978
0.15421385952402383	0.38640056821910085	0.45938557225687543
0.15504115910935662	0.3853034881737103	0.4596553527169332
0.15485254952404232	0.3852741624732928	0.4598732880026649
0.15377814093874376	0.3864708312885806	0.45975102777267574
0.15470459531206876	0.38590697716737143	0.45938842752055997
0.1536559468401451	0.3858092427809403	0.46053481037891475
0.1531498019739559	0.3851313459780152	0.46171885204802904
0.15474199379897308	0.3840766382745828	0.4611813679264442
0.15387402561327507	0.3861587987732649	0.4599671756134602
0.1532211752089262	0.38638365943272457	0.4603951653583494
0.15325146650128796	0.3854992860049035	0.4612492474938087
0.15318730998767482	0.384650345876254	0.46216234413607127
0.15437616139306695	0.3844133390857171	0.46121049952121607
0.15487418731889135	0.3850948878627445	0.4600309248183643
0.15365669658405695	0.386043869418876	0.4602994339970672
0.15427192618391464	0.3855809046416626	0.4601471691744229
0.15418567535408145	0.3838673009955099	0.46194702365040874
0.15447825513116165	0.3856450174644521	0.45987672740438634
0.1543928482794446	0.38621854306068004	0.4593886086598755
0.15437337492108355	0.3863056999858533	0.45932092509306327
0.1535837574168532	0.3848592902417148	0.4615569523414321
0.15498969200334717	0.38508331978160626	0.45992698821504674
0.15328428764092145	0.3857101164819058	0.46100559587717294
0.15352994176217635	0.3845410765855352	0.4619289816522886
0.15344717635992566	0.38610204466487236	0.4604507789752021
0.15485852425868255	0.38375868422920767	0.4613827915121099
0.15358299673284947	0.38570410552305034	0.4607128977441003
0.15426650442994672	0.38497355889440754	0.46075993667564585
0.15440118734311678	0.385497196543674	0.4601016161132093
0.1540354011020181	0.38614405307026556	0.4598205458277165
0.15436148909890945	0.38616117439458897	0.45947733650650174
0.15476762043906156	0.3839870677587525	0.4612453118021861
0.1534889879946156	0.38604548942121425	0.4604655225841703
0.1540566014781612	0.38491391814527526	0.46102948037656366
0.15349859552639952	0.3858804225664428	0.46062098190715783
0.1547603993592769	0.3857049448568192	0.45953465578390396
0.15383055707648785	0.38489216757694444	0.4612772753465678
0.15447775314886425	0.38533173742117577	0.4601905094299601
0.1535370083905921	0.384914037442356	0.461548954167052
0.15490299707393962	0.3840588982455502	0.4610381046805103
0.1543525639358153	0.38574707304419664	0.45990036301998816
0.15425434655230635	0.3862677190711229	0.4594779343765708
0.15351303118326975	0.3852366441565974	0.461250324660133
0.15397689174713278	0.3849240154644779	0.46109909278838945
0.15367507803100666	0.38526465259363496	0.4610602693753585
0.1535038498453939	0.3859934177421966	0.46050273241240963
0.15429217189442956	0.38554744785478445	0.46016038025078615
0.15323749414941534	0.3852758101436628	0.4614866957069219
0.15351957990375725	0.38651056212129054	0.45996985797495227
0.15350123389110243	0.3847939601293581	0.46170480597953956
0.15390925874560096	0.3845935539046369	0.46149718734976225
0.15446122469709883	0.3858116450570669	0.45972713024583445
0.1540717498568252	0.38434940723178485	0.46157884291139006
0.15503350027832322	0.38405559066447	0.4609109090572069
0.15377032168634597	0.3846576307152684	0.46157204759838577
0.15417579623322097	0.3838174083965481	0.46200679537023104
0.15471601194008616	0.3847603902002359	0.46052359785967806
0.15416976191868242	0.38484514111153684	0.46098509696978085
0.15337850624260413	0.3848243424104068	0.4617971513469892
0.1534348888389696	0.38658569220798344	0.4599794189530471
0.15346196906552848	0.38624829392283944	0.4602897370116322
0.15382498874392153	0.38448116612131655	0.461693845134762
0.15421013322341648	0.38530160006019937	0.4604882667163842
0.15381082620225506	0.38521475931040244	0.46097441448734255
0.15477620203803139	0.3856088706452544	0.45961492731671433
0.15373186622852913	0.3864619519352548	0.45980618183621624
0.1531768459918191	0.3865810133641938	0.46024214064398716
0.15476650313831097	0.38539653848770106	0.4598369583739881
0.15457996459648057	0.38433150800068744	0.4610885274028321
0.1531762892560498	0.3855341541508379	0.4612895565931124
0.15387898509045317	0.38564935591224514	0.4604716589973018
0.15350298497257192	0.3855248193803584	0.4609721956470698
0.153580407636924	0.3847021835388868	0.4617174088241893
0.15379878357750137	0.38576732077834486	0.4604338956441539
0.1544965473383532	0.3836734568189653	0.46182999584268164
0.15393165808335213	0.3864236006484968	0.45964474126815125
0.15459495624908764	0.3843675824141538	0.46103746133675866
0.1550936299384934	0.3836658404187226	0.4612405296427841
0.15439563841888512	0.38445681478841365	0.4611475467927013
0.1542366833913063	0.38573160174114346	0.46003171486755035
0.1549369965844594	0.3843079025589594	0.46075510085658133
0.15370701176291007	0.3843756613810056	0.46191732685608444
0.15327271099965906	0.38484632371983596	0.4618809652805051
0.1545001742909452	0.38609898617598054	0.4594008395330744
0.15466357395535363	0.3847359611160841	0.46060046492856244
0.15381009290581873	0.3843820049297814	0.46180790216439993
0.1538118941859601	0.38655980954097263	0.45962829627306734
0.15330278830605298	0.3865004082694569	0.4601968034244902
0.15369627689871834	0.3845271294223428	0.461776593678939
0.15478648197801775	0.38420300115202616	0.4610105168699562
0.15474767387929306	0.3844471950730059	0.46080513104770116
0.15373789116994188	0.3861467048930747	0.4601154039369836
0.15363356306229237	0.38648477767042655	0.4598816592672812
0.15389780907478864	0.384710398158181	0.4613917927670305
0.1538450882716199	0.3858564337943001	0.4602984779340801
0.15329632065273308	0.38598419515190646	0.4607194841953606
0.15453951391657356	0.38412797368701224	0.4613325123964144
0.15439387032366195	0.38585710551949537	0.4597490241568428
0.15400771554839093	0.3857507046151369	0.4602415798364723
0.1541857706810345	0.3848223790397742	0.46099185027919143
0.1540788287368012	0.3856649725478007	0.46025619871539825
0.1540391888313518	0.3841752956023508	0.46178551556629754
0.15394817088026336	0.3859511526370042	0.4601006764827325
0.15497678535443096	0.38558514445076736	0.45943807019480176
0.15347631126315342	0.38479635788162575	0.46172733085522094
0.1546770322027759	0.38382439633406207	0.46149857146316214
0.15368775725012968	0.38421009853765276	0.4621021442122176
0.15347184776606332	0.38624664713903584	0.46028150509490096
0.15440970937153992	0.3837443098879675	0.46184598074049266
0.15399224622805918	0.38402421228216965	0.4619835414897713
0.1537164905049332	0.386100314174445	0.4601831953206219
0.1549075011101803	0.3839832415300529	0.4611092573597669
0.15354696400141837	0.38561962848050046	0.4608334075180813
0.1545815867956511	0.3858772525401446	0.4595411606642044
0.15322342702515757	0.3855841933217429	0.46119237965309967
0.1536103513553146	0.385900090864676	0.4604895577800095
0.15337385485484617	0.38515121505688216	0.46147493008827184
0.15376503019153565	0.38512831791825825	0.4611066518902062
0.15490116818577007	0.3839051913616589	0.46119364045257116
0.1538219139921187	0.38421881350943043	0.46195927249845103
0.15324591372598073	0.3856918393921834	0.46106224688183606
0.15479268747128622	0.3850294081445671	0.46017790438414685
0.15320038328351449	0.3859900725360063	0.4608095441804793
0.15459176991533002	0.3849995186724292	0.4604087114122408
0.1545643507751328	0.38372365167532285	0.46171199754954445
0.15502025069112071	0.38513170235761685	0.4598480469512625
0.15424093930096888	0.38647472015981094	0.4592843405392203
0.1547728769395709	0.3838821130149778	0.4613450100454514
0.15430157858807447	0.38486375834249353	0.4608346630694321
0.15485132736058813	0.3853161799556279	0.4598324926837841
0.1542432074802555	0.38599782145572725	0.45975897106401736
0.15471571076361024	0.38469240094523727	0.4605918882911526
0.1546511799500767	0.38407943878140877	0.4612693812685147
0.15454442446377242	0.38462698498535985	0.46082859055086783
0.15479114313878223	0.38471756276864283	0.46049129409257505
0.1544402876194227	0.3838103975530171	0.4617493148275603
0.1540368532170076	0.3840073653553635	0.461955781427629
0.15399005193371418	0.3858317792930731	0.4601781687732128
0.15421396721295588	0.38378784296747925	0.461998189819565
0.1538014430790653	0.38624767368862023	0.4599508832323146
0.1536166788447928	0.38575855819881266	0.46062476295639465
0.15488753163279922	0.38462399553728255	0.4604884728299184
0.15319795270174394	0.3853169894384872	0.46148505785976895
0.15350011333836455	0.3848039185004617	0.46169596816117386
0.15324855915701974	0.38652033956568366	0.4602311012772968
0.15491314569000253	0.38431894843569936	0.4607679058742982
0.15389934553764725	0.38550669873528987	0.460593955727063
0.15372285205320504	0.3850637902414087	0.4612133577053864
0.15510680659102463	0.38464711438159194	0.46024607902738357
0.15369089826184298	0.38592346362670144	0.4603856381114557
0.15437475137610085	0.3841671642678557	0.4614580843560436
0.1541211570288612	0.3844911189869853	0.4613877239841537
0.1550525516394584	0.3836421514851902	0.4613052968753515
0.15453193339218907	0.38439813871520506	0.46106992789260604
0.15350856499635257	0.3853610827906335	0.461130352213014
0.15452783476491766	0.38589342865263593	0.4595787365824465
0.15469980300586192	0.38597833628283035	0.45932186071130787
0.15419718422614825	0.38472264212487417	0.4610801736489777
0.1546037728520988	0.3839314192379562	0.4614648079099451
0.15384773588362274	0.38491992618229764	0.4612323379340797
0.15507342097326382	0.3852894694341681	0.45963710959256826
0.15359139151390228	0.38457591800513424	0.4618326904809636
0.15448117703832784	0.3841909568149314	0.46132786614674093
0.15429001708323908	0.3862946990501059	0.45941528386665514
0.15400746378215635	0.3854889950785341	0.4605035411393096
0.15412828327949257	0.384670076300155	0.46120164042035255
0.1549007018025556	0.38398451127946304	0.46111478691798147
0.15458907886647255	0.38470337082717226	0.4607075503063553
0.1545048877566627	0.3851685093989766	0.4603266028443608
0.15492777102030073	0.38420474184080733	0.46086748713889203
0.15477062464029412	0.38393279748581266	0.46129657787389333
0.15497610645865265	0.38495853934403634	0.4600653541973111
0.15374706642600897	0.38602670515068127	0.46022622842330985
0.15383381976325675	0.3857457207426277	0.4604204594941157
0.15404816593161896	0.38398457991758683	0.4619672541507943
0.15374197056474775	0.3844573496329129	0.46180067980233946
0.15363193525381033	0.3854614843239993	0.4609065804221905
0.15389254410456796	0.38632246874715237	0.4597849871482798
0.15411298526029954	0.38410132012169546	0.4617856946180051
0.1536081489508779	0.3848772782924468	0.4615145727566754
0.15427539915089816	0.38389851899696	0.46182608185214197
0.15340557146131426	0.3857348934040047	0.4608595351346812
0.1547372529057161	0.3855587215184068	0.4597040255758772
0.15482136932034513	0.3840658535139618	0.4611127771656932
0.15373937303930824	0.3860939624113737	0.4601666645493182
0.15319579696022856	0.38467582349199114	0.4621283795477804
0.15369983657748415	0.38454319715981916	0.4617569662626968
0.15384609661326226	0.38648580572694174	0.4596680976597961
0.15414952726423298	0.3861265793371883	0.45972389339857883
0.15484317390149144	0.38412307763413683	0.46103374846437184
0.15448384040297822	0.3845203462386297	0.46099581335839224
0.15498708179563014	0.3839453650165906	0.46106755318777937
0.15355634918778016	0.3859814228978884	0.46046222791433156
0.15371083556163695	0.3853717166959684	0.46091744774239474
0.1532993070251551	0.3855321027472191	0.4611685902276259
0.15455331387365795	0.38587619730205347	0.45957048882428875
0.15473779792113232	0.38580240181457653	0.45945980026429123
0.15439133893896476	0.38445232135107477	0.4611563397099606
0.15417787606065086	0.3846323209514775	0.46118980298787177
0.15368031953230968	0.3849264730205399	0.4613932074471505
0.1547938861794253	0.3848368489491945	0.4603692648713803
0.1537272839110594	0.3862155743678818	0.46005714172105894
0.15429244983451257	0.3861746952004073	0.45953285496508023
0.15448069218047528	0.38476968182714044	0.46074962599238445
0.15343611098579976	0.3844930568515447	0.4620708321626556
0.15334307103675593	0.386087610000394	0.46056931896285025
0.15420452711347077	0.3837777223644909	0.4620177505220384
0.1532791396647264	0.3863643121975801	0.46035654813769367
0.1538126767361927	0.38486640904500535	0.46132091421880206
0.15426783827998736	0.3837811840682299	0.4619509776517829
0.15471790157426402	0.38599179744027046	0.4592903009854657
0.1544694251059	0.38561631345395425	0.45991426144014586
0.15374803494365546	0.3847343824494213	0.4615175826069233
0.15369069442864045	0.38544258787784774	0.46086671769351195
0.1533889444294098	0.38591591695477573	0.46069513861581457
0.15445142755224256	0.3851222447476778	0.46042632770007974
0.1538853664072074	0.3850236138938784	0.4610910196989143
0.15486024334693216	0.3839370636200936	0.46120269303297434
0.15420315585360572	0.38528303396635605	0.4605138101800384
0.1543811378129541	0.38548253339361155	0.46013632879343447
0.15499820185518165	0.38406259625252714	0.4609392018922914
0.15478230719934163	0.3846953341083825	0.460522358692276
0.15493744414743255	0.3855453977533318	0.45951715809923577
0.15422469760727622	0.3863084387438335	0.45946686364889033
0.15476036712646496	0.3837395469078408	0.46150008596569436
0.15465802444100854	0.38607258642357556	0.45926938913541604
0.15325349388314277	0.38517372330575594	0.46157278281110137
0.15326863443867197	0.386091563939549	0.4606398016217791
0.1547223169991414	0.38591760825159077	0.459360074749268
0.15475533267142727	0.38569296907708	0.4595516982514929
0.154995736783905	0.385068795775143	0.45993546744095204
0.1538747730328119	0.3850197010774629	0.4611055258897253
0.15442072474499013	0.3847637772118892	0.46081549804312083
0.1539894148183193	0.3860639983533195	0.4599465868283613
0.1550147181166514	0.38403828809935625	0.46094699378399245
0.1537281610235942	0.3843159439556592	0.46195589502074674
0.1545572188706682	0.38511113861794644	0.46033164251138553
0.1539465850852728	0.38655775441441076	0.45949566050031654
0.1550417543135573	0.3852525426604832	0.4597057030259596
0.15397039729265416	0.385232808824901	0.46079679388244493
0.15505136116063636	0.38552335585255343	0.4594252829868103
0.15460640200305945	0.38458330534893453	0.46081029264800616
0.15351394239992627	0.3858411523787092	0.4606449052213647
0.15472502901009294	0.3858310012032972	0.45944396978660995
0.1546048033446067	0.38541380083624316	0.4599813958191502
0.1531567021498459	0.3862338993203839	0.46060939852977034
0.15318540539235354	0.385803128620087	0.4610114659875596
0.15355956259236286	0.3860795392482147	0.4603608981594225
0.1548038525366044	0.383547954129963	0.4616481933334327
0.15459804142045022	0.38453552643196853	0.4608664321475814
0.15340176861583818	0.3853338681796602	0.46126436320450176
0.15392361800304283	0.38638426786503743	0.45969211413191985
0.15362910472323188	0.3857063869718005	0.46066450830496775
0.15423025536248747	0.3850114768934504	0.46075826774406226
0.1546356789750779	0.38437725084308466	0.46098707018183754
0.15496307418272007	0.385641109055893	0.4593958167613871
0.15317612285248805	0.3862495505200084	0.46057432662750364
0.15407732892417267	0.3856071431851734	0.460315527890654
0.1543501242004192	0.38472220072169355	0.46092767507788734
0.15466058350102074	0.38533132787432384	0.4600080886246556
0.15373548426983286	0.3851711509035874	0.46109336482657987
0.15330216793641882	0.3861694973374044	0.46052833472617694
0.1543442668592175	0.3859113839373475	0.4597443492034351
0.15328061395068243	0.3850561273814242	0.4616632586678935
0.15476652728435097	0.38423985388443077	0.46099361883121837
0.15448622278514768	0.3851579879139402	0.46035578930091225
0.1539000066363435	0.38541494516945335	0.46068504819420325
0.15330625456537023	0.3849366758066983	0.4617570696279316
0.15434095350105512	0.38413275514556405	0.46152629135338097
0.1539089600481343	0.38402421275454124	0.46206682719732456
0.1533154972224375	0.38458666846597367	0.4620978343115889
0.15509103941569716	0.384510241510376	0.460398719073927
0.1546398742840098	0.3842125880034003	0.46114753771259004
0.1550589989621423	0.3846525045020475	0.46028849653581033
0.15399179182189998	0.384641150682435	0.4613670574956652
0.1545176720395119	0.3836690958595782	0.46181323210090997
0.15418385850334324	0.3847994022391152	0.4610167392575417
0.15458041499781044	0.3841941426546978	0.46122544234749185
0.15429984095029226	0.38492131858346235	0.4607788404662455
0.1540001531686805	0.38653646274080844	0.45946338409051124
0.1534377574346569	0.3860862982893335	0.4604759442760097
0.15474611848926317	0.38421496381177966	0.46103891769895733
0.1534167061992961	0.38640956359324363	0.4601737302074604
0.15460113715680784	0.3836574356680415	0.46174142717515076
0.15342465826564025	0.3862683284498899	0.46030701328446993
0.15388874776437017	0.3850027023945988	0.4611085498410311
0.1537681668487954	0.3846095472539464	0.4616222858972583
0.15437878594841337	0.3854738023469906	0.46014741170459617
0.15423835652190532	0.3837574385885716	0.4620042048895232
0.15470110358613448	0.38419291945589956	0.46110597695796607
0.15363765087946188	0.3844966173492777	0.46186573177126056
0.15432272779197032	0.38428764192532344	0.46138963028270635
0.1547426968116988	0.38482429873593427	0.46043300445236707
0.15446538705675533	0.38472334405152125	0.4608112688917236
0.1546595379940336	0.3850522607616247	0.46028820124434183
0.15352909590992928	0.3853103895242352	0.4611605145658357
0.15346324801925318	0.38435517066570446	0.4621815813150425
0.15422237362856633	0.38600358207678137	0.4597740442946524
0.15421319768058106	0.3861974962697757	0.45958930604964343
0.15423536143635394	0.38435326691592026	0.46141137164772594
0.1535379123999246	0.38482983920130437	0.46163224839877115
0.15460434085577046	0.3851812648262127	0.460214394318017
0.15499565400777873	0.38522103924288975	0.45978330674933166
0.1541248363866396	0.38603183511121375	0.4598433285021467
0.15421733930441667	0.3847219602400148	0.4610607004555687
0.15427822398972713	0.3860635397554664	0.4596582362548066
0.15463896295431334	0.38533079101624934	0.4600302460294375
0.15396494930367627	0.3865246727496451	0.4595103779466788
0.1551238496872276	0.38532328573367336	0.45955286457909916
0.1547268514990886	0.3844902438102231	0.4607829046906884
0.15400302301632673	0.38529053192498214	0.4607064450586913
0.1543267677331695	0.386325248525174	0.45934798374165653
0.15388564667040877	0.3842006016979876	0.4619137516316038
0.1541769801841466	0.3841182630478364	0.4617047567680171
0.15453669845468238	0.38552260311788944	0.4599406984274283
0.15391838342008118	0.3860462724948527	0.46003534408506624
0.15345219462325638	0.3854461274076372	0.4611016779691066
0.15352120732890856	0.38448825928352853	0.461990533387563
0.15421278870819644	0.38550289390759085	0.4602843173842129
0.1549925827034423	0.3856185706869249	0.459388846609633
0.15490333651267507	0.38569429091653945	0.45940237257078564
0.1537528796414227	0.3851233812686228	0.46112373908995463
0.1540658007704422	0.3861080962735988	0.4598261029559591
0.15327313833171574	0.38608809591581844	0.46063876575246593
0.154638519757969	0.3851904337349804	0.46017104650705076
0.15331150598843432	0.3856502468278734	0.46103824718369235
0.15314658875383885	0.3865839156174632	0.460269495628698
0.15344769917848028	0.3844861483758392	0.4620661524456806
0.15468317079147662	0.38362690296326313	0.4616899262452604
0.15506903297255278	0.38505995418324435	0.459871012844203
0.15347563534242195	0.3857078524188406	0.46081651223873754
0.15508788485784197	0.3844314760172132	0.4604806391249449
0.15316107703192997	0.38543003428578676	0.46140888868228336
0.15399696890100262	0.38563372614361285	0.46036930495538464
0.15412878246902992	0.38625960785672836	0.45961160967424186
0.154269195172999	0.3850152884902057	0.4607155163367954
0.1549831383941589	0.38441790498141976	0.46059895662442146
0.1546053342114731	0.3852277931702171	0.4601668726183099
0.15476670852105623	0.3844131922408254	0.4608200992381185
0.15486833522201454	0.3846971488031844	0.4604345159748012
0.1536130420030215	0.3861140349707238	0.4602729230262548
0.15387663033136273	0.38487322347748926	0.4612501461911481
0.15496235415603032	0.3856781091532485	0.45935953669072127
0.15327443163067184	0.3854892750643117	0.4612362933050166
0.1536821599454687	0.38570985467589525	0.4606079853786361
0.15485565870238086	0.38425000774585905	0.4608943335517602
0.15478644445240447	0.38485010883367504	0.4603634467139206
0.1548738264698082	0.3845750524147247	0.4605511211154672
0.15393368416022965	0.38570737143900496	0.4603589444007655
0.15371908609432777	0.3856986731073362	0.4605822407983362
0.15378762974685023	0.38562902588569276	0.4605833443674572
0.15370195591715846	0.38583384817298105	0.46046419590986054
0.15385483093242563	0.3860368469746822	0.4601083220928923
0.15426965878419602	0.384938820867133	0.4607915203486711
0.15402729126624146	0.38529696403449537	0.4606757446992633
0.15320108132853166	0.3856853608516488	0.46111355781981966
0.15474827067574332	0.3837566111149019	0.4614951182093549
0.15397528952188194	0.3839038966801789	0.46212081379793923
0.15370582839908334	0.38428710537002875	0.46200706623088805
0.15360004060856292	0.38439428889631755	0.46200567049511965
0.15499550623401792	0.3842652522767196	0.46073924148926265
0.15328827308895288	0.38501194041035247	0.46169978650069476
0.1532189202321515	0.3857128835332789	0.4610681962345696
0.15321666613322332	0.38511261144053544	0.46167072242624135
0.15453091393810994	0.38430956494248936	0.46115952111940084
0.1540438172550216	0.3845011528700429	0.4614550298749357
0.15482874463829818	0.3853610412170512	0.45981021414465073
0.1539942399708112	0.38507906005352893	0.46092669997566005
0.15330470554339576	0.38488833342279666	0.4618069610338077
0.15354891468377319	0.3865608786184875	0.4598902066977395
0.1549662949744297	0.3854877135206119	0.45954599150495856
0.15449729950400032	0.3845936962866178	0.46090900420938197
0.15417900938008544	0.3848840926058108	0.46093689801410387
0.15392365150550352	0.385484281662333	0.46059206683216364
0.15357359828838724	0.38597637914615546	0.4604500225654574
0.15496801973959815	0.3837156315906812	0.46131634866972077
0.15372547102975087	0.38420021107352814	0.46207431789672115
0.15374482558244185	0.38406769976334715	0.4621874746542111
0.1535656968075267	0.38619136960619616	0.46024293358627727
0.15483405651365523	0.3842951651364165	0.46087077834992846
0.15501827127710652	0.3837313284980276	0.46125040022486596
0.15465159563462766	0.3853522677954977	0.4599961365698748
0.15440135375377143	0.38468588606152637	0.46091276018470234
0.15330265033955043	0.3851851165324057	0.4615122331280439
0.15497585684828957	0.38558875271291243	0.4594353904387981
0.1539406677469345	0.3859664714543984	0.46009286079866724
0.15350522759071722	0.38495714508084483	0.46153762732843806
0.15436982619582562	0.3855101146282086	0.4601200591759658
0.15364526891889496	0.38652071124461723	0.4598340198364879
0.15485277965641303	0.38509423436224455	0.4600529859813426
0.15343860409758164	0.38455815667752463	0.46200323922489384
0.15396237627511855	0.38542975729816314	0.46060786642671847
0.15348447710698587	0.384779808841846	0.46173571405116826
0.1547552995524213	0.38482674800119177	0.46041795244638706
0.15496892702519877	0.38419835296317967	0.4608327200116217
0.15441532582316275	0.3863042933482253	0.4592803808286121
0.15457209246584808	0.38516034146899714	0.46026756606515484
0.15381194605965492	0.3841599923455138	0.46202806159483134
0.15505417384712694	0.38538990366631776	0.45955592248655547
0.15398916965907042	0.3844040205968452	0.4616068097440845
0.15342569233058428	0.3864788442653625	0.4600954634040534
0.15405248646786948	0.38650962213597156	0.4594378913961591
0.15394298888121882	0.38555715350416886	0.46049985761461243
0.15426910760780158	0.38594884569992804	0.4597820466922705
0.15498165712161416	0.3851398132825952	0.45987852959579073
0.15435360723484226	0.3856174746536235	0.46002891811153435
0.1535162603218932	0.38569904556724016	0.4607846941108668
0.15449239609979204	0.38513612183971435	0.4603714820604938
0.1548474224260662	0.38403253915965274	0.4611200384142812
0.15319962650604738	0.3846391361547574	0.46216123733919534
0.15403673438168863	0.3845615983219501	0.46140166729636145
0.15499731870179317	0.3849640940423056	0.4600385872559014
0.1545651949008362	0.38484641526034974	0.46058838983881417
0.15338294774142402	0.38447590702405604	0.46214114523452005
0.15334450064525043	0.3847087266685485	0.46194677268620116
0.15493406694731732	0.3856674875220966	0.4593984455305862
0.15478269934705965	0.38522776506409756	0.45998953558884287
0.15426832877474644	0.3861344281829908	0.4595972430422628
0.15382901344138894	0.38605680406588255	0.4601141824927286
0.15417151790916928	0.38637695529764704	0.4594515267931838
0.1541904330700441	0.3839274776573043	0.46188208927265173
0.15359737709372379	0.38565494105812564	0.4607476818481506
0.15435459736569446	0.3863605542941974	0.45928484834010824
0.1537473971750198	0.3853811226171202	0.4608714802078601
0.15443024655611864	0.3842803764411964	0.4612893770026851
0.1550047756045662	0.3842909588511797	0.46070426554425425
0.1541388579337833	0.3852306642793844	0.4606304777868324
0.15446099154556375	0.38465923860158585	0.4608797698528505
0.1546400149851541	0.3851279655703512	0.4602320194444949
0.15366715215582663	0.38470121965748977	0.4616316281866837
0.1536736779928567	0.38554154534737894	0.4607847766597645
0.15489474603160264	0.38369520293662523	0.46141005103177224
0.15423557400363191	0.3840859179132469	0.4616785080831213
0.15430217296754112	0.385635849722559	0.4600619773099
0.15480675827968304	0.38510999862933215	0.4600832430909849
0.15432570052665462	0.38423919731947515	0.4614351021538704
0.1540115606338175	0.38590806601227345	0.46008037335390917
0.15346038168117704	0.3844325420284962	0.4621070762903269
0.15414522160332075	0.38652668177800975	0.4593280966186696
0.15321205751538997	0.3858482425335565	0.46093969995105366
0.15435654907990404	0.3847650742495538	0.4608783766705423
0.15410773164491182	0.38443481147829883	0.46145745687678946
0.1535163023313025	0.3853393673963537	0.4611443302723439
0.15482931309359343	0.3835477496946551	0.4616229372117516
0.15484212618034215	0.3855581506010434	0.45959972321861453
0.1542132929478863	0.38640958056760316	0.4593771264845107
0.15357088514203243	0.38433508193808724	0.46209403291988044
0.15451275514663582	0.3856243651649225	0.45986287968844186
