0.33151150539107854	0.03788553418414997	0.12941092009105482	0.09749095094244367	0.03986717119546124	0.07772851089201865	0.15421784373604758	0.13188756356774511
0.2652271341600029	0.06156754092950442	0.13458333401349395	0.09934902056072692	0.06991547855606658	0.08232167538339497	0.1869076133361133	0.10012820306069663
0.1741387803731212	0.045327028846768896	0.22538703360819595	0.12840499855234389	0.04798347193523669	0.10702700223446714	0.1880209567972012	0.08371072765266489
0.1750363169572675	0.056065490726151385	0.20675987724453965	0.11194481764221122	0.08498555181766457	0.08743174085103755	0.1874839444103371	0.09029226035079085
0.22313592078641353	0.05755353525797932	0.17016298022664644	0.12315134260344604	0.05248957806356008	0.08829652473565011	0.16980986456122943	0.1154002537650748
0.2483966213835003	0.03587284182972489	0.21287272678397728	0.1071124719867341	0.04490543176480123	0.06974823907102326	0.1567938771925812	0.12429778998765754
0.2605689742504746	0.048675472123263244	0.1753329874552556	0.10756987944827698	0.06060214125523965	0.0996417229901079	0.16383861357849833	0.08377020889888345
0.3763851399228523	0.034561890003761336	0.14080002157142626	0.0853363360017064	0.05839169969168978	0.07829310398385914	0.1502596726231652	0.07597213620153934
0.21610129531023647	0.057519051570815716	0.22955807006168794	0.12481540019072837	0.06332919373304957	0.08809978962394008	0.1407240102580399	0.07985318925150167
0.19737056405846182	0.036798022868220065	0.15743090558551087	0.09123477369030605	0.07075100528248521	0.09747955662718036	0.20036693102931397	0.14856824085852144
0.26782524320022116	0.05921676183952346	0.18236312577346134	0.13003290629844957	0.04343742680172469	0.06017182680398046	0.16145794985977635	0.09549475942286267
0.07246045419253787	0.04273192635661191	0.2238851620007976	0.13739843674575322	0.06489868652994932	0.09978188931207849	0.21332115062653062	0.14552229423574076
0.2443883794690307	0.04100147353880712	0.13168092388819735	0.12756881604300566	0.07151053665028294	0.08543394441656935	0.1583274970910018	0.14008842890310483
0.2536218268360092	0.05041829689339311	0.1291554996115917	0.11212637422991142	0.055498699124771705	0.1064338857324627	0.16780744926772068	0.12493796830413924
0.3294432114755703	0.04288073589499272	0.16355036351633195	0.10086244879771677	0.06456144000121367	0.05576593769561519	0.14893612941560908	0.09399973320294996
0.10894970240655659	0.061571836615753925	0.21958143595827756	0.13782750552468181	0.06719029472254745	0.08341567508521017	0.20939283443855294	0.11207071524841936
0.10034526345817514	0.056209149672910255	0.21786591436539077	0.1293762428178872	0.08445925973343671	0.06636535126621662	0.2240614988401517	0.12131731984583143
0.21089199068475323	0.047439883033440794	0.16963448129930406	0.11432623377161753	0.05938790001103866	0.08037968104029244	0.19246566295646383	0.12547416720308924
0.11270748733105525	0.05715310913038038	0.2319841240464986	0.10924835029801476	0.08544229686785204	0.07566090166413704	0.1809594193220853	0.14684431133997644
0.1057514124949619	0.03585423766846717	0.18358350310950056	0.1325989809787664	0.09008004269545664	0.10114375316414687	0.22220969796361684	0.12877837192508343
0.2584308365587764	0.04862093624323527	0.17122665000829068	0.12126173163309839	0.08388019992307749	0.06060796555467034	0.15938788383655658	0.09658379624229452
0.23139169294178308	0.0542272303727768	0.18274613557884892	0.12691920429917178	0.04165411924792488	0.055330572061830466	0.18348520240202879	0.12424584309563505
0.27219891840261595	0.04408654081100115	0.13294171803447627	0.11372773756340276	0.04143169145391176	0.0653486231941493	0.20646981531324807	0.12379495522719447
0.217475309391615	0.05255784004951605	0.19121060717779625	0.10144841115257114	0.041783019116002906	0.10144419703214816	0.21301359883658944	0.08106701724376078
0.12197214026904572	0.06344040501113829	0.19631449376519503	0.13600867930972982	0.07741195215294086	0.08786041655592183	0.20051823114620676	0.11647368178982148
0.30581060318000053	0.03440410176971853	0.13589839725136937	0.10502728979435967	0.07427430650920969	0.09042333785331558	0.17306373842366224	0.08109822521836413
0.1724309147518242	0.05375327862798808	0.1838508867195326	0.09401097273707801	0.08729802819201476	0.10136011868838185	0.20947788843765575	0.09781791184552449
0.22862340407946474	0.03911291744802478	0.1521688921381991	0.1370742133449322	0.07696211744962358	0.08007094260954208	0.14755705180522488	0.13843046112498836
0.17233374184012057	0.05567405037239413	0.2005338428265707	0.08520350516602922	0.08465454455671409	0.056043485963302386	0.19734885896487342	0.1482079703099953
0.19315025552529447	0.050178538208686035	0.171454909797205	0.12489268880608602	0.07796868524559727	0.1041433943287777	0.17476070614953787	0.10345082193881533
0.21262498889089704	0.06256675178621202	0.2208684353253031	0.101824531454732	0.05716577449903114	0.08650936537489234	0.14952016309009336	0.10891998957883875
0.2734215084655732	0.03355631043074578	0.15334885051835864	0.08883214747872226	0.04301381589420303	0.10503261966177561	0.1536175710409518	0.14917717650966944
0.23381746105135776	0.045981855953469916	0.17164568324150928	0.1358669775342005	0.06473839233335318	0.07610439771596061	0.1534625767170299	0.11838265545311863
0.2634947274309902	0.04498334144010066	0.18665950867956563	0.11317618166604393	0.05080765771611008	0.08113550806684271	0.18318215226123957	0.07656092273910692
0.24766516063724764	0.04425199078084238	0.19020697807991477	0.10553214285338453	0.03855606432945788	0.06127883938268994	0.18380034137885143	0.1287084825576112
0.23206702790384004	0.057169942576778904	0.2177655361281419	0.11926771514924217	0.0404759240622416	0.06426605784317153	0.1410214875692857	0.12796630876729792
0.18766943664369926	0.06238107598378212	0.1882877953346514	0.13586620203934566	0.07422537934696097	0.08954215997549414	0.14656861979694497	0.11545933087912123
0.1463353676289553	0.03441763425316528	0.22514878860656726	0.10177291678425543	0.07968865730225867	0.09610121707759983	0.1861211503763392	0.1304142679708588
0.1256011206717505	0.03355435266560819	0.2309750037635047	0.09373440798942427	0.0814558567273932	0.10063031981957152	0.1874233808000626	0.1466255575626848
0.2524171301217153	0.045555112878781764	0.1502066582663009	0.10141486999443566	0.07104661007387929	0.05528019458238781	0.2172262895800563	0.10685313450244277
0.2373327498267076	0.05486606029029528	0.22026949153550324	0.09326442084195741	0.03896252128851234	0.0875624837265091	0.18604924883432197	0.08169302365619287
0.15790197015002877	0.044982134125570894	0.18352279729069704	0.11541733474244154	0.061065099462501535	0.08461419891317959	0.20558014835153077	0.1469163169640496
0.24385085539577772	0.0358748029719899	0.15551975247219468	0.12809319217993234	0.03947908365523943	0.08732873630749584	0.20586962620991645	0.10398395080745342
0.21810883230579736	0.05506627289362637	0.16058097556106105	0.08544843026121512	0.046717772833429635	0.08423546334180178	0.21717886688516536	0.13266338591790308
0.2788453372771308	0.03886067870266538	0.16761506764584175	0.08636723929844631	0.06358355078269101	0.07509922652788287	0.14113879409819408	0.14849010566714754
0.3246093510779059	0.034119184240205935	0.15333611490926613	0.09273460927213836	0.07550336272311264	0.05924037410139661	0.1783229835609595	0.08213402011501467
0.28228279526010563	0.04740627332964727	0.16291413397644086	0.12873808181281038	0.04696625053850066	0.05999049492826998	0.1625054486427851	0.10919652151143977
0.1956012669090692	0.05876113931247716	0.2035571888764616	0.0861518930181625	0.0731116035956181	0.06763255723220998	0.177820138101358	0.13736421295464324
0.10781126374924908	0.052242339034514154	0.20994466205194579	0.13878779115984866	0.06159545117373269	0.0877953020558648	0.19674826780308263	0.14507492297176194
0.23112213253278574	0.03323410610976879	0.1964409043399446	0.11059361607488606	0.04687906679112905	0.09758270715563146	0.14075126756918474	0.14339619942666934
0.27341795660760915	0.0331311922210548	0.2244666015312768	0.11067599846605972	0.046838121980718725	0.06393440189460098	0.13654643637713712	0.1109892909215425
0.20339979410815012	0.042768229240866776	0.2197069320532189	0.0978181285593544	0.0713090067399221	0.050902570554134136	0.1850382721209175	0.1290570666234358
0.143670490240109	0.03738282627073321	0.20306269477474742	0.11392248336918664	0.06891869917844362	0.08723395702827849	0.21711156202538612	0.1286972871131153
0.20333131211867955	0.047523524168866724	0.17424693413891995	0.1122702432126323	0.05612145519456507	0.06662012038794247	0.21537399880196717	0.12451241197642648
0.2926691871557644	0.03814076966910576	0.1493196668008715	0.08625272761975289	0.08140051068569437	0.05834478826883749	0.20888427627652134	0.08498807352345192
0.1472243737081583	0.05038105728995533	0.20438550453834448	0.1273221774620381	0.054286562132847174	0.10475772667093797	0.1736054011725834	0.13803719702513498
0.2016015865548562	0.05531782052925088	0.14515421640829246	0.12888176990310568	0.06831987877728665	0.09862699654740428	0.1929219489248629	0.10917578235494074
0.18666511996023166	0.0448924998505188	0.2124454412763982	0.11322926016641309	0.07082080890709164	0.06106504222118071	0.18908584494917013	0.12179598266899563
0.2980852434407256	0.03325550985265725	0.16679511301270228	0.09335416704297207	0.06025118497190199	0.07212151473515978	0.19096585370697422	0.0851714132369065
0.249047023298744	0.04185503874272557	0.15677688032993192	0.10730486288645688	0.08790377673294691	0.09442091713671869	0.14501461441750108	0.11767688645497468
0.18145371738189198	0.04359213665663554	0.1747972053272307	0.09273291876735432	0.06097082735553612	0.09428523448266567	0.20907674212951516	0.1430912178991703
0.29803186267758625	0.04063413295263263	0.22259709989462562	0.1028120176255102	0.0607995574675087	0.0566181816832112	0.14024158702520556	0.07826556067371962
0.23834235317223412	0.056376403091708494	0.20844070994966868	0.13847252209022906	0.04075284175677958	0.06592920685249676	0.14074336879247923	0.11094259429440384
0.21641836595642697	0.047190679624733556	0.1557041596240387	0.11947432063327205	0.08383932578935596	0.09643688794299768	0.16349965822956797	0.11743660219960686
0.30649708160055367	0.053050117808622385	0.1415101358558212	0.11646904623227863	0.057284566903638465	0.06022817170398838	0.16406266907245598	0.10089821082264103
0.2841992436595968	0.04219455650478521	0.18780394483279284	0.10281530024448854	0.04270218020510057	0.09454450937416274	0.14161930946764084	0.10412095571143223
0.20169380669150958	0.050053802867496916	0.22119645700928733	0.0938135866191824	0.059494710984775545	0.10306451484639062	0.1902935095537145	0.08038961142764284
0.13195706328384116	0.05796865315165098	0.19133202471875432	0.11594772306594305	0.08518981434559789	0.06385851562417755	0.22361525775146235	0.1301309480585725
0.22002034193138753	0.04614696714101196	0.2230035794259064	0.133180616651718	0.03944723024706023	0.051768279647098556	0.13851514254321928	0.1479178424125978
0.24351983008000808	0.04538717717197649	0.1480506008177072	0.10589637954208242	0.05718186128940263	0.1060993590602444	0.18018235039841812	0.11368244164016038
0.2086209270753953	0.03926973277832099	0.2092249593635009	0.1124774935860306	0.05379765728628941	0.09544290932794139	0.17407751480122904	0.10708880578129214
0.16644411887516636	0.056623331985740225	0.15807469470920762	0.11843343192266753	0.08772625630716435	0.08538681672328272	0.19963869682564514	0.1276726526511258
0.20336880456005202	0.052535316907847046	0.15986622109006804	0.13224764045791237	0.07097516455648122	0.08066688880685924	0.15745563305832422	0.1428843305624556
0.26181035329021696	0.03374723711411175	0.18296610689317416	0.13024615054871633	0.054186588821868956	0.05748532559828519	0.17122856630742167	0.10832967142620475
0.19634755726169056	0.041418141827739036	0.14651146769197038	0.1287644845125852	0.08619668585506056	0.09165545908497759	0.17530063874023677	0.13380556502573965
0.24276926596015294	0.06320061067406878	0.20862419127680043	0.12737540687162316	0.039659664491314986	0.08678738636354867	0.13974091050877976	0.09184256385371102
0.23804223911455424	0.0377127231968738	0.155906392781986	0.10220703849738762	0.07257686719704604	0.10028029423560775	0.17237051676762807	0.12090392820891624
0.2420206937608825	0.0537618820349304	0.1675413263286627	0.13533175113344761	0.07545040192241631	0.06436885674955635	0.15172589012994084	0.10979919794016305
0.21219194707737932	0.04318738058757994	0.17036020585292316	0.11637577543887706	0.041960983256613085	0.10100630545351733	0.21057568240592345	0.10434171992718641
0.21503811010888446	0.03549200425888541	0.23158634547661494	0.12018332882230624	0.03835319337790177	0.09148645658692706	0.15190204786274508	0.1159585135057348
0.24021372332128377	0.060977934766105815	0.21735203317217958	0.11391415872154269	0.052143540822240916	0.05964749693871381	0.1436658520697055	0.11208526018822769
0.2566549147256466	0.04495482711899511	0.22400620514204472	0.10354244429256648	0.046312110763461964	0.08827280957295919	0.1475166573710541	0.08874003101327153
0.2790673603625819	0.033110803277992915	0.14417291761894363	0.11733580105850615	0.0821282691098744	0.06788344256881013	0.1386454590670406	0.13765594693624997
0.23042659676534963	0.0493797933314712	0.13589453813993826	0.13184871256161904	0.07438222268786644	0.0978420657344991	0.18968241748328074	0.09054365329597534
0.23882881383125065	0.05023783421381821	0.22999070577236522	0.10741053047055221	0.07173970482573966	0.05655180554393509	0.16802510396304876	0.07721550137928995
0.24196456181338286	0.03501087612204554	0.18952299792616994	0.11871373891229431	0.05903284377025922	0.10471860620746173	0.1674054724740362	0.08363090277435001
0.22827080247001938	0.05585653281689858	0.22338183635063968	0.10186350395398391	0.04643985981790458	0.07611356289551152	0.16038962203900792	0.1076842796560342
0.18484958974869584	0.04790504072924706	0.13437927520708134	0.1387784063517037	0.04790863591128203	0.08766087227968125	0.22559280574831755	0.13292537402399102
0.24065107980792794	0.06190243554594452	0.17809343788517432	0.1083983016530409	0.04101498067181013	0.10138212576658831	0.14161095736724907	0.12694668130226455
0.19667951767465705	0.05363495205022015	0.176018107134333	0.12864956338868005	0.0437997414136196	0.07481642863139595	0.21348455132936503	0.1129171383777289
0.10388430977184936	0.03819171684158848	0.22274462819890312	0.1377527118036652	0.07590663487224507	0.0638141927625866	0.21375543800672345	0.1439503677424385
0.359984061905606	0.03483924219881217	0.1283030077960722	0.09985276037614435	0.047372882142090095	0.10442699378631329	0.13776020538717482	0.08746084640778684
0.16535893489771328	0.04680811668644601	0.17058244916325316	0.12762913527684627	0.08387994187779114	0.08669201516552381	0.21790695488762282	0.10114245204480327
0.23407366976418031	0.06148259026619529	0.19665148678963373	0.08837010219150324	0.06494563626802458	0.08275711860433063	0.1836335253968976	0.0880858707192343
0.16790264477041503	0.05057855557485855	0.21731665113975074	0.08536259161124754	0.04293107693468928	0.0856112003195703	0.209710417456996	0.14058686219247232
0.20234381216221642	0.037017998335588026	0.16055332193698768	0.10662034706854633	0.06330734228439489	0.1078558672650713	0.184703810671293	0.1375975002759021
0.21212444802078045	0.03884399312197431	0.1714023570620276	0.10734468619128032	0.04607676366022255	0.07834409564221077	0.2258813330249669	0.11998232327653688
0.3311573842966892	0.05447237776699365	0.15309646428177998	0.11155203574242803	0.04321484692108675	0.05048597704705336	0.15561058569317626	0.10041032825079249
0.2048707612386788	0.039164128771656787	0.23012732458439333	0.13271236885856638	0.07297782038549555	0.08336650115356477	0.1393672026461883	0.09741389236145584
0.25233658034782114	0.044701748385255924	0.21956501252765592	0.11887616704569713	0.06497056732158754	0.06473743190647611	0.14705741978906672	0.08775507267643924
0.18587216392888772	0.05108674864917534	0.22361924100971536	0.12089336414238698	0.03858871491012157	0.0757346497685793	0.16179184655665907	0.14241327103447443
0.2212553891695665	0.05295177288269563	0.14843953260302245	0.12361289045101387	0.07105346040142459	0.10258404869333954	0.14173855200178612	0.1383643537971511
0.18237841264977253	0.04758657594094126	0.1500805624208614	0.13287982396739786	0.06659467913926305	0.08530269163983631	0.19009020356401152	0.14508705067791583
0.3066279494914995	0.05167367990601733	0.1335629149575822	0.10504669694117424	0.046340091371294606	0.08038178074509467	0.15884057274022828	0.11752631384710888
0.18799320023028515	0.037163136674942684	0.2039066100060858	0.10244367157832104	0.060368506963453195	0.09863769101546438	0.2264065775215123	0.08308060600993522
0.27501716707852136	0.0569767307796558	0.15874243351912007	0.13398332510816036	0.03819768851092571	0.07714598308074075	0.146910602667272	0.11302606925560368
0.2035434124626993	0.04523477187178694	0.15998408450166743	0.13736894651632847	0.048221316297533914	0.0554961503106606	0.20315582811095578	0.1469954899283673
0.26141829941748335	0.06147393149282275	0.1650072288643986	0.11855525135768899	0.0506456854941819	0.058740761671269306	0.18245139722396997	0.1017074444781849
0.27606372508605315	0.04786851621193776	0.21141549196421916	0.09961396105255402	0.052732383409068814	0.054366263316236924	0.1562726724242132	0.10166698653571679
0.2700647935785326	0.0558840390398172	0.20286995132907712	0.1140015016271236	0.03894758394413045	0.08499479722526737	0.139187089275937	0.09405024398011441
0.2421501896769501	0.04512571713357179	0.1318945056329474	0.11607063956459962	0.05317076292856379	0.09516298939425945	0.21968675921566708	0.09673843645344053
0.26743071019428666	0.039274755060198036	0.19532183524633612	0.11314549899782425	0.03874981022809347	0.09569627943766723	0.16944289020656028	0.08093822062903369
0.05854605920120193	0.054421937241728266	0.22678394814335529	0.13556372161449276	0.07496557856074523	0.0807574714461692	0.2250118927376395	0.14394939105466764
0.2738793371470961	0.058327195221850606	0.18233136495810695	0.12788168091073993	0.038603830429799965	0.08735159103868476	0.14910642419944092	0.08251857609428055
0.27795939546998966	0.05526461759310784	0.17520615271883583	0.13313864590416313	0.03825441674048431	0.058605229423560654	0.14447173288615384	0.11709980926370445
0.2772226634471173	0.05566317506804527	0.14205089383940775	0.12981771062151612	0.059498585615803706	0.08884096264228551	0.15029962797025057	0.09660638079557352
0.2661217821091113	0.06341824310705	0.19141857275196608	0.09922301201458239	0.04331707019171692	0.05921840232876767	0.1940778754919587	0.08320504200484664
0.218044807024796	0.04083540586794905	0.15792801995591216	0.09665342855870121	0.08292447516278037	0.09549048983676858	0.1669544850271908	0.14116888856590157
0.2855659128928967	0.03606700123249003	0.13249122506568742	0.09322867922572306	0.05741338437907802	0.0595088031244882	0.216800935404437	0.11892405867519931
0.15168989156876708	0.052380887579554364	0.1827123927664726	0.13347054968024208	0.08971482970379313	0.1015030139850553	0.1808154640501636	0.10771297066595159
0.189701511968423	0.04779652906768919	0.2118517555592807	0.1174905668620759	0.04578267451062876	0.096083208824263	0.19731621762963442	0.0939775355780048
0.1458383304292806	0.041256802865015235	0.21097735275113783	0.10816135875638341	0.06145289602452596	0.10087741886477936	0.21049032901228454	0.12094551129659285
0.32591024811778313	0.03469512601037693	0.15550015043110396	0.10083333218809976	0.04439282843917683	0.0677709556933741	0.15448764656114927	0.1164097125589357
0.2265445453968963	0.05712446147592673	0.2100890747995235	0.09420537306896327	0.05857424175582661	0.06533238093589547	0.1801429909597459	0.10798693160722199
0.18813861550379118	0.04948057822951485	0.1614363999062528	0.09224581526621804	0.07515344388912948	0.1004318177810557	0.2200548668494824	0.11305846257455532
0.1661987345628918	0.056319244789344	0.2152379963936967	0.0929190004484816	0.08230811932885887	0.0899163883543776	0.19628032797833828	0.10082018814401095
0.14454342485742813	0.03446971687159066	0.23187184816505751	0.10091800634172292	0.0729907839956992	0.07931201008787898	0.20728423471611895	0.12860997496450344
0.1514349055669153	0.0341266426519473	0.20000838394935733	0.12358341318553409	0.06370850908986633	0.07886105782667867	0.2082116371958122	0.14006545053388852
0.24294963968020059	0.04414537418488024	0.19167229343125144	0.11997206722889096	0.0684892319985144	0.0533231965090611	0.18097591785585682	0.09847227911134421
0.24925914660680942	0.056265400276242813	0.12970770262830267	0.09851482939387467	0.07503312267758917	0.10443227798630551	0.14732958480119357	0.13945793562968195
0.28933214737577895	0.04621673753715304	0.14077905863008208	0.09740124687270246	0.08835281168226317	0.06824930944213924	0.17529570040621778	0.09437298805366295
0.1302089070611612	0.042365446067532564	0.2259813106250107	0.13265690265543284	0.0666940119717504	0.05346335937507224	0.2100844144399042	0.13854564780413564
0.17005220559792966	0.048748372122540365	0.16545692541710028	0.12229384179781616	0.07116802417060716	0.10280573558508167	0.17472078207248806	0.14475411323643642
0.217049428986115	0.05419756566605226	0.1745563439387095	0.12675875060158906	0.06149922488002389	0.0796983565846312	0.19772989057371343	0.08851043876916537
0.2663324503791067	0.04448242724010146	0.14687525497731765	0.10311986077978146	0.07026597902600586	0.07643172207274992	0.19210691017761644	0.10038539534732027
0.11122569039863789	0.04355780590492095	0.22847384876021748	0.13800747886971543	0.09074609434071179	0.100446362852841	0.14436860389945058	0.14317411497350463
0.20469119418250703	0.05158854978415772	0.1723681591232718	0.10011641152951047	0.0731776931442449	0.07546324276468866	0.19205338617892703	0.13054136329269214
0.2870250887111057	0.03593485985036092	0.13505932425123052	0.1194017176699816	0.05611510882034765	0.07176268931881466	0.17237132211180559	0.12232988926635308
0.2589188799260067	0.052507330760476145	0.16491031318388727	0.11374914002072334	0.06549109130036995	0.05283813757821683	0.2013909148462344	0.09019419238408509
0.16636280545757898	0.043741663580076084	0.20158185238835302	0.09900863342954065	0.08585412765925299	0.08030709345073278	0.19538823444393622	0.12775558959052902
0.23863033485414378	0.041499071106774435	0.21266199654957674	0.10070729993588076	0.06691173982531821	0.07268299117703073	0.17523683270356635	0.09166973384770878
0.22824682647860153	0.05794241990978406	0.1711397514821149	0.13396990324503835	0.06978301905725096	0.06402352349913046	0.17649879538766958	0.09839576094040986
0.2191881343898356	0.04107586215790736	0.13584989007603626	0.1372551139602288	0.08841920965232004	0.10225818996659936	0.13638624321610934	0.13956735658096295
0.28034141773373067	0.03754031454504447	0.1399074822676844	0.12960352321357832	0.08326423835235613	0.05397076385359055	0.18864303568316493	0.08672922435085029
0.22816109666293233	0.03479667028569866	0.13249919207500335	0.1387742925136192	0.09084296050662724	0.07548640370576104	0.21282329770764474	0.08661608654271324
0.2316953619302271	0.04396199353843824	0.18771554771287025	0.12148925227023251	0.06139174096203805	0.0565512059238083	0.18828237176107604	0.10891252590130926
0.1865120619869027	0.04651207548832223	0.22157578319088106	0.1155752063545499	0.07133991124019226	0.08819563319644301	0.13629987439740862	0.1339894541453
0.25339811402101164	0.05553572581468126	0.19607429103503282	0.09125060590844258	0.07110777596399408	0.10078994809772851	0.1524712810151655	0.07937225814394337
0.18464026557408397	0.059017894770076865	0.2041490163005824	0.12668539980257873	0.06014540828550115	0.07621381333074959	0.20537576273483327	0.0837724392015938
0.19672855228626895	0.056896191857671696	0.14837393859773887	0.13266418101852823	0.06567584915430139	0.07286495199954585	0.18240269698482092	0.14439363810112385
0.21957485327090834	0.03758333474017059	0.21740927066070598	0.08540248613786539	0.08609420805332822	0.06227379837546056	0.18399646755992768	0.10766558120163296
0.14416895555052886	0.055383040932414626	0.2081793223302941	0.09023520021341962	0.08607062709379004	0.08395536237154681	0.195525400523497	0.13648209098450867
0.16814721065643673	0.035572309101030375	0.19712722802637955	0.1158502878616815	0.07307009726465236	0.09567404451513856	0.2127606847497877	0.10179813782489301
0.32446199538316345	0.039823919920457	0.13025302879325718	0.09461987874686761	0.07870513278025787	0.054674047133555864	0.14576087407298546	0.1317011231694553
0.2727194027928236	0.060919213934343075	0.13998325240676485	0.10676716396568271	0.04269699129897417	0.09128615970661996	0.17669872516256196	0.10892909073222946
0.21623397387519538	0.04442906932261241	0.1791402548345979	0.09638859422721781	0.057316027336721906	0.1035176883163989	0.1795770170114513	0.12339737507580413
0.28549087378426297	0.053934898681779794	0.1462141550506283	0.13787638694954976	0.03848119008662766	0.06079410517738318	0.19203610140252309	0.08517228886724496
0.171095802821291	0.06340887553471972	0.20738122651658453	0.1318103602766825	0.05096334412288703	0.09997907316084266	0.13616009612971416	0.1392012214372782
0.2630853958884105	0.054666420397318866	0.12809734003550916	0.09021025487054454	0.0735312265076751	0.05357279687207024	0.2051403134759863	0.13169625195248505
0.2843662470688184	0.04065383692396016	0.17979214474173777	0.11900146497384924	0.06003397087442103	0.06186507761265703	0.13885191980764267	0.11543533799691343
0.18916269590814178	0.06281177399845098	0.18192809414309982	0.08940591335676301	0.06690294232475535	0.10594308576605888	0.2068516452485579	0.09699384925417207
0.32190993340158336	0.05487704330447324	0.14751363614591614	0.09060237063290871	0.04443499858373812	0.06840833219209491	0.1762672986389196	0.0959863871003657
0.1935115279912195	0.04457795553754143	0.15799360403885662	0.12818003470339873	0.0672790348651327	0.07513903989409762	0.19709799244142706	0.13622081052832605
0.16480958425819572	0.04310735665244243	0.22148366494090174	0.13661655342836557	0.05979517045298932	0.050521438149176354	0.21859548866130302	0.10507074345662562
0.28136150622941747	0.03515416780305303	0.13441159022689	0.1094175643636067	0.08536511059108313	0.07319419924752987	0.1704726768466587	0.11062318469176083
0.18353617048091495	0.049859186389320284	0.20610485488825092	0.11401799916164154	0.06813089050206553	0.0654684198472113	0.19700692825790667	0.11587555047268853
0.216228314214894	0.05174741051330051	0.2243905838645368	0.08611318485800742	0.08186519311065438	0.05161456511842051	0.16511251988249448	0.12292822843769166
0.16317253403200224	0.05818299010978818	0.1965330640900349	0.12354924208367604	0.053795906903113255	0.08823186623105025	0.18447104040848145	0.1320633561418534
0.15014587833441553	0.04281550964784231	0.2329306326885378	0.12044060544914713	0.04972045798624759	0.10255301601443621	0.17759039056466258	0.1238035093147106
0.21041691930835354	0.05448895361352833	0.17960709670638658	0.09092578241805294	0.05316136786295168	0.09325637553869681	0.1933261427175629	0.12481736183446691
0.22961294318347011	0.04661866513483309	0.16388770249485085	0.12044054752314914	0.0908914082443017	0.05265779292351924	0.1977896331885805	0.0981013073072951
0.29202789464305356	0.03748626134432974	0.1278180381813176	0.11897873182091857	0.07314370231573525	0.10617530953478352	0.13563113488987213	0.10873892726998934
0.2472558857604366	0.059713103963547745	0.19701396137380112	0.08974379614280188	0.07640386092678332	0.05048780426194789	0.19555747076192026	0.08382411680876094
0.1635438131748997	0.06252938175757987	0.18476096930373193	0.1182870250907156	0.046502449775948834	0.0991895941853251	0.20126186624183956	0.12392490046995919
0.21620649562928707	0.05256104535614116	0.18157855832107134	0.13831693995480007	0.04556383575863719	0.09845777768355872	0.16895569529849713	0.09835965199800709
0.09316110379540553	0.0456810548833301	0.19848043829204828	0.12449082988626657	0.07545165689394992	0.09290373968626554	0.22289221212873578	0.14693896443399812
0.14409138908778427	0.04166189036813929	0.185692436753228	0.13275393816244244	0.09104887967972342	0.08161660612870719	0.1970348719838072	0.12609998783616796
0.27203056575116635	0.04824323889023732	0.13911687257347077	0.09049348468402263	0.07087102938975856	0.09211829034475724	0.15202935803444104	0.13509716033214586
0.35342546888675963	0.03524274027877854	0.18420846521784018	0.10181230980612005	0.04655276630292032	0.06287852452200303	0.1360559371677371	0.07982378781784084
0.3063835013499405	0.045859670322743795	0.1363916954647178	0.09075079417841815	0.06449389198265944	0.10381431714421556	0.1439059359945453	0.1084001935627592
0.23128091471816148	0.04666642051988111	0.14420673590496402	0.12770394901900625	0.03798003763800614	0.09273021968755496	0.19966798519287754	0.11976373731954823
0.15525717432868652	0.03764120606089855	0.19774359618794657	0.09764421694091385	0.0829380534298198	0.10436756813860258	0.22019854534251054	0.10420963957062136
0.27697877472603205	0.03718431096595409	0.1847349148310375	0.10858562325376618	0.04327135044191488	0.09604751970646283	0.17150928042664876	0.08168822564818344
0.30211246493454236	0.03592894938323314	0.16512238754088615	0.10987399187200461	0.04723624325125013	0.10747293237475165	0.14258378060056442	0.08966925004276724
0.16840996102333144	0.046612588111702366	0.22223704491834545	0.09441990950478371	0.08644082796582586	0.08459885543869913	0.16176072356738994	0.13552008946992183
0.08934103382252326	0.057239810464898955	0.21755533222907597	0.11938737467648021	0.07288797689012597	0.0990252577444069	0.22327876364756322	0.12128445052492527
0.2823880785906754	0.040583723771496646	0.14753960931184223	0.09082518292389158	0.06467187581095452	0.054152628696287786	0.17652788332979236	0.14331101756505926
0.30318487985757636	0.056157764225486934	0.17240533655959195	0.1030916869445804	0.03925447725622089	0.10392383730439868	0.14206680993940984	0.07991520791273468
0.18417787127824786	0.0572431125871429	0.19616130286202282	0.12937701515121322	0.05180248437021576	0.08223020597012401	0.17698818205559425	0.12201982572543893
0.26076527512383463	0.03340704311607065	0.16058971288010748	0.13121238992321357	0.04954062699005715	0.06468934578155644	0.16454927648169804	0.13524632970346182
0.27172397369099643	0.03687224520289023	0.1789357440847368	0.09209229251019745	0.05204049450172585	0.09284216023316767	0.17234222867709129	0.10315086109919397
0.2581443410744171	0.032753405257579526	0.18696402106215698	0.09282874128503155	0.061659138555903936	0.060728487390215385	0.17046268918588015	0.13645917618881512
0.23120128544220364	0.05839242255927353	0.17962712607150744	0.09799149074798671	0.06799905016806637	0.10190579208394064	0.1506701217876087	0.11221271113941274
0.21789947631782058	0.044085229854092814	0.18799676757094977	0.12076495219795107	0.04199513860489036	0.060712614552390784	0.20628877193730866	0.12025704896459577
0.3063600115767764	0.05642394081603863	0.13071030278795465	0.1057838705245161	0.0490162662114937	0.06135957573411932	0.2130741269310822	0.07727190541801876
0.14966789835367775	0.04194025686624489	0.2327000300804793	0.11824098280426533	0.05364224544094581	0.06280865518872203	0.21578032331681624	0.1252196079488484
0.2857887872200281	0.049215511748585156	0.13569180551239016	0.09669775401072395	0.07487570191010062	0.0874198233216788	0.16590054666496695	0.10441006961152596
0.20040536517591712	0.05269488375299096	0.20245538636878846	0.11941124049346342	0.0897986618338692	0.051286633746882485	0.14828915879032933	0.13565866983775876
0.07356063541377081	0.0422836158952308	0.2300881478442402	0.13749255384186423	0.0853937711532768	0.10157343832898115	0.19883282569065291	0.13077501183198295
0.19399811265609873	0.05127151717741203	0.1745453304232319	0.0856305534287633	0.04929480930894366	0.0881908442134072	0.21879290153827619	0.13827593125386675
0.28155384045514364	0.0465849385443068	0.17097398599753819	0.11402935677091611	0.045500897624436695	0.08197820315883542	0.16380968865062645	0.09556908879819645
0.2814654995890201	0.0343290585989484	0.16678720948813097	0.11338707769387182	0.04550457270346943	0.07256623303996934	0.14282511191574646	0.14313523697084318
0.2799896588686257	0.05337275577734188	0.14858187069014828	0.09216868653183458	0.0534156220319176	0.07790486061706735	0.21593516877999253	0.07863137670307177
0.22723123245004356	0.05435695498600952	0.14233754800425596	0.12434633863411215	0.03973633207119889	0.05207883702781159	0.2193603188478871	0.14055243797868103
0.22207620778172307	0.052874512454184716	0.20699588902165994	0.11891494549276974	0.05265771000266532	0.05388739537369043	0.1447481750720676	0.14784516480123897
0.23531538413079736	0.052970352232987475	0.16976545766083112	0.10005176570414609	0.07092992126152357	0.06261540072645502	0.20725006818398478	0.1011016500992743
0.35658326132120066	0.04143101233152516	0.14628929254568818	0.10140058788881402	0.04709702168366911	0.0652576010831474	0.1628633249723886	0.07907789817356656
0.1878361916093701	0.050297600419600644	0.18294129310646348	0.12470410953512256	0.060426798490962136	0.07238663146255614	0.17898861316075115	0.14241876221517352
0.23662780917064924	0.03713989823812583	0.1344428882761216	0.11053616709659687	0.06899262847100024	0.08281184971251396	0.1966488009402093	0.1327999580947827
0.3022960761863627	0.057310370971369345	0.168254920438275	0.1346176294024382	0.06243057246846197	0.05099884862602011	0.14076614955707245	0.08332543234999987
0.20895422932636618	0.061375229624311065	0.15172265650266548	0.11511602716748862	0.0836479600655172	0.09214297238463018	0.16619067535167487	0.12085024957734616
0.3024439076611858	0.04612492737314547	0.1314374862817058	0.09932565519976343	0.06620773875163583	0.0998205510477759	0.14730682399780215	0.10733290968698529
0.2686090412570475	0.05979671258866309	0.188825443225224	0.09677265693356173	0.06400620078014199	0.0901868656546601	0.14616404895822754	0.08563903060247377
0.2130201265634738	0.038969985341570285	0.13749743406080844	0.1215289898497726	0.05494645549315695	0.07967349579283342	0.20824305347804162	0.1461204594203426
0.2311111855148988	0.04650727968582587	0.16916335032228982	0.11568116331825494	0.08042780870356338	0.05658822297928777	0.2012991153040242	0.099221874171855
0.21769047811429615	0.04060749692037577	0.2165632115253595	0.12069196663265178	0.05601374678526698	0.08483060604201755	0.15857989886801363	0.1050225951120184
0.3077901015723722	0.041079052419133164	0.16451886618012634	0.1317485046907466	0.07267537839798341	0.06489442182602759	0.13682255036790456	0.08047112454570589
0.14526101623150872	0.05359460179938423	0.22993535705720355	0.1380415605390855	0.08030083053822715	0.07961914143648632	0.1501297274396831	0.12311776495842117
0.2704663958789618	0.055548431849423235	0.1367614060148706	0.11862543427820973	0.07619340959169241	0.058699323194630365	0.14005179212426003	0.14365380706795153
0.29969782855973753	0.0440406392752061	0.17553429469094317	0.12995138189983038	0.04545321364103529	0.04980818896539009	0.14592041651166043	0.10959403645619668
0.14131293161043795	0.04748006735370053	0.19131952412088782	0.1308026441965568	0.04483022441960843	0.10663671208863308	0.22013011894598639	0.1174877772641888
0.2190539629463846	0.04754749233666537	0.1640106600764608	0.0926903016604763	0.07507900111921378	0.058273145430357595	0.21367131167458264	0.12967412475585863
0.2728824971513819	0.03782041363432177	0.16841745660938034	0.11008220341888905	0.06472496937576672	0.06830050114615835	0.15235607519755937	0.12541588346654223
0.2829952436317992	0.03450441628256015	0.17554974340997845	0.08531813482205558	0.05735373294192296	0.09642149279668202	0.18697841868218712	0.08087881743281428
0.2128436093297589	0.03551200104503828	0.14176368730252728	0.1042913729914016	0.059183830329600534	0.09984613736319124	0.20947602250160888	0.137083339136873
0.2586976776254247	0.050766574232318035	0.20789244757605074	0.09770498222062324	0.0743709254012795	0.0791901163273156	0.14219982574357548	0.08917745087341244
0.16791782736334565	0.05935985890678333	0.22701040115543497	0.11901413547782497	0.06290596791955488	0.09652940783955924	0.1895135006386524	0.07774890069884433
0.1545534541990738	0.06260112253064651	0.22279846572485412	0.12502738667357602	0.0456548076096889	0.10556789125715678	0.15479327798180012	0.12900359402320355
0.1374336971240293	0.03623642318383939	0.22439043886367313	0.1151561708342227	0.08239708013344374	0.10381956506423518	0.2096363016905286	0.09093032310602778
0.09513778821640664	0.05402661700393713	0.21905096861241727	0.09412963477224097	0.0834331598521996	0.10548804349630483	0.2136157357603914	0.1351180522861019
0.2750485771840301	0.033224969252749384	0.13300474261218134	0.10641871910503199	0.0749430263664447	0.08149324543112063	0.18850947007881852	0.10735724996962308
0.17858082289036836	0.03638389723318494	0.23131491594114173	0.11776688268631734	0.039765045361873044	0.05761084889348013	0.22277130275040113	0.11580628424323303
0.24352217988854136	0.03350145958461867	0.18814564377014262	0.12844738447886217	0.0682589194062054	0.0605498399654138	0.1646501629859366	0.11292440992027908
0.2630724184134784	0.0619272374353836	0.13739225423002688	0.11509517424184577	0.07349726788936706	0.05313038582589319	0.1702492194684948	0.12563604249551005
0.2630044144331958	0.04054598700852122	0.18029056219596995	0.12203292097412911	0.04051933757144793	0.07934604562092856	0.18057830836417957	0.09368242383162766
0.2266316785867697	0.037997384491272435	0.14974957461275296	0.09307555079790843	0.07476274423323441	0.07869328008306287	0.21376232295868425	0.1253274642363147
0.25785140520557864	0.04676072132367608	0.1737054265641389	0.10104534567309184	0.07355146569040692	0.06463189243559231	0.14310152877866864	0.13935221432884637
0.12746752415613374	0.0631872433835772	0.20008887510182377	0.12434588410051531	0.05522742973437353	0.1026912055961205	0.21752310264093844	0.10946873528651728
0.2448785822622509	0.04171537371066962	0.19486067783826982	0.0917166500399259	0.05365031997712878	0.08163861792007152	0.18560379666299617	0.105935981588687
0.23722902717980698	0.06304585874402449	0.16861357478645322	0.12863229627280082	0.05139492100731942	0.051535261856378745	0.21104016932006753	0.08850889083314856
0.26750021042247063	0.034771662099686115	0.15993322759316103	0.12553216443758133	0.06113243694499977	0.06398824458266135	0.16590691892206233	0.12123513499737718
0.17112731999717626	0.05296116304456455	0.17912529192426851	0.1234198527231657	0.06739421318819444	0.0834480577663694	0.18822598742360025	0.1342981139326606
0.24870336736330403	0.04553982563237398	0.179649912030765	0.09657293140173197	0.08070785488774626	0.05806167271993176	0.16841136874662715	0.12235306721751955
0.23163159756432222	0.042963947353198834	0.15865395525411766	0.11155490029753996	0.07738040498098066	0.06816690717797413	0.17578776879063823	0.13386051858122805
0.2704685677248547	0.05129413699767814	0.13681680926153822	0.13010391848662256	0.03996595623697516	0.09511388932750048	0.17952565273770493	0.09671106922712554
0.24853528033999175	0.04556578780340066	0.2042668617975159	0.10267499529000611	0.04315047924186821	0.0500273406209157	0.16355970515274615	0.14221954975355527
0.16742679417550752	0.05644890768986735	0.224681966061752	0.11370755919008918	0.049951320697723914	0.05396307606344136	0.22620265997924346	0.10761771614237498
0.22536747893003672	0.051286688821894896	0.14297659251347197	0.1288840530886402	0.07967753006824116	0.056757040538177136	0.17142454312127525	0.14362607291826235
0.20615055162925627	0.05120552485587063	0.16020679305094407	0.12793151503903255	0.06774212901284525	0.08344712609474855	0.21665447501282725	0.08666188530447515
0.27792096948497713	0.05811012324196141	0.17759539067272004	0.09955550145689758	0.05087862525931236	0.08939142736693971	0.16279890100800407	0.08374906150918743
0.20923399258289171	0.06077175320619381	0.18693977452148025	0.12792977250316273	0.048312908814592936	0.0793851303349324	0.1858481092800537	0.10157855875669221
0.33483828441776364	0.058864350930378256	0.13201644792878306	0.08976523223970752	0.050005076000325596	0.061166792056307026	0.1401176515332477	0.13322616489348688
