0.27397222116795095	0.08543966612895106	0.215572454176083	0.15625949791415167	0.26875616061286306
0.27782715078687187	0.07655711090442825	0.31637012662713826	0.16686935973427958	0.16237625194728172
0.23347994303090025	0.07854802956832359	0.3445829971890567	0.12803719659220242	0.2153518336195168
0.25477470433200744	0.08660241769390052	0.29357729917311876	0.13806354963048617	0.22698202917048682
0.1897334395680585	0.09210628877975882	0.3675084878930953	0.15515361698147434	0.19549816677761278
0.34135481495119646	0.06354576249823984	0.24425332205042447	0.14494071335593978	0.20590538714419915
0.3076650236124492	0.09123171565562256	0.2711588935969398	0.14283966937840936	0.1871046977565788
0.21921198179354118	0.060382281600701	0.32571711281128823	0.15915631162289726	0.2355323121715721
0.35704838268848516	0.10006653515267565	0.22276620032723812	0.11197532082390937	0.20814356100769138
0.2993647343038055	0.08711842530488687	0.21891296553860326	0.12265482753027307	0.2719490473224311
0.1973804723169723	0.0786514946873693	0.35038134510475716	0.13172948960612824	0.24185719828477276
0.20989503173982044	0.06526695008540592	0.2952424992827549	0.1491228989185781	0.28047261997344036
0.22984349591633169	0.09189129237035112	0.32174481179646036	0.10824435449300979	0.2482760454238468
0.22596496977564573	0.09595812135316888	0.31475580830207794	0.15842831256732787	0.20489278800177937
0.34999884593691616	0.06627790135988848	0.22094981284145826	0.10921702770643389	0.25355641215530295
0.2514154320928456	0.10168385797185472	0.3325184876484401	0.11827602182979743	0.1961062004570619
0.1884397122855176	0.09901768770096257	0.35097028205015557	0.12144749131480133	0.24012482664856277
0.2273304183426091	0.09021681586358608	0.3313938475641133	0.12438575249020747	0.22667316573948387
0.3881161043944825	0.10179060758629836	0.22347034417663367	0.12127133997919033	0.16535160386339479
0.26594366032157235	0.09586528032437631	0.2199276605753749	0.17679508329597168	0.2414683154827045
0.2449386832583443	0.10066967475290663	0.29943107527557417	0.13415322220255085	0.2208073445106238
0.20014701999773699	0.06031927654061653	0.32471695498551983	0.15724269947048286	0.25757404900564357
0.30155595628308496	0.08386197403199669	0.30618225199119153	0.1140186365554712	0.19438118113825525
0.41714927730002394	0.060793523439817865	0.21478157721169838	0.1428140992440142	0.1644615228044453
0.2682051639313867	0.08791104191724868	0.3118896261208818	0.17081650161452291	0.16117766641595965
0.21312718879081455	0.07528499546662779	0.3554463161768245	0.14142697387876577	0.21471452568696717
0.25337247984915606	0.07738452978721133	0.2753213109871676	0.11330888972950467	0.28061278964696007
0.30016446167869176	0.08569453581625983	0.31068342483304956	0.12326250464743917	0.1801950730245594
0.2574143421283737	0.09457335341037532	0.25810322228169247	0.1563915042913234	0.23351757788823485
0.3198806021005851	0.08260124346047508	0.2788791428898251	0.11246356056574004	0.2061754509833744
0.3262111174447878	0.08286317135402868	0.28771013712882404	0.11224782217100975	0.19096775190134943
0.25490364297964274	0.078836776976067	0.25349822572188047	0.15780895688695978	0.25495239743544973
0.3001902263291767	0.07734133665897833	0.2670636306791731	0.1334743689754231	0.22193043735724854
0.21756386072490871	0.09959367870461873	0.3264835370823923	0.1276302328353005	0.22872869065277954
0.13696872842532823	0.07435969215179852	0.3397034254165561	0.17157314901624776	0.2773950049900692
0.2575015747767474	0.1016598379572611	0.33094010170136096	0.14913735060635724	0.16076113495827307
0.19622867783946868	0.07922786337757007	0.2908990251678391	0.1743174218899143	0.2593270117252076
0.14879808070862427	0.09805981620050883	0.32161733558497574	0.16695500741736036	0.26456976008853067
0.1936858893827416	0.0877918424645104	0.36184336733994626	0.12184539495495361	0.23483350585784793
0.2887319401519671	0.07142912501554716	0.31924564802794125	0.15503117772465755	0.1655621090798866
0.260075334572165	0.060514409672704134	0.2718263813941068	0.16711750488943702	0.24046636947158678
0.21800212337671002	0.09085206892018437	0.29484098070886644	0.15484313912396813	0.24146168787027084
0.29824107008220513	0.10064876830818294	0.27073218839314384	0.1625028842561434	0.16787508896032444
0.24101932913616111	0.07543087597342697	0.3223509116662861	0.10611594838629997	0.2550829348378256
0.2543989506947559	0.08324522541610864	0.3076746571728097	0.11256090638250592	0.24212026033381967
0.29350574121439577	0.06469819729841306	0.2653824946537908	0.17452066885125336	0.20189289798214674
0.27887742998629245	0.0683302998090278	0.3588281112933175	0.11963313318745337	0.17433102572390863
0.1786801422186382	0.06937208555120664	0.3544549508517282	0.13823348856094356	0.2592593328174832
0.2488227716165643	0.07022680754895635	0.3524888474547212	0.10658706211623671	0.22187451126352123
0.2695398823740849	0.08402565646141782	0.21602713114264904	0.16676381534317358	0.26364351467867436
0.2373510022454989	0.07706931837669442	0.297718671779053	0.12048845899896023	0.2673725485997932
0.19040932095791427	0.09534089668571749	0.27780909495927286	0.17092845235911414	0.265512235037981
0.27930101060794055	0.08094756759184452	0.26956438943453737	0.11723501100191584	0.2529520213637615
0.20134213951077673	0.08234485299155656	0.3618661259716329	0.12513602060356166	0.22931086092247194
0.23542421426206417	0.06078800548011798	0.32399462188406675	0.17682686030546613	0.20296629806828473
0.2952528115471898	0.06563469558192306	0.22507533139586566	0.13569294932162662	0.27834421215339455
0.28004788378078316	0.07810969397035367	0.2787955042723463	0.1642133404340207	0.19883357754249592
0.2442217711995522	0.09703679469394275	0.3373811244062476	0.10900267438192142	0.21235763531833576
0.316428843729228	0.10101422481782751	0.2824605111849361	0.13522577071841316	0.16487064954959493
0.18164691071472716	0.08434272762970171	0.27953289900059763	0.17524776006327325	0.2792297025917
0.26044618696154404	0.09872546395848354	0.344049336043848	0.10915244511372181	0.18762656792240234
0.21157786964015374	0.0740283794710106	0.31026849999004463	0.16569882161282687	0.23842642928596391
0.4002824290786945	0.08679281870414131	0.2457577437538871	0.10550258637571305	0.16166442208756365
0.25313364321921483	0.06146937958826171	0.33754468276299543	0.12765726942124742	0.2201950250082803
0.3501550113500988	0.06401243813084367	0.2691832106683062	0.10716211431745845	0.20948722553329252
0.259792592599176	0.06081173242187707	0.2668858620064439	0.16787082638599327	0.24463898658650954
0.15283226043535209	0.09412755353131727	0.3285733003476693	0.16003016689415112	0.26443671879151004
0.30801932555436523	0.08195944363944539	0.23205244069077077	0.15549689029061614	0.2224718998248022
0.3089566948106546	0.09850441867112895	0.2358016528713088	0.14293929783601075	0.21379793581089662
0.18032318865464153	0.06564304736065019	0.3513020470581246	0.13774934473227624	0.26498237219430715
0.2583184044074632	0.07591682369155961	0.3476126994820672	0.14765620335859914	0.17049586906031064
0.3127172348254469	0.06209803701807118	0.2352717160719562	0.15911311908154427	0.23079989300298115
0.17933292285672287	0.06761645031323779	0.3408397431455268	0.13621026212782184	0.2760006215566905
0.2502270763517478	0.08302351268638232	0.3540446035080781	0.13391350642948838	0.1787913010243032
0.3062847284938383	0.09367130056887507	0.22613582302118146	0.11353480736995945	0.2603733405461454
0.28642698406011824	0.06529993666114492	0.25927774703177664	0.11685932843015971	0.2721360038168002
0.25414446099543064	0.08502311225991142	0.27373907431562183	0.1514143205705491	0.23567903185848676
0.29279919403232035	0.09638782024494863	0.2861171383530226	0.16444547278604316	0.16025037458366498
0.34645930190240787	0.10061281754668484	0.24121259001472856	0.1134486640834551	0.19826662645272333
0.241244444698409	0.09204369018971202	0.2785394626199575	0.12266078056153683	0.26551162193038447
0.2948443879369119	0.09069171544727356	0.3031189286193759	0.1432825595191241	0.1680624084773142
0.21707594679166006	0.060438430356404504	0.35881267834951047	0.14411390278352465	0.21955904171890006
0.28150597786173837	0.09999054187760781	0.2678074767274746	0.15438199297092425	0.1963140105622547
0.2591983680818182	0.0854303057611198	0.3018304441984602	0.1301242897827655	0.22341659217583604
0.32031465167151085	0.08058711353213295	0.25345470140639104	0.11772015267582708	0.22792338071413776
0.12159024060811183	0.09673894728281138	0.33136087591097685	0.17120135471532646	0.2791085814827733
0.1502396903280106	0.09585855198718932	0.32429686798758117	0.16419728067356504	0.2654076090236537
0.34759176115688484	0.08152685556559339	0.23791110661018747	0.12539485562847535	0.20757542103885862
0.32921566747134035	0.07934606650170088	0.24343797514676732	0.14776471811681374	0.2002355727633774
0.1604256674922322	0.09753357845994685	0.30116416393259865	0.1765675567475025	0.2643090333677196
0.3533718959617205	0.07151827823910575	0.3056371404091781	0.10771615827548456	0.1617565271145107
0.3063679800949598	0.08017178240302315	0.2752375465493609	0.1527568126645156	0.18546587828814023
0.2963577470422103	0.08643280947952159	0.2576313595198861	0.11977272245770769	0.23980536150067405
0.2034972571770104	0.09310618328518719	0.30490782650735826	0.16650745656729032	0.23198127646315359
0.31480681608519356	0.08587263420372238	0.2543398030155629	0.16580326007602664	0.17917748661949418
0.22714388566668167	0.08741050703512337	0.2941636244238728	0.15350223246604153	0.23777975040828037
0.32431931133493175	0.07928411039797259	0.21324580315958824	0.12783091105340597	0.2553198640541011
0.34085961445230295	0.08237182531744235	0.24029066061689394	0.14070097078796495	0.1957769288253955
0.2948782334577087	0.07448844273591998	0.23292993109617077	0.13111054931364918	0.26659284339655115
0.24313685248942962	0.0975700227674235	0.27822629281316535	0.1639151824699038	0.21715164946007745
0.30684788007500885	0.10071092428680037	0.2466512880011284	0.12748306822624367	0.21830683941081844
0.18307232917292252	0.0728442216749366	0.31959278522361667	0.14705004275367073	0.27744062117485324
0.3539532317519595	0.06598019363356741	0.24353541066952028	0.10684644639852939	0.22968471754642308
0.24732740154031263	0.0708391094856565	0.293866086991178	0.12001447557475706	0.2679529264080956
0.3008058525597827	0.0876861871306393	0.3138035374344764	0.1209640307102329	0.1767403921648684
0.22582456947482898	0.08503255261535966	0.31509376734014904	0.12634625946113537	0.2477028511085267
0.1384937585639136	0.08917374945171033	0.3673207185428841	0.17783968864328892	0.22717208479820286
0.19367496781982693	0.07434904943357362	0.35940467366784457	0.1439033080846841	0.22866800099407059
0.3024087621606051	0.10095138177189349	0.2258109550201277	0.1555712650208734	0.21525763602650003
0.167192640246441	0.1014689544068504	0.3546075701269302	0.16509354596001366	0.2116372892597645
0.2931050779585215	0.08614880340498082	0.23307112609225963	0.11631677333590967	0.27135821920832814
0.2632233910903552	0.059757320558193355	0.25014353822012636	0.15197285439783906	0.2749028957334857
0.2958342879102941	0.1017691769968417	0.24432987574598058	0.12900464462047406	0.22906201472640927
0.2447634171540057	0.08165312011975945	0.3159168082592764	0.1225218515310128	0.23514480293594536
0.24077167311964712	0.06151836319717929	0.29363061586885686	0.13513220766972742	0.26894714014458915
0.17540924997772223	0.08801730068500109	0.33343231270002727	0.16002356879558538	0.24311756784166377
0.3219188502824154	0.05984230241388944	0.23210767422989484	0.12184694748350086	0.26428422559029924
0.2827663582505212	0.06709036513374389	0.3490592072310965	0.12692365781612225	0.17416041156851586
0.2420128182648516	0.10043429737701469	0.3219472720630305	0.12365110193516739	0.21195451035993562
0.32561433237424464	0.08200885546437536	0.26256413495567665	0.16766648203658574	0.16214619516911732
0.31666795074571075	0.06431406193222691	0.2775392003941145	0.13387419025557531	0.2076045966723723
0.3007660398481405	0.07172426296874904	0.2250060943685602	0.13211099018353348	0.27039261263101655
0.3082195161637676	0.07233610611662653	0.27613164463349527	0.15913475743969652	0.18417797564641383
0.23687885290093302	0.06646008458835115	0.296789910986423	0.17404555352968698	0.2258255979946056
0.2860496839282953	0.07661017401699179	0.32446912907176995	0.11561042328990814	0.1972605896930346
0.3550735315762241	0.07232275997645851	0.23535379756311725	0.15023609917725184	0.18701381170694792
0.2509522419596046	0.09112950741692173	0.22872240260628396	0.1535028475819996	0.27569300043518985
0.19350632957439018	0.09026631580178873	0.281570850529393	0.1624510346035055	0.2722054694909224
0.2560710980463453	0.09333329404433173	0.2691675770385527	0.12943003515128518	0.2519979957194848
0.29359844600552126	0.08549851082606823	0.35187689032197594	0.1071667889567358	0.16185936388969852
0.2827142985026297	0.08580361098832286	0.3137711616475684	0.15875710732882756	0.1589538215326512
0.3374128797775259	0.06338511659802248	0.2575204723658008	0.16107967160555003	0.1806018596531005
0.2126539622824234	0.09089287059391549	0.3549879963183039	0.14502637472631183	0.1964387960790451
0.29051982317383207	0.08757731883287959	0.2742590307701799	0.11634951805543173	0.23129430916767643
0.33647514120363786	0.07963065145194184	0.22822621220576236	0.16226598568254028	0.19340200945611735
0.1940788344384084	0.0829422975249116	0.3535296948719149	0.1604499023625428	0.2089992708022221
0.1988291787393251	0.06657466332006434	0.33258402065416687	0.1698611609062216	0.2321509763802219
0.143052000865236	0.0771626408365886	0.34718861536889795	0.1672142831399591	0.2653824597893182
0.2993619057753502	0.06428672019683171	0.24922770818178397	0.1721329006470298	0.21499076519900404
0.291231505032593	0.08024123522419728	0.23978833386192025	0.11293026725476578	0.2758086586265235
0.26753516948253564	0.07452429611630729	0.3499154425569188	0.11608747106123157	0.1919376207830065
0.174327697649083	0.09821197251252871	0.30882820775085223	0.1704129411686813	0.24821918091885453
0.16570385504455046	0.10068643091610573	0.3629345705107878	0.16045920975187633	0.2102159337766795
0.3613139072506098	0.06355856697088588	0.23970213297811277	0.10853887431118996	0.22688651848920122
0.31650100799971226	0.09148186075369359	0.3080537899994773	0.11226431204260598	0.1716990292045106
0.2091720310417531	0.08450412026459383	0.3649093627295325	0.12149160974845463	0.21992287621566572
0.27937518059495625	0.09300189638714873	0.272065438072735	0.13635677779240551	0.21920070715275425
0.26941990711671726	0.08549791655849127	0.2648143799470291	0.14385568494864498	0.23641211142911706
0.24756460077887033	0.06886997950205165	0.27612892905372033	0.1391744696686805	0.26826202099667695
0.23621396324071814	0.0783353720732863	0.3401823347866223	0.1189047164990585	0.2263636134003145
0.3366213826057809	0.09243077371174435	0.2679481594403171	0.13996508793511234	0.16303459630704506
0.23519978056378313	0.09257780856098918	0.26232190177968157	0.1512446735050369	0.258655835590509
0.23769521779100772	0.08775229119483602	0.28275716750026114	0.14601035684364616	0.2457849666702487
0.20388932362148568	0.0854393858766867	0.33955866739852514	0.17250832075255343	0.19860430235074877
0.19712555324988634	0.0891834590468325	0.3507523814603388	0.1768287183279068	0.18610988791503524
0.18597491338351857	0.07044447611859952	0.32718809184253383	0.1444168181477229	0.271975700507625
0.2228432054802944	0.10103882522437699	0.32342789222936247	0.17178226528838808	0.1809078117775778
0.24927819902057086	0.061364956092777145	0.29726454506244276	0.13693575524321513	0.2551565445809938
0.2135770908903647	0.09082383708753854	0.2899048045106121	0.17156539904409354	0.2341288684673909
0.3498167677100099	0.09830531067437487	0.2305714857131937	0.13761999362105248	0.1836864422813688
0.2868274138851382	0.08476992200338263	0.2433001055211417	0.15024345160505784	0.23485910698527934
0.3797583107688036	0.10197340661500877	0.22365665314597122	0.13550262280127903	0.15910900666893707
0.3126689787202778	0.059759708926151595	0.2608784576175758	0.1602346076784235	0.206458247057571
0.20988487029235547	0.08648948911983648	0.34264302518660505	0.10552487690586311	0.2554577384953396
0.27243726379473765	0.08759317431144786	0.33064412878015614	0.1174049010397308	0.19192053207392726
0.18099360639468465	0.07432844880721115	0.3130294437348753	0.16019958008481833	0.27144892097841045
0.3214795462734115	0.0669410264425202	0.24236981446480377	0.11977070253287578	0.2494389102863884
0.24717430649679956	0.07907558085788903	0.2928609115274256	0.11463959167338578	0.26624960944449977
0.3841508026753313	0.09335684416773651	0.21632900159223362	0.11734241786613314	0.18882093369856512
0.17551572635686852	0.09534811695871018	0.3364900397630207	0.16260821906461043	0.2300378978567899
0.2958557950984262	0.09910737338643287	0.2504721703786542	0.14829511614674926	0.2062695449897372
0.23209467810566056	0.08672805284331166	0.2592931880064408	0.15387010578418478	0.26801397526040194
0.31769108297833215	0.08660862178957283	0.32025533994751965	0.11528226397383541	0.16016269131073968
0.2913575474999561	0.07514552967991076	0.25797542512148486	0.14749579906682322	0.22802569863182476
0.25239710447263214	0.0823576196706383	0.2914185212376078	0.1154161634530795	0.258410591166042
0.2855271352810967	0.06347299182700289	0.29445021501241925	0.1579848233248265	0.19856483455465435
0.3115811778951231	0.0772067720486018	0.32833067903088964	0.1071800563248721	0.1757013147005131
0.18605648857327026	0.07427630748264336	0.3646706298391409	0.14041311158564146	0.23458346251930384
0.2245455222752337	0.09208982326827912	0.36290306903166636	0.1081377048680472	0.21232388055677337
0.1509738198977199	0.10195420855922491	0.33718786273449486	0.16915066794550127	0.24073344086305892
0.3410144516698086	0.0714316482708296	0.28158789824401376	0.11392286830653536	0.19204313350881239
0.2703321938037046	0.06508923101485817	0.25165380900894796	0.15968550249178182	0.25323926368070715
0.2653952194127663	0.09807007853418698	0.28408269542202347	0.14231483414476748	0.21013717248625552
0.2788345420304234	0.0868351216087596	0.31045835411247563	0.12205587698486452	0.20181610526347657
0.3550533036916319	0.07021785032271394	0.2495658510789931	0.14391418862321695	0.18124880628344375
0.30067498504505036	0.06487511160250861	0.22565267850403142	0.14733852099450595	0.26145870385390335
0.26760079014732446	0.0977680815260182	0.27384577978266494	0.13732464842997238	0.22346070011401975
0.30016054219574645	0.07210368227017205	0.28392433493249397	0.1433895310271745	0.20042190957441275
0.24886904718183306	0.09862107187443665	0.33088023604938677	0.1288239164617989	0.19280572843254437
0.33651916260754977	0.07394220457191364	0.24925279029731426	0.12093880207026345	0.21934704045295858
0.30804160694344523	0.06186790853927654	0.31778312791124547	0.12828705986244976	0.1840202967435827
0.37827871515681066	0.06272102903806137	0.264824628173961	0.11586106907765316	0.17831455855351347
0.16948466569455542	0.0945145440723309	0.33436525976458065	0.15500863209909815	0.2466268983694347
0.333812031349802	0.08165256660648397	0.3083480402987237	0.1183667607921544	0.1578206009528357
0.1836266051115648	0.0838830780886289	0.3036925339335529	0.16277244925330103	0.26602533361295216
0.21663932485124943	0.06420720774496813	0.29771294755668026	0.1470591135482192	0.27438140629888275
0.31613502131971816	0.06633763422105901	0.30802386873827037	0.12425064183136705	0.1852528338895851
0.2888633924172244	0.07914407557448475	0.2610259434708732	0.17181375617273972	0.1991528323646776
0.12955436562262235	0.08689557827599817	0.36171962158909654	0.1519562064758847	0.26987422803639805
0.24549197859087898	0.06632012987486213	0.2998336976038342	0.1511700202037478	0.2371841737266766
0.2697412272336428	0.06149467630257169	0.3020553303918565	0.13404151264522124	0.2326672534267075
0.21711480693793778	0.08196600318877979	0.2663334443534764	0.15836885102404502	0.2762168944957608
0.3284490031060725	0.08844725591540518	0.23820910360681155	0.12694574984911172	0.2179488875225987
0.2065609105670101	0.06858894834386198	0.32723118214269875	0.164808487856095	0.23281047109033398
0.3390124272970473	0.09454988042203097	0.2706100730866825	0.11522569979360842	0.18060191940063053
0.23820177109515217	0.07100765063504214	0.3325244546566357	0.15207826034598942	0.20618786326718033
0.3175530096860356	0.07348841595007502	0.24886304750615432	0.1069526051947506	0.2531429216629842
0.1838487778759118	0.06606483672942792	0.36156791521010684	0.11827059402054227	0.2702478761640109
0.264663428263839	0.06278499913641572	0.3213874283915209	0.11162673297308745	0.23953741123513667
0.22929750062759308	0.07485963820684477	0.28291164945117975	0.13475879179674072	0.2781724199176414
0.23618387261338725	0.09800677964193596	0.30423530471283167	0.12536793887751524	0.2362061041543296
0.244217326555142	0.07990755856480042	0.31950180927352334	0.14957895694931286	0.20679434865722118
0.2548070659487005	0.07480388963928511	0.334498577283618	0.11434813656667657	0.22154233056171957
0.24603838073817616	0.06975712320872471	0.27759246232890433	0.1606615609256573	0.24595047279853724
0.24782553597486295	0.08457290860033409	0.35853743520738535	0.12958849723869548	0.1794756229787219
0.28913402154439644	0.06970433577162305	0.22650295239289378	0.1545869109800387	0.2600717793110477
0.14634272601883816	0.09415400956552455	0.3547626155128394	0.17440647701282397	0.23033417188997374
0.1738421732390007	0.07378944344261712	0.3332912728279447	0.1617778359737469	0.25729927451669043
0.16213381640927482	0.0869156221477728	0.366287955114186	0.1671282162340772	0.21753439009468895
0.31589702031585787	0.08288866494294174	0.21977313356361244	0.16223681844320725	0.2192043627343804
0.20653243078889935	0.08059285902578536	0.34640872790029065	0.150468714822123	0.2159972674629014
0.24683701287052445	0.0983695658205103	0.3127552047514227	0.14442976058326185	0.19760845597428042
0.34169773542952664	0.061522364142918895	0.2641945359188348	0.13267968372113753	0.19990568078758175
0.23651927965667685	0.0793463113923427	0.3672998732833018	0.11889773477538433	0.19793680089229398
0.28554238668817644	0.07889349932235556	0.25037469744014673	0.12881363097577686	0.2563757855735442
0.3768030043745205	0.08629703544325043	0.24113383189609014	0.10767252945463356	0.188093598831505
0.2910302582815796	0.06845633679956312	0.322028306924716	0.14116754604940052	0.17731755194474053
0.3078659887725138	0.07650681020431634	0.2467852550846839	0.11335789384762196	0.2554840520908637
0.311086303053579	0.09701390480730837	0.2833767591326324	0.11319188826743783	0.19533114473904223
0.266171349601414	0.08231703935406952	0.32970485227908475	0.13924064472633818	0.1825661140390933
0.15544035460147856	0.10003678398023289	0.3385449214397433	0.15671580480215072	0.24926213517639437
0.36886646542037027	0.08892565741259385	0.2116078422350096	0.1175385843234678	0.21306145060855813
0.20139270534108422	0.06804583952194163	0.31619112418492445	0.17134408740144336	0.24302624355060615
0.26333835045173765	0.0683098008235267	0.32074767823184075	0.1294418670115238	0.21816230348137083
0.12736834926840446	0.09384169902248116	0.3340297139127838	0.1722027038564456	0.2725575339398849
0.2741721884354501	0.0627724051297813	0.25986774357340525	0.1515846793759177	0.2516029834854453
0.21304871078143886	0.09968615033215417	0.2594782018927748	0.16165260993560554	0.2661343270580264
0.1349107254268469	0.09407675272948474	0.3510166945601227	0.15155773138257228	0.26843809590097323
0.1879065088125238	0.10056017031738326	0.30030322782976604	0.16274675838165636	0.24848333465867034
0.30666715989367455	0.08764416920621704	0.25510815586731295	0.16238567025310874	0.18819484477968634
0.25457015010619966	0.06537007864777869	0.3238254019710748	0.1773296971894519	0.17890467208549468
0.2285897240517766	0.1009006738741979	0.29381434873034634	0.15258774864078986	0.22410750470288904
0.14140141510871942	0.09838270962380528	0.35511563181868167	0.15519728510594352	0.24990295834284992
0.25832509210770305	0.07926773761538591	0.32054447868019575	0.1566882063739079	0.18517448522280708
0.35760269847559367	0.05962921175776856	0.2129013396060339	0.13580859567175457	0.23405815448884898
0.17193576379515974	0.08394908729930925	0.34339787441216785	0.12795634380709836	0.2727609306862646
0.2734094505271887	0.09166747457920363	0.2362031656054586	0.1665152063488084	0.23220470293934048
0.1883473582933304	0.09130446881222265	0.28637130733884975	0.16862517207879316	0.2653516934768038
0.37632743856283873	0.06968440494413328	0.22465811088237783	0.13279291077559224	0.19653713483505758
0.3901386620004511	0.08104240382363978	0.2131251575166189	0.10862374319492446	0.20707003346436545
0.23916910289075766	0.07922067847654068	0.2428661797231274	0.1777006588805391	0.2610433800290349
0.335287150120278	0.0991814558788125	0.260015640192203	0.11585650754014382	0.1896592462685624
0.19694269721197585	0.07772935751095987	0.35342829995413083	0.12412598188961846	0.2477736634333148
0.20252360822965326	0.08283180372734057	0.2749302995188381	0.17085915820544384	0.268855130318724
0.2263196359506823	0.07360211101668315	0.29669649894486627	0.1428667633459027	0.26051499074186535
0.24798740212375095	0.06002096749480454	0.2567760696568527	0.15842560103243955	0.27678995969215203
0.3521162811803489	0.0853689578236418	0.2622841428525263	0.13721661650601683	0.16301400163746582
0.3540956343839966	0.09317158355211126	0.21250309622337304	0.13744731108521474	0.20278237475530406
0.23731170434224047	0.07130925834735258	0.285634209275775	0.14755542185673623	0.25818940617789554
0.29718209149508484	0.05973366295466928	0.2908861747710014	0.1710242631141579	0.18117380766508626
0.3144865859461713	0.08511301063273331	0.27440035442317334	0.14179622136967854	0.18420382762824317
0.28352414718850427	0.06031982141619871	0.29893639252243553	0.10738592479346011	0.24983371407940108
0.3173359211091482	0.09727866130023392	0.22125422222932783	0.16472114835361112	0.19941004700767861
0.31100863440230486	0.09855748190315283	0.234863200559768	0.1491659841979101	0.2064046989368639
0.26669748445551755	0.06628472908026256	0.26956502447287123	0.14566455837587822	0.2517882036154702
0.2903649357109121	0.09939188383025398	0.22932870006814737	0.14772101973132615	0.2331934606593601
0.3327087749089809	0.08471843105965317	0.2434440096920029	0.11991207644268645	0.21921670789667627
0.35954249695885643	0.08155464384664077	0.2665851426476926	0.1137041363850379	0.17861358016177195
0.22138629971070797	0.09611810579071599	0.30361299950282644	0.1224469653621571	0.25643562963359223
0.3050941660013186	0.09496844378400601	0.2833193478925615	0.13326183888121523	0.1833562034408983
0.2653430006725801	0.06103980227404182	0.2728598454815255	0.1705553308005377	0.23020202077131463
0.22285524463256973	0.09114157108516438	0.34206598646251013	0.14177171778559464	0.20216548003416088
0.29181220152112425	0.0956864169460772	0.2733358744825869	0.17811212541996865	0.16105338163024271
0.33596142493231734	0.07006403311029188	0.2663363258968944	0.10704277280190491	0.22059544325859118
0.2700261243528679	0.06473388168976729	0.21974264717813527	0.17756021359983598	0.26793713317939327
0.2710459862937673	0.083654446798321	0.2721480080620562	0.13095379644873045	0.2421977623971248
0.21648602034298634	0.08853517640216885	0.33974195560069903	0.11549918591624057	0.23973766173790498
0.19007697142107313	0.08965824320835428	0.3614128648405388	0.1740442518143081	0.18480766871572543
0.16339334027335578	0.07582094940598764	0.3487104496112917	0.14354329521847037	0.26853196549089425
0.3577946865360481	0.060261648715568245	0.28635746705562065	0.13169020806844034	0.16389598962432228
0.2998919110981773	0.09922240487132325	0.2504735572214484	0.1397256891138552	0.21068643769519557
0.2895731733360613	0.08044597922358562	0.282712293822396	0.14793749969956616	0.19933105391839062
0.27178620312480367	0.09302526387641608	0.29513470732876124	0.1243897510026234	0.21566407466739532
0.1655321598203017	0.09509622006953701	0.313383746193307	0.1622016759414141	0.26378619797543995
0.2627214161578828	0.08397206152035026	0.31823354793349434	0.12535803188181724	0.2097149425064551
0.2908170289309973	0.09466038662820735	0.21888263011659567	0.1717600869352006	0.22387986738899884
0.2816524284297569	0.09184920869148824	0.2351591714594808	0.16117080465777245	0.2301683867615013
0.19182382700860973	0.09670381707935742	0.28849410775554146	0.1573579123351651	0.26562033582132605
0.27911281387669246	0.10159468906904011	0.3020258108008733	0.1405710974612056	0.17669558879218822
0.21836396739974603	0.09354617135580105	0.36348726997578873	0.12052669646120662	0.2040758948074573
0.2761842898364019	0.06740313749630106	0.2918056671196504	0.12369399842822486	0.24091290711942145
0.32856105257235907	0.09725245581339702	0.2601676826710439	0.10964923407392864	0.20436957486927107
0.31449237405051006	0.08976186514900972	0.22784022026629952	0.16570263345687258	0.2022029070773078
0.22454806824835757	0.08770739392553728	0.36636415879896783	0.10975067807585426	0.2116297009512828
0.27244357321512525	0.0662495670200651	0.3276390448534677	0.14578299460415173	0.18788482030718998
0.3549913916480036	0.07566817554625808	0.2339120600127593	0.12399532364190592	0.21143304915107275
0.3468319213537441	0.0668838671624381	0.30609681814271633	0.11090733050390678	0.16928006283719443
0.29624888929543236	0.07959327202489522	0.2467612879206953	0.12779038600485643	0.2496061647541204
0.24821070356464534	0.08477817360743749	0.29953744379765845	0.14531547666457137	0.22215820236568715
0.25322451361539766	0.09668058943040903	0.2511052595292138	0.16958044610030482	0.2294091913246744
0.26784186910098823	0.10019914888401153	0.2527726300136323	0.1552167741303062	0.22396957787106148
0.3177717459749029	0.07749722286069997	0.3076654742797833	0.1288192433904689	0.16824631349414462
0.26310233496673346	0.08041702378082922	0.31374089080414963	0.14297570077418081	0.1997640496741066
0.34689036552686314	0.07605877648239198	0.23740136508412713	0.11150881606021519	0.2281406768464023
0.20886507477218574	0.07463867009817826	0.35304396775803587	0.14094421846595984	0.22250806890564007
0.21159672175042127	0.06210649247601119	0.35595853872315397	0.13562561317616983	0.23471263387424357
0.2912218124889814	0.07516117587628877	0.2906317034491382	0.1724405471444171	0.1705447610411743
0.25375227391605626	0.09485301575705517	0.29685809014140335	0.14584156991955524	0.20869505026592972
0.26505800941752905	0.07103199133032273	0.29190482402775597	0.10739455695139127	0.2646106182730007
0.22159868008254857	0.08117350472298654	0.2870077223534904	0.14068693490057285	0.2695331579404014
0.2948752794284254	0.06654142311411185	0.2548706163479181	0.11451537007509056	0.2691973110344538
0.24663882941277704	0.06290644835643089	0.3183095967360676	0.14958541281236243	0.2225597126823618
0.2867499757828009	0.08751160622225905	0.3017162725898138	0.10653098925779092	0.217491156147335
0.36000028218807356	0.08695540338673513	0.25366959731444266	0.12290675452278388	0.17646796258796443
0.41699651342693844	0.075370930796266	0.22542601552314295	0.12123210156913747	0.16097443868451472
0.3159763886345553	0.07790429540617469	0.27636959877106604	0.12954123275891505	0.2002084844292886
0.25207414039247483	0.08904861068737342	0.35136030973017923	0.11736781782013309	0.1901491213698392
0.21144432019287526	0.06672146516358671	0.3124632243564845	0.17732584866136347	0.23204514162568982
0.34069951357921	0.08797923108583582	0.2370734236078434	0.13920987175050578	0.19503795997660472
0.26938362919282594	0.09133063803629818	0.30223170047678144	0.1481871486040944	0.18886688368999976
0.21961897668679115	0.09384909275108286	0.3323636450841642	0.14782015666950912	0.20634812880845246
0.1771956894327136	0.08278305842200617	0.32669639769092096	0.1336105368766045	0.27971431757775456
0.22655591324815727	0.08164809849396788	0.313459075221132	0.147781299772473	0.23055561326426963
0.2848097259990531	0.09473966668978578	0.23939447631850078	0.14575983626625827	0.23529629472640182
0.22880331761982156	0.06532662052454347	0.32146572319307126	0.16421071118737676	0.22019362747518673
0.22796694102746143	0.10014717448445468	0.2904934615382088	0.16978928115539496	0.21160314179447987
0.2710303436124994	0.0776534192481693	0.3050294875893427	0.1228619874706227	0.22342476207936562
0.3167804044955311	0.08142318629914341	0.27003657399752534	0.12224235394877253	0.20951748125902736
0.29829729526722765	0.08365273860135566	0.33768425956652104	0.10973882944284324	0.17062687712205213
0.2414633115417299	0.09135610121105024	0.32109114752613244	0.111767148605534	0.2343222911155532
0.27088961205930284	0.07522116685831166	0.21613763855174156	0.16053779587510153	0.27721378665554214
0.21019551619968205	0.07380394480366248	0.35203558891035414	0.114035829954174	0.24992912013212712
0.30586141378749826	0.07231825046730941	0.25247419228630946	0.15684664369219448	0.2124994997666881
0.17003789770872976	0.06817762787112103	0.36421116909634776	0.13644594151557093	0.26112736380823026
0.27388133673220616	0.06795882099627945	0.2720044247356927	0.14093907051055987	0.24521634702526157
0.1889315657870289	0.066601834573118	0.35551858735703135	0.17775761175355426	0.21119040052926724
0.20042265382369576	0.0794801499022681	0.36605745423328	0.10916403150880521	0.2448757105319507
0.22220804305167208	0.07148520444583112	0.32731542524961355	0.12904553883331069	0.24994578841957238
0.21298055913536346	0.094203792987272	0.2664015168144696	0.17789907013435116	0.24851506092854353
0.38228151192256954	0.08170267388777516	0.2361648690267628	0.10935196939637487	0.19049897576651725
0.2548417825948904	0.06872817599138178	0.27152659066412443	0.1471772337140757	0.25772621703552745
0.2848839181018241	0.08840499828473741	0.26295941968585224	0.15072762398310965	0.21302403994447633
0.1553111343882132	0.09490542704346748	0.35815486134525093	0.17734291855108703	0.21428565867198116
0.1662142442706464	0.08554738596000167	0.3637819686009393	0.13054994664274835	0.25390645452566407
0.17059876070737726	0.08920882974225053	0.35754123866851484	0.15207431728298815	0.23057685359886904
0.2871460298634268	0.08390298470020711	0.2923074679265664	0.14680672917876925	0.18983678833103013
0.2724173611061714	0.08962364616986919	0.3192990111492642	0.15779004453168483	0.16086993704301017
0.3663904225743031	0.0607169413138334	0.2616931492671803	0.14816467201670525	0.16303481482797766
0.3494227293967587	0.08487140080987285	0.21229029795216472	0.17189028088920733	0.18152529095199604
0.29008249648922063	0.09654918833727044	0.29400644042267843	0.11353446286709862	0.20582741188373158
0.25772621204943835	0.09958623874404074	0.28722631384650493	0.17328632030236715	0.18217491505764857
0.19096835700967035	0.09120642552173448	0.34236835969418355	0.15696078085698273	0.2184960769174287
0.35631274061175966	0.06840372463465949	0.21242265030085536	0.11193048899585191	0.25093039545687323
0.29437433229894117	0.10115201417834836	0.2765144495616273	0.14947463025775135	0.17848457370333157
0.25449564028164734	0.06190597530846206	0.3443753575205416	0.15230320893214205	0.18691981795720664
0.2892717336458122	0.0913938631022279	0.2276976922062266	0.137528430794399	0.25410828025133403
0.23884316464290556	0.07713146001573	0.3663523396564473	0.1566180814561069	0.16105495422880994
0.3337315621382116	0.08475741849499448	0.21688093599616745	0.135195902338678	0.2294341810319482
0.38696888916537836	0.07159866980879342	0.24012129432454915	0.13390019344947823	0.16741095325180044
0.35179941264030595	0.07325611291564793	0.23082980257273947	0.11272604819692165	0.2313886236743847
0.14548874635580294	0.08384735096899738	0.35959774797995914	0.1523979668977935	0.2586681877974468
0.24965244028835226	0.07622016348122376	0.28140159589243186	0.15945526308955815	0.23327053724843372
0.22313871839998287	0.06186172433116671	0.35972287662546293	0.1769683403726847	0.17830834027070253
0.10239362495193124	0.08705244041712777	0.35227560056060214	0.17774975091690498	0.28052858315343365
0.18809858057481227	0.07335900906778683	0.3106163860855683	0.15345828374280493	0.27446774052902745
0.2848053207154897	0.09023372075659301	0.27573969284671823	0.16012228450363378	0.18909898117756507
0.3510077084903388	0.07844838649771485	0.26666485357214953	0.13453839254476674	0.16934065889502978
0.3448349505010766	0.06805694260968137	0.24026638400679484	0.1498768507798048	0.1969648721026421
0.28802588046015565	0.09231524191693824	0.3069273064143763	0.12862687624853691	0.18410469495999263
0.20561203764928013	0.07697260052985312	0.3213476829149126	0.169454340080057	0.2266133388258969
0.31030046015616686	0.07384512280207056	0.28431669941556004	0.1116224386691248	0.2199152789570774
0.323476648026402	0.08640523749671226	0.22517029945821013	0.1260188434769248	0.23892897154175044
0.2936776630321852	0.10181303515828555	0.29190843364026925	0.1104332829229617	0.20216758524629805
0.3073060984588119	0.0924415995350389	0.24907387380768398	0.10669711378867335	0.2444813144097916
0.2606077530196158	0.06846725684948601	0.23827847769154473	0.15646700972925226	0.27617950271010094
0.1552002207933907	0.09018094097287858	0.3464450944268371	0.15210111333671522	0.2560726304701783
0.35198456900515074	0.07157310394451455	0.22868951392339917	0.10759018559324497	0.24016262753369028
0.327067865335707	0.06081525239918728	0.23590117041438483	0.12618645864004518	0.2500292532106754
0.19222241867602452	0.08522994530556964	0.33837186380630435	0.16408483580703992	0.2200909364050613
0.26607757536188686	0.06084636367159235	0.34091868697583905	0.11115601500364965	0.22100135898703185
0.28122417248551324	0.07586857456061319	0.35639087167905126	0.12386715166361865	0.16264922961120343
0.2690453952286793	0.08033994465190841	0.3480195519194189	0.11440453274202764	0.1881905754579655
0.22145155846375494	0.10071821029956998	0.24918985990572934	0.17481570676898694	0.25382466456195857
0.24924335577756312	0.06087100924748323	0.30721869331356977	0.10970829870493662	0.27295864295644695
0.3458670428832546	0.09970407629196681	0.2133713021266069	0.17159818333837693	0.16945939535979446
0.3369355647835227	0.06327623352522599	0.31319565587924514	0.11905514125215876	0.16753740455984706
0.21513089741585642	0.07410085281062434	0.3260677868958456	0.14833666843067458	0.2363637944469988
0.17661398974221543	0.08676207228775938	0.3527861055112782	0.15774211454119838	0.22609571791754837
0.34488690698327373	0.06270990409311844	0.23035995025300815	0.10711709117831461	0.2549261474922847
0.2438844804135118	0.07028425390100831	0.25971983811241267	0.1451452095501264	0.28096621802294053
0.29557407152036663	0.07990824344325606	0.2780805843489425	0.11059704355116873	0.23584005713626577
0.22479544434638618	0.060938576219702306	0.3350970368086459	0.11613533744959809	0.26303360517566726
0.1593347983933185	0.08608063216780007	0.3536949991706768	0.1399347991236483	0.2609547711445562
0.27418357565347634	0.09851662038240432	0.25834873943034614	0.129948044921461	0.23900301961231196
0.16085739019600423	0.0825156275690095	0.3268397605665143	0.15820375510291945	0.2715834665655523
0.19295955191092767	0.09682968454794726	0.343260538226282	0.12452055484900366	0.2424296704658392
0.24827400854522508	0.08252282797896415	0.2297748546193825	0.1781764461427966	0.26125186271363143
0.2802833456254506	0.06326259047994193	0.3228244902731602	0.12337083796820744	0.21025873565323955
0.159016384963584	0.07621211725468006	0.3474862908137894	0.15613122026409226	0.26115398670385404
0.21264431964483807	0.06515059419617028	0.3636875868641689	0.16489352492009562	0.19362397437472684
0.3065291534186858	0.07254458845280809	0.2616132309418652	0.16900187221434976	0.19031115497229084
0.22061453809276527	0.07604539784204008	0.2874411327510571	0.16937096432636217	0.24652796698777513
0.19051324716165607	0.07565199852324547	0.32435663721962527	0.14154067767507528	0.2679374394203977
0.32229751607991486	0.07781937717149355	0.2798196331825664	0.14244056589938822	0.1776229076666367
0.2206099271688272	0.08652969936389864	0.2867641757458144	0.17034829137296909	0.23574790634849038
0.24015632133320414	0.0720756317727412	0.25836516008819543	0.16936404538485958	0.2600388414209994
0.255748703590048	0.06338783134188744	0.3479946452053372	0.12274675971993244	0.2101220601427947
