0.37526201623666366	0.37448845107110734	0.25024953269222905
0.3749907318306823	0.3747462048986846	0.2502630632706332
0.375054790566209	0.3747545414758486	0.25019066795794254
0.37510794111228224	0.3747157536617419	0.2501763052259759
0.37519329337599777	0.3745800891812106	0.25022661744279173
0.3750748573390138	0.3747763845100065	0.2501487581509798
0.37525987916500686	0.3743929343906289	0.2503471864443644
0.37521522655829964	0.3746206677500449	0.2501641056916556
0.3751762592226279	0.37456728727670197	0.2502564535006703
0.3750241283155681	0.3748372726252375	0.25013859905919444
0.3751357695231465	0.37456350542397887	0.25030072505287476
0.37501267712472686	0.3746754131531769	0.2503119097220964
0.3752692685511951	0.3744318511553468	0.25029888029345826
0.3749727090088675	0.3748830598891741	0.25014423110195855
0.37517820133968804	0.3744983043694582	0.2503234942908539
0.3752731078586009	0.37442456695041726	0.25030232519098194
0.3752083067638082	0.3744717693511476	0.2503199238850443
0.37524692355066447	0.3745036740567723	0.2502494023925633
0.3749781395421243	0.3747392814671833	0.2502825789906925
0.37500321420881494	0.37478978888859893	0.2502069969025862
0.3750116591751763	0.3747181720497031	0.2502701687751207
0.3749748441275946	0.3746773222232456	0.2503478336491599
0.3750993768220035	0.374663830076353	0.2502367931016436
0.37522265677452504	0.3745554796567435	0.25022186356873155
0.3750516734037625	0.37462454864133965	0.25032377795489796
0.3750102022699161	0.3747252029342981	0.2502645947957859
0.3750185465256374	0.37472137638177055	0.25026007709259224
0.37504856633189354	0.37469500693743396	0.25025642673067267
0.37515042919716196	0.3745988289755128	0.2502507418273253
0.3749863746167926	0.37480860870455057	0.2502050166786569
0.3751616267187027	0.3746135064405245	0.25022486684077294
0.37522620748247193	0.3744473511429587	0.2503264413745695
0.3752662830494077	0.37450584557190253	0.25022787137868996
0.3749896454564837	0.3747738040052419	0.2502365505382745
0.37524634225517467	0.37455547855223137	0.2501981791925941
0.3749621091291152	0.3747648284204594	0.2502730624504255
0.37511777299172927	0.37469405417502	0.2501881728332508
0.3750346544093626	0.37467520662212	0.2502901389685175
0.3751462551175999	0.3745067169620756	0.2503470279203246
0.37526732075529523	0.3746013542111042	0.25013132503360064
0.37528334915419254	0.3744916334454558	0.2502250174003518
0.37516932081255067	0.37449668100829997	0.2503339981791495
0.37508875524220653	0.37470074426763533	0.2502105004901583
0.3750690569891675	0.3746210318386247	0.2503099111722079
0.3752594687530201	0.37457947822506416	0.2501610530219159
0.3750579136678498	0.374754330418975	0.2501877559131754
0.3751370331964402	0.3746693688380521	0.25019359796550783
0.3750165084450891	0.3746387163700102	0.2503447751849008
0.37497856607824914	0.3746765017739989	0.25034493214775205
0.3752002193668734	0.37452972621488767	0.250270054418239
0.375218769050169	0.3745231823990673	0.25025804855076383
0.37502835413736235	0.37467384499215894	0.2502978008704788
0.37523404000067306	0.3745964302164151	0.25016952978291196
0.3751632840089467	0.3745174254243738	0.25031929056667956
0.37509722896952485	0.37462819248044305	0.2502745785500322
0.37508750173547517	0.3745896202102258	0.25032287805429915
0.3751856028066748	0.3746649847368547	0.2501494124564706
0.37509765414660357	0.37474935760503625	0.2501529882483603
0.37503980643192064	0.3748289240002144	0.250131269567865
0.3751383609848447	0.37455426946475046	0.2503073695504049
0.3752468180664997	0.37440423223812236	0.25034894969537813
0.37506375258468205	0.37475522728394717	0.2501810201313709
0.3752854436314756	0.37450073453104177	0.25021382183748275
0.37504255647557966	0.3748247580678161	0.25013268545660433
0.37517109813957444	0.3746300959847129	0.25019880587571275
0.3752434710075964	0.37441503826279277	0.25034149072961087
0.375085386807655	0.37468475838080284	0.25022985481154225
0.37526221745549326	0.3745150266315368	0.25022275591297005
0.3751204488433071	0.374562384155175	0.25031716700151796
0.375105454221476	0.3747227823529207	0.2501717634256034
0.37518896649952105	0.3746718379477219	0.2501391955527571
0.3749784788564644	0.3747572450533974	0.2502642760901383
0.3751150177266972	0.3745579966831289	0.25032698559017397
0.3751250781389683	0.3745994100388801	0.25027551182215174
0.3752389224303102	0.3744952483154598	0.2502658292542301
0.3752676647961991	0.3745149367857708	0.2502173984180302
0.37525329833362026	0.3746082778139114	0.25013842385246854
0.3751571458255675	0.37456445230690183	0.2502784018675308
0.3752801032265517	0.3745275544406921	0.25019234233275633
0.3749963836858887	0.37468891929259734	0.250314697021514
0.37517193192468934	0.37463381902971205	0.2501942490455987
0.37526361508016726	0.37445019577014504	0.25028618914968775
0.37519572162151454	0.3745308887521147	0.2502733896263708
0.3751845975703543	0.37460616442024863	0.2502092380093972
0.37519561151231	0.3745799301404844	0.2502244583472057
0.3751445688618156	0.3746632135240742	0.2501922176141103
0.37503419281714767	0.3748099128059765	0.25015589437687596
0.3749595200923561	0.37470095004205906	0.25033952986558494
0.3750889255124789	0.3745749492417882	0.250336125245733
0.3752329451617713	0.374535945208713	0.25023110962951584
0.3751918523142847	0.3745452525663372	0.2502628951193782
0.3750909940568614	0.37456960130835326	0.25033940463478543
0.3751378202881945	0.37462362408672156	0.25023855562508407
0.37509588318944176	0.37460552614444353	0.2502985906661148
0.3750573203504244	0.37466584417321214	0.2502768354763636
0.3750682104687272	0.3746298569364203	0.2503019325948526
0.37515739840846124	0.3745867648950063	0.2502558366965325
0.3750364164827445	0.37467966720296086	0.25028391631429475
0.375121586613839	0.3746265001515319	0.25025191323462925
0.3750934650882892	0.3746856238904948	0.250220911021216
0.375217901661185	0.37464364347660817	0.25013845486220687
0.37504583262550184	0.3746097634229618	0.25034440395153645
0.3752206776690288	0.3746411265311126	0.25013819579985874
0.3749740699272281	0.37487211252520203	0.25015381754757
0.3752324154913	0.37462747354548676	0.2501401109632134
0.37513564773227576	0.37456686070154815	0.2502974915661762
0.37527162227050503	0.3743954605772775	0.25033291715221756
0.37515817497906045	0.37469073949970766	0.250151085521232
0.3751910162394603	0.3745604014882005	0.2502485822723393
0.3751891111192694	0.37451573424931495	0.2502951546314157
0.3751297552244369	0.3746333699193818	0.2502368748561814
0.3751288466318009	0.37464883470162624	0.25022231866657296
0.3752198761657948	0.3744580108452506	0.25032211298895474
0.3750885115550644	0.37470892504075387	0.25020256340418184
0.3751220743897457	0.3745748817318573	0.2503030438783971
0.3750121651040058	0.3747639093033462	0.25022392559264817
0.3751866013143028	0.3746617725904027	0.25015162609529457
0.3750676704604204	0.3746458668532594	0.2502864626863203
0.3752170964114879	0.374591538431663	0.25019136515684925
0.3751065419564828	0.3746902965365059	0.2502031615070114
0.3752427456071477	0.37461415632905015	0.2501430980638022
0.3750086097404751	0.3746465027622965	0.2503448874972285
0.37524696408065156	0.374615345682805	0.25013769023654353
0.3752790120261475	0.3744684722347125	0.2502525157391401
0.37507877942248113	0.37464628314819737	0.2502749374293216
0.37512312053088503	0.37454605503357336	0.2503308244355417
0.3750832742056389	0.37475132367109776	0.25016540212326344
0.37514136941109794	0.3746907014476546	0.25016792914124764
0.37519452171572987	0.37462436305725294	0.25018111522701725
0.3750460619611402	0.37462254930864264	0.2503313887302173
0.37510447987277273	0.3746776531966207	0.25021786693060666
0.3750716930361806	0.37469656759925907	0.25023173936456045
0.37499077105201056	0.3747410758537889	0.2502681530942007
0.3751669626644554	0.37469918161182014	0.25013385572372465
0.3749821418564335	0.374864860563024	0.2501529975805426
0.3750014054953552	0.37471206223665676	0.25028653226798814
0.37524001009980046	0.3746237069893621	0.25013628291083756
0.3752748763203394	0.37454110611879154	0.25018401756086917
0.3751814709288124	0.374628674670406	0.25018985440078173
0.375084055869753	0.3745937821033464	0.2503221620269007
0.37510764747331593	0.37467077417832273	0.25022157834836145
0.37510920930036545	0.3746994787366479	0.2501913119629868
0.3751004928208049	0.37458872345347205	0.2503107837257232
0.37527467330213	0.37451096568324127	0.2502143610146288
0.37507009046611317	0.3747386635736283	0.2501912459602586
0.3751346099387008	0.37468255642212106	0.25018283363917826
0.3751341100167431	0.37469607227002827	0.25016981771322866
0.3752287752089543	0.3745530902615488	0.250218134529497
0.3751113739553737	0.37458635042773825	0.25030227561688817
0.3751747367302028	0.3746828226346232	0.2501424406351741
0.3750127419606068	0.3748104832299662	0.25017677480942707
0.37519814913802424	0.37447880572023456	0.2503230451417413
0.3750495026617254	0.3746170694913963	0.25033342784687845
0.375266746012236	0.3744657529033275	0.2502675010844366
0.3750643260807037	0.37475707330382263	0.2501786006154738
0.3752424998429211	0.37461412942363587	0.25014337073344317
0.3750850564351539	0.37475343507403336	0.25016150849081287
0.37500481947008346	0.37474502686133204	0.2502501536685846
0.37519706618448356	0.37452587920641706	0.2502770546090995
0.374976543916274	0.37487931557816456	0.25014414050556155
0.37507518640997684	0.3745903294773874	0.25033448411263587
0.37510749689803335	0.3745449049604588	0.250347598141508
0.3752192356882514	0.374467301369744	0.25031346294200474
0.3750800073950388	0.37467559337074946	0.2502443992342119
0.37505333269231045	0.3746267811404176	0.250319886167272
0.37515125008258554	0.3747083725460175	0.25014037737139705
0.37501753866615894	0.3747567228372251	0.250225738496616
0.37521813051432773	0.3745629210978543	0.2502189483878181
0.3749790920240638	0.3746975154380381	0.2503233925378982
0.3752765426071294	0.37455151259265385	0.25017194480021687
0.37496135281782433	0.3748493267605887	0.25018932042158715
0.3750531365212531	0.374793538939856	0.25015332453889094
0.3751996995367065	0.374660943742502	0.2501393567207917
0.3749741876615332	0.37482865168461305	0.2501971606538539
0.37498131816036984	0.37470222989833496	0.25031645194129537
0.3752344478333365	0.374499898999076	0.25026565316758764
0.37521301841128596	0.3744651894885841	0.25032179210013006
0.37521331707243855	0.3746402062139421	0.25014647671361945
0.37517788410577263	0.3746481249393705	0.25017399095485693
0.37515973341256004	0.37467227720983254	0.25016798937760754
0.37522785007442516	0.37452352480360923	0.2502486251219657
0.37524321639212155	0.3745876166997389	0.2501691669081397
0.3751958844632057	0.37460696481983924	0.2501971507169552
0.3752121165814716	0.3745114408351391	0.25027644258338944
0.375153326819241	0.3746591503497972	0.2501875228309619
0.37521541234405165	0.37456737357610337	0.25021721407984504
0.3750486749255827	0.37470510313182165	0.25024622194259577
0.37527462894974795	0.37445106612861756	0.25027430492163455
0.375266559743731	0.37445884400926005	0.25027459624700904
0.3752418988855123	0.37458734645254965	0.25017075466193817
0.37522399714920296	0.37444188595974504	0.2503341168910521
0.3752252191919454	0.37457217776865537	0.25020260303939934
0.3752667307016049	0.37450742431905104	0.2502258449793442
0.37501413806502093	0.37475330203156	0.25023255990341914
0.37509807570583004	0.3747237592326137	0.25017816506155643
0.375091056149019	0.3745927342289672	0.2503162096220139
0.37511735535285545	0.3747336860931916	0.2501489585539531
0.3750920092513005	0.3745634029715096	0.25034458777719004
0.3751102100696998	0.37473963862556436	0.25015015130473595
0.3752628978156403	0.37446194970151875	0.25027515248284105
0.3752501993721617	0.37458576617116035	0.2501640344566781
0.3749564261332514	0.3748351650437187	0.2502084088230299
0.3752511798721168	0.3745863488712248	0.2501624712566585
0.375000309647313	0.3747824475767473	0.2502172427759398
0.3751526200992722	0.374685136987428	0.2501622429132999
0.37526755775646947	0.3743972237246417	0.2503352185188889
0.3752701472214575	0.37447560686635495	0.25025424591218765
0.3750416942167671	0.3746059003479057	0.25035240543532733
0.37496631063374514	0.37478264351503593	0.25025104585121904
0.3751937570775414	0.37453510024269776	0.25027114267976097
0.3751493684755615	0.37458018603497356	0.25027044548946503
0.37517430634765503	0.37455385845869127	0.2502718351936538
0.37519019842246926	0.3745776586772638	0.2502321429002671
0.3750996143731134	0.37463427007314654	0.2502661155537402
0.3751623653680075	0.37458672362680195	0.25025091100519065
0.3750617084306434	0.3745978531847728	0.2503404383845839
0.3751758481015351	0.37449344719072075	0.2503307047077443
0.37508269470727806	0.37460514535392464	0.2503121599387974
0.3750621013895901	0.3747330150541347	0.25020488355627524
0.3751820976805466	0.37455355349931846	0.25026434882013504
0.37502097060851775	0.37480471059336784	0.2501743187981145
0.3751615297454654	0.37455406608922004	0.25028440416531467
0.3750369814606039	0.37469377079252336	0.25026924774687287
0.375211129029186	0.3745482650267869	0.2502406059440272
0.37496195186763703	0.37487002554791876	0.2501680225844443
0.37515787951763757	0.37461342153786736	0.2502286989444952
0.3752611577664442	0.3745406698986975	0.2501981723348584
0.3749928164762167	0.3748264926444799	0.2501806908793035
0.3751110660714768	0.3746580187215308	0.2502309152069925
0.3751354564425633	0.374716013344431	0.2501485302130058
0.3752145984222579	0.3745836563015424	0.25020174527619976
0.3750636934394329	0.3747551469983467	0.2501811595622205
0.3750789985345601	0.3746340342902189	0.2502869671752211
0.3750674933859325	0.3746156766174319	0.25031682999663574
0.37518846774540476	0.3745255158342878	0.25028601642030757
0.374979436707342	0.37478277450121505	0.25023778879144304
0.37527578673276574	0.3743782528610038	0.2503459604062305
0.3751612115876255	0.37452213770029674	0.2503166507120778
0.37518644807669627	0.37466095420623624	0.25015259771706755
0.3751775210145967	0.37456953397257237	0.250252945012831
0.3751278170584842	0.3746662903626218	0.25020589257889414
0.37517606282474114	0.3744981547573089	0.25032578241795006
0.37501767926369295	0.37474556424234867	0.2502367564939585
0.37526808167807424	0.3745286102683716	0.2502033080535543
0.37500006320783463	0.3747857722494291	0.2502141645427364
0.3749671206910832	0.3747298843322139	0.25030299497670305
0.37517341404285176	0.37449610839329506	0.25033047756385324
0.37523850640331796	0.37450290224146315	0.250258591355219
0.374992406456773	0.3746799027982948	0.25032769074493233
0.37515569450073755	0.37454404093397153	0.250300264565291
0.3752681104931154	0.37443716658373916	0.25029472292314553
0.37511117402733896	0.37475022156508025	0.2501386044075809
0.37509794876098945	0.3747554159770539	0.2501466352619567
0.37520772254142776	0.37454171392617686	0.2502505635323955
0.3751156005052948	0.3745894640940053	0.2502949354007
0.3751533592569176	0.374517039394796	0.25032960134828647
0.3750491430401317	0.3746749184468885	0.2502759385129799
0.37515162347877756	0.374668317455087	0.25018005906613555
0.37496603995083405	0.37479271380400914	0.250241246245157
0.37517626994112174	0.3746606151415538	0.25016311491732457
0.375017592544738	0.3747804667130808	0.25020194074218133
0.37504854046169006	0.3746560673259991	0.25029539221231095
0.37521697066331827	0.3744659051088194	0.25031712422786245
0.3750387946428572	0.37460889058033964	0.25035231477680325
0.3751889783763828	0.3744770431472915	0.25033397847632577
0.37495797490765886	0.37479232370977666	0.25024970138256464
0.375034492824059	0.3746178355837151	0.25034767159222604
0.37504286408724996	0.3746259872000186	0.25033114871273154
0.375093681912008	0.37477468191478264	0.2501316361732095
0.3750098642677361	0.37479033099470316	0.2501998047375609
0.3751241448186138	0.37466605935099134	0.25020979583039504
0.37499103589786975	0.37469774412365175	0.25031121997847866
0.37507216772480145	0.37464991072054044	0.2502779215546582
0.3752456618870594	0.37452937990377455	0.2502249582091662
0.3752243971889354	0.37444143488844217	0.2503341679226225
0.3750191762121455	0.37479391696708314	0.2501869068207715
0.3752282798941539	0.37459786117077215	0.250173858935074
0.3750871267150083	0.37472014269584497	0.2501927305891468
0.3749814099365918	0.37480806075272255	0.25021052931068577
0.37504581826453304	0.3746947049219452	0.2502594768135219
0.37510445992980235	0.37456524441788547	0.2503302956523123
0.3752202092574843	0.37460755575922183	0.250172234983294
0.3751447179581625	0.37451911011473094	0.25033617192710667
0.37501066269730543	0.3747808406462393	0.25020849665645534
0.37523770299515413	0.37441025932293914	0.25035203768190684
0.37515695200859056	0.37457269092842643	0.2502703570629831
0.37504231404720356	0.3746803703362551	0.2502773156165415
0.3752603032860807	0.3745613922792813	0.2501783044346381
0.37517789038965615	0.3745456062280411	0.25027650338230284
0.37515487880891224	0.3745438660919442	0.2503012550991437
0.3749923917596146	0.3747211273061746	0.25028648093421096
0.37517511359757033	0.3745114830498242	0.25031340335260555
0.3751449454786757	0.374517198642764	0.25033785587856033
0.3750000030319758	0.37471868703451466	0.2502813099335096
0.37499856295835055	0.37480319451984984	0.25019824252179973
0.37502152318996373	0.3747224113045892	0.25025606550544716
0.3751288395827293	0.3746073301711346	0.2502638302461362
0.3751169593927963	0.3746641475324357	0.2502188930747681
0.37511200232787456	0.37469291617193323	0.25019508150019226
0.3752764107140398	0.3744323937049121	0.2502911955810483
0.3751635539278456	0.3746777729676114	0.2501586731045431
0.37525725228612133	0.3744617646158256	0.2502809830980532
0.3752167973819444	0.3745996697349337	0.25018353288312206
0.3751238929432966	0.3746389008921849	0.2502372061645186
0.37521885932318544	0.3746166359198304	0.25016450475698426
0.3751042827977886	0.37470016872081957	0.2501955484813919
0.37525540365259674	0.3744458486127152	0.2502987477346882
0.3751301495743765	0.3746250188358837	0.25024483158973987
0.3750953512634333	0.374735242111012	0.2501694066255548
0.3752415660781637	0.37452908402389345	0.25022934989794293
0.37523562385578285	0.37447582201892676	0.2502885541252905
0.37506136215162394	0.37459517963690636	0.25034345821146975
0.3749786098141807	0.37483635862133785	0.2501850315644816
0.37510378852852266	0.37464551062044715	0.2502507008510303
0.3751099849986569	0.3746421069449544	0.2502479080563888
0.3752454507485001	0.37449672537758694	0.25025782387391304
0.3750785515620601	0.3747209384137874	0.2502005100241526
0.3751637481602291	0.3746196035946664	0.2502166482451046
0.3751720326627531	0.3746473753787049	0.2501805919585421
0.3752192188423753	0.37459272468293714	0.25018805647468767
0.3752438828576861	0.3744741215997596	0.25028199554255437
0.3752846238806114	0.3744934174572463	0.2502219586621424
0.3750206896904943	0.37469051953908594	0.25028879077041993
0.3750370147815689	0.37476686624528266	0.2501961189731485
0.37519937062333353	0.3745211317054659	0.2502794976712006
0.37512594079734574	0.37466013029904227	0.2502139289036121
0.375079019522789	0.3746696515647526	0.2502513289124585
0.3752711132092432	0.37451619756869753	0.25021268922205936
0.3750272272223634	0.37464417156140134	0.25032860121623535
0.37513263482991244	0.3745348699745912	0.2503324951954965
0.37506167473636026	0.37466847999580744	0.2502698452678324
0.3751423987673092	0.374606791044902	0.2502508101877889
0.3750797023191071	0.3745761562808199	0.2503441414000731
0.3750374531482169	0.3748143793224059	0.2501481675293773
0.37527448769634375	0.374404449849603	0.25032106245405333
0.37522537090991637	0.37446027270958393	0.2503143563804998
0.3751021775095755	0.3746890863080537	0.25020873618237094
0.375186863663166	0.37461650134592733	0.25019663499090683
0.3752808431976935	0.3745588662457827	0.2501602905565239
0.3751441202073622	0.3746721349473281	0.2501837448453098
0.37507381183958766	0.3747617228001238	0.25016446536028863
0.3749561437073137	0.3748731253035851	0.2501707309891013
0.37504857581740014	0.37472551979368607	0.2502259043889139
0.375144201956828	0.37455539425679135	0.25030040378638074
0.3752412028631584	0.3745420055415805	0.2502167915952612
0.37507198286672494	0.3746212611896703	0.2503067559436048
0.3749957053802518	0.37473644371034104	0.2502678509094073
0.37505979347597945	0.3746249188750332	0.2503152876489875
0.3749711462690243	0.3747674389550683	0.2502614147759075
0.37518159704972787	0.37465349000390546	0.2501649129463667
0.3752241089897662	0.3744526534861462	0.25032323752408764
0.37517395697423145	0.37460408589209515	0.2502219571336735
0.37519918647320105	0.3745429201963079	0.2502578933304912
0.3752383817873672	0.3744380777172742	0.25032354049535865
0.3750219474221628	0.37469867112183486	0.2502793814560024
0.37502128451681016	0.37480292936178017	0.2501757861214098
0.37509161893563636	0.3747244108659291	0.25018397019843464
0.3750034440694955	0.3747473684271543	0.2502491875033504
0.37528057215826105	0.3745735216775492	0.25014590616418986
0.3751860720304175	0.37464899642020294	0.2501649315493797
0.37526292124112054	0.37448874414286426	0.25024833461601537
0.37519292871274196	0.37464850689004264	0.2501585643972155
0.3751570914356442	0.37465560005865634	0.2501873085056996
0.3752277722442739	0.37442706736536624	0.2503451603903599
0.37511157819459473	0.37466095155196455	0.2502274702534408
0.3752733519650835	0.3744649132397891	0.25026173479512753
0.37515288457848206	0.3747140558056241	0.25013305961589394
0.37520732530958867	0.37451693343559	0.25027574125482144
0.37518506342306585	0.37458537395433933	0.25022956262259494
0.375151337680149	0.3746193107858363	0.25022935153401477
0.3751221967345719	0.37471010887965517	0.250167694385773
0.37509198806439015	0.3746970528168004	0.25021095911880964
0.375012167879691	0.3747914516357601	0.250196380484549
0.3751897162724859	0.3745337663584558	0.2502765173690584
0.37503986476141615	0.3746690076406666	0.2502911275979174
0.37512603080940043	0.37472080344173864	0.250153165748861
0.3750317553355993	0.3746606348395938	0.25030760982480704
0.3749598034139505	0.37484551627141294	0.25019468031463665
0.37517734979105155	0.3745476406612879	0.2502750095476607
0.37519540579741195	0.37454630860649524	0.250258285596093
0.37502116693858983	0.3747292437951679	0.2502495892662424
0.37502514847745066	0.37469856795903594	0.2502762835635135
0.37508622711680917	0.3746930033194363	0.25022076956375466
0.374972175102633	0.37481196513905507	0.25021585975831206
0.37528743227039474	0.3744891743384844	0.250223393391121
0.37511437700904154	0.3745445989142962	0.25034102407666237
0.3752059260209507	0.3745140106243349	0.2502800633547145
0.37503841581464104	0.37463536018858223	0.2503262239967769
0.37497819641816216	0.374724779112247	0.25029702446959096
0.3750490234974557	0.3748011653920391	0.25014981111050527
0.3749939730101962	0.37480142492326873	0.25020460206653516
0.3749699141560158	0.3747139055045951	0.2503161803393892
0.37521936703889613	0.3744371304682825	0.25034350249282145
0.3750597873872367	0.3746321440339446	0.25030806857881877
0.3750334404318882	0.37466136311730674	0.2503051964508052
0.3750355261305993	0.3746769921925541	0.25028748167684667
0.37505098763319594	0.37460985075055975	0.2503391616162444
0.3750763251773028	0.3746666122634748	0.25025706255922253
0.3749891993573741	0.3747343740224363	0.2502764266201897
0.37505006168504906	0.37463014777035886	0.25031979054459225
0.3750715845054139	0.37463862194721054	0.2502897935473757
0.3752106019700898	0.37451010517414357	0.25027929285576667
0.3749662517350205	0.3748851412515504	0.2501486070134292
0.3750879190034427	0.3747303471597409	0.2501817338368165
0.3751872093871696	0.37447639483791656	0.25033639577491396
0.3749779048439644	0.3747846128121509	0.25023748234388477
0.37524170814540564	0.37445310259400594	0.25030518926058853
0.37507326899550075	0.3745865222291247	0.25034020877537466
0.37517474716382176	0.37463994235007375	0.2501853104861046
0.37506765879119586	0.37466756461394246	0.25026477659486174
0.37504589151359286	0.3746735882236217	0.2502805202627856
0.37498514125983895	0.3747940538831759	0.2502208048569853
0.3752514428792445	0.3744851570148754	0.2502634001058802
0.3752142297692089	0.3746321214501033	0.2501536487806879
0.3752560506473504	0.374420276111196	0.2503236732414537
0.3752219989958637	0.37446587807417636	0.25031212292995997
0.3750888793173629	0.37462579955257314	0.25028532113006413
0.3750626079867146	0.37463296988698036	0.25030442212630516
0.3749819890738202	0.37476613276164905	0.25025187816453087
0.37520231638706647	0.3745340310027634	0.25026365261017025
0.374996076219833	0.37485641346978743	0.25014751031037974
0.37503942070431295	0.3747372217553553	0.25022335754033187
0.37503934787933824	0.374764405696447	0.25019624642421495
0.37521339420383765	0.3746518202697725	0.25013478552639
0.37524046325303095	0.3745277760695249	0.25023176067744424
0.37517205336359355	0.3745731197668617	0.25025482686954487
0.37518803995396144	0.37467258411729065	0.250139375928748
0.375130523080541	0.3746942453726826	0.2501752315467765
0.37525123956393724	0.3745305462792452	0.25021821415681766
0.37515324265637456	0.3745353968670906	0.25031136047653496
0.375014203487678	0.37474175801291243	0.2502440384994097
0.37527938671453887	0.37444192737516085	0.25027868591030034
0.3750820695502271	0.3746342080519444	0.2502837223978286
0.3752882342094238	0.3745422964583417	0.25016946933223455
0.3751455038887727	0.37468614160231256	0.25016835450891484
0.3751243192791888	0.37470660052751625	0.25016908019329503
0.37522358218856994	0.374558195358953	0.25021822245247716
0.37507738631350834	0.3745745373666325	0.2503480763198592
0.37528535361430443	0.3744927593404565	0.2502218870452392
0.3750254435084637	0.37474227308669983	0.2502322834048366
0.37507635219622276	0.37475664518882307	0.2501670026149543
0.37519260828720247	0.3744721256638175	0.2503352660489801
0.3752050652812858	0.3745901922537219	0.2502047424649924
0.3749647462280474	0.37483638736240515	0.2501988664095476
0.375019535905854	0.3748266122903806	0.2501538518037655
0.3749630614066291	0.3748483639430817	0.2501885746502893
0.37498774785170663	0.37466948626088087	0.2503427658874126
0.37503580262185876	0.37474252693538557	0.2502216704427558
0.37523734076042625	0.3744551589132928	0.25030750032628113
0.37515832205258803	0.3746950206225708	0.25014665732484126
0.3752832809515362	0.3744704802925882	0.25024623875587565
0.37528975928363983	0.37453796785822446	0.2501722728581358
0.3752598191061273	0.37448401034464535	0.25025617054922744
0.3752893738645292	0.37457011266278073	0.2501405134726901
0.3752366703515198	0.3744140634700176	0.25034926617846276
0.37514662816397787	0.37458233832048005	0.2502710335155422
0.37527470716598804	0.3745067356630957	0.25021855717091634
0.37498176676981465	0.374716422365975	0.25030181086421044
0.3751018488274907	0.37469891279237233	0.250199238380137
0.3752868135008924	0.37446172441433145	0.25025146208477633
0.37523936253546125	0.3745107438818564	0.25024989358268246
0.37523352062834936	0.37456217875259756	0.2502043006190532
0.3750702440067891	0.3746298158173801	0.25029994017583096
0.37522414675071986	0.3746415088867787	0.25013434436250154
0.37528687070352523	0.3745781600353973	0.2501349692610776
0.3750525899507743	0.3746218963657263	0.25032551368349953
0.37498707811000176	0.3747148283665593	0.2502980935234391
0.3751852013587517	0.37463844138759544	0.25017635725365295
0.37518392875459095	0.37454436756404547	0.2502717036813637
0.37525093250686564	0.3744465881232162	0.25030247936991834
0.3750253485566627	0.3747057909492033	0.2502688604941341
0.3750815673665279	0.37463273581405887	0.2502856968194133
0.37519361462033796	0.3746051988951626	0.25020118648449957
0.37517497612407225	0.3744979793560152	0.25032704451991267
0.375039274180602	0.37469791282809667	0.25026281299130143
0.37507451721528956	0.3746619768465387	0.2502635059381718
0.3751436626818411	0.3745657138165396	0.25029062350161946
0.3749720867240144	0.37483913448469064	0.25018877879129503
0.37498401393039477	0.37486446155959907	0.2501515245100063
0.3750283890499787	0.374621949733246	0.2503496612167755
0.3750727464849752	0.3747065137049187	0.25022073981010623
0.3751157079919974	0.3746425945067182	0.25024169750128444
0.3750993552093803	0.37461906094300895	0.2502815838476109
0.3752428131162248	0.37447521695310176	0.25028196993067353
0.3751260191728127	0.37461169315987386	0.2502622876673136
0.37527870098069255	0.37451129062816946	0.2502100083911381
0.3752530281692874	0.37456901674012016	0.2501779550905925
0.37502540804378004	0.3747095874807866	0.25026500447543343
0.3752363386079346	0.37445468701036894	0.25030897438169664
0.3751250594564552	0.37466254190424353	0.25021239863930134
0.3750840729430015	0.37460358593890786	0.2503123411180908
0.3749567894489351	0.3747465302352578	0.25029668031580726
0.37507744932061887	0.3746802628419935	0.2502422878373877
0.37505015271130215	0.3747638408211669	0.25018600646753103
0.3749598129788776	0.3747310157027991	0.2503091713183234
0.37506222940271194	0.374764540227156	0.25017323037013217
0.37499982874627785	0.3747338456277589	0.2502663256259634
0.3751464019722738	0.37455769605403694	0.2502959019736894
0.37502006765509094	0.37468530539153067	0.2502946269533785
0.3752324472316625	0.37447142805063816	0.2502961247176994
0.3751685842451453	0.3746227522002615	0.2502086635545933
0.3750677001255899	0.3747932033153099	0.2501390965591003
0.3750518622910535	0.37475334949951555	0.25019478820943103
0.37512880497433154	0.37470734652521254	0.25016384850045603
0.3752392763950222	0.3745237557521012	0.25023696785287675
0.3751557112629047	0.37467663414738595	0.25016765458970947
0.375213480343228	0.37447941431197745	0.2503071053447947
0.37524707513373284	0.3745062134565848	0.25024671140968247
0.37498899452307016	0.37467471692092597	0.250336288556004
0.3751855138134539	0.3744909081580164	0.25032357802852984
0.37519205675019884	0.37460561909574386	0.2502023241540574
0.3752132485850395	0.37463416007209566	0.25015259134286494
0.3751016331982954	0.37473353993727576	0.250164826864429
0.37507646936676425	0.3746689753128984	0.25025455532033747
0.37514019912904706	0.37464137536531167	0.25021842550564133
0.37512536332219576	0.37466546865844585	0.2502091680193585
0.3750583254320499	0.3746839897497318	0.25025768481821836
0.37522679748508175	0.3744347651685401	0.2503384373463783
0.37521315813355305	0.37456267232791474	0.2502241695385323
0.3750802082794742	0.37462756472962105	0.2502922269909048
0.37523855166390724	0.3745045968308488	0.25025685150524407
0.37526034624497795	0.37452438625567386	0.25021526749934836
0.37502094117427964	0.3747011769993645	0.25027788182635596
0.37498909789781093	0.3748764921458235	0.25013440995636566
0.37497695861209496	0.3748762894224896	0.2501467519654156
0.3752793676577321	0.37442069985816084	0.2502999324841071
0.37496529112772453	0.37489874255089495	0.25013596632138063
0.37520824587586127	0.37449295590314136	0.2502987982209975
0.3752707093875239	0.3745087297913761	0.2502205608211001
0.375074994184107	0.3747405458110015	0.2501844600048916
0.3749913220469552	0.37467857572394586	0.25033010222909907
0.3750636215720428	0.374753171590497	0.2501832068374603
0.3752787878247852	0.3745170880928723	0.2502041240823426
0.3752707569918773	0.37448150230001487	0.25024774070810796
0.3751006808847357	0.3745809561512764	0.250318362963988
0.37525288185215605	0.3744669606729668	0.2502801574748773
0.3749697193785755	0.37471344823770275	0.25031683238372193
0.3750390741032226	0.374734097593702	0.2502268283030755
0.3752443018696869	0.37462092702764516	0.2501347711026681
0.3749600655895694	0.3747594224052876	0.2502805120051431
0.37504152003410407	0.3747139435249469	0.25024453644094913
0.3749855197744669	0.3747914180709724	0.2502230621545608
0.3750289451948899	0.3747478716570064	0.25022318314810377
0.3750361032081967	0.3746871989214321	0.25027669787037127
0.37506394844748575	0.3746105687373846	0.2503254828151298
0.3751831133286218	0.3744825139244163	0.250334372746962
0.37520113911135633	0.3744950755769643	0.25030378531167946
0.37500225114011054	0.3748197950186083	0.2501779538412813
0.3750021496117685	0.37478336022369585	0.2502144901645358
0.37505408306758536	0.3746277887776347	0.25031812815478005
0.37504283695796864	0.3747007173559052	0.25025644568612626
0.37526074743258675	0.3745383930452042	0.25020085952220916
0.37519352470764894	0.37464910874128515	0.250157366551066
0.37512620258153956	0.37461121791218643	0.2502625795062742
0.37503651028855883	0.3747671833809745	0.2501963063304668
0.37523147279827246	0.37455641301832315	0.2502121141834045
0.37507777154223765	0.3747727157770417	0.2501495126807208
0.3751495622671573	0.37467333792848395	0.25017709980435887
0.3751446162825691	0.37457985659658566	0.25027552712084533
0.3752119533229328	0.3744675689137064	0.25032047776336086
0.3749914655573847	0.3748244773880179	0.2501840570545975
0.37526679594539847	0.37447675102424144	0.2502564530303602
0.37523112730248465	0.37447066212381186	0.25029821057370355
0.37498974431580123	0.3747949556948167	0.25021529998938213
0.3750022089576368	0.37476322645991683	0.2502345645824465
0.3750801117816867	0.37459454611604276	0.25032534210227064
0.37523436953623346	0.3744837271232498	0.2502819033405168
0.37523314521942863	0.37450078515050145	0.25026606963007003
0.37509211307623647	0.3747241072229159	0.25018377970084776
0.3750809006823247	0.37469941096293885	0.2502196883547365
0.37526070234616754	0.37440426042859803	0.25033503722523454
0.37514129191210493	0.3746182506829654	0.25024045740492973
0.3750994853875246	0.37470780463473874	0.2501927099777368
0.37503061576914376	0.37474612325609785	0.25022326097475855
0.37527501674264596	0.37441192520015015	0.25031305805720394
0.37519169312211065	0.37460946109147525	0.2501988457864142
0.3749881519766898	0.37480889002257484	0.2502029580007355
0.3752471677497848	0.3745034545341444	0.2502493777160709
0.37520102557530366	0.37449341214729354	0.2503055622774029
0.3750854017326142	0.37464018834504353	0.2502744099223424
0.3752264393665693	0.37445920890575923	0.25031435172767164
0.37513798429476053	0.37462894971560623	0.2502330659896333
0.3751127480887648	0.37457174080659816	0.2503155111046371
0.3749884801584783	0.3746690712009249	0.25034244864059685
0.3749965544609224	0.3746704272705583	0.2503330182685194
0.37509179856248953	0.374692523974873	0.2502156774626376
0.37505036245392426	0.3747700350296823	0.2501796025163935
0.37520074499896205	0.3746616802529302	0.2501375747481079
0.3752089168548213	0.3745883329278765	0.2502027502173023
0.37521903492748554	0.3744328346974162	0.2503481303750984
0.3752854830806641	0.37438303297675946	0.2503314839425765
0.3750890710345984	0.3746706866712852	0.25024024229411646
0.3752616269309336	0.37448478027130716	0.2502535927977593
0.3750335888729288	0.3746924747702923	0.25027393635677897
0.37505213707601404	0.37460112605028717	0.2503467368736989
0.37521985856808465	0.3745320091363562	0.25024813229555926
0.3749593561094367	0.37471922322103424	0.25032142066952917
0.3751689096757401	0.37457886719162625	0.25025222313263373
0.3750089002134268	0.3746707300911272	0.250320369695446
0.3749617983425541	0.37482828408498403	0.25020991757246197
0.37515076221343174	0.37463609793997765	0.25021313984659066
0.37505063312821957	0.37473466324551674	0.25021470362626386
0.3752424563094242	0.374506398801053	0.2502511448895229
0.37500973847325414	0.3747529526979756	0.25023730882877043
0.3752658918315545	0.374419624538137	0.2503144836303086
0.3752713806069489	0.37455516777261944	0.25017345162043175
0.37517724656040813	0.37448353537976087	0.25033921805983106
0.37499109794143126	0.3747667025081566	0.25024219955041227
0.3752169828430923	0.37458334206729665	0.25019967508961116
0.3752132532683423	0.37443992786796343	0.25034681886369436
0.3750095879947502	0.3748042315576138	0.25018618044763613
0.374964377125358	0.37481827196407036	0.2502173509105718
0.3752138580223499	0.37448512000346706	0.25030102197418314
0.37524032125631207	0.37460763875375347	0.2501520399899345
0.3749955695171153	0.37471655564565093	0.2502878748372338
0.375019435448091	0.37463779358111055	0.2503427709707985
0.3750457274100145	0.37471451816444246	0.25023975442554314
0.375219801608725	0.37446259781904684	0.2503176005722283
0.3750010191219506	0.37467530162583995	0.25032367925220955
0.37500381543682576	0.3747408402010183	0.2502553443621561
0.37527805759411564	0.3745897375157801	0.25013220489010435
0.37500959912731335	0.37477677881734633	0.2502136220553404
0.3750067127346619	0.37473126905581494	0.25026201820952326
0.3749870252406084	0.374732750376667	0.2502802243827247
0.3752271913469557	0.3744771234456691	0.25029568520737533
0.3752080046120874	0.3745350786534197	0.250256916734493
0.37502621152691223	0.3746818173046725	0.2502919711684154
0.37504487556432126	0.37467890411165927	0.2502762203240196
0.37516994467480375	0.3745707240220329	0.25025933130316347
0.3750772331145288	0.3746679433385695	0.2502548235469019
0.3752579485181685	0.3744626534197378	0.2502793980620938
0.3751844517587759	0.374548321850802	0.2502672263904222
0.37512323183441953	0.37464934911598186	0.2502274190495987
0.3751928869689707	0.3745090510802011	0.2502980619508283
0.37520660222160596	0.37447668736339557	0.2503167104149986
0.3750717208282839	0.37471831504008213	0.2502099641316341
0.37495622269882234	0.37485673448561285	0.2501870428155649
0.375104268935434	0.3747374442409617	0.25015828682360436
0.37523181465227573	0.37458895886056465	0.2501792264871597
0.37525785954900853	0.37449720633695993	0.2502449341140317
0.37506833816308033	0.37464008967336765	0.25029157216355213
0.37503603629793886	0.37468877229148434	0.25027519141057697
0.37524029984779445	0.3744845796408535	0.25027512051135214
0.37509646217487913	0.37474034676220574	0.25016319106291524
0.37496047570943075	0.37476877293709776	0.2502707513534716
0.37515611075189553	0.37452215644123177	0.2503217328068728
0.37512402269339173	0.3746958548452024	0.2501801224614059
0.3751048286571491	0.3746424616928835	0.2502527096499675
0.3751245398075758	0.3746244954138923	0.250250964778532
0.375153901359311	0.37464309516325667	0.25020300347743246
0.375083905492011	0.37459749951480115	0.250318594993188
0.375158403188059	0.37462479142770055	0.25021680538424057
0.3749689192600602	0.37488347193920585	0.250147608800734
0.3751500371482339	0.37450604325116765	0.25034391960059854
0.3750331777643273	0.37475120141686896	0.25021562081880383
0.37515766509086457	0.3744992389680132	0.2503430959411223
0.37504481243781973	0.3747878391240026	0.2501673484381778
0.3750349660238936	0.3746409311558061	0.2503241028203005
0.37509556010882084	0.3746937726064959	0.2502106672846834
0.3752237629590272	0.3744248450754951	0.25035139196547784
0.3752681015439786	0.3744899497708769	0.2502419486851446
0.3749911305218031	0.37485241723220397	0.25015645224599303
0.37502619836510426	0.3746242799696783	0.25034952166521757
0.37500308466753945	0.3746472344454812	0.2503496808869794
0.37523968519666695	0.3744367164737563	0.25032359832957685
0.3751957331221326	0.3745530438429589	0.2502512230349086
0.3751455598357273	0.37456394625599126	0.25029049390828156
0.3749635674688849	0.37473259409613463	0.2503038384349806
0.3751899869005717	0.37457538546562064	0.25023462763380777
0.37521335422853724	0.37457261515860574	0.2502140306128571
0.37514404176065685	0.37467012750490203	0.25018583073444123
0.37525202526612755	0.37448621843312274	0.25026175630074987
0.37517251004725444	0.3746231554830361	0.2502043344697096
0.3752660457747361	0.37449425420624555	0.25023970001901846
0.3752732096754701	0.3744172405061814	0.2503095498183486
0.37509909464702984	0.37476111597715794	0.2501397893758123
0.37507401909530963	0.3746779038537391	0.2502480770509514
0.3752536661141779	0.37441505061819425	0.250331283267628
0.37522909495115525	0.37458900307970416	0.2501819019691407
0.3752385098920956	0.3745956943158903	0.25016579579201415
0.37525174704593645	0.37440908927432137	0.2503391636797423
0.37504329049703145	0.37472927578392445	0.2502274337190442
0.3752166656078757	0.37449047886333886	0.25029285552878555
0.3752457505801839	0.37441187173240786	0.25034237768740836
0.3750101096152	0.3747611385400751	0.25022875184472504
0.3752161342985078	0.37452891355560214	0.25025495214589016
0.37510956815376245	0.37470899016902365	0.250181441677214
