0.3472627159801514	0.4072649167184098	0.24547236730143893
0.3478898820214593	0.40732117250565547	0.24478894547288532
0.35068013845126766	0.39807883743764283	0.2512410241110896
0.34716413391369894	0.40019366220277963	0.25264220388352154
0.3451102108614204	0.40247658313424406	0.2524132060043357
0.3525401709644187	0.40259356291391335	0.24486626612166804
0.3482957227919966	0.4004225942899534	0.25128168291805014
0.3519297241361486	0.3948250679067837	0.25324520795706784
0.3455556872132442	0.4050551769647654	0.24938913582199052
0.34638515400270825	0.4015844274010279	0.25203041859626396
0.34778688890305354	0.4030991274580582	0.24911398363888837
0.3551968115670168	0.39842165523326123	0.24638153319972206
0.3525286986195648	0.39958507991883774	0.24788622146159756
0.34790815599273944	0.4008945107926614	0.25119733321459925
0.350025176735404	0.40404922477717664	0.24592559848741952
0.3480582598124858	0.4000777046160353	0.25186403557147896
0.3488853303928315	0.40506574327968475	0.24604892632748382
0.34578181050981355	0.4015567612871357	0.2526614282030508
0.35222790261651354	0.40075488498485623	0.24701721239863036
0.34771954862829796	0.40665742992350135	0.24562302144820078
0.35213115215886814	0.40034098146839303	0.24752786637273894
0.3495292650432707	0.4060259154425333	0.2444448195141961
0.34461726240339474	0.40923141422281656	0.2461513233737888
0.34851315801717486	0.40435837743166425	0.247128464551161
0.3550383402528797	0.3968733611634465	0.24808829858367387
0.3536325381466115	0.40113974859143214	0.24522771326195647
0.34485205984825845	0.40876679977827596	0.2463811403734657
0.34541380504653557	0.4068031147893861	0.24778308016407846
0.3537237701948367	0.396101218720261	0.25017501108490237
0.35361582060186975	0.3991470537589054	0.24723712563922495
0.3475616346837366	0.4054995657642505	0.24693879955201303
0.3446422079050044	0.40211635752730784	0.2532414345676879
0.35274382748478794	0.3986331014648692	0.24862307105034293
0.3502609720011973	0.4017681258461843	0.2479709021526185
0.3453592033049379	0.4092454807554242	0.24539531593963798
0.3505813242404673	0.3988914795462711	0.25052719621326175
0.35394917297711403	0.40094660848515373	0.24510421853773232
0.3496995212479916	0.402924126790984	0.2473763519610245
0.34718580545014105	0.40041564155026854	0.2523985529995905
0.35142214693995477	0.3985531606215291	0.2500246924385162
0.3490159837854786	0.3987861709140733	0.2521978453004482
0.3464796535620943	0.40159448845497747	0.2519258579829283
0.3499988859970321	0.40551675391475317	0.24448436008821484
0.34928651487052687	0.4023126826122857	0.24840080251718755
0.34476060504829875	0.40723225822219805	0.2480071367295033
0.3468195827445956	0.4074380944007012	0.24574232285470327
0.34555504872696846	0.4083548119728081	0.24609013930022355
0.3474450357310541	0.4070513252948851	0.24550363897406088
0.34627341304502374	0.4046857075668542	0.24904087938812217
0.3511495636979686	0.40283318984036204	0.24601724646166945
0.3467435622232859	0.4063441489775581	0.2469122887991561
0.35333302895209956	0.3990198690817959	0.24764710196610468
0.3495265693533263	0.40471659650775915	0.24575683413891466
0.3498902794434041	0.39852431379272907	0.2515854067638669
0.35160236333874656	0.40298324390604734	0.24541439275520618
0.34953995341274585	0.40036169199267935	0.25009835459457497
0.3497891337429538	0.4051156916566695	0.24509517460037678
0.351730916171312	0.39806023857710515	0.25020884525158293
0.35258405843599105	0.4011435670220977	0.24627237454191134
0.3461699047209728	0.40068686820195365	0.2531432270770737
0.3454076197969768	0.4018953929484277	0.2526969872545956
0.3476740446726472	0.40248523073621184	0.24984072459114115
0.3464724838169047	0.4037697090988906	0.2497578070842048
0.34708127895955626	0.4012156728157227	0.25170304822472117
0.3503459050142592	0.3970295313241292	0.2526245636616117
0.35359580088240083	0.3960235063171631	0.2503806928004362
0.34578832642950347	0.4043572996473002	0.24985437392319643
0.34901841036798203	0.40233332436088853	0.2486482652711296
0.34861098730964735	0.40707819084138536	0.2443108218489674
0.35195726372591296	0.39537896923007393	0.2526637670440132
0.35467446629777033	0.3952076300643069	0.25011790363792286
0.34690294396386867	0.40742676883372586	0.24567028720240558
0.3454472931600988	0.40668145913224063	0.24787124770766067
0.34833958657926123	0.40141326813549594	0.25024714528524294
0.3482357622739834	0.4070077030418559	0.2447565346841608
0.35477376440448366	0.4009595952937126	0.2442666403018038
0.34946039084044417	0.40593289663721854	0.2446067125223374
0.3506403267575089	0.4026692837314618	0.2466903895110294
0.35339712727052625	0.3940242787464182	0.2525785939830557
0.34580964946490494	0.40636413428130275	0.2478262162537924
0.3463864815554447	0.40629824748487964	0.24731527095967576
0.3472037946443645	0.40216519738962553	0.25063100796601
0.3499036204546862	0.4044354253831847	0.24566095416212916
0.35072828211864515	0.4051220256509561	0.24414969223039884
0.3465208081102755	0.4060779735799488	0.2474012183097758
0.3542049580305068	0.40060382180826515	0.24519122016122816
0.3469394112392046	0.4033265066800059	0.24973408208078957
0.34641347363499503	0.40197763847899864	0.25160888788600644
0.34743256610057066	0.40404439724553975	0.24852303665388972
0.35353757119034435	0.3944471917773563	0.25201523703229944
0.35058678840335766	0.3991395938590877	0.2502736177375548
0.35475057564856705	0.39478583614769025	0.25046358820374287
0.3488417967326533	0.40215345863938345	0.24900474462796338
0.3546491554068896	0.3992798981310913	0.24607094646201916
0.3453344254288085	0.4079496988379391	0.24671587573325254
0.34828928908345325	0.40711296927807894	0.2445977416384679
0.35438039782278585	0.3976646951844135	0.24795490699280082
0.3499859288967694	0.40231754900295014	0.24769652210028065
0.3476949519874103	0.3992640632128468	0.2530409847997431
0.3551093791759573	0.395225825204224	0.24966479561981875
0.3492588412094535	0.40638669279704176	0.2443544659935049
0.35158816587480857	0.3982573163395216	0.25015451778566994
0.34709669980919833	0.4004532738423261	0.2524500263484757
0.34801618039960486	0.40721649549323374	0.2447673241071615
0.34857650079673425	0.4053738297660036	0.24604966943726225
0.34973674688747763	0.3993093317966166	0.2509539213159059
0.3535053947070128	0.40155081533677517	0.24494378995621216
0.35396062681347423	0.4003979723923624	0.24564140079416347
0.3456503862231126	0.40397329875552807	0.25037631502135943
0.34841576209124486	0.39921562163515445	0.2523686162736008
0.3461838294378971	0.40156987219147194	0.25224629837063106
0.35450726099853513	0.39535522000991863	0.25013751899154635
0.34936746463318447	0.40296953733134877	0.24766299803546687
0.3463419739246641	0.4009504227336873	0.2527076033416487
0.3469165703653433	0.4014156824712906	0.2516677471633662
0.3514880060565607	0.3969533380162662	0.2515586559271732
0.3537769303171804	0.3980571620275417	0.24816590765527805
0.3464561358036907	0.40736664391402067	0.2461772202822887
0.3479098016328847	0.40457546649086773	0.2475147318762477
0.3479041211190077	0.4033459167792446	0.24874996210174782
0.3538509746809925	0.39559209300378284	0.25055693231522475
0.35423026068705643	0.3999012946870151	0.24586844462592863
0.34902015477641984	0.3976666708812621	0.25331317434231815
0.3454953760499566	0.4043745064678632	0.2501301174821803
0.3478564342560976	0.40679125332810406	0.24535231241579847
0.3504866836932732	0.3986289564221234	0.2508843598846035
0.3551660236640571	0.39732560859666505	0.24750836773927798
0.35252583491383305	0.40032762042726466	0.2471465446589024
0.3537067889996936	0.4009618433119615	0.24533136768834496
0.3454045259418071	0.40198564900193623	0.2526098250562568
0.35346258221877797	0.3953767974202189	0.25116062036100323
0.3465830115538265	0.4001426732293113	0.2532743152168624
0.35197637841057444	0.399220207877695	0.24880341371173062
0.3531976845519232	0.40068565207215295	0.24611666337592394
0.34660589860805086	0.4068053704034746	0.24658873098847467
0.34496236296597854	0.4057207123105279	0.24931692472349362
0.3509835654677224	0.40054650785066076	0.24846992668161694
0.3471890980499313	0.4002105125914418	0.252600389358627
0.34925613822574425	0.4012575784811416	0.24948628329311429
0.351123679941789	0.39726599447046007	0.2516103255877511
0.34881004992805065	0.40283631001517695	0.24835364005677252
0.3525306486606194	0.3990259916078104	0.24844335973157033
0.34668253738959265	0.4022840434802008	0.25103341913020666
0.3478445812308539	0.40227851679408877	0.24987690197505752
0.3522610737323367	0.3969593942257069	0.2507795320419564
0.3511469459752379	0.39989995682354285	0.24895309720121933
0.3482923163613554	0.40235718512057617	0.24935049851806854
0.35126599989784085	0.39708094847068315	0.2516530516314761
0.3448005542943257	0.4093946883518226	0.2458047573538518
0.3499783874486277	0.40164225847618507	0.2483793540751873
0.35214779951527664	0.3995902755978364	0.2482619248868871
0.34594703217430356	0.40146931266432445	0.2525836551613721
0.3467168592543021	0.4060575853408266	0.2472255554048714
0.3511526405767271	0.39569376685714386	0.25315359256612907
0.3523903524327568	0.3973163003002257	0.2502933472670177
0.34618663948584644	0.40622219329558534	0.24759116721856833
0.3487625689195944	0.40415780611903207	0.24707962496137365
0.3480274932389529	0.4043372755528667	0.24763523120818048
0.34990580731016085	0.4020914431899688	0.24800274949987045
0.353566529091793	0.3976599327197977	0.24877353818840942
0.35410389703437584	0.39635859998793016	0.24953750297769411
0.34888453922896606	0.40449872688493127	0.24661673388610278
0.34492855447520254	0.4079053353789863	0.24716611014581125
0.35426176475921456	0.40100230617130195	0.24473592906948366
0.348693940328029	0.3981758516874587	0.25313020798451247
0.35362500471537506	0.3946213437082756	0.25175365157634944
0.3482845365544265	0.4009113594890813	0.2508041039564924
0.35145204616454556	0.4031157170799837	0.2454322367554708
0.3547594245072871	0.3937954042757795	0.2514451712169335
0.3483105628971571	0.4043171466748129	0.2473722904280301
0.3494022890138762	0.40539091785560233	0.24520679313052152
0.34829822330248056	0.4042167391401434	0.2474850375573762
0.34468954306354216	0.4050762950870443	0.2502341618494137
0.35329916869813993	0.39770653911819986	0.24899429218366034
0.3480279897256592	0.4075937846929519	0.24437822558138905
0.34830240251925304	0.4050203884214099	0.24667720905933715
0.34521832813717246	0.40364948555397406	0.2511321863088536
0.34649244824365	0.4088441755672482	0.24466337618910186
0.3511694450769347	0.400648324053147	0.24818223086991842
0.35352977237133576	0.3953838612493494	0.251086366379315
0.35025067127838794	0.40566248637218427	0.24408684234942785
0.34661579567058753	0.4016812187197486	0.251702985609664
0.34895274954619254	0.40598126514820654	0.24506598530560103
0.354691848506813	0.39372666851343036	0.2515814829797567
0.3457352806230522	0.4051779562321184	0.24908676314482953
0.34646439607121593	0.40566241561750305	0.24787318831128113
0.35374253652809967	0.3944224358877346	0.2518350275841658
0.3519911174098927	0.3949307722219188	0.2530781103681886
0.3494851713852396	0.40278424276369007	0.24773058585107044
0.3450628402996019	0.4050196519877179	0.24991750771268034
0.3548779138770596	0.39756304797376596	0.2475590381491746
0.35294853071550775	0.4015225287482138	0.24552894053627855
0.35237181174832216	0.3989083603728111	0.24871982787886693
0.34969462235219684	0.4009118935346133	0.24939348411319
0.35358176913307343	0.39679433144925913	0.24962389941766752
0.3511777994293353	0.40244915438150797	0.24637304618915684
0.3473865968299931	0.4057965463031565	0.2468168568668505
0.34607807221509035	0.40940288424079785	0.2445190435441119
0.3453712628783247	0.4092687118854986	0.24536002523617678
0.34599588511911594	0.4065538629245978	0.24745025195628637
0.34936957235340316	0.40551911127987794	0.24511131636671907
0.3513141234933411	0.39807237042262344	0.25061350608403554
0.35364570511702964	0.3975801509305083	0.24877414395246222
0.35261062963330253	0.4030720481004049	0.24431732226629266
0.3462853292992858	0.4022771073967614	0.25143756330395295
0.3460172488501704	0.4026342715931682	0.2513484795566615
0.3507756623857147	0.40030928418095707	0.24891505343332831
0.3552466825539511	0.39717149606788604	0.247581821378163
0.3471413470924864	0.4064133689671861	0.24644528394032764
0.34742741285812795	0.39989695709247636	0.2526756300493958
0.35222454522819546	0.3948362613464142	0.2529391934253904
0.3498076978345869	0.4030470311285742	0.247145271036839
0.34784184708979704	0.40794688653091465	0.24421126637928844
0.34851913190365513	0.406279901960215	0.24520096613612993
0.34535711536871944	0.40664789215737995	0.24799499247390075
0.3466495366065754	0.4080600141777001	0.24529044921572463
0.35291962715533826	0.40131190799783245	0.24576846484682943
0.3532533944238574	0.39867614454484634	0.24807046103129637
0.35057344634506804	0.4000208545865968	0.24940569906833523
0.35109458490622014	0.4015191416428053	0.24738627345097464
0.35294858028551523	0.3950391151842332	0.2520123045302517
0.35461041868844956	0.3940355798937364	0.25135400141781417
0.34548421614709374	0.40363729234597456	0.25087849150693176
0.3482232710759394	0.40118875781236585	0.25058797111169484
0.3522388098299532	0.39766019971602473	0.2501009904540222
0.35184316920106423	0.39528889028968806	0.2528679405092478
0.34897552004178406	0.4060414900106365	0.24498298994757953
0.348664547904555	0.40681519490277196	0.24452025719267317
0.353401322345553	0.39800856254734973	0.24859011510709736
0.35304871386509123	0.39486770189290965	0.25208358424199917
0.3454246625209844	0.404385861685158	0.2501894757938577
0.3530592250505458	0.4004269737755399	0.24651380117391442
0.34898297780717646	0.40286037235364636	0.24815664983917735
0.35204202462799783	0.3980871614441288	0.24987081392787347
0.35279919249818675	0.3994101913629947	0.24779061613881861
0.3479856043789942	0.4054459093940609	0.24656848622694502
0.34828467374174293	0.4013608276412671	0.2503544986169901
0.35032241408100995	0.3964034169659791	0.2532741689530111
0.34582734736773446	0.408596476951372	0.24557617568089363
0.3449195981874953	0.40183639983344355	0.2532440019790612
0.3460226388134476	0.400709925278207	0.25326743590834555
0.3502496651143968	0.40111848580189224	0.24863184908371103
0.34716072831776634	0.4066890284780835	0.24615024320415024
0.34628878102010474	0.40158686894781714	0.2521243500320782
0.34554940250649707	0.4073000274649531	0.24715057002854995
0.34692249796588204	0.4049240590334297	0.24815344300068834
0.3515681013057522	0.39792516519278365	0.25050673350146424
0.34977977804337473	0.4014657839261989	0.24875443803042646
0.354477307612663	0.3993123937882257	0.24621029859911142
0.3447536957436325	0.40346486084464767	0.25178144341171993
0.35394394694024406	0.39991372120272817	0.24614233185702786
0.3495120865916254	0.3984560904648606	0.2520318229435141
0.3449679672131068	0.4048255898015957	0.2502064429852976
0.3525717814324985	0.4030185451099286	0.24440967345757297
0.3530560161761846	0.3952120057328968	0.2517319780909187
0.3488325789253195	0.40522076997256934	0.24594665110211134
0.3513250897143864	0.3958968138695995	0.2527780964160141
0.3521480251832315	0.3988136432163231	0.2490383316004455
0.3470271444185961	0.40795686694863054	0.24501598863277346
0.35233133420447327	0.3952030578444686	0.2524656079510582
0.34632828010225253	0.4006964705947698	0.25297524930297777
0.3468184788294265	0.40384579140991117	0.24933572976066246
0.349307537478429	0.401007518674877	0.2496849438466941
0.3489088374426726	0.4025581821089085	0.24853298044841904
0.35469034882236555	0.3951898162930707	0.2501198348845638
0.3459249243884506	0.4019946750565341	0.25208040055501535
0.3493403589235886	0.40587081571793754	0.24478882535847396
0.3505936380251411	0.4045886952947394	0.24481766668011962
0.34949712636324565	0.40448229354639076	0.2460205800903637
0.3481896635756173	0.4013090963251337	0.2505012400992491
0.35525216006814264	0.3999183692359003	0.24482947069595717
0.34946215949551723	0.40089075265003066	0.24964708785445222
0.351354525824073	0.40088384667620514	0.24776162749972197
0.3495490799126643	0.403100355738646	0.2473505643486898
0.3473052258822864	0.39939688262523615	0.25329789149247756
0.35062307472619797	0.4028468476889815	0.24653007758482062
0.35071691583631864	0.40500793151645487	0.24427515264722657
0.3553562593816426	0.3972577296855744	0.24738601093278317
0.3478675439346911	0.4074834389617613	0.2446490171035477
0.3531085699533471	0.39929347087687617	0.24759795916977684
0.35349365167694563	0.39922571800096845	0.24728063032208603
0.34605145704793255	0.4012718597501374	0.25267668320193015
0.3510956624438194	0.399984841861694	0.24891949569448674
0.35482012030443644	0.39364476037714113	0.25153511931842254
0.34694478899784253	0.40409464096872527	0.2489605700334323
0.34973432382123265	0.40231752467116055	0.2479481515076069
0.349610495585612	0.40546340857706153	0.24492609583732655
0.350969057456399	0.40224952209686127	0.24678142044673979
0.3542978176715504	0.3997710105924619	0.24593117173598786
0.3500109564939359	0.403521487703714	0.24646755580235022
0.3472690864269548	0.4009966890479858	0.25173422452505956
0.35413841463126083	0.3977264663149133	0.24813511905382593
0.350155916081995	0.4039205984060361	0.24592348551196902
0.34811848751858226	0.4070826334120725	0.24479887906934528
0.35005765153008195	0.39942371343123384	0.2505186350386843
0.34531470572057954	0.40810693433492384	0.2465783599444967
0.3462568694088401	0.40798489438815133	0.24575823620300863
0.3456404057902496	0.4031886092573185	0.251170984952432
0.35091117911991065	0.4006880147410348	0.24840080613905463
0.35078342724815864	0.4015461748114748	0.24767039794036666
0.34595716967141077	0.40930839941749586	0.24473443091109343
0.35520557786098594	0.40059303782038286	0.2442013843186313
0.35509057267319244	0.3979389261133326	0.24697050121347508
0.3497300136837661	0.40430799174244386	0.24596199457379014
0.3463782390554238	0.40679744591595746	0.24682431502861885
0.3518434242381871	0.39808101333568946	0.2500755624261235
0.34973565057168465	0.40325295455632126	0.24701139487199417
0.34767012474919934	0.4017392769113276	0.25059059833947317
0.3447547890167316	0.41001914114200233	0.24522606984126616
0.35193470049822934	0.39684024839070237	0.2512250511110684
0.3492487593367473	0.39930644307303464	0.25144479759021815
0.34717632264706944	0.407420752570636	0.24540292478229475
0.3512907080952271	0.40078062659678787	0.24792866530798513
0.34900801031590584	0.40020332306691436	0.2507886666171799
0.3459628060441931	0.4076583895172839	0.2463788044385231
0.3500543068023844	0.40422850148358447	0.24571719171403122
0.34717146081099814	0.4054064833303378	0.24742205585866417
0.35225182266199334	0.39545342641485914	0.2522947509231476
0.3498444284301347	0.3998506908723289	0.25030488069753654
0.35479220323245836	0.3962263955865371	0.24898140118100465
0.34868984464358443	0.4011184056746977	0.2501917496817179
0.35341392179971726	0.3990278693811612	0.24755820881912166
0.3540212743007891	0.40157536313406317	0.24440336256514783
0.35261426223635345	0.4000911751554278	0.2472945626082188
0.346349506742162	0.40574301398598944	0.24790747927184864
0.3468338348866229	0.40324016598880336	0.24992599912457392
0.34647818065230784	0.40184936014271766	0.2516724592049746
0.35424742178624896	0.40093318733990757	0.2448193908738436
0.3456519017905125	0.4066037041979659	0.24774439401152176
0.35043338840291066	0.4009609796599688	0.24860563193712062
0.34860353268079586	0.4013048234261436	0.2500916438930606
0.3460106300636407	0.4030406419004211	0.25094872803593826
0.3458194474078079	0.40882835466895184	0.24535219792324037
0.3553320781362155	0.39763055029384203	0.24703737156994254
0.35365360741085256	0.39623910157505826	0.25010729101408935
0.3520788283404417	0.398867376028979	0.2490537956305795
0.345329943841615	0.4027843197453047	0.25188573641308043
0.3456019216930353	0.40824828917995404	0.2461497891270108
0.3508589578317396	0.4025320503118708	0.2466089918563898
0.34877530270300844	0.405816849046538	0.24540784825045367
0.3518889879600991	0.4024461494159628	0.24566486262393822
0.34508400474418066	0.4080814884524989	0.2468345068033205
0.3519111528315271	0.3978057611618137	0.2502830860066593
0.34835626750732573	0.4019570120200888	0.24968672047258553
0.3495912363072958	0.40486114164722653	0.24554762204547773
0.3457095776243694	0.40179281064527234	0.2524976117303584
0.34530586528689755	0.40511818968073604	0.24957594503236652
0.3527828841772275	0.3989651569888902	0.2482519588338824
0.3519772980119736	0.39636315275642425	0.2516595492316023
0.3513766317602124	0.39561158258100115	0.2530117856587866
0.34946751906364604	0.39829966928825355	0.2522328116481005
0.3446780901011849	0.4080461914986061	0.24727571840020912
0.35109858032402635	0.4031114338543741	0.24578998582159972
0.35297587790326246	0.4008594460303931	0.24616467606634454
0.35520034299716935	0.3972356665174086	0.24756399048542216
0.3537917907602273	0.3985363580778858	0.247671851161887
0.3484126674836878	0.39865931078744343	0.2529280217288689
0.35530441848897587	0.3966077442433533	0.24808783726767086
0.35233300176663035	0.40215993947185263	0.24550705876151713
0.3468702628700088	0.4044567520875141	0.2486729850424772
0.3551184369486188	0.39546570753603166	0.24941585551534967
0.34793544802327925	0.4043611232420463	0.24770342873467455
0.34630457068020487	0.4054973176249897	0.24819811169480555
0.35029531312244205	0.39771357049041123	0.25199111638714683
0.35312362175814604	0.39641505923273257	0.25046131900912144
0.3489483207878353	0.4054308179931496	0.24562086121901522
0.3551498504659155	0.3966102272452142	0.2482399222888704
0.3513446584319729	0.3961847951653373	0.25247054640268995
0.3495017163280002	0.40075645182115843	0.24974183185084153
0.3465225473974986	0.4065746764705319	0.2469027761319696
0.3475584724431435	0.4060548160893896	0.24638671146746705
0.3537593705997962	0.40153283010060253	0.24470779929960143
0.347621464366246	0.40693994999948246	0.24543858563427162
0.35306963081637605	0.40089388207072046	0.24603648711290366
0.3467678553388092	0.4030837064637748	0.2501484381974161
0.349366705628666	0.3987466576925703	0.2518866366787638
0.35210222555225607	0.4030633609435186	0.24483441350422547
0.3498326841728677	0.40014950960741313	0.2500178062197192
0.3537091968937982	0.39928871258274834	0.24700209052345357
0.3504303170268641	0.4028539296114778	0.24671575336165819
0.34871416640763786	0.40419382019693206	0.24709201339543016
0.3458798026518357	0.40822809259390946	0.24589210475425494
0.3478102020224773	0.4027969022308031	0.2493928957467197
0.3450713993008117	0.4089972292127049	0.24593137148648347
0.3494061219664322	0.40469430953010754	0.24589956850346037
0.3544028359483265	0.39872679188534105	0.24687037216633256
0.3466069625579305	0.4077220576802262	0.24567097976184343
0.3550122580826349	0.3979838346960037	0.2470039072213615
0.3505865627229918	0.4013835152227741	0.2480299220542342
0.3538895638400809	0.4012809707901342	0.24482946536978506
0.35155442353470884	0.40197963356099536	0.24646594290429594
0.3446405453954194	0.40429816838489985	0.2510612862196809
0.35203764776488544	0.4001669014064605	0.24779545082865417
0.34868825579170143	0.4049884062312641	0.24632333797703465
0.34554927774120753	0.4025446172254513	0.2519061050333413
0.3529339166450856	0.3987595358176603	0.24830654753725417
0.3481458579628268	0.40278986340403555	0.24906427863313774
0.34904018237754814	0.39947795486341453	0.25148186275903744
0.3488045595166246	0.4052478239849264	0.2459476164984491
0.3465598381337841	0.40933678321063105	0.24410337865558496
0.3509471020006273	0.40089291494337165	0.24815998305600118
0.3481226155756894	0.4051682861998642	0.2467090982244465
0.3526182926836452	0.4026910333274159	0.24469067398893896
0.35493414030803316	0.39520831526664657	0.24985754442532032
0.347556008548757	0.40461286025679044	0.24783113119445266
0.35115863894011956	0.4013858527295598	0.24745550833032076
0.34497449805362834	0.40431160526877896	0.2507138966775928
0.35062130171443684	0.40154991255577477	0.24782878572978853
0.3481575412414858	0.4036597488730003	0.248182709885514
0.35025173303483026	0.4047774859768398	0.24497078098833
0.35156246584979184	0.4036850050652179	0.2447525290849904
0.34874840062774926	0.4008606457948923	0.25039095357735863
0.34916510188214117	0.399762415759388	0.251072482358471
0.3447425438973859	0.4059028064432775	0.24935464965933668
0.3487427941083631	0.39975365418385467	0.25150355170778227
0.3504940434723646	0.3973759472807701	0.2521300092468654
0.3527659339421054	0.40256851893864765	0.244665547119247
0.3512215015524917	0.4013156853923875	0.24746281305512097
0.3514264381384965	0.3982889418633503	0.2502846199981533
0.34816706642880946	0.402225567050973	0.2496073665202177
0.35053473004689556	0.4049814921462583	0.24448377780684627
0.34570326851657235	0.4069254743443542	0.24737125713907354
0.3489675869535122	0.39795893193167164	0.2530734811148163
0.34915347296221355	0.40280052038213704	0.24804600665564958
0.34461352468823625	0.4090673733042727	0.24631910200749116
0.3539750523730859	0.3960597399425854	0.24996520768432876
0.35249202103817784	0.4023659113537962	0.24514206760802612
0.35131921166831775	0.3987010350222725	0.24997975330940986
0.34565965969310625	0.4087338526184813	0.2456064876884126
0.3484170007828148	0.4013638937350493	0.250219105482136
0.3525074082493334	0.3943783088321955	0.2531142829184712
0.3496454067099074	0.40491776505297594	0.24543682823711682
0.35480631312887084	0.39520918085742135	0.24998450601370792
0.35469353717638885	0.3994817075241695	0.24582475529944176
0.35047644565034475	0.39733476008199425	0.2521887942676611
0.34643270430871204	0.40128231951980237	0.2522849761714857
0.35461382611524983	0.39762753767588443	0.24775863620886585
0.3480464588989812	0.39868452468617144	0.2532690164148475
0.35073122466773854	0.3968874578641258	0.25238131746813575
0.34491134068423207	0.4044763070230649	0.2506123522927032
0.3466942396468208	0.40199211604010543	0.2513136443130739
0.34737310370032526	0.40008675942022154	0.2525401368794533
0.3465114890943314	0.4003318687964334	0.25315664210923533
0.34833728406801934	0.39890984550322545	0.2527528704287553
0.3520329883187536	0.39976049105027184	0.24820652063097465
0.34853401290107344	0.40631468381793656	0.2451513032809901
0.3471468834597004	0.40222863856285535	0.25062447797744436
0.3478021970054943	0.40466583928625116	0.24753196370825464
0.34965955050364284	0.39856593029586324	0.251774519200494
0.34975924099076605	0.4031664778054545	0.24707428120377958
0.3485482622973217	0.3985498241069143	0.2529019135957641
0.344911300578301	0.40656139626839677	0.24852730315330235
0.34802913964724946	0.40234316113193724	0.24962769922081335
0.3528471962635511	0.39971302923096896	0.24743977450548005
0.34638341197577927	0.4014414545930814	0.25217513343113945
0.34742606306111123	0.4076649639597659	0.2449089729791229
0.3510658420126373	0.3982644448628075	0.2506697131245553
0.3499599329552648	0.40115093860621454	0.24888912843852082
0.3488715005479588	0.4063332931845041	0.2447952062675372
0.35015469054796394	0.4020140056151876	0.24783130383684857
0.3533274567547164	0.39936224381837093	0.2473102994269128
0.34663414800400316	0.40091269499513627	0.2524531570008607
0.34821061995552954	0.4060150021783779	0.24577437786609266
0.35088955022952983	0.3990351777210026	0.25007527204946767
0.35050639156509095	0.40187582249176723	0.24761778594314193
0.3459902128075071	0.40172342656324433	0.2522863606292487
0.3494972162611222	0.39845287824980813	0.2520499054890698
0.3552102177324614	0.39510557194700285	0.24968421032053584
0.35308819572657785	0.4007659625313189	0.24614584174210336
0.3519702194807856	0.39482776668630065	0.25320201383291385
0.3453813805740653	0.4078302147461567	0.24678840467977814
0.3497772626316702	0.40280745672119656	0.24741528064713333
0.3522456020235396	0.3956608806715682	0.2520935173048923
0.3463072360330376	0.4023003090049461	0.25139245496201634
0.3468864817318471	0.404728301426996	0.248385216841157
0.34486833603797556	0.40422447383103766	0.25090719013098683
0.3521704320732368	0.39997999312510524	0.2478495748016581
0.3456189081195684	0.40186537682891343	0.25251571505151826
0.34873009847544334	0.40676624318927346	0.2445036583352833
0.3477333917873893	0.39950883584675634	0.2527577723658544
0.35417155741586404	0.39986144818218833	0.24596699440194775
0.3536497231104773	0.39518890624718245	0.25116137064234034
0.34585344940538715	0.40429645381774704	0.2498500967768659
0.3447864934251069	0.40602583096442657	0.24918767561046667
0.3551789139568559	0.3954958485532554	0.24932523748988877
0.35382995260015854	0.39709559352748647	0.24907445387235508
0.35388299879697294	0.3950653669812596	0.2510516342217676
0.35113883796507506	0.4020739078674581	0.2467872541674669
0.34540521931422474	0.40499663971758804	0.24959814096818733
0.35247987295250216	0.4010552978690188	0.24646482917847914
0.3485792034456191	0.39992083768576986	0.25149995886861115
0.34484743107692456	0.40373572518888523	0.2514168437341904
0.3512743840427812	0.40435862513932036	0.24436699081789853
0.34836748317615407	0.40393030718905226	0.2477022096347938
0.3517049703290334	0.3977402821120577	0.25055474755890894
0.3455940868751952	0.4072471496846549	0.24715876344014998
0.3533421237388119	0.39951055468968233	0.24714732157150582
0.3538434224686271	0.3940778497467882	0.2520787277845848
0.34672498143509983	0.40863396314947287	0.2446410554154274
0.3486591802630382	0.40418646789066914	0.24715435184629278
0.34486192170060304	0.4019941474195367	0.25314393087986037
0.35397551487907275	0.39803531058639885	0.24798917453452846
0.35520682578601503	0.3999298530841974	0.24486332112978768
0.35423373318859824	0.39902820384451587	0.24673806296688602
0.355202607640094	0.39454760655905563	0.25024978580085055
0.3490060955092546	0.4068387864961801	0.2441551179945654
0.3464725476887204	0.4052186399844858	0.24830881232679392
0.3535415598437058	0.3937953255602932	0.25266311459600116
0.3536807762028946	0.39483873223088545	0.2514804915662201
0.35284241494383983	0.40177072652678647	0.2453868585293738
0.3476581717102768	0.40056636306657495	0.25177546522314836
0.34898559940290563	0.4033011986071032	0.2477132019899913
0.3477089491942767	0.3990694565783331	0.2532215942273903
0.3542188055508042	0.4009341402150012	0.24484705423419473
0.34755024328905576	0.4081773536516101	0.24427240305933426
0.3450727941168121	0.4034554643817935	0.2514717415013945
0.348651381590525	0.39949772899140523	0.2518508894180699
0.35404055043424504	0.3982357067859803	0.24772374277977477
0.35391396963008176	0.39650952253907223	0.24957650783084612
0.349681053452881	0.4057821874958635	0.24453675905125571
0.3552563168363786	0.3974263917175277	0.24731729144609382
0.34910649879618544	0.40005736154705634	0.25083613965675833
0.35003260607700276	0.40213498819866483	0.24783240572433252
0.3508823692986863	0.3980565908584855	0.2510610398428283
0.350128660424199	0.40194271136483717	0.24792862821096393
0.35461122442220433	0.39998064637792535	0.24540812919987043
0.34922677579322	0.4039055848724843	0.24686763933429584
0.3467064613336354	0.4083871516549217	0.24490638701144302
0.34891912368114364	0.4057975118476429	0.2452833644712136
0.34620756544812137	0.40500839945297507	0.24878403509890373
0.35359556026632516	0.40062251567652307	0.24578192405715188
0.35041988874336927	0.40538756146872656	0.24419254978790428
0.3514634032537647	0.4036116706384698	0.24492492610776562
0.3457722582739748	0.4067298696418193	0.24749787208420604
0.3482109831463212	0.40037662170408184	0.2514123951495971
0.3534959711517583	0.3949503683333314	0.2515536605149104
0.348176969513544	0.39955958833856664	0.2522634421478894
0.3448714884126124	0.40561403583259603	0.2495144757547917
0.34597910603312804	0.4011770620718687	0.25284383189500337
0.34769786244438206	0.4027950540849293	0.24950708347068873
0.35370731031376557	0.3953272076503345	0.2509654820359001
0.3494449282943694	0.398780570342971	0.25177450136265966
0.35413340721539216	0.40022057347108686	0.2456460193135211
0.3532410200878934	0.39532953530378084	0.25142944460832595
0.34973163071144037	0.4025698045239735	0.24769856476458627
0.349285073227459	0.40437956492585186	0.24633536184668925
0.35091389958580566	0.3994532430549333	0.24963285735926116
0.3541032039104564	0.39524965319380395	0.25064714289573975
0.3541774123057411	0.3952222481877933	0.25060033950646565
0.3514416355056182	0.39983996770108343	0.2487183967932985
0.3487767493318483	0.4033855365686688	0.24783771409948296
0.3495834454838823	0.405766547803707	0.24465000671241083
0.3480611562644791	0.40739966872176403	0.24453917501375697
0.3544965063470029	0.3965861979422669	0.2489172957107303
0.3490153852329225	0.4053666928117664	0.24561792195531112
0.345319413494947	0.4095521924219065	0.24512839408314663
0.34850064307964845	0.4008506978418039	0.2506486590785478
0.34528827168727394	0.4051722045551942	0.24953952375753197
0.3525744347326717	0.3995342016253495	0.24789136364197883
0.3532599579548661	0.4024605309540163	0.24427951109111773
0.3516738580131517	0.3958912652599652	0.25243487672688314
0.35405223794527113	0.39700917074424397	0.248938591310485
0.3480399443560854	0.4062895824622653	0.24567047318164947
0.34776488108062076	0.40358556514253074	0.2486495537768486
0.3537265578673077	0.397268973654993	0.24900446847769947
0.34474879126668645	0.40954211498175946	0.24570909375155414
0.35421787274895944	0.3941867755951537	0.251595351655887
0.34572379277402077	0.4041494636091603	0.250126743616819
0.34467210323689906	0.40293833129433265	0.2523895654687684
0.3494308764834189	0.39893498504977976	0.2516341384668015
0.35130852828626796	0.40035959466651694	0.2483318770472152
0.3482606763347872	0.4039965688355023	0.24774275482971064
0.35353848271869315	0.40104935053449375	0.2454121667468132
0.3513355865896038	0.399570033876232	0.24909437953416427
0.35071940700649806	0.4042878561881159	0.24499273680538614
0.35431751346258644	0.3974405069687438	0.2482419795686699
0.34755571117087003	0.3998614068726061	0.252582881956524
0.34940460053838435	0.40264028171554084	0.24795511774607493
0.3484977376362461	0.40456584690499287	0.2469364154587612
0.34851237452362777	0.40466500335665634	0.24682262211971603
0.34677661085746286	0.4072196938156909	0.24600369532684635
0.34770007707387846	0.4070371324484544	0.24526279047766722
0.35167784276868136	0.39998452292622844	0.24833763430509026
0.35332259958031625	0.3991241921500626	0.24755320826962124
0.35430734546891	0.3969925368372834	0.24870011769380665
0.35011253736288667	0.401400901827323	0.24848656080979042
0.35217210881525945	0.3947568872390944	0.25307100394564624
0.35088551439596893	0.3970423620311524	0.2520721235728788
0.3471714601743855	0.4052573642117709	0.24757117561384376
0.3531258047795478	0.39872099328408805	0.24815320193636423
0.34791973030885426	0.40000461665191234	0.2520756530392335
0.35000868711777894	0.4009783296965103	0.24901298318571083
0.34457805960163335	0.4044061039402501	0.25101583645811665
0.3530525896240901	0.40141717971809543	0.2455302306578146
0.3517475865993685	0.39788631994471985	0.25036609345591176
0.3515058821655329	0.39584045614183316	0.25265366169263404
0.3551377267901157	0.3987829833636326	0.24607928984625183
0.348252716453243	0.4009262538740113	0.2508210296727457
0.34594084103414197	0.4062026452743155	0.24785651369154268
0.3494347689606744	0.3999817255981357	0.25058350544119
0.35409420978143713	0.3986875172751081	0.24721827294345483
0.3521709601986072	0.3991206511242852	0.2487083886771077
0.3499637360962213	0.4007478080581067	0.2492884558456721
0.35424988093635135	0.39638374736818105	0.24936637169546777
0.3548951233316904	0.3974118564656354	0.2476930202026743
0.35355696880416904	0.3967094960143277	0.24973353518150337
0.35144910379397754	0.3965594346370997	0.2519914615689228
0.3486181000340137	0.40591920731757625	0.24546269264841014
0.3453009632630455	0.407475646738697	0.24722338999825763
0.34764342207313076	0.4004628077420104	0.251893770184859
0.35162939428359996	0.402390194424689	0.2459804112917112
0.3499644128735929	0.39766370469771173	0.2523718824286954
0.3512628948173572	0.40199010795533074	0.2467469972273122
0.34981566773572337	0.4051825974858394	0.24500173477843734
0.35327392804105057	0.40025214579871804	0.2464739261602315
0.3466436611384503	0.407419310606988	0.24593702825456182
0.34794129449708405	0.4016973588099453	0.2503613466929708
0.3523364289076365	0.3988354855066459	0.24882808558571773
0.35390805420210514	0.3987932646214843	0.2472986811764107
0.3515854069561658	0.4018082202557541	0.24660637278808023
0.3498263094193851	0.40114253464959276	0.24903115593102226
0.3497763969858362	0.4019938905287177	0.2482297124854462
0.3447621522614882	0.4063647542651069	0.24887309347340505
0.3453879648425929	0.40583759085889676	0.24877444429851048
0.3518724901157533	0.4035512629405331	0.2445762469437137
0.35021771884674996	0.40043535787082823	0.24934692328242195
0.3472462268436497	0.4000506481496061	0.2527031250067443
0.34635446152746874	0.4083115891562509	0.2453339493162805
0.3478104421432624	0.40233041220679744	0.24985914564994027
0.3516452241969764	0.39692505848934584	0.2514297173136778
0.3462759791217579	0.40042117770321956	0.2533028431750226
0.3505093338384112	0.39931588821293434	0.2501747779486546
0.3471771173556362	0.402377800017535	0.2504450826268289
0.3462752695668979	0.4046459582829368	0.2490787721501654
0.34731969590213546	0.40618153634248966	0.24649876775537496
0.35419851721085177	0.399559454456622	0.24624202833252629
0.34915393076915113	0.3997564143701631	0.25108965486068585
0.35460350988234285	0.39680176782547893	0.24859472229217833
0.35203783725393767	0.4015035370122655	0.24645862573379695
0.3486492155971699	0.40009917864599137	0.25125160575683886
0.3550438023928486	0.3970464406889096	0.2479097569182419
0.35005616731107364	0.39878066347837876	0.2511631692105477
0.3471522462064953	0.40408371776282503	0.24876403603067979
0.35240806877095615	0.40245123097354774	0.24514070025549622
0.3447287633413676	0.40679676433364054	0.248474472324992
0.35045619999671807	0.40350892486130424	0.24603487514197778
0.35200623216539695	0.3956955925076271	0.25229817532697607
0.3480120746205772	0.40409781096394193	0.24789011441548098
0.3505404613389279	0.4054223712249959	0.24403716743607629
0.3464075898460867	0.40738107541299196	0.2462113347409214
0.35139257184276196	0.4004550706451705	0.24815235751206766
0.3477396751900261	0.40451638755594277	0.24774393725403132
0.3498374050031406	0.40374018241388954	0.24642241258296999
0.34945891328617823	0.40442364104458495	0.24611744566923693
0.346728537826093	0.4004452218182881	0.25282624035561907
0.35411851155009455	0.3992089468307525	0.24667254161915309
0.3550978880726784	0.3944934209654245	0.2504086909618972
0.3476384784456792	0.4019395346790522	0.25042198687526873
0.3528675687747478	0.3991394883933348	0.24799294283191753
0.3507384907109657	0.40228615880240104	0.2469753504866334
0.35233746637258884	0.4028663538726066	0.24479617975480464
0.35195090162609177	0.39728093134987486	0.2507681670240335
0.3545457963226918	0.3952730658532265	0.2501811378240818
0.3516901646083169	0.3998334870318124	0.24847634835987079
0.35404303941718684	0.3943531024996179	0.2516038580831953
0.3466471357541233	0.4012984873643497	0.2520543768815271
0.34759413488274105	0.40555368937379616	0.24685217574346294
0.3479206868056947	0.399281888038054	0.2527974251562514
0.34856274112828156	0.4025310576814181	0.24890620119030044
0.34924753213305526	0.39810918512559046	0.2526432827413544
0.35347122239621237	0.40239537428805666	0.24413340331573108
0.3452745241437059	0.4077517294525443	0.24697374640374992
0.35129651707261644	0.4005960702441295	0.24810741268325415
0.35249592200356994	0.40039835706158183	0.24710572093484834
0.3480560422583778	0.4055393756908728	0.24640458205074955
0.3496020389079916	0.39949868481924644	0.2508992762727621
0.3484698169919016	0.40549734366984536	0.24603283933825318
0.3497240661477763	0.4022953409491693	0.24798059290305452
0.3475199173226733	0.40457374803486484	0.24790633464246198
0.3508837195345462	0.39765615009024247	0.2514601303752114
0.3445593674101062	0.4101662101198104	0.2452744224700835
0.3538039308155081	0.3944463190511208	0.2517497501333712
0.34472937319931074	0.40493162469850197	0.2503390021021874
0.3451330980849143	0.40897841967271403	0.24588848224237175
