0.1646422723816302	0.4452263750957593	0.3901313525226106
0.15073202396623075	0.3824027010859508	0.46686527494781854
0.13443365561621928	0.4797046343783784	0.3858617100054025
0.12674549346549652	0.37541217242862845	0.4978423341058752
0.14003999444952614	0.4413285972723434	0.4186314082781305
0.1311237544835289	0.4284044482556054	0.4404717972608658
0.1531831591271373	0.3368002023288491	0.5100166385440137
0.13397100997316191	0.48305161690949805	0.38297737311734015
0.14633210420053525	0.42722422825281964	0.42644366754664526
0.15124210576560637	0.4029810357488176	0.44577685848557613
0.13903643886132658	0.47381030685510145	0.38715325428357206
0.13734066376254714	0.3674078985568574	0.4952514376805956
0.13971507002175115	0.372236946304929	0.48804798367332
0.16406314398440697	0.35166181250387446	0.4842750435117187
0.12757314551899335	0.47859766617298427	0.39382918830802255
0.1269816982514591	0.4901810556941244	0.3828372460544166
0.15591298318200303	0.4393747867349934	0.40471223008300367
0.16099155624676892	0.3875223401281522	0.451486103625079
0.1340165955486864	0.3880844488663776	0.4778989555849361
0.14307020078551785	0.3454919814053177	0.5114378178091645
0.17300329260801006	0.34557875308555486	0.48141795430643525
0.1589257759819594	0.3512782279061445	0.4897959961118962
0.16975926334527608	0.439058452968071	0.39118228368665303
0.1353604918528331	0.4250913840388278	0.4395481241083392
0.14484458933631472	0.37304419739822786	0.4821112132654576
0.16793544353820566	0.3356368225511922	0.4964277339106022
0.1440252230086434	0.4353705800037605	0.4206041969875962
0.12891475871366115	0.38806132772792473	0.48302391355841423
0.1519357583027744	0.39922966881569544	0.4488345728815302
0.17270096313250294	0.31783324774973915	0.5094657891177581
0.15392846551237427	0.35112496864043846	0.49494656584718744
0.14992995515085242	0.4220204082206119	0.4280496366285358
0.15191639194946163	0.35327980836385225	0.4948037996866862
0.13365495744717643	0.41145641995288434	0.45488862259993934
0.1461158855611565	0.39551844316096374	0.45836567127787986
0.13407108191723657	0.41154285044055905	0.4543860676422045
0.17027481771286035	0.33483604434072123	0.49488913794641853
0.14056595152341927	0.3985180067131767	0.46091604176340417
0.17560563383636257	0.41602771528008087	0.4083666508835566
0.15357862372676528	0.4181648806308363	0.4282564956423986
0.1314538229858344	0.460771587540746	0.4077745894734197
0.1296825508478227	0.4432869641278203	0.4270304850243571
0.1278597002069281	0.3603703611733373	0.5117699386197347
0.16965168775140851	0.42192338138469226	0.4084249308638993
0.16876124444359547	0.4494051790557127	0.38183357650069194
0.17241144192392893	0.43607491014045185	0.3915136479356194
0.13654322259287235	0.4132945613436392	0.45016221606348855
0.1635206088649025	0.33411740862807476	0.5023619825070229
0.14285973931658572	0.3650210416154012	0.4921192190680132
0.16900276749060342	0.3782009617283256	0.4527962707810711
0.15547475955830495	0.34513937335527023	0.49938586708642496
0.148141688328855	0.3841707199195635	0.4676875917515817
0.16517064326157904	0.3537990479281047	0.4810303088103164
0.14881476890414702	0.35780489315377373	0.49338033794207936
0.14271519098268937	0.45756699594868344	0.3997178130686273
0.13850413200295913	0.4684767253773993	0.39301914261964166
0.16991180459326338	0.3991973149094814	0.4308908804972553
0.1756805277693439	0.39199497301292135	0.43232449921773486
0.13871441553250147	0.47436555673872416	0.3869200277287745
0.17100036302974736	0.44182341948367054	0.38717621748658226
0.14053168356418946	0.38605198536496593	0.4734163310708447
0.14526621222467642	0.4652127868847241	0.38952100089059954
0.12764232848388785	0.44965405435247424	0.422703617163638
0.17575422735092075	0.434473407760896	0.38977236488818334
0.14657945378353118	0.34210484683208986	0.511315699384379
0.17405919633271705	0.36493203108969846	0.46100877257758466
0.17167982943920876	0.36955823772911855	0.45876193283167277
0.14253837128029928	0.3875692320898537	0.4698923966298471
0.15703256217784917	0.36418565923324375	0.47878177858890714
0.13551756428259146	0.47846151809121606	0.3860209176261926
0.1406569464134551	0.46810735424148775	0.39123569934505725
0.13172708685300508	0.35899768521472625	0.5092752279322688
0.16724804107668173	0.3372167173648741	0.49553524155844436
0.14599393363285076	0.43660702000725693	0.4173990463598924
0.15488583017772328	0.3424723152510343	0.5026418545712426
0.15430891260405855	0.4148767190893421	0.43081436830659947
0.1349657158778655	0.3648962916869687	0.5001379924351659
0.1684818046526358	0.3294620173005326	0.5020561780468318
0.1570962595277227	0.3418084314724335	0.501095308999844
0.13645319721672822	0.4393430257066572	0.4242037770766147
0.17173062375530124	0.3915137523932708	0.43675562385142813
0.14627847867116928	0.36606147666243377	0.48766004466639706
0.16392734325080588	0.37170940636089633	0.4643632503882979
0.12779387449144589	0.3761949358867201	0.49601118962183416
0.1636790236665746	0.4126635877173197	0.42365738861610586
0.1472751387899045	0.4517204476866492	0.40100441352344646
0.15453549053846857	0.44307087727524086	0.40239363218629076
0.16948187654590033	0.33818074615817806	0.49233737729592175
0.149771398102904	0.4463578740834412	0.40387072781365496
0.15434119392526108	0.39163985541253904	0.4540189506622
0.17221655177198092	0.3559163219148315	0.4718671263131877
0.17597258097499013	0.3495194978035242	0.4745079212214858
0.15993972450922014	0.3393471453447483	0.5007131301460317
0.12847809729479687	0.3889913731958969	0.48253052950930636
0.17478131341311495	0.3602520579558155	0.46496662863106963
0.17142537546220352	0.33433345466477726	0.49424116987301936
0.16513482367300078	0.3407893341107289	0.4940758422162703
0.17649792163316347	0.35509592491237296	0.4684061534544637
0.14970924456150989	0.43792713731548033	0.4123636181230099
0.17064576376579993	0.38737942953676135	0.4419748066974388
0.16953780053031292	0.4423144045385626	0.38814779493112467
0.13134391587213223	0.3922540648815586	0.4764020192463093
0.15928802452498225	0.45567775972369834	0.3850342157513195
0.17182351776911653	0.398610050791545	0.42956643143933865
0.17556800801105893	0.3942480473667681	0.4301839446221731
0.16897642716851052	0.3493039222950132	0.48171965053647636
0.14970133369816674	0.4583054650306138	0.39199320127121956
0.13928599505887101	0.4774581841130894	0.3832558208280397
0.15848489695982837	0.3959422676620023	0.4455728353781695
0.17153446387391158	0.39683479107052466	0.43163074505556387
0.13580563987893696	0.37440074728369027	0.4897936128373729
0.13858066586711554	0.4590287565262946	0.40239057760658997
0.1731654347507865	0.4050300577036198	0.42180450754559384
0.14877366185682317	0.4085154970411297	0.4427108411020472
0.175542010126114	0.42178121110629974	0.40267677876758645
0.1431964967060959	0.43363938161383186	0.42316412168007234
0.17109405666086142	0.4326975952827784	0.3962083480563603
0.16595330358702326	0.3615295814694689	0.472517114943508
0.16317685453127947	0.40105078851781617	0.43577235695090444
0.16945577963574102	0.34453638278842924	0.4860078375758298
0.1712890060426123	0.32029719149712654	0.5084138024602614
0.17633149642433765	0.44091987963625584	0.3827486239394066
0.13969296336699355	0.4577098764178694	0.40259716021513714
0.16417483104432984	0.4095803344204225	0.42624483453524775
0.15608014216408267	0.39387157513767557	0.45004828269824193
0.14670378757628205	0.3550222068991806	0.4982740055245375
0.1652349290292891	0.3389283713112236	0.4958366996594874
0.13043908496498013	0.4548333339226798	0.4147275811123402
0.1330444907495779	0.43883376042482836	0.4281217488255939
0.13835211882788298	0.3656340865419671	0.49601379463015005
0.17209386853538877	0.35175533308784207	0.47615079837676927
0.176452735788203	0.35976452463715153	0.4637827395746456
0.16777293270854177	0.4464455450480731	0.38578152224338524
0.1349027084411088	0.3776465846147351	0.48745070694415615
0.1537623493364097	0.46418633088388606	0.38205131977970436
0.1342987698086292	0.45270996400987484	0.4129912661814961
0.15304243168577436	0.4667779302003002	0.38017963811392563
0.16429593248088326	0.327400377115386	0.5083036904037308
0.1599806510553346	0.3814950194678275	0.4585243294768381
0.14838877257088479	0.37983239870475466	0.4717788287243607
0.16940790171211736	0.43629626603110444	0.39429583225677833
0.16097086247077158	0.41381196155197153	0.42521717597725694
0.14644360147745167	0.45991120126698615	0.39364519725556235
0.1419944676278952	0.429843959368399	0.42816157300370594
0.12793316526297366	0.4441331296697712	0.42793370506725525
0.1290762704463823	0.3650585862417052	0.5058651433119126
0.16119346680330354	0.3384808910884839	0.5003256421082127
0.17557178636575904	0.33128005602318034	0.49314815761106073
0.17474282096330612	0.4193423111148163	0.4059148679218777
0.16781605268082372	0.3352440934463987	0.49693985387277767
0.15093351763179114	0.38236871267936895	0.46669776968884
0.1746083277144379	0.399104341210873	0.4262873310746892
0.14415266530201998	0.4291888875298697	0.4266584471681104
0.1601143929457015	0.4304419704884341	0.4094436365658645
0.1431503020526395	0.4752078386613212	0.3816418592860394
0.14511484872213387	0.43273601487623864	0.42214913640162766
0.15626771668152423	0.35436642387964246	0.4893658594388334
0.142654928667594	0.4690308439000792	0.3883142274323269
0.16780147130868733	0.38882887577468933	0.44336965291662345
0.14699627245889596	0.36254316505589	0.4904605624852141
0.13467781645373833	0.42880185741702415	0.4365203261292377
0.12717468804227267	0.467706054823517	0.40511925713421043
0.17155335785076345	0.3887066892768714	0.4397399528723653
0.1413629225362432	0.35673839514266115	0.5018986823210958
0.14524141701694154	0.424082734062301	0.4306758489207576
0.17236373966378735	0.33891437232878063	0.4887218880074322
0.1636654677044975	0.32525041880258637	0.5110841134929163
0.1407262849947182	0.3947991944886493	0.4644745205166326
0.1274756914662698	0.4090694239142463	0.46345488461948403
0.14069883648676818	0.4302525403466016	0.4290486231666304
0.14589546886256594	0.4159882613751785	0.43811626976225565
0.17655330877184572	0.3901183650168023	0.4333283262113521
0.14562720044431504	0.4034928736705442	0.4508799258851409
0.15919836203817267	0.35600060209941065	0.4848010358624168
0.17509003175011503	0.3232197166587328	0.5016902515911523
0.13426868295721245	0.4204511876294518	0.4452801294133359
0.1323312923519172	0.4045407244533514	0.4631279831947316
0.15367616647437832	0.4614810559244167	0.3848427776012051
0.14301322607075653	0.4260150989577534	0.4309716749714902
0.16111401524860575	0.3364302610939401	0.5024557236574543
0.1587194973374091	0.37622049207583136	0.46506001058675966
0.14961339186501652	0.3441648205001137	0.5062217876348699
0.17670823217019405	0.4382297866139417	0.3850619812158644
0.13783177476411304	0.36514205942087535	0.49702616581501174
0.15333639391622222	0.4080616745412173	0.43860193154256066
0.1721347837969046	0.4203255964213592	0.4075396197817363
0.13346301932577115	0.3873201497774205	0.47921683089680844
0.16176862276798526	0.35890441549460517	0.4793269617374097
0.12744518991832385	0.48001831483096824	0.392536495250708
0.15820263111233612	0.4138919183128983	0.42790545057476576
0.14359715266303308	0.397933299911221	0.458469547425746
0.14791161121051835	0.40179497613544113	0.45029341265404066
0.15939100135344692	0.43950522711973805	0.4011037715268151
0.1660869079064775	0.4354634969967728	0.39844959509674976
0.14774304074644587	0.4404579261513337	0.41179903310222055
0.13473698818150395	0.44072127712656767	0.42454173469192846
0.1327765361210913	0.4002087665053888	0.46701469737352
0.14008215933773877	0.45857487229768873	0.40134296836457267
0.17618766278858156	0.43666699798681674	0.3871453392246018
0.13115454814378877	0.45029443306225947	0.4185510187939519
0.13720988224955072	0.40688205245807424	0.45590806529237515
0.15090449549531249	0.3511033346125532	0.49799216989213446
0.17383881595434791	0.40819652682886254	0.41796465721678966
0.14200328819860425	0.47530660532149976	0.3826901064798961
0.13138853303333786	0.37359184511353205	0.4950196218531302
0.13534171609896611	0.48337694020711813	0.38128134369391586
0.1476259185674649	0.36763720223944835	0.4847368791930869
0.15369529264843718	0.38546955785606113	0.46083514949550186
0.15596185206872532	0.34571405284926493	0.49832409508200987
0.13211363701607215	0.3894664951743001	0.47841986780962786
0.12729583817751539	0.40865013112486315	0.46405403069762163
0.1456763746854322	0.46739427654118537	0.38692934877338253
0.13470253449522834	0.41810161269521895	0.4471958528095529
0.1613543378929513	0.32755756896433674	0.5110880931427121
0.1488699277739074	0.3480083777730795	0.5031216944530132
0.17386733082707218	0.38303484585302994	0.443097823319898
0.17387498386632858	0.4433230678279445	0.382801948305727
0.13707403467878446	0.41985341674098353	0.44307254858023215
0.152439871140158	0.38776715030106634	0.4597929785587758
0.15950599770243862	0.45978571876119473	0.38070828353636676
0.1441538346625515	0.3723680963537986	0.4834780689836501
0.14657673590778922	0.3593681032694611	0.4940551608227498
0.14834522431245994	0.4511080968096318	0.4005466788779083
0.1503805670399445	0.41520728162557285	0.43441215133448274
0.17318193840177304	0.34607801098593277	0.4807400506122943
0.14732414325804205	0.37579352988038794	0.47688232686157017
0.13666499337688603	0.3639392936511332	0.49939571297198093
0.17476691129675642	0.35665404362282244	0.46857904508042125
0.16130492764948925	0.35733312157684427	0.4813619507736666
0.13308153538682727	0.3639455304021781	0.5029729342109948
0.164169001687749	0.39153542130118957	0.4442955770110616
0.12852840534866294	0.38902882357306634	0.4824427710782708
0.13233426075118587	0.382832334226261	0.48483340502255323
0.13403438894308145	0.3561962309162636	0.509769380140655
0.1599214800158108	0.36804187038317226	0.47203664960101704
0.16229123372674437	0.44388367307425974	0.393825093198996
0.13127574313240148	0.3977386439648878	0.4709856129027109
0.13322577567364208	0.37749336463793237	0.4892808596884257
0.17493880091735892	0.41669718686593404	0.40836401221670715
0.15993939897637643	0.431396713455438	0.4086638875681856
0.14096318284366488	0.46781429955514786	0.39122251760118737
0.15934468431647636	0.37179130430827184	0.4688640113752519
0.173252262550536	0.35092390467629697	0.47582383277316714
0.175708016025644	0.38804519333884413	0.43624679063551197
0.17326708193599094	0.32500627065073434	0.5017266474132749
0.16207867049215652	0.35553425766267005	0.4823870718451735
0.14641337714039393	0.3658887810461178	0.4876978418134884
0.1725011779018105	0.39557947057116555	0.4319193515270241
0.14586590010831627	0.3786943850512311	0.4754397148404528
0.1659917516902315	0.4135636809495622	0.4204445673602064
0.12726199621910933	0.3802921725965396	0.49244583118435126
0.17206198463826256	0.33864267269552173	0.4892953426662159
0.1304459668938378	0.37585405348087364	0.49369997962528867
0.1543663914168057	0.44367443596164285	0.40195917262155156
0.1506361870711717	0.3506595662974444	0.498704246631384
0.1672149449246728	0.4278019053610268	0.4049831497143005
0.13834945522412356	0.4131720983196546	0.4484784464562219
0.14389617200365729	0.4286113183781288	0.427492509618214
0.1625842171522785	0.4392208517452635	0.39819493110245807
0.15212871831200409	0.40758729415819583	0.44028398752980014
0.16861164985428256	0.3561577462819082	0.47523060386380933
0.16976351408573817	0.411828463394711	0.41840802251955095
0.13954527620741763	0.44770096743762167	0.4127537563549608
0.1271852491219761	0.4454070448338687	0.4274077060441553
0.17347014242775186	0.4073689956242532	0.41916086194799507
0.17241886663905595	0.3767007509592251	0.45088038240171907
0.15228149552314021	0.37222120248976664	0.4754973019870933
0.17302286908514464	0.4282754792847834	0.3987016516300721
0.1276402350262763	0.42550584488651644	0.44685392008720737
0.1485115446737182	0.45433074984771593	0.397157705478566
0.1441084165424985	0.41038347776083467	0.44550810569666693
0.15623612640912743	0.4092714679134788	0.4344924056773939
0.1408066111910253	0.44779308076087176	0.411400308048103
0.15724498275391185	0.4099499682264842	0.43280504901960404
0.13157449734509563	0.4491805992109118	0.4192449034439927
0.16593482603732562	0.41436025137390575	0.4197049225887688
0.13483051460306303	0.46088113035344	0.404288355043497
0.1352871705288703	0.4731361470492884	0.39157668242184146
0.1348730021512312	0.46990851261253563	0.3952184852362333
0.16893445934636606	0.3999196704213335	0.4311458702323006
0.1573281721434749	0.4517672658502597	0.39090456200626555
0.16249433062698487	0.43652490656235815	0.4009807628106571
0.1506729116318689	0.37766894532047224	0.47165814304765896
0.1306393119255122	0.3573698762331662	0.5119908118413217
0.13401448174374864	0.3777630173475281	0.48822250090872343
0.162477399468021	0.36961577645152194	0.4679068240804572
0.1419072403950205	0.36989543360502564	0.488197325999954
0.15249236531849944	0.33860702815004506	0.5089006065314556
0.1557403276352773	0.37997410164768686	0.46428557071703597
0.14316342482452038	0.423875381931655	0.43296119324382476
0.16303807727858632	0.35044762412635294	0.48651429859506085
0.16136325913534444	0.37500117331590177	0.4636355675487539
0.13651162317063958	0.4007424128260787	0.4627459640032819
0.1577004862873866	0.4046508403107464	0.4376486734018672
0.17024794568928897	0.3433878123120956	0.4863642419986156
0.13151669865264265	0.4583519731386101	0.4101313282087474
0.1512859585460531	0.44969515019653095	0.39901889125741613
0.16791314055069806	0.3760637476996221	0.45602311174967997
0.1675614937122607	0.3355118148793858	0.4969266914083536
0.1383686947787738	0.42607361175713576	0.43555769346409057
0.1667833204853455	0.38730649385088534	0.4459101856637693
0.1533564790804631	0.3677760585901707	0.47886746232936633
0.17399894520453335	0.39517092058233383	0.430830134213133
0.14415247473192017	0.4039500374207227	0.4518974878473572
0.17460978230461396	0.3449267619090461	0.4804634557863401
0.13280301360976704	0.4571217395179701	0.41007524687226293
0.13997052475348865	0.470818677193116	0.38921079805339553
0.1398721279535528	0.46324993298075295	0.39687793906569435
0.13915887367674618	0.45142772841256795	0.40941339791068604
0.15296012409843227	0.4139453374852948	0.4330945384162731
0.15048128758891677	0.37986133266951827	0.4696573797415651
0.1414499409656723	0.4790594117034652	0.37949064733086263
0.12674060087653743	0.4141897416244859	0.45906965749897677
0.13973591870647506	0.39419126162378804	0.466072819669737
0.1705777253440693	0.45033992537560374	0.37908234928032714
0.16305775135562867	0.3594730285281556	0.4774692201162158
0.1476607367125387	0.34069797856115924	0.5116412847263021
0.16241170888816914	0.43039035020599564	0.4071979409058354
0.1687696987954883	0.4089736943449717	0.42225660685954003
0.1304649749543314	0.47663741171334206	0.39289761333232665
0.12776641900128113	0.47211220506324325	0.40012137593547575
0.136755739590588	0.40242029051920963	0.46082396989020247
0.1386369396298932	0.4555727492146591	0.4057903111554478
0.16439077862135776	0.42736962173351656	0.40823959964512585
0.16884115167372243	0.370772950353306	0.46038589797297175
0.14511053491695347	0.38747613303576117	0.4674133320472855
0.15770737666686113	0.4000857197187755	0.44220690361436354
0.15623116077686233	0.3454151841815293	0.49835365504160856
0.13704328131315052	0.42696361543416106	0.4359931032526885
0.1482791231300991	0.37590602576547383	0.4758148511044272
0.17225016041603503	0.4177527281288229	0.40999711145514217
0.1680248892020369	0.3460691395791386	0.4859059712188246
0.174617916481248	0.3624245693107518	0.4629575142080003
0.16615457989915533	0.41042992985683746	0.42341549024400726
0.16009432650502922	0.4371644527884314	0.4027412207065395
0.16157406474655853	0.3386814509790492	0.4997444842743924
0.14369726397694152	0.383833572782952	0.47246916324010657
0.13516128075121764	0.4190535057083126	0.44578521354046985
0.1489708915407833	0.3426770371599882	0.5083520712992287
0.15638239975919627	0.33624181778241435	0.5073757824583895
0.1420979916421826	0.3613280253787249	0.4965739829790927
0.1657548143457174	0.39309079914515943	0.4411543865091233
0.15235321049571912	0.4125405567649302	0.4351062327393508
0.16007717429995177	0.36359538947672887	0.47632743622331947
0.1703525229075823	0.38110425556471395	0.4485432215277039
0.15298259925303193	0.4196122811519845	0.4274051195949837
0.17154436748000507	0.41511857607185204	0.413337056448143
0.1533411877562147	0.4032659248381196	0.4433928874056658
0.14848964031334744	0.3799297157691144	0.4715806439175383
0.14400622430502635	0.45131620939255435	0.40467756630241936
0.14287360211416295	0.4151816786476009	0.4419447192382363
0.17290879555389338	0.36185073847515226	0.4652404659709545
0.15387021476218316	0.46106938805405423	0.3850603971837627
0.1690535564087844	0.40757511714641254	0.4233713264448032
0.1526209956808739	0.4518848140022025	0.39549419031692373
0.1750582713133833	0.3494170027040744	0.4755247259825425
0.12859712804661386	0.48327891040821336	0.38812396154517287
0.1392593127722806	0.47486226981241364	0.3858784174153059
0.13075863885937145	0.3686887236541443	0.5005526374864844
0.1312577752410008	0.45665231918815574	0.4120899055708436
0.17664754435654723	0.3439754009230906	0.4793770547203623
0.17412502255484744	0.40854425469061983	0.41733072275453287
0.16006259119610333	0.393080487851368	0.44685692095252877
0.17514285827633083	0.38620787233452225	0.43864926938914706
0.1746626074905926	0.4121726535668151	0.4131647389425924
0.13462837571879083	0.42616511697488013	0.43920650730632915
0.16586591235166884	0.3764997176169293	0.45763437003140195
0.12880345926821254	0.4708874987629205	0.400309041968867
0.15966051647065588	0.4045839320435795	0.4357555514857648
0.1675244304062103	0.3569449989726113	0.47553057062117854
0.1552711754122078	0.39090185684419565	0.45382696774359665
0.13831886998706605	0.4415088839397785	0.42017224607315556
0.15166308301228387	0.41649079723447807	0.43184611975323817
0.15608072477278967	0.38290322694340523	0.46101604828380516
0.15820275541551404	0.4110907547606085	0.43070648982387755
0.13020485119634817	0.429387359081061	0.440407789722591
0.13016408273670682	0.4194712191489244	0.4503646981143689
0.14868461442995504	0.429130169056819	0.42218521651322605
0.17055423249630286	0.42227210320060793	0.4071736643030893
0.15316571553454456	0.3595019615317505	0.4873323229337051
0.14106300261966315	0.41574897837154423	0.44318801900879273
0.15639180393550678	0.3720527597578593	0.47155543630663405
0.14051344258650156	0.43470646353617104	0.4247800938773275
0.17309223457980114	0.42015513434765844	0.40675263107254056
0.13193668588275184	0.3658150330529519	0.5022482810642964
0.1616582481612508	0.3725779663761639	0.4657637854625854
0.13420634750332217	0.41394630100125274	0.4518473514954252
0.1585338486234741	0.44668942630600383	0.39477672507052214
0.1754128999992318	0.42318094245397875	0.40140615754678954
0.13251552446771636	0.4070422494381448	0.460442226094139
0.1364562340912705	0.4046205587808517	0.45892320712787793
0.14417049156006823	0.46534668923472555	0.3904828192052063
0.1373135700759372	0.3509777540097596	0.5117086759143032
0.1652443106404085	0.42710581950785315	0.40764986985173846
0.15434968948907637	0.34531505031984744	0.5003352601910763
0.13882891327280483	0.3671707965129727	0.49400029021422265
0.17404682004134764	0.34372079473011197	0.4822323852285405
0.16002684931306715	0.3586307189634976	0.48134243172343544
0.1699876214992115	0.33713159791639014	0.49288078058439855
0.13843569697612376	0.3793826724075362	0.4821816306163401
0.16472978970863203	0.3893217716267916	0.4459484386645765
0.15923552079879	0.3459814105766781	0.49478306862453203
0.17103174113902558	0.3491241091907287	0.4798441496702458
0.1566281395679422	0.3574566781086308	0.4859151823234271
0.12824554535653404	0.39819939728770026	0.47355505735576586
0.1411236390505835	0.3701816235869548	0.48869473736246183
0.17653783805878648	0.39044279235987794	0.4330193695813357
0.13683097411393536	0.44189864774447113	0.4212703781415936
0.14893550705696845	0.41576224393193584	0.4353022490110959
0.146479487063068	0.410773825027092	0.4427466879098402
0.15896034137167203	0.45864010040147485	0.38239955822685323
0.14283048274044427	0.38394603189157056	0.4732234853679853
0.15305429926997	0.3965443364339646	0.4504013642960656
0.17039403485870563	0.40647581916954945	0.42313014597174503
0.13487656939533732	0.38067543246768315	0.4844479981369797
0.13086122067370992	0.3749951373226764	0.49414364200361377
0.16653223141527546	0.3700329074224496	0.46343486116227506
0.13368794371768442	0.4309216509391469	0.43539040534316875
0.16443919374494748	0.4381273621191077	0.39743344413594495
0.1389966573324567	0.3994250041905407	0.4615783384770027
0.16490984357979824	0.40420870378465396	0.43088145263554795
0.1658768424652472	0.44647787125890104	0.38764528627585193
0.14507688315918407	0.4463023092548767	0.4086208075859394
0.14434438566848817	0.4248750649357184	0.4307805493957935
0.16542643059526513	0.4127408615011162	0.42183270790361876
0.17560325666022408	0.41022013694845744	0.4141766063913186
0.1409789838405965	0.40638769198196156	0.45263332417744206
0.13481133046483862	0.45676699662357045	0.4084216729115911
0.12688871299648455	0.44507959484180304	0.42803169216171255
0.15021069408946175	0.4053188905995537	0.44447041531098463
0.13484792304463983	0.45665225691591516	0.4084998200394452
0.13636185396345557	0.46052778356695834	0.4031103624695862
0.14744126020110473	0.3917693385554061	0.4607894012434893
0.15593676099982023	0.462936025394171	0.3811272136060089
0.14166865094077674	0.43303703865370163	0.4252943104055218
0.13909662496834324	0.42942150462439616	0.4314818704072607
0.15502713829625508	0.3681386670979178	0.4768341946058272
0.15531258227844538	0.4112673240187278	0.43342009370282697
0.1471686314301595	0.38707619738960053	0.46575517118024007
0.15055263614931647	0.3379213108550856	0.5115260529955981
0.1527417054736461	0.39393286058309307	0.45332543394326097
0.17382686166992112	0.33885421914673697	0.487318919183342
0.14643501737864062	0.41614456150791734	0.43742042111344215
0.16753358808387164	0.40118701729219136	0.4312793946239371
0.1696812148768655	0.369770580783811	0.46054820433932364
0.14996904254175125	0.357048435282183	0.49298252217606586
0.14810449558541322	0.43634505639476745	0.41555044801981944
0.13555777026837595	0.3749903056398521	0.4894519240917721
0.1484937675455324	0.4183294948351986	0.4331767376192691
0.1528637843000283	0.4375631519802459	0.4095730637197259
0.14056142074798048	0.38375301596380573	0.47568556328821393
0.13192179802972953	0.4679581574651915	0.4001200445050791
0.1402674878628286	0.45568261845683167	0.40404989368033983
0.16326162388947982	0.3387477706017798	0.4979906055087405
0.13034658242506125	0.4869180654826136	0.3827353520923253
0.16948144467605378	0.3357361893521942	0.4947823659717521
0.13855865704015696	0.4264059095341868	0.43503543342565637
0.16249907305268765	0.3376387133572288	0.49986221359008365
0.16218758036876973	0.3669675307168801	0.4708448889143503
0.17014112498258774	0.358235407581999	0.4716234674354134
0.16109652386385523	0.40741182345717375	0.43149165267897116
0.13229957641406417	0.40103363445752893	0.4666667891284071
0.1677322087215653	0.4469147984051965	0.3853529928732383
0.16840748207887773	0.36472414669181036	0.466868371229312
0.1428538621285413	0.3616941874307699	0.4954519504406889
0.1645488551739076	0.3348229050958762	0.5006282397302164
0.1406862053972976	0.44662650998518905	0.41268728461751353
0.14547320411389525	0.4374077417946667	0.4171190540914382
0.15110472526139063	0.42132713333507077	0.4275681414035387
0.1285751356479501	0.3783812388908352	0.49304362546121483
0.15475633288920207	0.4118466964060915	0.43339697070470656
0.15271591494227796	0.3634563761653058	0.48382770889241633
0.1423677945282974	0.36179719224642287	0.49583501322527984
0.1673024768944837	0.4132996147697185	0.41939790833579793
0.13352850120898443	0.3620533003187059	0.5044181984723097
0.14859440377638075	0.3893622119219008	0.46204338430171854
0.1563334936293891	0.43110397100271514	0.4125625353678959
0.13168837371728437	0.45380412773196166	0.4145074985507541
0.14384882398990373	0.40632319560302665	0.4498279804070697
0.16103630110738748	0.3925358173061162	0.4464278815864965
0.13153828206946305	0.36493275167878003	0.503528966251757
0.1651832923353646	0.4110024869622305	0.42381422070240493
0.12765094413563327	0.4361647953898763	0.43618426047449066
0.16207397569809096	0.4025319635418495	0.43539406076005965
0.1319717142716763	0.35836835430437114	0.5096599314239526
0.1272479561501439	0.438406707892892	0.43434533595696423
0.1615701962146831	0.34018208015549534	0.4982477236298217
0.17204941754934996	0.3939081243177089	0.43404245813294123
0.146232242473809	0.3614922590466191	0.492275498479572
0.15220834070087513	0.42965906982129454	0.4181325894778305
0.1351456567328111	0.3990120671939376	0.4658422760732514
0.13362395942454436	0.4470375369939011	0.4193385035815547
0.16225304070360633	0.3352919242231943	0.5024550350731996
0.1606040940366408	0.3493718075634357	0.4900240983999236
0.1673642119112704	0.3731328754306633	0.4595029126580664
0.1529785908518056	0.4465094516266725	0.400511957521522
0.17146563970859668	0.4248576016490038	0.4036767586423996
0.15115123510678477	0.34708577485841363	0.5017629900348017
0.16038472338823895	0.3571460414866569	0.48246923512510426
0.15310350615497673	0.41895490837688154	0.42794158546814187
0.14502115967872903	0.42750510177328055	0.42747373854799053
0.16461293196612264	0.44695467881602957	0.3884323892178479
0.13635302936968524	0.38534222839744886	0.478304742232866
0.13688711642422455	0.3998161172279453	0.46329676634783024
0.16691355427674276	0.4442331194269449	0.3888533262963125
0.15902314050967722	0.3708259776994887	0.4701508817908342
0.16733277200339183	0.41131527064434403	0.4213519573522643
0.14932353051693226	0.4715027188145231	0.3791737506685448
0.15358378770026898	0.4112010209792939	0.4352151913204372
0.13592080663373085	0.389893336147268	0.4741858572190013
0.16435830145021874	0.39960636288044404	0.43603533566933733
0.149940661358972	0.34304934234127815	0.50700999629975
0.1648342528476416	0.3279826928638146	0.5071830542885439
0.1710381444286012	0.32025397568968983	0.5087078798817091
0.13384003559678853	0.46238961479675333	0.4037703496064583
0.13506649227478196	0.4270683009488967	0.43786520677632146
0.14840623515500148	0.3786350913293145	0.4729586735156841
0.1410737512898712	0.37387958467923815	0.48504666403089075
0.14757301508419973	0.46398881089233746	0.388438174023463
0.14399339917599316	0.4130489523860221	0.4429576484379849
0.14058205494091286	0.37817198444188865	0.4812459606171986
0.15896747039309073	0.40491595973739725	0.4361165698695122
0.15558664133606837	0.43227651728847133	0.4121368413754604
0.14947309197332434	0.35063857097915535	0.49988833704752045
0.16127313868670473	0.3901182856532171	0.4486085756600783
0.1469073506729566	0.4225465190011793	0.4305461303258642
0.1539717093763156	0.35757328031579194	0.4884550103078926
0.14547390663955836	0.3730262838957543	0.48149980946468746
0.13081372748737874	0.36560290632201276	0.5035833661906086
0.1668469138422513	0.35714671137843856	0.47600637477931024
0.17338155329058078	0.34561688552057995	0.4810015611888394
0.16971512428100724	0.3692397402360161	0.46104513548297676
0.14446151889828152	0.47221242244304673	0.3833260586586719
0.1338472440794347	0.42342943408528344	0.442723321835282
0.13230277234685342	0.3920008494883037	0.47569637816484295
0.1501891837086016	0.39070190118685905	0.4591089151045395
0.13969331969332968	0.34836521885740024	0.5119414614492702
0.1724533396250133	0.3794833902028812	0.4480632701721056
0.15171173224351717	0.38478939848623134	0.46349886927025163
0.15850669130282288	0.39985759817482047	0.44163571052235673
0.17178425087422405	0.4318699207695902	0.3963458283561858
0.16515213462541017	0.42824811162820264	0.40659975374638735
0.14194394250393355	0.385948636980737	0.47210742051532956
0.14649866301352682	0.403560242194536	0.4499410947919373
0.15121850306102003	0.4568567920815609	0.39192470485741926
0.15592495981628407	0.3837391844736811	0.460335855710035
0.14900435054027417	0.4143890110859314	0.43660663837379454
0.13674948293702807	0.47283473743382604	0.39041577962914603
0.1612661617950074	0.3715648412526677	0.46716899695232506
0.13105539371147318	0.36871532943937846	0.5002292768491485
0.16936157228741092	0.41449199783412993	0.41614642987845923
0.16310043197183394	0.44468812743883823	0.39221144058932794
0.13764804126767755	0.3885464832962207	0.47380547543610185
0.15905454226400026	0.3340361586799193	0.5069092990560805
0.1674264259853815	0.3308999140189105	0.5016736599957081
0.14781742156890879	0.4070002285861229	0.44518234984496846
0.14759695796717948	0.3804117567470791	0.4719912852857415
0.16280971212019596	0.3466643600444561	0.4905259278353481
0.14631948578964882	0.3574887987789017	0.4961917154314495
0.1472104437604259	0.3480981319892462	0.504691424250328
0.14290389339725823	0.394962991261663	0.46213311534107887
0.15151540271854907	0.3999183657368338	0.4485662315446172
0.15511338113152268	0.4011074093840595	0.44377920948441796
0.14868581834385436	0.3560301292447958	0.49528405241134993
0.14337764017733556	0.41024617553456927	0.44637618428809533
0.17089960963308898	0.4005097959684617	0.42859059439844943
0.15036582558141143	0.36381769603842073	0.48581647838016795
0.16690555957180364	0.35108532220682925	0.48200911822136727
0.15587805722920528	0.4243237455929675	0.4197981971778274
0.15066681375657995	0.34356077459640666	0.5057724116470135
0.1542510209723017	0.4661418175925405	0.379607161435158
0.14471658362338546	0.36101793513500186	0.4942654812416128
0.1387490496629741	0.3818720092069778	0.4793789411300483
0.1414025322320891	0.38062490014815153	0.4779725676197595
0.17214832233759614	0.3527338673330684	0.47511781032933564
0.13255131019974406	0.4389544953284247	0.42849419447183135
0.17639809392581077	0.4282354142208442	0.39536649185334516
0.1344437747536642	0.45897621787412785	0.40658000737220806
0.17515840742663613	0.3354711924431114	0.48937040013025257
0.13541675753752302	0.46856229615822037	0.39602094630425677
0.14747118267305423	0.3728728348468687	0.47965598248007724
0.16584141420337895	0.42581031056755136	0.4083482752290698
0.13660765168087496	0.4543460819739987	0.4090462663451264
0.15580799203241869	0.4344255783845624	0.409766429583019
0.15290705534677157	0.35941972878336226	0.48767321586986634
0.15733721012202062	0.46031225404939957	0.3823505358285799
0.12799052735397398	0.4662719598970334	0.40573751274899267
0.14345485473844505	0.3769677287923539	0.47957741646920116
0.14841740023476394	0.44683439543626824	0.40474820432896796
0.15380214354476607	0.40255489307171605	0.44364296338351805
0.15665720210227338	0.4169997053983938	0.4263430924993329
0.12872125255396655	0.4159518423132569	0.45532690513277674
0.17272026041534624	0.38057204802015576	0.44670769156449813
0.1437267639871388	0.4139233352531732	0.4423499007596881
0.14972042805963598	0.35277996006732293	0.4974996118730412
0.14482493929964105	0.3574405745290638	0.49773448617129523
0.165875621353392	0.4159085250530445	0.4182158535935636
0.17149780717406538	0.4097550906614356	0.4187471021644991
0.16917856263677894	0.4245841443842735	0.4062372929789477
0.176585742867383	0.35091373260367686	0.47250052452894026
0.1607299649052728	0.4589368668249799	0.3803331682697474
0.12739532103643175	0.4575699430999547	0.4150347358636136
0.14167482196956213	0.42908392263200645	0.4292412553984315
0.144615834705558	0.39122073157896853	0.46416343371547364
0.12821702798268092	0.41948969898824595	0.45229327302907324
0.13415754783441766	0.44300770137757095	0.42283475078801147
0.12987554883563746	0.470461799208348	0.39966265195601464
0.13939538726735107	0.47148734538609993	0.3891172673465491
0.13272436522300968	0.40923713211889406	0.4580385026580964
0.15405526018393645	0.39707046425689846	0.4488742755591652
0.17318766522503876	0.37376797481665014	0.4530443599583112
0.14236793836843026	0.3727724385235179	0.48485962310805203
0.16126489959813972	0.45567965618009837	0.383055444221762
0.15143920083711865	0.40982886979869737	0.43873192936418415
0.1637605878434807	0.3276966996247371	0.5085427125317824
0.17274301209170206	0.44590399987503826	0.3813529880332598
0.1686789080511263	0.35063536356281655	0.4806857283860573
0.162923118429555	0.3358825210507933	0.5011943605196518
0.15062869749296445	0.403763091082344	0.44560821142469165
0.17194912603431117	0.43658545954856237	0.39146541441712657
0.15270958221507233	0.4378611763831609	0.40942924140176684
0.12729812907357063	0.45316186615332077	0.4195400047731087
0.1503480193079321	0.45161016440970386	0.3980418162823641
0.14214491450401273	0.3924881512417786	0.46536693425420883
0.15309651297766944	0.36236826341035705	0.48453522361197365
0.17074116582259016	0.3634165950375782	0.4658422391398317
0.1717857377561022	0.3665114197003182	0.46170284254357974
0.13852409816526534	0.3517896059566321	0.5096862958781027
0.16258679459521522	0.4334080308904984	0.40400517451428647
0.14375207108376567	0.353538764426332	0.5027091644899024
0.15099136049875284	0.46821659423941786	0.3807920452618294
0.16695648955644476	0.37094634714826846	0.4620971632952869
0.15342778780911237	0.4182949875633645	0.42827722462752327
0.17003555953420696	0.35271950192312734	0.4772449385426658
0.127260598506114	0.43078355559143783	0.4419558459024483
0.134625019057847	0.355426243046491	0.5099487378956622
0.16761721119311915	0.3367316427960538	0.4956511460108272
0.14345085269128752	0.4096001990595271	0.4469489482491855
0.1692332364775268	0.3930660922207461	0.4377006713017272
0.15813910783650356	0.3326252944057207	0.5092355977577758
0.15311448418184787	0.3736223536358297	0.47326316218232256
0.13343562449246194	0.3574852182367046	0.5090791572708335
0.14222765056425324	0.4744770316101241	0.38329531782562276
0.15001184357619138	0.4561586487314665	0.39382950769234226
0.14429636635246715	0.353178131467307	0.502525502180226
0.17038620958828082	0.35440019047625754	0.4752135999354618
0.15041502076218927	0.3389435918991329	0.5106413873386779
0.13559271148343088	0.4139668050828983	0.4504404834336709
0.13357787299383397	0.44189885930343586	0.42452326770273024
0.13355616894969166	0.36336504423173427	0.5030787868185742
0.133969929015129	0.4481306517746346	0.41789941921023654
0.13152383526134664	0.44288679511194445	0.42558936962670896
0.17127326392055975	0.3898705644222322	0.43885617165720814
0.1742661738889445	0.3930273726178242	0.43270645349323145
0.15636852793255884	0.4140261078841772	0.42960536418326406
0.12946060423599587	0.452601469869261	0.4179379258947433
0.12797122163367342	0.4397464107088854	0.43228236765744127
0.14166433571610237	0.4084118906462505	0.4499237736376473
0.16904577195949044	0.3621377047834915	0.46881652325701817
0.14059697933338505	0.39913933954783576	0.46026368111877936
0.13220556081181384	0.44009913939819256	0.4276952997899937
0.14463828181052252	0.4738123408918913	0.3815493772975863
0.13104080181888533	0.4621328335131295	0.4068263646679853
0.17588333622047977	0.33691130720745843	0.4872053565720619
0.14857915734384075	0.3542984473294012	0.49712239532675817
0.14597229953242646	0.43369863728061003	0.4203290631869636
0.13145415468609745	0.46264665426817864	0.40589919104572403
0.17662533677756376	0.4237402719797981	0.3996343912426383
0.1727372090041024	0.3655380919284508	0.4617246990674469
0.1518146315128195	0.36947050573288814	0.4787148627542925
0.16151700843127315	0.36153400468197205	0.4769489868867549
0.1510401131109546	0.40193415917056885	0.4470257277184767
0.12955859429409078	0.4427005589555999	0.42774084675030943
0.16060091535609367	0.4186347532481285	0.420764331395778
0.16492335467947872	0.339773140821415	0.4953035044991064
0.1503864611578542	0.44982843678188844	0.3997851020602575
0.1562757445108512	0.4409540603701376	0.4027701951190113
0.13837302312639582	0.47477561359519826	0.386851363278406
0.1342623996786143	0.4761827163271235	0.38955488399426225
0.13841635845428923	0.40690006852406024	0.4546835730216507
0.15526943380511082	0.44972216045916347	0.3950084057357258
0.16339150790258672	0.3855911446721068	0.4510173474253066
0.13832814202927957	0.4109273091181771	0.45074454885254345
0.1276055972411737	0.48048850128490933	0.39190590147391713
