0.22001045185834195	0.11923128931077229	0.28926730964236796	0.14028906865234955	0.23120188053616803
0.23486026672619903	0.0938221068222991	0.30256875565144237	0.1369820418588169	0.23176682894124237
0.2266966076895062	0.0963181804361181	0.3090213189387725	0.14136211001709112	0.2266017829185118
0.23558318331746717	0.10945815073547673	0.30105622704418333	0.13547870081029895	0.2184237380925736
0.23781759781050366	0.08840518946312842	0.29871589353737965	0.14829619300932048	0.22676512617966754
0.22495587666973016	0.10112110213743868	0.29784965923395407	0.14732532042412796	0.22874804153474887
0.23866441625353801	0.07929012481948215	0.3062290118178811	0.1391726032735085	0.23664384383559
0.2206437710997732	0.1073551165864129	0.31294391077321054	0.14216363579103308	0.21689356574957003
0.2304689477482516	0.08645451923254154	0.3039392391668968	0.15211980257662544	0.22701749127568438
0.24608277277949597	0.08699005600189211	0.30138010761091727	0.14980132764495124	0.21574573596274313
0.2335049304134839	0.10826810572600483	0.28294261640808765	0.1413924683994992	0.23389187905292416
0.22560692995607007	0.10085061277527776	0.31311133759676235	0.14005158958410657	0.22037953008778302
0.22633208326695872	0.07922901943485161	0.31229621776384536	0.14600890012140075	0.23613377941294328
0.23687626090664599	0.1266520196647063	0.28297000139721334	0.13642981580008862	0.2170719022313455
0.22193131203690963	0.10783903337604697	0.3065500920625185	0.1425218311530255	0.22115773137149922
0.24640785103238	0.09384476644139261	0.28406765442924725	0.1461316319835885	0.22954809611339141
0.23122360584471455	0.09299076038813339	0.3079646189340155	0.14217323662772652	0.2256477782054098
0.24523830924550144	0.10873126233133022	0.28208696178479475	0.14785342622330105	0.21609004041507227
0.2406702083605065	0.06419049655794345	0.31367317713213494	0.14431591032591443	0.2371502076235005
0.23251827543967415	0.1081413138612643	0.28503371323541277	0.13805660346065707	0.2362500940029915
0.23630168922780573	0.10680908167345994	0.2882216655212597	0.13939186448919003	0.22927569908828432
0.23008592235010855	0.09997694279955138	0.2921472996605091	0.15098551423604148	0.22680432095378925
0.22769083615538066	0.1077118609865436	0.28456045592724816	0.14072543866078757	0.23931140827003977
0.2389789744173007	0.09083032341338385	0.28814832087533476	0.14534844535525626	0.23669393593872418
0.2248720412299802	0.1308386541461647	0.28911000984679464	0.1374978569790805	0.21768143779797974
0.23654146700332498	0.08495904359714261	0.3068350958580787	0.1476030311443014	0.22406136239715202
0.22081761527185714	0.08986988632517169	0.31274215969976826	0.1434528992128054	0.23311743949039726
0.2279890866284326	0.08373625144379745	0.2982683211885754	0.15006576301524716	0.2399405777239472
0.2200420355439245	0.11861801493980142	0.28275531840177315	0.15082549852863925	0.22775913258586145
0.23814840483212785	0.0737469389409397	0.3092140533982537	0.14434667088740805	0.2345439319412705
0.2313851129134539	0.09757863334709942	0.28988222700907246	0.15208798277578567	0.2290660439545883
0.2394146760356247	0.08844265569019504	0.2973877849676696	0.1517380884310305	0.22301679487547993
0.22718307101892946	0.09557954566606078	0.3001692625063727	0.15195614346470204	0.22511197734393476
0.2257867511156183	0.08316695055155458	0.310240815986647	0.14725372704704479	0.23355175529913508
0.22519376514115358	0.10141242354054354	0.3101880927924551	0.14769100950806047	0.21551470901778716
0.23489831377975767	0.1083803261501487	0.28762096704900963	0.1473153101029895	0.2217850829180942
0.22404955542963134	0.09191571665607179	0.31233845270003985	0.13631098405087144	0.23538529116338536
0.22545487804803718	0.09550235097488692	0.30089428677795194	0.14266309526398813	0.23548538893513557
0.24272785547102696	0.08804386014303751	0.2913052404223198	0.14986672578373272	0.22805631817988278
0.23431734002738452	0.12064233419533933	0.28426545433111106	0.14152930322917323	0.2192455682169916
0.23462994900436293	0.10789239967191525	0.2863605237466511	0.14445062393190966	0.22666650364516078
0.23078610229006813	0.11278439177655994	0.29280080909837963	0.1399711679732246	0.2236575288617675
0.23599974057227838	0.07860006995723601	0.3113854056451385	0.1365608039312211	0.23745397989412576
0.21981006481494106	0.10884606910473439	0.30078818801157464	0.14492137616086695	0.22563430190788275
0.2289290507751901	0.11160231971882358	0.2827779223663631	0.1428165368216568	0.23387417031796617
0.2454204901724784	0.08070090596047758	0.29578685370353947	0.1511546225567091	0.22693712760679519
0.22933742430936702	0.10308161313655274	0.3017716333025017	0.14373294885742832	0.22207638039415004
0.22819229571076244	0.09883267735318672	0.29636642699019516	0.14104420837132556	0.23556439157452988
0.24737224005663416	0.08232485030336394	0.2927059400743867	0.13870928036043645	0.23888768920517847
0.24112341530529663	0.06322402277281006	0.3132464738808102	0.14860895948853275	0.2337971285525502
0.2411613519063063	0.0666760905368507	0.3030663233178393	0.14782839944830184	0.24126783479070166
0.22157967371159623	0.10622569607231375	0.29366732277081875	0.14148813912846106	0.23703916831680993
0.23824268670917154	0.09896252365231137	0.2966783174086842	0.13949799401961754	0.22661847821021514
0.24436037716397102	0.09733220699198131	0.28358645985166236	0.1406121933752225	0.23410876261716254
0.22804914885570404	0.09833624596839509	0.29374844564426406	0.14679929326515656	0.23306686626648002
0.2333994323217709	0.1100250327142225	0.2911393103065306	0.14682786796624603	0.21860835669122972
0.23199462287224776	0.08473513398707169	0.3150123114487624	0.15008559643907332	0.21817233525284455
0.23196534783619124	0.1089978285892856	0.29226387088372546	0.14382763283768651	0.22294531985311097
0.2267952957464836	0.10195226789092668	0.28309257520216535	0.14947869933394156	0.23868116182648258
0.233719865685803	0.07034519832655764	0.3109518308678889	0.14365852340203902	0.24132458171771115
0.21930588574623294	0.09585727082952798	0.30303782347204133	0.147763322577399	0.23403569737479848
0.22582016159014662	0.10279211183885578	0.3016441895782129	0.1511788690385116	0.21856466795427287
0.2399865173894557	0.08959896691299105	0.29033951910705225	0.13851155508637555	0.24156344150412518
0.22822165939053324	0.10039653762551322	0.3010397066957089	0.13899626053956374	0.23134583574868067
0.23366933899087197	0.10952464576126676	0.29413560947088957	0.14077590482981683	0.22189450094715457
0.23567802210415806	0.08244762689653981	0.3075964060819876	0.14200384127816562	0.2322741036391487
0.2432229059132351	0.06670556641379044	0.3123048375742705	0.13974308960201506	0.2380236004966886
0.2428861306915746	0.09614011966470294	0.29733229050399523	0.13875118374061607	0.22489027539911094
0.2251369253588033	0.11581420386459017	0.3021036735862991	0.1369333352408238	0.22001186194948344
0.24283784882586934	0.07452475378529094	0.30422887868514525	0.14475406384518316	0.233654454858511
0.22884883189027716	0.10531184751348095	0.2830966799552398	0.14982288178499684	0.23291975885600497
0.23713316242240487	0.08509850872812204	0.3105426948953427	0.1364740576558877	0.23075157629824244
0.22178491303050135	0.11258807266552646	0.28989268718041594	0.14334410591246857	0.23239022121108738
0.2312834965281113	0.0816892456461282	0.3080732659916269	0.14292005582806727	0.23603393600606612
0.2248613190731471	0.10000022422481974	0.29239455973743805	0.1450456472658705	0.23769824969872433
0.24244663120317497	0.09220310494923531	0.304304728128934	0.13819616265190515	0.22284937306675032
0.23294150447966905	0.10061077293040437	0.29234417641423444	0.14374597588168586	0.23035757029400605
0.23662229452796266	0.104973851413685	0.2875516207276353	0.13836973196374214	0.23248250136697468
0.24728611334298617	0.07023348028423623	0.29309048621995676	0.14823671284032405	0.24115320731249656
0.21909367454750114	0.12078019015197511	0.2860285725521466	0.13790530897633674	0.23619225377204017
0.2392701981215303	0.09652774572077412	0.30621257105419536	0.13516410842283935	0.22282537668066063
0.23238731498249265	0.07477076856415632	0.3050704985126764	0.14842250135549168	0.23934891658518265
0.23057462467107953	0.11467164073657202	0.29907412674758804	0.1366407440270928	0.21903886381766735
0.23048852243491572	0.11476479595303793	0.29517096095528406	0.13910167587368738	0.2204740447830747
0.23199864515935115	0.09380355376145945	0.2947660685513249	0.14495259213798772	0.23447914038987655
0.23786490227710985	0.08014754437451593	0.3150880359638678	0.13876501764438703	0.2281344997401191
0.22408113496788762	0.1203171014844616	0.2869987607216558	0.14196762445815173	0.22663537836784303
0.22860603562533718	0.09469157846162468	0.2944922973193521	0.14371212965475413	0.23849795893893166
0.2301360438756668	0.12321363074764614	0.2843221500439396	0.14623725711669333	0.2160909182160539
0.24498313823253992	0.08499029094366763	0.28387951643203724	0.14380241587334933	0.24234463851840568
0.22540291626772713	0.0964964270286011	0.3115609341668254	0.14025542512347436	0.2262842974133718
0.22015467622993473	0.0854700083143521	0.31505632588070454	0.14696717259542397	0.23235181697958446
0.22984237653774842	0.08626175193053615	0.30610491123126515	0.13712468807597986	0.24066627222447023
0.23762477377856117	0.07935320258522909	0.3067321349662183	0.13620658520993667	0.2400833034600545
0.22059767343219674	0.12986270365407032	0.2877102799037368	0.14191999731614977	0.21990934569384613
0.23654511283651627	0.09348229988374426	0.29836947260207597	0.14922098106250287	0.22238213361516038
0.236050512518381	0.10534020436278047	0.2912047602496343	0.141231542067328	0.226172980801876
0.2260827013028981	0.11673800010635377	0.295216239997281	0.1400653325377951	0.22189772605567176
0.2386581502484058	0.10289406889382871	0.30699376928350564	0.13579980783810977	0.2156542037361499
0.24103640035382118	0.09229940224435648	0.28793693978134266	0.14309856600748133	0.2356286916129981
0.2191803342118635	0.12921816506939376	0.2857920426600129	0.14606915833302409	0.2197402997257055
0.2277808368482271	0.08989273369870698	0.30358849728427206	0.13652882345365946	0.24220910871513412
0.22343917801903423	0.09501494299620027	0.3091653969089725	0.144548156067379	0.2278323260084138
0.23806951047218616	0.07917895348575095	0.31344780169832587	0.1424775501326478	0.22682618421108897
0.22802964324471905	0.11392793331259389	0.29086006393538044	0.14683526777196948	0.2203470917353369
0.2267312043576724	0.08283391921354326	0.30977354982864214	0.14106600553221665	0.2395953210679253
0.22879743906147076	0.07944875785972105	0.310158629513264	0.15142800568135906	0.23016716788418487
0.2216092047209023	0.11601613504839163	0.2971990180704984	0.1453935539652993	0.21978208819490813
0.2464037390499926	0.06854283183144574	0.3081024656108555	0.1383215908311698	0.2386293726765361
0.23803330865803024	0.08166895082404102	0.31154724916047327	0.13820833161902196	0.23054215973843328
0.24458037195722418	0.11038190879128232	0.29075071994303786	0.1362618781514161	0.21802512115703926
0.22511180211074228	0.10312189875414264	0.2918416574226323	0.14254162907598544	0.23738301263649708
0.24115743055012479	0.0992988922289539	0.282573229994288	0.15226410354240394	0.22470634368422915
0.23721634744404024	0.11316910877317318	0.2822345903906501	0.14188468808268012	0.22549526530945613
0.2413731197228921	0.09631152745757121	0.2951851172074584	0.147037682430648	0.22009255318143006
0.23923399852686708	0.08598830806619534	0.3003261429292722	0.13826948387807972	0.23618206659958546
0.22650876515837082	0.0961460759875398	0.29679011440577424	0.1509315313320176	0.22962351311629728
0.22625295492278164	0.07387516661074778	0.3111502580065948	0.1521941578759196	0.2365274625839559
0.22269323543355057	0.12368793511896765	0.28978099567751237	0.1351201296620795	0.2287177041078897
0.2309837438385142	0.10068020637971851	0.28687750487580066	0.14129176427481033	0.24016678063115604
0.24491748958547865	0.08369247807399231	0.3001449992961862	0.1426350729735962	0.22860996007074633
0.22782028874042676	0.10695333849540924	0.3090542102413615	0.13556055146840867	0.22061161105439359
0.2456954397362084	0.09027269192826572	0.29796652087755204	0.14956174956681306	0.21650359789116053
0.2300886062092919	0.0893411424219801	0.3104221280868898	0.150922042967169	0.21922608031466903
0.24597955956029707	0.09055198637621618	0.29917040023309643	0.13652594036571142	0.22777211346467865
0.24387366093828658	0.10963154395895525	0.2907729420690882	0.13680433567256256	0.21891751736110715
0.24262072336367846	0.08987301386253367	0.2955247712683027	0.13960092896724247	0.23238056253824246
0.2306005945127734	0.08346762041622506	0.3127993038212956	0.14361004172135708	0.2295224395283486
0.2274627869914093	0.11253841365666158	0.29196845007570055	0.152305236997942	0.21572511227828634
0.23861323228253623	0.08183671989587132	0.3063249426047219	0.144881937237161	0.22834316797970935
0.23371643077074694	0.10513173012020488	0.28677479456804256	0.14162338925941748	0.23275365528158787
0.22548854820513584	0.09563359177519015	0.29588213007126307	0.15091116935674842	0.23208456059166233
0.2375298551465574	0.08209751937946265	0.2977372578259463	0.14729162882865998	0.23534373881937345
0.23044706868781528	0.08885996784952445	0.3052163152629802	0.15165132834578	0.2238253198538998
0.23595221645542172	0.11181857079585787	0.2839100323876698	0.1471225877416951	0.22119659261935526
0.24492626914220558	0.07811319837635879	0.3010781926225824	0.14285358293209113	0.23302875692676184
0.22622623318863594	0.11470309884394976	0.2882470913802659	0.14743283573766008	0.22339074084948807
0.23049809869155874	0.09482876395106768	0.291936700465655	0.1447862367130514	0.23795020017866692
0.22379262329170138	0.12088328060706205	0.2821194909229908	0.1386530884428597	0.2345515167353858
0.22768633205040886	0.09026103577502548	0.31223180047655524	0.1487357993127102	0.2210850323853
0.2381384250000234	0.10718690152844675	0.3000666973088503	0.13603180748190075	0.21857616868077853
0.2434399165274198	0.0877416828826912	0.29873402184997233	0.14001258725620527	0.2300717914837111
0.22170250476124323	0.10023249977871064	0.3064920835115202	0.14384780665763777	0.2277251052908879
0.2414673982299857	0.06986153492966765	0.30810170546235566	0.1455223149641055	0.23504704641388524
0.2282587973184425	0.09780835373015685	0.30756985941694587	0.13686639492643282	0.2294965946080217
0.2359347765717702	0.07189783267158883	0.3128709856765797	0.13967387022234845	0.23962253485771257
0.2346355421475437	0.1035734077123972	0.30148251206110355	0.13893409021168557	0.22137444786726973
0.24187531170541432	0.08978022541008143	0.30033016678506996	0.14735890665904913	0.22065538944038496
0.21961757926489134	0.1104977309482458	0.29656575398149676	0.14213363656929628	0.2311852992360696
0.22052124485529778	0.09565593271480155	0.30631343317671467	0.13605805860090628	0.24145133065227944
0.23154705341665233	0.07182470563211849	0.3129507569459471	0.14733465537240734	0.2363428286328745
0.24495244942779895	0.08742039652740323	0.29974844925039634	0.1482752199399005	0.21960348485450076
0.2393312341252582	0.07055976885709578	0.3123219606717688	0.14455583964884472	0.23323119669703224
0.24143111870478892	0.10605307038838896	0.29367502931111256	0.1409531043687899	0.21788767722691937
0.24152397715186505	0.0998246280054201	0.299124489877632	0.13533352938653795	0.22419337557854466
0.22522248197403788	0.13008515478055133	0.28338980601791514	0.14178107809685483	0.21952147913064057
0.2225443025469594	0.10402681523438981	0.2994016021946591	0.15117261564184342	0.222854664382148
0.2231245450528951	0.08941491122895419	0.2997846929830377	0.14770203098018697	0.2399738197549258
0.2218329987346498	0.10205850291191061	0.30820639080385726	0.147677414000628	0.22022469354895408
0.23088533597008015	0.10179261248203321	0.2876521930537519	0.1478134687173791	0.23185638977675538
0.23214301621845013	0.10026375161571494	0.2833424287383305	0.14584719878257268	0.23840360464493154
0.22233192442595093	0.10278599741208241	0.2995195502780729	0.1417136227589405	0.233648905124953
0.23797422379590483	0.08754727351141238	0.2898311421627251	0.14407072477169075	0.2405766357582667
0.22839300944647356	0.11326971361803717	0.2952711782020861	0.14004224849926913	0.22302385023413376
0.23832563794847925	0.09514539915951394	0.29582751113513495	0.1399403097250083	0.23076114203186335
0.24518502956898686	0.06645467850463369	0.3024647871162323	0.14355622579622876	0.2423392790139181
0.22392085905380443	0.10781675820786886	0.29781045211667334	0.14273527158460209	0.22771665903705107
0.22264856768902871	0.11549074948769497	0.28361765507127973	0.14996631538760208	0.22827671236439426
0.24127066205236847	0.12098599301288754	0.286264495132171	0.13593209115499005	0.2155467586475827
0.23248938041566397	0.10430500000274522	0.29732886804160746	0.13822610707072638	0.22765064446925676
0.23155783763031834	0.09054853052015437	0.31509008680121187	0.14281994734851516	0.21998359769980005
0.22820940297198475	0.11494358937204516	0.2868908752609623	0.13857160099177987	0.2313845314032277
0.22778538154784952	0.1129022828556518	0.29740792558657625	0.14290698931995105	0.21899742068997116
0.242356152278107	0.0849205532467726	0.300750008154194	0.13999501651895474	0.2319782698019714
0.2230044000718562	0.09971082751126267	0.2984513817729711	0.14824893559026914	0.23058445505364064
0.22021990551581103	0.08619096673854434	0.30454865866150466	0.1499328059869635	0.2391076630971762
0.23653998462056708	0.09779948975589743	0.30067627203047204	0.14462608991063033	0.22035816368243288
0.23244890583422195	0.08270530389678749	0.3150174516605712	0.1473906563170275	0.22243768229139158
0.21921902046784508	0.10558588279024204	0.29561277932102803	0.14199923275738288	0.23758308466350173
0.22484024038184178	0.11414979669679716	0.288786982697581	0.14405095030365195	0.22817202992012786
0.23013610939819992	0.08635307805301945	0.3072323997444293	0.15217786972047437	0.22410054308387672
0.24283848056639515	0.07744450107483064	0.31427999012296154	0.14406978373949178	0.22136724449632067
0.23386973586213297	0.0928443724160286	0.3088543451810613	0.14740720374008648	0.2170243428006904
0.22024814659152325	0.10525549929170633	0.29750925698124897	0.14645469273141296	0.23053240440410824
0.2236605515427758	0.10753898998436816	0.2877961848941246	0.15131061898828296	0.22969365459044827
0.24239917616642126	0.0976378220002776	0.3009350905802733	0.13661302020822466	0.22241489104480294
0.22006744417821583	0.10201974180627343	0.294116457516319	0.15175800978937426	0.23203834670981732
0.23218275216041734	0.11021483891237152	0.2872040772495744	0.14254100806420467	0.2278573236134318
0.24032615407266056	0.07325636035147018	0.31220145830204843	0.1414670928222811	0.2327489344515395
0.2258556587485146	0.08308932620391447	0.3129822340275375	0.1381908598462718	0.23988192117376136
0.22366625347111138	0.08825559997792091	0.3006989049999055	0.1515621859223027	0.23581705562875932
0.22357220976945566	0.09553521218778215	0.2999031835189683	0.1505074994263859	0.2304818950974078
0.24524690139270455	0.0829195814954352	0.28296466225467026	0.15114963050548713	0.23771922435170262
0.2354699916626734	0.10278225851362954	0.2843083138989074	0.140786702664354	0.23665273326043543
0.23012325969328945	0.10792311747511804	0.2854788224882202	0.15178455680678996	0.2246902435365821
0.23942110331140617	0.07739050642060488	0.302006667266512	0.13867038814533622	0.24251133485614051
0.2359988918830212	0.0871969556539293	0.30248679411829527	0.14830391599112108	0.22601344235363288
0.23687446386392325	0.09989088977991113	0.29054520554747637	0.13558071281155856	0.23710872799713045
0.221032484051491	0.08174047807416918	0.31369172151937075	0.14512700372401124	0.2384083126309576
0.24456872731124218	0.08166974809771722	0.2842283569713745	0.1512507134162613	0.23828245420340458
0.22319932882246563	0.07822298715214719	0.31336957602079474	0.15047237067664726	0.23473573732794495
0.2339643985889453	0.10037286741013936	0.2874022960027121	0.14142677527116718	0.23683366272703582
0.22947572730391236	0.08030804936783836	0.30975922921177734	0.15221776221863142	0.22823923189784026
0.22111685532074174	0.09159037086753759	0.30608617631349533	0.14046745853590398	0.2407391389623211
0.2340503655800042	0.10808709859041389	0.2831853657373561	0.1407733877076051	0.2339037823846205
0.24586662423146755	0.07694256084182097	0.29409519540452295	0.1469839184845895	0.23611170103759876
0.23038839436819342	0.106907050639927	0.28888659821879425	0.14621612666413253	0.22760183010895257
0.23865933828050825	0.06771083466372155	0.3024368337740747	0.1510546373490121	0.24013835593268315
0.21938320852040166	0.11320685022472667	0.29043382988551963	0.13549397945740735	0.24148213191194445
0.23660645172542988	0.09760937601608552	0.28575632312969834	0.14330388340729722	0.2367239657214888
0.23249103556286035	0.07695463657972706	0.29844331506039473	0.15077351298726638	0.24133749980975122
0.24071707023975983	0.08113747729196633	0.3021344596506984	0.1457774733506015	0.23023351946697368
0.22358282954463143	0.12281125140852177	0.2987560847382054	0.13688928076462664	0.2179605535440145
0.22551024218596125	0.08047801608649661	0.31239426467903736	0.1459988816674822	0.23561859538102234
0.22626263424291942	0.10656775182775334	0.30668079992152464	0.1439174706752565	0.2165713433325458
0.22943807136286834	0.10172214131268534	0.28318831392359956	0.15103987283900377	0.23461160056184271
0.22649022389245	0.09990358591110259	0.3013401416861762	0.15106120414293048	0.22120484436734048
0.2352496805457034	0.08696313983712542	0.3004298958740278	0.1513003486127801	0.22605693513036307
0.2445764055273952	0.06319017255121567	0.3075068582689846	0.14996049719766535	0.23476606645473888
0.2373759681375358	0.09840160473032301	0.28383684127797393	0.14101757429866132	0.23936801155550563
0.24015384416507143	0.09316340931980654	0.31230636101481857	0.1359483198091223	0.2184280656911809
0.22521257996996216	0.11479130623855249	0.29094112234904906	0.137267304177255	0.23178768726518106
0.2289127024406807	0.09600941076424016	0.3001108898204168	0.136062869580925	0.23890412739373712
0.23028125303159347	0.09615381784846852	0.30570171748070013	0.15218746256560223	0.21567574907363543
0.23528562740082895	0.07851009892814242	0.2988430986617202	0.1517288225536047	0.23563235245570346
0.2209767474348072	0.12346992359185506	0.30033588483557244	0.1396031403446792	0.21561430379308588
0.23437689822473956	0.10026166962149474	0.2938041419717985	0.15160848904406427	0.21994880113790272
0.2424542602329702	0.08757954364129089	0.30232013468263746	0.15194070802255025	0.21570535342055094
0.22185054921296649	0.12869559741678208	0.2828852933894368	0.1379957290940456	0.2285728308867688
0.22748120668581107	0.1103365831475462	0.2939503541267612	0.15093974353562106	0.21729211250426023
0.22488710054489158	0.10701516549807555	0.2858016830824169	0.1494879107407501	0.23280814013386564
0.2365897887548014	0.08126017491624732	0.3060191822791787	0.1519458576351015	0.22418499641467088
0.2397553836162679	0.09234746007516006	0.2978009507547335	0.14444483697687463	0.2256513685769637
0.22388238607098548	0.08606140881178774	0.3056886577247624	0.14454914710839303	0.23981840028407111
0.2436873150036115	0.07540859748651199	0.2998484163607756	0.1476184278246825	0.2334372433244182
0.22233570922307117	0.13242998874923717	0.28891548756896135	0.13544837173970053	0.22087044271902953
0.24573195411732207	0.08651506469224518	0.2964592036296887	0.14008675586058145	0.23120702170016233
0.24304069008351767	0.07522842634176737	0.2940811983484228	0.1460626361219625	0.24158704910432943
0.22506640789686658	0.09401752469349434	0.30874569101888294	0.14938019100055255	0.2227901853902034
0.2317019743569061	0.06999700521159477	0.30963602522582795	0.15009761702917734	0.23856737817649357
0.22456796632116127	0.10871209694609855	0.2934465711536811	0.15228821150419478	0.22098515407486408
0.24420026464021372	0.07087440495491551	0.3000081873537215	0.14639748535470218	0.23851965769644692
0.2385086678641189	0.08336176362180417	0.31196766283084276	0.14372775276626987	0.22243415291696403
0.2344744083609212	0.08128385921470316	0.3083552954665413	0.14660603035780181	0.22928040660003235
0.233526759258602	0.08991379792007087	0.31046840676622206	0.14347761449438912	0.22261342156071573
0.23622084698717227	0.10390412008511836	0.29774403741192934	0.13529189117982354	0.22683910433595622
0.22137323171847945	0.11305388320613828	0.3007107341556271	0.13938376129714564	0.22547838962260935
0.24281132039872244	0.08624413172993557	0.29775819534815406	0.14077708565658031	0.23240926686660737
0.24263644223766262	0.08034423693436639	0.3027197276012916	0.1384728645778789	0.23582672864880017
0.23165740172601934	0.08188578803318995	0.303983104515069	0.15054766229484018	0.2319260434308813
0.23311543779892496	0.09058760737223692	0.2928617137498871	0.1417827639486082	0.24165247713034255
0.23842493755810182	0.0785485491704334	0.307739197199171	0.13598251196557437	0.2393048041067192
0.22804584394624497	0.11511279669755045	0.2965819532804769	0.13763023806739413	0.22262916800833332
0.24345470160404253	0.07504327519616448	0.30526562361322895	0.14747530375681248	0.22876109582975135
0.22256977986512183	0.10949071128452105	0.2977229906343052	0.15040152577281551	0.2198149924432362
0.2351121040808357	0.07568525126671775	0.3081241182160211	0.14045327025775572	0.2406252561786695
0.23910216005344967	0.08629074334458321	0.29980109169524816	0.1382173946376008	0.23658861026911798
0.22997888045943837	0.09278030129750667	0.2968325252381903	0.14914147488693152	0.2312668181179329
0.24122422245759634	0.07658959510601701	0.3141916115640474	0.1464220793277359	0.22157249154460312
0.23914405644326778	0.08003845184024486	0.288779473834155	0.15207428759055808	0.23996373029177406
0.2374277804081665	0.09236318689836501	0.2892661492432921	0.1420247524587479	0.23891813099142828
0.23939910506071446	0.07280760917063603	0.3020436379356283	0.15094096859606373	0.23480867923695725
0.24187460051066542	0.09772895140009046	0.29876143789845294	0.14021934813039325	0.2214156620603977
0.2378639782952441	0.10804198101967695	0.2880321266079485	0.1356393222985824	0.23042259177854776
0.23754313023561135	0.08670317203172463	0.29288104861262804	0.14876501718348695	0.23410763193654874
0.24003137215934006	0.0834027239786968	0.31061016588948326	0.1458052462657385	0.22015049170674114
0.24406513809888292	0.07688655695686458	0.30630721770818536	0.1413518071113574	0.2313892801247095
0.2229662467789996	0.08888433483722301	0.3081383451162665	0.1469760277778804	0.23303504548963025
0.24458816121944085	0.09347788686952394	0.2931973580267484	0.1523629596137902	0.21637363427049638
0.22235989376853665	0.10224646517934897	0.2993356574568479	0.13635943372964127	0.23969854986562497
0.24568865356599418	0.0957260350720289	0.2947442522001933	0.1418711469781906	0.22196991218359277
0.24476150838930272	0.08157692904685541	0.29768504494911274	0.15173511517332727	0.2242414024414016
0.24701772079293693	0.06591767792023961	0.30948384182450933	0.14364123043136467	0.23393952903094917
0.22949831115529462	0.08251232704856214	0.31312673458099016	0.13868202916569944	0.23618059804945343
0.22793200605536412	0.0801017286908425	0.3115739675654835	0.14740052049807353	0.23299177719023606
0.2419955534740752	0.08149184119935399	0.3020871315577446	0.14093266831737827	0.23349280545144774
0.2221946300577751	0.09597244414010861	0.29216350400892	0.14820539097406543	0.24146403081913065
0.22862712431865773	0.09170993568376007	0.3080371013354209	0.13576868437400932	0.2358571542881518
0.2238153248233471	0.10232478861097886	0.29235004915399526	0.14747892379971433	0.2340309136119642
0.24096166613119238	0.06945736701630112	0.29988645195110386	0.15089348150582071	0.23880103339558167
0.21982963107918585	0.1088248193655335	0.312274926655024	0.14180468126920426	0.2172659416310522
0.22930902516925813	0.08983472514339805	0.31160228642437793	0.14708352300392746	0.2221704402590382
0.24689974107326182	0.0825159458444153	0.3121682894257566	0.1411864417685118	0.21722958188805425
0.2395826584241299	0.09230783827914744	0.296225680645013	0.15191703465392709	0.21996678799778235
0.22606824678530624	0.1101038560711834	0.3006772344460532	0.14687718072382008	0.21627348197363688
0.22281225496269264	0.11945748894953477	0.2853235690140149	0.1483319899848491	0.22407469708890837
0.23314350205501833	0.09153590766088363	0.3008743658025646	0.150969525123037	0.2234766993584962
0.23521910548899955	0.09505611986327815	0.2864653347346964	0.14830892560159786	0.23495051431142785
0.23004837731741834	0.09567219341957378	0.2831310230797841	0.1501696177099368	0.24097878847328677
0.23609276253526193	0.0807209004831058	0.308182138694267	0.1374044852968332	0.2375997129905318
0.22867597569613696	0.10127247395896193	0.28587527615640734	0.14481974231539682	0.2393565318730967
0.22537052176856573	0.10133488674083008	0.30500734961533765	0.14951659518076243	0.21877064669450388
0.24142215389780228	0.08339516598055934	0.31178808491759424	0.1440350744720729	0.219359520731971
0.24605484436541042	0.08027569225782404	0.31084345923802575	0.14157048547816323	0.2212555186605763
0.22901292719736877	0.11214403386374296	0.2857808924346754	0.13643625107755103	0.23662589542666163
0.2309602057920735	0.10171501266573862	0.29487465424678116	0.141630129540126	0.23081999775528045
0.2204575245214121	0.09912834185414515	0.30633898051009395	0.14514160029787898	0.22893355281646957
0.24320729940357028	0.08166082693571264	0.3091419674682806	0.14526068425028074	0.22072922194215544
0.2379884441756669	0.09428163582608587	0.30449634639449774	0.1385099094719013	0.22472366413184797
0.2355314464242257	0.09669307874140017	0.3034081359783773	0.14683872645821905	0.21752861239777754
0.24372135863639965	0.07584678275746715	0.304053698425535	0.1481621750613142	0.2282159851192838
0.23582588057156792	0.10807991944410593	0.2829966951475375	0.14611089249411632	0.22698661234267206
0.2308133272141485	0.10461101992951666	0.28944261189546927	0.1472263095849332	0.2279067313759321
0.23496113056711165	0.08943825368062235	0.2976032297723799	0.14466813270279216	0.2333292532770937
0.23354775365671823	0.09695457766548325	0.29012974979824624	0.14155139400091996	0.23781652487863209
0.22788188620444105	0.08215894919762742	0.3061246584372652	0.14163671647158277	0.2421977896890833
0.24593447957646122	0.09352290307627759	0.2963249757895997	0.1379514808912837	0.2262661606663775
0.2338541673511948	0.12368371943102023	0.2826741769149447	0.14411039861525643	0.21567753768758358
0.24275460875035693	0.06916905620782077	0.3054977120678136	0.14906956348670258	0.23350905948730583
0.2284357179421562	0.11605533836293469	0.29083649819504714	0.13674802946752865	0.22792441603233307
0.23987403308231986	0.08962454109239264	0.29180984821788714	0.13814148970360757	0.24055008790379256
0.24246408885582166	0.06611069499374353	0.3142131222560913	0.1469799449996864	0.23023214889465685
0.2297660517992037	0.09962121514829426	0.3032399253041055	0.14332444728889285	0.22404836045950347
0.23535284240168208	0.08771468358640358	0.2995102102246719	0.14834494831616696	0.22907731547107524
0.23693116746629136	0.09486544041204717	0.30067477922070823	0.1364563445164438	0.23107226838450917
0.2385159809412436	0.07904679065624126	0.31451860200580306	0.1519614180991993	0.21595720829751258
0.23334491376029406	0.07746244780918332	0.31505616300247047	0.13747517164111023	0.23666130378694164
0.22191390576406117	0.08777595623495787	0.30956961123480414	0.1494487860505611	0.23129174071561548
0.23070774645315778	0.11713132313061309	0.285377754679472	0.14232441445906824	0.2244587612776886
0.23062374009891334	0.0980232372565929	0.30669833057669693	0.13735253037537853	0.22730216169241807
0.2289082708034925	0.11191453170099631	0.2834738128531416	0.13588898979262565	0.23981439484974368
0.2430883368243216	0.07937668734587679	0.292132677275609	0.1459314001892419	0.23947089836495047
0.24123691877340814	0.07484592124485587	0.3077222889378837	0.135227025046955	0.24096784599689705
0.24504112887090573	0.08602931955738512	0.2981227642767893	0.14688404015668782	0.22392274713823176
0.2421025861187136	0.06731819921002366	0.3108241789622401	0.14269192676616285	0.2370631089428595
0.24583299618376891	0.08787412808252147	0.2969275929642488	0.1420482016043985	0.22731708116506208
0.23219511315598698	0.09663434392501292	0.28778419948165196	0.141200821785179	0.24218552165216886
0.24673066661414872	0.07970112348207277	0.2965541459527455	0.151045191448379	0.2259688725026538
0.22384567364749808	0.11799789269253769	0.2821048090336805	0.1425610892795929	0.2334905353466906
0.23121358008835635	0.09804676979335264	0.3032021457369328	0.14399938091111686	0.2235381234702411
0.22755299254075925	0.09766242145932579	0.2913469323504855	0.14296308785265968	0.24047456579676957
0.24530540326397482	0.09749287222807652	0.2847741469254503	0.14388597231311634	0.22854160526938183
0.2288595920292104	0.10058034526682888	0.2921711791829209	0.15093050210558373	0.22745838141545582
0.24687763076358626	0.08221337693854358	0.2997257087173434	0.1451306799784876	0.22605260360203888
0.22120540879341388	0.1163321496099667	0.2840057700602718	0.14071871449001352	0.23773795704633388
0.2296734544792514	0.11432302913132834	0.3006906728994383	0.1386221766158521	0.2166906668741296
0.23887460084813877	0.07813333805950343	0.3049058042389622	0.14995641287912392	0.2281298439742714
0.24503632179496299	0.07652161059176825	0.3113800310720157	0.14740879154265774	0.21965324499859515
0.2199578135762873	0.11141261909062376	0.28633245402837243	0.14899237413209585	0.23330473917262043
0.23886221620689924	0.09619647559055308	0.29791132075724314	0.14302476321761262	0.22400522422769162
0.2277991928268216	0.09692646354069152	0.29720377044254015	0.1440235010291676	0.2340470721607789
0.24597705264439457	0.07981362879295953	0.31389892681189463	0.13936745342790974	0.22094293832284126
0.24130048258107356	0.09615273383134312	0.2975285028168433	0.13986140673462766	0.2251568740361121
0.24564417517360226	0.08156115135907455	0.2869454414724222	0.14676939060844008	0.23907984138646068
0.23212069820709053	0.12434096549501496	0.2868551562852625	0.1384789276704504	0.2182042523421814
0.22845584595197188	0.11121933025677762	0.28420451164717886	0.14026774793490315	0.23585256420916828
0.24388507985219504	0.0765805227692355	0.3127054264216989	0.14409840939133367	0.2227305615655366
0.2234323730570261	0.10041316275191706	0.306665449220393	0.14869115752841716	0.22079785744224642
0.23698621033125283	0.10973851053142707	0.29429336387010613	0.13970035249560137	0.21928156277161232
0.22933860246547552	0.09640629591439552	0.2931449351492219	0.14227053244062865	0.23883963403027816
0.22127950226125753	0.10579906133507117	0.29406409981347814	0.14474568588574727	0.23411165070444565
0.22174866562846718	0.11759876770346532	0.28236236982534846	0.14478685147281517	0.2335033453699036
0.24062990094569914	0.09928100448492197	0.2912446282475971	0.14436053444465968	0.22448393187712185
0.22284315804697527	0.09827001877526174	0.30918984538943767	0.13954314483807612	0.23015383295024894
0.22363242761502905	0.10587196687511242	0.31182907364560347	0.1397265635359815	0.21893996832827334
0.2274457903854836	0.10514610508053336	0.3010388314032932	0.13976995562170624	0.22659931750898335
0.23516050610358116	0.08607034230097381	0.29754325139590726	0.14956322883338233	0.23166267136615518
0.22083716834543404	0.12071653359204697	0.2861386184405091	0.14027295864785455	0.23203472097415512
0.23145197992459826	0.11619555387724395	0.2858338985516675	0.14128371620026128	0.22523485144622873
0.23312711836124242	0.0857231352450291	0.29865854533193886	0.14165314948174784	0.24083805158004157
0.23357847527141085	0.08297223072398437	0.29549820887574074	0.1482349165434879	0.2397161685853759
0.22366932000093093	0.10664736543956072	0.3084349940376245	0.13538871491012874	0.2258596056117549
0.22695879357845727	0.09801417115051639	0.3056114271880185	0.13843099198991501	0.23098461609309257
0.23114488707056205	0.1035455841750914	0.29517826888563087	0.15101163197079245	0.21911962789792294
0.2356391824102282	0.09718221589002209	0.299460336488075	0.1359161658311861	0.2318020993804884
0.21981274538015227	0.11672258197992168	0.29164490641399315	0.13595775551571163	0.23586201071022103
0.22432665985397413	0.11583663045124236	0.2869839738305452	0.14717162716161275	0.22568110870262534
0.2195578490075598	0.10413253094577875	0.3086318893290887	0.14548601313554804	0.22219171758202447
0.23917137960240864	0.12398581785748007	0.28313288086933525	0.1369100223951387	0.21679989927563714
0.2462656232983058	0.09082262068336847	0.2985080439833292	0.14813475986806646	0.21626895216692982
0.23723238770282837	0.10325194461125832	0.2833298092983424	0.14387335661049222	0.23231250177707846
0.24040577302413274	0.08906078740345126	0.3079546912041999	0.13713866880170547	0.2254400795665104
0.22239872451991724	0.11428087852243875	0.305204915269645	0.1383938671096399	0.21972161457835887
0.241012484619628	0.1067062983358732	0.2856844209866733	0.14825705834692493	0.21833973771090032
0.2222452931074923	0.09358182052569634	0.31311929541384553	0.1516869602007218	0.21936663075224377
0.2390986192175578	0.1097859263763198	0.2833887899298728	0.1491369178206231	0.21858974665562625
0.23516367839365723	0.090858681245192	0.2905668929519265	0.14631663861042482	0.23709410879879922
0.23423845394418516	0.07775374309038757	0.31496145765242844	0.1514728788701003	0.22157346644289827
0.24371786098491555	0.08543028990206311	0.3138172898861044	0.14152981375482052	0.21550474547209617
0.22562408107979007	0.08170034895076768	0.30097951077270146	0.14981207743586217	0.24188398176087839
0.23694005864677087	0.0871859038865038	0.30586109280264046	0.14211884741696582	0.22789409724711887
0.23721700209015045	0.09437311820946204	0.3048446684929045	0.13705834074230658	0.2265068704651762
0.23285041360747644	0.09933718049385007	0.309290616007963	0.13592028334307193	0.2226015065476383
0.21904626914850212	0.1231129819890829	0.3040113559745	0.13612220657762092	0.21770718631029384
0.2253831374512431	0.11530082256946679	0.2916066833431629	0.142861188707717	0.22484816792840995
0.2323129412344795	0.0971302654481989	0.2898940733197256	0.14375571198557566	0.23690700801202008
0.22614891302275258	0.11345803310164347	0.28295119776816535	0.15040699865151447	0.22703485745592386
0.23402574037154739	0.07983233783186389	0.30778704801761	0.1454134023443589	0.23294147143461963
0.23693739038484454	0.09465235129373128	0.29594113587808335	0.13951575447300057	0.23295336797034
0.23734212572624272	0.08614316449471598	0.3027955991949287	0.14974977825625457	0.22396933232785773
0.24469361090656566	0.07924018694351903	0.3014568647811312	0.15182584948888736	0.22278348787989644
0.22828735329710312	0.1260662498925974	0.2861311313793133	0.14278570913504435	0.21672955629594154
0.22146603978594806	0.09248732611803767	0.31335912897762175	0.14875075182957476	0.2239367532888175
0.2283694705981351	0.10087599436809865	0.29323022105851937	0.14513251300951585	0.23239180096573078
0.22391067660136066	0.1052587898939602	0.2930316664553228	0.13832096047996933	0.23947790656938675
0.21949099395093652	0.1047982184352657	0.31080914204078847	0.1493536464049904	0.2155479991680187
0.24046900452535197	0.10221368062244922	0.28698186832393263	0.1420298995782344	0.22830554695003152
0.2275151272548515	0.08664048786647763	0.30517177872052387	0.14110892217000615	0.2395636839881406
0.2391453033200964	0.08573104163415615	0.3078420860022799	0.14166662406859298	0.2256149449748743
0.2225236343125928	0.12642492580297068	0.2923517514940994	0.14014983799004463	0.21854985040029223
0.24465651642486372	0.09211030012106058	0.30027678914119554	0.1352442336982333	0.2277121606146466
0.24134815416938687	0.0902768422986386	0.29490984565008305	0.1438855928179483	0.22957956506394295
0.22116886160491142	0.11875887114494071	0.28461159513252476	0.13622918649905918	0.23923148561856372
0.24238846096429892	0.09474366216637739	0.30747817869798494	0.1371999797324545	0.218189718438884
0.23583598505424977	0.08101296467878076	0.29915285229302757	0.14590415429806178	0.23809404367587989
0.22680258895139263	0.10713847646444566	0.28483153468832495	0.14351430606559462	0.23771309383024186
0.23060000724728524	0.09269683918435828	0.29848262418757276	0.1460071461630484	0.23221338321773508
