0.1792199754070367	0.3289625199132729	0.49181750467969054
0.14239767906020842	0.34745925922527554	0.5101430617145162
0.18253401843317044	0.2765641091268005	0.5409018724400292
0.14214451550605953	0.34070759722040067	0.5171478872735399
0.16840049181477293	0.30737949742078874	0.5242200107644385
0.14504149674125033	0.31859601886604	0.5363624843927098
0.15437187277315945	0.3099276329782082	0.5357004942486325
0.14059316507495903	0.31504246628032406	0.544364368644717
0.17437128726855172	0.3130939472861101	0.5125347654453383
0.15231437715162705	0.3013799986613365	0.5463056241870365
0.17570298368987286	0.4029030204812405	0.4213939958288868
0.17372132131707804	0.33993808687684157	0.4863405918060806
0.17014779070637248	0.42229608558590714	0.40755612370772054
0.13557116197924537	0.3399506882167722	0.5244781498039826
0.1655039312047088	0.29409137605548297	0.5404046927398083
0.14710345504199235	0.3664185042620822	0.4864780406959256
0.139971090191487	0.3571810329032146	0.5028478769052984
0.15551400789870662	0.42014709696611147	0.424338895135182
0.1749488933147917	0.3343703514234152	0.4906807552617932
0.15483978807956045	0.3241745456653826	0.520985666255057
0.15077440815616033	0.3249577491239408	0.524267842719899
0.14796303512681241	0.38101102335119247	0.47102594152199523
0.15941475720699155	0.36117890332694563	0.4794063394660629
0.1472678108582148	0.4083851609463478	0.44434702819543753
0.17128951927665953	0.33060064090992175	0.49810983981341883
0.16746104135094628	0.32499425608336396	0.5075447025656898
0.16723305462122576	0.29232338961436677	0.5404435557644076
0.1832308926130941	0.3947683522252054	0.4220007551617006
0.1746164294550853	0.3071210744094797	0.5182624961354351
0.1796018151611752	0.282489608991132	0.5379085758476929
0.16011250607552235	0.30168181215370693	0.5382056817707708
0.16952736313599653	0.3289142139196492	0.5015584229443544
0.17369843301791074	0.34430750007179706	0.4819940669102923
0.16584545334738796	0.3330233863396833	0.5011311603129289
0.1597306897864083	0.2943679312359239	0.5459013789776679
0.16690740315554192	0.3138253880589127	0.5192672087855456
0.15634612015196564	0.4127645952594127	0.43088928458862175
0.18393103281511258	0.3207385070135287	0.49533046017135884
0.17369370628969238	0.3712255574367694	0.45508073627353834
0.15698510533849905	0.3400273877294252	0.502987506932076
0.15385706424724935	0.36150935178853544	0.48463358396421535
0.15987520067374889	0.4290936481440014	0.4110311511822498
0.13855434206291828	0.4327233885679856	0.42872226936909624
0.14120403453717584	0.4129390500849538	0.44585691537787053
0.15567320892468772	0.37388207859066114	0.47044471248465125
0.14518577237677144	0.38704006094321236	0.46777416668001637
0.16082899784251772	0.34090113355367624	0.4982698686038062
0.18206347173256568	0.27142810579309656	0.546508422474338
0.17675770845999667	0.36734736460212924	0.4558949269378742
0.15994135456567662	0.37656859150635086	0.4634900539279726
0.17701262101685866	0.388248399090748	0.43473897989239346
0.14688971040759927	0.42193890642309506	0.4311713831693058
0.1357419928872142	0.40281455939716004	0.46144344771562584
0.1484245178505217	0.4246963044366967	0.4268791777127817
0.17201766134541085	0.42032312664455895	0.40765921201003036
0.15620050449428785	0.40254540206244394	0.4412540934432683
0.16476796492632684	0.4189620810299507	0.4162699540437226
0.16852922827553277	0.41169481517764706	0.41977595654682026
0.1612274995076718	0.4279297231174847	0.41084277737484365
0.15817090400773143	0.3702495161515767	0.471579579840692
0.1694242033880867	0.3141524921339942	0.5164233044779192
0.18297144853860844	0.4095920361722277	0.4074365152891639
0.15816620698875516	0.38448662139793066	0.4573471716133143
0.14235850272993755	0.4056722322807652	0.45196926498929735
0.14918998222844826	0.4077980156926847	0.44301200207886715
0.14648581550311843	0.3855926328592233	0.4679215516376584
0.15095225518485167	0.41740530772533013	0.4316424370898183
0.16907801361227223	0.40562726312906716	0.4252947232586608
0.15930404799945497	0.32360680724062496	0.5170891447599202
0.14987400854355698	0.4020589338001293	0.4480670576563138
0.13818537106361972	0.42791062289947795	0.43390400603690243
0.1684964697139122	0.42413738866905515	0.4073661416170328
0.16462107751742577	0.3622311478862942	0.4731477745962802
0.1658967989635866	0.28569969303684417	0.5484035079995693
0.13785624012794784	0.32594492548401	0.5361988343880423
0.15082969863070597	0.38296290053957915	0.466207400829715
0.17176185689404122	0.3251550535236301	0.5030830895823288
0.16764635643854067	0.38804106931775856	0.44431257424370085
0.1351684404780049	0.43898446611995273	0.42584709340204246
0.18199003556662688	0.3731622106976866	0.44484775373568664
0.14026670396608593	0.3411929860946133	0.5185403099393009
0.1501072744542764	0.3631128360325472	0.4867798895131765
0.1470129498617798	0.3803434543682622	0.47264359576995807
0.15924057081325987	0.3435145068630194	0.49724492232372086
0.14704878122722845	0.43022444177079383	0.42272677700197786
0.15167743064128067	0.41084899939015995	0.43747356996855946
0.14630241990984133	0.3694437071217121	0.4842538729684467
0.1645687046037826	0.38429706402526376	0.45113423137095376
0.16780686916232124	0.3461183432300847	0.4860747876075942
0.14634031070862585	0.39855814817601004	0.45510154111536416
0.1587116794803515	0.3739714938440725	0.46731682667557606
0.18150087490744204	0.27579407657539456	0.5427050485171636
0.1592806348663811	0.41082424969985115	0.42989511543376785
0.17810440952262796	0.2816708915747445	0.5402246989026276
0.1590162432047733	0.37524059081762423	0.46574316597760257
0.14604982740828143	0.34063992600731363	0.513310246584405
0.1582345665821725	0.30286530647202436	0.5389001269458032
0.18073970262972977	0.30074900753978207	0.5185112898304882
0.13684101959906048	0.359910984896084	0.5032479955048557
0.15363845765252793	0.435067869891651	0.41129367245582116
0.1556209929778828	0.35298876475442753	0.49139024226768985
0.1603903060479727	0.39577625447694537	0.443833439475082
0.17109863594472885	0.3898797209133093	0.4390216431419619
0.17885353592426653	0.2713802562950171	0.5497662077807164
0.17593331968447234	0.3295702330272747	0.4944964472882531
0.14386999359791253	0.4457081368967904	0.4104218695052972
0.14742023941868843	0.3765096116153021	0.4760701489660095
0.15433081926390171	0.3307347349159475	0.5149344458201509
0.14869896363993562	0.37566934972563193	0.47563168663443256
0.16477796674577716	0.4071569751409064	0.4280650581133166
0.18024571492395022	0.3312333266285337	0.4885209584475162
0.15532363323133974	0.3413067147417514	0.503369652026909
0.1641731748075003	0.42699370533319336	0.4088331198593065
0.15059122095683874	0.3334961482677446	0.5159126307754168
0.1719248121489587	0.3657830371245837	0.46229215072645774
0.14365187776591454	0.33790799036408825	0.5184401318699974
0.15744499621805746	0.4148235066083593	0.42773149717358333
0.1763817185687758	0.2930714622840065	0.5305468191472178
0.1664204297925317	0.3204116299924885	0.5131679402149799
0.1405613860881147	0.35846890128683184	0.5009697126250536
0.136976455615188	0.3320717587169636	0.5309517856678485
0.1560251704963442	0.3090865091940267	0.5348883203096293
0.15895238069210132	0.4238605635130721	0.41718705579482673
0.1615575338150244	0.3085396074864839	0.5299028586984919
0.17775191188283695	0.30482687496422334	0.5174212131529399
0.17832950017282878	0.3052633880533377	0.5164071117738337
0.15194435522307267	0.3153830440411747	0.5326726007357527
0.15636166865127057	0.2976124275439409	0.5460259038047887
0.15344902355140588	0.3766146061381243	0.4699363703104699
0.15162642593789755	0.3035444234903617	0.5448291505717409
0.14205327956003858	0.3772413664684008	0.4807053539715608
0.14030950860009436	0.4210960268483201	0.4385944645515857
0.14583078096222718	0.3537916538167885	0.5003775652209844
0.17500042359164525	0.3380777235969182	0.48692185281143674
0.14548036908187367	0.30594573010423076	0.5485739008138957
0.1592568755929284	0.3510419420994921	0.48970118230757964
0.17125279856418746	0.36478443604994054	0.4639627653858721
0.14464736549504775	0.40068807871852946	0.4546645557864229
0.16678171102273537	0.29050734266934664	0.542710946307918
0.14407070966076752	0.3152545574730628	0.5406747328661698
0.15720059388553037	0.30937359440326795	0.5334258117112017
0.17440530984420408	0.27961642135085174	0.5459782688049443
0.14994095958328454	0.3628524224107641	0.4872066180059515
0.161817217430556	0.3653225073593256	0.47286027521011853
0.16234123281365928	0.3041586816019212	0.5335000855844196
0.14362604231916645	0.3590524413516053	0.4973215163292284
0.15748325841206043	0.4259163316681841	0.41660040991975555
0.15491541800641112	0.3933204368390062	0.45176414515458274
0.16988522086551494	0.3249478352603958	0.5051669438740894
0.17493652017766148	0.29711396902183973	0.5279495108004989
0.17663787069383327	0.3756851317963586	0.4476769975098082
0.17083479275855284	0.327428975882794	0.5017362313586533
0.14911492214965286	0.3526022426503881	0.49828283519995914
0.18218248684959926	0.391936574960483	0.42588093818991785
0.15093831176510603	0.4142600282533056	0.43480165998158854
0.1630836154443312	0.3716031832821476	0.46531320127352127
0.17318604078245722	0.33218908482809684	0.494624874389446
0.1539399426418101	0.4286891270975089	0.4173709302606811
0.1755939446775818	0.3218589046629693	0.502547150659449
0.17847567298860828	0.4001302904600183	0.42139403655137353
0.14237955436836747	0.41145019290466317	0.44617025272696953
0.1790629428320541	0.2859863906114611	0.5349506665564849
0.1559635880395256	0.3907881184361261	0.4532482935243484
0.147806807591099	0.43223661251758994	0.4199565798913112
0.15567781856535803	0.43630873870534653	0.4080134427292956
0.16746705686965946	0.4247543004660539	0.40777864266428676
0.18278116641171363	0.3298748979125721	0.4873439356757144
0.14496551075708863	0.42193109958167085	0.4331033896612406
0.16525390013174707	0.35418970847777886	0.4805563913904741
0.15216898296753195	0.4390796611115837	0.4087513559208845
0.1782631226991782	0.352122178299037	0.4696146990017849
0.16352701200645525	0.3285502048966528	0.507922783096892
0.16707804701620926	0.3165964791284645	0.5163254738553263
0.16663018516269226	0.28833463152381855	0.5450351833134893
0.14834258352984486	0.34976721331759186	0.5018902031525634
0.16947715125347626	0.28457692660148093	0.5459459221450429
0.1522951109607319	0.29496253982681253	0.5527423492124557
0.166184767321019	0.3288397830761786	0.5049754496028025
0.17511498868985703	0.32521985605067893	0.4996651552594641
0.14013070868596617	0.39593853727955264	0.4639307540344813
0.15630345564821735	0.3452493629467794	0.4984471814050034
0.1476066723321482	0.38174719835944776	0.4706461293084041
0.14697861357979658	0.3319948291319807	0.5210265572882229
0.17685733006370719	0.416671399052676	0.406471270883617
0.13854535164238632	0.43159764571187215	0.42985700264574167
0.17248709020682498	0.38545024151977714	0.442062668273398
0.18190384885732452	0.3042981762811863	0.5137979748614894
0.16923363822246082	0.4202223576485193	0.41054400412902003
0.1604449568542331	0.3506404023795425	0.4889146407662245
0.17897803046351535	0.37711000699141345	0.44391196254507137
0.1382516723090616	0.4084960592569237	0.4532522684340148
0.15381834685115386	0.295347789722035	0.5508338634268112
0.13623090288615017	0.38157420294685607	0.4821948941669939
0.13779918511723477	0.38631171938452197	0.47588909549824343
0.17025049775625364	0.34870218061809244	0.48104732162565406
0.15398714480239822	0.3667548964704394	0.4792579587271625
0.17756773751046145	0.3793897414350549	0.4430425210544838
0.17739657900171726	0.28042560600817207	0.5421778149901109
0.1695972838821532	0.32467983310202514	0.5057228830158218
0.17713159200308	0.3981217832192517	0.42474662477766845
0.1785293098144863	0.3610038682662499	0.4604668219192639
0.18342080592265292	0.3531135821269918	0.46346561195035546
0.1381578584141257	0.3325999661034563	0.5292421754824181
0.1679282427767641	0.30818685290162245	0.5238849043216136
0.15330185318110015	0.4234335493439262	0.4232645974749738
0.15958330829697148	0.42724388682456493	0.4131728048784637
0.15051682956608134	0.32686925008131734	0.5226139203526015
0.13743944847257392	0.450909283675455	0.4116512678519712
0.16988656995949727	0.3768286855452866	0.4532847444952163
0.17673386869266766	0.2795171090294143	0.5437490222779182
0.1413571184804621	0.4280541324062467	0.4305887491132913
0.15771807866503487	0.33202971040731116	0.5102522109276542
0.1631671362719572	0.349837440382263	0.48699542334577994
0.18352961008256097	0.2761420742395348	0.5403283156779044
0.1666376352578519	0.28797355658305757	0.5453888081590906
0.1557364802094652	0.2976628287449838	0.5466006910455511
0.16557672168540757	0.3116287385097284	0.5227945398048641
0.14042530035772194	0.3694361897753641	0.4901385098669141
0.13873844611001904	0.3465563802912834	0.5147051735986977
0.13797722799139567	0.3285683314554061	0.5334544405531984
0.177822004175908	0.34280455492435374	0.47937344089973843
0.1676243396992731	0.3491109370340517	0.48326472326667536
0.18366973755685254	0.2644910733920287	0.551839189051119
0.17950351101030051	0.32436487093672167	0.49613161805297795
0.17138455142154613	0.3346641671789421	0.4939512813995119
0.13967330904991473	0.35196798666637136	0.508358704283714
0.14972367382111715	0.3721285935705403	0.47814773260834265
0.1798484233210459	0.3521908145573129	0.4679607621216414
0.17185513924360898	0.40755159894301085	0.4205932618133803
0.14204745293565568	0.39884878510896127	0.45910376195538316
0.1511433785230843	0.4399220207389615	0.40893460073795435
0.1571807274630019	0.40186991274396355	0.4409493597930347
0.14196608090876017	0.43957573778286196	0.418458181308378
0.15425673153793046	0.4250479560310322	0.42069531243103747
0.16145490860611156	0.3457544303800634	0.49279066101382507
0.16945508949335358	0.32875611776742947	0.5017887927392171
0.16538439057512738	0.37436011315544204	0.4602554962694307
0.1686797925341705	0.3254994872446124	0.5058207202212172
0.17170251989821447	0.3191167165818912	0.5091807635198944
0.15123474808409604	0.399417760229022	0.4493474916868821
0.1532973104381174	0.39589670556040835	0.4508059840014743
0.1416646963104261	0.4205991412601092	0.43773616242946484
0.17522473620562454	0.390911852129429	0.4338634116649466
0.1787863648474738	0.3481234656320094	0.4730901695205169
0.14626719618638198	0.4081296983365489	0.4456031054770693
0.1409799161735545	0.4250145768972661	0.4340055069291795
0.1794062412064671	0.3801360148347267	0.4404577439588063
0.18020431353274063	0.4073991185209528	0.41239656794630675
0.1499179175574174	0.4129594729537023	0.4371226094888805
0.1594901968151064	0.42970028973788044	0.4108095134470133
0.1555546935602026	0.40584408100590796	0.4386012254338896
0.18129088501204013	0.36262191609861727	0.4560871988893427
0.1635901293097078	0.42726120541670626	0.4091486652735861
0.13840639762269946	0.41451982006170324	0.44707378231559736
0.1375155936941159	0.3119793235881503	0.5505050827177339
0.15188684021007742	0.366338307667438	0.4817748521224847
0.13981584587516233	0.3593734994004793	0.5008106547243585
0.1621655573087761	0.3179027697714467	0.5199316729197774
0.1419414333430183	0.3099086309119007	0.5481499357450812
0.17954980991674768	0.314528980589161	0.5059212094940915
0.1779601059525355	0.2930078823584035	0.5290320116890611
0.17486603770927805	0.3989128812696354	0.42622108102108663
0.17466281594991978	0.4054629928050085	0.41987419124507186
0.18445390132945705	0.3819725643074521	0.433573534363091
0.15799975352774978	0.4258738474907371	0.4161263989815132
0.15926310623392556	0.29482453392518315	0.5459123598408914
0.16336336714115038	0.4098121153096912	0.42682451754915857
0.17403955399284726	0.32195343994317044	0.5040070060639824
0.17811381102325366	0.3251676850054055	0.496718503971341
0.15982035979651915	0.4191713669788107	0.42100827322467027
0.1730740993959225	0.2945351640498278	0.5323907365542497
0.1566459580124937	0.3161825639186307	0.5271714780688757
0.15535900474294953	0.3257770899038588	0.5188639053531918
0.16315150111491933	0.28565280198100257	0.5511956969040783
0.1752876523093959	0.3762579989890483	0.44845434870155587
0.15639981480264498	0.40553760215351164	0.4380625830438435
0.17018046500902592	0.35787271591615993	0.47194681907481423
0.14396524858499976	0.3603110601554188	0.49572369125958154
0.13541936745259694	0.32212475882618286	0.5424558737212204
0.16504745815472205	0.3800940251062529	0.45485851673902516
0.1633353233454753	0.29741902696682165	0.5392456496877032
0.17618344100154182	0.40958698944901895	0.41422956954943935
0.14365970694731112	0.39599744605850895	0.46034284699418004
0.1557585759880999	0.34523280075497775	0.4990086232569225
0.14787917374721288	0.4401755959787111	0.41194523027407615
0.16584600043105224	0.4184526495120672	0.4157013500568807
0.1667999321614982	0.3913201704815166	0.4418798973569853
0.1772450866057212	0.3954698378425093	0.42728507555176964
0.17710503607203687	0.41108704124930967	0.41180792267865357
0.18175126483740278	0.3753727886492255	0.4428759465133718
0.1366990492083162	0.3823497861088198	0.48095116468286414
0.1542555063602632	0.33027094737659646	0.5154735462631405
0.17690188824017192	0.3003562774148867	0.5227418343449415
0.1827768517935698	0.3161980020326245	0.5010251461738058
0.13603023784870388	0.4223118860626618	0.44165787608863444
0.1834194707233292	0.3163815419487572	0.5001989873279137
0.16916254077119572	0.37475632041445145	0.4560811388143529
0.16524138145943523	0.30731505278338495	0.5274435657571799
0.14774941374680337	0.40205063050538414	0.45019995574781263
0.15831705941865765	0.39514323698494447	0.446539703596398
0.17102058296807826	0.41246630572646203	0.41651311130545987
0.18453033911017	0.2942900597972957	0.5211796010925344
0.14188636958060125	0.4228404343234495	0.4352731960959494
0.14092510614317377	0.3703751232916571	0.4886997705651692
0.1560227530126795	0.3553413592389387	0.48863588774838185
0.15670889560980136	0.4260320550178047	0.417259049372394
0.17857939443115325	0.39597986816007547	0.4254407374087714
0.1496374376700656	0.40610426987588977	0.4442582924540447
0.17041986734245934	0.4038458419306282	0.4257342907269125
0.1697978800424687	0.4100705900988929	0.42013152985863855
0.1675840042001538	0.4060485043517945	0.42636749144805186
0.16962051598114256	0.3792645370974008	0.4511149469214567
0.14342047801045274	0.3739205612062829	0.4826589607832645
0.14113909266516658	0.34841532936069985	0.5104455779741336
0.18413662018899138	0.26535220615364574	0.5505111736573629
0.15320138134580874	0.35071097775468674	0.49608764089950463
0.1461685949764273	0.36405520236708794	0.4897762026564848
0.14948629250371007	0.43849962499163786	0.4120140825046522
0.17475881599647766	0.41048110755577166	0.4147600764477508
0.1410178008749119	0.406030900264702	0.45295129886038615
0.14746065254245247	0.3086800321492966	0.543859315308251
0.13922467847966458	0.3878684227157321	0.47290689880460346
0.1544814642378474	0.42271823086294963	0.42280030489920306
0.16092559395634293	0.4163662244274091	0.422708181616248
0.16982765888765414	0.3059652821626833	0.5242070589496627
0.1507606319884664	0.31124086192819256	0.5379985060833412
0.15633931873761872	0.31668315758789356	0.5269775236744878
0.16178280779850757	0.3125761721394165	0.525641020062076
0.16687362259932198	0.42675389366695565	0.40637248373372253
0.1477088979493122	0.4174961608886118	0.4347949411620761
0.15587232237122758	0.43187037259904737	0.4122573050297252
0.15913762894892292	0.3852702608649346	0.4555921101861426
0.13800424418198176	0.40191135509430687	0.4600844007237115
0.1364147783873012	0.4381683020006075	0.4254169196120914
0.1715480560276747	0.3641517388901021	0.4643002050822233
0.1354029511350526	0.31295528219105073	0.5516417666738969
0.14347329615406845	0.39940557647537556	0.4571211273705561
0.14816539706477733	0.39199451936871055	0.4598400835665123
0.17005213665520544	0.2873046128219162	0.5426432505228784
0.1694929473925943	0.3862494742448712	0.44425757836253466
0.1790276333738925	0.38471977991752576	0.43625258670858186
0.1524990954964846	0.37186999995326003	0.4756309045502555
0.17610631669818755	0.3971595703099994	0.4267341129918132
0.16955479181418157	0.39692446436969586	0.43352074381612266
0.15455898174808863	0.3517999442098833	0.4936410740420281
0.1598276364117762	0.34226608077692183	0.4979062828113021
0.16505234604440447	0.36031976696722445	0.4746278869883712
0.17378997531711152	0.34126417079556454	0.48494585388732403
0.16814274464481488	0.3622154005017379	0.46964185485344734
0.16832292687658335	0.4196436596950168	0.41203341342839994
0.1734704956132615	0.40115544098343797	0.42537406340330064
0.1793868449883331	0.4116138222247139	0.4089993327869531
0.14455566853415608	0.38634020660234836	0.4691041248634957
0.1653995922755366	0.33186296546696625	0.5027374422574973
0.1645648779354404	0.3356827733719788	0.4997523486925809
0.17067532034052996	0.4122722205303721	0.41705245912909805
0.1828969334317597	0.32027928587870796	0.4968237806895325
0.13837544519422204	0.4142120118101463	0.4474125429956318
0.14335613666421776	0.4053294104764499	0.4513144528593326
0.17506439494442722	0.3002164045260205	0.5247192005295525
0.13904639136347074	0.4246814933630202	0.4362721152735092
0.1689062012813448	0.3668226106466244	0.4642711880720309
0.18161947022735825	0.29317507922125435	0.5252054505513875
0.17558767611344597	0.29829408559730436	0.5261182382892498
0.15303426328057382	0.31092897363966254	0.5360367630797638
0.17690605977868562	0.34876896819121667	0.4743249720300978
0.17225940052526256	0.3922125966128837	0.4355280028618539
0.17407342740714524	0.284921105667425	0.54100546692543
0.1787015662004989	0.27080098072193043	0.5504974530775708
0.1428101748646585	0.35203644819561986	0.5051533769397217
0.15244302714137	0.40553924246005973	0.4420177303985704
0.14830077505627523	0.3173091290158459	0.5343900959278789
0.1537951550740379	0.39718088625147774	0.4490239586744844
0.14211058960085998	0.4011050038142662	0.4567844065848739
0.17080982730712024	0.3615159667850125	0.46767420590786735
0.14741805550538623	0.3850035377765033	0.4675784067181106
0.15650962947337968	0.43136334661724207	0.4121270239093784
0.14908540142963025	0.43473518144393075	0.41617941712643913
0.1682270676028646	0.41333403974131316	0.41843889265582235
0.14610674033437263	0.4107576948194296	0.4431355648461979
0.17359227283678158	0.40043952468132127	0.42596820248189726
0.17452481688528795	0.4014674823307892	0.4240077007839229
0.14224113838860433	0.44802140969095994	0.40973745192043587
0.17570337186448715	0.3850860990572673	0.43921052907824565
0.16468329587380365	0.31166322458759027	0.5236534795386062
0.16510980381121554	0.3913293040698183	0.4435608921189663
0.16578646619727422	0.39124495591712655	0.44296857788559935
0.18037723690751062	0.4075231599438054	0.4120996031486841
0.1737560602818452	0.38927914577493056	0.43696479394322435
0.1571195145565683	0.33886299012754645	0.5040174953158854
0.17967525674837967	0.3649289530602845	0.45539579019133597
0.14966195130068718	0.3736706151512612	0.47666743354805174
0.17141266228138433	0.29154822702728633	0.5370391106913295
0.17260513628084662	0.40152285819176187	0.42587200552739163
0.14212417633122892	0.4171604844247771	0.4407153392439941
0.18202678227211633	0.343632479493932	0.47434073823395173
0.14580615284092574	0.3866551649027525	0.4675386822563219
0.16982951226384702	0.29771972049782514	0.532450767238328
0.13827905472227126	0.41567035294765264	0.4460505923300762
0.15254429139105852	0.36491349594326594	0.48254221266567565
0.17504708797029625	0.3803682997213617	0.4445846123083422
0.1595946803199111	0.35747151666251387	0.48293380301757516
0.1644149764447447	0.36241903962292543	0.47316598393233
0.16673939597429205	0.41372127289656246	0.41953933112914565
0.1572524595147061	0.4293884863946465	0.41335905409064755
0.14947905751395585	0.4030787358116075	0.4474422066744368
0.14109844459805826	0.4456869449948191	0.4132146104071227
0.1624127451704652	0.3272143487228008	0.5103729061067341
0.15891556162108583	0.32670426264449204	0.5143801757344222
0.17084616680925752	0.3964739048690115	0.4326799283217311
0.15235222977062185	0.3934230794915275	0.45422469073785077
0.167915466079148	0.404194536778109	0.4278899971427431
0.16338953202674655	0.2976303711566733	0.5389800968165803
0.13669929586180476	0.3349074220681558	0.5283932820700394
0.1606912914313094	0.39401713022904816	0.4452915783396426
0.1608256707817569	0.4332121832088078	0.4059621460094355
0.17443343373319764	0.31095372595345167	0.5146128403133509
0.16866546451971287	0.28823884077623413	0.5430956947040531
0.17038623477553225	0.29292288837334457	0.5366908768511234
0.15035788615669074	0.3346515141501294	0.51499059969318
0.1842763068222026	0.3873284368588996	0.42839525631889785
0.14990483437226595	0.4013515695368224	0.4487435960909118
0.14486404490184907	0.38736379467339177	0.4677721604247593
0.137834776576097	0.4245530870287576	0.4376121363951455
0.14160949813790696	0.4382142545605455	0.4201762473015477
0.15206237118388904	0.4347683987854727	0.41316923003063843
0.1417824899100641	0.43953417266240646	0.4186833374275295
0.18288706604202	0.3282127015153417	0.4889002324426384
0.13930311398479978	0.373061637514128	0.4876352485010723
0.1427532784973437	0.3082699200239658	0.5489768014786905
0.15828893130477376	0.35634935571669646	0.48536171297852987
0.1763642027523441	0.35105577498741725	0.47258002226023876
0.13661225602847898	0.4432672016171384	0.42012054235438273
0.17678045838335327	0.3409859833757296	0.4822335582409173
0.17928215826599753	0.3860603217901585	0.4346575199438441
0.183508815192476	0.3726627448309003	0.4438284399766238
0.1709129456736389	0.33122115369447136	0.49786590063188985
0.18439568510023022	0.2797601728552324	0.5358441420445375
0.18281634960439902	0.39232617884719934	0.4248574715484018
0.1540514873518244	0.42468327737951195	0.42126523526866383
0.16331134103456818	0.39789746995563374	0.4387911890097982
0.14241807585713445	0.44501732241361147	0.41256460172925413
0.17948487220457504	0.3369288876888238	0.4835862401066013
0.13983075583507804	0.3115097819725868	0.5486594621923353
0.15974568334257572	0.3898512988968909	0.4504030177605335
0.1353226158609246	0.34971309841976067	0.5149642857193149
0.17174797954958992	0.4163268780272054	0.41192514242320477
0.17772065844589752	0.2958282185939243	0.5264511229601784
0.1543778333403953	0.3552100375931969	0.4904121290664079
0.145555275935043	0.35647483190481083	0.4979698921601463
0.14238049796932012	0.3553317577207721	0.5022877443099079
0.13523207826140782	0.360279647355253	0.5044882743833393
0.13724862917837335	0.44178291100974926	0.42096845981187747
0.18407196513106433	0.30567944694267907	0.5102485879262567
0.16058283964502748	0.30147020187888873	0.5379469584760839
0.18108234108224672	0.304801249033613	0.5141164098841404
0.16083307872897093	0.40222158080075243	0.4369453404702768
0.15905363289692206	0.3076097123598245	0.5333366547432536
0.14438321813507876	0.3978127079110577	0.4578040739538637
0.14861537462932253	0.3988091647805969	0.4525754605900807
0.1680523337663848	0.3540570561065016	0.4778906101271137
0.18300385854048226	0.35999957354211143	0.4569965679174064
0.13937320941653691	0.41651807193380624	0.44410871864965695
0.18237807577019022	0.31242779487690464	0.5051941293529052
0.14683455403003692	0.33745485460501634	0.5157105913649468
0.17673205083057658	0.344699659433687	0.4785682897357365
0.14976397885101334	0.3502644444627274	0.49997157668625936
0.1712567677948328	0.2986201981263102	0.5301230340788572
0.16811899365364524	0.28722844598659186	0.5446525603597631
0.1406839288359706	0.3474487636834538	0.5118673074805757
0.17042997990793218	0.30361370775576013	0.5259563123363078
0.14293688367490828	0.3162450077458797	0.5408181085792121
0.1768049109370451	0.2840260796042303	0.5391690094587247
0.14719713489013375	0.4206294441457308	0.4321734209641356
0.1624789044332931	0.4304065346586248	0.4071145609080823
0.1405731624583058	0.4510021991325728	0.4084246384091215
0.15932809004875276	0.3060017472404507	0.5346701627107966
0.17236117884750796	0.3888244472328088	0.43881437391968336
0.16237076155028748	0.3067988578903025	0.5308303805594101
0.15966492159396242	0.30638323088439	0.5339518475216477
0.13929678483702543	0.3444696100087355	0.5162336051542392
0.15936389578421573	0.36280914049540397	0.4778269637203804
0.13835171024539794	0.38882698638033036	0.4728213033742718
0.15309868830087126	0.39031941562475914	0.4565818960743697
0.1670921724742665	0.40915043128338624	0.42375739624234743
0.17988877284975588	0.31732719123844944	0.5027840359117948
0.14784042864481714	0.3582680000642167	0.4938915712909663
0.15825543767080463	0.42579786352889054	0.415946698800305
0.1584786566167185	0.3014401867019595	0.5400811566813222
0.14179412781122466	0.3536858401564145	0.504520032032361
0.14519432305227528	0.38346732075759676	0.4713383561901281
0.15530799237122256	0.36572488897394506	0.47896711865483244
0.18445699989797312	0.3951934363161898	0.4203495637858372
0.17241703329563715	0.38223201014535013	0.44535095655901286
0.1409333932915137	0.44335766196176585	0.4157089447467206
0.14788748931361562	0.42528641504206177	0.4268260956443228
0.16137009364001503	0.32543629538058544	0.5131936109793996
0.17777838147739847	0.3287807424142675	0.49344087610833415
0.17398417915227885	0.34248520964302337	0.48353061120469787
0.13614849379335323	0.418506375745782	0.44534513046086494
0.17400384784919767	0.30847309301611653	0.517523059134686
0.1802383508710272	0.3661995337780962	0.4535621153508767
0.17427446542610664	0.35906821403783507	0.4666573205360584
0.16197169322366453	0.285947078138042	0.5520812286382937
0.1639661713349852	0.3164393827064894	0.5195944459585256
0.16095816650539496	0.33744845766626974	0.5015933758283354
0.15123361290376133	0.39075761691431443	0.4580087701819244
0.17592308443115542	0.27635861817590657	0.5477182973929382
0.1421031403631577	0.44386475121998387	0.41403210841685856
0.17321486101304254	0.2739927308200117	0.5527924081669459
0.17040207018191278	0.3913510121198716	0.4382469176982158
0.1460303440614725	0.421414891646587	0.4325547642919406
0.17858905951684184	0.37013282234087047	0.4512781181422878
0.16789142439664803	0.28464862235054544	0.5474599532528066
0.13607494380882432	0.38385793460335405	0.4800671215878217
0.13881894628997377	0.3754215392695397	0.4857595144404867
0.16032718902930115	0.36086685483064235	0.4788059561400566
0.14203908912083263	0.38923990145784376	0.4687210094213238
0.18249700514374084	0.4110021048361546	0.40650089002010464
0.15947384358215824	0.33972895731378244	0.5007971991040594
0.15631606755644062	0.3554350182086393	0.4882489142349201
0.14720720011351893	0.3858101997034541	0.46698260018302706
0.1735855271894719	0.27967298679276975	0.5467414860177585
0.17458476926392177	0.3430154401911038	0.48239979054497456
0.13918366262374599	0.4529248325734197	0.4078915048028344
0.15946042188794501	0.3658228751910092	0.47471670292104595
0.1407565610915867	0.3840563528433496	0.47518708606506377
0.1712037268220062	0.30586188825103366	0.5229343849269603
0.15828853637711918	0.3004486349069628	0.5412628287159181
0.15215234186618865	0.3763464933494514	0.4715011647843601
0.1527837896405767	0.4201401219866047	0.4270760883728187
0.17615487887589262	0.31602969554148846	0.507815425582619
0.18439695973389086	0.3962843013859738	0.41931873888013543
0.15174787993419295	0.3880635067942433	0.4601886132715639
0.18321709438240968	0.2977105102678279	0.5190723953497626
0.1509474542281891	0.43262983063331195	0.4164227151384991
0.16076320494641166	0.38188314279193325	0.45735365226165525
0.16162857360346453	0.3480408040882583	0.4903306223082773
0.1448732307467093	0.32974952489003045	0.5253772443632604
0.16097059419070303	0.42418775987822	0.4148416459310771
0.17011420321996673	0.3171815058372181	0.5127042909428153
0.1519234077767843	0.418272799411495	0.4298037928117209
0.18261933009461334	0.36191104890762843	0.45546962099775834
0.16603552653417497	0.38888302553949305	0.4450814479263321
0.15616477908220372	0.37728752261513726	0.4665476983026592
0.18348836568816906	0.3904771544046288	0.4260344799072023
0.14995270991467527	0.33195963743325096	0.5180876526520739
0.14276055777766689	0.3660455832062921	0.4911938590160412
0.163012095490144	0.3070821800509343	0.5299057244589218
0.1473819469163199	0.30735705534545776	0.5452609977382225
0.1573316277387702	0.3770341759703335	0.4656341962908964
0.15041327017519046	0.3830691686586324	0.46651756116617726
0.16524262744119167	0.40816677965029813	0.4265905929085103
0.18353640776563773	0.37113605978160075	0.44532753245276163
0.15135772769399028	0.4230303887354531	0.4256118835705567
0.13672129383145243	0.40746940070441046	0.4558093054641372
0.17643580473176287	0.3298591282494809	0.4937050670187564
0.1401069863667082	0.38024755793570447	0.47964545569758743
0.14637881896991572	0.3419272962127977	0.5116938848172867
0.17383514041679907	0.3504159167483057	0.4757489428348953
0.17877650820335178	0.36979925805456276	0.45142423374208557
0.1660709670572747	0.3809310227692163	0.45299801017350916
0.14982814733398286	0.3566318812619836	0.49353997140403366
0.14123788147193897	0.3474371339677792	0.511324984560282
0.1371053580962149	0.4534398279493525	0.40945481395443273
0.13908769685586625	0.3928220068306536	0.4680902963134803
0.1715251294643546	0.3824710499892339	0.44600382054641163
0.16940952716823063	0.36381939793644597	0.46677107489532355
0.16830064866025102	0.4194505188779756	0.4122488324617735
0.16396958624089622	0.3967002902676767	0.4393301234914272
0.14100776174247412	0.43330974545731715	0.42568249280020887
0.1816836322236072	0.33465592097081437	0.4836604468055785
0.1419396978938477	0.3924420631340309	0.4656182389721215
0.17587826518349445	0.3809762210306499	0.44314551378585576
0.17448613266970897	0.3991131006062266	0.4264007667240645
0.17728842684098187	0.3358520140724568	0.48685955908656153
0.16333951050326118	0.34948853057183266	0.4871719589249063
0.17744968150978124	0.2712102417369808	0.5513400767532382
0.17008458849001665	0.28027775135959077	0.5496376601503927
0.1452787376252524	0.3024248217749382	0.5522964405998095
0.15773253361530926	0.29864637025831225	0.5436210961263785
0.17324319427744664	0.37292518111508494	0.45383162460746856
0.148945433473321	0.39166128530365596	0.45939328122302314
0.18106988349805905	0.330093743124619	0.4888363733773221
0.17426765554881726	0.39570570758772633	0.43002663686345655
0.17905533286236539	0.38743427292271515	0.43351039421491955
0.16511284279132493	0.3334584053733521	0.5014287518353231
0.13921580782938234	0.40773783202787556	0.45304636014274224
0.1778027968541856	0.37089737668242934	0.4512998264633852
0.16091846603203308	0.42946293054232615	0.4096186034256409
0.1679935808173874	0.40875366190727913	0.4232527572753336
0.16222964019874023	0.34967817449498473	0.48809218530627513
0.14072262485976414	0.37852543658788607	0.4807519385523499
0.18106455885103867	0.3598061867258957	0.45912925442306574
0.15363739026822457	0.3164509035152402	0.5299117062165354
0.15713927126896404	0.38880757605888455	0.4540531526721515
0.13624396134056566	0.3792181587053773	0.48453787995405717
0.15465659849310281	0.3336248047400569	0.5117185967668404
0.14756413034610671	0.41139117539258746	0.441044694261306
0.17709310556980246	0.2831016592472095	0.5398052351829882
0.17233859435484905	0.41355320830903486	0.4141081973361162
0.14845835799559703	0.34797350068268945	0.5035681413217137
0.15452416273318237	0.35219238195979974	0.493283455307018
0.14084786817548817	0.32377281212064907	0.5353793197038629
0.14743448703007694	0.3193803318339168	0.5331851811360064
0.17842393180462157	0.27953256521231795	0.5420435029830606
0.143762166747288	0.3606310514864753	0.4956067817662368
0.17166098845648572	0.3170823175535666	0.5112566939899479
0.17192128324972114	0.37436534176773417	0.4537133749825448
0.1614067444460472	0.4028940165422449	0.43569923901170804
0.1671533704124948	0.3126529205824591	0.5201937090050461
0.16077771684460573	0.29012575078100344	0.5490965323743909
0.14713461935814812	0.32504281986062555	0.5278225607812265
0.14294907908931526	0.3908240158688427	0.46622690504184217
0.13610734875140035	0.33811108783283456	0.5257815634157652
0.1709689731020909	0.4021219240562478	0.4269091028416614
0.1356513804331965	0.3765696384929457	0.48777898107385786
0.15039232309752204	0.42415843251444063	0.4254492443880375
0.15032542184334818	0.3942860531032606	0.45538852505339134
0.16023961273673262	0.36450062036557673	0.4752597668976907
0.16952245097813728	0.37796670331076626	0.45251084571109657
0.16104944031954793	0.3445680299476141	0.494382529732838
0.1536534074449714	0.43213551941016504	0.4142110731448637
0.15775942647632363	0.3347348333982671	0.5075057401254094
0.1391893529996936	0.452917651428304	0.40789299557200254
0.15506529642461395	0.38462916955309207	0.4603055340222941
0.15103249765437468	0.32042318601945047	0.5285443163261749
0.15504468724710774	0.32008457999844553	0.5248707327544468
0.14612176519572312	0.35084701681226027	0.5030312179920168
0.14609988115959383	0.42236029123798685	0.43153982760241943
0.18298102784379797	0.3443786804880767	0.47264029166812543
0.1663271561543085	0.2999983986486943	0.5336744451969972
0.14906308264665086	0.4079330291781397	0.4430038881752095
0.1353346579055346	0.35864072740217695	0.5060246146922887
0.17542503039080656	0.38135497683496833	0.4432199927742252
0.1768032418648468	0.28020574231154927	0.542991015823604
0.1363904082303171	0.3735703004199392	0.49003929134974383
0.139967252739503	0.34182642102779304	0.5182063262327041
0.1376110177864779	0.33403705740195	0.5283519248115722
0.15521761027505593	0.42345711608198666	0.4213252736429575
0.17641654970832743	0.3965697827523549	0.42701366753931785
0.14272381896481562	0.3818247783715462	0.4754514026636383
0.17213251495394125	0.280019954715701	0.5478475303303579
0.1464707219656679	0.35539875803293797	0.4981305200013942
0.14964712903824332	0.33898584642749	0.5113670245342667
0.1516023453015063	0.3487342627421703	0.4996633919563236
0.15286550141485472	0.31691434041997735	0.530220158165168
0.14425754428053728	0.4458928904208713	0.40984956529859157
0.1361696259836408	0.43251655725859517	0.43131381675776415
0.17700676394379877	0.3648293809599636	0.45816385509623775
0.16849471240603164	0.37383957024561004	0.4576657173483584
0.14288095330661105	0.3085686484556578	0.5485503982377313
0.14315762494784845	0.3933867532659826	0.46345562178616906
0.18085474350715747	0.3936935615832018	0.42545169490964085
0.17904079344126536	0.3783203755905269	0.4426388309682079
0.16763462959248615	0.4034821823606116	0.4288831880469023
0.1498951677686458	0.3724337647925118	0.4776710674388425
0.18196739212372914	0.3944381648394733	0.4235944430367977
0.1840971905285284	0.3924971672800556	0.4234056421914161
0.14136174213061284	0.32034111750624916	0.5382971403631381
0.17397877178252955	0.3706658978418041	0.4553553303756665
0.16346426236118447	0.3834276666290159	0.4531080710097998
0.14663186605542855	0.409169063868491	0.44419907007608056
0.1840185110840797	0.37006516588366245	0.445916323032258
0.18245408992246304	0.2716413864058355	0.5459045236717016
0.1667758422772439	0.40211624122220385	0.43110791650055236
0.14083293697045482	0.3694382455547271	0.4897288174748182
0.13772659606096607	0.4090786316878632	0.45319477225117083
0.17979374631066017	0.29764861626432004	0.5225576374250199
0.13620735272939327	0.3885160026792741	0.47527664459133273
0.1652809347618212	0.4009101904365482	0.4338088748016307
0.14448473175314464	0.32007670670550126	0.5354385615413543
0.1470590442086599	0.4171706230566043	0.435770332734736
0.1811057123548434	0.3119903714210273	0.5069039162241294
0.17562683393412987	0.39492577334779744	0.4294473927180728
0.15975127177167875	0.3941828099255659	0.44606591830275544
0.1521526679989656	0.4372124329475909	0.41063489905344364
0.18207934464099432	0.34129996663093487	0.4766206887280709
0.15189148678415065	0.32884522469452354	0.519263288521326
0.1673104314866038	0.39755595704909574	0.43513361146430063
0.16432031688763474	0.3886279239227592	0.4470517591896062
0.1444449809936879	0.3525743713030805	0.5029806477032317
0.13854414014386973	0.35886209018535736	0.502593769670773
0.17934397743176844	0.39565785795025143	0.42499816461798023
0.13700515874532435	0.3759415431074023	0.48705329814727344
0.15475580391203875	0.31593630414425733	0.5293078919437041
