0.16625680492242445	0.1676939744767864	0.306192578828147	0.26307590899578326	0.09678073277685868
0.17515907994506696	0.16785690114055346	0.3057056313975042	0.2525272949134917	0.0987510926033835
0.18333088551845808	0.1544035997173832	0.311731791821918	0.2534417436537829	0.09709197928845756
0.16669039753498355	0.16121767467951587	0.3138280241379533	0.26461811481077985	0.09364578883676725
0.18665776545017468	0.15570267549392322	0.30790475146033025	0.2517351806623862	0.09799962693318547
0.19011130423476102	0.1569733110316769	0.30730571997931616	0.25228082796180995	0.09332883679243573
0.17798679729246492	0.15344577070750648	0.3120968720536377	0.25858689157045167	0.09788366837593913
0.18731033806581238	0.1607354152889171	0.30676765567964	0.25119984684843255	0.09398674411719782
0.16749821344171087	0.1557734710074231	0.3202497751042024	0.2638932812793541	0.09258525916730935
0.1639693323632232	0.1608131356515852	0.32878793537943174	0.25052048115410885	0.0959091154516508
0.18100668441444218	0.15863748478215633	0.31782237114481443	0.24901140741431738	0.09352205224426946
0.16124189456762364	0.1628535293790659	0.31267613468435307	0.26455777650347423	0.09867066486548297
0.18092689384535032	0.16185619486440747	0.3140358968756404	0.2492784451113908	0.09390256930321082
0.17510572536537503	0.16050961290970805	0.303636622575789	0.2637912574984326	0.09695678165069513
0.19191581058574766	0.15691875367863417	0.3040415634571734	0.25461853653001476	0.09250533574842976
0.18428382395218507	0.1626012732962158	0.3061925188392843	0.24857764840884622	0.09834473550346844
0.17160084303734655	0.1572658018487982	0.3210286598978608	0.2523427738479902	0.09776192136800407
0.17463761333679206	0.1627531520265977	0.30776088874096497	0.2569831200131943	0.09786522588245075
0.16176264598244866	0.16248811167159583	0.3230085940458107	0.2605653120406903	0.09217533625945434
0.18120596315729823	0.1588843027124592	0.31801158402210694	0.2484243295739966	0.0934738205341388
0.17867143778868383	0.16280362448869262	0.3162198883278976	0.24921465775063412	0.09309039164409165
0.1676195365599688	0.1589381524014974	0.32193732560266264	0.2590061329801611	0.09249885245570982
0.1711133933470142	0.1618770521645816	0.3105541899294289	0.2604498233412402	0.09600554121773486
0.16285569044919473	0.16237448925999604	0.31398681927918604	0.26489604631826996	0.0958869546933531
0.19184758985881015	0.15520953563527484	0.3112814197575626	0.24912662992206858	0.0925348248262836
0.17731375601774405	0.16228176368818972	0.3116523370700963	0.250361285193803	0.09839085803016671
0.1642035973838519	0.1619625087253429	0.32049819737669005	0.2559396048420839	0.09739609167203107
0.17574031394900344	0.16502278855666946	0.31048705600084453	0.25354887798633247	0.09520096350714989
0.16366391864649185	0.15756459554209906	0.3212581324807293	0.2634476987581884	0.09406565457249122
0.1708020748147163	0.15469342676394865	0.3204591675729396	0.25963566013246775	0.09440967071592751
0.1720436396003715	0.157928116496181	0.32383383994912296	0.25150156770359927	0.09469283625072508
0.1772499919455147	0.15380536354323276	0.32424030815848714	0.24777102392047973	0.0969333124322855
0.17895153324706256	0.15381923819656887	0.3110262181082244	0.2602555322210611	0.09594747822708286
0.17094911492846196	0.1564901705577826	0.31941344512021125	0.2570681395526755	0.0960791298408685
0.16965531687437596	0.15970510149187778	0.31947594718423916	0.258661466800758	0.0925021676487489
0.18898576496323855	0.16354166686631022	0.3040797331076352	0.25006859923545116	0.09332423582736471
0.1832430459503526	0.1576773438101352	0.3179805886258826	0.24846292886925495	0.09263609274437448
0.1747210452404743	0.15634597668573322	0.30762811261359946	0.2622567927786491	0.09904807268154373
0.18913804066893475	0.15879848232526467	0.3077784840285414	0.2502361474189602	0.09404884555829872
0.17722375915343838	0.16448491148588631	0.31167577679330677	0.2532694829359452	0.09334606963142306
0.1789009579115853	0.15312870993530983	0.3140546427724177	0.26106878828961894	0.09284690109106805
0.17434761029413892	0.1663588206888109	0.3145446818628026	0.252212548140393	0.09253633901385434
0.1734037046153054	0.15464997525037533	0.32388817752199534	0.25216379854222404	0.0958943440700997
0.17060401771469505	0.16452527139712836	0.3144793119914044	0.2522851080821294	0.09810629081464267
0.176638235880365	0.1592946464473995	0.30794307381065955	0.2598046354092043	0.09631940845237141
0.18452931248450405	0.1535826851215125	0.30898451406365596	0.2577345384636235	0.09516894986670382
0.17144002251965273	0.16339096374426804	0.31361880381992735	0.2565571513836006	0.09499305853255105
0.18133572052525307	0.15991504319113364	0.3089674888900789	0.25248492383117466	0.09729682356235955
0.17527286476817272	0.16000473551311495	0.3116997991269741	0.25437588104835185	0.09864671954338618
0.1677213040167698	0.15987968266487917	0.3288557395730453	0.251021409374238	0.09252186437106752
0.1607002015264394	0.16860128398133437	0.31941987324215226	0.25628159891391944	0.09499704233615433
0.19031674312161856	0.154899239322683	0.30573652432882376	0.25092879023805453	0.09811870298881994
0.187806825634564	0.16062604276981413	0.3040308531415653	0.25299281412681984	0.09454346432723648
0.17814595361727484	0.1605054529965355	0.3160469629530971	0.2522352085718318	0.09306642186126057
0.16862812007849243	0.16735579844558687	0.3193931292671979	0.24793700528792398	0.09668594692079863
0.17735561352094387	0.155010807098525	0.32152805290744213	0.24980013279207916	0.09630539368100963
0.1743127151979602	0.1616258986637181	0.3112524300496037	0.25640694689336346	0.09640200919535433
0.19048620705623048	0.15545466879393294	0.3026265682307687	0.2581935871957428	0.09323896872332485
0.171825611534367	0.1577352501415148	0.3221445683853187	0.25308980975818046	0.09520476018061882
0.16282746271025356	0.16074658139285655	0.3265418574593599	0.25380089625262164	0.09608320218490815
0.18263514997015098	0.16669645996061055	0.3079958750376528	0.2485481208174605	0.09412439421412497
0.17262000271412753	0.161878143437185	0.30946295417429737	0.26019045712982564	0.09584844254456426
0.182714538482676	0.15978211205170995	0.30475733049936016	0.259688245459372	0.09305777350688163
0.18698216096927398	0.154962870548092	0.3017705981299525	0.2574541368535045	0.09883023349917683
0.18649851706721196	0.15696248979120536	0.30316312725959227	0.25891414752981695	0.09446171835217328
0.17767749466993887	0.1573674922689416	0.3047327625036593	0.26149293099871596	0.098729319558744
0.175444749324492	0.1681512903455715	0.3049789505927813	0.25403224019144066	0.09739276954571437
0.1862861317272294	0.15660537368422467	0.3018581370442012	0.26258134131693384	0.09266901622741065
0.17166251903925647	0.1549100778935626	0.3176958417223303	0.25664816188170003	0.09908339946315045
0.17828951132135956	0.16004663667312669	0.3046029790820959	0.25941767217377315	0.09764320074964454
0.1707861013930429	0.15424645256763717	0.31835303130545395	0.2574056303741164	0.09920878435974938
0.1791822699341094	0.16729614418370997	0.30503660294909174	0.2558110004640104	0.09267398246907832
0.18442520254948971	0.1587905212950878	0.30416264740338594	0.25947894092086266	0.09314268783117366
0.16791174811120232	0.15899337136683067	0.32698020061532673	0.24780488624988747	0.09830979365675262
0.17537767897506912	0.15322005506920194	0.30809682689330276	0.2639948615218609	0.09931057754056513
0.1689966213805916	0.1624425483092004	0.3149872964311317	0.25589671144964904	0.09767682242942705
0.16782848049552143	0.16478186025762698	0.30980557276170406	0.2598191580930522	0.09776492839209507
0.1809342639107614	0.16797862960544543	0.3032034121321495	0.24854776159493153	0.09933593275671192
0.15995761922277107	0.15960796431376104	0.3252330067575158	0.2581730489955805	0.09702836071037135
0.17774506340636084	0.15665757853106452	0.31269266849571253	0.2598895808427232	0.09301510872413868
0.17364360832277037	0.1631170376489454	0.30928007716677447	0.2611267655751116	0.09283251128639791
0.16115145144419568	0.16545294223265217	0.320089791107497	0.26087837055135854	0.09242744466429635
0.16455561962111429	0.1593394591166125	0.3249188836329632	0.2532567061084932	0.09792933152081665
0.17929170012405085	0.15729382461649444	0.3115792546665399	0.25456593201135724	0.0972692885815573
0.16159432937858823	0.1557130165416675	0.32691808735747724	0.2571626446550895	0.0986119220671774
0.17175268401529464	0.1536159211184724	0.3176210983009167	0.2621755107059369	0.09483478585937914
0.1763488648702184	0.15907412033817062	0.30343096695691196	0.26458938986247227	0.09655665797222657
0.17075037453782088	0.16800965520891403	0.3071824281853973	0.261739663223254	0.09231787884461364
0.17575531496772911	0.16442373146942468	0.3053010450414366	0.25875253926690267	0.09576736925450668
0.1744529267586742	0.16467106913531815	0.3087381502416666	0.25289134481348124	0.09924650905085952
0.17677219078542938	0.1533071543513581	0.31040271249288526	0.26404182222354783	0.09547612014677925
0.17233809580479298	0.16813842249323804	0.30695676367301916	0.2593693118145184	0.09319740621443123
0.17582790134177964	0.16470686974524262	0.30187031496725736	0.2640451807216787	0.09354973322404145
0.17844783437025047	0.16784527380982653	0.3050436010338726	0.2516196270470761	0.0970436637389741
0.16694684138225171	0.1645661996999405	0.3135939308933884	0.25847556982253284	0.09641745820188635
0.1721349076021903	0.16070792503549677	0.3164429072268693	0.252678745702268	0.09803551443317537
0.18371542984771772	0.15449943196451	0.31010615926050644	0.25876395109246764	0.092915027834798
0.16587319417019653	0.16215397000294457	0.32787539673217736	0.24899707946377286	0.09510035963090852
0.18101334830036858	0.1583375379631497	0.31406173040903496	0.25423018785546014	0.0923571954719864
0.17159327762412774	0.15882304525935373	0.323942018484465	0.2529426866376725	0.09269897199438082
0.19213670780872677	0.15372774990711363	0.3044889832861292	0.25566694262275563	0.0939796163752745
0.16584094195101856	0.16672788765740776	0.3070471805179469	0.2623766925980253	0.09800729727560126
0.16448571099954984	0.1646167775468776	0.31255011188742904	0.25929235529518513	0.09905504427095824
0.16948488480848303	0.1673797193429732	0.31169744691800966	0.25782313852702704	0.09361481040350692
0.16848108356143934	0.15369014063706465	0.3230154114266015	0.261456389691871	0.09335697468302329
0.19299764789655105	0.15668141687888573	0.301991817762724	0.2502651700470854	0.09806394741475369
0.19095332093068623	0.1552964634675355	0.30670206671156275	0.2526267682002884	0.09442138068992695
0.16977678597360923	0.16152427972675393	0.3209978386234903	0.2535499112452572	0.0941511844308891
0.16542028155111194	0.16204297563097714	0.3117694959222443	0.2644078345657086	0.09635941232995782
0.16191585690766033	0.15540748143258945	0.32604379960814517	0.2600992868173858	0.09653357523421903
0.18321870388430211	0.1574051269680663	0.3075312479218399	0.25252822180015044	0.099316699425641
0.18652625303325007	0.1548455425923256	0.30870511029118236	0.2534188760793304	0.09650421800391137
0.19087418117311578	0.15719795197931385	0.30275691785763204	0.2559888039755099	0.09318214501442826
0.18289427110927492	0.16161323121873356	0.3101384859192923	0.2501880811721809	0.09516593058051809
0.18429869815727573	0.16254480355023276	0.3048492633574207	0.25163084012007786	0.09667639481499275
0.17430714451880605	0.15893544440166857	0.30669695799513613	0.2635281496348683	0.09653230344952071
0.16930524525364113	0.16603080415354418	0.3142449875686443	0.2571526190133343	0.09326634401083593
0.17796842710482996	0.15987148422681421	0.31356538880812	0.2518693105457919	0.09672538931444366
0.16200513858880633	0.1658576266370718	0.3126941544145134	0.2639275843109459	0.09551549604866236
0.16762425745512777	0.16649258036127296	0.3247601387889431	0.24818209949717218	0.09294092389748379
0.16971367446976943	0.1561917926185374	0.31672166738261276	0.262730379280002	0.09464248624907817
0.1725687465339243	0.1624247877344835	0.3138976555905298	0.2588331431972671	0.09227566694379516
0.16792307774832976	0.16733282720851073	0.321360265904014	0.25103956623601525	0.09234426290313003
0.17318840318112466	0.16031695573779448	0.3137822631168554	0.258689222018818	0.09402315594540722
0.1732150609053919	0.16054761406704957	0.3154325598172833	0.2519459918806055	0.09885877332966952
0.16757327047717585	0.16058270314122275	0.3185070257900934	0.25515459197877455	0.09818240861273325
0.17782846798672913	0.16652555133756394	0.30491757187286295	0.25675193930373597	0.09397646949910782
0.18017395055155366	0.16161922575943405	0.3123046346770443	0.24961291408011185	0.09628927493185595
0.17935969963453974	0.16666489626779787	0.3055707794123866	0.25279574767498036	0.09560887701029525
0.17967469325668944	0.16411430143609507	0.3013826088657374	0.2615379370935789	0.093290459347899
0.17582384504297383	0.15506945077058104	0.317967683216525	0.2532151721980406	0.09792384877187932
0.17598610415469645	0.16184148511429636	0.3205292456847827	0.24808852693086467	0.09355463811535963
0.16858130094691784	0.15664176529552276	0.3217877382489308	0.2554419718561094	0.09754722365251901
0.17516449354839442	0.1628638370648217	0.3166301598451695	0.25323053198966294	0.09211097755195125
0.17634657422514388	0.16606950820913083	0.30609449342100237	0.25544077455892367	0.09604864958579899
0.18029761611565248	0.15681383987773181	0.3183458565690947	0.2524047256083135	0.0921379618292073
0.18118007853823248	0.16028823548649615	0.3127907580584685	0.2529013822418664	0.09283954567493616
0.16393677803314083	0.15435814685250793	0.32674236703975373	0.26188492124512563	0.09307778682947168
0.18713253703066457	0.15725135040120045	0.30993949074570937	0.24949798743207546	0.09617863439034992
0.1719589018160411	0.1624603878896108	0.3190062261247495	0.24973822608345436	0.09683625808614402
0.16624600346683535	0.16459795831629695	0.32032518218062866	0.24946560191586548	0.09936525412037334
0.16808004133872761	0.15510058491953788	0.322287167508228	0.26098354541129953	0.09354866082220675
0.16171331742709832	0.1667094965963257	0.3183052382362733	0.2575989570230344	0.09567299071726795
0.19126741573823147	0.1592404001144197	0.30534378558474273	0.2483866327754578	0.09576176578714804
0.18340503949429093	0.15849052908240097	0.3045973473522404	0.25684118934579697	0.09666589472527046
0.1658130712615007	0.16381733685205613	0.3237452308759581	0.2544988209412483	0.0921255400692365
0.18995456878757117	0.15631882782834491	0.30430000958392234	0.2512649639860378	0.09816162981412352
0.18427076298928396	0.1581133626023164	0.3092300177025008	0.2518863012805217	0.09649955542537691
0.17606345953943178	0.1650939395065279	0.30975492211186995	0.25181375433847114	0.09727392450369904
0.17856243798474292	0.16836606455846231	0.31085127602153567	0.24839822351609453	0.09382199791916435
0.1600443719880975	0.16527100271315903	0.3211628995934715	0.2576426225200766	0.09587910318519513
0.1664427830755035	0.15308128607107413	0.3225570033369257	0.26097755022383823	0.09694137729265823
0.16678267122483031	0.1653643665845418	0.3204188492440784	0.25097709874021146	0.09645701420633791
0.1676810275876353	0.15804421426472345	0.3147068718148672	0.2636277283539615	0.09594015797881242
0.1598096294974004	0.16110010536174832	0.3221935696241512	0.26336191658678304	0.09353477892991686
0.17682507271035464	0.16817553832380303	0.3052448654562304	0.25660216145418624	0.09315236205542546
0.17072864602689328	0.15461942114995675	0.3282233386487372	0.24802333917567815	0.09840525499873443
0.17738274279944036	0.1586075916751641	0.3104450844528668	0.25708616824995195	0.09647841282257656
0.18534925325017323	0.15648188583230987	0.30457126331603535	0.2589737340893334	0.09462386351214794
0.17783125625656698	0.15907900248656606	0.31262523635531764	0.2559823556018518	0.09448214929969734
0.18063675136590385	0.1627792679475053	0.30320088782601523	0.2575683178913359	0.09581477496923956
0.1756326737013699	0.16363659385819956	0.31958492109936737	0.24812902311339663	0.09301678822766633
0.18514113293242113	0.16114316125216277	0.3060771251924623	0.25302760396082197	0.09461097666213163
0.1668563023682509	0.15643403345222717	0.3244502120964678	0.2576148954745823	0.09464455660847167
0.16710087502540205	0.16877501892051727	0.31970482698664826	0.24910409726189847	0.09531518180553378
0.1672334242772199	0.1634826165183088	0.32102446922845196	0.25508869637828296	0.09317079359773614
0.1931425327254853	0.15276504470114044	0.3084144229520099	0.2519362921449112	0.09374170747645298
0.17130944533669326	0.16293226960477916	0.30973140553683925	0.2603979260053404	0.09562895351634772
0.16245923592993017	0.16770310308329295	0.32119413459851304	0.252520939146314	0.09612258724194966
0.16834813243770108	0.15692042306169698	0.31860287513110647	0.2615712502234981	0.09455731914599716
0.18533565895020518	0.1612802797817785	0.30820697934517993	0.25016059911146493	0.09501648281137129
0.17030198505297495	0.15773798957473595	0.31923249814549604	0.2598462319087968	0.09288129531799602
0.17625299531235633	0.168868893350748	0.30179278429599016	0.25719025350235725	0.09589507353854806
0.16788867800425608	0.15299001739419807	0.3187486902788117	0.2644138020172053	0.0959588123055286
0.174842724615692	0.16252029671886725	0.30689091652080414	0.26286516335229193	0.09288089879234443
0.16724801865895325	0.16645256055869448	0.306389204567484	0.26211832836476956	0.09779188785009854
0.17062048759786172	0.15386770628530339	0.3238748536454907	0.2557517882963776	0.09588516417496637
0.16508525579268613	0.15532964695170995	0.32841900716460587	0.2568603333177561	0.09430575677324178
0.1735501411109174	0.16394948253025798	0.320382445470223	0.24858011905666355	0.09353781183193786
0.17566393650441275	0.16541077537207727	0.3136508057520282	0.2506221378258284	0.09465234454565316
0.17163551544801417	0.16748133079115557	0.3029651578276198	0.2601127673792282	0.09780522855398202
0.16248208459014152	0.16459035887411672	0.32454596930825047	0.2501288558182194	0.09825273140927167
0.1701689245190323	0.16172997691727178	0.3079710964434105	0.26221836168961915	0.09791164043066608
0.1666606893088318	0.16440780301188895	0.3214606624345919	0.255221619305391	0.09224922593929609
0.15934994296033328	0.15853874212019425	0.3263491522975507	0.2569775546886895	0.09878460793323213
0.17123073175692805	0.16794936509382602	0.3052286933704328	0.2599405091074264	0.09565070067138656
0.16276942942583267	0.1547568083340885	0.3230575985117706	0.2641908138102704	0.09522534991803762
0.17372659126063766	0.16864262526166718	0.3039705985726042	0.2546214846061875	0.0990387002989032
0.19256885653623007	0.15773664331883458	0.30659541599317014	0.2492496161263299	0.09384946802543512
0.17501621061241143	0.16524006653992812	0.3113110173961695	0.25455702992649676	0.09387567552499398
0.16663208607765084	0.16862881747404085	0.30873527442271986	0.26197532846285726	0.09402849356273096
0.16517507972540083	0.16582398515384472	0.31154961706844286	0.25986263414034166	0.09758868391196976
0.1613444791009313	0.16822828811851537	0.31700139207275857	0.2606868037412801	0.09273903696651441
0.16578380190541378	0.1667999710737752	0.3137668477866956	0.26037820636855696	0.09327117286555828
0.16240050411430065	0.1607827204145612	0.31793743258005774	0.26007733285524076	0.09880201003583944
0.16833612857694338	0.15513107163304538	0.3225333400203712	0.25697177825544215	0.09702768151419768
0.16588966304854794	0.15567609792600826	0.3273321354788243	0.2573633354478304	0.09373876809878898
0.18010950063230569	0.1589386261977795	0.30688328724910313	0.2603128063682495	0.09375577955256194
0.1661377297844422	0.15796521503539152	0.31623656927454546	0.2643152096643798	0.09534527624124081
0.1873699427311707	0.15927555185724834	0.30625684830378885	0.25034407747500137	0.09675357963279055
0.1846172583643596	0.15847390359376734	0.3025721929297454	0.26030440906699165	0.0940322360451358
0.1700156081204734	0.1568629590683398	0.32064216137191975	0.25427321062989533	0.09820606080937153
0.17523238601126717	0.1629642009699897	0.3114753940413336	0.2529542440253185	0.0973737749520908
0.17411831518511672	0.1538774093345848	0.3177190387297646	0.2576528234489169	0.09663241330161677
0.1770509316016953	0.15804559068763477	0.31603910965301396	0.2554626471348777	0.09340172092277804
0.16103225728335305	0.15955549746938258	0.31850448291067446	0.26214695510558483	0.09876080723100492
0.1692525337499056	0.16753034012153475	0.3119806341569374	0.25772118534504485	0.0935153066265772
0.16562395207238462	0.16260281719837738	0.3165630899789228	0.25619838073721124	0.09901176001310374
0.16905276682777337	0.16442496566156278	0.31052809521220803	0.25664401950777227	0.09935015279068335
0.1606859950745118	0.15895609557724272	0.32847108255757906	0.25595417330038006	0.09593265349028612
0.18541739012594968	0.1599292843116043	0.30219795121588844	0.2575716129898208	0.09488376135673654
0.17168080279336762	0.1574306091126388	0.322190189327205	0.25525255802371266	0.09344584074307573
0.17683308041709145	0.15967770706131834	0.31682792499374124	0.2508022655616793	0.09585902196616945
0.18369846634558532	0.15593350438021922	0.30674255626076674	0.2574601632447966	0.09616530976863191
0.1733199008047817	0.15436157953502047	0.31308634619070225	0.26273746801224507	0.09649470545725024
0.17666313786435256	0.15756554894620026	0.3134834245635333	0.25650259860692415	0.09578529001898953
0.17512294459007158	0.16061083729213624	0.3155352578090666	0.2547252217492199	0.0940057385595055
0.16944582014940732	0.15459386551110604	0.31723102021834804	0.26306399544780823	0.09566529867333014
0.17889845744124233	0.1632116130287471	0.30724061458848095	0.25305493396772505	0.09759438097380439
0.17728340148155713	0.16879891838303496	0.3023638570422724	0.2544465723450967	0.09710725074803855
0.1841653322116641	0.1545464678710951	0.31070986454489685	0.2516608154168908	0.09891751995545293
0.18283603914344992	0.15325620099872536	0.3063388827126391	0.2649526276715195	0.09261624947366591
0.1689040371129072	0.16135245474885376	0.3263186742363696	0.25016355414342706	0.09326127975844213
0.1597989891740883	0.161180019323725	0.32668199653152025	0.25480038704499797	0.09753860792566826
0.1725925878214417	0.15695495783782498	0.3190652336346771	0.25761289287842287	0.0937743278276331
0.18609719450158435	0.15428714577218305	0.3092444471926484	0.25400571861661597	0.09636549391696803
0.16536568613177705	0.16454436906339376	0.31414558059549813	0.2587041248961134	0.09724023931321746
0.17966960672093762	0.1563478049026136	0.32280522884054896	0.2486708787880319	0.09250648074786769
0.16538153552737292	0.16672170072070125	0.31669516760560695	0.25381060059691796	0.09739099554940076
0.18707939038223959	0.15478935595648738	0.31153875864863434	0.2480938202917382	0.09849867472090026
0.1709080142961591	0.1591535832062889	0.3267820298306775	0.24918650556446245	0.09396986710241186
0.1611635135656953	0.16875892635819167	0.31390055393174154	0.26354660463657825	0.092630401507793
0.16554351421778646	0.16815451028171224	0.32006991135189966	0.2522466238339982	0.09398544031460315
0.1733964206213806	0.16433748140418458	0.30357595544192484	0.259570791130815	0.09911935140169477
0.16706545647664095	0.16069139034208707	0.32487690450387374	0.2515595897189868	0.09580665895841124
0.1644346448016298	0.16182270054572134	0.32866241552946385	0.25291763073769274	0.09216260838549199
0.18478989894801706	0.15446886926056264	0.3158299786947464	0.25124677262614	0.09366448047053373
0.18431570209148934	0.15417815513492217	0.3124304288396812	0.2513763882981466	0.09769932563576045
0.16068860697311058	0.15797367784977895	0.32841114316290615	0.2600193780593039	0.09290719395490021
0.17547903871831574	0.16783929713203147	0.301820702492411	0.26225833539998095	0.09260262625726064
0.16389069585995283	0.165943914808852	0.3237767614564937	0.25309081745988754	0.09329781041481375
0.1676837558024866	0.15511024301276927	0.32126936855095267	0.25828419588821666	0.09765243674557458
0.16671585972504827	0.1609691174038883	0.31195529612517797	0.26241824545645054	0.09794148128943467
0.17877017629380904	0.15832683942397854	0.30499992767927675	0.2631031007380198	0.09479995586491566
0.188298801763985	0.15473975335572934	0.3127263359276435	0.24868047881026586	0.09555463014237608
0.17964146560328897	0.1588685147848221	0.31468956523074265	0.25130518955022785	0.09549526483091825
0.1676714695517885	0.1614188419728077	0.3184924920928749	0.2553879385222089	0.0970292578603198
0.16584779461233007	0.16712553804545333	0.32130326696093	0.24845238746002737	0.09727101292125903
0.17520547481263832	0.16746915690227912	0.3149548257026268	0.24783665327254997	0.09453388930990561
0.1706718471073063	0.1665290731160587	0.30248153084776214	0.26412288405403145	0.09619466487484125
0.1604975772445591	0.1567329034612145	0.32334606797017507	0.2626883435117016	0.09673510781234954
0.1599951238714207	0.16050648404197548	0.3289911437711919	0.2526439986251557	0.09786324969025605
0.16355504017149147	0.15772687882163525	0.3195722159761187	0.26030975987783833	0.09883610515291609
0.16751406503768942	0.1572343696062429	0.3269453179996341	0.2559026638206033	0.09240358353583011
0.1810477144647365	0.1552074103665833	0.3114093573097657	0.2584748644889862	0.09386065336992806
0.1861524425800992	0.15929010650909556	0.30667761445638464	0.25436112523064947	0.09351871122377094
0.1739717139856546	0.1625948661217752	0.3090313492748126	0.2581150510905453	0.09628701952721214
0.17667897149016676	0.16622810044225766	0.30392121929674004	0.25584141992525067	0.09733028884558464
0.16764200142173008	0.16079945692390746	0.30988919774590995	0.2645364669311588	0.09713287697729348
0.16417595619513986	0.16783277777408406	0.31233026692977156	0.26241553542019247	0.09324546368081185
0.1653808749964678	0.1529780998001375	0.3255139946601306	0.26122631693653514	0.09490071360672878
0.16277941749898786	0.16212067885861806	0.32773915355596467	0.25374886004400266	0.09361189004242654
0.19263343585881423	0.15438898123961936	0.3043109314318046	0.2547218855958306	0.09394476587393102
0.17568778262240736	0.15991810574369256	0.31881760895310524	0.24878551587623118	0.09679098680456347
0.16773114282579146	0.16168821775884512	0.31677353089014065	0.256582505775477	0.09722460274974559
0.17246240344756755	0.15570214963335277	0.31905909874517313	0.2601808963942821	0.09259545177962422
0.17524459449496244	0.16463889834727422	0.3020025126954379	0.2632157729696018	0.09489822149272348
0.17687132472783754	0.15769038609540376	0.3179556680651532	0.2538264553248324	0.09365616578677294
0.1791803325502741	0.16145432869989385	0.30745511865750674	0.2551342109835534	0.09677600910877174
0.17324142077232954	0.16371873764735467	0.30633098240446704	0.26232999485838426	0.09437886431746426
0.1677319448820197	0.15953892587742363	0.31688890346421217	0.25690742340264056	0.09893280237370372
0.17108311837451876	0.16637023456249972	0.32001877635864406	0.24789632833616226	0.094631542368175
0.15970376577417633	0.1635051955711791	0.31475696312729473	0.26330719971977556	0.09872687580757405
0.16129512062475376	0.16526556468451764	0.31607218099345735	0.2608404813987262	0.09652665229854487
0.17822343872901	0.1584109717492551	0.31830019035688756	0.24863244880132562	0.09643295036352152
0.18300588632780776	0.1535323689441731	0.31086398430707735	0.25614284691709255	0.09645491350384905
0.17819888563616632	0.15882558206159542	0.3160027446401621	0.24990487385686255	0.09706791380521337
0.1614172094779648	0.15945103173833328	0.3280024873261693	0.2544042062968978	0.09672506516063462
0.1625904276871531	0.15953238203799497	0.3242826711355989	0.2556536093200688	0.09794090981918405
0.16591993609561176	0.16422653658479863	0.3209136360488214	0.25488671438565846	0.09405317688510956
0.16157691151788522	0.16590499614856893	0.32904150917017594	0.24903842509091084	0.09443815807245888
0.16050125502466162	0.15769346793773115	0.3241725613983629	0.26468981101771843	0.09294290462152571
0.1899541666075143	0.1580646859099869	0.30494638573168154	0.2496237485062079	0.0974110132446092
0.1718121987141362	0.16450140075006925	0.3027736180937458	0.2623031310455852	0.09860965139646334
0.17852265272373324	0.15773845399547248	0.3157894341419871	0.2516170359798431	0.09633242315896383
0.18359147542175847	0.16399531431993702	0.30297321705101304	0.25476142945337393	0.09467856375391735
0.17665224564407012	0.15789821381998798	0.3026663235992956	0.26353077913635636	0.09925243780028972
0.1744086911250383	0.16826630639524745	0.31176040287367984	0.25191077395887235	0.09365382564716186
0.18434022050203425	0.1636124396851372	0.30664244250040623	0.2525566974952904	0.09284819981713172
0.1664626722997587	0.1686164807450382	0.31513840962249984	0.25291871523728493	0.09686372209541812
0.1704559277708685	0.1589009589292354	0.32127367168089244	0.2529463900120721	0.09642305160693138
0.1723235482888476	0.1546001681377562	0.3249179874698423	0.2526376550329569	0.09552064107059687
0.16450659370438542	0.1663964780200915	0.30781739068615427	0.26417471473183407	0.09710482285753455
0.18455645487460287	0.16509494348264575	0.30269466862742755	0.24901019815310876	0.09864373486221487
0.18218762510676495	0.15502350165493267	0.31730179006416404	0.2514603131297709	0.09402677004436724
0.16021359736464266	0.1536451740964572	0.3278370485462889	0.26224006219491763	0.09606411779769337
0.18416380882040578	0.16311856984746628	0.303372199273104	0.2571803582958791	0.09216506376314468
0.16332127756149237	0.15361596152283039	0.32504744201678826	0.2635602252283622	0.09445509367052662
0.18117934640654512	0.16490543002808333	0.3078583617850778	0.2485935316104136	0.09746333016987996
0.1637796992982006	0.1541290257288356	0.3263318669821248	0.2593125025323832	0.0964469054584556
0.16547685410990054	0.1675740379831104	0.3094380493507303	0.25815342482958525	0.09935763372667328
0.1724982057156431	0.16225220891563855	0.30922981240797537	0.2598383878366687	0.09618138512407409
0.18090257435727403	0.15308797457468543	0.31067502935357627	0.2560760454407546	0.0992583762737095
0.18210676597122308	0.1622105626648842	0.3014891847494667	0.261210853282182	0.09298263333224376
0.17837870907266734	0.16123083826651283	0.3093365579164495	0.25732884546628226	0.09372504927808788
0.17927359112737415	0.16502200636541597	0.3064873203849246	0.25127653513846654	0.09794054698381856
0.18910667122821082	0.15515472703607056	0.3130877017435361	0.24893988479092183	0.09371101520126046
0.18698153145915639	0.1554061685396977	0.306029822799234	0.2529643498198517	0.09861812738205997
0.18174631001627134	0.15268386746894644	0.3053587576269862	0.26158677253378687	0.09862429235400894
0.1733330876427571	0.16661618524711885	0.31266025950245135	0.2497379565729129	0.09765251103475958
0.19156611534129134	0.16284751698649572	0.3028130729742865	0.24863291341671392	0.09414038128121227
0.17857255186234378	0.15541086501317647	0.31811861573014577	0.2514955139559436	0.09640245343839013
0.18261709447355817	0.1597074572576489	0.30597343105389807	0.2564343189046468	0.09526769831024787
0.1721524723167858	0.16165363392478113	0.30796572131107736	0.2613447420657016	0.09688343038165396
0.17513057608691654	0.158632551146209	0.30751898352465457	0.26023507421910597	0.09848281502311376
0.17592910505955844	0.16087800554287682	0.3050207963475243	0.26188858074930044	0.09628351230073981
0.17394359127077264	0.16483094608606685	0.30184659316537066	0.26350060286991955	0.09587826660787005
0.16936680288005732	0.1537637473021639	0.3284675357184178	0.2535545416620971	0.0948473724372636
0.16509607055038925	0.15960565006295369	0.32039165189150715	0.26281353183743483	0.09209309565771485
0.17835256959447301	0.15927017243015362	0.30969958838900136	0.25806194212933325	0.09461572745703853
0.1709843389136195	0.1567318737100859	0.31620011110460755	0.2601151134010693	0.0959685628706175
0.18108277205174678	0.15514038605156247	0.3189348465550763	0.2518861833340501	0.0929558120075642
0.1650244756165996	0.15660917608252958	0.3222267664416313	0.25907316565148353	0.0970664162077558
0.1639020474091225	0.1555103979615387	0.3185923934309836	0.26349036810736026	0.09850479309099475
0.1895260686133607	0.16111302826048196	0.30205611569144875	0.2541878519905627	0.09311693544414565
0.17861764913878436	0.15483681049600986	0.3198733545675049	0.25168513394320413	0.09498705185449657
0.16455567603559823	0.15971294551999735	0.3203538466188972	0.26288191538352423	0.09249561644198273
0.16018916196966865	0.16161859621285163	0.3256182751819228	0.25507091412950506	0.09750305250605161
0.18882373012353176	0.15542296235594905	0.31345628944724535	0.25021752269362146	0.09207949537965214
0.17001528640464864	0.1579878880682961	0.3254221008863396	0.25427420312130095	0.09230052151941447
0.16493160773571483	0.15640119639861752	0.3267611366955556	0.2535545372528316	0.09835152191728025
0.16791539883739626	0.16403321557814535	0.30978285363692526	0.2616602031138935	0.09660832883363953
0.16504465976537727	0.1600885824343265	0.3173869102936825	0.2586116849078559	0.09886816259875761
0.18063236258688012	0.16372435812030517	0.30335813570668974	0.2581097411399728	0.094175402446152
0.17646791987374488	0.15680217551310252	0.31961324772808336	0.25060245103799234	0.0965142058470767
0.17830485227717366	0.15747019095193937	0.303724352148528	0.26443595591514213	0.09606464870721665
0.17736995419511808	0.16208417732713903	0.30210293364680946	0.2595483953172901	0.09889453951364313
0.18242411634596922	0.16417165713070825	0.30725658864322947	0.24980040122410624	0.09634723665598656
0.17021585254368515	0.16215254498773832	0.31394682933797796	0.25502823426474747	0.09865653886585089
0.177563332887027	0.1664628443599741	0.30327194395580237	0.2573637964040608	0.09533808239313549
0.19025087124952103	0.16476879786879717	0.3028846626356357	0.24925121627289698	0.09284445197314892
0.1759194157073223	0.15356812171093576	0.3099111829265177	0.26264171076111364	0.09795956889411037
0.17698227985811038	0.15829317657150144	0.3142141795247625	0.2583646314520322	0.0921457325935933
0.1877550742195632	0.1619625634462171	0.3013390401059574	0.25491237695026764	0.09403094527799445
0.18653949019526217	0.15919144488116793	0.3068615749858518	0.2517146482717064	0.09569284166601146
0.16403716763160917	0.15748841818300763	0.31997493746985206	0.2618691715044193	0.09663030521111161
0.1740696852339486	0.15978126112705068	0.3073502919467749	0.2643720302430684	0.09442673144915723
0.17374356599187596	0.16639170246034352	0.3064659944787444	0.26093869575565665	0.09246004131337925
0.16984386953472722	0.15815920330918629	0.3164456809609763	0.2621703726657032	0.09338087352940677
0.19281238239053256	0.15871281564155915	0.30176320368574583	0.2505118398237663	0.09619975845839598
0.1625204655370362	0.16576103678149984	0.3231382842325625	0.25099245973585504	0.0975877537130462
0.17387959709387996	0.15474910313140838	0.314591319720817	0.2644856187530427	0.09229436130085172
0.175389596219312	0.15281793754694534	0.31827693608346236	0.2582277692984835	0.0952877608517966
0.17200490291729517	0.16071998933184084	0.3175968294825665	0.25310367689172647	0.09657460137657083
0.17947554988099204	0.15770113339440556	0.3079917966374146	0.26226372448119123	0.09256779560599637
0.17709045010234803	0.1530873588218442	0.3214129029781464	0.25328643323105343	0.09512285486660776
0.175981313638297	0.15719911625160918	0.32133228931188024	0.25082009247367787	0.09466718832453555
0.18857672213997925	0.16376748471948532	0.3013758782110819	0.24849339386591104	0.09778652106354224
0.18535899971490563	0.16247153102700415	0.306823468221707	0.25199432597013144	0.09335167506625161
0.18911980764484265	0.15581254081644105	0.30479784595745113	0.2532450012986391	0.09702480428262583
0.16307842014814536	0.16319097406252728	0.31548650185285876	0.2643826845682332	0.0938614193682352
0.16317420370155777	0.166205417009493	0.3249305702683825	0.250570099317172	0.09511970970339449
0.17823919870362037	0.1679514979039189	0.30592483953907984	0.2498227382663352	0.09806172558704547
0.17970833415929155	0.16882208985797914	0.30370937358673644	0.25392750765567057	0.0938326947403221
0.16898764393613436	0.16640531586338325	0.3211972012601435	0.2500447620239879	0.09336507691635082
0.17620443255611531	0.16453576508976983	0.3072876157164829	0.25985649572102704	0.09211569091660474
0.1636195825476205	0.1535880053032977	0.3216930066129711	0.2650351501709036	0.09606425536520691
0.1764706382938394	0.1645082669648855	0.3105283884932468	0.25512314974596106	0.09336955650206702
0.17092773381573062	0.16812401639592808	0.31873739889373087	0.24840487277993895	0.09380597811467126
0.18180794009254966	0.15289245659196793	0.3068705160508064	0.26241564007982465	0.09601344718485114
0.17517791087888618	0.15349319700654687	0.31585423281759717	0.2633830060611075	0.09209165323586205
0.17639071108764903	0.1641467636337228	0.3058296667034174	0.25594411218742313	0.09768874638778746
0.16109431683761566	0.16498685420668824	0.31042942032286647	0.26474999157605983	0.09873941705676964
0.16794845893856464	0.16568431313171048	0.30772395247342105	0.2615889576154716	0.09705431784083207
0.18597148940901176	0.16198549959714614	0.3096748269137618	0.24949852462777286	0.09286965945230718
0.1828402487219993	0.16407143817303366	0.3022813227030866	0.257716108563773	0.09309088183810713
0.17323285818389636	0.16383915513620156	0.3094040485535971	0.2589513082383956	0.09457262988790915
0.1630010809578064	0.16223176350712976	0.31332562258401253	0.26374461353073414	0.09769691942031698
0.1724355802718386	0.16360778967087936	0.31685498129806194	0.25127289568155525	0.0958287530776646
0.166356775002885	0.16580018515516204	0.31368534502791373	0.25838296831976526	0.09577472649427377
0.1712682062055984	0.16178509084911433	0.32104111320418594	0.24797276263795295	0.09793282710314821
0.16367794782111791	0.16445668644145486	0.32258025023984094	0.25045849760018324	0.09882661789740282
0.17333204235636646	0.1625004309727358	0.30795824025586455	0.2629563283288343	0.09325295808619868
0.16292439859085	0.1671874072230039	0.3179101061906711	0.2590157853299793	0.09296230266549546
0.18534646771476404	0.1548610484148832	0.3034523151626597	0.2625667216761004	0.0937734470315924
0.18188970228565762	0.16186806339247747	0.3126227274400373	0.24854688003241995	0.09507262684940745
0.1696867680536139	0.15555786311261327	0.3271733068208833	0.2537948167575509	0.09378724525533849
0.1830102424185047	0.154344156894841	0.31970345541647927	0.24909682150072834	0.09384532376944646
0.17227154267657369	0.1664225815495128	0.3109519826308985	0.2521621257972533	0.09819176734576154
0.18252256772025097	0.1629396146138613	0.30217347441892906	0.2600654500158077	0.09229889323115073
0.18748648382476082	0.15325616835548933	0.312630105917006	0.25177236417910476	0.09485487772363882
0.182219975191347	0.15521685079643732	0.312524747429468	0.25132658452666096	0.09871184205608649
0.16343139481802046	0.15619953565306105	0.3209667820933847	0.26167681322352065	0.09772547421201291
0.17369100452379957	0.1615610194126883	0.3101143042912744	0.25771828060245827	0.09691539116977924
0.1836452357240337	0.16100510651461727	0.3090824735869785	0.2501044211570954	0.09616276301727483
0.17483170404142956	0.15806245572972943	0.32277620670149604	0.2503405794414147	0.0939890540859301
0.1716169239766451	0.1579472081117139	0.31557486144643415	0.2596576511892063	0.09520335527600035
0.1632390129508785	0.16120018201831782	0.32233741273130495	0.25601011266416074	0.09721327963533777
0.16445208364951833	0.16569523860309726	0.3190177123847555	0.25151866106711257	0.09931630429551613
0.16324001620644868	0.1611136981258408	0.32088300418114346	0.25926329109038515	0.09549999039618173
0.16939458044389427	0.16665999640364365	0.31005679831191085	0.2560260965663024	0.09786252827424861
0.17695275217632184	0.16047554134061257	0.31168807045706043	0.2529724737289478	0.0979111622970571
0.16506383888245194	0.15545533853765914	0.3275774724450034	0.253827577120409	0.09807577301447633
0.18038099013408193	0.16352225710971185	0.30375035788429877	0.2540978463007591	0.09824854857114813
0.1825270290624404	0.16229975629599713	0.30794159465174664	0.25023756111306444	0.09699405887675117
0.18881374036788562	0.1561167884532234	0.3017372935045352	0.2564571720635025	0.09687500561085302
0.16948420860294183	0.15858309678819638	0.3239466867656814	0.2516723704370449	0.09631363740613533
