0.23636308332778594	0.5168722037582162	0.24676471291399799
0.24147524491202366	0.5198282782880479	0.23869647679992853
0.23285413408899602	0.5155199787500829	0.25162588716092116
0.2337508761099089	0.5357432874289025	0.23050583646118863
0.22800463176077884	0.5219360024268409	0.2500593658123804
0.23237731775071127	0.5181095933083819	0.2495130889409069
0.23374959886336877	0.530304056970612	0.23594634416601937
0.2363071514694901	0.53368660733223	0.23000624119828011
0.23489055348902702	0.5233241965700772	0.24178524994089584
0.24199371263115887	0.5171010357282847	0.24090525164055654
0.23727438579032856	0.5252640086819437	0.23746160552772788
0.24119725832607058	0.5240524286775883	0.2347503129963412
0.2426815265322532	0.527355363731982	0.22996310973576495
0.22809169318278474	0.5304143678847503	0.24149393893246507
0.2380310122095904	0.5272471749993186	0.23472181279109117
0.229313359509685	0.5312738081425494	0.23941283234776561
0.23736112162144277	0.527534945756023	0.23510393262253435
0.23461732865806081	0.5224047732102509	0.2429778981316884
0.22888770948930987	0.5312032259714916	0.23990906453919858
0.23194979844364233	0.5210383044703192	0.24701189708603866
0.23453764079727002	0.517872425603978	0.24758993359875214
0.23758710210284834	0.525231202331771	0.23718169556538077
0.24467496726399776	0.5231896533609716	0.23213537937503076
0.2343434042556389	0.519185544482847	0.24647105126151414
0.2384684626425277	0.5238886150688015	0.23764292228867098
0.2295914833181016	0.5275183322256578	0.24289018445624067
0.23259310194007482	0.5323499736723861	0.2350569243875392
0.22960694718940453	0.5318720721326152	0.23852098067798033
0.24191775445775326	0.5235560308848267	0.2345262146574201
0.24392940062432297	0.5162739468752555	0.23979665250042156
0.23938074733592152	0.5283273385938277	0.23229191407025088
0.23851527142125245	0.5328167485025038	0.22866798007624387
0.23527914307338849	0.5199390540940457	0.2447818028325659
0.23992779589292315	0.5278822288176552	0.23218997528942178
0.24404921031958438	0.5203331208758786	0.23561766880453716
0.23349999805876542	0.5163001981056226	0.25019980383561213
0.2316840876940464	0.5365302254956325	0.23178568681032122
0.23673536478098758	0.5299009538170486	0.23336368140196392
0.22974413203114355	0.5194103283901841	0.25084553957867256
0.23703892958720416	0.5309943518117468	0.2319667186010491
0.24204605015229827	0.5232163701834466	0.23473757966425524
0.23504420196266018	0.5177297465679727	0.24722605146936733
0.23665426008385804	0.5282084832453664	0.2351372566707757
0.24444613206612534	0.525669548494776	0.2298843194390988
0.23381068176095343	0.5219156411675252	0.24427367707152148
0.2451390731200183	0.519674669730675	0.23518625714930685
0.23924196299912903	0.5324501581159152	0.22830787888495588
0.23981557511031537	0.5313501705074186	0.22883425438226607
0.23987728219845456	0.528674392137229	0.23144832566431653
0.23663467346717937	0.5206201185388495	0.24274520799397126
0.2295757551103076	0.5277503071626799	0.24267393772701262
0.23323151727540958	0.5361415918864549	0.23062689083813553
0.23270532909444452	0.5204039218201726	0.24689074908538297
0.23280543312246826	0.5291219058674242	0.2380726610101076
0.23341131255521924	0.5313952875612774	0.23519339988350346
0.23731570733678634	0.5310977126888097	0.23158657997440418
0.22960186361472118	0.521118031617321	0.24928010476795803
0.23624186932595553	0.5290170585638618	0.2347410721101827
0.2295244998287766	0.5227717540212661	0.24770374614995744
0.23674704704480243	0.5318488312130933	0.23140412174210445
0.23035931134091245	0.5180358903744912	0.2516047982845966
0.24295141055921277	0.5237603224470413	0.2332882669937461
0.2353753336743672	0.5190636855593715	0.24556098076626134
0.22812385745956643	0.5285511443306368	0.24332499820979697
0.24453062179282403	0.5266459863544997	0.22882339185267636
0.23041155168939043	0.5354454461613485	0.23414300214926123
0.24121677238712125	0.5297194309602553	0.2290637966526236
0.2417713404788904	0.5203451127461978	0.23788354677491197
0.2321654050273715	0.5194258806339329	0.24840871433869569
0.23005298930768217	0.5230070975090393	0.24693991318327857
0.23378101897959083	0.5312645545231773	0.23495442649723194
0.24147757567635061	0.5159288868543178	0.24259353746933168
0.23721458523755581	0.5242239996935281	0.23856141506891623
0.24482882930619584	0.5236815535186097	0.23148961717519462
0.23783812408895694	0.517703526228421	0.24445834968262217
0.22798237042727412	0.5334236076423888	0.23859402193033713
0.2304625764483335	0.5215531187436648	0.2479843048080018
0.23559163799476845	0.5296205558076557	0.23478780619757597
0.23487222001008753	0.5167523370135023	0.2483754429764102
0.23728795058772054	0.5228331746101275	0.23987887480215214
0.2385087309785794	0.5239710720293511	0.23752019699206967
0.23854165954071288	0.5330763850723015	0.2283819553869858
0.23578523784661345	0.5313992566995136	0.23281550545387308
0.23286000033981502	0.5239129094650837	0.2432270901951014
0.23458217264002704	0.5259646326694836	0.23945319469048948
0.23679441502546245	0.5251455858817806	0.23805999909275713
0.24062247392441158	0.5254567978227612	0.23392072825282728
0.23631612460996268	0.5291247883215989	0.2345590870684385
0.22897332554408076	0.5324950077901671	0.23853166666575223
0.2422440477255073	0.5188461374667119	0.23890981480778098
0.22849164155986934	0.5215981278642833	0.2499102305758475
0.2290638017386737	0.5247056520589164	0.24623054620241008
0.2366280295213959	0.517726181055663	0.24564578942294119
0.23607758533265322	0.53389206436591	0.23003035030143687
0.23185234365917037	0.5298301943994075	0.2383174619414223
0.2404400044004301	0.5181076890014089	0.2414523065981612
0.23468927388963634	0.517797280202623	0.2475134459077408
0.23127796219255037	0.5273268774638303	0.2413951603436194
0.2451926081921413	0.5260863129456506	0.22872107886220822
0.23711741219556698	0.5194938232305573	0.24338876457387584
0.23055988380562406	0.519923433688978	0.24951668250539805
0.24355855497689655	0.5218020622465099	0.23463938277659363
0.22802971583060697	0.5311985612877594	0.24077172288163376
0.23411133512827814	0.533514016856657	0.23237464801506494
0.2370372905050635	0.5237905160157141	0.23917219347922247
0.22931548022818343	0.5277193392600323	0.24296518051178428
0.2351317022718245	0.5300675672959563	0.23480073043221933
0.2320864294120795	0.5227473288054315	0.2451662417824891
0.24118372797242277	0.5211554808026497	0.23766079122492767
0.24177002412820958	0.5230751150910314	0.2351548607807591
0.22992707542326324	0.5312144882107138	0.23885843636602308
0.24067803479877362	0.5256434070279553	0.23367855817327116
0.2433359299328829	0.5156214960093339	0.2410425740577833
0.24364253151510298	0.520008986391179	0.23634848209371814
0.23847616294749652	0.5178181611183297	0.24370567593417392
0.23193091019401255	0.5179679831472863	0.2501011066587013
0.2363938755470965	0.5234135602276789	0.24019256422522461
0.2358144140423523	0.5177735617403547	0.24641202421729316
0.23724576813915677	0.5199430826281093	0.24281114923273409
0.2347308478030185	0.519117925918097	0.24615122627888458
0.2346864429624422	0.5224394293696144	0.24287412766794353
0.24150467712697232	0.5299520388268064	0.22854328404622137
0.2392170961725928	0.5247971220321951	0.23598578179521223
0.2336547091173104	0.5183923154854377	0.24795297539725195
0.23456762646644896	0.5320805169648317	0.23335185656871943
0.23781081349633287	0.529321084514489	0.2328681019891783
0.22910564998960148	0.5218408135247199	0.2490535364856788
0.23501921549409344	0.535389384640113	0.22959139986579366
0.2360793754667736	0.5212428810298326	0.24267774350339383
0.2396139223670829	0.5242338649669871	0.23615221266593003
0.22809255167556394	0.5359588396887448	0.2359486086356914
0.23359617811654088	0.5179552796897835	0.24844854219367568
0.23261528863088826	0.5181462868770236	0.24923842449208833
0.2322185054009524	0.5166681925372179	0.2511133020618298
0.24096593473747213	0.518182081647002	0.24085198361552607
0.24028831363197056	0.5260493654478031	0.23366232092022643
0.23966855447610277	0.5167221386351541	0.24360930688874322
0.24129878175848463	0.5296557938073452	0.22904542443417036
0.2392952177607402	0.5183585240842701	0.24234625815498984
0.24415782044690565	0.5190940190010501	0.23674816055204434
0.234638104454022	0.5287057080838873	0.23665618746209088
0.23176037000215505	0.5303117802691641	0.23792784972868092
0.23968544996909605	0.5213458565342052	0.23896869349669886
0.2285410197833531	0.5246753715885717	0.24678360862807536
0.23251805590631305	0.5278686798429446	0.23961326425074247
0.24042526268602052	0.5162401137859585	0.24333462352802104
0.2287617244787165	0.5345846963662214	0.23665357915506213
0.23511166741059641	0.5198545643138879	0.24503376827551585
0.23587886945995173	0.5252841864448682	0.2388369440951802
0.2438692020792136	0.5210662271906239	0.23506457073016257
0.22800879326024073	0.5297539154301794	0.24223729130958008
0.22801875280874725	0.530408243365734	0.2415730038255189
0.23153215767763508	0.5281996640686022	0.24026817825376287
0.2329709692590855	0.5210300317153636	0.2459989990255511
0.23595994902028616	0.5256111336125076	0.23842891736720645
0.23969957320555058	0.5313631091921684	0.2289373176022811
0.22902541098553628	0.5229280729205993	0.24804651609386455
0.23914276439515897	0.5216623266941798	0.2391949089106614
0.24080438952238659	0.5216248077099587	0.2375708027676548
0.23653771470511387	0.5227881297785857	0.2406741555163006
0.23677170139095277	0.5241919932984859	0.23903630531056153
0.2284182500286483	0.5262300119783043	0.24535173799304744
0.23276177970378825	0.5219532996560505	0.24528492064016136
0.23014998625419797	0.5326828070798544	0.23716720666594782
0.23887434110929182	0.5300924783423795	0.23103318054832883
0.2360399603910752	0.5195409723522543	0.24441906725667065
0.23547688124149088	0.5267826752399184	0.2377404435185908
0.24306769846321763	0.5220361042386811	0.23489619729810138
0.24353907660586044	0.5169789381714515	0.2394819852226882
0.23334188616680263	0.533653566582556	0.2330045472506415
0.2444329528241398	0.5210628871438034	0.23450416003205693
0.23566076212182546	0.5352933194048567	0.22904591847331798
0.23661263260179832	0.5252858668066522	0.2381015005915495
0.23309133237501845	0.5273425451144647	0.23956612251051707
0.23577826048632144	0.535316104771141	0.22890563474253772
0.23522752128561714	0.5203374188578934	0.24443505985648956
0.24115508004135175	0.5301993345564553	0.22864558540219312
0.23457488226879186	0.5355957263111232	0.2298293914200851
0.23689437593510707	0.5277892395611574	0.23531638450373557
0.23110417156650276	0.5307367895071056	0.23815903892639173
0.2405182066866357	0.5266253784587004	0.23285641485466402
0.23627024916125647	0.5182360496808216	0.2454937011579221
0.230493589302182	0.5239439334414678	0.2455624772563503
0.24519489791481858	0.5242462433145899	0.2305588587705916
0.2453685425855952	0.5171777939693931	0.2374536634450117
0.23226262323470737	0.5214774574715533	0.2462599192937395
0.23782803151893317	0.5215524102526369	0.24061955822843006
0.23515739911508707	0.5311944588891679	0.23364814199574507
0.235853075573089	0.5226885402903132	0.24145838413659798
0.23947947029539113	0.5313268779521707	0.22919365175243833
0.229975991618265	0.5206131969342578	0.24941081144747737
0.2291583187710276	0.5345429069111517	0.23629877431782081
0.2356641397846188	0.5294312489171312	0.23490461129825013
0.23644978731773095	0.5222746981099783	0.24127551457229088
0.23277733113490398	0.5360609765068194	0.23116169235827674
0.23067519623150923	0.5339604036775649	0.23536440009092596
0.23385137740410436	0.5349751989952386	0.23117342360065715
0.2378099390490735	0.5180809109772098	0.24410914997371685
0.24414688281951272	0.515501533610144	0.24035158357034347
0.23710953346568098	0.5212320800480256	0.24165838648629354
0.23495060180111466	0.5183129205117031	0.24673647768718232
0.23867025406303613	0.5178871352290428	0.2434426107079211
0.22893791121757895	0.5231562200986317	0.24790586868378947
0.23534674467009226	0.532193598364347	0.2324596569655609
0.23897374120267165	0.5186595889887486	0.24236666980857988
0.24365396258031155	0.5243551627907044	0.2319908746289842
0.23313121215765725	0.5197250811882149	0.24714370665412796
0.24411172047706067	0.5238883358089421	0.2319999437139973
0.2295031800117449	0.5301785357601927	0.24031828422806256
0.23238215512067306	0.5175273084812481	0.25009053639807893
0.2362689185119356	0.5205472045611106	0.24318387692695398
0.2322261832937367	0.5337142690218484	0.23405954768441498
0.24422547842748704	0.5201506497395899	0.23562387183292313
0.24109291365008972	0.5183005765619383	0.2406065097879721
0.23290995406754555	0.5239596103029792	0.24313043562947534
0.24104774937571882	0.5289171031510296	0.23003514747325166
0.24274420406382702	0.5162308315509359	0.24102496438523718
0.23917514904860326	0.5311588499007112	0.22966600105068571
0.23207173733076142	0.5184043421047833	0.24952392056445544
0.2354074142454725	0.5355092326474717	0.2290833531070559
0.24361407613639852	0.5272792507803612	0.22910667308324043
0.23782510485591582	0.5232439500083483	0.23893094513573593
0.24221089398186912	0.5178686382603492	0.2399204677577818
0.2416868470275249	0.5202480758579932	0.238065077114482
0.23870180537509145	0.518547890845898	0.2427503037790107
0.23497515211705988	0.5187900949507539	0.24623475293218636
0.23333413654055007	0.5265278473692818	0.24013801609016822
0.235609576322872	0.5272618521817998	0.2371285714953284
0.23498003236851844	0.5322899250394697	0.23273004259201197
0.23539026342045927	0.5256426498258439	0.23896708675369702
0.23789923849027078	0.5250818073286114	0.2370189541811179
0.23495048452599415	0.5210326899031574	0.24401682557084847
0.23968744182873944	0.5255230561369997	0.23478950203426108
0.23213922714299182	0.5187354815301649	0.24912529132684338
0.23101055679160387	0.5262831277467912	0.2427063154616051
0.2313760494081013	0.5336851838007115	0.23493876679118725
0.2377207123432415	0.526742319973845	0.2355369676829136
0.24121605803748608	0.5242629020073211	0.23452103995519294
0.23729064375711237	0.5267689825197441	0.23594037372314364
0.2406403920479749	0.5157402274471844	0.24361938050484078
0.22906597982076005	0.5268052209557734	0.24412879922346667
0.23252197952364131	0.5202836940674997	0.24719432640885908
0.24108038661685494	0.5204811389216281	0.2384384744615171
0.23787259184987472	0.5301246168120739	0.23200279133805146
0.2364725752853335	0.522442519872121	0.24108490484254563
0.2388734560524885	0.5304082404574507	0.23071830349006092
0.23049844349141793	0.527310667835583	0.24219088867299912
0.2371613117581088	0.5222480140871586	0.24059067415473276
0.23840440433442567	0.529948551917858	0.2316470437477165
0.2355665674490373	0.5356956137844947	0.2287378187664681
0.23601848696504285	0.5158180595642096	0.24816345347074767
0.22910193513257823	0.5228990139429759	0.24799905092444594
0.23852046516710848	0.5315838166372366	0.229895718195655
0.24453919712828903	0.5200168979531854	0.2354439049185257
0.23835273413743918	0.531894676211032	0.22975258965152887
0.23864626041213727	0.5290436366253695	0.2323101029624934
0.23929543098722486	0.5179015984036398	0.24280297060913547
0.23532107482215192	0.5193505778689007	0.24532834730894754
0.23154664175544287	0.5186076372381272	0.24984572100643
0.24440041956812913	0.5233047391780137	0.23229484125385738
0.244202638886915	0.5256887298949302	0.23010863121815484
0.23691684430720844	0.5156067413272774	0.24747641436551437
0.2372400669316267	0.5320096741758287	0.2307502588925447
0.2305016111290025	0.5300392554447866	0.23945913342621106
0.24059910254268296	0.5244525554478147	0.23494834200950251
0.24164034281026003	0.5224980699908384	0.23586158719890166
0.23661145534686245	0.5191645180426907	0.24422402661044704
0.23903751434357973	0.5315905522022313	0.2293719334541891
0.23391123543888379	0.5331015616953636	0.23298720286575278
0.2337530178966405	0.5155173754189457	0.25072960668441385
0.23091364833999467	0.5210891193638411	0.24799723229616444
0.2321191337591309	0.5167309039282423	0.25114996231262693
0.232812710718653	0.5158583980061383	0.2513288912752088
0.23367119124806762	0.5301072846966527	0.2362215240552798
0.24058385285700087	0.5272527537570608	0.2321633933859384
0.23161431423525483	0.5257706531738049	0.24261503259094044
0.2331423902576705	0.5160753618109607	0.25078224793136894
0.24339998418267844	0.5170024751922707	0.23959754062505098
0.2406903467264372	0.525006910685585	0.23430274258797784
0.24480420641094078	0.5259325143781739	0.22926327921088543
0.23284005242455186	0.5206023408364753	0.24655760673897298
0.24246662692624696	0.5274072622234882	0.23012611085026494
0.2361839769266673	0.5280477652906804	0.2357682577826524
0.23413834880177642	0.5188400404302852	0.2470216107679385
0.2402819626067062	0.5198712291341521	0.23984680825914187
0.228055699205546	0.5259301646380214	0.24601413615643267
0.2297759860819885	0.5245986546736324	0.24562535924437917
0.23998955546824477	0.5190069746587213	0.24100346987303412
0.23688272396719148	0.533389762818097	0.2297275132147116
0.23072480797742262	0.5286120975743969	0.24066309444818068
0.22882055025587988	0.5339100285065324	0.23726942123758793
0.2437299205396739	0.5279054012707738	0.22836467818955247
0.2407315700052882	0.5228254303413638	0.23644299965334814
0.22933128731673508	0.5223490013350589	0.24831971134820613
0.2381251779248987	0.5205483894097834	0.24132643266531797
0.23332881410310072	0.5212645781474567	0.24540660774944267
0.24042963449554722	0.5202302414002398	0.23934012410421315
0.23320788154592742	0.5233644418786154	0.24342767657545733
0.23715215433824935	0.5301178457839812	0.23272999987776943
0.23548634535618365	0.5210417688917922	0.24347188575202428
0.23320243511957806	0.5244584718551788	0.2423390930252433
0.2368664800320537	0.5155260572418815	0.24760746272606493
0.2334312989121153	0.5199244164966076	0.24664428459127724
0.22941000050748636	0.5314222379000737	0.23916776159244008
0.23137693847463986	0.5278582182336717	0.2407648432916885
0.23027074498872965	0.5348647199630632	0.2348645350482073
0.24352766091574574	0.5164120148091471	0.2400603242751073
0.23307618957420803	0.5337296749894389	0.23319413543635314
0.23318143517336493	0.5343462249800562	0.23247233984657895
0.24459133859931315	0.5208497234848942	0.23455893791579274
0.23129001950814743	0.5222747001949108	0.24643528029694178
0.23477169024073363	0.5181905872068087	0.24703772255245787
0.24327634693688316	0.5236170341369182	0.23310661892619872
0.22856261931373698	0.5220142945485866	0.2494230861376765
0.23949821306113586	0.5211135063135373	0.23938828062532705
0.240291717830592	0.5246956309474051	0.235012651222003
0.23356184390772658	0.5238654986733806	0.2425726574188929
0.23980175415973803	0.5264459069473778	0.23375233889288424
0.23497479986872663	0.5324615884876653	0.2325636116436081
0.23450868026698063	0.5157267108093773	0.24976460892364216
0.2302689743614978	0.5360920419916033	0.23363898364689908
0.2446208167767727	0.5216652946051907	0.23371388861803674
0.23895967132884505	0.5218112184819306	0.2392291101892245
0.23851133546104142	0.5319208341723576	0.22956783036660114
0.22980624609515385	0.5247175750340571	0.24547617887078915
0.2377287978887962	0.5206266837221363	0.24164451838906761
0.23912287481300062	0.5268209423296466	0.2340561828573529
0.24013172565261498	0.5310364645434983	0.22883180980388687
0.2334651526186936	0.5313485502774868	0.23518629710381972
0.23895264322504778	0.524216181540549	0.23683117523440328
0.2391049538112912	0.5218912236841089	0.2390038225046
0.23718172053845288	0.5200215032835593	0.2427967761779879
0.22833940982219403	0.5266705867091355	0.24499000346867061
0.23844456768077726	0.531146980650562	0.23040845166866092
0.23016583141626698	0.5189384351681454	0.25089573341558774
0.2285132939738108	0.5204684752061121	0.2510182308200773
0.23407391716985004	0.5309088257746262	0.23501725705552393
0.23162138494964607	0.5269211092595609	0.24145750579079317
0.24307938615620164	0.5244145839643588	0.23250602987943972
0.23959330838538018	0.5245281080801919	0.23587858353442803
0.22993306832586896	0.5359851094935147	0.23408182218061646
0.22873920238906756	0.5346887935569058	0.2365720040540268
0.23855395788588446	0.5285953232481213	0.23285071886599443
0.23223716303066722	0.5337036672938202	0.2340591696755126
0.23605510420184556	0.5301515767093388	0.23379331908881584
0.23014330342311048	0.535839828041617	0.2340168685352726
0.23282994427434145	0.5172427685614438	0.24992728716421492
0.2422686558825679	0.5249979557471182	0.23273338837031407
0.23498024779087073	0.525918621622373	0.2391011305867564
0.24150666853060687	0.5166111728905004	0.2418821585788928
0.23862240228920661	0.5179037837197272	0.24347381399106627
0.24057121011045815	0.5290698304570787	0.2303589594324632
0.2366512992781832	0.5323578478764642	0.23099085284535265
0.24214755501777357	0.5205891604839777	0.23726328449824885
0.23655567271521022	0.5302029083473073	0.23324141893748263
0.24455678200283346	0.5242534936297755	0.23118972436739121
0.24418568774435212	0.5201079482555466	0.23570636400010136
0.23840739480386378	0.5199647413971505	0.2416278637989858
0.23661023427879438	0.528846743016157	0.2345430227050487
0.22802850750870607	0.5353970484866976	0.23657444400459648
0.23147809576128972	0.5299382619431421	0.23858364229556822
0.2307675590875301	0.5336877151948514	0.23554472571761867
0.23342044785881197	0.5286140167436175	0.23796553539757068
0.2368487590746563	0.5341658814376044	0.22898535948773943
0.22963479677322413	0.5191432433747091	0.25122195985206697
0.23778360654495972	0.5305659159283254	0.23165047752671497
0.23720052836359642	0.5287122556819	0.23408721595450382
0.22959969417263215	0.5307382921504071	0.23966201367696083
0.2361232019977039	0.526179957055765	0.23769684094653126
0.23013598000539714	0.5317483912774004	0.23811562871720268
0.23431315418043974	0.5292592945411234	0.23642755127843695
0.2317531473708706	0.5178176878998464	0.25042916472928317
0.23644698983144208	0.5266793251853606	0.23687368498319739
0.23750017110355437	0.5193389197433413	0.24316090915310437
0.24453120913797496	0.5257660490682039	0.2297027417938212
0.2365506018806819	0.5166268870023656	0.24682251111695258
0.23502870745225246	0.5354844762073794	0.22948681634036822
0.22934771341168886	0.536395407468989	0.23425687911932222
0.23711209717608206	0.5334834775122552	0.2294044253116628
0.24399988689409643	0.5216762699924533	0.23432384311345034
0.23985485505947662	0.5268641334684349	0.23328101147208863
0.23857830877080133	0.5296042036699833	0.23181748755921552
0.23643429785739242	0.5231823431338684	0.24038335900873936
0.23234543649594108	0.5314557723363869	0.23619879116767223
0.2400027550599303	0.517467282006043	0.24252996293402684
0.23672651635974504	0.5283629588612404	0.2349105247790147
0.23609580452203113	0.5338213108383114	0.23008288463965756
0.24251596566940486	0.5260897996911074	0.23139423463948786
0.23428547954413964	0.5349798409952101	0.2307346794606504
0.24027205367314244	0.5205710090268783	0.2391569372999794
0.2332773418625434	0.5336254977897021	0.23309716034775457
0.23229335718998811	0.5360929362195453	0.2316137065904666
0.23076249010425717	0.5346146783897643	0.2346228315059786
0.24499331061588378	0.5227102822463752	0.23229640713774108
0.2314209910331404	0.5233212844443055	0.24525772452255426
0.22996618538966718	0.524112888889375	0.24592092572095792
0.23265308651091732	0.519486506981872	0.24786040650721078
0.2407928403109605	0.529145006868359	0.2300621528206806
0.22938130096646062	0.5232986559193192	0.2473200431142203
0.2293260759789641	0.5311740153858933	0.23949990863514273
0.23366529743133996	0.5218546020050824	0.24448010056357777
0.22963873082300246	0.5301501053205465	0.24021116385645114
0.22861365732733951	0.5326396396448423	0.23874670302781828
0.23674916861206097	0.5197952416802912	0.2434555897076479
0.23088964381243804	0.5202437899484926	0.2488665662390694
0.23838654521695865	0.5313667537221909	0.23024670106085066
0.23292537075029457	0.5266279000917836	0.24044672915792195
0.23979826205541963	0.5287197691061324	0.23148196883844807
0.23768303962026627	0.5303880367248277	0.23192892365490617
0.245217059941722	0.526242164478889	0.22854077557938912
0.24494727011137363	0.5252507947333455	0.229801935155281
0.24532725850408235	0.5174699485119127	0.23720279298400498
0.2389417859893196	0.530542065831559	0.2305161481791215
0.22908365914058293	0.5209997933507692	0.249916547508648
0.2337118537596019	0.5227439857813516	0.24354416045904656
0.22937481904751364	0.5327125850774871	0.2379125958749994
0.22851225615951448	0.5314703130163717	0.24001743082411392
0.23126579583737725	0.5180468491194374	0.25068735504318546
0.23123084078384357	0.5317195183772907	0.2370496408388658
0.23380944821876262	0.5337980449585794	0.23239250682265808
0.24154285764137257	0.5236460496830502	0.23481109267557743
0.23738042417547411	0.5224412170536386	0.24017835877088753
0.23010343886881596	0.5356357663568219	0.23426079477436232
0.2410329604012447	0.5175546913485615	0.24141234825019395
0.22895211015409062	0.5201952609385312	0.25085262890737836
0.2353416544388058	0.5183073507297207	0.24635099483147363
0.23511610368063696	0.5353763811252447	0.22950751519411852
0.24179520801666962	0.5229342299979614	0.23527056198536922
0.2312388233526922	0.5317404141192608	0.23702076252804724
0.2392789027218962	0.5205728752089609	0.24014822206914294
0.23753506413519349	0.5166105124552054	0.2458544234096012
0.23024860838245287	0.5196588746246585	0.2500925169928887
0.2420523480561486	0.5184356288246734	0.23951202311917802
0.22942644167533538	0.5215367132746029	0.24903684505006182
0.24194682909920517	0.5157554214939767	0.24229774940681825
0.23812069764234653	0.5233423421894839	0.23853696016816964
0.22798918812783497	0.5213255226784449	0.25068528919372024
0.23887525903715576	0.5157356622375757	0.24538907872526863
0.23052279753369298	0.5181556208520929	0.25132158161421425
0.2418036701957951	0.5293727704355882	0.22882355936861679
0.23683294640059654	0.5188421310010447	0.24432492259835883
0.23656259183959566	0.5268003024927164	0.2366371056676881
0.2325556050198317	0.5340210870931811	0.23342330788698734
0.22846509727684677	0.5332368857263519	0.23829801699680153
0.24007612315812704	0.5289695548601439	0.23095432198172924
0.23454659624190755	0.5191742621401506	0.24627914161794198
0.24187080178434492	0.5244611794707915	0.23366801874486365
0.23950307552194397	0.5199829945569783	0.24051392992107784
0.2306646720790672	0.5183934608607839	0.2509418670601491
0.2326228985311878	0.5257560680473004	0.241621033421512
0.23990650521676435	0.5310838298882911	0.22900966489494465
0.22939559648545804	0.5333808666479749	0.23722353686656714
0.2369426866709354	0.52746930441013	0.23558800891893475
0.23125553167424545	0.5296558155101844	0.23908865281557035
0.23513406785527413	0.5245345192581704	0.24033141288655563
0.22976738700355115	0.5284136843885394	0.24181892860790954
0.24344774071584144	0.518832870776198	0.2377193885079607
0.24062115229363235	0.5242652860496073	0.23511356165676037
0.22835211780507184	0.531662944756168	0.2399849374387603
0.23460164143296597	0.5281824646306256	0.23721589393640857
0.22886829160938382	0.522121723113748	0.24900998527686824
0.23629249182211548	0.5273188361234362	0.23638867205444844
0.2438977233935142	0.5238652902395455	0.23223698636694035
0.2378293662219682	0.5330622554730755	0.22910837830495634
0.2297221906413176	0.5222364018174076	0.2480414075412749
0.23635303179689776	0.5174947971711596	0.2461521710319427
0.2378434198745195	0.525855499830182	0.23630108029529862
0.23907418010699089	0.5315151620236196	0.22941065786938958
0.24471907033684437	0.5160635180739039	0.23921741158925178
0.23699974781958158	0.533194005707246	0.22980624647317258
0.23845869456577276	0.5155189843863126	0.24602232104791474
0.2406280262518004	0.528925362941135	0.23044661080706472
0.23754440124541235	0.5262731077177539	0.23618249103683386
0.23184886127693272	0.5331133013287345	0.23503783739433295
0.2289547873028223	0.5340038111324571	0.2370414015647207
0.22870464079922936	0.5204896660317502	0.2508056931690205
0.2365646654159595	0.5197366916195796	0.243698642964461
0.23370474311328615	0.5208768964575905	0.24541836042912352
0.2442957949890757	0.5232359133692749	0.2324682916416495
0.2339629052053105	0.5223374437350762	0.24369965105961344
0.23179248904522248	0.5257599701083031	0.24244754084647457
0.2404116787251521	0.5301902098899537	0.2293981113848943
0.229142603337752	0.5256884134037293	0.2451689832585188
0.23878115395746766	0.5175870677144206	0.2436317783281118
0.23692620478742848	0.5233012884611494	0.23977250675142225
0.22942042152662437	0.520756040622959	0.24982353785041678
0.2341027979243127	0.5250190143202155	0.24087818775547198
0.2308860104367513	0.5354442103565156	0.23366977920673326
0.23788980957277056	0.5268465781716208	0.23526361225560866
0.23094085679826762	0.532469968711295	0.23658917449043754
0.23196478946618676	0.5331676741770252	0.23486753635678823
0.24427931454904786	0.5172370916266601	0.23848359382429216
0.2327388151568902	0.5248596723683092	0.24240151247480068
0.23330097059402446	0.5173810344563058	0.24931799494966989
0.2299847490054786	0.5226738112316138	0.24734143976290762
0.24404072081982756	0.517810437431264	0.2381488417489086
0.23722605191072427	0.5174804846366914	0.24529346345258446
0.24468325819919118	0.5183820233057539	0.236934718495055
0.23135303369782056	0.5317555429980523	0.23689142330412727
0.2314916453343591	0.532314408783885	0.23619394588175596
0.23407607785345946	0.5276442438945047	0.23827967825203594
0.24045469305389242	0.5227590035048252	0.23678630344128257
0.24364035444415572	0.5163805173596826	0.2399791281961618
0.2321836314339364	0.5222029156276887	0.24561345293837503
0.2330611219329662	0.5204813690418946	0.2464575090251393
0.24420000420419524	0.5164698597265782	0.23933013606922665
0.2353308400439982	0.5207507618768005	0.24391839807920146
0.2366890468693602	0.5176199276216176	0.24569102550902228
0.23211490105766938	0.5302313305527853	0.23765376838954544
0.23980079845878927	0.5301737679339169	0.23002543360729394
0.23459213849124091	0.5286769268357012	0.23673093467305792
0.23339263242131378	0.520847934704416	0.24575943287427035
0.2403116010172472	0.527326801455684	0.23236159752706897
0.23616587010192014	0.531942191981494	0.23189193791658605
0.2361909790471684	0.5345494708663896	0.22925955008644208
0.23461366260529976	0.531896838882282	0.2334894985124183
0.24284827658546107	0.5198213769088589	0.2373303465056801
0.24554515161092005	0.5221653401144345	0.23228950827464556
0.23673165712314836	0.5168088040901776	0.24645953878667415
0.23767208138620724	0.522111979977853	0.24021593863593993
0.2403701018013809	0.5228024730519639	0.23682742514665528
0.23434487598527515	0.5339164946900128	0.2317386293247122
0.2327965758832107	0.5344718958678903	0.2327315282488991
0.23542300238144212	0.5330035726658868	0.23157342495267114
0.22881654831956083	0.5200114319923881	0.25117201968805125
0.22818213266760048	0.5209494026028905	0.25086846472950913
0.2284872311361904	0.5333869406663772	0.23812582819743258
0.24120506201959646	0.5248683168527724	0.2339266211276313
0.22877275247156698	0.5333776222677263	0.2378496252607068
0.2371046781953965	0.5238524463270806	0.23904287547752304
0.23586153847198657	0.526887294328827	0.2372511671991865
0.23647042035982208	0.5164492308204522	0.24708034881972574
0.23355599835865182	0.5254917763111172	0.24095222533023108
0.24200328308448707	0.5293664484023965	0.22863026851311652
0.23709301302935903	0.5271164544780416	0.2357905324925995
0.24509240190804266	0.515883442878823	0.23902415521313436
0.233950373350008	0.5298105113729491	0.23623911527704305
0.2297973510154411	0.5215278141576198	0.24867483482693914
0.23924129305081582	0.5288667731390571	0.23189193381012718
0.23751629808630675	0.5249073940671809	0.2375763078465125
0.23251737074017725	0.5249781125554468	0.24250451670437606
0.2356185080855922	0.5306397638472041	0.23374172806720378
0.23086743033077137	0.5315231536539707	0.23760941601525803
0.24014332274933362	0.5239007585728869	0.2359559186777796
0.23362673113921825	0.5353178755329571	0.2310553933278248
0.22977224723713946	0.5318410441161754	0.2383867086466853
0.2384407705205875	0.5186622540091473	0.2428969754702653
0.23365040982893776	0.5253661737150088	0.24098341645605362
0.23237766266916593	0.5212779301700732	0.246344407160761
0.23877256768711144	0.5223461800477462	0.23888125226514242
0.24351935011919046	0.5156958163301144	0.24078483355069524
0.2316090768134898	0.5295344844907699	0.23885643869574041
0.23903263245079348	0.5292961960648006	0.23167117148440608
0.2440009697977404	0.5185321414632758	0.23746688873898403
0.2329671591332097	0.5212222153146586	0.24581062555213176
0.23182147730412606	0.5315272687816684	0.2366512539142056
0.2409442037084547	0.5245442701588471	0.2345115261326983
0.22874795839091527	0.5311926940144257	0.24005934759465913
0.23289978014471416	0.5296140281784789	0.23748619167680704
0.2454224238823835	0.5193790886024412	0.23519848751517536
0.23829361886622624	0.5202291178298952	0.2414772633038786
0.24019510356740384	0.5228402742336383	0.23696462219895797
0.22870373510322378	0.527781799571476	0.24351446532530033
0.24536453656802862	0.5236256555807572	0.23100980785121428
0.23100580329289971	0.5245469482180738	0.24444724848902658
0.23360135253653738	0.5287141333531107	0.23768451411035207
0.23447333567337367	0.5200145849650393	0.24551207936158723
0.23829369910812384	0.5277563364342563	0.23394996445761992
0.24490040944393293	0.5194364837500951	0.23566310680597202
0.23337147751788026	0.5302537218247229	0.23637480065739702
0.23436314308214876	0.5274152622448711	0.23822159467298024
0.23213354544991216	0.527772800965248	0.24009365358483992
0.2287434557700873	0.5350421435286177	0.23621440070129515
0.2413285256203062	0.5297575930235605	0.22891388135613336
0.2402447399331464	0.5297711561375652	0.22998410392928853
0.24201352073108068	0.5237212835630953	0.2342651957058241
0.23584274328201515	0.5325276807835307	0.23162957593445424
0.23804743308536636	0.517324838355365	0.2446277285592687
0.23189186331307177	0.5174133608933871	0.25069477579354127
0.23184798372720325	0.5336940836105111	0.23445793266228587
0.240204095081534	0.522612438933851	0.23718346598461512
0.2330400537430259	0.5262801786513567	0.24067976760561757
0.2379101657616737	0.5282114130533622	0.23387842118496432
0.23018411011426887	0.5227685696308246	0.24704732025490658
0.2371545415135018	0.5164804230761372	0.24636503541036123
0.23320831188261454	0.5238403598980669	0.2429513282193187
0.23296663146151061	0.5327336399237487	0.23429972861474083
0.23865206035809633	0.5168595731870044	0.24448836645489938
0.23421504770855556	0.5226920967436037	0.24309285554784082
0.24253490290054108	0.5275103096415201	0.2299547874579389
0.23291941950147113	0.5322124083677512	0.2348681721307778
0.23124734299260116	0.5187692333917613	0.24998342361563772
0.2433117537655784	0.5241919294137288	0.23249631682069288
0.2415463973097026	0.5294109183061378	0.22904268438415967
0.23662832999863245	0.5176386396634161	0.24573303033795157
0.23150016172048138	0.5341460788964092	0.23435375938310948
0.24190037784180207	0.5199460142087651	0.23815360794943294
0.23142546659856816	0.5176903339618582	0.2508841994395738
0.23910144777818404	0.53194980959905	0.2289487426227661
0.2300892275183104	0.5349596610673147	0.23495111141437497
0.22984054518053026	0.521918309260589	0.24824114555888085
0.23146321151182053	0.5172710622991976	0.2512657261889819
0.22885039646934419	0.5281138916164443	0.24303571191421164
0.23640637010970436	0.5219124764154202	0.24168115347487565
0.23202228317441764	0.5212707693732429	0.24670694745233956
0.24234989011981764	0.5281717221649437	0.2294783877152388
0.23007296170207847	0.5273075455566769	0.24261949274124478
0.228586661843194	0.5326894073630217	0.23872393079378446
0.2451058171139694	0.5219362757832804	0.23295790710275044
0.2435794637477958	0.5228846483286923	0.233535887923512
0.2363694956878142	0.5344576717385146	0.22917283257367135
0.24177565248072347	0.5195186199352196	0.23870572758405695
0.23033347361651108	0.5334289483216238	0.2362375780618652
0.23202056401518475	0.5304421794513912	0.23753725653342425
0.2322604328897092	0.53147775376176	0.2362618133485309
0.2353584291140869	0.5282363403173203	0.23640523056859297
0.23947574315336956	0.5166021912463722	0.24392206560025842
0.23123792560787826	0.5263587591274611	0.24240331526466075
0.23181411698673451	0.5284544891235889	0.23973139388967668
0.23108319044447348	0.5192111662556433	0.24970564329988332
0.23069361302706357	0.528156542058116	0.2411498449148206
0.23609427372303998	0.5301259288727473	0.23377979740421284
0.24074465964872155	0.5256891952810919	0.23356614507018664
0.23864279028623372	0.52082344082418	0.24053376888958644
0.23539539446671212	0.5225801465340494	0.24202445899923852
0.23054167398048517	0.5326719549907318	0.2367863710287831
0.23512926047561952	0.5296129168786787	0.23525782264570183
0.23570068000346986	0.5190040169717409	0.24529530302478927
0.23052735222279216	0.5224611865106261	0.2470114612665818
0.2390146558170138	0.5189938136259996	0.2419915305569867
0.243155867623094	0.5236247917613228	0.2332193406155833
0.23945276973629287	0.5248491540444128	0.23569807621929445
0.23257766360426654	0.5294632714440424	0.23795906495169125
0.2376494973448499	0.5218906040943445	0.24045989856080568
0.23458437950010552	0.5287570511040649	0.23665856939582966
0.23924855723708438	0.5167741546186362	0.24397728814427955
0.23561746321215332	0.5254553317263486	0.23892720506149817
0.23745877782340105	0.5253930070346639	0.23714821514193524
0.23084638834008317	0.5333784892213325	0.23577512243858453
0.22936987168287323	0.5198521586764888	0.25077796964063814
0.23103814627474817	0.5287369809340146	0.2402248727912375
0.23027950957535687	0.5289507098490926	0.24076978057555068
0.24054308112690814	0.5244280094994894	0.23502890937360255
0.22810434326020373	0.5301255750715528	0.24177008166824365
0.2298768183670096	0.5299622018542076	0.2401609797787829
0.2395114402392337	0.5313303710941102	0.22915818866665622
0.23169353170384607	0.533610018399941	0.23469644989621297
0.2350258255984507	0.526392700724122	0.23858147367742738
0.2289619860796024	0.5225939551749568	0.24844405874544093
0.23425711838291957	0.5314769809834665	0.23426590063361402
0.23024755976871714	0.5309098467060545	0.23884259352522846
0.24300055993558067	0.5174306673817111	0.23956877268270838
0.24143972140739045	0.5201541191151109	0.23840615947749885
0.22819456572641478	0.5259448226861367	0.24586061158744865
0.24121839801816505	0.5270571800509928	0.23172442193084225
0.235727058919733	0.522245707312844	0.24202723376742305
0.235858495826326	0.5312561779873377	0.23288532618633642
0.23817776267777996	0.5210203873507178	0.2408018499715024
0.2438719675025559	0.522777446182641	0.2333505863148032
0.23318555001543514	0.5323056678722045	0.23450878211236054
0.22824401285226514	0.5248839539955032	0.24687203315223175
0.22924061560922587	0.5318140091739848	0.2389453752167894
0.232567108222078	0.5233879128344493	0.24404497894347282
0.2430976786199678	0.5226836996157523	0.23421862176428002
0.22818994469314915	0.5217682986660963	0.2500417566407547
0.2391707513626024	0.5190167014641421	0.24181254717325557
0.23319294021462605	0.5202904089562961	0.24651665082907792
0.23256091633310533	0.5238556471324334	0.2435834365344615
0.2315684489372528	0.5360134943401325	0.23241805672261484
0.24263265937606807	0.528009696868841	0.22935764375509107
0.2298964357649807	0.5254420912744462	0.24466147296057317
0.22923604881890552	0.5327703862983165	0.2379935648827781
0.24279575737071243	0.5232117518334799	0.2339924907958078
0.23358986654068148	0.5181105041555496	0.2482996293037691
0.22853333979618373	0.5314092251219895	0.24005743508182684
0.23823310095599698	0.5209136980562843	0.24085320098771887
0.2352893251807677	0.530553551866495	0.23415712295273736
0.24441013672225098	0.5182675129332477	0.2373223503445015
0.23240262372971254	0.5256387914545395	0.24195858481574806
0.22905877350705456	0.5303537557580357	0.24058747073490988
0.2445054667881567	0.5209152452320034	0.23457928797984
0.23574934254514446	0.5198893605935335	0.24436129686132207
0.23235767127732448	0.5338967978055593	0.23374553091711636
0.239604449635661	0.5250511894859589	0.23534436087838026
0.24092796021111346	0.5217462065703055	0.23732583321858114
0.23441585146627064	0.5186162295943074	0.24696791893942205
