0.11221681972384664	0.04075142088457146	0.0820833107136218	0.12527951825417125	0.04742627461035428	0.2538175401541554	0.05273675324360186	0.029044753866808867	0.004465517567230154	0.25217809098163824
0.10744706102342966	0.03838763916711044	0.08416309681042852	0.1318035120429203	0.05135013154092756	0.25504950818942135	0.0509699152059372	0.027898030131752585	0.0041612432215862305	0.24876986266648615
0.11020055012621682	0.038389095745784654	0.08611770150241135	0.13245759769077942	0.0459742082346835	0.25371154402627166	0.05292368984261489	0.028585419336234832	0.0070975300014941844	0.24454266349350862
0.1099394773333359	0.03927601509516107	0.08695678391002987	0.12489756117720088	0.04606662437473098	0.25406991335863777	0.05222307870112165	0.02686731799517883	0.006948956341314219	0.2527542717132887
0.10954656906951542	0.039725321107812475	0.07903742773394903	0.12968611571056463	0.05137246240202843	0.2551853013970422	0.050966534072595694	0.031199151638556813	0.004361411336419083	0.24891970553151616
0.11012135710734386	0.03906742702308094	0.08229524310001937	0.12865101889178732	0.05105897882899246	0.2554344173358432	0.051803303727085366	0.0317559749268138	0.006723174379820007	0.24308910467921363
0.11282168049851438	0.036301438461607174	0.08766392367250933	0.12821545293869624	0.04919541502194277	0.2546124013007694	0.05226230526749856	0.030219252852310266	0.004743378601554507	0.24396475138459728
0.11161743699653193	0.037965829447780736	0.07990545647397017	0.1301323968564295	0.05089573217387783	0.2562700134636023	0.05138755248733696	0.02952618447347302	0.0042312954149930915	0.24806810221200443
0.1107925299683904	0.03564672766342955	0.07933368944897395	0.1340910472256058	0.0479343191230125	0.2555805200135473	0.05162475727410575	0.02773144843531572	0.005802766890517022	0.2514621939571019
0.11265931851748433	0.03624409212268462	0.08911130399072051	0.12938089998432328	0.0480173140740407	0.2549343415512124	0.05229062775036787	0.027049290022406677	0.0044595769887322695	0.24585323499802725
0.11117820693298869	0.035509044474326026	0.08184878566462289	0.13473366768138956	0.04904091082565137	0.25624331388157345	0.05123877521266124	0.02934769422483459	0.004337020296503416	0.2465225808054487
0.112532251500167	0.03837632058722836	0.08454438530925518	0.12727040627109926	0.04897939987172222	0.254851818015703	0.051373613192446245	0.02971283326827162	0.005719131634140326	0.24663984034996667
0.11063767400180147	0.03866789246482765	0.08216358240581889	0.13220686588603445	0.04962016984463482	0.255234205250768	0.05164687385876604	0.027346336249619546	0.006075892125071744	0.24640050791265738
0.10770458448267767	0.0356733831903477	0.08552031108825074	0.12719388119428562	0.050700239116652446	0.25645931595511	0.05228045052624951	0.02742776210446951	0.0043464835461429485	0.2526935887958138
0.1106023713768379	0.037313474241088995	0.08674601572613387	0.12489089783333354	0.04900502519984391	0.25337313869741984	0.05290781122967082	0.0295259487093147	0.004549376375895989	0.2510859406104604
0.10929084085472779	0.03561095113411304	0.07910907684473265	0.13404598385906846	0.046975140240840305	0.2552144230247217	0.052695945510742526	0.028611465147438037	0.0063328730571699104	0.2521133003264455
0.11229765154078346	0.033672489225586244	0.08318802253100029	0.13436234302907063	0.05030068312248879	0.2556334851745662	0.05279199774381572	0.028492368969892323	0.005343308919102896	0.2439176497436934
0.10992839236774954	0.038794758126491594	0.08716454428220195	0.1266104475423944	0.05033181763393779	0.2541519967886351	0.051317617993746914	0.03132457865714808	0.004528614981665943	0.24584723162602856
0.10838696090066594	0.03662350688366579	0.08568255269872908	0.12509595239429283	0.04917574663701207	0.2549204352618635	0.052468826269430356	0.030091345522436017	0.0065962310585734735	0.2509584423733309
0.11081505925501282	0.03592007003879273	0.08566838957787228	0.12847542662754097	0.047764796094245256	0.2533894338519692	0.05226652252122723	0.030917273072800247	0.0042248445332729034	0.2505581844272663
0.10973087436990511	0.03414536710011733	0.08418526476227475	0.13207686061421114	0.049957738047851	0.25642139835095223	0.05146637089683023	0.03068153959760328	0.004583191122941768	0.24675139513731315
0.10800019892716589	0.03892207708646727	0.08862176445809149	0.12436826561959512	0.04849513857871119	0.25612099257707394	0.05112472900015897	0.03166918292942546	0.0070263657688429265	0.2456512850544677
0.10930621821054168	0.04119818453090594	0.0848362777652774	0.1271615224498292	0.050033699076371035	0.25609615332206637	0.05176012864619131	0.027270844003006486	0.004557429434757634	0.2477795425610529
0.10777774293855913	0.039744667546701085	0.08210232150400945	0.12798322455441488	0.05026791746168072	0.2544207413204692	0.052540598083984084	0.028493972465185285	0.006322730649321234	0.2503460834756749
0.10908400664634442	0.038448599373500446	0.08519514015915815	0.13336923247948673	0.046396877075298514	0.2552153286921469	0.0518652969651451	0.030392062375605808	0.0058160346854678885	0.24421742154784598
0.1101071652272885	0.0395678571844491	0.08337590679829408	0.1305900327564225	0.048206077550972865	0.2542401061772533	0.05171736478047688	0.03028268836835145	0.003387707068789811	0.2485250940877014
0.11027054991317381	0.03737124972653637	0.08439475787765383	0.13232934281050804	0.049456082510715565	0.253858662932465	0.052363311271537046	0.027092691215542627	0.004716576065529041	0.24814677567633858
0.11020257718209936	0.033935468578462594	0.08533309649661659	0.13383740295566715	0.04607261345266159	0.25426823911568824	0.0513945222504022	0.027211714255626948	0.00615325882991434	0.25159110688286096
0.11152385256535058	0.03798682584836023	0.08900946483787782	0.12617141374308752	0.0478560772384993	0.2551638482022618	0.05088153378063308	0.028136218096214388	0.003814907932200323	0.24945585775551493
0.10765624747192148	0.03500587373473489	0.0858195514280895	0.13189915121834292	0.0480221572425475	0.2536741230378311	0.05217100771579013	0.028102890603888445	0.005523148217084814	0.2521258493297691
0.1123692429165242	0.03653971485060721	0.0805648585890207	0.13402485232096842	0.04897175653124666	0.25529611590348433	0.05160538158820678	0.02846197645170498	0.005491453394807083	0.2466746474534296
0.11015577254544881	0.03941858197815455	0.08385377641997988	0.12642931504352045	0.047296294191175356	0.25458580202614983	0.051518231286461755	0.03108627728730183	0.0035954006506329766	0.2520605485711745
0.10766239594715662	0.03663993738544628	0.08836308907386638	0.13437248019293319	0.05081260604343637	0.255286914129717	0.051076845691084595	0.026941813515052218	0.0045635610864538795	0.2442803569348534
0.11007565890369655	0.0352519025468766	0.08072844456675232	0.13270429724276123	0.05012527734544525	0.25361374880755405	0.052433933377176764	0.027164716318781867	0.006030793067089604	0.2518712278238657
0.11143125693011466	0.03762598501327364	0.07914580218660672	0.13398340555376137	0.04841826635649681	0.25422517613730067	0.05158020795404712	0.028054057612381528	0.0033976113338935188	0.2521382309221239
0.10785530346339202	0.03606674791719733	0.08653829942197978	0.1307805797679179	0.04676143891799106	0.2554366998755976	0.0513708353286903	0.029192418945198806	0.003223369279122118	0.252774307082913
0.10813017237052383	0.0343341567460638	0.0894724406106903	0.13426035673973213	0.047342870090002216	0.25377616778771916	0.051751168493732354	0.029167078269270758	0.006893166676437412	0.24487242221582795
0.11200495077865616	0.03554839963284821	0.09029508913548769	0.1237169666420708	0.04871578587391774	0.25353664408367804	0.05240758143040604	0.031341683133996615	0.004885001868256897	0.24754789742068173
0.11023357407794873	0.036018825428987405	0.08843025001686813	0.12922795086193722	0.050923974322965	0.25400097255157744	0.051857969681147476	0.03161298316992958	0.004997104804610339	0.24269639508402857
0.10759861580829262	0.04018617583610203	0.08221988326943581	0.1316720601467324	0.05068157206495435	0.2550426631775119	0.05141609533994981	0.02838125381835263	0.0040898863283441445	0.2487117942103242
0.11251035479613629	0.035323722871161686	0.08288818909420442	0.1281054221921299	0.04690879872430628	0.25390029705226425	0.052269149072199685	0.030103136506718628	0.007017607104134474	0.2509733225867443
0.10850205260263562	0.04035699651802024	0.08277159055066952	0.12781698640621628	0.049310816902749	0.25636513169636305	0.051549538104155586	0.02982407513318687	0.005354387861141882	0.24814842422486183
0.10796305015449666	0.0405937294494864	0.08053077517784872	0.13199332199784647	0.05019225728192257	0.2540734753154959	0.05288764913239913	0.02777122125289952	0.003794754853244653	0.2501997653843599
0.1094092690310846	0.03747436889388854	0.08681101434525268	0.13053729041171427	0.047549244351118305	0.25343987018760966	0.052872387931467944	0.03233921755936543	0.006592811337370261	0.24297452595112817
0.11002628031119101	0.03467871172528629	0.08612147969847218	0.13089474682658836	0.04760700586143642	0.2564474705612972	0.051872412574597127	0.029482199139753723	0.0061338900837316634	0.24673580321764593
0.10748933851114617	0.038338785349042226	0.08599170375426461	0.1256815020070664	0.05117859239861758	0.2550711212126543	0.05128144226749215	0.027743367057436005	0.006704670263582069	0.25051947717869844
0.10898736252993255	0.04001743678226381	0.08636316538478067	0.12673545762273475	0.050653073715522925	0.2559994085829351	0.05249004247488681	0.027979829637917467	0.004511239518727353	0.24626298375029854
0.1102198602980286	0.04039034094967871	0.08164820832410195	0.1263945329208036	0.04988427058668887	0.2547487005278789	0.05266916770825626	0.029220839925596417	0.004539896597030274	0.2502841821619363
0.1119535042757153	0.03695231456773905	0.08354283070992281	0.12297873320846983	0.051376106959025954	0.2543199182534458	0.05206225917502714	0.02726895512425946	0.006676180063438189	0.25286919766295635
0.10858641113157777	0.041252172447132786	0.08307241704077893	0.12546245376105863	0.050773771483856395	0.2561689474118044	0.05200495563229806	0.03042064322637933	0.003251509228934135	0.2490067186361795
0.10845010251431865	0.03622750992226967	0.08795721428032627	0.13327362845337795	0.0458405294455051	0.25549820112584853	0.05094867357916698	0.032303228259870656	0.004501036648348958	0.24499987577096716
0.10931702182885342	0.03834945614656507	0.08108996334698883	0.13184557459419877	0.04809492199632695	0.25473875690429654	0.05264165046540456	0.03060081152380352	0.004238510848290605	0.24908333234527164
0.1113448162448408	0.03418229852388209	0.08866494987029463	0.12451436849207778	0.0484700518919893	0.25410532254724527	0.0514662327516749	0.03151679004639424	0.00691614179013704	0.24881902784146392
0.10757289536568215	0.03872819311161051	0.07930770299440046	0.13439868391353968	0.049328149401801524	0.2542380746050259	0.051580890181567904	0.03027951712273716	0.00549392961863833	0.2490719636849963
0.10751312982122037	0.03477162450460709	0.0864314475394315	0.13410477933052894	0.047700772027110934	0.25337927885239575	0.05214542894656612	0.028185572252195534	0.006627679745808482	0.24914028698013518
0.1077348853718762	0.03545233721437242	0.08991747567816417	0.1276440944887142	0.05021975724737432	0.2561752040923957	0.05163094499177781	0.028954971639200716	0.006691307269892324	0.24557902200623216
0.11144319226525633	0.035210452945848236	0.08549842116496703	0.12913224670322904	0.04991327608313267	0.2563717084851276	0.05090771203932699	0.031961881321571115	0.006958761355387477	0.24260234763615346
0.11090325997335307	0.03939190943145898	0.08410005508288454	0.12844743842043896	0.04969467511997132	0.2560024438134569	0.05086787289653168	0.03068621633512171	0.004707325321984465	0.2451988036047983
0.11181305067568095	0.03462161464181715	0.08768853981934238	0.12330724293957963	0.047594966355207255	0.2550782231802106	0.050980758047317734	0.030669606065805946	0.005009928730648788	0.25323606954438943
0.11138162552106456	0.04008436457251452	0.0810016885153737	0.13200209513208913	0.05101544724706106	0.25449869857285096	0.051022207462436034	0.031470856616625964	0.004607393348739691	0.24291562301124425
0.1119080047552628	0.03750471765058696	0.08353655442241835	0.13020553705788418	0.050655432556751756	0.2535544456191365	0.052418668297195825	0.031097755878175218	0.006402149793610659	0.2427167339689777
0.11140246894192218	0.03759400432681995	0.07959531846143601	0.1333410234192066	0.051372565635001526	0.25615040741705375	0.05236771093841155	0.02786781837364699	0.0034982483469723075	0.24681043413952913
0.11172465819746266	0.040096910534990496	0.083535741774455	0.12753004044109512	0.04946769025515753	0.2558418830718297	0.05163779685143556	0.02871136013876459	0.0033173984483352154	0.24813652028647404
0.1104464483187742	0.03468364587500017	0.08672935008651986	0.13120042147208047	0.04582550310600648	0.25488204045601315	0.05182699747911601	0.03185039897699059	0.005625281229848719	0.24692991299965028
0.11023643050802177	0.035337157102944064	0.08975319162591747	0.13153689191060097	0.04776340567692712	0.25436626830260045	0.0511622574711067	0.031186701192422076	0.0036675832532876013	0.24499011295617168
0.11086818783897315	0.04047445028467948	0.07913991631037391	0.13095028573575332	0.04659244695491868	0.2540459804025506	0.05247836753268445	0.02752440874104535	0.0067805025752118026	0.2511454536238092
0.11243427343987493	0.03482152061159359	0.0889955227258431	0.12671924241497476	0.04855768589549851	0.25567106922114047	0.052138243740609075	0.02993437906522496	0.004132262238724885	0.24659580064651565
0.1093620691517967	0.03998729251510028	0.08283756265203251	0.1311962564365956	0.04792948805235956	0.2548768762484322	0.05163072872162076	0.0310471014230133	0.0056396717705159555	0.24549295302853308
0.10990840239473418	0.035602114756601466	0.07945010548442613	0.13107873506066223	0.050635080014067774	0.2564196640774467	0.05124330128441701	0.0323161849310353	0.005229363551162949	0.24811704844544624
0.10919392018883053	0.03819019664679758	0.08631815113082746	0.12560874528348803	0.04943096474540233	0.2555263475254703	0.0521507867134296	0.02939263082066225	0.004085860372969527	0.2501023965721223
0.11036725026517126	0.03679019265438346	0.0817880046237313	0.12885370380890676	0.0507518353726719	0.2559760147858292	0.05194810002825424	0.030812633103121934	0.00467810485677507	0.2480341605011548
0.11007556977832819	0.041182002954603274	0.08607037538817643	0.12943357900061614	0.04721711677120106	0.25516812922201393	0.0513379127210187	0.02872676427286422	0.0032431798906090298	0.24754537000056898
0.11173066111754534	0.038440171449261165	0.08863908947251364	0.12476244639860534	0.05092285884102415	0.25389021835107517	0.051807639388440956	0.028495515692615353	0.005254881247961696	0.24605651804095707
0.11030259350428212	0.037012810422333245	0.08204758387475232	0.1301994299881703	0.046474929700780536	0.25616977258504836	0.051395835005666794	0.031294789748218796	0.003697942722038647	0.25140431244870876
0.1125110599646574	0.03563570364374634	0.0806117794594507	0.12305407788204561	0.05095354946680998	0.25625761771510663	0.05278088978549689	0.030041599029604696	0.006380837972168693	0.251772885080913
0.10756082832225536	0.03507717039634296	0.08596154419919305	0.1335202456187958	0.04957324147474972	0.25418923083438144	0.05278780648477279	0.027955277101376935	0.005249393738233021	0.24812526182989886
0.11282526775521279	0.03422656453975122	0.08274370608391682	0.13389115363270337	0.04792580942333585	0.2547027922018687	0.05207715707002455	0.02785504245202544	0.0065152169066250015	0.2472372899345362
0.11196755100276667	0.035463723835385375	0.08621379494527912	0.12626332719759764	0.04922161205270081	0.2534295462946487	0.05129729979472917	0.03142967021831239	0.003658040581739491	0.25105543407684056
0.10990701982890486	0.03677506401444612	0.08668822864871789	0.13128144229341784	0.04857846076052767	0.25618829475536664	0.05123695516387315	0.03018991882795219	0.0038292138149780414	0.2453254018918155
0.11005184151125769	0.03547182613336444	0.08434558285267796	0.12954200899326007	0.04611478451915183	0.25402058661056737	0.051296584652605365	0.030451313885658887	0.005580176526667674	0.2531252943147887
0.11275751940445547	0.03590975071468351	0.08187403375458308	0.12951244956433144	0.04609056375619564	0.2535063607864698	0.05249958395609003	0.02837119869607195	0.006791147240376286	0.25268739212674274
0.11184307477660191	0.039533533411070444	0.08458483497371436	0.1292796369629501	0.04873379347929237	0.254774428940769	0.050889544264695136	0.03046105113849769	0.0053224133121855255	0.2445776887402234
0.11005192731796001	0.038266774316117594	0.08723969091255027	0.12734748900620999	0.04757482704242005	0.25355352416191307	0.05206691163202503	0.032313583360954926	0.003441387783883254	0.24814388446596575
0.11104847611134405	0.03860988267539709	0.0875245373201545	0.12640709129168903	0.05040079053847635	0.25544090549687565	0.05109308563579761	0.031781012221571925	0.004050513319163979	0.24364370538952979
0.11071244760988971	0.03557251753064114	0.08092632947903525	0.13211881168302886	0.047607067302843115	0.25646822068210345	0.051737976673046616	0.031806273970163085	0.0038889602141050222	0.24916139485514371
0.1100347356368992	0.040957352198330785	0.08829590996639691	0.1280853716265024	0.04819733530110968	0.25564298969106963	0.05204865008700147	0.027907004471547592	0.0048126235100392906	0.24401802751110296
0.112549423673927	0.03589734254669953	0.0838501574778996	0.12701478144794434	0.05117661669075685	0.2536242379829509	0.052931548675814	0.030707024053682905	0.004653305774141289	0.24759556167618346
0.11144060281520529	0.033960764534322285	0.08839878481020841	0.13283138284523274	0.05123135574166089	0.2539685047780342	0.051936463283331104	0.02785729396657753	0.005704305759798051	0.2426705414656295
0.10919251642353289	0.035309370348284075	0.08798026058306838	0.1262879666755423	0.051254584616211796	0.2539339797537941	0.05147709427625201	0.030887788876456934	0.006906354298709089	0.24677008414814833
0.10740608371202257	0.04082440100822455	0.08357136255952982	0.13376361695604586	0.0475938734984822	0.25519508832949817	0.05133497031958961	0.028514381752441906	0.006486375308269954	0.24530984655589522
0.10842549728453088	0.039251262220546056	0.08855217712607946	0.12885798551883826	0.048489141790252044	0.2537073399693308	0.0522209867061066	0.03147293734701202	0.006842912360350714	0.242179759676953
0.10942576997697201	0.039638078719696906	0.08151141359405759	0.1291575089710657	0.04955069215852775	0.25628047022247874	0.05202212615648062	0.03168814804458722	0.003092252255596978	0.2476335399005365
0.11032818104242748	0.03785829953445343	0.09029895873752612	0.12859616867029589	0.04902751856918163	0.2548083193426409	0.05148774045708712	0.029547904584690254	0.0035987099080571627	0.2444481991536399
0.1089559312109325	0.03524134321650538	0.08166317392002459	0.1318097148926019	0.04974887472287552	0.2566215170469284	0.05260251086408121	0.02726261110447635	0.006568376221149155	0.2495259468004249
0.1106144348976574	0.038714278921363726	0.08932106848236884	0.12454463821988318	0.047188108798410226	0.2535308204657268	0.05121063537886393	0.02843648123295775	0.00429443729839267	0.2521450963043755
0.10932498443338617	0.03998155248509712	0.08455504106153418	0.12543679776159977	0.04648189473397664	0.2555970181413854	0.0516242002940002	0.02991985858661031	0.005883137440320291	0.2511955150620899
0.10998753694878476	0.038194300417855945	0.08554839151756718	0.13346315595006886	0.04633159849484876	0.255244095302883	0.051105206725000324	0.03166981391698538	0.003793907042443284	0.2446619936835624
0.11080787671315463	0.04137038216664936	0.07914135268555361	0.12541711818587534	0.05121108771066384	0.25393165176621285	0.05247966543572128	0.029411584549148564	0.0037581989773997626	0.2524710818096207
0.11114153882637254	0.04029584546360974	0.08539549439412802	0.1291893093603434	0.04970604882706892	0.2545239190826735	0.05088352685435773	0.030593306850339688	0.004402983428827376	0.243868026912279
0.11022177365097235	0.04008797328440383	0.0798843060818727	0.1272491261515366	0.048664762049382894	0.25630684950874305	0.052856877171070994	0.03180165882490624	0.003257294814204642	0.24966937846290665
0.11214560714945268	0.03992833014128826	0.08195138896680235	0.1277086873614296	0.047359495977086566	0.2548657044287024	0.0509512698144879	0.03195552693162383	0.005412188228844594	0.24772180100028185
0.11051017662533286	0.03556028527728519	0.08797534075281568	0.12658919563570797	0.04914202977892094	0.2535048429142338	0.05253912521332223	0.027914752221806116	0.003905536346373223	0.2523587152342019
0.11043545462704278	0.03819868941725024	0.08760212746369182	0.12906204754925338	0.05007439571219305	0.2552394513682806	0.05261760357411249	0.026872790005625674	0.0036405111170460386	0.2462569291655039
0.11158731967464809	0.03759399088475383	0.07995240233880777	0.1306425043288424	0.04868188908156794	0.25625853014557304	0.05223111128794533	0.0279742767180287	0.0030652731121681293	0.2520127024276647
0.11019062044280886	0.040782443477019356	0.08394953729785859	0.1255742215458978	0.04737742128721173	0.2546794323981464	0.05115811645843582	0.027274158938510693	0.006376745107108367	0.25263730304700227
0.10903034348574286	0.03566696296182606	0.08926521194729314	0.12858045960387993	0.04796743891820817	0.2543091799826948	0.05147121777707999	0.03179382386819475	0.006489474729165293	0.24542588672591492
0.11185861629573288	0.038168277016874835	0.08235361049462994	0.12969411193499414	0.047202138143211676	0.25529334320292196	0.052559625681911235	0.028182008897699215	0.004247681262849495	0.2504405870691745
0.11091677258132054	0.035477245350576586	0.088723656464617	0.12686155049760686	0.05099027931563077	0.2554535064704913	0.052291095280441374	0.03203424956656595	0.004742682185725669	0.2425089622870239
0.10904841289611715	0.039710750862299804	0.08083268934522968	0.1295653553488222	0.04798429989066684	0.2541472681864016	0.052717216858046895	0.03049525937771337	0.006787702222644285	0.24871104501205815
0.10749304573422894	0.038434760122036185	0.08796980924587566	0.13418400422433924	0.046579450100560554	0.2551843929698903	0.0508751580619238	0.02693046537125418	0.00364724017817121	0.24870167399171983
0.11052083781179906	0.03587625286748787	0.08821916630973232	0.132457410337031	0.045793446394431614	0.2545437857126303	0.05129526822502421	0.032029829600723564	0.005105511853163144	0.2441584908879768
0.11238118708182163	0.034735100455391354	0.08339415147269957	0.12520621335698112	0.049502917780784264	0.2552502197792151	0.05197549537833585	0.029906901204449665	0.005972001304653696	0.25167581218566765
0.11076404752614247	0.03948737573415908	0.08805535736602513	0.12277699478335524	0.04935672715242207	0.25633758538872264	0.051309628198113154	0.03172965707651228	0.004956527753859449	0.24522609902068843
0.11123977057560452	0.04066431851488793	0.0827576685322212	0.1288722960645705	0.050476776616627875	0.25418111864965903	0.05266469665888286	0.030131010997365523	0.005705045103535963	0.24330729828664444
0.11094622751524653	0.0387682177578883	0.0793329103958909	0.12740174372341043	0.048367276140931836	0.25563037605070477	0.05144852409097578	0.03115716013926005	0.0056118229239407735	0.2513357412617505
0.10821555639931353	0.037823942007370145	0.08843920006167308	0.13033314256866455	0.04852662244871407	0.25435411239910266	0.051108613405443856	0.028158617789413948	0.005023802898885085	0.248016390021419
0.11141632326950501	0.04136683879635984	0.08032273869443125	0.12330464717227237	0.04604118049383632	0.2560722058055993	0.05234081388741897	0.031012694868252796	0.0067189019692006635	0.2514036550431234
0.11081167664113903	0.039166129908503655	0.0863659728029589	0.13011834979914086	0.04623291560769638	0.25541671282558	0.052624049542603885	0.030006822240107464	0.005321651835952623	0.2439357187963171
0.10744070974553649	0.03424524518569226	0.0878960638582564	0.13447511483978924	0.04882001958655081	0.253830304237865	0.0529348294025541	0.030830877504384332	0.00415251207358841	0.24537432356578293
0.11098465888677257	0.03704427643334186	0.08321956876499736	0.12719859019472113	0.04776988165229029	0.2561597198715544	0.05279240803226009	0.02851083621151472	0.0038379987801831356	0.2524820611723644
0.11260897054361527	0.03595991110993506	0.08877488691805827	0.12883845197038915	0.048337774007383524	0.25573037337474047	0.05222944670944845	0.030910656102459216	0.003124863385202681	0.24348466587876777
0.11049512144611154	0.03445528091968822	0.08201470353655319	0.1269276629912189	0.05126524341051846	0.25342813612315634	0.05289245484976641	0.03148046052425464	0.006692075914325385	0.25034886028440684
0.10906688021866781	0.038525210741928426	0.08351918442138201	0.13427663003656565	0.04835326506429091	0.25559032162217576	0.052747647707141763	0.027929649320202588	0.0036209408408015287	0.24637027002684347
0.11094566063841368	0.03760356586209376	0.08521123767084701	0.1249258923058201	0.05115910212146972	0.256436753173897	0.051349854491569015	0.030027639577326917	0.006407933298596555	0.24593236085996611
0.1123785675022797	0.03736427104332789	0.08587911229445935	0.12732197868433345	0.05024681003901342	0.2535250040308198	0.052772198017609476	0.028321885688019535	0.005103240971502082	0.24708693172863527
0.11185276932239503	0.035968838475427534	0.08337789742339191	0.1338222541752606	0.050322074333523314	0.25556191063451583	0.05132833138831658	0.028335133629466908	0.005692172373546897	0.24373861824415533
0.1088292304153688	0.038336761472384635	0.0822214278393388	0.1305794441988385	0.049262847378521595	0.25408858296895703	0.051637864701961786	0.030693891397791787	0.004954641274232424	0.2493953083526046
0.10857736585052921	0.0373665711479539	0.0885758675311877	0.12407040131457364	0.050367921718191606	0.2539969117987155	0.05093743474449058	0.03009153862802276	0.004925823429513684	0.25109016383682137
0.1076490976251275	0.040252131067734925	0.08137566474374652	0.12761298871742793	0.04620376161627772	0.2546548916888126	0.052473070177758874	0.030749521481439432	0.006294505920141691	0.2527343669615327
0.11104143525392485	0.038352620700810414	0.08224602322269875	0.13009351960128654	0.04915030697181899	0.25351997589336656	0.05276095751775724	0.02846960498588942	0.0057978577863583985	0.24856769806608875
0.1104997810683508	0.0349124401970206	0.08842709609487173	0.12587099329372517	0.05108439435353707	0.25541601135800907	0.052312701964960504	0.02816553062707043	0.005988906429272162	0.24732214461318236
0.1082832636469435	0.03548079249057093	0.08366869377659958	0.1275876019311572	0.04957771327076111	0.25576690016008063	0.05143320318832544	0.03163955032913837	0.004834892673522495	0.25172738853290066
0.11129734108593231	0.03973902157369596	0.08615129356735614	0.12792474292785497	0.046641053893398794	0.25509854026905737	0.05225249938517167	0.03079241568367075	0.006707016738946081	0.24339607487491588
0.10915502005092853	0.037444799248597074	0.08255601806948323	0.12740007339218956	0.0483914773407475	0.2559470500261758	0.0509274111003422	0.03069026331939828	0.005204230614417257	0.2522836568377205
0.11083091318240601	0.03901729042732844	0.08357572848501159	0.1334216981656334	0.04928830982485079	0.254353185751377	0.050870003758655566	0.027762876804869996	0.006972739280591292	0.24390725431927585
0.1083646390765543	0.041376502468321245	0.0845507552733192	0.1282879336574431	0.04963595753228897	0.2552366511385107	0.05228097025315991	0.029119244807567918	0.00590168693484025	0.24524565885799432
0.11165795511678152	0.040274622514785	0.08385880828527678	0.12695242681517746	0.04870141990534767	0.2539785153963425	0.05281338653579981	0.026835206276020845	0.005171795977939028	0.24975586317652926
0.11036033926711747	0.035286521503663335	0.08133835312958168	0.13125789697685197	0.04846658450029883	0.25588205295232114	0.05150224267718775	0.031663427071655315	0.006490943225650844	0.24775163869567157
0.10853983232103344	0.03652741180437738	0.08084321990385948	0.131740690546979	0.050867114945428366	0.2561450550996129	0.05172125984522902	0.02753959259093483	0.0031115042703800805	0.25296431867216546
0.1087592976677223	0.03424686079575087	0.09011801137708324	0.12564672146742256	0.04760896686375843	0.25605566598912216	0.05094883076605222	0.028510129129493744	0.006960570751887038	0.2511449451917073
0.10808715859434706	0.04094948392764008	0.08664273924521129	0.1337313468914445	0.04969451280263584	0.25532500892605253	0.051622057512589324	0.028406012248391913	0.0033510243354770014	0.24219065551621038
0.10846708355438966	0.03838330150654569	0.08990096088360483	0.12707396612341898	0.049264717300811674	0.2552791322929927	0.051718176948072216	0.030537216068811587	0.0065792550980049574	0.24279619022334759
0.11116784678583609	0.03756337119799304	0.0826370763563448	0.13461667383585918	0.04660289341464591	0.2539227643697482	0.05211337634243478	0.03196666172919509	0.0066264131014891064	0.24278292286645375
0.11275801363845067	0.03606256851312016	0.08831240717678357	0.12869214875081378	0.047861358782763666	0.25490775133085486	0.05276577074720484	0.029229393121874794	0.004220262492119084	0.2451903254460145
0.11133629604665597	0.034704910041722103	0.08744491423337501	0.12995036672775004	0.04622029305158976	0.254884357275127	0.051706446953140216	0.02763737182613324	0.006808685625936728	0.24930635821856983
0.11192030652815246	0.038712051346965815	0.0845704423328521	0.12538705067770856	0.04642481290249422	0.25369178665699	0.05222293762757867	0.031323023403381875	0.006502840672324067	0.2492447478515522
0.11116614628325494	0.03431572727373719	0.08383397668767045	0.1321268266143521	0.047395525161221044	0.25607727218888715	0.051136956713742465	0.02843567815904975	0.006492691193104624	0.24901919972498016
0.10814602308883287	0.04076214939687339	0.08945057366878492	0.12265718956653299	0.051230050105332395	0.2547820906889012	0.05137729474972713	0.029775239821170918	0.0031532999152795033	0.24866608899856463
0.10853127781635194	0.03719995146236092	0.08359756081121533	0.13176322728807202	0.04653684610885136	0.2549920293951937	0.05194780707294499	0.027210580989951286	0.00503146976683462	0.2531892492882238
0.11213274731785364	0.038636798891739946	0.08565038983824341	0.12329758607380967	0.04792203971253136	0.25380201174174605	0.05136039708934477	0.03213287533898053	0.0031178400354098385	0.2519473139603407
0.11095066238466855	0.03695973625629344	0.0894954495491217	0.12587282324797047	0.04924223052345461	0.25382557275355205	0.052795653615256365	0.03213329295658908	0.0041043549562616854	0.24462022375683196
0.11269858285923456	0.03705237984566438	0.08336895377394139	0.13376551250225624	0.048188860717604795	0.2534761477629847	0.05257381937834127	0.02918895677907181	0.006344066500299145	0.24334271988060158
0.1105970067640924	0.03934693414612955	0.0870950015468657	0.1256001571717285	0.05030716891727513	0.25508906891629174	0.05144490470567056	0.02940223449467949	0.005590162130922879	0.24552736120634394
0.10838409189553876	0.038312026976498506	0.08861130557261233	0.12970398732488386	0.05141802928349562	0.25656585746723365	0.05147978641975319	0.026870109794705596	0.004040345047938834	0.24461446021733957
0.11192312205877832	0.03778271349278931	0.08010388843865163	0.13097076598068558	0.0501886639988852	0.25355911011621685	0.05150625053357371	0.030546472569641756	0.005519970705378116	0.24789904210539948
0.10743264796917563	0.040647674645833805	0.08769523273768093	0.123367552830945	0.04955706202985755	0.2546758870842075	0.051307439303840054	0.03188463931188025	0.0050443583990932295	0.24838750568748597
0.11027330405174707	0.03837019671577742	0.08928888115322242	0.12317077409330301	0.04600565740543175	0.2565729851737217	0.05164018053749592	0.03216767249587993	0.0032292926820819967	0.24928105569133874
0.11042291517143141	0.037825562190989086	0.08987656204723653	0.12992966645140006	0.04898686435919444	0.25348946701035185	0.05158587500257257	0.028190961577256507	0.005920814708251648	0.2437713114813158
0.11092251576353937	0.03571796599399833	0.08466467973489042	0.13246832455623245	0.04734360831971735	0.25411771301616287	0.052453773199550795	0.028278601534676692	0.007078650037589243	0.24695416784364244
0.10918752674746826	0.03921891222962948	0.0894533008645451	0.12555236010553572	0.04713152803218814	0.2561896181413453	0.051079844515113965	0.02817125290648685	0.0054580912418009525	0.24855756521588612
0.11228098400707139	0.03587020528884585	0.08053270343639879	0.13422882197811048	0.04861250660762158	0.2561724069733039	0.05131732141564084	0.029887494046228688	0.0031934126753873637	0.24790414357139107
0.1125502724034433	0.03918373412093768	0.08919898905254964	0.12454408067949926	0.04654041052640883	0.25389794643163244	0.051043081830110366	0.03026873884070519	0.00360139844022124	0.24917134767449195
0.11236518106093057	0.03917421511534942	0.08403895270839329	0.13136279301237153	0.046264593180871456	0.2548473996870236	0.05118770896543994	0.027043302317616327	0.0031311035753416594	0.25058475037666217
0.11202016832183026	0.03497577774355433	0.08948431671387366	0.12628668300394838	0.04848905465739856	0.2548270514847717	0.05190898806177107	0.02907721854060301	0.003500413975869379	0.2494303274963796
0.107633723502521	0.03888665837465446	0.08661472667462014	0.12573513685906065	0.04855691866976684	0.25569576847649766	0.05214055249280188	0.02863130165420623	0.0039948313570314226	0.2521103819388396
0.11174966731862816	0.039345043219973695	0.08611539846006301	0.12495091385422265	0.04855280654758841	0.2549574256427494	0.05260151219199122	0.032204084689825316	0.0057023553075508104	0.2438207927674073
0.10899570595465034	0.040393115449338254	0.0902959098560005	0.12782515452453339	0.04722263303853627	0.25434658955915235	0.05098476685979916	0.030802524872981504	0.006104752040435535	0.24302884784457263
0.11198982646957242	0.040077537454561975	0.08348534905427843	0.12602632650071324	0.050819514417370586	0.2558150258916148	0.05114409649878152	0.03220775352705017	0.005026085896371935	0.24340848428968476
0.10989890322516957	0.03845036877498657	0.08397540647815893	0.1280580825974703	0.04840351147835181	0.2558234140534009	0.0524862462616865	0.027827290892637413	0.004170469614575081	0.25090630662356284
0.10842888368872758	0.03830055890453643	0.08487008846823119	0.12483934889709174	0.047078067427158504	0.25387333462718775	0.0520667173894858	0.03164433047723306	0.007054162501498068	0.2518445076188498
0.11032299470745988	0.035932370479635614	0.08260479601062368	0.13357864757352964	0.05111145561582375	0.2564889144921868	0.05165968048132907	0.028798711045129058	0.003390436717030307	0.2461119928772521
0.10888439632270827	0.03556137493173088	0.08808980950120467	0.12506524409752628	0.04650746448455174	0.25458850596364746	0.05220169290393919	0.03221795119775871	0.004764787638496651	0.2521187729584361
0.11254377745915	0.03723905501478851	0.0838289967116076	0.12579117743609783	0.04851675100172424	0.2561105181704601	0.05163419962813287	0.03039466551053395	0.005143615809437091	0.24879724325806774
0.11034565857374885	0.03473094595322332	0.08976984332462568	0.13084046159554813	0.04863446560877871	0.25575153233702574	0.050904225247057164	0.031617074618744814	0.003972706124851941	0.24343308661639562
0.11041459674083609	0.035801689062826506	0.08781305123011171	0.12586656613441743	0.048280390487660224	0.25579178572235745	0.05207315669541439	0.028949783222685613	0.00579504358140194	0.2492139371222885
0.11104461552785885	0.041055645915624356	0.08933150197030451	0.128022224313093	0.0469038597569956	0.253844555801375	0.0516887297925569	0.02812148403514181	0.0034406975626216085	0.2465466853244283
0.11085990415336736	0.034039205703979405	0.08286949223861369	0.12841310129387412	0.04898782998139375	0.25554235929978425	0.05139645041887767	0.03197089037933892	0.006956708694919739	0.24896405783585102
0.11194875161121919	0.03870351678842064	0.08818943245661753	0.12491813253417636	0.05036733903444768	0.25624083558444555	0.05293855035722836	0.027925240516951055	0.0040652087821271415	0.24470299233436638
0.1103098697291548	0.03845640422119265	0.0824581881806865	0.12791735616138986	0.05132967811670882	0.2561906955455646	0.05223081681310758	0.028728239091937086	0.0038918731731987927	0.24848687896705923
0.11044654684817554	0.03476891618779372	0.08061945200187207	0.133358428990489	0.04805159384033143	0.2555981447118065	0.05130263590524933	0.029973568838668224	0.005238593911690251	0.2506421187639238
0.10927134794373289	0.037716465448128	0.08275937013072654	0.12818265891141575	0.050299253410706346	0.25531582654102336	0.05176530750504561	0.027682726454574563	0.00525115857108191	0.25175588508356495
0.11020013501961473	0.04059032373643991	0.08102423926002908	0.1297426747723497	0.04923625237746683	0.2537652227303526	0.05210733458601462	0.031294774923246865	0.0043515947664417715	0.24768744782804386
0.10952050473631972	0.03390847797843685	0.08708275305572503	0.1326209314553384	0.04944522712499579	0.2556471859267875	0.05125333475597399	0.027229859063479897	0.005038530368702984	0.24825319553423975
0.11133818482839827	0.04015655272486457	0.08629380711391413	0.12995235479574518	0.04978106244236335	0.25358468269511136	0.05135170647159723	0.029869496015833413	0.0031099207403959828	0.24456223217177653
0.110165578326549	0.040887014869852294	0.0883134915125471	0.12478472616018732	0.04843753458488969	0.2548813891753053	0.05091082226111101	0.029891793081386245	0.005602314603353101	0.2461253354248189
0.10920779909472163	0.037877291728522694	0.08749509749106496	0.13258269342099774	0.04911311684906018	0.2553194939450996	0.05210063069328197	0.028547397378937592	0.004988450884568618	0.24276802851374496
0.11216792151230348	0.03994186200991721	0.08672465908500064	0.12381103668768835	0.04907833093573605	0.25514128940615854	0.05118327918132505	0.028462089820215766	0.0034123264273744347	0.25007720493428043
0.10994223557218463	0.04141419399899052	0.08100686136612913	0.12633424893034229	0.04855085909239125	0.2536727713291499	0.052713539623308506	0.0276105832475943	0.006114716700321002	0.2526399901395884
0.11088183901128859	0.03491247656010625	0.08771859507025898	0.12257882913264315	0.04747701497770446	0.2564936053118351	0.052800209107047656	0.030534377328421028	0.004034498069105191	0.2525685554315895
0.1103139499469974	0.03965636056208536	0.08489796507415479	0.12512638548641009	0.05101039402089374	0.25360578536217376	0.05293616792825867	0.029444085500810874	0.0057087415055390445	0.24730016461267623
0.1108042339125433	0.03644082957843954	0.08989609910286571	0.12898195350125963	0.045842458833396355	0.255059214202517	0.051995373219900956	0.028500805897816714	0.005889580583886583	0.24658945116737413
0.10782107288024637	0.036795973800795384	0.08667593617578347	0.13098985669436702	0.04812164625896105	0.25589751065641425	0.05163077491832786	0.030682345990719243	0.006603628064723394	0.24478125455966188
0.1108692821432199	0.03608460966314182	0.09002911787428418	0.12969425226052947	0.04664124360791397	0.25457419633826345	0.05098422445549593	0.02905714455400292	0.005047659737182464	0.24701826936596583
0.1096207185360275	0.04018150639923908	0.08739134265171483	0.12608689393782718	0.04925822381848211	0.2555627927525879	0.052561136559147674	0.027881405949109053	0.005501756521777937	0.24595422287408664
0.11252161094971262	0.035068247839693645	0.0798265897980659	0.1318243690405811	0.05012115935023942	0.25418200809681546	0.05118619834537369	0.03231878958815676	0.00559412321036698	0.24735690378099434
0.11195029261352393	0.037480484560733995	0.08023074725847609	0.13094255442566025	0.04875297051197683	0.2560600190313562	0.05251640633573568	0.03157255466315384	0.0035775213500000153	0.24691644924938305
0.11083616931946766	0.041289096800573674	0.08026586520625972	0.1318330925839596	0.047479170395728756	0.2566385381493208	0.05205224033326064	0.029066451159699733	0.0035682392544587327	0.24697113679727056
0.1102398040217753	0.03821725790667144	0.07992184315361028	0.13207402757370207	0.04803568231603126	0.2553127237847912	0.052259889332889914	0.027011218265549433	0.006296554666350429	0.2506309989786286
0.11027376428524005	0.034551385643114566	0.08666152649623224	0.12939679123185874	0.046807409753279496	0.2562293654298261	0.05185173014192288	0.030245724825475023	0.003134308895655316	0.25084799329739554
