0.23802975909745872	0.04882272830101546	0.22703155765180288	0.08224872194839697	0.02784988759396391	0.07374358995584743	0.19127597948321884	0.1109977759682956
0.2898377871058644	0.038583215995031145	0.2004348740347579	0.08698302565491775	0.04272218180494597	0.04127962015720321	0.1843871167543979	0.1157721784928814
0.2707691732781104	0.04294053443260239	0.18678283704845128	0.1072449191714784	0.06479110054583101	0.0510293129938377	0.16778348898558118	0.10865863354410737
0.1519838575325316	0.056506334558873744	0.21319950225518824	0.09388580600705075	0.0814047274700114	0.11261628552823158	0.18613429326702904	0.1042691933810834
0.2329504465615026	0.039297770792818584	0.16296008856165003	0.129663767262914	0.056683121225777025	0.07435870689158317	0.20482848406418397	0.09925761463957042
0.2093764340208178	0.04177625155695337	0.17463817661046216	0.09327667350645041	0.035991516089300624	0.08928574313066721	0.22351152729360374	0.1321436777917444
0.13770159412813435	0.05138363029814816	0.22376782816855148	0.1256448808179694	0.033146280472776124	0.10722178497352161	0.17606958017400048	0.14506442096689817
0.16704499499545242	0.05586648071373297	0.215135568137879	0.08756883237289553	0.08508769920354828	0.08197264472466445	0.18164773370267173	0.12567604614915537
0.2101513514819556	0.05578090760362178	0.22423690168571958	0.08106346427998692	0.07455061651343863	0.044099856617023966	0.17611592248158844	0.13400097933666485
0.194386334299152	0.03980041921038992	0.2180068937369789	0.13523370036100812	0.04262718478362906	0.08792277207528532	0.16639392920078883	0.1156287663327676
0.20837429408439848	0.03923699015123243	0.21855482645154622	0.0809672659828736	0.07980337672257506	0.08266647342832573	0.18761834576606787	0.10277842741298034
0.11010127171255348	0.04616566732936596	0.22325956328354557	0.08237560052016177	0.054030783907344324	0.11423626715119112	0.22327991462425378	0.14655093147158377
0.19881423103049217	0.05030408603259191	0.18378191888036516	0.13718665024474544	0.028669396330014946	0.07325487238230358	0.17100346696188318	0.15698537813760335
0.2336729289945906	0.04656336140037816	0.1830238064324327	0.12410589227428984	0.04848613245932433	0.05780839103347386	0.17623447100834477	0.13010501639716548
0.13070695524819695	0.04736943035460181	0.23013002979827143	0.12048429783988661	0.07649161022957178	0.050357988910721366	0.21453850408991001	0.1299211835288398
0.17170227510801683	0.03853426000884906	0.22909478018719948	0.08731740879362357	0.06116066765810059	0.04349605254471642	0.2134426176326517	0.15525193806684212
0.16075393036714358	0.03880481683809453	0.2301028187917662	0.13367776744685728	0.031203304069595372	0.06411280916495157	0.2046143318626677	0.13673022145892358
0.21029527250576185	0.03739529661184379	0.2142841813663213	0.08388495811438497	0.047688015249427035	0.0509422243838399	0.2031302772717038	0.15237977449671714
0.2748411677687345	0.03607688831893861	0.16427337223555138	0.09944151499609835	0.06361318013532416	0.04208214703239073	0.1910471100311677	0.12862461948179427
0.21245701854503307	0.04036996272126081	0.1927203827431146	0.08289933861821014	0.06826907048890898	0.061708740109919724	0.19493764378123268	0.14663784299231974
0.1963477642299885	0.037653388937150215	0.17193243568869573	0.11578882722742039	0.04392222020410981	0.07877937463185597	0.20558245915081158	0.14999352992996756
0.26816561626752244	0.03841158659317884	0.15899266323217198	0.0989562618861303	0.031767680223216396	0.05892625710747963	0.19670748221060802	0.14807245247969214
0.24547006783113112	0.05412588042056719	0.1761630971796409	0.089620544195631	0.06263931322732616	0.0506764479213736	0.17897984140149734	0.14232480782283244
0.17018999116876718	0.04689882792795588	0.17726937068481816	0.10699304055003958	0.057468078101109585	0.0685016415520465	0.22732265598469403	0.14535639403056888
0.13806048348342748	0.04881657717683488	0.17252970258925493	0.08481248859876431	0.06821247463318841	0.11165342064004889	0.21743154085015468	0.15848331202832622
0.14895415655691266	0.03735243867698916	0.1926374373297212	0.12135882193856612	0.0804902959954394	0.0914169494987289	0.16394372831947318	0.16384617168416915
0.23628372276577883	0.04241380504869606	0.17625555359554249	0.08829996442453883	0.057575279962261375	0.06213286225524327	0.20116378717744543	0.13587502477049349
0.2661092229753798	0.048016707630009134	0.19927274392481958	0.08784549259838495	0.04149632130854984	0.04671588858667004	0.21075312854791123	0.0997904944282751
0.2289823038809074	0.04533612708978821	0.1814536599242139	0.12418695692918728	0.03114320096848515	0.069745189681547	0.21203494042040458	0.10711762110546624
0.2954960188841516	0.048643980227598	0.1969565734017661	0.09777118541980316	0.024970138219924387	0.05635199262734386	0.1710232971155938	0.10878681410381882
0.20112002913028126	0.0379317695412304	0.21222934705514776	0.1155768977778326	0.022410669756515733	0.04758630621856125	0.19927299870152604	0.16387198181890472
0.21698802756222058	0.05349449968949693	0.1991073052852696	0.08506722195340194	0.057838127960205654	0.10015664339621375	0.18471329092023409	0.10263488323295723
0.1854730776854276	0.040837140201069225	0.23947415904254638	0.0920738017602652	0.05434265038090533	0.051288488966653695	0.1872600934565781	0.14925058850655423
0.1411391748150073	0.036712578791307654	0.2338620035745899	0.1203641832882055	0.030388021496714837	0.11033588376565706	0.1929303155585082	0.1342678387100093
0.19485450522381786	0.04769350213203813	0.19864015418477377	0.10486525915250455	0.07524452711695279	0.047943054069886346	0.16506550012421053	0.16569349799581576
0.26243028078125674	0.04022872640886334	0.17384651079928348	0.08759617516028882	0.05547374624504557	0.04663207640931183	0.20696959365625206	0.1268228905396979
0.23924127397186798	0.054532278701401024	0.18923812033468457	0.10264578571784953	0.05523462803309663	0.07056421947434904	0.18663137787379105	0.10191231589295985
0.26872036065825866	0.047420918523616726	0.22361549553638474	0.08350668238273459	0.029057064348223097	0.07361073296852098	0.16887593781284732	0.10519280776941362
0.1353472913137863	0.05124642950319554	0.22805862995955267	0.11165973985265926	0.07023531438538767	0.10786297026210756	0.17101090693318743	0.12457871779012335
0.2116093578999127	0.04571254396944678	0.2335384285663527	0.09328631264212806	0.049309855309993295	0.04903188152217777	0.20290370568803429	0.11460791440195411
0.21950432584170007	0.0512351370946995	0.16928961666034897	0.11550859203571444	0.025101308183861665	0.10114910336418753	0.16246564481505868	0.1557462720044289
0.159440286177153	0.05441824726823569	0.22437360432110715	0.088548965028944	0.06161859112928421	0.06820689622813172	0.21442398010890135	0.12896942973824263
0.16152148194252514	0.04677763765703742	0.2139405588987643	0.10102081003152313	0.06493017167216122	0.06683578052855116	0.20967530221820832	0.13529825705122914
0.11383840661651076	0.0557596007511712	0.24020737839575707	0.1205179335392842	0.03713607622168315	0.06579524441016951	0.2085884247059745	0.15815693535944939
0.19980956847534423	0.042005205831876974	0.1677722479268914	0.11004655127716233	0.02561639824893862	0.11499307245927175	0.22595183060718432	0.11380512517333014
0.21483022446015398	0.044815664967468236	0.16913846055957407	0.09480548427541631	0.06183483416504078	0.059663603775737525	0.22486353083959515	0.13004819695701367
0.20648526637696624	0.043175645925578626	0.19588843295046893	0.07897947195367507	0.080294564816339	0.10828779672591822	0.17759782767034366	0.10929099358071002
0.21535666263097547	0.045555059298715936	0.17297694924030937	0.11746460135245497	0.061899642196555554	0.10050763065636786	0.1732072640140312	0.11303219061058936
0.24071805974195076	0.03896824810779577	0.1998454694536419	0.13067370341468543	0.02761176433742281	0.04523477020118773	0.20167212264665113	0.11527586209666416
0.27844503190869924	0.05631989709292751	0.17031634905179055	0.13435230082987903	0.027485841135543337	0.05520765321942181	0.17499335425280935	0.10287957250892887
0.20866053340267138	0.052123009912786566	0.18942237185285088	0.09016084871250207	0.06579200201961627	0.06091966355462625	0.1949546928005097	0.1379668777444367
0.1325600095787844	0.039447252059623766	0.19553096047976645	0.1306488738540545	0.0545607539590337	0.09341887702239354	0.19735405365258307	0.15647921939376036
0.23496394897675466	0.03636197884472615	0.17853140066896417	0.09255148921193403	0.048700168884100475	0.09600634023746767	0.18953703944603562	0.12334763373001698
0.18386529698717363	0.046431322108648365	0.22155514058408007	0.1333704747830169	0.041716281336594926	0.06599442605354439	0.19683876556552496	0.11022829258141653
0.21625640366059296	0.03770632684587466	0.20102942951221375	0.10707625806236325	0.056477593977189364	0.06070435977191255	0.17957294927608608	0.14117667889376714
0.23205060091969024	0.04229872520077119	0.21105893091215996	0.13699723216604492	0.029851342528904992	0.060550309309345046	0.16522634192332253	0.12196651703976091
0.21471531429163299	0.04514101261214211	0.21376930168849703	0.11730173182116319	0.043926364855961866	0.08471879802831775	0.1787695117933346	0.10165796490895018
0.16732282316090533	0.04067733196922528	0.16558184472169024	0.12532699175113726	0.06633060864135334	0.103442240245072	0.21625518624691953	0.11506297326369681
0.15988932899280295	0.0461185776695584	0.21546246941104363	0.09574002297073278	0.06975184988356217	0.061709274550154083	0.22243870323052461	0.1288897732916211
0.20778283123459676	0.05557822151088811	0.1902801896314027	0.07882996899528327	0.06638997178261816	0.10944562236732734	0.17108467231591384	0.12060852216196956
0.14836047015359194	0.0481174812778946	0.15952003896514033	0.13243571834340878	0.07072266844945063	0.08364443023728567	0.22644684045720898	0.13075235211601888
0.20430270841090464	0.04644704542508159	0.200131929992268	0.09711026068270862	0.06789021312674143	0.05600890964440845	0.19718198076620316	0.13092695195168383
0.16210102633804596	0.04866407026403109	0.2421595196348137	0.0810540909381822	0.07490915828156636	0.08693749362691892	0.19690050276064652	0.10727413815579506
0.22953924813591509	0.04145942687024798	0.20906301568853813	0.11963414026696621	0.022372007460578228	0.060179934905559715	0.1675176033468845	0.1502346233253099
0.19461179378470603	0.056295749352321164	0.15746990895341925	0.10081742059185927	0.05471171443934815	0.0689564905443692	0.21651294345330066	0.15062397888067602
0.19617620536824645	0.051590310903614225	0.1844432566872111	0.08612355694519727	0.03501951560872839	0.09554300426943532	0.21673427981695997	0.13436987040060705
0.25287568414279593	0.048751611123498836	0.19499347204246445	0.09093715282692856	0.06624760769405089	0.048499983468191635	0.18272151273271864	0.11497297596935073
0.13271975421354562	0.0549405374418995	0.16475828776346696	0.13044495535116815	0.08502748677055372	0.07296632549303883	0.22639070088122792	0.13275195208509905
0.21485109591779836	0.052654483805366886	0.2291098408944955	0.10416913677845632	0.029887129175643665	0.04511424330514266	0.19984143601784304	0.12437263410525333
0.21147378350226445	0.04704790795018392	0.16304298418444485	0.11093731956664551	0.033238743404479965	0.081593029199304	0.18954722937295732	0.16311900281971975
0.24687618480035228	0.0426059754276609	0.1846521419649269	0.1326285335884216	0.027995137241161372	0.06298915326549848	0.16796812879460574	0.13428474491737244
0.10325493153168977	0.05232667327277844	0.20309695471115025	0.12920315284300815	0.040193579301364316	0.11069495858716208	0.2256607924626695	0.1355689572901773
0.18509107662603988	0.045482810910330115	0.19950763046488373	0.08355245279681367	0.080582347937106	0.06277250804988162	0.17978398740420698	0.1632271858107378
0.15345462804366009	0.05080143592239768	0.20009790757829746	0.07984286019995605	0.06538266592936004	0.10478732405100794	0.21613389519140397	0.12949928308391653
0.18348666157453197	0.055067350452023586	0.22415622600364332	0.12364520076101293	0.02344256086778969	0.0945783480191318	0.18188063613180402	0.11374301619006243
0.19357789579130463	0.04173554209820396	0.1739726910821868	0.10612111798685857	0.07133231660122227	0.07078490889794062	0.18302886075854743	0.1594466667837355
0.1489134755128808	0.055054208439354574	0.2350484130902435	0.11033090777768642	0.049108047454618914	0.07701294370566239	0.1972871280692411	0.12724487595031203
0.16003451352021314	0.04870333324366377	0.21879493236120057	0.11570693350563126	0.04809341397824808	0.1155020321462547	0.17702318618679752	0.11614165505799072
0.18698382456075271	0.05664812192283161	0.21367539347674855	0.11900676525700041	0.023931455757698783	0.11538028130560733	0.16825005443964622	0.11612410327971413
0.21001530018135886	0.04961504367362321	0.18496119720639684	0.0899435680060789	0.07929159827495844	0.09592814319364719	0.17058624142584805	0.11965890803808824
0.15617542440586665	0.04655366644587784	0.20221280733993174	0.13762352521408466	0.023265367433195447	0.10791090468410768	0.19644712631335787	0.12981117816357785
0.17048831477335272	0.048551799532705	0.22038623766339602	0.08803449931839924	0.07143135284081546	0.09385877031562656	0.19348541470386338	0.11376361085184143
0.23242438428705303	0.042098832294050786	0.16576374053791051	0.10969049233164736	0.06349144790986347	0.07935194193571793	0.17374991228500114	0.13342924841875553
0.13067126717645516	0.05164524223864067	0.18754475160474976	0.12526501286006253	0.02442308533623566	0.11314074958894171	0.2055506565277435	0.16175923466717074
0.11958780142376209	0.05283673370967806	0.23493362073630913	0.07909418361277745	0.05882222422212345	0.09841612418272196	0.2152224701571565	0.14108684195547105
0.11654849600229804	0.04120533081351542	0.2376138375496955	0.12356080806989447	0.07538446391589423	0.07728833340846294	0.2155982848180339	0.11280044542220535
0.2174578878693953	0.043314176350428765	0.16292273928842302	0.11373779290720794	0.05853850730515221	0.05955782607162717	0.2153104014831363	0.12916066872462903
0.20763222163915301	0.036585010167463	0.1610537766515982	0.12658014152089983	0.07442709690635171	0.06325551017435099	0.18903776459347385	0.14142847834670916
0.1491158243254008	0.0384973426669277	0.21009734223440313	0.12355084821286415	0.05948047390225669	0.04676581544035992	0.22461625078187486	0.14787610243591248
0.1645430702630577	0.05303238992733868	0.180432296947687	0.1065425114222224	0.06646676893780966	0.06153510901031539	0.21437748255632327	0.15307037093524567
0.18929477400071348	0.04957196329794766	0.21402101035556673	0.11209417750135556	0.052402258272456786	0.06615700199091916	0.1696502969660271	0.14680851761501323
0.21777523525558712	0.05557448756299252	0.16215430675431747	0.11877871473042349	0.034322497796106646	0.0510787064058075	0.2075496688932173	0.15276638260154768
0.22258092974291105	0.04864485934810381	0.15914393902243354	0.09409249030469603	0.026037137305527577	0.09515539009781075	0.21730003080096424	0.13704522337755276
0.15278039669080185	0.051853359693493	0.23704820030196433	0.12300891289662602	0.022689736212290035	0.10084352414363401	0.2069466321962664	0.10482923786492415
0.21815609937278768	0.05307348531430599	0.17525589614872594	0.07950329340418034	0.07842617791461014	0.1072089652244108	0.16706550652626165	0.12131057609471718
0.17726469253725924	0.045670990508269754	0.16007495078144776	0.10311658757805979	0.05529856862314679	0.10840620098281249	0.1989173280929671	0.1512506808960368
0.22934450660595462	0.04624084695392368	0.16318218743521656	0.08978525969998102	0.06692130519871495	0.039562646809748636	0.2216149313858766	0.1433483159105837
0.1694753525236726	0.051486274410911165	0.22384352103228067	0.1252719588444773	0.04063194047417672	0.06774218965401604	0.21794754938981228	0.10360121367065298
0.14122990720573558	0.050479322655853726	0.16429387803109102	0.11539635722480097	0.06020621568947368	0.09413065369718449	0.21001157705530932	0.164252088440551
0.2805285779923872	0.04533833835626075	0.2310905975642511	0.08141321913834224	0.04339029604197478	0.041727809057563375	0.17146412667961378	0.10504703516960656
0.20411176598592828	0.036312435845509014	0.24031944098394808	0.0805280284198499	0.0391785372520993	0.08141028218812302	0.17638700210746724	0.1417525072170749
0.21966504740132647	0.051552821752706035	0.16964460158144917	0.13153421523636546	0.03416981405621208	0.07621520190841226	0.18233268218573584	0.13488561587779238
0.26882157499954173	0.050997840138141085	0.16071596507646768	0.09380092458856562	0.04209111081954553	0.07611865154978606	0.16416082002140414	0.14329311280654788
0.1258188343833653	0.045160979734094955	0.231411647287103	0.09699225719694038	0.06856562715091041	0.0752127061528168	0.21758089439720973	0.13925705369755922
0.21013999449432014	0.05093996021589993	0.23206815096141614	0.0912030256010957	0.042489332395596935	0.0509406406939064	0.21600669995859118	0.10621219567917334
0.24882246360652296	0.04122159889639418	0.19521098536828085	0.1223518740283016	0.05276752954828151	0.0701709157218264	0.17035437401211778	0.0991002588182745
0.13549127202966715	0.054800501277121424	0.18069100577911698	0.11320523898889012	0.07935450005373187	0.11166510633514944	0.19760009731050893	0.12719227822581392
0.16658396004985515	0.05343161673825371	0.18870486857919488	0.07904958370577253	0.05875091529193281	0.10962762338775295	0.19437536457112203	0.1494760676761157
0.2433221508520823	0.04017707612251707	0.15906027670429523	0.10367055486923747	0.08256199131190463	0.039242873233938255	0.2111195160941512	0.12084556081187356
0.20143781236936295	0.050499762019131395	0.1661591122879577	0.09448020974259695	0.0317322445644249	0.1001859272200083	0.18964737935593984	0.16585755244057768
0.21973304365882493	0.04592841282653343	0.1877358193677262	0.09509789950799362	0.0745392504136906	0.04753919200941116	0.20167741737679423	0.12774896483902556
0.20279254654575732	0.04860868940380336	0.19916578252437322	0.12331201261208011	0.0560559587857726	0.052993346388402765	0.20230795823306263	0.11476370550674772
0.2120930688655019	0.047686806107422985	0.18712135363957166	0.12151483025134814	0.03387010796611868	0.07462703815970369	0.17758125052297216	0.14550554448736058
0.24591023722651514	0.045286974091652624	0.20138670900671712	0.09566048636623928	0.04356306278909554	0.04360309229230867	0.215884009394055	0.10870542883341631
0.20256915260398417	0.047540120054231264	0.16353613204976272	0.093937924294826	0.06881732199140803	0.1028412584468826	0.17982185293844916	0.1409362376204558
0.15821563269554922	0.04082934424891663	0.1886254803018868	0.13736594817080866	0.08194086694745883	0.07915705661704646	0.19154092587147042	0.1223247451468627
0.22762299907275213	0.0419413629144461	0.16598979694080174	0.12561413532929822	0.03956904284717033	0.07514485235777474	0.1680559100236995	0.156061900514057
0.22116067652043978	0.05144923676314479	0.21044357824767423	0.09663001604088102	0.06582393282818416	0.041167187444137956	0.17122035643116243	0.14210501572437542
0.16507555126579831	0.04014770579762346	0.16499058557647006	0.12081547342448573	0.04580208695360262	0.11172802178431421	0.20213545798359087	0.14930511721411452
0.17676169999893615	0.05353751822271045	0.23385330517608044	0.10172382585845892	0.06849731799512537	0.07791984679426406	0.16462512112993585	0.12308136482448853
0.13935171244927155	0.04249357790977418	0.23844959690062162	0.12882281199034967	0.07760970206229593	0.057775031098167354	0.17960281821929708	0.13589474937022245
0.16827290045355997	0.051745494947656706	0.20820836516175348	0.11002469583962916	0.057012627691154644	0.06146388310958924	0.21895248111280152	0.12431955168385506
0.1508077452296983	0.0500207989817785	0.19369227775410083	0.11322257243194642	0.046105224436796696	0.06919677699651142	0.21547117778312896	0.16148342638603863
0.17721855530453792	0.04634668002616377	0.2419053016605524	0.09813266809561616	0.0817979091170388	0.06276905382619227	0.1902113375177505	0.10161849445214793
0.16853442481712744	0.04940362471544671	0.20410133472011588	0.1070583608741471	0.03919063679427688	0.10363119967704891	0.1922949713375674	0.13578544706426943
0.1571755112453547	0.04412366080802635	0.22800933601349804	0.09483983497234447	0.06727503688469486	0.1160963104432379	0.18530251638994324	0.10717779324290022
0.20607108532061405	0.038327836667871276	0.20830702109096533	0.12259957083185184	0.028878501992408934	0.10430227019877295	0.1691521846601199	0.12236152923739549
0.20726086612079947	0.050401988413488655	0.17795870538876235	0.1325502823139181	0.02682916569788668	0.07628244915186211	0.21783901413587548	0.11087752877740689
0.11473930494469155	0.05435618517390463	0.2437835259049531	0.11861624659611106	0.05223338485556363	0.09042637850761598	0.21149390289458547	0.11435107112257435
0.2639804482383482	0.04174901424867823	0.19256209636104082	0.1064381443664033	0.03313389565849763	0.044641289180109095	0.16591937835131898	0.15157573359560342
0.24084924965659046	0.04244707333647303	0.23420499435045838	0.0842748614738049	0.05596544003577866	0.05905628469242523	0.1753188930030352	0.10788320345143394
0.21809122838145364	0.047649134628958395	0.2254436389109454	0.08219179725790865	0.043076140549349454	0.042586460415008465	0.20610374032594966	0.1348578595304261
0.226158842106392	0.055021409559556686	0.17554073100466533	0.09060183498924629	0.026154164673337255	0.11594176707183264	0.18872073406249684	0.12186051653247273
0.12632558549211853	0.0500143569579085	0.22788195553706037	0.10625501908071085	0.06810694351849994	0.05476077827580321	0.21243134688243098	0.1542240142554674
0.3041940168823644	0.038510991539002726	0.20003438657805797	0.08866462228875263	0.024877770003305655	0.044181104593554954	0.16325161558417448	0.13628549253078698
0.22815510440498782	0.044135848820325174	0.17044880940043453	0.10799874180005889	0.044246558060538496	0.04691974278551894	0.1967698312521056	0.16132536347603033
0.1847395668127099	0.052092848848344295	0.18576099907533322	0.12067551256307431	0.036968371670234326	0.10292763298313633	0.16691693621422918	0.14991813183293817
0.1314613091693579	0.04118444515988545	0.18998636357826673	0.08039123093742613	0.06436757951205448	0.11347017644666782	0.2271558537547234	0.15198304144161784
0.12621006989636588	0.03909000063580774	0.24384864032653725	0.10729872812385695	0.08464712928705265	0.0391156743402208	0.2253197407521846	0.13447001663797395
0.2146735524544986	0.04965074586085709	0.198004451050186	0.10932792941499073	0.038033315856724634	0.05637506585507225	0.16756731616378712	0.16636762334388344
0.1357503100868185	0.046342700435290304	0.22115645721374477	0.10444840189465818	0.034250948043080445	0.11121499394984487	0.2186453719345043	0.1281908164420584
0.23977712949190727	0.037251055108710004	0.17524831543085068	0.0823106930348295	0.04484846680066637	0.09167211203098553	0.20702580466104895	0.1218664234410014
0.18461445271340748	0.03881490323549412	0.18448798898183422	0.0936197754563165	0.07066718504109104	0.04999760848029444	0.2132808716374498	0.1645172144541121
0.15043592000598416	0.039945995535285925	0.21042793767375897	0.13332990320249746	0.07733818534740836	0.09349381287729144	0.16214937912390445	0.13287886623386896
0.13226215704513228	0.051738782565288854	0.19019664277793918	0.12350703383452352	0.07846760676682119	0.07192083064976507	0.19231105725296826	0.1595958891075614
0.21015204366628573	0.04907407627991725	0.1880588461053571	0.09041394270988803	0.054195610347846465	0.0720326841387605	0.18380552120596658	0.1522672755459781
0.27168734641453485	0.04493566145237704	0.17480998815973628	0.11728684964968844	0.03237566096923952	0.060420773986548604	0.17208028033676936	0.12640343903110568
0.2241825078997851	0.04104155486269802	0.16051311095373844	0.09103956700834587	0.04846492947589817	0.05826672315541438	0.21668175644468185	0.15980985019943791
0.24924256790729324	0.05417178746670208	0.1873433986864591	0.09028088229701714	0.05135906834060926	0.054719978430529906	0.20363760499250522	0.10924471187888384
0.12528061079274275	0.05330399211738518	0.24321379147798772	0.09387641218476549	0.0539455974031877	0.10752286434718136	0.17472177521766855	0.14813495645908104
0.17129878831250003	0.050246976057463894	0.22906423996467426	0.10599803096082946	0.04755887894342864	0.0646287949331503	0.20325229719945248	0.12795199362850074
0.28209972265751604	0.04467494551379571	0.20153898436991707	0.08499164323282904	0.03649190098272412	0.06568975702367477	0.17411860135469287	0.11039444486485014
0.16237793008878215	0.0408675773048756	0.2321324713000552	0.11095560210944871	0.0651809493267288	0.04696024164698159	0.21251294258295772	0.12901228564016995
0.22927585830954628	0.04512844466583146	0.1614246686212536	0.12951688693695024	0.08253221495948362	0.03933697794867827	0.19439605451925662	0.11838889403899965
0.20943069270261264	0.03725631648962027	0.22405774745030962	0.0791948663024808	0.06581547731258341	0.07866063174434976	0.1803582900088728	0.12522597798917046
0.12949596683898465	0.03844162331375914	0.2409056326135722	0.118503785935992	0.08059947794131408	0.042328759642849254	0.19076073860815437	0.15896401510537403
0.19278045944990094	0.049979699352403165	0.16689083384551137	0.1306592391681253	0.045784424827277015	0.06783388349845529	0.21942982472788997	0.12664163513043677
0.11542668236642158	0.04513872765318394	0.2223983536634173	0.10414630751141327	0.04418538208182886	0.09875451650126747	0.20683508100643044	0.16311494921603695
0.19766741624329703	0.05056390266196807	0.15774616995890728	0.10281756247792405	0.06141860937644503	0.11301462356170532	0.2007992040441991	0.11597251167555392
0.2582971483439942	0.053678694139564415	0.15879539852330893	0.08053958662602304	0.04853969488562064	0.06316917323571149	0.20076924382582648	0.1362110604199506
0.188424758573644	0.05101543158111907	0.1910067316135786	0.09065680247294858	0.030913051059341515	0.11512731067849684	0.20789708362279619	0.12495883039807501
0.12004065380462693	0.05158748159958433	0.21696080781075866	0.08186764333587615	0.05863077556037495	0.09735528409719385	0.20770249664266827	0.16585485714891665
0.1795914345989748	0.04049651206190827	0.18442586104829123	0.09020819894225238	0.03755453939733443	0.08223396918418593	0.221352000868291	0.16413748389876176
0.16625783372104164	0.0544226514692106	0.17397752367627337	0.13432778762165856	0.023718389014316124	0.11422593505825399	0.17593225785003314	0.15713762158921238
0.17352855094396705	0.03674288930740051	0.20684473057057584	0.1012578625300557	0.07457217777934758	0.07417176783812289	0.18917394307848218	0.143708077952048
0.18646703945922427	0.05085457163901412	0.17626028363728502	0.13142888599603758	0.04896681818011994	0.09677645150105396	0.19059450069440562	0.1186514488928593
0.18529064094937914	0.04060505349249886	0.1901857973903539	0.1292460585794274	0.061176089204353024	0.05275943234867045	0.21091563710094513	0.12982129093437184
0.211751261800529	0.047048383328026674	0.16874476848202177	0.11631323205106772	0.0802507543450657	0.07453727400977847	0.18000624357502576	0.12134808240848464
0.23420337806678487	0.038052534726494475	0.20881511048662277	0.10642375152032445	0.03060389598747386	0.07105411100730058	0.20181552795188915	0.1090316902531096
0.2380999998203699	0.04443364141771074	0.22506538807221002	0.10137006304172956	0.026122758168196702	0.04305473318510969	0.16622891572454399	0.15562450057012925
0.27315285592609195	0.05486959138069178	0.1607684452907633	0.12761390193018657	0.036137599855686015	0.03987001135263393	0.19982040891115924	0.10776718535278687
0.13436944561974956	0.04824119725463645	0.2403564258062662	0.07858922719851319	0.07273425519908683	0.04276479681887835	0.22604327974269273	0.15690137236017646
0.21548719576580522	0.054355349871042416	0.20002825643111938	0.11312422806635691	0.028090079078964256	0.07279848779286582	0.19836872336975042	0.11774767962409527
0.1858146444981451	0.04626468826683508	0.1984764541202157	0.13621893511643576	0.06744461056785077	0.07050349453068556	0.18919585280887136	0.10608132009096034
0.2100066677913695	0.04710007945016059	0.20503665493890622	0.1026489747549337	0.04460313778987221	0.05481064165010249	0.18087939578571505	0.15491444783894004
0.12384338613881843	0.048990719178065634	0.2380647391447968	0.1092635954286396	0.0687547178335562	0.09525778947393013	0.16496263709438738	0.1508624157078056
0.20705441366793448	0.04521966833075078	0.1673982072966143	0.12764409233398255	0.024849366359734337	0.08041316309743923	0.22732550987686445	0.12009557903667964
0.22364603387997478	0.05090135934235482	0.1718693257672627	0.08931449763410881	0.043506095602952446	0.09326927295683113	0.18170250544523728	0.1457909093712778
0.16004447875354647	0.05300245639826834	0.20058213373598005	0.09179396215203589	0.05711358490248311	0.11053882701213565	0.17936787587343708	0.14755668117211318
0.16944377753893122	0.0453456957286686	0.23150870729582568	0.10118105002106484	0.03347360511310542	0.10597432708373603	0.1848801191087675	0.12819271810990046
0.2608121454330019	0.046886839227126845	0.16677710294795325	0.08575551399444911	0.03116071132858017	0.09970415525791942	0.18686373299903272	0.12203979881193627
0.20994848077684614	0.0429568879606808	0.1759205459324787	0.122092329440161	0.08091513071977714	0.05132459270504487	0.18629255416134155	0.13054947830366953
0.15387468844497956	0.039819230896238456	0.22654117878777458	0.12205243323162338	0.07283477827254872	0.09157758142653322	0.17974974026529156	0.1135503686750103
0.2804445012387922	0.0395882774843893	0.1723418898264502	0.09872914658169059	0.03621266595676699	0.07288999716761776	0.1894611440957763	0.11033237764851633
0.21189546603741516	0.052404315635015145	0.17945200663026697	0.11634143035888683	0.04131125641079372	0.09918585102225828	0.20147317250154217	0.09793650140382146
0.19764301891684763	0.05016204533974637	0.20821205005009769	0.12572967412548897	0.03383172777912728	0.05489378164816079	0.1748119683915676	0.15471573374896336
0.2420032066324433	0.04293102324615598	0.21189654889669268	0.08132508789703838	0.03367625934667455	0.058322249424996045	0.17669454031652812	0.15315108423947071
0.14778662329479247	0.0535476067862581	0.2067109976686377	0.0922215378641677	0.06895385307356913	0.11032544217074032	0.18309599607883026	0.13735794306300408
0.27344026425658474	0.04425237125088338	0.20566761180909277	0.09774039701430252	0.04343106085422001	0.03910035166345721	0.16521959372085354	0.1311483494306056
0.26924708522620205	0.03761245161755106	0.183473753421999	0.10673919063663959	0.02516847781075754	0.08415987800924889	0.1814677537621961	0.11213140951540548
0.23469669594979115	0.03809285604437995	0.17260366725861442	0.10983791235254692	0.05792095021141838	0.11592623550990962	0.16412281434384896	0.10679886832949034
0.17508885523981177	0.05198998226375211	0.22187188784493228	0.1088938023588755	0.030430068310784153	0.09871068919045212	0.20681960163872404	0.10619511315266776
0.16627005587531818	0.054579162483306576	0.20938824672815093	0.08475914227721781	0.04491306734505132	0.07871767046519612	0.2047692530473206	0.1566034017784382
0.13634572207772094	0.04716870113858419	0.19916064800413646	0.11879705243573162	0.07401747392082317	0.07443698593459531	0.22122365120061838	0.12884976528778966
0.21921661075574736	0.05429306813478153	0.16504749985873035	0.1032175357489451	0.07746015985164266	0.08419181329688792	0.18507893222713628	0.11149438012612856
0.15809858362451298	0.03722744152260715	0.24071099860991896	0.10058719233085753	0.061206001291892076	0.05728200454035309	0.20652943709993088	0.13835834097992714
0.19024935952389282	0.047020104272285604	0.2155543703209256	0.1369980750644968	0.060216670438427086	0.0494911128888357	0.18655023299619589	0.11392007449494021
0.1979989066508791	0.05355469716713257	0.22732140657660319	0.11521094037058148	0.05149709705907268	0.03904182249307875	0.20652733270934534	0.10884779697330667
0.19328451202488695	0.03622883924206999	0.23408048363587597	0.08890869759978984	0.045661254779077856	0.07019978235615643	0.2119511012728598	0.11968532908928299
0.11465350741212528	0.045484832255955426	0.23963744540394882	0.09943019581595089	0.059355769611553186	0.10044239491049743	0.18047592844309315	0.16051992614687557
0.20813982353295613	0.0475015375101656	0.22487395960794837	0.09153373061874254	0.03296581473774497	0.11060570523087018	0.17567379324437662	0.10870563551719532
0.1798455587087113	0.04848335794505121	0.23449244692533394	0.11368099249584802	0.04582932112709198	0.0830161968809002	0.19556443239504084	0.09908769352202224
0.14732785589703096	0.04122117886321672	0.2367601452146383	0.10838197989648854	0.063236364730546	0.057423267518701776	0.18681832567081066	0.15883088220856678
0.2052770261684533	0.051175009970805194	0.19707391880472258	0.12089450891992135	0.024746924412473018	0.0654207592327314	0.22299336792542596	0.11241848456546696
0.2651479243448648	0.046623590177896246	0.20318188887291994	0.10176373578159612	0.023199043164585043	0.044363300991341545	0.18100153736501892	0.13471897930177718
0.18035160501505726	0.04658346448788532	0.24206502634014238	0.1090832404045208	0.029545895653193446	0.04452188147278226	0.209748886821443	0.1380999998049753
0.20276751028337678	0.05520231441673143	0.17423007807472496	0.09196645367336911	0.07578178963304437	0.10941354853774543	0.19226520573209882	0.09837309964890882
0.1651194148311729	0.03983504333218535	0.22616498737208424	0.11172779557543243	0.03638094414348243	0.0841102216827581	0.1846537916494465	0.1520078014134378
0.27325776415475117	0.041446684633021424	0.1612298300372256	0.08162435080047943	0.03580654049627552	0.09122454605588048	0.1830349155555533	0.13237536826681284
0.15351339840997485	0.04119568701488242	0.21039247033226632	0.1279789560733027	0.08049532920746864	0.08909123488444774	0.1807880311385127	0.1165448929391444
0.17040474688689972	0.05435000833587296	0.2137042231219187	0.08419761907848147	0.048420954682918155	0.08178336046402371	0.2183915955922576	0.1287474918376275
0.22364382974850516	0.041490126290283466	0.20716853102052635	0.0955663768411276	0.03530475031043831	0.0859556394985394	0.20245563914115236	0.10841510714942706
0.219349353923033	0.05063723510503801	0.173181650502303	0.10589870731551285	0.07209956672518938	0.06884746433185054	0.20875876195521947	0.10122726014185346
0.1202541679378869	0.053344416195089964	0.21713690661320456	0.13314652703418256	0.07282623456434119	0.0829267306031139	0.17900607869172777	0.14135893836045293
0.27240976075568	0.05025583512462817	0.18514661988744738	0.10394872825377738	0.025417375324859923	0.06647839789453577	0.1749374938241903	0.12140578893488077
0.13441267850847033	0.05675128959209104	0.18043334305640316	0.13052097951541353	0.08322981119709918	0.056978370581713636	0.2008116299878986	0.15686189756091032
0.18469539481398053	0.04479820210855866	0.18660268079451045	0.0972747588780302	0.06831485161373331	0.11446851088488831	0.17970855917121176	0.12413704173508654
0.1709975877012068	0.047931919746500476	0.16872446708042013	0.08968468064564103	0.07757581810315503	0.06779526752875015	0.21922020183147245	0.1580700573628537
0.14066788927293222	0.05493883514991467	0.199932092691829	0.105343580780719	0.05621908114902313	0.10480717401725757	0.22344071376778155	0.11465063317054272
0.21117915311478397	0.052689061845653695	0.1960451811799449	0.13630649770127706	0.0695619493130814	0.07152389184204758	0.16250896537027798	0.10018529963293323
0.2609761970373077	0.04649014057630754	0.17999140067621974	0.09751398839274782	0.03945933821000512	0.0820286426129693	0.17786457279528983	0.11567571969915265
0.24694200971649116	0.04908242829176554	0.22103108842786054	0.09352004404892894	0.04306642804084253	0.04310066733374873	0.18183290266112911	0.12142443147923315
0.14406439632295706	0.054008424817993075	0.22544096560228233	0.11137009405291036	0.08143892942849798	0.06062620598230571	0.22382759133344904	0.09922339245960421
0.2689627810326549	0.054281932033036745	0.18061675881876563	0.0785577437200583	0.0818709985460542	0.04009955663399693	0.18686680131518515	0.10874342790024788
0.25676492801905965	0.04193596959427402	0.16778999776073225	0.07977359704546395	0.08161193862785662	0.07832082766492934	0.17384912880220804	0.11995361248547588
0.2853920393426928	0.04122710794963612	0.16484971183414915	0.08401948162076976	0.05265493385731648	0.06291277447160734	0.17099245828548207	0.137951492638346
0.1522334083885681	0.04678500126401666	0.2367263831765922	0.0990348485389401	0.049254056477337466	0.10354730475078743	0.19612118930831007	0.11629780809544776
0.14649596718397684	0.053843581353910916	0.2078282029717609	0.12074121491117	0.05722765522103665	0.09339275980989778	0.17089811621128137	0.14957250233696534
0.21078379647492135	0.056577333068423	0.19684764018818368	0.07961417563041068	0.07209729809688409	0.05122351615020104	0.2235005733849409	0.10935566700603508
0.15369780539357086	0.0545823442428402	0.2337996053334037	0.09465382852731338	0.05429235036976303	0.0806273923770105	0.1667085858300338	0.16163808792606438
0.26942477866500847	0.048657026961830274	0.20465242277450202	0.09069287283535417	0.028716593313980868	0.06070149624537921	0.18951457935021637	0.10764022985372834
0.24659496064395986	0.052212883704092855	0.1956454123950954	0.09133593193490006	0.06298052110302083	0.0575082920423691	0.18867683715521844	0.10504516102134331
0.2561318627790136	0.051262466674157334	0.20869694116523907	0.10971701891865607	0.03811869139924763	0.04595779642469415	0.18130246477404238	0.10881275786494951
0.23916311240683508	0.045580819816255	0.2082063703449058	0.09870603497562773	0.05387352959308278	0.08675540251852283	0.17015512240408598	0.09755960794068459
0.15812520488448262	0.05662928950176287	0.18977875752780227	0.08731456436736573	0.05867546490279982	0.07632254232465269	0.212249700243082	0.16090447624805182
0.17569476464387898	0.03870118723502025	0.20363838606520618	0.12586769313277613	0.04612235917156306	0.09439537046535973	0.2177678807547169	0.09781235853147852
0.20087851462492717	0.04335121244668305	0.19840042765874757	0.09485078073377337	0.023605719385808036	0.10008226692429817	0.19986303722916715	0.13896804099659524
0.19173516268564972	0.051124010654096996	0.1574840496848809	0.08353688518422508	0.0690140673409225	0.11313928199652064	0.2059350952913679	0.12803144716233605
0.12822506015357626	0.05219877402729098	0.17317304819533247	0.12151643890441696	0.0383370744845314	0.1100798350866845	0.2111777949678406	0.16529197418032665
0.12162854504238936	0.04738953666954422	0.22301132587661548	0.08743300831117876	0.07778152484618342	0.11566711826842241	0.18701818435839068	0.14007075662727536
0.2708420287022089	0.040651137089559516	0.1849587240725461	0.07825856361982476	0.055586240300011094	0.06616368262789543	0.18950690612555807	0.11403271746239577
0.14445030802794526	0.047006787911467576	0.1943829071225402	0.13592348179888153	0.06663732850439208	0.11549748055598019	0.1814560570414846	0.11464564903730835
0.17389108968666894	0.041404277828251096	0.17179980856344496	0.08646724531576716	0.05667410554877003	0.09375168432438707	0.21997670864338437	0.15603508008932615
0.25171780789198656	0.0409058547493512	0.18016486939905094	0.09967883310855258	0.03053459664041873	0.08643302462523406	0.2126092006233975	0.09795581296200818
0.16729848584577606	0.05309564996535998	0.23126057033737693	0.10921715102603623	0.07407488772762333	0.05284857661596526	0.17950679384003845	0.13269788464182358
0.21062807619103813	0.05423699618032056	0.19039820094919685	0.07816088492915765	0.07281168169549275	0.04805098463033135	0.19050349590495103	0.15520967951951145
0.14433336136769073	0.04441131695225993	0.23323847522750085	0.12575621503095616	0.05957168017256283	0.07058871689824564	0.1990688997751407	0.1230313345756429
0.1993492868524267	0.03675402878080043	0.21643844003577717	0.08794456086007028	0.058340950087696714	0.08781569734908344	0.2008684079046113	0.1124886281295337
0.21657171238420558	0.04447787322139114	0.2009292920076391	0.11768287192295356	0.04737962246514735	0.0451286188200328	0.16142328769619113	0.16640672148243907
0.1879339063587785	0.04731913727824914	0.1639899489714607	0.11123337126842929	0.053274994077584154	0.10746155641673606	0.18465165263004027	0.14413543299872167
0.22895019652726234	0.041484969553857845	0.16216550945266023	0.1165266923833668	0.03457679593892184	0.059932776037975685	0.19628017473285045	0.16008288537310453
