0.3504839862307646	0.3994990194769675	0.25001699429226804
0.35022167075715116	0.39949635917963705	0.2502819700632119
0.350747002928364	0.3994967771321867	0.24975621993944938
0.35071481786945663	0.39933829262595444	0.24994688950458904
0.3507503705147757	0.39905996672454525	0.2501896627606792
0.35083178248577973	0.39927420574231104	0.24989401177190934
0.35029037785107503	0.3993219479158402	0.25038767423308494
0.35046262026544595	0.39944592410002083	0.25009145563453333
0.3496775986354812	0.40043230569799504	0.24989009566652393
0.35026707345901553	0.39969901987934714	0.2500339066616374
0.35007662865630673	0.3995193760432009	0.25040399530049245
0.34971454179801154	0.40032278058768506	0.24996267761430352
0.3500354945448052	0.39953936179861316	0.25042514365658175
0.3500586233702992	0.3998984780455783	0.2500428985841226
0.3503767842723855	0.3992913896023416	0.25033182612527294
0.3504361362287473	0.3992086444919572	0.2503552192792956
0.35008693057147	0.40009463088841657	0.24981843854011354
0.3505992228074677	0.3991812535191356	0.25021952367339684
0.34981056262877264	0.4001027018529115	0.2500867355183159
0.3501542553068277	0.3994994872454356	0.2503462574477368
0.3505250784620765	0.399697078480326	0.24977784305759765
0.35085987846970496	0.3989734772543939	0.25016664427590124
0.35010890996575106	0.40024174981298893	0.24964934022126012
0.3504688589379583	0.39975802184159226	0.24977311922044954
0.3504797533388069	0.3994652086805981	0.25005503798059514
0.3505694785520384	0.3991708419896548	0.2502596794583069
0.34986557148227265	0.40027728170995197	0.2498571468077755
0.3500050973422848	0.39976954367485085	0.25022535898286447
0.34988336674044257	0.4000686760707956	0.2500479571887619
0.35019232202693135	0.3999372973687384	0.24987038060433034
0.35055408438947705	0.39953008308252075	0.2499158325280023
0.35087226568763064	0.3993854208613115	0.249742313451058
0.3504639887252362	0.39919378797139743	0.25034222330336653
0.35068352425769034	0.39918850973043624	0.25012796601187354
0.3509258430850961	0.3992394907825501	0.2498346661323539
0.34997955495866007	0.39990626994652445	0.2501141750948156
0.3505714641118483	0.3995625744019872	0.24986596148616458
0.3507587844396516	0.3994994923958285	0.24974172316451998
0.35052578024486286	0.39983167095228606	0.24964254880285122
0.3505542418792684	0.3995407149311426	0.24990504318958903
0.3497952003912359	0.3998850697635631	0.2503197298452011
0.3502501229627143	0.39957511623153896	0.25017476080574685
0.34980530341635896	0.39982943798871545	0.25036525859492575
0.35048126176486105	0.399201419909652	0.250317318325487
0.3500851079303206	0.3999124987500259	0.2500023933196536
0.35033975542946394	0.3999598176360074	0.24970042693452882
0.35047199947899577	0.3993602171272155	0.25016778339378887
0.3504007061792739	0.3997597893719147	0.24983950444881153
0.3503653860785322	0.3998745033906775	0.24976011053079042
0.3501768036379825	0.3995177755158055	0.2503054208462121
0.3507300335872705	0.3991023326574405	0.25016763375528916
0.3505965115960587	0.39921087846033076	0.25019260994361064
0.3502607861129009	0.3994095560319676	0.2503296578551316
0.3508670141473778	0.3993855675029784	0.24974741834964392
0.3496793828201154	0.399967894354444	0.2503527228254407
0.3505298099639894	0.3993635806505804	0.2501066093854303
0.3501641156539696	0.4000622289852037	0.24977365536082677
0.3497588562035967	0.3999924940446293	0.2502486497517741
0.34987415586513415	0.40014779674042683	0.24997804739443916
0.349654230022731	0.400477259466321	0.2498685105109481
0.34984194169310057	0.39987719871275196	0.25028085959414753
0.3499326139628733	0.3997050590166964	0.25036232702043043
0.350373036233192	0.39989835345302877	0.24972861031377935
0.3503484425045808	0.39920169988225884	0.25044985761316046
0.3505439905201801	0.3994820929636185	0.24997391651620154
0.3502620015272738	0.39938844951240565	0.2503495489603207
0.34979577033283793	0.3998294553952133	0.2503747742719489
0.349661370733515	0.40002338937184556	0.25031523989463955
0.34986433828609564	0.4002022195688959	0.24993344214500854
0.3499248332214975	0.3999693716618991	0.2501057951166035
0.34986160289495705	0.4002425630349943	0.2498958340700488
0.34971655552377845	0.3999755632288964	0.2503078812473253
0.3498763105845946	0.40046435430261534	0.24965933511279018
0.3500891617167344	0.39958283280551155	0.2503280054777542
0.3509441226370776	0.39935339836762485	0.24970247899529774
0.34980071510906174	0.400064882090826	0.25013440280011234
0.3497616809715233	0.40024512330970746	0.24999319571876932
0.35087217750456673	0.39905572669388295	0.25007209580155043
0.3507368718516027	0.3991728925060616	0.2500902356423359
0.35094887037521744	0.3994104832711721	0.24964064635361052
0.35003657669319044	0.4000781936936507	0.24988522961315895
0.3502435086559813	0.39972030218348603	0.2500361891605328
0.35089998635771985	0.39910259394515585	0.24999741969712438
0.3503699665167216	0.3997301427113539	0.24989989077192465
0.3497986157496302	0.39982497432622555	0.25037640992414434
0.35066329969108234	0.3992463116357035	0.25009038867321426
0.34977521435796954	0.4002839319939564	0.24994085364807417
0.3505068072427386	0.3995170888835102	0.24997610387375135
0.3501614405665618	0.3998231304618759	0.25001542897156237
0.3500468762983576	0.40008911734932046	0.24986400635232206
0.35089331139779567	0.3990394574324783	0.2500672311697261
0.35065042047475825	0.3996844080459413	0.2496651714793005
0.3504456738185684	0.3998492890547356	0.24970503712669612
0.35065547525836976	0.3996645321385938	0.24967999260303653
0.3503716531479529	0.3995779607200636	0.2500503861319836
0.350533156944427	0.3993329338017757	0.2501339092537974
0.35054837748155626	0.3993098213795841	0.25014180113885975
0.3504150995380483	0.3994536121967699	0.2501312882651819
0.3509477030373459	0.3990550566313893	0.24999724033126489
0.3497212364062937	0.3999245853451546	0.2503541782485518
0.3502389697259781	0.4001404786017666	0.2496205516722554
0.34971417316094866	0.4002907694608099	0.24999505737824157
0.35024942849465146	0.400105897023733	0.24964467448161567
0.35081133546794857	0.399036915721664	0.25015174881038754
0.35038293441176827	0.40000657682975393	0.24961048875847797
0.3501262963508089	0.4001826952679938	0.2496910083811974
0.3504734494292816	0.39990921674593843	0.24961733382478007
0.35093413224860204	0.39916300060914506	0.24990286714225304
0.34964988619630566	0.3999324672528066	0.25041764655088783
0.35019558922383803	0.39960238047822005	0.25020203029794197
0.35090189912250735	0.39904392009087797	0.2500541807866148
0.35090273505328257	0.3991214410673956	0.2499758238793219
0.3502791468384413	0.39942103987395267	0.25029981328760614
0.3503079941677463	0.39976938523642386	0.24992262059582998
0.3505550493348487	0.3993675123212877	0.2500774383438637
0.3502819345118718	0.3998717388455124	0.2498463266426159
0.3507376639929717	0.39935076816300474	0.2499115678440237
0.3505155336982085	0.3994957914053614	0.24998867489643029
0.3497517198963647	0.400099635643314	0.25014864446032137
0.3505258824003116	0.39971733352954963	0.24975678407013888
0.349664370009664	0.4001153812187628	0.25022024877157334
0.35075476521264476	0.39908854260668825	0.25015669218066716
0.3500032498815095	0.3999888495319968	0.2500079005864938
0.3500935029411929	0.3995815122795755	0.2503249847792317
0.3503954313371966	0.3997065304138174	0.24989803824898618
0.3496990087577253	0.4000605174111046	0.2502404738311702
0.35065549365900833	0.39936920689073796	0.24997529945025387
0.3499293469916159	0.4000137226529438	0.2500569303554404
0.35059776794516395	0.39911516841382805	0.25028706364100817
0.3505904986919886	0.3993593750403668	0.25005012626764467
0.3500698551703213	0.399501966740368	0.25042817808931084
0.35004189049207196	0.39972846910163157	0.2502296404062966
0.3507921279114332	0.3993564462533431	0.2498514258352238
0.3500490996206947	0.400052649073771	0.24989825130553445
0.35022447176955135	0.3996482328117691	0.2501272954186796
0.3501009746360473	0.4000391160166011	0.24985990934735172
0.35081130418117595	0.3991739200096781	0.2500147758091461
0.3496426806058591	0.40045433394118346	0.24990298545295758
0.35055797615718826	0.39978499196024553	0.2496570318825663
0.3498797216341714	0.39966876996443224	0.25045150840139646
0.3497298732801001	0.3999062908142571	0.25036383590564293
0.34974307818094164	0.400213171257625	0.25004375056143346
0.3497848254927341	0.4001264312394922	0.2500887432677738
0.3504025658689164	0.39963281366276204	0.2499646204683217
0.35087584764329804	0.39945030231773554	0.24967385003896655
0.3502068737935968	0.40005342167463265	0.2497397045317707
0.34961864887710603	0.40037908302994285	0.25000226809295123
0.35058144598121294	0.39978938426440663	0.24962916975438057
0.35090195041478467	0.3990719954782489	0.25002605410696654
0.35011057632952935	0.4001479240687248	0.249741499601746
0.35069266273226135	0.3989577819662662	0.25034955530147257
0.3506494214910852	0.39905940502303555	0.25029117348587937
0.35082169167606925	0.3994885282906778	0.24968978003325304
0.3503313353280261	0.3994870513714549	0.250181613300519
0.3496889151571561	0.40002263732337795	0.250288447519466
0.3508882625786467	0.3993209976371094	0.24979073978424404
0.3503750232705222	0.39970465711261877	0.24992031961685912
0.35028169839726975	0.3995123691964174	0.25020593240631295
0.35059214464263444	0.3991394094158537	0.250268445941512
0.34963234573407653	0.39996838540755664	0.25039926885836694
0.35086002300712116	0.3989522521385789	0.2501877248543001
0.3506433425039109	0.3991432495004834	0.2502134079956058
0.3505122741947657	0.399092571232903	0.2503951545723314
0.35000416760135367	0.3996909154748711	0.2503049169237753
0.35055298771156346	0.3990257816894185	0.25042123059901816
0.35031214434853736	0.39981215930975605	0.2498756963417067
0.349928505586819	0.4004020397398249	0.2496694546733562
0.35026601751624475	0.39941770247350605	0.2503162800102493
0.3505053243515403	0.39954905463754864	0.24994562101091117
0.3496317795348659	0.40040012674336156	0.24996809372177264
0.350862806184521	0.39911168373670364	0.2500255100787755
0.3496815225328605	0.40036587337977203	0.24995260408736758
0.350476895663172	0.3996473106587485	0.24987579367807963
0.35028204090100007	0.3993345670569141	0.25038339204208593
0.3500661154868723	0.40000409305535656	0.24992979145777128
0.35094765306075626	0.3990029436087669	0.25004940333047687
0.350854571850674	0.3994521190066741	0.249693309142652
0.34953712547479693	0.40026068362635314	0.25020219089885
0.3502021157389122	0.39964653560145447	0.2501513486596334
0.3507140515278068	0.3994838796103926	0.2498020688618007
0.35083553553827307	0.3989611464764245	0.25020331798530254
0.35089186573103603	0.39934153281515916	0.24976660145380492
0.349741492947111	0.40025956497223314	0.249998942080656
0.3498514485402393	0.39998656781497655	0.25016198364478426
0.35002394370328616	0.39972082604212034	0.2502552302545937
0.350074389693435	0.399492245572916	0.2504333647336491
0.3497539062570007	0.4003031481650282	0.24994294557797117
0.3506568640406327	0.39900414057548306	0.2503389953838844
0.3501574748477651	0.3999932013719073	0.2498493237803277
0.35066418534187194	0.3995095571099765	0.2498262575481517
0.34980187089128384	0.4002643230197765	0.24993380608893978
0.34971266963702846	0.40013494970930813	0.2501523806536636
0.35019989616648356	0.3997354976421458	0.2500646061913708
0.3504776083090237	0.3998933038858431	0.2496290878051333
0.35003477092144947	0.39991967979794574	0.2500455492806049
0.3507239062872897	0.39953568140706575	0.24974041230564467
0.3496312523346707	0.40026936235333593	0.2500993853119935
0.3500624764724953	0.3996248393852675	0.25031268414223734
0.35039817488501607	0.39993216090373696	0.24966966421124703
0.3498116444828404	0.399983983105938	0.2502043724112217
0.34976478143615075	0.4003637174876191	0.24987150107623024
0.35016522417043194	0.39990290928490024	0.24993186654466792
0.35059425659627647	0.3997084910277903	0.24969725237593332
0.3496930480698064	0.4004734697148787	0.24983348221531504
0.3509260527922333	0.39937272331928597	0.24970122388848087
0.3500582384943828	0.3998731660796769	0.25006859542594045
0.3507401404616546	0.3991005931439061	0.25015926639443936
0.350563430210291	0.3998005271657362	0.24963604262397288
0.35078451024215906	0.398999602035381	0.25021588772246
0.3502026579673497	0.40006369152379184	0.24973365050885862
0.3499853649889282	0.3997109759734674	0.25030365903760454
0.3497909064663304	0.4001229164635951	0.25008617707007463
0.34974943467563924	0.4004781929356209	0.24977237238873995
0.3497177613725214	0.40019442157251506	0.2500878170549637
0.3499036798244366	0.40035961717852936	0.24973670299703415
0.3509343600878922	0.39936670722508044	0.24969893268702748
0.35091507012049844	0.399218348932662	0.24986658094683967
0.35051745671402945	0.39906446522309186	0.2504180780628788
0.3499632485160509	0.4002165910802328	0.24982016040371646
0.349634833261089	0.400469138805294	0.2498960279336171
0.3498952835291399	0.4004120761965077	0.2496926402743525
0.3504406569384293	0.3996263145871814	0.24993302847438942
0.3499689363160597	0.4001281641662805	0.24990289951765995
0.35021914329523496	0.40010975305940194	0.2496711036453632
0.3498404715323255	0.40040826261878293	0.24975126584889165
0.3501701706624613	0.39989453960107574	0.24993528973646303
0.34985814424570405	0.39969501838881916	0.2504468373654769
0.3497221818190168	0.3999944249832828	0.25028339319770043
0.3507122607913527	0.39919052827009766	0.25009721093854975
0.3508483850545057	0.3995061915921395	0.24964542335335488
0.3503886700524669	0.3995105490560214	0.25010078089151183
0.35059774968261564	0.3996136228259308	0.24978862749145364
0.3497045661486762	0.40021923859993425	0.2500761952513897
0.3505702794700308	0.39948741093398327	0.24994230959598607
0.34998326009541675	0.39957866575501266	0.2504380741495707
0.35063840021305165	0.39916019860914576	0.25020140117780265
0.35084636072459185	0.3989992764491746	0.25015436282623366
0.35054677411166135	0.39905398765022965	0.25039923823810917
0.3501334407167257	0.39952303965533886	0.2503435196279355
0.3499219731225532	0.3999747147494885	0.25010331212795844
0.35023164141527724	0.4001150070641627	0.2496533515205602
0.34999164622793943	0.40029746938716015	0.24971088438490052
0.3504356972257868	0.39912227314537674	0.25044202962883655
0.3497299320663589	0.40030565165357884	0.24996441628006238
0.34993513260254133	0.39984813162287713	0.25021673577458164
0.3501333218717163	0.40000502608864746	0.24986165203963634
0.3498870159946311	0.39995927305262197	0.250153710952747
0.35059357882024794	0.39921431351804126	0.25019210766171085
0.35012253631311413	0.39953077306109586	0.2503466906257901
0.34956237042344007	0.4000941963918992	0.25034343318466085
0.3501163854967704	0.3994318005518214	0.25045181395140836
0.3498832999407351	0.3997915693425868	0.2503251307166782
0.3502370241013583	0.39962129170755933	0.25014168419108246
0.350100995303863	0.40003914788168565	0.24985985681445144
0.35012209378619724	0.4002107837226911	0.24966712249111178
0.350493386846626	0.39977385690639156	0.24973275624698252
0.35029780846208936	0.3996702350576932	0.25003195648021753
0.35050122943302103	0.39913768542339195	0.2503610851435871
0.35056647091626314	0.39979873683296	0.24963479225077695
0.3499853515955905	0.4000221462306578	0.2499925021737518
0.3507185454494677	0.39904893634929783	0.2502325182012346
0.3499474110972053	0.399797985795455	0.2502546031073398
0.3506977717081602	0.39930421956001566	0.24999800873182426
0.3503694152387346	0.39964918149219175	0.2499814032690738
0.3507194310019416	0.39954994818093525	0.2497306208171233
0.3507461733157369	0.3993033420148773	0.2499504846693859
0.35060136444430856	0.3994382617182753	0.24996037383741626
0.35018260100637993	0.3998360072213344	0.24998139177228582
0.3501264611134346	0.40022128992153916	0.24965224896502636
0.35001289678895897	0.39964609796134304	0.2503410052496981
0.3500506799505792	0.4002504109662458	0.2496989090831751
0.3498728714732742	0.3997626885854294	0.25036443994129653
0.3502872507633474	0.3997178864984373	0.24999486273821545
0.3504294341794435	0.3995878768977228	0.24998268892283382
0.3507968645586499	0.399307782796746	0.24989535264460425
0.35037521858739296	0.3993597440400853	0.2502650373725219
0.3500118202479288	0.39975882823367387	0.2502293515183974
0.3497764676724343	0.4001499911784843	0.2500735411490815
0.349988383499706	0.40026100177330015	0.24975061472699392
0.35040743136768926	0.39940852419367534	0.2501840444386355
0.35004620390684116	0.3995695469895534	0.2503842491036056
0.3495573669380157	0.4001420569246932	0.2503005761372913
0.35008066879701566	0.3998486810803298	0.2500706501226546
0.3500948006698642	0.3998722744669988	0.2500329248631371
0.35076037079378786	0.39930252762176544	0.24993710158444687
0.3504114635577643	0.39918354751887813	0.25040498892335766
0.3503464116779614	0.39939988929823794	0.2502536990238008
0.35048470445690844	0.3991526229301401	0.2503626726129516
0.3501293049090985	0.4000742051294541	0.24979648996144754
0.3501907233979328	0.399377808652653	0.2504314679494144
0.34983937808170884	0.4003564093114998	0.24980421260679148
0.3500102075373338	0.4002377884133751	0.2497520040492912
0.35036973615744643	0.39990257656348904	0.24972768727906458
0.34973748942176736	0.4001638273612212	0.25009868321701156
0.34987158529977064	0.3997914063331056	0.25033700836712386
0.3504173195981238	0.39957972442235146	0.2500029559795249
0.34987458556844625	0.4001599287070984	0.24996548572445548
0.3505799540668108	0.3989805586604308	0.25043948727275855
0.35064661253049395	0.39949185246389596	0.24986153500561017
0.3501195086057167	0.3998516516174017	0.2500288397768817
0.35009761134900874	0.3995850503758223	0.25031733827516905
0.35046545705357	0.39946253904291096	0.25007200390351914
0.3504582770401503	0.39937167530988066	0.2501700476499691
0.3504471106235031	0.3994035990898862	0.25014929028661076
0.35044607253134824	0.3996993414305241	0.24985458603812777
0.35015858561910873	0.3996373234184897	0.2502040909624017
0.34961372581133476	0.4002063327617162	0.2501799414269491
0.3500964860018751	0.39982381800985967	0.25007969598826535
0.34971956395820325	0.4001494059286892	0.25013103011310767
0.34999306875686265	0.3996998319355237	0.25030709930761375
0.3506626926253844	0.3994501396703154	0.24988716770430033
0.3506184647709259	0.3990401545919974	0.25034138063707684
0.3502719637195232	0.399979618998042	0.2497484172824349
0.3502080861072392	0.3999199719590632	0.24987194193369772
0.3498079574127191	0.3997930350802622	0.2503990075070188
0.35062996417389425	0.3990490448782986	0.25032099094780724
0.3498333730903016	0.39974694806096533	0.2504196788487332
0.35042636089023305	0.3996713399880727	0.24990229912169432
0.3505247266672156	0.39925915126595557	0.2502161220668289
0.35053334107508227	0.39977514745761866	0.2496915114672992
0.3505364428742393	0.3991145198392645	0.2503490372864963
0.34988333270211064	0.4004779258905623	0.24963874140732717
0.3498882705421693	0.40044271603511006	0.24966901342272071
0.3498359611493823	0.3999146774672374	0.25024936138338033
0.3498992967528182	0.3996650453053571	0.25043565794182476
0.35060290026981444	0.39922701198215743	0.2501700877480282
0.3502202372920355	0.3996596054620396	0.250120157245925
0.34973842324473325	0.4004077213598484	0.24985385539541843
0.34970378886767195	0.40016798815298876	0.25012822297933945
0.35042189492362374	0.3996189094743586	0.24995919560201782
0.35010734775426006	0.3994440305570714	0.25044862168866866
0.35057894322589833	0.3990455913359386	0.25037546543816314
0.3502648505041981	0.4000688226566972	0.24966632683910486
0.35013018089973164	0.39993173891808387	0.24993808018218455
0.34998026220825434	0.3996559778035945	0.25036375998815125
0.3501824093196268	0.3994670242769034	0.25035056640347
0.350687587877765	0.3993954860326403	0.24991692608959482
0.34992489235729973	0.40042973004106147	0.2496453776016389
0.35020109013802764	0.40006463074428805	0.2497342791176844
0.35037518155749786	0.39962760537018094	0.24999721307232126
0.34999037173038916	0.4003391732040828	0.2496704550655281
0.3502788541763807	0.4000663620943502	0.2496547837292692
0.3506074885001026	0.3990174571094356	0.2503750543904619
0.3495943318564273	0.40026596452672675	0.250139703616846
0.3506745691174559	0.3993449776223241	0.24998045326022006
0.35034877399962805	0.3997604323003459	0.24989079370002615
0.34977670463629057	0.3997872277614469	0.25043606760226267
0.34962354898046827	0.4004585896648155	0.24991786135471633
0.3500455872372589	0.4003010084612318	0.2496534043015094
0.34954727071216696	0.40038284266878443	0.25006988661904866
0.3506501955535171	0.39932617873572596	0.2500236257107571
0.3503764172764433	0.3995680421193486	0.2500555406042082
0.35021789530707936	0.4001146283505159	0.24966747634240483
0.35057485523124043	0.3991418505520764	0.25028329421668327
0.3501252956428027	0.39952784594742813	0.25034685840976934
0.3506881519281448	0.39959069887216403	0.2497211491996913
0.3501115699336993	0.4000083304218818	0.24988009964441907
0.3497325728745124	0.4003036659030711	0.24996376122241665
0.35062078422586374	0.3991682889974839	0.2502109267766525
0.3497225170898893	0.4000518718469894	0.25022561106312136
0.3496199482704475	0.40005968790535595	0.25032036382419665
0.35057030936654887	0.3995462229854026	0.24988346764804864
0.34987729891351343	0.3998558630541307	0.250266838032356
0.35011032377079226	0.4000723763574179	0.24981729987178997
0.34989169665806247	0.40033437834252456	0.2497739249994131
0.3500066142608005	0.40029476771043193	0.24969861802876764
0.35067737745502	0.3995129165204644	0.24980970602451574
0.3501613151053121	0.4000153561850257	0.24982332870966228
0.35053904805225894	0.39984414913314986	0.24961680281459128
0.3508302130689132	0.3990652930098063	0.2501044939212806
0.3504917671058155	0.39969014045303786	0.24981809244114678
0.34980292203348917	0.39983539841039395	0.250361679556117
0.3499084957411073	0.4002496674637908	0.24984183679510202
0.3497609953973522	0.4001268990372696	0.2501121055653782
0.3498741260015875	0.3998128433860103	0.2503130306124023
0.35038292959862966	0.3993955372340473	0.2502215331673232
0.35052244147910416	0.3992286037968733	0.25024895472402264
0.35001757329800964	0.4001662150806317	0.24981621162135878
0.34961560198925606	0.399968382211418	0.25041601579932604
0.350033779980507	0.39956524693380524	0.2504009730856879
0.35092200964952547	0.39900478763806324	0.25007320271241146
0.35085524494703124	0.3993491456501955	0.24979560940277332
0.35053424674821765	0.39902136788430564	0.2504443853674768
0.34987062135267644	0.40000574392018734	0.2501236347271363
0.3495974481441006	0.4000392470564204	0.2503633047994791
0.3498254938196138	0.39992915310587296	0.25024535307451334
0.3501728387111507	0.3997498683995481	0.2500772928893013
0.3503640485441547	0.39990418340281564	0.24973176805302977
0.34999529397056367	0.39989490217055085	0.2501098038588856
0.35042488750599876	0.3994655641944966	0.2501095482995047
0.3508176302273682	0.3989922915452022	0.25019007822742967
0.3508492109846453	0.39922946418891403	0.2499213248264408
0.3499866434297603	0.3995587346552199	0.2504546219150199
0.34968067207206466	0.40047913325203416	0.2498401946759013
0.349871953185512	0.40032171401338956	0.24980633280109854
0.3502549644931334	0.4000975456442052	0.2496474898626615
0.3497578288048908	0.3999223548136471	0.25031981638146217
0.34979869443512585	0.4003716065302761	0.2498296990345982
0.3506268460931923	0.39951371355296206	0.24985944035384583
0.349828713399383	0.4004407123268448	0.24973057427377232
0.35096275812738886	0.3989727216390542	0.2500645202335571
0.34992773653754394	0.3998291880842094	0.25024307537824675
0.3500294467056688	0.40032187616348874	0.24964867713084257
0.3504767740063112	0.3994722274789992	0.2500509985146897
0.34992699005534944	0.4001911652370043	0.24988184470764635
0.349659328229231	0.40044814017067587	0.2498925316000932
0.35080839520035384	0.3993247674809011	0.24986683731874518
0.34975371331245153	0.399998062272733	0.2502482244148156
0.3506860495288345	0.39951884217037104	0.2497951083007946
0.350285527850944	0.3992840521971503	0.25043041995190574
0.34963535326760925	0.40027060777401746	0.25009403895837345
0.3507510048901203	0.3994891705153509	0.24975982459452895
0.3497305108694122	0.40012590919980084	0.25014357993078706
0.3499166148201328	0.4000477342794316	0.2500356509004357
0.35035198505871484	0.3998628639790875	0.24978515096219778
0.35037896862767876	0.3999999975988509	0.24962103377347045
0.3504994643018797	0.39918112225870245	0.2503194134394179
0.35029173481187414	0.4000690796351065	0.24963918555301948
0.34997586127045643	0.4002994338041862	0.24972470492535748
0.35031590192724776	0.39981908719756043	0.24986501087519195
0.3497448094853373	0.400434184213577	0.24982100630108578
0.34975792662582167	0.40020038292755344	0.25004169044662494
0.3507872163481244	0.3993770569456968	0.24983572670617896
0.3503281257281795	0.39967587213076416	0.24999600214105644
0.34993099836131913	0.39984545560427076	0.2502235460344102
0.35009408013427595	0.40007058302623705	0.24983533683948708
0.35082622597921537	0.39945536698409645	0.24971840703668832
0.34976116970051696	0.4004248880999812	0.24981394219950193
0.3497237097452957	0.4004180252738737	0.2498582649808307
0.3502392882613539	0.3993072939076532	0.25045341783099306
0.3500259209366798	0.40027096342319246	0.24970311564012784
0.3497599193981706	0.3999448332231538	0.25029524737867576
0.3501753712904829	0.39992318415938666	0.24990144455013058
0.3505457062100042	0.39938093901347577	0.25007335477652015
0.34997786423618205	0.40041254321753755	0.2496095925462805
0.3495557147476512	0.4003846121307408	0.25005967312160815
0.3509147347441846	0.39935686811406934	0.24972839714174616
0.35062544303185805	0.39922941529838885	0.2501451416697532
0.3508113575251888	0.3992064365251824	0.2499822059496289
0.35005714880238376	0.39950504906944984	0.2504378021281666
0.3499330319214039	0.40025769180052034	0.2498092762780759
0.35070563874157606	0.3994352282171926	0.24985913304123147
0.34966060011782213	0.3999055955201541	0.2504338043620239
0.34974462824351454	0.3998782680415454	0.25037710371494015
0.3505009493982464	0.39986239627650216	0.24963665432525156
0.3499561965975614	0.39998127198499267	0.25006253141744605
0.35071262533699515	0.3991905651664755	0.25009680949652946
0.34995265019798705	0.39960706504980203	0.25044028475221103
0.350941120012329	0.39938571458772587	0.24967316539994525
0.35015758631136085	0.3999460707650202	0.24989634292361906
0.35064899588347664	0.3997459498375526	0.24960505427897084
0.3499412751149686	0.40032936173232103	0.24972936315271047
0.3498607546861129	0.4003414844275157	0.2497977608863715
0.35054984592444166	0.399159723742516	0.25029043033304244
0.35039079890126623	0.3994120419762349	0.25019715912249896
0.3495732998653334	0.40001239843070713	0.25041430170395956
0.3501548721012078	0.39999201243740296	0.24985311546138933
0.34984491857754685	0.4003603148447585	0.24979476657769478
0.35073286726589137	0.39932595448228375	0.249941178251825
0.3506487257474712	0.3997157027888633	0.24963557146366558
0.3500504324886449	0.3997111779774138	0.2502383895339414
0.3505687445466626	0.39973433619437715	0.24969691925896037
0.3502745090768798	0.39998965939588765	0.24973583152723267
0.35061103766094015	0.39969732214943665	0.24969164018962337
0.3505396351152447	0.39920126041931386	0.2502591044654416
0.34968466166322865	0.400337961442454	0.24997737689431748
0.3502929287910213	0.4000946258688056	0.2496124453401732
0.35030606553843413	0.3994626514026331	0.25023128305893283
0.34992178310378935	0.39983264936424534	0.2502455675319654
0.3500866440378241	0.3997999991372295	0.2501133568249465
0.34978663638096175	0.39981329479949745	0.2504000688195409
0.35025843145086377	0.39990167378123115	0.2498398947679052
0.35079404471383496	0.39943703220580684	0.2497689230803583
0.3499834846959406	0.39981292908995814	0.25020358621410144
0.3505237405980751	0.39905973338511225	0.2504165260168127
0.3509390150592796	0.3993823187241099	0.2496786662166106
0.35017245502024635	0.400222209366541	0.24960533561321277
0.3499020748350404	0.39984830544757943	0.25024961971738025
0.3505134545813636	0.39940285256471575	0.25008369285392074
0.35087737465194546	0.39908966162564724	0.2500329637224074
0.35076144296107203	0.3996166597583394	0.24962189728058864
0.3504887993837759	0.3997322374081511	0.24977896320807308
0.35044818600184946	0.399789948325226	0.24976186567292463
0.3504040652224899	0.39955220117300144	0.25004373360450877
0.3502816174134505	0.39988582817252694	0.2498325544140227
0.3501748322263493	0.3997018016706867	0.2501233661029641
0.3506125151688471	0.39951222383905505	0.24987526099209795
0.3508144813857607	0.3993790445589636	0.24980647405527578
0.3503730471054548	0.3997042734238567	0.24992267947068864
0.34970807115309266	0.40003261322414796	0.2502593156227595
0.3504580185319941	0.3991106754389968	0.2504313060290092
0.3507540611673132	0.39952178015652245	0.24972415867616443
0.3502734809744836	0.3993223762382524	0.2504041427872642
0.350548850130831	0.399424104725025	0.25002704514414414
0.3501686234644165	0.3998425860290486	0.24998879050653497
0.3502939688260996	0.39940253906695944	0.25030349210694114
0.3507213391168269	0.399346720776075	0.24993194010709813
0.35095450579702064	0.3992576054466091	0.24978788875637037
0.350087692385924	0.40018798235651254	0.24972432525756355
0.35006805118743134	0.3997945588925707	0.250137389919998
0.35022238908598924	0.3999212359852983	0.24985637492871263
0.3504773479352454	0.3993145007374193	0.2502081513273354
0.3500209140233878	0.3996066048359095	0.2503724811407028
0.3498406917991054	0.40030307873443066	0.24985622946646405
0.3499911340941269	0.4000760368643449	0.2499328290415283
0.3501740008427682	0.3996737086815376	0.2501522904756943
0.3505075716556053	0.3991045832062044	0.2503878451381904
0.350311104658077	0.39976594699742024	0.24992294834450285
0.3507859266289833	0.3990919463446663	0.2501221270263505
0.3507643473786089	0.3994928389619816	0.24974281365940965
0.349987021072969	0.39993720914376885	0.25007576978326235
0.35050162469219076	0.3994405812834084	0.2500577940244009
0.35064810886251496	0.3995484752621651	0.24980341587532012
0.3503334589269111	0.39956074646946577	0.25010579460362325
0.3503107950222303	0.399489216482494	0.2501999884952758
0.3495750158939089	0.40018289299573284	0.2502420911103584
0.3505747486366176	0.3997766714905975	0.24964857987278502
0.3496397222255087	0.39990721598492074	0.25045306178957066
0.3505081670728943	0.3996547996364556	0.2498370332906502
0.349893931589657	0.40002165742023765	0.2500844109901055
0.350791317291711	0.3994051111359956	0.24980357157229358
0.35022974471411816	0.40010719930792193	0.24966305597795999
0.3500942466006991	0.39952420516206866	0.25038154823723235
0.350308331517886	0.39949136987446887	0.2502002986076453
0.3497447915362992	0.40037054711756603	0.24988466134613485
0.3503626682098353	0.3995010616804282	0.2501362701097366
0.3499491181899879	0.3998764147481053	0.2501744670619069
0.35091691758132826	0.39913342897868237	0.2499496534399895
0.35029406048318995	0.3998847600994202	0.24982117941739
0.3499160918704036	0.4003163993822664	0.24976750874733009
0.3506069155640507	0.39923394588506045	0.250159138550889
0.3508247866372223	0.3994444784350065	0.24973073492777131
0.34973612733371	0.40020168683222224	0.2500621858340679
0.34974073392407395	0.400352904654124	0.2499063614218022
0.35080287136227045	0.39909142075949494	0.2501057078782347
0.3498946563284755	0.40040061131123905	0.2497047323602855
0.3499389948397843	0.40013950023687583	0.24992150492333995
0.3508287805265306	0.39942562359975664	0.2497455958737129
0.3503220752567334	0.3999356964275066	0.2497422283157601
0.3507105965189366	0.39942250029337806	0.24986690318768545
0.3505736045792629	0.3993195962712968	0.2501067991494404
0.3507534017429038	0.3990264720873684	0.25022012616972794
0.35001242748349365	0.39961074478685304	0.2503768277296534
0.3509169558053039	0.3992099027201815	0.24987314147451473
0.349966361763339	0.39992469563861593	0.25010894259804517
0.3496011464996124	0.4003717406464986	0.2500271128538891
0.34970210779715555	0.40016756225713324	0.2501303299457113
0.3498203681011007	0.39975822299410374	0.2504214089047957
0.3496908900918372	0.39997200103147135	0.2503371088766916
0.3503480302892892	0.3993409703866961	0.25031099932401485
0.3495421273643802	0.40004194256106956	0.25041593007455043
0.3502025589795021	0.39978958086925304	0.250007860151245
0.35035855064403837	0.3999954017638777	0.24964604759208403
0.35060497531745766	0.399040886588136	0.25035413809440643
0.3507829807355405	0.39916413360997083	0.2500528856544888
0.3507683544379761	0.39960385223462713	0.24962779332739682
0.35031723818917526	0.4000192514276737	0.24966351038315115
0.35063529779047786	0.3993000881790493	0.25006461403047303
0.3498723410218316	0.40020332567576355	0.249924333302405
0.34999792116205475	0.4001187954092417	0.24988328342870367
0.3501875733064135	0.4001006645288808	0.24971176216470575
0.3495424860938373	0.40044556124924036	0.25001195265692244
0.35095836311095074	0.3990666902506228	0.2499749466384265
0.3495943130093426	0.40015559120653577	0.2502500957841217
0.34977195444392867	0.4004116468477632	0.24981639870830824
0.35027774728251837	0.39985847182609086	0.24986378089139089
0.3509158795278038	0.3991522788600298	0.24993184161216653
0.35063321415661713	0.3992066449882428	0.25016014085514016
0.35047100654154156	0.3994757085809102	0.2500532848775483
0.3501926981227098	0.39973127098948225	0.25007603088780805
0.35021552493260383	0.3994128023615532	0.25037167270584315
0.35004590055743123	0.3995161200006542	0.25043797944191476
0.34990555371946686	0.4003809297470605	0.24971351653347273
0.3504559231720187	0.3992989058750208	0.2502451709529606
0.35041750967637	0.3997009909918222	0.24988149933180792
0.349954020355674	0.4003751834162277	0.24967079622809846
0.3503625206081363	0.399755948043357	0.24988153134850682
0.35027697040317995	0.3996036730602148	0.25011935653660533
0.3502518343846329	0.399770800553002	0.24997736506236518
0.3502444399277243	0.3994813822125708	0.25027417785970507
0.35058860379852336	0.3990562926813562	0.2503551035201206
0.3505583226344172	0.399203173313207	0.2502385040523759
0.35043152220656193	0.3994667633152259	0.2501017144782123
0.35059631692869275	0.3992873443600319	0.2501163387112755
0.3501020814472973	0.40004765441249723	0.24985026414020556
0.3497770692268471	0.39990155911133474	0.2503213716618183
0.35076793621940494	0.39896028335802847	0.2502717804225667
0.3501154723616109	0.4002663764305275	0.24961815120786174
0.3506588227165546	0.3994650234694518	0.24987615381399375
0.3503974449914801	0.3994025346503043	0.25020002035821565
0.3507369442981189	0.3996309062014466	0.24963214950043455
0.3498310083521575	0.4004636948902013	0.2497052967576413
0.3505761895085827	0.39924115526061604	0.2501826552308014
0.35066151474797247	0.39922815651078863	0.250110328741239
0.35015683992280805	0.39999277348270057	0.2498503865944915
0.35066482476714933	0.39939835918243727	0.2499368160504135
0.3498231858893256	0.3999982378298479	0.2501785762808266
0.34968828914476857	0.4002730588022296	0.25003865205300196
0.34967688647723233	0.400209183200864	0.25011393032190377
0.3497238220606304	0.400178187236515	0.2500979907028547
0.3499516091510601	0.40010877421541813	0.24993961663352188
0.3505379938479282	0.39922540544486873	0.25023660070720316
0.349655254751113	0.40000453756421805	0.2503402076846691
0.34962226541954416	0.3999713107536776	0.25040642382677836
0.3501716540310985	0.3994331753514099	0.2503951706174917
0.3504330283622737	0.39921426282897277	0.2503527088087537
0.34999492075081534	0.3995890101572436	0.2504160690919412
0.3508454433396482	0.39910494669765106	0.25004960996270087
0.34958003746990846	0.4003802707671974	0.2500396917628943
0.350932333544671	0.39913140257126956	0.24993626388405954
0.35095436111901296	0.39902881402767476	0.2500168248533124
0.35018822003498196	0.39940447304687027	0.25040730691814783
0.3502176966646591	0.40004503151341575	0.24973727182192523
0.3497957459066319	0.40005535771154527	0.2501488963818229
0.3505207519188494	0.39917916602034614	0.25030008206080456
0.3500116610482199	0.39988349400552703	0.2501048449462532
0.35040913388728917	0.3995512434663358	0.25003962264637514
0.35054556651715524	0.39968807266825057	0.2497663608145943
0.3501604631081033	0.39974456058153596	0.2500949763103608
0.35065295569211835	0.39932315304257654	0.2500238912653052
0.35012420455227744	0.39996661714676185	0.24990917830096082
0.3504651164788597	0.3995460443841115	0.24998883913702893
0.34992715140180547	0.40008203630831946	0.24999081228987516
0.3496930348717169	0.4003916655567532	0.24991529957153003
0.35007764715992096	0.39951807423427	0.25040427860580916
0.35034252190321674	0.3995267502371029	0.2501307278596805
0.3498112522567218	0.3998116048547116	0.2503771428885666
0.3502979174339465	0.3995070783021396	0.25019500426391406
0.34955732884636226	0.40003564594678126	0.2504070252068566
0.3498248302660319	0.39990150841509553	0.2502736613188727
0.3505524981023609	0.39918154879156376	0.25026595310607547
0.3499773501243816	0.40000360185526707	0.25001904802035146
0.3500003932455882	0.39987817127186953	0.25012143548254245
0.3497270298862344	0.4001111488701406	0.25016182124362507
0.349807122257751	0.40023964745284757	0.24995323028940153
0.35012277420161797	0.3999474219136009	0.24992980388478125
0.3509430865417957	0.39908300971976096	0.24997390373844347
0.35048643572350396	0.3996392254882509	0.24987433878824528
0.3507034111766719	0.39953916373060894	0.24975742509271925
0.35014935194615737	0.39980257080898485	0.2500480772448579
0.35010461513723884	0.3994642350145178	0.2504311498482435
0.35087386647832486	0.3995024857230398	0.24962364779863544
0.3501392012871641	0.39974954485164244	0.2501112538611936
0.35083034442816535	0.3991951556541026	0.24997449991773213
0.35095960110661867	0.39913154371056225	0.24990885518281916
0.35025270336048725	0.399527125311249	0.25022017132826385
0.35020762906028496	0.39983786216773487	0.24995450877198022
0.34954383288788904	0.4000483473018009	0.25040781981031024
0.35078086255983726	0.3993082645030658	0.24991087293709707
0.3500761633082791	0.4000598617081489	0.24986397498357213
0.34983040096411866	0.3999853235297906	0.2501842755060908
0.3506264290604116	0.3995798968902926	0.24979367404929598
0.3505497090538414	0.3992402016347816	0.25021008931137706
0.34972375358131136	0.4003471843871462	0.24992906203154258
0.35022289649145644	0.3997007951750734	0.2500763083334702
0.35063887490472245	0.3992882849119953	0.25007284018328235
0.35084930459787683	0.39944617180513886	0.24970452359698442
0.35073981145586297	0.39920338379844045	0.2500568047456967
0.34953630752836795	0.4000426493542782	0.25042104311735397
0.35009092388468116	0.4000507531560732	0.24985832295924576
0.35012528940911924	0.3994696664873976	0.25040504410348324
0.35059938394621615	0.3992457127277597	0.25015490332602425
0.35017551270978164	0.39948280079910037	0.25034168649111804
0.35045385138713014	0.3993947804287228	0.2501513681841472
0.3502929914618672	0.3993167955897831	0.25039021294834973
0.35035883952174934	0.3994344242681313	0.25020673621011946
0.35063735930813966	0.39954519901864083	0.24981744167321968
0.35055813486355125	0.39933164743272176	0.2501102177037271
0.34969184991486557	0.39992649825357085	0.2503816518315637
0.35069312479992243	0.39940332225826225	0.24990355294181538
0.3502005955525309	0.400064881622741	0.24973452282472816
0.3502567806203899	0.39961821717949986	0.25012500220011036
0.3499339977437247	0.39996952213139714	0.2500964801248783
0.3501660844394454	0.3994687208293932	0.25036519473116153
0.3497913560854108	0.4000308215321117	0.2501778223824776
0.35058589551016506	0.399109850105	0.25030425438483506
0.35050066691563586	0.39916982703853127	0.250329506045833
0.35007425842886664	0.399802572261609	0.2501231693095245
0.35093207374793356	0.3994068645230057	0.24966106172906083
0.3507573526855852	0.39915332979650925	0.2500893175179057
0.3505007536337796	0.39987033874843714	0.2496289076177834
0.3497011825929782	0.4002144770738011	0.2500843403332208
0.3500966492402052	0.39952971689520156	0.2503736338645934
0.3501656708876646	0.39986281751320596	0.24997151159912961
0.3505865774136312	0.3997960892171685	0.2496173333692004
0.3506954254142649	0.3995727343116156	0.2497318402741196
