0.24147085474158608	0.20690065344155506	0.10346953588738958	0.27573944337263057	0.17241951255683846
0.24135727915544433	0.20703812447029954	0.10341100644728024	0.2759734894261735	0.17222010050080214
0.24144216426487694	0.20696132171811077	0.10348340500232935	0.27589079715882964	0.17222231185585307
0.24142542911231893	0.2069757509859196	0.10335749692573723	0.2759645267108625	0.1722767962651614
0.24136233773450733	0.2069973594434128	0.10341946743357176	0.27594635721768235	0.17227447817082553
0.24136956430266654	0.2071119606182669	0.10345460052210916	0.2757077655818023	0.17235610897515488
0.24138768215014708	0.20694481142411905	0.10335971846073877	0.2758436278616278	0.17246416010336704
0.24138951781999723	0.20715183062462636	0.10336428140810201	0.2757161224017102	0.17237824774556393
0.24138007153615418	0.20692714520783254	0.10348925268206086	0.2759741737006177	0.17222935687333446
0.24138730412078951	0.20694967023906405	0.1034413994369128	0.2759397089032729	0.17228191729996042
0.24137841377478486	0.20701565293549995	0.10349282733587188	0.2757949869423507	0.1723181190114923
0.24141052732559545	0.20692336412271314	0.10340249427476023	0.2758840232330968	0.17237959104383413
0.24147517324045814	0.20699718744310502	0.10336450035778826	0.2757080728060658	0.17245506615258255
0.24136946398207593	0.2069209546718163	0.1034523287397992	0.2757606443935873	0.17249660821272106
0.24144359218272415	0.2069395870032039	0.10337310622156005	0.27571979864975293	0.17252391594275873
0.24147434852153898	0.2070981764232618	0.10347652833451967	0.2757697914225606	0.17218115529811867
0.24144835957283606	0.20693416617769267	0.1034294740812968	0.27579792401876047	0.17239007614941373
0.2415053279244056	0.2071371438220285	0.10346956685044761	0.27570580052546534	0.1721821608776527
0.24151285280250723	0.20687210450796506	0.10347324502749303	0.2758111001002984	0.17233069756173602
0.24147391333132545	0.2071171319493742	0.10336919836392398	0.2758114725856714	0.17222828376970473
0.2414132650128004	0.20696636879232816	0.10339313895368563	0.27595802692544574	0.17226920031573986
0.24147472301961398	0.20707062192387848	0.10344839132105775	0.2757594623639025	0.17224680137154708
0.24135547472239233	0.2070935745246769	0.10338376348910593	0.2758411729800537	0.17232601428377098
0.24135405181655795	0.20712303906755064	0.10335976170811245	0.2758202787423271	0.1723428686654516
0.24142613134947566	0.2070145798401236	0.10339214252113511	0.2759853988355523	0.17218174745371306
0.24139899242572632	0.20688938120006362	0.10345102010259145	0.2758964464419356	0.17236415982968273
0.24151320343008095	0.20697263638888477	0.10346295423639448	0.27574103392477384	0.1723101720198657
0.24135413315495335	0.20703433274221475	0.1034178360798379	0.2757394627875781	0.17245423523541564
0.24151018888403214	0.20709954865303942	0.10342400198923965	0.275750096671395	0.17221616380229354
0.24139796548839054	0.20705131685933265	0.10346554410815681	0.27572212071685087	0.17236305282726888
0.2414422364449479	0.20693162573117155	0.10339719070298804	0.27583220985642726	0.172396737264465
0.24150007036281862	0.2069658179379418	0.10336739661531663	0.27583987702162727	0.17232683806229543
0.24138824191009645	0.20715328148056536	0.10343017594299074	0.27584538954675536	0.17218291111959186
0.24146909991561227	0.20687073968987787	0.10343539648511937	0.2758071303052291	0.17241763360416118
0.24142105399369115	0.20710314326533297	0.10339197153004712	0.27588663083226306	0.17219720037866545
0.24146836892763224	0.2071324675608744	0.10341744230728246	0.2757363499963548	0.17224537120785582
0.24136251971723308	0.20695771502059213	0.10348926085876775	0.27591080422315384	0.172279700180253
0.2414961402567794	0.20703109723000232	0.10346871124873319	0.27579846288244136	0.1722055883820435
0.24143901586677963	0.206892318675954	0.10340741233079966	0.27579970881069443	0.17246154431577201
0.24138552895192592	0.2069292061377755	0.10339851436176345	0.2759159371043293	0.1723708134442056
0.2413710034471196	0.20703365772551596	0.10340940385526083	0.2757909291082084	0.17239500586389492
0.24134710116205801	0.2070562122446429	0.10349084287412916	0.27574254555551375	0.1723632981636559
0.24144821382385068	0.2070307708608171	0.10337233225524438	0.275879741673055	0.1722689413870326
0.2414003351988473	0.20693849564122954	0.10348395726546306	0.27571431541259583	0.17246289648186403
0.24139621628732794	0.2069085061382079	0.10345244755875771	0.2758245745496464	0.17241825546605982
0.24143146405450866	0.20695241302238224	0.1034907266281244	0.2757684129849772	0.1723569833100073
0.24139879749767765	0.20708055592139066	0.10335856996143045	0.2759190754310602	0.17224300118844077
0.24151927395767858	0.2069690239196915	0.10338515485382782	0.27595270064748023	0.17217384662132165
0.24140613254986942	0.20696697743345038	0.10335660347534595	0.2758127641695605	0.1724575223717735
0.24135375773470993	0.2070745989642649	0.10339155929435238	0.2757943913555526	0.17238569265111997
0.2413687811159662	0.20691478013546497	0.10343498632802374	0.2759576279857986	0.17232382443474625
0.24148057980325555	0.2068821188615495	0.10343884970172701	0.27583807742529753	0.1723603742081702
0.24149221086411093	0.20690374768537892	0.10336911985769794	0.2757114192651621	0.17252350232764987
0.2414192813609632	0.20714825332246434	0.10342919295054666	0.2757546175354305	0.17224865483059507
0.24142526161953998	0.20709539666441	0.1034369602686274	0.27581181060028215	0.17223057084714025
0.2414799130310512	0.2070933421261329	0.10335606099578304	0.2758226257362937	0.1722480581107389
0.24135714910724893	0.2070833266245045	0.10346041331974908	0.27572074019033344	0.1723783707581638
0.241403623950451	0.2069635426151231	0.10341711779089972	0.27574129228760985	0.17247442335591612
0.241489515707081	0.20688973855518702	0.1034346077179914	0.2757786859573996	0.1724074520623407
0.24141336301363533	0.20715340125568774	0.10343317084776564	0.27576256883231104	0.17223749605060001
0.24143203803853533	0.20694701011464375	0.10347754035078664	0.2759048876957819	0.17223852380025212
0.24139844615746436	0.20690200689592672	0.10338740496847898	0.2759672150781986	0.17234492689993106
0.24140578219231595	0.20698526756901978	0.10335046730032511	0.2757671090129906	0.1724913739253483
0.24147125540182518	0.20693142769364298	0.10346049304605369	0.2758321261166362	0.17230469774184165
0.24136459859761383	0.20706106294519527	0.1034908677947953	0.2757640074014159	0.17231946326097938
0.24136835910238824	0.20708117135439463	0.10339572751173633	0.27587850463313435	0.17227623739834622
0.24142260384884487	0.20713119580584108	0.10349233376391861	0.2757644567675472	0.172189409813848
0.2414041795113393	0.2071104609730824	0.10341242795506632	0.2757513008811807	0.172321630679331
0.24149023135785233	0.2070698779695755	0.10337619030794472	0.2758282134924078	0.17223548687221937
0.24137790587050342	0.20716565921056254	0.1033757085126449	0.27572551468633716	0.17235521171995175
0.2414962215610484	0.20706319414324137	0.10338172372706242	0.27587959479316887	0.1721792657754787
0.24139019581319332	0.20698915954102404	0.10339595773557593	0.27597262743370543	0.17225205947650105
0.24150959848756623	0.20701818914962752	0.10343507482036463	0.2758140875819448	0.17222304996049656
0.24137405235652032	0.20697238524682934	0.10344707727476088	0.27573211018729893	0.1724743749345903
0.24150076179227528	0.20689230551870746	0.10336221550679595	0.275853356082003	0.172391361100218
0.24142060557442338	0.20690431042826363	0.10335276931225947	0.2758001432606815	0.17252217142437182
0.24143363486361968	0.20708074131139334	0.10339337782052165	0.2757237184216891	0.17236852758277604
0.24146369892579553	0.20687101407118172	0.10335458627206606	0.2758723756800281	0.17243832505092838
0.24138778729248228	0.2070430968313123	0.1033892428567366	0.2758843005468279	0.17229557247264066
0.2413654577242154	0.20692058308584133	0.10347791537701294	0.2758547922784678	0.17238125153446227
0.24143360325210458	0.20688473093280182	0.10342184673990439	0.27591382248959206	0.17234599658559688
0.24138740620595966	0.20703906458114377	0.10338702851607354	0.27573394820453934	0.1724525524922834
0.24149422191196107	0.20702197305865055	0.10340208383798866	0.27587243865905453	0.17220928253234494
0.24138078663589102	0.2070289420505155	0.10340942808427307	0.2757461720786729	0.1724346711506472
0.24142524208493982	0.20707832219746528	0.10346651344514836	0.27575543213483034	0.17227449013761595
0.24150641815591734	0.20693622014839907	0.10343874914934248	0.2758908424598969	0.17222777008644402
0.2413674329207629	0.2069551857421132	0.10345034712044625	0.27584605818887864	0.17238097602779875
0.2414655766518723	0.2068922939275979	0.10336980942241956	0.27588145885923376	0.1723908611388762
0.24136890422432686	0.20694647453334483	0.10341764586181307	0.27576017629954397	0.17250679908097105
0.24137257143470736	0.2069212515796484	0.10343286898425286	0.2758714600610778	0.17240184794031327
0.24146820837222263	0.20690629455974108	0.10344594092290424	0.2758958348652083	0.1722837212799235
0.24146979265331736	0.2069755065198864	0.10336873547412123	0.2759528249788328	0.172233140373842
0.24135515309532807	0.206890739231373	0.10340956855424005	0.27595577310657493	0.17238876601248374
0.24135279456850828	0.20703566158230202	0.103394707693019	0.27596426395829815	0.17225257219787227
0.24147856101328558	0.20687783339296087	0.10347532533938603	0.2757768493915935	0.17239143086277373
0.24136356207752976	0.2070133720427814	0.10335540939901872	0.2759581407855416	0.17230951569512828
0.24147690035559063	0.20699640476940562	0.10345240785480439	0.27582030454269724	0.17225398247750187
0.241394853981034	0.20699018829786567	0.10346678402431181	0.2759647166364917	0.17218345706029656
0.24143467302637348	0.20691584408433603	0.10346713914185834	0.27598227067926406	0.1722000730681678
0.24136968738907927	0.2069112721256778	0.10336762989685505	0.2758401520395888	0.1725112585487989
0.24136542662214955	0.20708886298040008	0.10336572254947465	0.2758405186766281	0.17233946917134735
0.24137087201167276	0.2070389396198386	0.1034868339114946	0.2757469244866891	0.1723564299703047
0.24144441097820515	0.2068888097152644	0.10337785167437769	0.27590096032233435	0.17238796730981817
0.2414074605081663	0.2070345052375275	0.1033752484471271	0.27594951924952316	0.1722332665576557
0.2414304336658801	0.20686962683590399	0.10344594431855396	0.2759425321911246	0.17231146298853714
0.24135362910495475	0.20694237326081533	0.10335327858060035	0.27588836292638674	0.1724623561272426
0.24142664467327563	0.20709784892679783	0.10341944243118642	0.2757764058521407	0.17227965811659918
0.24134723926593032	0.20705404774363956	0.1033728052623873	0.27593606776878343	0.17228983995925914
0.2413685097133216	0.20711650629475045	0.10345166783627772	0.2758590704296865	0.17220424572596346
0.2413528905823224	0.20701039458116843	0.10338640254246866	0.2758800272967238	0.17237028499731646
0.2414104122222266	0.20711087803671024	0.10349089747918429	0.2757257590286855	0.1722620532331931
0.24145630730348622	0.20690476986273748	0.10345928281499697	0.27588276179738336	0.17229687822139572
0.24146837702271842	0.2071474894996742	0.10341149412547758	0.2757554898579081	0.17221714949422143
0.24143403014271236	0.20706493900675263	0.10335240270103789	0.2758541274242426	0.17229450072525432
0.24134874500433007	0.20696413324426788	0.1034678636058346	0.2759198320726733	0.1722994260728939
0.2414331936955468	0.20693432112472254	0.10338016457077576	0.2757976757000218	0.17245464490893292
0.24141291779501262	0.2068914564159661	0.10347116725058253	0.2759433845447945	0.17228107399364398
0.24150944334790506	0.20698431998526728	0.10343354477909966	0.27587680301633133	0.17219588887139642
0.24143735821782153	0.20691477414253587	0.1033738165947206	0.27587167209937236	0.17240237894554944
0.24135644899605183	0.20695222395217297	0.10348838023835938	0.2759194226556266	0.17228352415778897
0.241462198131989	0.20693324601685037	0.10340151634934892	0.2757502344508669	0.1724528050509445
0.24139475879848965	0.20715595156602434	0.10343079896760823	0.2757132840608663	0.17230520660701118
0.2414607314191299	0.20694653774775787	0.10334743743917536	0.2759094622282727	0.17233583116566392
0.24137023312234757	0.2069647070471605	0.10341809349558015	0.27580193037168965	0.17244503596322192
0.24148899323311723	0.20699968380961412	0.10349017299631283	0.27583369375889105	0.17218745620206452
0.2413814586118461	0.20709323277006136	0.10343757818650016	0.2757112429551459	0.1723764874764463
0.2413725812813634	0.20703413540689786	0.10337461597601344	0.2759425252141734	0.17227614212155162
0.2415065776978203	0.20695617424681736	0.10342581166166626	0.27584465786859586	0.17226677852509997
0.24151191693096463	0.20691242343557958	0.10346091967463775	0.27575600775073034	0.17235873220808742
0.24142317827063398	0.20715935410609446	0.10346423560061148	0.2757407472948671	0.17221248472779277
0.2413909809607568	0.20702363288213624	0.10343198755131792	0.2757653783578282	0.17238802024796057
0.24140992358020624	0.20713676534173206	0.10346610549035137	0.275719648685524	0.1722675569021861
0.24140316988161856	0.2069045834451002	0.1034491200424369	0.2759013634706329	0.17234176316021116
0.24140958563013354	0.20700480407850622	0.1034357278679154	0.27576751060879084	0.17238237181465377
0.24136546893278404	0.20709933228927244	0.10344480217819528	0.2757696320360556	0.1723207645636924
0.24145024301860302	0.20697385808241062	0.10340136173862877	0.27573225467094	0.1724422824894174
0.2413513463260726	0.2071335587156029	0.10348112796056996	0.2757083164910956	0.17232565050665866
0.24143881487774416	0.20706306140205658	0.10340146308963774	0.2758505832178756	0.17224607741268572
0.24146041808248156	0.20698744427343027	0.10345643023263562	0.27584112075667333	0.17225458665477894
0.24140587557736676	0.20713786693243225	0.10342308469005775	0.27578095927848467	0.17225221352165832
0.24144506682817252	0.2070626624963096	0.10336089824133274	0.2758998102751706	0.1722315621590143
0.2414155856929772	0.20702476830538966	0.10337005793887305	0.2759503761062645	0.17223921195649536
0.24140422520944682	0.20703289333771877	0.10345387883016759	0.2757504242354415	0.17235857838722513
0.24138793693401728	0.20691509522600218	0.10345924181265342	0.27586467803937165	0.17237304798795525
0.2413982197888423	0.20694326890575745	0.10334880190819534	0.2759635049265053	0.17234620447069937
0.24143043632815453	0.20702704587803408	0.103432576160788	0.27589444769681104	0.1722154939362121
0.24151641383609418	0.2070155788208802	0.10342771989664647	0.27570528482278744	0.17233500262359147
0.24135321812226815	0.20705115665675022	0.1034045270082503	0.2758465243055355	0.17234457390719557
0.24148647436885184	0.20689144167198553	0.10343406875664224	0.27575617229080046	0.17243184291171967
0.24134737261519087	0.20703832159328298	0.10340756585832471	0.2758243967928053	0.17238234314039588
0.2413813974853482	0.2071383561576662	0.1034238715715292	0.27586490017244153	0.17219147461301465
0.2413993169858606	0.20694227918387242	0.10340103325638579	0.27591717653075326	0.17234019404312767
0.24144168742833078	0.20699842461271212	0.103428301434548	0.27595315754864147	0.17217842897576738
0.24145525883494653	0.20697395081921088	0.10340338661608878	0.27578783267788504	0.1723795710518685
0.24145880351429244	0.20704146617673932	0.10342060559903865	0.2757769059976477	0.1723022187122816
0.24138022957031344	0.20699750950002224	0.10340534427303984	0.2757526626880012	0.17246425396862305
0.2414646476787978	0.20693373932101575	0.10347735932118014	0.2757695213130321	0.17235473236597393
0.24137650352228668	0.20703199160048139	0.10343542165563879	0.2759451471093063	0.17221093611228663
0.2413489850593061	0.20702477841402983	0.10341826149890557	0.27590829221977203	0.1722996828079862
0.2414928378981548	0.20686856882898044	0.10341674849385235	0.27595161777454147	0.1722702270044707
0.2414375279431011	0.20697018943930637	0.10339127833789181	0.2757238398892346	0.1724771643904659
0.24136222873291507	0.20693975067600487	0.10346622043076988	0.2757510919536196	0.1724807082066904
0.24139851506752746	0.20697657772073347	0.10344533420543317	0.275830568620671	0.1723490043856347
0.2413959728628709	0.2071322422333336	0.10338115767651343	0.27577799428123834	0.1723126329460435
0.24137939855971266	0.2071288756404951	0.10343540750918839	0.2757234440337469	0.17233287425685673
0.2413881601847045	0.2069707157276853	0.10339968342607152	0.27586130126497926	0.17238013939655922
0.24147267689816998	0.20700310892370957	0.10346401955409429	0.2757410220013211	0.1723191726227048
0.24150737526544225	0.20691368988182932	0.10345632243376099	0.2758375498013933	0.1722850626175739
0.24136692138223798	0.20691630247902904	0.1034448397458834	0.27593424483583173	0.1723376915570176
0.2414710995619089	0.2069555410892494	0.10342730611070264	0.2759537902615896	0.17219226297654922
0.24137046047429794	0.20707374427115485	0.1034751300690017	0.2758120121842653	0.17226865300127991
0.24135600427515924	0.2069597189730752	0.10347353301069379	0.27583510498428615	0.1723756387567854
0.24134899250669203	0.20699760049652113	0.10339565190444691	0.27574362818046383	0.1725141269118759
0.24147807828483106	0.20696749386232843	0.10339503258356379	0.2758766294911798	0.17228276577809665
0.24135347746789043	0.20698322758074114	0.10343967211960065	0.27577715623753185	0.17244646659423565
0.24139633632483862	0.20691272119674925	0.10341181946450376	0.2758304979369762	0.1724486250769319
0.24151081859742568	0.20702702088528793	0.10338703101667902	0.27581969783302823	0.17225543166757887
0.24146810217294506	0.20710913467277675	0.10339910098031185	0.27576941618958434	0.17225424598438174
0.24142249240630242	0.20694455003380455	0.10338758626526633	0.2757674160279461	0.17247795526668036
0.24135131722577768	0.20703035815583223	0.10336465249367781	0.2759328261984302	0.17232084592628188
0.2415219679782169	0.20700134403044837	0.10348702312038595	0.27580651975581605	0.1721831451151325
0.2413828515143191	0.20701517330745353	0.10339112380078458	0.27580917828294366	0.17240167309449886
0.24141513201533543	0.20712579580172263	0.10345101196237765	0.2757359066436642	0.17227215357689984
0.2414856844946897	0.20694604710740314	0.10343180474235572	0.2759061174937565	0.17223034616179467
0.2414815255690142	0.20693769250984673	0.10336148491293927	0.2758984423028465	0.17232085470535305
0.2414307090991764	0.20693461962725457	0.10349023377243287	0.27573033358892673	0.17241410391220918
0.24148614005915597	0.20693637846158433	0.10345834086497416	0.27579900978301064	0.17232013083127462
0.24145735760497855	0.20709490281119397	0.10335503033456683	0.27581243142708234	0.17228027782217803
0.24138928313787744	0.20700788653684127	0.10337579785287893	0.27597943914032297	0.17224759333207915
0.24143314085532558	0.20708606155454948	0.10337761508771022	0.2758539409990623	0.17224924150335214
0.24145632082965882	0.20690648140962273	0.10347524891354722	0.27582601886362756	0.1723359299835434
0.2414072244042734	0.20701919556340131	0.1034695375589374	0.2757172579226952	0.17238678455069242
0.2414615778888271	0.20691335169297653	0.10335421743863621	0.27574402581207674	0.17252682716748316
0.24151779300821177	0.20702594832021448	0.10336131382856108	0.27576987830516314	0.17232506653784926
0.2413703461554581	0.20697398115992005	0.10347996979129022	0.2757334309729871	0.17244227192034428
0.24145815574237336	0.20716571166608785	0.10337021565273047	0.2757113843480986	0.17229453259070945
0.24141721885269984	0.2070971399306895	0.10344481870058271	0.2757110368362986	0.17232978567972906
0.24142771158086695	0.20712917968561764	0.1033641038280825	0.27589407709092784	0.17218492781450484
0.24150152370178826	0.20701690937286021	0.10336323666332864	0.27575298975645846	0.1723653405055642
0.24146144597824554	0.20698898204242044	0.10343691648806304	0.2758726492477529	0.17224000624351787
0.2414009804188621	0.20693490132959141	0.10337406547002641	0.27590044434433664	0.1723896084371832
0.2415048848579596	0.20691516160315385	0.10335291998461177	0.2759533615391445	0.17227367201513
0.24141146392052704	0.20704637736140302	0.10336418445627958	0.27598615150417666	0.17219182275761344
0.24139530432674897	0.20706836134295864	0.10336213055301106	0.2759480424466838	0.17222616133059723
0.24149676865361	0.20700071844951115	0.10337104856108043	0.2757658378869495	0.17236562644884865
0.24138370599425846	0.20706655792100515	0.10336606860789183	0.27599399024873533	0.17218967722810902
0.24144205553483125	0.2069554565246838	0.10335417705383657	0.27582916056603723	0.17241915032061086
0.24135900351748135	0.20704984885814387	0.10340876378389241	0.27581418905601784	0.1723681947844643
0.24137675934121922	0.20716417898870512	0.1033749421423287	0.2758360188543807	0.17224810067336602
0.24136360070001645	0.2069989296488442	0.10336887189849217	0.2757791980267082	0.17248939972593874
0.24151947087693204	0.20697000244023434	0.10338253417852598	0.27581139100953783	0.17231660149476957
0.2413617405276613	0.20708555388082514	0.10348951331605505	0.27588404042895276	0.1721791518465055
0.24136497474059126	0.20695922380437798	0.10345804760568979	0.27581264391640936	0.17240510993293137
0.24143756812249711	0.2070106514795511	0.10348519033819849	0.2757138980215025	0.17235269203825054
0.24135530160838994	0.20705686023574196	0.10335273772570377	0.2757448827095691	0.172490217720595
0.2413897239389232	0.2069415112804382	0.10347177100338005	0.2757338727090767	0.17246312106818165
0.24148555740823408	0.20701138506188463	0.10348056209732119	0.2757195681952198	0.17230292723734
0.24148882368907604	0.2068865834147527	0.10345830335968477	0.27582580331074913	0.17234048622573714
0.24139576810128138	0.20692683222185362	0.10342880046143024	0.27584823896066124	0.17240036025477326
0.24139712278676917	0.20690248207068	0.10335738953488764	0.27589262680786464	0.17245037879979835
0.2415014183559448	0.2069666705633624	0.10347111842180953	0.2757668047917028	0.1722939878671802
0.24148470187849305	0.20689097175325843	0.10348076411555926	0.27581732020467314	0.1723262420480159
0.24140414828999301	0.2070418475922655	0.10341383722570399	0.27570630031713517	0.1724338665749021
0.24140811036371634	0.2070747345189997	0.10346550616888858	0.27583964389753457	0.17221200505086054
0.2414548777384024	0.2069047330783054	0.10348447588552452	0.27583848912646697	0.1723174241713005
0.24141893959576688	0.20701771558508125	0.10345390421581191	0.275926652333649	0.17218278826969072
0.24146816480012384	0.20699499075596217	0.10338789794291853	0.2758331506652829	0.17231579583571227
0.24147894777906606	0.20698570096765453	0.10339030904501802	0.2758918472525329	0.17225319495572827
0.24136236859086557	0.20697890638371	0.10339539259119324	0.2757797442824723	0.17248358815175865
0.24135893399823677	0.20697347064988833	0.10339761839006364	0.2759413410248251	0.17232863593698589
0.24148920763358092	0.2069979973008989	0.1034414411636226	0.2757707797924441	0.17230057410945326
0.2414624454829994	0.20696865340220383	0.10341808315445082	0.2757074207369138	0.17244339722343194
0.24141798893664806	0.2068786340932647	0.10342828840089215	0.27577012439379733	0.17250496417539754
0.2413860455233018	0.20700280880190766	0.1034244442913228	0.2757252815600073	0.1724614198234602
0.24143827387835953	0.20698078388775856	0.10342886177957507	0.27583849400733795	0.17231358644696868
0.24141557035298095	0.20709236157692767	0.10349266694679875	0.275741129809954	0.17225827131333835
0.241472532687292	0.20692850825364256	0.10343305311347062	0.27578040387774727	0.1723855020678473
0.24139400601793673	0.20688787176250187	0.1034780365630518	0.27575868140149307	0.1724814042550163
0.24150213564611298	0.20693958986297487	0.10334728664632002	0.2759361972595727	0.1722747905850192
0.24143847166077786	0.20698096495626458	0.10336077587789642	0.27574824344989346	0.17247154405516746
0.2413741121743732	0.20708547810805142	0.1034302416914317	0.2758537605158808	0.17225640751026267
0.24141097763671499	0.20715267674408744	0.10349124537113286	0.2757359213549762	0.1722091788930883
0.24150332288026125	0.20705720629461133	0.10343627244293915	0.2757143204961346	0.17228887788605343
0.24136540706068965	0.20700587598874878	0.10340706298670935	0.27571277119995985	0.17250888276389212
0.24146307813115503	0.20712873722180425	0.10337498884565861	0.27574293190692434	0.17229026389445748
0.24138198049698062	0.2069684687194735	0.10348118035560576	0.2758187218173026	0.17234964861063723
0.2415196054066555	0.20688397470353978	0.10343780153464179	0.27585929393325115	0.17229932442191154
0.24150024965827693	0.2070957866684265	0.10341146570665424	0.2758186398473697	0.17217385811927235
0.24151644715678267	0.20696088760158066	0.10339147060429123	0.27594732150695245	0.17218387313039274
0.24140493994605094	0.2071392676776226	0.10348770243617947	0.2757852188386257	0.172182871101521
0.24145260218950576	0.20688973152638845	0.10343920602343863	0.2759003891186213	0.17231807114204556
0.24144828361873755	0.20691575896636175	0.10340719436474285	0.27594855649230227	0.17228020655785536
0.24151995615484356	0.20707615813266686	0.10338584794467759	0.27582670955852784	0.17219132820928396
0.24141884511778738	0.20691745383707846	0.10344062592147076	0.27583078481897133	0.17239229030469183
0.24140175218220636	0.2069099144569443	0.10347092901661539	0.2757123723134103	0.17250503203082343
0.24152217404973314	0.20696686758522925	0.1033937404845051	0.2757590394311188	0.17235817844941345
0.2414204069157775	0.2070034141653493	0.10345008681353664	0.27594433722479816	0.17218175488053816
0.24145872610440972	0.20714743516012435	0.10337064350794856	0.2757465560543677	0.17227663917314945
0.24140565677733178	0.20695683070468607	0.1033505355970149	0.27592890730073955	0.17235806962022743
0.2413775415236618	0.20700873118282884	0.10336698431087207	0.2759752342401409	0.17227150874249614
0.24141890428833468	0.20712964709178788	0.1033767223014392	0.2758827671906838	0.1721919591277542
0.24142543623606394	0.20712020908192552	0.10338572077225405	0.2758493023285937	0.17221933158116248
0.24139635842649887	0.2069110565928804	0.10337088583539797	0.27590150825658527	0.17242019088863725
0.24141613552259225	0.20689440253897132	0.1034290619222051	0.2757549573642139	0.17250544265201717
0.2414768827535136	0.206925648394643	0.10347219699024192	0.27574190278487076	0.17238336907673044
0.24148233434324465	0.20692487115135003	0.10346482164584006	0.27584231135225123	0.17228566150731378
0.2415008144896319	0.20708106873020657	0.10336027569793517	0.2758339929117449	0.17222384817048125
0.24137729653476686	0.20692424978323123	0.10347840707807325	0.27597542519524604	0.17224462140868238
0.2414897648894404	0.20699044186986917	0.10339356956256976	0.27581987846755457	0.17230634521056584
0.2413799561188357	0.20713734037978948	0.10335417435843829	0.2759532789428266	0.17217525020010965
0.24135833821934405	0.20711728298358373	0.10347471149780832	0.27578844959294957	0.17226121770631406
0.2414320749220561	0.20690676749408385	0.10345206957101817	0.2758173938962777	0.1723916941165639
0.24137036260058642	0.20702429776757408	0.10347040908609399	0.27575607360628906	0.1723788569394562
0.24152153569365664	0.20701777334881954	0.10341814606622952	0.27573386320964915	0.17230868168164493
0.24138542205276764	0.20699709271013866	0.10341290620941442	0.27587983194962823	0.1723247470780508
0.24141425231260238	0.20694672016513008	0.10340424035171067	0.2759935082970088	0.17224127887354784
0.24148898677828334	0.20703515324108598	0.10337975486044122	0.2757537743453859	0.17234233077480335
0.24136519455643327	0.20709626124734104	0.10340218794643516	0.27570766290042137	0.17242869334936892
0.24138485960163097	0.20698531738657347	0.10341254708476223	0.2757270585913036	0.1724902173357295
0.24135093815814654	0.2070000904859106	0.10342508917373507	0.2757625450395605	0.17246133714264705
0.24138579242412567	0.20695697975174854	0.10348698326391603	0.2757380962497465	0.172432148310463
0.24148723527082194	0.20696051321322798	0.10344615548373737	0.2757637838140083	0.17234231221820417
0.2413893784054588	0.20695262250540164	0.10336940021846758	0.27581679900573575	0.17247179986493597
0.24138488010062167	0.206914349909994	0.10336428367783025	0.27590034390038004	0.1724361424111738
0.24147528597207304	0.2070733583821413	0.10346386533657255	0.27571524371243217	0.1722722465967807
0.24135698157558327	0.2069026136998514	0.10341045190452822	0.27588414454530996	0.1724458082747269
0.24144316337671495	0.20702883185967977	0.10343515957134997	0.2757493011595189	0.17234354403273616
0.24140933149659988	0.20697893365271308	0.10348508741513458	0.2758361997416459	0.17229044769390628
0.24137185085128618	0.2071307156027016	0.103364651384133	0.2758830202584631	0.17224976190341582
0.24149729717991686	0.20703194689190577	0.10339180383623205	0.27586216484627474	0.17221678724567036
0.24139043799147844	0.2069345071435265	0.10344563515743482	0.2759272925516255	0.17230212715593451
0.24140304089238196	0.20696500720115393	0.10341221200945826	0.2758729548795628	0.1723467850174428
0.2413538100335729	0.20715663209815793	0.10338644448816593	0.2757694614708213	0.1723336519092817
0.24140995423582115	0.20697171853137494	0.10346893407825233	0.27571947799070723	0.1724299151638441
0.24138963900430693	0.20708601950303943	0.10344699621251736	0.2758889153893725	0.17218842989076355
0.24145948172827217	0.20710626571159735	0.10335057187700057	0.275858990764402	0.17222468991872766
0.241397659558562	0.2070515444977992	0.10337599985253733	0.2759109826219196	0.17226381346918163
0.24137333715976997	0.20694942649840292	0.10337002153027075	0.27590268654345596	0.17240452826810015
0.24142918544540748	0.20688125320310694	0.10344914535269618	0.27572182577187143	0.17251859022691773
0.24151348643628395	0.20695726106705947	0.10337539462303313	0.27594948821344434	0.17220436966017888
0.24137795163131998	0.20700595063082874	0.10343857446338528	0.27593860121170644	0.1722389220627593
0.24147386906238427	0.2070643267640136	0.10336853877487127	0.27578336945944865	0.17230989593928192
0.24136930710735863	0.20702446415054335	0.10337556670629036	0.27584945665194116	0.1723812053838662
0.24152103780402534	0.20694232216787142	0.10348151164076216	0.27586022523316944	0.17219490315417138
0.24149473480210604	0.2070371740715299	0.1034711404948551	0.27578588181164015	0.17221106881986856
0.24151406838809383	0.2069751812963411	0.10338263154165159	0.27593424925786914	0.17219386951604412
0.24140297642931297	0.2069629652951701	0.10347422359698405	0.2759494339815044	0.17221040069702828
0.2414731479581605	0.20699708872778516	0.10336380043508797	0.27587567493519705	0.17229028794376913
0.24138894711800152	0.2069560747720456	0.10341256966763124	0.27581948866714434	0.17242291977517707
0.24140204906472768	0.20697240080552576	0.10338878594240636	0.2757436201119565	0.17249314407538346
0.24150744275261454	0.20714854135228777	0.10336223122159408	0.2757561923810626	0.17222559229244078
0.24141314589263355	0.2070941646273597	0.10342518377758952	0.2757270444428299	0.1723404612595871
0.2414313464027592	0.20695942378701457	0.10348527185038336	0.2757791882546309	0.1723447697052117
0.2414974250805234	0.20696010372732618	0.10347966884219095	0.275821582787032	0.1722412195629272
0.2414183057120764	0.2070614398447276	0.10342824160304588	0.2759156052748322	0.17217640756531769
0.24143484143120925	0.20693679666339368	0.10339923509052568	0.27579026920318206	0.17243885761168912
0.24149871092669234	0.20713892955630012	0.10337132566316641	0.27577553071898564	0.17221550313485523
0.2414293019848211	0.20702175655813507	0.10342352392257839	0.27584206843609144	0.17228334909837373
0.24143425116733463	0.20706869037657027	0.10349074866695855	0.27572805191435534	0.17227825787478096
0.2413975621054623	0.20707072487560793	0.1034180311182065	0.2757046361674764	0.1724090457332466
0.24145235810666305	0.2070924883465209	0.10336420598736776	0.27575445806706095	0.17233648949238717
0.24139612873181276	0.2068964739774047	0.10342708516165935	0.27582065282265844	0.17245965930646445
0.2414502681033065	0.2069657317757396	0.10346057762304892	0.2757355789787849	0.17238784351911984
0.24149189600006615	0.20702993447927875	0.10336617222726256	0.27581528325836174	0.17229671403503055
0.24138851359179836	0.20703235356302047	0.10336476369638585	0.2758457055207523	0.1723686636280427
0.2413986364423776	0.20692459431109128	0.10335554064607871	0.2759800441091059	0.1723411844913462
0.24135353738590537	0.20689395560528054	0.10340531080115219	0.27593742757243944	0.17240976863522223
0.2413978435358665	0.2070287788072018	0.10335984985295564	0.27578701800183236	0.1724265098021434
0.24140923625829744	0.20696262936098855	0.10345466545538823	0.2757078673249986	0.17246560160032695
0.24145178581480187	0.206970350761991	0.10341385091092072	0.27596057366443705	0.1722034388478491
0.24138119410338008	0.20702818579437487	0.10336927631999206	0.2758560099706912	0.17236533381156152
0.24134878773655694	0.2070730976004807	0.10345259827900967	0.27590405871557816	0.17222145766837432
0.24150244968810058	0.20708053516106	0.10343952881933892	0.2757352799479002	0.1722422063836
0.2414187297902438	0.20692958579947854	0.10338096436972886	0.2759593972199578	0.1723113228205907
0.24150679752963125	0.20687515853502886	0.10336135267067888	0.2759553499026145	0.17230134136204628
0.24144285590135411	0.2069016453278468	0.10344541037996455	0.27592017494241333	0.17228991344842096
0.24137680043083698	0.20713160833680838	0.10335113066953923	0.2757294805671073	0.1724109799957079
0.2415108864221182	0.20698776057153162	0.1034217245912361	0.27570557429623777	0.1723740541188761
0.2414397855385716	0.20716447610677904	0.10341371106921766	0.27576461105951205	0.17221741622591938
0.24147722852728035	0.20693721434972343	0.10347669275929716	0.27575233356663276	0.17235653079706603
0.24137080634782832	0.20703575376797875	0.10344006174675024	0.2758445256860173	0.17230885245142513
0.24142348277619224	0.20698740062410037	0.10347266264207679	0.27581193514015573	0.17230451881747463
0.24149600122914253	0.20709761877560431	0.1034103449210033	0.27581182104560586	0.17218421402864376
0.2414769664317407	0.20698619943909696	0.10339474570927228	0.2757936811765335	0.17234840724335626
0.24135305356612385	0.20716287806052477	0.10347388207931443	0.2757309375794674	0.17227924871456934
0.24145874890511881	0.20700151893508956	0.10344226212310217	0.2757049799001605	0.17239249013652871
0.24150280811251118	0.20701939016652957	0.10343858038176736	0.2757078773646568	0.17233134397453487
0.24141425076473214	0.2071060690820688	0.10349091011863627	0.2757437891864065	0.17224498084815598
0.24137045500845195	0.20708458584147585	0.10340268432660335	0.2758858131103616	0.172256461713107
0.24140809969305543	0.20711062807407615	0.10345831011677456	0.2757299679206917	0.1722929941954019
0.24137267173160756	0.20689479964848234	0.10337387628643657	0.2759691408923726	0.17238951144110065
0.2414423983939727	0.20698410136824658	0.1034281519802272	0.2758493541916325	0.17229599406592078
0.2414153888083522	0.20687051536353143	0.10339149295987549	0.27580469150170184	0.17251791136653882
0.2414944132986626	0.20693064521258564	0.10336511335067798	0.27585298509784967	0.17235684304022383
0.24137434099488836	0.20708575624731745	0.10337295707919238	0.27580192715023694	0.1723650185283646
0.24148371727157494	0.2069949643067375	0.10348541394499869	0.2757749777292245	0.17226092674746413
0.24138704794658036	0.2069718805670864	0.1033479069641703	0.27585597134057965	0.17243719318158304
0.241406522362271	0.20692490601976748	0.10348259620113225	0.27589594870359346	0.17229002671323557
0.2414107113927332	0.2070669655152617	0.10340258079351487	0.2759263280359523	0.17219341426253765
0.2413617191511882	0.20715974921570893	0.10344661484025758	0.27573454886594445	0.1722973679269006
0.24145373145334326	0.2070087679783647	0.1034901974873006	0.2757682262934724	0.17227907678751878
0.24139503219307334	0.20699352088339287	0.10340628335931044	0.2759932796133936	0.1722118839508295
0.2414587156123003	0.20695561935211004	0.10334820448918296	0.27587610127460976	0.17236135927179663
0.24143746866947244	0.20706208830312348	0.10348418412368109	0.27571036079962846	0.1723058981040943
0.24143112907444558	0.20696887640695383	0.10338681572709653	0.275945431777256	0.1722677470142478
0.2414062062220173	0.20701781970820607	0.10343827515765439	0.2757048774471806	0.17243282146494143
0.24149145681009196	0.20706028745169877	0.10347016744656111	0.2757459862498074	0.17223210204184053
0.2414280311056931	0.2070428719503019	0.10348457101182862	0.2757820805794931	0.17226244535268304
0.24139044409683535	0.20699539930157965	0.10341484658161837	0.27583003995700306	0.1723692700629633
0.24135407906963802	0.20701517231235483	0.10342011912961496	0.2758563046473069	0.17235432484108498
0.24138901218802322	0.20695318326516282	0.1033701753272032	0.27592044581675756	0.17236718340285292
0.2414809406580491	0.2069651460282714	0.10337297318983614	0.27585762378851175	0.17232331633533138
0.24142787339260996	0.20706381595630863	0.10337120765521644	0.2759217951867342	0.17221530780913052
0.24149334669313677	0.20700682846809723	0.10343386843073428	0.2757573871569247	0.17230856925110674
0.2415052052890348	0.20694730078026105	0.1034353906706798	0.2757699094427447	0.17234219381727942
0.24140774948094745	0.20711648649091424	0.10337554514345039	0.2757951911743875	0.17230502771030018
0.2414572116002448	0.20710532061200396	0.10341070578866202	0.27583483187918234	0.17219193011990663
0.24142561104544003	0.2070976599619727	0.1033571868093787	0.27581041425590647	0.17230912792730185
0.24149612785695113	0.20707613797274915	0.10344223451688282	0.2757156843123172	0.17226981534109945
0.2413890782758003	0.20705825978882855	0.10338222824453124	0.27572881654892295	0.1724416171419167
0.24148659590953142	0.20697495914996825	0.1034517692394216	0.27582685139135765	0.17225982430972084
0.24140483744667549	0.20701341305017568	0.10340559955900962	0.2759459231064598	0.17223022683767916
0.24148013203402913	0.20706336533534583	0.10343629766363713	0.2757174988848841	0.17230270608210357
0.2414375562482127	0.2070004939119348	0.10337084395858276	0.2757967821016475	0.17239432377962205
0.24136969309488232	0.20711402006822188	0.10341500203562837	0.27578249358849677	0.17231879121277044
0.24150430197271927	0.20703481852657324	0.10347656543807873	0.2757109951812552	0.1722733188813733
0.24150566065168128	0.20710985334799104	0.10343733856554688	0.27575512276147013	0.17219202467331043
0.241390977809665	0.2070773230539846	0.10340138043070203	0.2758763724622275	0.1722539462434206
0.24136148721868222	0.2071519796008269	0.10344360325428817	0.2758614013018518	0.1721815286243506
0.24135498565322983	0.20692928303127903	0.10340986619323739	0.2759224659973763	0.1723833991248772
0.24141811777196326	0.20713357697703935	0.10340227575296843	0.2758202884204605	0.17222574107756822
0.24140840327089602	0.20689999976421072	0.10337913148634359	0.27579140345693903	0.17252106202161044
0.24140770490458657	0.20688443860871875	0.10348952633037421	0.2757969183119424	0.1724214118443778
0.24142383286021496	0.20696257857647382	0.10347729847710217	0.2758992064618667	0.17223708362434212
0.24145346949353594	0.20688050824877016	0.10344082930335696	0.27575403728485137	0.17247115566948532
0.24137939027501507	0.2070647977024591	0.10342695364356999	0.27584695872685905	0.17228189965209656
0.24136907314340342	0.20706594047071786	0.10346990045659107	0.2757688688099063	0.17232621711938106
0.24146697642434395	0.20703124556774868	0.10337607096783041	0.27573706402491127	0.17238864301516546
0.24141485682128758	0.20699237393104125	0.10349036434809943	0.27580347070350314	0.17229893419606837
0.24145614378166172	0.20709176864910103	0.1033516492782092	0.27590313973666236	0.17219729855436547
0.24150342099803734	0.20714611416466672	0.10338260511324475	0.27578354399313365	0.17218431573091728
0.24148639525612647	0.20699345193135477	0.10341423671751858	0.2758826576486743	0.17222325844632563
0.24148325196344297	0.20703673632669634	0.10346885307457682	0.2757589376033665	0.17225222103191715
0.24141749067982832	0.2068756122844762	0.10343413725271006	0.2759379427015051	0.17233481708148007
0.24145894736762363	0.2068867965721764	0.10344308358374107	0.2758024887401296	0.172408683736329
0.24140195234299336	0.2070211736171537	0.10337397147295448	0.275942112528042	0.1722607900388562
