0.184249726582155	0.6865756472568953	0.12917462616094977
0.2862721971570972	0.26556798545854166	0.4481598173843613
0.3658590631320465	0.6087537117467218	0.02538722512123176
0.14855900489461066	0.13263541081157043	0.718805584293819
0.25796649645506964	0.30308402164742454	0.43894948189750593
0.7680842688790235	0.09732333433925744	0.13459239678171914
0.3648774848123767	0.07508328873421533	0.5600392264534081
0.3729843169805584	0.175831249863631	0.4511844331558107
0.2302177827719962	0.3150808083676771	0.45470140886032684
0.14615020089356653	0.3097120831568369	0.5441377159495967
0.05763560950566565	0.3122900767731918	0.6300743137211426
0.496925076651926	0.1988749448397465	0.30419997850832764
0.3428136676431126	0.30372902594501017	0.35345730641187734
0.05952367858780516	0.3608468415713868	0.5796294798408081
0.09873561035689093	0.2308702966250798	0.6703940930180294
0.6207183438267659	0.05657579600409807	0.32270586016913605
0.5120630916735832	0.3587787580805959	0.129158150245821
0.3337045888139756	0.2150080138239694	0.45128739736205514
0.028386664685706275	0.8823125842045342	0.08930075110975963
0.42571627062853445	0.21288888344267162	0.361394845928794
0.4376695030080645	0.40158993063242643	0.1607405663595092
0.0407475185754953	0.6910098428308922	0.2682426385936127
0.19358716860107236	0.37041823421247494	0.43599459718645284
0.5556920821396603	0.34558788899562964	0.09872002886471026
0.3706082144081528	0.11490081987583328	0.514490965716014
0.3027589383144963	0.41136659530304515	0.28587446638245867
0.12144409833520303	0.15137882399349836	0.7271770776712987
0.13540285195240032	0.5634055142244162	0.3011916338231836
0.4534422991268877	0.11871965915154986	0.42783804172156253
0.28891905688506336	0.47267783763189963	0.23840310548303711
0.0047552998449278405	0.41736504906989	0.5778796510851822
0.6674109861809199	0.08500082330003389	0.24758819051904635
0.6675865155044337	0.20010627750024151	0.13230720699532483
0.10818507988854997	0.19508792926624852	0.6967269908452016
0.5246455066920965	0.3954980160892872	0.07985647721861638
0.42417160788561736	0.49495732448974117	0.08087106762464158
0.017485832250895728	0.24663394166133468	0.7358802260877697
0.3091432752944593	0.0949242974460772	0.5959324272594636
0.4456447201759374	0.1705466323480067	0.383808647476056
0.4450549658419112	0.07630316123519565	0.4786418729228933
0.6400148992606414	0.17747267555461427	0.18251242518474442
0.5803961355414943	0.24658332590125548	0.17302053855725036
0.14385544281633028	0.43698813480232057	0.4191564223813493
0.2560531685551609	0.19131980108632032	0.5526270303585189
0.07767548012612918	0.7908810359911393	0.13144348388273164
0.43204406054350697	0.11135741234507826	0.4565985271114148
0.0393046844412312	0.34085189669567134	0.6198434188630976
0.003537155437313644	0.07732260628577586	0.9191402382769106
0.5726834184972878	0.09645175344872986	0.33086482805398243
0.8698094881535686	0.0808260059924173	0.04936450585401414
0.32560663411391244	0.3263988623213568	0.34799450356473094
0.05958348730373858	0.5620165456272329	0.3783999670690287
0.5491535007330718	0.3846587914101005	0.06618770785682782
0.3279905033450562	0.44522415796269	0.22678533869225392
0.6702945346048845	0.11179615455665717	0.2179093108384585
0.0536387092392247	0.7234929356590307	0.22286835510174477
0.608858991504065	0.20479858869839093	0.18634241979754418
0.48543146557868466	0.1623196553519883	0.35224887906932717
0.30849135412702444	0.6256794324937096	0.065829213379266
0.5003025701026751	0.3611571352030004	0.13854029469432458
0.04458598460577201	0.580559623162918	0.37485439223131006
0.45916874225633497	0.3031150846020967	0.2377161731415684
0.5115716799811452	0.427884789762734	0.06054353025612086
0.03804563447999304	0.6268741375497331	0.3350802279702739
0.6037907152580758	0.14466855855133157	0.25154072619059276
0.17973017635318636	0.2752231150330242	0.5450467086137896
0.8454065493838132	0.058133321064989474	0.09646012955119732
0.5646162646519735	0.12288592690870831	0.3124978084393183
0.3080973971809787	0.2593753917341942	0.43252721108482717
0.495254497598029	0.2505424144535299	0.2542030879484412
0.3284951080266505	0.16016903670035215	0.5113358552729974
0.49392596954635726	0.02051191954623549	0.4855621109074073
0.7100240654302549	0.02098851595214235	0.2689874186176028
0.5705396286922184	0.12859456703999889	0.30086580426778287
0.7523286481117823	0.1601844997960445	0.08748685209217322
0.382619681427798	0.5960047572825911	0.021375561289611045
0.3844532630783388	0.1346313953044293	0.480915341617232
0.4528331705473237	0.06196654107944033	0.4852002883732361
0.07110009285609586	0.0012234420739075103	0.9276764650699967
0.20597939107675334	0.15413796986336226	0.6398826390598844
0.4911641266415515	0.32899409295110565	0.17984178040734294
0.07543580684008155	0.25966457480837674	0.6648996183515419
0.13126428814479352	0.4202911700468732	0.4484445418083334
0.6025956519406471	0.18435893237578163	0.21304541568357138
0.07065344017659048	0.3444623116765102	0.5848842481468994
0.6513203294113001	0.2560573740404481	0.09262229654825188
0.31789466464580096	0.4498611730694672	0.23224416228473194
0.11527124292802954	0.07409141907181649	0.810637338000154
0.6291140374534149	0.06465441506097952	0.30623154748560577
0.00657524183382141	0.8847582773096518	0.10866648085652697
0.15579688357426608	0.1437484764659172	0.7004546399598168
0.823211833501458	0.07782112768208033	0.09896703881646174
0.03386570903550612	0.940514337325407	0.025619953639086923
0.22324314399589662	0.4418733084507032	0.3348835475534003
0.06756151201884686	0.8436469876442577	0.08879150033689559
0.6003471697391776	0.24731462465410164	0.15233820560672087
0.5930860058584616	0.08639619433943971	0.32051779980209877
0.5791805948246231	0.14186909706769985	0.2789503081076772
0.18968553886614334	0.45315135842317145	0.35716310271068535
0.1207732382252	0.3913847403541189	0.4878420214206812
0.0019498294160797958	0.009584375584126503	0.9884657949997939
0.10008271744390601	0.7026394084487013	0.19727787410739273
0.23688515681821581	0.10854586304931552	0.6545689801324688
0.7909979600823857	0.04924102128968766	0.15976101862792683
0.4914380462442674	0.23978467572576428	0.2687772780299684
0.45023671071473287	0.24772893397567608	0.3020343553095911
0.1837499835848815	0.08923829291290217	0.7270117235022164
0.041516041144439964	0.2837753491798652	0.6747086096756949
0.32408257226068304	0.545592719800819	0.1303247079384981
0.32906102113723895	0.12345625864191145	0.5474827202208498
0.24786110900324504	0.28512180884440486	0.46701708215235027
0.3247696261788801	0.06163721996959254	0.6135931538515275
0.5201748521009988	0.1065871914262064	0.373237956472795
0.35708763839786883	0.3330397737435326	0.30987258785859867
0.13364342678569513	0.10542468928723919	0.7609318839270658
0.28817962410982356	0.6322499558498627	0.0795704200403139
0.15687069114440483	0.5668338159283745	0.2762954929272209
0.19534765623161976	0.6470148318477456	0.1576375119206348
0.5977802161949063	0.33603374295472105	0.06618604085037277
0.3302847096319459	0.3755736514150555	0.2941416389529987
0.401002666990269	0.1111035791354659	0.48789375387426526
0.03888204337321799	0.018019194552177598	0.9430987620746046
0.22370608550250318	0.6724767489311216	0.10381716556637527
0.18549511653137152	0.2620808176527762	0.5524240658158523
0.6310569609137451	0.14611969804598593	0.22282334104026905
0.6997828630395018	0.007280529084770504	0.29293660787572773
0.613297291134393	0.005399821275723415	0.38130288758988373
0.14113157467355836	0.7283284713957489	0.13053995393069293
0.11173883040931618	0.44571038526408446	0.4425507843265995
0.418741217969318	0.22921544051699283	0.3520433415136893
0.4483015217407877	0.44060569553602935	0.11109278272318304
0.8036997006834664	0.09395176543594788	0.10234853388058582
0.443351639755713	0.3557295149484293	0.2009188452958578
0.2501834468573021	0.23772538118802763	0.5120911719546704
0.24224669649978625	0.19160155075209093	0.5661517527481229
0.6155443102562465	0.354448193910502	0.03000749583325163
0.4305226415082562	0.48863253291915426	0.08084482557258965
0.2701830200684011	0.6512351088009172	0.07858187113068182
0.08193185863031732	0.7856906147364937	0.13237752663318908
0.4219309213233108	0.34869710925991143	0.2293719694167779
0.2840435992024617	0.0712670659421012	0.6446893348554372
0.8231931513833954	0.03432862790134111	0.1424782207152635
0.0022667626603469215	0.8216559613901555	0.17607727594949774
0.32255560190932475	0.04023299566467964	0.6372114024259956
0.03372687898933263	0.0877668709083354	0.878506250102332
0.43517888734350907	0.2007844045530274	0.3640367081034636
0.6722921471627843	0.30891147938162195	0.01879637345559393
0.016177536885706334	0.0824873255097528	0.901335137604541
0.2602418190056035	0.08048407052974776	0.6592741104646489
0.09540924520592273	0.6791632834302173	0.22542747136386015
0.4341621605435194	0.06690912339205929	0.49892871606442146
0.08996074928412673	0.09491752675399351	0.8151217239618799
0.34202657715270723	0.4994555217448158	0.15851790110247707
0.1862943679105668	0.07545502755657718	0.7382506045328561
0.12969656863273799	0.3839327328038795	0.4863706985633826
0.011030068719747654	0.43883276553278483	0.5501371657474676
0.31730794936543705	0.26284207300244267	0.4198499776321204
0.03801247014414327	0.09990026904774996	0.8620872608081068
0.692106699315256	0.1392428459441226	0.1686504547406214
0.2904558451664623	0.3540172519390599	0.3555269028944779
0.18048817796838915	0.3371092832130846	0.4824025388185264
0.6155179785119069	0.005692971234074307	0.37878905025401893
0.5753331774690742	0.4088053301875955	0.015861492343330452
0.43617118766001917	0.045444591229975906	0.5183842211100052
0.09318146676339867	0.3834075545863742	0.5234109786502272
0.3586022757231097	0.2390619780672773	0.4023357462096131
0.5739944882921142	0.2805169998986851	0.14548851180920086
0.12779987362813588	0.658867645411394	0.2133324809604703
0.43508243574759453	0.27401864323617203	0.29089892101623355
0.47928602888527166	0.5197646969814974	9.492741332309818E-4
0.7912616509146849	0.20721958909392812	0.0015187599913870642
0.05272589474596012	0.10303539443563323	0.8442387108184067
0.2315587144665602	0.5557974302933525	0.21264385524008744
0.10652102475588596	0.5682322148431626	0.3252467604009516
0.17725318915062183	0.5514158259420697	0.2713309849073086
0.5031857173530604	0.16132215872384412	0.3354921239230956
0.5886156049094172	0.38385245220517594	0.027531942885406946
0.71881410860158	0.13384861254299485	0.14733727885542514
0.13356864019297252	0.15387950227579802	0.7125518575312295
0.28829563806818886	0.1477252802333629	0.5639790816984483
0.5980532763205226	0.02104910592845477	0.38089761775102265
0.33097820084312707	0.1701493826772739	0.4988724164795991
0.10622433667100098	0.5744582660089228	0.3193173973200763
0.3919304006617442	0.19598542522720477	0.4120841741110511
0.1926807829590254	0.4075162562388585	0.3998029608021162
0.601251595291092	0.3414400699939355	0.05730833471497265
0.5562544745967557	0.30824933616903893	0.1354961892342054
0.21169616879624564	0.39014703663026606	0.3981567945734884
0.30256811841529846	0.07298354989119987	0.6244483316935018
0.03442722400456366	0.37935605949288176	0.5862167165025547
0.12820595073817492	0.5945371221856701	0.277256927076155
0.27771279480675987	0.3820309713867056	0.3402562338065347
0.10441519511124764	0.57693979904064	0.3186450058481125
0.639262989180418	0.05287553025536462	0.3078614805642175
0.26178842451311074	0.07248391277620958	0.6657276627106798
0.4126378583230421	0.4691064194982578	0.11825572217870017
0.10507122860594309	0.3429716886312739	0.5519570827627831
0.37830777647222513	0.5354557989398012	0.08623642458797373
0.5893672741873864	0.3188868484517585	0.09174587736085513
0.3641165794747556	0.5627923094853816	0.07309111103986293
0.7911375773537641	0.1319865827674056	0.07687583987883029
0.27972796766362973	0.4703228120490668	0.24994922028730357
0.14320642944890782	0.7184194902236098	0.1383740803274825
0.21313591374585786	0.6366536621895548	0.1502104240645875
0.3117259601129308	0.48756440262860223	0.20070963725846705
0.18136010771409725	0.32115202631565204	0.49748786597025085
0.03867719823101612	0.12760983628446768	0.8337129654845163
0.7298754471221638	0.12337699571415539	0.14674755716368085
0.5727271256578206	0.02666186385781033	0.4006110104843692
0.4039755298488252	0.37089259501195826	0.22513187513921665
0.5056916867987638	0.32127004253458713	0.1730382706666492
0.08569684818800138	0.09217223046996509	0.8221309213420336
0.3311785802099192	0.4077463273008645	0.2610750924892164
0.4006212075130827	0.36771280098037795	0.23166599150653938
0.44328874080470176	0.041062915078590445	0.5156483441167079
0.3328339940994083	0.4884283143952344	0.17873769150535745
0.8942510382435962	0.05109363841034076	0.054655323346063156
0.08863451815264228	0.07540657634292336	0.8359589055044345
0.1361790070545738	0.21791017380677027	0.645910819138656
0.22500943675792068	0.16507231942454859	0.6099182438175308
0.14276317571744424	0.80858987312638	0.0486469511561759
0.35475868006177114	0.06539919954451762	0.5798421203937113
0.673640471764441	0.12096393975418065	0.20539558848137843
0.5719038029297129	0.07412180384901557	0.35397439322127167
0.44599040128173495	0.4202163715587409	0.1337932271595242
0.6705170061124222	0.3185458702551773	0.010937123632400625
0.5245903423362024	0.06497035972539916	0.4104392979383986
0.70782597224875	0.2041954245554225	0.08797860319582768
0.20269111050551405	0.6225538218541361	0.17475506764034998
0.3940550083911767	0.17662872945691113	0.42931626215191226
0.30241362812603845	0.025905397874241176	0.6716809739997205
0.330740132996417	0.3937868377491085	0.27547302925447453
0.6076286714793047	0.2404827699285013	0.15188855859219413
0.8507152673195605	0.013790359279385267	0.1354943734010543
0.6046331417931945	0.09396330073779596	0.3014035574690097
0.04869158169268628	0.8098289056932515	0.14147951261406239
0.6152103774525954	0.27341823062785475	0.1113713919195499
0.3625466249798766	0.048580191000795914	0.5888731840193276
0.6627171003267092	0.2706671428095352	0.0666157568637557
0.5297280180922515	0.24742032633521804	0.22285165557253064
0.540135957340335	0.03792588367492855	0.4219381589847365
0.4843998071729274	0.06286179220093219	0.45273840062614046
0.8194928330641109	0.14824354520693572	0.03226362172895342
0.12190043841402975	0.046044194321395615	0.8320553672645747
0.19109780248870267	0.5164335111058042	0.2924686864054933
0.005480984941209299	0.4530263744884187	0.5414926405703722
0.4446139907236534	0.3426134456575222	0.21277256361882446
0.5411017708469654	0.45232633779137166	0.006571891361662974
0.4786905422915726	0.5104726792452444	0.01083677846318315
0.42205751031412064	0.0626627644754264	0.5152797252104531
0.19260210642671008	0.24549559279788516	0.5619023007754049
0.16421021924255993	0.6024132160423656	0.23337656471507456
0.39683683709545625	0.38329696717968575	0.2198661957248581
0.24257037356413624	0.2149668470218759	0.5424627794139879
0.5986325039432395	0.046185533661157074	0.35518196239560357
0.3019628530110059	0.3614795179346456	0.3365576290543486
0.2963668674869644	0.23993557089030598	0.4636975616227298
0.7320906729425418	0.10348507412039101	0.1644242529370672
0.7670240574105817	0.18143201612105442	0.051543926468363976
0.1880033833078209	0.13338792239155403	0.6786086943006252
0.10271253103644248	0.01892240265483447	0.8783650663087231
0.0947891247593875	0.5864829574820101	0.3187279177586025
0.419886192708506	0.0896083181265448	0.4905054891649493
0.6902338869738556	0.163354100357789	0.14641201266835552
0.19973748969544938	0.2725211732105568	0.5277413370939938
0.2921583121401634	0.5456805266062554	0.16216116125358132
0.15695538599105932	0.09120844184124696	0.7518361721676938
0.2596745974613369	0.42711091344071517	0.31321448909794797
0.554879877121586	0.12978246221751427	0.3153376606608998
0.4934366576465339	0.3481829445808771	0.15838039777258914
0.3754443684842014	0.028317418853423815	0.596238212662375
0.23366209087384526	0.08198144192817786	0.6843564671979769
0.5245235863936296	0.13133375826072582	0.3441426553456447
0.2138412914947473	0.6396814830301083	0.14647722547514455
0.05019321464534349	0.86104869335254	0.0887580920021167
0.5572330489981235	0.1414075190233381	0.3013594319785385
0.21648583611901684	0.2861853413822108	0.4973288224987725
0.31873200509206706	0.001144784868102544	0.6801232100398305
0.15706065423734347	0.4907039603452386	0.35223538541741806
0.2177407810389677	0.11351907775119158	0.6687401412098408
0.8355557610489037	0.1302086605749867	0.03423557837610958
0.03413833944057798	0.8338204730927313	0.13204118746669086
0.5721874577602473	0.007382970618957818	0.4204295716207951
0.16113567205209317	0.38022146142306656	0.4586428665248403
0.1474617083915602	0.8221982901408549	0.030340001467584976
0.0883853214442051	0.5690841697514498	0.34253050880434516
0.21560698187059063	0.502089769259335	0.2823032488700744
0.1176045493986202	0.16971571200047722	0.7126797386009027
0.05776372394927948	0.40085704463552807	0.5413792314151926
0.6345334997363785	0.08391091323430225	0.28155558702931927
0.017628369865204163	0.017851296446845466	0.9645203336879504
0.3758447431661868	0.5641268792050024	0.06002837762881086
0.3919450212980536	0.570907713904789	0.037147264797157575
0.3917068890540124	0.02921542217504619	0.5790776887709415
0.2663431389051977	0.48977264752825744	0.24388421356654497
0.8017902076595542	0.00509783156115462	0.1931119607792912
0.5752840328619657	0.26520939931918297	0.15950656781885147
0.2708350292710882	0.07977008573191469	0.6493948849969973
0.015933353790628213	0.3043904346489179	0.679676211560454
0.408260105303599	0.29842702105152685	0.2933128736448743
0.15045781812501996	0.7674041469025239	0.0821380349724562
0.014958841349810625	0.7614645813753729	0.2235765772748166
0.24152129377522846	0.749624617178239	0.00885408904653262
0.12910894947389817	0.33912885971406237	0.5317621908120396
0.33907397036309084	0.12915034809808618	0.531775681538823
0.17976016931282096	0.6315794752504555	0.18866035543672352
0.116337081443737	0.45847846746521365	0.42518445109104946
0.6108424981195206	0.06765263394988003	0.3215048679305994
0.06545407315038032	0.8616221256583655	0.07292380119125424
0.08138267285259071	0.9083434283708139	0.010273898776595458
0.4918978648344546	0.3095860288694492	0.19851610629609634
0.03291726894985425	0.2996515542620226	0.6674311767881231
0.0823528900956837	0.12833318785162104	0.7893139220526953
0.8282195224567155	0.07263792688860576	0.09914255065467889
0.0853792926803511	0.23903884969333594	0.6755818576263131
0.709893552120474	0.20887321307907136	0.08123323480045475
0.7824850202072451	0.14631701326768531	0.07119796652506954
0.3314261078238263	0.5094220687835366	0.15915182339263723
0.5871914459816401	0.26820449612716246	0.1446040578911975
0.23360347073624899	0.17208945535624168	0.5943070739075094
0.005286920457099276	0.9213832317327458	0.073329847810155
0.4840645788187986	0.5092540306363421	0.006681390544859389
0.0797618067219214	0.7281672688282141	0.19207092444986462
0.17976502674551117	0.5584236954739068	0.26181127778058216
0.391056793345339	0.6066478265487045	0.002295380105956646
0.7172269802787887	0.24424987395495906	0.038523145766252265
0.14617214032977285	0.3688317328571703	0.4849961268130569
0.8056175084548903	0.04756375216357023	0.14681873938153958
0.41443911920807797	0.15331482967803067	0.4322460511138915
0.23230679519811864	0.16844818876787399	0.5992450160340075
0.4212207955038557	0.5722772598634389	0.006501944632705481
0.17979885764425085	0.19785743445032644	0.6223437079054228
0.5065377298334388	0.06337845578435397	0.4300838143822073
0.5675805990203328	0.21889025131969952	0.2135291496599678
0.5634876675112052	0.26748426053379337	0.1690280719550016
0.5205568095798548	0.07993753146411559	0.39950565895602963
0.6272715595280544	0.01644085711858373	0.356287583353362
0.25817634831856373	0.3185179303882926	0.4233057212931438
0.704434593643035	0.2066101952094484	0.0889552111475167
0.14383259173078433	0.7987423197637409	0.05742508850547484
7.894090485793814E-4	0.3279576893624526	0.6712529015889681
0.07475329691272875	0.8222625846828553	0.10298411840441607
0.0178261061014256	0.8547717632736892	0.12740213062488526
0.3838019471047545	0.09266782112233082	0.5235302317729147
0.6371670483958682	0.23289383935960323	0.12993911224452853
0.045271705967889986	0.49931135297830614	0.455416941053804
0.19325293623974038	0.109180252828876	0.6975668109313837
0.4286089951372935	0.46367521874100015	0.10771578612170649
0.36842327669965935	0.33284924487776935	0.2987274784225714
0.38331539055007596	0.34007971724871683	0.2766048922012073
0.7240145721619204	0.005078076244377616	0.27090735159370194
0.39273156805538756	0.0812867836857612	0.5259816482588514
0.06656269818180582	0.12983378769865594	0.8036035141195383
0.30206608045767797	0.6240248654147282	0.07390905412759391
0.11906898792467824	0.84238659885306	0.03854441322226193
0.029744837919553957	0.2981894916275685	0.6720656704528777
0.22551345329774353	0.7321111075105328	0.04237543919172382
0.2286291346842273	0.14524940105598774	0.6261214642597852
0.048356004254409335	0.9348776918503828	0.016766303895207835
0.3920684384084018	0.5099381880976169	0.09799337349398138
0.2117531574092276	0.7568452568064015	0.03140158578437102
0.2393430014945704	0.705852301577073	0.054804696928356766
0.7679458105124365	0.19769672183546744	0.03435746765209613
0.29607106657351456	0.2619422192891022	0.44198671413738333
0.09967472227940136	0.20443620358192022	0.6958890741386785
0.4103497910298266	0.007918637534569006	0.5817315714356045
0.6577895525188637	0.019708049417241302	0.322502398063895
0.15407002996814054	0.6390759366113982	0.20685403342046144
0.3067767151534439	0.4956683090579833	0.1975549757885729
0.43738826279007015	0.22841227498886607	0.3341994622210639
0.6742784229271725	0.1524073700509029	0.17331420702192463
0.5347693721782315	0.21832192776365988	0.24690870005810867
0.058789062915212686	0.4524555241493606	0.48875541293542685
0.20137526338459294	0.7432009375200264	0.055423799095380755
0.6667361595215433	0.09587932388310563	0.2373845165953512
0.18331744264445995	0.6268028034512718	0.18987975390426828
0.5799474065556366	0.1785600194030879	0.24149257404127558
0.030526229060097554	0.8634722377748574	0.10600153316504518
0.1643125099334053	0.376438543890223	0.4592489461763718
0.8831895346868123	0.08153004283265297	0.03528042248053487
0.15610170123869166	0.760196345768926	0.08370195299238242
0.5756752556344538	0.2858242877783085	0.13850045658723784
0.08384211649146028	0.8653580916934867	0.050799791815053175
0.8226917487815637	0.12001740897775826	0.0572908422406781
0.2840146314235862	0.42486362788936033	0.2911217406870536
0.509422407554015	0.18692971916903572	0.3036478732769494
0.02718496753001176	0.9578722332965259	0.014942799173462418
0.481922665772043	0.22683688665075064	0.2912404475772064
0.14959196810514186	0.5779770611573333	0.2724309707375249
0.2899031966182999	0.19293441217023338	0.5171623912114669
0.2829974637057032	0.3247839431108098	0.39221859318348706
0.12506159212753246	0.01690950516871159	0.858028902703756
0.8529818199144577	0.033645959104780854	0.11337222098076155
0.6969367785855191	0.046594300520055365	0.2564689208944257
0.5027459639723582	0.32405338733592487	0.17320064869171706
0.011152450424407656	0.26722046864265026	0.7216270809329423
0.38745432934263224	0.19464938686758035	0.41789628378978755
0.06058053609140307	0.600798770927149	0.33862069298144815
0.6897849046797006	0.1244090420974579	0.18580605322284163
0.23224089166212852	0.7487204741046362	0.01903863423323543
0.6958249054963064	0.2548761466809316	0.04929894782276212
0.1925470428271357	0.5525550423176012	0.25489791485526325
0.4607584789030983	0.5047783481108866	0.0344631729860152
0.07842648922465079	0.38231988383529614	0.5392536269400532
0.6519389735951036	0.025399272232535575	0.322661754172361
0.021460698309797355	0.0037264931948031155	0.9748128084953996
0.4537825750291007	0.37200296338038974	0.17421446159050968
0.07510896646593951	0.2904982422028955	0.6343927913311651
0.30190673827096026	0.03928934736734402	0.6588039143616959
0.186446639580915	0.5314862977438599	0.2820670626752252
0.3085871515397218	0.2123472808078926	0.4790655676523857
0.09075046914522172	0.4261195540575604	0.48312997679721803
0.7357988146329743	0.1114683555929247	0.15273282977410113
0.14460657286255882	0.8169913740227444	0.038402053114696966
0.5681238947322587	0.19931953177212683	0.23255657349561454
0.24977481264002346	0.43253280901591856	0.31769237834405806
0.18297552738541917	0.37691145770857926	0.4401130149060017
0.029873184163054844	0.3023237831801699	0.6678030326567754
0.5782415366487861	0.17515693109206032	0.24660153225915366
0.038525803240469336	0.2504921367061516	0.7109820600533792
0.5083890199413337	0.38988728840890957	0.10172369164975689
0.01356911253626969	0.4359621857405943	0.5504687017231362
0.22690013154578845	0.5588926091846054	0.2142072592696063
0.924559371978272	0.02827253177181266	0.047168096249915414
0.20986124942634932	0.6499148173171168	0.140223933256534
0.36497222536858037	0.3512883062417245	0.2837394683896952
0.22631093867036867	0.1857928159934254	0.587896245336206
0.5290391126403455	0.3611422028719432	0.1098186844877114
0.09626901753808709	0.01762900296024661	0.8861019795016664
0.16102454401088412	0.384794057096001	0.45418139889311504
0.037713462200933856	0.5273945064164891	0.43489203138257715
0.6947790271276777	0.23138782135565444	0.07383315151666797
0.6604293675781382	0.26915024933973875	0.07042038308212317
0.056189330604818566	0.5951877046654865	0.34862296472969506
0.627455919595288	0.3645625476411962	0.007981532763515764
0.15786514448527417	0.048874165576749506	0.7932606899379765
0.23292481687304267	4.2190780536999206E-4	0.7666532753215874
0.013579936859194286	0.12198343393355465	0.8644366292072512
0.48016360842074457	0.24655650721325778	0.27327988436599776
0.24208007376658128	0.6729420669621895	0.08497785927122936
0.650911549994315	0.21383395454951445	0.1352544954561707
0.2027336493603446	0.7795771701782942	0.017689180461361254
0.00526606076908992	0.13113952363573983	0.8635944155951705
0.5012743205436525	0.16001107935615883	0.3387146001001887
0.17333426662720267	0.3136051349653512	0.5130605984074462
0.37272533526242957	0.3492877189484007	0.2779869457891698
0.08051868197694956	0.23924092669184133	0.6802403913312093
0.12808534002042712	0.21806419645786823	0.6538504635217048
0.055854323032879793	0.7099184999447389	0.23422717702238144
0.7787946992317403	0.22034931705996036	8.559837082994237E-4
0.2701010357086419	0.11483006053736455	0.6150689037539936
0.1630671695788484	0.4738825538761731	0.3630502765449786
0.33877583146539725	0.20253805453404267	0.4586861140005602
0.4346849335193448	0.36402008521542756	0.2012949812652278
0.5375828322343155	0.003875964676103405	0.45854120308958113
0.51937039181905	0.035637522099844665	0.4449920860811054
0.6152530937852884	0.19453273925832734	0.19021416695638435
0.15885075989767594	0.40908355937664015	0.432065680725684
0.051253310146810116	0.03266074293807841	0.9160859469151116
0.34932032851339123	0.6395898674325355	0.011089804054073449
0.8543863978524485	0.0273131312887121	0.11830047085883957
0.5385016788368495	0.3350419722450477	0.1264563489181028
0.7130122902254535	0.042306441906177106	0.24468126786836952
0.3865074593540043	0.44931539166318285	0.16417714898281296
0.3983296611018766	0.1271201429836851	0.47455019591443837
0.1575849319279843	0.262211672731622	0.5802033953403938
0.38710465720184223	0.4567890338591527	0.15610630893900518
0.08574877247505222	0.7134197403149106	0.20083148721003724
0.5174577494530239	0.11486104470816572	0.36768120583881053
0.2248042278446112	0.19829340849538002	0.5769023636600089
0.6005719508801941	0.18179019593445145	0.21763785318535456
0.32378232472869334	0.2958316554437371	0.38038601982756964
0.6358963877960941	0.05888607909008742	0.3052175331138185
0.298435392945939	0.6049200107378068	0.09664459631625422
0.026220905518109183	0.37536093049738384	0.5984181639845072
0.8519246704606916	0.003965428794219017	0.1441099007450894
0.4209016661925579	0.3575410061455144	0.22155732766192782
0.2784786252017851	0.16206080461315128	0.5594605701850637
0.5880176624603701	0.15366513443917781	0.25831720310045214
0.7727423289441597	0.14015620249724484	0.08710146855859549
0.1410478281364967	0.37305360134419	0.4858985705193134
0.06117002232437352	0.47416323542845723	0.4646667422471693
0.3788069032379926	0.3407550872179197	0.2804380095440878
0.09377269677279884	0.8202015767737039	0.08602572645349749
0.22964974251785553	0.6810525271867751	0.08929773029536955
0.1296118927871036	0.7820270429152216	0.08836106429767498
0.21331438818945578	0.21963679356351473	0.5670488182470297
0.5997826464249587	0.10106947588940146	0.29914787768563994
0.4923895528863305	0.3787779646949172	0.12883248241875234
0.612809945666626	0.3710901929684512	0.01609986136492292
0.2745880681157081	0.033606703147031625	0.6918052287372605
0.49993427620056086	0.008099328509157455	0.49196639529028174
0.015783994744795415	0.3694149329035912	0.6148010723516135
0.49039731712808016	0.22136920651371186	0.28823347635820806
0.3391466187725594	0.17962228261795302	0.48123109860948765
0.19404466568527085	0.6393518504978002	0.16660348381692908
0.17250349345010066	0.267046691685491	0.5604498148644085
0.46781707365229835	0.421669392653169	0.11051353369453276
0.0522328642631365	0.5449911725720694	0.40277596316479425
0.5328507039541202	0.22695952955256227	0.2401897664933177
0.5440354869162108	0.3275010411779086	0.12846347190588067
0.013421073084516566	0.4147254392265416	0.571853487688942
0.7176107615377316	0.1859966359101426	0.0963926025521259
0.4141829624570973	0.15320908683233814	0.4326079507105647
0.07528270150209881	0.8094929235972657	0.11522437490063564
0.808183439121581	0.07711358596198048	0.1147029749164386
0.1114701879716477	0.5127706994172214	0.37575911261113104
0.18024234442122705	0.32438531396798514	0.4953723416107879
0.5134733842139101	0.2660930190571243	0.2204335967289657
0.3494684923879152	0.23241525500712334	0.41811625260496155
0.04406169449056219	0.11065023838288957	0.8452880671265484
0.07783466814370488	0.04311751937484687	0.8790478124814484
0.004359733132222876	0.503952182330864	0.4916880845369132
0.15765483506097724	0.827263053063255	0.015082111875767856
0.13407772505668092	0.23609034649434768	0.6298319284489715
0.3324734011478866	0.15770014425301282	0.5098264545991007
0.086178552293735	0.2693861759841787	0.6444352717220865
0.47770867368552705	0.005945104171387772	0.5163462221430852
0.024340933733072223	0.34978109165852234	0.6258779746084056
0.366287010372138	0.13724112004724925	0.49647186958061285
0.44969302023089286	0.18970999350009735	0.36059698626900993
0.4192193734172409	0.09728803151171936	0.4834925950710398
0.0870355473868997	0.8736992434543849	0.039265209158715675
0.1761341672236485	0.34610030405293724	0.4777655287234144
0.06092404951076347	0.5055551191239092	0.4335208313653274
0.711467319449849	0.11172536757323293	0.1768073129769182
0.14941248350635342	0.13730792969324312	0.7132795868004036
0.621894487015521	0.3591126268962795	0.018992886088199656
0.4924951987716324	0.35442164810142285	0.1530831531269449
0.605834136457575	0.0850229265271486	0.30914293701527645
0.30073080288856463	0.006642058367295811	0.6926271387441396
0.20974645956581198	0.5032459790398967	0.2870075613942915
0.28988948847865215	0.1290410763731295	0.5810694351482184
0.406166964425053	0.4308680670786088	0.16296496849633835
0.013777791679329188	0.08801556648279882	0.8982066418378721
0.3848380161837926	0.3312386636310365	0.28392332018517097
0.3482703417255474	0.5221910298511625	0.12953862842329028
0.08656394408430901	0.5880834051719293	0.32535265074376185
0.03955313585515402	0.04551372549963706	0.9149331386452091
0.5943380821526657	0.2346056458078648	0.17105627203946963
0.06352489547837115	0.7290032589516621	0.2074718455699669
0.6296445897484764	0.2029787579263277	0.167376652325196
0.3477721692478661	0.09967816613334399	0.55254966461879
0.251530191669653	0.174482671349813	0.5739871369805342
0.08304353580615648	0.09703643979328114	0.8199200244005624
0.39362196562000457	0.3525431558088915	0.25383487857110404
0.01300237205432997	0.11495127155281698	0.8720463563928531
0.0978825826937954	0.09461058375203707	0.8075068335541676
0.6892163711449661	0.0961986024759362	0.21458502637909777
0.04339850934765799	0.24645117057269111	0.7101503200796511
0.14808284711807068	0.004237103647322604	0.8476800492346068
0.4103393520542676	0.23605138518125263	0.3536092627644799
0.08950933671067535	0.7160962937254159	0.19439436956390882
0.4816071142368632	0.4395378922621617	0.07885499350097513
0.5523731165224882	0.1737596555879158	0.27386722788959605
0.2037079994268076	0.04283150361439553	0.753460496958797
0.29169564817925775	0.08106348614990422	0.6272408656708381
0.38099694060599976	0.25105816254067104	0.3679448968533293
0.3343493552656344	0.16052203146440122	0.5051286132699645
0.12271570409681742	0.46950820356974793	0.40777609233343476
0.489208780984507	0.2189844281480925	0.2918067908674006
0.2674101350402672	0.02623548239258433	0.7063543825671486
0.05016310046010036	0.896002119946598	0.05383477959330185
0.634430372298187	0.2441411829869155	0.12142844471489753
0.6471813857702945	0.28710745781838637	0.06571115641131925
0.05186621959902926	0.28825037238721524	0.6598834080137557
0.3153501806810496	0.5275092039903259	0.15714061532862467
0.4687230339625259	0.20200450236759085	0.32927246366988333
0.15427188794656282	0.23308673410179184	0.6126413779516455
0.26051618356804734	0.49515030524184833	0.24433351119010444
0.7895627582247107	0.20180359947562604	0.008633642299663402
0.5384197179139285	0.3663151076553293	0.09526517443074234
0.7221030564545106	0.0011118459597536656	0.2767850975857358
0.46013175007951584	0.21063835443380263	0.32922989548668163
0.27479519252698814	0.03811376418298662	0.6870910432900253
0.5186966862878395	0.3882608770501346	0.093042436662026
0.35530857453517206	0.5121035572718917	0.13258786819293628
0.11099484780986532	0.39696885518978164	0.4920362970003532
0.14591713431736358	0.7963086831168376	0.057774182565799026
0.09249528901181259	0.5885577425785307	0.3189469684096569
0.3662638275980141	0.5387510539573422	0.09498511844464369
0.6774447782695323	0.26121251976946147	0.061342701961006274
0.7919297565105258	0.06555830610442637	0.142511937385048
0.4249973406108317	0.27987602851485055	0.29512663087431784
0.035893687501326044	0.16486912895167352	0.7992371835470006
0.8014569479579324	0.117527684177472	0.08101536786459573
0.6206113902458689	0.33312398476085703	0.046264624993274106
0.7434095612811081	0.04839772453857444	0.2081927141803176
0.13348007405055112	0.22865198858944874	0.6378679373600002
0.20336176927055452	0.21588426851122747	0.5807539622182181
0.27793939409864465	0.09217181532918989	0.6298887905721655
0.3558279913198518	0.18313316716431896	0.4610388415158293
0.8208253252291778	0.012970083440333902	0.16620459133048832
0.6921827498509461	0.04062543467867985	0.26719181547037407
0.30142224489379943	0.5743999265083186	0.12417782859788204
0.016445912866467294	0.9782746133101174	0.005279473823415315
0.899088999335414	0.08277903782009494	0.018131962844491256
0.35872637064294466	0.5438941038619262	0.09737952549512927
0.7152082785737935	0.2737968072366719	0.010994914189534633
0.24438821067743477	0.5224446836554492	0.23316710566711615
0.3239163100728869	0.38446083404415193	0.2916228558829613
0.5068196540420058	0.3726905646942511	0.12048978126374318
0.01558720696678284	0.9534160009270015	0.030996792106215754
0.6303313578249952	0.282104385219065	0.08756425695593997
0.02818925656316229	0.5476903415289115	0.4241204019079263
0.31009645411250314	0.12810045641548148	0.5618030894720155
0.0950348222532344	0.7367009493475918	0.168264228399174
0.006927393233816914	0.062351797456589086	0.9307208093095941
0.4025575231552412	0.02246441657150633	0.5749780602732526
0.5408626374892311	0.04743046426431102	0.411706898246458
0.5724206684690611	0.3353604582203958	0.09221887331054313
0.7542014720569674	0.13605276782525394	0.10974576011777873
0.26692114313272575	0.6596499774633597	0.07342887940391457
0.012192013283215897	0.8929350019234552	0.09487298479332906
0.1296025520115052	0.2804249665732531	0.5899724814152418
0.08565797402089287	0.838976518984594	0.07536550699451328
0.32034194566460716	0.09498917262958745	0.5846688817058054
0.8346818478608161	0.16061323606970768	0.0047049160694762615
0.1123101505991505	0.5932734513700748	0.29441639803077474
0.3487208975268829	0.18485189179447775	0.46642721067863946
0.13919214830002158	0.57755212522209	0.2832557264778886
0.9172459984148075	0.05006668887971455	0.032687312705478144
0.1419684467294564	0.5835195500550618	0.2745120032154819
0.5602076897906477	0.33234608811902555	0.10744622209032684
0.6408701489941332	0.2553359550898274	0.10379389591603957
0.27598041596475864	0.22393724390346256	0.5000823401317789
0.15577549374524727	0.6476533685370868	0.1965711377176661
0.1949473196572603	0.4557401666491564	0.34931251369358346
0.18282793532356295	0.2543217300407131	0.5628503346357241
0.6197234937460223	0.046402235398988134	0.3338742708549896
0.48996787781644136	0.4319542930796598	0.07807782910389893
0.22530253072279027	0.42818769330216183	0.346509775975048
0.25957308061786466	0.043528487391849224	0.6968984319902861
0.4995830857805418	0.46665538511172566	0.033761529107732724
0.19761895952979794	0.7494311200394252	0.05294992043077695
0.051971069575633466	0.09922986762507885	0.8487990627992879
0.28991180797390287	0.4181057319721782	0.291982460053919
0.20566561865467964	0.16376076423963393	0.6305736171056866
0.7391408472386157	0.08840301529797256	0.17245613746341176
0.6224671299920292	0.2270319890960325	0.15050088091193828
0.25649344828819975	0.2665664585937542	0.4769400931180461
0.13243273444769793	5.338095692837275E-4	0.8670334559830185
0.3022168077586075	0.5919093785373004	0.10587381370409224
0.07003135447559694	0.8815081536385693	0.0484604918858339
0.2718087764725826	0.5541721579747162	0.17401906555270133
0.48651196128036517	0.40972900132738754	0.1037590373922474
0.9119366113187558	0.02752116921184744	0.06054221946939686
0.48661705214268536	0.30228375616272907	0.21109919169458574
0.910972533742444	0.05408192719458316	0.034945539062972764
0.6205281401118374	0.08176515164075204	0.2977067082474107
0.28710526179201157	0.21460509948853035	0.4982896387194582
0.16330359380294895	0.2621174983632827	0.5745789078337684
0.005599983353975657	0.28274197309992105	0.7116580435461034
0.047288628180994	0.8838708485706464	0.06884052324835965
0.45816889851611586	0.4049213987745835	0.13690970270930075
0.21367156926589917	0.5608671213319599	0.22546130940214104
0.8547275336357719	0.035343895152196825	0.1099285712120314
0.4203262289606008	0.03365924177097268	0.5460145292684266
0.5521385585654139	0.15610948704547953	0.2917519543891066
0.6874374003466404	0.19596230084478655	0.11660029880857314
0.20177909753738982	0.4463615261539948	0.35185937630861547
0.0708073184227454	0.6281910030066316	0.30100167857062315
0.41872297170316475	0.5543099428182869	0.02696708547854848
0.5507946443170223	0.12595845607762235	0.32324689960535546
0.17376050700765808	0.5289174512445665	0.29732204174777566
0.6266410580559412	0.20072893029387306	0.1726300116501859
0.1529329285752832	0.38117702732917536	0.4658900440955416
0.048822506247303665	0.4990328683096641	0.4521446254430323
0.23573664636255645	0.37962546553433113	0.38463788810311256
0.21087680073779203	0.4255026468494242	0.36362055241278396
0.6240471442429775	0.27010716535036644	0.10584569040665617
0.650717504627046	0.15289327989027215	0.19638921548268193
0.14280227696989836	0.11718610311492511	0.7400116199151767
0.22986069040494123	0.7292029617103117	0.04093634788474715
0.37013115765063276	0.24269547681995204	0.3871733655294153
0.15161084395497176	0.16912462159144356	0.6792645344535848
0.04142685894585307	0.266070705259589	0.6925024357945582
0.808373378393722	0.09762030648389705	0.09400631512238108
0.38036029088074447	0.17429073185077334	0.4453489772684823
0.1425272881926885	0.21808977274225996	0.6393829390650516
0.1720344658156493	0.6960700478966543	0.13189548628769657
0.3411072805504456	0.5056538437301865	0.153238875719368
0.12207027290287065	0.5557717455797765	0.32215798151735303
0.15125402798015872	0.5427579186048935	0.30598805341494784
