0.14701302692666898	0.12256381077517693	0.18378755624833276	0.04821648524690783	0.0653138868877513	0.11451085516753128	0.17151844624606097	0.1470759325015697
0.14703075753563694	0.12256213730926603	0.18379660954300361	0.04820043553002076	0.06530766758503403	0.11451095412718677	0.1715151525482548	0.1470762858215968
0.14701199625866787	0.12256235161532278	0.18379685125420311	0.04820845705114689	0.06530695275377874	0.11451504631179987	0.17152369039782417	0.14707465435725633
0.14703579637081357	0.12256399203651068	0.18377030023160013	0.048209062074279094	0.06531322717053556	0.11450872290293396	0.171524616512222	0.1470742827011048
0.14701216239013162	0.12256118659210456	0.1837864058846769	0.048211317823489516	0.0653147369152397	0.11452239877217998	0.17151817726077592	0.14707361436140157
0.14701881054942625	0.12256325032660129	0.18377416315184458	0.04823426408970263	0.06530982459574321	0.11450562646312208	0.17151741001132617	0.14707665081223353
0.1470227793986508	0.1225615487563149	0.18378635450219663	0.04820440242685563	0.06531174683160876	0.11451966320993315	0.1715202048155004	0.14707330005893954
0.14701464882627224	0.12256492165173356	0.18376827173812035	0.048226247229498365	0.06531455982087783	0.11451746967929205	0.17152179625104952	0.14707208480315587
0.1470333401434113	0.12256289564595267	0.18378861590302026	0.04820680927887222	0.0653071383214762	0.11451098325918885	0.1715178681136538	0.14707234933442448
0.14701148085770427	0.12256218638275385	0.18377481655146433	0.04822346360365391	0.06531162494052091	0.11452401942101847	0.17151871804053315	0.14707369020235084
0.14702310436005114	0.12256134247547074	0.18378724181737638	0.04822369560748596	0.06530623402141411	0.11450160390743924	0.171521915179066	0.14707486263169617
0.14703815251643976	0.12256284530475092	0.18377538460891074	0.04820148961938414	0.06531270953658899	0.11451899990720729	0.17151584741016215	0.14707457109655575
0.14702539630393707	0.12256230747297513	0.18378012335088306	0.048201263989641946	0.06531284139136542	0.11452064669420746	0.17152353987373717	0.14707388092325252
0.1470213776598999	0.12256127437694461	0.18379739496885533	0.048204632325490646	0.06530870937760655	0.11450924029988256	0.17152271074748496	0.1470746602438352
0.1470305669043057	0.12256482226388736	0.18377701324257298	0.04821160659227211	0.0653083230066639	0.1145159731292993	0.1715173090798782	0.14707438578112025
0.14701710311890526	0.12256264165237547	0.18377937049153178	0.04820912639953169	0.06530769300153852	0.11452708518465343	0.17152096200180666	0.14707601814965693
0.14701144771407876	0.12256385679310998	0.18379733956043381	0.0482018019496097	0.0653120599572736	0.11451175186177494	0.17152695126823833	0.14707479089548067
0.14702456345073242	0.12256245741220084	0.18377749375607558	0.0482159646243983	0.0653079012309381	0.11451729537882716	0.17152009781526617	0.14707422633156123
0.14704933020063116	0.12256106918780468	0.18377091914111515	0.04820376366797777	0.06531278725671483	0.11450482455080373	0.17152446061727913	0.14707284537767334
0.1470277493293685	0.12256460697215191	0.18378943169143658	0.04821365000876923	0.06531407949721768	0.11450300239296263	0.17151540140220795	0.1470720787058853
0.14702448712440297	0.12256236535436763	0.1837740421673098	0.04821304352245183	0.06531065222475113	0.11452286824351335	0.17151864312420378	0.14707389823899925
0.147023034470411	0.12256384438870238	0.18377144310308072	0.048213418526608015	0.06531360483645791	0.11452092695117014	0.17152090900443706	0.1470728187191325
0.1470455481438331	0.12256346321269548	0.18377220462332855	0.048215991192160204	0.0653103828039945	0.11450327962512795	0.17151646661162254	0.14707266378723743
0.14701476936021	0.12256179005428514	0.1837693659951046	0.04823506341208739	0.0653064974496253	0.1145159148119445	0.1715214179920069	0.14707518092473595
0.14701506120452662	0.12256429242452684	0.18377002709665294	0.04824156028033785	0.06531477016403314	0.1145022921743557	0.17151916917578638	0.1470728274797803
0.14701829576793504	0.12256161289988882	0.18378434170932298	0.0482180164791971	0.06531112844567832	0.11451567017162974	0.17151594944348736	0.1470749850828604
0.1470259811829372	0.12256309406564732	0.18378163101702366	0.04820938705551783	0.0653130826303749	0.11451469667088732	0.17151679828649627	0.1470753290911153
0.14701432853646126	0.12256382889705346	0.18377366907813114	0.048220739486021735	0.06531100688747055	0.11451951265265486	0.1715233267764463	0.14707358768576048
0.14702740999661354	0.12256422447223207	0.1837846924049062	0.04820270101289624	0.06531395199110726	0.11450900023135258	0.17152492805552577	0.14707309183536613
0.14703577438467832	0.12256441316288443	0.18377463016821485	0.048221843972947404	0.06530701625042862	0.11450166941454112	0.17152045904767535	0.14707419359862967
0.14701060387179057	0.12256271471244386	0.18379098978107783	0.04820678811637888	0.06530931689299682	0.11452207587761982	0.1715221094459171	0.14707540130177493
0.1470261940306868	0.1225638751798105	0.18377348848921488	0.048223200881214456	0.0653132612525533	0.11450041469976512	0.17152477838671398	0.14707478708004074
0.1470280124404345	0.12256167492653268	0.1837795926634487	0.048212894038869636	0.06530976984655958	0.1145155027602599	0.17151694498009035	0.1470756083438044
0.14703292277500438	0.12256141230454679	0.18377075882410226	0.04822273470722736	0.06531402033146783	0.11450515622965458	0.17152051158148768	0.1470724832465089
0.14702109714138478	0.12256289867589583	0.18376854168601145	0.04822745958339243	0.06531063298766057	0.1145188276584676	0.17151767257586673	0.14707286969132036
0.14705094954850623	0.12256198471121815	0.18376926622536616	0.048205790756750674	0.06530655656188963	0.1145088637691116	0.17152206056987238	0.14707452785728498
0.1470111873782598	0.12256175278216248	0.18378638467149472	0.048214961157291625	0.06530814520639999	0.11452105372813629	0.17152179888583335	0.1470747161904215
0.1470336306205066	0.12256329391251297	0.18379436612813133	0.04820881945262484	0.06531017769393724	0.11450038220395016	0.17151713078416309	0.14707219920417355
0.14702408346063897	0.1225635591042269	0.1837764824153979	0.048227673016787154	0.06531145728929733	0.1145008939611467	0.17151934110137565	0.1470765096511292
0.14702225129679536	0.1225640991255705	0.18378174200222502	0.0482211124946048	0.0653098821666048	0.11451099049459662	0.17151754962466711	0.14707237279493554
0.14702948500565274	0.12256243500495358	0.18377182628364166	0.04822424764425692	0.06531297381235165	0.11450196390731995	0.17152291776979142	0.14707415057203183
0.1470192149254403	0.12256362374878	0.18377943975201108	0.0482248883047883	0.06531308113301204	0.11451008485329753	0.17151541070987464	0.14707425657279585
0.14701336690153022	0.122562607998877	0.18377991582688102	0.04820950204334447	0.0653106825981619	0.11452354045136223	0.1715261431415337	0.14707424103830924
0.14702317365114398	0.12256257491471857	0.1837791671330829	0.04820224431755318	0.06531367272869382	0.11452422229467907	0.1715185837138749	0.14707636124625334
0.14701009249419475	0.12256250081900256	0.1837693011895199	0.04822085155368819	0.06531366635328562	0.11452593512082032	0.17152379293321002	0.1470738595362784
0.14701137371785164	0.12256174701886148	0.18378545925379472	0.048205611274041785	0.06530959356581739	0.11452716028422624	0.17152254082052598	0.14707651406488056
0.14701765264555514	0.12256278219084002	0.18378603438779315	0.04822015787134519	0.06531394851106456	0.11450688846471782	0.17151726205335333	0.14707527387533054
0.1470369789455658	0.12256377966232339	0.18378410305130932	0.04820771836061866	0.06530630413036792	0.11451135866251445	0.1715175346267985	0.1470722225605017
0.1470337642513975	0.12256399395983524	0.18378228831552745	0.04820731597157163	0.06530636179258596	0.11451424835728738	0.17151881193262822	0.14707321541916646
0.1470254190696613	0.12256433481813708	0.18378237519280527	0.048201261826069944	0.06530643138293589	0.11451863752687368	0.17152653521264227	0.14707500497087433
0.14702699027603555	0.1225630161504968	0.18377838759327034	0.048220862521025226	0.0653074137470412	0.11451023362057883	0.1715185587130842	0.14707453737846762
0.14701335811873376	0.12256331257919162	0.18377246602819555	0.048237329604780624	0.06530854716661329	0.11451608163994287	0.17151566292551768	0.1470732419370244
0.14701444597993504	0.12256451235856117	0.183785999625559	0.04821399724351089	0.06531170605291223	0.11451294227463857	0.1715225825453579	0.14707381391952493
0.14703102697226272	0.1225633378770246	0.1837750744494166	0.04821673079359659	0.06531106029733823	0.11450762410784371	0.17152077691937892	0.14707436858313833
0.14701234107132788	0.12256107038808962	0.18377056158081156	0.04823680390853308	0.06531267640600985	0.1145124008754348	0.17151953330291503	0.14707461246687792
0.1470167800726989	0.12256426120101217	0.1837893519098353	0.04821455595825602	0.06531417498207867	0.11450500545318718	0.17151908628092155	0.14707678414200995
0.14703093127321926	0.12256232963361889	0.18378115815305474	0.04820906337554824	0.06531478528492862	0.11450313138933194	0.17152358973863166	0.1470750111516664
0.14704097778567546	0.12256484989785604	0.18378142557777088	0.048209590674486325	0.06530693778651636	0.11450383079564438	0.17151775723395926	0.14707463024809103
0.14702982786174457	0.1225628927806582	0.1837735389836876	0.04821800068458362	0.06531074430820075	0.11450495156906362	0.1715268581940086	0.14707318561805285
0.1470317251683459	0.12256485713906846	0.18378818759303167	0.04820137541271971	0.06531244681908066	0.11450242123290937	0.17152418298968508	0.14707480364515896
0.1470117755267205	0.12256404290109325	0.18377789537465888	0.048218147197741534	0.06531033829175423	0.11452392590279402	0.1715172202666089	0.1470766545386284
0.14703593683521313	0.12256177321811297	0.18377267709083878	0.048223963142357995	0.06530942247768745	0.11450349747577622	0.1715199163144741	0.14707281344553913
0.14703505344647325	0.12256133514729833	0.18377841882838333	0.04821623356899919	0.06530732448158869	0.11450815122824261	0.1715182917803038	0.14707519151871057
0.14701241025102005	0.12256366584194224	0.1837767562968748	0.04822551411240643	0.06530928240752382	0.11451940162592082	0.17151700932518305	0.1470759601391286
0.1470497716917055	0.12256164624992255	0.18377049160412331	0.04820024121904429	0.06531439002402725	0.11451238043034064	0.1715158327572351	0.14707524602360114
0.1470356511811259	0.12256443563847352	0.18377541401475708	0.048213050176104194	0.06531371763651952	0.11450388448697094	0.17151815422785777	0.14707569263819084
0.14704464319324245	0.12256429513992081	0.18377198270041872	0.048206470172324614	0.06531198175138049	0.11450572935152713	0.17151978150556652	0.14707511618561903
0.14704153626255054	0.12256206064454765	0.1837801105474069	0.048207000116230386	0.06531283754203034	0.1145060208132519	0.17151740506557484	0.1470730290084072
0.14701386452272738	0.12256382110992951	0.18376937787982892	0.04822908912027586	0.06530935909660236	0.11451872942362208	0.17152092038933575	0.1470748384576779
0.14701585019178973	0.122561733809473	0.1837857204145596	0.04822630608476436	0.06531265297787996	0.11450626795277932	0.1715155110192416	0.14707595754951222
0.14702441585307738	0.12256210321468046	0.18379112084419336	0.04821552379421695	0.06531224209783557	0.11450041969864647	0.1715188884763076	0.14707528602104197
0.14701036177327584	0.1225636048351461	0.18379209061242038	0.04820558182017655	0.06530792018545124	0.11452544891496842	0.17152073614176316	0.14707425571679805
0.14704287146300235	0.1225625072880482	0.18378295897959204	0.0482024599427934	0.06531061332289528	0.11450369317312581	0.17152255530146526	0.14707234052907744
0.14703278629320055	0.12256293485580647	0.18377722325503662	0.04820923946937038	0.06531107089838753	0.11451774111638804	0.17151555534275678	0.1470734487690534
0.14701381336592617	0.12256128233298058	0.18377892736133372	0.048219209605490115	0.06531124389844997	0.11451956392679846	0.17152283611659627	0.14707312339242445
0.1470154694970696	0.1225634583230478	0.18377215072266373	0.04823176202490566	0.06531000021575042	0.1145155150575388	0.17151671344907646	0.14707493070994726
0.14701165564406957	0.12256152379066193	0.18377611091568416	0.048227732786218905	0.0653102582669376	0.11452307959572838	0.17151700733768502	0.14707263166301424
0.14701700766882364	0.12256219828921079	0.18379046225062204	0.04821630144232249	0.06531211329832803	0.11450517733579557	0.17152196191914404	0.14707477779575315
0.147011687471944	0.12256279088410704	0.1837860045076347	0.048220722371755426	0.06531125072297964	0.11451741261399047	0.17151746123828135	0.14707267018930714
0.14703995188290095	0.12256377988690641	0.18376965747225096	0.04820262943050661	0.06531271447287634	0.11451107626758897	0.17152564517074234	0.1470745454162272
0.14701239152236964	0.12256355226437297	0.18380306049120154	0.04820781677985643	0.06531363921084693	0.11450574279937631	0.1715175706052369	0.14707622632673906
0.1470172336283192	0.12256263096599587	0.1838013164057949	0.04821608674638099	0.06530888091695505	0.11450256751298862	0.17151517485124926	0.14707610897231588
0.14702263282528294	0.12256307116006726	0.18380384603351524	0.04820753564444176	0.0653080983859432	0.114504080806611	0.17151576710226848	0.1470749680418699
0.14703780431506652	0.12256426976276227	0.1837778729690762	0.04820058554062348	0.06531064271176665	0.11451795199887572	0.17151727190007465	0.14707360080175425
0.14703756142677837	0.12256194522960114	0.183769491470394	0.04821234390453716	0.06531285333718324	0.114511624860029	0.17152015171429122	0.14707402805718567
0.14703970443240527	0.12256428879797324	0.18377612763429813	0.048214534644305224	0.06531344340572323	0.11450192429737066	0.17151650475458252	0.1470734720333415
0.14704378595227274	0.12256394877367756	0.18377199767136349	0.04820118444309687	0.06530718505157534	0.11451756329052873	0.1715221600097333	0.14707217480775173
0.14702497504027562	0.12256351913087568	0.18378193680531074	0.048202989063016594	0.06530921896992886	0.11452076546615322	0.17152404352600195	0.1470725519984371
0.14702347443174485	0.12256479629923929	0.1837948510771814	0.04821079211759367	0.06531193183003996	0.11450213441132404	0.17151741325585823	0.14707460657701832
0.1470154883803779	0.12256114361282132	0.18379127924639932	0.048202148525204214	0.06530917152268287	0.11452071719802702	0.1715252454393711	0.147074806075116
0.14702849502278698	0.12256484030012509	0.18377866974105117	0.04821519006466696	0.065307542804651	0.11450828695706927	0.17152209399615984	0.14707488111348951
0.14701927597069206	0.12256405861591561	0.18379320389356862	0.04820074602600291	0.06530984026520284	0.11452562449998402	0.17151510698538358	0.14707214374325014
0.14704518934262004	0.12256445120595354	0.18377275786784608	0.04820662274183425	0.06531229961795953	0.11450081586065403	0.17152363646795946	0.14707422689517285
0.14702759202392854	0.12256204667358431	0.1837931907612027	0.04821126044981937	0.06530890338577142	0.11450468533480188	0.17151535541187876	0.1470769659590128
0.14701174640429063	0.12256233508035447	0.18379832639301372	0.04821452677985075	0.06530637103248255	0.1145160149586158	0.17151713001429336	0.1470735493370985
0.14702331393519852	0.12256366704973731	0.18376856868169777	0.0482178622663659	0.06531023810213106	0.11452129362566316	0.1715204054002039	0.1470746509390021
0.14702416499785867	0.12256393140745928	0.18380366389637418	0.04820630183366287	0.06530757214673018	0.11450358524693369	0.17151784551450525	0.14707293495647566
0.14702725083427245	0.12256350950775881	0.18378968115842653	0.04821786160329879	0.06530680628988722	0.11450284549599635	0.17151917272510275	0.1470728723852569
0.14703958952348636	0.12256273403068113	0.18377548954830408	0.04821040739280569	0.06530819742905355	0.11450911290890908	0.17151870551891896	0.1470757636478409
0.1470131182173946	0.1225631463339963	0.18379128545702514	0.04822239752221226	0.06531126354864587	0.11450922098897856	0.17151645151350634	0.14707311641824072
0.14702732491145581	0.12256340424986607	0.18379585266384374	0.0482079872131123	0.06530681290514867	0.11450044469144693	0.1715214724472407	0.14707670091788555
0.14702633813469257	0.1225624927390144	0.18377649101909718	0.04821267182160294	0.06530862163410625	0.11452138454617686	0.1715166933975295	0.14707530670778002
0.14703144102494276	0.12256135386653613	0.18377947257874036	0.0482244637677766	0.06530673440345497	0.11450045511077508	0.17152173744121174	0.14707434180656212
0.14703376363405934	0.12256480009226324	0.18378284019854818	0.048202219576416946	0.06530927099233624	0.11451050062459722	0.17152191928673668	0.14707468559504192
0.14701192593647977	0.12256174535380598	0.18378847071286253	0.04822626401965871	0.06530827915095143	0.1145065133100147	0.17152233083434287	0.14707447068188378
0.14703091531551837	0.12256334957221202	0.1837741964668809	0.048206334306250154	0.06530946142504249	0.1145264889656635	0.17151681179483427	0.14707244215359805
0.14703481039655028	0.12256127401185059	0.18377071251213217	0.0482175136846507	0.06530700370069478	0.11451960917088025	0.17151579077598553	0.14707328574725548
0.14701537790434074	0.1225637782711717	0.18379488854609358	0.048209982274951504	0.06531377948599473	0.1145014557245728	0.1715244024136164	0.14707633537925832
0.14701401249807483	0.12256386726874201	0.18379232445135285	0.048201456950661095	0.06531337944031386	0.11452666916698126	0.17151507229156104	0.14707321793231282
0.14701357030834533	0.12256246026323678	0.18380290103523517	0.04821280232871926	0.06530830962036115	0.11451106813733845	0.17151638255071197	0.14707250575605163
0.14701959663938619	0.12256497632463506	0.18378554238277034	0.04820581268072793	0.06530705533759587	0.11451817580901154	0.17152503299349917	0.1470738078323737
0.14703302954241831	0.12256324900967651	0.18377167684368648	0.048209957741601764	0.06531218191248302	0.11452057722899386	0.17151553011674603	0.1470737976043938
0.14701192626299825	0.1225610358449491	0.18378987176991052	0.04821111330028985	0.06531239916218143	0.11451259553387971	0.17152642000229085	0.14707463812350008
0.14705218509152826	0.12256371272748255	0.18377247257925083	0.04820425184235802	0.06531225525552103	0.11450367104526483	0.17151598272256252	0.14707546873603178
0.14703307524527698	0.12256158680620173	0.1837759544794218	0.04820811333875641	0.06531418087536964	0.11451790930882245	0.17151703611276178	0.147072143833389
0.14702922617521516	0.12256236556282704	0.18377200498293095	0.04820097120130348	0.06531332080575417	0.11452092295251277	0.17152653606382404	0.14707465225563215
0.14702051238363775	0.12256238984537375	0.18378176724572365	0.04821572430433689	0.06530922064673861	0.11451616502289752	0.17151976631201138	0.14707445423928017
0.14701116326813068	0.12256480604197424	0.18378875470241113	0.04822567309615729	0.06531261915789352	0.11450135810112123	0.17151951263605977	0.14707611299625195
0.1470290774763349	0.12256310423136711	0.18377343575734037	0.048217088031984184	0.06530675408026776	0.1145214543212919	0.1715152540969411	0.14707383200447244
0.14704279602809667	0.12256219918009625	0.18376969163380838	0.04820412798146896	0.06530841880329635	0.11451711838448965	0.1715188433133656	0.14707680467537793
0.147025878003069	0.12256418641387018	0.18377418849626148	0.04821527972732233	0.06531192471159131	0.1145143843918521	0.1715181205092915	0.14707603774674186
0.14701498459418996	0.12256350120638261	0.18378158166456124	0.048213541363629084	0.06531100123792272	0.11452379255969393	0.17151618382716563	0.1470754135464546
0.14702492318133387	0.12256431741776967	0.18378629678295938	0.04820316207585376	0.06530628815011266	0.11452056583227493	0.1715206340089721	0.1470738125507234
0.14701843605495274	0.12256476432676651	0.18377201211113792	0.04822934823111198	0.06531003980931581	0.11450912759893002	0.17152337262751205	0.14707289924027273
0.1470199641865764	0.12256269734061151	0.18377086251953756	0.048218292223502476	0.06530874414679144	0.1145196508459442	0.17152507798848332	0.14707471074855286
0.1470345443542842	0.12256414059584113	0.18378263783134793	0.0482063318319564	0.06531134993092869	0.11450916138026496	0.17151981812046196	0.1470720159549145
0.14701728970415268	0.12256442697034867	0.18379257279731748	0.04820010077666974	0.06531332187254958	0.11452241747633121	0.17151575751671969	0.14707411288591074
0.14701654029743527	0.12256444430573583	0.18378226178050935	0.04822736731737323	0.06530749151611831	0.1145014663490873	0.17152416658874106	0.14707626184499942
0.14701468804537052	0.12256499924108552	0.1837822634008569	0.04823525845184773	0.06530807489629206	0.11450375875447794	0.1715168111134956	0.14707414609657354
0.1470136129280036	0.12256409397365377	0.1837726081257225	0.04824708335953065	0.06530675012963816	0.11450266463997424	0.17151768039315268	0.14707550645032413
0.14701949100837233	0.12256278966771977	0.1837969056373342	0.04821158917691348	0.06530949635855988	0.11450126332161606	0.17152581584712867	0.14707264898235536
0.14703378422103858	0.12256271752956023	0.18377910009068324	0.04821126774236899	0.06530790349064775	0.11451509822561479	0.1715179475333661	0.1470721811667201
0.1470248759014332	0.1225611809245822	0.18378781860041274	0.04821244835142592	0.0653128181432101	0.11450346547925062	0.17152095011681642	0.14707644248286858
0.1470160803416793	0.12256453522576884	0.18380237012255957	0.04820648809348317	0.06531245422960899	0.1145046433755967	0.17151821053247882	0.1470752180788244
0.14703221447999	0.12256360291690424	0.18378087886014094	0.04820999939687473	0.0653122747942401	0.11450973162683467	0.17151588850955363	0.1470754094154615
0.1470405837415676	0.12256168132932917	0.18378001464449406	0.04820220058329232	0.06531127046385357	0.11450421547763215	0.17152439479793208	0.14707563896189885
0.14703271383399197	0.12256383915953525	0.18377028224438735	0.04820556484699784	0.06531310727072026	0.11451329658068816	0.17152428205347447	0.14707691401020448
0.14703467973458317	0.12256400366604174	0.18376843803800336	0.04821362203318383	0.06531020593864034	0.11451238683882954	0.17152424394460916	0.14707241980610866
0.14704840476345876	0.1225638681203744	0.18376968091807339	0.04820241687231108	0.06531119251419298	0.11451015424454143	0.1715205176104897	0.14707376495655802
0.14701513122166082	0.12256254843797335	0.18377755943277818	0.04822733995491782	0.06531239965578431	0.11451088256018752	0.1715178244811565	0.14707631425554127
0.14703393819556393	0.12256211302013963	0.1837839960400784	0.04821143941109192	0.06530891183710848	0.11450107831845119	0.17152188970733018	0.14707663347023606
0.14701451061294762	0.12256104896071449	0.1837769630086776	0.048224483310065624	0.06531303424553703	0.11451395775061793	0.17152358060485476	0.14707242150658473
0.14701750024602098	0.12256290299227353	0.18379312207633441	0.048200986047743796	0.06531050461089317	0.11451385439548357	0.17152475187819308	0.14707637775305726
0.1470277914371694	0.12256139507040459	0.18377382183248034	0.048210090670224415	0.06530779971842489	0.1145288053642826	0.17151513377305344	0.14707516213396005
0.14701917253223046	0.12256397426854858	0.18378461141433786	0.0482069813714623	0.06530752206224909	0.11452096008806721	0.1715218047320808	0.14707497353102345
0.14702467730507895	0.12256271816343735	0.18377678094717403	0.048221808536723004	0.06530761457584469	0.1145166380015498	0.17151738256114968	0.14707237990904226
0.1470406364034348	0.12256349643621393	0.18376869612203042	0.04821027848105694	0.06531370827563474	0.11450909773265708	0.171518926246037	0.14707516030293488
0.1470169169788698	0.12256272668054195	0.18378109416406416	0.04822965384784078	0.06530895383800031	0.11450184260353803	0.17152487659182886	0.14707393529531593
0.14702367053153417	0.12256468827391444	0.18377522602512641	0.04820062403029163	0.06531290560654998	0.1145224099040888	0.1715241880012101	0.14707628762728422
0.1470303757842755	0.12256209777245879	0.18379051983523514	0.048200701612037045	0.06531022169257608	0.11450451657754014	0.171525579476493	0.1470759872493841
0.14702333282179084	0.12256424694209955	0.18377153108845723	0.04822881525644161	0.0653127336564974	0.11450519026485285	0.17151791578340667	0.1470762341864536
0.1470235810002658	0.12256137041871891	0.18377902892193598	0.0482153932200189	0.06531122032517125	0.11450933769105728	0.171523455657182	0.14707661276564965
0.14701119564585693	0.122563275027981	0.1837852653553559	0.04822949181808471	0.06530778033110204	0.11450852841904155	0.17152016050906793	0.1470743028935097
0.1470245174713135	0.12256187622516848	0.18379843310408742	0.04821248651519902	0.06530876827198093	0.1145013103202081	0.17151870794226942	0.14707390014977292
0.1470109867970446	0.12256420857968771	0.18379231405935154	0.04822467554613631	0.06530762698944932	0.11450029553453331	0.17152681548505752	0.14707307700873948
0.14702343594109746	0.12256287290546611	0.1837694570219917	0.04822681125569658	0.06530972534569683	0.11451038978372861	0.1715215661032512	0.1470757416430713
0.14702559662458403	0.12256175750912106	0.18376892419247895	0.04824043762392374	0.06530996691292758	0.11450249327306866	0.17151758425235056	0.14707323961154517
0.14702724575631826	0.12256498508563389	0.18378406307775308	0.0482035298687634	0.06530998660052909	0.11451764823127347	0.17151994717082347	0.14707259420890512
0.14702528045916458	0.12256175929173567	0.1837731575157155	0.0482147874866652	0.06530796619173145	0.11452389651501008	0.1715198832191197	0.14707326932085762
0.1470208067175434	0.12256142494338496	0.183783742538354	0.04820196412230078	0.06531308359498172	0.11452407005021528	0.17152091995607188	0.14707398807714775
0.14701440034347305	0.12256140143475693	0.18377209276252154	0.04822575987328906	0.06530942458437526	0.11451630896828979	0.17152525252090642	0.1470753595123877
0.14702825873647388	0.12256359354874842	0.18378612830199617	0.048201650311375965	0.06530844391974493	0.11451081127910587	0.17152466221258877	0.14707645168996578
0.14702092965609806	0.1225628920449141	0.18378541614235716	0.04820738543785957	0.06531035520300613	0.11451455177580214	0.1715246320761964	0.14707383766376622
0.14701044447275946	0.1225623025992243	0.18378730069198201	0.04822335378743911	0.06530867946115279	0.11450825634760138	0.17152697206702072	0.14707269057282
0.14702673415790354	0.12256327629889174	0.18379195747462718	0.048205929681090415	0.06530994061005714	0.11451150463031784	0.17151780717107717	0.14707284997603473
0.14702435320005028	0.12256357086557598	0.18379794910549074	0.04820057289866109	0.06531335564114149	0.11450554672444513	0.17152141696396617	0.1470732346006689
0.1470132587028032	0.12256232692217577	0.18379470015337754	0.04820145386053269	0.06531465389209751	0.11451793657457934	0.1715211172527314	0.14707455264170238
0.14701698884593595	0.12256257126276374	0.1837760976135352	0.04822829144743193	0.06531350617351803	0.1145107367295496	0.17151688375133264	0.1470749241759327
0.14702279833475937	0.12256357490977564	0.18378084505821776	0.04822710052570653	0.06531053894673809	0.11450093996985954	0.1715212925106184	0.14707290974432438
0.14701817926077512	0.12256358799757949	0.18378540707017427	0.048211488241629644	0.06530995106131496	0.11451223377459444	0.17152320151124723	0.14707595108268462
0.14701276873235997	0.12256354818106821	0.18377207582543487	0.0482257184272053	0.0653145028791533	0.11451730590250575	0.17151955574042757	0.14707452431184478
0.14701915935555085	0.12256157706836202	0.1837982861801624	0.04822052287311469	0.06530724202482913	0.11450189984050033	0.17151849172497916	0.1470728209325012
0.14702022721920874	0.12256183393655605	0.18378387006556787	0.04822368895881547	0.0653097890678431	0.11450373556208263	0.17152437421746056	0.14707248097246536
0.14702909965257524	0.12256338619354652	0.18378255639861002	0.048210276048409675	0.06531000167270823	0.11451204301884427	0.1715173912255529	0.14707524578975292
0.14702548241201213	0.12256164266528626	0.18378345606906485	0.04821059218945242	0.06531154326457708	0.11451663923300759	0.1715183649108983	0.14707227925570113
0.14703847866537578	0.12256494562719146	0.1837682348407178	0.048211808757984864	0.06530911748426824	0.11451234033386244	0.17152241659427025	0.1470726576963289
0.14703050679679883	0.12256439797169397	0.1837950853375392	0.04820187442123773	0.06531165257664817	0.11450622979610786	0.1715153955000941	0.1470748575998799
0.14702917221596035	0.1225622038014059	0.18377962888686267	0.04820905177343113	0.06530832680028556	0.11451411438903568	0.171522269403814	0.1470752327292045
0.1470201935479785	0.12256393940595266	0.18376904697904664	0.048241180278811524	0.06530692575992708	0.11450361452668524	0.1715201294299666	0.1470749700716315
0.14701163538471781	0.12256378783919063	0.18378499756749753	0.048230396316945146	0.0653074032604039	0.11450058245566784	0.17152634170492304	0.14707485547065385
0.14703080664517343	0.12256171855029727	0.18377247456909473	0.048233505401984025	0.065308440307891	0.11450402380004004	0.17151684124899866	0.14707218947652062
0.14702656730454652	0.12256190257827311	0.18377822708809816	0.048222014559355764	0.065308428364966	0.11450447936519959	0.17152542480219943	0.14707295593736114
0.14703192132015414	0.12256393163568978	0.18377518351568078	0.04821588248816917	0.06531438103210098	0.11450419236253088	0.17152189883766505	0.147072608808009
0.14704124508387553	0.12256167155744847	0.1837790739612784	0.048203625876223635	0.06530633412696701	0.11451024693955549	0.17152129871841854	0.14707650373623268
0.14703861999157525	0.12256476367804246	0.1837703568142619	0.04820713770974332	0.06531439400086037	0.11451528134933674	0.17151502372757743	0.1470744227286023
0.14702014580790965	0.12256169136909734	0.1837893345183387	0.048214870910493285	0.06531122382796162	0.1145046178024457	0.17152271870292565	0.14707539706082784
0.14701268329735523	0.12256159135055993	0.18377904284423552	0.04820996137902289	0.06531375617166554	0.11452721111629878	0.17152302562789246	0.1470727282129694
0.1470201442795478	0.12256198894991752	0.1837908002322804	0.048208556399858896	0.06531359909229736	0.11450396077841911	0.1715250920384232	0.1470758582292555
0.1470194657912759	0.12256448355798422	0.18378842755606412	0.048220150656810054	0.06531126578018562	0.11450013095482414	0.17152396730978806	0.1470721083930677
0.14702973953191356	0.12256363912814375	0.18376840334905045	0.048200818375349785	0.06531456533785085	0.11452839388781962	0.17152227658048122	0.1470721638093905
0.14702678993484222	0.12256265694189618	0.18378605689796038	0.048212560689695275	0.06531088513059725	0.11450927844786032	0.17151556994704928	0.14707620201009888
0.14703887533760782	0.12256248684397314	0.1837773094701016	0.04821011073125746	0.06531282192938637	0.11450250603541695	0.1715225135028294	0.14707337614942706
0.14701179325860073	0.12256104945378653	0.18378412857277338	0.04823905502739767	0.06531104017438774	0.11450101751810471	0.17151714834946735	0.14707476764548172
0.14702896243972588	0.12256416716543589	0.18378036446044616	0.04821576178450317	0.06530929691513196	0.1145094429804815	0.17151993984769856	0.1470720644065767
0.14702230816198758	0.12256217036748684	0.18378640691067616	0.04821941048334179	0.06531457051368864	0.1145038152262321	0.17151759066999378	0.14707372766659288
0.14701000142415857	0.12256470331673049	0.18379875069395785	0.04820413452506954	0.06531019777492125	0.11452076310778174	0.17151660469730828	0.14707484446007205
0.14701740546009176	0.12256164628146	0.18379582730109353	0.048213542506673895	0.06530681979115319	0.11450667683894186	0.1715256958819884	0.14707238593859712
0.1470305890757034	0.12256186574218059	0.1837776265115867	0.04820918008265626	0.06530853797641675	0.1145190345241664	0.17152061295648835	0.1470725531308013
0.14704703362478994	0.12256115625899917	0.18378663341082446	0.04820237845343099	0.06531065799955044	0.11450109204047265	0.17151652485219893	0.1470745233597332
0.14702934208431204	0.12256310453431384	0.18377740098019377	0.048225406484735514	0.0653093811398267	0.11450411544358143	0.1715158963752822	0.1470753529577543
0.14702684313227893	0.12256490662215272	0.1837742913101091	0.048201342605516714	0.06531203186119716	0.11452832613495396	0.17151644465929045	0.14707581367450073
0.1470160350529528	0.12256322484056204	0.18377771654313574	0.048209981864588886	0.06531421723005698	0.11451789798100957	0.17152606442156393	0.1470748620661298
0.1470284652529128	0.12256329427786351	0.18377347934558616	0.04821460295581831	0.06530680207865143	0.1145159682315743	0.17152077989744918	0.14707660796014407
0.14701767591996096	0.12256306561185365	0.18379288096109458	0.04820217064439998	0.06531156319871834	0.11452072720752439	0.17151962709396876	0.14707228936247915
0.14705177489703647	0.12256359539382126	0.18376849802983283	0.04820514530076586	0.06530985850352918	0.11450258848371661	0.17152397647725356	0.14707456291404397
0.1470137903533832	0.12256466815463414	0.1837784208201552	0.04822399985896257	0.06531195515287774	0.11451568959052244	0.17151561494952455	0.14707586111993992
0.14701697225978583	0.12256244288357412	0.18378709655193542	0.0482007239430127	0.06530973673248035	0.11452237776621985	0.17152532438525422	0.14707532547773727
0.14702274485734768	0.1225635196730065	0.18377000079110462	0.04822929999338624	0.06531090112117173	0.11450382549720016	0.17152605191560674	0.14707365615117607
0.14701092664159318	0.1225639519406111	0.18377407998963738	0.048238372740800436	0.06531400767858422	0.1145068517423942	0.17151947950104082	0.14707232976533843
0.14704103683379127	0.12256455459419033	0.1837783353666907	0.048203158597890663	0.06531452174702848	0.11450603621771893	0.17151649862653712	0.1470758580161523
0.14701990949595034	0.12256236348189742	0.1837737351439922	0.048224084501041736	0.06530684372474534	0.11451396029498233	0.17152400204668472	0.14707510131070575
0.14701671384415607	0.12256300780563192	0.18378966855210016	0.04820834912979563	0.065312502208248	0.11452206926076221	0.17151506673206038	0.1470726224672454
0.14703721219405444	0.12256260712651912	0.18377863984194412	0.04820243655448214	0.06530712505122772	0.1145184562532658	0.17151671573209268	0.14707680724641373
0.1470292701197323	0.12256132448747442	0.1837753889707332	0.04821405350260967	0.06530668187982225	0.11451764101934621	0.1715210269775851	0.1470746130426966
0.14703843529692115	0.12256413712070892	0.18377362657527702	0.04822005148385655	0.06530789109207694	0.11450562293550932	0.1715158304538308	0.14707440504181907
0.147016435095278	0.12256228659008346	0.18379797823113203	0.048203504741882716	0.06530862808907384	0.11450916754327525	0.17152664837142792	0.14707535133784652
0.14703017424396214	0.12256184027436	0.18377649522794864	0.048214654927870484	0.06530693022029244	0.11451017000105923	0.17152282536349384	0.14707690974101303
0.14702336601942478	0.12256190914592265	0.18379202113880344	0.04820186828963818	0.06531086138556527	0.11450698371905152	0.17152668352207978	0.1470763067795141
0.14704624061858226	0.12256171108873248	0.1837710910155101	0.04820207242939084	0.06531218392289925	0.11451140660428076	0.17152051058627582	0.14707478373432822
0.14701115941915197	0.12256143677267632	0.1837797462388886	0.04823939708848046	0.06531143912078824	0.11450125121675168	0.1715213247209539	0.14707424542230857
0.14701143905708225	0.1225644227830993	0.18377002699216233	0.04822158851965454	0.06530704569552523	0.11452533595658951	0.17152485559314035	0.14707528540274625
0.1470189167191447	0.1225618979769292	0.18377801748037242	0.04823292936102544	0.06530814490181361	0.11450277294227956	0.1715247156936625	0.1470726049247723
0.14701334969423202	0.12256197153564284	0.18377349992368777	0.048244190672988435	0.06531043883480636	0.11450336203894075	0.1715193650700204	0.14707382222968113
0.1470312079473529	0.12256392570041964	0.18378500879458212	0.04821012001109684	0.06531353595971323	0.11450425810085457	0.17151554510313408	0.1470763983828464
0.1470162404719437	0.12256329633467153	0.18377888849954455	0.048211222771565046	0.06531184563026048	0.11452237331436724	0.17151956969427684	0.14707656328337043
0.1470368467912577	0.12256200127890467	0.1837746002185477	0.04820740084761735	0.06530862882500718	0.11451610243364911	0.17151795732650926	0.14707646227850685
0.1470393648310778	0.12256289138356727	0.18378521514004714	0.04821082685774179	0.06530655195959675	0.11450269547898204	0.17151864922658502	0.14707380512240198
0.14702283256476334	0.12256489396333949	0.1837718646417993	0.04823837088699516	0.06531339973863236	0.1145012470932071	0.17151531144841853	0.14707207966284455
0.14701860604518624	0.12256311707390814	0.18378686764700075	0.048222195133959284	0.06530806205828554	0.11450645972456341	0.1715197655865806	0.14707492673051578
0.147020072271154	0.12256192246677858	0.1837816281789914	0.04821128622903188	0.06530843185189297	0.11451842675840093	0.17152150799130733	0.14707672425244267
0.14701516504703546	0.12256405117863022	0.1837814659467396	0.04822712099366225	0.06531040507797926	0.11450276649340384	0.17152460065717468	0.14707442460537445
0.1470225522694707	0.12256459159695018	0.18377835330179676	0.04822098865221042	0.06531308936080588	0.11450094892427531	0.17152275843822112	0.1470767174562694
0.14702050567256436	0.12256272028374493	0.18377644619138223	0.04822423090168654	0.06530956183659403	0.11450763956140797	0.17152303092273932	0.1470758646298804
0.1470275444730032	0.1225644461971973	0.1837965776197183	0.0482074302858846	0.06530643858737364	0.11450902395761187	0.17151642169704798	0.1470721171821629
0.1470266048233233	0.12256302699802712	0.1837687516350736	0.04822167601526971	0.06530698463695661	0.1145186462585146	0.1715182727345434	0.14707603689829138
0.14701503673653632	0.12256367152424728	0.18379294832085996	0.04820564506463182	0.0653067086294254	0.11451887561473537	0.1715229396526518	0.14707417445691182
0.14701418574178476	0.122563507145059	0.1837847144859885	0.0482252908491331	0.0653116914357865	0.11450103080260683	0.1715240864706246	0.1470754930690165
0.147017248753397	0.12256213396667572	0.1837717048897589	0.04822312241157162	0.0653110767391048	0.11451723269053993	0.17152112831073693	0.14707635223821486
0.14703121990633683	0.12256106780762267	0.18378132034890055	0.048224729286611576	0.06530970008226883	0.11450174178922883	0.17151684286157648	0.14707337791745395
0.14701594217853997	0.12256241616331012	0.18377997154242565	0.04821378605669019	0.0653099962402923	0.11452041345016394	0.17152433836339756	0.14707313600518002
0.1470176464617556	0.12256395684476591	0.1837909171241604	0.048213585581628526	0.06530855680869144	0.11450550532867557	0.17152359074524678	0.14707624110507553
0.14702363812920205	0.12256212883947114	0.1837824431212106	0.04821263143316684	0.06531403492330479	0.11451710561608269	0.1715159244599539	0.14707209347760775
0.14701041385389302	0.12256157550375939	0.18378709334778445	0.04820297997514293	0.06530975645873938	0.11452896807194378	0.17152276242194298	0.14707645036679387
0.14701850606275174	0.12256141049962554	0.18380384442031072	0.048200394441116165	0.06530661125741499	0.1145165680211671	0.17151726004682769	0.14707540525078583
0.14701874955690603	0.12256262795346853	0.18378463491329797	0.048217338204611646	0.0653116011877135	0.11451118723822122	0.17151796570340838	0.14707589524237247
0.14701897849588108	0.12256345294892444	0.183771509377485	0.048234583980034954	0.06531003388952276	0.11450565622918162	0.17152265534958588	0.14707312972938408
0.147016228445552	0.12256219588653805	0.18378408106202063	0.048205863267558005	0.06531449172210746	0.1145253002670036	0.17151542303665712	0.14707641631256294
0.14702872970200198	0.12256128357340343	0.18377569111039643	0.04820734159658188	0.06531007981547876	0.11452170527414207	0.17152167735038285	0.14707349157761238
0.14703238874893632	0.12256143307134168	0.18378064685805007	0.04821287357553529	0.06531319878014483	0.11450183108349114	0.17152522015600766	0.14707240772649283
0.14703275401136115	0.12256438440662758	0.18378206510010783	0.04820737097972795	0.06530786201818688	0.11451398906181617	0.1715171586266548	0.14707441579551744
0.14701702505065875	0.12256107758194411	0.18378983882827557	0.048217847413797296	0.06530626714417354	0.11451173023171463	0.17152126458212663	0.14707494916730923
0.14701114236596766	0.12256311178143137	0.18379428026916275	0.048203138926245656	0.06531469955591188	0.11451810708857614	0.1715204765536453	0.14707504345905903
