0.166870432966868	0.1669971442072112	0.6661324228259209
0.1675372065050787	0.167690972558331	0.6647718209365905
0.1675077850230135	0.1672162888757343	0.6652759261012523
0.16842473092284282	0.16669700788879147	0.6648782611883659
0.16757744645569903	0.1673039514770013	0.6651186020672998
0.16640336926484972	0.16716258053982477	0.6664340501953256
0.1672250715775371	0.16773802855828368	0.6650368998641794
0.16778269666631918	0.16743605001847522	0.6647812533152058
0.1665071284382792	0.16675237699300527	0.6667404945687156
0.1685165510701312	0.16718180729966897	0.6643016416301999
0.16782067946482973	0.1672587025982587	0.6649206179369116
0.16688668190685768	0.16691970569999356	0.6661936123931489
0.16705871508734957	0.1677970953632592	0.6651441895493913
0.16655663069836354	0.1665538835835324	0.6668894857181042
0.16769502266923092	0.16681515519611032	0.6654898221346588
0.16716222888368845	0.1665176963478733	0.6663200747684384
0.16680063999826833	0.16682753824964963	0.6663718217520822
0.16636227422017885	0.16669181118030704	0.6669459145995142
0.166779773017544	0.16751970378235684	0.6657005232000993
0.16702626719889543	0.16712784810865985	0.6658458846924449
0.16767685609759356	0.16779558008344686	0.6645275638189597
0.16813219272311347	0.16680835591055196	0.6650594513663347
0.16709563624604706	0.16753318985527216	0.665371173898681
0.16647067979260466	0.1670430293953283	0.6664862908120672
0.1662698027567279	0.1670089272548474	0.6667212699884248
0.1681705307099104	0.16650592648618567	0.665323542803904
0.1677406643073349	0.16696377726066608	0.6652955584319992
0.16676166476687648	0.16768584703840828	0.6655524881947154
0.16696816569162698	0.16644655509291312	0.6665852792154601
0.1673467684255165	0.16774725961449571	0.6649059719599879
0.167781259907211	0.1673254730498943	0.6648932670428949
0.16769934518458343	0.1677481134262095	0.6645525413892072
0.16791261607633065	0.16667014263048208	0.6654172412931874
0.16743435855477357	0.16642908591893985	0.6661365555262868
0.16808777880735173	0.16695942044734435	0.664952800745304
0.16844956753234097	0.1664464297319136	0.6651040027357455
0.16837802224373744	0.16745480592063172	0.664167171835631
0.16691907662017647	0.16757782592867715	0.6655030974511464
0.1685274800805257	0.16707586308544808	0.6643966568340263
0.1678420454503297	0.16638232024868202	0.6657756343009884
0.16686966189919616	0.16734331362227955	0.6657870244785244
0.1680533842792856	0.16654633533991753	0.665400280380797
0.1670983653766493	0.16657614193388576	0.6663254926894651
0.16748631596154687	0.16778778648585901	0.6647258975525943
0.16643222931256837	0.1670593881699608	0.6665083825174709
0.16684795203508562	0.1672095470535667	0.6659425009113478
0.16653621884863729	0.16782113193574438	0.6656426492156184
0.168228910217157	0.1668653769559086	0.6649057128269344
0.16778901695518256	0.16712384436609878	0.6650871386787187
0.16808136786947353	0.16690119247409024	0.6650174396564363
0.16852726386423283	0.16707036287272145	0.6644023732630459
0.16827616379658544	0.16693132424735874	0.664792511956056
0.16773974142919626	0.16741733762234945	0.6648429209484544
0.16778759246145097	0.16733390267475878	0.6648785048637904
0.1665890393884997	0.16669611813723667	0.6667148424742637
0.16650400966292606	0.16731098097594993	0.6661850093611241
0.1668419318871723	0.16669592858912455	0.6664621395237033
0.1666951584539478	0.16646353233211222	0.66684130921394
0.166960061356766	0.1674138719460071	0.665626066697227
0.16705300377151022	0.16686311892483716	0.6660838773036528
0.1666063703826801	0.16726981935745405	0.6661238102598659
0.1666855705963235	0.16716732957444247	0.6661470998292341
0.1683831176512983	0.16672319582804868	0.6648936865206532
0.16724771612259837	0.1671790819671824	0.6655732019102193
0.16749335086479414	0.16644817444006227	0.6660584746951437
0.1675688522794264	0.16676354022295498	0.6656676074976188
0.16847376118672316	0.1670780530273717	0.6644481857859053
0.16792686364918352	0.16690078272300268	0.6651723536278139
0.1672741017219342	0.1673344341309177	0.6653914641471482
0.16815429332388723	0.16649356117521777	0.6653521455008952
0.1665250278704802	0.1665545632896554	0.6669204088398646
0.16780691622068533	0.1663925804097416	0.6658005033695731
0.1678633077268531	0.16643592973684485	0.6657007625363021
0.16833852068097624	0.16648018434047818	0.6651812949785456
0.1666589506498893	0.16776266910984736	0.6655783802402635
0.1677894176662958	0.1674220220336564	0.664788560300048
0.16810998486337414	0.16694708159633062	0.6649429335402954
0.16849858154774405	0.1665714298764323	0.6649299885758237
0.16783004399012133	0.1668656059265613	0.6653043500833175
0.16671982877920755	0.16770480088333029	0.6655753703374623
0.1669952210643309	0.16760879268062434	0.6653959862550449
0.1662999370822505	0.16695533905801202	0.6667447238597376
0.16760177247523056	0.16758496771141457	0.6648132598133549
0.167425891939474	0.16779534008551586	0.6647787679750102
0.16628196297032227	0.16715317913586453	0.6665648578938133
0.16839193726106808	0.166840083755784	0.664767978983148
0.16700972110582415	0.16663091256459628	0.6663593663295797
0.16837839227443582	0.16730120328317172	0.6643204044423925
0.1682885101332148	0.16703197807209924	0.6646795117946861
0.16823559174171562	0.16684138509850974	0.6649230231597747
0.1681076948348116	0.16726850628749834	0.6646237988776902
0.1678343083219535	0.1677674917020106	0.664398199976036
0.1678336722540919	0.16674276581773312	0.6654235619281752
0.16677453524375824	0.16645501149408157	0.6667704532621603
0.16644698748582065	0.16735156383426014	0.6662014486799194
0.16768367275607948	0.16638938452323832	0.6659269427206823
0.1683677206252274	0.16696860254602824	0.6646636768287445
0.16821147536525335	0.1673340908231457	0.6644544338116011
0.1669493367807593	0.16721988695537052	0.6658307762638703
0.1677653110182506	0.16685304616133506	0.6653816428204145
0.16741153783874665	0.16726838838280028	0.6653200737784531
0.16822498798198582	0.16731251363682112	0.6644624983811931
0.16702070375750477	0.16646099347966975	0.6665183027628256
0.16666153080191426	0.1669318370363989	0.666406632161687
0.16634024272733905	0.16662130907315367	0.6670384481995073
0.16694603279289288	0.16713215012314497	0.6659218170839623
0.16641999183596273	0.167197178368107	0.6663828297959304
0.1664416640342803	0.1672614418717785	0.6662968940939413
0.16837508057448414	0.16686375282560278	0.6647611665999131
0.16769678326781629	0.16717505117412276	0.6651281655580611
0.16818985471442982	0.1665071570173897	0.6653029882681807
0.16837497252504005	0.16724719028383878	0.6643778371911213
0.16673795476341013	0.1670116659789682	0.6662503792576218
0.16730937444910016	0.16732298138084956	0.6653676441700505
0.16745865504867702	0.16738395534283312	0.6651573896084899
0.16681076934590888	0.16781228749033117	0.66537694316376
0.16695902861110137	0.1665571274475365	0.6664838439413623
0.16784318884614016	0.16768413958274947	0.6644726715711105
0.16693707894714654	0.16654161166033268	0.6665213093925209
0.1681476687220368	0.16655265208767547	0.6652996791902879
0.1679352896049302	0.16706814427530498	0.664996566119765
0.1680217248024547	0.16681097336181805	0.6651673018357274
0.1672823427388382	0.1675341224798358	0.6651835347813261
0.16852595549974206	0.16683166175975978	0.6646423827404982
0.16678375462273248	0.1676869543309622	0.6655292910463054
0.1684413620103133	0.16673413648658159	0.6648245015031052
0.16810613528049795	0.16780382317149625	0.6640900415480059
0.16847709534012859	0.1668047013660812	0.6647182032937904
0.1684668213846154	0.16713606392822145	0.6643971146871632
0.1670543767192189	0.16682360048296033	0.6661220227978208
0.16664692496264188	0.16677108327359091	0.6665819917637673
0.1673338214197507	0.16768162777053514	0.6649845508097143
0.16710386687428375	0.16699722122925553	0.6658989118964608
0.1670246690311049	0.16646186860765677	0.6665134623612385
0.16684639100678156	0.1665242488435388	0.6666293601496798
0.16818748875399608	0.16638504392024656	0.6654274673257574
0.1674985986599871	0.16699659839123912	0.6655048029487739
0.16643498570781862	0.1677423654507156	0.6658226488414659
0.16661344315139995	0.16641425978383279	0.6669722970647673
0.16835243532751337	0.1675210271235552	0.6641265375489315
0.16636113072663594	0.1671291807998661	0.666509688473498
0.16694169735574022	0.16686064331680545	0.6661976593274545
0.16674613140797703	0.16668165609498892	0.6665722124970341
0.16630369508305998	0.16731895662425944	0.6663773482926807
0.1684869538135687	0.16719338123438435	0.6643196649520471
0.16812677087728092	0.16709335414173027	0.6647798749809889
0.16689999875800257	0.1671893134605345	0.665910687781463
0.1674577646784869	0.1674751430215191	0.6650670922999942
0.1682740352421386	0.16754204509876833	0.6641839196590932
0.16771179011071957	0.1671935136631516	0.6650946962261289
0.16764336051302603	0.16752933313899687	0.6648273063479773
0.16776104146801618	0.16743168781537188	0.6648072707166122
0.16738396009540357	0.16771440069084784	0.6649016392137488
0.16648122799096762	0.16714875066092105	0.6663700213481114
0.16715703147295297	0.16674622453850063	0.6660967439885465
0.16767655251887492	0.1666144384001439	0.6657090090809813
0.16840051192196892	0.16704703793281403	0.6645524501452171
0.168372836739469	0.1673369142289086	0.6642902490316225
0.16741508494954122	0.16746709582086092	0.665117819229598
0.16705354052745588	0.1676664577911414	0.6652800016814029
0.16659993135624124	0.16726880997248683	0.666131258671272
0.16636502866264474	0.1671495955077799	0.6664853758295755
0.16775340326304322	0.16772511148333438	0.6645214852536225
0.16757096989835302	0.16641387824031723	0.6660151518613299
0.16646667393375633	0.16733110806504484	0.6662022180011989
0.16658399460683546	0.16736187107764078	0.666054134315524
0.168325661203652	0.1670485825591034	0.6646257562372447
0.16745566305968823	0.1672627465676562	0.6652815903726557
0.16748813836156662	0.16721855044513317	0.6652933111933003
0.1675875709044304	0.16782684679468873	0.6645855823008809
0.16847984782898093	0.1671954262230208	0.6643247259479983
0.16832289580904036	0.16741371570139688	0.6642633884895629
0.1673376800002243	0.16753078156570586	0.6651315384340699
0.16671946948206925	0.1674417843824486	0.6658387461354822
0.16662360317833064	0.1672018889502046	0.6661745078714649
0.16678112993447688	0.16654898462649648	0.6666698854390267
0.16744977971364575	0.16638375444067152	0.6661664658456828
0.1662650352797115	0.1671132881926915	0.6666216765275972
0.16826897028642668	0.16687988123992503	0.6648511484736483
0.16773602994578163	0.16649022462612212	0.6657737454280963
0.16775341528544147	0.166524549759909	0.6657220349546497
0.1667803228744482	0.16743638247363482	0.6657832946519171
0.16657696540586023	0.16681565772425422	0.6666073768698857
0.1678531126702403	0.1673028262823672	0.6648440610473926
0.16786800198577742	0.16769551369085817	0.6644364843233646
0.16738430618306213	0.1670447528095519	0.6655709410073861
0.16819084167355555	0.16764139953394064	0.6641677587925039
0.1666821170085809	0.16741263266547363	0.6659052503259457
0.16780013500530636	0.16766631424738393	0.6645335507473098
0.16801680350857004	0.1675313574195199	0.6644518390719102
0.16810306016024204	0.16650200749622135	0.6653949323435367
0.16783175215249635	0.16643945993954545	0.6657287879079583
0.16745739498488388	0.16651084012421832	0.6660317648908979
0.16749020705409176	0.16671905861247277	0.6657907343334355
0.1682301826306714	0.16694357004143262	0.6648262473278961
0.1680520088175226	0.16756788959305519	0.6643801015894224
0.16834171577108753	0.16734782513002955	0.6643104590988831
0.16631541757807664	0.16748386549599978	0.6662007169259236
0.16628918275615884	0.16722297998109578	0.6664878372627455
0.16672746487276233	0.16673470217287406	0.6665378329543636
0.1669389433174771	0.1666697717227742	0.6663912849597489
0.16728677617309645	0.1665714083384192	0.6661418154884845
0.16789700632006926	0.16779756252608433	0.6643054311538465
0.168401482783065	0.1672424101950542	0.6643561070218809
0.16671803364896828	0.16735149032422225	0.6659304760268097
0.16757670310322306	0.16723164294447923	0.6651916539522978
0.16791082787805545	0.16652168655954522	0.6655674855623994
0.1668340102056804	0.1675971461989041	0.6655688435954157
0.1683230075196693	0.16708980181250468	0.6645871906678261
0.16709262977743097	0.1676335595759377	0.6652738106466314
0.1684761100748523	0.16721132890298296	0.6643125610221648
0.16735487769644541	0.16639841996794075	0.666246702335614
0.16749979993802108	0.16762620890024282	0.6648739911617362
0.16660084994688418	0.16652399158373904	0.6668751584693768
0.16780021466074108	0.16781831090240648	0.6643814744368526
0.1676114757981335	0.16649438262470434	0.6658941415771622
0.16653261897097144	0.16727293107731417	0.6661944499517145
0.1666275834698267	0.1671845744643093	0.6661878420658641
0.16682426099979686	0.1671440596406707	0.6660316793595326
0.16649692058189863	0.16701197694542225	0.6664911024726792
0.16662154563381534	0.1671830534410378	0.666195400925147
0.16674746508253746	0.1666366569813286	0.6666158779361341
0.16767840877407852	0.16760064579519013	0.6647209454307315
0.16696016933783064	0.1667072611207478	0.6663325695414217
0.1684818190580386	0.1666540245646635	0.664864156377298
0.16655069663596497	0.16750291957020402	0.6659463837938311
0.16789664770519142	0.16700894387660872	0.6650944084182
0.16626621636156877	0.1677068578623344	0.6660269257760969
0.167056803838574	0.16754905041882523	0.6653941457426009
0.16673506319063042	0.1665849460177814	0.6666799907915884
0.1672588122729796	0.1667358148101441	0.6660053729168764
0.16838196721385687	0.16670999897954936	0.6649080338065939
0.16753842246695516	0.1668795777126768	0.6655819998203681
0.16632541548351584	0.16778661645835058	0.6658879680581338
0.16738710817675762	0.16746703870712093	0.6651458531161216
0.16659871178214836	0.16679329794750686	0.666607990270345
0.1670217676456463	0.16762416570918962	0.6653540666451643
0.16778173523916418	0.16772575561255818	0.6644925091482778
0.16804725457467345	0.167410528374202	0.6645422170511246
0.1674726309285563	0.16682600494428862	0.6657013641271552
0.16663180903220395	0.16740604555977784	0.6659621454080183
0.16822351274487854	0.16683294903882917	0.6649435382162925
0.1668192266299262	0.1673769610932912	0.6658038122767826
0.16806999592990257	0.1665932593372792	0.6653367447328183
0.16732463367083733	0.16650585413034655	0.6661695121988163
0.1665041300488851	0.16709981431454038	0.6663960556365747
0.16681765763035478	0.16691320333538404	0.6662691390342613
0.16817888326845826	0.16728778190582624	0.6645333348257156
0.16680961937038052	0.1677441075414031	0.6654462730882165
0.16755576842493913	0.1675196619744589	0.6649245696006021
0.16745070630241699	0.16720019988408497	0.6653490938134982
0.16699783154202	0.16783704289642926	0.6651651255615509
0.16784253926409548	0.1676346259764543	0.6645228347594503
0.167470706350751	0.1667187790332873	0.6658105146159619
0.1684625053888596	0.1669576723011853	0.6645798223099553
0.16649618643119468	0.1669774208651182	0.6665263927036872
0.16763364939830497	0.16683201160383845	0.6655343389978567
0.16801341105365813	0.16770491994148684	0.6642816690048552
0.16773804803497788	0.1676365111042785	0.6646254408607437
0.16633747633463236	0.16677297234668575	0.6668895513186819
0.16702658494619563	0.16775509654006648	0.665218318513738
0.16754400289742788	0.1667589236878118	0.6656970734147605
0.16660389334053508	0.16696220676616058	0.6664338998933044
0.1671877441384855	0.16716442109617394	0.6656478347653407
0.16654532782879394	0.16759078082864098	0.6658638913425652
0.16705210044354352	0.167775679731925	0.6651722198245316
0.16764244935581094	0.16686096535558373	0.6654965852886054
0.16690418961187609	0.166431907938178	0.666663902449946
0.1679589485796003	0.16664954089000286	0.6653915105303969
0.16718711762656913	0.16657403796324824	0.6662388444101828
0.16743360821155107	0.16762915355223584	0.6649372382362131
0.16634127583716088	0.1677390955650316	0.6659196285978076
0.16817732730514817	0.16760195061285926	0.6642207220819927
0.1672738094523054	0.1667928705234238	0.665933320024271
0.16738760111267006	0.16759477457673005	0.6650176243106001
0.16825202919210833	0.16733777983544387	0.664410190972448
0.16752733622604343	0.16751816289641838	0.6649545008775384
0.16707850533549273	0.16752960543545284	0.6653918892290546
0.16731516877296831	0.16747552001637173	0.6652093112106601
0.168359975395573	0.1667411428868235	0.6648988817176036
0.16829966028648313	0.16660983937328427	0.6650905003402328
0.16707933881928025	0.16755208551238543	0.6653685756683344
0.16758294191562412	0.16640109849882476	0.6660159595855513
0.16645836845411696	0.1676057644402107	0.6659358671056724
0.16641059934993724	0.16780350731985555	0.6657858933302073
0.16751688868453588	0.16642472557205085	0.6660583857434135
0.16813036798382094	0.16715890398286526	0.664710728033314
0.16701534228643405	0.1667340519141245	0.6662506057994415
0.16758209317741704	0.1675980137099861	0.664819893112597
0.16809751706409073	0.16775124395529772	0.6641512389806117
0.1671418832475265	0.16757614386569697	0.6652819728867767
0.16803754812636965	0.1672839375992664	0.6646785142743641
0.16694288322183595	0.16673907548859024	0.666318041289574
0.16767041035977498	0.16782393283115393	0.6645056568090713
0.16669022941476178	0.1666307740634721	0.6666789965217662
0.1681863724161689	0.16690353155776627	0.664910096026065
0.16805398346515654	0.1668160069994207	0.6651300095354229
0.16654334748863103	0.16697030073924152	0.6664863517721276
0.1684920873948613	0.16721075270331995	0.6642971599018189
0.16783179362063277	0.1669240156068721	0.6652441907724953
0.16675592484012838	0.16667416797838597	0.6665699071814858
0.16688379084117422	0.1668571484065715	0.6662590607522544
0.16718314250892996	0.16707306603057182	0.6657437914604983
0.16650744038459397	0.16721996593437105	0.666272593681035
0.16766842666588389	0.16731136435035251	0.6650202089837637
0.1680246105304558	0.16637915567474348	0.6655962337948008
0.16717123216357505	0.1664788602724352	0.6663499075639898
0.16784254075935987	0.1668845628135509	0.6652728964270893
0.1662950047548899	0.16705321201765497	0.6666517832274552
0.16728107283816143	0.16663479378592386	0.6660841333759149
0.16781537236350888	0.166762014034848	0.6654226136016432
0.16681139157640318	0.1665458627262596	0.6666427456973374
0.16756266695291525	0.16771723386032242	0.6647200991867624
0.1675195700768076	0.16651163919075496	0.6659687907324375
0.16785205458774874	0.16721186851092285	0.6649360769013286
0.167991096624516	0.16682172025831696	0.6651871831171672
0.16748325702553785	0.16743669804472563	0.6650800449297366
0.1676763444558194	0.1676921632061805	0.6646314923380002
0.16632386403708674	0.16766008688539202	0.6660160490775213
0.16722617271334475	0.1671565481120017	0.6656172791746537
0.1671887981075773	0.1667380746095955	0.6660731272828273
0.16682897931825633	0.1675287765074986	0.6656422441742452
0.16755963563114865	0.16757956238010596	0.6648608019887455
0.16761330072076275	0.16701317420150225	0.6653735250777351
0.16757462346015206	0.1669007655437551	0.6655246109960931
0.16823552737849362	0.16654642072697168	0.6652180518945348
0.16664377108576267	0.1664303802142679	0.6669258486999696
0.16811384768198995	0.16692425609674183	0.6649618962212684
0.1675686329265436	0.16690360315055808	0.6655277639228985
0.16743828091289215	0.16739354934490866	0.6651681697421993
0.16695846124516134	0.1670591176043974	0.6659824211504414
0.1677136668927138	0.16691787895577956	0.6653684541515068
0.16676668557224694	0.16754436288890287	0.6656889515388502
0.16643921712701354	0.16684969662102014	0.6667110862519665
0.16838481599097743	0.16713019382082217	0.6644849901882005
0.16649723336481312	0.1665569234790737	0.6669458431561133
0.16745277604900588	0.16691823242975265	0.6656289915212417
0.1672403680551768	0.16692223822084346	0.6658373937239799
0.16788402415161202	0.16637964698604873	0.6657363288623394
0.16770501808643706	0.16691587094842117	0.6653791109651419
0.16685502010551156	0.16739468018351153	0.665750299710977
0.16649471246929182	0.16733087406313746	0.6661744134675709
0.16662659987463926	0.16745936721965965	0.6659140329057012
0.16793483157206734	0.16725269979505436	0.6648124686328785
0.16812096043665278	0.167006695631915	0.6648723439314324
0.16826071080288513	0.16654797402651916	0.6651913151705958
0.16850015665477636	0.16704325674322146	0.6644565866020022
0.16691464703868603	0.16783875450661892	0.6652465984546951
0.16837099955858004	0.16696737178822785	0.6646616286531922
0.1663040064237624	0.16689372252933887	0.6668022710468988
0.16732933863421792	0.16681274259643736	0.6658579187693447
0.16680701839311957	0.16737046344643008	0.6658225181604505
0.1665768317162657	0.16703379741965133	0.6663893708640831
0.1676130612871054	0.1675928069112233	0.6647941318016715
0.16663814607027072	0.16747998109331724	0.6658818728364122
0.1668777533610479	0.16679061009651946	0.6663316365424328
0.1668394606612279	0.1676558140512482	0.665504725287524
0.16839574152601036	0.16704582045796526	0.6645584380160245
0.16790127853600564	0.16652364380476667	0.6655750776592277
0.1668913330279549	0.16695500858095252	0.6661536583910928
0.16643060869473558	0.16682321099447658	0.6667461803107879
0.1677691744771045	0.16680080670712133	0.6654300188157742
0.16821388709026858	0.1666934998500244	0.6650926130597071
0.1672002355177613	0.1668490510681902	0.6659507134140485
0.16651280752333378	0.1674573942997512	0.6660297981769152
0.16732973488171066	0.16715581350089181	0.6655144516173976
0.16686849632831519	0.16708165865282198	0.666049845018863
0.16820048228758783	0.16725109580229916	0.6645484219101132
0.16635750162671162	0.16684328099976603	0.6667992173735224
0.1676107719182221	0.16684318335126444	0.6655460447305136
0.1668831555470971	0.16762663201054323	0.6654902124423598
0.1665805642906642	0.16674127024592988	0.666678165463406
0.16639105045309702	0.16707448818645226	0.6665344613604509
0.16660501990830237	0.16765324715763263	0.6657417329340651
0.16709800038392078	0.16759969693122767	0.6653023026848517
0.16684540734788586	0.16665740925566602	0.6664971833964483
0.16689676840096404	0.16650524076351722	0.6665979908355188
0.16850616817402023	0.1667667435753199	0.66472708825066
0.1678892070006929	0.16722016482354124	0.664890628175766
0.1675736839026371	0.16659067954815981	0.6658356365492032
0.16791677790723125	0.16781114078755224	0.6642720813052166
0.16810308261923027	0.1667841649567993	0.6651127524239706
0.1663571957617743	0.1677424380613299	0.6659003661768959
0.1669255280408146	0.16695137305744084	0.6661230989017447
0.16816290708849024	0.16645084715451963	0.6653862457569902
0.16642370136265702	0.16692397127209063	0.6666523273652525
0.16745751986917212	0.1676779477902611	0.6648645323405669
0.1670803193838036	0.1674032757814049	0.6655164048347917
0.16642275646220345	0.16765970849856904	0.6659175350392277
0.1668326360241527	0.1677498506524297	0.6654175133234177
0.16832579651204035	0.1667461086620106	0.6649280948259492
0.16700061731696797	0.16758763553283249	0.6654117471501997
0.1668848832689332	0.1666826676376971	0.6664324490933697
0.16736309481815234	0.16688805424679243	0.6657488509350553
0.1663086450315085	0.16747746287941523	0.6662138920890763
0.16765490087441964	0.16678972905502862	0.6655553700705519
0.16747177528723337	0.1668902848489927	0.665637939863774
0.16839195620534164	0.1672041470258968	0.6644038967687617
0.16688685050386626	0.16744526954080785	0.6656678799553261
0.16684525752759147	0.16750058175993016	0.6656541607124785
0.16755459851236032	0.16654454793366957	0.6659008535539702
0.16649323439456604	0.16720848094206237	0.6662982846633717
0.16738820236506652	0.16768516496082642	0.6649266326741072
0.16798595347399256	0.16767893238751652	0.664335114138491
0.16771969369195117	0.16707525424654435	0.6652050520615046
0.1677215334424143	0.16676863597013553	0.6655098305874503
0.16829764271213435	0.16708867756350007	0.6646136797243657
0.16757201462666735	0.16732436715955126	0.6651036182137815
0.16797503968618016	0.16746681492921145	0.6645581453846086
0.16664204146960143	0.16700781297025702	0.6663501455601417
0.1685144361627932	0.16683346045491307	0.6646521033822939
0.16797535587372944	0.1666779317425876	0.6653467123836831
0.1684205900871245	0.1672903381995032	0.6642890717133724
0.16779017714409386	0.16701322959527665	0.6651965932606296
0.16799718010615117	0.1666688635291918	0.6653339563646572
0.1666299958819184	0.1665710262433276	0.6667989778747541
0.16831061396535382	0.1666111806589537	0.6650782053756926
0.16801996755641396	0.16727200815794835	0.6647080242856378
0.16742425591591664	0.16743026623173568	0.6651454778523478
0.16742899473340456	0.16752181749202705	0.6650491877745686
0.16722974160528226	0.16640296898498047	0.6663672894097374
0.16661368143772765	0.1664387726170588	0.6669475459452137
0.1668096181619507	0.16758902127982445	0.665601360558225
0.16792990485910833	0.1677166120666796	0.6643534830742122
0.1685105584394423	0.16649505280205137	0.6649943887585065
0.16635782612930367	0.16668973264198078	0.6669524412287157
0.16723921356060173	0.16775431716354863	0.6650064692758497
0.16643669350562856	0.1671047956413117	0.6664585108530598
0.1681853574925129	0.1668902375074201	0.6649244050000671
0.16683646052901122	0.16651437852321022	0.6666491609477787
0.16769248929683828	0.16642109106034778	0.665886419642814
0.1665426527789013	0.1673538455460596	0.6661035016750392
0.16759695268796243	0.1664346507972213	0.6659683965148164
0.16791114011419778	0.16742460735223919	0.6646642525335632
0.16699631448162333	0.1665583366091818	0.666445348909195
0.1667185936540192	0.16649191913668235	0.6667894872092985
0.16746546292471937	0.16711779435931867	0.6654167427159621
0.16684468288171164	0.16724822301679815	0.6659070941014904
0.16790195170290856	0.16697262479088454	0.665125423506207
0.1666078547619207	0.1672731246272658	0.6661190206108136
0.16727412254974655	0.1671663883359664	0.6655594891142872
0.16742153984796024	0.16644725442209488	0.666131205729945
0.16755361033056032	0.16652784364076467	0.6659185460286752
0.16650341897754167	0.16696142800096697	0.6665351530214915
0.1673324800443468	0.16762674012871642	0.6650407798269369
0.16815034508196433	0.1666917982143597	0.6651578567036761
0.1682407908798121	0.16679494921012908	0.6649642599100589
0.1679702697392853	0.16745633358992737	0.6645733966707874
0.16835099559792793	0.16707600104803635	0.6645730033540358
0.16846927423297017	0.166724631586216	0.664806094180814
0.16673987330877246	0.16709358622212417	0.6661665404691035
0.16685314883583496	0.16734376280761692	0.6658030883565482
0.16699753087861235	0.16752679567568335	0.6654756734457044
0.16800716567960206	0.16693390319909515	0.6650589311213029
0.16640517676670255	0.16688793887048872	0.6667068843628088
0.1682593147423061	0.1670460205513837	0.6646946647063103
0.16783023794930063	0.1676680143208341	0.6645017477298654
0.16718237400485172	0.16739398415626175	0.6654236418388866
0.1682167071697176	0.16723925386880165	0.6645440389614808
0.16625714887780546	0.16763042757839164	0.666112423543803
0.16712166298333228	0.1670471475403475	0.6658311894763203
0.16800379585053576	0.1667071146523867	0.6652890894970777
0.16802476067411182	0.16763408453853262	0.6643411547873557
0.1668082174794994	0.1664386237070165	0.6667531588134842
0.16669488217397502	0.16686418691147253	0.6664409309145525
0.1665458570988081	0.16746033051173936	0.6659938123894527
0.1677369768777654	0.16670681538727244	0.6655562077349623
0.16851048841842364	0.16680667693060897	0.6646828346509676
0.16693207961323217	0.16648422721551276	0.6665836931712552
0.16666401957739127	0.1672776564772031	0.6660583239454058
0.16707665835859603	0.16749562147908836	0.6654277201623158
0.16654840031456442	0.16723195449896272	0.666219645186473
0.16830331768945406	0.16661257798989892	0.6650841043206471
0.16796250346662184	0.16716700076411847	0.6648704957692598
0.16782107677139127	0.1677334837842739	0.6644454394443349
0.1662618896836027	0.1665934809647034	0.667144629351694
0.16653408631536376	0.1671040949153993	0.6663618187692371
0.1674894860806754	0.16654625449261207	0.6659642594267126
0.16710829868408383	0.1670724201528746	0.6658192811630417
0.16793208314672153	0.16783742545439945	0.6642304913988792
0.1678430407516333	0.16704866897219106	0.6651082902761758
0.16645771224237335	0.16751689488481578	0.666025392872811
0.16755418851434428	0.16762180930369147	0.6648240021819642
0.1671719292598775	0.1667575276517269	0.6660705430883956
0.168498772960458	0.16729660153553544	0.6642046255040066
0.16737989630604042	0.1671938446310971	0.6654262590628626
0.16645378133633967	0.16737780187300713	0.6661684167906534
0.16715258277854939	0.1667740441372773	0.6660733730841735
0.16638163063680703	0.1664718434143486	0.6671465259488445
0.16653814751422386	0.16670429082911084	0.6667575616566654
0.16667366689765784	0.1669100876227542	0.6664162454795881
0.16694512676552736	0.16646554415712572	0.666589329077347
0.1682997843446004	0.16686982166116304	0.6648303939942367
0.1674969157728316	0.16691441668554055	0.665588667541628
0.16801762119409525	0.16664226691392742	0.6653401118919775
0.16725286844307274	0.16688975347475704	0.6658573780821704
0.16850598831206526	0.1665433248973031	0.6649506867906317
0.16810019065726445	0.16720702586969005	0.6646927834730456
0.16712703304799947	0.16742998171129692	0.6654429852407038
0.1676538695319332	0.16677610580995011	0.6655700246581168
0.16637697533211127	0.1671747984533068	0.6664482262145821
0.1665971084278985	0.1674933778680128	0.6659095137040889
0.16689389215243713	0.16685102984492545	0.6662550780026375
0.1671587774617408	0.1675506366911927	0.6652905858470666
0.16735791902033992	0.16659266398685266	0.6660494169928075
0.16708937646420613	0.1673783088177601	0.6655323147180339
0.16671521335175346	0.1676039092787272	0.6656808773695194
0.1663013006705785	0.16761757310686898	0.6660811262225527
0.16712617767261928	0.1667150816762235	0.6661587406511573
0.16702778222748604	0.16757411306617861	0.6653981047063355
0.16640180696226686	0.16666113351028544	0.6669370595274478
0.16730232021415903	0.167794038481012	0.6649036413048292
0.1674077463584228	0.16707175896354914	0.6655204946780282
0.16725112387368055	0.16728523160342648	0.6654636445228931
0.16640754019639775	0.16651410229797947	0.6670783575056229
0.16829856045314565	0.1668260853166139	0.6648753542302406
0.1675348196940836	0.16674991000326944	0.6657152703026471
0.1662832890938545	0.16733291541038653	0.6663837954957591
0.16822028650669568	0.16714947082229234	0.6646302426710121
0.1672119000186636	0.16772123475843426	0.6650668652229023
0.1668004987352011	0.16671090171617495	0.666488599548624
0.167929443952643	0.16718291663696538	0.6648876394103918
0.16631685316139874	0.1666052549236155	0.6670778919149859
0.16676101179668984	0.1664423739699502	0.6667966142333601
0.16774087115327724	0.16736049703611722	0.6648986318106056
0.16757929916259845	0.167114204995447	0.6653064958419547
0.16834940548745647	0.16717310278836447	0.6644774917241791
0.167862032716871	0.16702825079851547	0.6651097164846136
0.16830038290049953	0.1674912028789282	0.6642084142205724
0.16714816447072942	0.1677050957534386	0.6651467397758322
0.16785072519982758	0.16747505191262446	0.6646742228875482
0.16634668417367818	0.16695764012686695	0.666695675699455
0.16792657035469	0.1672792618373145	0.6647941678079956
0.16810272728726788	0.16711789818232986	0.6647793745304024
0.16689429254315563	0.16667854578505942	0.666427161671785
0.16657891902078953	0.167624923986484	0.6657961569927267
0.16672191086575006	0.16677932742170049	0.6664987617125495
0.16705639110713819	0.16719183411252897	0.665751774780333
0.1678864446632305	0.1677522637223804	0.6643612916143893
0.16767566395821665	0.16750911420986275	0.6648152218319208
0.16839877542639023	0.16666695196608058	0.6649342726075294
0.16801571013183056	0.16698659110183556	0.664997698766334
0.16672986419724078	0.16647083847941907	0.6667992973233403
0.16696931779584986	0.16696902138026554	0.6660616608238847
0.16717495167405508	0.1667480294767497	0.6660770188491953
0.16714227799982537	0.16643050831931572	0.6664272136808591
0.1668681469665491	0.16645678635030134	0.6666750666831497
0.16788927657911856	0.16650816734305524	0.6656025560778263
0.16641697734977287	0.16660706259093572	0.6669759600592915
0.1675364595555877	0.16775206818896204	0.6647114722554504
0.16661869540713425	0.16754686361386012	0.6658344409790058
0.16643737193011998	0.16743744279625267	0.6661251852736274
0.16729268268236258	0.1670429971653757	0.6656643201522618
0.1682338578046389	0.16684214883183363	0.6649239933635276
0.16625143911401707	0.1672504236836444	0.6664981372023386
0.16667188911917788	0.16652463751906071	0.6668034733617616
0.16703826004439398	0.16648355037670393	0.6664781895789021
0.1682132107436129	0.16704712668969035	0.6647396625666968
0.16763673959995667	0.16781648122855308	0.6645467791714903
0.16811129984560066	0.16760216048716997	0.6642865396672295
0.16674944324423352	0.16664889306751612	0.6666016636882504
0.16705852440710056	0.16700934005923418	0.6659321355336654
0.1669661483969823	0.1665917358940715	0.6664421157089463
0.16765284849126422	0.16735844107391928	0.6649887104348167
0.16759173020484947	0.16722925345582687	0.6651790163393239
0.16839515139665506	0.16698999393011799	0.6646148546732271
0.16631211599591644	0.16739515162756083	0.6662927323765229
0.16703438569123302	0.1666643708339161	0.666301243474851
0.1675771695923477	0.16699982572214875	0.6654230046855036
0.16774469005261106	0.1667648440809364	0.6654904658664527
0.1682740153677982	0.16660785817323942	0.6651181264589625
0.1678994928128814	0.16759254509795768	0.664507962089161
0.16806942630838376	0.16758098130262555	0.6643495923889908
0.16819739918845403	0.16773571126740183	0.6640668895441442
0.1679913337690258	0.1672631157661188	0.6647455504648556
0.1676767447641964	0.16686268388111136	0.6654605713546924
0.1667696461067145	0.1664243644869059	0.6668059894063797
0.16634175999565598	0.16679154181571637	0.6668666981886278
0.1665770437082192	0.16725637942457186	0.666166576867209
0.16654693199557932	0.16720022677084387	0.6662528412335769
0.16706187526773658	0.16777763905708123	0.6651604856751823
0.1678610247317682	0.16640081564765516	0.6657381596205768
0.167494915059069	0.16747155836527478	0.6650335265756564
0.16653924342225246	0.16716581606648984	0.6662949405112578
0.1673056066890115	0.16706242689464967	0.6656319664163389
0.1673279031401202	0.16657262947978693	0.6660994673800931
0.16697347667489776	0.16747932946851113	0.6655471938565912
0.16724833897870328	0.16666969282129745	0.6660819681999994
0.1677944433684247	0.16772225383317232	0.6644833027984031
0.16630927178139565	0.16709000582430383	0.6666007223943007
0.1675388361345817	0.1673794034527557	0.6650817604126626
0.1681309729969333	0.16745709250765792	0.6644119344954089
0.16729844168024421	0.1676117684998926	0.6650897898198633
0.16806291633331616	0.16734876586928984	0.6645883177973941
0.1665995905785918	0.16773186843599686	0.6656685409854115
0.16793560534930382	0.16698990314625112	0.6650744915044451
0.16734480468815252	0.16669099293440806	0.6659642023774395
0.16758043482054696	0.16639484559561676	0.6660247195838364
0.16784997892669362	0.16669558088384312	0.6654544401894634
0.1673529438167672	0.16641323292917398	0.666233823254059
0.1663445743422038	0.16749305697446715	0.6661623686833291
0.16769495312065358	0.16768180179622366	0.6646232450831229
0.16658355882409964	0.1666691019970457	0.6667473391788548
0.16800644833129266	0.16723578572647171	0.6647577659422358
0.16843546688661326	0.166924133367226	0.6646403997461608
0.16702534601628982	0.16783133294903682	0.6651433210346734
0.16743076700088735	0.16783858560883505	0.6647306473902777
0.16645794834068225	0.16732888202932358	0.6662131696299942
0.166803256979674	0.16755772723759738	0.6656390157827288
0.16778560477070537	0.1672907237871331	0.6649236714421617
0.16673044227203174	0.1668096386473341	0.6664599190806342
0.1667670024863267	0.1676028896392891	0.6656301078743843
0.16798863141799258	0.166649666114619	0.6653617024673886
0.16783497208773163	0.16765694458338604	0.6645080833288824
0.16759119067518527	0.16651179261473142	0.6658970167100835
0.16670807911867225	0.16758694435819768	0.6657049765231302
0.1666599586486982	0.16734689752050608	0.6659931438307958
0.16711271674145448	0.16670117421183855	0.666186109046707
0.16748760093972265	0.1674612733122297	0.6650511257480478
0.16825911334490098	0.16672004591372364	0.6650208407413756
0.1670688629181272	0.16771693722093267	0.6652141998609402
0.16814080212568508	0.16707032267473926	0.6647888751995759
0.16738482372988733	0.16662792897022471	0.6659872472998881
0.16666417096562428	0.16734961751824767	0.6659862115161281
0.16744121462364142	0.16767812484692662	0.6648806605294322
0.1664502895740509	0.16682356727059072	0.6667261431553585
0.16680612982788548	0.167311682838704	0.6658821873334106
0.16764688187194351	0.16642514930176847	0.6659279688262881
0.16757571731311613	0.1670386028746912	0.6653856798121929
0.16630694271404656	0.1669160049151985	0.666777052370755
0.16653137298169407	0.1671228770177992	0.6663457500005068
0.1662803886566206	0.16733914805719707	0.6663804632861825
0.1671613764391473	0.1672699178372587	0.6655687057235942
0.16730400516253108	0.16672206669838363	0.6659739281390854
0.16655360267337962	0.16782808756498552	0.6656183097616349
0.16799700878202023	0.16741031286459995	0.66459267835338
0.16729350161572715	0.1673105101061016	0.6653959882781714
0.1676997917030058	0.16712473702597386	0.6651754712710205
0.16715615670795825	0.1664874638747708	0.6663563794172711
0.16699765798624816	0.1675544861230423	0.6654478558907096
0.16824102776905778	0.16747003843139058	0.6642889337995518
0.16658312012147689	0.16729346860302508	0.6661234112754981
0.16664024959814208	0.1676485968290485	0.6657111535728095
0.16757310960445043	0.1670846983570421	0.6653421920385076
0.16696564454361984	0.16721410889718935	0.6658202465591909
0.1670409502972494	0.16666419092137702	0.6662948587813737
0.16839059669152992	0.16733569766972212	0.664273705638748
0.1667296775961059	0.16752794826773093	0.6657423741361632
0.16751434270078697	0.1668685634824857	0.6656170938167274
0.1677050961108112	0.16727083736203124	0.6650240665271577
0.1680723697540773	0.16687948980634817	0.6650481404395746
0.16776654153867707	0.16737030604192438	0.6648631524193986
0.1664338004060021	0.1669952325673823	0.6665709670266157
0.16771599357939684	0.16665629835622575	0.6656277080643775
0.1674070596806145	0.1669225319663875	0.6656704083529981
0.16779821635501224	0.1670511999583813	0.6651505836866066
0.16746315718406696	0.16671210086151936	0.6658247419544139
0.1674094642621214	0.16654984646930016	0.6660406892685786
0.1676983618866025	0.1670892063124615	0.665212431800936
0.16684282111666254	0.1677604455764396	0.665396733306898
0.16835837335104492	0.16646562806607934	0.6651759985828758
0.166730164683403	0.16688335466753224	0.6663864806490649
0.16730672866154675	0.1668110386522484	0.665882232686205
0.16845710577143547	0.16747806793032377	0.6640648262982409
0.1677252885372661	0.16669077953410127	0.6655839319286327
0.16680464089922012	0.16639333361504272	0.6668020254857373
0.1680927183114166	0.16678409956492002	0.6651231821236636
0.1685010070287092	0.16638365197304356	0.6651153409982473
0.1677156684426492	0.1678211361663629	0.6644631953909881
0.16749670779252	0.16746144432317234	0.6650418478843079
0.16624791260740313	0.1674673615111465	0.6662847258814505
0.16712006979480717	0.16678584627511683	0.6660940839300761
0.1668892917281028	0.1664488772763965	0.6666618309955008
0.16802132038276235	0.16711556758020374	0.6648631120370341
0.16645006722016586	0.16700849718980773	0.6665414355900265
0.16777258052225752	0.16729831515453447	0.6649291043232082
0.16747873306744826	0.16664240175849154	0.6658788651740604
0.16679294124515326	0.16672121526924596	0.6664858434856009
0.16713321417007881	0.16675840711941187	0.6661083787105094
0.16750395670333906	0.1672997795929969	0.6651962637036641
0.16710462899185433	0.16692277764820262	0.6659725933599432
0.1683835235532522	0.16671896272033554	0.6648975137264124
0.16842557559272875	0.16666521744188784	0.6649092069653835
0.16811305263507326	0.1676782121117703	0.6642087352531566
0.16779923855158646	0.16647640549424647	0.6657243559541672
0.16672987368165504	0.1676807971491601	0.665589329169185
