0.07214207520986687	0.7271953548253339	0.2006625699647993
0.05233148211563532	0.15107518784204574	0.7965933300423191
0.1824294917508457	0.09951037968609075	0.7180601285630637
0.07726748303469344	0.179317713242445	0.7434148037228617
0.11318399060461093	0.4307474252917518	0.45606858410363743
0.09790175941187645	0.3638901089665425	0.5382081316215812
0.22457164232617327	0.39685094211321936	0.3785774155606075
0.1899475871008096	0.5304089193965394	0.27964349350265105
0.1415851626328355	0.43002344675739135	0.4283913906097733
0.07163212798661511	0.07129269723698756	0.8570751747763975
0.21933358710221212	0.14653915955965907	0.6341272533381288
0.12230473630466726	0.329050744250706	0.5486445194446268
0.22709645965238903	0.7116938071828969	0.06120973316471423
0.1621605147288888	0.2709124781172364	0.566927007153875
0.0886296119494151	0.4631728464360064	0.4481975416145786
0.13382081724599937	0.0961400585210726	0.7700391242329282
0.13844674276665472	0.5538770587826254	0.3076761984507201
0.1690303120758651	0.10809534857936548	0.7228743393447696
0.07224938731743846	0.2161548411514797	0.711595771531082
0.15149523833338302	0.4181932779479914	0.4303114837186257
0.03392725472659708	0.6148991222936607	0.3511736229797423
0.05824921055729271	0.10548783594133426	0.8362629535013731
0.07159195558227882	0.18860070762404818	0.739807336793673
0.2568892622701019	0.6689890351883527	0.07412170254154543
0.12142885273957027	0.5132452888712244	0.36532585838920545
0.2380334555719687	0.3901185574276056	0.3718479870004258
0.15945586058087557	0.4312782564832035	0.409265882935921
0.09937377854216828	0.6142002902986802	0.28642593115915166
0.27234748458151337	0.6722551773751438	0.0553973380433429
0.19243697718765285	0.09128577032363852	0.7162772524887088
0.161866605695266	0.5978782189979401	0.24025517530679397
0.07673574639998498	0.15474963429811897	0.7685146193018961
0.22783889006816044	0.46522304888275134	0.30693806104908833
0.08876297682464468	0.47291699469039317	0.4383200284849623
0.1635755947456777	0.46813573145265525	0.36828867380166713
0.1610173938241556	0.5073202508089878	0.3316623553668567
0.025841359068232372	0.21535207092331798	0.7588065700084498
0.04024176032894089	0.39302068036923316	0.566737559301826
0.13928694298450447	0.5142110054059543	0.3465020516095413
0.2524182023586427	0.5417665363630283	0.2058152612783291
0.25257205972596997	0.41586372027924856	0.3315642199947816
0.11067042067469843	0.07869050879565287	0.8106390705296489
0.08673399125359801	0.6631533681493057	0.25011264059709637
0.09642148744525506	0.285482030254318	0.6180964823004271
0.07171147477924894	0.10260038166920132	0.8256881435515497
0.20872064398448367	0.2715704446056464	0.5197089114098701
0.12317133547530656	0.6572876056717722	0.2195410588529213
0.2632452762744878	0.4213594056720296	0.31539531805348275
0.09355636242090212	0.27641524800998407	0.6300283895691139
0.1313916835986218	0.34107508081306426	0.527533235588314
0.1164624650656505	0.5690209813519941	0.31451655358235553
0.11684250397149423	0.6849413361866828	0.19821615984182306
0.1183157083557719	0.2924779283390437	0.5892063633051845
0.1486575297960765	0.32647120538548013	0.5248712648184435
0.07037977973950649	0.11355457004405256	0.8160656502164411
0.151229711680329	0.541411573832256	0.3073587144874151
0.25086207902538726	0.1112049606141442	0.6379329603604686
0.11851853848138355	0.3959788750303989	0.48550258648821765
0.16848865198667556	0.07042955928861727	0.7610817887247072
0.162977958465801	0.6780716176016062	0.15895042393259295
0.22007031768715196	0.3731592814877086	0.4067704008251395
0.146363744925278	0.6814022487804631	0.17223400629425906
0.19247366041944533	0.5014123953400087	0.30611394424054605
0.06148248122698968	0.16071394803968375	0.7778035707333267
0.229078808445446	0.27180329382328816	0.4991178977312659
0.1306895071622189	0.686779582311078	0.18253091052670323
0.23478376581395144	0.6129227003597668	0.1522935338262818
0.22679066459274083	0.39835123248394505	0.37485810292331423
0.23233906145329797	0.657074035310651	0.11058690323605114
0.027047042140221356	0.5761460363792754	0.39680692148050334
0.23943674567850354	0.5546704227099761	0.2058928316115204
0.21700435661509943	0.41933740698837385	0.36365823639652683
0.21546003110465106	0.3096838758174936	0.4748560930778555
0.09136390076854667	0.4184046018795172	0.4902314973519362
0.2384472852981956	0.22520593594726232	0.5363467787545422
0.21681717397830108	0.4636262073907431	0.3195566186309559
0.13178701174301713	0.6452290397423531	0.22298394851462988
0.15772350926531842	0.560457558172381	0.28181893256230084
0.15662457016537518	0.11768037439618609	0.7256950554384389
0.2317718544046387	0.24303551365485906	0.5251926319405024
0.09917570497307546	0.2934040905101332	0.6074202045167915
0.22082695105925504	0.4762812823734529	0.30289176656729216
0.07290906350397697	0.34685965159585536	0.5802312849001678
0.19583213554257295	0.33393967457572227	0.4702281898817049
0.20126794010361	0.39935479907358995	0.39937726082280023
0.15535453905287772	0.49995166878469854	0.34469379216242385
0.0904487970532471	0.1626376550262445	0.7469135479205085
0.1743360726485993	0.5849738896542831	0.2406900376971178
0.03709584350383416	0.20342496398760915	0.7594791925085569
0.14566068565758714	0.5019120145289109	0.3524272998135021
0.12464844871563055	0.6099114575957916	0.26544009368857796
0.18702670632185456	0.5975508712178992	0.2154224224602464
0.2102373065619335	0.22930638867563718	0.5604563047624294
0.1921960204687382	0.4863025220654046	0.32150145746585734
0.25337963875151737	0.18872431882147253	0.5578960424270102
0.04413193554983841	0.574802841075106	0.38106522337505566
0.2063693877346471	0.449779108724508	0.34385150354084504
0.17117077958601815	0.5030327809461205	0.32579643946786147
0.1560376454407978	0.3693732793713568	0.47458907518784554
0.2127568077539848	0.6448971162881937	0.14234607595782156
0.2132538834162854	0.45432841175284855	0.33241770483086613
0.1623114025132023	0.10381334539952652	0.7338752520872712
0.09376421056119999	0.21344199798900132	0.6927937914497988
0.2261899737576626	0.3926167939513803	0.3811932322909572
0.13648855209819266	0.4183342354540569	0.44517721244775055
0.029941201183695032	0.26287113218207403	0.7071876666342312
0.2147288194820446	0.6391490158908644	0.14612216462709116
0.08756333993239507	0.5500136653651854	0.36242299470241973
0.13644814224829827	0.1436120740523536	0.7199397836993482
0.23478083990671778	0.08727043138485913	0.6779487287084232
0.23653323440332835	0.2802277124183258	0.48323905317834603
0.23589289712372746	0.7220053435824427	0.042101759293829866
0.16212204310448725	0.6918680017530062	0.14600995514250664
0.2379011236592033	0.07000549210461149	0.6920933842361854
0.27114068229590044	0.1499842690470381	0.5788750486570615
0.1949434132905948	0.2225082157640025	0.5825483709454029
0.09309016197903425	0.48724978516657247	0.41966005285439345
0.045866068596666254	0.3390790731670635	0.6150548582362705
0.2320811796245625	0.6109853393813098	0.15693348099412774
0.18868387805332587	0.13696207316813197	0.6743540487785422
0.04954794584277261	0.3689045283663878	0.5815475257908397
0.0681506813749801	0.6953050164238299	0.23654430220119016
0.22712276568763254	0.7059028641930711	0.06697437011929641
0.08952150812619719	0.49646526099502086	0.414013230878782
0.21201708455870255	0.7216860217005747	0.0662968937407229
0.20736099545985792	0.40897403899649587	0.3836649655436463
0.1647385701598583	0.21549111396222956	0.6197703158779122
0.20001449227350182	0.5015644245650102	0.29842108316148813
0.2643501614310607	0.4548651526403735	0.28078468592856587
0.13576676202190294	0.32743331482612903	0.5367999231519682
0.14862484386794766	0.506153859695277	0.34522129643677546
0.21262831072959973	0.5262560504134577	0.26111563885694267
0.19329631284426568	0.41350801620234623	0.3931956709533882
0.053546315672028943	0.6499910426221422	0.29646264170582887
0.06340677344239887	0.19175512040288195	0.7448381061547193
0.16111033686585086	0.3401458463511804	0.49874381678296886
0.2749812667816609	0.637404632922932	0.0876141002954072
0.1203047491023963	0.39619465346912164	0.48350059742848217
0.1325934972915097	0.4503794891780538	0.4170270135304366
0.2564659159734954	0.5458369915827986	0.19769709244370612
0.22794522794091931	0.22911616795379963	0.5429386041052812
0.04209566327199987	0.3488387564044052	0.609065580323595
0.16279993908116108	0.44951837791293014	0.3876816830059089
0.19738153822131838	0.7055796128128653	0.09703884896581635
0.2457981692853674	0.3942149957366603	0.35998683497797246
0.11045653069448849	0.29287393284558944	0.5966695364599222
0.12770042928796124	0.5515604730995857	0.32073909761245323
0.0868361304142461	0.5108657680291802	0.4022981015565738
0.05516968454024479	0.22609153463455323	0.7187387808252022
0.24326058078362114	0.20980869506314684	0.5469307241532322
0.15424953136885894	0.07465895942270767	0.7710915092084335
0.1871940432994193	0.28124790091400503	0.5315580557865758
0.08993049471630352	0.2916017466041962	0.6184677586795004
0.26713482681482115	0.1408951823519574	0.5919699908332215
0.27284371580709066	0.4598226362290689	0.26733364796384057
0.13682442855362326	0.1731152794281048	0.6900602920182721
0.155270552296714	0.5882508292463051	0.25647861845698106
0.17316031137317847	0.08843510268278468	0.738404585944037
0.21939831814609978	0.6332285753173318	0.14737310653656857
0.18601653886375247	0.19793855092546836	0.6160449102107793
0.23746196019545962	0.6633816654153089	0.09915637438923158
0.10477765822032242	0.535480148459168	0.3597421933205097
0.21165120132618412	0.6879030508162565	0.10044574785755944
0.03792048759990957	0.4653870142794131	0.49669249812067745
0.2633596450350516	0.6625321801439297	0.07410817482101872
0.16461414283828624	0.09126929766897085	0.744116559492743
0.11264841519769592	0.08809324809954777	0.7992583367027564
0.14914567429912473	0.7106591018665692	0.14019522383430622
0.1473509848397028	0.6063122985074407	0.24633671665285653
0.12937414465586516	0.5273611856714517	0.34326466967268326
0.1621366095199362	0.31624130325786926	0.5216220872221946
0.1454375845473682	0.5791176586987808	0.27544475675385105
0.06865709636396472	0.7188969947039318	0.21244590893210366
0.045199813163924074	0.20591986522736672	0.7488803216087093
0.18052964241061326	0.4265707046623315	0.3928996529270554
0.037544758481105944	0.41578697534760284	0.5466682661712914
0.13152130155131175	0.6934090873571264	0.17506961109156194
0.032738509644213376	0.2520376204161327	0.715223869939654
0.1536090885304347	0.4590155097994743	0.3873754016700911
0.15522899310107752	0.5815316326155391	0.2632393742833835
0.17150509103185974	0.11638971904733825	0.7121051899208022
0.13606593193484423	0.3232211977243448	0.5407128703408111
0.23420204980567516	0.12850893786978196	0.6372890123245429
0.27313757780171394	0.16584236772583583	0.5610200544724504
0.2627694699826739	0.49193485645564805	0.2452956735616782
0.13347564613242657	0.5081894382900454	0.35833491557752817
0.2569629300737304	0.6048767500361472	0.13816031989012256
0.12372888993237602	0.531972032748622	0.344299077319002
0.12589535763888648	0.130659627414772	0.7434450149463416
0.04177720619002012	0.6819800185542533	0.27624277525572677
0.06037565871371103	0.7216032100971492	0.21802113118913996
0.12954019190136	0.2958471872413856	0.5746126208572545
0.270135872044314	0.22420867877614786	0.5056554491795383
0.2027876807325112	0.32749151452507574	0.4697208047424132
0.23279842103201864	0.14618358804335524	0.6210179909246263
0.24580027461956502	0.49192175174822445	0.26227797363221067
0.14235860194516792	0.5542014085691169	0.30343998948571527
0.07881391721150638	0.4533276317180363	0.4678584510704574
0.2349834972162276	0.1388120799586166	0.6262044228251559
0.09872025709381382	0.52427203822577	0.37700770468041633
0.16437635134305204	0.07759080799378337	0.7580328406631647
0.24712048175566687	0.18676717217555822	0.5661123460687751
0.07090030684284138	0.36628191205528493	0.5628177811018739
0.1676521379279361	0.519445218400486	0.3129026436715781
0.2098753092008088	0.16525714273246758	0.6248675480667237
0.21350360302262508	0.08449055409394446	0.7020058428834306
0.11519475645853072	0.33037702063285146	0.5544282229086179
0.2034496205955303	0.16450923705441836	0.6320411423500514
0.19620771171419504	0.1319603850428504	0.6718319032429547
0.0637250340432628	0.5045979568439297	0.4316770091128076
0.11270154256049805	0.34195597326534605	0.5453424841741561
0.13443387536551013	0.44882379429493113	0.4167423303395589
0.2707906261342905	0.3149095284227568	0.4142998454429528
0.08970058259417774	0.4754541497795963	0.43484526762622605
0.18464103614411237	0.23759381691472647	0.5777651469411613
0.21321326797602252	0.22229721341815223	0.5644895186058254
0.18749162098537375	0.09150641818653543	0.7210019608280909
0.2755442537950985	0.31507285510352223	0.4093828911013794
0.11904946429389945	0.6431391315448085	0.23781140416129215
0.26743153757603944	0.2044196619223772	0.5281488005015835
0.14405514784832213	0.5899906472449975	0.26595420490668054
0.0972353376035893	0.2255675558512234	0.6771971065451875
0.10280142976643714	0.6502040598837286	0.24699451034983436
0.15765842489888268	0.5317956327847185	0.3105459423163989
0.16176793405823076	0.46326581779585596	0.37496624814591345
0.09012838044145016	0.7120745380720154	0.1977970814865346
0.2660687885614138	0.2556570560059759	0.4782741554326104
0.20577540174075426	0.529561387942074	0.26466321031717194
0.15387470969189687	0.7226500934127287	0.12347519689537456
0.2130473782044164	0.1961172206454104	0.5908354011501733
0.07945926800102349	0.2843002835002593	0.6362404484987173
0.2621015969874108	0.3436164783780553	0.394281924634534
0.08760800276899364	0.2126556208371152	0.6997363763938913
0.12521444498752818	0.541919479346041	0.3328660756664309
0.10757123362540236	0.6652327295361524	0.22719603683844536
0.08488853595832024	0.6358490020133982	0.27926246202828164
0.03453952955866352	0.13531626441938827	0.8301442060219484
0.1334948401405026	0.5540706977483639	0.3124344621111336
0.18462125146486658	0.17938347882670405	0.6359952697084295
0.10570306856983211	0.4103086758651605	0.48398825556500746
0.20456812256683177	0.11221589097236359	0.6832159864608047
0.060070143103784834	0.13239438650221746	0.8075354703939979
0.11115670695233346	0.24527911643766293	0.6435641766100038
0.1754645117968007	0.4042971809263471	0.42023830727685235
0.14990962319767748	0.6700181348992703	0.18007224190305232
0.24372525873430176	0.19508262774891927	0.561192113516779
0.16932047223585017	0.699161969221632	0.1315175585425179
0.10856664534633176	0.5250043046947895	0.36642904995887887
0.26119009410397065	0.217678070439143	0.5211318354568866
0.09956465700130593	0.25448288003571423	0.64595246296298
0.062203047721603844	0.6831307604191781	0.2546661918592181
0.05812563663249387	0.25386321748393526	0.6880111458835709
0.2129899140680921	0.19262624765558567	0.5943838382763224
0.05020018217647587	0.3094210975699538	0.6403787202535705
0.19041258833975105	0.37751402553065794	0.4320733861295911
0.13402741359723686	0.11282183314054767	0.7531507532622157
0.23617932739791297	0.1014273709488086	0.6623933016532786
0.20631418110349262	0.24064914138421045	0.553036677512297
0.1544928960208423	0.35351226645667727	0.4919948375224805
0.1572979709803288	0.17589910836194178	0.6668029206577295
0.20436298131584807	0.18021078277624364	0.6154262359079085
0.08408303980410559	0.40060693304415007	0.5153100271517445
0.10341701028992972	0.1091639810031978	0.7874190087068726
0.09255463899695673	0.361442596046903	0.5460027649561404
0.14951761067306268	0.25676736919509413	0.5937150201318433
0.0563857915650941	0.18035666383639892	0.763257544598507
0.05075510213619794	0.23783647758830004	0.7114084202755022
0.14609879788217514	0.6312563930572099	0.222644809060615
0.12641435007952054	0.6436463817670246	0.22993926815345495
0.2546971823893971	0.4453528583517747	0.2999499592588284
0.2050687254175139	0.49986335849802155	0.2950679160844647
0.24925469839508713	0.6271154553252043	0.12362984627970874
0.2543331345084375	0.14972470026994394	0.5959421652216187
0.06887772060738129	0.4122893310086895	0.5188329483839293
0.052176919823166634	0.6610300580773198	0.2867930220995137
0.27441957881738815	0.07281707190547765	0.6527633492771343
0.22995454226674894	0.18743194883663203	0.5826135088966191
0.24357958614472178	0.2911024005296754	0.4653180133256029
0.27002706339762406	0.3705866476264909	0.3593862889758852
0.2539818371284971	0.41739170763191286	0.3286264552395901
0.27136493098889714	0.500826295891433	0.22780877311966996
0.10520972726859279	0.6266593902013466	0.2681308825300607
0.06724528642253352	0.6684797849995774	0.26427492857788915
0.1276985397963336	0.45273550790776496	0.41956595229590155
0.2386269485237331	0.2205270653543737	0.5408459861218933
0.09194097444321964	0.5874117954668776	0.3206472300899028
0.1757541889574112	0.2653608798138124	0.5588849312287765
0.2641495199988607	0.578165636090729	0.15768484391041038
0.07911565916381974	0.5150385054007554	0.40584583543542496
0.1799402446985735	0.6369479262744544	0.18311182902697226
0.11819416511423197	0.18673248018087665	0.6950733547048915
0.18300868552391378	0.230318427805585	0.5866728866705013
0.08901745973197833	0.20893429537444036	0.7020482448935814
0.14781060974173293	0.26627085845166143	0.5859185318066057
0.0735633594676049	0.4967663406129672	0.429670299919428
0.24681794936631074	0.1803898686840652	0.5727921819496242
0.1759047479263988	0.49585862228522115	0.3282366297883802
0.21737086693645236	0.638027321386492	0.14460181167705585
0.2111560792133314	0.2542877944966572	0.5345561262900115
0.10031723128671924	0.2700901538755296	0.6295926148377513
0.2123488420147775	0.46198937057368983	0.32566178741153273
0.0249424095031045	0.44007077034681746	0.5349868201500783
0.2632600947031567	0.3358109397325576	0.4009289655642858
0.17118215735603787	0.1848294045849628	0.6439884380589995
0.08610164436371195	0.297461398676615	0.6164369569596732
0.057566998769769284	0.5121129955001091	0.43032000573012164
0.11710563195019691	0.5846610908392589	0.2982332772105443
0.2587181307844175	0.5722275662876709	0.1690543029279117
0.27117733426480906	0.2729627119025482	0.4558599538326429
0.07663021824142124	0.29840770070754036	0.6249620810510386
0.20896165842927242	0.7185896914784153	0.07244865009231233
0.09760432837116512	0.07757776822973828	0.8248179033990968
0.12089902773179068	0.6059431252405023	0.2731578470277072
0.11335476992460325	0.17990042103367015	0.7067448090417268
0.12536048987249654	0.29914025461556454	0.575499255511939
0.2183329919851088	0.15773951185316137	0.6239274961617299
0.08659807536134276	0.6395916021655956	0.2738103224730617
0.09745186349797444	0.23887881351670076	0.663669322985325
0.24562117999250233	0.1645404050129086	0.5898384149945892
0.13631148503952406	0.31291892148818906	0.5507695934722869
0.23356508571590995	0.7155758573869586	0.05085905689713155
0.16032839274013613	0.24670401289833035	0.5929675943615336
0.05970967594674892	0.5758210820846195	0.36446924196863184
0.20556825929244243	0.34158690581151085	0.4528448348960468
0.246798935594355	0.7029964344817925	0.05020462992385255
0.06293246097821259	0.11084062110879078	0.8262269179129967
0.17363616892012546	0.25913234546614783	0.5672314856137268
0.08313218142796536	0.4127061301886841	0.5041616883833506
0.13447956623561516	0.7059207935899647	0.1595996401744202
0.2603293087327413	0.4849595694103561	0.2547111218569027
0.05345600153589852	0.20384452943166095	0.7426994690324407
0.10469727180443872	0.17157070125210913	0.7237320269434523
0.05545415883725319	0.26505223221052454	0.6794936089522224
0.04318776760393539	0.7104024415670095	0.24640979082905523
0.21141987194282402	0.09339832898640824	0.6951817990707678
0.2607725919211711	0.4328256832444424	0.30640172483438666
0.11126557375767165	0.564938820748682	0.3237956054936465
0.2749476864552529	0.7028855343586636	0.02216677918608362
0.1570488750920309	0.25777015713608054	0.5851809677718887
0.0806555187124603	0.16236329380086356	0.7569811874866763
0.03451002808896275	0.522495462906407	0.44299450900463033
0.2614315294131915	0.1892858076167232	0.5492826629700854
0.21562827333093887	0.536750804828986	0.2476209218400753
0.14755907928261375	0.46775823900142194	0.3846826817159644
0.0529197750919006	0.40263754041135713	0.5444426844967424
0.25478478453154785	0.6738749236738305	0.07134029179462176
0.20056518924839134	0.6641870357741047	0.13524777497750412
0.06528753627156708	0.30596027366889345	0.6287521900595396
0.06396986919530723	0.37026765313945026	0.5657624776652427
0.0911849391772272	0.4597062432210627	0.4491088176017103
0.17893665772975076	0.5830057427436457	0.2380575995266037
0.059377406373063324	0.37758879744461027	0.5630337961823266
0.05152805973796676	0.7182770671688115	0.2301948730932219
0.13751583460072275	0.41465750609927143	0.4478266593000059
0.24247508716087518	0.09474439411928559	0.6627805187198393
0.04273563634007388	0.2703981749967696	0.6868661886631566
0.0778244568334393	0.5673501875741414	0.35482535559241946
0.25986110222248204	0.43307858480437594	0.3070603129731421
0.16241449261340848	0.2686535682756616	0.56893193911093
0.20259132222398146	0.21176700574508128	0.5856416720309374
0.17576229336602173	0.42205980537834376	0.4021779012556347
0.18497009358449043	0.6642712257964862	0.15075868061902337
0.1514002746270772	0.13538077088891695	0.713218954484006
0.14468638711852794	0.3825957780522344	0.4727178348292378
0.2670193305733413	0.36836324468259385	0.36461742474406494
0.2185199746442798	0.4061288413454381	0.3753511840102822
0.09935620517092714	0.39109753198240604	0.5095462628466669
0.16421832380594087	0.20504897426562863	0.6307327019284306
0.2598139930215436	0.4211472408416463	0.31903876613681026
0.24652340997480757	0.6555097422219331	0.09796684780325948
0.19593867517630859	0.175863110442884	0.6281982143808076
0.07206726084584525	0.664468203060254	0.26346453609390086
0.20044735794700033	0.5874589797956775	0.21209366225732224
0.09973441060839822	0.6167797796883204	0.28348580970328147
0.26988946752156734	0.623719465785725	0.10639106669270768
0.24302109487747983	0.3761860133535651	0.38079289176895514
0.09690715998909899	0.20786310422014065	0.6952297357907604
0.2662119692751271	0.48766507297728734	0.24612295774758572
0.05825609820280908	0.7241549588181202	0.21758894297907083
0.06029019193124041	0.6283158285841539	0.31139397948460584
0.23139741003427095	0.4880785808933671	0.2805240090723621
0.047049203193716804	0.6630830951819522	0.289867701624331
0.03678902664310002	0.3070247974417777	0.6561861759151224
0.17919274680987504	0.49763124794192853	0.3231760052481965
0.045554347390183936	0.3723051985504256	0.5821404540593906
0.1602658849918919	0.5514636076797041	0.2882705073284041
0.05530772295309755	0.1332547049528917	0.8114375720940109
0.17668726948160984	0.13568108085139002	0.6876316496670003
0.22314041013991032	0.29820009223546623	0.47865949762462356
0.12510992299675766	0.5989667285245612	0.2759233484786813
0.25051462615134806	0.41585866568208063	0.3336267081665714
0.07570667037668927	0.6151022249224471	0.30919110470086375
0.26841174253568245	0.08279648664834616	0.6487917708159715
0.17310203784274153	0.43699084254413323	0.38990711961312535
0.18898062049383557	0.40860647470491956	0.40241290480124503
0.04949193114842887	0.671381818179857	0.2791262506717143
0.14460895591847106	0.33320124649754124	0.5221897975839879
0.08292639861920309	0.33030336433048313	0.5867702370503138
0.029579706858181287	0.62291564111412	0.34750465202769887
0.09603043887595952	0.6180025073793564	0.28596705374468423
0.10126613135294812	0.5784512882527106	0.3202825803943413
0.25786242248053215	0.10557751462973677	0.6365600628897312
0.16887189893817828	0.13090836559262142	0.7002197354692004
0.27353026241460726	0.5181192057198976	0.20835053186549535
0.1477721987725745	0.36028059075386754	0.4919472104735581
0.17060255595764753	0.26656004703197533	0.5628373970103773
0.05950383744060034	0.7091391320397231	0.23135703051967654
0.17231827724164978	0.6956205998270621	0.13206112293128813
0.22507356237117146	0.3110044635947977	0.46392197403403096
0.1250803548839063	0.6258159562763608	0.24910368883973305
0.19249920070705773	0.6492338902412951	0.15826690905164725
0.18097742836904818	0.532031246844563	0.2869913247863889
0.08614552824857807	0.510781616159801	0.40307285559162104
0.23590352261368305	0.6597430666009744	0.10435341078534269
0.09478654673860312	0.6162813525263592	0.28893210073503783
0.06072702732922741	0.6641445058175117	0.27512846685326103
0.24097461143418497	0.5313015803337824	0.22772380823203278
0.21870651527202567	0.26601908333328184	0.5152744013946926
0.25624301835341634	0.10294809108515202	0.6408088905614318
0.25546020470455877	0.41094763610715457	0.33359215918828683
0.2561337338875642	0.34932477895074154	0.39454148716169435
0.2750066919052748	0.6612121217737135	0.06378118632101187
0.044993393774457324	0.10354233059536444	0.8514642756301783
0.13152865072588169	0.14267571528677553	0.7257956339873428
0.06412977216860616	0.2502837048918141	0.6855865229395799
0.06806524525604546	0.6763131121204837	0.25562164262347103
0.19637074617546946	0.3819577391697966	0.42167151465473407
0.17309533828514262	0.22062956089911273	0.6062751008157448
0.22107113377274012	0.21538432608857813	0.5635445401386818
0.25042978261573806	0.1198036442088192	0.6297665731754428
0.04261358468804438	0.5282537204238453	0.42913269488811034
0.10134810455619941	0.25982535905583404	0.6388265363879667
0.2715735881590745	0.3895049471282572	0.33892146471266843
0.23435254158411012	0.6554844312682698	0.11016302714762022
0.12113690561810164	0.3977093498346258	0.48115374454727267
0.08915411840457263	0.07667824607691232	0.8341676355185151
0.24742473857739325	0.18581441776626703	0.5667608436563398
0.11673200355653865	0.5102777797738498	0.37299021666961163
0.10020113997422078	0.54320922409986	0.3565896359259193
0.07451843879971742	0.08666230966280569	0.838819251537477
0.024944208449173777	0.33894489918307563	0.6361108923677508
0.07339665980926557	0.5174874372198288	0.40911590297090583
0.12812318460971683	0.1303278222434287	0.7415489931468546
0.09085560317007593	0.12141450931021103	0.7877298875197132
0.0951988147029389	0.3378073227561261	0.5669938625409351
0.22215129457697302	0.4669787365596718	0.3108699688633553
0.03174447813834147	0.1165243993580366	0.851731122503622
0.0513610525511512	0.22800978798908203	0.7206291594597669
0.1332255166464365	0.45978365807311594	0.4069908252804477
0.2158389823287022	0.2828826509183321	0.5012783667529659
0.22259387782253115	0.24473011027881164	0.5326760118986573
0.22921376100290647	0.5063250046322786	0.26446123436481506
0.21416707340456526	0.5210952150201626	0.2647377115752722
0.11845594477731136	0.3134014320655476	0.5681426231571411
0.04004827570328007	0.5348060202950239	0.4251457040016962
0.2649030361206451	0.0839048151967097	0.6511921486826453
0.12667734007218293	0.17074063133954465	0.7025820285882725
0.2378413422313455	0.18377826685913037	0.5783803909095242
0.11912014603132975	0.4266796109121207	0.4542002430565496
0.10370710152100132	0.6073347293011051	0.28895816917789374
0.095980246704159	0.3681138712488753	0.5359058820469658
0.22810828640512235	0.6179222683876474	0.15396944520723035
0.25127931969995765	0.7253975302794022	0.023323150020640226
0.16597964480921845	0.6179277083166375	0.21609264687414423
0.10722084087396	0.6839737374668583	0.20880542165918187
0.10316425608271534	0.09551757304418484	0.8013181708730999
0.23143351923806493	0.16366715449801172	0.6048993262639235
0.025389190634870218	0.6044671200654463	0.3701436892996836
0.12719690805016995	0.23908348359922676	0.6337196083506034
0.20419692318516366	0.41356086740657827	0.3822422094082582
0.13184041451322243	0.2329791250942913	0.6351804603924864
0.08309893860855239	0.6781555862412402	0.23874547515020755
0.22549771637517446	0.5212775165272825	0.2532247670975432
0.23497179568546325	0.38309203401138725	0.38193617030314964
0.13210855068907032	0.3455905051227981	0.5223009441881317
0.25453468531568796	0.16845436085993087	0.5770109538243813
0.0893586171153874	0.6198641875541413	0.2907771953304713
0.2344320226033898	0.5265261446617094	0.23904183273490084
0.12425509213157115	0.40181677937597154	0.47392812849245747
0.1598392138953783	0.48485593116241377	0.35530485494220804
0.04981615425019564	0.6704678335888705	0.2797160121609339
0.04577958280398142	0.5466342807084872	0.4075861364875314
0.2228663012273553	0.5897493235924991	0.18738437518014567
0.17224214113626457	0.2802325672904932	0.5475252915732424
0.1850220151883409	0.4747620247847081	0.34021596002695115
0.10574136900459002	0.0878214162689109	0.8064372147264992
0.20739667805951276	0.153597264318964	0.6390060576215233
0.1071729089097215	0.6343834699735194	0.2584436211167593
0.2346736973648553	0.5918448458066088	0.17348145682853597
0.27185255592923063	0.17988179347969374	0.5482656505910758
0.06201784977475089	0.1379528091413697	0.8000293410838795
0.08999342362618953	0.4466427453110175	0.4633638310627931
0.09050031537090958	0.10756990840294561	0.8019297762261448
0.10721637657070354	0.4359825426330056	0.45680108079629095
0.06575844252663976	0.3870277109255808	0.5472138465477796
0.2029671084719498	0.29414749664783624	0.5028853948802141
0.13455725122409828	0.7079028680747397	0.15753988070116215
0.2273964711919	0.2127907168667697	0.5598128119413304
0.22506705342985012	0.10126141949224543	0.6736715270779046
0.16083242972119888	0.11342344570178758	0.7257441245770136
0.1619971726282869	0.4212867600704776	0.4167160673012356
0.09443801953319184	0.2048909845039789	0.7006709959628293
0.08644631481560491	0.3109361786142019	0.6026175065701933
0.06393616928405071	0.2518566045033771	0.6842072262125722
0.14495068778052422	0.4197053384317121	0.4353439737877638
0.20245424338508833	0.45079388119051683	0.34675187542439495
0.17278520817859266	0.6675025295476602	0.1597122622737473
0.22755184598308292	0.6100109818120281	0.1624371722048891
0.032354413868825205	0.5459918618794122	0.42165372425176284
0.10077371917351363	0.5071054216536656	0.39212085917282097
0.14607508778639	0.35557767698481024	0.4983472352287999
0.2074793953611092	0.6566596408456935	0.13586096379319745
0.27170511000646524	0.6965335572267275	0.03176133276680737
0.18477711038718522	0.19437359367850165	0.6208492959343133
0.19718276613315847	0.2171988099348186	0.585618423932023
0.21578256397596224	0.5811800536462717	0.2030373823777662
0.23695159386769638	0.617215741254965	0.14583266487733876
0.26431556371515774	0.1115585035022453	0.624125932782597
0.15574370429450335	0.4581021745816397	0.38615412112385705
0.2583061123274942	0.1830129621224776	0.5586809255500282
0.02653428040682171	0.5739970071576286	0.39946871243554993
0.07120652881280165	0.45829457255910483	0.47049889862809363
0.19965582546280652	0.357449169473599	0.4428950050635946
0.22184761925223986	0.40396545994105665	0.3741869208067036
0.14250890979021658	0.5790496785901559	0.27844141161962765
0.16670034984966922	0.10756871200539031	0.7257309381449406
0.2086140380830943	0.21652179768105234	0.5748641642358535
0.0807372244851784	0.5657093192810996	0.35355345623372214
0.15721629680544905	0.3630930339208286	0.4796906692737225
0.235819409117895	0.164381709781253	0.5997988811008521
0.06822005937238612	0.2452569261228356	0.6865230145047785
0.1035708049261706	0.5783301113620556	0.31809908371177403
0.05777260971730663	0.21816509371842246	0.7240622965642711
0.21873526172972418	0.5081401408121211	0.2731245974581548
0.2651507348577313	0.3676479690315628	0.367201296110706
0.08498026756113189	0.6771204320252545	0.23789930041361368
0.07874718521641416	0.6788003853423756	0.24245242944121023
0.2209007167305812	0.47907788270095586	0.3000214005684631
0.20848996939940467	0.34397182686715544	0.44753820373344005
0.11588305027999404	0.14505298024020186	0.7390639694798042
0.09490847416739678	0.3517989947144191	0.5532925311181842
0.11220298869051426	0.12686553761245029	0.7609314736970356
0.2627142337690076	0.1678331954207103	0.5694525708102822
0.2536162205579904	0.22000505860999509	0.5263787208320146
0.07876411869528177	0.10216773892222827	0.8190681423824901
0.09651536947483724	0.1897704544482156	0.7137141760769472
0.17410881552474922	0.26423940729183804	0.5616517771834129
0.21499185192389555	0.5670659402432066	0.21794220783289803
0.09569637109444828	0.28411487917129574	0.6201887497342561
0.2574518768997973	0.5459811746408507	0.19656694845935216
0.14107440454990533	0.47046919479155846	0.38845640065853637
0.2723738357482728	0.37691689344638957	0.35070927080533776
0.1276385097300256	0.5568884842358928	0.31547300603408185
0.12867175105133197	0.42972490673858427	0.4416033422100839
0.1911720479769824	0.6522221662114123	0.15660578581160547
0.041002834454933135	0.696820220129424	0.26217694541564296
0.03218086623331173	0.5838543713438733	0.38396476242281513
0.23768956393741353	0.18595292378201642	0.5763575122805702
0.09065946820975557	0.5482366094351396	0.3611039223551049
0.19810389854135574	0.4253692446044753	0.3765268568541691
0.0722075972016134	0.4503146350911205	0.47747776770726624
0.14821741875432762	0.1739317547824869	0.6778508264631855
0.18292856233531424	0.14992819680265962	0.6671432408620264
0.18875867512207709	0.4483536071281665	0.3628877177497566
0.19756397265940498	0.23210022308353578	0.5703358042570593
0.11713203510205836	0.47382305532402563	0.40904490957391615
0.20624062834053883	0.6020244615374053	0.19173491012205593
0.17881908641164457	0.11534519493042678	0.7058357186579287
0.10130000766060476	0.6309547452868174	0.267745247052578
0.17965466795016222	0.14866223559838246	0.6716830964514554
0.16803136024022425	0.266956113985473	0.5650125257743029
0.05454294968725315	0.7258110722659814	0.21964597804676547
0.27297555540434065	0.31730863528334063	0.4097158093123188
0.2046630416250985	0.5300034822176078	0.2653334761572937
0.2665045348213715	0.4846577362476039	0.24883772893102474
0.18439990815403898	0.563788527773274	0.25181156407268707
0.13270383527464988	0.5257374583018325	0.3415587064235177
0.19637945279903582	0.4403606392380817	0.36325990796288254
0.10747598180365692	0.22410994962097724	0.6684140685753659
0.0339640844056992	0.6931507188859098	0.27288519670839095
0.12985134433516046	0.6047410402892277	0.26540761537561186
0.09466053198078217	0.2605247125252048	0.6448147554940131
0.2735376286886736	0.5306510620884176	0.19581130922290885
0.10632886087595012	0.16245736124642757	0.7312137778776224
0.20124155597099927	0.45655749938749757	0.34220094464150325
0.16064213432219057	0.3033099738006175	0.536047891877192
0.2530971852654973	0.17673546624898007	0.5701673484855228
0.23660260326298152	0.502723104471665	0.2606742922653536
0.2385356637517585	0.17142482607368115	0.5900395101745606
0.25337523850501736	0.11466591224311307	0.6319588492518697
0.02675348739618222	0.35499214319531397	0.6182543694085039
0.1784821715632599	0.4087135841718272	0.412804244264913
0.05597170262189316	0.4899399933505123	0.4540883040275947
0.060566187226857304	0.3165966638322627	0.6228371489408802
0.03806823048954311	0.37171705629113455	0.5902147132193225
0.13215673141977563	0.5201954156039288	0.3476478529762957
0.08303932002773423	0.2762177048811078	0.6407429750911581
0.27391105863780585	0.4930295705846595	0.23305937077753472
0.08085903232148739	0.5850582761360996	0.3340826915424131
0.20455226957506062	0.5532830706034164	0.24216465982152305
0.10103179133190043	0.07418094031073313	0.8247872683573666
0.03563150313708785	0.516406131160658	0.44796236570225434
0.18153949030019928	0.4382222913525648	0.38023821834723603
0.18230116530118012	0.26391005231706466	0.5537887823817553
0.20225885835204094	0.31779418640368523	0.47994695524427394
0.19534710196296565	0.1547420296023997	0.6499108684346349
0.22463653472566755	0.1084612684250556	0.666902196849277
0.22189342944583815	0.15161117881655706	0.6264953917376048
0.2641841709246949	0.10620319278042917	0.629612636294876
0.17357930132078864	0.34795524279634155	0.47846545588286993
0.22818638430942417	0.3066982871214625	0.4651153285691134
0.04398569721484591	0.1729382965485008	0.7830760062366535
0.0732627299160093	0.652646579545794	0.2740906905381969
0.24373052576474938	0.7241102233978824	0.03215925083736826
0.1339759006782451	0.6422642964521328	0.22375980286962222
0.19076699215786921	0.2903646567007603	0.5188683511413705
0.12057569232350021	0.30550444518882336	0.5739198624876766
0.17671593230327348	0.5833463034396031	0.2399377642571235
0.1337829486580971	0.5688314323924446	0.2973856189494585
0.10387332875835853	0.2016925067848853	0.6944341644567562
0.11706331822800359	0.6511740017949486	0.23176267997704803
0.101020571774104	0.6865866492415131	0.21239277898438305
0.06772894761023562	0.6205873328206983	0.31168371956906626
0.1269852748020115	0.16816236414834004	0.7048523610496487
0.18039392517156705	0.1354767842962205	0.6841292905322125
0.07349461248943945	0.2068487337588304	0.7196566537517302
0.23229740942749366	0.18530676658573111	0.5823958239867754
0.14268239146267442	0.20598851569901444	0.6513290928383113
0.028680807897733196	0.3672689304456265	0.6040502616566404
0.03345430745239447	0.35524180167906044	0.6113038908685452
0.08969366063584117	0.6934848445582438	0.21682149480591523
0.13697364855280836	0.5774982414545294	0.2855281099926623
0.23114069373063156	0.705736372429731	0.06312293383963757
0.17486861698450223	0.26720492242827487	0.557926460587223
0.046476610701482124	0.46017494821762656	0.4933484410808915
0.183082593266278	0.29398924146479516	0.5229281652689269
0.05020427652610859	0.39775264713312347	0.552043076340768
0.055866693187948735	0.18423769756690098	0.7598956092451504
0.20213264405941203	0.49725495906446016	0.30061239687612795
0.120087077069292	0.11185005623017036	0.7680628667005378
0.2429031013473819	0.6414722156021649	0.11562468305045331
0.21575298883375515	0.7002705787554189	0.08397643241082614
0.21413573312200307	0.327114517403109	0.45874974947488806
0.256086648313471	0.3116743242803531	0.43223902740617604
0.07471073099311637	0.7038668166814164	0.22142245232546737
0.11077515246698988	0.36246143506419787	0.5267634124688123
0.027412860968604402	0.09740037957532488	0.8751867594560709
0.04257754629130783	0.26041967226044505	0.6970027814482473
0.05431313550019379	0.48411147490740347	0.46157538959240285
0.03188655077293473	0.2328682136866523	0.7352452355404131
0.22965979723316599	0.33481698393669623	0.4355232188301379
0.0359386574802984	0.6856065742667882	0.27845476825291354
0.031384050500822436	0.3400839013771692	0.6285320481220085
0.07404764330212543	0.2564937145145123	0.6694586421833624
0.15371062299490695	0.2771650603882805	0.5691243166168127
0.21921294508341363	0.26903184408340153	0.511755210833185
0.24611933632656086	0.20898568262564973	0.5448949810477896
0.025704109370756956	0.6919512273743884	0.2823446632548548
0.19510263552985688	0.18449427137327876	0.6204030930968645
0.12529258561351134	0.3476857494311254	0.5270216649553634
0.2072884230495975	0.5805264750942973	0.21218510185610526
0.1256978598996181	0.36847575647134057	0.5058263836290414
0.11495126547498738	0.586425645605406	0.2986230889196068
0.07785049263206217	0.4136300005440054	0.5085195068239325
0.07247647029970894	0.7035737744014554	0.22394975529883576
0.24103854956799262	0.3964477168383893	0.36251373359361816
0.17475264934430365	0.2131204971725115	0.612126853483185
0.18589631907789425	0.5533975036254966	0.26070617729660933
0.14490329232819119	0.6485085331324759	0.20658817453933295
0.09384749995005265	0.6020069979503402	0.30414550209960733
0.1423804463594889	0.4025414859654157	0.4550780676750955
0.1435048038821083	0.2931251645732243	0.5633700315446675
0.2592483591372981	0.3217817694907155	0.4189698713719865
0.08497469778912276	0.5788153048647002	0.3362099973461772
0.02803251714866195	0.5183394901641317	0.45362799268720644
0.026463905457703496	0.4082898162530963	0.5652462782892003
0.19855846646309633	0.5814750547707902	0.21996647876611358
0.16635939321549958	0.10614518341077295	0.7274954233737276
0.09082027809508822	0.1280924273558955	0.7810872945490164
0.24704275519426616	0.7012182579137837	0.05173898689195028
0.028518001027688533	0.3363967520759416	0.63508524689637
0.11473253875970385	0.4694527551885619	0.41581470605173443
0.16961810039972694	0.6856816210223626	0.14470027857791062
0.21172827343506484	0.19508524353157342	0.5931864830333619
0.16922167554635834	0.14811498938078443	0.6826633350728574
