0.15398273913034077	0.3842669094860874	0.4617503513835719
0.1539855813075357	0.3844863018463769	0.4615281168460875
0.15362541357651782	0.38383876006672335	0.462535826356759
0.153678904503867	0.3843099559623798	0.4620111395337533
0.15408933223006469	0.3841773237428684	0.46173334402706706
0.15390434612198398	0.3844100945627137	0.4616855593153025
0.15399677556156144	0.38375843244299784	0.4622447919954409
0.15470599500060017	0.38422108171990066	0.46107292327949934
0.1534877788335619	0.38460559581870146	0.46190662534773674
0.15341194732230862	0.3849768008797896	0.4616112517979019
0.15417946111482506	0.38393302161044796	0.4618875172747271
0.15396284310511563	0.3843817140898833	0.4616554428050012
0.1549192249951339	0.38380410530933134	0.4612766696955349
0.15402054506184643	0.3844773282890275	0.46150212664912615
0.15296016115428113	0.38475956540999257	0.4622802734357264
0.15478848432994308	0.38385778023946443	0.4613537354305926
0.1539189988284555	0.38440916079458576	0.4616718403769588
0.15392630158149542	0.38467947814365444	0.4613942202748502
0.153782382098835	0.3849466555987373	0.4612709623024278
0.15429750254503238	0.3839077501591942	0.4617947472957735
0.1530871790738934	0.3844848320515028	0.4624279888746039
0.1539195504373519	0.38402604124096246	0.46205440832168576
0.1533615308870923	0.3844553635834143	0.4621831055294935
0.15392911591898145	0.3849077715266512	0.4611631125543675
0.15294133682364974	0.38469683646400965	0.4623618267123407
0.1539591968833226	0.38477139903886287	0.46126940407781464
0.15437911800147167	0.38469964404549606	0.4609212379530324
0.15401460814106832	0.38395077101863817	0.4620346208402936
0.15444310805452013	0.38438296571139985	0.46117392623408016
0.15321906065742236	0.38473122733727894	0.46204971200529876
0.155045923091148	0.38359372580862483	0.46136035110022733
0.15349991017416603	0.3849363067678354	0.46156378305799867
0.15424983079739973	0.3837686956216053	0.46198147358099506
0.15478632495038203	0.3842074912956539	0.4610061837539642
0.1537929086221484	0.384802282603621	0.46140480877423073
0.15419188940676287	0.38436832770495966	0.4614397828882776
0.1534847828690844	0.38467623164441134	0.46183898548650437
0.15418702870310685	0.38460654995781757	0.4612064213390757
0.1535913931937339	0.38394923288804733	0.4624593739182189
0.153712045507922	0.3841379562022005	0.4621499982898777
0.15503363929544195	0.3836796556700111	0.46128670503454705
0.15505203654741864	0.38383627970737216	0.4611116837452093
0.15358578955672875	0.38478112200640613	0.46163308843686524
0.15397479448743207	0.3848670574097623	0.46115814810280575
0.15308226983025802	0.38436801972635076	0.4625497104433913
0.15386039175251193	0.38400257867346205	0.46213702957402614
0.15400778557120232	0.3840429713241273	0.46194924310467056
0.15375432054870608	0.38402362317302663	0.4622220562782674
0.15393797959581867	0.3846990400124856	0.4613629803916959
0.1537611760592527	0.3843086440052223	0.4619301799355251
0.15506445038110644	0.3839124706852974	0.4610230789335963
0.15445406447480153	0.3840691232520091	0.4614768122731895
0.1530527016850142	0.3845427805911137	0.4624045177238722
0.15486018066842652	0.38415051145382684	0.4609893078777468
0.15320600283017732	0.3845056942910243	0.46228830287879846
0.1546220038467439	0.3838615370480625	0.4615164591051937
0.1540756384579099	0.38474135892355876	0.46118300261853146
0.15414804316386488	0.3849220700940541	0.46092988674208113
0.15381554150349802	0.38427640092298737	0.4619080575735147
0.1545872316527125	0.38433731421292594	0.4610754541343617
0.15404820792076937	0.38377056025581746	0.4621812318234133
0.15463314085112112	0.38367026764216516	0.4616965915067138
0.1545348603146352	0.38357951290148273	0.4618856267838822
0.15287274798492495	0.38501328711827115	0.462113964896804
0.15438067222108987	0.3839985004929518	0.46162082728595843
0.1533927314208027	0.3841559075363053	0.46245136104289214
0.15495184045083035	0.3838538270776796	0.4611943324714901
0.1543487070624378	0.3840260614174965	0.46162523152006585
0.15290307294886257	0.38458233694633776	0.4625145901047998
0.1549855318142566	0.3835972760554334	0.4614171921303101
0.15464687705234142	0.38384136219798726	0.46151176074967143
0.154546034615582	0.38433525821212405	0.4611187071722941
0.15430724679223767	0.3840698652812498	0.4616228879265127
0.15482555594757844	0.3842032188674206	0.4609712251850011
0.15407908371607637	0.3846160528727423	0.4613048634111815
0.15474016128157075	0.3835678349067158	0.46169200381171355
0.1548607967648672	0.3841256239964847	0.4610135792386482
0.15462328484042176	0.3835791872593727	0.46179752790020573
0.15374031872481467	0.38377893659339396	0.4624807446817915
0.1535011268833956	0.38499653221215113	0.46150234090445336
0.15464676128817967	0.3836650531075784	0.4616881856042421
0.15421589598927432	0.3838757579380536	0.46190834607267217
0.1538753914587195	0.3843477351781443	0.46177687336313633
0.15355831162885308	0.3842408998415586	0.46220078852958846
0.15314733313621287	0.3847198337067649	0.4621328331570223
0.15416957078496818	0.3841968114285074	0.4616336177865245
0.15476706398701778	0.3837513218088592	0.4614816142041232
0.15432030843334457	0.3839649902301352	0.4617147013365204
0.1546145626283708	0.3843012464273579	0.4610841909442714
0.1531777044831873	0.3845738661453224	0.46224842937149035
0.1539336473169044	0.3840466797799497	0.462019672903146
0.1541944886752628	0.38365947626683855	0.46214603505789875
0.15506588128232052	0.383649213138211	0.46128490557946866
0.15365328907436943	0.38431168660626036	0.4620350243193704
0.1541989389586737	0.3836630706370987	0.46213799040422765
0.1543348710753028	0.3842418246637991	0.4614233042608983
0.15335789179838494	0.3846602214686381	0.4619818867329771
0.15389620645400282	0.3846306786110411	0.4614731149349562
0.15404261783585418	0.3846097515941004	0.4613476305700456
0.15347658410499523	0.384434457257478	0.46208895863752697
0.15410542778270786	0.38417495369285587	0.46171961852443644
0.15294834678485875	0.3846664252437307	0.4623852279714107
0.1540880492142298	0.3838534856460928	0.4620584651396775
0.15376708986471624	0.38422108460742926	0.4620118255278546
0.1530853497531337	0.3848704561811944	0.462044194065672
0.154073327650258	0.3836332903149971	0.462293382034745
0.15402632858266696	0.38459186617383456	0.4613818052434986
0.15390759087966954	0.3848548669108193	0.4612375422095113
0.15343567266092933	0.3850172642344871	0.46154706310458365
0.15429050079085338	0.3843167371750735	0.4613927620340733
0.15313126600091653	0.3849225701601854	0.4619461638388982
0.15426009076846725	0.38424379852554447	0.4614961107059884
0.1538095475239395	0.3848030901789345	0.4613873622971261
0.1546174086304312	0.3836461316915234	0.46173645967804544
0.1534455906668959	0.38427079955297994	0.4622836097801243
0.15461949165568128	0.3838467936445464	0.46153371469977245
0.1530542327912699	0.3850213685597417	0.4619243986489886
0.15349162233290392	0.3839363195068349	0.46257205816026137
0.15399435955922142	0.3846441965471164	0.4613614438936623
0.15366981308421152	0.38377123897632615	0.4625589479394624
0.1531994973755028	0.3846248061036613	0.462175696520836
0.15414221538364165	0.38476215580768564	0.46109562880867283
0.15317379360351	0.38491295848053114	0.461913247915959
0.15364108867728238	0.38417029042417006	0.4621886208985476
0.1549539285880951	0.38406758682261494	0.4609784845892901
0.15316721763806412	0.3849116539231213	0.46192112843881467
0.1530337877506328	0.38445225442081954	0.4625139578285477
0.15413093608816747	0.38496332157053315	0.4609057423412995
0.15349910443940376	0.38478722965323314	0.4617136659073632
0.1545285559454312	0.3838032014708741	0.46166824258369477
0.15430190413538764	0.38374191628512416	0.4619561795794883
0.1549153132462076	0.3835654668309592	0.4615192199228333
0.1546070386798084	0.3837201077389275	0.4616728535812642
0.15337825595841043	0.38481097699139294	0.46181076705019675
0.15409213656742515	0.38357968702199813	0.46232817641057683
0.15475373098099388	0.38407646646681437	0.4611698025521919
0.15395792674332395	0.3843230120100675	0.4617190612466086
0.1533011537507973	0.3844936590064427	0.46220518724276005
0.1536042054806214	0.3838236314954667	0.46257216302391196
0.15295206790159	0.3845122384143587	0.4625356936840514
0.15322583871918785	0.3846410467358317	0.4621331145449805
0.15354278885041922	0.38412500490897594	0.4623322062406049
0.1546046780869627	0.38361009481834013	0.46178522709469727
0.15433803295538964	0.3847845326272332	0.4608774344173773
0.15461878881363803	0.38377400327534195	0.46160720791102017
0.1536695006925659	0.3849506539774086	0.46137984533002563
0.15488859595218754	0.3841029767763127	0.4610084272714999
0.15427988656404923	0.3848561182853473	0.4608639951506035
0.15464270693841364	0.3843989424411702	0.46095835062041635
0.15472437315489435	0.38424754329912936	0.46102808354597635
0.15437435034166228	0.38362007880353255	0.4620055708548053
0.15297933852544882	0.384702870330986	0.4623177911435653
0.15317848292354597	0.38444780787770105	0.4623737091987531
0.15438094386515983	0.38400423141969375	0.4616148247151465
0.15287299898224802	0.38463754222447766	0.4624894587932744
0.1529478711069989	0.38488110341676374	0.46217102547623745
0.15324058384658856	0.3848540157506072	0.46190540040280437
0.15452337814271871	0.3841593614305628	0.4613172604267186
0.1544974559785206	0.38426777866291323	0.4612347653585663
0.15473853543503435	0.383597424046044	0.46166404051892174
0.15386636502391754	0.384064677071671	0.46206895790441155
0.15304211272208013	0.3848512070370366	0.4621066802408834
0.15326209608737631	0.3844243136029979	0.46231359030962593
0.15430702973764004	0.38460732119813135	0.4610856490642287
0.15289377383493685	0.38491641131701076	0.4621898148480525
0.1540772978657687	0.38368263811123043	0.46224006402300094
0.15503279178130774	0.38375017021203306	0.46121703800665925
0.15365966091599817	0.38466172473042803	0.4616786143535739
0.15429212633566797	0.38390253068437263	0.46180534297995957
0.1547436434669726	0.38403770231251977	0.46121865422050773
0.15395215121525932	0.3843442251115319	0.46170362367320894
0.15305491403040622	0.3845977222144135	0.4623473637551804
0.1541760327822475	0.3840112922761474	0.46181267494160516
0.15383721586106042	0.38405702234380223	0.46210576179513746
0.15409679733327825	0.3840154772722349	0.46188772539448697
0.1549216799903962	0.3837343590043866	0.4613439610052173
0.15398374498386658	0.3840649799953789	0.46195127502075467
0.15385545563740174	0.38471168142052525	0.4614328629420731
0.1539320874031817	0.38361013825795603	0.46245777433886237
0.15472260345296285	0.38378215752464045	0.4614952390223968
0.15331576198337446	0.3841760388044599	0.4625081992121658
0.1540333654872647	0.38395781844202237	0.4620088160707131
0.15446378248044418	0.3842965668735369	0.461239650646019
0.15506227590171656	0.38363386140107975	0.4613038626972038
0.15386033393315085	0.3838714582758272	0.46226820779102207
0.1550007857390605	0.3838310000550594	0.4611682142058803
0.1540252498213627	0.38358574719754834	0.4623890029810891
0.15411696908038644	0.383710539249738	0.4621724916698757
0.1529954363978469	0.3848871747254894	0.4621173888766638
0.15394148259517854	0.3839092064109625	0.46214931099385914
0.15337739642871764	0.3849520504483454	0.46167055312293703
0.15418059438058423	0.38430222332784497	0.4615171822915709
0.15481003433988041	0.3841039938239768	0.46108597183614286
0.15452671196102477	0.3844068088508753	0.46106647918810006
0.15355423553430386	0.3848397075749156	0.46160605689078066
0.1542658670513614	0.3839184963703869	0.46181563657825186
0.1544118004796305	0.3839852895551268	0.46160290996524284
0.1538459533516448	0.38450227864862413	0.4616517679997312
0.1538015123975351	0.3842141719957983	0.4619843156066667
0.15374528581601776	0.38493761873278814	0.4613170954511942
0.15447111289051244	0.3837148925097136	0.4618139945997741
0.1545896131668254	0.38381670399824214	0.4615936828349326
0.1536034910811795	0.38404683775162535	0.4623496711671953
0.15318134780741482	0.384367328203561	0.4624513239890242
0.15429313567231975	0.38359723097534004	0.46210963335234034
0.15479448530582568	0.38422632815126306	0.46097918654291137
0.1550700281177833	0.38358695418006167	0.46134301770215513
0.15347523213886108	0.3844715245538602	0.4620532433072788
0.15361106988521464	0.38500595091546447	0.46138297919932103
0.1542264870818525	0.3837947556095874	0.4619787573085602
0.15408816519256147	0.38396480350185325	0.4619470313055854
0.15503238449304968	0.3835691343087201	0.46139848119823035
0.1529222239597533	0.38494695958989994	0.46213081645034687
0.15401239990728427	0.38364265002050985	0.462344950072206
0.15380840829353754	0.3837409972320447	0.46245059447441794
0.15447033079113515	0.38436159432926353	0.46116807487960143
0.15304918982922913	0.38471232554078394	0.46223848462998707
0.15396201022421846	0.38376308867440945	0.46227490110137226
0.15291392499080145	0.3849355207840243	0.46215055422517437
0.15464781711951175	0.3841891102527256	0.4611630726277628
0.15495835885783577	0.3838040229975586	0.46123761814460573
0.154663427858393	0.38394742780322993	0.4613891443383772
0.15393333100205536	0.3850305725382403	0.46103609645970445
0.1546355105738693	0.38443428262685797	0.4609302067992729
0.15390514316489629	0.3836592213671425	0.4624356354679614
0.15402955960410322	0.384504938480827	0.46146550191506985
0.15298624364033542	0.38484212797551387	0.4621716283841508
0.15477915279891075	0.3837582506169829	0.4614625965841065
0.15406649805422204	0.38409418606102325	0.46183931588475485
0.15301983900643268	0.3848327125517651	0.46214744844180233
0.1544322707381144	0.38395556638821593	0.4616121628736698
0.15506154161171148	0.38362318044208743	0.4613152779462012
0.15452031779432301	0.384417169283137	0.4610625129225401
0.154350231262659	0.3842305436437703	0.4614192250935708
0.15495124132920562	0.38412171866553463	0.46092704000525986
0.15467431127313466	0.3843777492283677	0.4609479394984977
0.15284976085283591	0.38467436174187764	0.4624758774052866
0.1544853574372257	0.3842520295249422	0.4612626130378322
0.1542607114565307	0.383983270767402	0.46175601777606734
0.1541981750593895	0.38374643095969563	0.462055393980915
0.15418110001035212	0.3837072114407286	0.46211168854891943
0.15339571915180727	0.3841132775110605	0.46249100333713233
0.15416961439279503	0.3848609467684389	0.4609694388387662
0.1535562233285334	0.3847494653099409	0.46169431136152583
0.1543524409035612	0.38370519802748826	0.46194236106895065
0.15381479425127575	0.38411910083158174	0.4620661049171426
0.15403839938143676	0.3846396875453976	0.4613219130731657
0.15393288231924473	0.38475601645825924	0.4613111012224961
0.15395976298734457	0.3842663595470467	0.46177387746560883
0.1541435832022005	0.38396678347600394	0.46188963332179567
0.15292136190381217	0.3845465414213257	0.4625320966748622
0.15342593687392042	0.3846158591961953	0.4619582039298844
0.15461735656283243	0.3843477120376609	0.4610349313995068
0.15428637024199893	0.3836834290999306	0.4620302006580706
0.15301711358714346	0.38465607844467153	0.46232680796818515
0.15383259404472543	0.38420656553350135	0.4619608404217733
0.15437790081316072	0.3842259557796536	0.4613961434071857
0.15310513171941104	0.38492056316037165	0.4619743051202174
0.15428275712710543	0.3836214942536464	0.4620957486192483
0.15370411794691302	0.38499487204213406	0.461301010010953
0.15463407237789567	0.3836838059714157	0.4616821216506888
0.1541246193855485	0.38440964484145884	0.46146573577299277
0.15478913822109513	0.384350555348422	0.46086030643048304
0.1533992117763101	0.3842783204112832	0.4623224678124068
0.1535170902434069	0.3843704474491527	0.4621124623074405
0.15462426967365572	0.38409581477002785	0.46127991555631653
0.1532192977376137	0.38472783116415776	0.4620528710982287
0.1535352355260594	0.38491356329140625	0.46155120118253445
0.1534949985475744	0.3840812528845301	0.4624237485678956
0.15363580549493583	0.3845083242952815	0.46185587020978286
0.15469505861962418	0.3841971483525032	0.46110779302787275
0.15417252069342707	0.3848923034790668	0.46093517582750626
0.1544707297877734	0.38444819649676554	0.46108107371546114
0.15350224390087278	0.38468737329546787	0.4618103828036595
0.15461229399215715	0.38411243160031544	0.4612752744075276
0.15304419026720992	0.3844761301781983	0.4624796795545919
0.1528479005338166	0.3849165339137329	0.4622355655524506
0.15395252266259757	0.3842193365265567	0.4618281408108459
0.15425131629813377	0.3848632605082773	0.46088542319358905
0.1529219546245501	0.38475389472165966	0.4623241506537904
0.15299307632410258	0.38495526105985955	0.46205166261603803
0.15440449983430699	0.38387377213317286	0.46172172803252026
0.1543520832575257	0.3840552609321597	0.4615926558103147
0.15303362614021748	0.38487865323320924	0.46208772062657344
0.15413116406955557	0.38357316767766625	0.46229566825277824
0.15396542940136554	0.3842183692442336	0.46181620135440093
0.15485892770831466	0.38422834852205817	0.46091272376962733
0.1543921558740003	0.38404204070748493	0.4615658034185149
0.1540724364429636	0.3845086303023062	0.4614189332547303
0.1548193587411511	0.38412810615421095	0.4610525351046381
0.1542558668353432	0.38440018267806153	0.4613439504865954
0.15398103135009655	0.3843017186775002	0.4617172499724034
0.15363938564009622	0.38475154102217	0.46160907333773393
0.1546741596650404	0.3842315090663258	0.4610943312686339
0.1546247509554351	0.383585859880193	0.461789389164372
0.1538553424623697	0.3843252496017453	0.4618194079358851
0.15332908200216414	0.38458655699251265	0.46208436100532335
0.15329649661789568	0.38467902447521785	0.4620244789068866
0.15344246120654587	0.3844908822046003	0.46206665658885393
0.15387734031922684	0.3844235692490321	0.4616990904317412
0.1543467947964912	0.3847322156052956	0.46092098959821337
0.1546779893915976	0.38387435139828396	0.46144765921011854
0.15370230656041506	0.3842527122423719	0.46204498119721316
0.15399187184801383	0.3842364268564505	0.4617717012955358
0.15374168620772122	0.38430400364562894	0.46195431014664995
0.1543592642217221	0.3843000594611858	0.4613406763170922
0.1539696958784833	0.384708638807692	0.4613216653138248
0.15371679057035093	0.38425773940298746	0.4620254700266618
0.15417773820987546	0.38466501425351696	0.4611572475366077
0.15456003465147256	0.38373245645212745	0.4617075088964001
0.15476240632596927	0.3840963487059444	0.4611412449680865
0.1542840025091252	0.384069603365718	0.46164639412515696
0.1539816662802369	0.3837423625122024	0.46227597120756087
0.15329265876702614	0.38450852421392656	0.4621988170190474
0.15285195260804982	0.3847299468719367	0.46241810052001364
0.1542431731884173	0.38385701068228567	0.46189981612929715
0.1533405131154267	0.3844631735953776	0.46219631328919575
0.15475424368400578	0.38388573071209564	0.46136002560389866
0.15318720737059635	0.3844563538519401	0.4623564387774637
0.15480286458058826	0.38355763494812134	0.4616395004712905
0.15480044744697355	0.3842575081902872	0.4609420443627394
0.15287958578722743	0.3848545952055465	0.4622658190072262
0.15399954401194027	0.38497742263840373	0.4610230333496561
0.15442750200923094	0.38372517256942196	0.46184732542134727
0.15474462823628993	0.3837678596602295	0.46148751210348066
0.154732593346873	0.3842960432832632	0.4609713633698639
0.15360261202869147	0.3849943031652623	0.4614030848060464
0.1545522681501954	0.3839321130291142	0.4615156188206905
0.15397076804176152	0.38388899453046543	0.4621402374277732
0.1529810896910026	0.3845752928505129	0.4624436174584846
0.15413520772610403	0.38451508617544367	0.4613497060984524
0.15324121417327538	0.3843631876820451	0.4623955981446797
0.15433952424663944	0.3842127582532346	0.4614477175001261
0.15419079686050674	0.3847890991891483	0.4610201039503451
0.15347355813875715	0.3845014957682554	0.4620249460929876
0.1531617389926626	0.38438025332508735	0.4624580076822502
0.15393472771606131	0.384101218938898	0.4619640533450408
0.15362660442622872	0.3848733397244356	0.4615000558493358
0.1529340987298695	0.3849238975588058	0.46214200371132486
0.1534186621068255	0.38485611983576984	0.46172521805740474
0.15292118270901792	0.3848441239234753	0.4622346933675069
0.15365388722921433	0.38410256380579705	0.4622435489649887
0.15435239142370585	0.3840856041963142	0.46156200437998
0.15445430487016176	0.3840787576507226	0.4614669374791157
0.1541126427565696	0.3841491292097682	0.4617382280336623
0.15442550972892216	0.3844472522384128	0.46112723803266514
0.15326975698750367	0.38429191614803	0.46243832686446645
0.15404482111468773	0.3839568898082189	0.4619982890770935
0.15378488037142019	0.3848020316047037	0.46141308802387626
0.1537736530585743	0.384373610615877	0.4618527363255488
0.15399445275475893	0.3842934132893759	0.4617121339558653
0.1550351828718895	0.3838164104002351	0.4611484067278755
0.15307100070488983	0.3846013766356506	0.4623276226594597
0.15378577586187292	0.38381428883626156	0.46239993530186563
0.15457596657511857	0.38359353411355174	0.4618304993113298
0.15475926134336063	0.3843230268163015	0.46091771184033803
0.15315031061088136	0.38488660231197785	0.46196308707714095
0.15371186926063696	0.3843167605201847	0.46197137021917845
0.15407787500833572	0.38381783090989263	0.4621042940817718
0.15410585422641243	0.3847887633686029	0.4611053824049848
0.15333192113520533	0.3842710248957263	0.4623970539690685
0.15435061358961943	0.3838311129355755	0.4618182734748052
0.15406381540373676	0.3839432077436149	0.4619929768526485
0.15390323897090552	0.38394539776665115	0.46215136326244344
0.1538383850734284	0.3847065876658966	0.4614550272606751
0.15317289980259408	0.38432051611498197	0.4625065840824241
0.15400437612119106	0.38414008402101324	0.4618555398577958
0.15481756211714218	0.38387252668712984	0.46130991119572806
0.15407049434983244	0.38452000300786265	0.461409502642305
0.1535870111990812	0.38502620420310546	0.46138678459781346
0.15479182835636213	0.383595297403878	0.46161287423976005
0.154192561123392	0.38360723060792323	0.4622002082686849
0.15475743223480531	0.3838325603114597	0.4614100074537351
0.15387567077071387	0.38385350855596456	0.46227082067332165
0.1541695386745039	0.3847852719909161	0.46104518933458016
0.1534278484830522	0.384289183014617	0.4622829685023309
0.1539546833884856	0.38395440349802806	0.4620909131134865
0.15435373601343538	0.38394528981980514	0.4617009741667596
0.15294697693436143	0.3849442674803949	0.46210875558524384
0.15369839729702697	0.38393475614877776	0.4623668465541954
0.15433258241973544	0.3843165882968354	0.4613508292834293
0.1547647051702573	0.3839451404694076	0.4612901543603352
0.1538484040529755	0.3848219707378994	0.4613296252091252
0.15413804503104522	0.3836641917326383	0.46219776323631656
0.15435805294551014	0.38405272831090576	0.4615892187435843
0.15352249144691382	0.38433763806232085	0.46213987049076544
0.1536527079424524	0.3848670750980184	0.46148021695952934
0.15353703045123107	0.38500458152884637	0.46145838801992267
0.15448461676933245	0.3838857251161656	0.46162965811450213
0.15480789567436382	0.38373151489774177	0.46146058942789453
0.15456090053962848	0.3837557103382773	0.4616833891220943
0.15317667947034896	0.38471924566046634	0.46210407486918487
0.15316933982302608	0.3848004096794785	0.4620302504974956
0.15427916329602678	0.38423006799399356	0.46149076870997974
0.15286468080847812	0.3846066947874024	0.46252862440411957
0.15374793128509917	0.3840802737642285	0.46217179495067245
0.15385333804412743	0.384683763351888	0.4614628986039847
0.15374871788426814	0.38374692822208584	0.4625043538936462
0.1545351161594837	0.38457545367706447	0.46088943016345196
0.15505114375109483	0.38398144248673705	0.46096741376216827
0.15355400432293398	0.38480462880044386	0.46164136687662227
0.1542620420774905	0.38434874952774306	0.46138920839476655
0.15328922266396078	0.3849838421971962	0.4617269351388431
0.1533828279200009	0.3845657760409	0.4620513960390992
0.15300315112026314	0.3848824105257768	0.46211443835396016
0.15396282186699206	0.38434737860130425	0.46168979953170386
0.15456648430536934	0.3839647947886173	0.4614687209060135
0.153351455124061	0.3841880760155125	0.4624604688604266
0.15330371605257676	0.38456985903486945	0.46212642491255396
0.1538124523604899	0.3839351847545304	0.46225236288497984
0.15441378199553207	0.383897381193832	0.46168883681063605
0.15341630333729606	0.384283794484987	0.4622999021777171
0.15428263736493308	0.3846263937944755	0.46109096884059153
0.1543429224830416	0.3836049750016345	0.462052102515324
0.15368178111153724	0.384310994266276	0.4620072246221869
0.15332265364086678	0.3848382155353522	0.46183913082378114
0.1541661769394097	0.3845340682880402	0.46129975477255025
0.15301108576071043	0.38488183601513276	0.4621070782241569
0.154046812854147	0.38414986819785024	0.4618033189480029
0.15351304733472165	0.384972571881523	0.46151438078375545
0.15405459415855238	0.38504120380838947	0.46090420203305826
0.1546642400732807	0.38446826977702314	0.4608674901496963
0.15396420384994838	0.38417752323683124	0.4618582729132205
0.15447245662050055	0.38461887310156284	0.4609086702779367
0.1531968527047973	0.38447778692424306	0.4623253603709597
0.15389277524701123	0.3836517591515932	0.46245546560139567
0.15415191208055862	0.3837525078267552	0.46209558009268636
0.1545516773354608	0.3842141350735148	0.4612341875910245
0.15393131133085858	0.3847067173036204	0.46136197136552115
0.15423505910056973	0.38397166721170806	0.46179327368772227
0.15478345615264377	0.38403155177444886	0.46118499207290753
0.15366745564690681	0.38483730482810785	0.4614952395249855
0.15408451854179758	0.3840191632060703	0.46189631825213223
0.15392123805035113	0.38355629529836127	0.4625224666512877
0.15320254211393888	0.38447988809832523	0.462317569787736
0.15464628389389973	0.38403518632790595	0.46131852977819443
0.15406207369968686	0.3847543577064162	0.4611835685938971
0.15407493808382908	0.3842947203616024	0.46163034155456867
0.15312748912108348	0.3846212105037966	0.4622513003751201
0.1541925979309413	0.3846937154492565	0.46111368661980234
0.15373546946450267	0.3839091867727449	0.46235534376275256
0.15409366825593235	0.3850188322364446	0.4608874995076231
0.1531180570345941	0.3845936750059697	0.46228826795943634
0.15355395721335802	0.38413219618155564	0.46231384660508645
0.15464262149241437	0.384152928460865	0.4612044500467207
0.15314378261189704	0.3848069950271677	0.4620492223609354
0.15346640535542658	0.3845447518717654	0.46198884277280816
0.15392744254746704	0.38454717518973214	0.46152538226280093
0.15374035608794062	0.3840374583531939	0.4622221855588655
0.15451196945640558	0.3842359647316052	0.4612520658119893
0.15413044209337584	0.38475366202482236	0.4611158958818019
0.15365651045857767	0.3842158096524836	0.4621276798889389
0.1550411850884379	0.3838166662422914	0.46114214866927083
0.15418136581942898	0.38423298810968776	0.46158564607088337
0.1542238570472369	0.38390065250472827	0.4618754904480349
0.1534136673920459	0.38504540497112555	0.46154092763682864
0.1546491982832257	0.3842681734626852	0.4610826282540892
0.15367388192231596	0.3840061319009142	0.46231998617676995
0.15446163024999468	0.3846354542736387	0.46090291547636675
0.15453515748822416	0.38405892801275315	0.4614059144990228
0.15403555883939082	0.38379451611677007	0.46216992504383925
0.15347907800196556	0.38494236163107703	0.46157856036695755
0.15379975686364178	0.3836571856889884	0.46254305744736995
0.15496775375482347	0.3839131270887214	0.46111911915645526
0.15372692344043726	0.384898917501142	0.46137415905842083
0.15372637814033935	0.3842023853251108	0.46207123653454996
0.15402049120618133	0.3839285544559126	0.4620509543379062
0.15335087462557961	0.38425116000726117	0.46239796536715927
0.15495244677013245	0.38395405165978563	0.461093501570082
0.1539994628136715	0.3842616911790256	0.4617388460073031
0.1546894371579309	0.3838687377834762	0.461441825058593
0.154097108213285	0.38401879606944966	0.46188409571726546
0.15302595772532873	0.3846523589656101	0.46232168330906126
0.15473045865550766	0.3841786722837405	0.4610908690607519
0.15471740799963427	0.38433766775490047	0.4609449242454654
0.1543275512216914	0.3847970427286864	0.4608754060496223
0.1539206309753255	0.38378314253099166	0.46229622649368296
0.15382989712369036	0.38414137527926107	0.4620287275970487
0.1539947137857095	0.3844238326732781	0.46158145354101254
0.1547044743897225	0.3842146125620936	0.461080913048184
0.1547515866243661	0.38369862711363156	0.46154978626200244
0.15356565143358186	0.38460690336752895	0.4618274451988893
0.15324979370500147	0.38499985843180184	0.4617503478631968
0.15391056945713316	0.38364078696678094	0.462448643576086
0.15285470882406593	0.3846958339827359	0.4624494571931983
0.15392469439226442	0.38395835003386186	0.4621169555738738
0.15284302492658378	0.3849124263209417	0.46224454875247467
0.15359004398933956	0.38430236463910045	0.4621075913715601
0.15384320363663256	0.3849198610167794	0.4612369353465882
0.1544429782762337	0.3836394155500813	0.4619176061736851
0.15350797853155046	0.3841328907727989	0.4623591306956508
0.15327767879040877	0.38463684772520884	0.4620854734843825
0.1545729254914729	0.38423875140216696	0.4611883231063603
0.15470648202730491	0.3836483663825724	0.46164515159012287
0.15475407467836266	0.38380126006833204	0.4614446652533054
0.15480641595371789	0.3838218463412454	0.46137173770503687
0.153752978376087	0.3842556216896607	0.4619913999342524
0.15445647672512952	0.38384049132633935	0.46170303194853124
0.15397870395989008	0.38450861343214926	0.4615126826079608
0.1544239153407091	0.3844056157506194	0.46117046890867164
0.1529373362319607	0.38463847097244164	0.4624241927955977
0.15362864703457854	0.3847879131593493	0.4615834398060723
0.15446989012510204	0.38420012059941666	0.4613299892754814
0.15468579350055978	0.38416064643115744	0.4611535600682829
0.15453954228522865	0.3840438816950497	0.46141657601972175
0.15355008080113414	0.38387504129422495	0.462574877904641
0.15482774267424787	0.38421372852970387	0.4609585287960484
0.15481669025512745	0.38390723256537396	0.4612760771794987
0.15491428787604672	0.38397563093261733	0.461110081191336
0.15385633112552713	0.3840825614357871	0.4620611074386859
0.1532974902302724	0.38497008750687595	0.4617324222628517
0.15304355455575774	0.3848168717796689	0.4621395736645735
0.1536712180540011	0.3840677554743252	0.46226102647167383
0.1545555121186996	0.38361612023116315	0.46182836765013735
0.15475454960764107	0.3837650350026572	0.46148041538970186
0.15336687013853093	0.3842317608965593	0.46240136896490985
0.15484062317146596	0.38359538451812636	0.46156399231040784
0.15462041377525665	0.3836797879389944	0.4616997982857491
0.15451952132558072	0.38438890188976566	0.46109157678465373
0.15392115277549834	0.3845882830430194	0.4614905641814824
0.15295519882040415	0.3849346899435213	0.4621101112360747
0.1534671919251892	0.3846352549381412	0.46189755313666964
0.15350229179819125	0.38422263720847954	0.4622750709933293
0.15442028133763638	0.3845070267582985	0.46107269190406525
0.15384201344157114	0.3844794561897922	0.4616785303686368
0.15367165195847135	0.3845504451698788	0.46177790287165
0.15425317055366294	0.3842845598916921	0.46146226955464514
0.15415069999581188	0.38428035322679677	0.46156894677739146
0.15414882875314362	0.3841931876721031	0.46165798357475346
0.1543272111753884	0.38404222884133576	0.46163055998327596
0.15364349542116357	0.3847897903541195	0.46156671422471707
0.1536383767187033	0.3841682473275145	0.46219337595378235
0.1539052864454986	0.38479937599450165	0.46129533755999985
0.15321412061628012	0.3850098708622044	0.4617760085215156
0.1550452259469371	0.38366298280783107	0.461291791245232
0.15387871244313842	0.384424170170492	0.46169711738636965
0.15429082692775647	0.38384956642551293	0.46185960664673065
0.15465900660113024	0.38364394721474665	0.4616970461841232
0.15413957613093204	0.38370204448644507	0.462158379382623
0.15421579013994696	0.38375087427606946	0.4620333355839837
0.15477267035546624	0.3839582811027519	0.46126904854178197
0.15390357164948104	0.3850438292083468	0.46105259914217234
0.1541524873010885	0.384991443406691	0.46085606929222056
0.15360571545757337	0.38487513452831035	0.46151915001411636
0.15363114806141526	0.3838428220443867	0.4625260298941981
0.153748896535419	0.3838755491738598	0.4623755542907213
0.15367562631684956	0.3845432246785207	0.46178114900462985
0.15382436952917605	0.3847374534795931	0.46143817699123096
0.1545484867802493	0.3839799571670246	0.4614715560527262
0.15402985794807017	0.38455284566895226	0.4614172963829777
0.154171385584102	0.38411270044789636	0.4617159139680017
0.15369797672010216	0.3839133926076491	0.4623886306722488
0.15368503177717174	0.3845110760817392	0.4618038921410892
0.15350202981333597	0.38442947144610506	0.46206849874055905
0.15340534822294377	0.38442752734317787	0.4621671244338785
0.15490750097699602	0.3838368950639774	0.4612556039590267
0.15432198960411758	0.38482668443991225	0.46085132595597034
0.15373810509565689	0.38487066482315835	0.4613912300811849
0.15328850759035112	0.3843736969007295	0.4623377955089195
0.15349719323050362	0.384865377512375	0.4616374292571215
0.15446773976471714	0.38426460009269153	0.46126766014259146
0.15363468005054917	0.384218808550551	0.4621465113988999
0.1539882403772485	0.3849458578312228	0.4610659017915288
0.1548458046650706	0.3837913420540631	0.46136285328086635
0.1545068472220737	0.38427829157307003	0.46121486120485633
0.1530459300094133	0.3849648005403109	0.4619892694502759
0.15301106773284384	0.38443182052063557	0.4625571117465207
0.15294108311251403	0.3848533493329611	0.46220556755452497
0.1540987276078864	0.3842160531230799	0.46168521926903383
0.15327011030081672	0.38434372102342856	0.4623861686757548
0.1547304840489797	0.3841925493050076	0.4610769666460128
0.15458144227495124	0.3836346652063548	0.461783892518694
0.1538106618313296	0.3840894743084756	0.4620998638601949
0.1528726838895818	0.38469673557570566	0.46243058053471264
0.15393614268873101	0.3839764763130056	0.4620873809982636
0.1541147874949294	0.3837446258275095	0.4621405866775612
0.15410450539942988	0.38498424064514175	0.4609112539554285
0.15339797860398485	0.3843061873339793	0.462295834062036
0.15448617863399308	0.38435267374007775	0.46116114762592925
0.154244627678432	0.3847775788254791	0.46097779349608903
0.15503093179783117	0.3839255343249004	0.46104353387726854
0.15315525698099375	0.38471809008798385	0.4621266529310225
0.15300366508043256	0.3848360972171358	0.46216023770243175
0.15430787974540408	0.3847487607495467	0.4609433595050493
0.15383691751692266	0.38473385461878923	0.4614292278642882
0.1540685675166943	0.3836057736383363	0.4623256588449695
0.15452302456916206	0.3842302121908021	0.461246763240036
0.15302399649500759	0.38474478615558355	0.462231217349409
0.15431340829557283	0.3838836796910028	0.4618029120134245
0.15489659081790536	0.38421942219990196	0.4608839869821928
0.15416917760001056	0.3845990686279399	0.4612317537720496
0.15383901643615722	0.384621451656174	0.46153953190766883
0.15405614743983898	0.384775558994786	0.46116829356537514
0.15335519993150915	0.3849651125155007	0.46167968755299027
0.15443363386803344	0.3837051900801151	0.4618611760518516
0.15351708299475558	0.3850211640964725	0.46146175290877206
0.15343850443814921	0.3843089257085934	0.4622525698532575
0.1548808307210974	0.38424982643122	0.46086934284768266
0.15419195237717237	0.3836985455284739	0.46210950209435386
0.15363639167867427	0.3843330948014377	0.46203051351988816
0.15415709598611346	0.3848938825530519	0.46094902146083483
0.15454940907534842	0.3842940140535125	0.4611565768711392
0.15395645549971418	0.3843255754316549	0.46171796906863105
0.15387255969653868	0.3835906894303384	0.46253675087312307
0.154150383125587	0.3836638311536826	0.46218578572073055
0.15350753869208072	0.38403592435569583	0.46245653695222355
0.15306453745983378	0.3849025571204276	0.46203290541973874
0.15459126509998852	0.3844729405011715	0.46093579439884014
0.15353743682618792	0.38413744456181365	0.46232511861199854
0.15366318858363295	0.3840739774188956	0.4622628339974716
0.15378565995086885	0.38380342201907164	0.4624109180300596
0.15394902542271433	0.38409694165341035	0.46195403292387544
0.1550673915278745	0.38387509781880863	0.46105751065331696
0.15363754884018327	0.3840697901577883	0.4622926610020286
0.15373553049469774	0.3846787075198139	0.4615857619854884
0.1547666093777907	0.38437897814528765	0.4608544124769218
0.15440151867211088	0.38419519830123616	0.46140328302665307
0.15507491619614527	0.3837053321463775	0.4612197516574774
0.15400121881120743	0.3845139362063497	0.461484844982443
0.15343194106037156	0.3842266490148717	0.46234140992475686
0.15498028649092233	0.3838723592645133	0.46114735424456454
0.15490336233644253	0.3837056291523857	0.4613910085111719
0.15485811099197377	0.38361583297613105	0.46152605603189534
0.1539517305783265	0.3841082117522396	0.461940057669434
0.15333113390072367	0.38441298292143905	0.4622558831778374
0.154066159966464	0.38473488046372567	0.46119895956981044
0.1537645610187517	0.38486093887131156	0.46137450010993686
0.15388620101696732	0.38479926594439473	0.46131453303863806
0.15419670517526057	0.3842549985923989	0.4615482962323406
0.15459830908439443	0.3835819614157239	0.4618197294998817
0.15333444444310668	0.3842509704689743	0.46241458508791916
0.15304559527793507	0.384512266102752	0.46244213861931305
0.15438724017881839	0.38440855347675223	0.4612042063444295
0.152943369533077	0.3845543358419351	0.46250229462498804
0.15426118650564685	0.38478710046992837	0.4609517130244249
0.15354471209005166	0.3848451284182205	0.46161015949172796
0.15450451144293398	0.38365010405237004	0.46184538450469614
0.15479451036515313	0.3839320724239935	0.46127341721085346
0.1538138957009126	0.3838644137655975	0.46232169053349004
0.15502600322940596	0.3840028177501733	0.4609711790204209
0.15486300924998192	0.38379332285338413	0.46134366789663406
0.15429029636729383	0.38375852886636425	0.46195117476634207
0.15351124766677077	0.3848342781156153	0.46165447421761396
0.1543749592806049	0.3845167953284163	0.46110824539097883
0.15347032155152318	0.3842302762278696	0.4622994022206074
0.1542701813376603	0.3840301886584947	0.4616996300038451
0.15314158561606842	0.3845281559787985	0.4623302584051332
0.1542338113360957	0.38479636425941055	0.46096982440449386
0.15357421254531972	0.3841064278325837	0.4623193596220967
0.15445488429914106	0.38459822607535626	0.4609468896255028
0.15378511535626652	0.38439344347024906	0.46182144117348456
0.15374402871149156	0.3840982503144902	0.4621577209740184
0.1539512270669396	0.3841550853935275	0.461893687539533
0.15319506741356714	0.3848013096778901	0.46200362290854285
0.1541463489014283	0.38499343391761043	0.4608602171809614
0.15367670769515313	0.3841579692855022	0.46216532301934476
0.15463151525008625	0.3842929285749346	0.4610755561749793
0.15431444956740714	0.38468857369065446	0.4609969767419385
0.1547019249484093	0.38429694105844253	0.4610011339931483
0.15293135899205193	0.3845670236914504	0.4625016173164978
0.15431740536419963	0.3840002382619996	0.4616823563738009
0.15398204412941013	0.38420168439892843	0.46181627147166154
0.15478135083895397	0.3841537330815077	0.4610649160795385
0.15388755312389896	0.3847264152116006	0.46138603166450054
0.1535591427492034	0.3848996797358928	0.461541177514904
0.15316345345460652	0.38448884012901324	0.46234770641638034
0.15345948012464394	0.3844763196140522	0.462064200261304
0.15403026734797104	0.38367737429368237	0.4622923583583467
0.15423068373618518	0.3842600395185012	0.4615092767453138
0.15372277921511512	0.38498344243256194	0.4612937783523231
0.1543584312139115	0.3841802027455392	0.46146136604054944
0.15356421661027508	0.3843434534330061	0.46209232995671895
0.15420894260710488	0.3841651784700143	0.461625878922881
0.15347496091900076	0.38467386061789444	0.4618511784631049
0.15441079332629476	0.38397102768134095	0.46161817899236446
0.15344445150284647	0.38469311497235503	0.4618624335247986
0.1539223140578283	0.3841948760825497	0.4618828098596221
0.15449325972332917	0.3837906117383144	0.46171612853835653
0.1542578998182219	0.38451091085042965	0.46123118933134855
0.1544583105240394	0.3845364984830145	0.46100519099294623
0.15315545079941092	0.38432334650866323	0.462521202691926
0.1547389216381469	0.3840374936942537	0.4612235846675995
0.15419636310664955	0.38358682446161774	0.46221681243173285
0.15412266188662002	0.3839057406149301	0.46197159749844996
