0.14946383840523722	0.37982307679047966	0.4707130848042832
0.1481693786973681	0.3824033321839419	0.46942728911869014
0.14817392491106895	0.3933933378584374	0.45843273723049377
0.15333965679562217	0.3867448412535393	0.45991550195083863
0.156305018970179	0.3809563584765535	0.4627386225532676
0.15609821757141557	0.38393813823420164	0.45996364419438285
0.14342168175719366	0.39248130408931187	0.4640970141534946
0.14255465533214298	0.39328596768061297	0.4641593769872442
0.16264648685711153	0.3813277139811471	0.45602579916174146
0.13636463622479536	0.39376815232303464	0.46986721145217014
0.14446916235576718	0.39434822918431744	0.46118260845991554
0.15066438233150584	0.3917627722705473	0.45757284539794696
0.15723210751442518	0.38508318065037334	0.45768471183520165
0.1551118059554334	0.3803758099560933	0.4645123840884734
0.14170914183792677	0.38914860764408843	0.4691422505179849
0.15395540507411604	0.38975178451866305	0.45629281040722103
0.16297180138362555	0.38134680351249334	0.4556813951038813
0.15562723479837393	0.3875326810499111	0.45684008415171506
0.14588293390968962	0.3941438252145726	0.45997324087573793
0.16412652371671627	0.380141488206247	0.4557319880770369
0.14302834846866838	0.39335167219920036	0.4636199793321314
0.15172208685304672	0.3862260903503636	0.4620518227965898
0.1465661256553878	0.3874487685278499	0.46598510581676245
0.1569321501754296	0.38384817683123623	0.45921967299333427
0.15002545154062547	0.38868347797719766	0.461291070482177
0.15041525475746728	0.3819061581159763	0.4676785871265566
0.1393089595130839	0.39364042053425546	0.4670506199526608
0.1433727006952678	0.39225896116530284	0.46436833813942946
0.15343828202161935	0.38708086185565677	0.45948085612272394
0.15655032064263355	0.38554784685833493	0.45790183249903166
0.14598942722282954	0.3927347669072327	0.4612758058699379
0.1429562737282258	0.3865307564817394	0.47051296979003493
0.15172984432278808	0.3913324056676446	0.45693775000956743
0.15776811606012675	0.3837823292895293	0.45844955465034404
0.14904960165623649	0.3877143755491206	0.46323602279464304
0.14810741896753765	0.3925724476975646	0.45932013333489785
0.1427432460226867	0.3915461982151067	0.46571055576220666
0.14458347483763573	0.38642422864072024	0.46899229652164415
0.1471311158723928	0.39435103463965593	0.4585178494879514
0.13940346182921978	0.3902519539313366	0.4703445842394437
0.153274977407071	0.3867966551470053	0.45992836744592386
0.1457539704569516	0.39280164218197694	0.46144438736107163
0.14930027452511951	0.39359113202413215	0.45710859345074845
0.1419084644652456	0.39192306418357037	0.4661684713511841
0.1449432504140043	0.3871403597910481	0.4679163897949477
0.14048005971183325	0.3914787360529751	0.4680412042351918
0.15486738203526684	0.3891891238157005	0.4559434941490328
0.15542504233989954	0.39040981532022034	0.4541651423398802
0.14326061425794007	0.3929226324088533	0.4638167533332068
0.1579808620144164	0.38593126619715373	0.45608787178843
0.14425565683100602	0.39138537455585515	0.46435896861313897
0.1476723325723349	0.38462531480603523	0.46770235262162996
0.14123781593717133	0.3931770959141232	0.4655850881487056
0.1449430259454908	0.3913395342414754	0.46371743981303387
0.1559000140531167	0.3876400693698517	0.4564599165770317
0.14321236419068345	0.3861145498578957	0.470673085951421
0.14677602200302012	0.3947735449981627	0.45845043299881727
0.1482923016337802	0.39000971157344905	0.46169798679277085
0.16214323603083197	0.38358792089309096	0.4542688430760772
0.14916353207457309	0.3825387281166962	0.4682977398087308
0.15457150050613738	0.3907410863914873	0.4546874131023754
0.15557633729369777	0.3893348670903844	0.455088795615918
0.138695904032674	0.3919665841035449	0.46933751186378125
0.1465098741335259	0.3937867463225552	0.459703379543919
0.15792146123696355	0.387765080597649	0.4543134581653875
0.14216047596165304	0.39148464121380044	0.4663548828245466
0.14937674924193234	0.38719189531260784	0.46343135544545994
0.15557415307982525	0.3843179536527627	0.4601078932674122
0.15764839736237105	0.381309676482204	0.4610419261554251
0.15238047223294376	0.38783036867396814	0.45978915909308826
0.14860569298645254	0.3923002077688982	0.4590940992446494
0.1524722780734481	0.38610501499889205	0.46142270692765996
0.1420768313002796	0.3872382668163037	0.4706849018834169
0.14868364229612574	0.3931040154136928	0.4582123422901816
0.15533220414227455	0.384845492339541	0.45982230351818454
0.1599778815309314	0.38112659487066974	0.458895523598399
0.13667708103541537	0.3925604880275394	0.4707624309370454
0.1416407073284869	0.3901366371910378	0.4682226554804754
0.15488652720060736	0.38509889806975517	0.46001457472963764
0.14318085553472742	0.3894305654102936	0.4673885790549791
0.15738267810733123	0.38351978270423376	0.4590975391884351
0.15434278316843628	0.3855273640153443	0.4601298528162195
0.1475848019321305	0.3905997811485335	0.46181541691933614
0.1599493822595481	0.3816746397302345	0.4583759780102175
0.15025387654721026	0.3916694434285032	0.4580766800242867
0.14876797119829627	0.39265020879236123	0.45858182000934267
0.1479513840706483	0.38167985657586895	0.4703687593534829
0.1531934588163397	0.38048693540899786	0.4663196057746626
0.14469738276742267	0.38846995289500036	0.4668326643375771
0.14238962658003307	0.3921035621273884	0.46550681129257865
0.15535460629863762	0.38187614328529496	0.46276925041606753
0.1526948600728577	0.3927308612073186	0.4545742787198238
0.16150093479117714	0.37949088564251254	0.45900817956631046
0.14134103273189863	0.39390934805744426	0.46474961921065727
0.16262769134723032	0.37998786983602434	0.4573844388167455
0.1497369188596152	0.3843558153788988	0.4659072657614861
0.15154206108196647	0.3840986963018723	0.46435924261616135
0.15083209784212837	0.3810236986634489	0.4681442034944228
0.152376563736896	0.384867876366931	0.4627555598961731
0.1527333474626315	0.3898248499663183	0.4574418025710504
0.1447632002412766	0.38889956366515827	0.46633723609356525
0.15729109548541076	0.38435109222810276	0.4583578122864866
0.15499511957545986	0.39042713175887855	0.4545777486656617
0.14909139665984997	0.3927801684665862	0.45812843487356397
0.15391281676019936	0.3809465850311866	0.46514059820861414
0.13853244580263774	0.39274230236716606	0.4687252518301963
0.14366643221595915	0.38968787559221946	0.4666456921918215
0.1461837772127581	0.3852146794495959	0.46860154333764603
0.15071868956195328	0.3826084490081455	0.46667286142990133
0.13904507120275955	0.391198760708548	0.4697561680886926
0.14829269189069827	0.3885995042269288	0.46310780388237305
0.14350602296983805	0.38886132228546655	0.4676326547446955
0.15239866437397792	0.3879755275731165	0.4596258080529057
0.15340137243180135	0.38974275142764353	0.45685587614055523
0.14835252631833307	0.3942594049671374	0.45738806871452964
0.1527699327878238	0.3872327000067632	0.4599973672054132
0.1456704988651487	0.3861236652709784	0.46820583586387304
0.1468848973841221	0.3936571534445726	0.45945794917130545
0.14975478573151968	0.3857956079336078	0.46444960633487264
0.1534181229697708	0.3813727073695775	0.4652091696606518
0.15763960283978262	0.3830813300692592	0.4592790670909583
0.14788018316999865	0.3945006963428509	0.4576191204871506
0.15537198392627202	0.3876330303112676	0.45699498576246045
0.148991888150646	0.3908377189652651	0.460170392884089
0.14861957707536466	0.39262762608933577	0.4587527968352997
0.15615937706204908	0.38934546981203366	0.4544951531259174
0.1398367708574388	0.3922081721733732	0.46795505696918804
0.14464982556293887	0.38709267194610225	0.468257502490959
0.1424408425710545	0.3889805890914503	0.4685785683374954
0.15066999654805202	0.3883034061219751	0.461026597329973
0.14869266075151094	0.38932543811686066	0.4619819011316285
0.1464113395672951	0.3862752237347728	0.46731343669793224
0.14244789516333212	0.38810784549524424	0.46944425934142375
0.15125213093735565	0.38574678848703436	0.46300108057561007
0.14882266335833222	0.3853699413190451	0.4658073953226227
0.15050954961762775	0.3903921907002586	0.4590982596821138
0.1417456891770479	0.3877559928175575	0.47049831800539466
0.1360293516285419	0.393235360905569	0.4707352874658892
0.137643754916002	0.39213969209097893	0.47021655299301923
0.14916669330245602	0.38317537397690843	0.4676579327206357
0.1546624893080688	0.38900696016357705	0.45633055052835425
0.16424116900829228	0.379583846233127	0.4561749847585808
0.15501127856633878	0.38987373306275036	0.45511498837091097
0.15168575158270048	0.38169513316057563	0.46661911525672395
0.1492944724425842	0.3884552599623668	0.4622502675950491
0.1524501658826739	0.3893911627331728	0.4581586713841534
0.14521860692483712	0.39080606570577553	0.4639753273693875
0.14883626515550424	0.38078957438280475	0.4703741604616911
0.138595074038751	0.3918246130725588	0.46958031288869034
0.1379459920440257	0.39355179285771696	0.4685022150982575
0.1413938809228797	0.39444945524025665	0.46415666383686377
0.15196583135026737	0.38380148634861616	0.4642326823011166
0.14778250893047581	0.3823058437927658	0.46991164727675855
0.1434420200946339	0.3930873058459875	0.4634706740593787
0.14694548968342008	0.3821690665015983	0.4708854438149817
0.1595828788081731	0.38292740783916884	0.4574897133526582
0.1601032899521661	0.38212998198429454	0.45776672806353946
0.15334799034701685	0.38615908348857064	0.46049292616441256
0.15280838894826243	0.39295656725668243	0.4542350437950553
0.1475867307637893	0.38134555402732556	0.47106771520888524
0.13709885757685242	0.39354016198394787	0.4693609804391998
0.14319999873513206	0.3933203497964501	0.46347965146841796
0.1577316008346548	0.38247131499482606	0.45979708417051923
0.14274509905854055	0.39443237297956624	0.4628225279618934
0.15949031645940237	0.384547545539324	0.4559621380012737
0.15524363938220037	0.3891015804729529	0.45565478014484684
0.14680114413926382	0.38380811025755496	0.46939074560318134
0.1486039707085111	0.39429117292002946	0.4571048563714596
0.13983735481068088	0.3940631361582231	0.4660995090310962
0.15456745531732485	0.3798987348853827	0.46553380979729253
0.15720519474937045	0.3820547116801989	0.4607400935704308
0.13807709462928683	0.3922792232472223	0.469643682123491
0.1384008746115361	0.3907894847534833	0.47080964063498076
0.14452811479478045	0.38512116229359356	0.4703507229116261
0.15418412754787691	0.38775229421435764	0.45806357823776556
0.14364469957010514	0.38867961809957663	0.4676756823303183
0.15031696750298895	0.3827212383689276	0.46696179412808364
0.15616974519144272	0.3871373774936521	0.45669287731490527
0.14419402220163707	0.3924125854563991	0.46339339234196397
0.1441611179297605	0.3913423460426044	0.4644965360276352
0.14611490657366072	0.3929701705474029	0.4609149228789365
0.1638630021281831	0.3801046839739891	0.45603231389782783
0.14199376432388605	0.39439203726760386	0.46361419840851026
0.14862782149867632	0.38766643609392903	0.46370574240739476
0.1572254904835657	0.37976982882098476	0.46300468069544964
0.14821876824032165	0.39010056311620644	0.46168066864347207
0.14225968759453683	0.3929471860331291	0.46479312637233416
0.16028449432476205	0.3852514267910531	0.45446407888418494
0.1468267998865207	0.39380401936468357	0.45936918074879585
0.1419863162638078	0.39081993265868853	0.46719375107750377
0.14625811909307784	0.38824006488534923	0.46550181602157303
0.1564276173134011	0.3800364658948452	0.4635359167917539
0.14967033178955896	0.38158688771114135	0.46874278049929985
0.15442131059367648	0.38262507553788777	0.46295361386843586
0.13980068934893264	0.39178715705833483	0.46841215359273264
0.1547071800705342	0.3870434443164656	0.4582493756130003
0.15282752683471879	0.38136265956911364	0.4658098135961677
0.16163123992581385	0.38050148660239536	0.4578672734717909
0.13901502642929042	0.39276866308530356	0.46821631048540613
0.1488277756208879	0.3830057763400401	0.4681664480390721
0.14907084293258321	0.39434671948344097	0.45658243758397593
0.13820891585825246	0.3917390454355727	0.47005203870617496
0.14017077720103377	0.39017174139778066	0.46965748140118574
0.1426998487597458	0.3907296224218221	0.4665705288184322
0.14539139814763474	0.39000584605606226	0.4646027557963031
0.1394773147327038	0.3906170641437174	0.4699056211235789
0.15476057374997654	0.3887774982203345	0.4564619280296891
0.15445804958358877	0.38056457319019243	0.4649773772262189
0.14568425124170375	0.3945435276099097	0.4597722211483867
0.14005084240448407	0.39324148115623137	0.4667076764392847
0.15119183857654328	0.3880773022463377	0.4607308591771192
0.1540729373012722	0.38544316095560016	0.4604839017431278
0.1517796926456468	0.39100901940040983	0.4572112879539435
0.13828545009695023	0.3940155644461634	0.46769898545688643
0.14928252939765008	0.37976122146656954	0.4709562491357805
0.15961651610271815	0.38045920010298384	0.45992428379429817
0.15097488649044816	0.38926125262834704	0.4597638608812049
0.13867140618000107	0.39214343630859116	0.4691851575114078
0.16071349316293101	0.38009602522951036	0.4591904816075587
0.1459013976146229	0.38609696279121475	0.4680016395941625
0.143524533993992	0.3944514166970443	0.4620240493089638
0.16100718330784092	0.38313195370578174	0.4558608629863775
0.1518835202672127	0.3879180858639749	0.46019839386881256
0.153032391039087	0.38358631268875926	0.46338129627215385
0.14925322237193064	0.3877350351229957	0.4630117425050738
0.15712296037260648	0.383998764947909	0.4588782746794846
0.15219142856567175	0.39277523498078176	0.4550333364535466
0.14727049820015242	0.3880757476987563	0.4646537541010914
0.15893454870568763	0.3837599099225049	0.45730554137180757
0.14482762849540498	0.3939966773273746	0.4611756941772206
0.14649930547439427	0.38920453252197174	0.4642961620036341
0.15065219773717156	0.38617957925705537	0.46316822300577315
0.15783946009896316	0.3866940889127338	0.45546645098830313
0.15452685523864124	0.38170238185161764	0.46377076290974123
0.13805057254723246	0.39315379940411016	0.4687956280486575
0.15654756244417165	0.3889976895298392	0.4544547480259893
0.15605949472480385	0.38203972287385546	0.4619007824013408
0.13887687745949262	0.39176444674383676	0.46935867579667073
0.14753742705118444	0.3868795579847202	0.4655830149640955
0.14719838768246257	0.3935733052553967	0.4592283070621409
0.1551702957513822	0.38157239158204226	0.46325731266657566
0.16101631378256137	0.37946998749387534	0.4595136987235634
0.1611195343906964	0.38114310260732437	0.45773736300197937
0.14919343438854482	0.39219308836486916	0.4586134772465862
0.1529294362441297	0.38547815849739847	0.461592405258472
0.14359159992236606	0.3887844359818152	0.46762396409581886
0.15971051056597602	0.38463963919488625	0.45564985023913784
0.14677732869492288	0.3912788205793414	0.46194385072573585
0.14506780876890532	0.3856047541225359	0.46932743710855884
0.15530243346617795	0.3832327586937422	0.46146480784008
0.15207890905317753	0.39171904687646875	0.45620204407035386
0.1603282306917298	0.3814443279879152	0.4582274413203551
0.14826342745715684	0.3860868809522955	0.4656496915905478
0.14351918214597284	0.38763047516894494	0.4688503426850823
0.15545227826824468	0.3822088055332381	0.4623389161985173
0.15164195002837355	0.39282664977700704	0.4555314001946196
0.15349491826264472	0.380342610286661	0.4661624714506944
0.155979997220405	0.3795784230347	0.46444157974489514
0.15475467826284153	0.3811773214988397	0.46406800023831885
0.15079260416043228	0.37944417726031865	0.4697632185792492
0.15710400982856138	0.3883731461147542	0.4545228440566845
0.15703767587060746	0.3795568631926646	0.4634054609367281
0.13844698228429347	0.3939614017918706	0.467591615923836
0.1516172712957436	0.38194284070976026	0.4664398879944963
0.1396146181658902	0.39021337769601444	0.47017200413809546
0.15615874906861532	0.38415510975123107	0.4596861411801537
0.15569691099424665	0.38668771788168327	0.4576153711240702
0.14278841202537257	0.38991436802336227	0.4672972199512653
0.1620644843672804	0.38069023690135095	0.4572452787313687
0.14546441434494606	0.3845480021990905	0.46998758345596353
0.15680287189192899	0.3883394179893414	0.4548577101187297
0.1560712193889796	0.38700406499071266	0.45692471562030784
0.1580065043649578	0.3808922809359743	0.461101214699068
0.14639392722206404	0.39220284393012744	0.4614032288478086
0.14648804730833792	0.39259398143128915	0.46091797126037304
0.1532979996611279	0.3896493418706131	0.4570526584682591
0.14705535039112377	0.3940291503415132	0.45891549926736314
0.14330661236444006	0.38690977555394446	0.4697836120816156
0.1439616301049012	0.39325707189319886	0.46278129800190004
0.14635527211942578	0.38324647680160256	0.4703982510789718
0.153054892458724	0.39256374048710635	0.45438136705416976
0.15745634096984526	0.3812525674190862	0.4612910916110686
0.15202524100135079	0.3867980292552187	0.4611767297434306
0.1461765976470089	0.3863341933902913	0.46748920896269996
0.14587009012153596	0.3928467777371011	0.4612831321413631
0.15286760225127222	0.38412896222756143	0.46300343552116646
0.15406524091021434	0.3827127139914389	0.46322204509834686
0.16235356910107313	0.38021723157477894	0.4574291993241481
0.14855049144243906	0.39410118970045654	0.45734831885710453
0.15389624032739413	0.384704116499247	0.4613996431733589
0.144920227699251	0.3849920232475158	0.47008774905323336
0.15867940368363315	0.38722026543298155	0.4541003308833854
0.14885343016972563	0.3909575109129598	0.46018905891731465
0.155787564851109	0.38749626635306145	0.45671616879582966
0.14920505755033625	0.38155317021371327	0.4692417722359506
0.14982592165697156	0.39043815306049323	0.4597359252825354
0.16389204605928245	0.38185384639459263	0.45425410754612505
0.15210016089253012	0.3864549444126923	0.46144489469477773
0.13968742162291797	0.39194262733417523	0.4683699510429069
0.1486970362393973	0.3921600714216241	0.4591428923389787
0.1468113292501811	0.3888372392689518	0.4643514314808672
0.16284309049223178	0.38203640107492376	0.4551205084328446
0.14329078451803992	0.38982282978056726	0.46688638570139296
0.16108055315869435	0.3809649861034544	0.4579544607378513
0.14256483647869322	0.39469407008360036	0.4627410934377066
0.15423281380890605	0.3813628228404785	0.4644043633506155
0.15899391163965398	0.386052877649695	0.45495321071065115
0.15130674503914818	0.3910936096580474	0.45759964530280456
0.14673381581594386	0.38235148598071916	0.47091469820333715
0.1581681224014984	0.3843139950992976	0.4575178824992041
0.16280509259787468	0.38286490724683314	0.4543300001552923
0.14375292625917097	0.3894758131684517	0.4667712605723775
0.16219633832027736	0.38176450559079167	0.45603915608893103
0.1373753151254967	0.3927589504929653	0.4698657343815381
0.14631464117534573	0.38315856518099983	0.4705267936436546
0.14422894541128045	0.3888498151407354	0.46692123944798425
0.1452408673887276	0.3911388956135444	0.4636202369977281
0.16428801089868816	0.3810891528372237	0.4546228362640882
0.1499686377657919	0.3934134137614582	0.45661794847275
0.13824448653755755	0.3934195334792958	0.46833597998314674
0.14337517315944726	0.3882462624924192	0.46837856434813363
0.1540373720479072	0.38687535219155206	0.45908727576054087
0.16397552316097974	0.3810701731876316	0.4549543036513888
0.1623704599421803	0.3805738596807849	0.4570556803770349
0.153159819352356	0.38516328444969805	0.46167689619794605
0.14417127281915032	0.38508733992253735	0.4707413872583125
0.1581975856536485	0.3845465407344693	0.4572558736118823
0.14669570647318303	0.38243766793766165	0.47086662558915543
0.14544196470307663	0.3874106324804202	0.46714740281650324
0.15290439564150138	0.38585459172962266	0.4612410126288761
0.14406271627406197	0.3918665401497489	0.46407074357618916
0.14103995879772957	0.39289002313086896	0.46607001807140164
0.1457916096764033	0.39434681521389997	0.45986157510969683
0.15959947170400235	0.38140188371508327	0.45899864458091455
0.14380326152582174	0.38551035171226555	0.47068638676191277
0.14561628613156752	0.3893444617420782	0.46503925212635444
0.16317184147333813	0.3816215211583013	0.45520663736836076
0.14391498041381454	0.3926434276456031	0.46344159194058243
0.1504152625987077	0.38983534047492474	0.4597493969263676
0.15145894027165707	0.3807582743473986	0.4677827853809444
0.15172644760861095	0.38804572978703467	0.46022782260435446
0.15248574402308385	0.3902483718690189	0.45726588410789737
0.1471789949614949	0.38507108576615195	0.46774991927235327
0.15522546850216312	0.3858221877436266	0.45895234375421035
0.1479356773935857	0.3846205619077219	0.4674437606986925
0.16291273472617557	0.3796259429523157	0.4574613223215088
0.1476680058357492	0.3902143518250003	0.4621176423392506
0.14887256659519862	0.3890096416202155	0.462117791784586
0.15485939252806138	0.3825375682292311	0.4626030392427076
0.14550647900540248	0.38352967073502725	0.47096385025957044
0.15387268340404525	0.38301943064758287	0.463107885948372
0.1460933948755816	0.3909790471908496	0.46292755793356893
0.14749030456873632	0.39115766828812093	0.4613520271431429
0.13951116414741244	0.38945806139050526	0.4710307744620824
0.15196551963221208	0.3796612997782791	0.46837318058950894
0.14589889348621687	0.3887740110311978	0.46532709548258544
0.1478731638633694	0.3851012151046078	0.4670256210320229
0.15050604384226235	0.3892047485546114	0.46028920760312636
0.1599782562323389	0.38268956040760604	0.4573321833600552
0.1528463311359332	0.3803874316535815	0.4667662372104854
0.1596307264439255	0.38327542956275046	0.45709384399332414
0.1515914638222947	0.38154961452320485	0.4668589216545006
0.1540391742923251	0.3815761851708466	0.4643846405368284
0.14427841731484634	0.38940304180381907	0.46631854088133473
0.13844677901994046	0.3908684727401226	0.47068474823993706
0.14796781137970916	0.39223499258281586	0.4597971960374751
0.1483881051988516	0.3909619010556037	0.46064999374554483
0.14553856550720481	0.38420618044114235	0.47025525405165297
0.15246872817055773	0.38691892212971746	0.4606123496997249
0.14747325924874144	0.3899520633612159	0.46257467739004277
0.14078123381556917	0.3946871040803531	0.4645316621040778
0.14960671625808963	0.39202092851815706	0.4583723552237534
0.14971276414449625	0.3812693318888873	0.4690179039666166
0.14113418682027556	0.3897521263910611	0.46911368678866344
0.13826472048868388	0.3945382662277273	0.467197013283589
0.1387621105870907	0.39313333684581786	0.4681045525670916
0.14452864691948936	0.38850087257306537	0.4669704805074454
0.15085066179323386	0.3867905183844879	0.46235881982227833
0.13635913984881995	0.39463652481337413	0.46900433533780606
0.1465145269707394	0.3892687973049031	0.4642166757243576
0.14934631915692026	0.3884964690053682	0.46215721183771163
0.1565050544664841	0.3891840741361395	0.4543108713973766
0.14932898934376	0.3854624244240658	0.4652085862321743
0.1532469206947227	0.39002790039900764	0.45672517890626974
0.14807117299005917	0.384093650972791	0.46783517603714997
0.16316553657955907	0.38123360488651037	0.4556008585339306
0.14692064589062637	0.39333113819709103	0.45974821591228276
0.14937416303059142	0.3920677933072727	0.458558043662136
0.15539432384587482	0.3797505796892948	0.4648550964648305
0.1592299846262652	0.3796021704558609	0.46116784491787405
0.14220687921046496	0.3892288686085683	0.46856425218096687
0.1508435103016343	0.39397116280556305	0.4551853268928028
0.1499581086701115	0.38116369523236937	0.46887819609751924
0.15447516593127353	0.3828182766161526	0.46270655745257394
0.13780245394088625	0.39351652144132254	0.4686810246177913
0.16043296478204733	0.3850824527793675	0.4544845824385853
0.1504287037000669	0.3925915118022949	0.4569797844976384
0.14712318423406168	0.39340730419479836	0.4594695115711401
0.15663375605225485	0.3801304680023694	0.4632357759453759
0.1492375245581301	0.3925034696551606	0.4582590057867094
0.1476806638635658	0.3923375848883132	0.45998175124812113
0.14197644165238837	0.38812903584422764	0.46989452250338415
0.1539902469836238	0.38721642914001403	0.4587933238763623
0.154803159662099	0.38819063117370656	0.45700620916419454
0.1491712272963594	0.3903202599624026	0.46050851274123816
0.15076136029824894	0.3946443369876203	0.45459430271413087
0.14762827357253983	0.39017214299524905	0.46219958343221124
0.14964573415829027	0.3803587742465788	0.469995491595131
0.1574408614185735	0.3800800014109762	0.4624791371704504
0.1402090523941701	0.3888937374607406	0.47089721014508945
0.15686588023708453	0.3821241710009644	0.46100994876195117
0.15870300600111717	0.3858068743251299	0.455490119673753
0.1540078412926254	0.38843414098322765	0.45755801772414706
0.14502886073179844	0.3909828941433328	0.4639882451248688
0.15495403714659675	0.38948685289674556	0.4555591099566578
0.15499772496097464	0.3895510900824732	0.4554511849565523
0.16126365165994372	0.3821659585320866	0.45657038980796977
0.1433514887757309	0.3877203836898123	0.4689281275344569
0.1359019644167325	0.3943164574693301	0.46978157811393756
0.14513317724938846	0.3914954468679256	0.46337137588268607
0.1588868702032566	0.38390337993919826	0.45720974985754526
0.14495139910286428	0.3912045166268338	0.463844084270302
0.1454632028335089	0.3865795406226148	0.46795725654387643
0.14841512290770753	0.3814701153497398	0.4701147617425528
0.15441002689155992	0.38672082484099074	0.45886914826744946
0.14828870227754753	0.39029750230421323	0.46141379541823935
0.14870512123168433	0.3835998295946027	0.4676950491737131
0.13978339365729142	0.39214708628309136	0.46806952005961733
0.16441255102651076	0.38098794293748867	0.45459950603600074
0.15157597331990513	0.3860639588802155	0.4623600677998795
0.14783850814665256	0.39477354000832954	0.45738795184501807
0.15298049708300057	0.38305817000042225	0.4639613329165773
0.13954983816110833	0.39269397764250313	0.46775618419638865
0.14381568666595224	0.39220800099550995	0.4639763123385379
0.13887093550036234	0.3901372635249196	0.47099180097471816
0.14523611578908707	0.386924246033902	0.467839638177011
0.1459569084345744	0.3848055909649427	0.46923750060048297
0.14830263355756707	0.3936493793383845	0.45804798710404854
0.1412187334956893	0.3897055521631377	0.4690757143411731
0.15112053563082622	0.3838045785958629	0.46507488577331096
0.1517581464461198	0.3818770940857973	0.4663647594680831
0.15063634195561112	0.39164255661634556	0.45772110142804345
0.15450061932964554	0.39021949174997894	0.4552798889203757
0.15376466736521227	0.3818780919736909	0.46435724066109696
0.15687476289722996	0.3875094493530687	0.45561578774970146
0.15049286783789434	0.3888520586452339	0.46065507351687185
0.15854579596311794	0.37941871872580774	0.46203548531107447
0.16420917522163686	0.38023847641125236	0.4555523483671109
0.14290129087555298	0.386938453728805	0.47016025539564216
0.15836067149606384	0.38465632150422086	0.45698300699971545
0.14731025458897895	0.3854161075999108	0.4672736378111104
0.16155071386839437	0.38277132066221453	0.4556779654693912
0.15541575540486618	0.3888145256364453	0.4557697189586886
0.16357180996179294	0.3817377330173482	0.454690457020859
0.1431990885332775	0.39138014063230725	0.46542077083441535
0.1594703144295297	0.38440751496469805	0.45612217060577237
0.14439184918615644	0.39165968552069147	0.4639484652931522
0.1530784424796502	0.3838830819961945	0.46303847552415545
0.15180392128929104	0.37949690489282045	0.4686991738178886
0.14983674216501075	0.3861014563804243	0.4640618014545651
0.14100868784703216	0.3890578323537019	0.46993347979926603
0.1473837336447273	0.38227693625913306	0.47033933009613976
0.15314738333266847	0.38536044943900477	0.46149216722832687
0.14534687043085823	0.39369008861902144	0.4609630409501204
0.15412019906736646	0.38011553002298337	0.46576427090965034
0.15090544827127314	0.38125331026280096	0.46784124146592604
0.1523013817359839	0.38768222925721463	0.46001638900680164
0.14886514328307734	0.39121260608763003	0.45992225062929276
0.15790939218178307	0.38037146588733023	0.4617191419308868
0.16251674170678182	0.3831442282022451	0.4543390300909732
0.15343257507236988	0.38988576832639477	0.4566816566012355
0.14702494084321782	0.38328662148540177	0.4696884376713805
0.14126168569495948	0.3922340447146582	0.46650426959038244
0.15157049607807005	0.39245687123212203	0.45597263268980803
0.15126095138767792	0.3861274766875631	0.4626115719247591
0.14668287802927993	0.3909080298693313	0.4624090921013889
0.15673929519288782	0.3833468181000932	0.45991388670701905
0.14717976283925926	0.3878893101735015	0.46493092698723937
0.14324305730705061	0.39034889645569204	0.4664080462372575
0.14883805868363142	0.3870200371940111	0.46414190412235756
0.14614685706349717	0.39206420992791213	0.4617889330085908
0.1536378655309524	0.3845277211698229	0.4618344132992248
0.14348226565880373	0.3941310738590494	0.46238666048214694
0.1578699537117894	0.38043612569649676	0.46169392059171394
0.15139408019361528	0.38084061626634524	0.4677653035400396
0.14628798894294942	0.39119585383570254	0.4625161572213482
0.157157164606325	0.37977288631379014	0.46306994907988497
0.1515898096939318	0.3806771699052655	0.46773302040080283
0.15233254482133007	0.3886654083293803	0.4590020468492898
0.1527775311869798	0.3919206553137821	0.4553018134992382
0.15679437317038192	0.3832547078578809	0.4599509189717373
0.14722070311707208	0.3841607335781156	0.46861856330481244
0.1430778039226822	0.38909520799669317	0.46782698808062473
0.16242956358132773	0.38137741490304533	0.4561930215156271
0.15522162170167295	0.3816485762295682	0.4631298020687589
0.1564746481894505	0.38602518717697215	0.45750016463357746
0.1603355918146608	0.3825294722807829	0.45713493590455645
0.14689951941012425	0.3906085109687676	0.46249196962110833
0.1463383945934255	0.3838737742951048	0.4697878311114698
0.16224287534073506	0.3812773669036022	0.45647975775566285
0.1472611106968052	0.3921926903905472	0.4605461989126477
0.144665300735396	0.3885892406041995	0.4667454586604046
0.15184920411367642	0.3832977691646762	0.46485302672164747
0.14884241342480653	0.3845394635968463	0.46661812297834726
0.137057111026697	0.39198386054310336	0.47095902843019977
0.1505689291632724	0.3831132237775898	0.4663178470591379
0.15997801714891263	0.38100180476754064	0.45902017808354684
0.1483454282271701	0.38821666584347114	0.4634379059293589
0.1401528188694915	0.39332551559514184	0.46652166553536684
0.1448842653353557	0.38967921047886594	0.4654365241857785
0.15109794588992567	0.3852203019962163	0.46368175211385815
0.15017296859185741	0.3838394286679441	0.46598760274019857
0.14723654204090403	0.3902563409954223	0.46250711696367375
0.1430923379659047	0.38603140996424357	0.47087625206985184
0.14741850243724025	0.3851223084365765	0.46745918912618334
0.14742278637766054	0.3836261683717558	0.46895104525058384
0.13967269392464438	0.39196588902174245	0.4683614170536133
0.14854465906849168	0.3849169049069419	0.46653843602456646
0.1570911030103107	0.37981384397455836	0.46309505301513104
0.14469435886590748	0.3943794636573191	0.46092617747677356
0.15788060383286118	0.3834633522707019	0.45865604389643705
0.16069352851550703	0.38121522821815196	0.4580912432663411
0.14701138032800634	0.3859024415510877	0.467086178120906
0.15378866058469887	0.38418325506950185	0.4620280843457994
0.14623614458988177	0.38724028053420606	0.4665235748759123
0.1579967715677127	0.3833447555659332	0.4586584728663542
0.14903771717826486	0.38473771077223473	0.4662245720495005
0.13902286251659687	0.3934641933499337	0.46751294413346955
0.15325346910666648	0.3899689144258873	0.4567776164674463
0.15633072913045626	0.38591279594870914	0.4577564749208347
0.14669372140411197	0.39309769157292807	0.4602085870229601
0.14341974638135285	0.39067957312765494	0.4659006804909923
0.14319943023118645	0.39241139469309794	0.46438917507571575
0.1514091874256614	0.38794444294844194	0.4606463696258968
0.150416930260066	0.38509869042536743	0.4644843793145667
0.15724985138107475	0.3831473098853922	0.45960283873353314
0.14195011429285942	0.3889725629190549	0.4690773227880858
0.13990346080337865	0.39400602218511405	0.4660905170115074
0.15304272684676115	0.3839084956651695	0.4630487774880695
0.15849461464504944	0.3819141568227201	0.45959122853223056
0.14076614941272697	0.3934174880521413	0.4658163625351318
0.15362827935529533	0.37998237060500656	0.4663893500396983
0.1489543253182249	0.3918703039269417	0.4591753707548335
0.1476301615971129	0.3901229594507364	0.46224687895215083
0.15198815983116637	0.3886584709844455	0.4593533691843883
0.15826878129711108	0.3844841678830586	0.4572470508198304
0.1531203022282857	0.3921099964221506	0.4547697013495638
0.14350539174005705	0.3887577299572917	0.4677368783026514
0.14965206464420847	0.3918273968268575	0.45852053852893415
0.15880372237279827	0.38072431236067067	0.46047196526653117
0.1591182260187215	0.37982189505914743	0.4610598789221312
0.15427984654609017	0.3795846718558423	0.4661354815980676
0.1561354669692887	0.38186208299945495	0.46200245003125645
0.15070204955379168	0.3896138595334878	0.45968409091272067
0.1433024862902093	0.39431847248507845	0.4623790412247123
0.15514037849498874	0.3846052508400787	0.46025437066493274
0.15559616457472683	0.3810642676071138	0.46333956781815944
0.1514597898343272	0.3860478261006511	0.4624923840650218
0.15269183546005333	0.3890741122508327	0.45823405228911407
0.14590077325490025	0.3836738556842224	0.47042537106087745
0.13692472850677972	0.39249009019540715	0.47058518129781324
0.1526555548509419	0.38252678260015277	0.46481766254890544
0.1405337058209526	0.393894549385956	0.4655717447930915
0.14794145684418875	0.381746703773264	0.4703118393825474
0.15129897635692108	0.3809874541182534	0.4677135695248256
0.14441272863784793	0.38574801547988147	0.46983925588227077
0.1465294699932213	0.3921595634223807	0.4613109665843981
0.14996648545812996	0.3870820080379698	0.4629515065039003
0.14831824317485146	0.3823353254237803	0.4693464314013684
0.14120978348802254	0.38918136492364613	0.46960885158833143
0.16134200812882732	0.3810292131043274	0.4576287787668454
0.14821841690327522	0.3869989812398038	0.46478260185692105
0.14691051905522173	0.3822649389990008	0.47082454194577755
0.14288474098077875	0.3902320274547831	0.4668832315644383
0.1531543954039294	0.3921804606059971	0.45466514399007363
0.1639531372700402	0.3806723092705626	0.4553745534593973
0.16028203371017075	0.38410101471184566	0.45561695157798376
0.1463155615913006	0.38532783056212416	0.46835660784657535
0.16119676585648307	0.38476403663073827	0.45403919751277877
0.13808809187157473	0.3938283869695829	0.46808352115884244
0.15156450782528227	0.3935988398449501	0.4548366523297678
0.14686671548399718	0.3931616648879687	0.45997161962803423
0.14383270762132694	0.39262739636010946	0.4635398960185637
0.14691428626352954	0.3845976947092232	0.46848801902724735
0.15475468672591394	0.38127228382696127	0.46397302944712493
0.15317511045047771	0.3905168549891754	0.456308034560347
0.15517627035590437	0.38577732077353627	0.4590464088705595
0.1438090084915447	0.39384436849716276	0.46234662301129265
0.15981780250164604	0.38482204023559174	0.45536015726276236
0.14808581871699644	0.3815758950585206	0.47033828622448315
0.1622327424325674	0.37996768458382474	0.45779957298360796
0.1506630794188897	0.38947776969042475	0.4598591508906857
0.14783691467089624	0.39046887472960373	0.46169421059950017
0.13916501906703405	0.39322321137382193	0.4676117695591442
0.14399620140278466	0.3933635540319522	0.4626402445652632
0.14987451123748735	0.3870114224406558	0.4631140663218569
0.15374858887391166	0.39148892124533863	0.45476248988074985
0.14215954160898658	0.394069547316861	0.4637709110741526
0.15855404480568502	0.3828038315540082	0.4586421236403069
0.1534235404701299	0.37974640972464974	0.46683004980522047
0.14330387148629958	0.3888470868692176	0.46784904164448293
0.14901893088481435	0.3906213092592821	0.46035975985590366
0.16259877286506724	0.38054318747679367	0.4568580396581392
0.16161106943798959	0.38222506588225214	0.45616386467975834
0.1532472591571382	0.383060413844631	0.4636923269982309
0.15468646802596062	0.38616109172269375	0.4591524402513457
0.16458618536589567	0.3807412654300222	0.4546725492040823
0.14723324804288473	0.38409411176553193	0.46867264019158345
0.15550465703051342	0.3837391900426198	0.46075615292686695
0.1492933486883105	0.3907078230691521	0.45999882824253757
0.15735276578859902	0.38517376078702836	0.4574734734243727
0.14998051394768108	0.3846276243285189	0.4653918617238001
0.14980178305812508	0.3933742901059953	0.4568239268358798
0.1537977917628326	0.3804569724448221	0.4657452357923455
0.1638169015648714	0.38079143106905056	0.45539166736607817
0.13970252605813743	0.38983424915684395	0.47046322478501873
0.1460596373282123	0.39266786729688596	0.4612724953749019
0.1542193525839079	0.37974791277664144	0.46603273463945083
0.1559375393509962	0.3797561518038023	0.46430630884520163
0.15201283076899627	0.38701788869836173	0.4609692805326421
0.1434122083011201	0.3863405043365814	0.47024728736229865
0.15669172261560368	0.38294430168525856	0.4603639756991379
0.16027095815832804	0.38035535393760667	0.4593736879040654
0.15203284129035205	0.38479736033156103	0.463169798378087
0.15757879118806284	0.38347258243564886	0.45894862637628847
0.1574394500039148	0.3851476703459892	0.45741287965009614
0.14952196281685798	0.39405514600453095	0.45642289117861123
0.14312147488346053	0.3890793483931153	0.4677991767234243
0.1627291183731307	0.3799561863237793	0.4573146953030901
0.15006733764969526	0.3828583560032442	0.46707430634706065
0.15288710182492965	0.38474746451243547	0.46236543366263494
0.16188406720432907	0.38259159063354053	0.45552434216213056
0.14757898180191786	0.3883550364007783	0.46406598179730396
0.1484648490315564	0.3892025601943537	0.46233259077409006
0.14954718562562302	0.3911625663432987	0.45929024803107843
0.15794840174205138	0.3848898113101657	0.45716178694778303
0.145017664072775	0.3927437185082715	0.46223861741895367
0.14976265502839686	0.3866082277743518	0.4636291171972515
0.14730062418492063	0.383250258467952	0.46944911734712746
0.15929718416279742	0.3815079632246934	0.4591948526125093
0.140296506928322	0.39142113848201027	0.4682823545896678
0.14840022005063014	0.38619465641853606	0.4654051235308339
0.15390471362059366	0.38616981090210917	0.4599254754772973
0.1518895359159038	0.39312826971165565	0.4549821943724407
0.14294635524418492	0.386901672122576	0.47015197263323927
0.14514469379089057	0.38411700386206593	0.4707383023470436
0.13695939469874252	0.3920159797027666	0.471024625598491
0.14514922066781352	0.39141581276751203	0.4634349665646746
0.13961917337313415	0.394128247018	0.466252579608866
0.16317431883230482	0.3822756160188159	0.4545500651488794
0.15104655204488057	0.39452836533112073	0.45442508262399883
0.15115403101269387	0.3902998992906839	0.4585460696966223
0.14888425556462853	0.39283054944861473	0.4582851949867569
0.14409314871418835	0.3894781060524724	0.4664287452333393
0.15226926051024264	0.3807833931563981	0.46694734633335944
0.1500838980735262	0.3932540907235765	0.4566620112028975
0.16124516526110397	0.38162200434487775	0.4571328303940184
0.15248945343243944	0.3818414382037365	0.4656691083638242
0.16255484495375716	0.38264566012218715	0.4547994949240558
0.15442026502755485	0.38526328380007335	0.4603164511723719
0.14481496466845306	0.38504379462944005	0.47014124070210705
0.1423334243573905	0.39209880426914767	0.46556777137346195
0.15494200128901564	0.3871999558534627	0.4578580428575218
0.15084165649609954	0.3904422672977479	0.45871607620615273
0.14794085312553173	0.386997416469677	0.4650617304047914
0.1499059710284234	0.388274992780195	0.4618190361913817
0.1534052863144072	0.38945932752962975	0.45713538615596316
0.14550857771110948	0.3936606625040289	0.46083075978486165
0.1515371465136317	0.3936443332567958	0.4548185202295726
0.1463114374511454	0.3915862731180443	0.46210228943081044
0.15059075513470166	0.38374640595250065	0.4656628389127978
0.15908070169417754	0.3828585875027952	0.45806071080302735
0.1602233937399066	0.38383125259872897	0.45594535366136457
0.1417705885431253	0.38721483320119543	0.4710145782556794
0.1500187361365475	0.39010300806671605	0.4598782557967365
0.1584102740411384	0.3821393692663344	0.4594503566925273
0.15214607896524462	0.3807954632775793	0.46705845775717625
0.16201421150422163	0.38054257061747326	0.4574432178783052
0.16144965163118138	0.38247439054152943	0.45607595782728927
0.15295621818467275	0.38831729762214284	0.4587264841931845
0.15110215894885665	0.38743610816292134	0.4614617328882222
0.1529150946717705	0.38718300591497207	0.45990189941325754
0.14793887071248696	0.38777735245518935	0.4642837768323238
