0.15257344710097603	0.3859675095962738	0.46145904330275034
0.15403331680571278	0.3835876269921177	0.4623790562021697
0.15419836411060311	0.3840208504854645	0.4617807854039325
0.15399745437056991	0.38356227426873274	0.46244027136069743
0.15322055091241404	0.3860554921730289	0.46072395691455714
0.15513419658143973	0.3828901698699179	0.46197563354864246
0.1526273604468078	0.3838522134212404	0.46352042613195193
0.15481363629708217	0.38486982947460846	0.46031653422830954
0.15460575922146486	0.3828068302953336	0.4625874104832016
0.15276428848390966	0.3858041656118575	0.46143154590423296
0.15453053991615368	0.3857916473542429	0.45967781272960356
0.15438146762225488	0.38495920349594814	0.46065932888179706
0.15255105153263993	0.3863897080007597	0.46105924046660046
0.15527337468723046	0.38447959801204656	0.4602470273007231
0.15340760692779262	0.3853383953577389	0.4612539977144686
0.15381969916876775	0.3861158807709557	0.46006442006027665
0.1552021874160454	0.3837290496496788	0.4610687629342759
0.15296142392567325	0.3841753828937482	0.46286319318057867
0.15361089422213492	0.3844289294856511	0.4619601762922141
0.15560647064691344	0.3846852453259731	0.4597082840271136
0.15557244192344713	0.3828382192133631	0.46158933886318987
0.15328726967848416	0.3862885697211504	0.46042416060036556
0.15439397770389862	0.3859408506743739	0.4596651716217276
0.15416333079354588	0.38599856906480345	0.4598381001416508
0.1537545882780541	0.3863775389962908	0.45986787272565527
0.1544210000997771	0.38457852462247244	0.46100047527775057
0.15560608654199848	0.38282585844107825	0.46156805501692344
0.15450431367492756	0.3831680687243329	0.46232761760073965
0.15323146257095344	0.38331191502545564	0.463456622403591
0.15574455383237118	0.38388459501052186	0.4603708511571071
0.15443893011495163	0.38300282790416285	0.4625582419808857
0.15446342974548216	0.38475233974097367	0.4607842305135442
0.15479731154321677	0.38532779329113476	0.4598748951656486
0.15387910957131884	0.3864423849965007	0.4596785054321806
0.15564386438436664	0.3832381204192814	0.4611180151963521
0.1533484132000404	0.38527654596323346	0.46137504083672626
0.15261167002901055	0.38424426253374366	0.4631440674372459
0.15416879862972688	0.38589115597930856	0.45994004539096467
0.1525552029578403	0.38539077044525766	0.4620540265969022
0.153427863831118	0.38504535513819316	0.461526781030689
0.15395091903209185	0.38457363241344855	0.4614754485544597
0.15249379230153515	0.3850520498026442	0.4624541578958208
0.15271835866462175	0.3837825241991017	0.4634991171362767
0.15436315200910483	0.38352544322252524	0.4621114047683701
0.1535966580054079	0.3857587308551154	0.46064461113947675
0.15556378682606725	0.3830643086768797	0.4613719044970532
0.15262662361203178	0.38529220912153567	0.46208116726643267
0.15343038630820308	0.3839471060246233	0.4626225076671737
0.15264978251199407	0.38651714632693657	0.4608330711610695
0.15443453975666793	0.38285892165416946	0.4627065385891628
0.15450828006731587	0.3831825663070876	0.46230915362559666
0.15434707995249142	0.38417897028493675	0.46147394976257194
0.15457064749044389	0.3846158778944301	0.4608134746151261
0.15291619772493006	0.3848067410642168	0.4622770612108532
0.15506340218795267	0.3841243690610127	0.4608122287510348
0.1554400838337935	0.383789361915167	0.46077055425103963
0.15423811525691872	0.3860499518173718	0.4597119329257096
0.1554694823178909	0.38462093940113723	0.459909578280972
0.1549946194761859	0.3840922307633908	0.4609131497604234
0.15465540034218384	0.3828969095342908	0.4624476901235255
0.15444187157083583	0.38484524915811	0.46071287927105425
0.1524410490955861	0.38483699570598134	0.4627219551984327
0.1528593430814334	0.38600474240121707	0.4611359145173497
0.1546879198625754	0.3842779833074889	0.4610340968299358
0.1540159022996359	0.3849707468055744	0.4610133508947898
0.1526293076868131	0.38457368183011886	0.4627970104830682
0.15426293072027022	0.3852685765691781	0.4604684927105518
0.15367921554744252	0.3864039989827949	0.45991678546976267
0.1543878635098942	0.38410818813978537	0.46150394835032055
0.15331887576954395	0.3866438294306298	0.46003729479982636
0.15277414728801791	0.3855891946667785	0.4616366580452037
0.1530416072374559	0.3835000614556573	0.46345833130688696
0.1547530238553036	0.3826418977012196	0.4626050784434769
0.15474025918741882	0.38529190754557413	0.4599678332670072
0.1531837021415079	0.38644753969521517	0.46036875816327705
0.15330424403058732	0.3850292075570719	0.4616665484123409
0.1552221234457753	0.3830703462794439	0.46170753027478095
0.1541341969608863	0.3844851183051675	0.46138068473394633
0.15524510291968724	0.38492394500878035	0.4598309520715326
0.15372618386130255	0.3861896779779983	0.46008413816069926
0.15307537695393067	0.3834444654529273	0.4634801575931421
0.15407020715254147	0.38478101199305326	0.46114878085440536
0.1555703782825284	0.3842347664452187	0.460194855272253
0.15359362252090436	0.3834280276965332	0.4629783497825626
0.15393942969319985	0.38375040961855017	0.46231016068825004
0.15523528813626264	0.3826860936384559	0.4620786182252816
0.15458824451915942	0.38575153633806036	0.45966021914278027
0.15471502388832303	0.38501711820351253	0.4602678579081646
0.15344627739065653	0.3834884488040579	0.46306527380528567
0.1555555550344172	0.38326640289432473	0.4611780420712582
0.1528492000177954	0.38659651856369853	0.4605542814185062
0.15286948202137302	0.3857966885108449	0.46133382946778223
0.15387790459955453	0.38430959386591573	0.4618125015345298
0.1527161132863423	0.3841802975466068	0.463103589167051
0.15429760085342636	0.3857822211797715	0.45992017796680223
0.15296033177790638	0.38687927792317844	0.4601603902989153
0.15395214545205202	0.3844950896849703	0.4615527648629778
0.15401697941487857	0.3858538275411949	0.46012919304392663
0.1547967488431915	0.38289788754598464	0.46230536361082397
0.1538224652994724	0.38432592647771163	0.46185160822281607
0.1548350707473939	0.38505773114054404	0.46010719811206224
0.15537786268898102	0.38294119193831955	0.46168094537269955
0.1556820143253424	0.38443166555062785	0.45988632012402986
0.15253765360161864	0.3847973754518369	0.4626649709465446
0.15413487980254406	0.3849174613598507	0.4609476588376053
0.1530611319933398	0.3848696249972125	0.46206924300944785
0.15299226939798394	0.3846714150251624	0.46233631557685373
0.15380560685575156	0.38368725740855064	0.4625071357356979
0.15388122857917225	0.3862531373915493	0.4598656340292786
0.15316742927702143	0.3860847604140485	0.4607478103089302
0.15270269982234724	0.384205112948098	0.4630921872295549
0.15419171597061243	0.38331601738655613	0.4624922666428316
0.15424235580333018	0.38524433091328514	0.46051331328338485
0.15276743925377617	0.3854066207145068	0.4618259400317171
0.15462791519065605	0.38360369561810104	0.4617683891912431
0.15383420621709254	0.38485314328751935	0.46131265049538817
0.1542112208320367	0.3828722190455812	0.46291656012238225
0.15499428395230008	0.38325198461711807	0.46175373143058196
0.15575513234669758	0.38267505770077237	0.46156980995253016
0.15372063523719615	0.3841682599176019	0.46211110484520207
0.15570037492373845	0.3844018638042092	0.4598977612720525
0.1535430215393196	0.38333292779404243	0.4631240506666381
0.1556224119516037	0.38427592932868654	0.46010165871970987
0.15263904852807794	0.3860704955191408	0.4612904559527814
0.15433654991399665	0.3841454435938402	0.46151800649216335
0.15243327986555583	0.3848963029155175	0.46267041721892677
0.1529459451257686	0.38491420886301425	0.46213984601121727
0.15304888521052573	0.3845348893122742	0.4624162254772002
0.15372318674866386	0.38595561342130025	0.46032119983003605
0.15424284943396566	0.38302891651712767	0.4627282340489068
0.15294110451888385	0.3842313307237525	0.46282756475736375
0.15278853515827082	0.38525177241282554	0.4619596924289038
0.15276503228275462	0.38629974035119186	0.46093522736605363
0.15341966906833596	0.38620395082826897	0.4603763801033952
0.15394370376734706	0.3859939714314937	0.46006232480115933
0.15441666589453407	0.3842459261237239	0.46133740798174216
0.15541940113214067	0.383750611487041	0.4608299873808185
0.15502569170484282	0.38453922497467014	0.4604350833204871
0.15409880534291764	0.38435477276928465	0.4615464218877978
0.1546319639876041	0.38528461494873395	0.46008342106366207
0.15486134593160727	0.3844348933461309	0.46070376072226193
0.15411158253798565	0.38470964832734533	0.46117876913466915
0.15317652835299123	0.3858453807649985	0.46097809088201036
0.15250466345829705	0.38485095004011677	0.46264438650158635
0.15304970050337524	0.38346779829494426	0.46348250120168066
0.15297619094909157	0.3848571215626151	0.4621666874882935
0.15350501591759663	0.3852990039276628	0.46119598015474067
0.15535764694364906	0.3831388384934994	0.46150351456285166
0.1533258759497909	0.3866587164466976	0.4600154076035116
0.15567363930835643	0.3846965358742579	0.4596298248173858
0.15536815906056736	0.38459960468261156	0.4600322362568212
0.15427350906261972	0.38374319625361597	0.4619832946837644
0.15313406901289245	0.38521596955655424	0.4616499614305534
0.1529659725990159	0.38630198033963925	0.46073204706134496
0.15372837056528488	0.3834528750017137	0.4628187544330015
0.15450534902015167	0.3851819815601771	0.46031266941967136
0.15449281033886053	0.3851112242779738	0.4603959653831658
0.1542641515266412	0.3828002367719806	0.4629356117013783
0.15312170157995564	0.38380340343435154	0.46307489498569293
0.15247335808249285	0.3855655748740774	0.4619610670434299
0.15348193862734033	0.3843117578976665	0.4622063034749933
0.1533621466320201	0.38607973034459375	0.4605581230233863
0.152680493846871	0.3847015300170743	0.46261797613605476
0.15334240329476262	0.38633464592659483	0.4603229507786426
0.15513839456458606	0.38333590599519957	0.4615256994402145
0.15292506881734463	0.38680011372125983	0.46027481746139565
0.15255929431228193	0.385703396206911	0.46173730948080716
0.15324279211169484	0.38653520121449625	0.4602220066738091
0.15334892576457915	0.38416524639050226	0.46248582784491865
0.15266878262493616	0.38455585042492624	0.46277536695013777
0.15431743888830138	0.3836227430568905	0.4620598180548083
0.15268465841625228	0.3855089599866701	0.46180638159707776
0.1547076836985553	0.38497553449819716	0.46031678180324764
0.15297799425447783	0.3865918341022903	0.46043017164323197
0.1539560658578864	0.38597535771895947	0.46006857642315424
0.15349852164492161	0.38538451177734645	0.46111696657773205
0.15489979196119025	0.3831369010553491	0.4619633069834608
0.15548925977490136	0.3840331644456926	0.4604775757794062
0.15520031943996004	0.3837350476454416	0.4610646329145985
0.15553091786889003	0.38371247361436145	0.4607566085167486
0.15470171803974533	0.38395580298166015	0.4613424789785946
0.15476627746825675	0.3853888035662414	0.459844918965502
0.15309089309359197	0.3849741195319461	0.46193498737446204
0.15323459508068304	0.38520846970067213	0.46155693521864494
0.15428353536149372	0.38605005722455427	0.45966640741395215
0.15384269778020596	0.38428435120560783	0.46187295101418635
0.1543087894610019	0.38402652059854114	0.46166468994045706
0.15419066211876037	0.38379393150172414	0.4620154063795156
0.1530963873899568	0.3858743245362132	0.46102928807383015
0.15390424637187206	0.3857886064337029	0.4603071471944252
0.15322927438744377	0.38401027588592007	0.46276044972663627
0.15460911725368337	0.38425163042547583	0.4611392523208409
0.15508480205338768	0.38276884079412193	0.46214635715249053
0.15456894163192933	0.38408926774009167	0.46134179062797914
0.15323537622499367	0.38601284139732667	0.4607517823776798
0.15487597585210294	0.3835953472993737	0.4615286768485235
0.15480372136515555	0.38442101429101005	0.46077526434383453
0.1548081021109406	0.38316909056792714	0.46202280732113243
0.1531492732297125	0.38459131834432625	0.46225940842596136
0.1527214750359749	0.3846228140726851	0.46265571089134006
0.1554345266931855	0.3827767716051753	0.4617887017016393
0.1539623427985496	0.3847048334519789	0.4613328237494716
0.15456988313431283	0.38495480027715046	0.4604753165885368
0.15252506169541358	0.38595384541952404	0.4615210928850625
0.15476412527585154	0.3840847265605703	0.46115114816357833
0.1528347341071235	0.38593641615475277	0.46122884973812384
0.15405710379313003	0.386106977738565	0.45983591846830507
0.1525478156268748	0.38662814448442034	0.4608240398887049
0.1530208761785269	0.386390151932934	0.4605889718885392
0.1535324139863568	0.38564322641930576	0.46082435959433754
0.15284062816209432	0.38608073930936854	0.4610786325285373
0.15332259123501918	0.38571166264546275	0.4609657461195182
0.15475247074048765	0.3851527022004579	0.46009482705905463
0.15558322918729894	0.3834570814606109	0.4609596893520903
0.15474195216682074	0.3838883114893098	0.4613697363438696
0.1532194060006256	0.38327311364422956	0.463507480355145
0.15427519328620606	0.3836259071399656	0.4620988995738285
0.15452216494964183	0.38363425550244085	0.46184357954791744
0.15308927257845648	0.38540305132056846	0.4615076761009752
0.15435549632648024	0.38497375383338156	0.46067074984013834
0.1548704667679168	0.38352044582693784	0.46160908740514545
0.1530909899132551	0.38617803583018806	0.46073097425655696
0.15528192883377728	0.3835375214161613	0.4611805497500615
0.15440516590015588	0.3845728489140579	0.46102198518578635
0.15395892364294173	0.38372098465377713	0.46232009170328126
0.153640159964899	0.3867040261544483	0.4596558138806528
0.15347083556166452	0.3852670544118982	0.4612621100264374
0.15567316246895602	0.3829678278714894	0.4613590096595547
0.15273663278642294	0.3843707958116683	0.46289257140190887
0.15335815376031278	0.3863491481909667	0.46029269804872064
0.15246589002408936	0.3866826806328949	0.4608514293430158
0.15431112438653025	0.3831972680044251	0.4624916076090448
0.1542495972748612	0.3846106517508356	0.4611397509743034
0.1525850704428803	0.3855922833509706	0.46182264620614916
0.1537421658100591	0.3865230875760882	0.45973474661385283
0.15537039418256743	0.3845002287252428	0.4601293770921899
0.1529872821147747	0.38441237337647277	0.46260034450875265
0.15547275548127032	0.38340586373736235	0.46112138078136744
0.15413892869618534	0.3843848315642551	0.46147623973955965
0.1530526462879332	0.38464744329594003	0.46229991041612684
0.15262573009486174	0.385165570439257	0.4622086994658814
0.15255853665521205	0.38659674060678795	0.4608447227380001
0.15366758777403627	0.38381719731716735	0.46251521490879655
0.1536822612649145	0.38628801157164067	0.4600297271634449
0.15419663295378755	0.3847913169871893	0.46101205005902324
0.1538832981037373	0.3828056396907327	0.4633110622055301
0.15287494182249023	0.3842282980755993	0.4628967601019106
0.1528574342126105	0.3864426521568853	0.4606999136305044
0.15447603202513016	0.38382495888680496	0.46169900908806494
0.1524671532802035	0.3859700127257649	0.46156283399403164
0.1541727476644399	0.38583451661193424	0.459992735723626
0.15272363962789665	0.383906324488837	0.4633700358832665
0.15555493433681458	0.3831303364529996	0.4613147292101859
0.15535957823965715	0.38289297150634494	0.461747450253998
0.1530400813563434	0.38571382646324515	0.4612460921804116
0.1553034551015276	0.3850117926272039	0.4596847522712686
0.15554937072351543	0.38418792084268294	0.46026270843380174
0.1538268887504822	0.3856864336925051	0.46048667755701284
0.15501858894930945	0.38365892278430513	0.46132248826638556
0.15385329074314047	0.3841208362953876	0.462025872961472
0.15324504627077598	0.3864755267612507	0.4602794269679734
0.1534573157481331	0.38682375552313314	0.4597189287287339
0.15540645180550156	0.3844760269721871	0.4601175212223115
0.15401079832023828	0.3846677231048753	0.46132147857488653
0.15301634060613456	0.3835613305998401	0.46342232879402545
0.15471870207040883	0.3856126079053261	0.45966869002426514
0.1540759820211412	0.38414591511949414	0.46177810285936477
0.15276410259793516	0.3840635526986001	0.4631723447034648
0.15341980738380906	0.38350512141238824	0.4630750712038028
0.1528125744356896	0.3844018762970636	0.4627855492672469
0.15407823691921213	0.38429759644716266	0.4616241666336254
0.15278949325914054	0.3853604313396717	0.4618500754011879
0.15347366403455845	0.3852203872129045	0.46130594875253716
0.15439618762208032	0.3834564854158766	0.4621473269620432
0.15279253904109047	0.3864889041815496	0.46071855677736007
0.15341685411774142	0.38556227108787644	0.46102087479438225
0.15492456927816448	0.38426006333793405	0.46081536738390155
0.15257434104953	0.3850569801505187	0.46236867879995136
0.15307834111638263	0.386696425168575	0.4602252337150425
0.15291286447273567	0.38686535417232937	0.4602217813549351
0.15431654146039298	0.3852608504534649	0.4604226080861422
0.15250454674661568	0.38644070243199313	0.4610547508213913
0.15353507104777586	0.3863995195503231	0.4600654094019012
0.15435734777317578	0.38488737088695474	0.46075528133986965
0.1540308750371236	0.3850139077052071	0.4609552172576694
0.15251516211714283	0.38685395338529593	0.4606308844975614
0.15446877603644207	0.3836922689846584	0.4618389549788996
0.15490300557600117	0.3838139370114544	0.4612830574125445
0.15539271692924822	0.38476457552587706	0.4598427075448749
0.15249474982930314	0.38582594873569565	0.46167930143500135
0.15400227853750054	0.383125028044397	0.46287269341810255
0.1538924172903204	0.38479566018099365	0.4613119225286861
0.15447993294055148	0.3850133748766419	0.4605066921828067
0.1532504453531408	0.3865267088803551	0.4602228457665042
0.15327721049040766	0.38326554828650006	0.4634572412230924
0.15454677578077367	0.3843890538381088	0.4610641703811177
0.15572707616050405	0.38269330569145893	0.4615796181480371
0.15337144223162885	0.38315673825128355	0.4634718195170877
0.15473249663156402	0.38458698488511917	0.4606805184833169
0.1531678074694817	0.38609185086290976	0.4607403416676087
0.15427481257800557	0.3853983568946011	0.4603268305273934
0.15357427220301306	0.38507431306757417	0.4613514147294129
0.15252974826312438	0.3843811887932953	0.46308906294358043
0.15445408938099342	0.383594154391716	0.4619517562272907
0.1557558861213702	0.3845448599750452	0.45969925390358474
0.15375063135079683	0.3860244882174564	0.4602248804317469
0.1526520006285581	0.3868028614476796	0.4605451379237624
0.15280258101961836	0.38540769709387857	0.46178972188650325
0.15388849395887574	0.38471142089557864	0.46140008514554576
0.15344585206655692	0.3851864914896864	0.46136765644375677
0.1555296604464566	0.38375746543078043	0.46071287412276307
0.1538875818604511	0.38397131913448107	0.46214109900506795
0.1525018323719593	0.38489127972576526	0.46260688790227555
0.15399183978881498	0.3841877056736678	0.4618204545375173
0.15384169887558471	0.38294807370693	0.4632102274174854
0.15262263314312344	0.38475685723515085	0.46262050962172585
0.15576698966823008	0.3842948824047306	0.4599381279270395
0.15422556180839717	0.38292459712908644	0.4628498410625165
0.15321166121530483	0.3832877731999279	0.4635005655847674
0.15374700296301042	0.3856492164131232	0.46060378062386653
0.15413176509372667	0.38313610118496283	0.4627321337213106
0.15577746164328873	0.3844893639687564	0.459733174387955
0.1539874314254594	0.3827916150536335	0.4632209535209072
0.15425785048587518	0.3853495339589811	0.4603926155551439
0.15436197123263282	0.38460339839101876	0.4610346303763485
0.15571531911002018	0.3829070974981758	0.4613775833918041
0.15351252040468977	0.38576466358127864	0.46072281601403176
0.15313733027145446	0.386861713005602	0.4600009567229436
0.1536424041079671	0.3865791070277767	0.4597784888642563
0.15549895131693275	0.38385946942555343	0.4606415792575139
0.15449210092556692	0.3828392008051308	0.46266869826930235
0.154530002899962	0.3846793121330663	0.46079068496697184
0.15582087500172148	0.3835741574591641	0.46060496753911456
0.15489850182238965	0.38281564405678054	0.46228585412082995
0.15557183585220455	0.3827629178671936	0.461665246280602
0.15387527664685224	0.38583359286905117	0.4602911304840967
0.1530848555950602	0.3851703650533006	0.4617447793516394
0.15512042757727063	0.3850874399607305	0.45979213246199896
0.1536040316191097	0.3861933939275092	0.46020257445338125
0.1536339092038118	0.3850482382117174	0.4613178525844709
0.15393299641090477	0.38324842834398426	0.4628185752451111
0.15405706821838144	0.3835227580798028	0.4624201737018159
0.155571672140149	0.3840964319470811	0.46033189591277
0.15549926152876553	0.38386593241689454	0.46063480605434004
0.15406179956992996	0.3862725297250742	0.459665670704996
0.15329792712033047	0.38491635834572724	0.46178571453394246
0.15417726567379067	0.38396126879771786	0.4618614655284916
0.15462560396665143	0.3840683490902553	0.46130604694309346
0.15280336269872735	0.3852764748601958	0.461920162441077
0.15566778255278468	0.38446408481416533	0.45986813263305015
0.15370002695320475	0.3861983514612775	0.4601016215855179
0.15271285413880198	0.38456962506314696	0.4627175207980512
0.1552029788310128	0.38427853207526474	0.4605184890937226
0.1536698085609683	0.38553857348006765	0.4607916179589642
0.15394965688125406	0.3855381376262021	0.46051220549254396
0.15383557227257938	0.3827671729214309	0.4633972548059898
0.15387328363148206	0.3836025437845707	0.4625241725839474
0.15272796669891006	0.3864291668784209	0.46084286642266925
0.15548010228824521	0.3843205316290597	0.4601993660826952
0.1528391001487956	0.3847611446037425	0.462399755247462
0.15306374654338945	0.3850018043939949	0.4619344490626158
0.15413554579561978	0.38314985283529845	0.4627146013690819
0.15486410012905016	0.38295906468173385	0.46217683518921604
0.15511732691744395	0.38480341340450075	0.4600792596780554
0.15275124822075672	0.3853728246289713	0.4618759271502721
0.15384665969138311	0.3838044124086601	0.46234892789995696
0.15405437489355256	0.3828518492452802	0.46309377586116734
0.15433907461191493	0.3830719290918809	0.4625889962962043
0.1529437340687836	0.3846237073686226	0.4624325585625939
0.15487372181645015	0.3851278846722762	0.45999839351127375
0.15394118671587717	0.38334911002912014	0.4627097032550028
0.1532005612632164	0.3869482007273706	0.45985123800941313
0.15490918442059354	0.3850401306053398	0.46005068497406676
0.15373112756733123	0.3849744002884802	0.4612944721441887
0.15482778243290984	0.38529980634683236	0.4598724112202579
0.1533970119927976	0.3853367186550846	0.4612662693521179
0.15329952992906437	0.38565444954102923	0.4610460205299065
0.1523964929191205	0.38660426036810136	0.46099924671277825
0.1553971801386776	0.3837383121905884	0.46086450767073417
0.15415122253303576	0.38411021180137206	0.4617385656655923
0.152532272631765	0.38491408386851345	0.46255364349972167
0.15481188524466344	0.38476840042995514	0.46041971432538153
0.15301450015394197	0.3865633334081714	0.4604221664378867
0.1542742576062296	0.3842452023654056	0.4614805400283649
0.1534349374675368	0.38398473331539934	0.462580329217064
0.15326960382619131	0.3842985972803248	0.46243179889348396
0.15293181114831245	0.38666088497134554	0.4604073038803421
0.15320718463037536	0.3866638625078824	0.46012895286174227
0.15438725592163066	0.3855908379716933	0.46002190610667615
0.1556748330389066	0.3843359160034533	0.4599892509576402
0.15314919169306832	0.38560943692686667	0.46124137138006516
0.1552875283398234	0.38436320526058615	0.46034926639959056
0.1546966712400656	0.38429261710052853	0.461010711659406
0.1539275015389144	0.3839689636668144	0.46210353479427135
0.15493992839701115	0.38445538436907456	0.46060468723391434
0.1549209523860121	0.38479869697151325	0.46028035064247474
0.15381389382599142	0.38450469344914784	0.4616814127248608
0.15244383389073324	0.3849403744949782	0.46261579161428873
0.15504791748691732	0.3837353013598927	0.4612167811531901
0.15520498386209725	0.3834721017020499	0.46132291443585305
0.15503286949384038	0.38480179456514735	0.4601653359410124
0.1534198985680161	0.3841935094599775	0.4623865919720065
0.15485608474732537	0.3853010527354494	0.4598428625172253
0.15425184872587697	0.38356379974337895	0.46218435153074416
0.15272653458155583	0.3854586140446998	0.46181485137374456
0.15450437717498744	0.3857182816942282	0.45977734113078444
0.15251729786157228	0.3850119266264786	0.46247077551194926
0.15446842370100392	0.3840994927584026	0.4614320835405936
0.15452708562890288	0.3843104444969549	0.46116246987414233
0.1528663545822287	0.38653218805718614	0.46060145736058533
0.15361439962877751	0.3843700896978338	0.46201551067338875
0.15260418698930261	0.3845184303190946	0.4628773826916029
0.15526377873551198	0.38327378642138954	0.4614624348430986
0.15460719199902656	0.3855592141980781	0.45983359380289546
0.1533491225454491	0.38555705626767106	0.46109382118687997
0.15308315248806503	0.38691806366853576	0.4599987838433993
0.15239573750250496	0.38545034156149305	0.4621539209360021
0.1543550720085449	0.3855339162544708	0.4601110117369844
0.15354468435875795	0.3839541943434573	0.46250112129778487
0.15479645590174274	0.38285560278850544	0.46234794130975193
0.1546759844980699	0.38287969319081794	0.46244432231111227
0.15478729974722252	0.3849846266670307	0.4602280735857469
0.1556299401993207	0.38384472432152417	0.4605253354791553
0.1547940777948193	0.3829502363557269	0.4622556858494539
0.15492017815563502	0.38461607683567756	0.46046374500868753
0.15383588573396828	0.3855012671947004	0.4606628470713314
0.15561458659828942	0.3833138053154615	0.46107160808624914
0.155315603948795	0.3838904714588526	0.4607939245923526
0.15397856002221944	0.38407509986206007	0.4619463401157206
0.15446422419537736	0.38565024058445896	0.45988553522016384
0.154720651624559	0.3841438221641162	0.4611355262113249
0.1543229973527221	0.3850128737962353	0.46066412885104274
0.1541814364905439	0.38553648369074917	0.46028207981870706
0.153172717624455	0.3863533189447039	0.4604739634308412
0.153163000326993	0.3857801777302896	0.46105682194271747
0.1539604809128035	0.3846396130581632	0.4613999060290334
0.15467142609952794	0.3853833019398514	0.4599452719606208
0.15400651726327969	0.38389410496025766	0.46209937777646276
0.152784131190163	0.3851392528911911	0.462076615918646
0.15326681139688186	0.3843321850245547	0.46240100357856356
0.15418280302504325	0.3826911250411795	0.46312607193377736
0.1524625511429214	0.38524473547792254	0.46229271337915623
0.1534709935559222	0.38682549365142105	0.45970351279265687
0.15402553295646676	0.3840442539846892	0.46193021305884413
0.15241880841427363	0.38406383529661464	0.46351735628911184
0.15324116714297092	0.3837475239868755	0.4630113088701537
0.15452793680512023	0.3832004473134825	0.46227161588139737
0.15334004671249812	0.38447811286298095	0.46218184042452104
0.15478214475845753	0.38515460370640187	0.4600632515351407
0.15370690464761658	0.3851180950245359	0.46117500032784764
0.1542906808008755	0.3842580213003079	0.4614512978988168
0.15407510612254793	0.38431802948282234	0.4616068643946299
0.15385316590077047	0.3831014850160047	0.4630453490832249
0.15473391221651056	0.38339360113474474	0.4618724866487448
0.15373570306838957	0.3835614844276752	0.46270281250393536
0.1556838770281398	0.38365168411160866	0.46066443886025166
0.15268970860656517	0.38682799970378406	0.46048229168965094
0.15396610499567884	0.3860268500193222	0.4600070449849991
0.15419198626737407	0.38310870782228296	0.4626993059103431
0.15458618279060565	0.385428996018803	0.4599848211905915
0.15344584613065532	0.3845843582931311	0.46196979557621376
0.1541227308081014	0.3856191411902654	0.46025812800163335
0.15414832597496353	0.38328141006978156	0.462570263955255
0.15470839597266384	0.3829773718226934	0.46231423220464285
0.15562226378261323	0.3843208785793551	0.46005685763803184
0.1552119805417633	0.3847488336186481	0.46003918583958875
0.1546478144913317	0.38527699320092107	0.4600751923077473
0.1536980354648168	0.3845086958737428	0.46179326866144055
0.15356080475699882	0.38483336567144477	0.4616058295715565
0.1554604271070914	0.3830056928679075	0.46153388002500123
0.15348552964820433	0.3861362955059064	0.4603781748458894
0.15490149740116096	0.38473984442659026	0.4603586581722489
0.15503170825387924	0.38335809860955306	0.4616101931365678
0.15309431668372986	0.38656435947845924	0.460341323837811
0.15241839940758783	0.385201517398526	0.4623800831938863
0.1554729601649253	0.38460389250573956	0.45992314732933526
0.15365173761944478	0.3862185549857918	0.46012970739476355
0.15320317443983267	0.38600747662737056	0.4607893489327969
0.154667241790579	0.38335742175012655	0.4619753364592946
0.15523165770807773	0.38282797421249304	0.4619403680794293
0.15298508856722104	0.38403050283871015	0.4629844085940689
0.1549559417873318	0.385091182132556	0.45995287608011237
0.15449157440444272	0.38484886028426524	0.46065956531129215
0.15529962610088802	0.3838272542662161	0.46087311963289596
0.15443815851628834	0.3835854444691236	0.46197639701458815
0.15509067456907763	0.3839248372335037	0.46098448819741883
0.15354906007598546	0.38514273603707333	0.4613082038869413
0.15524623583205083	0.383529407179384	0.46122435698856534
0.15372607225632362	0.3840940998999761	0.4621798278437004
0.1529294298470661	0.3842209776495908	0.46284959250334323
0.15254996681828603	0.38478191551071017	0.4626681176710039
0.15411410157485828	0.3830097853481595	0.46287611307698234
0.15515929610139984	0.38395757177595663	0.46088313212264365
0.15242228653639495	0.386533626217804	0.46104408724580115
0.1537557408551914	0.3865146388916645	0.45972962025314423
0.15255563268710554	0.38651589535267405	0.4609284719602205
0.15458062945156814	0.3847021693478624	0.4607172012005696
0.15577373579318188	0.38387713326039313	0.4603491309464251
0.1525594705129956	0.38393425355597355	0.46350627593103094
0.15406438100708472	0.3832392199482951	0.4626963990446203
0.15327120841127673	0.38604426389322866	0.4606845276954947
0.15246480121996997	0.3853447216708693	0.46219047710916084
0.15434140588211248	0.3836161935470379	0.4620424005708497
0.15533483899624606	0.38272953078870686	0.4619356302150472
0.1533966075776118	0.3863302954090237	0.4602730970133646
0.15430955568821875	0.38309179924056885	0.4625986450712125
0.1531080314721881	0.38496526776122253	0.46192670076658954
0.15514725548467	0.38477141777951485	0.4600813267358152
0.15582514613241094	0.38367489432558216	0.46049995954200706
0.15279970592126535	0.38521441755079805	0.46198587652793677
0.15320613354540494	0.3865013378200975	0.4602925286344977
0.15318128931328728	0.3849961621040098	0.46182254858270305
0.15247942837069994	0.38621198900592674	0.4613085826233735
0.1533678072081079	0.38345727675708785	0.46317491603480443
0.15367591796761468	0.38317145872550235	0.4631526233068831
0.15297802221822487	0.3860155930201819	0.4610063847615934
0.15372402437468594	0.3847787125161469	0.4614972631091672
0.15345138664034746	0.3837026733978675	0.46284593996178514
0.15375715613111596	0.38503722665215445	0.46120561721672976
0.15363870883476333	0.38619343047480725	0.4601678606904296
0.15488610021727367	0.38310288987186253	0.46201100991086397
0.15411311760445362	0.38315259983409794	0.46273428256144855
0.1551053288765059	0.3830580560692182	0.461836615054276
0.15446538374986668	0.3854583146876427	0.4600763015624908
0.1531221564761176	0.3861373362835228	0.46074050724035964
0.15435019956134904	0.38523006515032343	0.4604197352883277
0.15325232691772492	0.3841436663081197	0.4626040067741555
0.15275219554459932	0.38498732717639705	0.46226047727900377
0.15449869429109642	0.38583483157021603	0.45966647413868766
0.15457059317444533	0.38529686562601273	0.46013254119954206
0.15275701352905557	0.3863810854707243	0.46086190100022023
0.15323758237343024	0.3834702355532481	0.4632921820733218
0.15318574634492543	0.38556386748937527	0.46125038616569947
0.1530347280995036	0.38504088072786263	0.46192439117263384
0.1546432766029764	0.3828240994266016	0.4625326239704221
0.15350564961119112	0.38490348651740014	0.4615908638714089
0.15426107852660897	0.38394783399616	0.4617910874772312
0.15267782639144029	0.38510407343727765	0.4622181001712822
0.15268536363407406	0.3861656239932866	0.4611490123726395
0.1529783781822776	0.3851245331805762	0.4618970886371463
0.15379381398539854	0.38640954495261126	0.45979664106199036
0.15353788166667193	0.38683417218761923	0.459627946145709
0.15367046554187389	0.38614392805849107	0.4601856063996351
0.15487956440065026	0.3854944567056979	0.459625978893652
0.15438227578366687	0.3830721492796027	0.46254557493673054
0.154199504925209	0.3831453162458709	0.46265517882892027
0.15365920183830958	0.3835439832306519	0.46279681493103864
0.15581530883814443	0.38344992855443827	0.4607347626074174
0.15393287157864338	0.3842688144728425	0.4617983139485142
0.15554440244531798	0.38398322862783496	0.4604723689268472
0.15384234973810212	0.3828610002051609	0.4632966500567371
0.15249620945734882	0.3861700765525246	0.4613337139901267
0.15285474901684803	0.3857525314370283	0.4613927195461237
0.15247469550222637	0.3869150877335823	0.46061021676419145
0.15287250419737364	0.38619158823709554	0.46093590756553093
0.15248924997649205	0.38488259089996524	0.4626281591235428
0.15417487109691122	0.3846787733592872	0.4611463555438017
0.15519835778491436	0.38361057735304227	0.4611910648620435
0.15250431449108678	0.3844238381689957	0.46307184733991763
0.1534834231227752	0.38301984735439976	0.46349672952282517
0.1546138932559144	0.3841086333264907	0.46127747341759506
0.15574290281974906	0.38418353579339454	0.4600735613868565
0.15269476129122478	0.3868200501649698	0.4604851885438056
0.15311539914951278	0.38689995351401274	0.4599846473364746
0.15380554260888496	0.38338656745171223	0.4628078899394029
0.1526824405328916	0.3844957473900062	0.4628218120771024
0.15319835628828704	0.38559983659110336	0.46120180712060976
0.1532626583630065	0.3837320879657471	0.4630052536712465
0.1531414893412671	0.3852279680632694	0.46163054259546366
0.15351979866065946	0.38310667081962213	0.4633735305197185
0.15310799894248128	0.3864053645289349	0.46048663652858396
0.15400655023120896	0.3831772240206619	0.46281622574812925
0.15421939431740303	0.38466996829302125	0.46111063738957586
0.15356174045568774	0.3832899961568672	0.4631482633874452
0.15480225526859182	0.38461930892322643	0.4605784358081819
0.1530968388503245	0.38479811075675424	0.4621050503929214
0.1537051210731455	0.3854405607283995	0.4608543181984552
0.15415618698345213	0.3829590862994796	0.4628847267170684
0.15450820953064198	0.38381833829249395	0.4616734521768642
0.1544658988673474	0.38570620045446113	0.45982790067819157
0.1548996010065758	0.3842296680464393	0.46087073094698505
0.1557977627545013	0.3841222465441471	0.4600799907013517
0.15503034087659578	0.3837130125425628	0.46125664658084153
0.1553444225240071	0.3828753632008049	0.4617802142751881
0.15344349383886996	0.38396162701515674	0.4625948791459734
0.15442674380881577	0.3843450719766578	0.4612281842145266
0.1542951178229896	0.38462312261682646	0.46108175956018405
0.15436108388130088	0.38343100186175655	0.46220791425694263
0.15464069784306583	0.38424574131525235	0.461113560841682
0.15559862639116007	0.38297169754093324	0.46142967606790686
0.15287224301100844	0.3862135892340981	0.4609141677548936
0.1534271427000176	0.3837284007909283	0.46284445650905426
0.15537803510478873	0.3849310181807595	0.4596909467144519
0.15508930058391068	0.3837232756652719	0.4611874237508175
0.1553755071030074	0.3843354986701919	0.4602889942268008
0.15531202253850987	0.38271243817713774	0.46197553928435253
0.15447569555074697	0.3848390127777716	0.46068529167148153
0.15575723476344006	0.38280839701903013	0.4614343682175299
0.15243566626306865	0.3852658450633629	0.46229848867356854
0.15383515021781716	0.3863099089509765	0.4598549408312065
0.15434392173828237	0.3848317562639827	0.46082432199773504
0.15584349260646133	0.3837436058827252	0.4604129015108136
0.1523977356225138	0.3867187886905605	0.4608834756869258
0.15399427624014525	0.3829346164158416	0.46307110734401324
0.1540808872580905	0.38387883133378436	0.46204028140812525
0.1548549462084874	0.38333238157959326	0.46181267221191946
0.15300229856856928	0.38685827088839686	0.46013943054303397
0.15364514542795527	0.3830101578691068	0.46334469670293804
0.1540093585509608	0.38503723334510764	0.46095340810393165
0.15484222279861823	0.3842950001948991	0.4608627770064828
0.15343752822342693	0.3861486883289398	0.4604137834476334
0.15563503839848208	0.38291047523998895	0.4614544863615291
0.15355269199915517	0.3855050129990981	0.4609422950017468
0.1526622426470049	0.3861564661591356	0.4611812911938596
0.15326221082375824	0.38435915850119573	0.46237863067504614
0.1524644143650281	0.3842551631843137	0.46328042245065837
0.15300221670775724	0.38598571660216136	0.46101206669008155
0.1524107662914844	0.3841228615290673	0.46346637217944836
0.1555782935629183	0.3837696894888457	0.4606520169482361
0.15480175363744086	0.3851178858598494	0.46008036050270984
0.15244220482358545	0.38612089775243713	0.46143689742397753
0.15431283219006148	0.3859244528930949	0.45976271491684373
0.15246097586226698	0.385799158714937	0.4617398654227962
0.15294316075850842	0.38408759514883045	0.4629692440926612
0.15566462493532024	0.3846738188580278	0.45966155620665206
0.15393784138526162	0.3864351479896134	0.4596270106251251
0.15454654388444905	0.383056462402889	0.46239699371266213
0.15533909890010159	0.3827106277241908	0.4619502733757077
0.15245184245639132	0.3841529757831787	0.46339518176043015
0.15287067413569388	0.3846205519872505	0.4625087738770558
0.15565069552638344	0.3838859731102247	0.4604633313633919
0.15377705893162835	0.3835781100872482	0.4626448309811236
0.15418517575721144	0.38384292475871873	0.4619718994840699
0.15409742473312182	0.38396425769299863	0.46193831757387965
0.1528929566029899	0.3850277151766575	0.4620793282203527
0.15351801846215574	0.38575892372125264	0.46072305781659173
0.15440760647373275	0.3837377120755717	0.46185468145069564
0.1558656907670475	0.382655571766642	0.46147873746631063
0.1540684128070737	0.38524320180519067	0.46068838538773577
0.15342765511913148	0.3861821607192367	0.4603901841616319
0.15491895483590135	0.3839715755971803	0.46110946956691845
0.15396449040296256	0.3843932021419229	0.4616423074551147
0.15441063378691894	0.38292206759468367	0.4626672986183975
0.1533597301934249	0.38433992065627665	0.46230034915029855
0.1527465358778153	0.3840881112527563	0.4631653528694285
0.15418405385765838	0.38360211170568886	0.46221383443665287
0.15525668268162773	0.38380866589351703	0.4609346514248554
0.15561999794499276	0.3835319707041959	0.4608480313508114
0.15354086624558594	0.38512263576607003	0.46133649798834414
0.1544488007050425	0.3855108329784368	0.4600403663165208
0.15430899807403559	0.3834961969734725	0.4621948049524921
0.15487571359756214	0.38300587257072655	0.46211841383171137
0.15341098398292607	0.38465101161203474	0.46193800440503935
0.15294636228423308	0.3856770727153939	0.4613765650003731
0.15358796717677473	0.3867563961328776	0.4596556366903478
0.15559839961899108	0.38432883828725883	0.4600727620937502
0.1541223965799228	0.38429748551224635	0.461580117907831
0.1551651052724669	0.38464874329509635	0.4601861514324369
0.1532482809154233	0.3853664122919749	0.461385306792602
0.15546064491679348	0.38347165655274973	0.46106769853045687
0.15534867034992578	0.38294489870277465	0.4617064309472997
0.1550448080081664	0.3832322576138523	0.4617229343779814
0.15240734800788047	0.3867161863156478	0.46087646567647184
0.15553394751693622	0.3840794438385171	0.46038660864454684
0.1531634411878435	0.38643784025365224	0.4603987185585044
0.15525900358399575	0.3831117782536223	0.4616292181623821
0.15340693696765256	0.3849008702639561	0.46169219276839146
0.15339365440585895	0.38691567731643045	0.4596906682777107
0.15322266052291528	0.38516745830300614	0.46160988117407864
0.1545962264564567	0.3849525475447561	0.4604512259987873
0.1537699109291406	0.3863393928447028	0.45989069622615675
0.15316619880788782	0.3856735013579098	0.4611602998342025
0.15402941490545952	0.38606153535977233	0.4599090497347683
0.15313377913521922	0.38437161035731704	0.4624946105074639
0.15450500563395203	0.3844430602247323	0.4610519341413158
0.15373301209154822	0.38467305008598207	0.4615939378224698
0.15369585985173237	0.38651566274480464	0.4597884774034631
0.15442488389035536	0.3844618585374885	0.46111325757215627
0.15408628139016853	0.38391489893307035	0.4619988196767612
0.1556638670850855	0.3843747747008097	0.4599613582141049
0.1556082748438281	0.38290952610654583	0.4614821990496262
0.15316198813731335	0.384318405835267	0.46251960602741976
0.15514581299730806	0.38463130640145893	0.4602228806012332
