0.18338846381648613	0.267198158916952	0.5494133772665619
0.18043079610784857	0.27271458909813506	0.5468546147940165
0.1825761567972911	0.27054437532313147	0.5468794678795776
0.17970369477288178	0.2750396091976661	0.5452566960294523
0.1816880623494904	0.2716281045131482	0.5466838331373616
0.18140541293615084	0.2714999342448004	0.5470946528190489
0.18286124404412346	0.2713308500539779	0.5458079059018988
0.1829276907527593	0.26752803208338954	0.5495442771638512
0.1812350139754769	0.2775822096466758	0.5411827763778474
0.18189253653654677	0.27319192091026856	0.5449155425531848
0.18027130304084107	0.2736341968534017	0.5460945001057573
0.17998351267869858	0.2799381560100681	0.5400783313112334
0.18007872690034696	0.2757395043502813	0.5441817687493719
0.18091806272757205	0.26888517238433385	0.5501967648880942
0.18293321625820871	0.2711669293249762	0.5458998544168152
0.18052109020943827	0.27166781254874556	0.5478110972418163
0.18161736632437517	0.2746792113674322	0.5437034223081928
0.17991230224296428	0.2773100124037057	0.5427776853533302
0.18238352751154496	0.2717690587765948	0.5458474137118604
0.1833311456883086	0.2741357544956787	0.5425330998160128
0.18126002308299835	0.27188880068870225	0.5468511762282995
0.18271141280208408	0.26821807461076075	0.5490705125871552
0.18287328209265463	0.268705632319418	0.5484210855879275
0.18109340551819142	0.2781358707846521	0.5407707236971566
0.1805940329667818	0.2788995351877923	0.540506431845426
0.18106339804987917	0.27060064865908395	0.548335953291037
0.1819878865503928	0.2761451146627122	0.5418669987868951
0.17989866101439975	0.2734527711947217	0.5466485677908786
0.18068985560572992	0.269821415120277	0.5494887292739932
0.1822207194074931	0.2708165319726076	0.5469627486198995
0.18080314850284532	0.2772641155300619	0.5419327359670929
0.18205346098273373	0.26872428435227236	0.5492222546649941
0.18304206520507355	0.2737649652671168	0.5431929695278097
0.18028529544783828	0.27092622479635575	0.5487884797558061
0.1824138082473974	0.2771858068406011	0.5404003849120016
0.18045755914678702	0.2704489323190241	0.5490935085341889
0.18043026694817588	0.271214873008012	0.5483548600438122
0.18314428300383667	0.27615449703811973	0.5407012199580437
0.1802900766215825	0.27100914973199836	0.5487007736464193
0.1828440211916941	0.2719613490798465	0.5451946297284596
0.18159893050032805	0.27402662123433597	0.5443744482653361
0.18052546920514864	0.2701255733989324	0.5493489573959192
0.1799516221667105	0.2770163172947678	0.5430320605385218
0.18110102429538813	0.2748293063189362	0.5440696693856757
0.18121740338298084	0.27328378981369367	0.5454988068033256
0.18228482571989013	0.27389643154407006	0.5438187427360399
0.18058490834311844	0.27292077523695385	0.5464943164199279
0.18265080130211261	0.2733861223984384	0.5439630762994492
0.17994758617897322	0.27209876817739365	0.5479536456436332
0.18221356336709854	0.2737076641512361	0.5440787724816656
0.18250177401109774	0.2718090464603641	0.5456891795285383
0.18155234051574196	0.2723149079580548	0.5461327515262033
0.18064038978425215	0.277846715677014	0.541512894538734
0.18131917161946182	0.27695619669762594	0.5417246316829124
0.18044654242719554	0.2766184086081582	0.5429350489646464
0.18166331219340906	0.27624982184846125	0.5420868659581298
0.17975502688367298	0.27767917374156675	0.5425657993747603
0.18298285783482968	0.27327531931434035	0.5437418228508302
0.18124961236856948	0.27651764766125514	0.5422327399701755
0.1820333467215373	0.26868419689067174	0.5492824563877912
0.18102959145430075	0.2728206382665691	0.5461497702791303
0.18200350790077838	0.2734616499930093	0.5445348421062124
0.18002163055480738	0.2785734201455614	0.5414049492996313
0.18319122149729344	0.27593446576371805	0.5408743127389886
0.1816811017310005	0.27227034087145874	0.5460485573975409
0.1814625771232798	0.27525052967393016	0.5432868932027902
0.1827793327959406	0.2763250843249567	0.5408955828791028
0.18017678114119443	0.27397237266596114	0.5458508461928445
0.18122384496142818	0.2749879127788153	0.5437882422597566
0.18256915695825707	0.27103318252898556	0.5463976605127575
0.18108861100763463	0.27548341746646393	0.5434279715259016
0.18040278347913852	0.27524421930441006	0.5443529972164515
0.18152228320611682	0.2697558454745984	0.5487218713192848
0.1825556683952506	0.2702655971011976	0.5471787345035519
0.180540958825261	0.27066511253772274	0.5487939286370165
0.1807613836446984	0.2706479301795092	0.5485906861757925
0.18217925294442874	0.2712430632382198	0.5465776838173516
0.18011315952426557	0.27353890263592856	0.546347937839806
0.18212257278412186	0.2762724427348241	0.5416049844810541
0.18172932257880958	0.2694178100490585	0.548852867372132
0.18325230287003283	0.2680669491263198	0.5486807480036475
0.1833163844291297	0.26811175609210997	0.5485718594787604
0.18077637295925905	0.2773874543910591	0.541836172649682
0.183308607741499	0.2705961001856817	0.5460952920728194
0.1818214573007427	0.2683910038215324	0.549787538877725
0.18183649724129397	0.2770065740963535	0.5411569286623527
0.1808664032919939	0.2764200505296443	0.5427135461783619
0.1815464201585752	0.2714214671649906	0.5470321126764343
0.1800173222797078	0.2794680803250896	0.5405145973952028
0.18245968314523314	0.27523696241663054	0.5423033544381365
0.18224802327560877	0.27589239118072	0.5418595855436714
0.18031605884317883	0.2797391950734946	0.5399447460833267
0.18007309010598535	0.2740997784693905	0.5458271314246244
0.1819104733681585	0.27385919937126396	0.5442303272605776
0.18119212942893975	0.27790787119251525	0.540899999378545
0.18199511758222503	0.2740031575039354	0.5440017249138397
0.18291391618544353	0.2766248854511285	0.540461198363428
0.18096643203452847	0.27354970734606765	0.545483860619404
0.18300182605383788	0.27090494191099646	0.5460932320351658
0.1812358304946316	0.2720994890109308	0.5466646804944377
0.18136854336763192	0.2702858362466672	0.548345620385701
0.18309188819901775	0.27002267692823684	0.5468854348727455
0.1807992541675266	0.2693777598769631	0.5498229859555104
0.18084889134471652	0.27116315328989576	0.5479879553653879
0.1832851550554431	0.2734871999250517	0.5432276450195053
0.18164197631391965	0.27291218380342297	0.5454458398826575
0.18330998411673582	0.26764780966123464	0.5490422062220296
0.1826334608815079	0.2725094786557217	0.5448570604627705
0.18270272949541666	0.26916333471772386	0.5481339357868596
0.1827922442845808	0.26944833666574985	0.5477594190496694
0.18160363213755792	0.26923628234962044	0.5491600855128218
0.1823083801553753	0.27744645386607364	0.5402451659785512
0.1817177106136077	0.2780765076852341	0.5402057817011583
0.18199588298753872	0.27007149543834463	0.5479326215741168
0.1797045896524828	0.2771949069763453	0.543100503371172
0.18303074770301744	0.2736710995200068	0.5432981527769759
0.18091860996488954	0.2693509489104091	0.5497304411247015
0.18335911309809064	0.275443138225793	0.5411977486761165
0.18121874200344193	0.27583384627383317	0.5429474117227251
0.18308627912140663	0.2705840048696405	0.546329716008953
0.18282887806756004	0.2742720383543072	0.5428990835781329
0.18072693745230298	0.2725993941819101	0.546673668365787
0.18096872840718395	0.278386655220159	0.5406446163726571
0.18313073888587925	0.26743307825756274	0.5494361828565582
0.18264865720711562	0.27323662611773286	0.5441147166751517
0.1811363287082883	0.27755757110230694	0.5413061001894048
0.1818789305289657	0.2765044384942405	0.5416166309767939
0.17992378588420652	0.2728327045330602	0.5472435095827334
0.18291478285596316	0.272895128736929	0.544190088407108
0.18177943843963723	0.2693069760482366	0.5489135855121263
0.18140941181559248	0.2733289864482717	0.545261601736136
0.1821943350048393	0.2749679678955323	0.5428376970996285
0.18066892346792235	0.27214403380968377	0.547187042722394
0.18216291542708557	0.27585274289472383	0.5419843416781907
0.18067136418299903	0.2740616396522208	0.5452669961647802
0.18327023205364829	0.27199118651441734	0.5447385814319345
0.18124685026046716	0.2709221799584348	0.5478309697810981
0.18056080593540952	0.2714862398658401	0.5479529541987505
0.1803688895362091	0.27822489214354307	0.5414062183202479
0.18185977793712896	0.26887162027210454	0.5492686017907666
0.18019781667110543	0.27532664003269885	0.5444755432961959
0.18306690439339973	0.2707986644011715	0.5461344312054288
0.1828510616199723	0.26843595435714807	0.5487129840228797
0.18233675051659595	0.2764720557401389	0.5411911937432653
0.1803337923210047	0.270473711162605	0.5491924965163905
0.18273543099468434	0.26854172851884106	0.5487228404864747
0.1819290871810809	0.27251267181050665	0.5455582410084127
0.1814984793843087	0.2713974125481013	0.5471041080675901
0.18026512426839203	0.2736796478192296	0.5460552279123785
0.1825618350007255	0.27369476491158745	0.5437434000876871
0.1814115295793607	0.27462006931336036	0.5439684011072791
0.18167120305771256	0.2709323606805304	0.5473964362617572
0.17992654210488424	0.27959948671956647	0.5404739711755494
0.18127089325988088	0.2738691102747663	0.5448599964653529
0.1808794781720009	0.27717139294854687	0.5419491288794523
0.18006466019608067	0.27776077327592086	0.5421745665279987
0.1800570603792693	0.27809218192126106	0.5418507576994698
0.18041054331190928	0.2792616086335119	0.540327848054579
0.18069937501947803	0.277144371829146	0.5421562531513762
0.18339286404903035	0.26899965979286167	0.5476074761581081
0.18077605319890122	0.27357245832666915	0.5456514884744297
0.18129865930585148	0.27043151139875127	0.5482698292953974
0.1811921061703923	0.27098922819591037	0.5478186656336974
0.18021240607722425	0.2767461159064018	0.543041478016374
0.18085003967010424	0.277095170478737	0.542054789851159
0.18058234565047315	0.27715848216325156	0.5422591721862754
0.18026146224026887	0.2754053814738064	0.5443331562859248
0.18244663860762952	0.27580211037948993	0.5417512510128807
0.1797403616873958	0.27687514336476443	0.5433844949478399
0.18320877709169933	0.27391465828359984	0.5428765646247009
0.1797038601176832	0.27698540007569805	0.5433107398066188
0.18167132124296678	0.26873628995898247	0.549592388798051
0.18168118129432415	0.273064438209148	0.545254380496528
0.18326077460666823	0.2726484340572527	0.5440907913360793
0.1817749465340267	0.27290322011860146	0.5453218333473719
0.18135279366670745	0.2776963575388638	0.5409508487944289
0.18197864798813368	0.27350083157344096	0.5445205204384255
0.1825274969496731	0.2688341537748258	0.5486383492755011
0.1828570653723941	0.276689513275639	0.540453421351967
0.18139416489374124	0.2687148623310925	0.5498909727751664
0.18047890836990582	0.27170880481446413	0.5478122868156301
0.1811445206829537	0.2720917035514616	0.5467637757655848
0.18137830990551798	0.27240463913325724	0.5462170509612249
0.18155619195420702	0.2784340517557166	0.5400097562900765
0.1821363418913618	0.278032838594394	0.5398308195142443
0.1800324832741895	0.2787067098592967	0.5412608068665139
0.18071678928182178	0.2745388205314854	0.544744390186693
0.1830238030843134	0.268272261265566	0.5487039356501207
0.18045592771373087	0.27465180726300487	0.5448922650232644
0.18244642554214616	0.2698905036742417	0.5476630707836122
0.18308282679436708	0.27263365107462895	0.5442835221310041
0.18107962282449272	0.27593915096662414	0.5429812262088833
0.18239801969017733	0.27618204503249993	0.5414199352773228
0.1810226249239083	0.2774883270402259	0.5414890480358658
0.18222396149985642	0.2734230932794865	0.5443529452206572
0.18014860930183435	0.2766961694067778	0.5431552212913879
0.18002576423572825	0.2706787132180356	0.5492955225462364
0.18103847515660235	0.2709060623983543	0.5480554624450434
0.18324692177624086	0.2711542973020863	0.545598780921673
0.18001108955666967	0.2719161213282527	0.5480727891150777
0.1801717629854273	0.2731601331029528	0.54666810391162
0.18268875766684503	0.2757577566653009	0.5415534856678541
0.1833182345276447	0.2737057933562425	0.5429759721161129
0.18340866865465896	0.275736113501479	0.5408552178438621
0.18023106874679443	0.2717832373663368	0.5479856938868688
0.17980868157044597	0.2705139585570366	0.5496773598725175
0.18120632234855844	0.27201008071443866	0.546783596937003
0.18329203697170843	0.2675978215674952	0.5491101414607965
0.18037950188609375	0.272070631588828	0.5475498665250784
0.1808101100385648	0.27273999303941476	0.5464498969220206
0.1819344072253611	0.2768576193928356	0.5412079733818034
0.18008087288721017	0.2758623929048017	0.5440567342079883
0.1815105680487091	0.2749725823873445	0.5435168495639464
0.17982556100269356	0.27037009246694627	0.5498043465303604
0.18108352178095866	0.2770638227021606	0.5418526555168808
0.17986499473411646	0.2789439699574481	0.5411910353084356
0.18170390315067195	0.2702431988520817	0.5480528979972464
0.181993755117046	0.2731781388612786	0.5448281060216755
0.1826058170201328	0.27560908372683723	0.5417850992530301
0.18167171655878422	0.2713553534456828	0.5469729299955332
0.1808236108212185	0.2757592729387885	0.5434171162399931
0.1821273168850331	0.27491503870601647	0.5429576444089506
0.18046491699865205	0.2714489440308813	0.5480861389704668
0.18208904644648127	0.27566040700329	0.5422505465502289
0.18075519082415847	0.273206333738988	0.5460384754368537
0.18194465428933174	0.27502144832240627	0.5430338973882621
0.18112025183347916	0.2728289318533061	0.546050816313215
0.18023111183850996	0.2719883732645976	0.5477805148968926
0.18096956817055995	0.26884307419090386	0.5501873576385363
0.18338494161758181	0.27221172056761483	0.5444033378148034
0.18047290630916155	0.2737286789091573	0.5457984147816812
0.18337244716678536	0.26876048954537035	0.5478670632878444
0.18023785707719356	0.27319957556114355	0.546562567361663
0.18272423555566747	0.27429104034289914	0.5429847241014335
0.18005857767567537	0.2745144903851252	0.5454269319391996
0.18101394406774965	0.2726814954969524	0.5463045604352981
0.18062923443430862	0.2728961877567797	0.5464745778089117
0.18142185708613293	0.2720872477275312	0.5464908951863361
0.18002705514565023	0.27858960990861853	0.5413833349457313
0.18262154539749834	0.2712010236197507	0.5461774309827511
0.18323503177137113	0.26878902139468563	0.5479759468339434
0.18101900998276974	0.2719326304018074	0.547048359615423
0.18338196957985192	0.2676786918729239	0.5489393385472243
0.18263078926998627	0.2703218151315651	0.5470473955984487
0.18197088772342904	0.2711256160495463	0.5469034962270247
0.18125474658158552	0.2733717252931463	0.5453735281252683
0.1803032051159107	0.2725367945278846	0.5471600003562048
0.1815277381423563	0.27377193537558125	0.5447003264820626
0.18190051591964992	0.27388068163630774	0.5442188024440424
0.18295994116809552	0.26852771331394715	0.5485123455179575
0.18276877445242856	0.26792358635325597	0.5493076391943156
0.18057572241514572	0.27801395526332795	0.5414103223215265
0.18121072080774675	0.2749696136065566	0.5438196655856967
0.18163742582667347	0.2753838128943271	0.5429787612789995
0.18245754550241586	0.2746025168629336	0.5429399376346506
0.18110354514826185	0.2773375555822069	0.5415588992695313
0.18258223274413427	0.2746588247264974	0.5427589425293685
0.1828480818180274	0.2757448589689696	0.5414070592130031
0.17996021021731845	0.2768696635801029	0.5431701262025788
0.18087805659220685	0.27229841818494127	0.5468235252228519
0.1815401780504838	0.27525551768468876	0.5432043042648276
0.18150010662228788	0.2726777276590412	0.545822165718671
0.18245350121336804	0.27088327394856165	0.5466632248380704
0.17981119764624762	0.2740437511446669	0.5461450512090856
0.18014659780568862	0.27460333275331794	0.5452500694409935
0.18067421894873387	0.27008640952549745	0.5492393715257688
0.18096204608971808	0.2705826303441	0.548455323566182
0.1816672042667267	0.27532946198523744	0.543003333748036
0.18123161011063846	0.2769266217509152	0.5418417681384464
0.18134762875985103	0.27687259510568907	0.54177977613446
0.18084442432568287	0.27920984796598064	0.5399457277083366
0.18118713135200576	0.2769722912489183	0.5418405773990761
0.18082163095781909	0.27838486838944543	0.5407935006527356
0.18016648955474443	0.2743127027206142	0.5455208077246415
0.18095599991763997	0.2696524640503303	0.5493915360320298
0.18325824570620103	0.2719288412587005	0.5448129130350986
0.1823385153138033	0.2722747496305707	0.5453867350556262
0.17999134072599834	0.2744165906134444	0.5455920686605573
0.18021168522526204	0.27055252747769676	0.5492357872970413
0.18153951329624798	0.2687864198696561	0.549674066834096
0.18261780219362797	0.2709412724271924	0.5464409253791798
0.17993386543145504	0.27209887413132944	0.5479672604372157
0.18248829344406003	0.2712663351714302	0.5462453713845099
0.18021453266528042	0.2717018125881513	0.5480836547465684
0.17973015269103335	0.27036331763783833	0.5499065296711284
0.18064481457132134	0.27145391489214915	0.5479012705365296
0.18044836435829203	0.27231310551105015	0.5472385301306579
0.18319237382317372	0.26759071974206333	0.5492169064347631
0.18326838835967085	0.27182094351752173	0.5449106681228075
0.18251002434271854	0.26805962042099984	0.5494303552362818
0.1798540239523907	0.27031253120300236	0.549833444844607
0.18054302721331708	0.27698315048124905	0.542473822305434
0.1808105280361763	0.2762503643425996	0.5429391076212242
0.1811915847544921	0.2737059329884818	0.5451024822570263
0.17999654917330377	0.27829632492575435	0.541707125900942
0.17975493581754756	0.27272169132909163	0.547523372853361
0.18304589583949532	0.27026959887578744	0.5466845052847173
0.18248742916965385	0.26927775108285545	0.5482348197474908
0.18187718378592488	0.27071313523101465	0.5474096809830605
0.18287911796765202	0.27472519012475427	0.5423956919075938
0.17976364454596705	0.2730058996593874	0.5472304557946457
0.1809733363377949	0.27078363793747096	0.5482430257247343
0.18310071630578334	0.27490970888270094	0.5419895748115158
0.18189180296275498	0.2774516569634265	0.5406565400738186
0.18002459981949737	0.27626447680638344	0.5437109233741193
0.18168627374991728	0.26962756919306086	0.548686157057022
0.18126437711212817	0.2690239923850118	0.5497116305028601
0.180847486283014	0.2715355736201033	0.5476169400968829
0.18008446283378735	0.2743551056514689	0.5455604315147439
0.1825603038135517	0.2731101605960091	0.5443295355904393
0.18170131179067706	0.2784758345003623	0.5398228537089608
0.1823241702737216	0.2710757278884304	0.5466001018378481
0.18157109040859112	0.2756495018617574	0.5427794077296515
0.18117902147981538	0.2786864865466194	0.5401344919735653
0.1811024968596777	0.2711450971664044	0.547752405973918
0.180028409618808	0.27903958695570935	0.5409320034254828
0.1826200030095736	0.2688875227319821	0.5484924742584445
0.1806509695136493	0.2722403294238404	0.5471087010625104
0.1805713015453628	0.27369026005011077	0.5457384384045265
0.18242263991043084	0.27202183220117704	0.5455555278883922
0.18016627527272824	0.278291256612189	0.5415424681150829
0.18079140389805765	0.27094403998016725	0.5482645561217752
0.1828258764023439	0.27110992017879376	0.5460642034188624
0.17988590457462514	0.27618216450563615	0.5439319309197388
0.18188748075381359	0.2724204476336393	0.5456920716125472
0.18186165542929733	0.2728508455792294	0.5452874989914733
0.1809758881005284	0.2710802930499709	0.5479438188495008
0.17973386692878293	0.2737296612685961	0.5465364718026211
0.1816399833910074	0.2750331674899125	0.5433268491190801
0.17990867116305417	0.27809483895511167	0.5419964898818342
0.18302357291691154	0.2672789363375055	0.549697490745583
0.17997797393128628	0.2777415113304631	0.5422805147382508
0.18055430005208667	0.2712228986399618	0.5482228013079516
0.18260201038697882	0.2690449660793129	0.5483530235337084
0.18290223387100352	0.2736333536365688	0.5434644124924277
0.18112892608989342	0.2695718416009385	0.5492992323091682
0.18012858394509546	0.2741414673688664	0.5457299486860383
0.1813653084031378	0.2775588524860674	0.5410758391107949
0.18297667896803732	0.2749109090008793	0.5421124120310835
0.18206082747551847	0.27591489951284953	0.5420242730116321
0.17991302332736717	0.2718873693811807	0.5481996072914522
0.18037875552285826	0.27081873932230904	0.5488025051548329
0.18291350374146795	0.27731043912659326	0.539776057131939
0.18162609376415428	0.27210244345771073	0.5462714627781351
0.18039433878809538	0.27001377321866804	0.5495918879932367
0.18088552736732308	0.2693688508790376	0.5497456217536394
0.1797842586082236	0.27274563811641184	0.5474701032753646
0.18122251337379183	0.27605890856883897	0.5427185780573693
0.18181340608892083	0.2755528754626051	0.5426337184484742
0.18127129875118092	0.27420855743907985	0.5445201438097393
0.1823228008266985	0.26767575073080696	0.5500014484424947
0.1801201935984937	0.2700851336765706	0.5497946727249358
0.18278388812025295	0.27094290090223133	0.5462732109775159
0.18033911716977472	0.27944181597609435	0.540219066854131
0.1812856754889768	0.2752683574486823	0.543445967062341
0.18129260179267243	0.2703109919994562	0.5483964062078716
0.18081068037170456	0.27194824334989914	0.5472410762783964
0.1816332545440849	0.27353018668324275	0.5448365587726725
0.1832740937147359	0.2667295330040925	0.5499963732811717
0.18313242093785548	0.26980058793187445	0.5470669911302701
0.18331503547254785	0.27211944977830044	0.5445655147491518
0.18218709440110134	0.26952887308858897	0.5482840325103098
0.18046222813111817	0.27515655946965095	0.544381212399231
0.1829425455538487	0.2699207069972526	0.5471367474488988
0.1820459398887838	0.2711145394204213	0.546839520690795
0.1814469034764729	0.2731310449266286	0.5454220515968986
0.18041833272078553	0.2754301208632433	0.5441515464159713
0.1827895906143587	0.27607664309313934	0.5411337662925021
0.18105491844041602	0.26954099799605086	0.5494040835635332
0.18162905856287317	0.2730519818345869	0.5453189596025401
0.1809810165987222	0.27828240384120523	0.5407365795600727
0.18266781083045897	0.27604732069034255	0.5412848684791987
0.17996877321102114	0.2758491056960382	0.5441821210929407
0.18203340398193574	0.2735836452106742	0.5443829508073902
0.18209374599120556	0.26811896268054064	0.5497872913282539
0.183041465792443	0.2694918680201941	0.5474666661873631
0.18086958038783058	0.27388681169418155	0.545243607917988
0.17998972171131458	0.27660093236272093	0.5434093459259646
0.1801696394831619	0.2713554723201877	0.5484748881966506
0.18111247598384542	0.27103405445737055	0.5478534695587841
0.18113334916691115	0.27103001634840235	0.5478366344846866
0.1829880703448346	0.27327676770834286	0.5437351619468227
0.18300252806949252	0.2714235899534144	0.5455738819770932
0.18159777291887663	0.27040110433050396	0.5480011227506195
0.18039488693632594	0.2717571576916017	0.5478479553720724
0.1797849193178507	0.27511515948590237	0.5450999211962471
0.18193074887553184	0.2775423836393292	0.5405268674851391
0.18194409434036898	0.274363442870801	0.5436924627888301
0.18249600149344655	0.26852977051778615	0.5489742279887674
0.18025988126172016	0.2702010372792413	0.5495390814590386
0.18238204426599397	0.27290594930488377	0.5447120064291224
0.17980224764001845	0.27976996821714156	0.5404277841428401
0.18174769201660734	0.27423872954658535	0.5440135784368074
0.18085221033474566	0.27122533253349085	0.5479224571317636
0.1824554286016738	0.26812632354671023	0.5494182478516161
0.18330921285568422	0.2682174043808537	0.5484733827634622
0.18084892048403806	0.27835792279996896	0.5407931567159932
0.18019608283223554	0.2737575223275994	0.5460463948401652
0.18239776667328714	0.2743019354395245	0.5433002978871885
0.18268193945801994	0.27136379780301106	0.5459542627389691
0.18055291934855605	0.2724830113205645	0.5469640693308795
0.18295881716239407	0.2735692471242428	0.5434719357133633
0.1807375892284262	0.2764267061482398	0.5428357046233341
0.18043336220884654	0.27127175229894857	0.5482948854922051
0.18222773317024432	0.2707206759689528	0.547051590860803
0.1809719471411239	0.2756325019950978	0.5433955508637783
0.18007512049185923	0.27719686730265486	0.542728012205486
0.18132973646851672	0.2778146890907854	0.540855574440698
0.18002566554854593	0.27685806744781727	0.5431162670036369
0.17991004017436663	0.2771006239160167	0.5429893359096167
0.18055452782584275	0.2759970385358265	0.5434484336383308
0.18240693842310457	0.27596729425275035	0.5416257673241451
0.17971897117882726	0.2796977729829724	0.5405832558382004
0.18329663780720323	0.27655927350186854	0.5401440886909283
0.18226042380194468	0.2688877755079419	0.5488518006901135
0.1799188690529507	0.2727523999821008	0.5473287309649486
0.18287589561941658	0.2740239755360063	0.5431001288445771
0.1802297475747518	0.27840619394431076	0.5413640584809375
0.1830566636628416	0.27279972954962595	0.5441436067875325
0.18298384562774037	0.272326034821121	0.5446901195511387
0.18192055169604163	0.2760841775849502	0.5419952707190083
0.17987057976358425	0.2743999657083322	0.5457294545280836
0.18075657143465299	0.2781518566204944	0.5410915719448527
0.18293229653375837	0.2766907020901643	0.5403770013760775
0.18133286966256837	0.27109217643573086	0.5475749539017009
0.18056827372683565	0.27500592748482894	0.5444257987883355
0.18118332023074327	0.2691442703950229	0.5496724093742339
0.18166678072328624	0.2699954310462497	0.5483377882304642
0.18341468176886724	0.2674754175868638	0.549109900644269
0.18190334278068462	0.26820122384634415	0.5498954333729713
0.18231865627429852	0.27037816403210246	0.5473031796935992
0.1810692544085227	0.27253924110176614	0.5463915044897113
0.18046443332792	0.26968443524677377	0.5498511314253064
0.18163537944401717	0.27769686545870415	0.5406677550972787
0.1813025677764985	0.2748072705633801	0.5438901616601215
0.18264592156491613	0.2730520104563255	0.5443020679787585
0.18227893962500877	0.26781892642934035	0.549902133945651
0.1825708320267873	0.2682632748750882	0.5491658930981246
0.18032383975523938	0.273890754405967	0.5457854058387938
0.18070001959602836	0.2739353017817003	0.5453646786222714
0.18216528316367556	0.2710478098279541	0.5467869070083704
0.18120873171264765	0.2764481654715428	0.5423431028158098
0.1801831973672536	0.27449720877595835	0.5453195938567882
0.18294019293518052	0.271085948419519	0.5459738586453007
0.18061532603441285	0.2794460054141003	0.539938668551487
0.1825465613257251	0.2727421448385625	0.5447112938357125
0.18328554563038257	0.27565348611838253	0.5410609682512351
0.18129209624880294	0.2767859259375396	0.5419219778136576
0.18037517115173238	0.2794454502549861	0.5401793785932816
0.18070657271769244	0.27690644460236935	0.5423869826799383
0.17984327982485393	0.2790119275920348	0.5411447925831114
0.18021259761532404	0.2767587978544816	0.5430286045301945
0.18083159260033488	0.2708205680059625	0.5483478393937027
0.1832990763487361	0.27397400038817904	0.542726923263085
0.18116784000864275	0.2716381042651073	0.54719405572625
0.18194459394726054	0.2760997587442866	0.541955647308453
0.1827813942807109	0.2761797836092403	0.5410388221100488
0.18168345627860008	0.2742480350197309	0.5440685087016692
0.18068169462031836	0.27702446545264	0.5422938399270418
0.18003148913980263	0.2797650353914816	0.5402034754687158
0.1822369283406913	0.2693931141886561	0.5483699574706526
0.18278574305158757	0.26742551628347233	0.5497887406649402
0.18071261999723118	0.27204256745498967	0.5472448125477792
0.1824690219281892	0.2714945118577551	0.5460364662140558
0.18241561998660255	0.27734408579571945	0.540240294217678
0.18139809649878968	0.27013592783114126	0.5484659756700692
0.1827359397457136	0.26796197058998716	0.5493020896642994
0.18016342696005366	0.2705285832197613	0.5493079898201851
0.18321317873609375	0.2720272844095606	0.5447595368543457
0.17997852427583338	0.2707826114042701	0.5492388643198967
0.18021520964321278	0.27210582251311627	0.5476789678436711
0.18025539475655786	0.2729801003301345	0.5467645049133077
0.1834405596848861	0.2728118937720865	0.5437475465430276
0.18023529675738367	0.27138601676243906	0.5483786864801774
0.1834433278426073	0.2683728669155513	0.5481838052418415
0.18302196652626523	0.275073660286323	0.5419043731874118
0.18244803258220968	0.2744601543667742	0.5430918130510163
0.18008955734774965	0.2745039475115764	0.5454064951406741
0.18007770675759108	0.2791832223231749	0.5407390709192341
0.1834046386299684	0.27260565499777883	0.5439897063722529
0.18341963488019006	0.26674216534127415	0.5498381997785359
0.18153799692596637	0.26851576160973556	0.5499462414642983
0.18277650405611645	0.2676735812232273	0.5495499147206564
0.18192042388155794	0.2726758705934376	0.5454037055250045
0.18109832378259771	0.2769562148250612	0.5419454613923411
0.18133977716724176	0.2765182947800022	0.5421419280527562
0.18326181998186086	0.2668134789484855	0.5499247010696537
0.18141090880753827	0.27214597966937476	0.5464431115230871
0.18022341643719475	0.27280237984133715	0.5469742037214682
0.18243728476355078	0.27347956884577207	0.5440831463906772
0.18180580200446816	0.27034246426833297	0.5478517337271991
0.1808897392643451	0.27540633665412523	0.5437039240815298
0.18186547324283361	0.2701833087154046	0.547951218041762
0.1813207920280968	0.2744446795776693	0.544234528394234
0.18136865235808233	0.2720915846465617	0.5465397629953561
0.18037799055711623	0.2711847562718969	0.548437253170987
0.1831689010414068	0.2720453458222165	0.5447857531363769
0.18268835001843628	0.2724029274362388	0.5449087225453251
0.1807118110762802	0.2712184451521545	0.5480697437715654
0.18150426293458813	0.27790573339320396	0.540590003672208
0.1799279973101331	0.276685727849045	0.543386274840822
0.18047388986513324	0.27377842901043253	0.5457476811244344
0.1832087947992644	0.27426632643456256	0.5425248787661732
0.1816812420185371	0.27645304253818176	0.5418657154432812
0.18271377800858565	0.27375077096313294	0.5435354510282815
0.18173651833030713	0.27031333460576235	0.5479501470639306
0.18272171921618227	0.27502824441241686	0.542250036371401
0.18244365067950244	0.2725071321674922	0.5450492171530055
0.1818785389446159	0.27584638654176397	0.5422750745136202
0.17975944316314718	0.27542179768189295	0.54481875915496
0.18177616165324492	0.27533161617668017	0.542892222170075
0.17973264638244868	0.2788615644752622	0.5414057891422892
0.18102192039591977	0.27224709713087675	0.5467309824732036
0.18010069257807806	0.2769594311364364	0.5429398762854857
0.17993766200073494	0.2747241841946043	0.5453381538046609
0.18217119819162308	0.2705116606058522	0.5473171412025248
0.1802486185200637	0.2713406021113002	0.5484107793686362
0.18270767403000068	0.27242151666930264	0.5448708093006968
0.18072195262325763	0.27528977023800943	0.543988277138733
0.17992451481547123	0.2714490041682655	0.5486264810162633
0.18269167681090437	0.2740502985037384	0.5432580246853573
0.1820053340636873	0.2692303722250975	0.5487642937112154
0.1799502975840083	0.2731891244200675	0.5468605779959244
0.18297782743811897	0.27615386568410333	0.5408683068777779
0.1812912124060259	0.2737987798749064	0.5449100077190678
0.181182420538099	0.27266507757126507	0.546152501890636
0.18025163922387435	0.27420479874549547	0.5455435620306303
0.1834276808200097	0.2667193327741573	0.549852986405833
0.18028342784119092	0.2726576069770212	0.547058965181788
0.18266598465764483	0.2712383168644356	0.5460956984779196
0.1826953605880122	0.2703785836843798	0.5469260557276081
0.18343550253609084	0.26862264465713515	0.5479418528067742
0.1807640554811447	0.269015544087182	0.5502204004316735
0.1814459726938512	0.2765612924724065	0.5419927348337423
0.17996554976057874	0.27927608164295253	0.5407583685964688
0.18148055137782027	0.27355217245719615	0.5449672761649837
0.18321558984952543	0.26798231213730406	0.5488020980131706
0.18291919409398152	0.2696863876608371	0.5473944182451815
0.18016585796138995	0.279904223600969	0.5399299184376412
0.1807436550089553	0.2791986386994527	0.5400577062915921
0.18072120127989144	0.27544444459590467	0.543834354124204
0.18041053056855005	0.2723523179137478	0.5472371515177022
0.18303486382538153	0.2765578824271822	0.5404072537474364
0.18068675563645917	0.269801632811412	0.5495116115521289
0.18152022554788363	0.26860222005938006	0.5498775543927364
0.18265975602816	0.269262739207276	0.5480775047645641
0.1797144045688014	0.27721608235333267	0.543069513077866
0.18239380388358187	0.2697724814850954	0.5478337146313228
0.18194838330145027	0.26830957459125193	0.5497420421072979
0.18175586305544467	0.26930467538815067	0.5489394615564047
0.18277796064952462	0.2731683470763113	0.5440536922741641
0.18038708369211018	0.27824848357779064	0.5413644327300993
0.18130352965844446	0.27387638881131665	0.544820081530239
0.18093536087232817	0.27474270167608245	0.5443219374515895
0.1809669474411002	0.2723874456188317	0.5466456069400683
0.180846279449398	0.2713282058037154	0.5478255147468867
0.1831538744291789	0.2691478406500458	0.5476982849207754
0.18024391221467054	0.2715263887385026	0.548229699046827
0.18303436661490108	0.27247488287508537	0.5444907505100136
0.18288669098182597	0.2762314533247298	0.5408818556934444
0.18062812614193383	0.26984854741186776	0.5495233264461985
0.18235409347348933	0.27240858707470783	0.5452373194518029
0.17982446848885875	0.2767923009051648	0.5433832306059765
0.18059156924883138	0.27727587634933376	0.5421325544018349
0.18188272658383745	0.2775916937136853	0.5405255797024773
0.18011910052318592	0.26985619629161295	0.5500247031852012
0.18165454560705396	0.2746404125958868	0.5437050417970594
0.17994643753143105	0.2785947338254902	0.5414588286430788
0.18161693458526473	0.27723283201943977	0.5411502333952957
0.18003518750783062	0.2705766216125751	0.5493881908795943
0.18142853266177691	0.268391488703871	0.5501799786343522
0.18333247594947108	0.2709338733530577	0.5457336506974713
0.1832054281348309	0.26829826541906365	0.5484963064461056
0.18129494152708592	0.2690533363455367	0.5496517221273776
0.18334363311569418	0.27208449466628054	0.5445718722180254
0.1798846081529787	0.26993204550500394	0.5501833463420175
0.18056681705234057	0.27703071167087034	0.5424024712767892
0.1818401329671006	0.2766517500945985	0.5415081169383009
0.18053924528945123	0.27678657367235837	0.5426741810381905
0.1803016414561512	0.27417581242864214	0.5455225461152068
0.1798139533080559	0.2780798161257113	0.5421062305662329
0.18080841200433564	0.2737884592451968	0.5454031287504677
0.18087561843838018	0.2753246077009079	0.5437997738607121
0.18140025259230305	0.2707543456884657	0.5478454017192314
0.1797334764667249	0.2741732613130678	0.5460932622202074
0.1828557703759182	0.27265873683746317	0.5444854927866187
0.18298343950362428	0.27156934554954426	0.5454472149468316
0.18339105519751164	0.27251247088866415	0.5440964739138243
0.18338144184175423	0.2745856777319907	0.5420328804262552
0.18022990111444984	0.26997641114264886	0.5497936877429015
0.18275220907122658	0.2725508964029996	0.5446968945257739
0.1833921369186423	0.2715716009999058	0.545036262081452
0.18126101209726403	0.2765238952377978	0.5422150926649383
0.1808550212911628	0.278445177960242	0.5406998007485954
0.18007004465340062	0.27650897591374773	0.5434209794328517
0.18224086718505442	0.26859937707573583	0.5491597557392098
0.18150637815635912	0.2753073729933654	0.5431862488502757
0.18019454535101048	0.2696320635583968	0.5501733910905928
0.18015334662082938	0.27645708181856044	0.5433895715606103
0.18170984523034375	0.2766322209100422	0.5416579338596141
0.1801300078854306	0.2761514537598742	0.5437185383546953
0.18162396180219595	0.2707827530279377	0.5475932851698665
0.18091890845253805	0.27558368227497904	0.543497409272483
0.1813473983154849	0.27413749263971826	0.5445151090447969
0.18192008428063228	0.2697737263238733	0.5483061893954946
0.1813623459294217	0.27444944077278477	0.5441882132977937
0.18106553677438922	0.2702423089975669	0.5486921542280441
0.18097212610633684	0.2713031776214811	0.5477246962721822
0.18003442100691902	0.28000960660359603	0.5399559723894851
0.18138208333611322	0.2693797680417709	0.5492381486221161
0.18089222847380124	0.2731895810041402	0.5459181905220587
0.1802855903071159	0.27238406356959444	0.5473303461232898
0.1799598195728093	0.27081807585093076	0.5492221045762601
0.1822830307547282	0.27429688786940043	0.5434200813758715
0.18328902342408837	0.27689965381627196	0.5398113227596397
0.17986452150548887	0.2718814016756267	0.5482540768188845
0.17971160365182848	0.27329701544905616	0.5469913808991155
0.1824190548140986	0.27687701464313863	0.5407039305427629
0.18266842458966906	0.27026609595144074	0.5470654794588903
0.1815791597754277	0.27174702114843224	0.5466738190761402
0.18086117359378442	0.27633358558631177	0.542805240819904
0.18094602658930165	0.2761493800986953	0.5429045933120031
0.1797781352654644	0.27772192507700594	0.5424999396575297
0.18250123045374164	0.2724929871480239	0.5450057823982346
0.18207732171505014	0.2732634950928952	0.5446591831920548
0.18168982153831037	0.27226810346661834	0.5460420749950714
0.18057251510747643	0.27023588693223183	0.5491915979602918
0.18282808692829708	0.2750793915872599	0.5420925214844431
0.1831670519059124	0.2736821122801403	0.5431508358139475
0.1825730672018424	0.27433164230908086	0.5430952904890768
0.18053688041664506	0.27393764145536414	0.5455254781279909
0.18172136870480468	0.2688572096374384	0.549421421657757
0.18308640079491442	0.27327782834201086	0.5436357708630748
0.18098803667642172	0.27577012884179286	0.5432418344817855
0.18254615455085546	0.27459221994829824	0.5428616255008465
0.18049112639450304	0.276304467532532	0.543204406072965
0.1806974240229392	0.27291547580598047	0.5463871001710804
0.18055026572892804	0.27414878851769653	0.5453009457533755
0.18215974689214745	0.2713042028164508	0.5465360502914018
0.18248215413925284	0.2747936028521513	0.5427242430085959
0.18005422336965474	0.27890505034988494	0.5410407262804604
0.182245756491965	0.2680530170715323	0.5497012264365029
0.18087682872434663	0.2721495577900776	0.5469736134855758
0.18003077970633052	0.27070098302895973	0.5492682372647099
0.182455620022159	0.2699747342847558	0.5475696456930852
0.1819341322656419	0.2772825198738633	0.540783347860495
0.18107539819512308	0.2737365821716112	0.5451880196332659
0.1811245019249188	0.2722638848392201	0.5466116132358612
0.1819110575328805	0.2740433338459411	0.5440456086211785
0.1819058407032364	0.2704077785953797	0.5476863807013841
0.17979981992464436	0.27903163811022913	0.5411685419651266
0.18332382810921297	0.2746088869606662	0.5420672849301209
0.18215176781623552	0.27795872958342654	0.5398895026003381
0.18085964976759483	0.2757387967220502	0.5434015535103551
0.18113301534232987	0.27708194052186036	0.5417850441358099
0.1806241319804917	0.2708073572678455	0.5485685107516629
0.1809287216453224	0.2774919447628883	0.5415793335917894
0.18179545112901022	0.2723401758328294	0.5458643730381605
0.18184238998140684	0.27697839351769216	0.5411792165009011
0.1818812512429721	0.2765068899634696	0.5416118587935584
0.18046002493792765	0.2703480521313685	0.549191922930704
0.18258753446892464	0.2711968976783501	0.5462155678527254
0.18301864852186167	0.2758237636036746	0.5411575878744639
0.17997855611563116	0.2788502896861871	0.5411711541981818
0.1800114833090083	0.2748258179502772	0.5451626987407147
0.18074886074318963	0.2711551301116159	0.5480960091451945
0.18330298645640733	0.2755500044852012	0.5411470090583915
0.1816856894494713	0.2776441144865386	0.5406701960639902
0.1828003251766641	0.2768017054853803	0.5403979693379557
0.1802683854387353	0.2726192316070021	0.5471123829542627
0.1802620793493438	0.2696814779135805	0.5500564427370759
0.18071774111586258	0.27227499743071004	0.5470072614534275
0.18003082460792894	0.2787312073592681	0.5412379680328031
0.18185074785020455	0.27797864607192246	0.540170606077873
0.18034838796094246	0.2778188400828736	0.541832771956184
0.18020113833317342	0.2766544669500382	0.5431443947167884
0.1797720287200862	0.27482311149931726	0.5454048597805966
0.18148955302556236	0.2713466072774065	0.5471638396970313
0.18077078772790575	0.26929604813497743	0.549933164137117
0.18278426314928595	0.26892274033589836	0.5482929965148158
0.1834099688287662	0.2715467340378379	0.545043297133396
0.18209122618079462	0.27118402801816394	0.5467247458010416
0.1805461283549692	0.27311529986007343	0.5463385717849575
0.1797279048266565	0.2710387195072401	0.5492333756661035
0.1807363456825002	0.2769257131168741	0.5423379412006258
0.1800394857647875	0.27375693423345754	0.5462035800017551
0.18188128593954536	0.2756348397173296	0.5424838743431251
0.18037035072379873	0.279540672380137	0.5400889768960644
0.18109881838568895	0.2731824876319806	0.5457186939823305
0.18191187506961318	0.2743668049709844	0.5437213199594025
