0.016250840209981812	0.04139450330771038	0.11815338282909099	0.13444871178443696	0.20109740538995569	0.18698560858781282	0.08726111618501857	0.04358367398726915	0.022854097437287876	0.1479706602814358
0.0163846007980082	0.15751890933126375	0.11550909208624258	0.12761912605174547	0.11366623249725107	0.18032738555735794	0.09317125442027377	0.027228590538591654	0.01891466494748452	0.14966014377178108
0.024343077888402065	0.09630239278966535	0.11380960327585231	0.13974948816722968	0.11189659797935853	0.21581101226629024	0.08544722087493561	0.031370810827498194	0.030106799426056152	0.1511629965047119
0.02459931878239538	0.14013853648526817	0.10247429641390725	0.13497727730711492	0.12707365104077323	0.19820656916893098	0.08854230338598729	0.02708232335581502	0.020175184404239252	0.13673053965556856
0.018970315607134344	0.14957259404124726	0.13369345695892784	0.13259770075423022	0.04094857992783632	0.20633981016120528	0.11102066596773895	0.03901994855338818	0.017659023799018694	0.15017790422927288
0.017885647096267637	0.1375932068163852	0.10499776338012255	0.14382269622398333	0.10448679006473077	0.20441112087792776	0.09950230682475962	0.03605619915972906	0.02310549812261045	0.12813877143348368
0.027015510648398133	0.14190287964169265	0.12833492672591332	0.13297647719230007	0.07957351955704964	0.21728419366514584	0.08469361375129357	0.03545385719161796	0.01752802247389884	0.13523699915269
0.024826144950378895	0.1232460106891371	0.11374035056289444	0.13658765535712492	0.0781310053433803	0.2007755565804277	0.10819680679835735	0.04011446123858899	0.022459680317872627	0.15192232816183768
0.025708021280125795	0.07393836867953274	0.1408131748345303	0.1306897871551016	0.12155693779877559	0.1959669139902464	0.09473265470839044	0.030592736762325184	0.028888814572583757	0.1571125902183882
0.025435208139862123	0.08196497883763096	0.13183093369203475	0.14428427069908764	0.11806517421029689	0.2088995514346035	0.08993836673853825	0.03992503368106432	0.01985369745011624	0.13980278511676536
0.013972639014866117	0.06762803627547094	0.12701622074551122	0.13079660608384938	0.17429134952470943	0.18677579513762105	0.09465557295349679	0.038394516080651864	0.026699550643719233	0.139769713540104
0.02672140389176135	0.07075155271881842	0.12503892033635788	0.14143480276361128	0.11831175037098533	0.1903056495881728	0.11135876105551401	0.037258295025278165	0.029276685373249137	0.14954217887625165
0.02404996829651225	0.1189868830888346	0.12706014270331903	0.12679364379796831	0.08793134619850476	0.19864794568338162	0.11115874312694872	0.03249097483864875	0.028415026086323736	0.14446532617955826
0.026433526622835185	0.05067770041197664	0.14287073474831558	0.13469897394706892	0.14788068675041272	0.18541017067448723	0.10376971269111342	0.030929511881527108	0.017922358421564935	0.15940662385069831
0.016982832243093077	0.1257172389457675	0.10539315875195264	0.14257937676241372	0.08914017736134658	0.22021853942391156	0.08713127501073466	0.042734864287617504	0.028437453924730044	0.14166508328843277
0.025802461880106695	0.1007195611699033	0.10283766770162284	0.14294779878638098	0.11256520818242022	0.19665005167201977	0.10094032964155582	0.031077376142901375	0.02970019272587497	0.1567593520972141
0.014847128760023906	0.07337293921804014	0.13364017652095897	0.12826060793528915	0.12088651228238662	0.21525014679648508	0.10461150031781029	0.03190303956530943	0.023385626834727516	0.15384232176896892
0.024807581570103127	0.13591076383011763	0.1307193609190787	0.14780920587189667	0.07137126999751915	0.19019617784880488	0.09182062110263846	0.029822321351494707	0.02824340087449391	0.1492992966338528
0.013914729129526487	0.0760134963159779	0.14008676845619153	0.14231533446354352	0.1417444834384507	0.1854853027834783	0.09580856679181546	0.03159229982221151	0.01873438089899543	0.15430463789980922
0.026642038018801606	0.123002374817942	0.13938546080680658	0.14274126300480278	0.06215906770423837	0.19814928247706165	0.10360091017482656	0.04324708176034293	0.019798952650751447	0.14127356858442608
0.026244514882041395	0.06538249625331866	0.11165319428659037	0.1275639769048727	0.16975657409666733	0.195046757613454	0.10491780013759035	0.04318039028625234	0.021256980343592233	0.13499731519562072
0.02138473843766496	0.06948587488033352	0.10281514073528894	0.13288079579843842	0.16321463226957658	0.20251019406497356	0.09702670007937965	0.04816619418185163	0.02947603200005698	0.13303969755243578
0.024791024586448995	0.09284649976930134	0.12762056720412981	0.13154687961407718	0.12304341471031321	0.211138823187274	0.09216462781855903	0.03654625410961913	0.018311146098793543	0.1419907629014838
0.019938099707774992	0.08909268111347939	0.10404537580987724	0.13422384835344314	0.1648925203823069	0.2103088063103314	0.09855318456756483	0.027543077342202557	0.022352069417691176	0.12905033699532842
0.018242897367895153	0.07800267194863847	0.13863814034307548	0.13762894454089142	0.1023412211529366	0.21678930764764054	0.0885717092820712	0.03882071742510079	0.030488594976138345	0.15047579531561203
0.017733343025479104	0.1323621656922772	0.14248619618819586	0.1292101741008008	0.059095047119641746	0.2194340847247116	0.1044098927364127	0.03043363471562191	0.021400926726648284	0.1434345349702108
0.026151301476237523	0.13389447826138756	0.1255882841655486	0.13565145425352562	0.09925433356813147	0.17925979050935983	0.09713890191272884	0.028108746138821097	0.017557161088192108	0.15739554862606733
0.01719450934686599	0.130933081707793	0.1390389032145864	0.13388245611647703	0.10564638950932112	0.1800739055783513	0.09770676348923821	0.026629167085549257	0.02429933788398457	0.14459548606783318
0.02174573356933021	0.10817468576858291	0.13715353145684378	0.13640998489456949	0.12883724925348622	0.18039443027341306	0.10542134798095787	0.02745116027345458	0.025282578734152683	0.1291292977952092
0.022254230487195423	0.07064818962892418	0.108023659491868	0.1280482977560036	0.17100139566636602	0.17526641728321757	0.10691146347312572	0.04401071661431923	0.026877636488984946	0.14695799310999536
0.022965470596181717	0.061288130505468184	0.11538546357340208	0.12848005435593657	0.1678177923281951	0.18196254301416998	0.0949645745485081	0.049479370909395005	0.018949655909061128	0.15870694425968213
0.02560863289748609	0.08945507052807077	0.1203801214943051	0.1280681835515377	0.15406349713485756	0.18999482936104142	0.10813472512748129	0.028435511815878056	0.019304157796443497	0.13655527029289855
0.027236456965394326	0.043764575560190914	0.12097455273222263	0.13518206447164802	0.19070093694925164	0.2066822666024744	0.08725189620367692	0.03032963905956554	0.024941145676168855	0.13293646577940682
0.02063589298650026	0.06708739059673605	0.13133717795804678	0.13231160328312724	0.12952706346699366	0.19134114324066653	0.1078371732584682	0.031336879350326155	0.03042747504687565	0.1581582008122595
0.023837566031338256	0.0413824881584266	0.1071497694761739	0.14655547191485668	0.17795461941011295	0.19857634218294967	0.09882669558781372	0.04324274345245342	0.01714195944532322	0.14533234434055164
0.015812054773069864	0.04190399730935181	0.11492326425150899	0.13162458546684822	0.1820551775486483	0.2054977499700616	0.10444068964390497	0.029294062972260976	0.02934475466327849	0.1451036634010668
0.026991417574483548	0.15372311595463972	0.12626685831360282	0.13326278314409293	0.04493980967277564	0.19815179585143305	0.10187491882090136	0.05123021120592502	0.01889843227660265	0.14466065718554327
0.027148390228127206	0.12487315276286637	0.11703458161057903	0.12946562502729125	0.08808064886825595	0.22162710720961937	0.10612374346112241	0.035375080732863426	0.02053122258246763	0.12974044751680736
0.02223054633008255	0.12483076283224127	0.10131417498969739	0.13456650113481886	0.10207118223930217	0.192860249539768	0.0925491326547056	0.04198288954146887	0.0282480398493401	0.15934652088857523
0.027050141512466028	0.15477529167534182	0.10237350445757419	0.13627420613659957	0.0702558823932712	0.21868812142053973	0.09176547388406944	0.04139918948748049	0.022040701247280692	0.1353774877853768
0.016068941284369073	0.10252150430941165	0.1012129498581058	0.1297031872867095	0.11303768685371582	0.2065294991696121	0.10523669554212615	0.04745723011297391	0.02426235876368403	0.15396994681929205
0.02383261490177155	0.072234464228572	0.13625711479944377	0.12966407939004224	0.10888495274533055	0.20916584410295808	0.09361832561573825	0.050804969609533984	0.025186818177171402	0.1503508164294382
0.025729746968631312	0.07640771708859362	0.10261523318024456	0.14604562924657163	0.15254634743515227	0.18515929770763512	0.0941218424533212	0.04078410413315212	0.017414853169169103	0.15917522861752909
0.025504389449189632	0.09589813492448591	0.12516790119099772	0.13724109263767564	0.11857317096279256	0.18938477325992054	0.08971355869071568	0.04193479599391625	0.025686729053277263	0.1508954538370288
0.025100016722306745	0.12338935209800823	0.10713965411143073	0.13426798814047816	0.12460268272017257	0.1873906050690009	0.09205347847862998	0.03454228721856198	0.01724823409925956	0.15426570134215117
0.02345641573376754	0.0869517232657451	0.14018420810277768	0.14388138465102027	0.10709706067422145	0.2136331445393886	0.09647891952911243	0.029878776834504808	0.0211673765912134	0.13727099007824872
0.014363130818629138	0.07667594312727595	0.10607494277932723	0.13312575882516298	0.11875368372435076	0.2240877727493741	0.10531814483329609	0.04397113894415827	0.026079738695380453	0.15154974550304506
0.017505336849670414	0.1437095702800419	0.13772672609556924	0.14327170978886128	0.04379143822110275	0.20504379601290873	0.10506716491787245	0.03154856757614412	0.02784816955034007	0.14448752070748905
0.023273131593200616	0.14315309882414307	0.12601474377259014	0.14798164434042538	0.0876195025010202	0.1793666092242324	0.09988838468156816	0.026672675934429416	0.017469930224471755	0.1485602789039189
0.017691946879497905	0.06761121962966327	0.11776118660862808	0.13365510262539393	0.1715207309792114	0.1855355490602819	0.10289397642843609	0.04598904814139363	0.01797727720935692	0.13936396243813687
0.018777629208207122	0.14990449611733903	0.11900809951896112	0.1411812324178029	0.10764066080885154	0.17388502187616298	0.09795801109733998	0.03797296556232215	0.021828400918176616	0.1318434824748366
0.018095416174254503	0.15641442144845957	0.10555946634386346	0.13001823123896403	0.07397809540142032	0.20510334428436022	0.0939288614620858	0.04318774518227308	0.030752837778359562	0.14296158068595952
0.022695924701376782	0.08101036606050996	0.1301401005721035	0.12684725352793574	0.10839411955000737	0.20702569321497352	0.10246851861936153	0.050912015957862496	0.02147220581628448	0.14903380197958466
0.018142925790876174	0.08714441584963592	0.13827863779142846	0.1441219233674902	0.13596028856700598	0.1741603343642267	0.1094296606130136	0.026286869171038008	0.026646581688479193	0.1398283627968058
0.015586056088636752	0.06316846189130682	0.1060283210507685	0.13513256054915138	0.16944152637104964	0.21146608343661086	0.09784401182417266	0.03110894681068016	0.027621214480988338	0.14260281749663498
0.025938806376570298	0.14052158513146257	0.11879429210585662	0.13484202930409828	0.04249637137442114	0.22532650078629984	0.093927711063032	0.03517122717225192	0.024754649778875315	0.15822682690713208
0.024150041061078584	0.1142575660317233	0.0993028234797374	0.13599464664818708	0.09600454010577289	0.2093842761897513	0.09782469795581174	0.04641158453368527	0.027668217070409562	0.14900160692384296
0.014291936743018888	0.04318794397854788	0.10727766013656695	0.13124672070589335	0.16778226125083454	0.2100269834758421	0.10644913745563842	0.03513928565695415	0.026797144939359904	0.1578009256573438
0.013923847006744178	0.14286653696021	0.1269378250783747	0.14342638149045595	0.03469452394526057	0.22199261127236614	0.10334541371935733	0.03987288560607008	0.025010727330918733	0.14792924759024234
0.013558106162709624	0.11758850313500921	0.12699971490283646	0.13123433754902114	0.11273409364380654	0.19862874179760565	0.10824940554190043	0.040922207946423775	0.01819090773671299	0.1318939815839742
0.014444181383338472	0.10840715882901061	0.13142899108410222	0.13259711231984356	0.1153705416848543	0.20213174780500265	0.0906005018375951	0.04251493406795261	0.029967080470099702	0.13253775051820083
0.024841439669493037	0.13305605413036867	0.138178163607265	0.1476215599679871	0.06342578094723673	0.1795886621894257	0.09834324311709983	0.051108438535921105	0.020127680177219817	0.14370897765798296
0.024603742793633518	0.07491162736013648	0.14254826159084116	0.13725006246317567	0.13775920867943384	0.20090711803169092	0.09435274274834723	0.040534804598652836	0.01783348047189487	0.12929895126219348
0.01540104610415681	0.07916374976020599	0.1301493941020339	0.13561079175410268	0.1421623918293447	0.1965421170818718	0.09746610417717348	0.051355793041680906	0.017307531886446043	0.13484108026298375
0.016780823138307796	0.1161401208414486	0.10445354372076496	0.14039830916305748	0.11236933770978827	0.2080057997713457	0.09320998666786158	0.0401328877989938	0.02629078172717783	0.14221840946125403
0.023597853537664068	0.09902360578468453	0.11861051039113508	0.13682031347044638	0.08580810314104813	0.2033357852255351	0.1071173335189805	0.0399567519673062	0.029627374912643903	0.15610236805055613
0.02626493676204121	0.12992438861319178	0.12465752222282517	0.1331584815317433	0.0793933943700984	0.20043230001136392	0.09335785564194043	0.05067481853295868	0.02480755476945458	0.13732874754438257
0.025518831645881132	0.15631496496837655	0.11203978363458764	0.1401940692107173	0.05808473111971775	0.20734174427346455	0.108033473633347	0.032685542448070135	0.02650340498424318	0.13328345408159475
0.025097226931841257	0.14106013166136264	0.10276086761378822	0.13037279236629717	0.12435935691979526	0.18672393744686355	0.09799927068888113	0.026399369668300462	0.03011880160281409	0.1351082451000562
0.02422777610674573	0.061412274495510226	0.10854538972137306	0.1424973409032037	0.14044441090652443	0.2256055356957603	0.09195797053387546	0.033338465527916986	0.022192586450207483	0.1497782496588826
0.02221942750650205	0.14215691320535312	0.1002049856695873	0.1329130312319286	0.13368735710044483	0.18630442559608656	0.09480715521182671	0.034622958788014316	0.025459741475504352	0.12762400421475226
0.02554878852122834	0.05955206616012899	0.13411456009273415	0.13532927943425313	0.14082188807746387	0.20928985388370575	0.08695340076929252	0.0496350934961442	0.026497378405400354	0.1322576911596487
0.017602437425071338	0.14663547297647195	0.11105839990045725	0.14226271227500356	0.07338729287367352	0.21365220399475746	0.08879771203270338	0.04246889307162742	0.025503876532168207	0.13863099891806596
0.02600857504105905	0.0593091114883924	0.12242966312027193	0.14646467403368538	0.15870368396936416	0.19021102658071798	0.08581633773977469	0.032578039358592936	0.029535434355862852	0.14894345431227868
0.013139990359831516	0.11345196974241187	0.10659043134042326	0.13723435150107788	0.12957484784145767	0.2088695825224813	0.10083614773280772	0.03198792164193967	0.022488035928518155	0.135826721389051
0.018474027267645146	0.04394922000222244	0.11583250699338965	0.14595206865829513	0.18002663103432215	0.1871173026068108	0.10536433035357091	0.044577111988544076	0.027471210103798105	0.13123559099140159
0.014378075764631612	0.120036801737397	0.09997995971041244	0.144480350914175	0.12905226061015718	0.1838837850635507	0.10214144757792717	0.04151856659925296	0.021372968709532814	0.14315578331296316
0.027367215945405546	0.12563776904541268	0.1020823122483675	0.131735237024615	0.10594558257528976	0.17981034901854198	0.11142896037318847	0.032156078376459396	0.028117038059721572	0.15571945733299813
0.020965202017791645	0.10695617669777686	0.1418512137337458	0.1476122002326141	0.06875940374883337	0.17907265758382473	0.10955184496131307	0.04925383110715231	0.02145901718800318	0.154518452728945
0.018477282497326872	0.10019570657334045	0.10699400098729407	0.1275447059867928	0.17437484025716649	0.19664914180364038	0.08948379933111017	0.028677812642418393	0.02391720308895147	0.13368550683195896
0.016460217892505014	0.06301540964251993	0.12324847161899066	0.13114769989952008	0.1712828496593975	0.19559875857084125	0.08777214566151367	0.03918122924451622	0.023801241479447816	0.14849197633074793
0.026253823997099482	0.06313323837089833	0.12036593775693394	0.14303982180632133	0.16707118918360228	0.1841766782490148	0.09358025534615251	0.04843255482248704	0.025944239170079	0.12800226129741132
0.024945448504774606	0.12571233644157873	0.1162316477037198	0.14503466145469462	0.08114441111667405	0.20914081341798585	0.10203476962744973	0.04147779410845729	0.024426817654321295	0.12985129997034406
0.01549526132836529	0.12624447720477966	0.13691435402401633	0.143627441015637	0.07142663557310788	0.2021541071023257	0.0980051438792869	0.0438428452091113	0.021684219283681236	0.14060551537968874
0.024724935949538895	0.1234232821307411	0.11828736841177498	0.12660981053715198	0.12577123305880397	0.1981850420266354	0.09225897929557422	0.026645389816020867	0.01886563090599659	0.14522832786776205
0.0263238191520737	0.09022041701416392	0.13990906636414935	0.13557824877426256	0.11160857318474651	0.214598959726861	0.09528133479939513	0.02585555030516587	0.028787305812076724	0.13183672486710532
0.01401382957165205	0.1479635664092759	0.10264187460588442	0.12953661043379547	0.07919956941039717	0.20708360785930371	0.10592268790772333	0.03997440932695343	0.02535766490154416	0.14830617957347036
0.02503522915460818	0.11734913736643458	0.12300458496346134	0.13426881840788638	0.04654617365776283	0.21719610066444195	0.10971691514871813	0.047783353040620355	0.021131100217601395	0.1579685873784649
0.01907080264114977	0.07119954527498037	0.11329716319493467	0.14326388309500737	0.17184933760497523	0.19071204471235959	0.10517868264855043	0.028054348201347654	0.030475043867997348	0.12689914875869765
0.017068659754674934	0.12151208836031908	0.14045664779102018	0.14303996403530528	0.10643849642330971	0.1775238136144402	0.09314523987620443	0.046857776757896805	0.017888061846606754	0.13606925154022265
0.021322448118275064	0.13775230692385249	0.11754131152224478	0.13063787342878017	0.06016227274157251	0.19336531715717464	0.10266268676896421	0.050870877561241395	0.03037174117019971	0.15531316460769506
0.013997228855470764	0.09800645874352512	0.13187812124229537	0.13010025631429883	0.10855073867463387	0.2033987817151679	0.09682215222780487	0.04199772129656315	0.026714037768870783	0.14853450316136937
0.015180822811247927	0.06183800941331743	0.12750553675607285	0.1418404295282475	0.1657108163480438	0.17943314640600994	0.09798928310634453	0.04199886023893017	0.025929270024550727	0.14257382536723517
0.019590819588659977	0.05838318920833481	0.11908801311344774	0.14631665591349619	0.12805410866946274	0.20708322611645794	0.09483103667180222	0.050722484057395885	0.02062396714008212	0.1553064995208604
0.02139374532354603	0.15772195552725976	0.13486536359541698	0.13550065677346848	0.055911894432245736	0.19186578138972027	0.0908319872211478	0.04406769957519315	0.023001942055473748	0.14483897410652807
0.02004812567347078	0.06978118574314383	0.13521968205362594	0.1440292337187445	0.14466446279838108	0.19765287053142583	0.10479979741804046	0.028561257468590173	0.017508653069321894	0.13773473152525556
0.018949481000147525	0.10025379685920344	0.10885528400457845	0.1391677756804756	0.16072597482002488	0.18893915631016686	0.08869423381003194	0.042736646065375763	0.019488467039567803	0.13218918441042782
0.015867687390451538	0.04392140063902728	0.11506569958382587	0.13685804261230342	0.18884006633402678	0.18665122567163717	0.10547471467238718	0.0338876600564009	0.025674174110189213	0.14775932892975074
0.02018221195224343	0.14401704768669066	0.13470868860066393	0.14370925615284255	0.039138446208592526	0.20343675683291024	0.09356483268184894	0.049621247203269464	0.0199819374914431	0.15163957518949522
0.026999472547282924	0.14613385082797087	0.1377321609504451	0.13986327928584058	0.07132562916888321	0.17486067165972244	0.10081885658582629	0.03154208798515709	0.029313083476474613	0.1414109075123969
0.02014662626360811	0.13943569631897645	0.1118435954822398	0.14175999365349384	0.07881263528737859	0.20713805785321548	0.10671693570780245	0.02614373712919496	0.02901183008965519	0.1389908922144352
0.019372913539206324	0.045675714592852086	0.10701064260578588	0.1460718362781684	0.1882820264707988	0.20876608676356923	0.10449171325967732	0.031214844486909907	0.018574845222452452	0.1305393767805797
0.020539954162683352	0.1119696388399815	0.11930313375667644	0.13425185512310955	0.08118822984675961	0.21705939074486635	0.10119594589582206	0.048001296069094763	0.02144193646732677	0.1450486190936796
0.021518537665834336	0.1530012368712529	0.13093683605406872	0.14455046343053674	0.04889220481627361	0.2038350119206182	0.08873855338212891	0.04645893377836431	0.02016956365000755	0.1418986584309147
0.01580710085296262	0.13601016706149957	0.13741577027561777	0.13149410110352822	0.0923145298107589	0.2009522455880544	0.09018570978900436	0.039617544184691364	0.028895909192226413	0.1273069221416564
0.016172608296949442	0.14992123626472503	0.10842225396009324	0.13930745197271632	0.07155620169786209	0.21096596042096172	0.08992904835131076	0.04877187118964789	0.024541907957526032	0.14041145988820755
0.01316725166841419	0.1452684376048154	0.10657245671429753	0.14087890306257295	0.054649202279404015	0.2196846020973119	0.10402051248704407	0.04932832702764725	0.020552356292365737	0.14587795076612703
0.014988931864178726	0.04690509482046705	0.09939618532549095	0.14222217826600625	0.1684051326921755	0.21734622833956446	0.09224629193157159	0.0475165321525218	0.024588307334950307	0.14638511727307346
0.021594474795561217	0.09165021121878475	0.1232860219112455	0.14369631718111947	0.13128877127653682	0.19351333398553583	0.10453634479169904	0.03143668206755218	0.017515875451164564	0.14148196732080068
0.02236890219064948	0.14610293512568426	0.11081540878698444	0.13914618711320437	0.07197143291808905	0.2206543010815618	0.0940432446428561	0.03636266822224764	0.028913389273325055	0.1296215306453978
0.01860451783656282	0.05474105379336987	0.1136160985760006	0.13254547207366743	0.193239485662687	0.1771015724456503	0.10184137145045627	0.042576741175677536	0.019743714039750088	0.1459899729461781
0.02234373966832523	0.057749548614472124	0.11751940787147278	0.13763233635827882	0.19342606598336484	0.19590052909009148	0.08855288518436014	0.031495870986680205	0.026404287093611076	0.12897532914934332
0.022545199671146765	0.11555622715777616	0.1269202232236988	0.13653157124901086	0.12931641654378934	0.17630380015453026	0.09465660792671851	0.02890518973064804	0.030684834781693274	0.13857992956098802
0.021535621405916555	0.07870325327450525	0.12476977271723934	0.13421898578548436	0.1524611471994649	0.18648945677475814	0.09650758548657651	0.02629061848724884	0.019838739883663054	0.1591848189851431
0.026020302990258468	0.05557687503727106	0.13042576625662067	0.1464234791796068	0.14504970215118712	0.19252517875260972	0.08851117082365596	0.04808322655838944	0.023221637705511444	0.14416266054488938
0.022512134129635028	0.05535650679268131	0.11639701670081297	0.13759124491028135	0.1914382266055605	0.18710833880696387	0.08834330073404568	0.04557626443877652	0.02328418421215246	0.13239278266909033
0.019588095284306425	0.15183836680131838	0.10797330194259222	0.12766970595922872	0.11106538481831893	0.19408852145038308	0.08933565896489319	0.048955585784453415	0.017174452998337572	0.13231092599616812
0.01634157649492382	0.06447385298900114	0.13490454290880205	0.12736537766046765	0.1445158822797265	0.18847462568906653	0.10275821116254374	0.04388108942801325	0.019330822955385185	0.15795401843207021
0.023115467915913568	0.09425792215203908	0.13454470215685743	0.13872908053689026	0.08694678549241368	0.21927278046640192	0.09787112773019585	0.05036633902240147	0.0235410780716918	0.13135471645519498
0.024947638486827017	0.10774226846558838	0.1050939347498529	0.1296031297723583	0.12105154778117341	0.2023381463719094	0.10293873407106151	0.04647212451402862	0.023870457524742206	0.13594201826245833
0.02405022434228621	0.07762111556727966	0.1255129955215863	0.1381026195835525	0.14322347532305074	0.1829356993914324	0.09052992661922253	0.032462309207108644	0.029672508770563308	0.1558891256739178
0.015559863781924699	0.1335700773987501	0.12020671688062387	0.14148765941936375	0.08767313156825068	0.18431158097911537	0.10376512686730816	0.036086744449353	0.02310302207711977	0.15423607657819063
0.02200117364782117	0.12406770107639989	0.1396283301395939	0.14716155893183705	0.06431738185989468	0.1986448332707889	0.08549074401361738	0.03489424487628015	0.030001478940749518	0.15379255324301744
0.018041074431415227	0.1036559840566651	0.1044852759320675	0.13321693740277377	0.1400223644439872	0.19058323171567443	0.10102554341272384	0.028616540682447636	0.026434909694088807	0.15391813822815653
0.01671785319313117	0.09545526849214031	0.13012080795214762	0.13170065880907306	0.16259060681264292	0.19937167287400004	0.08580913178259973	0.026845907693245963	0.019463595914097687	0.13192449647692156
0.013475592678163326	0.06710070667452347	0.11658352883567213	0.13957298241104676	0.1760663158282181	0.20066943447922675	0.08688954315385888	0.028937285812485503	0.019888544816881307	0.1508160653099237
0.015255403096274892	0.10605818605512148	0.11604708599507685	0.14442389501452813	0.14310993217920287	0.18086047661953708	0.08936739244540093	0.03789541360973055	0.019753814539150136	0.14722840044597715
0.018542330857603886	0.09064935306949541	0.11295787616396248	0.12675887974321653	0.12960208903133422	0.20754113220615278	0.09620754218092484	0.039636333202547794	0.025215961362580933	0.15288850218218114
0.015115615809805402	0.11900356655033886	0.11848490873276767	0.14137569545569184	0.0679265838528792	0.2133592152418547	0.10611472066962319	0.04526636748764467	0.01952609431024857	0.153827231889146
0.022752109091843345	0.12411960588791364	0.1299088404936495	0.14039279250857967	0.06618368533459229	0.2118786561571592	0.111073535330526	0.038204220142904186	0.0193369812383625	0.13614957381446968
0.01666024308800268	0.04762433366913364	0.10957527599935442	0.14636787595363354	0.1988166301169455	0.18436816537330958	0.1056698678866617	0.026049095431789862	0.029517578985357104	0.13535093349581204
0.018353226167128353	0.1061774956174095	0.13521730998420062	0.12978250687355675	0.06726213494804606	0.2224944943161271	0.1003205152922684	0.040533025515112286	0.02279782723661515	0.15706146404953578
0.025111694768950685	0.13965965202312408	0.11840713501433095	0.13718209098297068	0.06881483722680015	0.19899371130647614	0.10450267341981419	0.04358049054178348	0.02513651300932565	0.138611201706424
0.01555958717481741	0.051921885376892365	0.12070968708709028	0.13125357849153513	0.20039411702697757	0.17932295338506513	0.11071604057614967	0.03177048755077902	0.030136113544917312	0.12821554978577615
0.022506215006293143	0.09484246841712465	0.10737637311260373	0.13660371651065822	0.08339389596627017	0.21783005627271035	0.10975493151202098	0.04640002633215361	0.021810045644091156	0.159482271226074
0.024615461748930645	0.08627151073323659	0.10693760740997378	0.13195385252128872	0.13392229774849118	0.2145698051750584	0.09834986364618567	0.034167646675238486	0.027800200260063204	0.14141175408153334
0.016227259139982117	0.1418515807417639	0.11828947759742524	0.1394115556385481	0.06635436350758969	0.19901170213164637	0.10834750041062575	0.04224900980855607	0.017134202559046324	0.15112334846481645
0.023086898883012366	0.13178439586590202	0.1163157336323929	0.1394676944442398	0.09490430950075351	0.1873385169385014	0.10375649335390794	0.03677906334671152	0.02452088184566513	0.14204601218891347
0.020930406222356493	0.09140618023751382	0.11217971920007418	0.14387803413466566	0.08573855838428507	0.21572130285799151	0.10641784293435291	0.04590810128938513	0.025216603610790714	0.15260325112858455
0.022520659643533808	0.1016651414915193	0.11947058687026675	0.12740093497752492	0.09924099311388415	0.222715023252847	0.10793508054873371	0.032023326843659786	0.030040538103091152	0.13698771515493946
0.02212553843204733	0.1439398928292364	0.1046614823138644	0.14480324344006426	0.07438020994508529	0.21271729766853537	0.09231621578688823	0.03020514423575696	0.025579517297447313	0.14927145805107445
0.019889729242076187	0.06059003804721795	0.10414396093737893	0.13973845923118572	0.15629212182553165	0.22193222528725126	0.08979388802957047	0.028863416438549935	0.02350150256688875	0.1552546583943491
0.01656037713099577	0.08373243627148867	0.11769567149855885	0.1292393817589483	0.14058641522675333	0.21201260166741703	0.08732466222226383	0.04152400741911857	0.022711291556779353	0.14861315524767627
0.02575627702188274	0.13909533351190595	0.14301870644541942	0.13824338189704566	0.03667735952314259	0.19259910483246862	0.09586532585165453	0.04623686485156332	0.02877282263094222	0.15373482343397502
0.02535013347801028	0.155152172187575	0.10915513972840571	0.14419242565847107	0.04450751519294832	0.22344548560694844	0.10450548197348614	0.039895922919136004	0.02297273004623071	0.13082299320878837
0.018632640689303412	0.08934634606913716	0.12311249883367084	0.13973594671284523	0.11767285557920862	0.2222706515451263	0.10429803363414906	0.032335318061170765	0.02498068885278669	0.12761502002260194
0.025676724502643578	0.0658290065867638	0.12006658008331109	0.1375543126096767	0.14692556329595718	0.20951241253045638	0.09484324584587046	0.036401400081891216	0.019782677438297147	0.14340807702513245
0.01744084849423945	0.08235483206716823	0.1383375002772498	0.13616742519395536	0.1307620258268543	0.20166402550938878	0.08805586638721391	0.030824331725130855	0.017595713978520652	0.15679743054027864
0.018031965488201573	0.10259817140539182	0.13770836214975993	0.13765516596035693	0.05603299314533054	0.22478159998337172	0.10930767418071634	0.048263434265622136	0.018864248145836565	0.14675638527541252
0.01613233098598972	0.0935369072307478	0.13823479819636875	0.1467762016726534	0.11410566459418622	0.19194035859769876	0.09856256697159137	0.032007092546385216	0.02861375976378576	0.14009031944059308
0.021667993120418408	0.12174192921227456	0.14000922709332628	0.1418205205200614	0.11209313531646255	0.17486066341442072	0.10402258795116988	0.03554602570055922	0.018917680659710556	0.12932023701159645
0.017667584114201204	0.1499684447771078	0.11023099690090205	0.12650858254948763	0.09917271280159641	0.19959729509849478	0.09893063527394005	0.03180740998930348	0.029442064745591218	0.1366742737493754
0.016568324190730135	0.0925664083892276	0.13846160255016476	0.13192954236344967	0.12568767343402282	0.18454250019547996	0.10755490831037488	0.04944466778568815	0.024812861485679086	0.12843151129518296
0.022767864994094417	0.11017337633163889	0.1190497315612535	0.14311128234512346	0.11201798249388087	0.17670688076121485	0.10112767316487879	0.04518598035197912	0.02598781467688871	0.1438714133190474
0.013495423031130702	0.15857567890661667	0.11418594143271987	0.14155357958517076	0.0860353412282512	0.1754774987425871	0.08606837929538372	0.05023818515280675	0.019773018248245136	0.15459695437708815
0.024151422776629072	0.07117025674312775	0.1161177823413709	0.13751449567132093	0.16565968734427866	0.20190399941750675	0.09467712473585989	0.03815026391590511	0.017465659079846693	0.13318930797415424
0.023523975539772188	0.047441633769091135	0.11675443087525093	0.13463492063832463	0.1791388373024858	0.19360843938930306	0.11063265246382992	0.040346561525076645	0.022724658198688977	0.13119389029817677
0.0161833747281072	0.05739777040501004	0.12605181958094022	0.1410827814430297	0.16187429238811318	0.21118329692238622	0.10292404138379381	0.02646949251351849	0.020265368502265485	0.13656776213283567
0.016325284630793552	0.04734991773376822	0.11390784260793754	0.14251179223040736	0.19014857645521221	0.18852449726170536	0.10028833143182447	0.03369066516037435	0.02260916101973781	0.14464393146823917
0.01922437625801346	0.1451824690067335	0.10175467850530541	0.1344006659104672	0.10741790227277832	0.19262086927307964	0.09364404318031026	0.04489440725832773	0.027493317611309742	0.1333672707236747
0.016295804216605703	0.1504224223197379	0.1006218762491442	0.12744931200722676	0.07441235413901685	0.20902687770557288	0.10401694738639387	0.049963883632151124	0.017300620386645635	0.15048990195750508
0.013189159084438018	0.13378165521081306	0.10173527386399503	0.13430191838237437	0.0924233979024409	0.20834218093503465	0.09681557937917122	0.04987009812267771	0.02336294025225491	0.14617779686680013
0.02107867063118446	0.15733722539074463	0.12467421405302917	0.14558699321852575	0.0683895264651873	0.19257466317053526	0.09088644765947483	0.044526941238485614	0.026743406316595927	0.12820191185623714
0.021259521731606015	0.13281440188117774	0.1093924582545194	0.14546314074613861	0.11391062654187933	0.17854732666389522	0.09602697386870225	0.03111518173930121	0.030335675924049094	0.14113469264873113
0.019009933164075052	0.0939559269463804	0.13777943699267578	0.14703759909913763	0.11115063488080866	0.19504120130909475	0.09377268894585525	0.050319406824233325	0.023982012709460335	0.12795115912827884
0.0265067227378913	0.08786105743460296	0.132529468225667	0.13222977517122736	0.11194178633882648	0.17694679360888152	0.10509476542708628	0.04827213566197061	0.02626244463461634	0.15235505075923017
0.018462136032889792	0.09846094645877522	0.106468238745003	0.13687422595543314	0.14154329121881162	0.18545174854251673	0.09774666529809652	0.049369695668628644	0.023790531966607492	0.1418325201132379
0.022689967189505666	0.11744820788876653	0.14051302054476317	0.1328430905145848	0.07659325064419768	0.18379705221772852	0.10437659578469684	0.04775389522683208	0.02555203379921031	0.14843288618971445
0.020232880168680203	0.08935952245458062	0.11036425294728736	0.13576787194158235	0.11903683783754884	0.22560119537362444	0.10116700603723418	0.04031567158209053	0.0212193647069379	0.13693539695043364
0.014431681730821252	0.07955213547583936	0.12100267416983543	0.14442299206188033	0.15453948120490574	0.19266479594261382	0.09444630537818542	0.037568357503479144	0.02658834329963479	0.13478323323280472
0.025328961132111902	0.11217878233996444	0.12339445656825396	0.13844648247351	0.11267639336962496	0.18344675811506495	0.10278052575572166	0.028973742813115613	0.026216218202735717	0.14655767922989685
0.022184168620873246	0.12209001195612725	0.12134317894774825	0.14730039267855818	0.08256984726856977	0.21028943541940395	0.0854626416345379	0.026119663201700852	0.024071406416317734	0.15856925385616288
0.024811047850142806	0.13738413801252364	0.10056193554221005	0.14172510156175155	0.11221835253130581	0.18427155715999574	0.09787218449457155	0.03480621960507925	0.018670197343396963	0.14767926589902267
0.02470535305884712	0.09107034516200901	0.1021401733196194	0.1434093922690044	0.13688350544635497	0.1945384860368572	0.10619897890619001	0.03860251441811426	0.017653875612846842	0.14479737577015683
0.024212339035541	0.12210235923838823	0.139422889231942	0.1370938613857621	0.04328558224344906	0.21176165292521065	0.09603271900317163	0.04935580788063896	0.028261752627732298	0.14847103642816417
0.017446888540227648	0.14500163877446579	0.13479864664003266	0.13972363918625227	0.07567637392931403	0.1857609776205767	0.1005208884799645	0.04154512475818426	0.028519562966878617	0.13100625910410355
0.018572075473050176	0.1288614457348915	0.1229243994069702	0.13039329074212458	0.04340680231420987	0.21406458708462098	0.10685763020803568	0.05094338618156221	0.02562453593219688	0.15835184692233795
0.018227653950797132	0.062333338855514446	0.1291019644209282	0.1277926010305818	0.14757660213097115	0.20370644502583712	0.10163474999332371	0.0481314690399438	0.026212873634757952	0.1352823019173447
0.01464830194124421	0.1415581264254066	0.12566201937367003	0.13230605067215157	0.07046169596030365	0.20909214973682322	0.10107821172154034	0.04831876210641353	0.022097210536963244	0.13477747152548364
0.02689772618317944	0.15831241593126438	0.11316644317206498	0.14598638831420152	0.04980328547677733	0.19035364821895423	0.11084514714275218	0.026032948814074586	0.022318927342482822	0.15628306940424858
0.020449724780488662	0.12610331185190746	0.1353365516708448	0.13536668572438343	0.0367582582095253	0.22327362317400484	0.10663142875182123	0.04228713891298671	0.019129703103848053	0.15466357382018958
0.02110684292492271	0.14274639663692762	0.10991789789493134	0.1404201504543043	0.048737722453546226	0.2059912181734977	0.10875312901975759	0.051081371378511715	0.02187490639067935	0.14937036467292147
0.022903050503293207	0.09159947919650879	0.10327536816881493	0.13661429311752318	0.13642422357188896	0.22490108909103784	0.0935093201597381	0.040554538116732174	0.01745187321192447	0.13276676486253833
0.021551137838029172	0.14864883711201093	0.11803113561096822	0.13591245667368826	0.047011043343796494	0.22427318715082148	0.09901008572385242	0.029165399710214743	0.02683676491409992	0.14955995192251834
0.018740976097231188	0.07148691101169771	0.11741636162554812	0.13789151116145418	0.18886336927965577	0.18346174194101664	0.09332058663376722	0.03598993894370252	0.019535939882211764	0.13329266342371493
0.026758807207816232	0.0661951149573942	0.11138273457337056	0.12992532274729662	0.1366714410455901	0.2131151994829517	0.09756189401030123	0.049402559001576016	0.025603942435163674	0.1433829845385397
0.0193884098075416	0.07616121887149205	0.11353000264235463	0.13204260793217365	0.13091803802615734	0.2156976000597906	0.10640822872865385	0.033546104912548974	0.02058143955258461	0.15172634946670277
0.025097355214365527	0.14554937070790275	0.10573761042493426	0.14364101288118625	0.07986309530372171	0.18602413361263684	0.10076058222554078	0.050621554667444335	0.03032432444833981	0.13238096051392778
0.015468220508300906	0.13058415960363168	0.10604491618445093	0.13709809684990215	0.1358655636407105	0.17734990319071253	0.0847915163847259	0.05122592519757421	0.02471395510540833	0.1368577433345829
0.027204817298306525	0.07113545530670384	0.11875573282727907	0.13925684324254553	0.13591591765095917	0.21856089985387903	0.09214022283397152	0.03692966102700336	0.017068553517585988	0.14303189644176595
0.013222051419858591	0.13772352811043898	0.12061012162698889	0.14622100349234712	0.07066786533558543	0.2157413930061748	0.09855690611502878	0.03525628496083498	0.023263562882793576	0.13873728304994892
0.017868241511991678	0.09394069642958908	0.11109890962506004	0.14536898135786372	0.12902502203259336	0.18848739123195918	0.10305507416206464	0.04681801124027196	0.027326957416015832	0.13701071499259054
0.02347202114807749	0.06474582853187014	0.13965711295828506	0.13275378071374794	0.1190202938062832	0.21263991496563694	0.10604590177862111	0.033444715668422706	0.029908457990215506	0.13831197243883991
0.0161103915531082	0.11948470158264565	0.11527968186392828	0.14515647586262828	0.11219251226836938	0.19222672993518505	0.09159484739736684	0.04333797287676023	0.02440755103905025	0.14020913562095788
0.015259390281986765	0.15132772397437338	0.10122944911983199	0.13894393259167825	0.10907405814161844	0.1902560199005337	0.08729415565974548	0.04899930539479362	0.024790154856528426	0.13282581007891
0.022218090408207172	0.12767271015096457	0.10324162800499392	0.1363923304898269	0.07597591672219767	0.21665406774785673	0.09957606336340061	0.04468439583265731	0.021806638245054438	0.15177815903484065
0.014508324986779522	0.1442053857947984	0.1285159786481524	0.1291215784111129	0.08936945767235892	0.20982414186366802	0.08919583369179161	0.03648316845124992	0.01790610195556823	0.1408700285245201
0.021659701267784895	0.12465476618196408	0.10715217477264272	0.1457616688077347	0.1066446018232095	0.21594333254693415	0.08625753134201344	0.025506603935507688	0.0204325044760182	0.14598711484619065
0.013666567907706276	0.1084509109770143	0.11966696184523046	0.13123519715587398	0.12812024350332465	0.20068002334122725	0.10375158735687064	0.04804945909144821	0.017790157056242123	0.12858889176506214
