0.49602544228114226	0.24834865703960698	0.25562590067925084
0.4970188639412432	0.2541158704161361	0.24886526564262076
0.49275872677415855	0.2507315622369827	0.2565097109888589
0.49171581422456734	0.254044174042899	0.2542400117325338
0.49690067991425185	0.25326024367340455	0.2498390764123437
0.4883696994950073	0.24643761282568802	0.26519268767930476
0.4949389080449051	0.25469547537224946	0.2503656165828456
0.49914672479449174	0.24377394201915162	0.2570793331863568
0.4913962000883661	0.2483766867642269	0.2602271131474071
0.4897869665632534	0.2489346429342203	0.26127839050252644
0.4980452094281961	0.2484161496931807	0.25353864087862327
0.49266820940413913	0.2500161494964793	0.25731564109938165
0.4969590689354458	0.24568100071450016	0.2573599303500541
0.4956258823368547	0.25476593770514633	0.2496081799579991
0.49149134525284066	0.25396584936327515	0.2545428053838843
0.4941564687422371	0.2498760228911937	0.2559675083665693
0.4918299733072805	0.2528070786716178	0.25536294802110177
0.4890424346026198	0.24506535724396572	0.2658922081534146
0.49313214812735273	0.2538292192630458	0.2530386326096016
0.4965192514659308	0.24767030324272588	0.25581044529134345
0.4894793897444261	0.24392126147016363	0.26659934878541036
0.4922260874155749	0.2561590073287298	0.2516149052556954
0.48892339882927593	0.24847949336964	0.26259710780108414
0.49386710177501536	0.2485367791359588	0.2575961190890259
0.49388299098335364	0.2438303339201018	0.26228667509654463
0.4954394366831034	0.24442872477761957	0.2601318385392771
0.4965589458955065	0.25145476650858123	0.25198628759591246
0.49444773088991845	0.2527350889821631	0.25281718012791854
0.49084044931227905	0.25584701741751575	0.2533125332702053
0.4896539380132636	0.2525541393337152	0.2577919226530213
0.4920476499250114	0.2557963622844902	0.2521559877904985
0.49920991882215027	0.25138087984512825	0.2494092013327216
0.4958008513788839	0.2495791521296149	0.25461999649150124
0.4894135767863953	0.2524189526741595	0.2581674705394454
0.4892438382155226	0.24675839583687723	0.2639977659476003
0.4948882271960471	0.2563658030455857	0.24874596975836732
0.49280120410880607	0.2456631505872745	0.26153564530391954
0.4904161289401497	0.24732563437834548	0.26225823668150494
0.49596283934192203	0.2459741455003639	0.2580630151577142
0.4921604982662104	0.25076284589116155	0.2570766558426281
0.49113891206068355	0.25617491285705685	0.2526861750822597
0.49305425499251676	0.2493411999000985	0.25760454510738484
0.49493150948741943	0.2495759816859121	0.2554925088266685
0.4932331833721477	0.244813027331112	0.2619537892967404
0.4966037400484422	0.24394442953016013	0.2594518304213978
0.49422858507504475	0.2552022224942496	0.25056919243070574
0.49519473007388465	0.2480100443802788	0.25679522554583667
0.4942442836586941	0.249948760958087	0.25580695538321907
0.49551669172553736	0.2530140329359695	0.25146927533849317
0.4930809681915231	0.25520656918592705	0.2517124626225499
0.4892130338435467	0.2525770880191888	0.2582098781372646
0.49919749515414713	0.25011440239051297	0.25068810245534
0.49662279808144905	0.2464634067593695	0.25691379515918156
0.4919895728581627	0.24682589078528133	0.2611845363565561
0.4906612519507441	0.2506334879096771	0.2587052601395789
0.49000070156912645	0.25110812512828806	0.2588911733025856
0.497262320988104	0.25131721923460904	0.25142045977728705
0.4988303023405368	0.24616379124143278	0.25500590641803045
0.4921341819056754	0.25557752355730534	0.25228829453701934
0.49427651330155975	0.2534950663295675	0.2522284203688729
0.4917620866749356	0.24481279358810276	0.26342511973696175
0.4946345560247857	0.2559503346108955	0.24941510936431893
0.4967578772861212	0.2483554813700229	0.254886641343856
0.49777284965854995	0.2522377188075632	0.24998943153388697
0.4923671694507861	0.2465610932652431	0.26107173728397093
0.4945769318478638	0.2520903564205683	0.25333271173156796
0.4926451483004384	0.24805984359593003	0.2592950081036317
0.4916729277348495	0.24497242196568056	0.26335465029947003
0.49597145773850077	0.24394426141831027	0.26008428084318913
0.4901384688564432	0.24685630612687512	0.2630052250166818
0.491542671358309	0.24524894238427736	0.2632083862574138
0.48872963751971443	0.25247186057335325	0.25879850190693243
0.49382367213676365	0.2468688599677029	0.2593074678955335
0.49231106738209235	0.2556742820569507	0.25201465056095707
0.4944409895800451	0.2505623896093241	0.25499662081063096
0.4999366937714005	0.24885622590540146	0.2512070803231981
0.49320636209463076	0.2438362928153166	0.26295734509005275
0.4930900051632404	0.2443332164570612	0.26257677837969845
0.4884747645695657	0.24929893725270416	0.26222629817773024
0.49159794005140905	0.2503870431982067	0.2580150167503843
0.4939569817022452	0.25163062981007545	0.2544123884876795
0.49297909630637604	0.2487093495517999	0.2583115541418242
0.49329807969268225	0.2554092026776936	0.25129271762962424
0.4941473304941967	0.25536777912636666	0.2504848903794368
0.4929637148769089	0.2498846987496701	0.25715158637342117
0.49969211216612824	0.24673890168774595	0.2535689861461259
0.49887044885895315	0.250274702854346	0.25085484828670096
0.4947845890631395	0.25505267874401794	0.2501627321928427
0.4916640185068932	0.2480278056773395	0.26030817581576743
0.4932150232697434	0.2502545992633407	0.256530377466916
0.4887818231832636	0.24745463912794693	0.2637635376887896
0.4989730286605816	0.24870057648397084	0.25232639485544767
0.491330259584432	0.2542637678796563	0.25440597253591174
0.49618040200109975	0.25190884242885675	0.2519107555700436
0.49031868590757177	0.24956037422887467	0.26012093986355367
0.4968893909372743	0.25182989113017423	0.2512807179325516
0.49196105628805825	0.2525760119148052	0.25546293179713664
0.4884042455367779	0.24567239384789746	0.26592336061532473
0.4892139699836768	0.24721267790203938	0.26357335211428395
0.4894520869673358	0.25095943441739443	0.2595884786152699
0.49439806365791505	0.245151449745704	0.26045048659638104
0.49207404472039457	0.2486069755555975	0.2593189797240081
0.4914983428748032	0.24686549528550822	0.26163616183968863
0.4946904821417659	0.25456956521514174	0.25073995264309246
0.4887021689441553	0.246073592222593	0.26522423883325186
0.49568375565511064	0.24661877572424323	0.25769746862064624
0.49802970237007455	0.25018346938260205	0.25178682824732357
0.48954585561501607	0.2491341006626075	0.26132004372237655
0.4900104488296438	0.25580549008941816	0.25418406108093816
0.49140598207803227	0.2500778629641216	0.25851615495784624
0.49748304381757924	0.25113000283395187	0.251386953348469
0.49724912051126	0.24748505809284532	0.2552658213958948
0.488289627437636	0.25623891140048705	0.255471461161877
0.491066524272904	0.25113685386486817	0.2577966218622279
0.4933787952765764	0.25528873965112964	0.25133246507229406
0.4984822360944835	0.2513908985715122	0.2501268653340044
0.4911397335234316	0.24989901469085182	0.25896125178571666
0.4963423705621068	0.24467641556244962	0.2589812138754437
0.4984321338864259	0.24837993910578954	0.2531879270077847
0.4977139453071726	0.24872376980576588	0.25356228488706156
0.4931502236635438	0.250986090257982	0.2558636860784743
0.4900459069337043	0.24543212318191	0.2645219698843858
0.4984261049062794	0.25103330295566495	0.25054059213805574
0.49277123377081017	0.2461315095435726	0.26109725668561734
0.49150326122666527	0.2473074756742247	0.2611892630991101
0.49572302785536043	0.24477490145799885	0.25950207068664083
0.4999338213939759	0.2439177547864422	0.256148423819582
0.48859293435430423	0.2530844468435794	0.2583226188021165
0.49767569973807685	0.2448982562853139	0.2574260439766094
0.48952765240842033	0.24433978006945123	0.2661325675221285
0.4927098638787134	0.24394508798274556	0.26334504813854115
0.496172764696895	0.2543469418608314	0.24948029344227377
0.4926290641358618	0.2531424797393999	0.2542284561247384
0.494354631386323	0.2536285675917683	0.2520168010219088
0.4983046265544885	0.25214182067927693	0.2495535527662347
0.4886284079914195	0.2515691211639698	0.25980247084461083
0.4988076060277212	0.250412698045931	0.25077969592634797
0.4961559977749125	0.24935828087187806	0.25448572135320957
0.4977690075302277	0.24731613574713415	0.25491485672263825
0.49515741151643133	0.24670707344341097	0.25813551504015775
0.4941522904494552	0.2563218937446896	0.2495258158058553
0.4922843482994719	0.2532055351243442	0.25451011657618405
0.4963461247650642	0.244831603210046	0.25882227202488994
0.4920013488335654	0.2443129082704822	0.2636857428959525
0.4970310526200232	0.24929381507028966	0.25367513230968725
0.4890843297964307	0.255947760221105	0.2549679099824644
0.48892410324746477	0.24940986889628708	0.26166602785624826
0.4971167471387371	0.24404977307657433	0.25883347978468874
0.49188787618502755	0.2504990034861567	0.25761312032881584
0.4956874292279237	0.24476163058852085	0.25955094018355557
0.49916575630181215	0.24973804963137905	0.2510961940668089
0.4889025500518229	0.25410095223966755	0.25699649770850963
0.48838746171841285	0.2502975949885886	0.26131494329299865
0.4921911012851276	0.2540443324067414	0.2537645663081311
0.49863137921956024	0.24755199155084845	0.2538166292295914
0.49226741905843263	0.24877987973135068	0.2589527012102168
0.49047718890163455	0.25254950394557263	0.2569733071527929
0.49131338123385465	0.24772456871251627	0.26096205005362916
0.4936731593618679	0.25396438202187843	0.2523624586162538
0.49804125961548684	0.25194458216928084	0.25001415821523243
0.4951724307111116	0.25122011717444237	0.2536074521144462
0.4962300707668676	0.24753391667674784	0.2562360125563847
0.48983253011585787	0.2555089348314462	0.254658535052696
0.49635757506322653	0.24541913454445913	0.2582232903923144
0.49002890336880855	0.25238278572133027	0.2575883109098613
0.4929714843195111	0.24376919667266578	0.26325931900782323
0.4901821122112637	0.25643449935618323	0.25338338843255315
0.49134093781553256	0.2498396914100416	0.25881937077442596
0.49590258292026435	0.2509456839340981	0.2531517331456376
0.4944734161313017	0.24617934622633936	0.25934723764235906
0.4906497280134528	0.25126611173869395	0.25808416024785336
0.4969898950714803	0.2501446830402895	0.2528654218882304
0.4986282626964885	0.2514713981511995	0.24990033915231208
0.4930443129951543	0.2508349684471517	0.25612071855769414
0.4977898520940897	0.24700336346907784	0.25520678443683253
0.4929981522276965	0.24822187895300793	0.25877996881929566
0.49968431433914645	0.2437939016706295	0.2565217839902242
0.49049893153018165	0.2554848368769085	0.2540162315929099
0.4954568915772959	0.24459274588772126	0.259950362534983
0.4957013529720866	0.2495736174995662	0.2547250295283473
0.49896835756303215	0.24735324272826298	0.253678399708705
0.4951684676275659	0.24571283906029875	0.2591186933121355
0.4984274701518375	0.24669333772288282	0.25487919212527976
0.49355489233873984	0.24375956726915537	0.2626855403921049
0.4939162221197657	0.25227109402359615	0.2538126838566382
0.490096757743575	0.24861915224678716	0.2612840900096379
0.49069946826512145	0.2557011710324949	0.2535993607023837
0.48905930109559315	0.2465175565425173	0.2644231423618897
0.49071782812507136	0.24975292580939407	0.2595292460655347
0.4916207505392062	0.24845850289678836	0.25992074656400554
0.4975698270970517	0.2488411054355445	0.25358906746740384
0.4920749509845735	0.24735204785839723	0.2605730011570294
0.49918882739207604	0.25061684170603954	0.2501943309018845
0.49936836276100116	0.24458117606942448	0.25605046116957453
0.49017849925944285	0.25033878914231583	0.25948271159824143
0.4964602202330395	0.25173930955561763	0.251800470211343
0.48850046228463667	0.2558937698402396	0.25560576787512385
0.498674530042693	0.24875993458806162	0.25256553536924553
0.4957856204595977	0.25507764235437824	0.2491367371860242
0.4909620872577316	0.24703546080451072	0.26200245193775773
0.49342721454929034	0.25070895989758635	0.2558638255531235
0.4934100822960663	0.25171225064842373	0.25487766705551
0.4911513295522006	0.25236825397340185	0.2564804164743977
0.49646101191950354	0.2535749325827372	0.24996405549775935
0.49829535085318344	0.24484737718192157	0.2568572719648951
0.4939317780739759	0.24665382331971808	0.2594143986063061
0.4950109507273868	0.2560964861169993	0.24889256315561398
0.4995390043008616	0.2517605575561479	0.24870043814299064
0.4927822822981246	0.2527338424966617	0.2544838752052138
0.49517567893173026	0.2487039693624549	0.25612035170581493
0.49740130248462544	0.2514797180568661	0.2511189794585086
0.49841689752854984	0.25184257741594207	0.24974052505550817
0.4927887627498459	0.25544802305233116	0.25176321419782305
0.4950284134628913	0.24956974453648997	0.25540184200061883
0.4941553084382795	0.255460215308228	0.2503844762534926
0.49635722872097043	0.24984713057669228	0.2537956407023374
0.49707837111262576	0.2504977832778361	0.25242384560953823
0.4898074990590424	0.2439623386892688	0.2662301622516889
0.4999542290180212	0.24441053317908018	0.2556352378028987
0.49324355503455863	0.25151132912201984	0.2552451158434217
0.49021491238914605	0.25085189085094506	0.25893319675990895
0.4885636258083021	0.25244871817529424	0.25898765601640383
0.49202761002719364	0.24696247520532671	0.2610099147674797
0.4892653541949524	0.2515418568021051	0.25919278900294257
0.4958412345659546	0.24682175164902848	0.257337013785017
0.48973524551813286	0.2497820199173218	0.2604827345645454
0.49309988932268467	0.25484862291818033	0.25205148775913505
0.4957996400868804	0.25508887574125033	0.24911148417186937
0.498649767094986	0.2518844240634739	0.24946580884154018
0.4885305276392941	0.2530698390830641	0.2583996332776419
0.4966844986589925	0.24887212803298203	0.2544433733080256
0.4948919971016402	0.2561575755327442	0.24895042736561565
0.48971732386836486	0.25564330922508294	0.2546393669065523
0.4963771014092636	0.250338028201285	0.2532848703894516
0.49742642159106437	0.24923874018581926	0.2533348382231164
0.4906320722204484	0.24413851529986869	0.265229412479683
0.493190706588685	0.2438067550122132	0.2630025383991019
0.49708628981743413	0.24513388625590896	0.257779823926657
0.49199817991054706	0.2511892904577486	0.2568125296317044
0.497838871496416	0.24583705199199107	0.25632407651159306
0.49571789419697126	0.25218935226740385	0.252092753535625
0.4954697676567771	0.2530230438351847	0.2515071885080383
0.4919927749120292	0.24894091932344675	0.25906630576452416
0.4893983316370619	0.24609967819079126	0.2645019901721469
0.4909782005684562	0.2519575461166944	0.25706425331484956
0.4920386233428895	0.2471525310470994	0.26080884561001116
0.4908541457886405	0.25508120318627436	0.25406465102508524
0.49464194332501676	0.25277475716608205	0.2525832995089013
0.4887266497986481	0.25261153915063017	0.2586618110507219
0.49875382465314533	0.25267443549822627	0.24857173984862854
0.49256010208007533	0.2534415090496569	0.2539983888702679
0.4936712278270346	0.2521908033012833	0.2541379688716823
0.49289499737027076	0.24789092105102414	0.2592140815787052
0.4909456771803919	0.2534844095852675	0.25556991323434064
0.4948189929434056	0.2515851623770265	0.253595844679568
0.49351306455164834	0.24506487150469825	0.2614220639436536
0.499769845143319	0.24726898926212804	0.25296116559455306
0.4974723860043458	0.2531317616550143	0.24939585234064
0.49141029618553084	0.24418456161970467	0.2644051421947646
0.4948639520290207	0.24436898394059076	0.26076706403038863
0.4886418213421845	0.24706251644586194	0.2642956622119537
0.49310321801560325	0.2526226931054769	0.25427408887891995
0.49634597641525047	0.253290379933244	0.25036364365150565
0.49505323501919274	0.2504555199606945	0.2544912450201129
0.4957699213532023	0.2516943921793834	0.2525356864674145
0.4884195504176324	0.2538204252359557	0.257760024346412
0.49448187997561643	0.24883472263979856	0.2566833973845851
0.4985755075722434	0.2463586262535347	0.255065866174222
0.49446645679006707	0.24584977959393417	0.2596837636159988
0.495933767539979	0.24685747260906543	0.2572087598509557
0.49357873205158953	0.24814387288379433	0.2582773950646162
0.49195845402037996	0.2518242705653347	0.2562172754142854
0.4945467975448848	0.25312264087267566	0.25233056158243966
0.4953989507513685	0.24647098342312376	0.25813006582550785
0.49534749681661006	0.24885114371149847	0.2558013594718916
0.49310032176337015	0.2437351848644962	0.26316449337213377
0.49049634933505454	0.24921165778857254	0.260291992876373
0.4923991158922919	0.2535300351217596	0.2540708489859486
0.49014180213534086	0.24541109122081087	0.26444710664384835
0.4966731737453967	0.2528265809978364	0.250500245256767
0.4968322228336462	0.24551547606031823	0.25765230110603565
0.4956049678086665	0.25035116636028354	0.2540438658310501
0.48913274324573297	0.2457895409916441	0.265077715762623
0.4912835100485604	0.2542615319384123	0.2544549580130274
0.4927761325403132	0.2525565731254922	0.25466729433419466
0.4957090781274839	0.24741858625701882	0.25687233561549744
0.49417719990185366	0.24899121637216998	0.2568315837259765
0.49326098254105755	0.2502040624624111	0.25653495499653145
0.498915421101298	0.25154781587022584	0.24953676302847627
0.48960797725247135	0.2546071445487879	0.25578487819874085
0.4953844399297134	0.2557007945442345	0.24891476552605218
0.49102947612943026	0.24696830278822318	0.26200222108234666
0.4935469534962403	0.2443429924085353	0.26211005409522453
0.49334725769533955	0.2529010953036641	0.2537516470009964
0.490941796562581	0.25589695934646006	0.253161244090959
0.4946627972587929	0.25050429056822027	0.2548329121729869
0.49334685740490936	0.25549239596115	0.2511607466339408
0.4946743169156724	0.24741939465590496	0.2579062884284228
0.4962478686723669	0.2469494832384925	0.2568026480891407
0.498138240557591	0.24599498133673856	0.2558667781056706
0.4935396781738185	0.24938496697943252	0.2570753548467491
0.48828718269090443	0.2509423137045288	0.2607705036045669
0.4928007315355819	0.2513137387356072	0.25588552972881107
0.4900639773857751	0.24683588773378654	0.2631001348804385
0.4977229281065332	0.246495049660107	0.25578202223335994
0.49332663901733453	0.25364538822924687	0.25302797275341865
0.49944474661662197	0.24412493975557162	0.25643031362780655
0.4897897457389443	0.24830984552929017	0.2619004087317657
0.490689347288054	0.24702308036279558	0.26228757234915057
0.4930766412270076	0.254219259016463	0.2527040997565295
0.4967735961001915	0.25341889127104655	0.249807512628762
0.4931470159335575	0.24845450718670675	0.25839847687973583
0.4899281555264912	0.24857311264321696	0.26149873183029193
0.4937144124785776	0.24535911680057246	0.26092647072085007
0.49459528034844435	0.25263355827959927	0.25277116137195643
0.4936913451320104	0.2512021256234461	0.2551065292445436
0.49817266030434254	0.24636147352020946	0.25546586617544814
0.48980643629638104	0.24447276404240115	0.2657207996612179
0.4901206969287677	0.24949396930443551	0.26038533376679684
0.491008695859379	0.24699099113945436	0.2620003130011667
0.4898216214360689	0.24387062111752816	0.2663077574464031
0.49201049394217683	0.24584904794717485	0.26214045811064846
0.49614323917876085	0.24581853068901857	0.2580382301322207
0.49442894217499267	0.252834125935313	0.2527369318896944
0.4933387633391122	0.25213716247086554	0.2545240741900223
0.496607857682395	0.2497830573164581	0.253609085001147
0.49568703670300934	0.25084066353125123	0.2534722997657395
0.4911149803788217	0.25041768689772237	0.258467332723456
0.491882714146217	0.2495555194332717	0.25856176642051143
0.49793760986033453	0.25216212678335426	0.24990026335631138
0.49401506495850545	0.25576734868360357	0.25021758635789115
0.4960939243227637	0.24887969356187484	0.25502638211536155
0.49726515682023137	0.24693108438206948	0.25580375879769923
0.49282156997151777	0.2536615914066932	0.2535168386217892
0.4886770106567744	0.2500094038577215	0.2613135854855042
0.49088632387721615	0.25333976661066127	0.2557739095121227
0.489968353346556	0.24890790315718264	0.2611237434962615
0.49360596905438925	0.24826626218872977	0.2581277687568811
0.4891342503716107	0.24534789636912915	0.26551785325926025
0.4954731169901828	0.25049894909627424	0.254027933913543
0.49511733197750535	0.2504159054911492	0.25446676253134554
0.4942692046247652	0.25343567508853904	0.2522951202866959
0.49130305476624825	0.24653233585512352	0.26216460937862834
0.49095210664485867	0.24440080024587515	0.26464709310926626
0.49049300733306206	0.25315538425724676	0.2563516084096913
0.4977276970726539	0.24906715738526683	0.25320514554207935
0.49775952898261827	0.2536467264608374	0.24859374455654443
0.4968950977712874	0.2500535883627142	0.25305131386599855
0.4954588250385848	0.24830239201768078	0.25623878294373453
0.4912121762337968	0.24972481920872933	0.25906300455747394
0.4962461383962821	0.24671843873449983	0.25703542286921816
0.4970187911435475	0.24982063250436687	0.25316057635208566
0.49186480634348667	0.24888601279755518	0.25924918085895826
0.4902295304263611	0.24428422618323203	0.265486243390407
0.4913763833183865	0.24764377338325794	0.26097984329835566
0.4904067881369212	0.24381165746226136	0.2657815544008176
0.4956105697231261	0.2518114378279008	0.2525779924489732
0.4910283100132207	0.25519377077240313	0.25377791921437626
0.49754173625397674	0.25084037205223586	0.25161789169378745
0.498070888410138	0.24591853542975556	0.2560105761601065
0.49917395917310814	0.2494121434323876	0.25141389739450437
0.4919008855689723	0.25381753817573655	0.2542815762552912
0.4898239377529873	0.2496293813647771	0.26054668088223565
0.49304586103599723	0.24976184796761117	0.25719229099639174
0.4900094201683515	0.24518915318512333	0.2648014266465253
0.4968533674840567	0.24978387471779737	0.25336275779814604
0.49819560984681416	0.24624779292697913	0.2555565972262068
0.4973006418941831	0.24938309678818799	0.253316261317629
0.4963642819707672	0.2501036317541495	0.25353208627508333
0.49229445298527597	0.2439770047654849	0.26372854224923925
0.4982143237420339	0.24683650338032642	0.2549491728776398
0.4922028535064872	0.2482638302325069	0.259533316261006
0.4967048141691754	0.24885664915310496	0.25443853667771976
0.49421579620692463	0.24971691902033372	0.25606728477274177
0.49363936589409696	0.255686307458622	0.2506743266472811
0.4986412135723472	0.2519348186031388	0.2494239678245141
0.49483195686217973	0.25214005405381107	0.25302798908400925
0.49459854687180066	0.24434314648802524	0.2610583066401742
0.488593327815525	0.2477238303139005	0.2636828418705746
0.49723718129849803	0.24476045779722735	0.25800236090427475
0.489095710022854	0.2461422803524965	0.2647620096246496
0.49065157266173715	0.25371336044848525	0.25563506688977766
0.4932825167206022	0.24845831102825705	0.2582591722511409
0.4998573706429623	0.24909271047958859	0.2510499188774492
0.4893883333313713	0.24561441493174718	0.26499725173688166
0.49684549973482117	0.24720633982013004	0.25594816044504887
0.49161574435568506	0.25556583883523964	0.2528184168090754
0.49613871941671084	0.24768979612230083	0.2561714844609885
0.4942305627959807	0.25016578160084807	0.25560365560317133
0.49392446630593656	0.25206782794905785	0.25400770574500575
0.4988928975639213	0.2511946439413541	0.2499124584947247
0.4942310097558473	0.24677024055722763	0.2589987496869252
0.4988104172753306	0.24913419882916127	0.25205538389550824
0.4913552618653949	0.25629741856529864	0.25234731956930656
0.49344611455472087	0.24609102403672656	0.2604628614085527
0.4906017250197416	0.2562641637724865	0.25313411120777196
0.4892290716034673	0.24398685939128717	0.2667840690052456
0.49249918395845005	0.250396966133943	0.2571038499076071
0.49649336380897413	0.24845967039437128	0.25504696579665465
0.49866626336388664	0.24894548706387393	0.25238824957223954
0.4896176734042312	0.2524101290579556	0.2579721975378133
0.49797832395573915	0.24928201705085568	0.2527396589934052
0.4883331937817395	0.24986869191137573	0.26179811430688493
0.4964252201740156	0.25447668059457806	0.24909809923140647
0.4933998750227574	0.2541773427334427	0.2524227822438
0.495295665992092	0.25456399523194295	0.2501403387759652
0.49031074072238445	0.24709087144369657	0.2625983878339191
0.496628154891192	0.25338410207468604	0.24998774303412202
0.488800966587118	0.24567962853253755	0.26551940488034453
0.49194787288190334	0.24900298349933464	0.2590491436187621
0.4935574129068884	0.24782658775433453	0.25861599933877716
0.496283819665438	0.24638553954914433	0.2573306407854178
0.49424924373769596	0.2555218611691445	0.25022889509315965
0.4954299262289501	0.25151144528653574	0.25305862848451427
0.4884301403174485	0.2560078090060304	0.25556205067652116
0.4984230524994141	0.24638491513982597	0.25519203236076005
0.494228051949548	0.25409545466010963	0.2516764933903424
0.49837413710132616	0.24949221273403668	0.2521336501646373
0.4926111316909365	0.25422451490092784	0.2531643534081357
0.49474791240904215	0.24835890286944456	0.2568931847215134
0.49056442806733386	0.25270657626852855	0.25672899566413765
0.4945909585325757	0.24452363215861467	0.26088540930880977
0.48955500706788857	0.2538511648387618	0.25659382809334974
0.4940676587114875	0.25184988599406116	0.2540824552944514
0.49375113437346096	0.2504877762749208	0.2557610893516184
0.4928703541524674	0.25279563534801885	0.2543340104995139
0.49872575308840983	0.24553511970369213	0.25573912720789815
0.48838074523022845	0.24954535095380395	0.2620739038159677
0.4979694333302936	0.24830738390023113	0.25372318276947536
0.4902239949944197	0.24440260819042617	0.2653733968151542
0.49425351741942775	0.2494139936965073	0.25633248888406507
0.499170847971809	0.2462342854974352	0.2545948665307559
0.4894026711849724	0.25275035885058594	0.2578469699644418
0.49550731660871106	0.25342722932540274	0.2510654540658863
0.49202875182856687	0.2506932170964826	0.2572780310749506
0.4978538011911154	0.24418756381163564	0.2579586349972491
0.49317249309417577	0.2557068816282966	0.25112062527752776
0.49269005871220284	0.24553810610986104	0.26177183517793623
0.4901029222215273	0.2455500784389585	0.2643469993395143
0.494472869561422	0.2454364244104797	0.2600907060280984
0.49767926165084464	0.2515123858814513	0.2508083524677042
0.4930235083334171	0.24444727749018702	0.26252921417639596
0.497806153775256	0.24395555779846184	0.2582382884262822
0.49330378014557813	0.25067089044551455	0.25602532940890743
0.4968912559087315	0.2445858744438666	0.25852286964740195
0.4952134291280398	0.2558388290344893	0.248947741837471
0.4917493892286132	0.25509715349356016	0.25315345727782673
0.49514093063675896	0.2511957393218942	0.25366333004134695
0.4902876267793057	0.2500191263479367	0.2596932468727577
0.48981503443492413	0.2523435960700139	0.2578413694950621
0.49429222817749413	0.24568322071645354	0.26002455110605244
0.494845840619141	0.24988629236634236	0.25526786701451676
0.49894581079834444	0.24886804287946118	0.2521861463221945
0.49444736119065413	0.2501936105277329	0.2553590282816131
0.49197782242143484	0.2511713106105515	0.25685086696801374
0.4985899841278868	0.248471798492225	0.25293821737988825
0.4883060056904267	0.2538322928614813	0.2578617014480921
0.48906191520032555	0.25546616125017524	0.2554719235494993
0.4968221418545655	0.2542969570040271	0.2488809011414075
0.4943344964965529	0.24711224732655768	0.2585532561768895
0.4950041601817178	0.2453936767769343	0.259602163041348
0.4974271562929355	0.2523933322709727	0.25017951143609185
0.4977646994306645	0.25119116946884856	0.2510441311004871
0.49719184135089456	0.2454392983486453	0.25736886030046024
0.489432648742064	0.2548787828472752	0.2556885684106609
0.49636892465724225	0.24971507955791425	0.2539159957848436
0.49362001498372987	0.24407783874746114	0.2623021462688091
0.4937726374065212	0.24641179262055185	0.2598155699729271
0.49685131030619634	0.249666142958239	0.25348254673556475
0.4998826620765319	0.25058610525609054	0.24953123266737764
0.48957230671803054	0.25039590139553286	0.2600317918864367
0.4943679875416675	0.2529202715782052	0.25271174088012743
0.4949546093437258	0.24532573391978368	0.2597196567364906
0.4917521279720461	0.25157270516037494	0.2566751668675791
0.49684345732828833	0.24654011418251945	0.2566164284891923
0.4999157889794412	0.24594280732857118	0.2541414036919877
0.49067013219522215	0.25300928629012337	0.25632058151465453
0.49749111691062897	0.24721518024722264	0.2552937028421485
0.4907626734620846	0.25130081901731127	0.25793650752060426
0.49192419915439123	0.2439980699479538	0.26407773089765507
0.4968651678875021	0.2504649482400339	0.2526698838724641
0.4902677388253397	0.25185496835352317	0.25787729282113725
0.49275099756014923	0.251825852042203	0.2554231503976479
0.4891420916043181	0.24959950109583334	0.2612584072998486
0.48972123402324225	0.25635160022038017	0.25392716575637764
0.48994814186621705	0.25533386648536593	0.2547179916484172
0.4975267028062703	0.2500135469343565	0.2524597502593733
0.4896072285622032	0.25278940818999285	0.2576033632478041
0.4899699153865513	0.2517070617098008	0.258323022903648
0.49395906619911734	0.2527157999325506	0.2533251338683322
0.4947084155050949	0.24896513000515488	0.2563264544897503
0.4962905859955226	0.24870799519614714	0.2550014188083304
0.4968177986127023	0.24472947067972223	0.2584527307075756
0.49093979800468046	0.2561336380299188	0.2529265639654008
0.49502873204193326	0.25495744879963744	0.2500138191584294
0.4897333851177564	0.2523548169256636	0.25791179795658015
0.4967375846642771	0.24384558916526972	0.2594168261704533
0.49019924054677333	0.25012272219519327	0.2596780372580335
0.4985334602933693	0.24617875123920302	0.2552877884674277
0.49646221160746057	0.2537816578569534	0.24975613053558618
0.4890079330377257	0.24986992550145143	0.26112214146082297
0.49448660240865877	0.25597840137705996	0.24953499621428138
0.49264873920625574	0.2447602703469418	0.26259099044680256
0.48871412589878194	0.2488209189718199	0.2624649551293982
0.48947882713448676	0.2524464911640919	0.25807468170142145
0.49598654053970814	0.2445318766928979	0.2594815827673941
0.49122583279206844	0.2506164446114791	0.25815772259645264
0.49946366187014535	0.2486968669363433	0.25183947119351147
0.4907907926670613	0.24396654824564962	0.26524265908728917
0.49769881463520876	0.251467728467351	0.25083345689744035
0.49840639805033377	0.24407701289490197	0.2575165890547644
0.4978353531677524	0.24576836933549803	0.25639627749674965
0.4954936268702289	0.2511203590040064	0.2533860141257647
0.4936058129421198	0.25282852923418947	0.25356565782369084
0.4948500111441996	0.255675403790228	0.2494745850655725
0.49103895445086854	0.25493705261452687	0.25402399293460465
0.49270152791985034	0.2503251454933405	0.25697332658680927
0.48979136874677986	0.24595253217980678	0.2642560990734134
0.4961822799814828	0.2518314405524733	0.251986279466044
0.48971939472837284	0.25456782764275887	0.25571277762886835
0.4955989104284402	0.2538330571152411	0.25056803245631887
0.49496819645417367	0.24680176532650022	0.2582300382193262
0.49880816046939236	0.2502559796614698	0.250935859869138
0.49859130234769067	0.24927625216484173	0.2521324454874677
0.49884113776742756	0.24523758096181186	0.25592128127076075
0.4955027505547772	0.253902199289053	0.25059505015616984
0.49038547677635436	0.24846159988893135	0.2611529233347144
0.49234205400589803	0.25088815078364357	0.2567697952104585
0.4955045969940639	0.25548056153039583	0.24901484147554037
0.49506904989650014	0.24963943335273042	0.25529151675076955
0.498829516930151	0.24638642399323105	0.25478405907661805
0.48831033137428337	0.2500436403678312	0.2616460282578856
0.4986783635395917	0.24502857195548206	0.2562930645049263
0.49538581521978176	0.2474845708280286	0.2571296139521898
0.4987959717384455	0.24495904057290172	0.25624498768865295
0.49928824540929473	0.2506263936877971	0.25008536090290834
0.4989650894917566	0.24792472257900897	0.2531101879292345
0.48845473900537417	0.24802878207794166	0.2635164789166842
0.4892206423519971	0.24794598887930028	0.2628333687687028
0.490122756466756	0.24799907794635745	0.26187816558688665
0.4910252820796166	0.2518968135911105	0.257077904329273
0.49636082692998573	0.24471927217480322	0.25891990089521116
0.4968083366362857	0.24624277197275063	0.2569488913909638
0.488270794184741	0.25308710476821306	0.258642101047046
0.49303494981245705	0.2556804678454609	0.2512845823420822
0.4960478571177229	0.24760650126591746	0.2563456416163597
0.49266545107642473	0.24793467140450645	0.2593998775190689
0.4916133740181926	0.2437754276155228	0.26461119836628477
0.49392163365744995	0.24934852927884257	0.25672983706370756
0.4966370734984948	0.2503449502291704	0.25301797627233485
0.4957361056327819	0.2479531927993559	0.2563107015678623
0.49191252115022116	0.2481735744660989	0.25991390438368006
0.4925421060950626	0.24882322578252553	0.258634668122412
0.497090695217816	0.24982039281117846	0.2530889119710057
0.4901211976819805	0.24975793474712754	0.2601208675708921
0.49085785971748586	0.24543806575520127	0.263704074527313
0.49778457898538253	0.24740734970654044	0.25480807130807714
0.4991606871531853	0.24805419537961257	0.2527851174672022
0.4921769398859872	0.25055154349288844	0.25727151662112446
0.490699786820488	0.24875622173065678	0.2605439914488553
0.49917755491810756	0.2457994298762526	0.2550230152056399
0.49121539848532614	0.24378757741168783	0.2649970241029861
0.49638250737250145	0.24568331182982453	0.25793418079767416
0.49933018293251824	0.24714727377880027	0.2535225432886816
0.49664061894292005	0.2536577186523416	0.24970166240473846
0.497306545230304	0.25368455293109904	0.24900890183859709
0.4953354686495653	0.24771829581051574	0.2569462355399191
0.4969941317354092	0.25096577144760324	0.2520400968169877
0.49722171705887636	0.24930677982859487	0.25347150311252886
0.49101276953694273	0.25564901224930997	0.2533382182137474
0.49352883689529625	0.25499541767161427	0.2514757454330896
0.49142763666175227	0.2465734857711005	0.2619988775671473
0.49025726640060135	0.2450452021575769	0.26469753144182184
0.48959234611142516	0.2545573456683329	0.25585030822024213
0.49780182790705635	0.2499376627564936	0.25226050933645017
0.4962188829857697	0.24665217498276118	0.25712894203146924
0.49880374215332596	0.24534792549797751	0.25584833234869664
0.4974515572420913	0.24421363403391452	0.2583348087239943
0.4948282458262552	0.2476591690554934	0.25751258511825154
0.4899800642565858	0.2454528984693826	0.26456703727403175
0.4988098893019435	0.2502918579762456	0.25089825272181104
0.49257382229047825	0.25408013103695504	0.2533460466725669
0.495677525964192	0.25300746303431015	0.2513150110014979
0.4904063696974604	0.24449405623045933	0.2650995740720804
0.4934600487526315	0.2511342291034442	0.25540572214392443
0.4940942588707418	0.2501800557070203	0.255725685422238
0.4994914209243179	0.24864709901198584	0.25186148006369635
0.4940962199691755	0.25247276298874877	0.2534310170420759
0.4991878460783095	0.25167471942097475	0.24913743450071585
0.4919418417957154	0.25560357963980207	0.2524545785644827
0.48936325402408815	0.2548657551680751	0.2557709908078369
0.4932099582064629	0.24676809372872793	0.26002194806480927
0.49010919824495586	0.2512858334433634	0.25860496831168084
0.4935468839954667	0.2449724761480166	0.2614806398565168
0.4955097936688292	0.24468960911021248	0.25980059722095844
0.4933800217444419	0.2491847053926327	0.2574352728629255
0.4972831414754808	0.25383000554449286	0.24888685298002639
0.49626264798123043	0.253430961515941	0.25030639050282866
0.49688272842972514	0.24782017020243483	0.2552971013678401
0.4989453918956608	0.2519837656398528	0.2490708424644865
0.49539567179961025	0.2534138313039799	0.25119049689641
0.4883337542781101	0.2553506502455832	0.25631559547630683
0.4926249660135387	0.24442665600003366	0.26294837798642773
0.4893941497021885	0.2538085496686687	0.2567973006291429
0.4956412047158514	0.25169804577442034	0.2526607495097284
0.49432822862267217	0.24831790491970743	0.2573538664576205
0.4882758645854589	0.2478510355848938	0.26387309982964735
0.49764822161670025	0.24577619904518153	0.25657557933811836
0.4925730602764956	0.24857660198634668	0.2588503377371578
0.4930325610336642	0.2521079893967774	0.2548594495695584
0.4916772053016222	0.25159774038367405	0.2567250543147039
0.4952252339626394	0.2515640427758325	0.25321072326152827
0.48830923654434427	0.2562500546323756	0.25544070882328024
0.4902242442334987	0.2437121589577544	0.266063596808747
0.4889095989392688	0.24613288359821664	0.26495751746251467
0.4938225325875075	0.24750245104774304	0.25867501636474954
0.4908931322505281	0.24612443142830218	0.2629824363211698
0.4939214674186258	0.25286539402715846	0.2532131385542159
0.49535492287624705	0.2461739708187184	0.2584711063050347
0.49800446381584385	0.25077189720749093	0.25122363897666533
0.49450046533422193	0.24802171708057258	0.2574778175852056
0.49438718811274995	0.2505359321778749	0.25507687970937526
0.4972437699138948	0.2483350686690472	0.2544211614170582
0.48983732425207793	0.2518334331669235	0.25832924258099865
0.4947106176734211	0.24508581987762298	0.26020356244895604
0.49284023306366775	0.2479061605618012	0.2592536063745312
0.49465234271972347	0.25199283141570505	0.2533548258645716
0.49275234018666064	0.25023977821134796	0.2570078816019915
0.4915899075676705	0.2558225585398897	0.2525875338924398
0.4928933608118705	0.2535042196981938	0.2536024194899358
0.49869033484341024	0.24418500106725988	0.25712466408933
0.4985143025702512	0.25011752530003495	0.251368172129714
0.490544813397534	0.2498487841115477	0.2596064024909184
0.493390099632553	0.2518535600073575	0.2547563403600896
0.4954484499151049	0.2507490772658366	0.25380247281905854
0.49171024793184515	0.2441314366170154	0.26415831545113955
0.49368884755648584	0.24680438673152688	0.2595067657119874
0.49287695560482214	0.2544655258521693	0.25265751854300866
0.49493577935358246	0.24618978509442735	0.2588744355519903
0.49621415807747293	0.24725730571562943	0.2565285362068978
0.48953342610683614	0.2489957230697605	0.26147085082340343
0.494387429376085	0.2544971041646147	0.25111546645930044
0.49485108463661653	0.24936095556740334	0.25578795979598024
0.4944525691855768	0.25190402684002056	0.25364340397440277
0.4919779566811291	0.2499032633642471	0.25811877995462396
0.49594727822990786	0.254472435860445	0.2495802859096473
0.49242370301731664	0.2531542151323368	0.25442208185034665
0.4969322786083763	0.25277581880032274	0.2502919025913011
0.49409214133270474	0.24472471018086364	0.26118314848643176
0.49251673782176064	0.24935209808830183	0.25813116408993764
0.49537560083380616	0.2538271842777634	0.25079721488843054
0.48825581359307013	0.25304994418111293	0.25869424222581705
0.4944096371103293	0.25323832713239475	0.25235203575727605
0.4948111996107154	0.24787734157018337	0.25731145881910134
0.4890610655022602	0.25162214083708945	0.25931679366065047
0.494129654744494	0.25110125051479304	0.2547690947407131
0.49744197668245893	0.2535434687999676	0.2490145545175736
0.4933881750107286	0.25546715189849734	0.2511446730907741
0.4934877887690796	0.25022201647448705	0.25629019475643344
0.491388010074216	0.24476864396750506	0.2638433459582791
0.4883014446224123	0.24713714251900404	0.2645614128585838
0.4955713661269537	0.25206242867610523	0.2523662051969412
0.49878323135612274	0.2495067836424052	0.2517099850014722
0.4935486920074841	0.24560510429270185	0.26084620369981415
0.4899639763831768	0.24456622471592726	0.26546979890089606
0.4933286087887975	0.2526628292266227	0.25400856198457994
0.49201092616840053	0.2523772474038345	0.2556118264277651
0.4950347714136542	0.24561645884379352	0.2593487697425524
0.49204942917755395	0.2504544737606943	0.25749609706175186
0.4925791539624194	0.2535850611113803	0.2538357849262004
0.49315978812639816	0.24676176375631878	0.26007844811728315
0.4890659356919253	0.2520303833843247	0.2589036809237501
0.49344449462369605	0.24480495169292454	0.2617505536833795
0.4894324539823023	0.24448207055536245	0.2660854754623354
0.4988339575295897	0.24455015018971826	0.2566158922806921
0.49092308940073115	0.25561835111200726	0.2534585594872617
0.49846347126894514	0.2461468208240154	0.2553897079070396
0.4960453629145234	0.24898099370104484	0.25497364338443185
0.4985397347583311	0.25056624320338844	0.2508940220382806
0.48974776210091153	0.2478800670568963	0.2623721708421923
0.49714315914717216	0.2524511504072412	0.25040569044558675
0.4966485615266051	0.2544914584969575	0.2488599799764375
0.4894720112979014	0.2544091240170452	0.2561188646850535
0.4940975637429654	0.2561612240124344	0.24974121224460036
0.4899768277235803	0.25317104988369427	0.2568521223927256
0.4897819585733197	0.25153057057755984	0.2586874708491205
