0.44422595718455826	0.35899559890261223	0.1967784439128296
0.648094055962159	0.21548929248822546	0.1364166515496157
0.25769715737437915	0.259365217835588	0.482937624790033
0.6210549249849782	0.13124872990050984	0.2476963451145122
0.6400574687730964	0.10220321177532565	0.257739319451578
0.081174092847287	0.6327494278426959	0.28607647931001723
0.14578488566298461	0.40911078841144105	0.4451043259255745
0.3100692017243162	0.2964139013265994	0.3935168969490845
0.5449277642838084	0.31181447421324976	0.14325776150294192
0.6605400796173089	0.11082346455472564	0.22863645582796552
0.41457605270430914	0.45630578386560317	0.1291181634300878
0.3333362238365576	0.23116070368450886	0.4355030724789337
0.4292361506204472	0.34639955253104815	0.22436429684850479
0.31068481055652175	0.5620799688524657	0.12723522059101272
0.1005713098476117	0.5093143350905527	0.3901143550618357
0.5097644097972489	0.17888822655144765	0.31134736365130355
0.28224291529053575	0.5400643190176944	0.17769276569177003
0.17632345623038234	0.6945766884025586	0.12909985536705915
0.07051245668968975	0.41739224369144395	0.5120952996188665
0.3910071749457596	0.21181455612638617	0.39717826892785435
0.3324477895367757	0.24501051996225792	0.4225416905009665
0.2967632983303462	0.1307410565823882	0.5724956450872657
0.1492621392216475	0.563645069051611	0.2870927917267416
0.41351139552264354	0.05067285711971192	0.5358157473576447
0.7397669704586836	0.05434537827783276	0.20588765126348374
0.3783474913249579	0.499399599904064	0.12225290877097825
0.5293564092994624	0.07960032607542156	0.3910432646251162
0.26305855817397483	0.14601079959333135	0.5909306422326939
0.12499717049460574	0.5394120475630794	0.33559078194231495
0.6869481347507098	0.14621325707488925	0.166838608174401
0.3170467434051017	0.3770535432280062	0.3058997133668922
0.1976942553067681	0.2384280097178188	0.5638777349754132
0.3090001656360143	0.27211820882283555	0.41888162554115027
0.4780373829290766	0.16384437542467575	0.3581182416462478
0.35426084589179907	0.17428192901668776	0.4714572250915133
0.2101001585042879	0.3572837458699016	0.43261609562581066
0.3738054382715369	0.43075803565760373	0.19543652607085948
0.22852756657766682	0.3376410851987981	0.4338313482235352
0.36208961319248856	0.11177180587501087	0.5261385809325007
0.08279921207010837	0.4410904782223918	0.4761103097075
0.20650533963043055	0.19761597119038818	0.5958786891791814
0.23919655544393698	0.5652517357263326	0.19555170882973055
0.2432247322659622	0.2856046561734515	0.4711706115605864
0.2567443726902923	0.5919411515763291	0.15131447573337875
0.24292558147658197	0.5367056271869517	0.22036879133646647
0.5581085197988611	0.266311330084114	0.17558015011702496
0.3932680637466549	0.2354328023537418	0.3712991338996034
0.08663804332387426	0.5025693976977645	0.41079255897836126
0.5672618278053847	0.3164908679011944	0.116247304293421
0.4296662193220782	0.12058171720792052	0.4497520634700014
0.2693753236262098	0.3325014634905085	0.3981232128832818
0.5594187418924867	0.04879269374160222	0.39178856436591114
0.15251685749993468	0.26816983847970155	0.5793133040203639
0.5406921599353227	0.2745283176098152	0.1847795224548622
0.19906243492035602	0.46982117488297026	0.3311163901966738
0.38991480816269847	0.31266866383875935	0.2974165279985423
0.244788531355907	0.21591281716243085	0.5392986514816622
0.5824541290841259	0.2850889158441677	0.1324569550717065
0.2276219704434604	0.41574250810662206	0.3566355214499176
0.552358802208793	0.056040133113531954	0.3916010646776752
0.5199433222207244	0.2408829853886743	0.23917369239060143
0.21532352674593042	0.46948342649922814	0.3151930467548416
0.3748692197477055	0.2327954813213038	0.39233529893099084
0.740271144970531	0.03880684065729695	0.22092201437217213
0.3166651440240281	0.4960986611812095	0.18723619479476244
0.7808130418593302	0.052687308474759664	0.1664996496659102
0.3243100248721986	0.5450120469122236	0.13067792821557794
0.4395657959703019	0.170492604631136	0.38994159939856227
0.17849828882423746	0.6839595587189231	0.13754215245683954
0.08590875324140568	0.6966947057714294	0.21739654098716502
0.6890946628754193	0.04435429374922967	0.266551043375351
0.09827479708302739	0.694765754750014	0.2069594481669587
0.4573981839974802	0.10196008059163258	0.44064173541088725
0.4098991740942785	0.18796904016074525	0.4021317857449763
0.23600785842141203	0.5033789049056374	0.2606132366729506
0.3253064873474209	0.2845365266627642	0.3901569859898151
0.15216451013959123	0.464597984186351	0.3832375056740579
0.7619920194088174	0.04260326492844535	0.19540471566273732
0.19323321717253628	0.4849888173535765	0.3217779654738873
0.2967455044613637	0.43355413758682804	0.26970035795180836
0.2539080400311304	0.21066733810625812	0.5354246218626116
0.3144387962816324	0.44972957155373094	0.23583163216463682
0.30489419872476176	0.2592773265843162	0.43582847469092223
0.2629420904616295	0.41513071401645835	0.3219271955219123
0.10844445912134326	0.6436689047096991	0.24788663616895773
0.21275472884812743	0.29355365880835554	0.49369161234351716
0.17482832855837416	0.70353546807128	0.12163620337034597
0.6858627632495613	0.1273855994262852	0.18675163732415356
0.626665516001818	0.0499864862356349	0.32334799776254725
0.09326409917171988	0.7490904088299428	0.15764549199833736
0.388936814471896	0.302112550720708	0.30895063480739615
0.5716066713025514	0.10780486538485484	0.32058846331259383
0.5539688111975598	0.22918962522015873	0.21684156358228152
0.6434271718019278	0.044979469750630274	0.31159335844744207
0.07400775011087507	0.5454990860775805	0.3804931638115446
0.3282264813038759	0.43162824316318	0.24014527553294424
0.46013985383628997	0.06526649798518669	0.47459364817852345
0.4174919151974783	0.2962814726226777	0.28622661217984413
0.6472019694292663	0.07556921747701217	0.2772288130937216
0.497679147680676	0.08740298658333462	0.4149178657359895
0.16419554213081367	0.4902821912239145	0.34552226664527197
0.38927343910804435	0.23791329828790533	0.37281326260405045
0.20276088511918455	0.6321559224167121	0.1650831924641034
0.45626822993985705	0.19439178216287656	0.34933998789726645
0.4343868285482567	0.2794579389150661	0.2861552325366773
0.40036982041750957	0.30997760782556355	0.289652571756927
0.4423454471383949	0.35510323074462086	0.20255132211698434
0.5049397918985714	0.28989916202750815	0.2051610460739205
0.0629002849884735	0.5948757312514993	0.34222398376002733
0.5043721865432278	0.22337044123833538	0.272257372218437
0.42536426532059146	0.2357171000878427	0.338918634591566
0.32602703580892967	0.3240085333076751	0.34996443088339535
0.32076349727271036	0.4472318233434125	0.23200467938387725
0.19305063519663146	0.6881317260977702	0.1188176387055985
0.3159283864570561	0.39367690955876955	0.29039470398417444
0.6955602131889436	0.1730122771447648	0.1314275096662917
0.3897457611100535	0.4427358040376704	0.16751843485227622
0.2503129536700685	0.1812081122703878	0.5684789340595438
0.5368838847934572	0.22084368540190394	0.24227242980463903
0.0985710140817263	0.4033078441464113	0.49812114177186256
0.8069301919446934	0.04239749692890582	0.15067231112640098
0.5607113722578632	0.07180869059246758	0.3674799371496693
0.34430260241312755	0.3918628293745772	0.26383456821229534
0.10495969759570345	0.6612092172945565	0.23383108510974016
0.14921333185411767	0.4101967232536836	0.4405899448921989
0.2303462525552558	0.33835015490727555	0.4313035925374688
0.37095940050682735	0.043508237965930174	0.5855323615272425
0.281431123135816	0.187702930479464	0.5308659463847201
0.421271193498134	0.34355672230174195	0.23517208420012412
0.44321087394358033	0.3180174395263735	0.23877168653004624
0.6084667718895411	0.2414171823605269	0.15011604574993204
0.660532191034355	0.10735350422405435	0.23211430474159073
0.2541541212013797	0.3184269446857079	0.4274189341129125
0.3217982031378114	0.4449529067552296	0.2332488901069592
0.5057448736366263	0.17026862479369256	0.3239865015696812
0.19426150330880637	0.5191612141769144	0.2865772825142793
0.06759986384971284	0.6604606782598361	0.2719394578904511
0.38674447258764055	0.20957910965005067	0.4036764177623089
0.0944742430552748	0.7494321295718953	0.15609362737283006
0.7809891461802769	0.06238705423807284	0.15662379958165018
0.10451532510159373	0.6795833798072564	0.21590129509115005
0.33946205684103226	0.394958540048865	0.26557940311010286
0.33721757410277037	0.36153865774487026	0.3012437681523594
0.6216850421702549	0.24459696317959628	0.13371799465014886
0.3473870105889424	0.48426890639453385	0.16834408301652384
0.22610567598737247	0.31197411674865205	0.46192020726397565
0.3204022743535417	0.40064649714139544	0.27895122850506293
0.3651151320387855	0.3914818283543925	0.2434030396068221
0.579082599851697	0.10343874923199495	0.3174786509163082
0.30890894526501345	0.23670506095223362	0.45438599378275313
0.5284248546729678	0.24991630949491522	0.221658835832117
0.723672024712116	0.09608697043032899	0.18024100485755515
0.16893757205706722	0.5803691153496696	0.25069331259326333
0.4104515753931619	0.11041870266738837	0.47912972193944986
0.2489979643246935	0.4697681552027295	0.281233880472577
0.09052130854168047	0.6847596011247291	0.22471909033359055
0.3167210157500769	0.5269069731905551	0.15637201105936813
0.09264016652780821	0.5030884588947473	0.40427137457744466
0.3282974947837932	0.550791832786591	0.12091067242961578
0.46964290030390843	0.15875995355680975	0.3715971461392819
0.7966469906512301	0.08585591074960808	0.11749709859916185
0.21418881076868734	0.4613418869329322	0.32446930229838056
0.4079128773350428	0.22014813560324537	0.37193898706171197
0.1172743362584204	0.5571791065075763	0.3255465572340034
0.0986267382101044	0.5311310583116683	0.37024220347822745
0.1955186649339214	0.49704675053203273	0.307434584534046
0.4816543968042672	0.1344790271017609	0.383866576093972
0.14797233127658005	0.5114712836585578	0.34055638506486235
0.4435962756382492	0.21678529646661915	0.33961842789513175
0.13264391339988188	0.6992063344460284	0.16814975215408978
0.5748541476319591	0.20891471548192664	0.21623113688611434
0.44575494865003606	0.06081747617972305	0.493427575170241
0.07159302528319539	0.3742747733248226	0.5541322013919822
0.3869831444136178	0.3769160166548115	0.23610083893157077
0.14810241050385697	0.49303577857184167	0.35886181092430147
0.20214959635726507	0.5333822582007026	0.2644681454420324
0.30064718921913675	0.15081714992800585	0.5485356608528575
0.2980609146702066	0.1646029078740741	0.5373361774557194
0.32691604584657374	0.43015715455602066	0.24292679959740573
0.4492737276695713	0.3369169652250989	0.21380930710532992
0.32643676280156286	0.3297935419979501	0.34376969520048717
0.6734291183988114	0.12201187332484345	0.20455900827634527
0.2784874333446369	0.12778120279628552	0.5937313638590778
0.3167112354720513	0.3995601466760645	0.2837286178518843
0.46031557156945563	0.3627185290288883	0.1769658994016562
0.4571709010259324	0.10053785184295524	0.44229124713111245
0.2116958560509964	0.4546999876930338	0.3336041562559699
0.47632694057642533	0.17408023126353597	0.34959282816003884
0.308991350626463	0.3007819663613387	0.3902266830121984
0.6088444801936406	0.1759241086763968	0.2152314111299627
0.18598713042938061	0.22150110797416023	0.5925117615964592
0.4195572702551157	0.37891040328118736	0.20153232646369704
0.5737475625485985	0.14080827722097752	0.28544416023042407
0.3834054261130082	0.49327493294002167	0.12331964094697018
0.14400954656494452	0.5428914948681414	0.3130989585669142
0.567035436881062	0.19412325274429293	0.23884131037464526
0.6453896569575752	0.06672649536082126	0.2878838476816037
0.38649987043465406	0.4739989363538981	0.139501193211448
0.5245859191908704	0.24944378730281033	0.22597029350631936
0.13802222860572255	0.7210519143583284	0.14092585703594915
0.15492682042661204	0.26276917974922626	0.5823039998241618
0.4860572728259418	0.379426052007735	0.13451667516632326
0.08893192256729349	0.6694146066122997	0.24165347082040697
0.34785003477089377	0.3376160502208784	0.3145339150082279
0.17258699804449834	0.3487417042435196	0.4786712977119822
0.32419080559577534	0.28910308825701386	0.3867061061472109
0.33105577206407794	0.23655252435700258	0.4323917035789196
0.3384996033780765	0.32428505372743205	0.33721534289449157
0.24229836124475534	0.4973273522191489	0.26037428653609584
0.2140816029738543	0.4463358566432565	0.3395825403828894
0.379826941964998	0.2776984890079746	0.34247456902702744
0.26928838188445126	0.13427493964472909	0.5964366784708197
0.16046969251121734	0.5386826670235938	0.30084764046518897
0.5537841096004397	0.2616520816327481	0.18456380876681228
0.4485170782296679	0.07129324493717537	0.48018967683315683
0.3049368632928518	0.4937896722417127	0.2012734644654356
0.06776627808720675	0.5147778066465526	0.41745591526624076
0.14975220459157457	0.44524634611724867	0.4050014492911769
0.6939219082533088	0.16215383987075258	0.14392425187593869
0.7808205964192543	0.08697731761053443	0.13220208597021144
0.10044070246077641	0.4496892085030475	0.44987008903617615
0.5730104453042718	0.16140537100981178	0.2655841836859165
0.4638057531601513	0.23381993905838205	0.30237430778146673
0.1991678377885086	0.42767074640050573	0.3731614158109858
0.6696897328830576	0.11699685603037052	0.21331341108657204
0.2942975481781889	0.198366951170069	0.5073355006517423
0.3065709580864407	0.32929324380090935	0.3641357981126501
0.5333860354378185	0.1254385647950035	0.3411753997671781
0.3884772107958874	0.16945505595429483	0.44206773324981785
0.3783710690161872	0.3230367616953317	0.2985921692884812
0.10289314940698674	0.46928793574242766	0.4278189148505857
0.21156733035831152	0.20588635233974686	0.5825463173019417
0.5596742358929034	0.2199567101930236	0.22036905391407302
0.14523029104699334	0.3674297734398791	0.4873399355131277
0.38587980106233405	0.054665159914778993	0.5594550390228872
0.4937149253530887	0.38727284687460156	0.11901222777230988
0.11933234156573441	0.39601481334318256	0.48465284509108314
0.42787691662258903	0.29200993231835115	0.28011315105905993
0.4534121379360549	0.4143121612815066	0.1322757007824386
0.3462859084988116	0.09785891456342444	0.5558551769377641
0.47739178129834414	0.17962297949861936	0.34298523920303664
0.755949030057416	0.054910070965073	0.18914089897751102
0.2945502033292612	0.3433207055329401	0.36212909113779884
0.4026971496336508	0.4400421981217595	0.15726065224458982
0.06665521711338968	0.5462194439999455	0.38712533888666495
0.1122468994024235	0.5156559437857172	0.37209715681185945
0.689012394030563	0.09106306576151735	0.2199245402079198
0.13066902626921295	0.6974845324115699	0.17184644131921722
0.11448845713708539	0.5581483906984852	0.32736315216442946
0.39306280903570057	0.3276004034334046	0.27933678753089497
0.46947091018036047	0.07803680592788148	0.45249228389175816
0.6837801264442828	0.12448656562217106	0.1917333079335462
0.1583783907924491	0.40814222294827657	0.4334793862592745
0.3598889131527764	0.2353274541389475	0.4047836327082762
0.44346144526343334	0.36088965695885367	0.19564889777771308
0.45580821130146676	0.3910986113036956	0.15309317739483772
0.6698851336773449	0.12656196716254553	0.2035528991601097
0.33727396531938775	0.274424715715695	0.3883013189649174
0.32075468166553334	0.1687597827230361	0.5104855356114306
0.5546205302588724	0.10495624728523384	0.3404232224558939
0.26638649533570524	0.4476194090634639	0.285994095600831
0.3401070621370788	0.49801897351934976	0.1618739643435715
0.28638608099618823	0.3100191088928631	0.4035948101109488
0.22702498634038948	0.6088189955454302	0.16415601811418057
0.333495363586947	0.3511978388492888	0.31530679756376434
0.38989231237146993	0.04799753782270472	0.5621101498058254
0.3010456271600615	0.36912506438506476	0.3298293084548739
0.39505474794671336	0.16063495023232413	0.4443103018209626
0.11194396876492219	0.6344604178128914	0.2535956134221864
0.34487616990944775	0.14890478497517748	0.506219045115375
0.08154010787609262	0.7419054276977086	0.1765544644261989
0.5497692137951586	0.32368556631014705	0.1265452198946944
0.38800698548099155	0.3125620216947923	0.29943099282421626
0.43954777863444755	0.32786242635299867	0.23258979501255392
0.4569881136393681	0.34183094862584346	0.20118093773478854
0.17517642223990884	0.5400905246254196	0.2847330531346716
0.11990098660483162	0.5605010489600164	0.31959796443515204
0.540898919361456	0.25797458894734326	0.20112649169120084
0.15432246930592314	0.5982958609986169	0.24738166969546002
0.23533419554129587	0.5743440025772175	0.19032180188148676
0.06533079971683081	0.4548172837109409	0.47985191657222837
0.5940709503313452	0.17859330453758512	0.22733574513106983
0.11133833501976259	0.6189498342805949	0.2697118306996426
0.6491186169025389	0.06368039606949227	0.287200987027969
0.34417118902703014	0.248122150620385	0.40770666035258496
0.10893988471009236	0.6658477328600335	0.2252123824298743
0.36414931226172864	0.453214090603428	0.18263659713484348
0.3864449755632692	0.09453427198632203	0.5190207524504089
0.3069375499587357	0.38798639827969206	0.3050760517615723
0.18023904617173025	0.2454314543173122	0.5743294995109577
0.550456331939294	0.20242332930950968	0.24712033875119646
0.4865868748360599	0.05914503796284509	0.4542680872010951
0.4188507299176496	0.3098302533672562	0.27131901671509423
0.5796106619706127	0.3018690129930564	0.11852032503633089
0.5214136662410642	0.0810455427569527	0.39754079100198314
0.38623441503194067	0.08847408792836892	0.5252914970396906
0.2378815162771977	0.5247048563581413	0.237413627364661
0.3981582397592144	0.04432361053104328	0.5575181497097424
0.1821971061201691	0.2527510330135357	0.5650518608662953
0.4296733596135777	0.3352446749645303	0.23508196542189208
0.4888203008755837	0.163634955193739	0.3475447439306774
0.28418070856186844	0.4759296536149606	0.23988963782317108
0.5353812507610951	0.07214321162737941	0.39247553761152554
0.6458498100663956	0.1991612765296617	0.15498891340394277
0.33133058075070243	0.22141405949333798	0.4472553597559597
0.5189947048644908	0.26621950599822886	0.21478578913728041
0.525494420060685	0.26450385373430507	0.21000172620501006
0.40829847119241847	0.20872264701313475	0.38297888179444683
0.5361587698648889	0.10779511311337786	0.3560461170217334
0.5474888588885487	0.21805608228933815	0.2344550588221132
0.306622104364369	0.306623889820242	0.3867540058153891
0.4534099437906237	0.18223357897186834	0.364356477237508
0.4504418748954263	0.3243001944028091	0.2252579307017647
0.2374182310154689	0.48312820943064	0.27945355955389123
0.125804740266475	0.6415818673402426	0.2326133923932825
0.22304033248728494	0.48651525305798365	0.29044441445473157
0.3374867244014084	0.23453551092137187	0.4279777646772198
0.7061852664752786	0.15193095384625901	0.1418837796784625
0.34728347528330816	0.10085740293337164	0.5518591217833203
0.3131265060051555	0.4829603083589702	0.20391318563587446
0.24660068937998258	0.6311003520368749	0.12229895858314266
0.29343785927997934	0.19051289580278694	0.5160492449172338
0.18990685120049558	0.29613172905887947	0.513961419740625
0.12164096866048224	0.44381877626917665	0.4345402550703412
0.3785809504839824	0.43499887289346884	0.1864201766225489
0.5011968198292219	0.05895431622574898	0.4398488639450292
0.3595354105459349	0.2349045526101789	0.4055600368438863
0.4266897101538	0.3197603995175735	0.2535498903286266
0.5700764240786542	0.07646206384324494	0.35346151207810095
0.5603179948407883	0.25491725279405875	0.1847647523651531
0.3191859101543073	0.4679465701826243	0.21286751966306855
0.15129674905889712	0.46288482775264417	0.3858184231884588
0.14035376640976524	0.48753810194071234	0.3721081316495226
0.41988165769539676	0.2025473312026269	0.37757101110197644
0.33592928182648274	0.24281365282312167	0.42125706535039564
0.5727868051273236	0.2327825063848593	0.1944306884878172
0.4363424984982558	0.20576931953543354	0.3578881819663107
0.34825798791990875	0.09005482643641832	0.561687185643673
0.7835837142533109	0.03896429870769447	0.17745198703899479
0.1309015265495457	0.36195984584669	0.5071386276037644
0.2789738840079928	0.40893293978229134	0.312093176209716
0.11802259871124432	0.3835704244370227	0.4984069768517331
0.6884293207830999	0.04980158092713094	0.26176909828976913
0.5204980768772122	0.32772809763713145	0.1517738254856565
0.35210838935983385	0.49987524715059894	0.14801636348956732
0.3797988466117643	0.14271672344722208	0.4774844299410137
0.4627026928844338	0.30612400563740244	0.23117330147816384
0.12523799777105823	0.6041002610099733	0.27066174121896863
0.307258814437982	0.2910410847242776	0.40170010083774055
0.23916937459135587	0.48194850314027726	0.278882122268367
0.7102258714490086	0.1520959084258633	0.13767822012512815
0.40094527047897466	0.05710238923234162	0.5419523402886839
0.6928818152758356	0.04441430669501456	0.26270387802914996
0.11381172776498127	0.5887950193701377	0.2973932528648812
0.08856910157216111	0.5157401540061589	0.39569074442168006
0.2671339304361525	0.22398298445548648	0.5088830851083611
0.49016769465472004	0.20993491993827848	0.29989738540700156
0.5632674914579676	0.22494948393428169	0.21178302460775078
0.36642120137987444	0.425820163177132	0.20775863544299367
0.0786727224469777	0.5013889725084588	0.41993830504456353
0.29436412457703426	0.43659812691716415	0.26903774850580175
0.558921577050401	0.13872104495058576	0.30235737799901324
0.7006648456115049	0.14502841225229224	0.15430674213620293
0.31917681677766446	0.30905993909076945	0.37176324413156625
0.38243936645968274	0.2925850433240155	0.32497559021630185
0.25833320032120427	0.2570493035156819	0.48461749616311395
0.6829175714845224	0.13600852185826023	0.18107390665721745
0.11242096605198107	0.29726197616990757	0.5903170577781114
0.5928178378298601	0.2704279368887492	0.1367542252813908
0.3327940531892817	0.2587616928397166	0.4084442539710018
0.19826435060461886	0.27614034386375597	0.5255953055316253
0.16067931086060128	0.3748702053239552	0.4644504838154436
0.0990055973145724	0.6517322270098185	0.24926217567560927
0.1394987980427129	0.3168124295641668	0.5436887723931204
0.13944655123739896	0.7250019295370463	0.13555151922555483
0.7471553054487297	0.04060347484113919	0.21224121971013127
0.21674244185540006	0.37165938492659006	0.41159817321800996
0.41971685861845087	0.07076291296630216	0.509520228415247
0.6007913734246165	0.2087164462479962	0.19049218032738735
0.3610092251544541	0.26356771026193326	0.37542306458361274
0.6545924466201185	0.08415894428223664	0.261248609097645
0.06233428439289157	0.5812194709839202	0.35644624462318836
0.5978213960532393	0.15926027167219717	0.24291833227456372
0.12777895039096393	0.2967039103513034	0.5755171392577328
0.36438333105079473	0.2381149096497513	0.3975017592994541
0.40307226191138407	0.260943918860258	0.335983819228358
0.5613968902221804	0.30378904499110515	0.13481406478671445
0.163000482080686	0.3900516714226822	0.4469478464966319
0.10250094179761432	0.3034313811729357	0.5940676770294501
0.625840881125316	0.1375732513397316	0.23658586753495248
0.5176612313667499	0.14737252654962205	0.3349662420836282
0.09881736471166072	0.3101123497867569	0.5910702855015826
0.37619786510514397	0.1376370939262144	0.48616504096864177
0.2464960289277128	0.16077972809820312	0.5927242429740842
0.5688415415086893	0.21796802335360943	0.21319043513770136
0.2950650364585389	0.374509835908782	0.3304251276326793
0.2870507283341056	0.35765072047056357	0.35529855119533094
0.38218474714935324	0.2722117575427821	0.3456034953078647
0.4409227128011031	0.2685846318981825	0.29049265530071444
0.4107551635494381	0.21197057106660042	0.3772742653839616
0.7179005370429943	0.05049627680844071	0.23160318614856512
0.09685835866978776	0.34966852916013846	0.5534731121700738
0.344346097056521	0.06191498484429425	0.5937389180991848
0.5796710831027868	0.18374632687233622	0.23658259002487708
0.4358395242398794	0.1885867352834855	0.3755737404766352
0.22063799439707735	0.5417781910124416	0.2375838145904811
0.4936743060625435	0.14165119793529182	0.36467449600216484
0.5360290968263476	0.10446615841758339	0.3595047447560691
0.08982568243674938	0.573485499389441	0.3366888181738097
0.3245554092653365	0.11935807281328228	0.5560865179213814
0.31045434088455653	0.3565346582848665	0.33301100083057705
0.3094177115778544	0.2804057410214016	0.41017654740074416
0.29165108840845794	0.479996650236167	0.22835226135537523
0.10233099190497486	0.4429907235525546	0.45467828454247067
0.3689287706971204	0.21939258531953423	0.41167864398334547
0.15576741008268244	0.4935931635065108	0.3506394264108069
0.17959931856340694	0.6130380164355218	0.20736266500107137
0.6788680468822686	0.12250267537903042	0.19862927773870104
0.5009735154710302	0.12170285942854014	0.37732362510042977
0.7969261425500953	0.056503760400052394	0.1465700970498524
0.5081085866321027	0.14999205403793225	0.3418993593299651
0.06807597461673337	0.48046953077944987	0.4514544946038168
0.3642976647808084	0.5023925525054329	0.13330978271375885
0.3468780397830831	0.10065566348896676	0.5524662967279502
0.29706124187154903	0.5624150870303344	0.14052367109811667
0.28891697163622243	0.5674776192619518	0.1436054091018258
0.25944114232035537	0.5753314028534134	0.16522745482623136
0.6541683064559072	0.2230816826101072	0.12275001093398566
0.5584949703802986	0.1704099410226722	0.27109508859702935
0.4263821964381401	0.10040080343990226	0.4732170001219577
0.17919301413486727	0.6509219351908024	0.16988505067433046
0.14905856285687763	0.47785086637542284	0.37309057076769964
0.7547640792421065	0.11438149653094071	0.13085442422695287
0.44752443345908177	0.23125165656748992	0.3212239099734284
0.07592799112698673	0.7388994628422672	0.18517254603074632
0.6819316471107544	0.1137500580152872	0.2043182948739585
0.17751290976343548	0.6987481451736703	0.12373894506289437
0.4016195336282958	0.3723679843233473	0.22601248204835706
0.6290794305523655	0.1638139474710618	0.2071066219765728
0.6534681387708443	0.21205742456022414	0.13447443666893158
0.3440014450456735	0.38668315921967783	0.26931539573464885
0.6603806957609089	0.17825655989425612	0.1613627443448351
0.772444494095768	0.053737332840253005	0.1738181730639792
0.5064388687483601	0.29327586255422117	0.2002852686974188
0.15529352218756837	0.272733303240862	0.5719731745715697
0.6020052113919822	0.2179391728340542	0.18005561577396373
0.4886587574186654	0.2934818829948706	0.21785935958646413
0.25433353405460296	0.5886619666536446	0.15700449929175253
0.3537991400491777	0.27078584298562136	0.3754150169652011
0.40232600810122654	0.08867416361210362	0.5089998282866699
0.400294226863882	0.3721989303499807	0.22750684278613742
0.1657991111318771	0.3772295768286765	0.4569713120394465
0.6583283964707859	0.12088538842279117	0.22078621510642304
0.2437359706934588	0.37359550949937076	0.38266851980717054
0.22965552366835373	0.4007601857434176	0.36958429058822884
0.25930701061258393	0.23266598895416296	0.5080270004332532
0.35730722073915105	0.19705022206091427	0.44564255719993473
0.6136285144276019	0.24849404612400078	0.13787743944839742
0.47867761218368543	0.048359894917137825	0.47296249289917686
0.3584249046673772	0.3687535717503473	0.2728215235822757
0.19762788701789694	0.3520454528039949	0.4503266601781083
0.31839842167366555	0.3973186289161902	0.2842829494101444
0.1342628539183374	0.5168086339421958	0.34892851213946685
0.2547560165044347	0.33492744592290513	0.41031653757266023
0.27703872211270875	0.17344097735401554	0.5495203005332758
0.18932772692864258	0.23468562302416246	0.5759866500471951
0.6410760921077351	0.12124347273522146	0.23768043515704357
0.41267748655847747	0.4138330948183858	0.17348941862313688
0.09233808602873045	0.3661497104083573	0.5415122035629123
0.5718915243649443	0.24258137721700457	0.18552709841805123
0.7078256165404554	0.07274702427650437	0.2194273591830403
0.5406660977623126	0.313330913600422	0.14600298863726557
0.3335533751131103	0.13963722732809114	0.5268093975587986
0.0909083873739282	0.4258859793981872	0.4832056332278848
0.3347928875669279	0.41358059677847414	0.25162651565459815
0.5937362841728511	0.1116662693041102	0.2945974465230389
0.16646457095304898	0.6028696666294737	0.23066576241747744
0.6788752898115142	0.10752991780815443	0.2135947923803314
0.6036270694163401	0.1603490723413215	0.2360238582423385
0.20543176472321917	0.2331775205054454	0.5613907147713355
0.08875943287476606	0.336724207546619	0.574516359578615
0.4789711520898261	0.08299434506988423	0.4380345028402898
0.5249457015254768	0.1599044911867295	0.31514980728779385
0.4653960396897706	0.3019992516993048	0.23260470861092467
0.36173437960191035	0.1699524223345952	0.46831319806349453
0.6347514124906811	0.15138561090289923	0.21386297660641973
0.45589465110106625	0.05706057163819872	0.48704477726073514
0.23461191196232906	0.48467198181652577	0.2807161062211453
0.454705099481093	0.3867190292297446	0.15857587128916245
0.5713936679578469	0.24807473594297932	0.18053159609917394
0.6872000938365866	0.1655247866059621	0.1472751195574513
0.6992747615368343	0.06434736723868811	0.23637787122447773
0.1688749916490016	0.6770661084406685	0.15405889991033
0.21517630894694523	0.5719106226998741	0.21291306835318077
0.16532880355089252	0.5346057656030458	0.30006543084606174
0.41995253590324677	0.2763738880305223	0.3036735760662311
0.15877903466755325	0.6338868889472276	0.20733407638521928
0.30715718531075686	0.482064143674965	0.2107786710142783
0.30636152280779316	0.42130711387508557	0.2723313633171214
0.5428616183104722	0.22997795522363063	0.22716042646589726
0.5336853446211705	0.06002478025795477	0.40628987512087494
0.2480303713279555	0.41597744155139277	0.3359921871206518
0.1610514849419622	0.4795876221893588	0.3593608928686791
0.3217358557400282	0.17508916192528373	0.5031749823346882
0.23237654717543263	0.2342777615627248	0.5333456912618426
0.1767200052910465	0.600788899281102	0.2224910954278516
0.4767794283667018	0.2149022186697787	0.3083183529635196
0.23653328635232668	0.27340674625280953	0.4900599673948639
0.3900672819891507	0.35493174709790715	0.25500097091294227
0.22230730823939027	0.48387068120828375	0.2938220105523261
0.47220485110282007	0.10692309484453269	0.4208720540526474
0.3056536433072053	0.2395702743237798	0.454776082369015
0.3669369599353864	0.48980225531114174	0.143260784753472
0.4815576809628042	0.22894361185409093	0.28949870718310494
0.4490425404051776	0.35468799963548014	0.19626945995934242
0.22330679862183309	0.612665447836404	0.16402775354176305
0.131409725592708	0.652870183117606	0.21572009128968608
0.10102968628678621	0.6743785242554747	0.22459178945773925
0.3615475144140522	0.21495106181953738	0.42350142376641053
0.2364542649771717	0.43551426336850596	0.32803147165432245
0.13326466437608853	0.3885317523710361	0.47820358325287554
0.498353549491642	0.3304201511252498	0.17122629938310827
0.4351826961029126	0.30479572806193195	0.2600215758351555
0.14661155532739603	0.2638668817203924	0.5895215629522117
0.3792052397022012	0.47840854736636346	0.14238621293143544
0.4608906094758738	0.08047119831388044	0.4586381922102459
0.7602122161174281	0.07364441819493645	0.1661433656876356
0.3911979868077087	0.3267608709932936	0.2820411421989979
0.24912950049118077	0.5658347822954364	0.18503571721338297
0.3798767631254653	0.44265060001926104	0.17747263685527376
0.4018790561591758	0.21940476291484304	0.37871618092598125
0.5574252022165813	0.17513431829035253	0.2674404794930662
0.615198204476561	0.22133209754698607	0.16346969797645294
0.6271516844636451	0.2139311310783671	0.1589171844579879
0.6559881394051523	0.05519097724607164	0.2888208833487761
0.23890677382118947	0.2650962020385805	0.49599702414023017
0.31590770325519324	0.11102188866962187	0.573070408075185
0.3285113089562253	0.2981521590494037	0.3733365319943711
0.09920408402594807	0.6965461825022985	0.2042497334717536
0.0675280111137222	0.5551312623995047	0.3773407264867731
0.07284241871704661	0.6890228236512321	0.23813475763172137
0.07896172909828014	0.3338561310271074	0.5871821398746127
0.41932120783747207	0.4426976163528866	0.1379811758096414
0.8164307044209308	0.06679664245041383	0.11677265312865542
0.2132431198966891	0.6563730027882135	0.13038387731509749
0.5357606051173911	0.05154376892000839	0.4126956259626007
0.13733327052148225	0.7386240570737466	0.12404267240477124
0.38911830643293277	0.33381643551206003	0.2770652580550073
0.2394971565855345	0.28829162297443056	0.47221122044003505
0.17695544915993733	0.5099191606453242	0.3131253901947386
0.10088666842217753	0.7490766307180186	0.15003670085980403
0.22266147468084055	0.18368433736653778	0.5936541879526218
0.4881934775206177	0.3758836656806186	0.13592285679876379
0.5048550760170119	0.25810944661438007	0.23703547736860825
0.3290596479356628	0.46353372125190934	0.20740663081242794
0.3478332979853738	0.0957368044072468	0.5564298976073795
0.46897038154898785	0.2927038225083172	0.238325795942695
0.10060433382892531	0.36135000437741494	0.5380456617936598
0.3399961036878336	0.15414041055328945	0.5058634857588771
0.2194850421463724	0.5527906587965445	0.22772429905708313
0.13232884355854335	0.530635838444955	0.3370353179965018
0.3920723026657916	0.33439512485513245	0.27353257247907603
0.40484181148273485	0.22461672144619887	0.3705414670710664
0.34604435374495335	0.17379144482802084	0.48016420142702587
0.11341535947440329	0.4636365448808112	0.42294809564478564
0.10033904768657809	0.5441643532037828	0.35549659910963927
0.4339535952442122	0.263962111390716	0.3020842933650719
0.23153422790718084	0.17779642642561794	0.5906693456672013
0.6078475211963443	0.25920593030418354	0.13294654849947224
0.1552809985723793	0.6441917102705192	0.2005272911571015
0.06911832056990797	0.5638359260424088	0.36704575338768336
0.1392548851092464	0.3508312067320136	0.50991390815874
0.3392534038449216	0.5205491248282911	0.14019747132678748
0.676992759333499	0.1391122321341801	0.18389500853232105
0.4950967054659643	0.0812014901071696	0.4237018044268662
0.5002549978148658	0.16291403666831683	0.33683096551681746
0.2652891718663451	0.31657644384301714	0.4181343842906379
0.12975605055642475	0.6387895239318229	0.2314544255117525
0.30092973318708904	0.513832080720293	0.1852381860926181
0.18301978123746976	0.412374985415925	0.40460523334660536
0.6946529765804261	0.176537217902954	0.1288098055166199
0.6545414205257	0.15767751222714252	0.18778106724715765
0.6897346027105098	0.09885233366982216	0.2114130636196681
0.36251608981831734	0.4707008515014057	0.16678305868027707
0.244402643134648	0.3475464407326718	0.4080509161326803
0.19649353095314404	0.3582927041034787	0.4452137649433774
0.20202947442856303	0.3208437114066851	0.47712681416475194
0.5244601292557918	0.34590418700424874	0.1296356837399595
0.2956520586368324	0.42745977283533954	0.27688816852782816
0.37474119732928923	0.36578286453834924	0.25947593813236164
0.18767542390698028	0.6161028498313272	0.19622172626169254
0.4681089146624581	0.1923753856779054	0.3395156996596366
0.588395838320933	0.2677809684791794	0.1438231931998877
0.3883470719525932	0.06852502844310071	0.5431278996043062
0.10040410105901931	0.5121385380114698	0.38745736092951105
0.7264645019020954	0.09548723192348124	0.17804826617442332
0.43842005497098735	0.2621274933223473	0.29945245170666546
0.3311529247863583	0.2606187626528256	0.40822831256081615
0.409912397899381	0.40822693714712754	0.1818606649534916
0.4490506685434277	0.06507471304906692	0.48587461840750545
0.1525202250389729	0.6812380031627296	0.1662417717982976
0.598058090643522	0.19275158862209893	0.20919032073437918
0.4799899044809581	0.11809504970124529	0.40191504581779675
0.25128989253984213	0.15427629955567146	0.5944338079044865
0.5299956454124046	0.05767934717074019	0.4123250074168553
0.438706232158229	0.38798690630740096	0.1733068615343702
0.21624377236905337	0.24985382931541186	0.5339023983155349
0.6718736585961289	0.08539211305791111	0.24273422834596003
0.08745727620983976	0.6286671150453487	0.2838756087448117
0.2965340995156741	0.5130423975486179	0.19042350293570814
0.17193024566905415	0.4569885125083418	0.37108124182260416
0.7450659890858888	0.12790834221641023	0.12702566869770104
0.25160094140753925	0.5761566508581045	0.17224240773435634
0.31237988346482104	0.19834734873280493	0.48927276780237416
0.08115843276836099	0.4840172184946113	0.43482434873702785
0.061504279636178216	0.509376173201316	0.4291195471625059
0.1588991912782807	0.2715209117362663	0.5695798969854531
0.47531199721766904	0.18111142350265202	0.34357657927967905
0.20285720902309207	0.5605544791189725	0.23658831185793558
0.30835625476145534	0.5711436759111985	0.12050006932734622
0.1526975674420137	0.5100312009333361	0.33727123162465034
0.17437264845997363	0.4586286533222531	0.36699869821777337
0.08969087301288711	0.4373575400141009	0.4729515869730121
0.29309225525776844	0.5551811455685656	0.15172659917366618
0.48922565136042867	0.39260896774464593	0.11816538089492548
0.3489290724292833	0.5266246479793654	0.12444627959135146
0.3175225435312352	0.4290031259231074	0.2534743305456575
0.23138223137363917	0.44229060763245537	0.3263271609939056
0.7506079704395232	0.04891690414584687	0.20047512541462997
0.21555166696141828	0.5235549035776591	0.26089342946092275
0.0808042111923159	0.6882727192539211	0.23092306955376307
0.6714325229958744	0.04426172437173753	0.28430575263238816
0.327025884057034	0.40375656106693647	0.2692175548760297
0.7196466635595711	0.1507609481285953	0.12959238831183362
0.2508519791877689	0.439924486598659	0.3092235342135722
0.28028693519273296	0.5236629729641146	0.19605009184315267
0.19952781842390024	0.42598302715924585	0.374489154416854
0.4412987510480713	0.26294381068564854	0.29575743826628026
0.4371406045012187	0.32112485279618347	0.24173454270259792
0.4243084170486387	0.18410920672067638	0.39158237623068504
0.14626396710014017	0.4661047054625792	0.3876313274372808
0.3779485756806366	0.5043735889227569	0.11767783539660664
0.7201677619998258	0.13518330132124096	0.14464893667893336
0.6796500328579117	0.1321233040878656	0.18822666305422275
0.1468507205604006	0.6561349481363022	0.19701433130329724
0.4849458525288558	0.08540801366050485	0.42964613381063943
0.0933487523749254	0.4805780173276901	0.4260732302973846
0.20346171086078235	0.6218813916942609	0.17465689744495688
0.3430641401971856	0.2689478044509327	0.3879880553518818
0.06380069595973026	0.5313445423636337	0.40485476167663614
0.07806490774285724	0.45394817281796096	0.4679869194391819
0.14622255010375	0.27678217150683754	0.5769952783894126
0.36481848739484174	0.09854477453247443	0.536636738072684
0.4757093518341733	0.0399383430559635	0.4843523051098633
0.7024952843841633	0.08830009197733965	0.2092046236384971
0.38697326485694783	0.2967967671539724	0.3162299679890799
0.1987374173068055	0.2488392956509793	0.5524232870422153
0.2380692208685683	0.49041970056467254	0.2715110785667592
0.3872148622409568	0.21052555771191128	0.402259580047132
0.46690463857890346	0.36943338097214506	0.1636619804489516
0.8012940638149031	0.06866787291718651	0.13003806326791056
0.13193892252236442	0.5464658265293793	0.3215952509482565
0.13591471632067073	0.7155787563163207	0.14850652736300868
0.407302495710328	0.31012578339528246	0.28257172089438964
0.745941786255475	0.10547004915119651	0.14858816459332855
0.18354819469280687	0.45846228673733014	0.3579895185698631
0.22051885693651085	0.5567857310457054	0.22269541201778392
0.33065112269393243	0.2938043207338202	0.3755445565722475
0.5869140239022892	0.2810923258301514	0.1319936502675595
0.6096021305165207	0.20929173415292568	0.18110613533055364
0.44658245688797815	0.304427813620055	0.24898972949196696
0.38779844211662984	0.30764750761049026	0.30455405027288
0.10573606275688219	0.5669269740792138	0.3273369631639041
0.5350237898393004	0.24889190698892968	0.21608430317176996
0.33473883176906843	0.13765117251996897	0.5276099957109627
0.26250369664778855	0.14296191911399447	0.5945343842382171
0.3141809256626648	0.4179421597357939	0.2678769146015414
0.5805226363653491	0.24951978676772663	0.16995757686692445
0.28463836320001246	0.4907128694978725	0.22464876730211514
0.10531463060965265	0.4008138976308716	0.4938714717594759
0.1323226645431122	0.4416836048564074	0.4259937306004805
0.2827517695792637	0.3062750567405461	0.4109731736801904
0.291757974242674	0.3505387418170749	0.3577032839402512
0.5024229436128855	0.20845080622596313	0.2891262501611515
0.22605233161179833	0.5752342597048459	0.19871340868335588
0.46777373337309214	0.3967186099374397	0.13550765668946824
0.3832923281086466	0.18627506205123273	0.4304326098401208
