0.1741862912754571	0.17235158370544126	0.13973521113561552	0.11034598597040841	0.02744497547081841	0.07181261620232614	0.22227025654831306	0.08185307969161985
0.13111862473676145	0.24912161446611797	0.1603637420928162	0.047635868220439914	0.033075275503457305	0.07434006868870564	0.17413967293973517	0.13020513335196618
0.1729284974943424	0.14690530045250452	0.1922795291507033	0.08157917304679421	0.024485461583933027	0.05824303165006496	0.19308254533800695	0.13049646128365042
0.16081118254046195	0.26783210024667675	0.1760112238899928	0.026579054297686908	0.030420295391771948	0.06178297226598396	0.1627206797846818	0.11384249158274368
0.14414115269675082	0.14698213615759306	0.17498514099557033	0.16662319420180843	0.032184641342071815	0.04723598127804236	0.19307805544721005	0.09476969788095288
0.169331389377939	0.052424515233731914	0.14731635828806494	0.1884739897046923	0.02673809581695026	0.0665843172693682	0.22671286903282445	0.12241846527642866
0.14295479083589777	0.2431931496889611	0.19453897190013408	0.05737797238571708	0.03797254349668239	0.05864045858222246	0.16363787739570268	0.10168423571468214
0.12005526620029991	0.27181632308499676	0.17802440026232386	0.08264437914588355	0.05392285003719263	0.048746709573618735	0.15300309581109817	0.09178697588458623
0.11846882946414752	0.1872953904821354	0.20283403743635592	0.11873732933913031	0.023575748101976532	0.05945752175457801	0.18982182021073235	0.09980932321094373
0.12919632034175862	0.14490139144985426	0.1567523754124086	0.11217388685655572	0.0464819511500455	0.054789653024220744	0.22894077193405188	0.1267636498311045
0.13255341399780785	0.2985003871769816	0.14496510338828852	0.05056832686176736	0.035343341198288164	0.05559135082306585	0.16629803183482983	0.1161800447189706
0.11841159376180456	0.31658535329851	0.2073633393266796	0.013369020673594245	0.03100513378042946	0.04618567584917782	0.15821709849173507	0.10886278481806895
0.149382217205909	0.2986514278180826	0.15933388591357023	0.05505176324455338	0.01924918227581436	0.05546872512042171	0.16908830200120067	0.09377449642044779
0.17903610104527307	0.23578380251766945	0.18842884058436943	0.04652303080275337	0.03474380970648419	0.0632093732840826	0.1627508590912943	0.08952418296807335
0.14600119422873853	0.21014536259797656	0.14959164550633194	0.11784373397668547	0.04980695241570868	0.04784712972736209	0.17644264504996757	0.10232133649722894
0.17789677853076144	0.1667026466425451	0.21820255314418052	0.06472431048062563	0.027359544524661397	0.06584744058969874	0.19216217913346373	0.0871045469540632
0.17958507146308614	0.1508876661711272	0.1902967145495267	0.04902651813147561	0.03240938734773449	0.06794590351218108	0.2198628522026042	0.10998588662226427
0.14032764246295815	0.19880981972616524	0.19459485725899495	0.036416405410826455	0.02709813038842522	0.07362839518470754	0.22325279971447537	0.10587194985344685
0.1570783763588991	0.3103527925658518	0.13882262604764745	0.0563316452207142	0.05576193774974593	0.047314010995712585	0.1506900943803513	0.08364851668107738
0.14243950829258784	0.3102543315473333	0.1434838574158622	0.016196180994147977	0.0439593022171908	0.05493250867938998	0.1707356625107245	0.11799864834276323
0.14484434038612612	0.3042682214187267	0.17506540115506275	0.015470490144173829	0.03786251416039667	0.053228701896245664	0.17834512663462243	0.09091520420464565
0.13878205710546235	0.25062733488982897	0.1825081550652258	0.03929229264168824	0.024198588152548967	0.04985101044136897	0.21092383665590594	0.10381672504797053
0.12455875665070046	0.22077264219261616	0.17590837868604436	0.12840721495945082	0.025419041138169188	0.06515348078076486	0.14492682204542723	0.11485366354682673
0.12296422458114946	0.2352398769749795	0.2218260775085421	0.10304767169759799	0.02165293028153463	0.05518550571829166	0.14231743034923733	0.09776628288866708
0.10427357035786958	0.08197160439531176	0.1775579284799116	0.25191411832006205	0.05093275162534444	0.06995203027867478	0.1758615283972263	0.08753646814559932
0.17441131597333148	0.08708130644918718	0.21547723752291986	0.14994818003672192	0.023926243550778756	0.05776397116991237	0.188264580464837	0.10312716483231121
0.12707051129015914	0.033975649739018426	0.14301714793122997	0.2650641589569885	0.04490462832448877	0.07066078345532172	0.20050342711630784	0.11480369318648545
0.15034430304684968	0.052436548365306174	0.20375921639826197	0.22024587295581222	0.05604375666847551	0.06394366399190797	0.16612685949395195	0.08709977907943431
0.17424330601464894	0.025932654606204364	0.17009352042574485	0.19386352977378096	0.04202051320480672	0.06603567100461316	0.21132119141859224	0.11648961355160861
0.12847028193693333	0.05101865962553806	0.18080378141706277	0.2574472521178046	0.04469095340783272	0.06117876743039391	0.16106474891997338	0.11532555514446106
0.1564542116565611	0.19671199693650043	0.1613572315175679	0.044492863891997345	0.03843373574179307	0.07354304312698946	0.2207862676301185	0.10822064949847195
0.1366300322349243	0.10706834331780352	0.20900689161941746	0.1277976592110748	0.03039350840528328	0.060978893554771416	0.20633354626259987	0.12179112539412516
0.1809837347181624	0.06338756166186288	0.20184915114375201	0.14131289370546385	0.04076486640089498	0.07030665159710198	0.18281001934136268	0.11858512143139899
0.17448470180980077	0.23843434310320397	0.15225823686761447	0.014656291002376004	0.05333769213070649	0.07126516226949395	0.17358485187797845	0.12197872093882567
0.17564344835321774	0.07875972223853175	0.14232958845897753	0.20568343061424954	0.03716996223810892	0.061974784036630426	0.18983960960361618	0.10859945445666766
0.12735809549674487	0.08265463280813802	0.16724410048458105	0.228053524020084	0.045352440154833	0.07182366522257298	0.16627663247717037	0.11123690933587549
0.12046565968804161	0.049412356014935835	0.22517002032601557	0.24842709330113666	0.04716808349228009	0.04883777273901961	0.1778932713247824	0.08262574311378806
0.15509492182574205	0.18901297873928807	0.19526144962404024	0.023334377207541127	0.05024166165152111	0.07574068415532867	0.184799365620943	0.12651456117559545
0.14459126796119254	0.11499013294840031	0.14864646278619972	0.24166243604215915	0.01995921614354694	0.06291848211012727	0.14851458746223833	0.11871741454613555
0.12612466174831016	0.18596262620474593	0.16899443755501803	0.09153163536163064	0.055488615945809436	0.07171304939391324	0.19565325998661068	0.10453171380396165
0.12690304867992522	0.1335517472132231	0.17720388318469601	0.17554343320738736	0.020631041274865883	0.05313047266863016	0.21928316976122714	0.09375320401004492
0.13429890201074823	0.12360063760393715	0.16783635216666676	0.19610427016017354	0.02934861103185321	0.06258294392922356	0.1676496888143471	0.11857859428305025
0.14889793958273065	0.15313297590216135	0.15386020760465222	0.21816724552501915	0.027300313042736155	0.04774981456341225	0.1657326748996635	0.08515882887962449
0.16279795793386642	0.08798930841722474	0.1420766660313963	0.23211557124521892	0.048750252033920874	0.05606384979033642	0.1604259255705392	0.10978046897749687
0.16078586259105615	0.2295759344962478	0.1881919121346449	0.0984744900811324	0.01989540236394105	0.07468999665823739	0.14272292211452792	0.08566347956021217
0.14865159443196813	0.21358692918256283	0.14580601999756482	0.13859476639312968	0.04503244104019952	0.0680686647417859	0.1382101364621055	0.10204944775068339
0.1171345313144042	0.11803258853760919	0.14282607039103598	0.2686726912952204	0.017877246233812247	0.07565878327274689	0.1725978918011617	0.08720019715400909
0.1587435321203409	0.23561725519929777	0.16812348647292097	0.01866955852580504	0.030484878618959627	0.07106393002028173	0.2248232865772135	0.09247407246518018
0.12583610267552311	0.2378096469316332	0.22854437780510695	0.05048082902051611	0.03945118815746705	0.06776842315419321	0.16743384570781783	0.08267558654774232
0.18027590926721287	0.07046212296871275	0.16645864383489078	0.2517181458464996	0.03337971175494217	0.04739669259342552	0.16522657109503258	0.08508220263928351
0.17663348937708287	0.09017533145880871	0.1551604330386842	0.18986053039894643	0.03675940222156156	0.049219536850753295	0.18163645522517252	0.12055482142899017
0.11531694540600715	0.06275726419949057	0.2219890755039312	0.23275662772379996	0.04159476420379633	0.05603161101992629	0.17444638880706986	0.09510732313597844
0.17633350769243072	0.14110644982927276	0.16957190897660757	0.10754491646435571	0.029519264390488575	0.05749999062091328	0.1998577247191229	0.11856623730680825
0.15113939140153626	0.24467133955510334	0.14251117915844486	0.0781519705266705	0.02836224066721303	0.04719567134084535	0.1785008575245016	0.1294673498256848
0.10392850720089472	0.22784566436157386	0.2287191175254498	0.05601741380458797	0.01680518446934995	0.04759834730097162	0.20243196692757753	0.11665379840959432
0.15168878783763862	0.2033879262480376	0.17332257519217176	0.11451867210033213	0.040029333764439096	0.04728859377156937	0.15775039378882696	0.11201371729698424
0.14874260505655845	0.11606666304111816	0.16697590825038866	0.18349127381707692	0.04348247901616903	0.05163527504467831	0.18015767203638777	0.10944812373762254
0.1480500054719259	0.12223763220134752	0.22927811951162863	0.10910923976523607	0.04329308560520534	0.05141889010531822	0.18002117389753297	0.11659185344180516
0.13197990002867424	0.1224891608707256	0.17957696996561692	0.17783366106744675	0.04725061972458863	0.06033856681156913	0.16827996742315493	0.11225115410822356
0.1809314453614449	0.10588615922542408	0.20834026489968804	0.11624706408096686	0.024221032031023562	0.0519183468462302	0.205855539451505	0.10660014810371712
0.17061970321788833	0.12708547941046072	0.2061236736099042	0.1090255015137185	0.05394051064485006	0.06498840976967835	0.147219076519258	0.12099764531424159
0.16528990714510747	0.07125250659925653	0.20694320754930087	0.14748318157033724	0.02358755790937185	0.0733158364990123	0.22701086239290838	0.08511694033470513
0.1345348936868666	0.1379888704626706	0.1457801936232977	0.17913238721402086	0.046191677338969464	0.07257594859041602	0.18732587738034273	0.0964701517034158
0.1662938178516817	0.1773376410925797	0.18049601801053428	0.042196202617848025	0.04198440869914474	0.0604537282952505	0.228597621040806	0.10264056239215488
0.15247823826043244	0.12816351046576047	0.1895491177367916	0.08799232313244662	0.05621907299434693	0.07389270607559062	0.21562582128742808	0.09607921004720302
0.16096534105911747	0.07668623532228622	0.1434913389597522	0.26851683673181437	0.028953207183504054	0.06579821589679832	0.14005472992996584	0.11553409491676134
0.1759131156918573	0.022950252330318513	0.17611834653822173	0.21797320057193997	0.05161742184945775	0.06281936323748612	0.18844662180949856	0.10416167797121978
0.13003585841879442	0.03333956150947942	0.21177212332620807	0.2012029033210651	0.031287341375795044	0.07380746366388286	0.2230365133199694	0.09551823506480547
0.1592496537753771	0.11663773651222219	0.20532870407708592	0.10448659795937622	0.02354514953101204	0.056657510184692436	0.21661844017257417	0.11747620778765973
0.14830714594209105	0.07438698877349886	0.20512693677083402	0.15721000138167748	0.020464395012982833	0.05046951906325406	0.21786701889738802	0.12616799415827348
0.11800884581049405	0.14249177111842745	0.2188605817917519	0.06842321043424138	0.03980969245628775	0.06831960995388209	0.22183311163825992	0.12225317679665525
0.14214889363321448	0.24116504738314992	0.21994980754937393	0.06925424381788978	0.023865391826754234	0.051959914869551885	0.1441611902418144	0.10749551067825117
0.10533707178083845	0.1206955174422014	0.1818862679693598	0.19775607567169368	0.031810278435160266	0.062134556027819574	0.20768712469524453	0.09269310797768213
0.1107312867054245	0.21937414288522633	0.19149881095929566	0.10955951229143718	0.04758302244595139	0.047715035559172586	0.16587311973985008	0.10766506941364203
0.1654720279252937	0.12269800469766615	0.1954810164568618	0.12524596892513123	0.028011210490080665	0.058349754807509424	0.2089636166764106	0.0957784000210462
0.15938128395613094	0.0450263473128263	0.175491804656167	0.2504008609382272	0.02174650440810011	0.05047499875640994	0.18419933555121845	0.11327886442091975
0.10940089530815626	0.3127628670619413	0.1905642670139679	0.036395902970570826	0.029494011394480157	0.07220175482696602	0.16142576648771606	0.08775453493620129
0.15106625189866715	0.2368461079790486	0.17262976428174615	0.11302835364149065	0.025469649864435506	0.06423363718493338	0.13903608244864418	0.09769015270103416
0.10558285893447618	0.25615388261905847	0.20757655441420197	0.06750407109224746	0.04629490466889005	0.046873539553011656	0.15244441763486416	0.11756977108324983
0.12018887678477165	0.09645130666889247	0.1792094986427334	0.22271118714798857	0.03243469880759842	0.07059622537624335	0.18446007568465167	0.09394813088712023
0.1442350301658122	0.0393043359225502	0.21798706160991593	0.18396163657753328	0.040216297324588604	0.06839009264384581	0.2052943621485881	0.10061118360716557
0.11002027225952647	0.05171003781430597	0.15460526203999328	0.27506694931014963	0.04407893434603033	0.04912240101853421	0.22705781939792266	0.08833832381353726
0.10799165513383958	0.10374271014710544	0.17179649138735634	0.2418210002730915	0.05056783171582316	0.0597861546448888	0.17730481512537233	0.08698934157252265
0.1270884260813509	0.1776416719813026	0.21055299839803998	0.061587405248907934	0.04455395082762642	0.054180640078219655	0.194795269782518	0.1295996376020343
0.15022033584901134	0.1267498048701678	0.13984783920232155	0.1963794871017021	0.034134868507016164	0.06816096339471998	0.20009797046762	0.08440873060744078
0.17469148254903433	0.09629773120028476	0.14956580135999767	0.18723411218708308	0.04422347793681328	0.06530377605807752	0.17954027290889435	0.10314334579981473
0.13169790560425007	0.10812077682018019	0.15855467063604917	0.2751248163697269	0.02161292689299299	0.05894951362534377	0.1547914906946327	0.09114789935682396
0.16078834944102424	0.057691443889942934	0.1434536878696713	0.21003539150222394	0.018209003526245354	0.05010734298420179	0.23120783048460736	0.12850695030208287
0.16050365935161406	0.16900813503750256	0.17667845662417409	0.15074937189901577	0.02348357413264543	0.05143918750832774	0.16659098470869171	0.10154663073802839
0.12982293750560014	0.0541732798624336	0.17759307891246	0.19136244882803682	0.033884274061234995	0.0566148126633572	0.23130643937556075	0.12524272879131623
0.17361001808141896	0.12137018824088794	0.14204420354524677	0.21645353928331362	0.05544931612781519	0.05520989424719576	0.15493852115129877	0.08092431932282275
0.17440064691066334	0.08380610331507313	0.17364677113083524	0.20869451023207863	0.041100743992880356	0.06360592474459983	0.14604167467791293	0.10870362499595626
0.14334513310786245	0.21468611360300655	0.1941782995876853	0.07200695802447196	0.029387139392650988	0.07163410350388655	0.16783974995033168	0.1069225028301043
0.13383932215963418	0.12086695650411813	0.18628705937540496	0.1900994096569989	0.016141215243093143	0.056419799709489266	0.16682985272280257	0.12951638462845863
0.1801097596801608	0.03399297127093728	0.1412751180188468	0.2203369417434735	0.046492343814512005	0.06469702895049599	0.23081163597985904	0.08228420054171431
0.14764813392535558	0.10270394885523783	0.2222341528533192	0.17208354617408128	0.04113242526127846	0.05701575023051722	0.17237960891240803	0.08480243378780218
0.1802877498734562	0.2213508661566377	0.16940284318778395	0.04383495735044994	0.043288164787340794	0.06119680487317443	0.1962261457757401	0.08441246799541659
0.11795795981124475	0.20892075439191665	0.1812152854385512	0.16967552803148692	0.038100790843085125	0.062013138162620704	0.14093638044172502	0.08118016287936944
0.10526132808985336	0.09882085160751092	0.1976136717644856	0.21281965578558748	0.047360969144830276	0.06966929239693091	0.1550397198079173	0.11341451140288392
0.17932321572521182	0.2163261796337264	0.1645567562516283	0.03297856892602505	0.043981239540654235	0.05373266714959479	0.2270866024178963	0.08201477035526288
0.10479386759963008	0.18567425700819085	0.15440876420807603	0.23637468468616477	0.02797670188863713	0.04645404468269307	0.15007571621018032	0.09424196371642754
0.11486705955103678	0.12412040837399882	0.17536463768103666	0.22570112928302016	0.024284155028706886	0.05501275404999004	0.1794222562201153	0.10122759981209516
0.17605356819040932	0.1303354038875806	0.20885947734244015	0.02741835811087924	0.056056593172453845	0.061318767645740055	0.22131087844088246	0.11864695320961408
0.15059724429805166	0.10342244237188145	0.17750724204525833	0.17732178109887634	0.02748970456299578	0.05940078845085983	0.19105459098726538	0.113206206184811
0.11181452454427233	0.17750376597095532	0.15898038925059113	0.21022896262077778	0.020360871590989787	0.0491467680215482	0.14963855815353827	0.12232615984732695
0.12136975343997132	0.19489382930733112	0.2144718964419337	0.030933793494504508	0.03923916744317951	0.06858490198472994	0.21811073696469177	0.11239592092365798
0.12490933252677511	0.2727474221029663	0.15608952867272702	0.09069371584082128	0.032141444392874516	0.052260759365677395	0.17096153615465037	0.10019626094350784
0.14612683733782314	0.16958174981072965	0.20061828177535107	0.07867010920587705	0.03434455803567828	0.046602475330937365	0.20999694914800437	0.11405903935559888
0.14741986951777886	0.03493508340139034	0.18769782347411423	0.23522175011640684	0.04267461544480533	0.04598658649895787	0.20786535284309582	0.09819891870345046
0.1757450642731393	0.15830993265784976	0.16264702669863823	0.13197946896174492	0.016197069631613215	0.049030441552213824	0.22119443179530807	0.08489656442949248
0.1667129765578872	0.27638196667709714	0.16134141105349592	0.01387586663234154	0.043062778765058235	0.049822344314720934	0.16409000617768035	0.12471264982171841
0.12300675926625203	0.13395500088080828	0.18616395986268708	0.2325634746767566	0.03084465925827698	0.05851792354344204	0.1431220570346499	0.09182616547712687
0.1605141329099214	0.08083421332410409	0.16645696951649944	0.13816668590769943	0.0372948605493076	0.056497184476882636	0.2305602822186404	0.1296756710969448
0.1596687421049581	0.06716245086244989	0.14018783652621422	0.23536520354700752	0.0483140890724582	0.051752878149907075	0.18428268365711414	0.1132661160798906
0.10636759091922507	0.09273916270180807	0.1692266557954167	0.2509795135626402	0.019836136950036415	0.06020651849527389	0.19544774932462117	0.10519667225097828
0.15446765523121117	0.022639758652226144	0.14351967284281036	0.27428374669901445	0.032384920691482966	0.05954087674861534	0.19933717928817773	0.1138261898464616
0.1754184645412855	0.1732951757037847	0.2072603806510732	0.08232128086065112	0.04451656881310924	0.058302254257108097	0.14622686685468922	0.11265900831829867
0.1603228865639667	0.22795662983310222	0.21778275809449593	0.022525806642776508	0.029514846246066984	0.061744114861216184	0.18457719981730558	0.09557575794106969
0.11955394853590418	0.22333356660251585	0.17055750211049364	0.0826196697501412	0.04971922821297245	0.06810988448041538	0.17219393860520643	0.11391226170235064
0.1587498159149844	0.1564474236772181	0.14995298892378783	0.14187229789682837	0.04908616972695652	0.07537049370637094	0.18820720510571326	0.08031360504814035
0.1208574051491894	0.20858848338788435	0.14517946296333775	0.08105833465162117	0.05207728126499597	0.07363904777483953	0.19090578944542247	0.1276941953627091
0.11956418129455268	0.11328951339025846	0.20020373541798694	0.1255331890509177	0.049853766583629305	0.060180669874784265	0.2234226161909369	0.10795232819693358
0.16447360105487768	0.10088736201599169	0.14302945806686876	0.20170574343082262	0.04746671863994453	0.04870225735012619	0.17115251314208846	0.12258234629927983
0.16589998315691756	0.06490445260365062	0.1872427054374456	0.2525964647205075	0.020339293888827784	0.06223883460477933	0.14014946531246114	0.10662880027541023
0.1396595375439076	0.2631536900012865	0.14599449883956975	0.11979335864420167	0.019870326514671507	0.05310773305813833	0.1745768039660783	0.08384405143214606
0.17504831399576143	0.18355609294785413	0.1646735600598097	0.12122431969871464	0.02711722978499799	0.05712805317719459	0.1765745699250026	0.09467786041066464
0.14782331555037673	0.05696897443573731	0.16636925785281304	0.2740884438911907	0.02418661819321613	0.047467924110772455	0.19528734404436332	0.08780812192153006
0.14248087636492138	0.1645826966433176	0.1730460904886618	0.11353026260331442	0.04745543904477166	0.05015273024237481	0.20194263823241657	0.10680926638022156
0.1705554883654546	0.16579079906774985	0.21486402255421455	0.038798857589580946	0.054164050697754484	0.06761326142719305	0.16544790158847703	0.12276561870957528
0.13263342617232238	0.1796108197893758	0.18274276805271195	0.1631756492054522	0.04820193488968268	0.051833258754091824	0.14840251671105867	0.0933996264253043
0.15163776827489267	0.10806956551074007	0.20242990850460674	0.18688384937884187	0.03666073218665647	0.06560514627624439	0.16361062179206104	0.08510240807595652
0.17991697610618587	0.10816080960388015	0.20032439592156442	0.110583884848399	0.0353964836402582	0.06243590618139733	0.20977497103966053	0.09340657265865426
0.1659742053221317	0.28593027301486806	0.14748692876658867	0.018401884699983925	0.019020065145642515	0.04609091190101379	0.23048216137152253	0.0866135697782486
0.11599510454399711	0.2648027190924608	0.19267967009654507	0.03970137166075424	0.03303419537597492	0.06927225520089134	0.18081540876852736	0.10369927526084903
0.13528786353332203	0.15008368618017337	0.2101261181363424	0.1512225095815379	0.03487848472044597	0.05817836711180624	0.17075916837212685	0.08946380236424495
0.1586810163793826	0.08743391012701437	0.14595260055695336	0.24693172416713527	0.036306650987561764	0.06196057886823014	0.16949273201694878	0.09324078689677345
0.13370111020052716	0.319546156499366	0.15026145282201606	0.024092358884005946	0.04797053740015424	0.07364488421506346	0.1532252100699036	0.0975582899089633
0.1707491168082083	0.2173801847295494	0.16999593741321528	0.03104100464329207	0.028766289716130558	0.046211878163357714	0.22047994248896713	0.11537564603727933
0.1736881299461109	0.2085409145709156	0.21427426123957774	0.035045368970669705	0.016106502375280496	0.05570929260794588	0.2037477504856916	0.09288777980380789
0.11680945309304433	0.28797505069025703	0.15955307383170947	0.0538318934496389	0.031020922883581797	0.07052595190189276	0.1531622664440833	0.12712138770579218
0.14712231992825803	0.14045620012263346	0.21668429397220185	0.12707025281948758	0.025245211068159287	0.07507419040644389	0.13902626471748197	0.1293212669653337
0.1062924077193308	0.046670185320502905	0.19996947881220864	0.24616878883280213	0.050031772620691486	0.06784305247141859	0.15506535494366863	0.1279589592793766
0.1068138102097891	0.20544948403035013	0.15137050447831724	0.16331863622960185	0.038891063072437004	0.06772913080781634	0.1753938467213476	0.0910335244503405
0.13331618603173115	0.13544591141709328	0.151127398085409	0.1855034679061393	0.054905089613200994	0.057868052646255316	0.19116519064811788	0.09066870365205283
0.1493039750096685	0.14905739405551	0.21510175437241735	0.08714954174265066	0.02937025835007978	0.07198004783011294	0.20478577588680463	0.09325125275275596
0.11993140619448978	0.20851242371450598	0.16373143001202883	0.1031877356213336	0.05356923966137081	0.07434144940269755	0.19646846647970917	0.08025784891386409
0.15843124220929825	0.1564598769534778	0.18229283895384862	0.08319309641194816	0.024932941225212696	0.04651506937294991	0.21717282226136467	0.1310021126118997
0.13626499446359908	0.08857805759041226	0.1936247135340065	0.23066798928756632	0.029671583550297337	0.0700736815232032	0.14529492216991863	0.10582405788099643
0.13948742421004334	0.056864506830427194	0.16597991153317274	0.25317184393507847	0.04413726099401985	0.05631256105921012	0.159500755210623	0.12454573622742504
0.15000215114761037	0.2408500779639865	0.19898248118134365	0.013308290319542837	0.048162623220911235	0.06260565129046841	0.2009034223022103	0.0851853025739264
0.13940167307556242	0.22312018744547477	0.16094435353483671	0.0689417295447462	0.035016458137550666	0.06306069436943193	0.21676043704846226	0.0927544668439348
0.1200776329914794	0.23986143283369882	0.17858889725830263	0.04135610531590947	0.023051726768008735	0.07672438441047139	0.2067636334361378	0.11357618698599158
0.10402173263720087	0.21269350672485837	0.16705505436810428	0.13906500211511374	0.04047753384419499	0.07171441987401632	0.1637344222649454	0.1012383281715658
0.17263810108937927	0.11010537073384247	0.20117454005811464	0.10529545451994776	0.03820865904677552	0.06212507441360959	0.19294696727477448	0.11750583286355601
0.15795558343561603	0.10383730473883265	0.2252755424488136	0.13376248616131475	0.025542302629065525	0.07583879139170911	0.15733079076541062	0.12045719842923754
0.1572085842101885	0.11575725718077216	0.22806046825805976	0.15718303662583039	0.03125533444165274	0.055953857291918735	0.14601092638382474	0.10857053560775279
0.1633205146642127	0.13858365204645678	0.18201685750806124	0.16345392858978008	0.03836452960017618	0.050559742747461	0.14898792107153486	0.11471285377231692
0.12266143209827712	0.05364494162287209	0.1740681006417925	0.2368665751127827	0.035094702245579756	0.05019823758657101	0.23076198626297445	0.0967040244291501
0.15152893055095873	0.12036340383795475	0.15458359783879716	0.15527353653934073	0.04615762007094898	0.05780241133865299	0.20883237116735878	0.10545812865598764
0.14461334710985177	0.32357365354278966	0.16106264684156044	0.04540603742399721	0.023591039534251693	0.06483333731059823	0.1498793870578183	0.08704055117913242
0.12454170319303697	0.19206068143150593	0.16463101287351004	0.11806903523442656	0.031876564408223465	0.07232676620479654	0.20108581808444542	0.09540841857005489
0.1700131504630215	0.0998335292394068	0.19660052226820646	0.19661471931489216	0.04826554536482432	0.05352682760962839	0.14414567215605711	0.09100003358396297
0.12991227461510305	0.07283433868364753	0.21171161882097117	0.2014064211258296	0.034669958195676295	0.07139803574048025	0.17492283464491326	0.10314451817337862
0.15124473563553664	0.029250943445620514	0.17348418096514015	0.24292965249518358	0.023090572175505863	0.06440586273730062	0.204926649720647	0.11066740282506538
0.11621581005899018	0.19126150119850505	0.15001538193381636	0.11242668223772433	0.051070597144707866	0.0751787439947611	0.18675825042702424	0.11707303300447068
0.11672881828145666	0.029559686944081606	0.17108357113452327	0.27017262855924995	0.05055390409387556	0.07038809904872607	0.1872563381278604	0.10425695381022629
0.15693382160597433	0.029631823225961876	0.21312831572117275	0.22242109864189444	0.03277489528123187	0.04917367662286658	0.1958782816691822	0.10005808723171573
0.16999861144548659	0.16495490666811163	0.18340637847373756	0.11209922693386751	0.04955791300066595	0.047297441994191516	0.18119140638067077	0.09149411510326824
0.12939771727906194	0.05758581076130423	0.18797168280453777	0.21118829363855535	0.03323132104126837	0.061044675982105764	0.20141153822041047	0.1181689602727559
0.16113164077954867	0.14845411953514087	0.1652629301588428	0.16625001997527616	0.041853960523908926	0.05187931975683563	0.16455216234171788	0.10061584692872884
0.11975489994575371	0.22271118610236557	0.14577307334117653	0.15283413895969045	0.02452576968628213	0.05079389032144413	0.17786446048914623	0.10574258115414104
0.14728305144855414	0.17758359893975215	0.2197578204434965	0.10629721698474945	0.04631760032549155	0.05007726932321897	0.161444482589797	0.09123895994493998
0.1541973004404431	0.10666627964956937	0.18283280312709616	0.17936209796575048	0.05375030616306625	0.07599114091342474	0.15679316628565498	0.0904069054549947
0.14856774684985366	0.026743923963263874	0.21495445170143945	0.19879827789817905	0.053426507513246846	0.07623488921415086	0.18019413414118837	0.10108006871867764
0.15767179935930492	0.14136113700839958	0.19886004161154971	0.11579459869919037	0.02346080940919046	0.0621580119034848	0.19492706327497658	0.1057665387339033
0.13798263687618784	0.09975599296851378	0.2109134640685716	0.13904623607585362	0.02046008817120322	0.054614179329836685	0.22855570833284583	0.10867169417698726
0.16730339627767754	0.02197822926040223	0.1590940031899732	0.2661793844250129	0.03597579979961131	0.049455789128398805	0.1789629934954357	0.12105040442348813
0.13437305136177358	0.09091512567469714	0.22246925393428302	0.1718095148670826	0.03383120965606652	0.06926897928527684	0.18758728718544948	0.0897455780353706
0.1728391436926702	0.03629644106954198	0.13992232328011717	0.2655184665052582	0.04345894888971752	0.07606380709192552	0.14265286065996036	0.12324800881080883
0.1172199011386527	0.21813778039841702	0.1843954242884234	0.06513860951731615	0.033987329861056	0.0584568563179758	0.23133369398069004	0.09133040449746865
0.16296157095515942	0.22611249643687792	0.2151765658615191	0.030124181482143977	0.036415226929387784	0.05790883881296223	0.18963298574084592	0.08166813378110338
0.13950138472524082	0.18077001100024015	0.22688168176659948	0.0725862159906838	0.021782710554106147	0.05934114960808293	0.17661192188434477	0.12252492447070173
0.14938849254370354	0.24898087565371485	0.14257161862395268	0.10099906501279908	0.021771863252599388	0.05728196799921899	0.18291084038022762	0.09609527653378369
0.10556621519521385	0.06737808750749384	0.1790327684373152	0.21266968201795491	0.031667812627262426	0.061619374821178144	0.2274672745341925	0.11459878485938894
0.11600158183708209	0.18163734081139454	0.2245455080990479	0.06682190256123105	0.021645109850201016	0.06542290468701367	0.20762211089789334	0.11630354125613615
0.1792220992871773	0.20019142068699353	0.15671179894328727	0.03834281360807609	0.054436079758391	0.05442596962213918	0.2246558803039136	0.09201393779002179
0.11513425689377761	0.24546596219132255	0.18457388705322642	0.07600706539833102	0.017044805949767317	0.05548942020118655	0.18149011436053977	0.12479448795184858
0.15398135923397177	0.17038602288401156	0.1480739008195557	0.11806170467475553	0.019745674781315697	0.07601682165489479	0.20844901115065892	0.10528550480083577
0.10723109694065223	0.06181500771692995	0.20603785898961594	0.24152972503024292	0.02055132475675514	0.06748179898607291	0.16856516758034934	0.12678801999938133
0.15197773676130513	0.12020203626929751	0.14607870570951548	0.16682091564358142	0.044297000150273824	0.06472225177697681	0.2033429341038005	0.10255841958524908
0.13782025689202487	0.12090236645996509	0.14117918703725582	0.24556384179804425	0.03250206829436819	0.06265841782950751	0.17296688609497585	0.0864069755938582
0.10519931782828865	0.22558595308916546	0.18745071418152157	0.08571288269552371	0.03737745055091987	0.06852560430972235	0.16012709638870373	0.13002098095615444
0.1507566887576775	0.16062465466998915	0.15752380250248116	0.12055151881030349	0.021734875679462556	0.060635629641074995	0.23125295028037884	0.09691987965863208
0.1641386737974646	0.29168832614758267	0.14579391843805145	0.02115055452095313	0.025951846798098727	0.06476642517598721	0.1745808400682458	0.11192941505361617
0.17513777731193747	0.1545701322338202	0.1767900008953434	0.09880432579405832	0.0451187098591157	0.05886546702269571	0.18660166169318038	0.10411192518984855
0.15209917057772676	0.1521970913558398	0.20626538152575088	0.09830898344047581	0.04616377517214469	0.052507194606556964	0.21221286509351478	0.08024553822799012
0.1792610462478733	0.08044874978628909	0.22166654957312315	0.09820745904304719	0.040464478563414674	0.06099267092242658	0.21978097288891257	0.09917807297491327
0.1108693669968912	0.04698687203468592	0.17970951244842304	0.27243201262766686	0.025400204531932855	0.07021565718465653	0.18118077958542522	0.11320559459031813
0.18043085830971012	0.06939119837017609	0.1733079883399358	0.16543350872317072	0.0171993417757325	0.04782523385107951	0.22227024832525633	0.12414162230493873
0.16473535060316435	0.11362479960371935	0.17400068819336637	0.15594141524101565	0.025684208177468373	0.04670188990560807	0.20844517350424346	0.11086647477141413
0.11365287685919444	0.07629067145754517	0.19677149417760384	0.16376004605107558	0.03660916340036377	0.06024273399753395	0.22587065162510517	0.12680236243157786
0.1597808225981464	0.18133115561555677	0.21966757602124387	0.0478490613592438	0.03566741966620737	0.06920846650988853	0.20128402915589164	0.08521146907382134
0.11956352637227503	0.22652510473309342	0.23103963135379757	0.02559809077460301	0.052207793495088306	0.06716540996434987	0.17474229736709662	0.1031581459396959
0.17055692006062936	0.038269890434760936	0.22774971059897675	0.16447560464466965	0.019431409954935905	0.06982600641195993	0.21893843832645427	0.09075201956761295
0.17079417130369387	0.04100654710249847	0.1918336691824889	0.20007588809317928	0.0340050261903576	0.059174520155885243	0.22029558662164106	0.08281459135025537
0.13179323785091035	0.11662443344567848	0.18668984422213317	0.10817157636291289	0.049886636916834246	0.07435344712128608	0.2073124375297254	0.12516838655051918
0.13768176670941462	0.2198695189336159	0.19041859621573742	0.035603129060357175	0.026815633948908138	0.05296512330580312	0.2217315669270364	0.11491466489912697
0.16994911136706742	0.0713317416143106	0.21755427437897423	0.1763670419970611	0.017837746961625628	0.06671033278227617	0.18378239361855042	0.09646735728013417
0.1084429277957907	0.054716154962800134	0.18527931741651799	0.27756201384722146	0.05433947352485767	0.06313522519193238	0.15369393685988042	0.10283095040099899
0.1687616303417383	0.1307479556280457	0.14349003170345986	0.2235269051541396	0.023132013234360413	0.04942168241537698	0.15349300659225756	0.10742677493062137
0.1391626244321325	0.26739315430681343	0.16826026778648992	0.09952400975800746	0.03063027676573156	0.04841500987317325	0.15662845511621787	0.08998620196143374
0.15513570260975512	0.026603505779157224	0.19645316146249575	0.18081715327049186	0.05523704237677486	0.053340386036677664	0.22964827800822357	0.10276477045642372
0.11875973925999314	0.1052790470283195	0.19213468436740444	0.19609535614684753	0.021039117357915083	0.06980617141318934	0.20099119883729633	0.09589468558903441
0.1710254538193892	0.19163015819070053	0.15225169911556818	0.04512914735778012	0.04589280218054338	0.07323137224735138	0.19531507989007274	0.12552428719859424
0.16169064136548067	0.22065408965221406	0.1853439486842649	0.04362864937557921	0.03665375755536193	0.06293473978897338	0.17735322883507149	0.11174094474305411
0.12457666876433243	0.10809605992137308	0.1884371780000478	0.13189774917763225	0.05374421031840616	0.06228413454973475	0.20290932293183606	0.12805467633663725
0.1299584264662273	0.03238926845679621	0.23043185832556518	0.21911472420054345	0.04785056542917342	0.061314537642670724	0.16237700799450436	0.11656361148451913
0.11004412249500523	0.2721471435229777	0.1532832837509906	0.0871478594710779	0.020528793529230857	0.05987289317351244	0.19523560408072627	0.10174029997647877
0.13215629697227385	0.14838263930790355	0.15376129651881015	0.15669255462101925	0.027915228689928795	0.07556892599767645	0.18353310272041362	0.12198995517197407
0.11587113556344998	0.20695060071590987	0.21039240801019773	0.10527270254141445	0.0393605428778855	0.07232558622621596	0.13604429443865695	0.1137827296262694
0.1545962123846768	0.1525392803207221	0.21987834941083562	0.05481055167499885	0.055784331691738784	0.07231265980248713	0.2046893810949009	0.08538923361963957
0.12023509026740145	0.1068807659867278	0.15053523978370908	0.23774349689090044	0.023350074988342545	0.0686302736733411	0.17547015975481675	0.11715489865476063
0.12925929058514815	0.1720286940135521	0.1581195883392374	0.11575524923428565	0.04180436309018877	0.04830798980226139	0.222702359100526	0.11202246583480033
0.10683751260763862	0.12156459080816998	0.20586561868417746	0.2637693798605845	0.01641190263801709	0.04785500192821078	0.13769322491469768	0.10000276855850362
0.12120445495188584	0.1901279654618236	0.14993523632401992	0.14827147324227744	0.0221698911652201	0.053572075529922214	0.21092037410865147	0.10379852921619923
0.1443638454282348	0.06892987372233125	0.22445127484327285	0.16228071429812413	0.0373372683348462	0.04899443204714593	0.21799819026005776	0.09564440106598687
0.15636274951451246	0.09732129081083662	0.15055364633077747	0.1744829647657315	0.04377556586478859	0.052711582208913504	0.21866647982418635	0.10612572068025332
0.10399380931406417	0.199015420414803	0.19750452108991207	0.10358284708532634	0.01883193867117773	0.05603240233895636	0.21660897596181777	0.10443008512394239
0.177025198103401	0.26076972051134595	0.17486533550105687	0.035702917368294354	0.028763224078562355	0.06937529638792189	0.16483794778955485	0.08866036025986246
0.11705236353104735	0.20840654088408284	0.1691782296264268	0.1281638197590718	0.04138606254076631	0.053124141688475984	0.19378475784031107	0.08890408412981765
0.12204539493537746	0.15195306102238157	0.1882573962637866	0.16846913951490053	0.018345471990228304	0.057811183657581075	0.19648434942467718	0.09663400319106703
0.11694937021085919	0.2899639327341951	0.1407227539213147	0.03749691896407642	0.0433143549989089	0.06323961679813767	0.19061615010400784	0.1176969022685
0.1578987334980968	0.23525090555165157	0.1437543963422994	0.1123459925559086	0.026836206954683806	0.0721297886843918	0.1557210733073129	0.09606290310565496
0.15437964392920459	0.2856916955071839	0.16711488337575725	0.021258341303427616	0.025089769843311682	0.05622528613248544	0.2034034830944655	0.08683689681416383
0.10493265093527751	0.06569905720263344	0.22419050064893087	0.2183786081390849	0.02362624864477675	0.07461014391112719	0.1630008626131467	0.1255619279050224
0.13487808662711598	0.059487923803153014	0.20998321493906497	0.25017499655843384	0.045686214322629315	0.052572615932604067	0.16694911822557712	0.08026782959142154
0.15862695453016692	0.2448527418231609	0.16129480612172223	0.029423242062777105	0.05199748303980854	0.07386011671161036	0.192233749123594	0.08771090658715963
0.16846611397265673	0.21136071006715434	0.1629250238353041	0.06383113306007386	0.02725405306739241	0.05803740195585383	0.1959767555823939	0.11214880845917054
0.16935018015035574	0.1395693497576221	0.21678277051061595	0.11318041429771383	0.05202318382570588	0.06099655604682343	0.1611756050793274	0.0869219403318354
0.11256936249288584	0.17494268259808785	0.19757242759469973	0.17668222931213473	0.031737925662636474	0.06127575540923047	0.14701553738495568	0.09820407954536904
0.1320683250020793	0.08374783842551008	0.158713192209755	0.2325743426191808	0.040079625627640725	0.049259448980511614	0.20213902917030646	0.1014181979650158
0.10367919686014451	0.18729745894653882	0.15505325807929038	0.20043333697875593	0.03206337436146124	0.07681840232562993	0.153788844447247	0.09086612800093198
0.12830578853358804	0.14352050435812014	0.14930285821884737	0.22294963966546738	0.04366966983573754	0.05224085385483569	0.14062378885158328	0.11938689668182037
0.1538345781238147	0.19884556460990943	0.17109828866017082	0.11433343967516131	0.042072945329706554	0.071089837527123	0.16633182517481046	0.0823935208993035
0.14664215376266163	0.04036503424960433	0.2160075937885245	0.23001595570732078	0.02779974899769319	0.06493257644382908	0.1450321301842663	0.12920480686609992
0.13833833154700334	0.13571762667937323	0.16512941588237307	0.1975635838318618	0.026737420475167556	0.04646941940995278	0.16839070145016813	0.12165350072409997
0.1552297447713444	0.16569415558651882	0.17049911062986214	0.16547777700985106	0.01758310437219872	0.04721101912117498	0.1928374207328276	0.08546766777622203
0.16032006609870286	0.08376287569786112	0.14446471612635983	0.1755227655152891	0.031322677054974685	0.059832861320341435	0.2245411896806362	0.12023284850583453
0.14439402798634668	0.1079993007415953	0.13872703868862515	0.1662785869222755	0.04761388325233225	0.0643147955902405	0.22315213984199866	0.1075202269765857
0.11052149554262697	0.23443491400283428	0.15004414074016373	0.16107620397827202	0.029084185635257456	0.05346864454801846	0.14959781006739953	0.11177260548542728
0.13623894244434653	0.2531837832364958	0.14217834069370805	0.056707732936792765	0.043773292474360015	0.06728476756667517	0.1807448187968156	0.11988832185080577
