0.14785939247829724	0.3816540932796124	0.4704865142420904
0.15022003296170022	0.38623992788758144	0.4635400391507185
0.15388110609914607	0.3801210318959011	0.46599786200495297
0.14755827249254622	0.3839453963317666	0.4684963311756873
0.14914279954009446	0.38128419329826013	0.4695730071616455
0.14881159763198754	0.38405394207509147	0.4671344602929211
0.14823003034343862	0.3809292146214921	0.4708407550350694
0.15351998341355388	0.3804385177631286	0.4660414988233176
0.15159590464097578	0.38156215587553577	0.46684193948348857
0.1513693673461468	0.3855385276199822	0.4630921050338711
0.14884368829961775	0.3817029844639829	0.4694533272363995
0.15132349233427195	0.38306072738653196	0.46561578027919626
0.14980698805186896	0.38296431802215986	0.46722869392597133
0.14893156103784946	0.3806444680477854	0.4704239709143653
0.14920053175922585	0.382622566315743	0.46817690192503125
0.15286013251727326	0.38044042754623864	0.4666994399364882
0.15151862577857145	0.38559145284635893	0.46288992137506974
0.15106207175634634	0.38599049627891957	0.4629474319647342
0.15349574110470596	0.38268212104023086	0.4638221378550633
0.15221144375668944	0.38224133222426837	0.46554722401904236
0.1520375703037285	0.38265977493759223	0.4653026547586794
0.1482185022693279	0.38620049974067217	0.4655809979900001
0.15010750214260554	0.38109170388340446	0.4688007939739901
0.1509685098893616	0.38597574903143705	0.46305574107920144
0.15415496710504156	0.38406157373371197	0.4617834591612466
0.14876616936818104	0.3814183028507516	0.46981552778106744
0.15112912682481838	0.3804390697684234	0.46843180340675833
0.1489126402702451	0.38525934265993383	0.46582801706982113
0.1480087074924033	0.38620206061967866	0.46578923188791815
0.14857569515764038	0.3865448111834049	0.46487949365895487
0.1522096533021184	0.3849450132869602	0.46284533341092154
0.14790884224630724	0.38365061328523703	0.46844054446845584
0.15201178693516137	0.3852153446804082	0.46277286838443055
0.1523538352100633	0.38055702577420764	0.4670891390157291
0.15184684961823788	0.3806220691380152	0.46753108124374704
0.15074950851548596	0.38250665030245823	0.4667438411820559
0.14817773725747482	0.3808970467403951	0.4709252160021302
0.15132521489789735	0.38507628810967515	0.4635984969924276
0.15130780999772797	0.38185101624140966	0.46684117376086254
0.1498529782679412	0.3822087004465865	0.4679383212854724
0.14989237224280244	0.3832838524921049	0.4668237752650928
0.14771289553901626	0.38208694927424075	0.47020015518674313
0.14994428145620026	0.3842761362547619	0.46577958228903793
0.15060635746139944	0.38340902579676706	0.4659846167418336
0.14868581585769142	0.38341180083846	0.4679023833038487
0.14960052239807736	0.38038715356061986	0.4700123240413029
0.152266135891693	0.3852939043423374	0.46243995976596974
0.15238480976629448	0.38191962824069675	0.4656955619930089
0.15267848719830707	0.38077426843096646	0.4665472443707266
0.1482937098841225	0.38086999897402607	0.47083629114185155
0.1518888257097326	0.37956046216749034	0.4685507121227772
0.14923828559305524	0.38040859166267377	0.4703531227442711
0.14961714448026392	0.38151115226778515	0.46887170325195104
0.15275366319731876	0.3813720150876475	0.46587432171503385
0.15257555882599522	0.3849044272451004	0.4625200139289045
0.1488569901640834	0.38347897842965406	0.46766403140626267
0.15445025561448494	0.3825017186697074	0.4630480257158078
0.15133381843044316	0.38473343965540774	0.46393274191414924
0.15088993581883486	0.3851094512462315	0.4640006129349338
0.14945853167378279	0.38399924322448353	0.4665422251017338
0.1479707803608491	0.38656562585679305	0.465463593782358
0.15110388391367396	0.38433182841811186	0.46456428766821434
0.14970535087232043	0.3799072244370944	0.4703874246905853
0.1488207649379964	0.38599469874717873	0.46518453631482504
0.15150225177546534	0.38331258151658537	0.4651851667079494
0.1478992850422306	0.3852564785028865	0.46684423645488304
0.14778344673678048	0.3848906163085524	0.4673259369546672
0.14933517839212956	0.3822517942745236	0.468413027333347
0.1504614412612754	0.385680167256495	0.46385839148222974
0.14819525342653306	0.3808546894059136	0.47095005716755345
0.15174939543505234	0.38575907609059684	0.46249152847435093
0.15438575578023894	0.3794933756256051	0.46612086859415613
0.14971976167477286	0.3865111196976606	0.46376911862756665
0.15172131607461553	0.3812352145911492	0.4670434693342354
0.14915618260162367	0.38113083260865055	0.4697129847897259
0.15112848087833874	0.38368029122806113	0.46519122789360023
0.1539869105992172	0.38157162660840394	0.46444146279237897
0.15144390904869187	0.3849937316606389	0.46356235929066936
0.15276410895842057	0.38501703270193555	0.462218858339644
0.1524429413957487	0.38507537323469093	0.46248168536956047
0.14879272866218285	0.3800366344599816	0.47117063687783567
0.14897856660641506	0.38153407639419523	0.4694873569993898
0.15001566982059988	0.3817992807024544	0.46818504947694584
0.15454992551060853	0.3838610815077812	0.4615889929816104
0.15189732063592987	0.3831835435920172	0.4649191357720531
0.14997174537734587	0.38395413113982124	0.466074123482833
0.14755760429092607	0.3819595703318233	0.4704828253772507
0.15339483848765723	0.38484201329627804	0.46176314821606484
0.1535126038739076	0.3840632061247152	0.4624241900013773
0.15183268671776026	0.3857435465503874	0.4624237667318525
0.1526345912397786	0.3833791876214945	0.463986221138727
0.15260269083098937	0.3837944464539844	0.4636028627150263
0.15387151667667726	0.384403939235418	0.46172454408790486
0.15235995811262643	0.3801625490826806	0.4674774928046931
0.1489221141552367	0.38158725888380174	0.46949062696096167
0.15234913482885898	0.38255998424851256	0.46509088092262857
0.14821573312790082	0.3843208734825331	0.4674633933895662
0.14876336006178698	0.38518778866933057	0.4660488512688826
0.15063868361744326	0.38226180985807146	0.4670995065244854
0.15235721872600883	0.38338994760258316	0.4642528336714081
0.14758649902246876	0.38650576370731193	0.4659077372702194
0.15099781667728235	0.38086464557817956	0.4681375377445382
0.14990242226661182	0.38584018242945484	0.46425739530393345
0.14881908981072323	0.38350571579868553	0.46767519439059135
0.15354395786610353	0.38452268510436294	0.46193335702953364
0.15145004561061864	0.3846313960270594	0.4639185583623221
0.1504397249431892	0.3866272573749144	0.46293301768189654
0.15414126786212815	0.38106977491531524	0.46478895722255675
0.15040665396895278	0.3814134770643917	0.46817986896665564
0.1478848508989953	0.38138466615390065	0.4707304829471041
0.15216244329456396	0.3858076505982867	0.46202990610714945
0.15451325252984896	0.3826179304601412	0.4628688170100099
0.14791886442380542	0.38620437312333455	0.46587676245286014
0.14935997712296276	0.3860631443058664	0.46457687857117097
0.14949587317427515	0.3802583084010896	0.47024581842463536
0.1481231826838877	0.38536181667531616	0.46651500064079626
0.1544390458102186	0.38125013824514564	0.46431081594463586
0.14911174760068308	0.3835512042324875	0.4673370481668295
0.15376648955223404	0.38260405106037293	0.46362945938739314
0.14848766835680957	0.38406152698586526	0.46745080465732525
0.1527173032969139	0.3802605272456574	0.4670221694574288
0.14779671979105913	0.38314540085703674	0.46905787935190424
0.1526261982224455	0.3840529501771751	0.4633208516003795
0.15005078875152542	0.38238201286842277	0.4675671983800519
0.14908266651052643	0.38638831121998624	0.46452902226948745
0.14770401234983166	0.38565789709858717	0.46663809055158134
0.14923630295990375	0.382345653284111	0.46841804375598534
0.153339348477528	0.3833701286168834	0.4632905229055887
0.14850431071086478	0.38392817802147006	0.4675675112676653
0.1486185925546974	0.38514305661609377	0.46623835082920895
0.14804426800664652	0.38029307686370395	0.47166265512964967
0.1515873496750682	0.3845317092319317	0.4638809410930002
0.15432654638433196	0.38013350073619745	0.4655399528794707
0.15289120352911031	0.3823998068600892	0.46470898961080065
0.15464570079104184	0.3829913369050806	0.46236296230387763
0.1486737121240062	0.38018184269959265	0.4711444451764013
0.153186350115746	0.380805319212774	0.4660083306714801
0.15088615185996684	0.3866146038952361	0.46249924424479716
0.1522087716053247	0.38111522908554835	0.46667599930912707
0.14836490781865905	0.38616910131921295	0.46546599086212814
0.15028377473861596	0.3807522793999232	0.468963945861461
0.15318106871849443	0.3842824176587882	0.4625365136227175
0.15170249741721173	0.3855812394316073	0.4627162631511811
0.14764708016736489	0.383150934475991	0.46920198535664426
0.1522695409017853	0.3799523112028723	0.4677781478953425
0.15115832606462118	0.3817496945986567	0.46709197933672225
0.15389246026595155	0.3797114776449021	0.46639606208914647
0.14960834489052693	0.38385450169616114	0.46653715341331203
0.14849532812989832	0.3803307557323353	0.4711739161377665
0.1485253152294259	0.38589832247754097	0.46557636229303323
0.1486861134920908	0.3808921931476341	0.47042169336027523
0.15033761730683223	0.3823549774245501	0.4673074052686178
0.14860538508696625	0.38325581869564856	0.4681387962173853
0.150846758771461	0.3841644534340934	0.46498878779444575
0.15280722100105637	0.385349911223716	0.4618428677752278
0.15176152095397294	0.38151586809438576	0.46672261095164147
0.14833710273638745	0.38188952244556984	0.4697733748180428
0.15471645159696867	0.3811503254584871	0.4641332229445444
0.150714626970566	0.38107763446295323	0.4682077385664809
0.15291135772017878	0.38365948184973325	0.4634291604300881
0.1523811487583951	0.38268771439289395	0.46493113684871107
0.1517187256768317	0.38265061022851415	0.46563066409465426
0.15084413172674224	0.3803813768085832	0.4687744914646747
0.15324783497067276	0.38072578451941236	0.466026380509915
0.15014653442387066	0.38355966735525515	0.4662937982208743
0.14958274723689413	0.38052715546965676	0.4698900972934492
0.15001282520192627	0.3820012807835931	0.4679858940144808
0.14847858414936094	0.3855249320473862	0.465996483803253
0.1543429089249001	0.3828201304792462	0.4628369605958539
0.15051638958891306	0.3861817403457946	0.46330187006529244
0.15002239580593335	0.3802467260663104	0.4697308781277564
0.15106831639828586	0.38018338518289735	0.46874829841881693
0.1508764450568481	0.38475453055584524	0.46436902438730676
0.1545876723949581	0.3805154910945353	0.46489683651050673
0.15094982905785342	0.38237598296288433	0.46667418797926236
0.14890993729556384	0.3845813865833154	0.46650867612112085
0.14895249550959713	0.3866131030382896	0.46443440145211334
0.1526295349378854	0.3854836657532182	0.46188679930889653
0.1546448871599535	0.3819183027585278	0.4634368100815188
0.15419034136320325	0.38306611553934045	0.46274354309745647
0.15047130395042957	0.3848581705600856	0.46467052548948495
0.14758180312003633	0.38424193491434366	0.4681762619656201
0.15320453827475095	0.38012718766481035	0.4666682740604388
0.1515666125335271	0.3823728558398888	0.46606053162658423
0.14978116073854783	0.3796537244258542	0.4705651148355981
0.14902994729229097	0.3802917620523812	0.47067829065532796
0.15110438391554304	0.38375066524558077	0.46514495083887636
0.15143327425840938	0.3859979704382274	0.4625687553033633
0.15131467289651795	0.38468041486643284	0.4640049122370493
0.14880201380740893	0.3824818136688992	0.468716172523692
0.14987945576098805	0.3836493332675774	0.4664712109714346
0.15054075107746107	0.3833773943728459	0.46608185454969314
0.14932150709379258	0.38062501356310807	0.4700534793430995
0.1517636689886417	0.3811750059289444	0.46706132508241405
0.154352436228792	0.3822246443089887	0.46342291946221936
0.15065508152494267	0.38055519792407616	0.4687897205509813
0.14766168346955838	0.3825778819972781	0.46976043453316363
0.14838705209139647	0.38470904227985314	0.4669039056287505
0.14826077433432383	0.3848813916982983	0.466857833967378
0.15422332289733126	0.3829540408801651	0.46282263622250375
0.1544196492832732	0.3816338032207019	0.46394654749602504
0.14824174293238693	0.3833795228725762	0.468378734195037
0.15376289989666603	0.3824101758877808	0.46382692421555327
0.15076657205966437	0.3819891311449792	0.4672442967953566
0.14851833433358455	0.3862132605311363	0.46526840513527923
0.15473565375975556	0.3796079341818651	0.4656564120583794
0.14810558897814974	0.3843536840997991	0.46754072692205123
0.15167870343456943	0.3844180673457208	0.4639032292197099
0.1515454483485574	0.38095128161127617	0.46750327004016656
0.1538694276777905	0.38095150132501154	0.465179070997198
0.15293768330727836	0.38369196290539676	0.463370353787325
0.14848914984312242	0.3813032075835284	0.47020764257334924
0.1522532912359236	0.3833877403831542	0.46435896838092233
0.15266677679465693	0.3852236731707359	0.4621095500346073
0.1489946488105956	0.38394435163345525	0.4670609995559493
0.14783768531666208	0.38382602361338924	0.46833629106994884
0.1499924791933432	0.3811620561878109	0.468845464618846
0.15469181715972924	0.38367078024102186	0.461637402599249
0.1519466916971578	0.3822511063351259	0.4658022019677165
0.1503434195871271	0.3851445828828379	0.46451199753003514
0.14914197050302225	0.3828305437782086	0.4680274857187693
0.14854030955737835	0.38644854493545855	0.4650111455071632
0.14823288488802971	0.3815078061885144	0.470259308923456
0.1517203352983948	0.38440217890053413	0.4638774858010712
0.14811623838982751	0.3802891065825197	0.47159465502765296
0.15448764806384804	0.38124649439312047	0.4642658575430316
0.15125453277826534	0.38538036798608916	0.4633650992356456
0.15109798109644412	0.3833351979518148	0.4655668209517412
0.1519252526072058	0.38462688085799374	0.4634478665348005
0.15291967086832706	0.3821741563468095	0.46490617278486357
0.1528136656892427	0.38242900289459414	0.46475733141616327
0.15257413710261755	0.3827893710361438	0.4646364918612388
0.15202178906814073	0.3822405592058099	0.4657376517260494
0.14799997611154642	0.38402875267012304	0.46797127121833065
0.14869421875707817	0.38226255823916133	0.4690432230037606
0.14888489661424192	0.38441741780608885	0.46669768557966934
0.15063482235983058	0.38267180249647237	0.46669337514369713
0.1536913324413292	0.38087024498949684	0.4654384225691741
0.14795224691591596	0.381759882745131	0.47028787033895314
0.15408653841483524	0.3839647894133153	0.4619486721718496
0.14838246773752706	0.3795914804172263	0.4720260518452468
0.14811274320079865	0.38112728144219166	0.47075997535700986
0.15086418779456828	0.3841399454812383	0.4649958667241935
0.15080055139466264	0.3798472121275678	0.4693522364777697
0.15400472646717336	0.3839025069618672	0.46209276657095955
0.14798010559209562	0.38356295304861515	0.4684569413592893
0.15338148912272082	0.3803612127335987	0.4662572981436806
0.14924710305025446	0.3830407817679988	0.4677121151817469
0.1532215389534476	0.3815252206807419	0.46525324036581067
0.14792225690089322	0.3818890560139556	0.47018868708515127
0.15177619038704931	0.38297649566900727	0.46524731394394353
0.1475455651601857	0.3831350718756695	0.46931936296414495
0.1518489266277136	0.3849901566808195	0.46316091669146703
0.1544371830097464	0.38394805559570266	0.46161476139455104
0.14863415546534614	0.3813984984314987	0.4699673461031553
0.15299680036209853	0.3823290802010045	0.46467411943689707
0.14822190881982217	0.38544178434458143	0.46633630683559646
0.14962509163913065	0.38546948760136923	0.46490542075950025
0.14862520557046005	0.3815027554759186	0.4698720389536215
0.1485599527913543	0.3816415537250989	0.4697984934835469
0.15236013655647151	0.3797858396267036	0.46785402381682495
0.148544465315936	0.384755118881644	0.46670041580242017
0.15239723202318503	0.38429330245383625	0.4633094655229788
0.15049986163295143	0.383040537163812	0.4664596012032367
0.15122674540029576	0.3819783497963428	0.46679490480336155
0.1505028877427571	0.3858663378383734	0.46363077441886963
0.1498691919282785	0.3826198553637052	0.4675109527080164
0.15215164121258604	0.38130983066819324	0.4665385281192208
0.15156349820286402	0.3851556907977045	0.4632808109994315
0.15069684691406177	0.3853559246929282	0.4639472283930102
0.14809282754237463	0.3866079968395642	0.46529917561806133
0.15048166220556727	0.385348781093294	0.4641695567011388
0.1532472541475065	0.3805919852426227	0.4661607606098709
0.1488601075908013	0.3819584770378021	0.4691814153713967
0.1516613561537261	0.38622533246362895	0.4621133113826451
0.15340658433596494	0.380931239749711	0.4656621759143242
0.1533945800003686	0.37995938359901127	0.4666460364006203
0.1485287728784212	0.38099038960150855	0.4704808375200704
0.1484971351483475	0.38514665122842595	0.46635621362322666
0.15306993200723862	0.38163085061829205	0.46529921737446944
0.15073261901083992	0.3798178614272286	0.4694495195619316
0.15167322396299002	0.3807593627993796	0.4675674132376305
0.1540301230625135	0.3812641592696705	0.4647057176678161
0.1503212449577258	0.3840080086046028	0.46567074643767153
0.15441531188893082	0.3832809647028983	0.46230372340817105
0.15299030768256983	0.38524917217184707	0.4617605201455832
0.15228934117852605	0.38233662634439225	0.4653740324770818
0.1531497994987019	0.38383094239360277	0.4630192581076955
0.14813666383005386	0.38019759624417226	0.471665739925774
0.15100884230036168	0.3859338433094487	0.46305731439018977
0.15059839899813546	0.38025088737760904	0.4691507136242556
0.15331888971707747	0.3811124675584387	0.46556864272448395
0.15202131385499187	0.38499182652197095	0.4629868596230373
0.15352823513884506	0.38418920470117474	0.4622825601599803
0.15054456548984654	0.3854050023023907	0.4640504322077628
0.1485259961449925	0.3864576526898039	0.4650163511652037
0.1478759718997713	0.3850317801435747	0.46709224795665416
0.1496427904092555	0.3819577592651943	0.46839945032555036
0.14898595474632043	0.3859491725238054	0.4650648727298743
0.15347760060513987	0.38097735544628925	0.465545043948571
0.1504741426220712	0.3812351489139121	0.4682907084640168
0.15022989511312973	0.38495550669987344	0.464814598186997
0.15131084532235128	0.3806046433225294	0.4680845113551194
0.14770400566002495	0.3820133126883183	0.4702826816516569
0.1512630118264579	0.38268599182976254	0.46605099634377967
0.15071354825300604	0.38546251917480273	0.46382393257219134
0.151841091812353	0.3856527486033977	0.46250615958424945
0.1526318276091153	0.379733393851178	0.4676347785397068
0.15028704048154337	0.38014476185627066	0.46956819766218616
0.15046176954837187	0.38274483342665916	0.4667933970249691
0.1497331589957684	0.37995363646308766	0.4703132045411441
0.15354174402649878	0.38031013803038854	0.46614811794311284
0.14915409684896497	0.38593877480945055	0.46490712834158465
0.14795181430168208	0.38085537160148203	0.471192814096836
0.14938788792695068	0.3812536410517024	0.46935847102134703
0.15077328238283105	0.381725927346628	0.46750079027054103
0.15346967747029266	0.3846639683550304	0.46186635417467703
0.15120442462739458	0.38353958307644087	0.46525599229616466
0.14977621645726064	0.3796278954181646	0.47059588812457487
0.15224950572360532	0.38146846148722396	0.4662820327891708
0.15043417050249913	0.3795454122574453	0.4700204172400557
0.1495133168459382	0.3837544732177951	0.46673220993626685
0.1496117704954404	0.3810900668361525	0.46929816266840724
0.14762454049471233	0.38514893476081463	0.4672265247444732
0.1535778501065603	0.38354765858590356	0.4628744913075362
0.1520356066811538	0.38620630878506146	0.46175808453378486
0.15159799238274868	0.38201346617281773	0.4663885414444337
0.1510900253995034	0.3851802939856589	0.4637296806148379
0.1524042037552261	0.3836911024351477	0.4639046938096263
0.14993118070082137	0.3797625417819667	0.47030627751721205
0.15420796949152205	0.3796774691261092	0.46611456138236884
0.15407812950550775	0.37987217664620765	0.46604969384828476
0.15132527685458508	0.3828592665881725	0.46581545655724255
0.15080644929963527	0.3795167655998579	0.469676785100507
0.1513183835301668	0.3836540684645596	0.4650275480052737
0.14865290451828855	0.37992622569821277	0.47142086978349884
0.14756138478925884	0.38619069322903926	0.46624792198170206
0.1533875331724383	0.38052761160135307	0.4660848552262088
0.15396384106231636	0.38292206554196245	0.4631140933957213
0.15006703046829917	0.38394082220951126	0.4659921473221897
0.14800910689411395	0.3827036038948517	0.4692872892110345
0.14932081919647244	0.3836405103524925	0.46703867045103514
0.15098474241349927	0.3863592376513675	0.4626560199351334
0.15188653686845974	0.38341974378077737	0.46469371935076303
0.14982842480385078	0.38266308356670053	0.46750849162944885
0.1507824997374972	0.3807545435609232	0.4684629567015797
0.14796991420376454	0.38263876614753634	0.4693913196486992
0.15049344223390998	0.38029868893103447	0.4692078688350557
0.1509725044451063	0.3854553071626585	0.46357218839223535
0.14807556754957402	0.38316443379208387	0.4687599986583423
0.15082260688844323	0.3814263068146859	0.467751086296871
0.15400558364851882	0.3804149026824818	0.4655795136689995
0.1486404724803207	0.3808032403052882	0.47055628721439113
0.149094934009629	0.38005147937848616	0.470853586611885
0.15228079434550407	0.3851236382765124	0.46259556737798363
0.1482074031466969	0.38524070271798605	0.46655189413531717
0.15027240168163813	0.3833147019577056	0.4664128963606564
0.14829284077588195	0.38469098677754493	0.46701617244657323
0.1482733584928127	0.3844670713509951	0.46725957015619235
0.1483542344930803	0.3807371252758173	0.4709086402311025
0.1487091189501456	0.38419035690934705	0.4671005241405075
0.1546373178410793	0.3811286086197572	0.46423407353916357
0.1515782094176319	0.38549236740929216	0.46292942317307606
0.14938221524176232	0.3841129792906756	0.4665048054675622
0.1523210158434257	0.382461389679821	0.4652175944767534
0.1525285671756922	0.3796468556242481	0.4678245772000598
0.1546184607186039	0.3834999225636708	0.4618816167177254
0.1523130539750166	0.3810479213976878	0.46663902462729573
0.1482209872632304	0.381144261311106	0.47063475142566374
0.15025805722640245	0.38377747338099855	0.46596446939259906
0.15418707718956676	0.3828042022240691	0.46300872058636433
0.15047180135562144	0.38466851914759315	0.4648596794967855
0.14861739293105194	0.38063033633465415	0.470752270734294
0.15321862203873532	0.3818602045497999	0.4649211734114649
0.14903864473626205	0.3855907003546869	0.46537065490905116
0.15314025235377227	0.3799365939477334	0.46692315369849446
0.15163549018097966	0.3844169703313815	0.4639475394876389
0.1508395944853692	0.38176191010418037	0.46739849541045053
0.1478548761178664	0.3813978635581638	0.47074726032396996
0.1486533576494487	0.3823619130791046	0.4689847292714468
0.15277643303891147	0.3797013796267878	0.46752218733430084
0.1515466323981225	0.37981371813724907	0.46863964946462855
0.1541323657930296	0.3807261215690776	0.46514151263789294
0.14773298356159992	0.3824005785712669	0.4698664378671333
0.14989527652783097	0.38155204518031055	0.4685526782918586
0.1496176131112268	0.3824746930889049	0.4679076937998684
0.14786896050404985	0.3863507101102985	0.4657803293856518
0.153807806590962	0.3834781843367525	0.4627140090722856
0.148291846170269	0.38579362154273855	0.4659145322869926
0.15098285889198299	0.3841858125083878	0.4648313285996294
0.15027523079517707	0.38244216140605913	0.46728260779876396
0.1525689615223455	0.38496050326223974	0.4624705352154148
0.1518441109238759	0.3863534601520777	0.46180242892404655
0.15227966277143667	0.38276360017243904	0.4649567370561244
0.15134019931913076	0.38155427542103415	0.4671055252598352
0.15293670285520847	0.3831855294340886	0.463877767710703
0.14972524440478396	0.38668206783536524	0.46359268775985096
0.14846922905639892	0.3808417934620897	0.4706889774815115
0.1498108506388258	0.3807803224802375	0.4694088268809368
0.1508592993882944	0.3867175737651164	0.4624231268465893
0.1497406022192499	0.3820990261150428	0.46816037166570745
0.15309224028354124	0.38146873065213716	0.46543902906432166
0.1506700526351138	0.38014127757659205	0.46918866978829427
0.14867304953268212	0.3836705090978925	0.46765644136942547
0.15029457560385304	0.3795724120043742	0.47013301239177285
0.14904201175459006	0.38411944745072246	0.46683854079468756
0.15064458734658703	0.3825990554520442	0.4667563572013689
0.14953946905834284	0.3816804159078193	0.468780115033838
0.1545236974188431	0.38026365765773334	0.4652126449234237
0.14771850593774266	0.38348785871164776	0.4687936353506097
0.14941263475229138	0.38258482024455176	0.46800254500315697
0.15377276729461245	0.382058395439691	0.4641688372656967
0.14918614279305797	0.38507101591071824	0.4657428412962239
0.15131921517182767	0.38430198033728985	0.4643788044908826
0.15104767193977173	0.3866760042560287	0.4622763238041997
0.15244296195862814	0.3843556363240678	0.4632014017173042
0.1520088609759651	0.38290074469884405	0.46509039432519095
0.14897230139662004	0.38470513457032435	0.4663225640330557
0.1496112970058423	0.38633745122927654	0.46405125176488127
0.14973724310989242	0.38220381325085323	0.4680589436392545
0.14910987369012782	0.38286810931348497	0.46802201699638735
0.14788489426558055	0.38097823800408365	0.4711368677303359
0.1526896193934042	0.38309056876102277	0.46421981184557315
0.15008165795264428	0.3831389591628495	0.4667793828845064
0.14795152998032973	0.38650981435723136	0.46553865566243907
0.15177699661144917	0.38159458172838195	0.46662842166016893
0.15406383653632072	0.3821122744031931	0.46382388906048627
0.15135922840330354	0.3833314029583864	0.4653093686383102
0.1519358214224099	0.38066989139994334	0.4673942871776469
0.1493038259120792	0.38466054325622917	0.46603563083169175
0.15149506306563465	0.38123353759984924	0.4672713993345162
0.14904345288930082	0.3862872582002229	0.4646692889104763
0.1538117722091411	0.381884092551977	0.46430413523888203
0.15126704493593374	0.38232824986392755	0.4664047052001389
0.1486104392396838	0.38078997210009197	0.47059958866022433
0.15056443030515804	0.380167030966948	0.4692685387278941
0.14883826068903	0.3835787352333825	0.4675830040775876
0.15195608821721257	0.3815263784867075	0.46651753329608003
0.15469189332421474	0.38035508554416103	0.46495302113162434
0.15182661562925026	0.3833441887708852	0.46482919559986463
0.1507588157303044	0.3815162606996953	0.4677249235700004
0.14897973743843798	0.38239241476820873	0.46862784779335337
0.14780756365536146	0.3848965495338547	0.46729588681078393
0.1494296763399977	0.3834823686333865	0.46708795502661593
0.1507864143243693	0.3810149406442853	0.4681986450313455
0.14980840929573996	0.38072457676431315	0.469467013939947
0.14929238447068371	0.3862362845871787	0.4644713309421377
0.15438482215232807	0.38054783465829317	0.46506734318937887
0.15172573218353086	0.3845546684281765	0.46371959938829277
0.14968828316471117	0.3840434951889511	0.46626822164633785
0.14865019342600772	0.38508530647213207	0.4662645001018604
0.1501648579614403	0.3865576729741342	0.46327746906442563
0.15394252737971167	0.3824676083666996	0.46358986425358883
0.15214397252315034	0.3819380153919456	0.46591801208490413
0.1485273223989251	0.38501666367557913	0.4664560139254959
0.14821929165114114	0.3820718290790569	0.4697088792698021
0.15445628315209448	0.38366040746866376	0.4618833093792419
0.15348246109075725	0.3843728287578436	0.4621447101513992
0.1515245290903938	0.38110528171672425	0.4673701891928821
0.15020843897974984	0.3841654877122747	0.46562607330797556
0.15334145588283804	0.382859911990959	0.4637986321262031
0.14888267044641532	0.3822035196332312	0.46891380992035364
0.1494525635282219	0.38197875520161007	0.46856868127016815
0.14867083804580086	0.38608025990973033	0.4652489020444689
0.1491579931198963	0.38276338751282973	0.4680786193672741
0.15368157696999482	0.3835940223148479	0.4627244007151574
0.15011494219301763	0.3828583255085188	0.4670267322984637
0.1539113325805594	0.3834035342845833	0.4626851331348574
0.1546471995284096	0.38193792999188586	0.46341487047970464
0.1533027700681136	0.3847728702151629	0.4619243597167237
0.1513221458638464	0.38403761853648577	0.46464023559966794
0.15061236034461561	0.3820526356750256	0.4673350039803589
0.14940134731533167	0.3821605087028549	0.46843814398181355
0.14922168407715583	0.3805253914110007	0.47025292451184353
0.1534266255887093	0.3841970982450478	0.46237627616624305
0.15203173637118605	0.38119991346302295	0.4667683501657911
0.14825338740583038	0.3840552678326343	0.4676913447615355
0.14887016513118415	0.3862536587048139	0.4648761761640021
0.15329242879701915	0.38089771043381115	0.4658098607691698
0.15249806556456474	0.3839727785996441	0.46352915583579124
0.154155151674448	0.38048157880060585	0.4653632695249462
0.14904006076734433	0.38438195876918935	0.46657798046346644
0.1484075629087432	0.3836487419998538	0.4679436950914031
0.15113265547051874	0.38157435732607253	0.46729298720340884
0.149480478774643	0.3862931718513919	0.46422634937396523
0.14811740918345606	0.3840806927915313	0.4678018980250127
0.1527023303049554	0.3849274116091248	0.4623702580859199
0.15313279179571287	0.38490002089738196	0.4619671873069053
0.1497367870582667	0.38629212315454686	0.4639710897871866
0.14998729054886184	0.3820349481773568	0.46797776127378155
0.1507216909150661	0.3838010712456817	0.4654772378392524
0.1489199708693586	0.3840828077333902	0.46699722139725136
0.14778956874154436	0.3826430947968853	0.46956733646157045
0.1477644278224485	0.38217655964267117	0.47005901253488047
0.15252490892710197	0.3838335687699208	0.46364152230297734
0.15378191533843028	0.381792791281143	0.4644252933804268
0.1507216865444218	0.38629819091244577	0.46298012254313253
0.14803069022183835	0.38323488968214436	0.4687344200960174
0.15207738125793357	0.3852854941817234	0.4626371245603431
0.15040778691297008	0.3843058985069036	0.4652863145801264
0.1509514722266166	0.3863033882744818	0.4627451394989017
0.14973490034299908	0.384268044082347	0.4659970555746541
0.14876575081776056	0.380475833695159	0.47075841548708053
0.15132044465260686	0.38415863818047746	0.4645209171669158
0.15128081231320548	0.3834898109812441	0.4652293767055506
0.14917492998602844	0.3836509638057374	0.4671741062082343
0.15448678010239603	0.38149623397325894	0.46401698592434515
0.14986115046772053	0.3799959112865323	0.47014293824574727
0.15163811080501452	0.38477889411981386	0.46358299507517176
0.1505073679919417	0.3806223992480551	0.46887023276000334
0.14818491140892043	0.3851229674813131	0.46669212110976666
0.15153240032455584	0.3798313529791522	0.46863624669629206
0.15222572896844927	0.3845568803476781	0.46321739068387274
0.14920382826630602	0.38660463324291705	0.4641915384907771
0.1521252987092993	0.38525735465141936	0.46261734663928145
0.14812728412333157	0.38564652622296897	0.4662261896536996
0.15307420096306018	0.3850624592108114	0.4618633398261286
0.15397007955925424	0.38357529654393757	0.46245462389680825
0.1508582254087405	0.38494301263638764	0.464198761954872
0.1545495486847509	0.3809426303664683	0.46450782094878096
0.15053831916824584	0.38451787594683645	0.4649438048849179
0.15075096074208438	0.3861100789797838	0.46313896027813195
0.15010803032640302	0.38604617953753373	0.4638457901360634
0.15158186745018296	0.383441543713807	0.4649765888360102
0.15224895434602853	0.38361195346447124	0.46413909218950034
0.1475811519319708	0.38236447610831187	0.47005437195971744
0.15160571838091363	0.3865069740390583	0.46188730758002816
0.1512598729789005	0.3833925941993391	0.46534753282176056
0.15341061689181462	0.37973654940900087	0.4668528336991846
0.1481355893272738	0.38119763697855313	0.4706667736941732
0.15190993304578837	0.38218746610325705	0.4659026008509547
0.15355634357427456	0.3843792139183652	0.46206444250736034
0.1522719627621784	0.38541283084392486	0.4623152063938969
0.14976752104720026	0.3827277000845983	0.46750477886820163
0.1516470761909043	0.38013452518741914	0.46821839862167663
0.14780007103033052	0.3836557342059173	0.4685441947637523
0.15222774102303896	0.3835855897390219	0.4641866692379392
0.14920034398089665	0.386658540876029	0.46414111514307443
0.1495938486835743	0.38283999680446773	0.4675661545119581
0.15026859980188523	0.38056903290583577	0.4691623672922791
0.1499834471207443	0.3813189146338388	0.468697638245417
0.1490834390775519	0.3810010050142992	0.46991555590814904
0.14793459500262796	0.38422886498272013	0.467836540014652
0.1477838699228356	0.38238886678152545	0.46982726329563906
0.15361181121229978	0.3811727430431552	0.4652154457445452
0.15464063656596036	0.3835966721050865	0.46176269132895326
0.1523525534207531	0.38044153713007745	0.4672059094491696
0.1493799003110688	0.38489443090635234	0.4657256687825789
0.15035872199801215	0.3796851344965936	0.4699561435053944
0.1491349734066899	0.3816532467357573	0.46921177985755297
0.15217378328035008	0.3799138085009876	0.4679124082186624
0.1504982304222721	0.38470404868580654	0.4647977208919215
0.15024951251715288	0.38561284682224073	0.46413764066060653
0.1482286059235718	0.38163060916004193	0.47014078491638644
0.15378630593293346	0.3840247577077937	0.46218893635927294
0.1547245773355707	0.3832177373044751	0.4620576853599543
0.15045920618775818	0.38428427306495344	0.4652565207472885
0.14925994437122064	0.38481073615646233	0.46592931947231714
0.15092078003415063	0.38071607996683005	0.46836313999901946
0.14845802401365368	0.3823742310799101	0.4691677449064363
0.15028080862461585	0.37987071257818456	0.4698484787971997
0.1491357040061047	0.3796145840423913	0.4712497119515041
0.14840671629443003	0.3814618342413525	0.4701314494642176
0.15041500534936025	0.3802798983233684	0.46930509632727146
0.14850276865294026	0.38482863241002585	0.46666859893703394
0.14934067112399024	0.38635056210572494	0.46430876677028493
0.15257224239867076	0.3804305618738903	0.4669971957274391
0.15258818405315205	0.38140244898572767	0.4660093669611204
0.15240813980332435	0.3814163310442539	0.4661755291524219
0.15024571512004167	0.383973325594848	0.4657809592851105
0.14887463808044502	0.379837002916363	0.4712883590031921
0.15406833451971105	0.38413476152211085	0.4617969039581782
0.14857445473451564	0.3859417443787682	0.46548380088671626
0.14852553342691308	0.3839468224065481	0.46752764416653897
0.1528413597941372	0.38192546320155313	0.4652331770043098
0.1538814049154673	0.38274918455253365	0.46336941053199915
0.14916191457026426	0.38081786417603913	0.47002022125369675
0.15397611638599762	0.3834188963573156	0.4626049872566869
0.14827041248418132	0.3823815881993188	0.46934799931650006
0.15074307955683458	0.3811635157638172	0.46809340467934835
0.15354308538153041	0.3823647705813489	0.46409214403712085
0.1502616922814347	0.3845162498534668	0.4652220578650986
0.1540855592605084	0.3824208976733659	0.46349354306612583
0.149897365836208	0.3838132915496245	0.46628934261416766
0.15284205758913755	0.3852388660778593	0.46191907633300333
0.14855962911675946	0.3819745714742937	0.46946579940894695
0.1531298774658596	0.3803176381012356	0.4665524844329049
0.1515545941682506	0.38411017160525474	0.46433523422649475
0.15077768440713185	0.3823566500636767	0.4668656655291916
0.14876245269661192	0.38161963785834574	0.46961790944504245
0.14767234220416062	0.38584183568748565	0.4664858221083539
0.15065379571254012	0.3849713534288306	0.4643748508586294
0.15053523188159362	0.3865431892241444	0.4629215788942621
0.15233117866768953	0.38602669907044557	0.461642122261865
0.1489822437462203	0.3857615248896044	0.4652562313641754
0.15020074183589924	0.3861044725368862	0.4636947856272147
0.15331790784436866	0.3842100920867585	0.46247200006887296
0.15343084319959166	0.3822671482206553	0.46430200857975323
0.153369025142912	0.37991518729355694	0.46671578756353116
0.15086030679261508	0.383063388410426	0.46607630479695905
0.15192246312634944	0.38366040437430804	0.4644171324993427
0.15123930861364537	0.3794993713791994	0.4692613200071553
0.14989325679537643	0.3840355959805305	0.46607114722409315
0.14772782048724348	0.38529804961145575	0.46697412990130094
0.1516881187321359	0.3854209199758252	0.462890961292039
0.1486049654691577	0.38470393272497094	0.4666911018058715
0.14954580425059733	0.38110905163377606	0.46934514411562667
0.15313684832016755	0.38142640139797407	0.4654367502818585
0.15360264047080704	0.380246792073212	0.46615056745598105
0.14865795945052462	0.3856745083953539	0.4656675321541216
0.15050185047237263	0.3832285808030336	0.46626956872459385
0.1498531804977963	0.3860746720917447	0.4640721474104591
0.14889000115085455	0.3860221271925903	0.4650878716565553
0.15071929714140977	0.38187830409103174	0.4674023987675586
0.14902743080119302	0.3840516967885335	0.4669208724102736
0.1518052423339427	0.38662783215789664	0.4615669255081607
0.15397865858388377	0.38252845608779423	0.4634928853283221
0.14929093106344643	0.3806366931136798	0.4700723758228739
0.14879919491746157	0.3833487483463231	0.46785205673621544
0.14847710057575902	0.38636161765996513	0.46516128176427596
0.1506832910009524	0.384348402484779	0.4649683065142688
0.14998524831018328	0.38407677630349246	0.46593797538632437
0.15304278964378293	0.3834921508097268	0.46346505954649037
0.15259649451766188	0.3799617629777271	0.4674417425046111
0.15365168641355828	0.38395941718978427	0.4623888963966576
0.14784915319688258	0.3801874743880288	0.47196337241508873
0.1476363623152696	0.38133581987989207	0.4710278178048385
0.15458827682125692	0.38235228087733636	0.46305944230140683
0.15073914321266513	0.3797114538690987	0.46954940291823627
0.1501852760576432	0.3858488913908603	0.4639658325514966
0.15113948639537336	0.38655934225852817	0.4623011713460986
0.14983675253533735	0.38379436905016356	0.46636887841449925
0.14850864944863956	0.386544512876094	0.46494683767526657
0.15078845790846993	0.3863589953617096	0.46285254672982057
0.15067217716359518	0.3846271854558053	0.46470063738059963
0.1520567774923387	0.38501620829944805	0.46292701420821336
0.15075417480468772	0.3860517402031707	0.4631940849921417
0.14972018815548943	0.3839301336937418	0.4663496781507689
0.14901302289518115	0.38282621944844314	0.4681607576563759
0.15066262271978773	0.38565603398704024	0.4636813432931722
0.14844336161022653	0.3807288968536223	0.47082774153615126
0.14901965026184166	0.38118390835028143	0.469796441387877
0.1480737065860967	0.38525127063075004	0.4666750227831533
0.15307576349901492	0.3828748030188204	0.4640494334821648
0.1484503739371465	0.381152851868082	0.47039677419477166
0.14844629962506423	0.38316282133460355	0.4683908790403323
0.15330682029848297	0.37995272498668287	0.4667404547148343
0.14778426266684208	0.3848043316870262	0.4674114056461319
0.15191045155120014	0.382922938691335	0.46516660975746504
0.15207166645487952	0.38531341215792964	0.46261492138719096
0.14867822778244272	0.3805319212088788	0.47078985100867865
0.15236111925010962	0.3837504917446893	0.46388838900520124
0.14796490653087885	0.38131865515944974	0.4707164383096716
0.15118667647298772	0.3826840292716319	0.46612929425538047
0.15285468611113223	0.38263085930897345	0.4645144545798945
0.1536917666718968	0.37968594037864034	0.466622292949463
0.15007222099665565	0.38637607722940936	0.4635517017739351
0.1508296557601408	0.38583072633505966	0.4633396179047997
0.1507235605810534	0.3830209441620591	0.4662554952568876
0.15325948348072296	0.38161204815932076	0.46512846835995636
0.14960893345787868	0.38556505665471186	0.46482600988740963
0.1497428028786772	0.386139648039885	0.464117549081438
0.1536061167020505	0.38280349511554945	0.46359038818240017
0.14957219404233912	0.3861497618045132	0.4642780441531478
0.15179269243773508	0.38505348584432797	0.46315382171793706
0.14770165236585753	0.3808887689444789	0.4714095786896637
0.14777841812478557	0.3855240172826808	0.46669756459253375
0.15109731655525177	0.383872112274458	0.46503057117029034
0.14953724290052148	0.38390401393084855	0.4665587431686301
0.15025143379234343	0.3827722263689423	0.4669763398387144
0.15120582344680183	0.3857586283232563	0.463035548229942
0.1487311768651538	0.38329241627483274	0.4679764068600135
0.15116929205866553	0.38269265018685156	0.466138057754483
0.15379283261780446	0.38051370960917513	0.4656934577730205
0.15035234270377107	0.3866391239625443	0.46300853333368475
0.14974300206467167	0.3799094240431289	0.47034757389219956
0.15149606112514646	0.38578490112048186	0.4627190377543718
0.14830018474708823	0.38353147322671544	0.46816834202619645
0.15109786520180885	0.38533038188147617	0.4635717529167151
0.15120569611853638	0.38174785964902774	0.467046444232436
0.1509484340946553	0.3837825799442232	0.4652689859611216
0.15424210818590495	0.3838155665453891	0.46194232526870604
0.147838365567228	0.38266167689865527	0.4694999575341169
0.15367581256474488	0.3807240439705938	0.4656001434646615
