0.36251737604854445	0.40576281813167625	0.2317198058197794
0.3585608608044762	0.4031805677373187	0.23825857145820523
0.3533276400946839	0.40278077884628893	0.24389158105902722
0.3568466233922719	0.40844738669031555	0.23470598991741268
0.36471141230352827	0.4009200502240355	0.23436853747243636
0.36047968839016087	0.39973243596234515	0.2397878756474941
0.3609879805565314	0.40739761239810224	0.23161440704536645
0.3487140589964416	0.40425812270643197	0.24702781829712658
0.353609124023262	0.4021205806905981	0.24427029528614003
0.35766714438518965	0.4007281861418118	0.24160466947299858
0.36352336651329736	0.3983583883793602	0.23811824510734253
0.3579725526008434	0.40150083430791816	0.2405266130912386
0.349429315687771	0.40897518888366025	0.24159549542856884
0.36567910952014415	0.4010418075208886	0.23327908295896735
0.3644890780087168	0.4048937748737069	0.23061714711757636
0.3618285567664745	0.4058853278078898	0.23228611542563582
0.3527887655293021	0.40435959070087835	0.2428516437698197
0.35952003355131207	0.40217831796984616	0.23830164847884194
0.34898429775966655	0.40742618182779233	0.24358952041254123
0.35448951453128513	0.40677775691311513	0.2387327285555998
0.3605482488943528	0.4081522139606536	0.23129953714499368
0.3485925952810113	0.40399323775148516	0.24741416696750365
0.3515470499596094	0.3991110903544903	0.24934185968590034
0.3631832652530526	0.4023091856544422	0.2345075490925053
0.34828203172683214	0.4094228835254947	0.24229508474767325
0.35373169525606385	0.4077680925353768	0.23850021220855938
0.3567426400428797	0.4079813703761119	0.23527598958100854
0.35713490350519966	0.40996788630802733	0.2328972101867731
0.3565822420983113	0.41083835400323737	0.23257940389845144
0.35848130820066015	0.4082990859558089	0.23321960584353107
0.36170390282685383	0.40592587999003144	0.23237021718311485
0.35829968125180334	0.4090443881480784	0.23265593060011833
0.35598786188257053	0.4100833848229538	0.23392875329447577
0.35156556199547156	0.3992750026356533	0.24915943536887525
0.3555674783321053	0.4096639256717871	0.23476859599610778
0.36182417078731716	0.4003801120748576	0.23779571713782532
0.354539002223139	0.4079343180961827	0.23752667968067842
0.35295579034249036	0.40581144060091767	0.24123276905659208
0.36677421964929835	0.4000597411093789	0.2331660392413228
0.3611571804107353	0.3999502242154067	0.2388925953738581
0.3527956627136872	0.4105252663194678	0.23667907096684515
0.3596923708096842	0.4019386393290144	0.23836898986130153
0.3551007478123437	0.4036886895091617	0.24121056267849467
0.35009529723301896	0.40189697221503395	0.2480077305519472
0.35864631732749935	0.4110041725434703	0.23034951012903043
0.3623157649996146	0.404136994264599	0.23354724073578653
0.3553560833922462	0.3986232210014627	0.2460206956062912
0.35140959216581136	0.41116097964135323	0.23742942819283558
0.3563461906612817	0.4068985284081591	0.23675528093055934
0.35558918600680034	0.40387995267806925	0.24053086131513052
0.35172317304701617	0.40818032675476434	0.2400965001982196
0.35162268361378407	0.4032405774749738	0.2451367389112422
0.35696727845319526	0.4106123442142626	0.2324203773325422
0.3600084627353951	0.4019400389155051	0.23805149834909992
0.35706923444601896	0.4103545175455384	0.2325762480084427
0.3588394320605472	0.4086633202465264	0.23249724769292646
0.3499564705237161	0.40217087342113306	0.24787265605515096
0.3605180747526868	0.40681074820034296	0.23267117704697032
0.35197056025367035	0.4106747695668185	0.23735467017951123
0.34955196582526155	0.40625792666922783	0.24419010750551073
0.3528154124385785	0.3979434515345708	0.24924113602685086
0.3583723973846216	0.4019992051263477	0.23962839748903086
0.34835089106971406	0.4107874706230237	0.2408616383072624
0.35349597706727054	0.4107805210346874	0.2357235018980422
0.35461475417453925	0.4057810827947206	0.23960416303074028
0.3654673556805246	0.4037666837841843	0.23076596053529125
0.36114155832803363	0.40097571449744507	0.2378827271745214
0.3559231207891919	0.3999289521980057	0.24414792701280247
0.35108049681151876	0.4042424144414535	0.24467708874702787
0.360283084729065	0.4015654993806598	0.23815141589027533
0.35544705483777256	0.409974181745204	0.23457876341702358
0.35214994999948324	0.4099459725809923	0.23790407741952457
0.35841805368602175	0.3977038274976754	0.24387811881630295
0.35727622233552775	0.4098416171814305	0.2328821604830419
0.34872694716760966	0.4056107634864412	0.2456622893459492
0.35057480278097264	0.40960445458312056	0.2398207426359069
0.36124365102750566	0.4054734565220307	0.23328289245046374
0.36549678836386373	0.40061374747407963	0.23388946416205672
0.36170584291970526	0.40637521129647824	0.23191894578381664
0.3522315270801462	0.39790601422679267	0.24986245869306123
0.3537129129155903	0.40057987559239416	0.2457072114920156
0.3496638839747063	0.40310916971012833	0.24722694631516548
0.35160504179712965	0.41032899625416086	0.2380659619487096
0.36197506436313664	0.40172874433886196	0.2362961912980015
0.34926229407198894	0.4095301138268461	0.24120759210116505
0.357675952953332	0.40968475384734215	0.23263929319932594
0.3609130852272652	0.3972929747200402	0.24179394005269475
0.3618443486884127	0.40707702801250023	0.23107862329908718
0.35235470258489465	0.4050565580765906	0.24258873933851488
0.35284728326674986	0.40287137408785906	0.24428134264539117
0.3503527519671689	0.40249269316184494	0.24715455487098625
0.3634680376002995	0.40495129680789765	0.23158066559180296
0.3548872340785739	0.40083004829471636	0.24428271762670983
0.35469664939542045	0.40716819940020765	0.23813515120437198
0.36079825598090426	0.4090285141999266	0.23017322981916927
0.35439908824113403	0.3996275816168171	0.24597333014204897
0.3520794573261492	0.3996632876417947	0.2482572550320562
0.3532584345284751	0.40959907474634966	0.23714249072517538
0.3486858418504447	0.4076182682725951	0.24369588987696028
0.35091563613798915	0.40549112879101856	0.2435932350709924
0.3509505482597952	0.4029713340534756	0.24607811768672927
0.3616625605815761	0.4066170741478563	0.2317203652705677
0.3566919631957043	0.40315532442598234	0.24015271237831343
0.3541008502679631	0.40882906691542614	0.23707008281661085
0.35220098110125686	0.4022933733077098	0.24550564559103344
0.3492318384359578	0.4010872076102484	0.24968095395379392
0.35765478476828316	0.40099061999363755	0.2413545952380794
0.35242462192082236	0.3983795909973358	0.24919578708184198
0.36150877267515147	0.40103107716222747	0.2374601501626212
0.366787311715268	0.4029869049461791	0.23022578333855298
0.3533629648931236	0.40872142751739216	0.23791560758948438
0.35468176489195014	0.40420793363274093	0.24111030147530904
0.35312457970145206	0.39976416226342615	0.24711125803512196
0.354567893369892	0.40348680482040084	0.24194530180970733
0.35137429304782075	0.4095916714599599	0.23903403549221952
0.3560598768740118	0.4016257300914012	0.24231439303458718
0.34934367940997146	0.4091050279839036	0.24155129260612507
0.35578315448618014	0.40513395397406654	0.23908289153975343
0.3581899437611882	0.41041005284589704	0.2314000033929149
0.35696414765685114	0.40569540625643846	0.2373404460867105
0.36580035010737	0.3983489238459358	0.23585072604669433
0.3660576428448731	0.4013235528716186	0.2326188042835085
0.36682792529739094	0.3986396213817643	0.23453245332084488
0.35699056814007923	0.4071798585901209	0.23582957326979997
0.36068491045060447	0.40644344260682286	0.23287164694257279
0.3659867144186597	0.40172806836770736	0.23228521721363307
0.36053283189994023	0.3981872611551658	0.2412799069448941
0.34991269764486205	0.4051464698138767	0.24494083254126134
0.3615935234376317	0.4017492225170118	0.23665725404535665
0.35608393624001344	0.39867750846716177	0.24523855529282487
0.3491427800251761	0.4056528855860322	0.2452043343887918
0.3573801572227905	0.4066922656371973	0.23592757714001233
0.361337872092396	0.4003852470366019	0.2382768808710022
0.35572648638207544	0.40166183538982947	0.2426116782280952
0.3548597955292668	0.4112579213973302	0.23388228307340317
0.3648892462264698	0.4009722782450702	0.2341384755284601
0.35225475214102014	0.41059238124448116	0.2371528666144988
0.35687895619928395	0.4025900721177097	0.24053097168300647
0.3619772014288778	0.40585256737513703	0.2321702311959853
0.3562221285191937	0.39815638071373105	0.24562149076707537
0.35411528969613076	0.4002727154321993	0.24561199487167007
0.3598666768497342	0.4002389474183295	0.2398943757319364
0.3605815422190687	0.40548104735274926	0.2339374104281822
0.3666294139806239	0.3993196378661031	0.23405094815327315
0.35022448629092795	0.40576145033934186	0.2440140633697303
0.3599220981411664	0.4057552827280325	0.23432261913080127
0.3617617859053048	0.40028040902644857	0.23795780506824674
0.3614366230099933	0.3984408553579007	0.24012252163210612
0.3618959365472376	0.40325712238592676	0.2348469410668358
0.35453983993445193	0.4026562095350154	0.2428039505305328
0.3568836570887899	0.4106100173313667	0.23250632557984352
0.35220140849954606	0.40811061781363106	0.23968797368682296
0.35076180777021815	0.4059179653739826	0.24332022685579935
0.3496128656985288	0.4019767689613696	0.24841036534010175
0.35104518022433073	0.4093508737535233	0.23960394602214602
0.3621452540305048	0.40079756386591003	0.23705718210358528
0.3620337633575522	0.3978413678064849	0.240124868835963
0.3615565341531053	0.40380104221821816	0.23464242362867666
0.3544499731884464	0.4066188253271194	0.23893120148443425
0.35708157362354687	0.4000111280123539	0.24290729836409936
0.3516961535159724	0.3983269651412556	0.24997688134277213
0.3567534640469894	0.4034779795395067	0.23976855641350409
0.36625296312921274	0.40192852599068507	0.2318185108801023
0.35273525796477967	0.39920753169439727	0.24805721034082318
0.3644275361466681	0.4028720505643914	0.23270041328894056
0.3492369928866694	0.4051913995395422	0.24557160757378854
0.35053297689261215	0.40080187019974645	0.24866515290764152
0.3526260601292145	0.3987971274562521	0.24857681241453353
0.3506847642284492	0.4066683374971798	0.24264689827437114
0.3655883447339343	0.4005975088093914	0.23381414645667442
0.3564515406265109	0.39845535944947236	0.24509309992401684
0.3606376143376303	0.4038455185405473	0.23551686712182252
0.3512421650354876	0.40567096743988884	0.2430868675246237
0.35742549157574627	0.4029117537169019	0.23966275470735188
0.3657034223897436	0.40403969755014013	0.23025688006011633
0.35633623251614943	0.3974185660694879	0.2462452014143628
0.35517314126337973	0.4083179175488345	0.2365089411877859
0.3543007481730309	0.4003720087044989	0.24532724312247028
0.3651511941087517	0.40296276784385576	0.23188603804739266
0.35604979223013605	0.40030530422864463	0.24364490354121948
0.36056100986451317	0.40231623708894204	0.2371227530465449
0.3593404812890637	0.40644441338360254	0.23421510532733386
0.36141356648814826	0.40431957825455245	0.23426685525729943
0.34854439146082616	0.40965333411840077	0.24180227442077312
0.36361245687078986	0.3985977657085269	0.23778977742068336
0.3640548254237313	0.4038575994177529	0.2320875751585159
0.350832461818054	0.40647818560263455	0.24268935257931157
0.3513647733266951	0.4032546953077558	0.24538053136554916
0.3511677023898301	0.4004179828501442	0.2484143147600258
0.3591179111634461	0.4039845038521846	0.23689758498436939
0.3596921810200298	0.40188014703890235	0.23842767194106795
0.35614650839976497	0.40102202315505253	0.24283146844518258
0.35373778319095583	0.4057417828726513	0.24052043393639302
0.35299356108042973	0.4024096486477381	0.24459679027183234
0.36062463246607385	0.40571792267787343	0.23365744485605283
0.35554424253112826	0.3995160599477827	0.24493969752108913
0.3490122468031831	0.4028351299893704	0.24815262320744663
0.3547232957507614	0.40309736583063	0.24217933841860873
0.3569748582908966	0.4065119400006637	0.2365132017084398
0.34811617429992747	0.40217682761281526	0.24970699808725738
0.3607661407188747	0.4020700975654433	0.2371637617156821
0.3580727789563281	0.40831913266552533	0.23360808837814664
0.3538478896219798	0.4088100005401044	0.23734210983791587
0.36067018494860986	0.4060056690875011	0.23332414596388915
0.3553350858987299	0.4023258676094823	0.24233904649178795
0.36113410383158495	0.4021957940268679	0.23667010214154727
0.3633745114860465	0.4015469430285786	0.2350785454853751
0.3532457084537745	0.4062306085962274	0.2405236829499982
0.360546542365248	0.40251534935862643	0.23693810827612566
0.3560402225967521	0.40740533819460945	0.23655443920863858
0.3589574590435837	0.40651963474979913	0.2345229062066172
0.35689316683450006	0.4002987952610506	0.24280803790444944
0.3557082272987022	0.39898905043673627	0.24530272226456157
0.3525252847925769	0.40216437373731406	0.2453103414701091
0.35400520262401486	0.4039031156152827	0.24209168176070256
0.3495324143295196	0.40840342267070884	0.24206416299977174
0.3514087930006596	0.40773410998957954	0.240857097009761
0.3600852775326896	0.40824480881449965	0.23166991365281087
0.35693620357050015	0.3978555510951022	0.24520824533439772
0.3628026611262498	0.4048927498380961	0.23230458903565426
0.35745830557346603	0.4033850614188493	0.2391566330076848
0.3534891281178063	0.40287820015005127	0.24363267173214254
0.35318941360849565	0.3998448456951591	0.24696574069634536
0.3539267747110295	0.4085494755135391	0.2375237497754315
0.3605592914906743	0.4000661786540038	0.23937452985532204
0.361527329839464	0.3993739289776876	0.23909874118284855
0.356411175767269	0.39962817922389915	0.24396064500883194
0.36190563332344405	0.40183541942205103	0.236258947254505
0.35674299995326125	0.3985942591995479	0.24466274084719097
0.36190910930764114	0.40537221696489745	0.23271867372746155
0.35858374071156124	0.39990890480158503	0.24150735448685384
0.35968884966285153	0.40629452043296194	0.23401662990418662
0.35291946788069795	0.4037461849812604	0.24333434713804175
0.3534903619206806	0.3978172144441213	0.24869242363519817
0.3614024216470909	0.40216774095898866	0.23642983739392054
0.36048396352650075	0.4091546022685462	0.23036143420495314
0.3490040873136298	0.4080701355710694	0.2429257771153009
0.35370203355170005	0.406253970025907	0.24004399642239302
0.3632409812634945	0.4029767882638869	0.2337822304726187
0.35989359365991436	0.39977281175436397	0.24033359458572173
0.34836695296182285	0.41018968588533933	0.24144336115283793
0.3588010659434297	0.4067575809203234	0.23444135313624703
0.36583973620986654	0.39790720936442625	0.23625305442570732
0.3648722832132116	0.4046292071840619	0.23049850960272664
0.362360157501122	0.3995476838055917	0.23809215869328643
0.3564800002589517	0.39777989886298326	0.24574010087806517
0.36012445918678393	0.4062712795084053	0.23360426130481085
0.3491967792940937	0.40646801373483826	0.24433520697106814
0.3551722909680635	0.4111694139607614	0.2336582950711752
0.36157701277933146	0.39935867563740607	0.23906431158326258
0.3600846133652329	0.40645400714457897	0.23346137949018825
0.3501794244550639	0.4106902766241209	0.23913029892081533
0.3548933116333734	0.41090129423515487	0.23420539413147184
0.35684872995887906	0.4097016128953874	0.23344965714573362
0.35389175750045404	0.40537881926759606	0.24072942323195
0.34832090209987276	0.4111464112650641	0.24053268663506325
0.3598382778045174	0.39729973027833493	0.24286199191714777
0.3579377177697409	0.4098595764926465	0.2322027057376127
0.3496047266862739	0.4069324396039472	0.243462833709779
0.36415436355589353	0.39992033200336036	0.23592530444074622
0.3514908084398016	0.4033290520531576	0.24518013950704085
0.34981320835370144	0.40613581300011464	0.24405097864618402
0.353338382548142	0.4048497185366652	0.24181189891519292
0.3531284366198968	0.4095193687937538	0.23735219458634954
0.3495815295797227	0.40789529283105463	0.24252317758922276
0.3507297882012439	0.4033502514150856	0.24591996038367056
0.3542127663843523	0.40464085650759385	0.24114637710805398
0.36434659942195835	0.39756932470560874	0.23808407587243302
0.3491477716809904	0.4073262496421808	0.24352597867682887
0.3669179101799225	0.3991763425573647	0.2339057472627129
0.3560525608410663	0.39772019150603205	0.24622724765290177
0.36362658908738127	0.4014456158904456	0.23492779502217326
0.3549741992179689	0.40523888455753226	0.23978691622449896
0.3570710437089704	0.40811973477652214	0.23480922151450756
0.36241412019605046	0.3985591634161191	0.23902671638783063
0.3504370779377465	0.40449038696579315	0.24507253509646051
0.3491866555012313	0.4084296107509952	0.2423837337477736
0.35650559321601544	0.40391759742402744	0.23957680935995726
0.34995967946444057	0.40285791207773314	0.2471824084578264
0.36049030379688357	0.40383904502638035	0.2356706511767362
0.3655357039517352	0.40314047026453154	0.23132382578373337
0.3552912865987806	0.4057089450751946	0.23899976832602485
0.36492388807471615	0.4030905015403974	0.2319856103848866
0.3520685371916976	0.40447730160773576	0.24345416120056673
0.35160009365269296	0.4002404012552317	0.24815950509207546
0.3514092440043708	0.41071191975307997	0.23787883624254935
0.35853363611041916	0.40874111531509516	0.2327252485744858
0.3622295330812415	0.40167319020874825	0.23609727671001038
0.36104595065628386	0.4083228375840425	0.23063121175967377
0.362239375775257	0.4012893018930774	0.23647132233166573
0.3568641567051619	0.39857597127343874	0.24455987202139942
0.3494329658917871	0.4037118985803621	0.24685513552785093
0.3571353926129644	0.40270148454215116	0.24016312284488456
0.3639234355476028	0.402526055981736	0.23355050847066128
0.3592870880375678	0.40745150251283957	0.23326140944959273
0.35461653559156847	0.41089195491355024	0.2344915094948814
0.35429478821952753	0.4098866321599174	0.2358185796205552
0.35687215821656526	0.4013677298650985	0.24176011191833635
0.34797866120945653	0.4095429235286263	0.24247841526191724
0.3569300977280122	0.41013629659830125	0.23293360567368665
0.34861725382364495	0.4076979927811868	0.2436847533951684
0.3527475247067154	0.40288028375293133	0.24437219154035342
0.3656288523873928	0.4014939610160174	0.2328771865965899
0.36083454650577573	0.40395965733278183	0.23520579616144255
0.3486802820755271	0.41018119393016833	0.2411385239943047
0.3598845086925393	0.4051335598226523	0.2349819314848085
0.3552070054341582	0.39789338808551344	0.24689960648032852
0.3596987565370287	0.4003541864201454	0.23994705704282593
0.3602157911218205	0.3998460778131537	0.2399381310650259
0.35589005488790726	0.40752206271642777	0.23658788239566514
0.3541786553270902	0.4082985411222979	0.23752280355061198
0.36144698967848454	0.40645246642034716	0.2321005439011684
0.3488364403749736	0.41012118647725854	0.241042373147768
0.35753196366155204	0.40181477395532506	0.24065326238312296
0.3669917700352293	0.3993483026228175	0.23365992734195332
0.3591800016472496	0.3992555881334042	0.24156441021934633
0.36127390840525675	0.39820751435683016	0.24051857723791317
0.35240698927061936	0.4000873777388846	0.24750563299049616
0.3624336777077697	0.39942872476834745	0.23813759752388303
0.3623170617069857	0.40389450779991437	0.23378843049310008
0.3510147441199638	0.4027862933642562	0.2461989625157801
0.3598774351622689	0.40776774147811296	0.23235482335961827
0.35760362885527064	0.4101482620785236	0.2322481090662059
0.3613220264074798	0.4047163131171603	0.23396166047536004
0.34944645057723017	0.40812115291366297	0.24243239650910697
0.3529853377411084	0.40736931773157564	0.23964534452731606
0.3631031374661512	0.40423942945777636	0.23265743307607256
0.35697620537789465	0.4062712027030049	0.23675259191910056
0.3521292367730532	0.3999257336648772	0.2479450295620697
0.352033646208946	0.407964252682656	0.2400021011083981
0.3629194085664365	0.40397232117077597	0.23310827026278758
0.35051606322712614	0.40837976302423906	0.24110417374863496
0.34987772972394376	0.4004239326255231	0.24969833765053318
0.3492253872678237	0.40598827690993294	0.24478633582224343
0.3571880054451236	0.4049007062468202	0.23791128830805636
0.3550899607481297	0.39768789310264296	0.24722214614922744
0.3502056749186127	0.4055026339450083	0.2442916911363791
0.3488875907490298	0.4098054210642005	0.24130698818676982
0.3601201054824691	0.4043662654371656	0.23551362908036544
0.3605265851903532	0.4016899299241155	0.23778348488553142
0.35911918735586884	0.40421780629404713	0.2366630063500842
0.35533787647169096	0.4094618817558382	0.23520024177247098
0.3606276597101218	0.4085780094416956	0.23079433084818274
0.35217263427989526	0.41081586876328546	0.23701149695681945
0.3602428060215973	0.40168462282499073	0.23807257115341204
0.35786370501654396	0.4104593878641609	0.23167690711929517
0.3562788449902617	0.4052130166570667	0.2385081383526717
0.35898996167720104	0.4026351947704043	0.23837484355239474
0.3591673989962557	0.41009401106454835	0.230738589939196
0.3626386614453393	0.4003099177774049	0.23705142077725594
0.36156810199044487	0.40051390181715696	0.2379179961923983
0.3557511115408952	0.4110226894480171	0.23322619901108782
0.3569967309829543	0.39849357419112436	0.24450969482592144
0.35163651176441046	0.4036970698816717	0.24466641835391795
0.366431749771857	0.4022917495166668	0.23127650071147637
0.3552803739767048	0.39905361436332576	0.24566601165996954
0.3609130750260522	0.40161398307909346	0.2374729418948544
0.36425616867931276	0.4013027085851898	0.23444112273549755
0.35108968327327333	0.40242421191058775	0.24648610481613903
0.3506148796471258	0.4075802622555129	0.24180485809736135
0.3528345719791625	0.40177515596067964	0.24539027206015795
0.3519144592982571	0.4048823931091039	0.2432031475926391
0.3636562478930008	0.40375806227492994	0.2325856898320694
0.3579536709884995	0.4013611259777824	0.24068520303371815
0.35291927284308455	0.4043334782757688	0.24274724888114674
0.35288225332420775	0.4028736296551445	0.2442441170206479
0.3560534488500118	0.4046334665737347	0.2393130845762536
0.3523209844222689	0.39803316514826814	0.24964585042946313
0.3621706576911901	0.40228179886104004	0.23554754344776996
0.35281056010931633	0.4100947637371014	0.23709467615358237
0.3564900088269054	0.40215138831539887	0.24135860285769586
0.3498714452507713	0.40849385338821564	0.24163470136101317
0.3653917263645143	0.3987503225129224	0.23585795112256344
0.3583949157205381	0.4110236771798047	0.2305814070996573
0.36166098839659444	0.40602643228017465	0.23231257932323102
0.3621362085467613	0.39971677657190247	0.23814701488133636
0.3562658209296523	0.4059754297400604	0.2377587493302874
0.3552732243249914	0.3980702206044204	0.2466565550705883
0.3652735027490428	0.40404085874977647	0.23068563850118085
0.36012359684795614	0.4026971971064969	0.2371792060455471
0.35818537922332183	0.4101999225000737	0.23161469827660458
0.36122440826733326	0.39927416726045983	0.23950142447220701
0.35411458803829604	0.4106538445523643	0.23523156740933973
0.34955611924986846	0.4081849597979249	0.2422589209522068
0.36344754912948585	0.40386304291693753	0.23268940795357673
0.36377208974792785	0.4012809248767464	0.23494698537532588
0.35316242024812167	0.4102795624327005	0.23655801731917803
0.3613763111384956	0.40756813151758065	0.23105555734392386
0.3588499292762564	0.4077044394779613	0.23344563124578238
0.36103283193980423	0.4035844502463378	0.235382717813858
0.3573596530629377	0.40959595488290645	0.23304439205415595
0.3638813373462405	0.40182775964729955	0.23429090300646005
0.35287926062159225	0.40477934120506087	0.242341398173347
0.358538400426842	0.4055863795460246	0.23587522002713351
0.3648242659819586	0.3984565135333983	0.23671922048464322
0.3632372403179193	0.40488319603401524	0.23187956364806556
0.35627438322381083	0.4024538559942178	0.2412717607819715
0.35704515333310743	0.4060702776161147	0.236884569050778
0.35613369233857295	0.40354973515804105	0.2403165725033861
0.35084196872374684	0.4028158157112891	0.24634221556496416
0.36294699327611407	0.4016564248801495	0.23539658184373646
0.3489006916116475	0.4045010762331356	0.24659823215521698
0.35134638977314914	0.4110946158671385	0.23755899435971245
0.3654257422441057	0.4036420246240646	0.23093223313182978
0.35509779194593594	0.40698393120051074	0.23791827685355343
0.353285181662606	0.40755655567693794	0.23915826266045623
0.3649377936569337	0.401755490469747	0.23330671587331941
0.3581838390174251	0.39902664152609624	0.24278951945647875
0.3532466014744918	0.40479332008824415	0.2419600784372642
0.36519799081268556	0.40242902801033054	0.23237298117698404
0.36376264085699206	0.4048188629282477	0.23141849621476035
0.36282160023423266	0.40684907898435885	0.23032932078140855
0.35352808935157765	0.4104103540512055	0.23606155659721692
0.3481498888175689	0.4075528568470653	0.24429725433536587
0.3575129033917943	0.40685794138464326	0.23562915522356254
0.35162887974438317	0.4043353612972177	0.24403575895839927
0.36479193572071955	0.40105332509089764	0.23415473918838292
0.36583084639144264	0.40293420476991454	0.23123494883864293
0.3659296194393361	0.40064602087390033	0.23342435968676367
0.35914194815415723	0.40002492419663055	0.2408331276492123
0.35831458263532207	0.39771427663915426	0.24397114072552376
0.3481051088036333	0.411032972969025	0.24086191822734176
0.3656738960733987	0.4036927461519213	0.23063335777468014
0.36583434948251564	0.3985994849948526	0.23556616552263188
0.34914711127989106	0.4104525348847836	0.24040035383532543
0.3620332936641336	0.40584518631871946	0.232121520017147
0.35474460445924	0.3990168503262983	0.24623854521446184
0.35326847604905953	0.4062409801703524	0.2404905437805882
0.3604010707486409	0.4031075012392592	0.23649142801210002
0.35145814220182814	0.410037437166645	0.238504420631527
0.3583897479265263	0.4067597836398229	0.23485046843365093
0.36169654017803426	0.4068178160035205	0.2314856438184453
0.3608585651931411	0.40211814091199033	0.2370232938948687
0.3505405863771989	0.40915583182817905	0.24030358179462216
0.36640093927018674	0.40312663910181745	0.23047242162799594
0.35151299131049807	0.4079435895681943	0.24054341912130772
0.3495862648602773	0.40215906373045734	0.2482546714092655
0.3550473987139603	0.39941703825336905	0.24553556303267074
0.36628869278018317	0.3982346331166621	0.23547667410315481
0.3537231549931791	0.4057929561683502	0.24048388883847083
0.3491160310067965	0.4086540441492833	0.2422299248439203
0.35154674636411926	0.4058496403004658	0.24260361333541508
0.34841844076329564	0.4038190048911463	0.2477625543455581
0.364059291262335	0.40223526921805836	0.23370543951960673
0.35651468289685173	0.40990607299426174	0.23357924410888659
0.3641274623592028	0.3974510509385583	0.23842148670223903
0.35411934229780756	0.4036383684139612	0.24224228928823133
0.3606765357808833	0.4044178966840717	0.23490556753504505
0.3599715437251435	0.3976068802093182	0.24242157606553838
0.35962360432551266	0.4006428613067539	0.23973353436773354
0.35031786103650375	0.40662141810127317	0.2430607208622232
0.35884402860579095	0.4060342682982869	0.23512170309592223
0.3530150177015661	0.40416032014782055	0.24282466215061338
0.3533904929275374	0.39730508274053244	0.2493044243319303
0.3514652022649714	0.40082766960409033	0.24770712813093837
0.3523982429804082	0.4082118164440892	0.23938994057550264
0.35525866803000244	0.40636804321623704	0.23837328875376063
0.3518690705671303	0.399477390952865	0.24865353848000482
0.36583381776810814	0.3990389381346645	0.23512724409722743
0.3517981830831203	0.40874055840074647	0.2394612585161334
0.35219107293065116	0.39968429471804695	0.248124632351302
0.3548747587904772	0.41117900367195864	0.23394623753756427
0.3586207115013316	0.41115654810116814	0.23022274039750037
0.35789790039144154	0.3999065093492908	0.24219559025926782
0.35153368785868494	0.4071247371155751	0.24134157502574005
0.3528227062060958	0.4002878782102338	0.2468894155836705
0.3540186012551323	0.40863063001877575	0.2373507687260921
0.36227108587801726	0.39856102844023644	0.23916788568174635
0.3646043414391935	0.3977975710270864	0.23759808753372016
0.35917448732980317	0.4033765721147277	0.23744894055546922
0.3668972091560408	0.40201627987028304	0.23108651097367627
0.35515621169408373	0.4064622834243692	0.23838150488154716
0.35704545691125306	0.4002124674870886	0.24274207560165845
0.3547940358886423	0.40449416642326225	0.24071179768809559
0.3561111672377374	0.4109093594885942	0.2329794732736685
0.3581507830015197	0.40044544735456267	0.24140376964391774
0.3644384470121378	0.400964439788576	0.23459711319928633
0.35674406556696514	0.4022167761419351	0.24103915829109987
0.36163042874972806	0.40557641500544017	0.2327931562448319
0.3618450793410815	0.40126686038709913	0.2368880602718195
0.3540030487834965	0.40173265129988045	0.24426429991662324
0.3629162824984139	0.40079729686320115	0.23628642063838506
0.35335899630876555	0.3976068217411075	0.249034181950127
0.3531682243073026	0.41104897167925203	0.23578280401344548
0.36068240930123363	0.40714840572546973	0.2321691849732968
0.3527720890548728	0.3997746208106779	0.2474532901344494
0.351149594220765	0.40574532805710906	0.24310507772212603
0.36423650786156286	0.3979756795322116	0.23778781260622567
0.3566974132854865	0.4058835369462311	0.23741904976828254
0.357506269165977	0.41012902805106566	0.2323647027829575
0.34893076893285147	0.4100166759797224	0.2410525550874262
0.35346056397432835	0.40036479939046776	0.246174636635204
0.3490647400437753	0.40701146770627683	0.24392379224994798
0.35310866897863785	0.4001914765606275	0.24669985446073478
0.35501951198120957	0.4041640932905299	0.24081639472826066
0.3551123404971902	0.40697963577149193	0.23790802373131797
0.3563366801218709	0.4077574798852286	0.2359058399929006
0.34910590090734633	0.4034741108274408	0.247419988265213
0.36273406569346234	0.40146789872894634	0.23579803557759146
0.35014479479793537	0.40331267184346353	0.2465425333586012
0.35414291607278603	0.4094520478377185	0.23640503608949562
0.3636005401226278	0.39739837167020403	0.23900108820716823
0.3584810354686152	0.3975027786143745	0.2440161859170104
0.35669942565267293	0.40700732776130527	0.2362932465860219
0.3486585072328096	0.40762909928124574	0.24371239348594476
0.36021678008542424	0.39896821517059544	0.24081500474398043
0.3607694562772419	0.39949974948421496	0.2397307942385432
0.3509953234412595	0.40037217234931205	0.2486325042094285
0.3579751782207541	0.40405211108911837	0.23797271069012765
0.35969005253529146	0.39777549227913833	0.2425344551855703
0.3535794826766659	0.39799890376457725	0.24842161355875697
0.35349252266675507	0.40480786762174825	0.2416996097114968
0.3602136274098795	0.40501870773623105	0.2347676648538896
0.36299065913774836	0.40549744244602226	0.2315118984162295
0.3617174965784427	0.3984637711231468	0.2398187322984106
0.3587811352901893	0.4017115086238588	0.23950735608595203
0.352736650348276	0.40511509930031997	0.24214825035140417
0.35993125763363765	0.40675136907008164	0.23331737329628083
0.35453360300866626	0.39961653963286964	0.2458498573584642
0.3534000941242421	0.40856364557632713	0.23803626029943084
0.3647731804761406	0.3994767638577702	0.2357500556660893
0.35251257397711944	0.40468281738676	0.2428046086361207
0.35673418218753034	0.409699323273542	0.2335664945389278
0.34890637370012584	0.40940314977609615	0.24169047652377812
0.3551805307902662	0.4015848454554712	0.24323462375426275
0.34855399821655275	0.40174740224640443	0.24969859953704293
0.35109444011647706	0.39895432594001334	0.2499512339435097
0.35869419509124506	0.3985714691391362	0.24273433576961884
0.35448671031121815	0.41014327419199664	0.23537001549678535
0.3554182100075717	0.4024425899166434	0.24213920007578504
0.3662334144729592	0.4007970904379083	0.23296949508913262
0.3595786441160164	0.3996643486324145	0.24075700725156915
0.3553241955450632	0.40130171157815386	0.24337409287678302
0.3529790843729972	0.4047647210324054	0.24225619459459752
0.3588073347341239	0.4047966554528041	0.23639600981307213
0.3516051553166738	0.4059660170954933	0.242428827587833
0.35840714787694533	0.409173741566383	0.2324191105566718
0.3666543172665559	0.3973571532143784	0.2359885295190658
0.3644286886379163	0.40482543765551643	0.23074587370656743
0.35885532517870417	0.4011921948023918	0.23995248001890407
0.3551757214732729	0.4077753355280018	0.2370489429987253
0.3550150466772424	0.3980086794740154	0.24697627384874238
0.36220872491353395	0.4004424580094546	0.23734881707701155
0.36372749332160675	0.3979866134187625	0.23828589325963084
0.35019522559705907	0.4112187863282598	0.23858598807468118
0.3522265855815756	0.4044991831229413	0.24327423129548323
0.35908059112823776	0.4082309158629213	0.2326884930088411
0.3599731205116499	0.4086424855807472	0.23138439390760296
0.35489673390492366	0.3980900841787893	0.2470131819162871
0.3647715727989267	0.4012445935335721	0.23398383366750136
0.36383166530945554	0.4032358166055774	0.23293251808496718
0.3609145766223602	0.4031974645691984	0.2358879588084415
0.3540117635078439	0.40270468518189717	0.24328355131025903
0.35568007491440345	0.40347636584369406	0.2408435592419026
0.3651246629111323	0.39955213757393027	0.23532319951493752
0.3550888634322775	0.39894278493154006	0.24596835163618253
0.357666561836988	0.4020579167190147	0.24027552144399744
0.3626423775910806	0.3983142053601993	0.23904341704872023
0.35814095350830194	0.40755640128544923	0.23430264520624894
0.35572417778292914	0.40136158676356304	0.24291423545350793
0.3526765676050496	0.4078733777214922	0.23945005467345834
0.35094695034459095	0.40569846769152096	0.2433545819638882
0.35343386927775855	0.4057031647810022	0.24086296594123935
0.3602518664934479	0.3991411753757431	0.24060695813080907
0.35270079195482645	0.3997784127091444	0.24752079533602928
0.36216409420059614	0.3996652200826956	0.23817068571670835
0.35193678233429104	0.3995688161982038	0.2484944014675053
0.3620682373494332	0.4015581089091942	0.2363736537413727
0.3572499782062913	0.4039042572363048	0.23884576455740403
0.35399740034821814	0.40150107871979546	0.24450152093198652
0.36276800659283703	0.4034377342389431	0.23379425916822
0.3665876548777495	0.40028635214616726	0.2331259929760833
0.35965397326412724	0.40507207605368883	0.23527395068218404
0.35839194617858644	0.40074153838925053	0.24086651543216317
0.35759220632322186	0.40062274559745287	0.24178504807932538
0.36207790915444976	0.4035864088897483	0.23433568195580207
0.3507632153708724	0.406326184879814	0.24291059974931367
0.3626517221371526	0.40055946383926955	0.23678881402357793
0.3538671857432154	0.4088774573948944	0.2372553568618903
0.35341274895462627	0.40820622817807484	0.23838102286729898
0.35880365362215055	0.40864660860075774	0.2325497377770918
0.35235811927500843	0.40216545297950124	0.24547642774549044
0.35782142564900915	0.3992749939354818	0.24290358041550913
0.3545475080948594	0.4093133226179566	0.2361391692871841
0.35443687098800114	0.40641104131408384	0.23915208769791513
0.3523273224198697	0.40884410204619426	0.23882857553393616
0.36530594339909017	0.3986053059156458	0.23608875068526408
0.34869056202503357	0.40958547352650365	0.24172396444846295
0.36474317821430524	0.4001079810934661	0.23514884069222874
0.3643843716017909	0.3983720181292215	0.23724361026898777
0.35483563010180746	0.40782437310508923	0.2373399967931034
0.36392806461094557	0.4058214576851867	0.23025047770386786
0.35114340031038965	0.4080898442689077	0.24076675542070275
0.36250848050483314	0.40098136424963743	0.23651015524552954
0.34912789490408597	0.4090100192831021	0.24186208581281202
0.362787856833043	0.40191535015714036	0.23529679300981676
0.3590038237459797	0.4009762216553024	0.24001995459871797
0.3642976182786655	0.3998847601727378	0.2358176215485968
0.35422644032670236	0.40510719947460705	0.24066636019869073
0.36414271953723987	0.4013136791844867	0.2345436012782736
0.3571026215250998	0.4017174999582058	0.24117987851669445
0.3512312361670557	0.3996545512847853	0.24911421254815913
0.35452035724107095	0.4015472783171954	0.24393236444173377
0.3548119916590737	0.4085442819213293	0.23664372641959716
0.3600039325469421	0.39750530458184385	0.24249076287121418
0.3556480003572047	0.40940911301086347	0.23494288663193197
0.36653064955613507	0.4022586313679007	0.2312107190759643
0.35784704718529425	0.40841487359746725	0.23373807921723855
0.35115926380933554	0.40088615109202136	0.2479545850986432
0.3484718712018842	0.40478329979266714	0.24674482900544875
0.3614167202689056	0.40036150813006194	0.23822177160103258
0.3537710801992518	0.4036698545033776	0.2425590652973707
0.35509324593668107	0.39736446923289426	0.24754228483042476
0.36436205385855563	0.40528797284090584	0.23034997330053864
0.35184977679428353	0.40319958771601483	0.24495063548970172
0.3486946004930015	0.40239015029268704	0.24891524921431157
0.3540035604101832	0.4108685239575497	0.2351279156322672
0.35787677367906556	0.39901961122109997	0.24310361509983455
0.35696344785200174	0.40492732093328726	0.23810923121471114
0.35380731587105574	0.39891496996118786	0.24727771416775654
0.35587620256268443	0.410052714874317	0.2340710825629987
0.3520833162293288	0.4098568764461753	0.23805980732449603
0.3529379063979399	0.40643115175062416	0.24063094185143602
0.35622846967552835	0.4063862881411116	0.23738524218336013
0.351097795386539	0.411060224034647	0.23784198057881412
0.35044602271774894	0.4002673772616353	0.2492866000206159
0.349814927014726	0.40756641516278663	0.24261865782248748
0.3600632919910073	0.4059676613066013	0.23396904670239155
0.35301178024956137	0.40654297575264375	0.240445243997795
0.35753461597295494	0.4036603999520918	0.23880498407495337
0.3488538194077288	0.4081970859790929	0.24294909461317848
0.3539960097986263	0.40868432955565903	0.2373196606457148
0.351723011506735	0.405454102250732	0.24282288624253312
0.3595883447646153	0.40370135985864125	0.23671029537674354
0.36394369872707477	0.3978269442163103	0.23822935705661502
0.3570034212798755	0.41090641786335913	0.23209016085676548
0.36436716688720633	0.3990218568353331	0.23661097627746072
0.34954173320134746	0.40967837729441714	0.2407798895042355
0.34932157302421724	0.4022028568660503	0.2484755701097326
0.35839996000337054	0.4004365749163499	0.2411634650802797
0.36115265898920296	0.40342710179475716	0.23542023921604002
0.3522221530469758	0.39908913221236875	0.24868871474065557
0.3635231757627549	0.3975738824482426	0.23890294178900265
0.35215725436587725	0.39846364755584995	0.24937909807827296
0.3615758194507408	0.4081639733023805	0.23026020724687873
0.35085717976644687	0.40627039466876036	0.24287242556479288
0.3553661389071047	0.4064078460399051	0.2382260150529903
0.3567700968487669	0.39868330642910765	0.24454659672212548
0.3586673697495763	0.4085208041067226	0.23281182614370122
0.3621276588468446	0.4068959795566761	0.23097636159647944
0.35212232284765216	0.40814124826846443	0.23973642888388352
0.3567284531597027	0.39957535738379624	0.24369618945650118
0.3546139408532378	0.4095401423545192	0.23584591679224315
0.3624743379785933	0.40286292695648596	0.2346627350649208
0.3608727319410493	0.4022310330275125	0.23689623503143836
0.35628557374664327	0.40661762235963295	0.2370968038937239
0.3642543417110407	0.39946336983760955	0.23628228845134985
0.3538244016910678	0.4105222862004415	0.23565331210849078
0.359546627087361	0.4097147061935371	0.23073866671910198
0.362012479638164	0.40595086914803197	0.23203665121380412
0.35462627769827365	0.40164707288755386	0.24372664941417255
0.35548596515832	0.3984400097800761	0.24607402506160403
0.3614479168505411	0.4005002263133326	0.23805185683612645
0.35438738791172986	0.40515676791749894	0.24045584417077134
0.35425598604386366	0.4100474598829296	0.23569655407320683
0.35559930426809117	0.39801616794020156	0.2463845277917074
0.3549902005133133	0.40024453576289953	0.24476526372378726
0.3663745921990633	0.3990398037919873	0.2345856040089495
0.35758425625295154	0.39987739799918753	0.24253834574786104
0.35384951721177144	0.405948442853357	0.24020203993487166
0.3572432900152305	0.4089670674296441	0.23378964255512552
0.3612390715395544	0.39993849346052923	0.2388224349999164
0.35828388933276595	0.40510678209754813	0.23660932856968603
0.35602888409207833	0.4054294590611014	0.23854165684682044
0.3647015037134618	0.3972715335827447	0.2380269627037936
0.35983210690482875	0.4074301257056153	0.23273776738955604
0.3515514173620665	0.4040240986711929	0.2444244839667407
0.35844083982617697	0.40621663631500027	0.23534252385882287
0.3630815575695475	0.403324617685878	0.23359382474457457
0.350690887774643	0.4037938180272137	0.24551529419814344
0.3560928646272164	0.4005394755219849	0.24336765985079883
0.35501253437221664	0.4101420987023691	0.23484536692541433
0.34915081054673436	0.4098367954481105	0.2410123940051552
