0.2569958753586802	0.528936770422187	0.21406735421913292
0.28474372369117096	0.4629920598637949	0.25226421644503433
0.14795700774379966	0.4535354847258537	0.39850750753034675
0.10742600573512437	0.7127812977574619	0.17979269650741392
0.5181079423860624	0.41284616138025576	0.06904589623368196
0.47019337532295324	0.4340373365188855	0.0957692881581613
0.3186269881107498	0.5980597180980751	0.08331329379117519
0.0962305899302672	0.8123552639072449	0.09141414616248805
0.5688417451004014	0.35166083207438037	0.07949742282521832
0.2212435326954335	0.38063842409887283	0.3981180432056938
0.16460930402524218	0.6531280842456023	0.18226261172915562
0.40106883225942724	0.5134655438118616	0.08546562392871127
0.5184161590077843	0.3366321706414409	0.14495167035077486
0.16509083337811747	0.6196381384622369	0.2152710281596458
0.22694219877969232	0.6289700181776783	0.14408778304262954
0.4077710835046714	0.47692610065509206	0.11530281584023666
0.2581705083603531	0.43860790514238057	0.30322158649726644
0.4456784370806858	0.47974196968005833	0.07457959323925606
0.238302562385555	0.3749056825186812	0.38679175509576386
0.4203611435326665	0.3916336988573856	0.18800515760994801
0.4290914041670506	0.2788217104404984	0.2920868853924511
0.39088975268591786	0.4007272387789924	0.20838300853508984
0.43138712299267545	0.31520264330553394	0.25341023370179067
0.4176716521870649	0.19732828075797149	0.3850000670549637
0.19965938196988264	0.6627555647214631	0.1375850533086543
0.31380907194222296	0.5441694458606072	0.1420214821971699
0.24399776841457613	0.6664398801644431	0.0895623514209809
0.07747236748613107	0.5783517205497636	0.34417591196410546
0.5224432729942593	0.24959519382243583	0.22796153318330492
0.5578480964367993	0.2677611835929675	0.1743907199702332
0.1680298004036862	0.5299336249686725	0.30203657462764144
0.07823998216790695	0.5237989542435634	0.39796106358852984
0.2503598755003882	0.6361043762845369	0.113535748215075
0.45089263892235054	0.4017192536430013	0.14738810743464825
0.429213041466662	0.4640104765728192	0.10677648196051892
0.46753669718291224	0.4121721925354346	0.12029111028165329
0.252654905314622	0.3438871142770903	0.40345798040828784
0.11598809606461061	0.5792695453507073	0.30474235858468224
0.3127409279114126	0.3105075714079066	0.3767515006806809
0.42690195911297074	0.2764356796587962	0.2966623612282332
0.1479615734180575	0.5584073574202295	0.2936310691617132
0.24120652484664007	0.5601172668769165	0.19867620827644353
0.46648692768624866	0.4203670968708509	0.11314597544290059
0.3922591713025875	0.5417058571159616	0.066034971581451
0.3889809825937234	0.48284160956609157	0.12817740784018516
0.19454796817849598	0.42264534070072	0.38280669112078414
0.5247994169364931	0.2730457733478988	0.20215480971560826
0.14577001216816077	0.5804406478088677	0.2737893400229717
0.36093014204096874	0.558069489427792	0.08100036853123932
0.26850219390954766	0.421363210891727	0.3101345951987255
0.400783667856953	0.3906512190126474	0.20856511313039972
0.1910916354894676	0.6579673456568924	0.1509410188536402
0.47867861772675485	0.18333003907870749	0.3379913431945378
0.48064216244884406	0.23035329734743876	0.28900454020371724
0.45428282736446557	0.3502633826124022	0.1954537900231324
0.43188437878793173	0.22214505345157193	0.3459705677604965
0.4109529684573394	0.3795319729309069	0.2095150586117538
0.3265143021602304	0.5620917460755207	0.11139395176424899
0.1454464930418415	0.6761183770705961	0.1784351298875625
0.5701031367558531	0.3372219676876812	0.09267489555646569
0.3873822024447311	0.3088242478058728	0.3037935497493962
0.17258089510139205	0.6146283236709067	0.21279078122770137
0.3576779506443937	0.5464575864858499	0.09586446286975653
0.5000771832926131	0.11264284249647383	0.38727997421091315
0.5668756976635339	0.14095264717914072	0.2921716551573255
0.3664360865777308	0.22483594719166522	0.4087279662306041
0.22284105258412998	0.5853895119158112	0.19176943550005884
0.3436029157502358	0.4614437247171732	0.19495335953259105
0.4052345514741038	0.5356593329334939	0.059106115592402364
0.14452232148492092	0.7311412543847	0.12433642413037915
0.408954301385849	0.3909163059384488	0.20012939267570232
0.41727118446433786	0.4612477188943927	0.12148109664126955
0.25907543143367207	0.36873689680724814	0.3721876717590799
0.35524953732688946	0.4520213542350725	0.19272910843803814
0.3071566786220053	0.3695363035161246	0.3233070178618702
0.16554748411676679	0.5024178179493988	0.33203469793383455
0.4358204671795145	0.40015962588588616	0.16401990693459945
0.45778619474241994	0.16627774633762518	0.375936058919955
0.27554300266588416	0.5463228615950315	0.17813413573908451
0.2365473818536439	0.6305155616442502	0.13293705650210597
0.2577575392020374	0.4447055793162257	0.297536881481737
0.27646580971937995	0.529197557860577	0.19433663242004318
0.17756246426865974	0.5455086626860868	0.2769288730452537
0.4108636437337554	0.4082536112394319	0.18088274502681287
0.5422851016450874	0.25480309579413407	0.20291180256077873
0.52006036931927	0.34520264664259304	0.1347369840381371
0.4434725176647634	0.32716050116230905	0.22936698117292764
0.2056612278980175	0.45042299933357227	0.34391577276841034
0.2402994952504861	0.5756527266424935	0.18404777810702058
0.5682319789691981	0.12580301720679377	0.3059650038240082
0.5456889682180992	0.11738677728919938	0.3369242544927016
0.554508060849056	0.29337797132033994	0.15211396783060407
0.529955254981402	0.3907850961892383	0.07925964882935982
0.5246864825227208	0.2284908835204646	0.24682263395681472
0.3873118137297802	0.28280584181097485	0.3298823444592451
0.1875705155040217	0.609278615305272	0.20315086919070638
0.4579988630789462	0.4273048813203302	0.11469625560072366
0.4178678899245147	0.3662388208282421	0.2158932892472433
0.150642309594711	0.5342066572492223	0.31515103315606685
0.38716090242634016	0.2550575884318108	0.3577815091418492
0.1944932757464055	0.5272303995485573	0.2782763247050373
0.2155283285751711	0.4489343699976049	0.33553730142722415
0.24158834223792758	0.5830345140838277	0.1753771436782449
0.3909484892300308	0.5341625112611692	0.07488899950880012
0.30742211455268936	0.5068458523603798	0.18573203308693087
0.3985603803885366	0.43249738769559043	0.1689422319158731
0.3221660218509572	0.4510828625862994	0.2267511155627435
0.3845706232413122	0.2982051797094961	0.3172241970491918
0.20619490669017942	0.5885830483236945	0.20522204498612617
0.08040590927759195	0.7548818726570913	0.16471221806531688
0.5020718332085848	0.1758178265102871	0.32211034028112817
0.10689622035174501	0.5152141401564262	0.3778896394918289
0.48473241444027737	0.2793238397772062	0.23594374578251648
0.5597706911309563	0.3561608110088127	0.08406849786023107
0.12502202977607713	0.6130900099764616	0.2618879602474614
0.3505037004463336	0.5795376461758378	0.0699586533778287
0.16033578069834034	0.4602467307613293	0.3794174885403304
0.21443038752241453	0.6736852233270136	0.11188438915057197
0.3458851531897634	0.38610237470398173	0.268012472106255
0.11152472739589273	0.6876080500061049	0.20086722259800244
0.5017365664481312	0.11867521568686926	0.3795882178649995
0.39111436883382494	0.24097412850893918	0.367911502657236
0.4449637440421447	0.14880461283155885	0.40623164312629656
0.525633728592291	0.3988265969027203	0.07553967450498883
0.42612854223361485	0.4328938933562113	0.140977564410174
0.1910808158478598	0.7304594797308495	0.0784597044212908
0.166685511675089	0.4434096336361365	0.3899048546887746
0.31236385720077425	0.3346602466770203	0.35297589612220553
0.1367188067758905	0.6378892166034786	0.22539197662063104
0.4452365975259939	0.49642749776938855	0.058335904704617636
0.27982460803634374	0.45046874135617987	0.2697066506074765
0.24392470139432781	0.5143443645470585	0.2417309340586138
0.189388292489748	0.4125943242380256	0.3980173832722265
0.5618482467043009	0.05885214467985783	0.37929960861584133
0.5724773570228648	0.2949667201606919	0.1325559228164434
0.4028237080120501	0.519976924782382	0.07719936720556797
0.5501733108025795	0.05166603336949621	0.39816065582792437
0.08766932188954668	0.5911093314506426	0.3212213466598109
0.08228585890035417	0.5117068170617454	0.4060073240379005
0.4502779398759291	0.3407390254594837	0.20898303466458734
0.25059008840671637	0.6461540290394682	0.10325588255381557
0.325889419450826	0.3010828108648326	0.3730277696843416
0.1824696824629429	0.517419724959469	0.30011059257758826
0.5030552700931249	0.38775043698216827	0.10919429292470698
0.5265106027903703	0.32810206035066625	0.1453873368589635
0.42422485764211465	0.39550894879239684	0.18026619356548862
0.35005102513840525	0.4418807257422518	0.20806824911934307
0.5386380563434654	0.37301709168872477	0.08834485196780989
0.4009461686650452	0.5267559171570222	0.07229791417793274
0.2520448812121239	0.41941723964016697	0.3285378791477092
0.3648798243961127	0.5176191769595491	0.11750099864433833
0.3413740713424894	0.5092516395652269	0.14937428909228384
0.12844977192896154	0.568913297318671	0.30263693075236764
0.08556003273766011	0.6085783817944599	0.3058615854678801
0.43608007098295487	0.41995790279729506	0.14396202621975018
0.4058839825428331	0.24984907774265264	0.3442669397145144
0.4122880199416612	0.20040460838994975	0.38730737166838913
0.3036869055576805	0.3802500336067009	0.3160630608356187
0.39930023472054643	0.4098268933310072	0.1908728719484465
0.3361755997374808	0.4229817032860457	0.24084269697647365
0.4690222789511384	0.28079698503150846	0.25018073601735324
0.10840774631325778	0.7721087654398864	0.11948348824685606
0.33592404622854555	0.3156157203572787	0.3484602334141758
0.3893205409635285	0.5306907315241624	0.07998872751230923
0.33662776278032974	0.5441093229875149	0.11926291423215551
0.4335084758680514	0.2327699924285352	0.33372153170341345
0.3417018097450893	0.4597665134403338	0.19853167681457703
0.5371612487240791	0.1967703757897146	0.2660683754862064
0.10769501110604493	0.7578485678800514	0.13445642101390376
0.5502816157723885	0.38429130174384374	0.06542708248376783
0.47546561629795986	0.1918147469928538	0.3327196367091865
0.13817204371711828	0.49645935071875036	0.36536860556413153
0.25238174990175877	0.5284388795523797	0.2191793705458617
0.131564006804666	0.5827780385125207	0.28565795468281335
0.5576051524250492	0.14510497817614076	0.29728986939881025
0.3301585811933565	0.41955212934659425	0.25028928946004936
0.24734007951360626	0.40539791828387217	0.3472620022025217
0.2949772257416178	0.4301670662343907	0.2748557080239916
0.4195854974257143	0.17880951704549716	0.40160498552878865
0.2810259632925298	0.5300210606408893	0.18895297606658107
0.442976210436039	0.18092093290488837	0.3761028566590727
0.35252364472902536	0.37021450460839306	0.2772618506625817
0.12596879443718537	0.5400247363496785	0.3340064692131362
0.5489304520852374	0.3145258002375212	0.13654374767724153
0.33986402634078794	0.3905136141959686	0.2696223594632436
0.3054053338492759	0.32770023158331213	0.3668944345674121
0.32881639485321823	0.34978123394383687	0.32140237120294507
0.42160253417941623	0.42326798229489987	0.15512948352568404
0.3930380788456413	0.27086319759984145	0.33609872355451736
0.2422866738548725	0.5643058292964148	0.19340749684871278
0.18347608701570378	0.5781668052048062	0.2383571077794901
0.3766555799122815	0.46308510470268727	0.16025931538503135
0.3878679228471696	0.36155667342338227	0.25057540372944825
0.4027750281338547	0.4757808835237474	0.121444088342398
0.46409749388040666	0.4620563753018149	0.07384613081777847
0.16384639131573386	0.49562329820209744	0.3405303104821688
0.25679179828891413	0.6320666414906279	0.11114156022045812
0.3386361805389569	0.29789303488484914	0.3634707845761941
0.18387227077478596	0.6003710959339191	0.215756633291295
0.26602812951982974	0.608997280530176	0.12497458994999447
0.3183669614438531	0.4234912235053269	0.2581418150508201
0.31937586332822	0.6058450287201369	0.07477910795164316
0.3776387190291088	0.2820797570819988	0.34028152388889255
0.26919116572212165	0.5005315634233276	0.2302772708545508
0.12403249247347828	0.663843694824309	0.21212381270221278
0.08890318579200862	0.5116451637763051	0.3994516504316864
0.3128663636860047	0.31113443682035546	0.37599919949364
0.13401849133093435	0.7747987075246054	0.09118280114446026
0.3045963110829752	0.5531841391560346	0.14221954976099033
0.3256311342967434	0.5522907523119414	0.12207811339131538
0.16403871446258714	0.6036763386396916	0.2322849468977214
0.28268931307809325	0.37055398504664744	0.3467567018752594
0.10187382721488292	0.677361134985019	0.2207650378000982
0.44406704894250365	0.3895104998200213	0.16642245123747518
0.4544164937219648	0.362904877968647	0.18267862830938833
0.4592481581397352	0.1590452761070346	0.3817065657532303
0.38020435760917426	0.2406333255178041	0.3791623168730217
0.48385352615613386	0.24735803405408768	0.26878843978977857
0.09315558884558023	0.7143195347642994	0.19252487639012048
0.3899133599841146	0.3861436083846593	0.22394303163122625
0.11429525176450323	0.6580950088536686	0.22760973938182838
0.07695637193252669	0.6272120648287524	0.2958315632387212
0.4322431461825934	0.5064444114769616	0.06131244234044514
0.3418070631433433	0.4971553767924337	0.16103756006422304
0.5331606162058189	0.34610953518555043	0.1207298486086307
0.09428809347508932	0.7360895688075866	0.1696223377173243
0.15290262353243894	0.7891706340603344	0.05792674240722684
0.555286395804841	0.1128372846426558	0.33187631955250335
0.4753252135391275	0.30088019668581567	0.2237945897750569
0.09068843156173481	0.6077402771320228	0.3015712913062425
0.45170162003598	0.4435157676963909	0.10478261226762922
0.28265282582534096	0.5960243267080682	0.121322847466591
0.5616360717787088	0.2498015894115313	0.18856233880976003
0.3484175072650981	0.24229433123127853	0.40928816150362346
0.13057224391085365	0.48156970756523537	0.3878580485239111
0.4321427577757186	0.4209833458127845	0.146873896411497
0.43754803330488573	0.1977155622723295	0.3647364044227849
0.474962157232642	0.39791645407391796	0.12712138869344017
0.13546809731595494	0.6897342660169714	0.17479763666707385
0.5537383395195185	0.10925763877031364	0.337004021710168
0.11806173144238727	0.5680577500340336	0.3138805185235793
0.5379453814860151	0.3358131472332805	0.1262414712807045
0.4942153741056604	0.16113109737698775	0.3446535285173519
0.43425046490660724	0.3914414600662577	0.17430807502713516
0.10565752864661429	0.7563946503268069	0.13794782102657893
0.2743115250547755	0.3655591985457602	0.3601292763994644
0.20634510399889783	0.5232332504548354	0.27042164554626696
0.28254363151340245	0.5737958693676368	0.14366049911896078
0.4370943340420077	0.3440267777561147	0.21887888820187773
0.49168228554357646	0.3747221258184431	0.13359558863798057
0.5089029927286646	0.13694509516326445	0.354151912108071
0.11673614958603404	0.5000519492763773	0.3832119011375888
0.49326825002597585	0.12529624322000366	0.38143550675402055
0.33100638366903623	0.31886185926087984	0.35013175707008404
0.4739141824503625	0.19972943893241554	0.3263563786172221
0.33646107544651926	0.4423370690972628	0.2212018554562181
0.22181231869435636	0.5879180822578226	0.19026959904782115
0.3588773619958267	0.3771662996048736	0.2639563383992998
0.22011742403630846	0.549357117505816	0.23052545845787575
0.39050980949536784	0.4012475152590596	0.20824267524557263
0.49117231750483337	0.1465052687579545	0.36232241373721225
0.32719503092739066	0.5451494440079457	0.1276555250646637
0.22706085354674627	0.3779641759912604	0.3949749704619934
0.3725737498091528	0.2381023373138724	0.38932391287697493
0.16169894673424987	0.5780311944262837	0.2602698588394665
0.2827799234620876	0.6582190102960455	0.05900106624186702
0.11002078389720013	0.7440051539604062	0.14597406214239383
0.20616939285603705	0.6707614553216421	0.12306915182232098
0.13324144401148322	0.7892439015374435	0.07751465445107353
0.22211935455569431	0.6117861375985427	0.1660945078457631
0.5559497922248458	0.15366949510259217	0.2903807126725622
0.44086344016537976	0.32334747694391414	0.2357890828907062
0.24340925591268375	0.4935547098238075	0.26303603426350886
0.2898226154957811	0.38215263849947156	0.32802474600474746
0.2322685979377498	0.5405021924966604	0.22722920956558987
0.43067656255276565	0.35972931598634134	0.20959412146089312
0.2532509096295186	0.369154588485084	0.37759450188539756
0.159490400725467	0.4381410738150196	0.4023685254595135
0.24489206199872143	0.6374620525230554	0.11764588547822319
0.1469982725245927	0.7251322800434504	0.127869447431957
0.5259308401612177	0.1702512763562986	0.30381788348248373
0.22065752194152388	0.6744885319501792	0.10485394610829707
0.10363681210107639	0.7262299560830363	0.1701332318158874
0.31387122589128763	0.4470570472695965	0.23907172683911598
0.16902989484015882	0.7139468636568254	0.11702324150301602
0.5377787883074521	0.3270528003568622	0.13516841133568594
0.36404865509140544	0.5781938213825084	0.05775752352608621
0.1834832302677452	0.4564432290780194	0.3600735406542356
0.4965523097479497	0.11078610807684314	0.3926615821752072
0.09943301336727584	0.7817744877888111	0.11879249884391324
0.11258313536290271	0.828965523699881	0.058451340937216545
0.43588264308538277	0.48236478090080703	0.08175257601381031
0.5364825275754808	0.12249255644310175	0.3410249159814175
0.17791725823572133	0.4542032561756517	0.3678794855886271
0.08254289979437374	0.8252481342321694	0.09220896597345704
0.45444134900428473	0.41222908442154604	0.13332956657416928
0.28873741389060675	0.30169404741593325	0.4095685386934601
0.46424776129743583	0.20908547117530119	0.32666676752726304
0.410020415723212	0.32269359425613336	0.26728599002065473
0.41747163100518897	0.4338011302675424	0.14872723872726876
0.236375916133122	0.44914860873025525	0.31447547513662283
0.4624411134603411	0.20932966574403994	0.32822922079561906
0.2526093614221851	0.6101482342537683	0.1372424043240466
0.10695251948566867	0.7186363815955491	0.1744110989187824
0.12917406073344118	0.7625742938804572	0.10825164538610177
0.3372110196986515	0.5793320638601289	0.08345691644121972
0.3018554882427934	0.5767588653235312	0.12138564643367553
0.37033012397895054	0.24307403000616645	0.38659584601488306
0.1855664115312327	0.615140833856326	0.19929275461244134
0.49627404473030445	0.42111646381886353	0.08260949145083218
0.46227941685199125	0.15738938385434575	0.3803311992936631
0.40910771170716165	0.3320217370676415	0.2588705512251969
0.25513156510557616	0.3477424308011348	0.39712600409328913
0.19714522845190063	0.5117180293883633	0.2911367421597362
0.4235615799707877	0.4035959731134687	0.17284244691574377
0.23477346251258685	0.4243329563408331	0.34089358114658014
0.22360135537143255	0.4382284731764433	0.33817017145212425
0.47333475717286416	0.28022504529776765	0.2464401975293683
0.18321937223958998	0.6642218415401036	0.1525587862203066
0.5437884288202542	0.18961805134176285	0.26659351983798296
0.5232144164747501	0.11129604919666874	0.3654895343285812
0.395177276331586	0.5321643166820188	0.07265840698639525
0.4113251148304642	0.519375642609955	0.06929924255958098
0.13589649331756362	0.5519771033020279	0.3121264033804086
0.09187768081028128	0.7399358006201908	0.16818651856952807
0.4247638539956815	0.30929398457386253	0.2659421614304561
0.38263809369304674	0.299148718075372	0.31821318823158135
0.5036484786885014	0.3292181280784317	0.167133393233067
0.39856319809661284	0.4004450365046018	0.20099176539878547
0.21600981743119824	0.6512698059388284	0.1327203766299735
0.18572017419713815	0.6432911130970895	0.17098871270577237
0.5074731992318978	0.17001435068512114	0.32251245008298113
0.30120890115672744	0.6165737814412833	0.0822173174019894
0.4209692353272059	0.31210082253060784	0.26692994214218635
0.14788513338263015	0.6074852398888608	0.24462962672850913
0.4670770076942217	0.267755042604558	0.2651679497012204
0.10096504321974234	0.5599893095232754	0.33904564725698233
0.25889253499170173	0.5108101391171191	0.2302973258911793
0.529604192727564	0.22458491242476003	0.2458108948476761
0.14389663850374393	0.7130953818982002	0.14300797959805606
0.11737050246213765	0.6288693554462532	0.25376014209160924
0.46890858357900883	0.379853620058195	0.15123779636279627
0.37072405369949196	0.36413074334149087	0.2651452029590173
0.31614631810528465	0.6031375602663195	0.08071612162839598
0.39394913200219867	0.5161622928722933	0.08988857512550813
0.5544654910414817	0.29058268892175	0.15495182003676838
0.35094512279861656	0.37849283345362905	0.2705620437477545
0.35870716434584204	0.269572013604894	0.37172082204926404
0.2464129005235405	0.6835303521039753	0.07005674737248424
0.15249976826577336	0.6884516593098269	0.15904857242439996
0.07734859148983142	0.8538236773616804	0.06882773114848828
0.10605226422587499	0.5150243224617652	0.37892341331235996
0.5510466711456374	0.06142386074560913	0.38752946810875366
0.333663041936582	0.432537004618047	0.23379995344537108
0.3395947151822563	0.29966457284417014	0.3607407119735737
0.4501736291601958	0.2571060376113666	0.2927203332284377
0.4267688125876338	0.2661603736648551	0.3070708137475112
0.4052551056574152	0.4883695842433995	0.10637531009918547
0.20006406695156853	0.6107693259021261	0.18916660714630545
0.14743753866913384	0.5013675273031786	0.3511949340276877
0.5422467123149226	0.26642352271653447	0.19132976496854306
0.567582363447281	0.22718304534740713	0.205234591205312
0.39493659794233654	0.4190414357604952	0.18602196629716838
0.4318353468560304	0.4355983684943976	0.1325662846495721
0.21463163633603183	0.4885677489829119	0.29680061468105634
0.15259276079636414	0.7293100479620712	0.11809719124156473
0.18441882310881363	0.6627344490715578	0.15284672781962869
0.33329399547138705	0.5878087141099961	0.07889729041861693
0.4085712149476404	0.47460462255170305	0.11682416250065666
0.424170107863242	0.24361777985408317	0.33221211228267494
0.43008238784136027	0.48142475043151367	0.08849286172712617
0.5359400121798652	0.34351716310717606	0.1205428247129588
0.3811377904822434	0.46721829564618966	0.151643913871567
0.5657275225759295	0.2770064576055335	0.15726601981853708
0.457224091208868	0.4393746768525685	0.10340123193856368
0.24135386875027676	0.6980160657318009	0.06063006551792255
0.2481449490352659	0.4946472203726494	0.25720783059208474
0.11091909009904896	0.5357669709527977	0.3533139389481535
0.18591600204640224	0.7397931067837553	0.07429089116984267
0.5412744738823749	0.2782169617296009	0.18050856438802418
0.20997496114119918	0.6644869633319372	0.12553807552686372
0.1761406606046531	0.5971728108873178	0.22668652850802926
0.19642970168506202	0.5347704987273737	0.2687997995875644
0.16927167865275333	0.5577746969608838	0.272953624386363
0.08290261922965797	0.5332743997874821	0.38382298098286005
0.1795153207553889	0.5948228415183415	0.22566183772626974
0.5491937739646121	0.2097920012082506	0.24101422482713739
0.5302459463608926	0.22337191866728495	0.2463821349718225
0.17722399417927587	0.49372740671997056	0.3290485991007537
0.505541925889931	0.39808680585566125	0.0963712682544079
0.454715002121333	0.3043642169446857	0.24092078093398145
0.12401330608207592	0.793191006170529	0.08279568774739521
0.5142299630576693	0.262892749510412	0.22287728743191876
0.2603991434629843	0.4717158118980742	0.2678850446389416
0.3619388669977118	0.30797243736061714	0.3300886956416712
0.23759374982662143	0.5222607201819933	0.24014552999138528
0.42819239346315174	0.4773551650046394	0.09445244153220891
0.517988279930666	0.26667931808537243	0.2153324019839617
0.2878510940039606	0.6534692268768882	0.058679679119151174
0.11456108934659806	0.706519884804929	0.1789190258484731
0.4627385625007282	0.27767515252025726	0.2595862849790147
0.49521017580078736	0.3870902195284154	0.11769960467079738
0.22031266283897483	0.4574571810261899	0.3222301561348354
0.3702013837541947	0.4726407783309772	0.15715783791482824
0.5043145157606506	0.32035925228312007	0.17532623195622948
0.35399752557616765	0.4081888268059898	0.23781364761784266
0.31601931904172154	0.4705039038831291	0.21347677707514945
0.13679023879907878	0.6197852865529485	0.2434244746479728
0.3026925559911245	0.5077066446595	0.18960079934937568
0.25245515815985614	0.6437259659961203	0.1038188758440236
0.15380077372862705	0.515759475104054	0.33043975116731916
0.13633837974406077	0.7226030481401711	0.14105857211576828
0.1732151285272688	0.6238795961917718	0.20290527528095958
0.520185123641683	0.18053621252490237	0.2992786638334147
0.41633039983991005	0.40511831405053933	0.17855128610955076
0.13037985720795633	0.5204522051576556	0.3491679376343882
0.10819668721986994	0.6896176693903274	0.20218564338980277
0.13425086284538845	0.5359018302418341	0.3298473069127776
0.5494403777518675	0.23095319110864793	0.21960643113948472
0.2511828424265111	0.4188808973290088	0.3299362602444802
0.3508388060202612	0.3723217504475268	0.27683944353221207
0.36257950049638954	0.5139787994745812	0.12344170002902927
0.326804672611196	0.39208725647224313	0.281108070916561
0.2353500622300076	0.5683095458342193	0.19634039193577324
0.4882756989538	0.42673907996066296	0.0849852210855371
0.41898476073178	0.22345731215003078	0.35755792711818934
0.437949748291235	0.21455262566099448	0.3474976260477706
0.5166075187113933	0.09032902162092629	0.39306345966768047
0.34267463545783616	0.29756279391563223	0.3597625706265317
0.481800189659639	0.1386316887338646	0.3795681216064965
0.4375030205572468	0.26633539799907197	0.2961615814436813
0.1269289183974717	0.6052810239309983	0.2677900576715302
0.47305440430212553	0.1473666814015135	0.37957891429636104
0.28383101501789243	0.6562648789026684	0.0599041060794393
0.3084478229832235	0.44412349524633776	0.24742868177043886
0.08547932209742654	0.6483568490949361	0.26616382880763756
0.10371893409254868	0.6037878142537991	0.2924932516536522
0.18837415925243414	0.5607924506945772	0.25083339005298877
0.33640551417018016	0.4895663400289926	0.17402814580082743
0.34529394124044444	0.5672926472859577	0.08741341147359794
0.31625316532458625	0.4778230560191211	0.2059237786562928
0.1950635796678797	0.5095489193039825	0.29538750102813793
0.206062966769747	0.7205909873617315	0.07334604586852156
0.2293125261802668	0.5292973956471211	0.2413900781726122
0.45889098416972174	0.386932211187107	0.15417680464317132
0.4244535169530551	0.46275263860476346	0.11279384444218152
0.21434288201999607	0.6409255622699753	0.14473155571002874
0.28012072769972335	0.4380262912045675	0.2818529810957093
0.29617565328633766	0.5609083437849355	0.14291600292872694
0.2614711789559443	0.36143933335980677	0.37708948768424905
0.13087279279188554	0.5159409592714516	0.35318624793666303
0.30258095524885226	0.45335653621530714	0.24406250853584066
0.1473839429269372	0.4603458124530445	0.39227024462001836
0.26756253082116466	0.43046058009647153	0.3019768890823639
0.17886262427763866	0.60576062141749	0.2153767543048714
0.4732239444374079	0.17778175114854958	0.3489943044140426
0.22458601217444465	0.6563390907769773	0.1190748970485781
0.13660876488834459	0.7318085903035285	0.13158264480812704
0.09128674596245473	0.7354930010042158	0.17322025303332955
0.45931235359596867	0.4494178841041393	0.09126976229989212
0.21240635335710017	0.6803221799761674	0.10727146666673248
0.4575459184702259	0.3427321757586226	0.19972190577115165
0.5178485320347819	0.22307258027429566	0.25907888769092263
0.4115964144074523	0.3486695480117835	0.23973403758076428
0.4102238389468321	0.21012955925418153	0.37964660179898646
0.5043534880907348	0.26979934074532597	0.22584717116393932
0.46949516763870314	0.47422778404715116	0.05627704831414582
0.38329931928713046	0.3949553554687926	0.22174532524407703
0.29693006855837717	0.3149680708842159	0.38810186055740703
0.5683562731792117	0.1638805225978055	0.26776320422298294
0.4390283748719822	0.23846906095779669	0.32250256417022116
0.12407806353597015	0.5627329656354366	0.31318897082859337
0.18215355482942347	0.6725664706501444	0.1452799745204322
0.29130590192620126	0.35346972156980544	0.35522437650399336
0.430337198137253	0.4439664006545375	0.1256964012082096
0.2806038411752086	0.3346431265098886	0.3847530323149029
0.40668778171413317	0.42773480772992223	0.1655774105559447
0.17437549784262688	0.538726613778307	0.2868978883790662
0.365942512278342	0.36182561989253775	0.27223186782912034
0.17250676594318673	0.5909681076357924	0.23652512642102091
0.19070723654474464	0.7198769311629895	0.08941583229226599
0.08599775301406626	0.6307851859475355	0.2832170610383984
0.13898933031853417	0.6301097571189176	0.23090091256254833
0.26464621879347094	0.37956851309771605	0.3557852681088131
0.2632991567085343	0.6468735786276986	0.08982726466376728
0.3430916001054415	0.2837536782514502	0.3731547216431084
0.1856935216181617	0.5720316173860579	0.24227486099578052
0.18644413913147445	0.6311887231175156	0.18236713775101004
0.10835499628461617	0.6547553983797446	0.23688960533563938
0.3203865241247771	0.5516984924137677	0.12791498346145538
0.1376839808664082	0.621674306501079	0.24064171263251288
0.26673443555506404	0.3285097869367802	0.40475577750815583
0.3880664989652577	0.38992558031605107	0.22200792071869133
0.07889920126623684	0.74327606037015	0.1778247383636132
0.35167723655046074	0.5245627076603929	0.1237600557891464
0.5346796490008082	0.23664279134323804	0.22867755965595385
0.2585692656046909	0.6790458248091067	0.062384909586202575
0.338831057157572	0.4526142873754405	0.2085546554669876
0.33421593792767534	0.36462695786218247	0.3011571042101423
0.307790740446344	0.45954550757976304	0.23266375197389305
0.428880793114325	0.293347791542714	0.2777714153429611
0.11661445140910254	0.7409406702461108	0.14244487834478686
0.4973656717298708	0.3177041639520901	0.1849301643180392
0.37894013398534193	0.2719832206707466	0.34907664534391153
0.4985465214685231	0.33525015917976525	0.1662033193517118
0.1061270330147483	0.7127876029801828	0.18108536400506903
0.5113337850515685	0.37941397718096775	0.10925223776746393
0.23280903504185596	0.4743033281855795	0.29288763677256463
0.5636884185864858	0.10428647206726852	0.33202510934624574
0.30554381758380195	0.5530453172288234	0.1414108651873747
0.2845378289091054	0.4647411986767852	0.2507209724141095
0.31963514501982326	0.39431389790179855	0.28605095707837824
0.3343011306349789	0.5902787206643192	0.07542014870070202
0.32659035946669696	0.47922794106229427	0.19418169947100886
0.18496931883708606	0.4703520880624067	0.3446785931005074
0.18946224858768718	0.43349807319031847	0.37703967822199447
0.20461138890880695	0.6764416011717194	0.11894700991947377
0.18408988268244061	0.4717064553733045	0.344203661944255
0.3401436820770405	0.4774315078055073	0.18242481011745232
0.2806874572261865	0.5796277406224274	0.13968480215138626
0.5122752172820173	0.4246353313424638	0.06308945137551902
0.21371423418314894	0.5332792064037537	0.2530065594130975
0.40154416210560545	0.21854238350168126	0.3799134543927134
0.47988836101400734	0.321354275339174	0.19875736364681873
0.307301048391564	0.42567529305459195	0.2670236585538442
0.5497760344714764	0.09573793081607512	0.35448603471244855
0.21031448870515804	0.4408537715362991	0.348831739758543
0.1522364024478582	0.6068906339157056	0.2408729636364362
0.5017303478305151	0.411369156283626	0.08690049588585899
0.4878514376192107	0.3890584987203757	0.1230900636604137
0.5664540281200755	0.21366025147598738	0.2198857204039372
0.4469355572679762	0.16667671105448054	0.38638773167754337
0.08334211426398713	0.5625132813821712	0.3541446043538419
0.41324599643365856	0.4326270994700172	0.15412690409632437
0.3965445921003264	0.28875235101255325	0.31470305688712047
0.42569158757272674	0.3348428847345241	0.2394655276927493
0.11164081526644964	0.6198009833071655	0.268558201426385
0.1941931792286773	0.47600125799929244	0.32980556277203044
0.2992902020300151	0.44738495286120106	0.2533248451087839
0.09108678593159492	0.5739737267284309	0.33493948733997425
0.3103043965474931	0.36340077818589717	0.32629482526660986
0.11822494417459009	0.7819327679951373	0.09984228783027271
0.42379609749513253	0.1821648966066241	0.3940390058982434
0.3757096470390305	0.2511693980650127	0.3731209548959569
0.38863454785241647	0.29331170981001986	0.3180537423375638
0.4196488942204576	0.4107531957573666	0.16959791002217597
0.09192692053017407	0.8360774635274288	0.07199561594239723
0.3793854531806485	0.32307026157032903	0.2975442852490226
0.4226368101735703	0.4386705646813546	0.1386926251450752
0.19302116950991405	0.6924836253688016	0.1144952051212845
0.08665310974226442	0.7350088514177393	0.1783380388399964
0.43042859111827425	0.3407423334826729	0.2288290753990529
0.3327545912097927	0.41076334763769323	0.25648206115251415
0.5675607103378439	0.2506073557139904	0.18183193394816577
0.37984721474968597	0.4825682619127601	0.13758452333755408
0.13284911396076068	0.6886800816557934	0.1784708043834461
0.4064906724456116	0.443593668514903	0.14991565903948553
0.2838006410611731	0.5164353056840794	0.19976405325474778
0.32075675970349815	0.4712832534598034	0.20795998683669858
0.19381567273136568	0.5015148904059596	0.3046694368626748
0.1389110741690126	0.588271702623628	0.27281722320735946
0.3440737755969035	0.5578144394283594	0.09811178497473719
0.07628479198378935	0.85347140667818	0.07024380133803071
0.4239343383370967	0.43369454230673354	0.14237111935616986
0.3664418378719951	0.5785901773496217	0.05496798477838333
0.10489236147788153	0.5989907386631966	0.2961168998589219
0.3410482701067358	0.6010978087212183	0.05785392117204602
0.2181011880247885	0.6544683399357056	0.12743047203950592
0.5038188817850081	0.2920397282716818	0.20414138994331021
0.14225938716066686	0.5372562757832168	0.32048433705611645
0.5434455168126213	0.30151798037205835	0.15503650281532047
0.18905079110759662	0.48658283759745125	0.32436637129495227
0.24038960318321795	0.36182461857090364	0.3977857782458785
0.4462680722288557	0.4954316311740302	0.058300296597114165
0.2208249853675854	0.39401057326169947	0.38516444137071526
0.14651895998389597	0.7865557694591345	0.06692527055696973
0.4945879893783417	0.21803953726547304	0.2873724733561854
0.4522218728258925	0.35858246420748885	0.18919566296661874
0.28369344815752745	0.6129094321088981	0.10339711973357446
0.3472972439917185	0.42759551558347764	0.22510724042480396
0.12546665702103874	0.4980577967368749	0.3764755462420865
0.26975363189544543	0.36024652466816043	0.3699998434363943
0.46953749508992676	0.2947594040066153	0.23570310090345803
0.39628482890174443	0.2745705678093013	0.3291446032889544
0.5239742822182508	0.34207309945410513	0.13395261832764416
0.3996274123749143	0.28225832132632156	0.31811426629876427
0.49848130122882667	0.15229494900150337	0.3492237497696701
0.490924964489716	0.13525832957612877	0.37381670593415534
0.10225697994293925	0.6283126429576134	0.2694303770994476
0.3553385402964703	0.38276817081614234	0.2618932888873875
0.3196247559492654	0.35601194511698103	0.32436329893375365
0.4819362488272423	0.4503260622198654	0.06773768895289245
0.46794466364476306	0.45340244082258585	0.07865289553265126
0.4052162870947048	0.5084344535446637	0.08634925936063165
0.17211817844701308	0.5752199461183556	0.25266187543463153
0.3059027537593869	0.3229696136030475	0.3711276326375657
0.4324565118472228	0.1892757863005287	0.3782677018522487
0.1198964939490787	0.6499124044214988	0.23019110162942266
0.5492553268447977	0.3275123233013088	0.12323234985389364
0.08081526828261709	0.6050024062586775	0.3141823254587055
0.11903945289144446	0.7029012140351361	0.17805933307341962
0.25480622738473935	0.6144431952560525	0.13075057735920825
0.10118586780705519	0.7743262217380781	0.12448791045486685
0.36259736160600636	0.3140562108346318	0.32334642755936194
0.35854049941897315	0.27089311675812755	0.3705663838228994
0.5179402216828246	0.19536285302160514	0.2866969252955704
0.43851693723066854	0.34279440902136254	0.21868865374796903
0.1178661240194841	0.6553576451587471	0.226776230821769
0.23907770700377173	0.3822532751069135	0.37866901788931484
0.4263814031732354	0.2533784549226996	0.320240141904065
0.42016354200528794	0.3832003229404656	0.19663613505424662
0.1385173929757983	0.6087706432949914	0.25271196372921045
0.49557043287637903	0.1400592718328401	0.364370295290781
0.5304791658136565	0.2658557072503842	0.2036651269359594
0.292189873636907	0.4517673948266596	0.25604273153643353
0.3736583850692133	0.5326524099651326	0.09368920496565414
0.5634920556387131	0.37217361407442917	0.06433433028685787
0.5048871613017094	0.16438675329020624	0.33072608540808446
0.39254610835185316	0.21785359760845277	0.3896002940396942
0.33430911898167	0.4059819035171174	0.25970897750121275
0.25304333180490163	0.6769590513126227	0.06999761688247574
0.23907680423819896	0.5396327096385618	0.22129048612323934
0.30973476216545215	0.5058125721118808	0.18445266572266716
0.3556110382867682	0.25794831487909375	0.38644064683413815
0.249920615761376	0.6545246740382442	0.09555471020037987
0.5469942742932495	0.20244329005775402	0.25056243564899655
0.1668859934442411	0.6289890310558452	0.2041249754999137
0.453963512315831	0.22466613039954936	0.32137035728461977
0.5584447532381002	0.2270478911233089	0.21450735563859102
0.32183229968979876	0.5718878393902637	0.10627986091993774
0.1662601902677051	0.4450330456242057	0.3887067641080893
0.26770412136799576	0.4154095229358017	0.3168863556962027
0.49402372404079975	0.18423304470619636	0.32174323125300397
0.28435080384290323	0.448936505732161	0.26671269042493595
0.5721606970528925	0.11358853710437469	0.3142507658427329
0.541404582308033	0.1557540103553587	0.30284140733660836
0.31569932024155145	0.597269581112741	0.08703109864570763
0.305183944953171	0.3804857909305308	0.3143302641162983
0.4342932880636384	0.44914399635514085	0.11656271558122083
0.4172633185804618	0.4903774697684114	0.09235921165112693
0.5186789552210205	0.07561929274461038	0.40570175203436915
0.4977521556773612	0.36529197513203177	0.13695586919060715
0.3209394228039096	0.5446424958478264	0.1344180813482642
0.3040577367202437	0.47665378004648584	0.21928848323327058
0.5068978216050262	0.25922767112051687	0.2338745072744571
0.40414603045647546	0.4260760006241243	0.16977796891940033
0.5569490374712562	0.3161378196040634	0.12691314292468042
0.5722871910256215	0.2822320108649553	0.14548079810942327
0.1426041319488937	0.45495555137754407	0.4024403166735624
0.2864964853287836	0.47514296461657823	0.23836055005463827
0.1357793422011776	0.7968719447722867	0.06734871302653572
0.483117879477212	0.25006221335877044	0.26681990716401766
0.3436000452877716	0.5954461320241222	0.06095382268810623
0.43934007879007997	0.33321110225974415	0.22744881895017605
0.3231327708619681	0.4394126120750129	0.2374546170630191
0.10318598221320185	0.5949342710551958	0.30187974673160245
0.5645770237279659	0.13030762393648937	0.3051153523355448
0.16217149374922973	0.7415719924672992	0.09625651378347122
0.3075564074479755	0.2858023515919639	0.4066412409600607
0.31320073202137116	0.6014081795705548	0.0853910884080741
0.20056159986561167	0.5917211192189162	0.2077172809154722
0.1550362508794633	0.5632533909034197	0.2817103582171171
0.1626493973051067	0.7555331951079618	0.08181740758693157
0.34093036323606624	0.3874281659699768	0.27164147079395706
0.4423053816164498	0.31888906362806696	0.23880555475548335
0.40706174602237033	0.3846152372481604	0.20832301672946937
0.4016840692288524	0.4095955800840025	0.18872035068714518
0.4609360745406059	0.2727749030380453	0.2662890224213489
0.10792031237448849	0.6386361101070057	0.2534435775185058
0.1805510873341893	0.48786991913238775	0.33157899353342307
0.5474879794860401	0.322579619953015	0.12993240056094496
0.13751587073235902	0.6170063418967069	0.24547778737093426
0.3227928390756107	0.4700518543486359	0.20715530657575354
0.33946605038725564	0.3634435438971108	0.2970904057156337
0.3432106316689715	0.4876212459867285	0.1691681223443001
0.41899308068782876	0.4492501527571631	0.13175676655500823
0.446765729561407	0.4533724816273578	0.09986178881123528
0.1746050325487849	0.7440734933128236	0.08132147413839164
0.2697590704700263	0.46291808528756107	0.26732284424241276
0.5368092798334645	0.10246087839750587	0.36072984176902967
0.20528691300928664	0.4392286703936939	0.35548441659701957
0.3810823414374241	0.35792948361872245	0.26098817494385357
0.33685173862134044	0.558452574676195	0.10469568670246462
0.47603458309991087	0.251239166464168	0.27272625043592125
0.3499532600823277	0.3044842009640917	0.34556253895358074
0.5034137079047952	0.1628848462090519	0.333701445886153
0.5062644244761595	0.09078531596454556	0.402950259559295
