0.15844216899812308	0.07263728357873597	0.13159083271516098	0.064520632619209	0.06703681854205609	0.17111009628183144	0.11105652172242296	0.046408547295806866	0.03924430275763907	0.13795279548901443
0.13564567944599726	0.04295693370409116	0.15669450709506916	0.06496975818277081	0.09482205329595211	0.22075839325196217	0.09752459940619096	0.03650947669835085	0.038697063485822726	0.11142153543379274
0.08263862385541297	0.09729125211018927	0.11897820544087886	0.11790215006130621	0.06383620060434722	0.20894660649547014	0.11062460951840256	0.06259808849424969	0.033371193605389704	0.10381306981435331
0.1226424308147506	0.18093531577341715	0.07157518957951207	0.06415927856258286	0.09835800550245906	0.17304060494022047	0.0888669813611299	0.04844121748356863	0.031721977476345045	0.12025899850601413
0.01875835226056767	0.08331107339196928	0.1275081135094423	0.2174379158011739	0.08784574555509074	0.13405630007111147	0.07496850492092172	0.038986466099450424	0.040095906100198524	0.17703162229007408
0.17748668192204148	0.06418197273924156	0.10613022851757871	0.08607947419393379	0.06519159953778492	0.16415739769861765	0.10291350006566666	0.06255519245654954	0.033417001692660445	0.1378869511759251
0.04883483556490592	0.2573633735412133	0.17123598176341476	0.0413323700631865	0.07754663222908575	0.1297517485023152	0.10382927753465912	0.036784007791609674	0.028060248658500722	0.10526152435110905
0.14299652713515054	0.022798092575235934	0.0507523462233384	0.2309121583015099	0.07582082664014789	0.17926128968435423	0.07188919349870163	0.04648160339912666	0.04448135240133909	0.13460661014109562
0.022748988243836407	0.0760840021021047	0.13153010695653544	0.21911005953544427	0.07607139527025177	0.18415687441846756	0.10078166854031795	0.043192996609763265	0.027387294192462996	0.11893661413081569
0.1357026104585372	0.10273264565872738	0.07020424301175847	0.11929875514887608	0.07999883662680088	0.19048447452941844	0.08699955364846187	0.06291278947582357	0.0461983714431181	0.10546771999847793
0.07013504508518675	0.18376142569339055	0.014899403623911664	0.05969748559921513	0.07038750587270025	0.2342900401392754	0.10728263101029868	0.06397699713726182	0.034252634171867885	0.16131683166689187
0.07033918046596414	0.11320272889808608	0.019206320034762886	0.23317014853688617	0.08697876547729959	0.1609528327909847	0.11771713918914543	0.05075386363424696	0.04159647410319877	0.10608254686942521
0.0948695548465292	0.12766064032962288	0.09245654171954179	0.09597077969825547	0.08004707578987237	0.168907664095105	0.08776161618423048	0.0486146837000789	0.04763278992568677	0.15607865371107713
0.09657818792513329	0.2285216214693257	0.08196175064239583	0.05281475200290378	0.0787015884652447	0.12884080046208005	0.08215704708081732	0.05511157261789992	0.04525082125933602	0.15006185807486333
0.21843858384109877	0.04153422659487482	0.14263760734628061	0.061825983108604605	0.09076339449916927	0.15825787239657893	0.10682571656600708	0.04484894111003975	0.026220694116275145	0.10864698042107085
0.1279674029383134	0.07135821092836478	0.158208660979775	0.06361098534145657	0.05659754040548621	0.16115525930080737	0.07272853829812626	0.06429548370198426	0.04869021866027226	0.17538769944541382
0.027226021604985454	0.09015057094811137	0.12734832855980663	0.19370261616906587	0.06802614565989445	0.16386269073483722	0.10006058233946538	0.05405439234273409	0.04858136975422871	0.12698728188687086
0.21867708529523366	0.03320122500260923	0.05355807356172618	0.029996236407966226	0.09825608335360564	0.21048051768341575	0.1020029540331914	0.058626409208338136	0.045968650018705946	0.14923276543520764
0.10223426229412812	0.16969606444178575	0.09783141529328787	0.019284763332752766	0.10312567054237055	0.22048072085442988	0.10642552672840884	0.035950235593888796	0.03118496604489021	0.11378637487405713
0.19676670104638133	0.09514600353828281	0.11975121936259041	0.03517435679597765	0.05384669569848809	0.22122104764789122	0.08867734794853543	0.05222522870650701	0.03341918125554749	0.1037722179997984
0.10899534386559752	0.16074975564546612	0.1534781999794743	0.06252346789351138	0.09632371672221003	0.13249013487787964	0.07049543293050255	0.05206281202137035	0.03606552189920541	0.1268156141647827
0.07637852858223561	0.13737460086795816	0.09101876584005739	0.1415495716843908	0.08899538009945893	0.1678175405648502	0.0860874241346468	0.047404433877449775	0.048260169464960596	0.11511358488399168
0.1281518092710479	0.15851814150997395	0.06210395149258607	0.12786595039156157	0.05254856305444865	0.16133758172228604	0.07949172823648779	0.07057362387599057	0.042609134925279304	0.1167995155203381
0.023073081292173475	0.18357824971525183	0.057527986276143056	0.16262994324544292	0.08144154637064432	0.1574636905189596	0.11035128127877038	0.048554107511824776	0.042300217198286846	0.13307989659250286
0.07812456810250298	0.11329330811240083	0.06265010749380538	0.10554143973767098	0.08157001988506402	0.24180559146691383	0.08832578237423058	0.05233722980946056	0.02629008343671216	0.15006186958123863
0.15372764794224542	0.0379359152537213	0.091914809844387	0.09798316250406312	0.10408786650764362	0.2488010332592525	0.07630829295363893	0.037385481305927726	0.041031713024217244	0.11082407740490298
0.18586608384324071	0.09065123511770523	0.1133631394612541	0.023978475066473395	0.054965925399272246	0.20719838097002827	0.0778726091047604	0.0701788531659676	0.029562765886600756	0.14636253198469718
0.0904434210554382	0.06752461185179798	0.11700078142062224	0.10872795233856719	0.10891072155212131	0.19217179863733835	0.10274778976786952	0.063487716190266	0.038308324899201614	0.11067688228677759
0.17506815007561177	0.050772562474403024	0.07443637023577727	0.08572480820840904	0.06917762841261565	0.21482413380326	0.09166702327095673	0.06741015123562713	0.03177802150665482	0.13914115077668443
0.08469015069009532	0.21959408641871092	0.06098091645341577	0.06798121061332821	0.08595585766310511	0.13878942866232985	0.07014400385723613	0.057189187119840605	0.033977491094742476	0.18069766742719562
0.17474830491223514	0.04745343564843895	0.04778703603642664	0.044539428690637824	0.06742775920258237	0.24726412097298828	0.11505937263825503	0.05328050120977341	0.041578332396122186	0.16086170829254004
0.18257630141346987	0.0932226440855833	0.029832120342314486	0.042046033355771395	0.06989159311691216	0.2348831057923682	0.11847503466280694	0.05300801104944171	0.03926084389402029	0.13680431228731152
0.013975652927855062	0.1338237454609303	0.1643442258647875	0.08570373480419788	0.051211212556594415	0.18665007951675067	0.07459538478921034	0.07285680216164503	0.03604769037758136	0.1807914715404475
0.05928351809640657	0.17838952507131556	0.1375548070636599	0.027018873871672233	0.10029604561748068	0.22214332800309	0.08984962836014004	0.03867151612047748	0.028472697737228422	0.1183200600585291
0.21322489575628595	0.04196452398195738	0.09059324642419439	0.05003001071977646	0.07757120927268078	0.24264643768750876	0.1005637444874047	0.036386727244610034	0.035425463346315356	0.111593741079266
0.08831118257263101	0.1348957655991224	0.09106810118604625	0.07025315417895389	0.0988286880584439	0.2106114517935023	0.09516848267033913	0.05804076801576608	0.049298549181769624	0.1035238567434254
0.036835686943347226	0.2464108605747562	0.03418651673964557	0.07625419141136035	0.10150956018098414	0.15086596165628138	0.08573174148469821	0.04969538882403014	0.03922842139621459	0.17928167078868215
0.04146543759970868	0.15626470581087015	0.04279700073813461	0.09516197636518024	0.10320618089208065	0.22948898246691118	0.1181635711431995	0.06275686997702226	0.03670314350646964	0.11399213150042305
0.1426166637675941	0.20125753314956252	0.05610580245946826	0.06907076375637297	0.08916716132666458	0.13150728293810332	0.11734754756485086	0.05741053320517049	0.026017030067684258	0.10949968176452854
0.16656859722051776	0.1989459690655097	0.0733437016769567	0.02009939222600432	0.0777661121031483	0.1768178694766915	0.07755207523445508	0.04188240231606173	0.02912057082075456	0.13790330985990024
0.15489959438783196	0.02284975544394781	0.14912999726501736	0.10986167274021592	0.08132842455590832	0.18115678600491583	0.0938102732622577	0.03752802352214603	0.047209866302520095	0.12222560651523885
0.06037112475212625	0.23114251371226824	0.052124121578886864	0.05451259143724645	0.07087106291071157	0.22574119748745547	0.09121683259360971	0.04784210031222968	0.03701927473246583	0.12915918048299996
0.1664390383163068	0.02886735935483778	0.08263001571131522	0.13707542880496412	0.06261153102912216	0.2294869427031307	0.08317532146153009	0.03900407778002913	0.03615662188517575	0.13455366295358817
0.02155812514939627	0.09844493029957262	0.11819750982572831	0.18006753021160626	0.10873915065383306	0.17094260370668818	0.07245892407512347	0.05806054114681403	0.04530324065214898	0.12622744427908889
0.1821879002748023	0.09924473913697834	0.08215151593465429	0.03601827324296862	0.11022282951583806	0.19742742635144656	0.08878317663930888	0.035972635417795676	0.029064871492963607	0.13892663199324348
0.07680135389423434	0.14950224752772526	0.05513651265859994	0.1024161188012489	0.07723875409716692	0.16928545553863278	0.11143953659073655	0.05306259238055458	0.04521680004473884	0.15990062846636188
0.11389077232795711	0.1722987089280234	0.09374348685531789	0.08490327177180934	0.06151406066755554	0.16998666460828254	0.10527797137108763	0.05336876213852847	0.027029476612320538	0.11798682471911745
0.06389918678221487	0.09890055874769903	0.11988945925939548	0.01771648877336303	0.08139358233004343	0.21979165476972373	0.11633133015712532	0.06587207413980044	0.034099733938357094	0.18210593110227755
0.0527049663588956	0.08021910823651009	0.16868562831130887	0.07822658479429798	0.08814819350986991	0.22790008283092394	0.08412243238160126	0.052265722321021356	0.02748976303951399	0.14023751821605707
0.044259203202218905	0.10690907961199572	0.06841586078625826	0.19458704396724114	0.05211999801047604	0.1977247325098932	0.10721983394634649	0.040299861658536246	0.04857096003293969	0.13989342627409435
0.060391999009297245	0.20248315973493025	0.09188038056614609	0.04864175671170911	0.06675206549431859	0.15073808421419202	0.1029888195418942	0.06629013913617252	0.04269763813842622	0.1671359574529137
0.13557426445650442	0.15131395239250126	0.08470813155496121	0.06440643647989017	0.08121081651604513	0.19423089865928472	0.074092537292635	0.04778930823058089	0.03800564530584383	0.1286680091117533
0.13416590968396513	0.07281101984792343	0.08297947650111905	0.1355359052531928	0.05483661122508005	0.21157980993726525	0.09877820247732293	0.0631419046737538	0.036185430355348436	0.10998573004502904
0.16124294249557752	0.10096579287847836	0.07468956980968307	0.11820110944690998	0.0541208222716948	0.14138898471159492	0.09130683699282308	0.0637780757762828	0.03436039004918551	0.15994547556776983
0.1258609498937267	0.16409155452507967	0.03814202537328283	0.042643898034863424	0.10824298546397419	0.22864121216132716	0.07621308558812004	0.03593886617377577	0.04008453198027464	0.1401408908055755
0.10617775933559226	0.0953840590635633	0.10138942020246802	0.10531848791249268	0.0581370525894796	0.2473607029412252	0.0812391614592591	0.04905978956651683	0.04305176361614955	0.11288180331325334
0.08641080912463513	0.18382907014639321	0.12947765289279878	0.06650600304813573	0.07714418868644068	0.16740800264933836	0.07345656814094813	0.06497743182587781	0.04800958757027526	0.10278068591515688
0.06141935969661229	0.20098092509633034	0.17145506043854503	0.03215874237053082	0.1028697295452902	0.1494516246941028	0.06885808727773442	0.06840611696595611	0.0446017065547922	0.09979864736010574
0.06918852203655534	0.104034985593689	0.07227909055122472	0.16759181975062043	0.08605207061286198	0.2036568169669541	0.08299302675027778	0.06640506504879164	0.04283546179837453	0.10496314089065044
0.12282725507294735	0.0967512076228336	0.016925967517273238	0.15426264988628832	0.05563587256121202	0.23244887954224885	0.11441481126806508	0.07328430800766034	0.031433658386776184	0.10201539013469493
0.013486583131898336	0.21054360139650258	0.06303418827623661	0.13505611175835033	0.08913686664195815	0.17814185400891597	0.08717317006150266	0.03676158459670041	0.037183388871991394	0.14948265125594362
0.13095762390375723	0.051351344215156455	0.17071473493704736	0.12453105037327865	0.04932256017634612	0.12905704029999834	0.10114438190830882	0.03749756949426293	0.0331453225934043	0.1722783720984397
0.08655699916604183	0.0804901358174138	0.0916500887577376	0.12898381266378753	0.05118580652547245	0.23179532408790238	0.09578455271872043	0.06380817379063654	0.039289321310976476	0.13045578516131096
0.04797240710038214	0.13550316415066369	0.09843699714569855	0.04933391131819719	0.06982335336005313	0.20702161480875544	0.10417291191333969	0.07428743658015488	0.04565181071250249	0.16779639291025283
0.046589134378524535	0.16024716850611959	0.010136596943976672	0.07451293379421603	0.09757789168469219	0.24813868272194145	0.11521194776129769	0.03687687413847547	0.02983401296346959	0.18087475710728684
0.0419603980503005	0.12342036741924514	0.09836561887171776	0.13169939254643878	0.1038832781891545	0.1859573829148699	0.08850527880458292	0.06995278733914742	0.02656759267614879	0.12968790318839435
0.044735932711668994	0.15589345752175976	0.16101363510226283	0.0548452994075834	0.06179000296766225	0.15097102891978584	0.10553658285399814	0.06996740637003418	0.03607622148628643	0.1591704326589582
0.06579144331397427	0.23603519085992303	0.04822923394550312	0.04294803743650469	0.0986933331971939	0.14655816687427034	0.08782963960331086	0.04440909518313399	0.04780741835621771	0.18169844122996812
0.03403970852944746	0.059556604145163033	0.1715473339694755	0.21386020048351917	0.06658860948690187	0.15551883239230782	0.11149983870671315	0.05946167039827535	0.027029269143895515	0.10089793274430107
0.15028659835551347	0.1516962066439557	0.04495394789286049	0.02918455562472265	0.08044562639905754	0.18481102497142626	0.10173235173767751	0.036642336695811864	0.04382686421363109	0.17642048746534328
0.02271779596685826	0.1561552469825944	0.06480246391491551	0.1458880105156352	0.09553491438820189	0.23300165154334102	0.08725861287271752	0.04909160264955523	0.036742585239425044	0.10880711592675599
0.12567268688542743	0.12056330264096735	0.08558531263194738	0.027209273563121916	0.09728396855605598	0.18377213875581572	0.11224552837966989	0.047403363474368604	0.049021791538480325	0.15124263357414533
0.25293794746195686	0.10455246419328373	0.05323930596290245	0.047394876160426876	0.09101197840629918	0.13760401004505696	0.10346475591075868	0.03660755298623829	0.03276328868715536	0.14042382018592137
0.058235081355029854	0.044231918616640824	0.09952551117829461	0.1681879989894354	0.07305437107917465	0.17435959914137492	0.1055012241913185	0.06204365856390059	0.05002226833924834	0.16483836854558231
0.1242865693940041	0.0521918553393736	0.052211684028760315	0.11969761133673432	0.08031751474868601	0.24329868404080596	0.07401242056494764	0.06799463156443916	0.04724562465524097	0.1387434043270079
0.02752759763316294	0.03326497659065207	0.17315833032780453	0.11855799902613412	0.06128216998754309	0.24233848568886046	0.099450804096515	0.06462653714801173	0.03189134226381314	0.14790175723750293
0.15550669925566782	0.0886391612481281	0.016446455633530144	0.1998929549550399	0.08209940007319146	0.1867799658287012	0.07593800856232727	0.03967209300082661	0.046052664434740126	0.10897259700784726
0.052118375429369375	0.23469033849822557	0.05613877539333794	0.059404945016195504	0.07222478150518319	0.17676148969174008	0.10540581115780373	0.04187330976573803	0.030037494185784344	0.17134467935662223
0.06914531726951156	0.03410405092695279	0.06189854035788028	0.23312466210995086	0.1042777392251926	0.18176357178742691	0.10758436786049144	0.07100820096007651	0.032994028102232995	0.104099521400284
0.09072634480015045	0.10908575467666767	0.13360321210945536	0.038409129036005865	0.11122933551525913	0.16466660308740427	0.09586725800710343	0.03717397158516543	0.04777502669148745	0.17146336449130092
0.16293156233734585	0.08109921161816966	0.04641490098760864	0.13047273819021354	0.054739455906459095	0.16719650885676113	0.10476826393301575	0.04101237747081859	0.03449090949707444	0.1768740712025332
0.05596018610121503	0.2472223069533655	0.0156367477263631	0.09267457892378667	0.08023542321684447	0.16596519074733146	0.0932741927524258	0.06242511264077208	0.02595225339003107	0.16065400754786477
0.1476060283063319	0.15663692659455414	0.13557889372703225	0.040183845485561795	0.06346406580577515	0.1967316389793476	0.07028240727299837	0.038440989833807504	0.03643926673934461	0.11463593725524655
0.049627808506683455	0.0819775190550873	0.09690842824116407	0.1465652941317673	0.05921139248237263	0.20264948980719022	0.07019703077141423	0.07044117562133288	0.047111556227136	0.1753103051558519
0.032927593697595986	0.08994136018932472	0.13439952114436302	0.1367864728150062	0.09320113596316797	0.18722891077222764	0.08535710142067002	0.041958100352830575	0.038321628060800514	0.15987817558401335
0.10908561441689571	0.09528448502107156	0.03744676217712399	0.2013238034296293	0.07231463201701417	0.15152408791169553	0.10714132362527613	0.0631066195254724	0.04706343489613156	0.11570923697968957
0.10050891237146495	0.12194945543631636	0.12722986198646488	0.09358157599059805	0.05781337199393669	0.18626878383925358	0.07743350547844288	0.05536728174592237	0.032438799188656456	0.14740845196894375
0.03579132770005393	0.18696430257645677	0.1319045289545599	0.054715979131877146	0.05489226391591087	0.18944335722935407	0.09776710796578958	0.06618040881117966	0.03468090593664826	0.14765981777816983
0.08298164301172517	0.1434756899935456	0.13316955328594418	0.05930351423134869	0.06525369543517714	0.14798109287002478	0.10819712790318615	0.05510170444914893	0.047107692048597674	0.15742828677130166
0.07503790632338035	0.07413594920574425	0.09111503945450769	0.18269565739965027	0.07582644223955709	0.172752831657492	0.07600460667334391	0.05783844064612553	0.02855660242809656	0.16603652397210233
0.11975393875991167	0.13606900506097047	0.09033529283428426	0.11941722378968345	0.05448055765383387	0.14217249529861717	0.090809807591235	0.06469449403779262	0.042988595612782426	0.139278589360889
0.08008403509791828	0.061270839292442154	0.1424309843966437	0.19913380404811007	0.08778599426765846	0.13951801064119074	0.08628729833749645	0.04948994469006372	0.0452940262968678	0.10870506293160863
0.2354285981849868	0.0660809900117639	0.07528099985626396	0.04264999292595537	0.07956424598578596	0.171594426324523	0.08312138723865653	0.038253875840272185	0.047822736701384976	0.1602027469304071
0.1733541996927875	0.11283243860986618	0.02560807568569355	0.048365283425021256	0.10671917291796436	0.1658890157774497	0.09182089370754845	0.05253064564402157	0.04370057401931301	0.17917970052033427
0.03402052279326499	0.10992132070463613	0.11607436580616257	0.22642228018730098	0.05054418961395089	0.1698128092603824	0.08162043705018382	0.06671691659091558	0.030883110701035082	0.11398404729216757
0.06834650324801564	0.19235133206217436	0.07109507470162271	0.07306514644923894	0.06279905383083978	0.2320251049315874	0.08442482758725753	0.04196785249292624	0.04095427384625995	0.13297083085007746
0.14804994020953105	0.061433627853466254	0.09713844529922541	0.1315994439789924	0.07793421822915521	0.1334851449081949	0.09827205181763789	0.06556743960331707	0.04187562613816574	0.14464406196231397
0.04948707742283294	0.18442239511902764	0.017573628840116873	0.13116304445242083	0.07560332134124721	0.19520565723926547	0.08417244585812186	0.052204615125731435	0.03722870738793334	0.17293910721330238
0.07376026069134684	0.22164235584895253	0.09660872970813174	0.14183020232300222	0.050197151040580035	0.14135659577857104	0.08138184175269805	0.04075835397284484	0.0423090087957141	0.11015550008815855
0.1478977313449093	0.09125672000729451	0.07659825346177862	0.10593345341800137	0.09667385306931321	0.1524607198664625	0.08508130961670159	0.06842351208834288	0.04951011175333739	0.12616433537385852
0.03588150013215696	0.02688264987998691	0.12647538602315753	0.20950935632272485	0.07808474896316711	0.2002333517937328	0.09417064399823709	0.06766518294820506	0.04586321050249468	0.11523396943613703
0.08164979558968255	0.07554516485575893	0.1572611840354208	0.02808041697501719	0.10378727814014398	0.20422125994870882	0.08890162728345859	0.057355066165316125	0.025740918073233796	0.17745728893325918
0.24672363865221714	0.17486748848193395	0.06693062525326393	0.023285382957557957	0.059174829306881165	0.12714051687953432	0.08608748414832004	0.06493661053782053	0.03841479276102917	0.11243863102144161
0.10376968863152575	0.12480688569529458	0.1788309712714354	0.01872474474296132	0.09032269218201722	0.13491725212740552	0.10957455679476222	0.049539647339368616	0.047509824370400376	0.14200373684482887
0.013454354138409813	0.21023060792805787	0.0479434468738162	0.09792337632427152	0.0956083670424536	0.24364042419768983	0.07374347228195337	0.06630877359829235	0.044666551765289775	0.10648062584976573
0.09981223651299582	0.1853340098203186	0.07644999837758709	0.041743746934750525	0.056509960704022796	0.17274558137012846	0.08556740806545216	0.054853462284638825	0.04899267679287434	0.1779909191372313
0.06506109381749976	0.08474698897681002	0.04997985551786481	0.24880899440924464	0.050228103653398845	0.16411970253751035	0.11154864625662403	0.07034337450152364	0.049460600805330567	0.1057026395241933
0.058148680803799625	0.2309703228576767	0.07306918675720663	0.08090225277098577	0.06312157528328977	0.2326176030647003	0.06936195355537192	0.052422590692322066	0.03553401287428212	0.10385182134036512
0.18952874651443313	0.08811999224585915	0.024950720872736448	0.13385058947580214	0.07110529828202372	0.16881345338211226	0.09491322438359438	0.06418541793610105	0.02699705345866299	0.13753550344867455
0.1014405054145604	0.06586851983272948	0.1647401320915318	0.0944758318587485	0.07863105912634867	0.1481582037340855	0.0976873334418376	0.04964542698650669	0.031532450949900204	0.16782053656375112
0.058609240990893444	0.10493633109902571	0.04795020862877463	0.21294891761311485	0.10618282864367207	0.13523853328465368	0.10680805468661803	0.051352014434987985	0.026956242626456073	0.14901762799180351
0.19747131650042665	0.08994635410367967	0.033431889381308325	0.029130545175580613	0.0957634764234919	0.17985247170625906	0.09670529966686267	0.0670860236913112	0.0419303027785089	0.16868232057257093
0.09914635145769682	0.023292276578790683	0.08675992907473579	0.24022839029214926	0.07220809653266005	0.1604748592548399	0.0720224243669712	0.07406874500704842	0.03874404725126475	0.13305488018384304
0.11161177166357608	0.1540936017406403	0.07003042522365333	0.041426201168195634	0.0642726625328253	0.19878471210254134	0.098232726713854	0.06586887978744395	0.026207836996211417	0.1694711820710586
0.05475524150988891	0.10387366328043422	0.14421096149649532	0.08870416797405001	0.0764318473382769	0.23935877131753447	0.09130669295076356	0.06158980113818788	0.033574687548656834	0.10619416544571186
0.1870100130595511	0.046820196949469706	0.05209433396831897	0.041529051240892366	0.10522668459973653	0.23988777198031747	0.07661129211038722	0.0727861743711418	0.027707246118296724	0.150327235601888
0.24852815242327608	0.13081899742153022	0.011707117872028563	0.06769881561435498	0.05893529316474983	0.18670267630309867	0.09026788901346827	0.06458485228343522	0.028658665708001366	0.1120975401960566
0.04048332723765766	0.11175950991555865	0.07007419317627955	0.2727841501893493	0.054328897032546376	0.14915256713421512	0.06959875450869923	0.06250556410055488	0.029766340924289078	0.1395466957808502
0.1033965329886795	0.0718606527930451	0.1513133112201006	0.0879028574506598	0.10381660779259966	0.15724776187212394	0.0693035473583038	0.06904046669706759	0.04610557972506856	0.14001268210235138
0.07313691288486851	0.03857513794427281	0.0928855327496991	0.13959046572926848	0.11002337768062505	0.16267132575951906	0.1180312145764299	0.038553640382252286	0.05071886237535273	0.17581352991771207
0.01400322142713066	0.23789477617579058	0.1481903264552604	0.037069268173230224	0.06146639211480409	0.1389818005935637	0.10232041910796276	0.07265085098748963	0.02871745534626638	0.15870548961850164
0.2177742258931696	0.11079880432890185	0.11743476762367658	0.07485611874923903	0.07598843537120187	0.13503602238670556	0.07239883921840654	0.06197210095184352	0.03173881785150995	0.10200186762534531
0.19069111479701534	0.07131085728518134	0.12031727512378351	0.036303343284815756	0.05012881269651322	0.15613320745753423	0.11113584635578408	0.049045401361641455	0.0379433181447551	0.17699082349297585
0.04092091739821528	0.04150752606936276	0.09257692651793419	0.20966517834781762	0.07614610740270869	0.24936110577577353	0.06878341095046409	0.03630958513792447	0.04544702296846648	0.13928221943133284
0.10263742387941607	0.04956869528747971	0.05426738528902599	0.13683401551737662	0.08652796298782453	0.23896479989325187	0.1079669264731481	0.038431110966010824	0.047623371397633	0.13717830830883324
0.19780763611108212	0.10323679743717938	0.0556115988509281	0.12751452898509907	0.06049810163176896	0.17092763255637994	0.0871051370731056	0.045911061065224065	0.031837007426431516	0.11955049886280109
0.1142272985664016	0.09341731261357034	0.09021485718843643	0.09928693699156846	0.07743828532181846	0.22354137675804092	0.07414447073991678	0.06616352615882122	0.03211722178762465	0.12944871387380108
0.03826340762045775	0.028205104206194168	0.13309050730922303	0.18867224358536633	0.10791813068742612	0.20047674288316247	0.10482380153081182	0.05726699459634453	0.04037479172991107	0.10090827585110274
0.1442651198633036	0.1381466165061715	0.1174391624283735	0.05169347370359537	0.051222361514890645	0.16465063849522585	0.11617816415402728	0.05886305299182875	0.03778781373186003	0.11975359661072342
0.1064282663205664	0.13196131669474243	0.03986165527569797	0.21379331404921936	0.0631895545215082	0.1534049619958352	0.08832751785763823	0.042137671349384294	0.05017486294300728	0.1107208789924006
0.16092478141327227	0.02830409188674718	0.07220535605426588	0.1355982707660143	0.10978257531211336	0.16773242730982635	0.07872566094638425	0.050483431848658084	0.05042194458461578	0.1458214598781024
0.14458679045910794	0.17929455944128392	0.0897646141961243	0.02670640708928551	0.09351089743389092	0.17531658297760944	0.07022271540719843	0.06427903166027576	0.0344197493199009	0.12189865201532274
0.027117612275531	0.037026001235366396	0.12999338152057877	0.20988365140448825	0.08034403121160395	0.235446340517788	0.0713238259521148	0.05295409291562258	0.037196047215041717	0.11871501575186458
0.10276043960139564	0.10701119045330143	0.022222320904949328	0.12022426802689462	0.092441694130916	0.1854479807390186	0.11220800422421708	0.038254290164654044	0.04017449851237866	0.17925531324227456
0.029332712094567226	0.1396314244454008	0.03578559940644531	0.21397441460055988	0.08189017212022336	0.14954565190034919	0.11267036058398208	0.07113715519789876	0.03375286603880778	0.13227964361176564
0.10551841465598136	0.11042502166351846	0.13451189603579017	0.08143296758972127	0.1080222119125862	0.16776419553925648	0.11186319336414431	0.04252686389633157	0.0306738604141418	0.10726137492852836
0.07863640959309354	0.04929677683026932	0.17447766130160114	0.15449421072280342	0.09928174387255853	0.15084555102835373	0.07974969583088568	0.04244857977290201	0.04287794608134596	0.12789142496618666
0.01586964012227489	0.04725308682322938	0.15329429860578153	0.07828570752585902	0.10373121766536954	0.21786695421831404	0.09685803558900301	0.07350091501387623	0.03218376277160563	0.18115638166468673
0.17127144691042184	0.029887884122280703	0.04422949565018387	0.07435934921455814	0.0894338571982147	0.22122799691616993	0.1119123130372631	0.03909450706626506	0.04671845775283945	0.17186469213180305
0.05276456243977594	0.17216607005090118	0.05714612421263077	0.10516911777387822	0.05753329169036747	0.195213538767596	0.10707322809213884	0.05569297998079785	0.050003287927970194	0.14723779906394358
0.03464779811015718	0.20529179581571882	0.05123679893458463	0.12061005897338806	0.07895819086865752	0.1924462406728088	0.09894174777297561	0.03627873137997639	0.048962369753992305	0.13262626771774072
0.028680213728816753	0.09623195721509001	0.032656388379522686	0.26871786632060934	0.05235728930404382	0.1637472870046463	0.09192263003497766	0.06364676835215212	0.04818933945423213	0.15385026020590925
0.12585548415730285	0.05919883676674087	0.06903686117977555	0.11609803746884774	0.058556581849465626	0.17903736110730056	0.10248937464758612	0.06768702066594483	0.049984649462757554	0.17205579269427818
0.18413967903676098	0.08670073762183605	0.07915699733993627	0.015948778840450956	0.08940887349256402	0.19821996638723527	0.07910184253362985	0.07026588345981985	0.03012019902518913	0.16693704226257747
0.04051598197795154	0.18042922580936419	0.022697866702499375	0.13813999199569188	0.07107525956709275	0.22284293502077268	0.09216376514012159	0.07267644991096635	0.030020823072599734	0.12943770080293995
0.2194068037247024	0.023359945985707287	0.01671693414721452	0.123147861136724	0.0538898567510626	0.2092610590486102	0.11570299817365431	0.05639963851539531	0.03920597282936266	0.14290892968756655
0.10248622916564573	0.09691156870821965	0.17858052754771556	0.0971157782897264	0.05284282951367488	0.14860730856170995	0.10270775158560956	0.06878300718253218	0.03277816008010544	0.11918683936506058
0.03822103724916407	0.09453151284071633	0.0652652160948371	0.20352012918763468	0.10472430404660912	0.19884746006837786	0.08433034357702068	0.05969593460823255	0.050478627567690657	0.10038543475971695
0.10490721645863248	0.08602230605866608	0.0792320085758827	0.20250416155068024	0.06259380147720238	0.1537001012630596	0.11204524922926183	0.045047052919825206	0.046686314767773025	0.10726178769901641
0.2580440826817522	0.08556610826773325	0.031896524283342206	0.01688437654313804	0.07132230050162813	0.20606701740660344	0.10877036390442524	0.061664025742311564	0.0415175059506386	0.1182676947184271
0.25955764671033704	0.038720710558698114	0.17039766073604973	0.06079402225705832	0.07068495717443479	0.13458841287146464	0.07169069484622592	0.06006344029723945	0.02561965437125624	0.10788280017723557
0.05934702479021553	0.22908004321352377	0.04937267695453542	0.05454595155636331	0.10970113637704748	0.13927416701107226	0.1070945975739995	0.04120066235882834	0.04065324304513587	0.16973049711927843
0.018744476539270555	0.16429766791316863	0.15568808346029103	0.060105275246644864	0.10863492645106766	0.17144936926372534	0.10745464167192217	0.06847247368629555	0.02996316621230488	0.11518991955530931
0.178804364703967	0.047670275098203874	0.10067686833726414	0.13542305023343731	0.09378976424269463	0.16441685479205537	0.0932260424517427	0.043472295811414964	0.031678019067365476	0.11084246526185441
0.14671343768036818	0.13810626498007023	0.050699618216299105	0.11625053077116781	0.10634982743089762	0.13276881132561458	0.08290749509918727	0.04956878097746614	0.04149998385802288	0.1351352496609061
0.1674014526082517	0.07848520627681334	0.08320729766636138	0.09294007853123656	0.10463537490267297	0.20930471048682353	0.07151117259351805	0.044742466242030904	0.03364299383971198	0.11412924685257943
0.19846884180294558	0.04024046867883386	0.172821675338024	0.07553606965950643	0.0943250282016862	0.13554953080608495	0.09095492521167045	0.03823025705752566	0.03422189748878257	0.11965130575494015
0.07736700697171718	0.03338093473801351	0.02167806245346765	0.25465117840537593	0.06918713407162927	0.2185051493015063	0.10696179534568173	0.06955562871965262	0.03786993460061787	0.11084317539233786
0.043041184806269485	0.168156215976223	0.013148374686386757	0.2050360778756689	0.06718945914492913	0.1642911045754628	0.08730812245668877	0.05965065759039487	0.04451480633564541	0.14766399655233087
0.16794220531660883	0.17882462359658288	0.0805256501087415	0.018347078765271627	0.0662074899679544	0.14968286116657542	0.10869456197603945	0.06272608684882773	0.03790377293292469	0.12914566932047336
0.10316486605194045	0.04281828501083653	0.04997234293427836	0.19864652624921408	0.050186595905439585	0.19462517338733146	0.10286009745374523	0.0520075103146254	0.025143357669707725	0.18057524502288114
0.11973483486136624	0.11971392016602438	0.07538018615420995	0.16391213331052473	0.06606430888254994	0.1323766238377062	0.09008605135528228	0.05061268229908465	0.027980087320376587	0.15413917181287498
0.14273903094101092	0.05693850732018259	0.03630076172979116	0.1820317896334485	0.08817601105281417	0.18746705621986	0.11794416999152443	0.052278298231860046	0.03305201873622196	0.10307235614328615
0.0555020740147373	0.14702732497204593	0.020443218360948714	0.2052048101955895	0.10060035319416995	0.15684580990652203	0.09964786762821916	0.050785213481204156	0.04689324225926216	0.11705008598730104
0.12766013634244466	0.10466936302590504	0.13027177002965568	0.04325974102168498	0.079385242141769	0.19678486256847177	0.11194891689251672	0.06408429095501944	0.027860192684163995	0.11407548433836866
0.042071279435519554	0.07371872425691263	0.08991480066507075	0.2544351774539091	0.06749755924070985	0.17055055575182795	0.09437309757142545	0.04097105735651081	0.024790134266005362	0.14167761400210854
0.18596831194691488	0.05331022260352377	0.07740415832821713	0.17332665525539256	0.06280093115857367	0.15194400032595162	0.10079295552435345	0.05613619323008454	0.03694214625197305	0.10137442537501515
0.08326776786987551	0.15960463363125152	0.08334760751581788	0.10376093966561131	0.0815485393820174	0.14466332442365065	0.10765149615649164	0.03934734647148901	0.03495608060504206	0.161852264278753
0.016978693060203956	0.25285634058645096	0.01639806331553101	0.17316757453745704	0.049940521693858445	0.1286449705540521	0.11240081405566149	0.06785177962594603	0.027194168632493326	0.15456707393834562
0.2587372554493868	0.06538699644164933	0.1117978505469198	0.03346454380844076	0.05393372616453107	0.1404213327059389	0.07932689269097698	0.05520577554446557	0.03955329254490818	0.1621723341027824
0.08107731012481637	0.16366773789185574	0.11559956987452359	0.06685184544743039	0.09125081985290465	0.1364792661784125	0.09440553986389578	0.0701257148977458	0.04773751436665802	0.13280468150175717
0.03073298519096246	0.17671316453365893	0.12218236031407084	0.15393698250265822	0.060872204390803576	0.1416263219965643	0.07946036152418626	0.052796290708409355	0.033898720598366766	0.14778060824031936
0.05489010577699259	0.06561816380538697	0.03080020826813211	0.21762329053365015	0.08473591528064384	0.23211529013649795	0.06907861079022053	0.06821880865687063	0.042173747426115626	0.1347458593254896
0.11799944702088072	0.1258079982944901	0.06608050154681738	0.09372535055636691	0.06758378731878449	0.23553039821708394	0.08564375799830402	0.04672926702115921	0.04069261930141469	0.12020687272469846
0.14446724617203677	0.03611888569517982	0.12085874642916725	0.19099732443565076	0.0781124284243715	0.1452849834504859	0.07345752901285557	0.04022268829661428	0.04055327224728677	0.12992689583635125
0.07924152733872329	0.18415326458454928	0.056454165582281335	0.11354651180916027	0.0639651189522073	0.17527030162557333	0.0999160062022398	0.07306392556693182	0.04315025425015482	0.11123892408817877
0.07997956483002366	0.19361150900478574	0.016976424421144234	0.09521758053028548	0.09621655126881028	0.19335540037644633	0.08177244415947597	0.059570376401011794	0.03058114164403987	0.15271900736397662
0.1751819596453087	0.05345681298311317	0.03316192906479089	0.13197271645682934	0.09970412612074483	0.17988232252939734	0.07216823165389476	0.05923886264120401	0.03889762600495582	0.15633541289976108
0.046537086760675375	0.043199608070660714	0.14951691084537866	0.1725850405843818	0.08904067010368263	0.1405631991108672	0.10902113882729297	0.046825512546641745	0.03773087008494665	0.1649799630654722
0.19520822464405396	0.07869714258707253	0.08044818241567105	0.11295401772931726	0.07725314548808042	0.14051467611930002	0.08866680736745511	0.06831404549774792	0.038114099379234274	0.1198296587720673
0.06327538767121875	0.2203430270958574	0.013869450955878215	0.11977307945387008	0.09293621293878625	0.16498881498585188	0.09580443889439955	0.05029598742071453	0.0470655880663786	0.13164801251704475
0.13544084373097778	0.19151500343052744	0.028439269900981723	0.08360087669346572	0.05874607700381459	0.1905245569416965	0.07342267708878021	0.07001346732462939	0.026315850006270305	0.14198137787885629
0.14412050125273346	0.1319459007407318	0.12780850514904069	0.052638345862650295	0.07404142728675116	0.1674359972007682	0.10950317438710534	0.03899309831929563	0.02901956709220503	0.12449348270871832
0.10803022829224454	0.25586309167795546	0.020891351708954578	0.029679877022247753	0.051669317765369704	0.1876881667221869	0.09010799331905608	0.06441485263642403	0.04652055999017808	0.14513456086538276
0.16048866844054543	0.20015274888131698	0.047134681876276695	0.037850968985751424	0.09655036229528287	0.13067045752342676	0.0864309232846496	0.0658959693271973	0.038826500794188396	0.13599871859136442
0.17340906041370552	0.11106470508201903	0.04337796686916952	0.06983963161256108	0.10317536010662577	0.17328047538328112	0.10159002469225333	0.06871929276622638	0.03438428160945106	0.12115920146470704
0.0766972171036021	0.04279093837770795	0.09272965385500444	0.22617926020506074	0.059377976898541365	0.19477431135525025	0.0858352282254221	0.04042258089368189	0.032885751254105436	0.14830708183162372
0.14982035193990362	0.15812306430846187	0.060219488957917344	0.042857047316158595	0.07858447040414437	0.17601656810376753	0.07738170071519176	0.0543455892025142	0.037853643608187174	0.16479807544375344
0.038264701639357475	0.16028075573328535	0.046159235994639475	0.167901186431155	0.08979397846119078	0.23177332131991207	0.07426767474465482	0.03975551071308955	0.03989580193474034	0.11190783302797518
0.08452698935382585	0.07721159000884598	0.12661321996529756	0.15562385030032672	0.10496640817873927	0.1595286803789282	0.09009486462684567	0.05173332111785808	0.028625578966877688	0.12107549710245495
0.1126873350917015	0.04128574463581919	0.08106076849872315	0.22279555062704326	0.05919526898847439	0.13561025276482888	0.0973429144676458	0.05125040910520695	0.03444838566022067	0.16432337016033616
0.07596927420147372	0.11191604056125302	0.040099209316639677	0.20065336204118694	0.09137912962548546	0.154641355683	0.07109584252839007	0.053907943785649004	0.026431997953500028	0.17390584430342204
0.030143661642573996	0.11118660896848243	0.05976424542379005	0.270165844368638	0.058754102259748045	0.17915760628907204	0.08264238042773767	0.03604704854790207	0.029548446622770425	0.14259005544928535
0.12506966515536255	0.18699606485823905	0.023778759570498312	0.04151460086576331	0.09545969631742586	0.14977476274798185	0.11884453421941965	0.04049506791098719	0.04499854476754131	0.17306830358678083
0.16521421755366789	0.10571168753445165	0.037949418801339875	0.05337749092887244	0.06782523596388873	0.24729728731858908	0.08229101495619684	0.038420231392137356	0.040387217337021906	0.16152619821383407
0.01626900815196304	0.10930866684495096	0.16941478559790724	0.18652185170308228	0.06474686453424278	0.14401107121262255	0.09670520893516264	0.06771549960495989	0.03572561264206099	0.10958143077304773
0.1170779726808002	0.029438275850146467	0.10753359847133663	0.0646951389432555	0.10120126741399794	0.22441945852294937	0.0764931342171403	0.067749595153132	0.041435046416893793	0.16995651233034773
0.09289028896401202	0.1564444271286862	0.03614140471762711	0.19857607453004045	0.0600793230805067	0.16799430787200298	0.07541753197173318	0.0653653070790822	0.04344440186468184	0.10364693279162727
0.12648726514445507	0.09928265181151374	0.09029467730620643	0.08274950426367979	0.056533912896056575	0.16807436030205536	0.09895393207578226	0.07091091559397732	0.027058013504436554	0.1796547671018368
0.19165818945120616	0.1561234000654428	0.01455648175487416	0.02099647898392333	0.06311415100700027	0.24062562639043095	0.07671869926455119	0.03703390660932587	0.03149118483682707	0.167681881636418
