0.2381251316039701	0.2076549092791078	0.10479043085154698	0.27654200919300476	0.1728875190723701
0.2381832893600347	0.2075273306936968	0.10434870891807463	0.27679745782831533	0.17314321319987827
0.23806889127281117	0.20761491430105722	0.10453216234347003	0.27683198215554516	0.17295204992711619
0.23833954556514209	0.2073912506255164	0.10440940378351111	0.27702912875885244	0.1728306712669777
0.23777410324149284	0.20750369863538434	0.10466100381674065	0.2767805707306621	0.17328062357571977
0.23806928314162965	0.20763975819970848	0.10440111700764639	0.2768073764337322	0.17308246521728302
0.23850426301501396	0.20778911383568968	0.10423209223787118	0.27654495010165514	0.17292958080976983
0.23790146997961903	0.20780030470488628	0.10412839031157772	0.27701952505579275	0.173150309948124
0.2380738009506696	0.20747932679390238	0.10470049347368997	0.2766764198592002	0.1730699589225376
0.23801929619434753	0.20751389923164257	0.10393661803466397	0.27706905779045155	0.1734611287488941
0.2381288302916934	0.20780904168508021	0.10376571500729712	0.2770137370818103	0.17328267593411875
0.2380554500018559	0.20742423431950072	0.10453481986569435	0.27691061810474626	0.17307487770820254
0.23793323568948255	0.20738184656333103	0.1045728365201464	0.2768946133743442	0.17321746785269557
0.23844268181715994	0.2076836372084642	0.1041170361212565	0.27653712274175424	0.1732195221113649
0.23814128592043857	0.20757844217494661	0.10443687901278124	0.2765956834882546	0.17324770940357875
0.2384254662532242	0.20748698390404377	0.10409069632287883	0.2766814861368271	0.1733153673830259
0.23819355678618298	0.20767303609496565	0.10446772289974986	0.2766545695768278	0.17301111464227342
0.23832874591268755	0.2076584806510791	0.10454910545470376	0.27654114156383225	0.17292252641769706
0.2383431324760108	0.20766484705549978	0.10388287132412133	0.2770120635552972	0.1730970855890706
0.23816846087333987	0.20743351608627625	0.10417132058991627	0.27710799469850295	0.17311870775196447
0.2384652401449459	0.20744713119203298	0.10442140803785457	0.2765233782205355	0.17314284240463076
0.23835883740009572	0.20739844571025565	0.10447512933781325	0.27692536835870857	0.1728422191931265
0.23853273294147026	0.20760050492730536	0.10390729162107533	0.27650820050741	0.17345127000273886
0.23845530640949364	0.20774193090832802	0.10416030914662418	0.276559791361776	0.173082662173778
0.23832712194440986	0.2076036727091247	0.1042881225386983	0.27666217457014625	0.1731189082376207
0.23807726007470015	0.20778397250920277	0.10414650881698612	0.2768293192347485	0.17316293936436222
0.238384575943709	0.2076847223041274	0.10439514621954124	0.27671705907202937	0.17281849646059272
0.23817219981321208	0.20765208596630622	0.10402923167091127	0.2770350852144082	0.17311139733516198
0.23835149597801222	0.20761159657374587	0.10410032087560583	0.27652681748391755	0.17340976908871825
0.23846979598501133	0.2075352504799053	0.10424781511888113	0.2768331023432883	0.17291403607291372
0.23833440172668727	0.20736250386454433	0.10419089709762101	0.2766534685158199	0.17345872879532725
0.2381697282934655	0.20755389216008724	0.10453122131273006	0.27685793772988465	0.17288722050383226
0.23789760981289873	0.2076292246035695	0.10446731417985895	0.27655024430518926	0.1734556070984833
0.23811733968700216	0.20744060932403427	0.10421601882806047	0.276979096160088	0.17324693600081487
0.23807991681640311	0.20768688098356033	0.10415816860867917	0.2766271187020967	0.1734479148892604
0.23837693788477912	0.20736344287857872	0.10457526065686573	0.27661966590076337	0.17306469267901284
0.23842310961439023	0.20776823511185996	0.10395301228666799	0.27707894832313534	0.17277669466394624
0.2379929348406611	0.20760655364975503	0.10456753191991452	0.27709201806847994	0.17274096152118915
0.2384701427594681	0.20770231178050744	0.10453748207032076	0.2764944754603482	0.17279558792935518
0.23852121790893743	0.20750187642063025	0.10397120896064693	0.2766606683667152	0.17334502834306995
0.2382838488589386	0.20735856149053564	0.10453006270798038	0.2769075556533568	0.17291997128918837
0.23838873088408027	0.20731910867516584	0.10447727619285778	0.27653740453957965	0.17327747970831622
0.2379847837660981	0.20776052856088004	0.10430728661054504	0.27699068086713985	0.17295672019533676
0.23816649597002681	0.20741793294274696	0.1043540909258026	0.27669892062661855	0.1733625595348048
0.23796109128551304	0.20774465480030435	0.10394770176452275	0.27700548598958497	0.17334106616007464
0.23781846870998527	0.20779420298581003	0.10445260644411049	0.2764839770591216	0.1734507448009724
0.23858058252869352	0.20751313539721447	0.10385207003959697	0.2766590465940244	0.17339516544047043
0.23858119188912869	0.20753510693335636	0.10417867527681189	0.2768066086633638	0.172898417237339
0.2382802327168616	0.20770592841318627	0.10473454174837965	0.27644532033570157	0.17283397678587062
0.2382688287149652	0.20770538360932425	0.10419906069218936	0.27661948305038175	0.17320724393313924
0.2379942632047256	0.20749750583159352	0.10476980775978025	0.27689618025578633	0.17284224294811407
0.23847045529276906	0.20739232538483982	0.1040574270713823	0.27660250569401307	0.1734772865569955
0.23854312035070302	0.20758171885028565	0.10394290457734881	0.2767572717526258	0.17317498446903648
0.23819588605306216	0.20773742088923328	0.10401369552721201	0.27658675004157596	0.17346624748891637
0.23788636479446096	0.20757974807263618	0.1045660438128009	0.2767236455385262	0.17324419778157552
0.23838723222132036	0.20768238603949452	0.10414027493397032	0.2769266068076998	0.17286349999751474
0.23810882185087734	0.2075652033721147	0.10429829006219067	0.2767557768655373	0.1732719078492797
0.23779523590153812	0.2076340775994723	0.10469256721765349	0.27706637518540456	0.17281174409593125
0.23796418729076685	0.20779514145074385	0.10422048066417165	0.2770839874061528	0.1729362031881646
0.23830982506481688	0.20744739840220192	0.10475236474088469	0.27659690910085927	0.172893502691237
0.23795798158844944	0.20754786421648372	0.10477870659877414	0.27660457645274084	0.17311087114355161
0.23826870309822606	0.20767940483813013	0.10459279631891069	0.27671235164876723	0.17274674409596563
0.23851904812926059	0.20739515616626303	0.1044268216207204	0.27662334436291913	0.1730356297208366
0.23797123970018652	0.20745224158092437	0.10409395809587232	0.2771197066903581	0.17336285393265846
0.23810267234802712	0.20742837871182193	0.10440473991026639	0.27691308566311856	0.17315112336676577
0.23852094650901637	0.2076652372663975	0.103808685826036	0.27699891572963137	0.17300621466891852
0.2380034984074141	0.20741276958708638	0.10421465621895457	0.2769744104287525	0.1733946653577922
0.2378407633536555	0.20753277977442502	0.10413100495163981	0.27704693140967485	0.17344852051060458
0.2383528770845081	0.2073358913099253	0.10453105066756702	0.27679557041565533	0.17298461052234398
0.2383513721529491	0.20776798359385576	0.10411557653084917	0.27649065317719224	0.1732744145451535
0.2380600951628808	0.2076414368566461	0.10450573718788607	0.2767666491262992	0.17302608166628755
0.23780929046269658	0.207367343271204	0.10454934095602524	0.2771143829152336	0.17315964239484036
0.23849361173805073	0.20749376065510808	0.10412918140731464	0.27704599998103996	0.17283744621848635
0.23807995108598823	0.20743392836539765	0.10431912081372949	0.2769398696300498	0.17322713010483465
0.2378311778522807	0.2077212850215797	0.10426640693238273	0.2767090742607879	0.17347205593296874
0.23836315289569343	0.20744383325411667	0.1045983584163	0.2765507728556287	0.173043882578261
0.23821394692222422	0.20765859546003115	0.1042710448885352	0.27702884695048485	0.17282756577872432
0.23836817907609875	0.20742773167225245	0.10428650522361022	0.27708365721182954	0.17283392681620882
0.23856472034290108	0.20744178398692645	0.10383916703726613	0.27689435984896793	0.17325996878393818
0.2382111795239644	0.20777395572281707	0.10411249440345319	0.2769016906535571	0.17300067969620803
0.2383301345003501	0.20759606058425545	0.10391446902797113	0.27673968801912496	0.17341964786829814
0.2381777381565161	0.20735233816149692	0.1047358430199507	0.2767427191419814	0.17299136152005462
0.238341183092807	0.20750263122126908	0.10410945152653309	0.27705632743784275	0.17299040672154786
0.2379351966625764	0.20772881652751887	0.1044977268531956	0.27690624076404113	0.17293201919266774
0.2385289971652932	0.20734727370107567	0.10444627399904804	0.27665178697954956	0.17302566815503329
0.23780830487859814	0.20766189755519174	0.1040501925648814	0.2770200743656197	0.17345953063570882
0.23855365124959252	0.2076423749610823	0.10440625091947542	0.27658436675522874	0.1728133561146208
0.23831092342930893	0.20754644886785606	0.10409844785069525	0.2767526311786675	0.17329154867347202
0.23833977887330016	0.20731856380784394	0.1047962580695901	0.2766277286194404	0.17291767062982516
0.23824122323051194	0.20736009795007246	0.10441560724530771	0.2767062959518411	0.17327677562226657
0.23825653585746828	0.2076269135351639	0.10445188385745882	0.27662239101121855	0.17304227573869016
0.23858761668340672	0.20766742305695585	0.1037768644495049	0.27693554532184944	0.17303255048828284
0.23783797710405993	0.20734624389267892	0.1046653271691993	0.27673558995633407	0.17341486187772753
0.23814574239164063	0.20759712184199397	0.1044077489052936	0.2770269120653763	0.1728224747956953
0.23804827908918785	0.20769012333951953	0.10437284019165052	0.2765220379985137	0.1733667193811282
0.23842061581996388	0.20764005793415638	0.10380572787902179	0.27675649102268035	0.17337710734417733
0.23799266662795682	0.20736088021704024	0.10428882394649898	0.27710828948768235	0.17324933972082135
0.23852852213704162	0.20739331232507197	0.10446989193537876	0.2767993192670263	0.17280895433548116
0.23843785530583983	0.2074793902694889	0.10445053279894513	0.27646146623048135	0.17317075539524457
0.2382523997315972	0.20777072652003073	0.10424614150985143	0.2765856576972098	0.17314507454131065
0.23807506008039328	0.207516049450385	0.1043572569071656	0.27703793663782494	0.17301369692423096
0.23783691214805175	0.20769984312847833	0.10455119887340227	0.2768589988775722	0.17305304697249516
0.23836770332339946	0.20733296184594005	0.10449241237681774	0.27693229615055803	0.17287462630328443
0.2382241150086371	0.20774740170299635	0.1042040735575293	0.2767054241530446	0.17311898557779237
0.23854441583721714	0.20770116090693558	0.10423367101111644	0.27660513100132716	0.17291562124340348
0.23794661661879526	0.20760489605091267	0.10451824645868552	0.27686284921047694	0.17306739166112936
0.23805924062969197	0.20763971241012893	0.1045704340407873	0.2765846891761432	0.17314592374324836
0.23839717023829676	0.20751283532212167	0.1046725624235922	0.2766786732980696	0.17273875871791955
0.23839503286064045	0.2073664866712174	0.10436102422598627	0.27657778461369753	0.17329967162845808
0.23856241620489804	0.20759761116651684	0.10410245146825547	0.2764642589491453	0.1732732622111841
0.2381904425408226	0.20756627628561614	0.10396639564912058	0.27704794107419345	0.17322894445024695
0.2380754840511582	0.20743186472348518	0.10446693227528585	0.2770288955746662	0.17299682337540434
0.23832523557772017	0.20761872637667853	0.10420492213409492	0.27695288629569803	0.17289822961580814
0.23799433950601262	0.2074927276759863	0.10464315789942957	0.27661549603739816	0.17325427888117315
0.23790524581517875	0.20759066473332238	0.10409058635010714	0.27706938636443634	0.17334411673695516
0.23785562458472123	0.20768868643769717	0.10456318828950036	0.2770894181596208	0.17280308252846022
0.23788370471451603	0.20746207126221694	0.10474252365065474	0.27669405955859944	0.17321764081401259
0.23828002598252174	0.20771680321920247	0.10407112702950577	0.2765163422011683	0.17341570156760144
0.2381072317901472	0.20764884116201432	0.10447765004965058	0.27674083400846117	0.17302544298972655
0.23787831003501864	0.20751577260339088	0.10475305079343734	0.27664377989704736	0.17320908667110554
0.23839576043432598	0.20747164307151755	0.10443476881653892	0.2768073301169114	0.17289049756070596
0.2382302204397728	0.20774764420328573	0.1039763433203487	0.2765734091169797	0.17347238291961278
0.2385911323701313	0.20747992309465474	0.10408445599171975	0.27684194023819864	0.17300254830529532
0.23858244054785088	0.20755545408085468	0.10425861144802209	0.2767825697330222	0.1728209241902499
0.23816751580915402	0.20754065791528753	0.10427962476901691	0.27698661187468787	0.17302558963185344
0.23819136933543028	0.20731248048584627	0.10480023968854976	0.27671581408775525	0.1729800964024182
0.23795775124637786	0.2077249689649164	0.10449555847610345	0.2765165314620448	0.17330518985055723
0.23842817354195628	0.20780652654259515	0.10409083949151274	0.27666139306217785	0.17301306736175776
0.23800236833430322	0.20749764999025783	0.10407520190141137	0.277122580632861	0.17330219914116637
0.23835637876460747	0.20743177796222112	0.10450982865706204	0.276573897528281	0.1731281170878281
0.23837919356107376	0.20754834781838982	0.1041022479506445	0.27695400948051374	0.17301620118937788
0.2385419938016478	0.20735010629982137	0.10412093699825783	0.27658176763101405	0.1734051952692587
0.23808802673464025	0.20763451468377048	0.10438301593355243	0.2770204821099626	0.17287396053807402
0.23839950254759393	0.2074877253415398	0.1046124051656793	0.2765492815075967	0.17295108543759002
0.23798075210629052	0.2074459438505452	0.1044634510530814	0.2769381627241406	0.173171690265942
0.23839053252926956	0.20779970381998958	0.1039800483446183	0.2768702236943902	0.17295949161173219
0.2379173539812118	0.20764250458881423	0.10460553927449975	0.276655497241879	0.17317910491359498
0.2385863228764742	0.2076763929285764	0.1039372915434249	0.27687097989364673	0.1729290127578775
0.23813179103814341	0.20780517809128024	0.10395714609141275	0.2770338565496681	0.17307202822949522
0.23819239563403743	0.2075132211750787	0.1045070230209909	0.27647623842114394	0.1733111217487488
0.23790701364922975	0.20754260859187532	0.10467625313917739	0.27667512845212033	0.17319899616759696
0.23830378935660815	0.20779445931814886	0.1042579085321225	0.27671714806996317	0.1729266947231571
0.23842932570797554	0.2075114552534536	0.10412424117095188	0.27695700127841993	0.17297797658919875
0.23803848723131826	0.20767549979936445	0.10446000808503898	0.2766189974862875	0.17320700739799058
0.2382187320809222	0.20779018588523385	0.1040258376040469	0.2769603878806074	0.17300485654918937
0.2385889639414677	0.20757845408959985	0.1044112991909557	0.27659641809031293	0.17282486468766356
0.2377724166246214	0.20744837695866272	0.10480514532609501	0.277048564948394	0.17292549614222655
0.2382375162705539	0.2074468879191541	0.10466906115792668	0.2767240346489961	0.172922500003369
0.2385628995819864	0.20778122409379607	0.10377536572527374	0.2766821555199408	0.17319835507900277
0.23821163900078451	0.20762187770058027	0.10459258667918896	0.27670659249566876	0.17286730412377727
0.23832730589050827	0.20745471907781665	0.10451858183960754	0.2765565136240661	0.17314287956800123
0.23827828487779942	0.20747537020737902	0.10408955456176815	0.27680008633405195	0.1733567040190012
0.2379280228016249	0.20756788575768556	0.1047293068438692	0.27652379236637725	0.17325099223044285
0.23817073760579943	0.2074706435276563	0.10436144788411353	0.2768094349907154	0.1731877359917151
0.23817340144847055	0.2074219673195393	0.10448470002792748	0.2771202232951243	0.17279970790893812
0.23817401590277248	0.20755896451613767	0.10403111465309585	0.2770028902355732	0.17323301469242058
0.23817592193802137	0.20751819218651754	0.1046406509032722	0.27685204611701497	0.1728131888551737
0.2380933298458384	0.20771701334401305	0.10417830585052082	0.2770816578696825	0.172929693089945
0.23857260689242968	0.20736772100473153	0.10390782624454278	0.2766902020640539	0.1734616437942419
0.2378027740481995	0.20762092511676644	0.10458054795190627	0.27711263364020167	0.17288311924292588
0.2385168923047743	0.2075575999517189	0.10401896851958473	0.27661013539174034	0.1732964038321815
0.23799772155945778	0.20747914696319442	0.10465643983685124	0.27661220089415445	0.1732544907463419
0.2382033904547217	0.20734379382026108	0.10476376061332472	0.27689250481865146	0.1727965502930408
0.23814003689426347	0.207752222228203	0.1039402474321178	0.2767397777618736	0.1734277156835419
0.23819998590479838	0.2076928282511775	0.10465951179774047	0.27655908505269755	0.1728885889935859
0.2380236474207153	0.20747046019276186	0.10435498586076962	0.2770638901742657	0.1730870163514873
0.23820224836066703	0.2075959362643044	0.10429288033864606	0.27683993931687184	0.1730689957195104
0.23811840215266086	0.2075143654998887	0.10435118725275909	0.27682205974782853	0.17319398534686256
0.23846652163717924	0.2075394361837835	0.1045174627321838	0.2765130391766254	0.1729635402702278
0.23849405972271695	0.20745658171180242	0.10434782140161646	0.2769162762599564	0.17278526090390753
0.23797336450664833	0.20780830727140598	0.10429160948234684	0.2769230215788553	0.17300369716074332
0.23853661775451968	0.20735050767534466	0.10408010862200055	0.27670506587651755	0.17332770007161735
0.2383757009362908	0.2077589373442685	0.10429576018370437	0.27683067544287115	0.17273892609286493
0.2380930251365943	0.20773551292546313	0.10429421928260635	0.2767818411459166	0.17309540150941932
0.23829259544611286	0.20738924864641178	0.10393151302707071	0.27705457752115403	0.1733320653592504
0.2384314617835879	0.20751326016075594	0.1041732659815267	0.2768685224163293	0.1730134896577999
0.23858251556365456	0.20742473062095357	0.10387110892534193	0.27690885640529295	0.1732127884847568
0.2383137990654696	0.20775865181505426	0.10415005803312682	0.2768836606497431	0.17289383043660597
0.23824986902563636	0.2075553017403657	0.10433422871807013	0.2769139754414509	0.17294662507447664
0.23797620036703238	0.20743305676715137	0.10420550226313437	0.27692469588612395	0.17346054471655767
0.23847763592547755	0.2073959495423864	0.10429687824023186	0.27672307405052193	0.173106462241382
0.23835129955618858	0.20737958288803365	0.10478050669246904	0.2765257919856482	0.1729628188776603
0.23856139872610013	0.20750060790801422	0.1038539081667796	0.27686396215413467	0.17322012304497114
0.2380312850701231	0.2076061615791973	0.10480679446160268	0.27645242067302167	0.173103338216055
0.23846431890731995	0.20759996956663945	0.10446816119120533	0.2766928620758908	0.17277468825894424
0.23800121733282262	0.20780497507192736	0.1039723778143474	0.27674754041040195	0.1734738893705004
0.23802114867221935	0.20733024462850153	0.10476990819245982	0.27693658145138095	0.17294211705543813
0.23840099410322102	0.20739570585330216	0.10435003051391556	0.27701280150133223	0.17284046802822875
0.23844793710697698	0.20750135950685417	0.10406209485458912	0.2769546522329135	0.17303395629866603
0.23826768475120197	0.20772957598209418	0.10427311581835434	0.2768797989422376	0.17284982450611167
0.23838665401476936	0.2077097872120664	0.10388412665208743	0.2769997424508314	0.17301968967024517
0.23831538646201333	0.20749807095208816	0.10433050243882964	0.2765062475260319	0.17334979262103667
0.23851326515580862	0.20758494573137914	0.10414308675013115	0.27648116669280226	0.1732775356698786
0.23830157326942067	0.20738913394668504	0.10439972131922516	0.27683001798892937	0.1730795534757395
0.2378199605611301	0.20777461715089554	0.10432560215290115	0.2766240534888809	0.17345576664619203
0.2384516737128526	0.20746867034253394	0.10460392983931774	0.27644915330900666	0.1730265727962888
0.2380800220067743	0.20740551841505436	0.10430669019128874	0.2770696608143671	0.17313810857251521
0.2383037144953602	0.20743908381311532	0.1040431359114812	0.2769190000654953	0.1732950657145477
0.23795247660165955	0.20731657740970294	0.10447020835904759	0.27701231300836093	0.17324842462122875
0.23834855156952858	0.20752735570596528	0.10445729790198813	0.27650732118526333	0.17315947363725448
0.2380579916412494	0.20732267824077386	0.104692612026245	0.27671725475417663	0.17320946333755488
0.23796548668547202	0.20766141353015105	0.10477429240585984	0.2766112375010153	0.17298756987750155
0.2378181661598113	0.20759942029653075	0.10478836808663823	0.27705571191537065	0.17273833354164883
0.2385874702920272	0.20749381048735413	0.10436709437480832	0.2765884967880873	0.1729631280577228
0.23800276428690156	0.2075400750248186	0.10473650188636065	0.27676236247061825	0.17295829633130066
0.23834758965147756	0.20746831795052684	0.10418004120880073	0.276905715504102	0.17309833568509267
0.2385321368990066	0.2075575524121237	0.10437492842403145	0.27651089254280553	0.17302448972203247
0.23780369443557778	0.20770168038529263	0.10418837777875395	0.2769673094573303	0.1733389379430451
0.23826930241484034	0.20749804069120692	0.10477472635325971	0.27658039215109365	0.17287753838959918
0.2384250119463925	0.20739555303520013	0.10453376331795189	0.27651215793288914	0.17313351376756606
0.2382369935337746	0.20780966984582072	0.10403703436968861	0.2770320153713796	0.17288428687933619
0.23829018130595853	0.20742978599361103	0.10448628085948555	0.2770299222481827	0.17276382959276196
0.2383829766925133	0.20744623352768113	0.10444670886086249	0.2766631532785362	0.17306092764040662
0.23782178101597054	0.20758147126581056	0.10429949616681687	0.27711328594583556	0.1731839656055662
0.23799512189433977	0.2077006637154486	0.10413165124534386	0.2767196920916415	0.17345287105322604
0.23835393551749534	0.20758848728657467	0.10455481328609753	0.276554471974157	0.1729482919356752
0.23858275907172366	0.20739237097323726	0.1044843081810025	0.27648857371899743	0.1730519880550389
0.23827967135440786	0.20750630744429188	0.10455570142711011	0.27672569352496384	0.17293262624922603
0.23815056939632934	0.20759208716744107	0.10401997233694822	0.2770803822045221	0.17315698889475906
0.23860238109860682	0.20739084636033658	0.10413264718501361	0.2767503694587875	0.1731237558972552
0.2380259777245532	0.20754004176661506	0.10478203775907521	0.2766119802856811	0.17303996246407513
0.23785101456851276	0.20759044633619061	0.10412200834432882	0.2770314889493992	0.17340504180156832
0.23800595589806936	0.2074648767928884	0.10448252344404785	0.27670883003223146	0.1733378138327627
0.23813755655561367	0.20775206438715002	0.1046549644749472	0.2766296828918744	0.17282573169041446
0.23779694511921737	0.20765616547852273	0.10462992019903558	0.27657303849487014	0.1733439307083539
0.23796675576687	0.2077622588629058	0.10471576542242858	0.2766005745464345	0.1729546454013609
0.23778683316683621	0.20771961480626705	0.10447783349874647	0.27670840055506185	0.17330731797308818
0.23858918233307044	0.20740807005072762	0.10414045801478179	0.276639849451369	0.17322244015005095
0.237963266310874	0.20780677947815324	0.10377320761586892	0.2770347115870395	0.1734220350080641
0.23813149535914793	0.20747681643549018	0.10391305937321896	0.2770081040778483	0.17347052475429434
0.23806685041006548	0.20732573747070362	0.10444670841433935	0.27702020710654696	0.17314049659834435
0.23830886323650624	0.2077926280687672	0.10431030743759914	0.27659053024279673	0.1729976710143304
0.23783659347932556	0.20733988218549715	0.10467405725317855	0.27700674605510994	0.17314272102688857
0.23823535966748877	0.2074111390889191	0.10478790450840961	0.27659150752823686	0.17297408920694543
0.23851050334762391	0.20770691850264605	0.10416843075298679	0.27680273105084635	0.17281141634589664
0.23849518397990108	0.20769293019741936	0.10402154956152704	0.2770410037035549	0.1727493325575974
0.23784331955682722	0.20761947124845118	0.10467541093723227	0.27673538904171896	0.1731264092157701
0.2383820451322999	0.20768374742705867	0.10406050411809108	0.2766390098243604	0.17323469349818976
0.2378605597365867	0.20738098642809133	0.10475237222920547	0.27691234084684035	0.17309374075927586
0.2380042822290933	0.20756661353809255	0.10428303982176121	0.2768347330449678	0.17331133136608484
0.2384717081819521	0.20759724937801866	0.1043773394059461	0.27676485583761073	0.1727888471964722
0.23790919154590645	0.20742997558840795	0.10465041848039136	0.27683300002300926	0.17317741436228473
0.2383065908034985	0.2077232415697753	0.10427759778121524	0.2765261452129828	0.17316642463252788
0.23793507693943344	0.20736485311341035	0.10429353089949775	0.2769819413456062	0.17342459770205204
0.23848121499603267	0.20763390029068737	0.10389887158948123	0.27690753121175743	0.17307848191204103
0.2385698065097369	0.20738311602108075	0.10378802400296544	0.27707576727331373	0.17318328619290294
0.2380076562863215	0.20735082946051156	0.10476732742177493	0.27659222264307215	0.17328196418831956
0.23850527891480783	0.2077451622109997	0.1040665859181233	0.2768274130813961	0.17285555987467283
0.238407859141398	0.20759867165355403	0.10390390519635594	0.2766394150946399	0.17345014891405192
0.23838358899846024	0.2076102826628174	0.10410998363351581	0.2769802212496592	0.1729159234555471
0.2381143269865079	0.20745928699117533	0.10411894035738008	0.2770920098589639	0.1732154358059726
0.23851708506545943	0.2074699704553757	0.1042788775425018	0.27645081129479676	0.17328325564186603
0.23813647147069764	0.20769371143610654	0.1045345590866779	0.27644068632495034	0.17319457168156735
0.23823414802760684	0.20761105598821658	0.10427735025040057	0.27666370334815515	0.17321374238562057
0.23780740840612613	0.2076862433160385	0.10436892758660055	0.27686896431357144	0.17326845637766314
0.23810366714907943	0.20736355428323222	0.10459457305564232	0.2764708508109418	0.17346735470110397
0.23836929029962467	0.20750117520162656	0.10380617586141845	0.27693591350101154	0.1733874451363185
0.2384089780355732	0.20748148313127973	0.10448087955033017	0.2767031127732583	0.17292554650955838
0.23825739517841166	0.2076776119512897	0.10429126062977663	0.27678443743109965	0.17298929480942207
0.23832288918257333	0.2077654062211037	0.10409603505475468	0.2765576381662802	0.17325803137528786
0.23785388937271307	0.20735082670198296	0.10458890639128839	0.2768733161788351	0.17333306135518023
0.23854346186420333	0.20762897170463468	0.10399988081712233	0.27670343867628155	0.17312424693775785
0.23833319683124976	0.20751230163916728	0.1039564216764188	0.27682874318276607	0.1733693366703978
0.23847436545486636	0.2077400992773341	0.10387911432377048	0.27684507847090556	0.1730613424731233
0.23778160265964204	0.20766260270428033	0.10446836395631034	0.27688799569353534	0.1731994349862317
0.23847880660932894	0.20749445957464333	0.10387498129270988	0.27711159199355373	0.17304016052976387
0.238134480700093	0.20753264364896512	0.10448703422935779	0.2768148995256905	0.17303094189589335
0.23776975629652125	0.20732746419509865	0.10446671500401201	0.27697973442240353	0.17345633008196432
0.2383824566756062	0.2076003925684422	0.10459314220948686	0.2764485050851889	0.17297550346127558
0.23829464652509183	0.20771249632204725	0.1042437733972196	0.27692869866704706	0.17282038508859404
0.23825421100610522	0.20778266565676304	0.1046657117366403	0.2764966710262032	0.17280074057428804
0.2383858001979735	0.20731732078938991	0.10423992134556288	0.27694152664334504	0.17311543102372845
0.23834624076419583	0.2078138963999701	0.10401106223876457	0.27656472795474735	0.1732640726423219
0.23807236182088898	0.2076720403822259	0.10462592214772153	0.27687754823681016	0.17275212741235318
0.23838064742842152	0.20757421854160096	0.1039908761377945	0.2766146061482643	0.17343965174391848
0.23800039889053598	0.20748042158034272	0.10457878933120897	0.27676188095080556	0.1731785092471065
0.23829019144780778	0.20737525736174534	0.1047556211864635	0.27659001857700194	0.17298891142698122
0.23816126402901466	0.20738872018276397	0.10456538640746779	0.2764470985377599	0.17343753084299343
0.23856268452455992	0.2076181723592667	0.10460621262911915	0.27646575193718453	0.17274717854986946
0.23834022411192982	0.20762914197090374	0.10439439108638471	0.2764533495106718	0.17318289332010967
0.2379401993467738	0.2077318264284221	0.10421535718186031	0.27709655642381276	0.17301606061913077
0.2380882890161215	0.2075640019912912	0.10439206899709703	0.2766383005056978	0.17331733948979214
0.23829175357819282	0.2077941841827832	0.10425989063181047	0.27672336311727797	0.1729308084899353
0.23830364640007073	0.20780418049475138	0.10424806856590682	0.27645949985926455	0.17318460468000627
0.2377691573766036	0.2077476894683444	0.10480903662710717	0.2764615889911695	0.17321252753677507
0.23803082299509848	0.2074035022067791	0.10430329989275114	0.2769344008820485	0.1733279740233225
0.23801746815640784	0.20776930110920938	0.10479132452391579	0.27648993519423737	0.17293197101622937
0.23840499889584285	0.20754673414837596	0.10429429426688058	0.2765182757431196	0.17323569694578075
0.23794630452200927	0.2074329090775785	0.10458612882022926	0.27667345863450954	0.1733611989456732
0.23798822794854818	0.20733111185286368	0.10458975877965385	0.27711554092542967	0.17297536049350434
0.23804672880434374	0.2076002809020925	0.10409492165038652	0.2767896594380339	0.17346840920514303
0.2383849827132486	0.20743754793278363	0.10412638488688156	0.27709084313951815	0.17296024132756782
0.23845031534985534	0.20746145780841596	0.103884445865082	0.2767730120424686	0.17343076893417783
0.23785169498677602	0.20777001207548734	0.10437400293588422	0.2765732079951332	0.17343108200671897
0.23860202372658146	0.20747745197087833	0.10417846099573155	0.2764747312943339	0.1732673320124745
0.23859365839907815	0.20731397903628906	0.10432841308378459	0.2765645494334136	0.17319940004743437
0.23822078459006427	0.2075550608608653	0.10469228156942874	0.27662897475190307	0.17290289822773836
0.23838204161664267	0.2076796409255874	0.1039946689656116	0.27658501437025673	0.17335863412190128
0.23824008755295714	0.2075316406903444	0.10461975855198828	0.2766379198161521	0.1729705933885578
0.23847473643027167	0.20772039173919107	0.10411422500298684	0.2764433656702052	0.17324728115734495
0.23788830322075954	0.20740176400905463	0.10468785305156689	0.2769202722260724	0.17310180749254628
0.23841810191506208	0.20772967537928735	0.1040766845668003	0.276928148253276	0.17284738988557405
0.23820059145762684	0.20780836403832154	0.10465319141863678	0.276471777789308	0.17286607529610662
0.23788665638422865	0.20740234520010495	0.10457925764925433	0.27712236360504555	0.17300937716136625
0.23825592916186733	0.20742660757439038	0.10454382150102602	0.2765916228070414	0.17318201895567464
0.2381498991247315	0.2076652695234823	0.10411518428933553	0.2770260690356001	0.17304357802685033
0.23813882208633602	0.20745674627223615	0.10422863757377591	0.27709885634377646	0.17307693772387522
0.23816371348493615	0.20765207905896127	0.10423007261928666	0.27684457529173095	0.17310955954508472
0.2382684559524872	0.20763030452130782	0.10435607466000436	0.2768087198309065	0.17293644503529387
0.23820079805759437	0.20737182639718188	0.10454026135388715	0.2766037624770551	0.17328335171428128
0.2380786046451413	0.2076144311790049	0.10469045940749026	0.27661683407255827	0.17299967069580502
0.2380324631205079	0.2073742688925233	0.10434168990706286	0.2770529729302511	0.1731986051496546
0.23789576508513516	0.20755711853437098	0.10458193163638331	0.27671984367209235	0.17324534107201797
0.23813625088701507	0.20752202690448968	0.10385824399669599	0.27708541143649373	0.17339806677530525
0.2378053801256871	0.2077993981833122	0.10451974426583766	0.276557778727064	0.17331769869809877
0.2383655278779768	0.20737228599289478	0.10447368936605612	0.27657344178984694	0.1732150549732251
0.23850045841366596	0.20733333067595477	0.10443917406050802	0.2765199582857257	0.17320707856414533
0.23819895400900482	0.20776429449131323	0.10377442266247884	0.2770614842784074	0.17320084455879553
0.23826431569366482	0.20732960043289483	0.10455732397480326	0.2769824236763452	0.17286633622229164
0.23798809920264763	0.20740755757524745	0.10428240206130324	0.27709895146767427	0.17322298969312716
0.23802878026974378	0.20753095691181547	0.1044959048556165	0.2767901108041153	0.1731542471587087
0.23800162118427276	0.20742362396924358	0.10465043193814556	0.2764609285799304	0.17346339432840746
0.2382004593510454	0.20737357712994814	0.10467333407780592	0.27643973574123826	0.17331289369996203
0.2381902035486534	0.20773572874030968	0.10406002075598207	0.27691102222336644	0.17310302473168812
0.23840655637906005	0.2075277627561574	0.10446165958779069	0.2766145712422703	0.17298945003472133
0.23825635382856997	0.20771616955936067	0.10471328566374968	0.2764536982915247	0.1728604926567947
0.23821647177931823	0.2074052619149335	0.10428190846482252	0.2769244820112206	0.17317187582970492
0.2384185889881577	0.20763854429668743	0.10385675165497593	0.2770341971336279	0.17305191792655075
0.2382184406433986	0.2075942416501625	0.1045324538059542	0.2767422208447131	0.17291264305577136
0.23847686114541863	0.20759699102817666	0.10417758499014945	0.2767673953120291	0.17298116752422593
0.23813542079405284	0.20750887566151666	0.10467050148019001	0.2764918114919999	0.1731933905722403
0.2379380329811341	0.20768257828211306	0.10457270949831736	0.2765228941338188	0.1732837851046164
0.2382708954030296	0.2074495576736791	0.10458368645497054	0.2769412065457764	0.17275465392254413
0.23808469112864777	0.20772463397961247	0.10430159353428921	0.2770387657218676	0.17285031563558273
0.2380314757480147	0.20762804647802016	0.10437748542024593	0.2765913358002488	0.17337165655347014
0.23835162262489798	0.2075154482907702	0.1041444565776697	0.27676048627707184	0.1732279862295901
0.2384662882335258	0.2073921015392414	0.10456803157789184	0.27653072847600574	0.17304285017333498
0.23796957496449628	0.20761522506430366	0.10448641720700447	0.27668038981155996	0.17324839295263542
0.23790393038696697	0.2074822567985605	0.10467386636166254	0.27695152425533914	0.1729884221974706
0.23857053146105112	0.20762637600977413	0.10399492170113016	0.2766877770663689	0.17312039376167546
0.23786395661509133	0.20774526117793463	0.10475298565041569	0.2768671028947012	0.17277069366185685
0.23785632953627134	0.2076433205409262	0.10455597142127479	0.27660852202894287	0.1733358564725845
0.23793011439632555	0.20743276652619622	0.10468219587989605	0.27663124030976827	0.17332368288781366
0.23849038470095432	0.2073570583206054	0.1042310940877009	0.2764909800364996	0.1734304828542396
0.2385531344084238	0.2077472292423731	0.10389434034404085	0.2770580107130491	0.17274728529211292
0.2382029899539987	0.2074928203890302	0.10429900986620519	0.27701698649605533	0.1729881932947104
0.23785081777850298	0.2074544816628165	0.10462102051112403	0.27709371808071764	0.1729799619668386
0.23813850053223418	0.20737279596587366	0.10476775978509045	0.2769382310962867	0.1727827126205148
0.23787881989339826	0.20735807540786105	0.10476200195650164	0.27697281123786105	0.1730282915043778
0.23799565474242051	0.2074984739025044	0.10414602135952711	0.27689603299672383	0.1734638169988239
0.23849090361462322	0.2074680732855142	0.10427360885460474	0.27662985738181456	0.173137556863443
0.238443492968146	0.2075894149962609	0.10423821164197888	0.2765907591191419	0.17313812127447203
0.23784079807576383	0.2074452132572048	0.10477540151523282	0.2770139196209137	0.17292466753088456
0.23826620168530052	0.20745276891986478	0.10461720978881776	0.2764682447555064	0.17319557485051026
0.23856499492962918	0.20762901875917295	0.10437847594949796	0.2765284683625896	0.17289904199911008
0.23818505307129045	0.20732288045736488	0.10449103660344485	0.27705850472606786	0.1729425251418317
0.2383628291726992	0.20753393628686395	0.10421255710353637	0.27657245412081	0.17331822331609026
0.2382041850930064	0.2075416420810288	0.10465038246337255	0.27677662073069026	0.17282716963190178
0.23814737885980086	0.20740125736528153	0.10472278303634439	0.27672673211567705	0.17300184862289594
0.23820207808855662	0.2077029088529626	0.10427428045883332	0.2767710405823316	0.1730496920173156
0.23851722927720287	0.20780579432577365	0.10385992448702065	0.2769366762283914	0.17288037568161116
0.23794585101300753	0.20758071325486774	0.10463091893325528	0.27662043075858367	0.1732220860402855
0.23833770130525841	0.20754643093900077	0.10399922539736686	0.2768562747853067	0.17326036757306704
0.23824666064793637	0.20743998467169256	0.10446012044872736	0.27657013838504496	0.17328309584659854
0.23846659191873448	0.2073223585496557	0.10461643272959713	0.2765014109500047	0.1730932058520078
0.23842975358692808	0.20732622304236842	0.10421719489433616	0.2769848398128387	0.17304198866352838
0.2384567691935195	0.20780230123515236	0.1042107290318158	0.276631961813306	0.17289823872620608
0.23793408565789637	0.20755606534384313	0.10470300127674365	0.2769486727211645	0.1728581750003521
0.2379734163585317	0.20775230353528093	0.10460522039955382	0.27681846876722416	0.17285059093940913
0.23788195468796	0.20756084769988886	0.10476175814604154	0.2765257439566482	0.1732696955094612
0.2385871477733277	0.20732643044733973	0.10422808751211136	0.2766470510157161	0.17321128325150492
0.23807323697672048	0.20764368624768187	0.10448981243102269	0.27650027451110476	0.17329298983346997
0.2383230039914439	0.20742725344080062	0.10435782267920356	0.2769025890876151	0.17298933080093654
0.23814686271933538	0.20772632409229608	0.10382144478344096	0.27707036162458676	0.1732350067803406
0.23844830404987946	0.2077809431524384	0.1039359750211581	0.2768347137600239	0.1730000640164999
0.23816154693375724	0.2073289305227503	0.10480806742867198	0.2765965427732555	0.17310491234156472
0.23836903755072802	0.2073226972164315	0.10465901496853539	0.2768943361428895	0.17275491412141533
0.23823380071671724	0.20758221988305692	0.10411564354956183	0.2767327046048901	0.17333563124577367
0.23843588355854017	0.2077921846653487	0.10381672871797089	0.27667509799234485	0.1732801050657951
0.2380109773163017	0.20768340169740523	0.10425682249186508	0.27692948485467256	0.17311931363975516
0.23839309245431103	0.20739709229190634	0.10413067630007553	0.2771037453988429	0.1729753935548639
0.23809013673038681	0.20735888665240262	0.10467783707710494	0.27692815372744245	0.17294498581266293
0.2383621791734336	0.2075815834601042	0.10454146917439082	0.2767731202431566	0.1727416479489145
0.2379957732613528	0.20772233569460824	0.10471219603712008	0.2766322944923156	0.17293740051460307
0.23837651333910795	0.20743418718026005	0.10424649732213574	0.2765192263784238	0.17342357578007225
0.23849696847233526	0.2076796258926061	0.1041211434706722	0.27674031675295313	0.17296194541143306
0.23781106655582762	0.20757701056056593	0.10442530166433542	0.2770482302384546	0.17313839098081618
0.23825806804148902	0.2076316520760257	0.1038284836909399	0.2769873756497308	0.1732944205418143
0.23789761664940046	0.20781257579962628	0.10428034232942857	0.27678635809328456	0.17322310712825992
0.23845227692120344	0.20752369071832766	0.10419719976755892	0.27672887125395484	0.17309796133895491
0.23828701239679445	0.20758738751942682	0.10449999289239878	0.27649120728262466	0.17313439990875507
0.23815563580274518	0.2077892036168976	0.10391377326694247	0.27686320500849465	0.17327818230491984
0.23854518248520049	0.20778750809249283	0.10394992578755127	0.276845086454193	0.17287229718056218
0.23828437272571013	0.2073158060129371	0.10420385928656992	0.27691435745784354	0.17328160451693908
0.23829443237829298	0.20738684265970264	0.10414367937332891	0.2771233001814569	0.17305174540721832
0.23812279923620733	0.2074169529770016	0.10461616523602711	0.276768616761686	0.17307546578907768
0.23785440238656722	0.20761593062574046	0.10451404673679138	0.2769751104131686	0.17304050983773211
0.2385140945962017	0.2073354583554251	0.10447561225523497	0.2768317304021218	0.17284310439101613
0.23833239747282814	0.2076884332694166	0.10379608430323936	0.27709736558630327	0.17308571936821232
0.2379933570960348	0.2074174481436466	0.1047793619797585	0.27672115488033716	0.17308867790022267
0.23785006765741473	0.20742402667204807	0.1045442797129546	0.2766885579124701	0.17349306804511225
0.23785457200378574	0.20768123742742747	0.10479330844721872	0.2766109663157944	0.1730599158057734
0.23827946839799802	0.20779753349397292	0.10398691762743605	0.27657477745550363	0.17336130302508918
0.2378136501881583	0.20774722952530997	0.10425891178267059	0.27671408831759775	0.17346612018626312
0.23822949472942567	0.20779516929695052	0.103801731146975	0.2767636632088199	0.17340994161782863
0.2384410450465591	0.20755346990482582	0.10389159171363804	0.27691878929143177	0.17319510404354505
