0.17240264301584066	0.570041591405803	0.25755576557835647
0.17033526150885187	0.572226127149186	0.2574386113419623
0.1694488967765938	0.5725441134058443	0.258006989817562
0.17334781011156833	0.5688655524066272	0.25778663748180464
0.17261967872475906	0.5762178082393993	0.2511625130358418
0.172365462168529	0.5751816920469544	0.2524528457845169
0.17167645463427908	0.5716827024035842	0.25664084296213685
0.1717726223998054	0.5755790131982612	0.25264836440193356
0.17132302969210947	0.5753699131490774	0.25330705715881324
0.17256540069873097	0.5701320789185109	0.25730252038275825
0.17122892971178877	0.5749566828098622	0.25381438747834917
0.1716788113976059	0.5767680675503897	0.25155312105200445
0.17167989913039383	0.5692642069140512	0.25905589395555506
0.17086493355138588	0.5701573926936148	0.25897767375499947
0.17276152484001916	0.5719955043737115	0.2552429707862695
0.1724704417129739	0.5716753482767898	0.2558542100102364
0.1731535293462955	0.5723835516882441	0.2544629189654605
0.17285458351940086	0.5741145261339591	0.2530308903466401
0.1737518952351704	0.5695545053677641	0.25669359939706565
0.17009612868757196	0.5736524095816632	0.25625146173076496
0.1714324132899632	0.5781883868120701	0.25037919989796686
0.17360041912515492	0.5699542622206584	0.2564453186541868
0.1732636139705799	0.5687441561196562	0.257992229909764
0.17125898530710632	0.5716035656122536	0.25713744908064023
0.16953915241741643	0.5731412025523912	0.25731964503019245
0.1723774120024832	0.5706042621659693	0.25701832583154766
0.1718978219972423	0.5714338364598115	0.2566683415429464
0.1728306729919268	0.5692067990437475	0.25796252796432584
0.17066794021742365	0.5718945487903997	0.2574375109921768
0.17126230421521502	0.5699108091406755	0.25882688664410963
0.1708344895383745	0.57591781578825	0.25324769467337566
0.16981285969268659	0.5772961999373987	0.2528909403699148
0.16958931875251687	0.5771349487490188	0.2532757324984644
0.17139097921153487	0.5767991747849851	0.25180984600348016
0.17305506489656428	0.5761101256101999	0.25083480949323594
0.17203350614458401	0.5776145857696542	0.2503519080857618
0.17394259560673064	0.5694476017752854	0.2566098026179841
0.17246530229329754	0.5707420739413368	0.2567926237653657
0.17173244359152015	0.5701400245126987	0.2581275318957812
0.16979931427744754	0.5711150366130351	0.25908564910951754
0.17374483108540734	0.5752257940024039	0.25102937491218885
0.1730857921636097	0.574877872021325	0.25203633581506546
0.17112132690712384	0.5736344092083651	0.2552442638845112
0.17330418422816232	0.5758355252064064	0.25086029056543147
0.1710615792943486	0.570856476651632	0.2580819440540195
0.17035672943295105	0.5751982314927258	0.25444503907432325
0.17253020858620052	0.5689704497422683	0.2584993416715313
0.17047327874934753	0.5731675720143621	0.25635914923629044
0.17025652261998003	0.5745354295982146	0.2552080477818055
0.16986512442269694	0.5763346655202801	0.25380021005702313
0.1700884638820344	0.5773934861415142	0.25251804997645144
0.173071391690882	0.5720083929503197	0.2549202153587985
0.17174440200494334	0.5691989434025457	0.259056654592511
0.1736433443873922	0.5715855798937646	0.2547710757188434
0.17327627210317464	0.5712532342389818	0.2554704936578437
0.1713513314583322	0.5695326594347704	0.2591160091068975
0.17011115598671256	0.5775675857872855	0.2523212582260021
0.17018254683197864	0.5758522239787359	0.25396522918928555
0.172744743681473	0.5722145802972727	0.25504067602125446
0.17299742175700478	0.5735295913622492	0.25347298688074615
0.1722051879339575	0.5718711400509178	0.2559236720151248
0.17159329314955268	0.5708138949852315	0.25759281186521604
0.1722510078917999	0.5750746530647051	0.2526743390434952
0.17055261141230604	0.5701656595284851	0.259281729059209
0.1728784298256876	0.5719822363870348	0.25513933378727766
0.1734697191379481	0.5689511927773467	0.25757908808470537
0.17213008640209798	0.5702800936494901	0.2575898199484121
0.17206433776653313	0.5745539521199149	0.25338171011355215
0.17294088260091411	0.5683618084177136	0.2586973089813724
0.1734984086821082	0.5691941931217779	0.2573073981961141
0.17178327439625288	0.5753073289625092	0.252909396641238
0.17221146776640836	0.5688506911708957	0.258937841062696
0.17165840491349402	0.5691380876305768	0.2592035074559293
0.17031430375212717	0.5774955398731818	0.2521901563746911
0.17199842332890106	0.576811515484207	0.25119006118689213
0.1733844935352659	0.5696175141391974	0.2569979923255369
0.17072871760508687	0.5730513489282505	0.2562199334666627
0.1697547106017223	0.5741801983735854	0.2560650910246925
0.1702715583045461	0.5717083752571974	0.25802006643825665
0.17151720708335594	0.5725716184928555	0.25591117442378863
0.17369522343798205	0.5690321523306603	0.25727262423135777
0.17122020407198757	0.5742606269147261	0.25451916901328636
0.16980295450912736	0.5785194628668306	0.25167758262404216
0.1705522438653254	0.5781562011381755	0.2512915549964993
0.1694369911601928	0.572416258991193	0.25814674984861435
0.1702753340540944	0.5715231028816304	0.2582015630642753
0.17073976540761718	0.5740852917638317	0.25517494282855124
0.17236324998955166	0.57075435297792	0.25688239703252846
0.16982455210002823	0.574871432603266	0.2553040152967059
0.16961494356639495	0.5770014940938392	0.25338356233976606
0.17239810822924204	0.5747425675977227	0.25285932417303536
0.1699860957046815	0.5740484496176056	0.255965454677713
0.17037586038350241	0.5771055301641103	0.25251860945238747
0.16964958172289482	0.5711566262324914	0.25919379204461385
0.17041112768493413	0.5729665320558042	0.2566223402592617
0.17392776029239493	0.5718587650645773	0.2542134746430279
0.17070305728990182	0.5706048942001053	0.25869204850999294
0.17172622549466787	0.5705901426016426	0.25768363190368965
0.17305502456971622	0.5731132694798791	0.25383170595040494
0.1732082422427758	0.5690583445365665	0.2577334132206578
0.17393142555155416	0.5747774886863746	0.2512910857620713
0.17099531935551265	0.5749668129968801	0.2540378676476073
0.17138488083094694	0.5775843071599794	0.25103081200907373
0.17000712086638334	0.5782118181091475	0.25178106102446934
0.1722763097570272	0.5729960680116359	0.25472762223133694
0.17084777618455269	0.5710629809625772	0.25808924285287027
0.17342683344627371	0.5719216975201177	0.2546514690336087
0.17283337475482435	0.5718560512213016	0.25531057402387425
0.1703735651678777	0.5771890198059424	0.2524374150261801
0.17280300109104577	0.5768294410461519	0.2503675578628025
0.17271632306497808	0.569466340657685	0.25781733627733705
0.17262338349031303	0.5744657951341481	0.25291082137553905
0.16948346799057154	0.5740101492306806	0.2565063827787479
0.16944208127096064	0.5770010518395691	0.25355686688947043
0.17226817514873205	0.5709990409760206	0.2567327838752474
0.17295987227280477	0.5739702747714772	0.25306985295571816
0.169827912133299	0.574705414911038	0.25546667295566317
0.17226892107236474	0.5701195534371652	0.2576115254904701
0.1718577959006661	0.5747890144949495	0.25335318960438447
0.17106897500005386	0.5774741782858777	0.25145684671406865
0.1734837886415168	0.575375775162796	0.25114043619568727
0.1730965352615999	0.5737476620159615	0.25315580272243876
0.17197038567976117	0.572022465499455	0.2560071488207839
0.17229113649945696	0.576868079140884	0.2508407843596592
0.173020090857201	0.5704347986289906	0.25654511051380846
0.173507295750134	0.5742794638190433	0.2522132404308229
0.1730442277194311	0.5731071910723987	0.25384858120817033
0.17156547115266882	0.5717642588667269	0.2566702699806043
0.173057209339458	0.5691577104426402	0.25778508021790203
0.17059034372646215	0.5710201211855463	0.2583895350879917
0.17031773848968754	0.5725879000881124	0.2570943614222002
0.1706564218355751	0.5741254800446491	0.2552180981197758
0.17274319078163813	0.5728872043793269	0.25436960483903515
0.17308867291974242	0.5718803751761772	0.2550309519040805
0.17293461793873663	0.5760063755767644	0.2510590064844991
0.17143666432254262	0.5739337763721898	0.2546295593052677
0.1726394355338527	0.5752848905371064	0.25207567392904096
0.1702784935728339	0.5779119538141343	0.2518095526130319
0.17251725733942785	0.5725235440987799	0.2549591985617924
0.17135746733943585	0.5745526389364232	0.2540898937241411
0.17191024409834502	0.5715092035097663	0.2565805523918888
0.17282608577375724	0.5703596518790337	0.25681426234720917
0.17184134910793492	0.5696406294358416	0.25851802145622355
0.16976694148804622	0.5780916530810868	0.25214140543086716
0.17255246576772293	0.5713895086628183	0.25605802556945884
0.17301599566061082	0.5691020632322649	0.2578819411071244
0.17407132142279597	0.5741925352568186	0.25173614332038563
0.17049659992479047	0.5734268266111837	0.256076573464026
0.17023381327337347	0.5718869524921211	0.2578792342345056
0.17371532840464238	0.5757535263608976	0.2505311452344602
0.17283659885204522	0.5754957923723398	0.25166760877561506
0.17294630112493967	0.5717340039730455	0.2553196949020149
0.16974078206105744	0.5778672174828682	0.25239200045607446
0.17151433636449787	0.576452601575209	0.25203306206029336
0.17164115846658257	0.5775240590400404	0.2508347824933771
0.17216839042745433	0.5724843226748084	0.25534728689773734
0.17316346024326995	0.5717065038816146	0.25513003587511557
0.17212751801390577	0.573295367343027	0.2545771146430673
0.1718937265213513	0.5770704326924806	0.25103584078616825
0.17216849588584887	0.5684588786575931	0.25937262545655815
0.17259934320502163	0.5736702135730013	0.25373044322197713
0.17355187629537577	0.5730248992115826	0.2534232244930418
0.17133878017140386	0.5723212221593725	0.25633999766922366
0.1701305984396556	0.5715874963553217	0.2582819052050228
0.16995209234065328	0.5708927168483153	0.25915519081103144
0.17222808044653365	0.5744241804646191	0.25334773908884745
0.17116652576206653	0.5698633351308229	0.25897013910711075
0.17300249005221813	0.5685030121577631	0.2584944977900189
0.17081019058280797	0.5711312105170085	0.25805859890018357
0.1723503791653957	0.5704557589311273	0.25719386190347704
0.1728595588583067	0.5745203721322518	0.2526200690094416
0.17049021716191204	0.5725347341471065	0.2569750486909814
0.17024090207763776	0.5744651423959626	0.2552939555263998
0.17288384751908542	0.5722656962929724	0.2548504561879422
0.1718553420250738	0.5772635984111343	0.250881059563792
0.16949961230317445	0.5736254240754063	0.25687496362141937
0.1714748778890187	0.5721585415261649	0.25636658058481654
0.173897352154301	0.5752664957164599	0.2508361521292391
0.1709157689404894	0.5759686203138611	0.2531156107456496
0.17105795697913437	0.5777161717641895	0.2512258712566762
0.17349858881231447	0.5715908282334498	0.2549105829542359
0.17297151623502025	0.5683667129726708	0.258661770792309
0.17233282257138063	0.5702990578085934	0.25736811962002615
0.17037323338609986	0.5783683011109351	0.25125846550296527
0.17244375786412708	0.5754174640674684	0.2521387780684047
0.1714288498755881	0.5756378270377118	0.25293332308670025
0.17007814640527846	0.5779138836962737	0.25200796989844787
0.17037578395577602	0.5700877188731661	0.2595364971710579
0.17373289563811667	0.5717509532233458	0.25451615113853765
0.17124098808673718	0.5706869864943767	0.25807202541888624
0.17126228864263976	0.5760235503184943	0.252714161038866
0.17240044654057002	0.5766477449470304	0.25095180851239973
0.17216654856248909	0.5762463759082654	0.25158707552924564
0.1737674983375343	0.5731546698193782	0.2530778318430876
0.17232273238745158	0.5698120477690357	0.25786521984351285
0.1708082303492896	0.5753992554009042	0.2537925142498063
0.17119376255609509	0.576114121192702	0.252692116251203
0.17086569862910933	0.5712607221495664	0.2578735792213245
0.1732028433535982	0.5736508128703987	0.25314634377600326
0.173462969403201	0.5715633255813217	0.2549737050154774
0.17096118394771487	0.5768010568702567	0.2522377591820285
0.17168323369036728	0.5701684519720259	0.25814831433760693
0.17168161548885863	0.5703890361279901	0.2579293483831514
0.1701770513255809	0.5706041931675232	0.2592187555068961
0.17358388843965133	0.569044945042294	0.2573711665180548
0.17365127313821865	0.5733074217896967	0.25304130507208467
0.17089861564233158	0.5705122443772513	0.25858913998041716
0.1711201222171772	0.5724036020507954	0.2564762757320274
0.1717391026454094	0.5739524606105892	0.2543084367440015
0.1730515090247696	0.5757127576458002	0.2512357333294304
0.1722426523771187	0.5731685281574067	0.25458881946547474
0.17317822367299743	0.5723828968258435	0.2544388795011591
0.1722859935808317	0.5740534184656736	0.2536605879534949
0.17128810374098757	0.5779236151989278	0.2507882810600847
0.16955255979537276	0.5727088007752914	0.25773863942933595
0.17032800151984434	0.5734614775065601	0.2562105209735957
0.1703294273831343	0.5778182565459808	0.251852316070885
0.1703391288152924	0.5754848861787226	0.25417598500598515
0.17047254332595213	0.5727478160550564	0.2567796406189916
0.17053252092180782	0.5737491249418716	0.2557183541363207
0.17121744470228487	0.573323030638561	0.25545952465915417
0.1731484651114949	0.5748483332711992	0.25200320161730605
0.17218567897412276	0.5749563230767898	0.2528579979490876
0.1737789331969307	0.575233875183578	0.2509871916194914
0.17294758394097554	0.5718835442602335	0.25516887179879116
0.17288465395189923	0.5766098414905962	0.25050550455750464
0.17243471339117028	0.5701744192450825	0.25739086736374733
0.1701975640319893	0.5762244916047605	0.2535779443632503
0.1715508995681943	0.5740975720176003	0.2543515284142056
0.17246443069955436	0.5688893656586206	0.2586462036418252
0.1724454076721723	0.5734876850073095	0.2540669073205183
0.17017855876221458	0.5732761139173833	0.25654532732040225
0.17175423831425984	0.5698439865688768	0.25840177511686346
0.170512755701306	0.5763842779240163	0.2531029663746779
0.17103361018842178	0.5742105639208535	0.2547558258907249
0.17203743940063176	0.5689715375025082	0.2589910230968602
0.17386845546554186	0.5703982422839797	0.2557333022504786
0.16986864476506983	0.5755642562420423	0.254567098992888
0.17023158283120385	0.5765814713725954	0.25318694579620094
0.17077999380170836	0.576111877047828	0.2531081291504639
0.17221700644938193	0.576269532724071	0.25151346082654713
0.17044058966610964	0.5759842228372799	0.25357518749661057
0.17197689376251693	0.5775696215229043	0.25045348471457884
0.16983581448410742	0.5770172314123223	0.2531469541035703
0.1705144407802534	0.5737559990636505	0.25572956015609616
0.17273239303105234	0.5740371465579037	0.2532304604110441
0.17060617001330883	0.5759027152962047	0.2534911146904866
0.17280080232268444	0.5763310216321654	0.2508681760451502
0.17090053672960856	0.5702369013982415	0.25886256187215007
0.17380737778431374	0.5717861813755388	0.2544064408401475
0.17255938156964368	0.5722614280670297	0.2551791903633268
0.17366170608404086	0.5749727880584513	0.251365505857508
0.17323416359382324	0.5721747358380949	0.2545911005680821
0.1732011851891287	0.5759087198104582	0.2508900950004132
0.1736955220595421	0.5684837083323755	0.25782076960808253
0.1694510189025164	0.5723651045828599	0.2581838765146237
0.17309221571875133	0.5694269010873452	0.2574808831939036
0.17316556532597938	0.5725483138255838	0.2542861208484369
0.17004416268265912	0.5727124550895979	0.2572433822277431
0.17113770623371383	0.570701048065252	0.25816124570103427
0.17350032650668026	0.5752133702210803	0.25128630327223955
0.17047930099202918	0.577485588114671	0.2520351108932999
0.17006796834446936	0.5760444831105416	0.2538875485449892
0.17165814207509394	0.572723108994899	0.25561874893000724
0.17007292637043273	0.5767245936897157	0.2532024799398517
0.17399036959592953	0.5752157894357418	0.25079384096832874
0.1714795638126006	0.57477173242861	0.25374870375878955
0.17021966991326443	0.5702075983365704	0.2595727317501652
0.17360574010787289	0.575211890835637	0.2511823690564903
0.17157661963265408	0.5692088452373169	0.25921453513002923
0.17225393085706067	0.5689040052615237	0.25884206388141573
0.17197146521163412	0.5768725307496221	0.25115600403874394
0.1698904167238552	0.5706921509046591	0.25941743237148585
0.16981771508606947	0.5750993266091775	0.25508295830475314
0.17372164009527752	0.5708981405322007	0.255380219372522
0.17146240870179516	0.571057451113457	0.25748014018474796
0.17407584543495683	0.5693640329732038	0.2565601215918395
0.17026544571688215	0.5769933688070752	0.25274118547604274
0.1711375419646476	0.5779579667152759	0.2509044913200767
0.17404700292925748	0.5714412958391107	0.2545117012316319
0.17149313764710156	0.5719209698948909	0.25658589245800767
0.17248597175546732	0.5730320533858377	0.2544819748586951
0.17327770656343208	0.5760326405326459	0.2506896529039221
0.1698480949007247	0.571229012384189	0.25892289271508645
0.1704463090282381	0.5734123271341682	0.2561413638375938
0.17050097173131	0.5769437045857185	0.25255532368297157
0.1705499886211139	0.5738790148322206	0.2555709965466656
0.17335946050716283	0.5710502942574038	0.2555902452354335
0.16992018293436606	0.572886915316282	0.2571929017493521
0.17126321794995755	0.575297952167471	0.2534388298825715
0.17303930289961442	0.5688689317430252	0.25809176535736056
0.17001201374121716	0.5735714348266505	0.2564165514321325
0.17073258483942916	0.5755532293286756	0.25371418583189537
0.16957444739922528	0.5775925042341428	0.25283304836663206
0.1736828432412944	0.5696354488152064	0.25668170794349926
0.1695509693356511	0.5782468316554682	0.25220219900888086
0.17116812359798173	0.5740199697553144	0.25481190664670395
0.17322616610240538	0.5730696770047602	0.2537041568928346
0.17022523002758225	0.5740184127169135	0.25575635725550444
0.17282010509242388	0.5749197253080943	0.25226016959948194
0.17059636789583046	0.5739967041141397	0.2554069279900299
0.1725896356004471	0.5760498140906012	0.2513605503089519
0.17243119589696787	0.5718600578935686	0.2557087462094636
0.17383418473698883	0.5691330092303645	0.25703280603264683
0.1716560168162042	0.5752313778329042	0.2531126053508917
0.17327712879696724	0.572037499448198	0.25468537175483486
0.17105735053226692	0.5702169134012595	0.25872573606647375
0.1739944510326151	0.5755254206738224	0.2504801282935626
0.1716102683624788	0.5696144783285252	0.2587752533089961
0.17316333364813005	0.5722434981186332	0.25459316823323686
0.16997479294760173	0.5781995228643497	0.2518256841880486
0.17209957833216658	0.5766874281718286	0.251212993496005
0.17404469346051368	0.573095739514065	0.25285956702542156
0.17065724146910355	0.5729407667236956	0.25640199180720097
0.17253308333176398	0.5722340431760822	0.25523287349215396
0.17296918012079954	0.572273222131531	0.2547575977476696
0.17222797151066382	0.5703575731720304	0.2574144553173059
0.17229463777747897	0.5752455121436302	0.252459850078891
0.17016038679569312	0.5730490342200929	0.25679057898421415
0.1712507544704812	0.5752818923304752	0.25346735319904373
0.1711503244753291	0.5769971186963929	0.2518525568282781
0.17224321018356187	0.5709777012979039	0.2567790885185343
0.1733143199997119	0.5706772337886367	0.2560084462116516
0.17067037765350793	0.5740004758201219	0.2553291465263703
0.1734083871034634	0.5732434755416574	0.25334813735487927
0.17188988675256453	0.569531245501638	0.2585788677457975
0.17230363864010306	0.5684820712790648	0.25921429008083224
0.17064271134320388	0.5758978444069707	0.2534594442498256
0.17238261929305265	0.5719501745954974	0.25566720611145005
0.16986045950784795	0.5706482597357779	0.2594912807563743
0.172061241935579	0.5685912144976052	0.25934754356681594
0.1725598629712632	0.5697402925636897	0.2576998444650471
0.16985630975953492	0.5708681762283168	0.2592755140121484
0.1731567564397273	0.5703537642454004	0.25648947931487237
0.17136749429972853	0.5701772420807888	0.2584552636194828
0.17028866701494896	0.571591043703361	0.2581202892816902
0.17210650293881957	0.5710104834122705	0.2568830136489101
0.17315820354043088	0.5711414862196766	0.2557003102398925
0.17194939741719573	0.5729652158706772	0.2550853867121272
0.17232540385211953	0.5767547396592116	0.250919856488669
0.17227472252076312	0.5756699313916557	0.2520553460875813
0.17282823921199958	0.5739524638135582	0.25321929697444234
0.1705286980113295	0.5775619164248127	0.251909385563858
0.17338651020695953	0.5715195816557311	0.2550939081373095
0.17231840065951967	0.5746160674381335	0.25306553190234693
0.17140062038007484	0.5733770617502668	0.25522231786965843
0.17385613498652286	0.5744606640801918	0.25168320093328544
0.17325679225414808	0.5755791895488103	0.25116401819704176
0.17009761537741633	0.5752459821019896	0.2546564025205941
0.17258237528652404	0.5752782875067243	0.25213933720675175
0.17010467296954998	0.5738416345760429	0.25605369245440723
0.1723991157787781	0.5760295996286703	0.25157128459255174
0.17046512673782352	0.5711280337071398	0.2584068395550368
0.17348408877554908	0.5748123607054216	0.2517035505190295
0.1716276739714053	0.5720998705190596	0.25627245550953515
0.1724356719275796	0.5719266496578217	0.2556376784145988
0.1703768012017712	0.5781926722232672	0.25143052657496173
0.17269892623401537	0.5718751793813162	0.25542589438466856
0.17048778021678523	0.5706013035957449	0.25891091618747
0.17197390567906884	0.5727810728974748	0.25524502142345645
0.1726808278955754	0.5755357191896266	0.2517834529147981
0.17377769513363828	0.5757076823832248	0.25051462248313716
0.1706353876328286	0.5755404114444423	0.2538242009227291
0.17402210918838396	0.5730673074218728	0.2529105833897433
0.17078537777846137	0.5759713173170549	0.2532433049044839
0.17233129876190503	0.5757911591033303	0.25187754213476465
0.17198325677848533	0.5746303199555948	0.25338642326592
0.17184015232050448	0.5720736670750356	0.25608618060446
0.1701303524640838	0.5729378755068657	0.25693177202905065
0.17320064324402276	0.5760936198152247	0.2507057369407527
0.17140573133515707	0.5756473975792956	0.2529468710855474
0.1739767246795077	0.5718929351880055	0.2541303401324869
0.17007763983177546	0.5751248597208347	0.2547975004473899
0.16972723987940955	0.5769149617319096	0.253357798388681
0.17082317005289135	0.5743052682032979	0.25487156174381087
0.17002316315491403	0.5723343256123895	0.25764251123269666
0.17300623112625946	0.5729551196740827	0.25403864919965796
0.17342223401003978	0.5751428328305405	0.25143493315941984
0.17337522013565695	0.5717249212852045	0.2548998585791387
0.17171270585537213	0.5711260405598602	0.2571612535847679
0.1705713501215726	0.5728453626020584	0.2565832872763691
0.17189557979011258	0.5758174022353345	0.252287017974553
0.1706562088844049	0.5698608010344832	0.25948299008111203
0.17341167711304661	0.5749646935105749	0.25162362937637867
0.17252254232625494	0.5725647337142152	0.2549127239595299
0.17178923484902975	0.5774380179598677	0.25077274719110265
0.1717206549394231	0.573392817734796	0.254886527325781
0.1724084427649626	0.570972800701512	0.2566187565335255
0.1721978571497141	0.5719375825647603	0.25586456028552573
0.16980353769538725	0.5734321866702912	0.2567642756343217
0.17172053931245246	0.5731669044561758	0.25511255623137197
0.17085996286712887	0.5755334645994046	0.25360657253346663
0.17260830265815008	0.5709797573021681	0.25641194003968193
0.1706455282088117	0.570214126149839	0.25914034564134947
0.17032134869331786	0.5751913181140346	0.25448733319264766
0.16998336207151588	0.5761761936454483	0.253840444283036
0.17165732861158892	0.5738517224152226	0.2544909489731886
0.16978851118045998	0.5769211862843195	0.25329030253522056
0.1715253668169922	0.5700086904346786	0.2584659427483293
0.17126943770376393	0.5711347419149244	0.2575958203813118
0.172387935018897	0.5741688065034852	0.2534432584776179
0.17202278577305513	0.5696685334479201	0.25830868077902486
0.17288960406694276	0.5739711265028705	0.25313926943018683
0.1699025922332542	0.5723649644682293	0.25773244329851663
0.17033338808074092	0.5755118703188759	0.2541547416003833
0.17144043630840874	0.5692359721107424	0.25932359158084894
0.17385884465966395	0.5750547345018989	0.25108642083843724
0.17065043385626938	0.5729076041428569	0.25644196200087377
0.17215147711256232	0.574275993638934	0.25357252924850376
0.17196907550436363	0.5720981778574198	0.25593274663821675
0.16977544739616554	0.5741312950297759	0.2560932575740587
0.17406977028717785	0.5729056486570929	0.2530245810557293
0.17312259087485232	0.5699744815870379	0.2569029275381099
0.1712191629057018	0.5697768668708181	0.2590039702234802
0.17199785609156656	0.5696284953955238	0.25837364851290967
0.17322329257006835	0.5711765466977814	0.25560016073215036
0.1703497000692117	0.5700741629228882	0.2595761370079002
0.17316430034694005	0.5730959568203979	0.25373974283266215
0.16945211599140408	0.5718435320821489	0.2587043519264471
0.17156469176102554	0.5708230119881579	0.2576122962508167
0.1714160290924445	0.5707167604043781	0.25786721050317757
0.17292133314609298	0.5715285644893464	0.25555010236456077
0.1700766188945257	0.5751304053227791	0.25479297578269533
0.17217220425809382	0.5726523420251145	0.2551754537167918
0.1706843523000249	0.5760535473279695	0.2532621003720057
0.17111632764365844	0.5720576278283729	0.2568260445279687
0.16976063267371408	0.5772940934947137	0.2529452738315723
0.16958355318965337	0.5721622328395226	0.2582542139708242
0.1715254650402515	0.5772482764491089	0.25122625851063973
0.16973830896138023	0.5715664428880247	0.2586952481505951
0.16980516804575055	0.5712624261157186	0.25893240583853094
0.1698479443506672	0.5768740835214511	0.25327797212788183
0.17042428072744809	0.5733317218392917	0.2562439974332603
0.16954533740221125	0.5767660451394016	0.2536886174583873
0.17020106710989383	0.5703253229581577	0.2594736099319485
0.1714557818658306	0.5737039652159618	0.2548402529182077
0.17067114436855566	0.5732825268182744	0.25604632881317
0.1700677550046126	0.5751370195656311	0.2547952254297564
0.17108448948594215	0.5763947661342377	0.2525207443798202
0.172685506084304	0.5723767107431507	0.25493778317254545
0.1732511361201416	0.5727000809980652	0.2540487828817933
0.17189608041255167	0.5694568580171864	0.25864706157026207
0.17362316263446015	0.5751638307058198	0.2512130066597202
0.17296951285604922	0.575234483375771	0.2517960037681798
0.1698011336678912	0.5723343650495469	0.257864501282562
0.17376975460469188	0.5750829095481453	0.25114733584716287
0.17088518379377998	0.575545064646158	0.2535697515600622
0.1698541032060999	0.577801727238053	0.25234416955584726
0.17322755559532874	0.5715991653699525	0.25517327903471887
0.17004473924602773	0.5773708709044272	0.25258438984954523
0.17169001085255964	0.5729441154815539	0.2553658736658866
0.17142358476640215	0.5760127696674173	0.2525636455661806
0.1722161297061658	0.5737167180121181	0.2540671522817162
0.17396848576601107	0.5755943646235712	0.2504371496104179
0.17265498316776554	0.5748897540082413	0.25245526282399333
0.17212088608569448	0.5725698637926486	0.25530925012165706
0.17306443829265927	0.5753904333308046	0.2515451283765362
0.17264299561114738	0.5767811677324697	0.25057583665638294
0.17249616821264788	0.568487425828962	0.25901640595839026
0.17111679197604154	0.5753195827486588	0.25356362527529974
0.1729816106953113	0.5713216385831321	0.25569675072155673
0.1737755450800841	0.5720120033780909	0.25421245154182515
0.17351718674350816	0.5700132021445115	0.2564696111119805
0.17353065392297126	0.5731018844876523	0.25336746158937656
0.1699861982184145	0.5719042828012443	0.25810951898034135
0.17159016745502798	0.5745386003399744	0.25387123220499774
0.16976037875593955	0.5761546978573189	0.2540849233867417
0.17325540415395443	0.5738145871012641	0.25293000874478155
0.17156655836624118	0.5733073845401183	0.25512605709364056
0.171356036092551	0.5758848935903582	0.252759070317091
0.17035414701557286	0.5773133378778448	0.2523325151065825
0.17196930727933793	0.5699599143610605	0.2580707783596017
0.1721315168790133	0.5695396891616953	0.25832879395929154
0.16977983248066567	0.573322664679961	0.2568975028393734
0.17030693950861123	0.5757895514402154	0.2539035090511736
0.1698430717811849	0.5755162883728473	0.2546406398459679
0.17331435338141815	0.576045305072697	0.25064034154588494
0.17241786445199714	0.5747347043075621	0.25284743124044085
0.17370742722987162	0.5733509170186647	0.25294165575146377
0.17186116425410028	0.5752234855124765	0.2529153502334234
0.170636428326135	0.5715122747761539	0.25785129689771125
0.17109154912119415	0.5757641067801321	0.2531443440986738
0.17210706173011112	0.5753189906792929	0.2525739475905961
0.17258585459212086	0.5742286008946963	0.25318554451318287
0.1737881092843997	0.5728984828667195	0.2533134078488809
0.1717187638350711	0.5710767848182965	0.25720445134663256
0.17149014651950512	0.5709427035748061	0.25756714990568885
0.17063572606169167	0.5708175942387422	0.2585466796995662
0.1710341379175953	0.5695410935421491	0.2594247685402557
0.1735028362470919	0.5743559946512447	0.2521411691016636
0.17130119001575167	0.5696918308092378	0.2590069791750106
0.17148601950126954	0.5743240601773594	0.2541899203213712
0.17072466553014637	0.5780036831381272	0.2512716513317265
0.1701094089460935	0.5758868371401202	0.2540037539137864
0.17387464349744838	0.5750647231572186	0.2510606333453332
0.17063897676374432	0.57657774738404	0.2527832758522158
0.17171603243584474	0.5759997470401279	0.25228422052402744
0.1700942661320077	0.5757279160711168	0.2541778177968756
0.17275959529277898	0.5753751953183354	0.2518652093888858
0.17353810194255312	0.5759288836535554	0.25053301440389153
0.16984302358948006	0.5709778650230092	0.2591791113875109
0.17389816788275436	0.5731522328576122	0.25294959925963356
0.1736803465572816	0.5695940302145802	0.2567256232281383
0.1715501686369501	0.5720464060786886	0.25640342528436144
0.17288821728623335	0.5731774345291129	0.2539343481846539
0.1695525402634899	0.5773494130064998	0.25309804673001046
0.1737650997589126	0.5687026844359042	0.25753221580518326
0.17362662987892113	0.5728330692977369	0.25354030082334206
0.17274349173676912	0.5759448704647958	0.25131163779843524
0.17379369272496714	0.5716650509901167	0.2545412562849163
0.16979614451480546	0.5764901057299093	0.2537137497552854
0.17336746499749572	0.573479343823615	0.25315319117888935
0.1723865658090043	0.5711091652915565	0.2565042688994392
0.173450916205787	0.5703758670630857	0.25617321673112736
0.17243718617012185	0.5683782116907388	0.2591846021391395
0.17189766586912367	0.5754970740833583	0.25260526004751827
0.17031818019928918	0.5750880305165407	0.2545937892841702
0.17025014841005207	0.5763235588847447	0.2534262927052033
0.1716332800185364	0.5764171795990433	0.2519495403824205
0.1707481017380051	0.5754164878152713	0.25383541044672375
0.17291058072787155	0.5721137985295908	0.25497562074253777
0.17306031043552403	0.5759989474709812	0.2509407420934948
0.1706353268158088	0.5754772930139211	0.25388738017027024
0.17076203651584584	0.5727868951276117	0.2564510683565426
0.17270660339557767	0.5749278575751106	0.2523655390293119
0.17386844166994808	0.5717142681648416	0.2544172901652104
0.17312881004109876	0.5705851783030988	0.25628601165580245
0.1737567951355339	0.5750775998476153	0.2511656050168509
0.17379419871656415	0.5735538475947646	0.25265195368867144
0.1718073610726377	0.5754783063990655	0.25271433252829695
0.17078450302366674	0.5772390286862548	0.2519764682900786
0.16983750847986412	0.5729280367693249	0.2572344547508111
0.16998487951191393	0.5784037350985177	0.2516113853895685
0.173455193205985	0.5756264812258596	0.2509183255681555
0.1697045194201927	0.5722444359718354	0.258051044607972
0.17034296526160822	0.5745715056507137	0.2550855290876782
0.17104285410898817	0.5718903115681784	0.2570668343228336
0.17242134068512396	0.5686150722991005	0.2589635870157757
0.17035110733809963	0.5782276435141402	0.25142124914776026
0.17276292375078628	0.5742751154608312	0.2529619607883826
0.17198199613785928	0.5771880160822529	0.2508299877798879
0.16965311113633572	0.5765355667587683	0.25381132210489615
0.17048695799213187	0.5765082899356286	0.2530047520722396
0.17241272524379692	0.5737918436338443	0.25379543112235897
0.17287429424872586	0.5736886255526861	0.2534370801985881
0.17187539745650413	0.5755852840090713	0.25253931853442474
0.1713046553113888	0.5768641766298962	0.25183116805871514
0.16980648305686333	0.5736101538139273	0.2565833631292095
0.1703492321344723	0.5751706577278775	0.2544801101376503
0.1720431428441987	0.573055338686919	0.25490151846888237
0.171480228405839	0.5752520137519843	0.2532677578421767
0.17201363921251636	0.5690655005495739	0.2589208602379098
0.17110927184933244	0.5696833661921136	0.2592073619585541
0.1720142785862086	0.576386262536934	0.25159945887685753
0.1702883611994135	0.5783131732219109	0.2513984655786756
0.17286115494913176	0.5723722683669515	0.25476657668391683
0.17308134393226682	0.5690805267627097	0.25783812930502353
0.17124097989966064	0.5783658926047821	0.2503931274955573
0.1732062096233914	0.5692778205228625	0.25751596985374625
0.17131296573568544	0.5721630380513447	0.25652399621296995
0.17393626191133157	0.568367521047162	0.25769621704150647
0.17227859219847474	0.576959235042823	0.2507621727587024
0.1703266807894759	0.5701261115633087	0.2595472076472155
0.1737952198414081	0.5716889157436735	0.2545158644149184
0.17282287907756844	0.5747322926053001	0.2524448283171315
0.1723272113440665	0.5686891206395733	0.2589836680163603
0.17402151359895576	0.5717017929245778	0.25427669347646653
0.17052494128987392	0.577410378811533	0.25206467989859316
0.1700786561513627	0.5737257137536425	0.2561956300949949
0.1722148536413626	0.577380904262664	0.2504042420959735
0.17017090383642464	0.5777058352808824	0.2521232608826931
0.1723916663569201	0.5713973716526852	0.2562109619903948
0.17113054836648692	0.5731996692933387	0.25566978234017457
0.17229313546441158	0.5718065392535755	0.255900325282013
0.17248825196292514	0.5749175833593032	0.25259416467777174
0.1738049754201905	0.5696565201271275	0.2565385044526821
0.17019599464278756	0.5717700669447986	0.25803393841241395
0.17159702740525326	0.5742756395097349	0.2541273330850119
0.1726694861342846	0.5693200832118537	0.25801043065386187
0.1704186595531816	0.5711217665712581	0.25845957387556034
0.17019486626802335	0.5769050519583929	0.25290008177358386
0.17245587391795522	0.5767278391358195	0.25081628694622543
0.1718394630633615	0.5745591001132498	0.25360143682338876
0.17123194146244786	0.5715857356614089	0.25718232287614334
0.17016786297979528	0.5738296184807554	0.25600251853944944
0.17235849745490173	0.5747586767677815	0.2528828257773169
0.1723824468724167	0.5701106976105608	0.2575068555170227
0.16997557191230478	0.5765086427359906	0.2535157853517048
0.17196531361649245	0.5742529656440277	0.25378172073947997
0.16955448598660366	0.5748979116770828	0.25554760233631363
0.17309038379260638	0.5741105751056899	0.25279904110170387
0.17086962901458894	0.570596114560212	0.2585342564251993
0.1727044622390994	0.5691411932814703	0.2581543444794304
0.1704600500714748	0.5714926540698313	0.25804729585869407
0.17115954592052013	0.5768591597796786	0.2519812942998013
0.1713106044921474	0.573243081689718	0.25544631381813465
0.17075447159378346	0.5783157031370163	0.2509298252692004
0.17271899894678674	0.5692534363737072	0.25802756467950627
0.1737419945413353	0.569061865414131	0.25719614004453384
0.17372480202503612	0.5759439097834084	0.2503312881915556
0.17211079978980992	0.5753184348523555	0.25257076535783474
0.17085526984412577	0.5753620502582999	0.25378267989757447
0.17078886665328732	0.5719814238136198	0.25722970953309293
0.17266224975604624	0.5697673359651104	0.2575704142788435
0.17301369774830072	0.573600392259789	0.2533859099919104
0.16997111189257819	0.5756291962148296	0.25439969189259243
0.17009144644636554	0.5719146315276173	0.2579939220260172
0.1739902350069819	0.5683377456727039	0.25767201932031436
0.17209476296286405	0.5765505702463734	0.25135466679076274
0.17154829990959541	0.5710932452866946	0.25735845480371006
0.1695128631157679	0.5773069583510533	0.2531801785331789
0.17336636559318322	0.570168570546122	0.2564650638606949
0.17130252619610936	0.5778033176050585	0.25089415619883215
0.17303689430008856	0.5762237399967982	0.25073936570311334
0.1729596193461875	0.5749705051169813	0.25206987553683124
0.17181202895079686	0.5752206821836142	0.25296728886558906
0.16998868716146118	0.5769542821382952	0.25305703070024366
0.17103222218517627	0.570718715560093	0.25824906225473077
0.1716256995549632	0.5694093059609842	0.25896499448405275
0.17317433847273347	0.56976705174586	0.25705860978140666
0.17126323537224605	0.5747039509450421	0.254032813682712
0.16975414554862775	0.5757052828089608	0.2545405716424115
0.170029327002689	0.5765253655341986	0.2534453074631125
0.17368231507417672	0.5741658639971299	0.25215182092869354
0.17081816011208026	0.5749397309692138	0.254242108918706
0.17045083758715693	0.5722714542867593	0.25727770812608386
0.17355244043566356	0.5686143224386079	0.2578332371257287
0.17340700427816153	0.5753638794885406	0.25122911623329797
0.17289680445421451	0.5720911562530022	0.2550120392927835
0.16973562179781448	0.574589734168296	0.2556746440338896
0.17148629747706742	0.5691731712769369	0.2593405312459958
0.17189926708632627	0.572506213797519	0.25559451911615494
0.17334405764284108	0.5758604654998546	0.2507954768573044
0.1730651455243301	0.5718668508839858	0.25506800359168424
0.17268257913343105	0.5768258237464836	0.25049159712008545
0.1734276707701132	0.571267089705071	0.25530523952481593
0.17259113015523095	0.5724862599564465	0.2549226098883227
0.169541071987585	0.5774705432650045	0.25298838474741064
0.17061186936109463	0.5708748821951605	0.25851324844374507
0.17302908824788166	0.5693111696492632	0.25765974210285525
0.17219705383741554	0.5725819122542068	0.25522103390837775
0.17315616778830673	0.5713667406350571	0.2554770915766363
0.17320203723937444	0.5700625529590311	0.2567354098015946
0.1736807941050738	0.5730673713601687	0.2532518345347575
0.1726204691260827	0.573309557574959	0.2540699732989583
0.17188199965364273	0.5759759020097359	0.2521420983366215
0.17201438041472855	0.5708952599504853	0.2570903596347862
0.1725619999679672	0.5769037506380096	0.25053424939402336
0.17348870679461156	0.5760600510771806	0.2504512421282079
0.17337793388515066	0.5740460049895867	0.25257606112526276
0.17402254241835047	0.5687022356105964	0.25727522197105324
0.17211926970304217	0.5739685823290198	0.25391214796793815
0.17349033202042202	0.5728444079386108	0.25366526004096723
0.1703128298580914	0.5773148265971171	0.25237234354479166
0.1721777647313096	0.5739539733764936	0.2538682618921969
0.17230334510039655	0.5736796756965625	0.254016979203041
0.1721682679488742	0.5750376049394328	0.25279412711169313
0.1699249748019563	0.5784983416440734	0.25157668355397034
0.16958645616136206	0.5728511742698337	0.2575623695688044
0.17244315602552782	0.576395928693745	0.25116091528072726
0.17187245531087128	0.5747129953914769	0.25341454929765195
0.17370366255606798	0.5727699353898291	0.253526402054103
0.17328496523643677	0.5761951583092609	0.2505198764543024
0.17242157191028248	0.5735618065484981	0.2540166215412195
0.17008891234272794	0.5734606969021379	0.2564503907551343
0.17144147079899955	0.5754637257091151	0.2530948034918855
0.17388712107063475	0.5701515352371846	0.25596134369218065
0.16950659046882235	0.5718528874692801	0.2586405220618976
0.17221807620016438	0.5686264175041005	0.2591555062957352
0.17176098601177744	0.5725510382692779	0.25568797571894475
0.17158471115229645	0.5750096767592362	0.25340561208846757
0.17201673931758532	0.5739817956273487	0.254001465055066
0.17383707131164858	0.5714010971372949	0.2547618315510566
0.17198360778445212	0.5738778398914286	0.2541385523241194
0.17272740316053228	0.5729211373654054	0.25435145947406246
0.1723830280037795	0.5708422036775	0.2567747683187206
0.16986508869120737	0.5709672683602434	0.2591676429485493
0.1702532488489442	0.5708339976794187	0.2589127534716372
0.1708181435596566	0.576529261426844	0.25265259501349946
0.17095137204100838	0.5778048642443072	0.2512437637146846
0.17136596962539755	0.578005471601009	0.2506285587735936
0.17065289949518167	0.5706342894512431	0.25871281105357546
0.1715891905307512	0.5700392041881233	0.25837160528112557
0.17299913887479615	0.5703817291415714	0.25661913198363256
0.1703981492762219	0.5703470787052174	0.25925477201856084
0.17399260293266786	0.569709471081858	0.25629792598547424
0.1717947132744902	0.5721806795815593	0.2560246071439507
0.17398468868933734	0.5737451226621018	0.252270188648561
0.17268055887856174	0.5687340059946606	0.25858543512677773
