0.08953976753578491	0.0888489393932585	0.12680090104800015	0.1779300376224415	0.5168803544005147
0.09171399958140392	0.08874916022484723	0.12579882186903346	0.17781037182056905	0.5159276465041461
0.0895595333454598	0.08891615381455917	0.1264120961125274	0.17777887432213885	0.5173333424053146
0.09095706470124235	0.08883479868772498	0.12621341411630144	0.17752096242563728	0.5164737600690938
0.09109021907253528	0.08898871957684096	0.126501892109894	0.1776268970080612	0.5157922722326684
0.09144600844925818	0.08898236111148548	0.12563797301925586	0.17775035323882352	0.5161833041811769
0.09045573124289982	0.08891720040533102	0.125978070719378	0.1776468956966846	0.5170021019357065
0.08997849387030574	0.08877920245308588	0.12655432552934692	0.17752707460046332	0.5171609035467979
0.08996629821400476	0.08853951286818745	0.12631342826880276	0.1778891781604472	0.5172915824885577
0.09109781544302403	0.08899408887007965	0.12621267190499352	0.17773187604551233	0.5159635477363903
0.09113883247849375	0.08894036399617979	0.12613959930970706	0.17752939883688013	0.516251805378739
0.09163472419321206	0.08870511443320198	0.12656282686584164	0.17742373268050401	0.5156736018272402
0.08943466903842849	0.08860753570554353	0.1268801544418064	0.17764598935992718	0.5174316514542943
0.08986177819644486	0.08869212329824759	0.12677517750139297	0.17726352900334438	0.51740739200057
0.08966118236411294	0.08857371765260494	0.1268330699527439	0.1775830635326554	0.5173489664978826
0.09082005829716075	0.08888284554492934	0.1266663767157107	0.17783039518937427	0.5158003242528248
0.089664964427855	0.0889287229311626	0.12656193034788546	0.17775848880063236	0.5170858934924645
0.09104179284757671	0.08880566977464327	0.12623449025922628	0.17759338975418004	0.5163246573643736
0.09117899451253242	0.08849270671634354	0.1255984170460586	0.1772783719465324	0.5174515097785329
0.091740144391872	0.08890055956889206	0.12598476020253357	0.17726185582710888	0.5161126800095933
0.09172437402774636	0.08861649302065029	0.1254464315901905	0.1777384639203413	0.5164742374410713
0.09165695944585925	0.08869756877681693	0.12537528918496993	0.17770417630571655	0.5165660062866373
0.09119898268091042	0.088878921367398	0.12621882402499196	0.1779225442305414	0.515780727696158
0.09000414385366916	0.08865651444679391	0.12616587551516062	0.17768793506650232	0.5174855311178739
0.09062058981584645	0.08891231061966962	0.1258860937483259	0.1774620743782484	0.5171189314379094
0.09086163507423389	0.08846621456281853	0.12642698590886692	0.1775061074506494	0.5167390570034311
0.09141622339226803	0.08857713130738396	0.12592158407024462	0.17753805654276678	0.5165470046873364
0.09090373681437838	0.08868889447263524	0.12615627709593302	0.17787997634128472	0.5163711152757684
0.09010277256479321	0.08865131003137722	0.12610477642858497	0.17776036727540903	0.5173807736998355
0.08994770212369754	0.08849176916804585	0.12648580830743714	0.17776158299669068	0.5173131374041287
0.09140754940069244	0.08890707362773717	0.1260819449705905	0.17740128356400023	0.5162021484369795
0.09108221602596825	0.0887189425050357	0.12620533706139955	0.17788983580476098	0.5161036686028353
0.09154468522174777	0.08861930797723541	0.12640172900099916	0.17769641622344623	0.5157378615765713
0.0908694821575061	0.08891925208682888	0.12647365512949532	0.17777663287800777	0.5159609777481617
0.09089843704860345	0.08852955979321178	0.12655485306310738	0.17733053415334477	0.5166866159417325
0.08994763015945859	0.08895027483214121	0.1263102018051891	0.1772752116007255	0.5175166816024854
0.09058834395461886	0.08896483612506731	0.12548742019650172	0.17758354670549034	0.5173758530183217
0.09177436358458577	0.08883317945455987	0.12588878472284987	0.17779989773607807	0.5157037745019263
0.09124651446311131	0.08877931746700093	0.1253326310336591	0.17762304992114106	0.5170184871150874
0.09082700421836518	0.08868815658445432	0.12538494376749887	0.1777055004481766	0.517394394981505
0.09173643647077465	0.08884673900871685	0.1258463721470055	0.1777057403983624	0.5158647119751404
0.0899154355673819	0.08856964472874088	0.12635198803162828	0.17768551307337294	0.5174774185988757
0.09014147158397497	0.08870162516932908	0.12687956568879694	0.17769682315122087	0.516580514406678
0.09040373146623887	0.08901182945561892	0.1259061293589595	0.1776072968459325	0.5170710128732501
0.09174062801821667	0.0884787289229087	0.12590847331465183	0.17749828675424384	0.5163738829899789
0.09134527954117919	0.08862829033620073	0.12552978755577343	0.17734526301636958	0.517151379550477
0.09055197162533722	0.0888165535601354	0.12678530709741082	0.17790662316075292	0.5159395445563635
0.09067876497858275	0.08877174813959407	0.12592030306375646	0.17778746393370418	0.5168417198843624
0.09156586121941213	0.08863948659710666	0.12592569259654823	0.1775673967372628	0.5163015628496701
0.09148582409251506	0.08892058466801411	0.12575573786216726	0.17755497132509324	0.5162828820522102
0.09157198839524361	0.08900285662627655	0.1256107242633727	0.1775919647656081	0.5162224659494989
0.08982094730315446	0.08872987537726423	0.12674079951848582	0.17783716788811563	0.5168712099129797
0.09104375334147556	0.08872614961758737	0.12589201324845695	0.1775263050450523	0.5168117787474277
0.09154626394375256	0.08864098412497189	0.12621295463778331	0.1773935786879808	0.5162062186055113
0.0915097306603718	0.08853540630778255	0.1265194337634385	0.17770268296748656	0.5157327463009205
0.08982856930543417	0.08891826189814855	0.12688879053538848	0.17735807011010613	0.5170063081509225
0.09077996452000829	0.08885307521029329	0.12665176208641984	0.17742769175715686	0.5162875064261216
0.09170548517754852	0.08882322545895383	0.12588170966839032	0.17726806002941475	0.5163215196656925
0.0898434711628734	0.08876301604214132	0.12650039701312796	0.17749543363891732	0.5173976821429398
0.09076431721337946	0.08895766698201088	0.12524838795255358	0.17766895718720704	0.5173606706648488
0.09117560470060287	0.08851586214294671	0.12643222518303454	0.17768908577595136	0.5161872221974644
0.0912335918019247	0.08867687864585591	0.1253289334673091	0.17756100763600036	0.5171995884489098
0.09025632794826301	0.0890078983114788	0.12547368057983196	0.17781402069113575	0.5174480724692904
0.09100802082189416	0.0887515809195406	0.12620777124786964	0.17769091372339132	0.516341713287304
0.09186390875267048	0.08891760126745543	0.12590381615467966	0.17736060570636747	0.5159540681188268
0.09171725607607747	0.08887926553437432	0.1262326847838089	0.1773658814320908	0.5158049121736483
0.09077106232333787	0.08857166819153063	0.1255846510356524	0.17773737073531903	0.51733524771416
0.09131864073049978	0.08867865631158452	0.12576735947899037	0.17787299555898806	0.5163623479199371
0.09118769521308887	0.08899991062852919	0.1264177554419262	0.177480842714732	0.5159137960017236
0.08999902584879599	0.08852645027254766	0.1264512826773627	0.17781931183953759	0.5172039293617559
0.09136989298680148	0.0887075624902794	0.1260284865352287	0.17745272858057903	0.5164413294071113
0.09047102514119262	0.08871910796315483	0.1254371577779188	0.17791085567676473	0.5174618534409688
0.09055115403697955	0.08862763003440789	0.12674601088987192	0.17767596541670244	0.516399239622038
0.08949678242228741	0.08901098472633809	0.12673861725239466	0.17776383899637635	0.5169897766026034
0.09105738868567825	0.08897580199919472	0.1253513274596422	0.17758886428828602	0.5170266175671987
0.09092919358385851	0.08853398003288904	0.12572783841750282	0.17754528327982874	0.5172637046859208
0.09118172969867666	0.08902299930784013	0.12595064004134754	0.17791495778686311	0.5159296731652724
0.09084553692301123	0.08878944433668301	0.12619490432417982	0.17741092563491848	0.5167591887812073
0.09118780671713711	0.08860768026564733	0.12688822387061277	0.17767274916145864	0.515643539985144
0.09180198807123223	0.08892855069409897	0.12572007761724838	0.17726696791895089	0.5162824156984693
0.09116090466819837	0.08864002030074428	0.12549313348685603	0.17764106134189428	0.5170648802023069
0.09181323873211733	0.08859298497066054	0.12532545168102177	0.17751952826934683	0.5167487963468533
0.0898224102942984	0.08895295762597961	0.1260921499701934	0.1777829803927848	0.5173495017167435
0.09119689466172007	0.08873421968389122	0.12659063873327397	0.17760771423096564	0.5158705326901489
0.09111833733933321	0.08871752471824562	0.12678685184698657	0.17741516169558771	0.5159621243998467
0.09054135789047518	0.08870296816014625	0.1264248628658527	0.177261531092769	0.5170692799907567
0.08968496891759017	0.08878260494096425	0.1263037360585193	0.17785148229643138	0.5173772077864947
0.09156150158040803	0.08859525163156091	0.1254114759151628	0.1775249779202002	0.5169067929526678
0.09134723443990975	0.08888371343428333	0.12621349253012998	0.17771937191416892	0.5158361876815079
0.09064992917275569	0.08882454452503044	0.12650300259827052	0.17730035228987728	0.516722171414066
0.09161553930320977	0.08863103617824288	0.1260437001819958	0.17738768459979426	0.5163220397367572
0.09050155775271879	0.08885607342894007	0.12656715867363466	0.17727871826034536	0.5167964918843609
0.08993688072510164	0.088836353956212	0.12633782629625803	0.1774782594715381	0.51741067955089
0.09070614022972605	0.08890228746994111	0.12656440680650738	0.1777245293299316	0.5161026361638937
0.09085531638445848	0.08862958283867738	0.12656695119741498	0.17749648250309102	0.516451667076358
0.09040947977362454	0.08849356039946085	0.12618488416826207	0.17767318471674476	0.5172388909419077
0.09052399325536209	0.08877658927297996	0.1268864987263159	0.1778825758889396	0.5159303428564023
0.09070550667280189	0.08898667996232557	0.12541357335389397	0.1777688375726922	0.5171254024382863
0.09018098591354712	0.08853565300503438	0.1264820450635078	0.17775586837963633	0.5170454476382742
0.09076221763347714	0.08875966582206196	0.12623095108294294	0.17765352928875977	0.5165936361727581
0.09137860208082946	0.08896237775997692	0.12574926075338277	0.17788827241984564	0.5160214869859651
0.09074686962471992	0.08864793810463231	0.12593613553632843	0.17761728108274644	0.5170517756515727
0.09086626881022825	0.08871137164818499	0.1267276201158199	0.17736469802288354	0.5163300414028832
0.09039536268674778	0.08856870401980566	0.12613805057374627	0.1777892559800986	0.5171086267396016
0.09178997793264945	0.08847263306282212	0.12639081535560492	0.17757800790500794	0.5157685657439155
0.09102256422005772	0.08868384769725715	0.12574255347668578	0.17784752769801668	0.5167035069079825
0.09070117109460363	0.08853745779279415	0.12602413799187245	0.17740367206085997	0.5173335610598697
0.09104564807838086	0.08896125008692801	0.12519645466336435	0.17773291139519584	0.5170637357761307
0.0900680574432608	0.08896530421747524	0.12669378463307773	0.17787253463992322	0.5164003190662628
0.09121689881524991	0.08895010653434204	0.12659590061584028	0.17746641515610784	0.5157706788784597
0.09021946906630612	0.08894934164615445	0.12678430443752353	0.17786687251878494	0.5161800123312308
0.09051477544208598	0.08847703172646662	0.12630458204436096	0.17754826715284172	0.5171553436342445
0.09158268004910408	0.08872036805703942	0.12655836781675894	0.17740421207019857	0.5157343720068988
0.09056594126574934	0.08881720611510141	0.12669202342393604	0.17791544791955655	0.5160093812756565
0.09069694374579322	0.08876890631559112	0.12532672583271973	0.17773372842963026	0.5174736956762656
0.09052516147419598	0.08860155781524992	0.12621263085836182	0.17765135440251964	0.5170092954496726
0.09025673417019288	0.08862276866306822	0.1268233698774594	0.17758745871540269	0.5167096685738766
0.09151390693977689	0.08887394137001146	0.12618535111448287	0.1772630397333724	0.5161637608423562
0.09075957635352432	0.08860352937076191	0.12675457546479105	0.17729510693802164	0.5165872118729009
0.0906842524425499	0.08848655681552871	0.12685623464955345	0.1775434302806843	0.5164295258116836
0.09171437873113841	0.08854859372877837	0.12545116252301547	0.1772695630163533	0.5170163020007144
0.0903791905852982	0.08889261959226288	0.1261522894670543	0.17759368080347646	0.516982219551908
0.08991809051879963	0.08880460417308797	0.12684773314892023	0.17783782933935124	0.5165917428198408
0.09056195782445049	0.08891395049142634	0.12644492013434955	0.17771874354363204	0.5163604280061415
0.09145392039971204	0.08870935258533152	0.12553698919582945	0.17751714622947323	0.5167825915896536
0.09034079145620895	0.08890412974945071	0.1260800098887408	0.17745473060602915	0.5172203382995703
0.09070515703688346	0.08879314896712513	0.12558401434697403	0.17767814296600987	0.5172395366830074
0.09122613574224656	0.08879822503484322	0.12520646659865917	0.17781785034832692	0.5169513222759239
0.09102001185915756	0.08883904247044117	0.12651838189354336	0.17778069479595848	0.5158418689808993
0.09052330449947749	0.0888627931030841	0.12562501742100557	0.17780461842923662	0.5171842665471961
0.09131954259257813	0.08861441669577541	0.1263820400869737	0.17791212653364522	0.5157718740910274
0.09137567784610064	0.08864520579235188	0.12627647590594898	0.17764446147806945	0.5160581789775289
0.08951844288515197	0.08896703077988347	0.12681748610548363	0.17726465220282195	0.5174323880266588
0.08991231223840676	0.08864194434066722	0.12681548850413538	0.1775750656676629	0.5170551892491275
0.09033873372204973	0.08868737526326873	0.12612168876071295	0.17772304120077131	0.5171291610531972
0.0901927774804526	0.08897121878089564	0.12636324939703258	0.17777916521841847	0.5166935891232005
0.08986340290810388	0.0884660442192882	0.12689400681068044	0.17792436061291977	0.5168521854490076
0.0906923355253596	0.0885418785984656	0.12664325740612706	0.17792294090022637	0.5161995875698213
0.09188464465303783	0.08857865933232145	0.1255484778030304	0.177492793328817	0.5164954248827931
0.09111934863100005	0.08879952442060256	0.12590021366474413	0.1777352937713632	0.5164456195122898
0.08932432800504184	0.08898261055365653	0.12689570842661932	0.17792292413296248	0.5168744288817197
0.09043936324912775	0.08901946391538448	0.12650473536768028	0.17786553305815672	0.5161709044096505
0.08965274351441375	0.08881932233727757	0.12671120028857852	0.17785556613961614	0.5169611677201138
0.09112206420860311	0.08887660329861297	0.12641515713779547	0.17780823905780616	0.5157779362971822
0.0906074283770398	0.08858402570489662	0.12682706608605276	0.17759570853817885	0.5163857712938318
0.09076588272499511	0.08871167391296894	0.125645247171087	0.1777361484229031	0.5171410477680457
0.0908369419617161	0.0885292943340184	0.1260786947779311	0.17726781458490248	0.5172872543414317
0.09185813560106765	0.08846690023038448	0.1260056803789924	0.17786312388320089	0.5158061599063544
0.09075226862525754	0.0888105112045534	0.12573416066865611	0.1775198839612587	0.517183175540274
0.09145480483436658	0.08854367835375523	0.12669736118169228	0.17764098104615783	0.5156631745840279
0.09080621699687177	0.08879613181836946	0.12587534951301227	0.17733729613291943	0.517185005538827
0.09113387526986774	0.0886530835671418	0.12564586807916076	0.17751262994019426	0.5170545431436353
0.09142620282899062	0.08881389599481293	0.1262445566781107	0.1778581511992383	0.5156571932988473
0.0915756897349175	0.08850754572700348	0.12605705653796245	0.17729538932576866	0.5165643186743477
0.09115503736817764	0.08891697840425078	0.126028444298971	0.17742530029985498	0.5164742396287454
0.09022564321469431	0.08880598173444569	0.12600105691431585	0.17763264210190477	0.5173346760346391
0.09135745152582089	0.0888676266408387	0.12582620173846032	0.17790322087546012	0.5160454992194199
0.09104721441385524	0.08857529524954971	0.126409328334593	0.17746761590453	0.5165005460974719
0.0906922806972178	0.08849033693992889	0.12679008838846445	0.1774270964346837	0.516600197539705
0.09112154612625216	0.08881921746422769	0.12606317385302335	0.17750804308559506	0.5164880194709016
0.08961831119159587	0.0885209556634726	0.12667806945769441	0.17787799576824406	0.517304667918993
0.09097577626384239	0.08897083825504509	0.12639329933430776	0.17779100317320906	0.5158690829735955
0.09141802053614072	0.08880078868279086	0.12560426132750724	0.17765136786650698	0.5165255615870541
0.0914481899819518	0.08853673737057391	0.12637185339977425	0.17729443562076147	0.5163487836269385
0.08990445563362028	0.08873329456016131	0.12685475023331358	0.1778452296890147	0.5166622698838899
0.09062161783026752	0.0887771286248359	0.12685709169171774	0.1772597116228427	0.516484450230336
0.0917259145190095	0.0885663713171986	0.12595810625202744	0.1773070855356414	0.5164425223761229
0.09180505037164033	0.08870569249790879	0.12532813551570743	0.17750618444975816	0.5166549371649851
0.0915204090028828	0.08849105730135745	0.1262464769140127	0.17792225115553553	0.5158198056262113
0.09059261386243339	0.08881762587740746	0.12564146821216354	0.17756026957824822	0.5173880224697474
0.09047872118833394	0.08874743123617168	0.12665330616674098	0.17785543078562016	0.5162651106231331
0.09107208916557677	0.08898705796795306	0.12590602440782425	0.17749979146123718	0.5165350369974085
0.09034057871203188	0.08882332029892043	0.12652977864582884	0.17751938377248594	0.5167869385707328
0.09153053298440514	0.08864432151663741	0.12615923507339244	0.17790839904782071	0.5157575113777441
0.09095527936173439	0.08873108397681284	0.12618012512163224	0.17749776440782267	0.5166357471319978
0.09182253247505964	0.08897239445010659	0.1254231413209504	0.1775487595934412	0.5162331721604421
0.08929072849423342	0.08897363771168296	0.12665464876067448	0.17760520096798812	0.5174757840654209
0.09062471123539795	0.08861035856646343	0.1259706359611582	0.17790300129421613	0.5168912929427641
0.09099663585151611	0.08849472773747455	0.12555195196762334	0.1778584142028047	0.5170982702405811
0.09178023744341163	0.08892757108580247	0.12597410545004645	0.1775568305864596	0.5157612554342796
0.08961237351339546	0.08893493861060717	0.12608174852409448	0.17788817215829086	0.5174827671936119
0.08999351951504037	0.08901477694002202	0.1258747479194744	0.177823910013276	0.5172930456121871
0.09078855276017384	0.08854852581721785	0.1261912872139109	0.17742688454000233	0.517044749668695
0.0907218573538619	0.08847535154003783	0.12687328857109045	0.17786051696711422	0.5160689855678955
0.09117205551931587	0.08886466490439338	0.12560223848213828	0.17745939887051929	0.516901642223633
0.0909726355827708	0.08881228176558462	0.12620621706269256	0.17791332252034833	0.5160955430686036
0.0910235778352689	0.08901032918743154	0.12663235303871992	0.17762094923890237	0.5157127906996771
0.09173617861635927	0.08858113412846474	0.12585976169716187	0.17735270915671805	0.5164702164012959
0.09016950325109332	0.08883165995550793	0.12685627061300786	0.17759924644183933	0.5165433197385514
0.08982350337897141	0.08892339782518849	0.12655158443801606	0.177525621175799	0.5171758931820248
0.08992358536129741	0.0889395818052384	0.12635821282782644	0.17783769083513856	0.5169409291704989
0.08926790154050815	0.08883614972683473	0.1268504093643862	0.1777467307139452	0.5172988086543255
0.08956511737456505	0.08898501077578705	0.12676550041572243	0.17730282773678674	0.5173815436971385
0.09099243605096843	0.08858168637174252	0.12679385019990402	0.17784695463223066	0.5157850727451543
0.09184693442684355	0.08855151058542374	0.12547367187637057	0.17776067388363948	0.5163672092277225
0.09169937093135444	0.08874446942702444	0.12632347842285357	0.1773026389438302	0.5159300422749372
0.09081101783358944	0.08899469510623546	0.12682597471165913	0.1775908231828344	0.5157774891656814
0.09158575563985111	0.08890995762222356	0.12566415425881983	0.17757796352672953	0.5162621689523759
0.09147886594476894	0.08880310771258587	0.12575001724750007	0.17785817648474056	0.5161098326104043
0.0908282352291251	0.08879600761491863	0.1258050299552027	0.17758116374560423	0.5169895634551491
0.09171019435004572	0.08863876507185829	0.12661406467180553	0.17739123970219017	0.5156457362041001
0.09128810390372515	0.08891027539894306	0.12605121097566446	0.17757340058938262	0.5161770091322846
0.08931489402763336	0.08884887670603243	0.12659748583687527	0.1778828064061609	0.5173559370232979
0.09083123162164752	0.08890912296576671	0.12561515674758736	0.17792273729609234	0.516721751368906
0.09052989031094266	0.08851183830309986	0.12616880632943828	0.17759623240151753	0.5171932326550015
0.09072655818886936	0.08846456649927105	0.12665886131544107	0.17729321722401248	0.5168567967724058
0.09027255075729748	0.08856080285696151	0.12629965472439758	0.17790159863549065	0.5169653930258526
0.0901629391294421	0.08852498399734218	0.12651792281445912	0.17753964738422964	0.5172545066745269
0.09106638246921081	0.08901377751998388	0.12564977374544334	0.17745809213003888	0.516811974135323
0.0905951389964358	0.08868195064231817	0.1268093395637916	0.17734166962017311	0.5165719011772811
0.09138885756289832	0.08881707933320966	0.12668489124303367	0.17729539413080703	0.5158137777300511
0.09122940352595804	0.08868467232607055	0.12587047223557674	0.17750827720384557	0.516707174708549
0.09158957415718927	0.08876454041225171	0.1255592270629602	0.17726653821823798	0.5168201201493607
0.09152140939445173	0.08882058355383189	0.12667968283216763	0.17735800306804597	0.5156203211515027
0.09080147145322226	0.08863026577482	0.12628329418324047	0.1777864977062121	0.516498470882505
0.09045650525131389	0.08879721589011672	0.1260487372439178	0.1778984362575905	0.5167991053570609
0.09100311520622371	0.08901368681767396	0.12548029139030809	0.1773083275482572	0.5171945790375369
0.08977431080924772	0.08886861939020656	0.12621615792959007	0.17768766957915455	0.517453242291801
0.09119864387601721	0.08851038180628285	0.12604349422582933	0.17791665749297683	0.5163308225988936
0.08969797359115024	0.08873673268493759	0.12667079614615073	0.17755690118748557	0.5173375963902758
0.0910498420689566	0.08878017245423284	0.12645250955913506	0.17786530562842304	0.5158521702892523
0.09003671613220948	0.08870622838019146	0.12676120728848306	0.17792832725865057	0.5165675209404653
0.09051062908010751	0.08877066638607742	0.12669582268383633	0.17781713465898302	0.5162057471909955
0.09112746510521706	0.0887688587191027	0.12579228100987916	0.177452556914547	0.5168588382512539
0.09130941501736713	0.08863015687161463	0.1258349140698598	0.17748482100730478	0.5167406930338534
0.09067789462245798	0.08889447853128529	0.12599510355815402	0.17790275435111275	0.5165297689369899
0.09096214471529215	0.08869470078512254	0.12670284409079813	0.17761498557299243	0.5160253248357947
0.0912655286636958	0.08892570347325152	0.12545929694859465	0.17769638197264281	0.516653088941815
0.09062708265457511	0.08867543478115167	0.12634518921809995	0.17764101512136307	0.51671127822481
0.09175789329597844	0.08858455512833874	0.12593913967743306	0.1774846239750871	0.5162337879231624
0.09168141138436786	0.08884855946553508	0.12580577905778212	0.1775446915189854	0.5161195585733294
0.08960935416437232	0.08847243794721438	0.1265902723883652	0.17781950833137206	0.5175084271686758
0.0898840625958314	0.08879463247054246	0.12668713374576968	0.17730399651347334	0.517330174674383
0.09090853168933255	0.08876952813091121	0.12628135567756932	0.17764687244748145	0.5163937120547053
0.08984550508893685	0.0887366807785796	0.12664154171489964	0.1776311141850449	0.5171451582325388
0.09146046295060173	0.08852143467800368	0.12682646575832815	0.17756551182531094	0.5156261247877554
0.09109120113260517	0.08858166003456748	0.12592857426423582	0.17789499190977692	0.5165035726588145
0.09106701464403649	0.08898950183186896	0.1264602176209128	0.1777938449603485	0.5156894209428331
0.09161537497553046	0.08855027235555402	0.12631892923870724	0.17746190946918172	0.5160535139610264
0.09086869263053667	0.0886338665970107	0.12636721489338598	0.1775049079858567	0.5166253178932099
0.09139628296159333	0.08854067034535129	0.12606723368800682	0.17767252930491018	0.5163232837001381
0.09110045523572419	0.08899556577146689	0.1251917687007229	0.17793071182362058	0.5167814984684653
0.0918240331999394	0.08849104183533288	0.12547002161922277	0.1775102238854505	0.5167046794600543
0.09059108843088365	0.08881243386154901	0.12567136724166378	0.1774553801452065	0.5174697303206969
0.09184057346522234	0.08864659631534864	0.12548832282613764	0.1776185863628531	0.5164059210304381
0.09071218744113588	0.08902094308407255	0.12544797826896736	0.17731301477183348	0.5175058764339906
0.0898556674195494	0.08896055421163021	0.12638471997824804	0.17729737769389836	0.5175016806966739
0.09073551274031239	0.08887597877662082	0.1259520064594159	0.1779163057648104	0.5165201962588404
0.0906507459290292	0.08852657344454347	0.1267265951374067	0.17757196669863545	0.5165241187903851
0.08967276250507442	0.0887853910084645	0.12637712306575782	0.1777497280534061	0.5174149953672971
0.09068340075402861	0.08898917751197727	0.1268090239603148	0.17763598822785553	0.5158824095458237
0.09107791227900702	0.08888464006521374	0.12543909311081197	0.1776299355807394	0.5169684189642276
0.09088405766440201	0.08877150497362993	0.1265148370201684	0.17772143833233262	0.5161081620094669
0.08932350866922409	0.08880169350309136	0.1268598898171729	0.17780134111500276	0.5172135668955087
0.09058113722666791	0.08847240372570675	0.12614571859599896	0.17758380166214394	0.5172169387894823
0.09148344658712333	0.08879312292299019	0.1258523915642906	0.17769059859585004	0.5161804403297456
0.09055044359409026	0.0885545441986324	0.12672253534702055	0.17726214549405528	0.5169103313662013
0.09101643584947369	0.08898314338655516	0.1262646089828965	0.17742830750538363	0.5163075042756908
0.09089788143964594	0.08855632693110181	0.12651540614006745	0.17742176254414527	0.5166086229450394
0.09067311196373579	0.08888695048560853	0.12573477295169627	0.17750931558534888	0.5171958490136104
0.09011409761658615	0.08871135113514908	0.12645526638359691	0.17762515052691116	0.5170941343377565
0.09073719834903021	0.08863736220412241	0.1262465260117032	0.1776341515689934	0.5167447618661507
0.09154741021775456	0.08848057133957415	0.12545869801695614	0.17751753600702874	0.5169957844186862
0.08918377269731531	0.0888238995850114	0.1268353318697761	0.1776397010879128	0.5175172947599842
0.09102236216376354	0.08888639593951678	0.12607188314128442	0.17786600328956537	0.5161533554658697
0.0911068918348927	0.08901180336568082	0.1254929094463324	0.1774726789522182	0.5169157164008757
0.09139858600371285	0.08890997330165003	0.12559536250162198	0.17788955623529096	0.5162065219577241
0.091282080310025	0.08886010377941701	0.1258796026905348	0.17762282622083314	0.5163553869991899
0.08951792618981944	0.0887899185697234	0.12672900426391642	0.17756053193523633	0.5174026190413042
0.0909001395815357	0.08861247810998268	0.1258024865204063	0.17768718292214608	0.5169977128659291
0.091640689574455	0.08877953007737785	0.1265636299086027	0.1772678025313632	0.5157483479082011
0.0906353554284732	0.08867409619392844	0.12579314089173813	0.17748789365218806	0.5174095138336721
0.08978441570803788	0.08883791532458046	0.12646554090543194	0.17746741805424213	0.5174447100077074
0.09079220223556247	0.08857354444695176	0.1254684129728012	0.17777388269460465	0.5173919576500798
0.09139363124151212	0.08871290304433976	0.12611188070307866	0.17729157784476812	0.5164900071663012
0.09082827694802179	0.0889483425233912	0.1262216336867525	0.17752659003897175	0.5164751568028627
0.09063589651833079	0.08890413465869862	0.12620893117253454	0.1777380945534879	0.516512943096948
0.09137407358899116	0.08879926665763704	0.12609842065190927	0.17765912444329238	0.51606911465817
0.09051265573954162	0.08874926995047239	0.1268432325674952	0.1779159955871876	0.515978846155303
0.09063041117373946	0.0885310757471979	0.12601220115002362	0.1777466789775304	0.5170796329515085
0.09121348556537268	0.08879832957583936	0.12568314644350403	0.17754170026190969	0.516763338153374
0.09099297310825893	0.08886404859215127	0.1259752636192252	0.1777532053851353	0.5164145092952291
0.09074424889654073	0.0888091285304434	0.1261890963114654	0.1773868348771877	0.5168706913843626
0.09056925467937325	0.08853609418198644	0.1260928868304687	0.17788990031761662	0.5169118639905548
0.09105985349552365	0.08877332589209104	0.12625406534190092	0.1777456054352371	0.5161671498352471
0.09164226066103016	0.08854844696183692	0.12641809318452407	0.17771230379398434	0.5156788953986244
0.09184347476951892	0.08872081899579337	0.12605168145464962	0.1774952630680918	0.5158887617119461
0.09112200692199682	0.08854980919478639	0.12619557625558603	0.17748923526368693	0.5166433723639436
0.0909775986977171	0.0888449383651125	0.12651091700739156	0.17736229947307736	0.5163042464567014
0.09133412236663355	0.08888196055288883	0.12646021390895223	0.17754578920185934	0.5157779139696659
0.09037215761946658	0.08890173929369174	0.12635671907353047	0.17735253525823588	0.5170168487550751
0.08982284909508817	0.0889069154464176	0.1261860184550614	0.1775680166645947	0.517516200338838
0.09129320148904421	0.08867545370470009	0.12575525502679794	0.1775562735597703	0.5167198162196873
0.09107302317717972	0.08845941465052624	0.12640035826975363	0.1778591793194116	0.5162080245831286
0.09106981267529063	0.0890285097417573	0.12595959289972722	0.17739362998264382	0.5165484547005809
0.09016964933343011	0.08880564448165942	0.12661006960431204	0.17736085364031057	0.5170537829402877
0.09180756604021911	0.08869584328057194	0.1258693034086177	0.1772543897453512	0.51637289752524
0.09084882474693902	0.08861762605777414	0.1252987685926843	0.17778364748601452	0.5174511331165879
0.09133996363277076	0.08877693572489936	0.12654427320548584	0.177725883227682	0.5156129442091618
0.09187356216545736	0.08860966832952588	0.12569746389606928	0.17766181597171843	0.516157489637229
0.09114072971007835	0.08856546877857907	0.1268582977128053	0.1775525413616165	0.5158829624369206
0.09151794422883007	0.08866878558950468	0.1252688700879589	0.17780715277579645	0.5167372473179097
0.0911290356359874	0.0885583528974421	0.12673244223706076	0.17785642945693897	0.5157237397725707
0.0914092927575363	0.08871618225727745	0.12544021182192294	0.17771086855526835	0.5167234446079948
0.09145556347016756	0.08857033795364143	0.1265459572268421	0.1775169850092943	0.5159111563400545
0.091793419141629	0.08847597600664248	0.1252190134333005	0.17778823677404348	0.5167233546443843
0.08996788617850612	0.0887595701331658	0.1264324539975016	0.17787882858503345	0.5169612611057929
0.09141568537163741	0.08868586081053001	0.12632665194516884	0.17726920449870406	0.5163025973739594
0.09144044989750855	0.0887430478776713	0.12616707291100723	0.17758401153585068	0.516065417777962
0.09133220553569005	0.08871622779722764	0.125713858263391	0.177786677171757	0.5164510312319341
0.09140514796727606	0.08889115708143833	0.12578515688628147	0.17776060996096996	0.516157928104034
0.09029973501351984	0.08892388600752646	0.12618129850138213	0.17754488143108504	0.5170501990464864
0.09116791900731375	0.08902346974939263	0.12524258321424192	0.1779053935415516	0.5166606344875
0.09023485761476904	0.08881974531577896	0.12682435573149786	0.177769425293314	0.51635161604464
0.09093482028402652	0.08852965322262421	0.12625725005585478	0.17778569682508116	0.5164925796124131
0.09021788505812976	0.0885894228955578	0.1261369669279791	0.17792217545344954	0.5171335496648837
0.09083322524587767	0.08857071904008776	0.12627938472244837	0.1775401786486622	0.5167764923429239
0.09088673869449462	0.08898505859067929	0.12594007552224257	0.17784088888378885	0.5163472383087945
0.09085855268386012	0.08870120779434862	0.12575750039402145	0.17788808650470764	0.516794652623062
0.0903485798800239	0.08866243010284308	0.12651044431411324	0.17768268323628433	0.5167958624667353
0.0910124626538145	0.08873221455955715	0.12587659505085474	0.17743944794991806	0.5169392797858554
0.09076489053921544	0.08894163246947655	0.1268375343570132	0.17772283147183987	0.5157331111624548
0.09075438777908217	0.0889653685846104	0.12662863155562715	0.17774805074342234	0.5159035613372578
0.09030375038054264	0.08889935239948052	0.12626080139648183	0.1778001156043966	0.5167359802190983
0.09159238398365187	0.08899012465556953	0.1254821771326583	0.17761181311442914	0.5163235011136911
0.09120722515167715	0.08896852699377564	0.1260244718106117	0.17738265246337126	0.5164171235805641
0.09154590833384453	0.0886456086359263	0.1261522873547513	0.17767134853389688	0.5159848471415808
0.09086278230654318	0.08875493416026231	0.12635402296059883	0.17748927900639852	0.5165389815661969
0.09114556127314231	0.08874274788878123	0.12636125491321756	0.17744753244704675	0.5163029034778119
0.0911376637755304	0.0889708218099429	0.12606628839141953	0.17773087321740727	0.5160943528056997
0.09166409108780288	0.08894771461771685	0.12568066010470225	0.17762296910050593	0.516084565089272
0.090730134650848	0.08856813538476346	0.1259652753607054	0.17729899959881984	0.5174374550048632
0.09142623483946913	0.08852667715948775	0.12519097064180448	0.17787646768355536	0.5169796496756831
0.09052154840269497	0.08894904206620183	0.12524122861566978	0.17784957157574738	0.5174386093396859
0.08932043943664349	0.0890024773098555	0.12686831426351236	0.17753570581294217	0.5172730631770464
0.09114083174070173	0.08852671243491604	0.12626120277352115	0.17781176058443116	0.5162594924664298
0.09111108189701991	0.08870772272021894	0.12598215239696978	0.17784031919705562	0.5163587237887356
0.0918711569391994	0.08865764873667074	0.12542340464603374	0.17771688531642388	0.516330904361672
0.09011362695093365	0.08890954187893337	0.12605777476078553	0.17781760127479068	0.5171014551345566
0.0908825361257739	0.0887369024841918	0.12598624214210974	0.17766157762439316	0.5167327416235312
0.09153832316565902	0.088679722392731	0.12665735392395816	0.17740403478743802	0.5157205657302136
0.09068150536349094	0.08878941744075189	0.1264951300749501	0.17757267779072236	0.5164612693300845
0.09165734654494569	0.08860000242297933	0.12535947003986073	0.17787746088249484	0.5165057201097193
0.09152932116860815	0.08875778812668011	0.1255416507736255	0.17790501198173436	0.5162662279493517
0.09183695586845549	0.08850466292059844	0.12603871714951753	0.1778768925329695	0.5157427715284588
0.09182736729656946	0.08856507419130207	0.12620156902992868	0.1777220877254217	0.515683901756778
0.09162819139293277	0.08868509773689959	0.12584546713468517	0.17740859687900953	0.5164326468564728
0.08964694107085638	0.08850802255282794	0.12671705126796	0.17781633982582606	0.5173116452825295
0.09023748925487556	0.08894555710901775	0.12637361804462813	0.17779091002364075	0.5166524255678377
0.09133220135434256	0.08896159394057632	0.12606544354451643	0.1774537330549853	0.5161870281055793
0.09057816912406005	0.08864711375606084	0.12561935448528147	0.17770181899920406	0.5174535436353934
0.0899999988664742	0.08887145612249961	0.12616856213834082	0.17780568018586804	0.5171543026868172
0.09092915658469149	0.0888975551674305	0.12599456983578966	0.17759264574243755	0.5165860726696506
0.09125768830774564	0.08851411693625459	0.1252658346283681	0.17755227841629143	0.5174100817113401
0.09110361137446266	0.08880516912652986	0.12605483214844376	0.1774867253532943	0.5165496619972693
0.09114571016804345	0.08857158960256206	0.126534810349908	0.17791753188272227	0.515830357996764
0.09032704545862352	0.08872410236580723	0.1266505803330916	0.17787396432267688	0.5164243075198006
0.09101437713699004	0.08872578712555157	0.12570106516217544	0.17788561280385543	0.5166731577714274
0.09176086484808946	0.08870793208158376	0.12578941641599417	0.17740957414444614	0.5163322125098864
0.09124506929492981	0.08894995250427376	0.1258720915754912	0.17775412302275212	0.516178763602553
0.09148861183186631	0.088574427520728	0.1255333259547472	0.17764502762842854	0.5167586070642298
0.09180895333686231	0.08861069577994712	0.12532680375948707	0.177387230859968	0.5168663162637354
0.09026643601568132	0.08864099006948561	0.12615237141743807	0.17760827805778295	0.517331924439612
0.09162881254579405	0.08861696303964706	0.1257343936149003	0.17770589663876635	0.5163139341608921
0.09079646237315767	0.0888234006746913	0.12616946850910277	0.1775524850370879	0.5166581834059603
0.09158859773813433	0.08877366266167501	0.12531285511702087	0.17758617269433644	0.5167387117888331
0.0908806355242561	0.08846354412126606	0.12608215362061298	0.17767330935106015	0.5169003573828046
0.09073159997728092	0.08892040742956925	0.12634166683178488	0.1773793666664475	0.5166269590949173
0.09065715233967597	0.08887172894533749	0.12576818305236892	0.1773694928045253	0.5173334428580922
0.09158204709778048	0.0889274234445713	0.126166538614007	0.17733506423134604	0.515988926612295
0.09079304899144205	0.08869835421161618	0.12667872413049944	0.1775149132512569	0.5163149594151852
0.0908653101230602	0.08870975894172023	0.12624468106350512	0.177582901961206	0.5165973479105084
0.09008946701180473	0.08897938651176826	0.1266503134162302	0.177318439876059	0.5169623931841376
0.09175891464831827	0.08898178042044771	0.12541777011733368	0.17736719317039054	0.5164743416435097
0.09094182643299493	0.08846595535133966	0.126645863372841	0.1776067439083746	0.5163396109344496
0.09149317313044808	0.08857051819967864	0.1262036927610296	0.17726561026269091	0.5164670056461527
0.08945483037120902	0.08886743447612612	0.12640523160538683	0.17791107346121926	0.5173614300860586
0.09066260607878962	0.0889267275750329	0.12618934539994536	0.17725372608254047	0.5169675948636916
0.09147601589876084	0.08865625783923661	0.12574233151940628	0.17788087234640182	0.5162445223961943
0.09142398974713892	0.08849259787431313	0.1261998243473758	0.17789009541921874	0.5159934926119533
0.08967458275298398	0.08850216135922928	0.126868131904623	0.17744839681121416	0.5175067271719493
0.0913223383772303	0.08862850641854267	0.12580076288643782	0.1774430099995984	0.5168053823181906
0.09059135594809266	0.08875378595936553	0.12659508867739827	0.17784445854511718	0.5162153108700261
0.0901481041534487	0.08886030461285832	0.1268726301602658	0.17786856657587852	0.5162503944975485
0.09074840056884653	0.08848546811389765	0.12552799334369102	0.17781565151715856	0.5174224864564061
0.09053534192931897	0.08885526993019796	0.12637128442397494	0.17789958347350732	0.5163385202430006
0.09059451796324697	0.08901481730253888	0.12678914939236677	0.17779275035258651	0.5158087649892608
0.0898485210440162	0.08848958341644096	0.12673371307423625	0.17764454594618642	0.51728363651912
0.09171760735832402	0.08876185120741399	0.12549536436039174	0.17745730765099532	0.5165678694228748
0.09038657534749159	0.08858410444142958	0.12662064656608907	0.17734463933911987	0.5170640343058698
0.09085194366012199	0.08864870356380852	0.12599660418924113	0.17760314885671807	0.5168995997301101
0.09090946521740412	0.08866738562310239	0.12580080566042992	0.17749719512555134	0.5171251483735121
0.09119941164591994	0.08877603953166303	0.12658466518369169	0.17758838749911254	0.5158514961396126
0.09139875268709115	0.08846399035661484	0.12524323264506415	0.17773963621625008	0.5171543880949796
0.09117850838753057	0.08855451221864685	0.12664227260211564	0.17734729523442772	0.516277411557279
0.09120986191156713	0.0887287312824736	0.12643106689061956	0.17763814913072792	0.5159921907846117
0.09142494396615297	0.08875109284962307	0.12564471019676277	0.17725521241842795	0.5169240405690331
0.08999469234048742	0.08902686929637435	0.1261936185356718	0.1777207150583812	0.5170641047690852
0.09120147726619096	0.08862643307964072	0.12632523415902736	0.17746951171034633	0.5163773437847945
0.09045427922007791	0.08896222089891609	0.12603308614414588	0.1776127256648029	0.5169376880720571
0.09165163483465089	0.08864672598015749	0.12611235966697884	0.17726188404196438	0.5163273954762482
0.09073209643252028	0.08850487052232797	0.1268142283204669	0.17736481469283014	0.5165839900318545
0.09103286362527906	0.08877516511900624	0.1253158218834709	0.17747701802771543	0.5173991313445283
0.09047129685065818	0.08898852204430366	0.12657426034554775	0.17786194347244133	0.5161039772870489
0.09093324238325332	0.08867949659635571	0.12542922852463642	0.17774229314405177	0.5172157393517025
0.09069898900056803	0.08850606301983668	0.1258057929109882	0.17783583613324894	0.5171533189353579
0.09049608729890424	0.08866861364711921	0.12583619058531895	0.1775263278305485	0.517472780638109
0.0903505255202528	0.08901116086326069	0.12683136903742515	0.1779228182053416	0.5158841263737196
