0.2457054347143413	0.20376734740855756	0.10745737485184546	0.27788955830160017	0.16518028472365526
0.24989449720622425	0.20284572866916942	0.10420742647800021	0.2825674258016582	0.16048492184494761
0.24567437034068537	0.20523245650308708	0.10646034995253555	0.2813259130424773	0.1613069101612145
0.24638931271159786	0.20924507836993556	0.10691219477081917	0.28634762915835554	0.1511057849892916
0.24430237011944472	0.20715523544703224	0.10616218193434228	0.2860329384852653	0.1563472740139152
0.24527835868694825	0.2077110148164368	0.10466008279371818	0.2823988330347491	0.1599517106681474
0.24929374503049442	0.2050660145542508	0.10610737043835666	0.28361041025683187	0.15592245972006602
0.2430622894776856	0.20495488827541392	0.1044153216437638	0.28141052049976156	0.16615698010337487
0.24471061767762065	0.2068305766602308	0.10709264921983443	0.2788889430885333	0.16247721335378063
0.24408637520710436	0.20599421875625332	0.10746180581138214	0.2819259724751098	0.16053162775015012
0.24688881817883662	0.2066921260106788	0.10514502070554481	0.2817189834376782	0.1595550516672613
0.2471695229692305	0.20451410086786884	0.10727825016177611	0.2863836565942738	0.15465446940685051
0.2491443582965923	0.2074975279382567	0.10562181972059051	0.28358561095037493	0.15415068309418528
0.24522691368141117	0.20731455819143937	0.10612178385682439	0.2822726055931452	0.15906413867717964
0.24308669439689268	0.20719985667440793	0.10504703008487083	0.28245285288225225	0.16221356596157605
0.24735937310768175	0.2060771622139192	0.10678298739913833	0.2861147777071982	0.1536656995720623
0.2431217593493346	0.20773897906153427	0.1068242582671256	0.2826125817378494	0.1597024215841559
0.2486717913006986	0.2029665834908891	0.10544940483330842	0.2828244113377042	0.16008780903739947
0.24572982470025861	0.20827058012094166	0.1052278431742001	0.2816085218259369	0.1591632301786625
0.2503105063024581	0.20649857357981846	0.10659456680842253	0.2803579522901237	0.15623840101917696
0.24666450063705941	0.2077311209000067	0.10727517690034483	0.2846131079117506	0.15371609365083821
0.2500094672879265	0.20851255473965274	0.10643769938893932	0.2802877620789183	0.1547525165045629
0.24592324599017243	0.20907241929331027	0.10722105395346718	0.27879784241227235	0.1589854383507775
0.24851248121353264	0.20520468055050606	0.10630836091766144	0.28600430647544584	0.15397017084285378
0.24372349673258958	0.20796016771917927	0.10496125252280586	0.2821084737152057	0.16124660931021934
0.24845851046513381	0.2051981456034395	0.1055444885523987	0.27968275560470734	0.1611160997743204
0.24358568411787118	0.20661579963458448	0.10635838366804976	0.27938968801092323	0.1640504445685711
0.24717696994255442	0.20790622908592749	0.1063570861216322	0.27903051174191884	0.1595292031079668
0.24648287375121122	0.2079725076767526	0.104723263085523	0.27863891692306264	0.16218243856345033
0.24942263409143162	0.20480944091443698	0.10648767833436153	0.28600051510325664	0.15327973155651298
0.24757611868225604	0.20693162939839424	0.10684424316406335	0.282086919842351	0.15656108891293508
0.2475256507126981	0.2032068184933838	0.10557888648546387	0.2824306685145146	0.16125797579393938
0.24970237881827934	0.208301162784462	0.10475184859289488	0.2835009070778598	0.15374370272650373
0.2462577258019933	0.20661326521182788	0.10557148522001579	0.28219813901580554	0.15935938475035719
0.2462241057772106	0.20738726184997394	0.10684654807599452	0.2834822829952097	0.15605980130161098
0.24485714840149767	0.20482388706125532	0.10468615586064896	0.2806820051616784	0.16495080351491942
0.24876069714188642	0.20453992013897437	0.10515402163484952	0.2818419569710102	0.15970340411327924
0.24759641428210122	0.206232090720751	0.10636061493014881	0.2786905886722167	0.161120291394782
0.25013865457369927	0.2047060780966333	0.1047187913377329	0.2861278067645939	0.15430866922734038
0.24448745930943655	0.20476087522417635	0.10669902335742636	0.28669299073326726	0.1573596513756932
0.2440515846154785	0.20694155962194033	0.10544809062510613	0.2814079328102469	0.16215083232722788
0.24518871185915164	0.2029625870450596	0.10533951442634153	0.28455573293964115	0.16195345372980585
0.24966868451086732	0.20654018085184475	0.10601834878703978	0.28510663220065313	0.15266615364959474
0.24965807024200004	0.20521866636911876	0.10598244371638373	0.2776544241275407	0.16148639554495647
0.24625774512588494	0.20709907879029724	0.10498838988021121	0.28620136669177426	0.1554534195118321
0.24355362135823275	0.2034746162974915	0.10497642146653183	0.2821365013449043	0.1658588395328394
0.24982518511400414	0.20588027273652165	0.10527509583782775	0.27763629386709704	0.16138315244454915
0.2485270434076053	0.20519830472954498	0.10649403023557194	0.28476932516493336	0.15501129646234416
0.24832883477301199	0.20804145740389113	0.10505306173399508	0.28565568910700523	0.15292095698209637
0.24767892007510137	0.20799173345420746	0.10612668047303088	0.2799159688157923	0.15828669718186772
0.24303474854870355	0.20465713895171672	0.10685734030325716	0.28256559803933845	0.16288517415698386
0.25005904878327057	0.20728516215300113	0.10513933629687905	0.28100429742011035	0.15651215534673862
0.24641858401088956	0.20867745527587694	0.10600655729979708	0.2815427894048928	0.1573546140085434
0.24637807932440398	0.2054266188330379	0.10489571031993804	0.28200469271953066	0.16129489880308914
0.24381736835566054	0.20505702521514427	0.10640288852761871	0.28294389926544317	0.16177881863613308
0.24686556691631079	0.2061823774708505	0.10464138369549436	0.28071549069592727	0.16159518122141683
0.24909716755279065	0.20450916155696483	0.10527672493382201	0.2845627367940723	0.15655420916234994
0.2480822683033901	0.20341272846638206	0.10596445150513281	0.28088189716752393	0.16165865455757084
0.24378175799361795	0.20327344746958076	0.10657598409570038	0.2859004555183579	0.16046835492274275
0.2489800174615121	0.20767196259366685	0.10600215420145777	0.28577407665871896	0.15157178908464408
0.24803660596515498	0.20727239420860097	0.10563668270822284	0.2825315002404989	0.15652281687752204
0.24944259828821286	0.20670160112976083	0.10430225100983222	0.2795813935693277	0.15997215600286613
0.2488028287041278	0.20375459250312614	0.10658479494816273	0.284519218460615	0.15633856538396806
0.2432182736333454	0.2072983738155064	0.10708591578953924	0.2843760028216491	0.15802143393995963
0.24371176228422747	0.20284228060741047	0.1059288189912567	0.2804489228143179	0.16706821530278726
0.2429901723715543	0.20700917144942527	0.10509713633578427	0.2816434431556155	0.16326007668762044
0.24494367939205897	0.20916128943420714	0.10616807515906827	0.2791592333994769	0.16056772261518845
0.24764114864483766	0.20380302313771542	0.10514340143207061	0.279833336913643	0.16357908987173306
0.24881420620913242	0.20618737765818695	0.10664722062905957	0.2861772204160927	0.1521739750875281
0.24596763504587213	0.2028445333102404	0.10453603804313924	0.28465165176798757	0.16200014183276043
0.24421617513190996	0.20485162529374132	0.10539173805018863	0.28270014438552626	0.1628403171386336
0.24847492038644026	0.2048916910875772	0.10623573729786517	0.2856691875055492	0.15472846372256793
0.24734430686175954	0.20459670770806163	0.105434634969687	0.2776814950213895	0.1649428554391021
0.24280307523532046	0.204134131351043	0.10690145100844982	0.28307853258981175	0.16308280981537465
0.24846360854855248	0.20344363527211884	0.10473878540487747	0.28646545678464697	0.15688851398980397
0.24346371847547443	0.2066003097060133	0.10627263776272214	0.2815402878295631	0.1621230462262268
0.2445522157828156	0.20637512947122116	0.10734663441167458	0.28424393244559326	0.15748208788869517
0.24522227540631564	0.20637852303387844	0.10690209304293433	0.28278955525128696	0.1587075532655844
0.2502206924809585	0.20433640174415887	0.1049455635202125	0.28217839215285906	0.1583189501018108
0.24703179489504634	0.20804153027063388	0.1045852112462466	0.28134040752309913	0.15900105606497383
0.24615270495744748	0.20665046456997854	0.10442359417825339	0.2801226661569029	0.16265057013741743
0.24836735778328306	0.20754110178157012	0.1053889667371022	0.2828707933287856	0.15583178036925877
0.24540908196385905	0.20873643965041344	0.1063445049437415	0.2864978003377237	0.15301217310426207
0.2484435049416476	0.20573243248654421	0.10671100842985229	0.2867384538316221	0.15237460031033356
0.24560816012115938	0.20915752143264926	0.10457806162129107	0.2843808885766079	0.1562753682482921
0.2437688811764693	0.20886459334872076	0.10604348556760886	0.281350358922534	0.15997268098466683
0.24900207279577932	0.20832543756047528	0.10446457410575753	0.28184601479386706	0.1563619007441206
0.2443884055942103	0.20444805586054873	0.10433780897765509	0.28552527425495194	0.1613004553126337
0.2478452482130485	0.20609709591799813	0.10710096275213973	0.2819786474242493	0.15697804569256413
0.24704806288998082	0.2055264986896444	0.10513916414328646	0.2835044679473787	0.15878180632970937
0.24883583621394445	0.20667945921650027	0.1045595551779037	0.27949230102113376	0.16043284837051755
0.24327129008770362	0.20309721583810086	0.1061124472954774	0.28251385848630095	0.16500518829241692
0.242776114817233	0.2086394137848732	0.10601620752936206	0.28589240422593537	0.15667585964259612
0.2452185005404742	0.20756751418758163	0.10528321879712596	0.2778911559082088	0.1640396105666092
0.24947206153120796	0.208230975159466	0.10594685160664472	0.2801164819163279	0.1562336297863532
0.24945944077534196	0.20434139810561008	0.10667031869978386	0.2799183366642562	0.15961050575500768
0.24389850607016356	0.20861083677206801	0.10508364732130122	0.2792824580464147	0.16312455179005222
0.24328805478696033	0.208414748824261	0.10715787138534708	0.2831846522785142	0.15795467272491714
0.2502191353308777	0.20274515848853564	0.10478639476625104	0.280557796066169	0.1616915153481664
0.2492591145842965	0.20279253577571402	0.10752738129645947	0.2802755134195022	0.16014545492402754
0.24284895770320417	0.2081369760523236	0.1066151276622348	0.2794500429639313	0.16294889561830594
0.2484396454152089	0.2073869472231679	0.10438900553726338	0.27972927746515297	0.16005512435920655
0.24591426919201556	0.20686075831752482	0.10501366874919697	0.28490133729648215	0.15730996644478026
0.24738163128604412	0.2029618824948374	0.10625673950926123	0.28544115536888914	0.15795859134096785
0.24424870889272232	0.20928909425251133	0.10577047222217345	0.28159653536352647	0.15909518926906618
0.24797299037044188	0.20636044983778612	0.107213642969082	0.2847409591220481	0.1537119577006416
0.24997347726599256	0.20537888253568762	0.10616279850067113	0.2837527753683999	0.15473206632924855
0.24929329897888997	0.20365325114804306	0.10598334309765489	0.2793435812775683	0.16172652549784355
0.24543221839877633	0.203594392708201	0.10753438032966521	0.2845768732384371	0.1588621353249201
0.2453548624566888	0.20561660071964805	0.1053355436514219	0.2834087030655805	0.16028429010666045
0.24656581536622782	0.2049125133958715	0.10488975754868561	0.2851131368881883	0.15851877680102655
0.24279018017936668	0.20460687392266963	0.10649211723899821	0.2778320051951161	0.16827882346384915
0.24701817934298034	0.2070538032729939	0.10608955638768489	0.2857151677589653	0.1541232932373753
0.2486895927607241	0.20307709310797978	0.10643461862002744	0.28222963451741867	0.1595690609938497
0.244274876185196	0.208589544816342	0.10643752460735297	0.2779446363532643	0.16275341803784452
0.2453137325334328	0.20320536181813734	0.10533547265152446	0.2776810739074828	0.16846435908942228
0.24333822186309198	0.20772629095342146	0.10429364164296112	0.28070165123952817	0.16394019430099704
0.24420491338935488	0.20455037960217146	0.10500349670017387	0.28663256297238726	0.1596086473359123
0.2454130832766459	0.20294195363002115	0.10713880517345824	0.2819109008433284	0.16259525707654598
0.24900766397031657	0.20758031146596964	0.10542509663835975	0.28505387626194356	0.15293305166341026
0.2490304902025162	0.2064630399137311	0.10491894833298443	0.2797698127010537	0.1598177088497143
0.24984934892104177	0.20644763549358094	0.10718599996947778	0.27798133636925837	0.15853567924664091
0.24727036140360095	0.20296816119498956	0.10449906729446776	0.28087773382079734	0.16438467628614417
0.24933728634814994	0.20793929666117078	0.10656087467821714	0.2809643741654396	0.15519816814702228
0.2461236401528851	0.20884715793096417	0.10651514890446323	0.2782764445318354	0.1602376084798518
0.24338889326453741	0.20335669083370767	0.10435607014115778	0.2823624492317006	0.16653589652889628
0.2442395936648311	0.20609812531655952	0.10530465822147765	0.28411363381206634	0.16024398898506512
0.2443687338386255	0.20712061153546674	0.10539884270844128	0.2806672347066702	0.162444577210796
0.2430380258843361	0.20607896502123865	0.1042735120279471	0.27807527494541373	0.16853422212106417
0.24335230355047457	0.20339567442463055	0.1070887213854631	0.2817847563848441	0.16437854425458737
0.2498762004735514	0.20550020933112814	0.10653564623544357	0.2867116866707936	0.15137625728908305
0.24768084861228012	0.20854940677397854	0.10574492096255964	0.2864425797215433	0.15158224392963815
0.2503118858980402	0.2056751093510501	0.10464936311130561	0.2863557288867667	0.1530079127528371
0.2434720705320889	0.20609373557005	0.10527363604618543	0.2860254642894161	0.15913509356225927
0.24445373961719388	0.20644734418382127	0.10717863474450486	0.2806330461035954	0.16128723535088435
0.24878167697174317	0.2077749226646844	0.10536806083115859	0.28348871895348393	0.1545866205789297
0.24277596559750264	0.20710206287615857	0.10653855001795594	0.28615935132604253	0.15742407018234003
0.24622044045505984	0.2088576260633769	0.10690169739076334	0.2833727032276481	0.15464753286315155
0.24492348497757038	0.2044824357254969	0.10424638857429243	0.28593981143899083	0.16040787928364922
0.24767964001568424	0.20651363769584655	0.10720892980384905	0.2794017869668571	0.15919600551776286
0.24993263273789734	0.20406475696931256	0.10467222143494288	0.28624856356740774	0.15508182529043918
0.2471119715919557	0.20676996353519164	0.10673965842467795	0.2799371543539562	0.15944125209421825
0.24862671907169692	0.20929011601941624	0.10527151259023529	0.2841700836382814	0.1526415686803699
0.24286492639111856	0.2088081731226228	0.10644700818896091	0.28155138596047663	0.16032850633682083
0.24911325525381514	0.20534791219889925	0.10434180193245592	0.2794348356078712	0.16176219500695824
0.2427259687528417	0.2030173329019984	0.10515178365878602	0.278237322253515	0.17086759243285865
0.24406489706848208	0.20444413791229268	0.10533894522134014	0.28396387291511305	0.16218814688277178
0.24959459718483162	0.20665956439548813	0.1047901793658648	0.2778583288537389	0.16109733020007633
0.24794786433036972	0.20664508004343746	0.10493913425319934	0.28255863399510656	0.15790928737788668
0.24921411854965544	0.20804488284620784	0.10639708829658448	0.2848454994841995	0.15149841082335244
0.24843768735126312	0.206842682591357	0.10519064025120109	0.2837504435540719	0.15577854625210663
0.24270721403963136	0.2036541055117233	0.10654949446015348	0.28283305329162056	0.164256132696871
0.2479220632595024	0.20604474672356365	0.10746869672201415	0.27892784793310177	0.15963664536181774
0.24781106979549522	0.20868438235137354	0.10742856944043443	0.2793030062968362	0.1567729721158604
0.24453443457840188	0.2084955347984909	0.10608231358008946	0.28542040487236187	0.15546731217065568
0.24732596184552433	0.20414979931667082	0.10613001412217735	0.2833851099561319	0.15900911475949533
0.24936721545944596	0.20364630984504836	0.10552846889909095	0.28625192758025747	0.155206078216157
0.24906995938100945	0.2058897549910793	0.10495045720350492	0.2789790510611764	0.16111077736322968
0.2471081346281837	0.20450109243073925	0.10578767105038989	0.2830041550488376	0.1595989468418493
0.24484739579926626	0.20777921659376017	0.10534014328277005	0.2777309599986416	0.16430228432556165
0.24336454039632752	0.20489173701929414	0.10448851350706773	0.28330868727300046	0.16394652180430988
0.2464665405301837	0.20333577748165726	0.10574362130025287	0.286681397338462	0.15777266334944393
0.24279813992005922	0.20283686120758984	0.10663753829161982	0.2864597853386795	0.1612676752420514
0.24936336679700222	0.20735974086180578	0.10659805738623593	0.27842473392411843	0.15825410103083737
0.2477435751673518	0.20547266884536208	0.10502460816071751	0.27854625027440705	0.16321289755216128
0.2462104628106254	0.20455121988124364	0.10754043876154139	0.2840392058242592	0.15765867272233017
0.2451388725812625	0.20742750548723535	0.10653657204920712	0.28511406265691375	0.15578298722538106
0.24298735709228186	0.20696118339108882	0.1074026500924895	0.2851495745186184	0.15749923490552112
0.24771091681300633	0.20618552910606705	0.10635234831158481	0.2794060216676115	0.16034518410173
0.24262795979327778	0.20289275019721079	0.10461994938372438	0.28528673397814613	0.1645726066476407
0.2426863955781499	0.2072395989580727	0.10632092730582879	0.28357996248264833	0.16017311567530007
0.2427911923158791	0.20326711799310557	0.10485132454888117	0.2812163284018667	0.16787403674026719
0.24969197277022315	0.20606552704592668	0.10704863052888786	0.28287201812175966	0.15432185153320238
0.24540117354062108	0.20385180377109507	0.10459947632285672	0.28378320339839186	0.162364342967035
0.2497733933198812	0.20600749134885102	0.10751444153806984	0.2813917523362646	0.15531292145693315
0.24557394796222187	0.20930168801956275	0.10691860001164415	0.2798230740130831	0.15838268999348792
0.24837307309459195	0.20704293472250349	0.10516768641253339	0.28603454628927333	0.15338175948109764
0.24811018711341343	0.20544819394522185	0.10644110181438504	0.28646855614622957	0.15353196098074984
0.2437317708389024	0.20875127485645553	0.10477024059107228	0.28328526612481764	0.1594614475887519
0.2482956969176086	0.20518202713919242	0.10425671438840363	0.2845218738069121	0.15774368774788303
0.2452579614375884	0.20759971181723866	0.10742312889928803	0.2810013627080951	0.15871783513778953
0.24752640586222568	0.2053886068972418	0.10690576528032414	0.2808382327733808	0.15934098918682726
0.24360241936513413	0.20561412463510975	0.10656620039983161	0.2855708418321899	0.15864641376773436
0.2450697426336505	0.2069896205652218	0.10728152578512747	0.285767604440903	0.15489150657509698
0.24377426180862805	0.20857724467946165	0.10481098117171962	0.27970832335866375	0.16312918898152667
0.2472860442512181	0.20469383637890354	0.10480501992598604	0.2848662671607771	0.15834883228311494
0.24916812987612666	0.20713935141766443	0.1061005476686624	0.2795148411823959	0.15807712985515038
0.24996383803389705	0.20676740098786958	0.10733996364789378	0.2786902370792436	0.15723856025109575
0.24360758432569116	0.20687776688001627	0.10613549208727811	0.2820604000137762	0.16131875669323803
0.24745843650215468	0.20585378081610572	0.10546430216602086	0.2812567472419574	0.1599667332737611
0.24821234048265814	0.2056159683734601	0.10428924975001445	0.27898518792516275	0.16289725346870432
0.24303053303866962	0.20636254806878288	0.1046910341628559	0.28382887717794597	0.1620870075517454
0.2433850400584155	0.2067142422617287	0.10519070544998398	0.2792862922856555	0.16542371994421615
0.24843214435042776	0.2036262841427735	0.1047962671699735	0.2836627498786464	0.15948255445817858
0.24365863407943744	0.20883268755623333	0.10544591286627938	0.28282139437616294	0.1592413711218867
0.2456961771012555	0.2042964552905316	0.10752307703787334	0.28394326034330847	0.1585410302270309
0.24510212370350193	0.20838499677010938	0.10580159467642046	0.2792781540743905	0.16143313077557747
0.24926460335239609	0.20485143509997703	0.10506267505968736	0.27809806440603124	0.16272322208190804
0.24801387788650653	0.20788340646746997	0.10656827244745351	0.2784833080384925	0.1590511351600772
0.24567218937810226	0.2092106268539837	0.10563905988764172	0.28283974586465743	0.15663837801561464
0.25020117434831535	0.2063992642874048	0.10654178518951443	0.278701290149911	0.1581564860248541
0.2502473499834848	0.20875578237200149	0.10650870661396947	0.2847358953483513	0.1497522656821927
0.24651907409549229	0.20439586486569125	0.10541860829220291	0.2785810980878506	0.16508535465876276
0.24268215965290224	0.2067315621249608	0.10639457318694527	0.2848334129117287	0.15935829212346272
0.24931379060140846	0.2074715972362217	0.10419456589749172	0.28238753064203675	0.15663251562284117
0.2495052744077507	0.20896908363150318	0.10516448302106124	0.2813273693480989	0.15503378959158576
0.24938101050884257	0.20382443159441882	0.10599644682797825	0.27943025948993394	0.1613678515788261
0.2500424922667495	0.20854209872147414	0.1049499113997849	0.2793074951435568	0.1571580024684344
0.24739219572249227	0.2092181718718521	0.10478678963984746	0.2787597277165007	0.1598431150493072
0.2430847104677722	0.20612608607519095	0.10433707090170873	0.28105101053648635	0.16540112201884152
0.2468210621867176	0.2030686796473523	0.10482501926573337	0.27897410177661824	0.16631113712357823
0.2503982604040434	0.2064899066276879	0.1044903016582931	0.2835276524148412	0.1550938788951342
0.24739300902672734	0.20728862695147685	0.10528364770526265	0.280787678230789	0.15924703808574392
0.24475874727101513	0.2076411178524108	0.106234097879762	0.28155672744318355	0.15980930955362826
0.24540405110402524	0.20544712374244972	0.1047929857360041	0.28289397050896503	0.16146186890855566
0.24262360031831257	0.2054946194175077	0.10507191442027641	0.2843590898684181	0.1624507759754849
0.24297342413634043	0.20442002214510674	0.10508960093205003	0.27918843873617755	0.168328514050325
0.2474890388797309	0.20401454174479564	0.10728323237871482	0.28106506176013946	0.16014812523661892
0.24637333519202836	0.2066240259448781	0.10425783947810094	0.2845078154521869	0.15823698393280547
0.24456683848663063	0.20815730639211508	0.10614184925233809	0.28028204690812086	0.16085195896079513
0.24992303411386213	0.20417704791421795	0.10499530724662491	0.2793288480209276	0.1615757627043672
0.25040877902749714	0.20844436398219518	0.10705867274724669	0.28055825182848115	0.15352993241457957
0.24450255728414472	0.20366246332971955	0.10433192119495778	0.28484810161914675	0.1626549565720309
0.25002854099191596	0.20343867017283573	0.10569537514270223	0.2804211482349019	0.16041626545764393
0.2474554576306931	0.2070445966389141	0.10713203703348408	0.28257383275877745	0.15579407593813105
0.24864630279529176	0.20725775061251878	0.10473232343291738	0.28296743309265526	0.15639619006661656
0.24588434987441332	0.20660126878343593	0.10718541456323435	0.2852492709693645	0.15507969580955175
0.24527545818320634	0.20725651793104144	0.10625944491719283	0.2795238541943873	0.16168472477417184
0.24986357679111781	0.2052983519208901	0.1056158553371696	0.2782757944274986	0.1609464215233236
0.2468623125884893	0.20759991682190426	0.10661965859402177	0.28010544717669905	0.1588126648188854
0.2480985706378941	0.20754462925591163	0.10441855327183842	0.2814079152619729	0.15853033157238275
0.24672296723139533	0.20627979307907413	0.10739317546389777	0.28463125569691344	0.15497280852871909
0.24345661840042732	0.20397115302657004	0.10620342803238611	0.28009177342543334	0.16627702711518297
0.24508862780390323	0.2055244781928382	0.10499473148558652	0.2849748162216697	0.15941734629600204
0.24788579272097133	0.20446031715703106	0.10534063506425737	0.28450427585387417	0.15780897920386588
0.2473781138483397	0.20771151870122004	0.10610095789671549	0.2819223501499569	0.15688705940376763
0.24755517246929082	0.20763305893667997	0.10492700671047912	0.2779658261676637	0.16191893571588614
0.2434518216240067	0.20647408381460672	0.1042682011484591	0.2803284723503794	0.1654774210625478
0.24802836527003827	0.2084664894766	0.10653039179240933	0.28282767675308534	0.15414707670786681
0.24876731123324497	0.2087437052707163	0.10753638514699822	0.2813630865285864	0.15358951182045383
0.24961974829937897	0.20827512484141664	0.10714767543882779	0.28663623165297386	0.14832121976740248
0.243487566477485	0.20617429796852924	0.10527161687795505	0.27937987244706375	0.1656866462289667
0.2473281601434078	0.20888430652448148	0.10635284056021489	0.28367838829638153	0.15375630447551406
0.24618968286656034	0.20496993722773532	0.10646881097003698	0.28158300793816665	0.16078856099750044
0.24880321597432664	0.2091315547077266	0.10628914512736426	0.282222258279236	0.15355382591134625
0.24726679712073696	0.20615529316766984	0.10642797662199946	0.28301546125508165	0.15713447183451182
0.2432909437468243	0.2060210755527346	0.1055755298028686	0.2810903583611338	0.16402209253643846
0.24755911632233962	0.2061620180411145	0.10749797955790331	0.28411875173286916	0.15466213434577314
0.24767106281341336	0.2052199044453032	0.10734308660693434	0.2863576535130896	0.15340829262125924
0.2480095598909482	0.20584097723102865	0.10640217011451117	0.286751278568374	0.15299601419513773
0.24534557827156506	0.20925815001629597	0.10724030126531628	0.281242810887544	0.15691315955927848
0.24681168838331277	0.20370080506010466	0.10624459413626086	0.2854200083008044	0.15782290411951702
0.2448026480371578	0.20565946082323333	0.10650560696008973	0.2856937525611898	0.15733853161832914
0.24927312742810473	0.2069814262082508	0.10479349815428629	0.28526374643912394	0.153688201770234
0.24377970322132092	0.2084438816121807	0.10687419103215504	0.27783400972319233	0.1630682144111508
0.2427628421712055	0.20456878651182583	0.10661738701616852	0.2801103144444443	0.16594066985635558
0.24358826708008283	0.20571776280972584	0.10665715685837317	0.2849502953188119	0.15908651793300602
0.24563159013457053	0.20819992995231307	0.10672501258715096	0.2806996526924095	0.1587438146335557
0.24834933774014914	0.20442870285008485	0.10724250758807215	0.28496577508713505	0.15501367673455857
0.24469582674538062	0.20583223727928093	0.10720704063709265	0.2835738698405016	0.15869102549774394
0.24332251982109743	0.20672889209886405	0.10479134179732504	0.2846704011497203	0.16048684513299288
0.24735751314136428	0.20663855252830574	0.10464183227649212	0.28261807219064555	0.15874402986319203
0.24600936334684081	0.20839003168062878	0.10607706284334767	0.2783756710203235	0.16114787110885898
0.24333967910645254	0.2065172792182308	0.10443813276647777	0.2827220892625336	0.16298281964630498
0.2479544156029884	0.20821027884786655	0.10604285117738889	0.2781095206466681	0.15968293372508782
0.24484056032114573	0.20459185676246236	0.10424448937512112	0.27790998675380246	0.16841310678746807
0.2438057392385621	0.205677040877619	0.10519721084599466	0.28414903099446037	0.16117097804336356
0.2431945638012642	0.20362219687357913	0.10446163241381916	0.286805012344003	0.1619165945673342
0.24348505146779417	0.20587131610051781	0.1048994603481109	0.2839455759938939	0.161798596089683
0.24529847717153522	0.2056447280605726	0.10434342654454218	0.27819311837452493	0.1665202498488248
0.24793764830584608	0.2058164408817784	0.10454480153882457	0.28396675138825356	0.1577343578852972
0.2487457368599282	0.20662689594656183	0.10744871810581356	0.2804777265409109	0.15670092254678522
0.2443163539972799	0.20408328925566657	0.10747351208804884	0.2819252941441491	0.16220155051485535
0.24918643995580814	0.2028492520515422	0.10690327735803541	0.2823214555350222	0.1587395750995918
0.24588403608845083	0.2049798401500505	0.10418778694714921	0.28091305309458453	0.16403528371976467
0.24398607102404557	0.20308373527055695	0.10421156023564626	0.2833942701361655	0.16532436333358544
0.24420749845873196	0.20591609652983991	0.10718325890205502	0.2835640060571537	0.15912914005221918
0.2488402315492264	0.20716823256722372	0.10466388695511898	0.2827979855504872	0.15652966337794344
0.24460109241115158	0.20530405485668785	0.1058599059754655	0.28279267542783537	0.16144227132885944
0.24267862992415296	0.20608786315570038	0.10730098483368528	0.28283701533095695	0.1610955067555042
0.2444200523040479	0.20477213454950757	0.10606582139500205	0.2803887041552746	0.1643532875961676
0.24330580991542153	0.20625707812550703	0.10703303226064642	0.2779927594573456	0.1654113202410792
0.24660344530605535	0.20881705264057593	0.10758150210267027	0.28099043253683964	0.15600756741385857
0.2490007847776894	0.20622378924564203	0.10616753885622342	0.2788226056108742	0.15978528150957072
0.24472776199099866	0.20794309389423926	0.10548649649576534	0.27959289927567127	0.16224974834332523
0.24541245573053122	0.2027153469848152	0.10599515210844113	0.28089028580255226	0.16498675937365992
0.24336723294402435	0.20887419912925764	0.10660089860887913	0.280106160355315	0.16105150896252365
0.2500259994533867	0.2070382779946737	0.10467591458554298	0.2867980882760897	0.15146171969030658
0.2476825902777269	0.2086095730902964	0.10424110974789302	0.2840961497684037	0.1553705771156797
0.24869122269484928	0.2027030206365543	0.10510497212336282	0.28491989571040066	0.15858088883483268
0.24952396088142498	0.20765564178308468	0.10657405267524403	0.2850526743551694	0.15119367030507663
0.242783534839772	0.20497541691252907	0.10698616946975681	0.2841716049004867	0.16108327387745514
0.24655509408808085	0.2084738256256283	0.10513514389516361	0.27923019864433996	0.16060573774678708
0.2467847724056914	0.2045811008161783	0.10528575468569695	0.2826156993482755	0.1607326727441576
0.24369794313368204	0.2055498381746681	0.10486414865841659	0.2865345246023353	0.1593535454308977
0.2499915590560072	0.20663515207175248	0.10656439856077754	0.284932314449468	0.15187657586199452
0.24800863950799304	0.20868493300867763	0.10658411993013857	0.27780758146824625	0.1589147260849443
0.24891360770533713	0.204646651252517	0.10427573214630613	0.2798029887399392	0.16236102015590026
0.24640041814475114	0.2058031700080037	0.10737079119584385	0.28572949171780077	0.1546961289336003
0.24734767590425763	0.20387633374825911	0.10735756840410593	0.2794203290956083	0.16199809284776873
0.24724947202562625	0.20746462694109316	0.10516989140498122	0.28249551505530257	0.15762049457299657
0.24952509167545545	0.20438321865420372	0.10476061709028162	0.2793245788077333	0.16200649377232562
0.2503261221872922	0.20759349695232554	0.10659154106908114	0.28494490022901287	0.150543939562288
0.24769042670241578	0.20445806211404832	0.1063507925423072	0.286737882163353	0.15476283647787545
0.24461430141351226	0.20884787448075773	0.106895654322656	0.2823105148799737	0.15733165490310005
0.24476743559880876	0.20849130254492973	0.10519928084981461	0.27807145304687103	0.16347052795957562
0.24854486036865528	0.2033972141666427	0.10504678901668565	0.2832074495036916	0.15980368694432456
0.24779408282540183	0.20581123967172882	0.10510228438149569	0.2811216009612838	0.16017079216008961
0.24485368058700005	0.20464577357059072	0.10494533130259535	0.2841064725854273	0.1614487419543863
0.24652984863301963	0.2073426824552414	0.10433229826041918	0.27773048897311503	0.1640646816782045
0.2465890707155103	0.20538208938180805	0.10463343280431606	0.2788437557906701	0.16455165130769522
0.24382637144052827	0.2049303907893799	0.1064018900979646	0.28668467083417803	0.15815667683794893
0.2436790603055327	0.20725380068030969	0.10516152601483775	0.277672455679611	0.16623315731970859
0.24654048360535163	0.2027036505771053	0.10465550567017767	0.2822662547268274	0.16383410542053772
0.24385623225309416	0.20276883343293153	0.10600424522944614	0.2842308516270075	0.16313983745752036
0.2493845653571912	0.20395074192367005	0.10606685033307951	0.27802929864505865	0.16256854374100035
0.24619776822393002	0.20853068387910623	0.10705802334545442	0.281163849781471	0.15704967477003806
0.25035574325187016	0.20855676448852636	0.10572817786184575	0.2823089923136439	0.15305032208411345
0.24758260693109896	0.20472803420244895	0.10556019340083868	0.2827801078205745	0.15934905764503868
0.2460442854763063	0.20333069947642232	0.10656409641559267	0.2794897091171291	0.16457120951454937
0.24494996407958358	0.20878369559014867	0.1056452133354241	0.2820475126698908	0.1585736143249526
0.24674477817121448	0.20612350795651666	0.10449780382427777	0.2776928279822589	0.1649410820657319
0.24434471441222036	0.20785805432840315	0.10603820634077647	0.28314461033148264	0.15861441458711711
0.2486537518666566	0.20364309368659733	0.1074247878366142	0.28131828298854217	0.15896008362158942
0.24290230396330442	0.20809409669604592	0.10691605572990914	0.28119875483097845	0.16088878877976187
0.24774056809917397	0.2035725925742084	0.10432978675060146	0.2823734573877736	0.16198359518824235
0.24771526687510576	0.20310461324821008	0.10589838468933319	0.2790248247853934	0.16425691040195728
0.24921047233476895	0.20524235637792165	0.1075791261733217	0.2848308652026827	0.15313717991130474
0.2445611975532642	0.20809923825477955	0.1065038770376367	0.28396903794561945	0.15686664920869986
0.2488145955783706	0.20879168748855095	0.10448142008153384	0.28075347116583027	0.15715882568571404
0.24588116228246634	0.20473996202289954	0.10651570148873986	0.27764465600770594	0.16521851819818806
0.24899226956245094	0.20552493290688117	0.10644539520231933	0.2807684247744363	0.158268977553912
0.24783311620143006	0.20580753001898042	0.10550261967244526	0.27878546397892334	0.16207127012822065
0.24439426318484336	0.20343547838916487	0.10466717081347911	0.27881885770996073	0.1686842299025517
0.24460687256677288	0.20586582239400372	0.10592512020139364	0.28236320880463833	0.1612389760331912
0.24907822659656317	0.20916976062699766	0.1075711287932005	0.28108013631027623	0.1531007476729622
0.243659816624531	0.2088448985752892	0.105035408263885	0.27839039930768855	0.16406947722860593
0.2491066816734507	0.20574117100424824	0.10645515154581409	0.2836371798829255	0.15505981589356116
0.2427871842735354	0.20368793107150737	0.10534137013603191	0.2792575999912692	0.16892591452765587
0.24605615217111906	0.20712374289564145	0.10445237081000702	0.2791829439144737	0.16318479020875856
0.24884590770536458	0.20599557443981312	0.10463842985998988	0.2842798255631946	0.15624026243163763
0.24751812376190582	0.20822609323814537	0.10674956925988645	0.2780611333661118	0.1594450803739503
0.2463732174341173	0.20586978306569087	0.1048414892419919	0.28388935894554657	0.1590261513126531
0.24529738319626232	0.20902164188869313	0.10522680121228417	0.27976772563940777	0.1606864480633524
0.24499919956960658	0.2079773473356514	0.10516880502570602	0.2797558831758975	0.1620987648931382
0.24741434409986285	0.20628995507742498	0.10582862434894791	0.278390943756574	0.16207613271719
0.24641995778015496	0.20831643859982374	0.10623429216579383	0.2860523389609976	0.1529769724932296
0.2493330268557904	0.2062857527147548	0.10680830895317739	0.2807470475144243	0.15682586396185286
0.24770127799706218	0.20698952042589097	0.10431827114367927	0.27888864253422724	0.16210228789914005
0.24272681851653705	0.20297372879187497	0.10650106585791345	0.2828695219806967	0.16492886485297756
0.24321266349227597	0.2031951236895632	0.10568995882678178	0.28004360019575925	0.16785865379561957
0.24278368923829746	0.20359824093093692	0.10738976598715262	0.28591240276317753	0.16031590108043522
0.24892245204441682	0.20810476569162	0.10558572751100508	0.286654369778204	0.15073268497475384
0.2450198832817414	0.20910960000940498	0.10644413911754658	0.28639555470126904	0.15303082289003778
0.24869281215381514	0.207642736810337	0.10574370297836848	0.285448809198614	0.15247193885886517
0.24929772985803486	0.20741066679768577	0.10459152146872985	0.28359541440584335	0.15510466746970597
0.24798860333013711	0.2051160870352127	0.10691563193238346	0.28071256046901116	0.15926711723325537
0.24437927855203656	0.20518577317819253	0.10442904407409793	0.2847485563517827	0.16125734784389004
0.24733602497926468	0.2082487121647614	0.10668125079660286	0.28624963050767355	0.15148438155169724
0.24674270695086487	0.20659601527946783	0.10684279832982535	0.278206975567266	0.16161150387257575
0.24941332143766698	0.2073384792468568	0.10731277299731289	0.28438296506642247	0.1515524612517406
0.24812098973686894	0.2085275284216676	0.10434775647401459	0.27958214491476924	0.15942158045267937
0.24915645316002824	0.20455786146516347	0.10557811206902694	0.2785431741863297	0.16216439911945144
0.24500487732408144	0.20300592668693887	0.10572320147494639	0.2832900999258372	0.16297589458819584
0.24793477949081305	0.2028390690875559	0.10452310167787736	0.28193554867244486	0.16276750107130858
0.2471200767159089	0.20708037839395188	0.10606791241955468	0.2818864572748981	0.15784517519568617
0.248314300486667	0.2071486439377196	0.1051308639883217	0.2777650479576262	0.16164114362966528
0.24415503573325065	0.20270995165383673	0.10480057939157643	0.28573322180076743	0.1626012114205685
0.2449396600321652	0.2071462450298904	0.10528600935849221	0.2792393349423486	0.16338875063710334
0.24680689742209685	0.2053495168459742	0.10648998880172965	0.28290693968614017	0.1584466572440589
0.24329539785207116	0.20884927382382687	0.10645807447879051	0.2864591828824926	0.15493807096281864
0.24973147696340187	0.20520806174704764	0.10753897532565088	0.28602952223651507	0.15149196372738433
0.2472602592105676	0.20280535979886957	0.10753661679689075	0.2819612656450956	0.16043649854857628
0.2449436855627552	0.2050072421265444	0.10576425490393518	0.2847221637444131	0.1595626536623519
0.24728117722775828	0.20599663379464686	0.10563342786091495	0.2788364910105918	0.16225227010608784
0.2482134733533915	0.2081586042887091	0.10473263903874586	0.2812907092617362	0.15760457405741704
0.24970741730172202	0.2081176343084288	0.10615565198907077	0.28244002261473555	0.1535792737860426
0.24916204974055384	0.2090024454904601	0.1046183548294151	0.2848337467502301	0.15238340318934057
0.24930295226550755	0.20436719023637237	0.10668629518542842	0.2805599060284477	0.1590836562842437
0.2478560762780519	0.20693364035546308	0.10470862214410011	0.28620596543635973	0.15429569578602495
0.24318007863109575	0.20761425280593293	0.10716373985308912	0.2803143321039867	0.16172759660589525
0.250285631086116	0.20302414577555622	0.10507086995984469	0.28131118273509226	0.1603081704433906
0.2498184170458025	0.20641973587378817	0.10482694614351229	0.2856125070917074	0.15332239384518936
0.2503329024371248	0.2043920209941796	0.10459303870906704	0.28425826256458514	0.15642377529504323
0.24575260573625346	0.2067667160494124	0.10589810298061479	0.28531749915043836	0.15626507608328072
0.24720052948858012	0.2060829235037426	0.10548892993313921	0.2798801632342142	0.1613474538403236
0.24317757440616006	0.20301808500721227	0.1065205838358396	0.2827065461057535	0.16457721064503433
0.24824396789793846	0.20905308449859084	0.10554773760692265	0.28225588882118346	0.15489932117536434
0.24981095519096697	0.20523957173324148	0.10738016051387017	0.28600278820154096	0.1515665243603802
0.2443118373812661	0.20857782416917245	0.10508810510391804	0.2788177637449162	0.163204469600727
0.24819439097821988	0.20420112783037597	0.10646104244930771	0.2821582632308469	0.15898517551124922
0.24583375898521043	0.2053275592713224	0.10507139522343933	0.28259306904654463	0.16117421747348293
0.24587819661519583	0.20737505023927005	0.1053728854455373	0.2853232574261333	0.1560506102738633
0.2439487315705267	0.20768698003524	0.10575091054631441	0.28495865597978887	0.15765472186812976
0.24785099033112376	0.20685487767253638	0.10562776086068582	0.2866644078784622	0.15300196325719156
0.24332397998018207	0.20889645606807464	0.10714023341914132	0.28292732073837407	0.1577120097942277
0.2494772780861229	0.20409474694841478	0.10716245875596453	0.2780997342622819	0.16116578194721562
0.24271669403395243	0.20516851878669926	0.10648890389217965	0.28202730625489775	0.16359857703227068
0.2504437336598317	0.204874370593669	0.10698712106742844	0.2847824270410658	0.1529123476380048
0.2433429045508918	0.20424719048310153	0.10675420479944127	0.2854309205485316	0.16022477961803355
0.24610190923047476	0.20350428162719433	0.1042916955708278	0.2831761023023423	0.1629260112691606
0.24926736858583293	0.20390080628535034	0.10690879026393768	0.28358887809947386	0.15633415676540494
0.24592153638860953	0.20915552888986563	0.10609739758101251	0.2799007283843363	0.1589248087561758
0.24572461198288562	0.20353571565722514	0.10728825509547234	0.28408032218813273	0.15937109507628391
0.2468931521366505	0.20782069156357338	0.10478477002880199	0.2839140553514773	0.1565873309194966
0.24817197439793906	0.20660904032117813	0.10720664095147873	0.28611946572656766	0.15189287860283618
0.24727882164736842	0.20860118154355597	0.10603106373163738	0.27862769660526077	0.1594612364721772
