0.18242995470907114	0.26997098372701384	0.5475990615639151
0.18351770663094794	0.2688375875883088	0.5476447057807434
0.18317850162907	0.2676131949141742	0.5492083034567559
0.18237244263437766	0.2686020503742371	0.5490255069913853
0.18186790996099486	0.2719736865268854	0.5461584035121199
0.18152237389490306	0.27296532285538294	0.5455123032497141
0.1821603481654389	0.2718120485074217	0.5460276033271395
0.1827906773707103	0.26791238175351534	0.5492969408757744
0.1830885514836708	0.2690321020075722	0.5478793465087571
0.18212322726698282	0.26773244413677666	0.5501443285962406
0.181414350708683	0.26920011222085316	0.5493855370704639
0.18332996835479298	0.26818630185223563	0.5484837297929716
0.18137331707477514	0.27339534651766406	0.5452313364075609
0.18342610969348125	0.26800459615576133	0.5485692941507576
0.1818910367328934	0.26968940176832623	0.5484195614987805
0.18263778257853464	0.2698743323853734	0.547487885036092
0.1835349773028052	0.26734248945665917	0.5491225332405358
0.18299340802110337	0.26990022430884275	0.547106367670054
0.1835129445274389	0.2666636387738063	0.549823416698755
0.1836466006626577	0.26769971924063746	0.548653680096705
0.1818707588663418	0.2696305345607903	0.548498706572868
0.18158922055614984	0.26870455328857773	0.5497062261552725
0.18296791491778142	0.27146986153929903	0.5455622235429197
0.18280754645657163	0.2677772384583307	0.5494152150850978
0.1822425682097799	0.2682771571697642	0.549480274620456
0.18339639389658846	0.271548703965585	0.5450549021378266
0.18140670098166992	0.27298556795335704	0.5456077310649732
0.18211331914838594	0.2706987099242121	0.5471879709274021
0.1825127746398985	0.26838238919245405	0.5491048361676476
0.1825477868244339	0.2677320789595135	0.5497201342160527
0.18133902918547162	0.27069108719020724	0.5479698836243213
0.18255909326944897	0.2672170896343813	0.5502238170961699
0.18237376170781058	0.2709432136852838	0.5466830246069058
0.1818744468677997	0.2709159796902169	0.5472095734419835
0.18323366091102578	0.2700067159362101	0.5467596231527643
0.18182243100001186	0.27042140117331476	0.5477561678266736
0.18155861243356736	0.2686631075667942	0.5497782799996386
0.18266039794035605	0.2723954081698586	0.5449441938897854
0.18313605554650483	0.27039122447125086	0.5464727199822444
0.18267875532425742	0.2674275762560918	0.5498936684196508
0.18340255121996543	0.26718041807796133	0.5494170307020734
0.18339668869507675	0.2701957844931885	0.5464075268117349
0.18251309340060018	0.26740450598546855	0.5500824006139314
0.18174461853973187	0.26824146715434205	0.5500139143059263
0.1831552639991014	0.26970489647367785	0.5471398395272209
0.1822592751805594	0.2719340427742935	0.5458066820451473
0.18326374380335783	0.2666025730004868	0.5501336831961555
0.1835037804451165	0.26674764350394636	0.5497485760509373
0.18262011969580708	0.27226974516849567	0.5451101351356974
0.18156118545687366	0.2703403754294147	0.5480984391137118
0.18238712214624553	0.27105726293558785	0.5465556149181667
0.18231208268000354	0.2688676198168831	0.5488202975031135
0.18316076865289854	0.267015320910416	0.5498239104366855
0.18272603410390809	0.2678739983724976	0.5493999675235944
0.18198559436563694	0.2701035853835515	0.5479108202508116
0.18151551571327368	0.268058575733053	0.5504259085536735
0.1827932096093469	0.27200566006187493	0.5452011303287783
0.18287519483058107	0.26964144563855236	0.5474833595308667
0.18242873456264425	0.2699304412672034	0.5476408241701525
0.1816087012259583	0.26961860042322267	0.5487726983508192
0.18255611538751057	0.2675254313354593	0.5499184532770303
0.1821166046107863	0.2717351130970758	0.546148282292138
0.18178030040596405	0.2708446004836303	0.5473750991104058
0.18357183050481327	0.2686549328435136	0.5477732366516732
0.18162194594002853	0.2704414782366452	0.5479365758233264
0.18177345695897432	0.26951430977480173	0.5487122332662241
0.18309613820735116	0.27026557535200146	0.5466382864406475
0.1826546554631184	0.2683490495838595	0.5489962949530223
0.18175954842501682	0.2709302394529282	0.5473102121220551
0.1835054540602399	0.2707891179317126	0.5457054280080476
0.18365614422340074	0.2691916032474481	0.5471522525291512
0.18307328826732452	0.26819552200899865	0.5487311897236768
0.183577582322869	0.27148909012471323	0.5449333275524179
0.18365586527703714	0.267568163876061	0.548775970846902
0.18267284465001526	0.2671803550608903	0.5501468002890946
0.1827225143531791	0.2714697594460007	0.5458077262008203
0.18267428378402992	0.2700443271570087	0.5472813890589615
0.1822236864569514	0.26915084994036287	0.5486254636026858
0.18128993193882198	0.27123240158432593	0.5474776664768523
0.18330597820218542	0.26689842243719236	0.5497955993606223
0.18310315996000948	0.2693620233399678	0.5475348167000229
0.18286704123002065	0.2707868294706445	0.546346129299335
0.1825973981086226	0.2696407003990071	0.5477619014923705
0.18296672578732592	0.26722301022209827	0.549810263990576
0.18207144939292844	0.26897497936625975	0.548953571240812
0.18255475525943557	0.2711557707056817	0.5462894740348828
0.1823006582946311	0.2724615477877923	0.5452377939175768
0.18237904369895044	0.26974207160275954	0.5478788846982902
0.18337585725826225	0.26667256619049	0.5499515765512478
0.18149477823718596	0.26914374679826997	0.5493614749645442
0.18192236009780854	0.27157884959610146	0.54649879030609
0.18142325926001132	0.2684241801117476	0.5501525606282412
0.18196047341228155	0.26900754445596886	0.5490319821317498
0.18155664480948433	0.26960563444832114	0.5488377207421946
0.18260106898825973	0.2707388617155193	0.5466600692962211
0.18201595183760116	0.26824580751451743	0.5497382406478816
0.18159092714939784	0.27331385858970214	0.5450952142609001
0.183140764530209	0.26824587545527634	0.5486133600145147
0.18354009694173729	0.2670705352057683	0.5493893678524946
0.18180597208722912	0.2722737243493418	0.5459203035634292
0.18201391742817552	0.27117515154827837	0.5468109310235463
0.18206988135778693	0.2706590810363165	0.5472710376058967
0.1828050671874568	0.2711177170139828	0.5460772157985605
0.18251981899089828	0.27138386937795256	0.5460963116311492
0.18296559193003822	0.26683478108045366	0.5501996269895082
0.1831097411350931	0.26842225809469994	0.5484680007702071
0.18298627698242023	0.26729285536458436	0.5497208676529954
0.18262331328599044	0.2721919677937129	0.5451847189202969
0.18350000263570074	0.27075146644111003	0.5457485309231893
0.18192067664424125	0.2730704719806706	0.5450088513750884
0.18318742593880555	0.2714835599558271	0.5453290141053675
0.18199656790377758	0.27030244650027696	0.5477009855959456
0.18270976938079247	0.26807797059711164	0.549212260022096
0.18217047796218871	0.26769178759377693	0.5501377344440345
0.18308193074983287	0.26726880607400433	0.5496492631761629
0.18344772190634775	0.2670004722124327	0.5495518058812197
0.1823765050664187	0.2722365453529146	0.5453869495806668
0.1826432986016149	0.2704086240197984	0.5469480773785869
0.1817905248495354	0.27243551204515115	0.5457739631053136
0.18241185382762562	0.27012972590260764	0.5474584202697669
0.18129425988659437	0.2693017694788059	0.5494039706345999
0.18148528825281213	0.27346286582461693	0.545051845922571
0.1829917276202611	0.26952054569827727	0.5474877266814617
0.18264685348225662	0.2699045271466928	0.5474486193710507
0.1814353110094138	0.26955166613079623	0.54901302285979
0.18195327190979294	0.2686563698747635	0.5493903582154437
0.18238630939359202	0.26862031955377796	0.5489933710526301
0.1832603756640968	0.2700075655461933	0.54673205878971
0.18151083751711083	0.27004079250437757	0.5484483699785117
0.18148289209138155	0.26852642530871895	0.5499906825998997
0.181344478740158	0.26954676206257144	0.5491087591972706
0.1827035386615455	0.2683981050343479	0.5488983563041067
0.18238102386029093	0.26742789337060086	0.5501910827691083
0.18311098688416835	0.26975267910207623	0.5471363340137555
0.1834618988564803	0.2673217524897358	0.549216348653784
0.18197947558674107	0.26980266556092575	0.5482178588523333
0.18196717660811124	0.2700118698650795	0.5480209535268094
0.18250371328913462	0.2714415650373303	0.5460547216735352
0.1828430040123392	0.27193787533401004	0.545219120653651
0.18206920934209186	0.2723040634243148	0.5456267272335935
0.1815053500659006	0.2730554728239993	0.5454391771101003
0.18368274778043459	0.2673083353677389	0.5490089168518266
0.1818936712901805	0.2694692070476641	0.5486371216621555
0.18286544326045232	0.2703357511309597	0.5467988056085881
0.18185670607756127	0.2683265046932721	0.5498167892291667
0.18294909007607296	0.2700680348515352	0.546982875072392
0.18156396957049367	0.27145929388057033	0.5469767365489361
0.1836026005340989	0.2702510666936176	0.5461463327722836
0.1827266556949195	0.2713628444837061	0.5459104998213745
0.18296327556650138	0.2715912389872414	0.5454454854462574
0.18343238550676352	0.2677523603653156	0.548815254127921
0.1822174012502351	0.27046334288040774	0.5473192558693573
0.1827677425443536	0.2679753762503685	0.549256881205278
0.18144809387268715	0.26947206137389046	0.5490798447534224
0.18353462622034658	0.2705155775688327	0.5459497962108208
0.181484066697816	0.2713071019012181	0.547208831400966
0.1812821711529288	0.27031741929512204	0.5484004095519492
0.18339290002355327	0.270468089638516	0.5461390103379309
0.18147348961611237	0.27012468883701723	0.5484018215468706
0.1833440504933609	0.26985833024030725	0.546797619266332
0.18128169286898863	0.2730083071502545	0.5457099999807571
0.1822762686394971	0.27273548081458787	0.5449882505459152
0.18132532766699552	0.2709544839530408	0.5477201883799638
0.183595769201484	0.2667707765931087	0.5496334542054074
0.1834433320266626	0.2666400114638636	0.549916656509474
0.18203725032884918	0.26805728975451965	0.5499054599166313
0.18174888041357218	0.2682512974399936	0.5499998221464344
0.18127914546509635	0.27110196690811494	0.5476188876267888
0.1814614475531198	0.26922135564170563	0.5493171968051747
0.1813214242786147	0.2682837121065096	0.5503948636148759
0.18240149768789046	0.26839401448761624	0.5492044878244935
0.18140545723606097	0.2725144249018775	0.5460801178620616
0.18173009729485978	0.2685736775877537	0.5496962251173867
0.18349606726158088	0.2674031210846093	0.54910081165381
0.1813122949227261	0.2732010274981849	0.5454866775790891
0.18333959967940094	0.2662381973241114	0.5504222029964878
0.1832870477068928	0.2687655031305752	0.5479474491625321
0.18248106170258332	0.27154384431756234	0.5459750939798544
0.18221717723864012	0.27193119931649173	0.5458516234448683
0.18340670118836583	0.2711029158718067	0.5454903829398277
0.18256371144946906	0.26996373466632606	0.547472553884205
0.1819462927770846	0.2679894700096349	0.5500642372132806
0.18313598757887242	0.27145693503281915	0.5454070773883086
0.1817255247404556	0.27096766906306247	0.5473068061964821
0.18184195687727525	0.271568267918778	0.5465897752039468
0.18138095990984476	0.27290814199106256	0.5457108980990928
0.18180798648347957	0.2690345373497565	0.549157476166764
0.18308080141577032	0.2720608041547676	0.5448583944294623
0.18162781937948502	0.26904351977209634	0.5493286608484187
0.18253267974151974	0.2684349691221567	0.5490323511363236
0.1824516246934223	0.2726581302081881	0.5448902450983898
0.18138126899621154	0.26852566674241685	0.5500930642613717
0.18267265218565532	0.26910144582380224	0.5482259019905424
0.18346317244116903	0.26744385784808694	0.5490929697107442
0.1830450952769501	0.26837943942824993	0.5485754652948002
0.18197055042854127	0.2708152297350219	0.5472142198364369
0.18184272874177068	0.2682111630170932	0.5499461082411362
0.18282341764226723	0.2710385167278964	0.5461380656298365
0.18128544703699417	0.27155422291883424	0.5471603300441716
0.1834503637101691	0.26680545670599953	0.5497441795838315
0.1822086719191546	0.26833596476002264	0.5494553633208229
0.183457287677259	0.26891409872483785	0.5476286135979034
0.1812586339295108	0.2730150287475857	0.5457263373229037
0.18355866167840967	0.2690177915135054	0.547423546808085
0.18319643356279489	0.26949625116091264	0.5473073152762926
0.18169150198799752	0.26915120912217705	0.5491572888898255
0.1818171137613741	0.26946875274165605	0.54871413349697
0.18153774458883135	0.27223902462260546	0.5462232307885633
0.1830745429228044	0.2704945170603911	0.5464309400168046
0.1821516504865688	0.2722337669921797	0.5456145825212516
0.18137030416937114	0.2733034778490572	0.5453262179815719
0.18324217957921057	0.27022707166924	0.5465307487515496
0.18140045451391693	0.2708373169465496	0.5477622285395336
0.1815088543636663	0.2721981705718496	0.5462929750644843
0.1818939794328682	0.2689250472932787	0.5491809732738532
0.18271483561545715	0.2714404195369617	0.5458447448475813
0.1818492582896751	0.2718481593824335	0.5463025823278915
0.18335408277167678	0.26965823709084313	0.5469876801374802
0.18184660998449295	0.26872881052996694	0.5494245794855401
0.18179766011281753	0.26869647262926866	0.549505867257914
0.18235094827887716	0.2714516199328799	0.546197431788243
0.1828897294116858	0.2705346297430715	0.5465756408452428
0.18220847453190175	0.26761493558351196	0.5501765898845864
0.18223988750504544	0.26811145801940794	0.5496486544755468
0.18223870744424206	0.2677704217123925	0.5499908708433655
0.18176613449640466	0.26884878208273266	0.5493850834208628
0.18133198681078547	0.2694604316936721	0.5492075814955425
0.1830852688496514	0.2717481190369148	0.5451666121134339
0.18234145796197904	0.2713096149487551	0.546348927089266
0.18315176248403742	0.2672370419622103	0.5496111955537524
0.18330105490472604	0.26709209621000085	0.5496068488852732
0.18172230647692802	0.27180957775801884	0.5464681157650533
0.18341842002345687	0.2711887051146323	0.5453928748619109
0.18197818022374276	0.26980670374721727	0.54821511602904
0.18351919709514428	0.26817925517857055	0.5483015477262853
0.18147488452592142	0.2698807329696489	0.5486443825044298
0.18309797944241826	0.26797392260161756	0.5489280979559643
0.18162175708064177	0.26998984593530284	0.5483883969840555
0.18139337016413673	0.27058344997695494	0.5480231798589085
0.18212355115909196	0.2680269053553216	0.5498495434855866
0.1820059329030974	0.27116698982783516	0.5468270772690675
0.18265627963751485	0.26776803491225	0.5495756854502353
0.18345471503119268	0.2682013903789129	0.5483438945898945
0.18294730659105007	0.2712538914030592	0.5457988020058908
0.18138952836776273	0.2722931812358319	0.5463172903964055
0.18255955481654793	0.26717948368327227	0.5502609615001799
0.18252032214723837	0.2698168657495039	0.5476628121032578
0.1821703061437127	0.2675557555908744	0.5502739382654129
0.1829618838753585	0.2723375589030935	0.5447005572215481
0.1835421189659059	0.268626525862406	0.5478313551716882
0.18174366685107116	0.2696894009623669	0.548566932186562
0.18152058240811153	0.2721223455970483	0.5463570719948403
0.18232140826805907	0.27273539055172	0.544943201180221
0.18344265041014846	0.27031810104689735	0.5462392485429542
0.18143307020192345	0.27354738502827414	0.5450195447698025
0.18205059107181332	0.27074914232317865	0.5472002666050082
0.18125724575689497	0.26914669501594757	0.5495960592271576
0.18267220804699597	0.2703439156078834	0.5469838763451207
0.18297456296067172	0.270093702554288	0.5469317344850404
0.18131059485356105	0.27017015509033054	0.5485192500561086
0.18247397103758284	0.2727857783932392	0.5447402505691781
0.18142758284734126	0.27022437997987847	0.5483480371727804
0.18165347837084325	0.26812096395806917	0.5502255576710877
0.1830044916130471	0.2690865349789105	0.5479089734080425
0.18204970869678433	0.2722008208492201	0.5457494704539957
0.1829354492935372	0.2707144559282696	0.5463500947781933
0.18316338594970097	0.2715924206565204	0.5452441933937788
0.18135569199502025	0.27239542699017766	0.5462488810148022
0.18221552637881425	0.26764588852235816	0.5501385850988276
0.18325357901787684	0.2673841918069765	0.5493622291751469
0.18173693716294062	0.26895089416150164	0.5493121686755579
0.18336334051045308	0.27087678847499486	0.5457598710145521
0.18161511832454508	0.2733645607311782	0.5450203209442768
0.18337852097653926	0.2718918392324146	0.5447296397910463
0.18226412537499057	0.26933707422947323	0.5483988003955363
0.18290278230329773	0.2688288966025104	0.548268321094192
0.1816772596298455	0.2679423514352992	0.5503803889348554
0.18356187818437378	0.26996489036796056	0.5464732314476658
0.18320869187437983	0.2694278388888432	0.547363469236777
0.18125802507428646	0.2728371170107606	0.5459048579149531
0.18169145486501284	0.26930004886097203	0.5490084962740153
0.18167692721795667	0.2699680678943834	0.5483550048876601
0.18326288049226933	0.26677947845209715	0.5499576410556336
0.18242445169928653	0.2686806367306997	0.5488949115700139
0.18151014564417203	0.272634402324803	0.5458554520310251
0.18291653567941038	0.26704030604023876	0.550043158280351
0.18355470248852962	0.26767844269518304	0.5487668548162874
0.18288966986750946	0.26726953461274205	0.5498407955197486
0.1823895341961286	0.27210648580389873	0.5455039799999727
0.181910080469229	0.2685288193978895	0.5495611001328817
0.1819204601219026	0.2710121068810426	0.5470674329970548
0.1816106005690709	0.2714524506471644	0.5469369487837649
0.18202317379395477	0.2699312909893276	0.5480455352167177
0.1819108056684593	0.2730869604912933	0.5450022338402476
0.18245618785385165	0.26966978358622284	0.5478740285599256
0.18299504778841746	0.2710466843922864	0.5459582678192962
0.18158378416567006	0.2715725167405599	0.5468436990937702
0.18298019378564287	0.2719497917038717	0.5450700145104856
0.18178476024926077	0.2710380844388143	0.547177155311925
0.18342589157936168	0.2705174534777994	0.5460566549428391
0.1834524186355911	0.27031303256736444	0.5462345487970446
0.1823620060219061	0.2706194249816152	0.5470185689964788
0.18154080678393741	0.26913697163139966	0.549322221584663
0.18131051437971693	0.27001381206298714	0.5486756735572961
0.1820135438822657	0.2692999652607766	0.5486864908569579
0.18233509169378218	0.2685660580949324	0.5490988502112856
0.18302232776254837	0.2699020980439742	0.5470755741934775
0.18321661876393586	0.26895667875787455	0.5478267024781898
0.1815299398612526	0.2686372239961688	0.5498328361425787
0.18302243309024432	0.26970128814307837	0.5472762787666774
0.18270728747278475	0.27132053351899105	0.5459721790082244
0.18294981585243353	0.2689857715966879	0.5480644125508787
0.1834127085884572	0.2700835191503108	0.546503772261232
0.18151060192128363	0.27169309117445584	0.5467963069042606
0.18166155363138714	0.27329947137294835	0.5450389749956646
0.18307332072821753	0.2682520665773922	0.5486746126943903
0.18303542768250636	0.2686888044337943	0.5482757678836995
0.18133445372989354	0.27292146170196563	0.5457440845681409
0.18181827089172867	0.26957649497535446	0.5486052341329171
0.18164508746418873	0.2728000869364573	0.5455548255993541
0.18157476394203506	0.26816125530643586	0.5502639807515292
0.18301647435557894	0.27117947875231435	0.5458040468921068
0.18154710029258558	0.26830022109713125	0.5501526786102833
0.1818873999284754	0.2702088647289005	0.5479037353426242
0.1828522102032934	0.2711066593224062	0.5460411304743005
0.18353810337735216	0.2669477579821742	0.5495141386404738
0.18326612873819975	0.26773253996881585	0.5490013312929845
0.18364285988763304	0.26815757066849844	0.5481995694438686
0.1825870287100579	0.26717593937960565	0.5502370319103365
0.18244534112854194	0.27206718393106033	0.5454874749403978
0.18260307274775528	0.27252469553621855	0.5448722317160264
0.18362719178220782	0.27077102032577605	0.5456017878920162
0.18144647985902024	0.27212506658487845	0.5464284535561015
0.1825765255972386	0.27166860976902263	0.5457548646337389
0.18205737292064486	0.269594834285242	0.5483477927941132
0.18199592032901413	0.2707779829015493	0.5472260967694367
0.18332892714739826	0.2667905949908143	0.5498804778617875
0.1816934801473912	0.2723010265041657	0.5460054933484433
0.1827283006596629	0.2725947917484652	0.544676907591872
0.18309955169646255	0.270704903571207	0.5461955447323306
0.18277978826507663	0.2670590929508132	0.5501611187841103
0.18297112477253416	0.26765516716548887	0.549373708061977
0.18293151106985672	0.2679094824023457	0.5491590065277977
0.18195045493456294	0.27241151647803874	0.5456380285873984
0.18298280547916715	0.2676991062121943	0.5493180883086387
0.1835465813435193	0.26664754393910467	0.5498058747173762
0.1829480165628537	0.2694759666678533	0.5475760167692931
0.18130815669791203	0.27247348973370356	0.5462183535683846
0.1830415739983409	0.2718113862640055	0.5451470397376538
0.18259783339689467	0.2721811362430272	0.5452210303600782
0.18263302529566205	0.27053095029589125	0.5468360244084469
0.18181040238719012	0.26975900799995456	0.5484305896128554
0.18324923484644745	0.2699630157363039	0.5467877494172488
0.18275429050330372	0.2715055841767132	0.5457401253199832
0.18153445065917792	0.2703236254619429	0.5481419238788793
0.18316629021975867	0.2668714991441329	0.5499622106361086
0.18208108894393996	0.26833393339478323	0.5495849776612769
0.18139413287873243	0.2719364827536308	0.5466693843676369
0.18249465552244995	0.2690677255519832	0.548437618925567
0.18279981337243292	0.27190649593859273	0.5452936906889745
0.18309938968571973	0.272128721332622	0.5447718889816584
0.1816680592841507	0.27018220230570056	0.5481497384101488
0.1819088697376637	0.27102203485274934	0.547069095409587
0.18294249012241168	0.27070028314627503	0.5463572267313135
0.1815858167988217	0.2724736992242944	0.5459404839768841
0.18248072070886806	0.2711875379646069	0.5463317413265252
0.18239789053389321	0.27291030975855657	0.5446917997075503
0.18146510334619456	0.26916083307442346	0.5493740635793821
0.18138691205710047	0.2710299053714721	0.5475831825714276
0.18157693828238072	0.2693742875556928	0.5490487741619265
0.1826763208793568	0.2675539582108556	0.5497697209097877
0.18149411955417175	0.27159385698640887	0.5469120234594195
0.18368873942979475	0.2671006656681144	0.549210594902091
0.18367920644049404	0.2695479135523983	0.5467728800071078
0.1829144267053716	0.2683227933872249	0.5487627799074035
0.18130982159829945	0.27199182566559377	0.5466983527361069
0.18319945161506554	0.268290403961125	0.5485101444238095
0.18312041845084412	0.26911946986249113	0.5477601116866648
0.18215472196079358	0.2683716699847611	0.5494736080544455
0.18338794695699479	0.27056361056323686	0.5460484424797685
0.1819100419927269	0.2719287118597498	0.5461612461475234
0.1833727906246297	0.2717388229177578	0.5448883864576126
0.18225762225085115	0.26962148832503163	0.5481208894241174
0.18309468774132825	0.26714981816082345	0.5497554940978484
0.18314105328937394	0.27117988546373994	0.5456790612468863
0.18267166081283576	0.2700476178658827	0.5472807213212817
0.18146915083686269	0.26959695832939906	0.5489338908337383
0.18162937620182665	0.2694862989389849	0.5488843248591886
0.18205603948779886	0.27021654963446085	0.5477274108777404
0.18215974986503752	0.27228180569532	0.5455584444396425
0.18291780581828251	0.2700270142089958	0.5470551799727219
0.18255853967885838	0.2715166080760393	0.5459248522451025
0.18254675625542707	0.2703677495771696	0.5470854941674035
0.18140485010300034	0.2726864485548892	0.5459087013421106
0.181901534009925	0.2694652925463217	0.5486331734437535
0.1823916160606017	0.2724944444722735	0.5451139394671249
0.18142889958954247	0.2718092529885873	0.5467618474218704
0.1833080856847594	0.26779129390000117	0.5489006204152396
0.1813607678576713	0.269429294381056	0.5492099377612728
0.18164018632592496	0.26919660488988506	0.5491632087841901
0.18153326319497018	0.27085476731607994	0.5476119694889501
0.1822332774584502	0.2676635099729335	0.5501032125686165
0.1814439260419761	0.2731929905864848	0.5453630833715393
0.18317352908066342	0.2678500859644137	0.548976384954923
0.18281214713367192	0.27182624565169805	0.5453616072146301
0.18160022236946993	0.2695990073354553	0.5488007702950749
0.18306441389665412	0.26814475251901004	0.5487908335843359
0.18352493309486798	0.2662891448719722	0.55018592203316
0.1831645683800182	0.2703280949982355	0.5465073366217464
0.18227984071569167	0.2681253359150371	0.5495948233692713
0.18149111845375518	0.26808326821186657	0.5504256133343783
0.1822715964834366	0.26816477206883194	0.5495636314477316
0.18368365444825333	0.2698547186891389	0.5464616268626079
0.1825503050594983	0.26815717809013223	0.5492925168503696
0.1817315379794366	0.27337294295641423	0.5448955190641492
0.18314767429867262	0.2720659841306453	0.5447863415706822
0.1823871474162548	0.27112062244461804	0.5464922301391273
0.18149044008922854	0.2720732066838759	0.5464363532268957
0.18133236774856837	0.27198413586984127	0.5466834963815904
0.18146675665117487	0.27342778287942004	0.5451054604694052
0.18343943804296753	0.27093039892882664	0.545630163028206
0.18294558066317854	0.2723670796381255	0.544687339698696
0.1822154461366554	0.27065245028530194	0.5471321035780428
0.18159916611360252	0.2708503904078937	0.5475504434785039
0.1814306784491103	0.26995197154172085	0.548617350009169
0.1830278315109656	0.27032005707026474	0.5466521114187698
0.1835417993305052	0.2689365845258994	0.5475216161435955
0.18181850859950788	0.2692826837618458	0.5488988076386464
0.18234788556098813	0.27140207248782894	0.5462500419511831
0.18235046674335179	0.27073792067343405	0.5469116125832143
0.18143136980829214	0.26910487911114844	0.5494637510805596
0.18285402887027513	0.267828588212894	0.549317382916831
0.18275818697318186	0.26835475029840106	0.5488870627284171
0.18230957965071365	0.2721453016099925	0.5455451187392939
0.1825936005680093	0.26815697197398813	0.5492494274580026
0.18245079919453613	0.2684547154467214	0.5490944853587426
0.1813914989259469	0.27033208106990547	0.5482764200041477
0.1817044481642549	0.26901160301748955	0.5492839488182557
0.18218179465040868	0.27167822815704296	0.5461399771925485
0.18218403361299434	0.2713811922556274	0.5464347741313784
0.1823256454368676	0.26971814747982115	0.5479562070833113
0.1834243316223474	0.27066228638064616	0.5459133819970066
0.1827961233159346	0.26819383907987304	0.5490100376041924
0.1832335205443098	0.2699259112080677	0.5468405682476226
0.18294413136012577	0.2680853823502191	0.5489704862896552
0.1833801805031191	0.2694465620355808	0.5471732574613002
0.18186674163852268	0.2724793293244687	0.5456539290370087
0.18319006204658686	0.2685714153191204	0.5482385226342928
0.18131017713306413	0.2714706688660981	0.5472191540008379
0.18205923216578915	0.26924742527222584	0.5486933425619851
0.18268775309056748	0.267009299815076	0.5503029470943567
0.18313320942125488	0.26874289763148773	0.5481238929472575
0.1824283547772664	0.2715435970372336	0.5460280481855001
0.18130167341246167	0.27217723229927954	0.5465210942882589
0.18310043915899035	0.2703371174776514	0.5465624433633584
0.18177623350960223	0.2700507347645288	0.5481730317258691
0.18204473289271791	0.27067925277119986	0.5472760143360823
0.18285136405992874	0.2706620427753264	0.5464865931647449
0.18296022597021674	0.26963363320818023	0.5474061408216031
0.1832779608541385	0.2719845597988873	0.5447374793469744
0.18220293585335423	0.26936590768823576	0.5484311564584101
0.18168449851874163	0.2697511723180162	0.5485643291632423
0.1821635936989928	0.26860409981510847	0.5492323064858988
0.18236936815116095	0.2698974420511113	0.5477331897977278
0.18317830421541625	0.2672531108320854	0.5495685849524984
0.18181394281423538	0.2682372023052125	0.5499488548805522
0.1826132662310874	0.2697830731773104	0.5476036605916024
0.1826697388092248	0.2675245687715359	0.5498056924192394
0.18144905483158547	0.2697469683281617	0.5488039768402531
0.1813557753193317	0.27188053337743834	0.5467636913032301
0.18214438252210194	0.26768081943536254	0.5501747980425356
0.1829569328770659	0.26773682767152535	0.5493062394514089
0.18365653948662652	0.2671378656764359	0.5492055948369376
0.18189965267110747	0.2726207643476414	0.5454795829812513
0.18262195042253948	0.26750362451540044	0.5498744250620602
0.18336397258615955	0.26631335066833434	0.5503226767455062
0.1834783238143798	0.271511714781257	0.5450099614043633
0.181868975309521	0.2691454103620687	0.5489856143284104
0.18153217203935293	0.27254629986138684	0.5459215280992603
0.18246689905864474	0.2685876535848588	0.5489454473564965
0.1829244995598515	0.26789932238684605	0.5491761780533025
0.1831542740836916	0.26845712751860834	0.5483885983977002
0.18194682704581838	0.2692618434905392	0.5487913294636425
0.18169345786456184	0.272142144049744	0.5461643980856943
0.1834791769887592	0.2717224574638537	0.5447983655473873
0.18322973440105278	0.2720851123461371	0.5446851532528103
0.1823670655823282	0.2720259498560676	0.5456069845616043
0.18256622451899568	0.2713542325522128	0.5460795429287917
0.18134380108187423	0.2694251310208661	0.5492310678972597
0.18290573986675582	0.2672133123906371	0.5498809477426072
0.1820468138702336	0.27195919701191795	0.5459939891178486
0.18196170965774702	0.2703110149593105	0.5477272753829426
0.1818608650180948	0.2711301285500417	0.5470090064318636
0.18260709083097604	0.2722338173920106	0.5451590917770135
0.18164521188445212	0.26991564751699604	0.5484391405985519
0.1836331722138688	0.2673005548996824	0.5490662728864489
0.18128786644622708	0.27070909208457994	0.5480030414691931
0.18351649660104163	0.2714593359957605	0.5450241674031979
0.18239567026138231	0.27226330515812547	0.5453410245804924
0.18202996082343928	0.26954593465701937	0.5484241045195415
0.18167141566180584	0.272854683664551	0.5454739006736432
0.1824742806496646	0.2714243708570127	0.5461013484933228
0.18214257616485138	0.26857847520212086	0.5492789486330278
0.18203667992165803	0.27074257920014916	0.547220740878193
0.1824518155382959	0.27224358958626094	0.5453045948754432
0.18340000545761798	0.27179546280597405	0.5448045317364081
0.183302708219497	0.27152438453880184	0.5451729072417013
0.18205290738338203	0.2725422804286151	0.545404812188003
0.1824294028183667	0.26858167076272693	0.5489889264189065
0.1813867292252274	0.2700795904012116	0.5485336803735611
0.18184691539700717	0.27291779109360026	0.5452352935093927
0.18188810872110292	0.272641972644075	0.5454699186348222
0.18167716082028776	0.2724037595024962	0.5459190796772162
0.18171775668369	0.27132555780763956	0.5469566855086705
0.18170185039286726	0.27249358244516864	0.5458045671619642
0.1823614157120325	0.27085680960432934	0.5467817746836383
0.18261211262811106	0.2676172695038984	0.5497706178679906
0.1830744840911512	0.26947797671815776	0.5474475391906911
0.18268700021781092	0.2712543891327205	0.5460586106494687
0.18329212058507555	0.27001151792840405	0.5466963614865205
0.18178877845975716	0.26979321512205967	0.5484180064181833
0.18274961711496573	0.2672364188344789	0.5500139640505555
0.18197652837831949	0.2699344457463125	0.5480890258753681
0.18284478903757143	0.26850581228106446	0.5486493986813642
0.18361502632973062	0.2714855349723579	0.5448994386979116
0.18216735257325728	0.27047568308063563	0.5473569643461071
0.18203781518485873	0.2691992713172326	0.5487629134979088
0.18166616203338673	0.2708160053782709	0.5475178325883425
0.18295339387360712	0.26924334038918146	0.5478032657372116
0.1821165351326609	0.2725737459534484	0.5453097189138908
0.18339542495842695	0.27146352810593105	0.5451410469356421
0.18190287517484466	0.26766706213528035	0.550430062689875
0.1828249290144168	0.2674276305623393	0.549747440423244
0.18274739134892126	0.27199995630062646	0.5452526523504524
0.18144821930982424	0.2708381951183106	0.5477135855718653
0.18194354602431884	0.272734493051921	0.5453219609237603
0.18328442522731164	0.2718734307235807	0.5448421440491078
0.18130546392559463	0.2725271316075163	0.5461674044668892
0.18190835658708263	0.26771180317673776	0.5503798402361797
0.1815216168512289	0.26824129770307725	0.5502370854456939
0.18213413368223064	0.2686571726863288	0.5492086936314406
0.18316856066506973	0.2680316847018689	0.5487997546330615
0.18319454926377507	0.27107500845365107	0.545730442282574
0.18152486620471842	0.27224056243433903	0.5462345713609427
0.18132436962287354	0.2709522365371342	0.5477233938399924
0.1815839848767357	0.27274694681877293	0.5456690683044915
0.18214728696808097	0.2715341272084305	0.5463185858234887
0.181268132902968	0.2706062224266156	0.5481256446704166
0.18272048665300036	0.26690101799041466	0.5503784953565851
0.1832333366387762	0.26761505038135147	0.5491516129798725
0.18197359815363856	0.2700254339958166	0.548000967850545
0.1816122935975743	0.27173877825615694	0.5466489281462689
0.18232346742708355	0.2695533533186031	0.5481231792543135
0.18163210899726667	0.2689323016532554	0.5494355893494781
0.18345091627631357	0.27116246597896804	0.5453866177447185
0.18359463665287085	0.271631078875715	0.5447742844714143
0.1815263227655768	0.27017030332615044	0.548303373908273
0.18176597080068352	0.2693248447582946	0.548909184441022
0.18217731315439753	0.27178514101749907	0.5460375458281035
0.18171190402700788	0.27048429170663757	0.5478038042663547
0.1822466633723811	0.2712377321217012	0.5465156045059179
0.18169292728903055	0.2681770641484359	0.5501300085625337
0.1834652690728457	0.26838674237408566	0.5481479885530688
0.18223151983405542	0.2677799548899401	0.5499885252760046
0.18159181288993279	0.2726577322138935	0.5457504548961738
0.18258264932910315	0.271597229869811	0.545820120801086
0.18350575978000633	0.26661603632649716	0.5498782038934966
0.18170756309932296	0.26902407058625083	0.5492683663144263
0.18298047124853767	0.26695234009743396	0.5500671886540285
0.18213343679008293	0.2677284333217867	0.5501381298881305
0.18258292951619248	0.2717651980658339	0.5456518724179737
0.18261459709033234	0.27255264003859936	0.5448327628710684
0.18303585320074	0.2671881908744532	0.5497759559248069
0.182498150483844	0.2697432891942344	0.5477585603219217
0.18326040295117413	0.271059551486391	0.545680045562435
0.18355516679769088	0.2706396938361115	0.5458051393661978
0.18227744493148432	0.2704753727696829	0.547247182298833
0.18222616703795436	0.26801913145543127	0.5497547015066144
0.1836163424677922	0.2692040652786679	0.54717959225354
0.18268439396592678	0.2719516156867182	0.545363990347355
0.18138413572053838	0.2686930199855325	0.5499228442939292
0.18332282360107816	0.2688307148955934	0.5478464615033286
0.18170679632723086	0.272949740125774	0.5453434635469953
0.1829223965430457	0.2695676782470615	0.5475099252098928
0.1830221360467307	0.26805717744463253	0.5489206865086369
0.18296456302816083	0.26766127815865637	0.549374158813183
0.1820687628370057	0.26980736539326167	0.5481238717697328
0.18187241104919544	0.2698754076605907	0.5482521812902139
0.18352180701471676	0.2696048370217684	0.5468733559635149
0.1819273125028857	0.27142181840306284	0.5466508690940516
0.18313868640333061	0.26692284005701916	0.5499384735396503
0.18359641228127574	0.26814968151806934	0.5482539062006551
0.1821217053413435	0.2702283056432758	0.5476499890153808
0.18347913852882683	0.26887457618836774	0.5476462852828056
0.18133453920051162	0.27208234646099744	0.546583114338491
0.18133556610882898	0.2692309513240408	0.5494334825671303
0.1829895137839521	0.269483955994789	0.5475265302212591
0.18358426029989144	0.2696948794291288	0.5467208602709799
0.18319150205145382	0.2715243967161799	0.5452841012323664
0.18210486087115058	0.2709398206017041	0.5469553185271454
0.1813400375200348	0.2727092654840312	0.5459506969959341
0.18144063261264431	0.2721164909875291	0.5464428763998267
0.1834453681285499	0.2673230904616355	0.5492315414098148
0.1820553049914569	0.27106201612084124	0.5468826788877019
0.1812919748884051	0.27047538958625084	0.5482326355253442
0.1817621154377439	0.27134668980292675	0.5468911947593295
0.18323590213547294	0.27161374219592893	0.5451503556685983
0.18320580973642203	0.2719648736015897	0.5448293166619884
0.18143394608606364	0.2723665911511549	0.5461994627627815
0.18312232019235256	0.2717317350492671	0.5451459447583804
0.18269915561275624	0.2704670862020101	0.5468337581852338
0.1834811294753381	0.26704627692918614	0.5494725935954758
0.182033716733132	0.27134599212519483	0.5466202911416732
0.18336559188039078	0.27026993751454564	0.5463644706050637
0.18271164682580868	0.26709315748160145	0.5501951956925899
0.18133844847126743	0.2711674957737293	0.5474940557550034
0.18241805453761523	0.2701106331030215	0.5474713123593633
0.18198422949841328	0.2692343847028672	0.5487813857987196
0.18320250944864117	0.270751780575303	0.546045709976056
0.18368023010582066	0.26845853652017004	0.5478612333740094
0.181594327091805	0.27191255399298	0.5464931189152151
0.18305459014677336	0.2707819214868531	0.5461634883663736
0.18199138231559592	0.2684420598926457	0.5495665577917586
0.18233997341199765	0.26831623599955035	0.5493437905884522
0.1825119504458802	0.26714804409524073	0.5503400054588792
0.18363107252521693	0.2665855699952122	0.549783357479571
0.18213502913001525	0.26946192117395973	0.548403049696025
0.18367234537212082	0.2672257916662013	0.549101862961678
0.18234811164461517	0.2692976965589796	0.5483541917964053
0.18128075150380296	0.27248056853776237	0.5462386799584348
0.1821408458622751	0.26942496415849937	0.5484341899792256
0.18253570603069924	0.2700619954362081	0.5474022985330926
0.1825237456632303	0.2707160251099308	0.5467602292268391
0.1825806371308848	0.27064610538903955	0.5467732574800758
0.18167931450037095	0.27333332260618726	0.5449873628934419
0.1820306517795504	0.26848223498182566	0.5494871132386241
0.18189216071054165	0.26977469598081	0.5483331433086485
0.18129927997019477	0.2688895010922906	0.5498112189375147
0.18358011739198657	0.2716802141650505	0.5447396684429631
0.1814596674563032	0.2693702723335636	0.5491700602101333
0.1828186344110998	0.26799804858714754	0.5491833170017528
0.18265410505697224	0.2685343951341236	0.5488114998089043
0.18305770293053747	0.2697175588784385	0.5472247381910241
0.18212134722153733	0.27163090543256735	0.5462477473458954
0.18212871678887818	0.2724908189871835	0.5453804642239384
0.18366770918529063	0.27022345569481304	0.5461088351198964
0.18306080012365575	0.269499165120178	0.5474400347561663
0.18244225341515802	0.27205409540151193	0.5455036511833302
0.1827535751663852	0.27078243573224436	0.5464639891013705
0.18184661063754556	0.27162721857625793	0.5465261707861966
0.18125532574602085	0.2727534364319294	0.54599123782205
0.18240210620927477	0.2697388964560681	0.5478589973346573
0.18127537256127044	0.2687386689866289	0.5499859584521007
0.1821164017357558	0.26889528507107086	0.5489883131931734
0.18205586162260629	0.26948950861052	0.5484546297668739
0.18321611040066713	0.2682639566021733	0.5485199329971597
0.1835145154598452	0.2716683150386315	0.5448171695015234
0.1813235368704423	0.2693963498131198	0.549280113316438
0.18174320695545385	0.273210616109253	0.5450461769352932
0.18235419709287876	0.26733854441954363	0.5503072584875777
0.18247269357813528	0.2684957552638453	0.5490315511580196
0.18176734654108384	0.2718746432097433	0.546358010249173
0.18252183556080515	0.2709938665582691	0.5464842978809259
0.18357225136586539	0.26675795262590457	0.5496697960082302
0.18349840555986968	0.26862266607941565	0.5478789283607148
0.181612348502125	0.26897441888473017	0.5494132326131449
0.1830101302418684	0.2667545572250416	0.5502353125330901
0.182702834813577	0.2678962993800164	0.5494008658064067
0.18316064763417533	0.27150171644910365	0.5453376359167211
0.18271519429772232	0.26942298364014483	0.547861822062133
0.18369086487381933	0.26736712416838626	0.5489420109577945
0.18307647630684398	0.2689508619983027	0.5479726616948535
0.18224064873251752	0.2689771334701127	0.5487822177973699
0.1830228766795674	0.2706832525830062	0.5462938707374265
0.1819641924854201	0.26973090168727976	0.5483049058273003
0.1824948468529749	0.27054182949814737	0.5469633236488778
0.18184078892492578	0.26958537124733023	0.5485738398277441
0.18210476412523988	0.27183879972188374	0.5460564361528766
0.18357148599178627	0.2711428907987134	0.5452856232095005
0.18354015608949578	0.2705032926559456	0.5459565512545588
0.1814885830108892	0.2687116726110935	0.5497997443780174
0.18360938907977853	0.2677807167830951	0.5486098941371265
0.18352675567858717	0.26803244097231355	0.5484408033490994
0.18335252523896814	0.2681459927723382	0.5485014819886938
0.18188892026905312	0.26911191837994763	0.5489991613509995
0.18270431795305334	0.2720931679130021	0.5452025141339447
0.181768241022529	0.2682425967797245	0.5499891621977466
0.18135436718439613	0.2730695308744119	0.5455761019411921
0.18278724894912016	0.26781010026186447	0.5494026507890155
0.18176597767384559	0.2678678044364399	0.5503662178897146
