0.037409695411788	0.017914248639863836	0.011741910713590556	0.03506812879030356	0.008846819442763165	0.09505880608619084	0.17845142767894773	0.18435153169730098	0.4311484704614616	8.961077789734762E-6
0.03770179492541864	0.017936740265230636	0.01230147408682443	0.03493792817054783	0.008557584372809929	0.09529118221763425	0.17833925633807574	0.18354022369498496	0.43138918251723624	4.633411237367491E-6
0.03841990832968002	0.017710070493993244	0.012693143747803184	0.03556588314247798	0.008829800101484667	0.09509816596398907	0.17831165028396545	0.18260644902574735	0.43075844170408195	6.487206776997767E-6
0.037293214119281715	0.01913142850039881	0.013004887246150038	0.03474633905366248	0.00942030958192544	0.09376858963024104	0.17835568253247172	0.18337003687866726	0.4309023854448162	7.127012385269027E-6
0.037446529172113566	0.019275898923677745	0.013450267525213874	0.03426213931659365	0.009267931497163373	0.09426652406060367	0.17812336913372656	0.18361158500445768	0.4302918732528308	3.882113618999816E-6
0.03865233471082751	0.01948831895577527	0.011920611785804905	0.036343091177298614	0.010356069913068075	0.0957296192422031	0.17802706601315216	0.18001796215792026	0.4294572950373338	7.631006616326541E-6
0.03775311819160082	0.019153433006628515	0.011908581584461897	0.03723294775218812	0.00953864781145132	0.09533629881702409	0.17772062641514624	0.18087677956045273	0.43047351896159647	6.047899449815319E-6
0.038157516704424826	0.017945669904682854	0.012987745192917954	0.03790995648152869	0.009410037490679563	0.09503912809086335	0.17598799089830394	0.18150225024067168	0.43105203185548707	7.673140440048187E-6
0.03806125615076841	0.01766344476463469	0.013435748119265872	0.03679923102105438	0.010054647555539711	0.09402459790267186	0.1760878636775779	0.18274421794037782	0.4311230812117571	5.911656352358685E-6
0.039041453388666054	0.016767812845205773	0.015081364292366048	0.038609482672582685	0.008967229803993934	0.09400247577137827	0.17662155708565191	0.18212761771039532	0.42877435367021055	6.65275954941924E-6
0.03887602285437675	0.017317478996424343	0.015562649887900681	0.03837073737088728	0.009415779687644121	0.09200231098846853	0.17711899595239736	0.18243340689223897	0.4288977767414808	4.840628181179696E-6
0.03793172631038687	0.01688968739229088	0.014879085413047097	0.03969600157797517	0.009660834446119732	0.09332208022604879	0.17655886019291533	0.1831412671842384	0.4279115740243534	8.8832326243099E-6
0.038262670948169375	0.01686305229406837	0.014644440607485681	0.041621285988169186	0.009767101666392178	0.09211290664616238	0.17795336340991832	0.18169434120294886	0.4270725622634531	8.27497323251103E-6
0.03888502623384087	0.017918724441719103	0.01342516561123741	0.04127086449563307	0.009620639285385979	0.09296418693363123	0.1775175991595984	0.18197036347350593	0.4264203037809072	7.126584540884107E-6
0.038760391677176084	0.018795886644731447	0.011561245346217497	0.04086890847424161	0.009301389834289547	0.09359491237497003	0.17693925312502473	0.18186641202399342	0.42830660337238896	4.997126966735377E-6
0.039211826893066085	0.019221225055836927	0.014436882348159236	0.038917398900337796	0.008561480476696345	0.09022285574025804	0.17716265283649818	0.18412049425060006	0.4281392916026389	5.891895908410882E-6
0.037501181109566996	0.02105228936478855	0.012548888754344081	0.04042753747683991	0.009757876307178587	0.09267820666404354	0.1733211294728891	0.18376726817942718	0.4289401683311964	5.454339725527446E-6
0.03963923672149368	0.021618607701913095	0.013506556208435383	0.04012312818571721	0.008715369563121828	0.0921695496821796	0.1719789664659372	0.18377674393756727	0.42846614088936436	5.700644270315025E-6
0.04060667235085867	0.021382174765396653	0.01442939519573494	0.03913237093202021	0.011152131633107826	0.09271921321163704	0.16947648401058885	0.18350037467214755	0.4275937052738936	7.477954614656945E-6
0.03754771322191998	0.02892874232639471	0.012296515057755877	0.044677102310458496	0.01143414088647425	0.09081275449121656	0.16643586623947265	0.18379172595855997	0.4240690868755645	6.352632182973772E-6
0.04234388227378882	0.02527549527171684	0.013532466535846263	0.04122804332569169	0.012286165768641805	0.09005109432529573	0.1775693340536434	0.18494007873127288	0.4127652806376582	8.159076444372304E-6
0.04183521355600113	0.02433701707275321	0.013627659729455566	0.041200694496162704	0.013535660257541382	0.09032578540373461	0.17717894308258053	0.18516564402838065	0.4127861727278383	7.209645551842225E-6
0.044738365306568176	0.02335348125683405	0.022967562514290177	0.04204386253764877	0.010350419885241616	0.0951447892795019	0.1700743878508047	0.17398792628292903	0.4173337727457577	5.43234042392482E-6
0.04170062106337853	0.02625039886802752	0.022436431094906797	0.04155486140850109	0.009834117991920258	0.09574209060598612	0.16993555087483095	0.1753357881915783	0.41720177505515976	8.364845710664981E-6
0.04082513212049821	0.025657166594376918	0.021827549643993263	0.042869779182055645	0.008667841194807971	0.09370768909323426	0.172545422499301	0.17624243944457713	0.41765195070675737	5.0295203981726155E-6
0.03981441085378097	0.02616787760211603	0.020741961642323767	0.04159296868858302	0.009122041460911848	0.0937942689272222	0.17415198579492358	0.17676028222630583	0.41784914906283754	5.053740995145106E-6
0.038568870470447714	0.027719662935637615	0.018508283088518707	0.04082586195511752	0.009293923906571439	0.0959642353162207	0.17591801473576552	0.17557070053879859	0.41762719117304914	3.255879873056977E-6
0.03893823015388939	0.02757791210628005	0.01987257406364709	0.03991266998207513	0.009516712570004776	0.09568701477683278	0.17612996897023536	0.1768149352555503	0.4155459548083867	4.027313098411978E-6
0.041710873466850554	0.027665538719147606	0.020285131162427042	0.03945934922608633	0.008916822537728505	0.09455041077467624	0.17534420544925208	0.17644212770640116	0.4156192291985674	6.311758863050687E-6
0.04403243214348568	0.024738564411678474	0.019585854454411397	0.03881840190206555	0.009376377490658075	0.09531446232491515	0.17715262020334677	0.1755088161642988	0.4154637612715725	8.709633567624553E-6
0.043630675671267855	0.023797006337247906	0.018933876036472883	0.039558984370462964	0.01012530746942529	0.09448726770821837	0.17747177163055927	0.1761055062766072	0.41588197769908375	7.626800654483845E-6
0.04168050544546753	0.023056862606423256	0.018669875042353526	0.04261715298224805	0.010212180853025679	0.09276810402116487	0.17792686806153596	0.17807404849097602	0.41499112789317044	3.2746036346398277E-6
0.04256796944398318	0.021664863521455857	0.02105712108304765	0.04018588571708895	0.009265724219569949	0.0937210032045733	0.17756245118569855	0.1798922902570353	0.41407922761453325	3.4637530140352313E-6
0.04782096541682562	0.022633590841598328	0.01453513138637541	0.03974196539645905	0.01038021925274095	0.09539476179758406	0.17801583594695425	0.1758866517420858	0.415582063429211	8.814790165512232E-6
0.04784283276742257	0.02476926127424471	0.016327055932105483	0.03970511428887419	0.009678175208902573	0.09190033026477305	0.17622567074610007	0.17825815166816195	0.41528733868849094	6.069160924451755E-6
0.04618703991892093	0.025107382359995198	0.015467722035869713	0.04097044634851894	0.010035854671043898	0.0919538145117201	0.17662392173201263	0.17909693893949444	0.41455423770905164	2.641773372447087E-6
0.04573430657685674	0.02486751311275237	0.014637334827180534	0.042381041527980993	0.00920723321998751	0.09140430577995587	0.1777462936544535	0.17922969800976774	0.4147863091611992	5.964129865587697E-6
0.04632367433732734	0.02450172361487496	0.013903109867348953	0.0414487941220242	0.008938262383954163	0.09276919184130297	0.17571021405080234	0.18170521490226788	0.4146918410415666	7.973838530642152E-6
0.046510121247568786	0.023875363369948138	0.012714025665301873	0.04014563653643006	0.009223449956062585	0.09210427665391949	0.1779240026153449	0.18051935151754148	0.41697545911662104	8.313321261652074E-6
0.05074277455188195	0.01907481949305738	0.015971536336900807	0.03866422809083821	0.012495848120105	0.08618905697774612	0.17783488874244863	0.18064675475147918	0.41837561027276293	4.482662779789481E-6
0.04877640158741198	0.02217546203006089	0.012666611621111809	0.040463632025728245	0.013338449801032506	0.08904997189140923	0.1767831354472716	0.18120786542429887	0.41552945698862936	9.013183045455953E-6
0.04736205265797061	0.02138737697585888	0.01315743325561576	0.03957992067946145	0.014004731698552764	0.08934051878146695	0.17756633375208625	0.1818510168221795	0.4157425352289075	8.080147900310641E-6
0.043164649738810804	0.020432823978397754	0.014355481160175834	0.039877847304673246	0.014453042966776214	0.09110218466235483	0.17777957536273864	0.18018449083668886	0.4186412149718005	8.689017583288217E-6
0.05252091323121824	0.020200448298488466	0.01731342674206661	0.03890673725098388	0.014192316237618172	0.08715023342371321	0.1715912724981525	0.17754496748711357	0.420572970153963	6.714676682312293E-6
0.05746394763338998	0.018701836417970935	0.017165406710662995	0.037219779451028945	0.010270383726635246	0.07805488278988473	0.17713657552118037	0.18263562540297848	0.42134561851865376	5.9438276145545865E-6
0.057132749722498155	0.019572442882224053	0.016258919910908956	0.039012233427446745	0.010044019777258426	0.07741363531320762	0.17751536703763	0.18160132406852403	0.4214403337896817	8.974070620296204E-6
0.055870125053467515	0.02222816942175733	0.01429778690329743	0.038477167719432506	0.011431852009316248	0.07447992171338802	0.1779879710425074	0.18165793147951148	0.42356398386614774	5.090791174333642E-6
0.05428475354954802	0.023494002399048447	0.014870076218818515	0.03721152072296326	0.016069321742039733	0.07321433308290486	0.1773326150562018	0.17961147528133947	0.4239086370065292	3.2649406066509457E-6
0.05497610928216355	0.025616453508193915	0.01413800586228002	0.036829534524785365	0.01665034401176997	0.07428717729544623	0.17570396999268528	0.17991636335678518	0.42187552146576895	6.520700121512291E-6
0.058603369720544154	0.02183077363452933	0.01580073411334447	0.0380623870460086	0.012468030351148338	0.07469924292792945	0.17776345167451035	0.18017905395553888	0.42058929497694225	3.6615995041289207E-6
0.0606663985097837	0.021984340547027914	0.013508075244117887	0.037638816037262365	0.010419833301495915	0.07663621527344149	0.17889670469755686	0.18000791651903747	0.42023829959675485	3.4002735215254987E-6
0.058982433496194336	0.026402998874643493	0.013841944804864559	0.03903803455944724	0.01281082878266361	0.0732803131477457	0.1759539433670626	0.1787990969213522	0.4208828667496301	7.539296396186224E-6
0.05794000672354266	0.03197768605566548	0.012323118430100144	0.034651897263484485	0.012781111604576442	0.07160635379190264	0.17428413155317235	0.1835279038853641	0.42090318358711537	4.607105076326334E-6
0.05858494740013938	0.034098843580751034	0.012569794684928498	0.03580241872401903	0.011759936449946246	0.06936813822599117	0.17504283201457593	0.1801455191253627	0.4226186154246331	8.954369652966476E-6
0.052583182839881795	0.03290806900353288	0.0131724906952074	0.041928090430966666	0.011505633289038447	0.07069128302399676	0.17802220596829677	0.18387017578011433	0.4153150135196139	3.8554493510395416E-6
0.05421765437365775	0.03091833593074364	0.01220117643321339	0.04473088745620621	0.011110644066723283	0.072303541516049	0.17778179205612538	0.18231803819549372	0.4144095972942407	8.332677546851741E-6
0.04430611210673127	0.025674270888793385	0.03454916852468236	0.12126761457951567	0.01722319750614562	0.09520196067319191	0.1464942743584226	0.14553434253230862	0.3697438467812721	5.212048936484304E-6
0.045346001142427	0.027123317721023374	0.03516130121159382	0.12093891429136513	0.017045472076104143	0.0950290038599262	0.14546631885749892	0.14550417382377734	0.36837950307595113	5.993940332862935E-6
0.0440036967444214	0.03414578802954216	0.025855445356687518	0.11073863063295104	0.0270732572901074	0.07728251353924076	0.1571571923469802	0.15588854834675514	0.3678521310960515	2.796617262948442E-6
0.04415192485002243	0.03508899020574879	0.026198556340284784	0.1094028340495735	0.027464473213548363	0.07550020663817283	0.15708287349564842	0.1553931010783095	0.3697097310853325	7.3090433588135495E-6
0.0458775582127669	0.03831261996343193	0.02909640795308102	0.10679917145221524	0.02678908189017612	0.07506665687413536	0.155935441989256	0.15975013828572227	0.3623666717217898	6.251657425390689E-6
0.04541373353591271	0.03789216841606912	0.027841515365942426	0.10753816305807393	0.02742349375970457	0.07647060785834109	0.15706955400585354	0.15993722974753677	0.3604110921998056	2.4420527602181386E-6
0.04274584711767651	0.03838445406623342	0.028746309286008312	0.10821899176752067	0.028115570808860124	0.07829423613731262	0.15639236087153482	0.1585448753581668	0.36054953856100636	7.816025680340566E-6
0.0414472747978369	0.039294285252950194	0.030594449056421974	0.10974522967350951	0.027319152923025405	0.07542996454774427	0.15684889260050572	0.15892598000567443	0.3603890602611278	5.710881203754847E-6
0.044157795797837796	0.04952670119275468	0.02287116458787629	0.1142219960810587	0.024470981004762263	0.07150031720029297	0.14862264005869624	0.16186312700284192	0.36276016554353857	5.111530340579096E-6
0.04160623012974578	0.0521518269699848	0.026654317944351663	0.10982374470170479	0.023939402480497696	0.07227455338898625	0.14316260117717539	0.16371313164110118	0.3666672701289964	6.921437456036683E-6
0.04432596686531411	0.05116198449006427	0.025224523364749743	0.10826080084146238	0.022507704000706882	0.07322528362326797	0.14527387585027365	0.1641743676170942	0.3658403294888148	5.163858252013598E-6
0.04767380994321531	0.04898279606384463	0.02619157211006913	0.10593585815265273	0.02006964478716451	0.07411095829831209	0.14991481463131173	0.16423210390866458	0.3628813678194231	7.074285342176245E-6
0.04898842055854796	0.04747594208244613	0.02636214249096358	0.10400091155262095	0.021366447634371788	0.07174060842671781	0.15043715107067257	0.16559955487581374	0.36402293440222494	5.886905620547389E-6
0.045351378999216	0.040624132151147706	0.024722935259640325	0.10578594317473489	0.022567290238510507	0.07334919266934656	0.15607890602563024	0.16733961791995744	0.36417645412351946	4.1494382968659815E-6
0.040207622407585006	0.04217211530954413	0.025990809760318936	0.10517808177377445	0.023164578516318132	0.07229387490557498	0.1565213570110209	0.16684817057055645	0.3676205465433138	2.843201993188438E-6
0.04219621991767511	0.04261211064824901	0.02514361632379848	0.10569932028318568	0.02082042466671219	0.07606619827530976	0.15430830760212003	0.16621764589706176	0.36693218669622346	3.9696896644847435E-6
0.042934790989589224	0.042052683263124155	0.025524262649918916	0.10686444004347609	0.02090200947967756	0.07576901117605464	0.15405149444697108	0.1658409016269613	0.36605139552354254	9.01080068442528E-6
0.043246567595975866	0.03950291789922899	0.02400111920026783	0.10970245583176422	0.02222753246677213	0.07474907791669244	0.1538589174870686	0.1664003690973034	0.36630464641092136	6.396094005087227E-6
0.04285412842493248	0.04081093225009451	0.025332254155504386	0.11159426352776153	0.02033653210394039	0.07193988897567086	0.1541293356338088	0.1654921512107972	0.36750159010123523	8.923616254694067E-6
0.043060493567277904	0.04244749536469621	0.021522066612670226	0.11263280523464599	0.022854594794110353	0.07228189654808725	0.1516442769804614	0.16664893811978715	0.36690448976473705	2.9430135264213453E-6
0.041308903148852716	0.04406325413628594	0.01917331083596309	0.11843559489887093	0.01995993918498616	0.0706504500696187	0.15672434330039486	0.16786763774045693	0.3618078538653501	8.71281922050493E-6
0.04164375562058781	0.04428047771807336	0.019293204998260538	0.11946138288385019	0.01791732133789503	0.07160016656824397	0.15614472803103313	0.1673135917604729	0.3623374513127105	7.919768872557964E-6
0.040600668872442056	0.04330663816774163	0.0205209302524052	0.11697628477613486	0.015090647579779778	0.0736141963468545	0.1558643348176832	0.16865751434996493	0.3653649029662956	3.881870698246859E-6
0.04081718677993631	0.04474643407490739	0.01955578975903803	0.11772766083629833	0.014609663323710373	0.07261994302896857	0.15493093932484708	0.16885360070943342	0.36612979256166406	8.98960119641301E-6
0.04053784541185099	0.04238901218418646	0.020698197266044036	0.11905509710783589	0.01487461367039157	0.07178607357766298	0.15374562778143142	0.1696242177837633	0.36728647064237574	2.844574457594451E-6
0.04098021602097095	0.042487070127518164	0.018532329841609504	0.11876430500817531	0.015838138846645075	0.06888472542394937	0.15404726600633395	0.17434682901491505	0.3661164324453033	2.687264579262494E-6
0.051508891977773225	0.041507046900814484	0.023618256838405696	0.12068312612130491	0.013122062911140972	0.0631648188955507	0.15062807825216795	0.17679195938351408	0.35897137912437266	4.379594955375432E-6
0.05146722396705031	0.040196908159970096	0.024485843865521578	0.11939886476439482	0.016685157070772935	0.06484346038349878	0.1501619754696063	0.1772775109178263	0.35547557647272193	7.478928636936444E-6
0.05538719167136377	0.040019511190677454	0.023779720422440642	0.11566175722710881	0.015142093823886676	0.06494488262849023	0.15066216139354963	0.18042626876101556	0.353970555849103	5.857032364220416E-6
0.057154875837108765	0.03951217122496868	0.02593404010218324	0.11281216750043084	0.019026216134336346	0.06519878776417741	0.1463489384261828	0.17821443567336684	0.3557938163649654	4.550972279679377E-6
0.05460440191126474	0.04128759369559266	0.02518488637235529	0.11341544707083065	0.021343054090367172	0.06701219716051729	0.14688121073174096	0.1736280298100134	0.35663634297160207	6.836185715786147E-6
0.0567370225681746	0.04220018198593343	0.02524096892896202	0.11507428484152382	0.016373366535791065	0.06590707986542449	0.1452979175681617	0.17428571135612578	0.35887805406541995	5.412284483072294E-6
0.05769029337530242	0.04304625859262725	0.02504071589224932	0.11472454807003876	0.016585737296964068	0.06456622714539684	0.1435910926044062	0.1758011151485479	0.3589481197646791	5.8921097880332285E-6
0.0559573716573753	0.042175668932515634	0.02638950373689647	0.11227773566627786	0.018330266236933082	0.06029369012816624	0.1450976271701961	0.1758526483769548	0.3636230369540151	2.4511406693378257E-6
0.05838083897405895	0.04040494133292143	0.02397106325551232	0.11061125393496685	0.021225581920919362	0.06272732178616902	0.1455437863000116	0.1765716411055111	0.36055839684916835	5.1745407610021E-6
0.05709552700785723	0.04092573580091676	0.02507077557437884	0.11084511932705829	0.020502267535531915	0.06468158113265716	0.14512831739665222	0.17626180101464586	0.3594860623591851	2.8128511165292913E-6
0.07678203584517503	0.04042368523056124	0.03421019808250263	0.10994658382362836	0.023420675315905914	0.057511466920012605	0.12924376501164278	0.17458969825479975	0.35386881281186333	3.078703908351854E-6
0.07793987878061588	0.04004262275202121	0.03504441916514106	0.10977276737071555	0.024638870653520023	0.05631257175178764	0.12624393073826695	0.17655919263080477	0.3534422255955415	3.5205615853267647E-6
0.07617150292327879	0.04062192894802779	0.035343835292030945	0.11036015215186706	0.025043810707679373	0.05522509214933089	0.1256441276839687	0.17815894908002677	0.3534253593422853	5.241721504373187E-6
0.08622107473325152	0.043398789840932414	0.03341277715910412	0.11619396209963093	0.013453177554013762	0.055461509205279105	0.13026643877642374	0.17487572626535489	0.3467096732563707	6.871109638720285E-6
0.08554686870943289	0.04461441559531099	0.033835286023928046	0.11600017130534704	0.014202074322573366	0.054863426454143244	0.1293244701389054	0.1745878208355299	0.3470185648004018	6.901814427279218E-6
0.08622345259756116	0.04240595243571723	0.03660871798486748	0.11015805212121448	0.00904536370936461	0.055931428488971875	0.140965548166281	0.17505214524611384	0.34360205735726546	7.281892642790888E-6
0.08406812025210261	0.04265233790601416	0.03707902889205672	0.107581073790957	0.010980279661469153	0.056918532023572437	0.14054102049952194	0.1767565834067226	0.3434150346113802	7.988956203117126E-6
0.0897449225427632	0.03694317211726636	0.03676521791503823	0.10387395303372211	0.017961669542112757	0.055736070576581295	0.13559507871221077	0.1778281122341005	0.3455432510278354	8.552298369365885E-6
0.09248556971347865	0.03626076146526999	0.04150370271653298	0.09954947359638894	0.015515170031762407	0.048874791351421934	0.13401611209483238	0.1831342033708941	0.34865761148865326	2.6041707653357005E-6
0.09511976577792045	0.034413044828949454	0.042656705208276156	0.09788662815900993	0.018663226911088612	0.056352314481106065	0.13230199115446342	0.17612517217950974	0.34647755178115797	3.5995185181519895E-6
0.09524392880865765	0.033348945454149154	0.042339704590984406	0.09808470242635019	0.018335154581640062	0.0568367243832243	0.133397247578445	0.17538608840265518	0.34702112784464284	6.37592925113728E-6
0.09815580352662236	0.03137960184228042	0.04292468873883114	0.1007372752639842	0.016176640336418663	0.055252438357001235	0.13265689314341705	0.1747581861841978	0.3479529176410676	5.554966179419085E-6
0.09777648205467206	0.03093195424420206	0.04118574704594022	0.10076892185771544	0.018146987361827155	0.06019450191234248	0.1315018917205833	0.1710308006395809	0.3484590075622033	3.705600933004427E-6
0.1017420717768374	0.03252356991798827	0.03660142035405227	0.10264291787275028	0.018649647859870208	0.05618944672243983	0.1303366046222029	0.16902315609372137	0.3522873269876088	3.8377925286464665E-6
0.10174895042401058	0.032058536051038894	0.03706321631704568	0.1025062422726322	0.01770078362207446	0.05509781949434765	0.13079344932273004	0.1695338838666775	0.3534902455749751	6.873054467865236E-6
0.10223721737618595	0.03123877867185562	0.03577611252408196	0.1032891282650842	0.014858339714871577	0.05493290497864082	0.13021712709285915	0.1725669947078553	0.35487579765468635	7.599013878978322E-6
0.1019873891402153	0.0295044775309269	0.03468983731484107	0.10337756519721247	0.01588293039260809	0.05529031912528505	0.1296580015288824	0.1734493304582097	0.3561559484670684	4.200844750515409E-6
0.1066652871707216	0.02790904496762149	0.036927588536383255	0.10066249763217368	0.012290312957875388	0.05751598036152371	0.12512530001544336	0.17641319941208639	0.356486981374578	3.8075715930591114E-6
0.10289243344871306	0.032406611389300885	0.03936263783055173	0.09663261104738581	0.012290550926643634	0.06087314722569791	0.1171627631074463	0.17560101392171892	0.3627711306239255	7.100478616073325E-6
0.1039519707603597	0.031395090199076034	0.03637182835453355	0.09838339579113527	0.012463901883205869	0.06124569505742821	0.11718420431465652	0.17475183151081863	0.364249512564474	2.5695643122020106E-6
0.10216847646200528	0.03231717948913278	0.03569472151637673	0.09947893205240912	0.013231599441321212	0.06134237789423577	0.11986032309913053	0.1750874508648354	0.36081558303483546	3.356145717683945E-6
0.10284093797049787	0.02965825099062666	0.03523570372751572	0.09665348483806208	0.013596719760812198	0.06305934606512922	0.1197089196531678	0.17802467621500184	0.3612196439202402	2.3168589463329337E-6
0.10419791715983581	0.02878839095775991	0.036598808304336566	0.09626887789296928	0.01581708086008622	0.05977043785036867	0.12046279860230703	0.17783737064598654	0.3602546968385133	3.620887836605635E-6
0.10617281373832588	0.028619290181223334	0.03613177615032799	0.09587154179691189	0.016345332555058156	0.05928756215588244	0.12010889673758263	0.1778368107424535	0.35961904254341936	6.93339881474575E-6
0.10515312113132168	0.02681614176656595	0.03599165771263296	0.09493732231687928	0.017184737911894246	0.0601794360750076	0.12238240183832792	0.1768129248393478	0.3605349705853525	7.285822669941822E-6
0.10448104433318822	0.04147419734345425	0.05844059149895558	0.0657438482459271	0.013446334022963677	0.05291178761253103	0.1323813881568781	0.16417386175078233	0.36694404420316146	2.9028321582025285E-6
0.10753235620099974	0.044474293566560616	0.04858429300769211	0.06654087839396293	0.020740769152542624	0.06103348131147547	0.12067051674013193	0.16013971465623122	0.3702798332325476	3.8637378556999336E-6
0.12141196037654098	0.0548062515983936	0.04094108076578337	0.06971881617293194	0.024801590250416755	0.049518278533223006	0.10598036157985742	0.1600655247035801	0.3727493567254528	6.779293819939025E-6
0.12303622899189331	0.05666500692212138	0.03964440425076851	0.06932660852352149	0.02396300439655434	0.044477416515185955	0.10823168251977544	0.16101707301359958	0.3736350482347215	3.526631858347118E-6
0.1222605229882337	0.07377694085416742	0.04274273052212232	0.07189023681340914	0.011261537747458417	0.04565904304548974	0.1108575817668136	0.1529381204465452	0.36861004488518995	3.2409305704556024E-6
0.12095867679408623	0.07305446839481214	0.04367560980583025	0.07323180564197956	0.009065587049954651	0.04616570438519621	0.11116371111598282	0.15334912408697945	0.36933281756057473	2.4951646037801867E-6
0.12003274516117146	0.07275776726804753	0.0435464055765671	0.0737743591281312	0.010661086270120052	0.0457337545939347	0.11124736510884381	0.15368302600528852	0.3685570237091676	6.467178727945222E-6
0.11713925558359016	0.07896169914455957	0.04841114668137443	0.07376624970076709	0.011775685656261733	0.045597324727224345	0.11494527975833967	0.14794461047981006	0.3614522319764279	6.5162916449562625E-6
0.11588942248671819	0.07762269218235467	0.05086186322801563	0.07524656835017175	0.011255186716002716	0.04558656772195985	0.11332727370986463	0.14791072459647825	0.36229490644311096	4.794565323318345E-6
0.11496942984105106	0.07867855895354778	0.04949564366463167	0.07524769523994004	0.013867884279479381	0.044632191535461184	0.11121816311976863	0.14935327334162873	0.36252893360804	8.22641645145672E-6
0.11622619452459876	0.0784945090182802	0.04866108112091247	0.07531591281598277	0.015427260508180787	0.04270685382464766	0.11083463932590143	0.15022816327906502	0.3620978019621913	7.583620239531852E-6
0.11908375722281553	0.08256288619831026	0.047925999789872685	0.07855775713495552	0.01274153542770741	0.0456466802214135	0.10839427908293678	0.149998887528087	0.3550840183855901	4.199008311070451E-6
0.11722416995391663	0.08239797738811948	0.05427627259199237	0.07907153288061555	0.01512527572034407	0.044781815636514365	0.10586421718933191	0.14710901661353226	0.35414242055472495	7.301470908355201E-6
0.11458535173699763	0.08327264970875703	0.052291277879546356	0.07932166798628133	0.015395011261750843	0.04923418312619696	0.10918508122994143	0.14743549664265376	0.34927138799161483	7.89243625971825E-6
0.10574127753639573	0.09537883778742655	0.0412145116447891	0.09359292216702449	0.02547549231062682	0.038127449710127555	0.09890420394840276	0.15889253631267772	0.3426698135631764	2.9550193528377067E-6
0.10726259157861245	0.09615805894832812	0.042379589014129145	0.09177467857005428	0.027525478760000527	0.036216152864035456	0.09378961142233247	0.1598108090129136	0.34507693973581394	6.090093779942407E-6
0.10743953924542686	0.0969631120582684	0.0413740092257939	0.09140590449327107	0.026852436872275773	0.0356561078253792	0.09491319151781416	0.1597962248614706	0.345594838284135	4.63561616492747E-6
0.11542089428374311	0.08377968950474873	0.036716951408229864	0.08264241586100599	0.034325108208943245	0.04754685186133467	0.070017561994163	0.1566291639511342	0.37291827787303494	3.0850536621995772E-6
0.09460678879219289	0.09787894488336164	0.04021384139300772	0.09390234966181604	0.031395998110988796	0.044251206344750764	0.0668626188309746	0.15691261296176942	0.37396946180649276	6.177214645297635E-6
0.09471324424262798	0.09484981485912672	0.04209931219493098	0.09589778609111539	0.032054048422811024	0.0454453246514484	0.06791728064822092	0.1554946753763527	0.3715260339890499	2.479524315923687E-6
0.09365950628794173	0.09453453878044883	0.04201163273638385	0.09590639992908091	0.03311805796540408	0.045738090044176824	0.06848432949236592	0.15489671043994618	0.37164640058723414	4.3337370174423295E-6
0.09367246919480378	0.09465264697603551	0.04099423026294219	0.09523202201683238	0.03286496966199336	0.04554293435036627	0.06999890336897566	0.1553673802681564	0.37167106392679816	3.379973096170885E-6
0.09383560065026593	0.0918405394062725	0.043491597840354716	0.09549610575193446	0.03012788229830303	0.050915848928478225	0.06867642049260514	0.15229995954636566	0.3733109695429168	5.0755425034659796E-6
0.09272055392670046	0.09112338133238737	0.045525133242383144	0.09510245929694917	0.029896658184173155	0.05055837340747326	0.06777972221145498	0.15349115225107857	0.37379630888223514	6.257265164635872E-6
0.08858356057238718	0.09303182447614715	0.04465209401236651	0.09319388660633698	0.028592421654739353	0.05208911871486783	0.06939306714349483	0.15428229591879394	0.37617783979941777	3.891101448341705E-6
0.08755458368141823	0.09292581083986759	0.04567119587238308	0.09317002985541745	0.028450127970145067	0.05307159916606552	0.06847352769157723	0.15411156958025618	0.3765669647319594	4.590610910154558E-6
0.08689288526232734	0.09493190008868094	0.04580284266065182	0.0927858302586514	0.028166800052568816	0.053607873554996154	0.0660484308916433	0.15629980943909602	0.37545692374342005	6.70404796415669E-6
0.08338676858404764	0.1011792618895416	0.04473033649190085	0.09921406967559922	0.029509894469660958	0.046876494925106496	0.06785255707333943	0.15450694305888255	0.37274135596185626	2.31787006489681E-6
0.08479962480039882	0.10103044214480472	0.04129699746933439	0.099483700728398	0.03234812757547777	0.04844802618799142	0.06462335026285475	0.15625489006025317	0.37170787219884494	6.968571641979837E-6
0.0838635847091309	0.1031760923843378	0.039935499680124456	0.10045966838633442	0.030095406667707825	0.0477774395711458	0.06623943413585814	0.15688677629470044	0.37156373706055196	2.36111010820661E-6
0.09478753862767295	0.10709224701685309	0.03671941021087863	0.10777953919207861	0.021593540332635497	0.04920045826817421	0.061278852470137785	0.1608915481307609	0.36065276488057446	4.100870233850196E-6
0.09741858165025685	0.10722259874755276	0.038720579009546965	0.112140569102852	0.019133699222758274	0.04612294564836671	0.057344172373532044	0.16208799952847372	0.3598001379956792	8.716720981391535E-6
0.09831268596506361	0.10795527991322623	0.03855076855697826	0.11481904060169129	0.019166791947484912	0.04541248122085145	0.055066896941695934	0.16131844164397374	0.35939454605705584	3.067151978689009E-6
0.08610680496047649	0.13349644467004348	0.03696471423177751	0.10938799192134031	0.02584361931726245	0.055634320002407284	0.05639684708586601	0.14274507195012925	0.35341689850929847	7.287351398668762E-6
0.08475381823275821	0.13109542617295541	0.03931621141706551	0.10888507954374951	0.025707032326181448	0.05393701285009535	0.05590954089625649	0.1448892586414351	0.35550189303568785	4.726883815101002E-6
0.08340707113967917	0.13884742301206232	0.03524040673105064	0.1072844865852912	0.018130041953853426	0.055483260801150236	0.061356181859780035	0.13807984325820227	0.362165441998039	5.842660891625107E-6
0.08411026830233635	0.14363962775751388	0.035580365810495965	0.10627941136576789	0.016211431670127494	0.0561046078336631	0.059738935644838086	0.13544262184758232	0.36288866031516437	4.0694525104273405E-6
0.08958078980566306	0.14130796416996394	0.030643063936044476	0.11477215025740861	0.02736326448162381	0.055363362947280524	0.05826490568421797	0.12577813054430625	0.35691785406854737	8.514104943929679E-6
0.08620746758767889	0.14227943701350873	0.035394988896564256	0.11644425923191665	0.029625067822068515	0.060161016139970755	0.06562812898372586	0.114311772535438	0.3499438660483882	3.9957407401286504E-6
0.08776032293144528	0.14488419548832251	0.03909232437706795	0.11506488873813411	0.02778766410629757	0.05885863812634245	0.06394946084213135	0.11142465983581872	0.35116919776044514	8.647793994898123E-6
0.08743292927596896	0.14504083165773957	0.03948494705314524	0.11551957551743512	0.027993487161850003	0.060215087411174914	0.06236131110607467	0.11192568635434244	0.35002260055258233	3.543909686695712E-6
0.08719340617094823	0.1441469055606302	0.04003133430136873	0.11586920766715404	0.028567515015137185	0.060636577953316444	0.061439191165965	0.11391697986184743	0.348190581513672	8.300789960724586E-6
0.09134905052683401	0.14254164384631474	0.03559450108552538	0.1133835356261244	0.03537753905843925	0.05854172365543493	0.0654587877199507	0.11255659007019762	0.3451884792225868	8.149188592168621E-6
0.09239526891519277	0.14320106529894394	0.034966516517169394	0.1097656695666531	0.036201574286469085	0.05742029407047335	0.06612521322779809	0.11282251264921819	0.3470939061838203	7.979284261674935E-6
0.0974501808323707	0.1438641856758436	0.038106457262489166	0.12639407763634167	0.03520188948436351	0.04746375330753441	0.056006121818111584	0.108835700164041	0.34667390790660885	3.725912295443612E-6
0.09564456277407954	0.14397288297065153	0.03861293259804591	0.12659557960520246	0.03299302153815975	0.04882921178667053	0.05819706434220532	0.10957792666365314	0.345570637790823	6.1799305088039436E-6
0.08994860867749344	0.14480976594294645	0.03864180251543697	0.12872126075407236	0.03159419219745306	0.0484758149565444	0.05812327497560435	0.11047303207027187	0.3492070510686597	5.196841517410289E-6
0.08054237829400156	0.1394465104712541	0.03347205768823196	0.12404826557812278	0.03232409244566484	0.05674024687631783	0.06380868075882634	0.12025481631275882	0.3493577723207024	5.179254119372367E-6
0.0811707822363744	0.1386839011009366	0.03527673926710938	0.12396945203421912	0.030453136183808474	0.056427142722738965	0.06402896211384453	0.12129653999356713	0.3486888152281879	4.5291192135032965E-6
0.08246384103431711	0.13416585733059916	0.037004173261962786	0.12646156927065794	0.0211143420490309	0.05936363316336913	0.06438003342773904	0.1306134937516118	0.34442759678954254	5.459921169612136E-6
0.07015198418142639	0.13239391627590072	0.02642732338974728	0.13032238530471213	0.02108467553433349	0.07047264415746826	0.06870042884650596	0.12879751653684451	0.3516430756721646	6.050100896617949E-6
0.06976823081501712	0.13510331767383515	0.023059120208077183	0.13072227127729802	0.02380989485351459	0.065722161164636	0.070693497650116	0.13624626733684997	0.3448704781256331	4.760895022867806E-6
0.06876202668419071	0.13687631545400558	0.018979045776595066	0.12962569125381623	0.02035201212326901	0.06237910014359628	0.07946157117475355	0.13917744023157827	0.3443811538962497	5.643261945589839E-6
0.06914598741788265	0.13765136517861393	0.018276511084860197	0.12975602626115956	0.021207064724681812	0.06137506397383486	0.07943665472244192	0.13853043492064893	0.34461552769027437	5.3640256018339105E-6
0.06781299803823429	0.13650161482845885	0.019719812744039014	0.1313935568547912	0.02060309653177328	0.061818574711322856	0.08044738182076416	0.13754106756750478	0.3441573056559334	4.591247178137303E-6
0.06914754699707477	0.13679347304051348	0.020582239784136702	0.13275790665855478	0.017961156179290422	0.0628829872852753	0.08117410352670228	0.13915111803015717	0.33954514283534026	4.3256629548016345E-6
0.0710740051772181	0.13694560619202067	0.020169868284504802	0.131915224903212	0.01701283757979473	0.06422465652216441	0.07854641879852473	0.1396566799178358	0.34044901355870605	5.689066018652045E-6
0.07363893859636753	0.13679850575515276	0.02135402395576773	0.13500219166251434	0.022201603156815616	0.057812866888708056	0.07561029425931838	0.13773636040769816	0.3398376731520539	7.542165603571793E-6
0.07436054183364418	0.13742542839552274	0.0261483697541795	0.13101458307171243	0.017829293942400057	0.06450449855162706	0.07267780294786368	0.13179085693522422	0.3442402459626651	8.378605161035724E-6
0.06102237675459671	0.13552572827585832	0.04239613270881576	0.13661180544295107	0.018291462142178055	0.06505805401335275	0.07542213813270522	0.12906603211840056	0.3365993530872656	6.917323875990644E-6
0.05994239420873073	0.13595057970182572	0.04461534656688286	0.13782179522506235	0.018116006060241815	0.0587560697701017	0.07498836799167455	0.13326158916114222	0.33654306246313426	4.7888512038213316E-6
0.060191503105192154	0.13659293501245998	0.045306412673155015	0.13835023163807691	0.01909290258493762	0.05927527037719831	0.07316772775936795	0.13279678215464816	0.33522188914245743	4.3455525064878264E-6
0.058617071097763845	0.1467917572298947	0.041859490829540366	0.13905878013371673	0.019869771353438953	0.06239646266598055	0.0679403575278404	0.1270407663833309	0.33642049003907015	5.052739423375141E-6
0.05863571992477311	0.14851898376258746	0.042446004628693135	0.13922136566027715	0.018992627457675507	0.06123454296306664	0.06657523570976633	0.12751044424274321	0.33686204980315065	3.025847266760473E-6
0.054939633455604694	0.15057749592944508	0.04882977619587804	0.13755435842969738	0.016191397604903887	0.062490408982651645	0.06931022608020077	0.12200181610277316	0.33809999020783155	4.897011013763053E-6
0.05545679551714401	0.15156678603379456	0.04888253785031019	0.1353688800727766	0.015761507235396766	0.06250653781213472	0.06921637075293054	0.12275456106734232	0.3384832867449501	2.7369132201970903E-6
0.05887625249341142	0.15307572386617257	0.046997474644311546	0.13534474518101805	0.008508807340170815	0.06643466473750963	0.06364691194398987	0.11858145646488491	0.3485301920166087	3.7713119225013525E-6
0.05933763325443424	0.15376898293050267	0.04522083125466375	0.13722438358427413	0.010793336281087765	0.06858523166216664	0.06004213231026347	0.1158112966452681	0.3492103415867915	5.830490547739653E-6
0.060706931897782465	0.13373363036352579	0.054920755844256486	0.14370061716298058	0.012172163062456193	0.06995163078750138	0.05491199279131205	0.11538981464306353	0.3545076727784015	4.7906687200421905E-6
0.06298588880067095	0.13540133604878068	0.05552862409945712	0.1438713089427251	0.009019740973573803	0.07085314561780855	0.053479688142657286	0.11450665478517263	0.354349707694085	3.904895068865266E-6
0.06292182756607836	0.13539620590205667	0.055000804956880506	0.14378337947016076	0.008651895607265106	0.07025314559714703	0.0530512081210527	0.11462976829100323	0.3563054164541772	6.348034178441098E-6
0.06334306159383421	0.13643668052044466	0.056499592014561326	0.1408451518259941	0.009429500598336082	0.06827887052974613	0.05174113919201174	0.11606518545615543	0.3573580400521375	2.778216778784315E-6
0.06194897515749286	0.13745445080326543	0.05737105196058225	0.14221232651111185	0.009350017621305967	0.06906358896881623	0.05156177843605632	0.11503052558910859	0.3560019658352289	5.319117031624132E-6
0.0643428451497325	0.13708541635390203	0.056442793567589626	0.13937992302447785	0.009760575410409103	0.06978068655252848	0.051603963874954244	0.11544208503826732	0.35615396773245833	7.743295680442963E-6
0.06620203035781602	0.1348204215383167	0.060001822479284504	0.13857475268799146	0.00876793877283251	0.06984787409567952	0.05508606139880047	0.10913676652677179	0.35755585465580036	6.477486706651936E-6
0.06456973883146047	0.14084262922022206	0.05861967900082372	0.13844514715618206	0.013925524997893013	0.06990504772473546	0.05171498816800348	0.10765287770605991	0.3543163153537899	8.051840829956247E-6
0.06176145321970258	0.14538811935875506	0.058541970753605455	0.14097151041079903	0.012528162623768976	0.06609800829681067	0.056030763753421586	0.10664118150253894	0.3520314237174004	7.406363197307031E-6
0.0607537242372069	0.14666820059555813	0.06041059556137102	0.142129734820056	0.009373215230789003	0.06949282913561304	0.05684690969796916	0.10376436759941339	0.3505552321478245	5.190974198834852E-6
0.057311108920053484	0.1421067425339129	0.05913838512875305	0.13951898526718223	0.0096291847154132	0.06972538258822085	0.05622177887564442	0.10811925086136269	0.3582268421417817	2.3389676755553035E-6
0.058268204766295156	0.1482951229005055	0.05727056722503139	0.13706945741433807	0.012574510175938747	0.0704535619478558	0.05887470505689525	0.09898906546418193	0.35819820408603825	6.600962919933728E-6
0.06535345507823415	0.14879374314508337	0.05941494045435106	0.13589441133617636	0.014772760515121913	0.06177730696615268	0.06559490780663796	0.09487788783649713	0.35351278301952255	7.803842222736668E-6
