0.16487738970762564	0.37269303134023213	0.4624295789521423
0.16266492923864692	0.37683641134581974	0.4604986594155335
0.1680079200531597	0.3814659915748676	0.45052608837197283
0.15958167761838316	0.3728797731634723	0.46753854921814464
0.1734709767927256	0.3785198795579562	0.4480091436493183
0.1650910585944268	0.37492839643953346	0.45998054496603985
0.16092473229685095	0.3773415396930696	0.46173372801007956
0.14611884181076934	0.38904753749528087	0.46483362069394996
0.17427071258480362	0.37294974265941616	0.4527795447557803
0.1619304604208467	0.38918318348414405	0.4488863560950094
0.16421244256510237	0.3847577172791163	0.4510298401557815
0.1712164371070144	0.37512982923421667	0.45365373365876904
0.17470040665078462	0.372745399699742	0.45255419364947347
0.16268543492668727	0.3840758822992674	0.4532386827740454
0.16710840925707007	0.37422607054304724	0.4586655201998828
0.16251826162160343	0.37381649868185907	0.4636652396965376
0.14678608714102342	0.3862706470084088	0.46694326585056795
0.157894711570457	0.3819395511609526	0.4601657372685905
0.14884965200714023	0.3851581721126085	0.4659921758802514
0.15788894190686062	0.3787753807229973	0.4633356773701422
0.15991576296887738	0.38473376696246353	0.45535047006865914
0.15660255825559627	0.3755539591904957	0.4678434825539082
0.17333122203341864	0.3730528210005329	0.45361595696604856
0.1684553763393683	0.37141801754679493	0.4601266061138368
0.1637167794177243	0.38173646974473746	0.45454675083753837
0.1620780323177067	0.3857977622290089	0.45212420545328447
0.16593831518669722	0.3739867228978554	0.4600749619154475
0.1633243141970632	0.3860612959867803	0.45061438981615665
0.15753830057812984	0.38640663036057393	0.45605506906129634
0.1593090314254331	0.3830882490889139	0.4576027194856531
0.15883886969052646	0.3770435100572662	0.4641176202522075
0.15138994400339095	0.3835340778042572	0.46507597819235197
0.1545620708152146	0.3850104933081455	0.46042743587664003
0.1567149769031354	0.38675929519727353	0.45652572789959117
0.15546940489883215	0.3879129911980374	0.45661760390313055
0.1635497555258012	0.37563751393453954	0.4608127305396594
0.17172746798175562	0.37401429831672234	0.45425823370152213
0.16421049283015832	0.3731764258086195	0.46261308136122237
0.17339347335021893	0.3719489531280201	0.45465757352176106
0.1488231142699203	0.3831893640075605	0.46798752172251934
0.15273092730062676	0.3858434364624136	0.46142563623695976
0.17199352736873202	0.3715889537956557	0.4564175188356124
0.16825756386836282	0.37599107077441934	0.455751365357218
0.14875261157078806	0.38716604804588706	0.46408134038332494
0.17106355198850146	0.3815318918317574	0.44740455617974123
0.16287974487574838	0.37517828808032566	0.4619419670439261
0.1533761934117076	0.3789181369102467	0.46770566967804583
0.17005037843301013	0.373243767178082	0.456705854388908
0.16739030666812743	0.3788524945427339	0.45375719878913884
0.1610186335872431	0.3815489387698503	0.4574324276429067
0.1652973298843482	0.37739285360629454	0.4573098165093574
0.1550448267263126	0.37894141066972503	0.46601376260396254
0.1677480159140398	0.3812344551999686	0.4510175288859917
0.15733709340221902	0.379491091546001	0.46317181505178007
0.16138796631577468	0.37635441750300863	0.4622576161812168
0.16600496208213045	0.37959631216601636	0.4543987257518533
0.1631825720357823	0.38700592696843555	0.44981150099578227
0.1660470091340533	0.38526033782777636	0.4486926530381705
0.16783974897147239	0.3828800693690846	0.44928018165944317
0.1558974493577664	0.3766868215646386	0.4674157290775951
0.15358090859788598	0.3857521912702697	0.4606669001318444
0.16823169779287905	0.37900013319890524	0.4527681690082158
0.1602778854511101	0.3830409257509405	0.4566811887979495
0.15157897604647969	0.3882683372439393	0.46015268670958115
0.16958437564725565	0.37889321157201244	0.4515224127807321
0.17327406834233333	0.37593681140529195	0.45078912025237483
0.1708844047264223	0.37861639341383957	0.45049920185973824
0.15878955520004506	0.37706139857533905	0.464149046224616
0.15678593136778457	0.3865470936689018	0.45666697496331377
0.1579061109173456	0.3757899388882039	0.4663039501944506
0.15658747563905334	0.383542322418891	0.45987020194205575
0.14885048973444265	0.38678368845061795	0.46436582181493957
0.15722873309997	0.37485464407456137	0.46791662282546875
0.15215638820435778	0.38843271963688514	0.4594108921587572
0.1679105189884062	0.37244671860415335	0.45964276240744056
0.16330603185057896	0.38013449205755434	0.4565594760918668
0.1582851002155934	0.3787856110099408	0.46292928877446593
0.15669044164101575	0.38858926751204553	0.4547202908469388
0.16187075725472883	0.38500932086316747	0.4531199218821038
0.17309872744841653	0.37995500245967173	0.4469462700919119
0.159654122992222	0.38600584328957305	0.4543400337182051
0.16153189499080747	0.38184785408838573	0.45662025092080694
0.1533091541805181	0.37825813291810184	0.4684327129013802
0.17622492969619677	0.3737103527312646	0.4500647175725388
0.16970455886926447	0.382705869689525	0.4475895714412106
0.16092363754445538	0.3836148501197967	0.45546151233574805
0.16785830641123575	0.3796793777890212	0.4524623157997431
0.15717800432906442	0.3874039953853954	0.45541800028554036
0.1644704948518087	0.377520711130697	0.4580087940174944
0.1592864483005961	0.3745372280011277	0.46617632369827633
0.15745236755079578	0.3753185358690975	0.46722909658010686
0.17726299937238624	0.3728056737009851	0.4499313269266288
0.17858898491792982	0.3745155537475165	0.4468954613345538
0.16648515052624857	0.3716630588968088	0.46185179057694276
0.1637712056824686	0.3810183531126076	0.4552104412049238
0.1652995160820881	0.3717545522028275	0.4629459317150845
0.16356956701657843	0.3858200232657682	0.4506104097176535
0.16852258237329237	0.3733982380254488	0.45807917960125893
0.1695411317087559	0.3792977709092325	0.4511610973820117
0.1583278936477196	0.37435341812047707	0.46731868823180345
0.15258221993643753	0.38128220707077876	0.46613557299278385
0.1635705262755604	0.37335731880386624	0.4630721549205735
0.16835872239077176	0.3803391885173013	0.45130208909192704
0.17342086693758782	0.37299665590560227	0.45358247715681005
0.15568550775606144	0.38648803754842914	0.45782645469550953
0.1589486566365905	0.37920273570601815	0.46184860765739144
0.17501781217418555	0.3751074208419122	0.4498747669839024
0.16583150282738623	0.3724217616839981	0.4617467354886158
0.16230974744361515	0.3745335117659429	0.46315674079044206
0.1646659053601525	0.3851908824199126	0.45014321221993503
0.15732418524366282	0.376599950233214	0.4660758645231233
0.16835077529666093	0.38370188094198976	0.4479473437613494
0.16724954748357335	0.3828366074934115	0.44991384502301535
0.16487195184047185	0.3723734568302746	0.4627545913292537
0.1641425241307519	0.3876809952356175	0.4481764806336307
0.17122073185871595	0.3802051924341285	0.4485740757071557
0.1716958417612348	0.37923544444863855	0.4490687137901268
0.17482541596304088	0.37501549303698734	0.4501590909999719
0.17575178441385386	0.3718530947444312	0.45239512084171507
0.15238574035376323	0.38550631461293344	0.46210794503330344
0.1725375759058475	0.38012300850190944	0.4473394155922432
0.17019459646435448	0.38047914969755675	0.4493262538380889
0.16903591250604055	0.3745466233069774	0.45641746418698215
0.17610253191972405	0.3719408569974585	0.45195661108281754
0.17165396479002348	0.37979438267466986	0.44855165253530677
0.16681913934532283	0.38520114275862477	0.4479797178960525
0.16971345314949526	0.3829938615803769	0.44729268527012794
0.16657308168956808	0.3733784791958762	0.4600484391145559
0.15920726247165926	0.3822458233300435	0.4585469141982974
0.1653589414310875	0.38066523725595586	0.4539758213129568
0.1527133932278742	0.38844638265738235	0.45884022411474357
0.1640503152556818	0.38715023436757556	0.44879945037674274
0.15281533137107312	0.38361092434049704	0.46357374428843
0.149468761743064	0.3854514237842422	0.465079814472694
0.1510929042199732	0.38216763721224295	0.466739458567784
0.1511035928031308	0.3880545000967872	0.4608419071000821
0.15694199905438705	0.3855197324934278	0.45753826845218526
0.15031629548863984	0.38888325455464007	0.46080044995672026
0.1659209695082891	0.3847044165126834	0.4493746139790276
0.15769020829911506	0.37576382641556993	0.46654596528531517
0.15534685125954836	0.3770642688015895	0.4675888799388622
0.17042203267934913	0.3766394918017881	0.4529384755188629
0.15386280598353136	0.38065828893803927	0.4654789050784295
0.17107481030082924	0.37742974340903884	0.45149544629013205
0.16259425090738056	0.38274662213573335	0.45465912695688626
0.16177443034797379	0.37172682131954315	0.46649874833248317
0.1521946044944627	0.3833452315431368	0.4644601639624006
0.1676213589295145	0.38155362991903885	0.4508250111514468
0.15140041532864257	0.389237144240482	0.45936244043087554
0.17296202906964897	0.3760050883626179	0.4510328825677332
0.16405953304911505	0.37216947849492193	0.4637709884559631
0.153267441070072	0.37876195543937274	0.46797060349055536
0.16256583147497589	0.3746457820737338	0.46278838645129045
0.17012951884029281	0.379433502103242	0.4504369790564653
0.16095317004336884	0.37214262035633855	0.4669042096002927
0.1708336458184888	0.37238119074967674	0.4567851634318346
0.16788501367441314	0.3732439268139206	0.4588710595116664
0.16829263921053128	0.37206862265301316	0.4596387381364557
0.15043509542292655	0.38317453466478935	0.4663903699122842
0.16612609997530456	0.3733859967903309	0.46048790323436467
0.15828143580238618	0.38458638268415946	0.45713218151345447
0.15193575641712947	0.3868314202023655	0.4612328233805051
0.15529051740192978	0.3852467737565616	0.45946270884150875
0.16357938613373268	0.376790204957682	0.4596304089085854
0.16057929225192571	0.38180002175919336	0.45762068598888106
0.1670967853299986	0.3804623400874013	0.4524408745826002
0.15915826376156572	0.3880931721089489	0.4527485641294855
0.15913426599728178	0.3730218239150397	0.46784391008767867
0.1600391583709903	0.3838672550676487	0.4560935865613611
0.17280167678116182	0.37950254049158494	0.44769578272725336
0.15511786316229176	0.38159511012779873	0.4632870267099096
0.16440203232424494	0.38286374603815	0.4527342216376051
0.15313763101579564	0.38107119202597717	0.4657911769582273
0.16673036000683095	0.37696089662982146	0.4563087433633477
0.16387897624953635	0.37519879453403315	0.46092222921643056
0.17540939659523946	0.37468783773531494	0.44990276566944576
0.15538004954528511	0.37913349541383834	0.46548645504087666
0.16911563074128164	0.3812990608095858	0.4495853084491327
0.16159745982303242	0.381053818683744	0.4573487214932237
0.16353606293174	0.3731216191889042	0.463342317879356
0.1700624897710583	0.3727980069490935	0.4571395032798483
0.15389271121323883	0.37956826364305074	0.46653902514371054
0.16357370645204533	0.38634397469207193	0.4500823188558829
0.1582978549772216	0.3808616945058804	0.46084045051689815
0.1656612452698082	0.38650933889793815	0.4478294158322538
0.15979916057590132	0.38551849546718686	0.45468234395691187
0.15243510106224922	0.37984171589344895	0.46772318304430194
0.16246168770010916	0.37406332174679424	0.4634749905530967
0.167157505588744	0.37921529003991855	0.4536272043713376
0.15885292712579113	0.3761618427226851	0.4649852301515239
0.1582621470409482	0.38676203165435485	0.45497582130469705
0.1581702808667288	0.3829272609835908	0.45890245814968045
0.17732673352854558	0.37505576446667077	0.4476175020047838
0.16355056198217838	0.37786545119050874	0.45858398682731305
0.14862243316247897	0.3859400155652814	0.46543755127223974
0.15156631582973085	0.38795340869942196	0.4604802754708473
0.16502073522725463	0.3808277663833888	0.45415149838935664
0.17885567234068236	0.3718937148525957	0.44925061280672207
0.1597933724224311	0.3765773043231609	0.46362932325440814
0.16864700977993366	0.37862938654031736	0.45272360367974906
0.1489573253398739	0.38810488251076236	0.46293779214936387
0.15274262774866013	0.3808542405606475	0.4664031316906925
0.164161748260868	0.37889573025244794	0.45694252148668424
0.1514607507070605	0.3811050382276391	0.46743421106530053
0.16647762551001433	0.3740000397041286	0.45952233478585724
0.16457177529939793	0.3737544822068757	0.4616737424937265
0.1560404912458213	0.3800943193044511	0.4638651894497277
0.17882880464109585	0.37347514956225847	0.4476960457966458
0.14586758560326313	0.3863263860074717	0.46780602838926527
0.15842429851409567	0.38557538654155066	0.4560003149443538
0.15276456830891405	0.3838819578074231	0.4633534738836629
0.16824673940980897	0.3837594314823238	0.4479938291078674
0.17063639991463928	0.3759084812434878	0.45345511884187306
0.16572121654556338	0.3775925980607804	0.45668618539365635
0.17353618814349198	0.37197641792894753	0.45448739392756055
0.15447101606294172	0.3801502448105649	0.46537873912649347
0.1633798441158975	0.3773448020452236	0.4592753538388791
0.16805038931285315	0.37787205715759076	0.45407755352955625
0.16956227820404784	0.38333646028217866	0.4471012615137736
0.1629982481813394	0.38779785077785844	0.4492039010408023
0.17105267872145993	0.377622391063634	0.45132493021490616
0.16574810264389628	0.3864186702727762	0.4478332270833276
0.1560865894205914	0.38707554058001503	0.4568378699993937
0.17501998576926692	0.3776627121153339	0.44731730211539933
0.15994072379471277	0.3763764643857153	0.46368281181957205
0.16605980890421906	0.3833096039442541	0.450630587151527
0.1632969311234626	0.38877618161263383	0.44792688726390373
0.1729271434286909	0.37963940700978965	0.44743344956151954
0.16341638588256496	0.3886032749176653	0.44798033919976993
0.1632440427942165	0.37871884795138056	0.45803710925440305
0.1521945482616615	0.38594420803852847	0.46186124369981013
0.16666695348062852	0.37856712718280194	0.4547659193365696
0.1620054366033588	0.3886574371619379	0.4493371262347034
0.16671841768280612	0.37516242403850314	0.4581191582786909
0.16589794376446487	0.3865510947756515	0.4475509614598837
0.15766469184036286	0.381569628656299	0.46076567950333824
0.17401287691190823	0.37271254490152333	0.4532745781865686
0.1666752179316916	0.37394700035542067	0.4593777817128879
0.15428084339508547	0.3790674986821848	0.46665165792272983
0.15929525759196633	0.3812896985396566	0.45941504386837717
0.15779251746383843	0.38215166082580193	0.46005582171035975
0.1749517157227719	0.37612718103044995	0.44892110324677825
0.16371769334232383	0.3815686121626592	0.4547136944950171
0.15476709730750352	0.3858050424570725	0.4594278602354241
0.16317409354985735	0.38081714943219924	0.4560087570179435
0.16065094412715283	0.37806051657863055	0.46128853929421676
0.16928059313327753	0.38224393655376077	0.4484754703129618
0.1768948006003738	0.3744362372697785	0.4486689621298478
0.1746151360426115	0.37702989633587597	0.4483549676215126
0.16255008234147994	0.37553004894115244	0.4619198687173678
0.1638438183649712	0.38201065336616	0.4541455282688689
0.16825477827583218	0.37339632326253136	0.45834889846163657
0.1538788198797834	0.38083085367250524	0.46529032644771146
0.17046780782188087	0.3719956282628495	0.45753656391526976
0.15514829257876853	0.3835826630819815	0.4612690443392501
0.17583802220271716	0.37460841832558395	0.44955355947169895
0.17179421798964142	0.3752817715983354	0.4529240104120233
0.1739048070023777	0.378731959942609	0.44736323305501347
0.1538016617355379	0.38812865264141005	0.45806968562305217
0.1693137090411511	0.3783245525589822	0.4523617383998669
0.16850920663557747	0.3840439707137665	0.44744682265065616
0.1626940342996649	0.3793306366022312	0.457975329098104
0.168710197951098	0.3792369167310148	0.45205288531788734
0.1658243546768466	0.3785565597841094	0.4556190855390441
0.1705309552896974	0.3812409228969323	0.44822812181337046
0.15839399158570677	0.38886905929723087	0.4527369491170624
0.165813252629389	0.376256381535948	0.4579303658346631
0.16635548751283577	0.37673218443554307	0.4569123280516213
0.16161835881216732	0.3733314725416097	0.46505016864622317
0.1504237971781908	0.38845392102448445	0.46112228179732484
0.163048597307624	0.3831804172775666	0.45377098541480954
0.16250595627462328	0.38697366058497	0.4505203831404068
0.17840150424826115	0.3732918992109247	0.4483065965408143
0.17074002778251018	0.37783099827249356	0.45142897394499637
0.17318892066491076	0.3757613139253585	0.4510497654097308
0.1628278993368044	0.37633232449586485	0.46083977616733085
0.16091855854792586	0.38073906195907126	0.45834237949300305
0.1683459626440325	0.37143020928824927	0.46022382806771833
0.1670031873968162	0.37988309144230964	0.4531137211608743
0.16923461108798965	0.3816017520168399	0.4491636368951706
0.17030421122098519	0.37408562398645134	0.4556101647925636
0.16199786592591098	0.3766603914706881	0.461341742603401
0.16413701815485532	0.38627667125180437	0.4495863105933404
0.16449700954038096	0.3766174359556832	0.458885554503936
0.17239031852659173	0.38037721625461507	0.4472324652187933
0.17065702884518386	0.37984817928958436	0.4494947918652319
0.16360884326576342	0.38196460361374884	0.4544265531204878
0.15440740789821142	0.3853000742807096	0.4602925178210791
0.16148643193425044	0.38331753848102407	0.4551960295847256
0.1579756139372061	0.3845573139959226	0.4574670720668714
0.16314857708634567	0.38783255746559847	0.44901886544805597
0.16911987597639658	0.37512155418582954	0.45575856983777396
0.1583360086829658	0.38093600827484014	0.4607279830421942
0.1583248712450696	0.3828057743898177	0.4588693543651128
0.1750240090187682	0.3738951890293668	0.45108080195186506
0.15998375890589042	0.37701475135903423	0.46300148973507543
0.16881526364368038	0.3765069406964548	0.45467779565986494
0.15249225816226467	0.38205744144575104	0.46545030039198443
0.1698292960813172	0.38141808573299546	0.4487526181856875
0.15712195926474667	0.3776403752734717	0.46523766546178175
0.1668298590872524	0.3778293950100824	0.45534074590266527
0.1735525101377557	0.3795837202166109	0.44686376964563357
0.1723092896139772	0.3729899063271026	0.45470080405892027
0.1581319900038615	0.38278007452534557	0.4590879354707931
0.1603534467948028	0.373983208913673	0.46566334429152434
0.15598467701698498	0.3871210914685935	0.45689423151442154
0.15335122128331763	0.3797337958478526	0.4669149828688298
0.16780108761054852	0.3740683381593231	0.4581305742301285
0.15293600168473362	0.38823376901495615	0.45883022930031037
0.16478646001682173	0.38547410899722656	0.4497394309859518
0.17712215996691738	0.37481550872634667	0.4480623313067361
0.15401789160007817	0.383582625713944	0.4623994826859779
0.16748576527912815	0.3739234364487903	0.4585907982720817
0.15650480444064685	0.37710820739466056	0.4663869881646927
0.1640080354366149	0.3886524565538183	0.4473395080095669
0.17608173954556355	0.37240181867210204	0.4515164417823345
0.16153833429566106	0.38288102249097133	0.4555806432133678
0.1720935123934373	0.3755799591095875	0.4523265284969753
0.16105209958929795	0.3813305379379675	0.45761736247273466
0.16983526950334765	0.3768938189579374	0.453270911538715
0.15928206258304092	0.3809492805991121	0.45976865681784707
0.1721668940130506	0.38052941225833253	0.44730369372861695
0.16953403204242462	0.37965834878545385	0.45080761917212164
0.16311363485714908	0.38403785849217664	0.4528485066506744
0.174258169343783	0.3748054458630702	0.4509363847931469
0.15542800421924585	0.38421865385993614	0.4603533419208181
0.1664665388389041	0.37805051081742963	0.45548295034366637
0.15847168624369318	0.37994477414086336	0.4615835396154435
0.16356202323514013	0.3819687929073808	0.45446918385747925
0.16907920732906329	0.38313896528473457	0.44778182738620226
0.16696483375952167	0.384112107683709	0.44892305855676945
0.15024022631999012	0.3839581813026419	0.46580159237736807
0.16004453874926308	0.3761180248695006	0.4638374363812364
0.15923300764071158	0.375794174125815	0.4649728182334735
0.14853220013093515	0.3863375651012339	0.46513023476783105
0.1529108286422256	0.38471922055721425	0.46236995080056026
0.15385702528921935	0.38890776625263135	0.45723520845814947
0.14798324737842705	0.3871532638240804	0.46486348879749273
0.15618845565242578	0.3784377831685911	0.4653737611789832
0.15624239362687653	0.38081997167924003	0.4629376346938836
0.15772089775577344	0.3800313149105644	0.4622477873336623
0.1703168896097264	0.3718624560528171	0.4578206543374566
0.16601382510878868	0.37313313160184386	0.4608530432893676
0.16049001837156845	0.37672632182511034	0.4627836598033213
0.16231256416783402	0.38886784058382934	0.44881959524833676
0.14978284237800907	0.38619556852220754	0.4640215890997835
0.16719269306631762	0.37342698762955906	0.4593803193041235
0.15799007928312153	0.3834193325479435	0.45859058816893505
0.16583625968741472	0.38641248687225555	0.44775125344032984
0.1558407302714856	0.38295438165149526	0.46120488807701926
0.17260292667610577	0.37761016581876694	0.4497869075051274
0.170691083238797	0.38197121172390147	0.44733770503730164
0.1647328066525102	0.3743286074348835	0.4609385859126064
0.17038619666551844	0.37494304493611386	0.45467075839836785
0.1766068009690192	0.37324125877631076	0.45015194025467015
0.1611389230329242	0.3738516919371932	0.4650093850298827
0.1538816177239715	0.3877222082917855	0.45839617398424315
0.172856735600933	0.37719471145450967	0.4499485529445575
0.15668679130654756	0.37752825785484506	0.4657849508386075
0.176224827683745	0.3758294180308366	0.4479457542854185
0.15657261571093262	0.3795570246085035	0.463870359680564
0.15815468706732572	0.3741954299268102	0.4676498830058642
0.16917093665798005	0.38333585836995004	0.44749320497207
0.17525873280689086	0.3768353399078086	0.44790592728530065
0.1694350984438355	0.38005549512451536	0.4505094064316493
0.16490080398097423	0.379244591749963	0.4558546042690629
0.17103007831620098	0.3770450145401166	0.45192490714368255
0.17024446283685085	0.38194213998133725	0.447813397181812
0.15708864295088712	0.3830899489379791	0.4598214081111339
0.17065154938042015	0.3820417361374211	0.44730671448215886
0.16086773191098477	0.3829626427601322	0.45616962532888317
0.1621290129193957	0.38762513888236266	0.45024584819824176
0.1722135806345349	0.3721728818232767	0.4556135375421885
0.15066195017875073	0.38476284334952043	0.46457520647172895
0.1580301172033183	0.3825027030607394	0.4594671797359424
0.15668449453288627	0.37709992541654114	0.46621558005057273
0.17311636719800022	0.3790329318447434	0.44785070095725654
0.1581806512244169	0.3747580628334688	0.4670612859421144
0.15731411970738018	0.3783360776436411	0.4643498026489789
0.1628511090996853	0.38392362905731187	0.45322526184300294
0.15999966570206978	0.3741213395273105	0.4658789947706198
0.17081205470741928	0.38210380678956885	0.44708413850301204
0.1654902811563708	0.3768393332954055	0.45767038554822387
0.17560198051210074	0.3735470320288688	0.45085098745903057
0.1695139308362055	0.3774785860275489	0.4530074831362457
0.14815168841581963	0.38419976267071126	0.46764854891346924
0.15997797124350555	0.37452614559005504	0.46549588316643953
0.15205693533486375	0.38423932436920555	0.46370374029593076
0.15117221667606764	0.3888142384123784	0.4600135449115541
0.17011629911816412	0.3808050199918734	0.4490786808899626
0.1513682972257553	0.3858809806393545	0.46275072213489027
0.16295124375195832	0.38064830430448743	0.45640045194355433
0.17278451551955645	0.37239883864684437	0.4548166458335993
0.16967802292697284	0.37417132984454043	0.45615064722848686
0.17268969335393977	0.3720753206669972	0.4552349859790631
0.17145044608402837	0.37232431825503837	0.45622523566093337
0.16210394767948527	0.3798052715719872	0.45809078074852766
0.17525703837251622	0.3733036048647146	0.4514393567627693
0.14709052986831905	0.38596948051828806	0.466939989613393
0.17672961416446778	0.37426246348015907	0.4490079223553733
0.16804946321537495	0.3792948125663708	0.45265572421825434
0.15773528611427537	0.3860431758238607	0.45622153806186405
0.15602797759625892	0.3870662188705839	0.45690580353315724
0.1593142753717087	0.3748088734797144	0.465876851148577
0.1504550335316776	0.3886184525756781	0.4609265138926444
0.17795176287373293	0.37418556341889087	0.4478626737073763
0.17512064111232656	0.3747639120309517	0.4501154468567219
0.16735826254210695	0.3739405903341789	0.45870114712371424
0.16515721466772026	0.37901795857188597	0.4558248267603939
0.1528611594219934	0.379576818651465	0.4675620219265418
0.15183324130107925	0.38608480533889056	0.46208195336003033
0.1552819726058031	0.3827807499243932	0.46193727746980384
0.17132618557484097	0.3754500689776874	0.45322374544747174
0.15600425849481514	0.3850231529812501	0.45897258852393485
0.1659108716133759	0.3716644915398058	0.46242463684681845
0.1510970763589286	0.38893592403226496	0.45996699960880655
0.16334489013080494	0.38624082303135515	0.45041428683784007
0.15950864191334152	0.38208725992165976	0.45840409816499883
0.16062685549017808	0.3811291004968864	0.4582440440129356
0.16310478270102696	0.38553240212354734	0.4513628151754258
0.1624660229724313	0.38608735764236646	0.45144661938520236
0.16622530353993878	0.3767707841934579	0.4570039122666035
0.16507116503165467	0.3725567565489188	0.4623720784194267
0.1567425882900762	0.37905020162348063	0.4642072100864433
0.17017676034764806	0.37246651241765105	0.457356727234701
0.17241424531405156	0.3797131489142406	0.44787260577170795
0.1560905538898986	0.38122272994429224	0.4626867161658093
0.1630247643718714	0.37886037014261853	0.4581148654855102
0.15715170128921038	0.37951831526103735	0.4633299834497524
0.16584966174826998	0.37165052843046753	0.46249980982126265
0.15669670352295545	0.38802906348517885	0.4552742329918658
0.17098061085455354	0.37511269976736245	0.45390668937808415
0.16332149072967453	0.37594661043451466	0.4607318988358109
0.1478689201952721	0.38542758902127583	0.4667034907834522
0.1648621435308086	0.3787150610872449	0.45642279538194663
0.15874654727282222	0.3792460863547051	0.4620073663724728
0.1580121908699262	0.38014829920438664	0.46183950992568723
0.15664531246354763	0.3846449503231568	0.45870973721329567
0.15964295055037728	0.37428604976340596	0.4660709996862169
0.17126301432410046	0.3774692359325684	0.4512677497433312
0.17288996470769477	0.3728749177929086	0.45423511749939677
0.14663912837163334	0.38495940073521445	0.4684014708931523
0.15924825546832316	0.38590476298838416	0.4548469815432927
0.153680016348161	0.38144786366564654	0.4648721199861926
0.17022353673184662	0.38115608532126866	0.44862037794688486
0.16242178298422283	0.3870195004657345	0.45055871655004276
0.15813187633767162	0.37557252103706695	0.4662956026252616
0.16892164567156878	0.3801264169588086	0.4509519373696227
0.15906789898478763	0.38867903817099847	0.45225306284421407
0.16034680534756873	0.3795266520693917	0.46012654258303975
0.15662641318386952	0.3801876647783661	0.46318592203776454
0.15643743448011044	0.38255409526391243	0.4610084702559773
0.17697983784194904	0.3719120585439494	0.4511081036141017
0.16956306856837117	0.37155063575101616	0.4588862956806128
0.17078665613614613	0.3752124306154347	0.4540009132484193
0.15120509572159277	0.38390493626789157	0.46488996801051574
0.14624894554357096	0.3891997830172177	0.4645512714392115
0.16647089717186803	0.37197068879680656	0.4615584140313255
0.176617970480064	0.3739736953532028	0.4494083341667333
0.1570477973844504	0.3761126223502456	0.4668395802653041
0.17178022397768863	0.3764031346983946	0.45181664132391686
0.153936138926539	0.3829156037517906	0.4631482573216705
0.16676957509655688	0.3765420245217856	0.45668840038165764
0.16876397520841846	0.3788468084290342	0.45238921636254753
0.1586423310345591	0.3823530850712517	0.4590045838941893
0.14848959661241007	0.38338158238658465	0.4681288210010054
0.17089660442425358	0.37813262306383366	0.45097077251191287
0.16396905465791206	0.3750320935906398	0.4609988517514482
0.17346150331729784	0.3725758052347132	0.45396269144798906
0.16837263204886416	0.37950089428239847	0.4521264736687375
0.17191892071163342	0.37307167394523166	0.45500940534313505
0.15703370382178328	0.3880449672239011	0.45492132895431575
0.16242452213367137	0.38351621092385124	0.45405926694247756
0.14750893862109413	0.3867899161948177	0.46570114518408834
0.1632412179627044	0.38572283509402516	0.45103594694327054
0.16983859681778554	0.3738389514292624	0.4563224517529522
0.1625910049055164	0.37269082847380525	0.46471816662067844
0.1617475735100335	0.384400608238115	0.4538518182518516
0.16211672691489687	0.3742817595892432	0.46360151349586004
0.16658765971284284	0.37423555388644736	0.4591767864007099
0.14975540618253283	0.38558717195907405	0.46465742185839326
0.15285991387723835	0.37916512773258576	0.467974958390176
0.15562990294251328	0.38616750864880006	0.4582025884086868
0.14834755726122992	0.38593154511175176	0.46572089762701846
0.15342680112019014	0.3847814149636165	0.46179178391619347
0.15595879762462184	0.38208038266196537	0.4619608197134129
0.17427848780274038	0.374759268885378	0.45096224331188167
0.14913350556595417	0.3862244416052647	0.46464205282878124
0.1596447627904801	0.3836376762306988	0.45671756097882127
0.16230503225862145	0.378324188436369	0.45937077930500964
0.15871212984378602	0.3821756594256647	0.4591122107305494
0.14938305292111398	0.3868168002181776	0.46380014686070853
0.1543969787187498	0.3807504901801331	0.4648525311011172
0.1523213908894105	0.38469300306306764	0.462985606047522
0.15726666432849162	0.3779813554864617	0.46475198018504676
0.1564376450675183	0.3766782250259381	0.4668841299065437
0.17823190150305449	0.3721835938185483	0.4495845046783973
0.14985775690379488	0.38645104151542387	0.46369120158078136
0.1636323841778528	0.3834465563931385	0.4529210594290088
0.15802932839829542	0.37395925452379664	0.46801141707790805
0.15302470591326472	0.3892399388749159	0.45773535521181946
0.16540237130504828	0.37950055930780385	0.455097069387148
0.15928307345062642	0.37413547859212404	0.46658144795724965
0.1695350637888739	0.3726261176840899	0.45783881852703634
0.1697176767474601	0.3814429491715487	0.4488393740809913
0.15980786236395483	0.37685405254215415	0.4633380850938911
0.1681562407669052	0.3801805123837521	0.45166324684934284
0.1657125586643009	0.38292861401879214	0.4513588273169071
0.17609100064255068	0.37372127409790623	0.4501877252595432
0.17080982142375575	0.38043007935216383	0.44876009922408056
0.16112458540122512	0.3785938757815746	0.46028153881720035
0.15989325293166395	0.3883037170859215	0.4518030299824147
0.14597872784595245	0.3887081425773396	0.46531312957670806
0.1558907153642206	0.38024303294822664	0.46386625168755286
0.16236730644301153	0.3716376212004012	0.4659950723565874
0.17714773033465558	0.37144516347218803	0.4514071061931565
0.16571505520000318	0.38550896024637243	0.44877598455362444
0.15985778595392305	0.37200191085055556	0.4681403031955216
0.15446432660141235	0.38802957748713013	0.45750609591145763
0.16321357319580443	0.37397397069838895	0.46281245610580674
0.15468998997734587	0.37738594533922776	0.4679240646834265
0.16111009944665833	0.37305858320133434	0.46583131735200745
0.16887913278522895	0.3826235542273395	0.4484973129874317
0.16887968808249276	0.3736025461335626	0.4575177657839447
0.14816038241152485	0.38471955775450545	0.46712005983396976
0.15693397811495585	0.38405109928543363	0.45901492259961063
0.15304565594699127	0.3814341614145358	0.46552018263847306
0.15484848614427135	0.38283889428835616	0.4623126195673726
0.1504958518589689	0.38748952413418963	0.46201462400684157
0.16383600554525246	0.3747115868711396	0.4614524075836081
0.15415116451315256	0.3878057592951908	0.45804307619165674
0.15921601571549343	0.38582639503825356	0.4549575892462532
0.15965119400716776	0.38776305592020427	0.4525857500726281
0.1554293456543249	0.38821319282605493	0.4563574615196203
0.14886310180882567	0.3843705643205145	0.46676633387066
0.17610627681251909	0.37393920098028766	0.4499545222071934
0.1521698107315673	0.38720141745573566	0.4606287718126972
0.17351737817758378	0.37533211799803085	0.4511505038243855
0.16023964755005754	0.3846073665273636	0.455152985922579
0.1645917780246468	0.37891750999055257	0.45649071198480073
0.17463727289818703	0.37545832118475286	0.4499044059170602
0.14999894858640128	0.3831406996767238	0.466860351736875
0.16420936629132657	0.3799319585453501	0.45585867516332346
0.14645654490442578	0.3857964024467012	0.46774705264887306
0.15681131514270197	0.3848736398918426	0.45831504496545555
0.16578112463391861	0.38595415317489523	0.4482647221911863
0.14656968724018576	0.3859494876491266	0.4674808251106878
0.16175171293517493	0.3881996744071002	0.450048612657725
0.17293507146283785	0.375167036401106	0.45189789213605625
0.15300429300007354	0.3799097435477795	0.4670859634521471
0.15802124203289306	0.3742423367741269	0.4677364211929802
0.15737943961307366	0.3833772028450825	0.459243357541844
0.17316046576814587	0.37832300437853983	0.44851652985331447
0.15967908709053483	0.3803896821516537	0.4599312307578116
0.16714584879843397	0.3792909527747902	0.45356319842677595
0.16234693210502543	0.37432824383377833	0.46332482406119635
0.1558029627075824	0.3870107163762213	0.45718632091619643
0.15403046511380497	0.3839336157968833	0.46203591908931185
0.17383494443913203	0.37588170133877236	0.45028335422209576
0.16529422160597024	0.3796600565353878	0.45504572185864206
0.15796993796404674	0.38277854813774237	0.45925151389821106
0.15061931668953604	0.3871439503730972	0.4622367329373669
0.15420729658080123	0.3789518987452069	0.466840804673992
0.15345708384100315	0.38179590069802305	0.4647470154609739
0.1710163924307686	0.3726234044340285	0.456360203135203
0.17100319149533083	0.37492780883726373	0.45406899966740555
0.16017742697506734	0.38540045705028225	0.4544221159746505
0.15523559676249346	0.389159685143986	0.4556047180935206
0.14675010612709832	0.38636986466234763	0.46688002921055416
0.16113128380162323	0.3767258863669519	0.46214282983142496
0.16660575496911723	0.38014602546934495	0.45324821956153794
0.17032181031691895	0.38214235901077426	0.44753583067230696
0.16517548979894012	0.381810922427737	0.453013587773323
0.177092728005681	0.3758318495293983	0.4470754224649209
0.1509004260322233	0.38455361965139795	0.4645459543163789
0.16680208905718868	0.3758772748710542	0.4573206360717572
0.1599013858890989	0.3827133338640727	0.4573852802468285
0.16658556946396222	0.3727274608500397	0.4606869696859982
0.17591121719568076	0.3763572447527695	0.44773153805154986
0.16211149061464178	0.3884669002419538	0.44942160914340457
0.17872092717641527	0.3720829979258589	0.44919607489772595
0.16870468546091386	0.37989660341061676	0.4513987111284695
0.14670323313364403	0.3869662842682871	0.466330482598069
0.17099691442471288	0.377818880419254	0.45118420515603325
0.17075984573390238	0.3778154150650587	0.45142473920103904
0.16345275566007195	0.37816216062321234	0.4583850837167158
0.15651351214549092	0.3850553403650539	0.45843114748945535
0.16908721283361375	0.38354670974392646	0.44736607742245993
0.17316014271591804	0.37880124580624847	0.4480386114778336
0.17189287437010703	0.38107894476832466	0.44702818086156837
0.16382510763905941	0.37795308566175045	0.4582218066991902
0.1772650914607834	0.37263908692842157	0.45009582161079514
0.16826028076700353	0.3746722529333162	0.4570674662996804
0.15921552944013861	0.3881280110828874	0.4526564594769741
0.16849030821624536	0.3717018126333713	0.4598078791503834
0.14999394547553954	0.3882801243602565	0.46172593016420405
0.1706439423746234	0.3809554409166809	0.44840061670869585
0.15987978925475352	0.38363439250709463	0.456485818238152
0.1729671820695362	0.37212594600799487	0.45490687192246904
0.17666020630294155	0.37422855771379215	0.4491112359832664
0.15405894286753286	0.38431077273340647	0.46163028439906084
0.1766308971703207	0.3743458640345332	0.4490232387951463
0.16860809783989114	0.3740202716052024	0.4573716305549066
0.1586278242427793	0.38139907900243836	0.45997309675478243
0.1625192960754273	0.37558934519512377	0.46189135872944903
0.15845457670076618	0.3842081474583579	0.457337275840876
0.1569741824005199	0.3864026066255276	0.4566232109739526
0.1556328403046618	0.3848581131738986	0.4595090465214397
0.16370775856586683	0.3811906350049065	0.45510160642922676
0.1530025011215589	0.37936935490140833	0.46762814397703295
0.15997326722529448	0.37363698486170965	0.46638974791299603
0.15734251483601225	0.3779402951496028	0.46471719001438505
0.16979418214209083	0.38137751584951113	0.44882830200839813
0.16845340490177824	0.3786297413952914	0.4529168537029305
0.1595167261416035	0.38293854331698657	0.4575447305414101
0.15191586797066914	0.38294026969912437	0.4651438623302066
0.17418163048448226	0.3748474147241918	0.45097095479132604
0.15754083027418125	0.3791575666005923	0.46330160312522656
0.16118304739675676	0.3794687306827478	0.45934822192049557
0.1739749386889184	0.37790920185564925	0.44811585945543253
0.15686033776187513	0.3877557994635533	0.45538386277457166
0.15633195424118163	0.37711334323806345	0.46655470252075504
0.15726291578498247	0.37796129086917357	0.46477579334584407
0.14728882919158062	0.3874157967589233	0.46529537404949617
0.1545238812251794	0.37808572248733796	0.4673903962874827
0.15679620787011347	0.38483243285395236	0.4583713592759343
0.1655281162504655	0.3858908751132162	0.44858100863631845
0.15598040589334067	0.3862938770765265	0.45772571703013293
0.15824603380529123	0.3866888046965013	0.45506516149820764
0.1570727067974037	0.3809464958873966	0.4619807973151998
0.15058539071185567	0.3826346303766751	0.46677997891146933
0.1481417221460454	0.38900991649268213	0.4628483613612726
0.1603407783474532	0.3848388205738755	0.45482040107867144
0.1548770702777844	0.3804516124688587	0.464671317253357
0.16138840141886895	0.38480829331224997	0.4538033052688812
0.15519489001149422	0.38184995505105435	0.4629551549374516
0.1567676582471868	0.3807430830340158	0.46248925871879754
0.16582003394961448	0.373634789388896	0.46054517666148964
0.15722739499898225	0.3851731533117671	0.45759945168925076
0.15929134886537022	0.3816271812837919	0.459081469850838
0.17752328184870814	0.37453905368968676	0.4479376644616052
0.17659710039984478	0.37387905081583767	0.44952384878431767
0.17549688243271316	0.3742332440082467	0.45026987355904025
0.16424044748098063	0.3753655041746315	0.460394048344388
0.15631734367901332	0.38250408181606754	0.4611785745049193
0.16066499311693733	0.37633433277095096	0.4630006741121119
0.16981080671097631	0.371944870785497	0.45824432250352687
0.1491198333319767	0.38561934899860073	0.4652608176694227
0.16759480566190765	0.3750392311623003	0.45736596317579215
0.16111742583868482	0.37651177654465284	0.46237079761666244
0.14856324947576072	0.3861514812630156	0.4652852692612238
0.15801510621218276	0.38173778748235565	0.46024710630546173
0.1545514748771562	0.38015722919290307	0.4652912959299409
0.1730850398823476	0.37312658459869685	0.4537883755189557
0.15418238041925553	0.38507808623275275	0.4607395333479919
0.15442350074045005	0.3886390078409951	0.456937491418555
0.16268587937757029	0.38660932877230275	0.45070479185012713
0.16192125044692013	0.3719601012184116	0.46611864833466843
0.16361570367081982	0.37523602215326146	0.46114827417591886
0.16612645408978918	0.37581079377832305	0.4580627521318879
0.1598685528831048	0.38505196160540445	0.45507948551149086
0.17814277273214346	0.3737424729142806	0.44811475435357606
0.16780809420298626	0.3715894720936435	0.4606024337033704
0.15130186194327283	0.38210253983336295	0.4665955982233643
0.16034962039583744	0.3842185859601813	0.45543179364398134
0.14915903133761585	0.38244627090519645	0.4683946977571878
0.1632885685781621	0.37288194200402275	0.4638294894178153
0.1539447297228244	0.3837938947625392	0.4622613755146365
0.16604566086391911	0.3816356787161935	0.45231866041988744
0.16057237575922348	0.38882836151974987	0.45059926272102674
0.17025945481255292	0.37489203960352857	0.45484850558391865
0.1745008423886037	0.3729823444063346	0.4525168132050618
0.1506907561441933	0.3851477675476822	0.46416147630812454
0.16415549556962067	0.3810364363915328	0.45480806803884666
0.17129510795204572	0.371959201192026	0.45674569085592837
0.16491760525702825	0.3723510991695554	0.4627312955734165
0.15682526312514825	0.3748046034316938	0.46837013344315803
0.1682661503650709	0.3758275453523646	0.4559063042825646
0.15647191326225363	0.3815714115016128	0.4619566752361337
0.15754519720137775	0.3818557061780206	0.4605990966206017
0.16530451915381403	0.3727701673146988	0.46192531353148725
0.167511832139499	0.3739862828793445	0.4585018849811566
0.16680109124021794	0.3833088365030525	0.44989007225672967
