0.05118517116366572	0.27938687619613034	0.26373253828707255	0.10749139448614925	0.2982040198669819
0.05300664680567063	0.2609631243990224	0.2568593289302536	0.10815620731567036	0.3210146925493829
0.0477963675850788	0.24167959807335554	0.2608764807027018	0.11101504534707422	0.3386325082917895
0.05048843448249646	0.2628399041614021	0.27745275574360573	0.10096466760646824	0.30825423800602736
0.05251155548267705	0.22787643145369701	0.29573135706583625	0.09600186525825122	0.32787879073953835
0.049505814079084554	0.2712502061478381	0.23820836420045965	0.11370273437905562	0.32733288119356196
0.043289335688629804	0.261834239919037	0.30453840388850084	0.10921419705818114	0.28112382344565107
0.046237180597558325	0.27488396435289697	0.2692425357096519	0.10912087866954139	0.30051544067035135
0.0529679125308945	0.269781557475611	0.21821944858892267	0.11485794620077805	0.34417313520379367
0.044647204275754915	0.25801294809576847	0.27423043600255426	0.10804435959818788	0.3150650520277343
0.048099087789064465	0.28158922316071106	0.2155148359881785	0.10897327235442922	0.3458235807076166
0.0509672806019191	0.2670720898055366	0.2902237480210662	0.09483169203244343	0.29690518953903455
0.048159503439063	0.2700974187205136	0.2891086882975248	0.10975659775980154	0.2828777917830969
0.05219270641160623	0.22221754170554847	0.2545562627766668	0.10556072471227995	0.3654727643938984
0.05324569517885119	0.22752763973934695	0.2787114237428083	0.12234791117608296	0.3181673301629105
0.04552880682099447	0.22277816642752946	0.29635188521305733	0.11684002340405097	0.31850111813436766
0.04833530063542227	0.2436725576153409	0.26320604370087586	0.11644552857254777	0.328340569475813
0.054171653712890566	0.24844068844032408	0.28029502929750827	0.11414913482086154	0.3029434937284154
0.04174616412782284	0.22168631329714636	0.27940497075960724	0.10633203426509585	0.35083051755032757
0.04828833106139202	0.2414642492330803	0.27324327294781303	0.10393788617381426	0.3330662605839002
0.044427956363191856	0.2798084350280863	0.2742344082252035	0.11709114511744276	0.28443805526607546
0.04798288108311727	0.2595272377832778	0.29828457023362076	0.10648075423126459	0.28772455666871943
0.043866480461215995	0.2610168666249717	0.26036612061073555	0.10885266999885475	0.32589786230422185
0.0526188055268772	0.26973133003349836	0.24206781551355494	0.09702767200426406	0.3385543769218053
0.048264305767175275	0.25552866342941993	0.2763540613678221	0.11270683892341118	0.30714613051217143
0.044763164906091835	0.2636933090418607	0.2662339550280971	0.12175544371475533	0.30355412730919495
0.04560115578851309	0.23938476123472596	0.27626415819326544	0.09484830326644757	0.34390162151704773
0.048534862513662236	0.24458577802624273	0.28559912936505666	0.11902270965897266	0.3022575204360656
0.04626648168963449	0.25981260639495674	0.2238042793260396	0.12058720430169927	0.3495294282876698
0.04773018423025149	0.2627817412422024	0.28940312359602527	0.11453165638811671	0.28555329454340406
0.04674565817820098	0.2407810332620873	0.2716528639863225	0.10026267294686689	0.34055777162652223
0.051921792330009625	0.27896457057321944	0.24747019618476365	0.12239486007695809	0.29924858083504907
0.05326089835877601	0.24369957421670105	0.24095305203633954	0.12294559386195913	0.3391408815262241
0.04874416294230488	0.26017120473937533	0.2274047255923614	0.11356010152309107	0.35011980520286723
0.0420504864534296	0.2572523363749143	0.29378927516652575	0.10462984217255235	0.3022780598325779
0.047441377885279745	0.22182676018050698	0.28190504269897043	0.10689789413361232	0.3419289251016304
0.042619235811978406	0.22238562968777598	0.27148489732900494	0.09757940769814376	0.36593082947309674
0.051715886610400746	0.22397169944305712	0.2590279388230465	0.12235095344783428	0.34293352167566127
0.050921646139181764	0.26678318178989685	0.25633017347031206	0.1197841165048597	0.3061808820957495
0.05399698271073239	0.23319142363051493	0.2613413113514697	0.12487050706413431	0.32659977524314854
0.041549269316967785	0.2383239188732123	0.28763432373277975	0.10044214195060593	0.33205034612643414
0.041399591561250226	0.27797018670976215	0.22812069812365748	0.09559504658032811	0.3569144770250019
0.05098258975260486	0.26864092713825544	0.2867514607280222	0.10112728110807755	0.29249774127303985
0.0449917987160946	0.27537840992929047	0.2501848681860299	0.1003270400109238	0.3291178831576611
0.04288946692422346	0.26618412026193133	0.29012080223262193	0.10555301089765663	0.29525259968356654
0.04618959180097232	0.25403031881534505	0.28058191717519854	0.09663668304630288	0.3225614891621811
0.04351551067981624	0.27601218744634254	0.2582960477962886	0.10735146901769749	0.314824785059855
0.04138252634303527	0.2665284896224838	0.2704749072119721	0.11144771800088557	0.3101663588216231
0.0538633818729021	0.24262116347024548	0.2794458263759457	0.12382687191234201	0.30024275636856457
0.05393566164729269	0.2641466354886433	0.2824019133386417	0.09495508780117663	0.30456070172424554
0.04728155445666474	0.2829573370241074	0.26193741177249896	0.10686207842250448	0.30096161832422424
0.05223095374740144	0.2753498288857979	0.2713204142664999	0.10054178853604738	0.30055701456425327
0.04579029834909351	0.23351849841420846	0.24352374924452275	0.11357650116703194	0.3635909528251432
0.04812509747816257	0.24664494615661814	0.2415340218942754	0.12044323760315537	0.34325269686778836
0.04321642185935637	0.22232375046477176	0.2946394680212968	0.11264605220822012	0.3271743074463548
0.04376959914174161	0.2759500741947265	0.21964315402809192	0.10603797243476881	0.35459920020067104
0.04588122673853659	0.25884526163157606	0.2940357705235351	0.09739826060955509	0.3038394804967971
0.04560264104884992	0.2537308956313939	0.2491807805498738	0.09932387867908957	0.3521618040907927
0.054256548010999606	0.22822269800943432	0.2953631221415928	0.10122596251774918	0.32093166932022393
0.044671968351037206	0.2706970051877753	0.2499545350189462	0.12017204177514841	0.3145044496670928
0.043033849721994644	0.24776424368264094	0.2959575090418422	0.1204737090413645	0.2927706885121576
0.05356075070559152	0.2785788446226372	0.26664904824610647	0.12098079568996212	0.2802305607357025
0.04792357711196443	0.2656994268786994	0.26180699009297537	0.11952732986849982	0.30504267604786084
0.04708414139084002	0.2329120602261487	0.2787785266219579	0.11698812744070605	0.3242371443203472
0.05031031501938854	0.27806009651886576	0.2748649530506986	0.1161353490880079	0.280629286323039
0.047881228574990886	0.2769848844130337	0.2653139924580286	0.11446953463250281	0.2953503599214439
0.05056875055887636	0.2719380461061698	0.26751153208631157	0.12245932340290133	0.2875223478457409
0.04437808024701212	0.23715100794605165	0.3008100974814678	0.11131402436558036	0.3063467899598879
0.05316850362227066	0.2611899470345502	0.25276255390278213	0.12419540815130786	0.30868358728908907
0.042910984188324924	0.23000290956470054	0.3033894207793547	0.09724943953534679	0.3264472459322729
0.042796836050292	0.24136124932194375	0.2917662426825347	0.1223949749413178	0.30168069700391165
0.04995650606622659	0.22190838079501893	0.3003494097274364	0.1052890271614183	0.32249667624989975
0.051978829676831095	0.2576047615160535	0.25366127213649775	0.11578934851543211	0.32096578815518545
0.044019252411041765	0.23751212134534078	0.23410303672319965	0.12240490466536708	0.3619606848550506
0.05208894228605146	0.27450719859310363	0.2039603960284345	0.11895149510690883	0.3504919679855014
0.052411848734683075	0.23318640396186893	0.2653391781608283	0.10667010901955234	0.34239246012306723
0.05343069897505004	0.25113049096071394	0.2587710849426781	0.10088756219663429	0.3357801629249235
0.05349880662335696	0.2789649224537998	0.24521611078371075	0.11879855695275131	0.3035216031863811
0.04578327104270699	0.2722316036201233	0.22958364981387017	0.12022226249079787	0.33217921303250153
0.045698186727659074	0.22273335185864457	0.27478814350999214	0.09856711079383096	0.35821320710987314
0.04316325488736206	0.22879808385522266	0.2974774183482306	0.10010517141449882	0.3304560714946857
0.052388015853379294	0.22340820078908558	0.238555515559617	0.12254706147463276	0.36310120632328524
0.05198273299970263	0.2405938406892567	0.22986109395499071	0.11805309697668587	0.35950923537936397
0.04872169142563995	0.2693538801983797	0.24664777056050174	0.10168254727351739	0.3335941105419611
0.04305630288261508	0.2360378085989986	0.24396314300712402	0.11421578498579707	0.3627269605254651
0.052833931295402675	0.27285180953083993	0.23797966244759064	0.11231850365628698	0.32401609306987966
0.051343886521340254	0.2489533146896381	0.2955258536177856	0.12165263089537898	0.2825243142758569
0.04748361337436391	0.2744264596519709	0.250969944573101	0.10584904940294991	0.3212709329976142
0.04699656290171289	0.2664435115880788	0.2704819168555954	0.10732109956696897	0.3087569090876438
0.04230078313375696	0.26603042025261703	0.2219936251601269	0.11887350827431142	0.35080166317918754
0.04382642091781955	0.28243655890070096	0.2782331479485854	0.1137933367294674	0.2817105355034266
0.04450686743292426	0.27178994554046954	0.2208261082851512	0.10381413274978857	0.3590629459916663
0.048359982084509645	0.24366476347007568	0.2503726431186952	0.10543618112934275	0.3521664301973766
0.04802680318898317	0.2238044445564576	0.26070121840282906	0.11454236875763953	0.35292516509409055
0.042534403490568085	0.24306413921584197	0.27682500375828556	0.12032101467601071	0.3172554388592936
0.04786932987339604	0.2405140663988738	0.26534567360964634	0.10897873889949912	0.33729219121858456
0.047046263232116664	0.22690751782884297	0.2920809649931029	0.10811102718421958	0.3258542267617177
0.046727070740688936	0.25762790154812254	0.23705891060317788	0.11519544716629307	0.34339066994171746
0.05384284080924484	0.27189673384055835	0.2108173027720265	0.11765886930559205	0.3457842532725781
0.04122132040682153	0.26492672546906865	0.21104688085448325	0.11834416728420663	0.3644609059854198
0.043696185094250106	0.22915462880879753	0.29660998440746944	0.11469146927110668	0.3158477324183761
0.043488715444721965	0.24461120566353617	0.27349244456925736	0.11959879432204827	0.31880884000043613
0.05206415799706404	0.2821868219129261	0.21969340407939855	0.09915436172460275	0.3469012542860085
0.04163455218097137	0.2423180666118394	0.26826761342407385	0.09958774575414209	0.3481920220289732
0.04323763177595405	0.265762382932792	0.28681570523834626	0.11298276975255546	0.29120151030035213
0.042773998535247215	0.2685139740210157	0.21067700142598736	0.12375003703458815	0.35428498898316146
0.05132701633284187	0.2368434574757659	0.23565202523923456	0.12109500485241954	0.355082496099738
0.04506453410737013	0.26996367311090086	0.22031427324518393	0.10740176773143026	0.3572557518051147
0.04300883158916796	0.26893901488123284	0.24536482402885165	0.0949640980706897	0.34772323143005773
0.04440228557937492	0.26466986996001	0.2573572221179758	0.11371293497591317	0.31985768736672604
0.052243852014557834	0.23204599575331597	0.29790256973512175	0.11948855504284978	0.2983190274541545
0.05301297723151985	0.27803800939219947	0.21610251969635666	0.09626261107154158	0.35658388260838236
0.04122766659067095	0.2216931830481768	0.29537040123492353	0.09546608513463688	0.34624266399159176
0.04574496880079296	0.24297930067980525	0.260057003457021	0.09796633162644666	0.353252395435934
0.044489690566194146	0.24152572343588	0.2322563776493824	0.12005094559845782	0.3616772627500855
0.048671150926576034	0.2520218769857756	0.21256436640804788	0.12121763356497675	0.3655249721146236
0.04330503773327252	0.2811063171407142	0.26222560421650287	0.12199578723799234	0.29136725367151795
0.041089029620218154	0.23443465329996668	0.2569344654275591	0.12496381790933414	0.34257803374292184
0.04183906331173348	0.2547026342053258	0.2518302940792013	0.11503173059683569	0.3365962778069036
0.05051211503536304	0.22634546480396794	0.232288576963525	0.12456906852110847	0.3662847746760354
0.0448440501707896	0.22650456527423668	0.2906843734121175	0.0943204501625	0.3436465609803561
0.04357676120972709	0.23570108014757382	0.28180099443703505	0.10921379299447553	0.3297073712111884
0.049876135288168755	0.22492060152784774	0.272048613879223	0.10703455989049569	0.3461200894142647
0.04785250528463192	0.26439061963410315	0.2918323774218185	0.1017719410570947	0.2941525566023516
0.046678136756879374	0.24767470320154306	0.30411706664581384	0.11174924716947585	0.2897808462262878
0.044987247868469055	0.2736936821970143	0.21146330107673564	0.10866671331823279	0.36118905553954817
0.053886472259671664	0.2594079713784648	0.26971705101553956	0.1124973799819928	0.3044911253643311
0.04241116110027149	0.23684641336201998	0.28897231079051616	0.12442267941819421	0.307347435328998
0.05087608785895548	0.2597465396500328	0.2985758209429107	0.09765304269037689	0.29314850885772403
0.045022883500021704	0.24343511034115453	0.29122022278762033	0.11179506266693688	0.30852672070426646
0.04167281855526053	0.22796745530800666	0.28851606909054056	0.10623802854753511	0.335605628498657
0.051213709196792634	0.2752555978995166	0.22274236074327952	0.10487535026889615	0.3459129818915149
0.04422102210054163	0.27001166399933163	0.2365287369811429	0.12105433531190492	0.3281842416070789
0.04462799295828074	0.24473954677616944	0.24100139304703028	0.11781046173332926	0.3518206054851901
0.04979464605450801	0.27804003925231957	0.27812918990484625	0.10331354136870113	0.2907225834196249
0.04785748977654397	0.26162706912719813	0.27155393237671166	0.09524592921695266	0.32371557950259344
0.04975581451572439	0.2675947487200706	0.2804474889132778	0.11335107880906467	0.2888508690418624
0.042121355974400254	0.2696859294155528	0.2992335506940096	0.10251360630002014	0.2864455576160171
0.04604235291506281	0.25018452740299435	0.282719002758648	0.11300252227202212	0.30805159465127263
0.05413568429720039	0.26571912775491313	0.21019950945621843	0.10789536553501415	0.3620503129566538
0.04194584810971996	0.26969431372979147	0.2918960306105889	0.11008643523495863	0.2863773723149409
0.05435795872309118	0.2586219878528011	0.2760749998680374	0.09707544977606253	0.31386960378000767
0.0469532320871785	0.2413057201465295	0.25220978970562274	0.1116795587149271	0.347851699345742
0.04237496148374692	0.2800503803074277	0.2647882086043412	0.10104510081370335	0.31174134879078075
0.04295231186051812	0.2320940802095738	0.2866368454935917	0.10669288518762671	0.3316238772486896
0.04829233164823504	0.2362917965507169	0.2845788425557294	0.10862095783481107	0.32221607141050745
0.05352344746049498	0.24343190301026119	0.24127742776180872	0.10199780263901856	0.3597694191284164
0.043857558690035964	0.24745217181856916	0.25442441924875936	0.09940906090694854	0.3548567893356869
0.04336628232673195	0.2810164470100738	0.22658162742856744	0.12224240473864455	0.3267932384959822
0.04690500256874036	0.22419038857881676	0.3024113618686961	0.12214342116211409	0.30434982582163256
0.0412110412389583	0.2505052632359401	0.2201285908647779	0.12463976540310273	0.36351533925722085
0.04311747858581416	0.25230189065704883	0.2321777406096364	0.11633255679958453	0.356070333347916
0.05223847161137685	0.23058930459463003	0.2901727621476894	0.11918143593290348	0.3078180257134001
0.0542580065723528	0.257557105495293	0.23084252652075	0.11485754606561313	0.34248481534599096
0.0500942510054585	0.2745427455757162	0.2161255390982092	0.11075202781719	0.348485436503426
0.04272273723031553	0.2635287176453972	0.21351427082141336	0.1140253753474199	0.36620889895545394
0.043477175414523256	0.27161740654258554	0.24854943609319202	0.09690500498798929	0.3394509769617098
0.04543046261003325	0.2278987691427688	0.29190150834408507	0.10210521848870252	0.3326640414144102
0.053277344068872384	0.23846160523370785	0.30021345530385035	0.11150601740564219	0.29654157798792713
0.05426860014924789	0.27247079975132393	0.21396191458871847	0.09893044407184909	0.3603682414388605
0.05114695562664673	0.22069165109756095	0.2492444958693373	0.12145541476668574	0.3574614826397691
0.04755447586024478	0.25297775232300945	0.21342575173775105	0.11989273006081033	0.3661492900181843
0.04992577041205881	0.2653757779027854	0.2141522454071359	0.11042140802966346	0.3601247982483563
0.052224428911263276	0.24014066800588332	0.300537733661951	0.098708252549541	0.3083889168713613
0.04846378179471961	0.23559967183196437	0.27291284166495966	0.10838724728728424	0.33463645742107206
0.04142736877504061	0.2741864691775004	0.21375880176072945	0.1201640674769465	0.35046329280978294
0.04948147542636738	0.2630615194287597	0.20893841541878344	0.12322163133343707	0.3552969583926523
0.046952920932737285	0.2644605552098488	0.28761541824796594	0.10215150425214596	0.29881960135730196
0.042461604952969634	0.2574704484650301	0.2758865098084018	0.10619069007838429	0.31799074669521404
0.054025942941876876	0.22725453372339072	0.242903402308081	0.12185995485976317	0.35395616616688813
0.04967644939225954	0.2562422461027214	0.22697630785645592	0.11873367578216106	0.348371320866402
0.0512156140924509	0.25735480693582663	0.23639918707710347	0.11162859003136938	0.34340180186324953
0.050470532493998854	0.25981324641330905	0.2868315506337595	0.09858057892296908	0.30430409153596344
0.0439818545355945	0.2448946796183889	0.2983667430196352	0.10641036092328748	0.3063463619030937
0.052595567626146644	0.27947283485628305	0.26941801200103355	0.11540316221448133	0.2831104233020553
0.053834769329744986	0.25621392726518316	0.2944141131704584	0.11462988702711005	0.28090730320750323
0.0455011915316062	0.22812766251215988	0.29068132057709506	0.10625348651202901	0.32943633886710966
0.044932188105846205	0.23817472989466465	0.2778342878069484	0.11338154252085791	0.3256772516716827
0.05396493176953615	0.24370965205275164	0.2188477319485309	0.12077047701370988	0.3627072072154713
0.046367332194749644	0.2627137788829985	0.22162066791164475	0.11056385349405307	0.3587343675165539
0.05085012276479611	0.22442207451628046	0.25572055774174307	0.11772971995830644	0.35127752501887377
0.04923140899595563	0.26714851916724186	0.20876566134119323	0.11458041622381464	0.3602739942717945
0.05310420448105316	0.23402418661755223	0.25619002549802167	0.12488200192781149	0.3317995814755613
0.04832876742920261	0.27783622201284525	0.2108827322813756	0.11321925545109868	0.3497330228254777
0.04112349420243114	0.24186322597255672	0.279910226188955	0.09535886958646557	0.3417441840495914
0.04686361793779628	0.27305301299243867	0.225062593132194	0.12329977496537312	0.3317210009721978
0.04855454242646462	0.2639039631651107	0.2677203372593068	0.11300296377320429	0.30681819337591354
0.053189569877020615	0.24685873317691087	0.23156069995814482	0.10498658698428365	0.3634044100036399
0.041815818780648134	0.2814106806390777	0.27255299278371825	0.10832826531947481	0.295892242477081
0.04682323483413464	0.24009562057338157	0.3032487714953157	0.11492744789586373	0.2949049252013043
0.046897962547636146	0.2711292124361398	0.2165442878327815	0.09951760356743786	0.3659109336160046
0.04266249810775319	0.2309275452882798	0.2591779934858021	0.10981098459607165	0.35742097852209315
0.04738948046920555	0.22204136605009273	0.289968083828449	0.12053640134480235	0.3200646683074502
0.045842590579347586	0.27297870297001725	0.28194522489959056	0.09655044426135566	0.3026830372896888
0.05061468330465857	0.2574298958470257	0.2254311924123284	0.11516776767786405	0.35135646075812316
0.04949515769053359	0.2812366799205092	0.22475328906562916	0.11411827520572443	0.33039659811760347
0.04863161087584722	0.26699007785635465	0.2558301452890936	0.0975409858698757	0.3310071801088287
0.05221934977196743	0.22297776674057151	0.26609612496897084	0.09462032810323195	0.3640864304152581
0.042748461493418155	0.2587137655016458	0.2941541184057378	0.10950953800089208	0.29487411659830604
0.046128212569785054	0.24025002962101508	0.2370873928061228	0.11199550343980189	0.36453886156327503
0.04383966231513575	0.25945712218997935	0.28789375862641486	0.11051568453225222	0.2982937723362177
0.04616674882724933	0.2651259269064245	0.2503659035531471	0.10201591805476007	0.3363255026584189
0.046820622193507855	0.25327000654789994	0.2851385931843021	0.10027849347545217	0.3144922845988378
0.05039495443983827	0.2654308684402	0.2149585130136762	0.12132748094701364	0.34788818315927184
0.05379828394986186	0.23463287434656785	0.2630216901922708	0.10093845833392716	0.3476086931773722
0.048507494085017505	0.24423804991363218	0.29684917432534186	0.11396482334289187	0.2964404583331165
0.05353222617830633	0.26751527356668925	0.22953744957029615	0.10310883269633406	0.34630621798837413
0.05364037215876599	0.26305183432816737	0.24118355583357418	0.10848549783181397	0.33363873984767833
0.04895023486007383	0.26978280614321115	0.21717394188646114	0.12196712963736717	0.34212588747288664
0.04914897214529293	0.26904402394347915	0.21461362034790937	0.10735583349746083	0.3598375500658576
0.04273807001306379	0.25696985722109966	0.24279819366619287	0.10448228203556156	0.35301159706408203
0.04806052008939565	0.22568354196159252	0.2805877534478215	0.10226954082140424	0.343398643679786
0.054237962212715984	0.2505155065113348	0.2511926227260962	0.1238171338669659	0.32023677468288686
0.05259567704538626	0.2599608359410303	0.20949217317209887	0.11772438853774947	0.36022692530373496
0.0448779380835973	0.256990990182262	0.22654053308152466	0.11802563094012629	0.35356490771248966
0.04593811537588954	0.2659955514749266	0.29545520105187756	0.10431990479940938	0.28829122729789686
0.04188204424074482	0.265567568803202	0.2316472572576039	0.11968097816738679	0.3412221515310624
0.0410937399906427	0.2714137331250346	0.24134697659758675	0.11785868785890853	0.32828686242782734
0.049357996274093874	0.2814475709550702	0.280528320189636	0.1047793958449905	0.28388671673620924
0.046550340101607024	0.2557486815079113	0.24027521951531317	0.10331275597142778	0.3541130029037406
0.05105892381751653	0.22652340629041082	0.2893386076804602	0.12148412325763872	0.3115949389539736
0.04512312928274209	0.2644317777671701	0.2994274185429277	0.10784785946921804	0.283169814937942
0.046550368525542674	0.25757133384668296	0.2322013168442334	0.09753686710485474	0.3661401136786861
0.05032751520154094	0.2407134112543269	0.25048538249029145	0.09520166423408757	0.363272026819753
0.04179320762455596	0.2658892945327669	0.20956810695657635	0.116797131428648	0.3659522594574527
0.04577970480428084	0.22446692601537854	0.28378931745118696	0.10123240328507702	0.3447316484440765
0.05086594397403371	0.2244945451267166	0.3017973943052422	0.1014719424986022	0.32137017409540514
0.046438394421180085	0.2546915367180156	0.2378781715734566	0.09495858008819716	0.36603331719915044
0.045969058198464835	0.2681019918127274	0.297302955496364	0.1110471060914987	0.2775788884009449
0.05254511479930274	0.2806714628950384	0.2571580159813556	0.1028184349016836	0.3068069714226195
0.04100766596821026	0.24423698775382668	0.29811901939943464	0.09891219890933431	0.31772412796919397
0.05241110814453506	0.2343528397095208	0.2645588498853801	0.10979294881482361	0.3388842534457403
0.049596713300539386	0.2619507418423181	0.27576918529086564	0.10619216183496646	0.3064911977313103
0.05383932864242197	0.269808583179485	0.2294896943122434	0.11183381418479166	0.33502857968105787
0.05329157006932336	0.24783860836295063	0.24824702468217913	0.10168051827060987	0.3489422786149369
0.054209107283973906	0.22153207440709882	0.2824296144858178	0.09473075307447199	0.3470984507486373
0.04862776550447387	0.26309322676486957	0.2283128172573355	0.09480604977105475	0.3651601407022662
0.04821221133262715	0.26055655665382704	0.22325072743661128	0.11395929359250064	0.3540212109844338
0.04868748076961665	0.226227137684466	0.2610316449263321	0.11193620878702756	0.35211752783255756
0.04975005926723927	0.2542889959815282	0.24069759192718526	0.12385573540960564	0.33140761741444147
0.05420873345956423	0.2442562362266536	0.24753797286337284	0.09535836433333192	0.3586386931170773
0.054169381949484674	0.25695726996866536	0.281035916346268	0.11989094367658597	0.2879464880589959
0.048687273703705986	0.2638462629737791	0.22587676911990479	0.11672056301542663	0.3448691311871833
0.04375408900631231	0.25228760490413005	0.278463461999051	0.11952615420360964	0.3059686898868969
0.05327082008509612	0.22946111306860517	0.2928858311588062	0.12294440162095042	0.30143783406654195
0.052879978129086874	0.236313508365386	0.25293739904909873	0.10062158899038572	0.35724752546604255
0.05181772660975034	0.27149959969671406	0.2829509939152884	0.09577844629853176	0.29795323347971536
0.04421029540411062	0.28157745836026765	0.21747524232657833	0.1045543228715978	0.35218268103744543
0.04479955346278533	0.2690075451416525	0.2785909217056306	0.10224251727925696	0.3053594624106746
0.043540684436698895	0.23547492258824537	0.28560739594341483	0.1070022092377496	0.3283747877938912
0.048376132011167305	0.22461286630021637	0.26435249272083944	0.11859723147502624	0.3440612774927505
0.05392714858768968	0.25167665018035923	0.3029563926476262	0.1130473916872528	0.278392416897072
0.05010106174097706	0.263931249205693	0.25728868924457476	0.09573695539381236	0.3329420444149427
0.0501246072221922	0.2400350923341313	0.28518590279193423	0.11962349643760146	0.3050309012141407
0.05346630684989956	0.26503113999325095	0.28935281825957204	0.10827590199731299	0.2838738328999644
0.047082504849068396	0.250624181745589	0.27516498408479473	0.10619665464752119	0.3209316746730265
0.05076937400895237	0.27319705555597806	0.24286132539884409	0.10022448936352507	0.3329477556727003
0.04420374845106939	0.25720596071168733	0.30034062091762836	0.09473778677704608	0.3035118831425687
0.050931975429097276	0.2546182480342304	0.23848996033540587	0.11639656594553643	0.33956325025572986
0.05292057719532259	0.259812049522832	0.2152370584707953	0.12344539923193708	0.3485849155791129
0.050126571295462385	0.25293816964048454	0.2933514531334675	0.124068620133886	0.27951518579669943
0.046354909717346515	0.28160824388831135	0.2186516615831853	0.10605742215736871	0.347327762653788
0.05056933210974007	0.26818806006534146	0.2546055253342478	0.10700390867088412	0.3196331738197864
0.0434892777014686	0.24822576912788724	0.299062920389625	0.10032071926315274	0.3089013135178663
0.046924176014392915	0.23962404221971478	0.2820705064477284	0.12475240358567853	0.3066288717324852
0.044268910013317314	0.2757455885933603	0.2909630538074951	0.10090650101070715	0.28811594657512
0.04162036592594992	0.24187338298528024	0.2880104676181428	0.09579326126124321	0.3327025222093837
0.04101544862707074	0.2573561189267571	0.2704900032721619	0.12336154739379107	0.3077768817802191
0.044460902491825494	0.2449135467304115	0.2665636269217203	0.1220365629208961	0.3220253609351465
0.053955906169448176	0.28306745586948767	0.213801349012591	0.10286864327029113	0.34630664567818187
0.04414689460210863	0.2212726226907982	0.27803645710532476	0.1049779732996284	0.3515660523021399
0.0429022858343851	0.22821672530419593	0.2874322459822525	0.10560975241750065	0.33583899046166577
0.044617935548768806	0.27532528833057573	0.27453444732657284	0.09523279293492072	0.31028953585916175
0.0457969285939015	0.25800565378200835	0.2863655897442588	0.10741927062825517	0.302412557251576
0.05207046257338374	0.24492998166763613	0.28770466505419046	0.10564676771287354	0.309648122991916
0.04127326221038288	0.26984636876818713	0.2928384373132863	0.10787373830806013	0.2881681934000834
0.053664754746771404	0.23897833741620295	0.2358406046875665	0.10876208350544346	0.36275421964401555
0.05013250765098448	0.2277711508482617	0.2980104108249063	0.10102125396896915	0.3230646767068783
0.047810995142059665	0.2661613628813613	0.2648900784475313	0.11520067163472938	0.3059368918943182
0.052416587939694476	0.2242362703964763	0.30244944881224495	0.09999968940434861	0.3208980034472355
0.051012298451961646	0.23349276110616574	0.27505455739537155	0.12308392034838653	0.31735646269811446
0.05375062494090671	0.27883703386734965	0.23043753624107588	0.10742997323024073	0.3295448317204269
0.051384500255114096	0.2529892409338861	0.27084966350484013	0.10568223337751002	0.3190943619286496
0.04766625405982622	0.2598895854910802	0.2881668420549212	0.10940535847551011	0.2948719599186621
0.04677785560950071	0.24120132501836633	0.25438720275044996	0.10337242194345928	0.3542611946782236
0.05368322201505282	0.24988601726899853	0.2369389193334598	0.10832885672941162	0.35116298465307705
0.04861208094977293	0.2674475374120474	0.2534257459882658	0.11638094166734408	0.3141336939825697
0.04173339084554964	0.2568239681666899	0.27153238286646014	0.11642622931214625	0.31348402880915394
0.041066644758046444	0.266897473673662	0.2301106964133702	0.10362944108269495	0.3582957440722263
0.04538854722578001	0.22492081171022535	0.2702913523880115	0.10496331207975126	0.3544359765962317
0.04944267524284124	0.24537382452799045	0.26736444327014613	0.10771911853523898	0.33009993842378305
0.04938052874221288	0.2511165853437074	0.24157456494982443	0.11555082410219164	0.34237749686206354
0.05425305736323083	0.22556924617176216	0.26499315816392854	0.1161149344687182	0.3390696038323602
0.05108700794665216	0.27639032373196937	0.2850305449208628	0.10139347440974457	0.286098648990771
0.05328465827547943	0.24529967325007018	0.2301051915745226	0.10496062191150025	0.36634985498842737
0.04744541927848084	0.24669306750211217	0.2469333794961306	0.10277350550583675	0.3561546282174396
0.045730427884209	0.2716493178446153	0.22910483122511452	0.10743291921745761	0.3460825038286034
0.048715970935081926	0.25299838276134273	0.2637183552148257	0.12343648785407291	0.31113080323467657
0.04165723984449743	0.28310919620180586	0.2672311884815917	0.12364047067550107	0.28436190479660384
0.04450049888571905	0.24781066429216916	0.26605100887544286	0.10590123265850186	0.33573659528816696
0.053186962454918385	0.24733077764426203	0.2790847640259297	0.10540123704991267	0.31499625882497706
0.052471631643267985	0.26946438172208786	0.2500108022245497	0.11733671055625736	0.310716473853837
0.0494948906372733	0.2640924031522779	0.22329724981628632	0.10906588181982574	0.3540495745743366
0.045223568625143984	0.24916255056469633	0.2238066125631477	0.12162372964239206	0.3601835386046198
0.052036506378656255	0.25694828734962405	0.2404203111443543	0.10150266378359295	0.3490922313437723
0.052648947622118525	0.26287386228704696	0.24314104764509203	0.10050449747479791	0.3408316449709444
0.04453648768903301	0.2681762299957222	0.22398278714468117	0.12485821539901672	0.33844627977154673
0.05174038981539375	0.2540170938904892	0.28016785054179616	0.11824023963655299	0.2958344261157678
0.05278068417391937	0.23326547173060913	0.2810785418406729	0.09760245773912951	0.33527284451566897
0.05179189890597441	0.2549150131382816	0.2523879298380506	0.10421716967364594	0.3366879884440474
0.04712170319226672	0.26630760741853887	0.231484392434458	0.10887896858577129	0.346207328368965
0.05123199743356588	0.22376673950488035	0.28626317153083863	0.11540264004100308	0.323335451489712
0.04996158452935576	0.25581256937515645	0.25371505088029855	0.10372343076626252	0.3367873644489266
0.04645962631304995	0.2683505119768018	0.2734690012973422	0.10886444813131907	0.30285641228148685
0.04884773002376516	0.25240535790086943	0.25168442803287283	0.1038359318714595	0.343226552171033
0.04502203998451429	0.2708298715163457	0.2882775530764091	0.10684686442221894	0.28902367100051185
0.04534071193552061	0.25575658415650215	0.2363222466438304	0.11364571523175084	0.3489347420323959
0.048363625658813136	0.25555503388002876	0.26583845045138876	0.11943243606422808	0.3108104539455411
0.04427186409319625	0.2700635001794364	0.2797881548643893	0.11043703531561706	0.29543944554736085
0.05327881276738916	0.25004030633958013	0.2694873331539782	0.09923901010528477	0.32795453763376764
0.050431889200988816	0.2439600823912833	0.2502226732498426	0.11657056861512201	0.3388147865427632
0.05157066779719788	0.22048418710181414	0.2807336426666923	0.11989698265004983	0.32731451978424575
0.04786243600322612	0.22403768475090302	0.2979863577428503	0.1127298872348462	0.3173836342681742
0.05040166356185735	0.27544956531569764	0.251765911153525	0.11028461009490312	0.31209824987401674
0.04794892076478818	0.24227782097585954	0.26104909229427825	0.10654769367619416	0.34217647228887976
0.05180248988042069	0.2374546904544865	0.3005056885726034	0.1249640977789935	0.2852730333134958
0.053421295527672163	0.2813944964771816	0.2935923973339518	0.09485450741846227	0.27673730324273205
0.04222349123279934	0.25123384199180626	0.2948549878469385	0.10186927953889394	0.3098183993895618
0.05020887239848518	0.260311591605181	0.2783743021111892	0.11897367016397312	0.29213156372117133
0.044873804043043974	0.2597739509915519	0.27577801417697956	0.09455856694660841	0.32501566384181596
0.04629594498826495	0.2593631438440177	0.2808127869898777	0.111429454306445	0.3020986698713945
0.04314238861319242	0.25280118263292556	0.29961392520254837	0.09703215459655734	0.30741034895477626
0.05044395917637767	0.2732733370621492	0.22428747047232128	0.11509536954887695	0.33689986374027486
0.04586498170326031	0.2699946787429618	0.22348428615327293	0.09581743619981017	0.36483861720069466
0.054368229546728264	0.2812092343305844	0.22102455838692509	0.11685618897436713	0.32654178876139495
0.04522846169150238	0.2279220188783284	0.30224572819218126	0.10624246771097957	0.3183613235270083
0.05012816838968226	0.2596923067805211	0.21849349657614955	0.11524614312694449	0.3564398851267025
0.04435167084456909	0.23458954196807097	0.26193897397533894	0.11268891839732416	0.3464308948146967
0.04900531749567899	0.2763094271588866	0.21569405889537757	0.12102396582360811	0.3379672306264485
0.044235753899528885	0.27286981290228474	0.2634330322748155	0.1170204194481949	0.30244098147517584
0.04227346192427264	0.2524673172588937	0.27808345147069985	0.12021423546460125	0.3069615338815324
0.050086286020541715	0.2642078794233601	0.2782777142919678	0.10126615310290425	0.306161967161226
0.04268881995625304	0.25801259481077027	0.26678198967393274	0.10836225636809624	0.32415433919094766
0.048662302257849094	0.2280124339820286	0.23773203147302432	0.11953325015822462	0.3660599821288732
0.052264609233326015	0.27813379381993486	0.2631200611290847	0.12381130212418034	0.28267023369347394
0.05077279586699085	0.2596024855059534	0.2719329347939088	0.11788394335626834	0.2998078404768785
0.054168831801901296	0.2644400450670811	0.22247334599688026	0.11258580886256102	0.3463319682715762
0.04333153084571223	0.27658753514678397	0.2376036693920586	0.1110661458054247	0.3314111188100204
0.0504644074799247	0.25260890357677707	0.24717075334434827	0.11560495039026614	0.3341509852086837
0.04903642731737978	0.2814248837901968	0.20832853141687346	0.10580310463417741	0.3554070528413724
0.04845325348687485	0.2565459417009183	0.24789506217088342	0.12040308670990743	0.3267026559314159
0.043599250127548284	0.27159438713137163	0.2659836018097328	0.09532650320664432	0.3234962577247028
0.052810627519525366	0.265012085153882	0.23078907057797948	0.11375087105824506	0.33763734569036796
0.0496354404324994	0.22769874653336208	0.28483767487268713	0.10314082399620675	0.3346873141652445
0.052967795458157885	0.2426067985391208	0.263948380353609	0.1160089922186602	0.324468033430452
0.04842771924962985	0.2512774096830308	0.29042312427846256	0.10206268356992454	0.3078090632189521
0.0431100342747002	0.27461060887551847	0.2824331974387326	0.11357394718640249	0.2862722122246461
0.04670320963405278	0.23431634625713343	0.27102516756070216	0.11996809979052492	0.32798717675758654
0.044781409950466755	0.24360193766199206	0.2726048537801355	0.12038998350267431	0.31862181510473125
0.04795623091158019	0.2656990391250863	0.28888395086124097	0.11700116043960906	0.28045961866248337
0.048904553343132845	0.27179840601999705	0.22095527270028836	0.09563845596653262	0.362703311970049
0.046670473592511696	0.2247701079658912	0.25992512143147023	0.12304297509210087	0.3455913219180259
0.042667274991120885	0.2770701481215239	0.2201699834364371	0.1084413494025282	0.35165124404838977
0.04161260999459482	0.25086502764496754	0.2955702966476567	0.1107679618569608	0.30118410385581995
0.04733532715794636	0.2223181329317261	0.24467192435100793	0.12306389304898568	0.36261072251033377
0.05146993235022479	0.2696601403293249	0.23249734702628494	0.10969504617322652	0.3366775341209387
0.05406182805644416	0.2683681075019784	0.2823370098226817	0.10110875397285123	0.2941243006460444
0.04431166127119504	0.2732849133385907	0.25375041754654626	0.12243153277313613	0.30622147507053177
0.04900045492265942	0.23824712611828405	0.26352351047826383	0.12411085395735769	0.3251180545234349
0.05295213302787047	0.22526598541154805	0.2431314262017617	0.11663576491886735	0.3620146904399523
0.04716743157344813	0.2691597665589883	0.2776006851841766	0.10850348641923108	0.2975686302641558
0.04269504751578418	0.2225630600892479	0.2548305756401724	0.12455797456351456	0.35535334219128084
0.0423321081152046	0.2617427200327627	0.26186806445404776	0.1236962387486855	0.3103608686492993
0.053116919499559934	0.23775469890864548	0.26381671026789966	0.10422266924736999	0.3410890020765248
0.05171546352934986	0.2658224266632096	0.2590396130654312	0.10665270874281046	0.3167697879991987
0.042491416018745065	0.2591044305495894	0.2526751929433991	0.12065840335389921	0.32507055713436706
0.04504807829230312	0.27176959124443023	0.28256573084082115	0.10326224532299207	0.29735435429945334
0.048953324356021094	0.2737106764002178	0.28185813788304803	0.11451822820040451	0.2809596331603084
0.04181584865420385	0.2715717551858874	0.2701094090669388	0.09758770116770756	0.3189152859252622
0.05273439870594854	0.2617229129679377	0.22357727481453316	0.11760708230678316	0.3443583312047973
0.04795063372562125	0.2768499178319575	0.2136667532933282	0.0973566405598741	0.3641760545892188
0.05288390179782701	0.2744313169177205	0.2765889378142594	0.11409921432502969	0.2819966291451633
0.049385278828787404	0.2378764932221163	0.2819890166221624	0.12247544100655464	0.3082737703203791
0.04596205365023254	0.25536191822848225	0.2799995116185334	0.10665938684415996	0.31201712965859174
0.04988706701749018	0.25857236649591	0.25515026822805564	0.10393872359876409	0.3324515746597799
0.04777018483487808	0.24226157187753494	0.22990762160738407	0.11486001630204909	0.3652006053781537
0.052087610520366645	0.24508385736426985	0.2509420878516712	0.12259278165757025	0.3292936626061219
0.04569050079157455	0.27396853295436363	0.2639878986850139	0.09665285276387478	0.319700214805173
0.053889166345498285	0.2433933206836148	0.273110232211752	0.11439023164992063	0.3152170491092141
0.050946373514910354	0.25742100273437807	0.23634054877989386	0.11580889515325703	0.3394831798175606
0.0439325243676808	0.23432564784162674	0.2776237176955559	0.09929630723568669	0.34482180285944974
0.05073272561994385	0.26035941126594225	0.2431157387090775	0.10946836327029581	0.3363237611347405
0.052470521188760166	0.28330641929653755	0.20941387559866656	0.10449286741062695	0.3503163165054087
0.04943089225311145	0.27074516557705225	0.22027733640557604	0.10002114866444047	0.35952545709981965
0.05044550282473492	0.25331071114244585	0.27428858714286397	0.11588681596779044	0.30606838292216465
0.05163949245994803	0.27157213320171636	0.2404239735041539	0.10777003402617313	0.32859436680800846
0.04810027874243894	0.24849311356594847	0.3027830538890033	0.10437751326628888	0.2962460405363203
0.04798814406950902	0.27147778465932315	0.26665944856210666	0.11843617319722735	0.2954384495118337
0.0524969601471624	0.27248158432977676	0.25735124914204943	0.10267386917422627	0.314996337206785
0.04713832052839159	0.27927531151453255	0.251792225050022	0.11835947346242659	0.30343466944462716
0.04364288827378732	0.27161609686505805	0.24762209731507123	0.1004978357240988	0.33662108182198447
0.050917311008443766	0.2503647495432872	0.23682034877370411	0.11910894332262699	0.3427886473519378
0.04384476960965983	0.2279740060659119	0.2830256512007634	0.10121432559181903	0.34394124753184574
0.05115822305777548	0.2436334752507961	0.2764443388433699	0.10421403968937921	0.32454992315867914
0.04319015618988897	0.2714314420779834	0.2334635754305412	0.10664194739628197	0.3452728789053043
0.05434546016792105	0.2567204480438763	0.2709933659886784	0.12121889953221751	0.2967218262673066
