0.1582003400985775	0.3998585963949548	0.44194106350646783
0.1568117649238016	0.39910851946482506	0.44407971561137344
0.15877132783710968	0.396419493261167	0.44480917890172345
0.16263502642491237	0.3943473683129507	0.44301760526213707
0.15918258796471835	0.40037189062295087	0.4404455214123309
0.16194648782729942	0.39673715106845897	0.44131636110424166
0.16021727163439847	0.3981020158656729	0.44168071249992874
0.15846881111068	0.3996729154959807	0.44185827339333944
0.1561798175614696	0.39803080102961597	0.44578938140891455
0.15900129064105203	0.39648764951959736	0.4445110598393507
0.16357446541611226	0.39599508619351304	0.4404304483903748
0.15838096667991508	0.3991830267742787	0.44243600654580634
0.1626405553065035	0.39581400410870543	0.44154544058479117
0.16101345760757257	0.3960066898487159	0.44297985254371164
0.15964602752144758	0.39429857481039426	0.44605539766815827
0.16256704065552563	0.3972988615882861	0.4401340977561884
0.1596225654588152	0.3949525609225241	0.4454248736186608
0.16056734178567142	0.3979555309697656	0.4414771272445631
0.15830149972992716	0.4002114492961752	0.4414870509738978
0.16205185252576185	0.39536157426255114	0.44258657321168715
0.16119050552726588	0.39526621778543175	0.4435432766873025
0.15721508868164444	0.40020572453672276	0.44257918678163294
0.15891323884628822	0.3986840279774815	0.4424027331762304
0.16180542072727783	0.39673077111316674	0.44146380815955555
0.1612755406833709	0.39787661867202706	0.44084784064460214
0.1579946911337301	0.4001303665142175	0.4418749423520525
0.16039545929677057	0.3946031772096202	0.44500136349360936
0.15950032826087085	0.3949377762307948	0.44556189550833447
0.1637805468741672	0.3948766907586805	0.4413427623671524
0.15949436023209757	0.39807184154319786	0.44243379822470463
0.1600344701672059	0.39986030938279926	0.4401052204499949
0.156327777203974	0.39819037399780344	0.4454818487982227
0.16243588170041634	0.39450827621291784	0.44305584208666593
0.16304483701041042	0.39521559130161193	0.44173957168797773
0.15935911399783304	0.398244135936421	0.4423967500657461
0.16245117198167527	0.39717499617065805	0.44037383184766676
0.16024675895610893	0.39778965345016537	0.44196358759372584
0.1635483321860335	0.39561518488726755	0.440836482926699
0.1584430818715299	0.3994865334093678	0.4420703847191024
0.1637976183965405	0.3961016968126656	0.440100684790794
0.1571839835260786	0.39858898070521676	0.44422703576870476
0.1636878419798444	0.3955455251548544	0.44076663286530127
0.15787175268073234	0.3992139833830278	0.44291426393623995
0.15826288232529312	0.40012497089214233	0.44161214678256466
0.15931932093749063	0.3992321374425813	0.4414485416199282
0.16270278739937963	0.3958727204509737	0.44142449214964674
0.1589475597809465	0.39977654548030456	0.44127589473874906
0.15950736266872323	0.39695867847019284	0.44353395886108404
0.16354908016948394	0.396377628423767	0.44007329140674917
0.15999578367228048	0.3987203765195201	0.4412838398081995
0.1561276449140488	0.39984320130004464	0.4440291537859067
0.16029428418711356	0.3970847109201898	0.44262100489269673
0.16270132637204954	0.3970465788708675	0.4402520947570831
0.16118845602824566	0.39752402740104054	0.44128751657071386
0.15670431892961928	0.3996508961221026	0.4436447849482783
0.15678999864617868	0.4003980101679099	0.4428119911859115
0.15763199499528385	0.3969144315228064	0.44545357348190984
0.15885813427732423	0.40062264826826954	0.4405192174544063
0.16079229851682758	0.39636691263884544	0.4428407888443271
0.15866956345442174	0.3977514677340124	0.443578968811566
0.1575097151266262	0.3990050578150175	0.4434852270583564
0.16111885176494717	0.39427473503414084	0.4446064132009121
0.1593126637332804	0.4006642562320899	0.44002308003462987
0.16032122534595605	0.39610247981848334	0.4435762948355607
0.1571659538180657	0.3989639060070747	0.4438701401748597
0.1626139357017648	0.39448914461018364	0.44289691968805167
0.15848103588926754	0.3993426782101549	0.44217628590057767
0.15934946024674845	0.39843886042309773	0.442211679330154
0.16047036855457708	0.3983896464820813	0.4411399849633417
0.15829686666970244	0.39852462725612203	0.44317850607417564
0.1581391520479038	0.3975700362807364	0.4442908116713599
0.1610832919860894	0.3959375648398714	0.44297914317403936
0.16380313799666385	0.3944749236502312	0.44172193835310514
0.16052997857850765	0.3942978538094787	0.44517216761201384
0.15954342264708116	0.39610563830531453	0.44435093904760437
0.1627371638769148	0.39735092333089395	0.43991191279219144
0.16351110350613896	0.39441980107866614	0.44206909541519507
0.15782267607939948	0.39887213337804417	0.4433051905425565
0.16178293444012665	0.39683045679463835	0.4413866087652351
0.15914921616563413	0.3964921433853205	0.4443586404490455
0.15982491007068778	0.3956678727962007	0.44450721713311164
0.1601329295543817	0.39476500763818756	0.44510206280743086
0.1585893478163183	0.3989536199758493	0.44245703220783245
0.16345956345681797	0.3939454639350646	0.4425949726081176
0.1614234889208393	0.39833764492714774	0.4402388661520131
0.16313153288621066	0.39605537968628346	0.44081308742750597
0.16101322084827627	0.39794772646090104	0.4410390526908228
0.16225830540983693	0.39515694138779844	0.44258475320236473
0.161812829541643	0.3960397704686769	0.4421473999896802
0.1603376242804362	0.3991035877297653	0.4405587879897986
0.162800598412165	0.39552963477211583	0.4416697668157193
0.16024640432862286	0.3969710445573264	0.44278255111405085
0.1597153351919648	0.3978583639307221	0.44242630087731327
0.16282869325564597	0.3959703720353389	0.44120093470901517
0.1602562707613176	0.39600592677682117	0.4437378024618614
0.16005694131616727	0.3970380683039736	0.4429049903798593
0.16119342578233514	0.39699984178389297	0.441806732433772
0.16054918271674812	0.3982346620031025	0.4412161552801495
0.15670836577360808	0.39949782056548383	0.4437938136609082
0.1612195472500936	0.3941518296382681	0.44462862311163837
0.1581783887636386	0.3995203769113975	0.442301234324964
0.1612433623124538	0.3974334405199188	0.4413231971676275
0.15800913629390634	0.3993133675843532	0.44267749612174057
0.1614823197807765	0.39450496896395265	0.444012711255271
0.16085458796494775	0.39616906871425317	0.44297634332079927
0.15942190167412826	0.39848607902402383	0.44209201930184805
0.16231447658232945	0.3975746699818504	0.44011085343582024
0.15745649546417548	0.40034354012880957	0.4421999644070151
0.16126548241456418	0.3950224568739041	0.44371206071153185
0.15744514410581223	0.3981035006053812	0.4444513552888067
0.1573153943200178	0.39663755431114395	0.4460470513688384
0.16041255831041087	0.3941773915711851	0.4454100501184042
0.16362254285690886	0.3958727750973935	0.4405046820456978
0.16184193392840412	0.3966363660616918	0.44152170000990415
0.16254873048731133	0.3940588950499544	0.4433923744627344
0.15578584658107497	0.39860394512951314	0.44561020828941206
0.1594794682243333	0.39674884665167315	0.4437716851239937
0.15758641160496112	0.3974543102954379	0.4449592780996011
0.15695070662496832	0.3971440362646963	0.4459052571103355
0.15741164990100437	0.3967766757213368	0.44581167437765895
0.1606581577820692	0.3979336374558833	0.4414082047620476
0.1569399162810756	0.3980733438419204	0.44498673987700416
0.161312972774119	0.39456150124213996	0.4441255259837411
0.1606884039573682	0.39413893122735144	0.44517266481528045
0.15995556950778278	0.395053547877728	0.4449908826144893
0.15715822798279194	0.3982048835902964	0.44463688842691185
0.15967867822511136	0.3949105897992851	0.44541073197560366
0.15905600845926549	0.397186930293783	0.4437570612469517
0.1570449056538453	0.39935649294025405	0.4435986014059008
0.16226223667385453	0.39618754860692074	0.44155021471922484
0.15999700154642255	0.39711769223408955	0.442885306219488
0.15798013958443663	0.39711914758760186	0.4449007128279616
0.15671813670657775	0.40006377079766553	0.44321809249575683
0.15775541009518373	0.39757628404050055	0.4446683058643159
0.160102825771877	0.3989524142289199	0.44094475999920313
0.16324819852701852	0.3965935748519979	0.4401582266209837
0.15949093253497632	0.3977530564500601	0.4427560110149637
0.16288094449136953	0.39674082277161277	0.4403782327370178
0.15779026176115796	0.39714023596499104	0.44506950227385106
0.15943205015710876	0.40051988201501254	0.4400480678278788
0.16161058749593882	0.39705788598119396	0.4413315265228674
0.16044344589465148	0.39731484111535026	0.44224171298999837
0.1615023320650009	0.397758845659216	0.44073882227578326
0.15756772571777905	0.3974113609698062	0.4450209133124148
0.15852807667038013	0.39649722994020964	0.44497469338941037
0.15837780661675482	0.3968138998765791	0.4448082935066662
0.15943678461169475	0.3991531759619273	0.4414100394263781
0.1588158371384627	0.39981311222042903	0.44137105064110843
0.16222984650159	0.39777467974563424	0.43999547375277587
0.1614231068831815	0.39674253353142586	0.44183435958539274
0.15942807101447615	0.39814578267697864	0.4424261463085454
0.15885289472261183	0.39967209526896824	0.44147501000842004
0.15922182417590253	0.3956737670593576	0.44510440876474
0.15850634193999352	0.39646777417416523	0.4450258838858414
0.1594589831639847	0.3988936507818765	0.4416473660541389
0.16288276901522897	0.39643726561000936	0.4406799653747618
0.15638138288637068	0.39899952840273245	0.444619088710897
0.16339106714877621	0.39433321886172407	0.44227571398949983
0.15684808001096323	0.39949504153538806	0.44365687845364876
0.15959936911812297	0.39841998827563685	0.4419806426062403
0.16023267737580876	0.3977725951022777	0.4419947275219136
0.1613124765739386	0.39495594665734957	0.44373157676871194
0.16239626336965973	0.39603841311240917	0.4415653235179312
0.1600119002478318	0.3976630860340221	0.4423250137181462
0.1618255069222868	0.39715914386310286	0.4410153492146105
0.15918395094565854	0.39639262622219257	0.44442342283214903
0.15715349337651136	0.3968587315190892	0.44598777510439963
0.15942905448437925	0.396885991521726	0.4436849539938949
0.16072206765969432	0.39449538298687215	0.4447825493534337
0.15836441288128267	0.40046264403669224	0.44117294308202526
0.1569574042968272	0.3982673267097675	0.44477526899340547
0.15885391943512572	0.39905736520841956	0.44208871535645483
0.15624273293920274	0.40006290314777254	0.44369436391302486
0.1588808222589811	0.3992763279530017	0.4418428497880173
0.15940526786569553	0.3978853184256331	0.4427094137086714
0.15664680745172457	0.3994885338141105	0.4438646587341651
0.15859982470978834	0.3982427769992868	0.443157398290925
0.16106823670355655	0.3984780258431096	0.440453737453334
0.1606308721747024	0.3953843279198949	0.44398479990540274
0.1577935272298011	0.39796825834801136	0.44423821442218764
0.1604470857763914	0.3959612382849569	0.44359167593865184
0.15733808232769259	0.40051421181171465	0.44214770586059293
0.1638131813394842	0.3940322454703768	0.4421545731901392
0.1619657566118527	0.3945158706102779	0.44351837277786954
0.16085042702630883	0.3954357415664632	0.4437138314072281
0.16046223320733166	0.39676494018112857	0.4427728266115399
0.1604756362687664	0.39884313883507194	0.4406812248961618
0.1578699882453295	0.3984188096233785	0.4437112021312921
0.15811129286543535	0.39679507385885526	0.4450936332757095
0.1562182113166077	0.40030042270462984	0.44348136597876253
0.1605090859751201	0.3948341172116578	0.44465679681322223
0.15954431952319276	0.39689703756155026	0.4435586429152571
0.1633453711145416	0.3945448391289331	0.44210978975652543
0.1633840134870937	0.3957138704243921	0.44090211608851426
0.15942289123545414	0.39527529181366494	0.445301816950881
0.1624129701275051	0.39727585345278604	0.44031117641970896
0.16078421899333806	0.3939980649010376	0.44521771610562444
0.1579252972036905	0.3969225892666517	0.4451521135296579
0.16006059480512375	0.39755163196769605	0.44238777322718026
0.15861363536121326	0.3985708059840719	0.44281555865471495
0.15958294997576267	0.3958989226941811	0.44451812733005636
0.16254645261647088	0.3946170084122993	0.44283653897122993
0.1614046939489258	0.39708151355299826	0.4415137924980761
0.1582109977170169	0.398942094459405	0.44284690782357816
0.15610492305341822	0.39818875626524847	0.4457063206813334
0.15835349855742797	0.4004149366638078	0.44123156477876435
0.16263364315339623	0.3958455394371664	0.4415208174094375
0.15602222076766672	0.39832711541225563	0.4456506638200778
0.16120451465572655	0.39582267829910733	0.44297280704516623
0.16237083493010274	0.39644835243030674	0.44118081263959064
0.16015588415017729	0.3998001866011962	0.4400439292486267
0.1612036511041402	0.3981466580480808	0.44064969084777905
0.16188333197121024	0.39700867379898463	0.4411079942298053
0.15638995301989034	0.39914416330143804	0.44446588367867174
0.1578880011160516	0.39811476990721767	0.44399722897673083
0.159968467257099	0.3973486709336458	0.4426828618092553
0.16127479654153282	0.3975963757811851	0.4411288276772821
0.15685620556952556	0.3994668161311608	0.44367697829931374
0.15993933124527698	0.39555765715182756	0.4445030116028956
0.15924890440764866	0.39578944967761176	0.44496164591473975
0.15712930326626254	0.39814142778163114	0.44472926895210646
0.15767174854653548	0.3976910194002303	0.44463723205323435
0.15939842733551052	0.3972494106764632	0.4433521619880264
0.15891417937246663	0.39536404063496533	0.4457217799925681
0.15994908549094686	0.39534653894983085	0.44470437555922243
0.15621998856498392	0.3991928021906086	0.44458720924440764
0.15919489591957559	0.4004842425632139	0.4403208615172106
0.15847737543318827	0.3960602418135949	0.4454623827532169
0.15595330821935105	0.398257557133921	0.4457891346467281
0.15703065368651448	0.3992538485282741	0.4437154977852116
0.1591065421792304	0.39894690393016696	0.4419465538906028
0.15960516360089572	0.39638790166483817	0.4440069347342662
0.15875669820630428	0.39729355858881416	0.4439497432048817
0.16145130909955357	0.3947098023141139	0.44383888858633264
0.1572056228162816	0.3977937232531865	0.445000653930532
0.15973770956122335	0.3978509884133549	0.44241130202542184
0.15939531830569592	0.3974327067528234	0.44317197494148086
0.15856801952285382	0.4002422601323853	0.441189720344761
0.1579798320721693	0.3973815425874945	0.4446386253403364
0.16060988345934402	0.39735394546635255	0.4420361710743035
0.16176756271056933	0.39564030508969456	0.44259213219973625
0.1595742547225678	0.39790872655168197	0.44251701872575033
0.15970203133400812	0.3950923184457707	0.4452056502202213
0.15793961575937443	0.39983627131290933	0.44222411292771635
0.15605962273306828	0.398815158871229	0.4451252183957029
0.15839938497421704	0.3983928921136753	0.44320772291210775
0.15636857829274087	0.4006692597746875	0.44296216193257176
0.16021173047243542	0.39402108877940634	0.44576718074815835
0.1587685409509299	0.39666333418969313	0.4445681248593771
0.15911193354833383	0.39870644689315843	0.4421816195585079
0.16353119087081164	0.3945913552660915	0.44187745386309696
0.16175106188080557	0.3958955133587177	0.4423534247604769
0.16096958497840946	0.3961913160633709	0.4428390989582197
0.15844697198734797	0.39987391657793725	0.4416791114347149
0.15885746503863635	0.39934275420866544	0.4417997807526983
0.16149944136311412	0.39472446755461166	0.44377609108227434
0.16000901539334333	0.3984879023443194	0.4415030822623374
0.15831618700349318	0.39914149082643635	0.44254232217007056
0.16160832170196454	0.39506916716695245	0.4433225111310831
0.15958013981282804	0.39987341617425576	0.4405464440129163
0.15862553382007738	0.39889902431839314	0.4424754418615296
0.15782986379342712	0.40053439042944083	0.44163574577713216
0.16063214560700914	0.39780499758841664	0.4415628568045743
0.15768390907140672	0.39763109445711836	0.4446849964714751
0.16307610822212143	0.39688761797565386	0.44003627380222476
0.15862000655441566	0.397487128238878	0.4438928652067065
0.16211069114414756	0.39648731333237425	0.4414019955234783
0.16018332397792012	0.3953875729455817	0.4444291030764983
0.16258119728738601	0.3942682591785932	0.44315054353402084
0.16222713919747261	0.3952413975355719	0.4425314632669556
0.16131568147602837	0.3963428745956945	0.44234144392827723
0.15596870436664378	0.3990973110717692	0.44493398456158717
0.16080306229935293	0.39699838590626174	0.44219855179438544
0.15843044620891095	0.39608590452144543	0.44548364926964373
0.15785232802564175	0.3984221170964774	0.44372555487788096
0.15898687218601093	0.39746239512650755	0.4435507326874817
0.16299359568334335	0.3954316450733518	0.4415747592433049
0.1566914701054351	0.40033718663481827	0.44297134325974674
0.15852424457313286	0.4004343644999998	0.44104139092686745
0.16199944762471052	0.39465656764458973	0.4433439847306999
0.15810778100194628	0.39859060551444125	0.4433016134836126
0.15754007950675333	0.3973312923295452	0.4451286281637015
0.15741822726283922	0.39935600532932547	0.4432257674078354
0.1585291929246487	0.3967467450487908	0.4447240620265606
0.15667673847918462	0.3978308094149661	0.4454924521058494
0.16189433821438187	0.397936940590639	0.44016872119497924
0.15763029477411475	0.3975813007573079	0.4447884044685775
0.16177469020940524	0.39541787241022014	0.44280743738037476
0.16101333108809363	0.3974616655516138	0.4415250033602927
0.15779386718712202	0.3976194539506632	0.4445866788622149
0.16198060532217307	0.3969917272902459	0.4410276673875812
0.16258721154947448	0.3956139653462883	0.44179882310423735
0.1601363160595442	0.39746720087568965	0.4423964830647663
0.15735912691781268	0.39700820388602326	0.4456326691961642
0.16269162414053823	0.39571002979070397	0.441598346068758
0.15674232670502186	0.4003796899205579	0.44287798337442036
0.15900622460624664	0.40029317891403154	0.44070059647972193
0.15797125697496173	0.39811451573474965	0.44391422729028873
0.16193593514423243	0.3952060515813698	0.4428580132743979
0.1594993065638826	0.3995865918996616	0.4409141015364559
0.15952970923929363	0.40005729928673867	0.44041299147396784
0.16029790551461962	0.3971144161358489	0.4425876783495316
0.16095232887844263	0.3958979837993271	0.44314968732223037
0.15834479001858526	0.3978524362462237	0.44380277373519117
0.15925356202458935	0.39587873538058505	0.44486770259482566
0.1616234753522432	0.39708410164991176	0.44129242299784516
0.16348304570305067	0.39447072902092173	0.4420462252760277
0.16357674084025686	0.3958840773658904	0.4405391817938529
0.16073036037937785	0.39600799573700973	0.44326164388361255
0.16317743309501093	0.39551903474062133	0.44130353216436785
0.15607786127656037	0.4002467071026372	0.44367543162080253
0.16029989692394325	0.3959495905438255	0.4437505125322313
0.16163230722124478	0.39791280451742606	0.4404548882613293
0.16117866431585243	0.3983067361498645	0.4405145995342832
0.1565464609934083	0.39924428986959337	0.44420924913699844
0.158338690985259	0.39953935353500336	0.44212195547973776
0.15824768600014433	0.39710258038600355	0.4446497336138523
0.1599558822151841	0.3944626125360518	0.4455815052487643
0.15989982682444456	0.39449058799105874	0.4456095851844968
0.16265949173212513	0.3947081263855924	0.4426323818822826
0.15983982476928157	0.39459268471971404	0.4455674905110045
0.15956879289552403	0.3971043607332547	0.44332684637122133
0.15769118559276651	0.39836252815759776	0.4439462862496359
0.15921080124338838	0.3954679199754677	0.445321278781144
0.15798896699273765	0.39746478367738647	0.44454624932987596
0.15672249020659867	0.3972733143592951	0.44600419543410635
0.16051089523230175	0.39903334556209347	0.440455759205605
0.1634255501858083	0.3943932314203244	0.4421812183938675
0.1593196250349304	0.39581689665022113	0.44486347831484857
0.15852043237397556	0.39566629022564437	0.44581327740038024
0.16042229631541766	0.3958233255376992	0.4437543781468833
0.1604996070557837	0.39553368347731965	0.44396670946689676
0.16292701410493943	0.3955260345566105	0.4415469513384501
0.15804616814270392	0.3967050351107812	0.445248796746515
0.1589893631214534	0.39522125710475187	0.44578937977379485
0.1617061999932555	0.39729491742507145	0.4409988825816732
0.15594029495913964	0.40003744609390823	0.44402225894695224
0.15960387960860012	0.3972713892515297	0.4431247311398703
0.15818486803521206	0.39634648674444084	0.44546864522034724
0.16084430501723398	0.39612288405459206	0.44303281092817404
0.1597076217212164	0.3990938517523814	0.44119852652640235
0.15706322482099666	0.3993293868655106	0.4436073883134929
0.16336855650697696	0.39439816117163917	0.442233282321384
0.15701482177068016	0.39903477619037897	0.443950402038941
0.1609605746148157	0.39738004892770395	0.44165937645748043
0.16344339044713793	0.39614571638225016	0.4404108931706121
0.1632347335143945	0.39466926211644027	0.44209600436916535
0.1585699919787376	0.3995462340713566	0.4418837739499059
0.15809559321214584	0.39615229937593993	0.44575210741191434
0.1595660004695012	0.40046064604430753	0.4399733534861914
0.15725709284200634	0.40016836010600026	0.4425745470519935
0.15867232899545064	0.3975247281803208	0.44380294282422866
0.1578707133974382	0.3993896413599877	0.4427396452425742
0.15617168980436208	0.40018569622483735	0.4436426139708007
0.1626713171098063	0.3952951560090533	0.44203352688114056
0.16259055042415255	0.395117392792853	0.44229205678299455
0.15847416630915373	0.39653493775799653	0.4449908959328498
0.15664498102042124	0.39806474363911326	0.4452902753404656
0.16007071265335543	0.3968534519458715	0.4430758354007732
0.1605975630537041	0.39774072923892667	0.44166170770736934
0.16158028166996008	0.3945352901384669	0.44388442819157314
0.16125664931746803	0.3948031895929303	0.44394016108960177
0.1612338963647399	0.39540177511512503	0.4433643285201352
0.16280693403525348	0.39475317084031725	0.4424398951244294
0.15801331329836826	0.39939425168821535	0.4425924350134165
0.16084641075450026	0.39520823055296267	0.4439453586925372
0.15612060550177925	0.39788262312944633	0.4459967713687745
0.16242062928173703	0.3954195740785327	0.4421597966397304
0.16212462813832051	0.3953076403917799	0.4425677314698997
0.16160950390611253	0.39537684775188586	0.44301364834200174
0.16166340296546336	0.3939408256468733	0.44439577138766345
0.15590366624009622	0.3998175837455676	0.4442787500143363
0.15870215493734902	0.3981651754737451	0.443132669588906
0.15795020114129843	0.39938115199784585	0.44266864686085583
0.16170741054522464	0.3981322899706317	0.44016029948414376
0.1608728855287595	0.3950481272888389	0.4440789871824017
0.160951046569106	0.3947777063398285	0.44427124709106564
0.15934596278304386	0.3988668418915868	0.4417871953253695
0.16298663360711296	0.3961312997598028	0.4408820666330843
0.16216805171319915	0.39594883117044183	0.4418831171163592
0.157678295621839	0.40039872528452897	0.44192297909363215
0.15738728485846687	0.3995365728642586	0.44307614227727465
0.15960417134707977	0.3945376828005755	0.44585814585234484
0.15642488966105034	0.3977844229209033	0.44579068741804645
0.15771590204571198	0.40043220606427604	0.4418518918900121
0.15840048249554192	0.39767876988967266	0.4439207476147855
0.15761016813149703	0.40041109143966663	0.44197874042883645
0.15747733691212934	0.39926494167689774	0.44325772141097297
0.160876852590202	0.39883931528315264	0.44028383212664546
0.16040303550706075	0.3947465548439757	0.44485040964896366
0.16206982038445034	0.3956751100366764	0.44225506957887345
0.15622084531786495	0.3997688686720037	0.4440102860101315
0.1585382163349734	0.3987489567349925	0.4427128269300342
0.15951717766111906	0.40008659640871336	0.4403962259301677
0.16089578142033098	0.3986900881045818	0.4404141304750874
0.15921921769729064	0.39782555101417255	0.4429552312885369
0.16106506212349003	0.3982194384531515	0.4407154994233586
0.15741390331021288	0.39755306760044384	0.4450330290893434
0.15689560632568755	0.3997706776516165	0.4433337160226961
0.16048946343449333	0.3942587887396864	0.4452517478258204
0.16185932985098558	0.3949396159199945	0.44320105422902
0.161365001887254	0.39774767188113075	0.4408873262316154
0.15586560344239136	0.40021975488592293	0.4439146416716858
0.15851530958595206	0.39883243708005184	0.4426522533339962
0.16097476184311665	0.3973441747642792	0.4416810633926043
0.1600041590074834	0.3969802027572321	0.44301563823528456
0.16304151415768242	0.39391421157495743	0.44304427426736026
0.16093376700423156	0.39627676322077765	0.4427894697749909
0.15731932650681724	0.40020130650879837	0.44247936698438456
0.15982961684535335	0.39602531632064286	0.44414506683400395
0.15792652787326258	0.39896785931361933	0.44310561281311817
0.16188605104598658	0.395643313422995	0.4424706355310185
0.1610046950866167	0.3984394593340732	0.4405558455793102
0.15613761135426463	0.3995040723568378	0.44435831628889766
0.1572486601949566	0.39785207231823316	0.4448992674868103
0.156876287052861	0.40026540343379635	0.4428583095133428
0.1579496475219912	0.39617763460432864	0.4458727178736802
0.1594835150223926	0.39710397049998875	0.44341251447761876
0.161029227796207	0.39405478759747126	0.44491598460632187
0.15976599380548312	0.40028057209692014	0.4399534340975969
0.15894782577467947	0.39915765262766045	0.44189452159766024
0.16001055153243054	0.3996721223735962	0.4403173260939734
0.15608903072392	0.400059978263502	0.44385099101257813
0.15772915780209923	0.3967637813140339	0.445507060883867
0.15868483147886303	0.3992181128262268	0.44209705569491026
0.15630358315972634	0.4001383892275257	0.4435580276127481
0.16077228903681692	0.3986229151511531	0.44060479581203005
0.15609880732005746	0.39885442376151686	0.4450467689184258
0.16079558347215275	0.3950116169066274	0.44419279962122
0.16158129104322821	0.3958670459213791	0.44255166303539273
0.1611573507313594	0.3961032128047375	0.44273943646390324
0.16054983647253593	0.3961550259648698	0.4432951375625944
0.15887667555560234	0.39755044311172244	0.44357288133267536
0.1623312819513862	0.39525763188859814	0.4424110861600158
0.1636876834515102	0.3954459873207474	0.4408663292277425
0.16224656826926598	0.3976143839465434	0.4401390477841908
0.1590391679495322	0.39622767211580673	0.44473315993466117
0.15763094265827163	0.39654151896164797	0.44582753838008055
0.16257706960721724	0.39417799153176003	0.44324493886102284
0.1618759457445172	0.39419802064567366	0.4439260336098093
0.16136436065401594	0.3974212778594807	0.4412143614865035
0.1567297836512051	0.399881704111998	0.443388512236797
0.1593735225770743	0.3990394065199031	0.44158707090302274
0.16016219484043193	0.3964601845304045	0.4433776206291637
0.1600734069956309	0.3948171341002242	0.445109458904145
0.15804970494293974	0.39620996634755445	0.44574032870950586
0.1616139596396696	0.395127896933292	0.44325814342703856
0.1613672209755086	0.39652606145516667	0.4421067175693248
0.1586418977192245	0.3978093444447124	0.44354875783606323
0.1626330016710105	0.39545337381620377	0.4419136245127858
0.1561689890729218	0.3989605876223461	0.44487042330473225
0.1600525049225671	0.39420800051316984	0.44573949456426315
0.1624616566550401	0.3971766697003527	0.4403616736446073
0.15977591843647093	0.3943124784092115	0.44591160315431766
0.15800778316459496	0.39991516877515026	0.44207704806025494
0.1629581466990812	0.3945412410371098	0.4425006122638091
0.15760752390691085	0.3967552003351166	0.4456372757579727
0.15869554423721713	0.40020578074129376	0.44109867502148925
0.16160091267797916	0.39600787199475423	0.4423912153272667
0.16247108233356705	0.3946570903021243	0.44287182736430875
0.16135683973483428	0.3951854514732606	0.44345770879190527
0.15741972059085535	0.3972482676895881	0.4453320117195566
0.16308306987781646	0.39456331465644395	0.44235361546573976
0.1637305941624455	0.39636101864119117	0.43990838719636344
0.16195758376906755	0.3962506696719701	0.44179174655896253
0.15790912495286127	0.396902801294969	0.44518807375216984
0.15904870562190188	0.3986172251334373	0.442334069244661
0.1599512001018314	0.39752712131386736	0.4425216785843013
0.15797247130275327	0.39706844238686145	0.4449590863103854
0.15917010357847045	0.39899807671626	0.4418318197052697
0.15857988556641434	0.3976442869246448	0.44377582750894096
0.15968086102488316	0.400339650436073	0.439979488539044
0.1573139455283285	0.39729713961179547	0.4453889148598762
0.156450607870389	0.3978946333927629	0.44565475873684823
0.16337219482701815	0.3939116747531829	0.44271613041979907
0.16201271026765074	0.39427807132347126	0.4437092184088781
0.15754785681124917	0.3969064511322743	0.4455456920564767
0.15754650825661842	0.39696909474400294	0.44548439699937875
0.1612217522981867	0.3986250428347909	0.44015320486702253
0.1579326701511598	0.39962274618662447	0.44244458366221584
0.16096303524819186	0.3952240736603503	0.44381289109145794
0.1595449942511873	0.3973434680620013	0.4431115376868115
0.1636111500272113	0.3959697121759358	0.44041913779685304
0.1608331115108324	0.39901892719357324	0.44014796129559447
0.16202682497320176	0.3964432099695664	0.441529965057232
0.15866145542460447	0.3970635019257692	0.4442750426496265
0.16268921863676566	0.39635442487775724	0.4409563564854772
0.15995821769411164	0.39716821390383816	0.44287356840205033
0.16372400064245776	0.39559765033050864	0.44067834902703373
0.15926199911046823	0.3979513870574507	0.4427866138320812
0.15592340419612666	0.4001708406585177	0.44390575514535574
0.15795190615003157	0.3990400068888002	0.44300808696116833
0.1586322810508866	0.4005262678309158	0.4408414511181977
0.160237831963444	0.39499629346243376	0.4447658745741224
0.1581422973480502	0.39773838843833703	0.4441193142136129
0.16014376820077875	0.3944462667394534	0.445409965059768
0.1569984993839145	0.39825523091526077	0.44474626970082487
0.15916871876242975	0.39854890889138045	0.44228237234618994
0.15618518358472727	0.3995762974570306	0.4442385189582422
0.1583402303170146	0.3993434928422429	0.44231627684074265
0.15949107962737763	0.39918676766348254	0.4413221527091399
0.15749219343449727	0.3978688395092812	0.44463896705622163
0.16207455816112093	0.39477243625382313	0.44315300558505605
0.16101919787752395	0.3954578467427352	0.44352295537974096
0.1614926885096255	0.3956088393572605	0.4428984721331141
0.16201842845986436	0.3970514470936327	0.4409301244465031
0.1601814294133521	0.39555779196863833	0.44426077861800967
0.15815866254585684	0.3991048331283282	0.44273650432581513
0.1575159954301642	0.3998847680615003	0.4425992365083356
0.15994564700818242	0.3980814256711278	0.4419729273206898
0.15860831668741882	0.39604909934553495	0.4453425839670463
0.15944388934796033	0.3973171989288134	0.4432389117232264
0.15587274323272798	0.39917089672343137	0.44495636004384076
0.1607967306596474	0.3946928009813722	0.4445104683589805
0.1634275864920921	0.39582099785679753	0.4407514156511104
0.1570051107058017	0.3996825801582781	0.4433123091359203
0.16064123524600354	0.39793761557465446	0.44142114917934216
0.16077871487365425	0.39500166484004634	0.4442196202862995
0.15937918100942644	0.3994413241304562	0.4411794948601175
0.16373550916354107	0.39587610585431426	0.44038838498214483
0.1593598894075613	0.39699069995304814	0.4436494106393907
0.15765872228429295	0.3986291390877593	0.4437121386279479
0.15831017992810065	0.39810015115871383	0.44358966891318563
0.15672818677163647	0.3987179525870418	0.44455386064132185
0.15596306416464925	0.39931214339237414	0.4447247924429767
0.15705866687160766	0.39870724803916946	0.444234085089223
0.15878011236798126	0.4006038132982705	0.44061607433374833
0.16259736925093474	0.39591436756998993	0.4414882631790754
0.16254574605360603	0.3941117037432566	0.44334255020313745
0.15616111959387644	0.40025578903755665	0.443583091368567
0.15748570996570904	0.3975429101068828	0.44497137992740826
0.15746829526323325	0.39975404484497423	0.44277765989179263
0.1588852054486989	0.3984530204184604	0.44266177413284075
0.1592523721751821	0.39652828075374535	0.4442193470710727
0.15921038206037583	0.39829943706719245	0.4424901808724318
0.16037875234555748	0.39649977610858045	0.4431214715458622
0.16050388475831165	0.39485065745920134	0.44464545778248715
0.1605041429332849	0.3992772901014079	0.44021856696530726
0.1581893604109419	0.4005193744062213	0.44129126518283684
0.16268389573178277	0.39394890122282744	0.4433672030453899
0.1624439221616314	0.3953649142231281	0.44219116361524063
0.1619291908745237	0.39734145930191167	0.44072934982356476
0.15961424155331078	0.4001306465518902	0.44025511189479916
0.15926885059535106	0.3947289252571932	0.44600222414745583
0.15774692764585202	0.397543941306544	0.44470913104760407
0.16121375974216479	0.3970900632230512	0.44169617703478414
0.16084417654751187	0.394355590713295	0.4448002327391932
0.15679258115224895	0.3974202306386821	0.4457871882090691
0.1600768011364521	0.39947487812695437	0.4404483207365936
0.16244745073081154	0.39614161269231113	0.44141093657687747
0.16067799093966822	0.39512983198038265	0.44419217707994924
0.1595368137810852	0.3963063825297732	0.4441568036891418
0.15908696566819436	0.39708439539775425	0.44382863893405144
0.16050476753442916	0.39465245119331716	0.4448427812722538
0.16266205181409418	0.39467556574847606	0.44266238243742984
0.1631368996389635	0.39684749020594295	0.4400156101550936
0.15907831897613722	0.3996761742607795	0.4412455067630834
0.15749521852201642	0.3999051996034432	0.4425995818745405
0.16166923211980871	0.3954344515224729	0.44289631635771853
0.1604052688191645	0.3943654004040169	0.4452293307768187
0.1584994978926853	0.3979451746401167	0.4435553274671981
0.1576512711356859	0.3986627474317218	0.4436859814325924
0.16321478042421797	0.3962359592746696	0.4405492603011125
0.15929731650780415	0.39723666600180857	0.4434660174903874
0.1601901047723802	0.39593919423146834	0.44387070099615156
0.15955166606413557	0.40053680799562963	0.43991152594023497
0.1607024796453353	0.39664820579787763	0.4426493145567872
0.15922752987705346	0.39942708779508734	0.4413453823278593
0.15843432955263165	0.40044072135482367	0.44112494909254485
0.1616596322350759	0.3967062762319671	0.4416340915329571
0.15899747859838403	0.3977598317929525	0.4432426896086636
0.1572180819409013	0.3990860037309786	0.4436959143281203
0.1616364948374823	0.39598896526336513	0.4423745398991527
0.1565705876134969	0.3983210410412738	0.4451083713452294
0.15743336298752553	0.3982011625597465	0.44436547445272806
0.16174409381160515	0.3964048849240129	0.44185102126438214
0.16009362178359302	0.3976164565639667	0.44228992165244035
0.1612506647590064	0.3969052586957624	0.44184407654523133
0.1567953264315948	0.39863046791834034	0.444574205650065
0.1603744210526784	0.3959067288438329	0.44371885010348877
0.16183586743878395	0.3981275025792086	0.4400366299820076
0.1574037468830169	0.3976321298602454	0.44496412325673784
0.15903366862767937	0.39715663157299935	0.4438096997993214
0.15782239608912343	0.39614145745078533	0.4460361464600914
0.16052542407299403	0.39545488220689995	0.44401969372010613
0.1576097953285743	0.397474455858571	0.4449157488128548
0.15767637156183778	0.3982742857344218	0.4440493427037405
0.16114703649409012	0.3947523937025376	0.4441005698033724
0.157994182336019	0.39733412120285777	0.44467169646112337
0.15766269124562787	0.40026064974186626	0.44207665901250603
0.15747130793294495	0.3982501590067734	0.44427853306028176
0.1576547396161418	0.3999836296279052	0.44236163075595314
0.1620315431105763	0.3955935079345184	0.4423749489549054
0.15779089994420664	0.39892289732652486	0.4432862027292686
0.15915154440534712	0.3960460813526101	0.4448023742420429
0.15719876722048448	0.39785124996857957	0.44494998281093606
0.16033555552827655	0.39972786443130087	0.4399365800404227
0.16024636978262863	0.3980247192673154	0.44172891095005606
0.1599540309823429	0.39443892218548815	0.44560704683216906
0.1583152570218555	0.3982793470187307	0.4434053959594139
0.15645065807188735	0.4004067579656223	0.44314258396249046
0.15977652269768672	0.3997336351155285	0.4404898421867849
0.15979107240311205	0.39509817477212666	0.4451107528247614
0.16102100960621307	0.3967176664415392	0.4422613239522478
0.15979499480333922	0.3980362906552396	0.4421687145414213
0.16374846191398934	0.3959567374104225	0.44029480067558835
0.16368592771111395	0.3954531688281095	0.44086090346077667
0.15762861509930617	0.3993378111063956	0.4430335737942983
0.16035571226431003	0.395036293480867	0.4446079942548231
0.16065041885207276	0.3962569752013189	0.44309260594660843
0.15921340624392255	0.3959972272131096	0.44478936654296797
0.15639341209783186	0.39792796818424514	0.4456786197179231
0.15860987232874663	0.3969784015919646	0.44441172607928886
0.16180234574236557	0.3972834572944138	0.44091419696322076
0.15680395100060895	0.3981546071142472	0.445041441885144
0.15965769144223566	0.396958808316258	0.44338350024150647
0.1625483267331272	0.3941334831716512	0.44331819009522166
0.16073347691342446	0.39482557055396733	0.44444095253260835
0.16009149818444757	0.3970074927722976	0.44290100904325497
0.1591815437142302	0.3998423655095681	0.4409760907762018
0.15691123033654203	0.4002612070169761	0.442827562646482
0.16199581846608055	0.3962626808753298	0.44174150065858975
0.1586547232031122	0.3987523034140243	0.44259297338286363
0.15703545891901902	0.39728455555421216	0.4456799855267689
0.15980972258361373	0.39845592930494883	0.4417343481114375
0.15932134867326864	0.4003919449982093	0.4402867063285221
0.15694095963082905	0.3973879897160663	0.44567105065310475
0.16294739063523292	0.39681197623931974	0.4402406331254475
0.15785003665818292	0.39749247637981766	0.44465748696199947
0.15886675254498717	0.3970939670404121	0.44403928041460083
0.16153984708415886	0.3977603094806858	0.44069984343515545
0.16141465865729235	0.39846604802896013	0.44011929331374766
0.15852990568830322	0.3965635733016833	0.4449065210100136
0.1596522107292165	0.39675832600725275	0.4435894632635309
0.1614206403701662	0.39743025835077994	0.44114910127905393
0.1570507126189585	0.39690074771199696	0.4460485396690447
0.1597347010136906	0.39808369164631796	0.4421816073399915
0.15732016774792582	0.4005180187113435	0.4421618135407308
0.16075214822578024	0.3953177815858684	0.44393007018835146
0.16168796898132792	0.3953727168922222	0.44293931412645
0.15656519657776222	0.3974444304242585	0.4459903729979794
0.160809907275454	0.39812788456801623	0.4410622081565299
0.15784860186365468	0.4004081849322223	0.44174321320412313
0.163160231758263	0.39646892941164524	0.44037083883009187
0.16277551249732503	0.3951961138652686	0.4420283736374065
0.16367893280420182	0.3961908200498918	0.44013024714590643
0.16130555311993916	0.3984705423364584	0.4402239045436026
0.15973996659714113	0.39716440034442263	0.44309563305843636
0.16301699344199494	0.3940317906134425	0.4429512159445627
0.1570524189447916	0.398296006394227	0.4446515746609815
0.15686007017921794	0.3983932079220054	0.44474672189877673
0.16075340032154822	0.3962150567803131	0.4430315428981388
0.1629763796579179	0.39664760644727504	0.4403760138948072
0.16095453210255634	0.3976100791926606	0.44143538870478316
0.15772036478426105	0.39998709836773494	0.4422925368480041
0.16037779765576	0.3939792561214199	0.4456429462228202
0.15690100028090231	0.39714359560682055	0.44595540411227724
0.15651489816785022	0.4001809012203643	0.44330420061178555
0.16378864048928515	0.3940674707821922	0.4421438887285228
0.15951907959888445	0.3979099668350703	0.44257095356604537
0.16248939628113493	0.3953176198860276	0.4421929838328376
0.15600152132332568	0.4006860190770837	0.44331245959959076
0.1584344729720208	0.40001763269014473	0.44154789433783465
0.1590226661458925	0.39569327913654617	0.4452840547175615
0.15903294082795072	0.3985570675837626	0.4424099915882868
0.16321432289568244	0.39581711179550244	0.44096856530881523
0.1589451033893166	0.3974150474258106	0.4436398491848729
0.16164133113457457	0.3968047517191323	0.4415539171462932
0.1578767983554025	0.4003603520369495	0.44176284960764817
0.16016046830191816	0.39504433438555764	0.4447951973125243
0.15806287262248492	0.3984738989175963	0.4434632284599189
0.1561309223034822	0.39955219694537103	0.4443168807511469
0.15600708003393526	0.4006149611610105	0.4433779588050544
0.15636403374319835	0.398368171181938	0.44526779507486375
0.16131497402988562	0.3944959931665571	0.4441890328035574
0.16152552852509727	0.39754358924068867	0.44093088223421417
0.1621202189781925	0.39619719129541753	0.44168258972639
0.1559973844368056	0.398636240907421	0.4453663746557735
0.16043953892919985	0.39718147987808994	0.44237898119271035
0.15689791331672928	0.3978538439619926	0.4452482427212782
0.16068884634577923	0.39939059760720996	0.43992055604701097
0.15938137400029617	0.3979448158495421	0.44267381015016183
0.16155459576202919	0.39618006990558224	0.4422653343323887
