0.07899128758322876	0.18406218938042496	0.1408353723016338	0.018462805288770257	0.05335063713215156	0.2049077777218771	0.04161792365396563	0.013647520291704004	0.2039323359716387	0.06019215067460524
0.06259864342683102	0.21608473851922272	0.14701328416583287	0.021191232969757987	0.0545299250665723	0.19419565402023975	0.04628492533492755	0.014583709326220454	0.19753432154026723	0.04598356563012808
0.049401132287021275	0.24710005563659393	0.1620697571011114	0.0234357126617689	0.05406551240939645	0.17234169881210004	0.03297001938856907	0.016592999429557012	0.1946355275280267	0.047387584745855166
0.043729484744824	0.20306592787039107	0.17648755582910108	0.023617923638717023	0.04898248278290918	0.16273333996823355	0.05607651148839458	0.016931703620380698	0.20588597454655438	0.06248909551049445
0.09222462454640763	0.20678408939219822	0.1672509171337993	0.03196117077246417	0.05660926689430837	0.18574050948718746	0.032223131942628366	0.01690461590895606	0.1557134781983832	0.0545881957236671
0.07740160017296127	0.20368384662491298	0.1550367948204507	0.02202627047407281	0.05886135385412735	0.20121640919878397	0.04709583039221335	0.013071228585609995	0.1552232660400526	0.06638339983681485
0.048135567409760674	0.25154994189741475	0.14266426851706238	0.023691606002186325	0.05775341120657546	0.16676700009335343	0.05528391692824113	0.013843723609497594	0.1906975847509697	0.04961297958493852
0.06998566746229547	0.251232897971894	0.15293910110041067	0.01996083441711835	0.041197987987815946	0.16978207738107232	0.04081448331082743	0.013297243994829788	0.17910189133472504	0.06168781503901091
0.08369949404173957	0.24602347076468456	0.15252477211832893	0.028750803374032227	0.0414316334439225	0.18707808751868282	0.03360607096270547	0.015569281047997832	0.15943436424708596	0.05188202248082013
0.05371105003006223	0.24357006391812303	0.1247056414607884	0.023590417699137195	0.05880966756026476	0.1805444510848683	0.033870953614275806	0.01676278656820425	0.205826067101881	0.05860890096239507
0.08363668483872266	0.22303322736970033	0.15356056999535417	0.03175176124734473	0.043342329387045464	0.1798417838854542	0.04162318489600269	0.012599141048758325	0.17704209693892975	0.05356922039268761
0.05360328765359195	0.28550360338366887	0.13390517673929764	0.02745163761789665	0.04294426350338493	0.16036030046869168	0.047677887710890765	0.01688739805359951	0.1743736443994465	0.05729280046953152
0.06637797963659706	0.2332277975210702	0.1693262799087351	0.030650578094612357	0.045304399974256476	0.18281715796994696	0.04859102554896329	0.016132420051912053	0.15895640497423827	0.04861595631966821
0.09154324426014492	0.21117076310594415	0.1383069823251904	0.029701197623776737	0.054854675629118985	0.17770152164589653	0.044817458227930804	0.012991918822586032	0.1839046216192773	0.055007616740134095
0.06697609835936974	0.2738518908699928	0.11504638728782131	0.022137773035289465	0.056824760106585145	0.1668892011611231	0.046366622911118566	0.016638996313503476	0.1834662063491439	0.051802063606052495
0.06884878352227539	0.233169676872505	0.1598768267654861	0.02620342334047955	0.04157676714832592	0.18669611414298315	0.03810288737473342	0.014032830517045153	0.17298372733993536	0.05850896297623099
0.08828682940472027	0.19710731022463193	0.15384103856677545	0.020480126578640095	0.054678697911949604	0.18194443552350476	0.050855217663283714	0.012393625084595544	0.1956936873376357	0.04471903170426299
0.08579489588759567	0.2467844419015513	0.16485221983026793	0.022893764778182987	0.038294467059884	0.1588318618831701	0.03562405301748901	0.016062749993817196	0.1660325188827544	0.06482902676528741
0.08718375583380959	0.21151505387498104	0.17124014918231087	0.03004085820001444	0.04986782044401045	0.17245740835814247	0.03860069993635404	0.012223127112716003	0.16127116543439152	0.06559996162326949
0.07399328989204532	0.23871205010716534	0.13531592798807585	0.027543994511660896	0.04238194461857104	0.20808095336068982	0.04522375459588938	0.012963920817524427	0.16015564234625485	0.05562852176212307
0.050854842997873746	0.2537919969510783	0.15271218559716732	0.02152488868586236	0.04830498339341503	0.18267811317278643	0.0367642875203881	0.016562273670374855	0.192838599453533	0.04396782855752085
0.04041950341390191	0.2887535327208192	0.12733580416080936	0.025674362741596346	0.040634602685656426	0.20858958505133157	0.03452142784787257	0.01289884559676309	0.17354851572148502	0.04762382005976448
0.066555764211918	0.27107806019151676	0.13618775510415299	0.028524583779220083	0.04798743921996917	0.15941357645750226	0.05219656858055818	0.011816130789960924	0.17109243557143403	0.055147686093767564
0.06366379684724728	0.19462076165919256	0.16155524381155698	0.02236544838071304	0.04668071238860231	0.20764912883597164	0.030409770714174153	0.0134391541243888	0.19734194927803175	0.062274033960121586
0.04178474115063824	0.26052906250267505	0.15766839198181504	0.02835354776954281	0.04771535909218105	0.15645319834143587	0.04330583458888612	0.014719664167180013	0.20459962435217405	0.04487057605347169
0.07824335592974432	0.26750468224763513	0.11597604873192074	0.02306906195912159	0.041287594063393024	0.1751593969264887	0.031194983116936678	0.01657063144972855	0.19674638567622255	0.054247859898808676
0.05181722572324789	0.23754140938821228	0.1317680895132214	0.0313854169533289	0.03732723137638953	0.1872026227761378	0.05038456856640924	0.013071786779166789	0.20594243255528688	0.05355921636859928
0.08648063935741224	0.18819040663949124	0.1441513537548469	0.023142633337897872	0.05326696270756653	0.18013099171546307	0.04872632937627122	0.013469585585607832	0.20232254515197257	0.060118552373470475
0.058137648830889586	0.20629386662825006	0.17919053059946285	0.03153575278169726	0.03918954258330702	0.1783072540671612	0.04736118293573839	0.01278376678523288	0.1927288178905615	0.05447163689769921
0.05890397946413557	0.23700084229383706	0.1512174505351588	0.027906761703502453	0.03668811528872305	0.1857479888296486	0.0548631758018769	0.015411858588538996	0.1831932842132304	0.04906654328134816
0.05036228466222068	0.2821643443209316	0.14953687766175047	0.021542458662475172	0.03821976523252418	0.17909159858887597	0.04303654652653967	0.01361131231899984	0.1775970642981633	0.04483774772751908
0.08725056714526927	0.1907069507743001	0.1229873350412343	0.022247704700604887	0.05719622245017661	0.2080055757826564	0.05216827598082726	0.016341467751825517	0.19058061972734455	0.05251528064576108
0.0860485673686922	0.1984318848880409	0.17488977639916867	0.022940558147723222	0.05696618166374871	0.19346347088989835	0.03801239947886891	0.011714384832695851	0.16002862636499898	0.0575041499661642
0.0852377726508828	0.21304251177079814	0.16339542648741034	0.025767281627530073	0.044483393375938166	0.19638788562763332	0.0483943495470219	0.011804061031435858	0.158651123467213	0.052836194414136395
0.06456509360941604	0.2757506422415939	0.11727430091448007	0.018881892111259846	0.03804454857516253	0.19174747883803317	0.051451733230819495	0.01175491607105554	0.1771058168747352	0.053423577533444226
0.08014013470024946	0.2153410451466104	0.15131137599255307	0.024010357935026067	0.05529133414539115	0.19238776233807076	0.047969529183085426	0.012701927713038214	0.15971968795909133	0.061126844886884135
0.0839778356853065	0.21812130706644267	0.1362646651758867	0.02955280688676956	0.04939230143506401	0.1912848253324238	0.03334879299351917	0.0164029804970436	0.17836414644740786	0.06329033848013606
0.04061626405351297	0.25345049061403485	0.17866259124416967	0.022724639339158748	0.05326159293034882	0.18218459049171382	0.051479721587155726	0.01575256350934212	0.1558549844432784	0.04601256178728487
0.04438174719094266	0.23415781742147018	0.14467970065629365	0.03144819400702563	0.045024281867068305	0.18290628565644293	0.04503531768704987	0.013932861006547753	0.20694711266295118	0.051486681844207904
0.08481493465716643	0.22716531404556323	0.14945103481151376	0.030819486527236734	0.057193492829284015	0.16376388268406294	0.055879696082331114	0.013196045755211036	0.16085451543855891	0.05686159716907177
0.05080632077151346	0.18336843596726893	0.1839918061297816	0.0187883021561851	0.040467471410784384	0.18847570990325802	0.04722863896372767	0.013539371177578072	0.20694238134919682	0.06639156217070591
0.07889054904051465	0.19492927098799773	0.15893566309497653	0.025578673645618125	0.05705399285413028	0.19972395208417004	0.0534890168698384	0.01277013996810887	0.1607002457426382	0.05792849571200713
0.06923822625616177	0.19212407317154706	0.15667708087777704	0.023644317520710625	0.04859490604562133	0.2059634455321508	0.034226889858765874	0.015974821913432982	0.20554421113842497	0.04801202768540749
0.06599013610552373	0.19791204098579895	0.16852835804252495	0.024554214195827553	0.04938781699533621	0.20326618492934617	0.047459894086190425	0.01677880258660891	0.16232801743976882	0.06379453463307425
0.0449913527972173	0.22997329422260315	0.1812071621426794	0.022576158779697986	0.05778289766256593	0.18846006368537038	0.03823925336755929	0.011672684715690093	0.16103909878791425	0.06405803383870223
0.05504087996455301	0.2615344331154092	0.1385250060773482	0.024681788959805162	0.046648467167161804	0.1736097485970512	0.03997225272286824	0.01320365724243816	0.19226903419097485	0.05451473196239019
0.05720864625142913	0.24917621750534164	0.14206950459016288	0.02742362177101336	0.04173765427046354	0.20076269179312262	0.046992138163261976	0.014600355867943088	0.16980153518268928	0.05022763460457251
0.08296942848498476	0.27253458138697423	0.1302022071188418	0.024054445033780528	0.041868161007880975	0.15809518316124294	0.0334415437275104	0.016936537229475065	0.17575939561954557	0.06413851722976369
0.059189447341518514	0.3008645233316941	0.14824965011235677	0.0204030227085919	0.043321545340316944	0.15715263466162446	0.04540135118883295	0.015212132188891808	0.16472528328516625	0.04548040984100629
0.052698587122984766	0.22044524996131695	0.17001597328703477	0.020250234855045346	0.04722257436708239	0.18219406945336755	0.030551669821292607	0.016613151892788697	0.1966119978970629	0.06339649134202396
0.08065101236440095	0.24617775341655668	0.158995514008287	0.021548491588895533	0.04102372300428183	0.17279297240734248	0.03185575128950684	0.015002807542516941	0.18932880772664057	0.04262316665157116
0.062210377616355755	0.27360872444021483	0.13732760536673494	0.026127787048331963	0.036891739590253284	0.18206666069940064	0.04489516520486964	0.016348494072506076	0.15540771407633913	0.06511573188499366
0.043595828133971566	0.2955422939364303	0.1567717608463475	0.020544612674797624	0.05021204740229314	0.16134126222662054	0.03631210005711448	0.015738572318446067	0.16718759873601768	0.05275392366796115
0.0446704926472857	0.20097016513563626	0.18192053095663518	0.025233245527439982	0.04957520965356681	0.17245707356486079	0.041314468074845345	0.01541558132178103	0.20674139222746296	0.06170184089048587
0.047182027670575256	0.2076441455590327	0.17563231536680585	0.01924751504398385	0.056058321829084885	0.2060512642661117	0.04623108161814449	0.014565489419051364	0.18166405922680356	0.045723780000406285
0.06930000621210769	0.18538436551854404	0.16198372413600642	0.02527327098903273	0.05359982426877985	0.19974827974199305	0.05336655582523563	0.01603855363327754	0.19151202133638429	0.04379339833863876
0.0862421163651294	0.24349225212704756	0.1566274414426848	0.019510502553964193	0.04938340637912572	0.15735533843979652	0.03281463263679332	0.016507705032993272	0.17000665194569892	0.06805995307676622
0.07429606328832336	0.2782319242346332	0.13757578008611	0.020197287817553575	0.04973369954896421	0.16019402758306728	0.03510213133528016	0.012630544891827133	0.18452864257999524	0.047509898634245845
0.07092821723720813	0.30339117914700336	0.11714879739018294	0.025817776813119836	0.056315082132236044	0.15641770485780251	0.03725233748761542	0.011762521416648408	0.16860029225843987	0.052366091259743466
0.05965381665957431	0.21020953231564854	0.18051062032230453	0.023103734430858808	0.0517340115655797	0.16426938964700166	0.03582288236516731	0.0159929036193783	0.19890521862179267	0.05979789045269428
0.06256497000025762	0.2443279838323622	0.11999893989690635	0.024685561577985432	0.04454221349530383	0.19323510155928897	0.04850931745840745	0.013038240924454783	0.18449815358212734	0.06459951767290598
0.0853306891428682	0.22169372057989706	0.15723996184438205	0.02789542421218434	0.03870367198499361	0.17664700742333023	0.04914181361173245	0.016607119909673618	0.17422338010163796	0.0525172111893004
0.08146202800418637	0.2722370798773933	0.12103226876713986	0.025455630841373394	0.03789365282866032	0.18251421709881482	0.042236354828436434	0.016617343893329042	0.17670491735296778	0.043846506507698536
0.0720202076156323	0.25972802961301816	0.11817417225536267	0.03179783064451354	0.03899942514684792	0.20508261528454585	0.032426345950297655	0.014086304492525556	0.16122391315959828	0.06646115583765796
0.06470265538616263	0.23562889093866302	0.17307136865920525	0.020589288495020355	0.038192623993249984	0.17880575172038526	0.047304694116225676	0.014998755548031567	0.17545787452751122	0.051248096615545045
0.04761828317786987	0.23821937866760134	0.13421669920959134	0.028708093444678062	0.05346987915018598	0.19677106320348114	0.039906790472530054	0.015728278115490754	0.19394251429371537	0.05141902026485609
0.0898699133512121	0.19619569702927853	0.13143144763126302	0.028781938500433493	0.037850139835645634	0.19342309103424785	0.04223703215858588	0.015333923294073598	0.19997691250108227	0.06489990466417762
0.07969311188818555	0.21419248607474337	0.1494540320909493	0.019037842145789102	0.05357111067710241	0.18017222626222915	0.03237495916062791	0.016708358111601748	0.19962128590381917	0.05517458768495237
0.07082369349879236	0.22515885396168223	0.1259886707417324	0.024580599159179137	0.05686000553973486	0.19608117615535592	0.04766952552142065	0.011950998717728381	0.17620454882185183	0.06468192788252217
0.07698197204084596	0.27306250011252486	0.12760420285840002	0.01885440122176482	0.04079145650004534	0.1946999002840833	0.04505574730525366	0.013286989287163667	0.15688158811591327	0.05278124227400503
0.05263913836957871	0.277698341447317	0.15452322576118238	0.027971532864747878	0.036413611373261656	0.16512652663316535	0.041003040928334886	0.01179936749515434	0.16556491209197505	0.06726030303528277
0.06611246870795931	0.24428531913886398	0.12615484785232187	0.02997894477258467	0.04168321540068096	0.1765562744026739	0.03082426721830138	0.01227351566193012	0.20658673453134252	0.06554441231334125
0.048281042909467706	0.2128305082535837	0.1441946377744049	0.02775566343083448	0.054094269914606426	0.19812807234732313	0.036573105792049435	0.01214237568140264	0.2013212035824691	0.06467912031385843
0.09047145684971707	0.22262743996465972	0.13485222577866532	0.031162996731094406	0.0452387376753888	0.2074681554894744	0.03674532626535859	0.016878917391306064	0.15834213135230024	0.056212612502035304
0.05641017621504571	0.23798847076126978	0.16479484359900415	0.028106580751691645	0.053236286278654	0.1618735320581013	0.05555958547009392	0.016154863728400554	0.1749622834073466	0.050913377730392326
0.044561120839087434	0.2832388349491667	0.16655078056633377	0.026470931612436965	0.040264241162183745	0.156035903050678	0.03560502626360576	0.015055405825969426	0.18334568332945167	0.048872072401086514
0.04399671312407712	0.27957671626987207	0.16838875933699182	0.026978940992326797	0.05458116583057647	0.15759690038298046	0.031553345302149344	0.012349946562120656	0.1809163839747937	0.044061128224111554
0.05676003154112601	0.24081506005391884	0.14617693794243922	0.018483091974734897	0.04708863237846988	0.2063770138545401	0.05016924649504895	0.01687017752853935	0.1678084882024563	0.049451320028726445
0.06312320160003183	0.2225187396214457	0.17039512268753101	0.025410900153482602	0.043068273401372724	0.19064313013989836	0.03270153854320644	0.01570267185419666	0.19086066926402834	0.04557575273480631
0.08036353250435552	0.28984997827433306	0.11829510164994606	0.025169348188200616	0.04726915470768332	0.1694995924194826	0.045638565412469356	0.01271417397772849	0.16470271754037463	0.04649783532542633
0.06750054742581223	0.2742963122529712	0.1386801841832735	0.030925622562084032	0.047690941139166644	0.1795647725391957	0.03162834745286659	0.012795086818845003	0.1564000962547335	0.060518089371051575
0.09286391486228027	0.2065766454727308	0.14616395425154946	0.02824206058047772	0.05095241221828792	0.1683043422505197	0.05148464870285029	0.012571696208370634	0.19350793562798954	0.049332389824943555
0.0439989413916679	0.3160966776522703	0.11962463997005732	0.030807477898062777	0.053997411262254214	0.1684987123441395	0.04917741085505154	0.012229238244280197	0.15851056919187956	0.04705892119033668
0.08017586725273042	0.2150199090201615	0.1572439008764868	0.025779362840411546	0.05061602742271039	0.18818295054940615	0.044654984579897444	0.015011619464908643	0.16901736019915364	0.05429801779413343
0.08027637138984282	0.21007221050173897	0.13096564284772097	0.0300066650909432	0.043396899787635564	0.20702485630241674	0.03612341768188254	0.017003552772083277	0.18478737688602695	0.06034300673970895
0.04956108617454878	0.19734598751195653	0.18297065142764057	0.026255307342158557	0.0475272584097823	0.18983174536072905	0.04828733484703061	0.016918362018506272	0.1735983389865631	0.06770392792108419
0.049490836326319565	0.2134902237364399	0.1763155248441875	0.022779714305562665	0.04945645200706187	0.1874241440520707	0.054235878424266706	0.014137159286487233	0.1860108682396156	0.04665919877798828
0.08881465653859652	0.21903806707395518	0.153465977036045	0.026928407077489586	0.04944336266779356	0.16051854329672727	0.05080488174710959	0.01586929992384084	0.1670108182693113	0.06810598636913107
0.042707444215287126	0.23879841930830553	0.16231305353454845	0.01975331950561504	0.046570599170597526	0.19382361766828926	0.031108151737073694	0.013851980505633535	0.20065718429499918	0.050416230059650624
0.0869957125272362	0.2007483578915455	0.17333886432597412	0.030125755233240098	0.040930276579334755	0.1797172048656616	0.03137824495498205	0.016938649730315322	0.191346290094388	0.048480643797322226
0.04742638576090637	0.25156287025151597	0.15776001710231063	0.023864121793395227	0.05796462517651395	0.18927306635985242	0.03610430642012834	0.01209182977061296	0.1622307424556679	0.0617220349090962
0.0793220123750093	0.1954492566073271	0.1344054278862285	0.03012050166869963	0.04965369550580883	0.1941660378786595	0.049190065530664843	0.012697344852515322	0.18813709410573976	0.06685856358934725
0.08655103046469759	0.21421001073021168	0.18486936930830594	0.02246791621893518	0.04086523890813426	0.17652144771645373	0.04519756259824399	0.01252292324336396	0.1576211766725243	0.059173324139129346
0.06826599865481353	0.21075568604056644	0.15080149135119833	0.028300704428106532	0.05569428397230257	0.15627517308028116	0.05589935534625215	0.01580365249037516	0.19153186732318034	0.06667178731292378
0.05017380031121828	0.2796318441628512	0.18137136595652437	0.018562927235601434	0.0466479860446455	0.1627012161170015	0.0371784021935819	0.012512423460574601	0.1572844702341247	0.05393556428387648
0.04316245174241465	0.2716706772755178	0.13615282080300958	0.024498275108117515	0.044096945879179866	0.20156707142209174	0.04239497589349752	0.015647251784555005	0.15935636831040495	0.061453161781211324
0.07795146801022038	0.2136659413912485	0.15591298904549605	0.02170715801569087	0.04545450909796647	0.16319242055051425	0.04434256920169306	0.01380240592515014	0.20432677266670918	0.059643766095311065
0.05828742331029962	0.2520128901774552	0.16066172638526324	0.0200597578605433	0.05692400217232552	0.17692398067874	0.03245217062431634	0.01693701635354622	0.16258583898773787	0.06315519344977266
0.08113340198749032	0.27716978478177495	0.13882742348839563	0.02070102235229461	0.049055071567316755	0.16094527983747228	0.04644154586444067	0.013534551611428816	0.167242166986123	0.044949751523262985
0.08838329857002378	0.233173512575928	0.1776908964080764	0.01893260780559848	0.0391001027721373	0.15945801024933154	0.041239331425228905	0.01278273858639864	0.17809632193216499	0.051143179675111894
0.049571593912769926	0.2358727355986453	0.12984884933591193	0.031300010654848234	0.049987551488417305	0.20791357499458174	0.042712348906192646	0.014730098587124749	0.17303313582157917	0.06503010069992901
0.0422347606900223	0.2833401321539312	0.11867663018933092	0.019125077137718785	0.054002113899013486	0.19750919580773862	0.04435050252713861	0.016796313479437067	0.157300521393629	0.06666475272204
0.06256382549334576	0.2979528025582895	0.12120234100595419	0.031199237030363675	0.037980568551168506	0.1697587852142542	0.03989384753118984	0.011641569020831008	0.16385555671014673	0.0639514668844566
0.05210677077706261	0.22423319300220412	0.17319350205959216	0.028607496957804388	0.04995399684589506	0.16573728756392703	0.05458224136259079	0.015620030948969757	0.16973925866390993	0.06622622181804405
0.07248478393653056	0.21698818419833965	0.16451616533786714	0.025204892206216398	0.049734003976579594	0.20344391134195888	0.043302778687738006	0.014429460280904582	0.1547926955137741	0.055103124520091085
0.04631948895065603	0.22543814679537416	0.1792351394345365	0.01863487244201316	0.03846382291129657	0.20367881814131192	0.055899859835705716	0.015805891679794973	0.16009380545117047	0.05643015435814064
0.057586407818419644	0.20329254202520922	0.15239408427565465	0.02406605337051415	0.04748373385827834	0.1820625913568164	0.05311738667606472	0.01640652641775049	0.20248967150617586	0.061101002695116535
0.08689254266613788	0.2294027050730858	0.12797463715093277	0.021566966550647687	0.05382571716148797	0.19911141014589567	0.04713739037062367	0.014845471416686476	0.17680351607667455	0.04243964338782751
0.08791319505929238	0.25025810277098914	0.12093837084071316	0.021712358219058245	0.05747212185212649	0.17979618696205207	0.04340717947611723	0.012977470178846845	0.17900864172861303	0.046516372912191406
0.04168086511276419	0.2345207860780259	0.1853037551644955	0.03137772591883166	0.04041499393674516	0.20577311503012943	0.031621307937001866	0.015010211755240283	0.15493741665979965	0.05935982240696639
0.04489832854515989	0.23289980182324826	0.1219191766585688	0.0320009873245657	0.05372688015788368	0.20254175333867314	0.03437827248128736	0.012791883056917266	0.2006174863100631	0.06422543030363274
0.05454672208118433	0.23944059750169622	0.13689409310441408	0.031425144807419356	0.0495789707137729	0.19846775390437488	0.04983003739564071	0.015812275625381497	0.1661745614107436	0.05782984345537237
0.04221629425689595	0.2288779185279357	0.18381821045720678	0.027450616584930185	0.04132585121567463	0.17936927323421514	0.034182292584838556	0.012927009066162398	0.194110474596423	0.05572205947571769
0.08458570001123679	0.20601680434199784	0.16741608775520234	0.029624529022137136	0.04158870132501838	0.17603262609568515	0.0370943593779588	0.016593029552226496	0.18413091611673016	0.056917246401806836
0.057634345770284576	0.2223930480318394	0.1864826252644477	0.02320650544567504	0.047501751654748764	0.18806798948056513	0.0330930790137081	0.016954295766206676	0.15894567971480156	0.06572067985772301
0.043883879494636596	0.30534487567960117	0.13666012498543473	0.022500247715380173	0.041129442294968434	0.17329813032863073	0.041350604960332625	0.016085711166095168	0.1557938187515692	0.06395316462335118
0.08945906353946129	0.26832298463896453	0.12301739805456097	0.02786166124381735	0.057077078213655465	0.15642094743442023	0.053311649842723866	0.015597106582172865	0.16111712618373739	0.047814984266486005
0.05740743897162419	0.25945377223853666	0.13468059422831846	0.031782328600561766	0.0511415861290063	0.17603132937710217	0.03915085148981525	0.01526169563145302	0.17042368636102723	0.064666716972555
0.054975576690161634	0.1976704544332649	0.18319391868272505	0.026755322336592613	0.046081968014217475	0.17220752482536184	0.04664328234609676	0.014428698369421858	0.1990017118628627	0.05904154243929513
0.06640685292801242	0.23537886388475926	0.18078695406036704	0.01893167790574285	0.041525949999261166	0.1641052508126474	0.054594794046479336	0.014390645859161444	0.17915499952813105	0.044724010975437975
0.07568515714861965	0.20913411823944905	0.13408949843108087	0.028490042853156594	0.048832396744576234	0.2051783386893592	0.03338357852170072	0.012843624044238694	0.18884227113704194	0.063520974190777
0.09043535224915267	0.208942919635123	0.16147290020685703	0.030862483977452032	0.04830576607544056	0.17492034579037133	0.03885118708360307	0.015493107332784625	0.1835082591456349	0.04720767850358076
0.07775041784415095	0.2000652886402682	0.1776219174792482	0.027720790386965788	0.04693771463190096	0.20914972265655968	0.03651787071496222	0.01409294680794089	0.15907919272101304	0.051064138116990045
0.044784304975919724	0.22994843483754102	0.18556044056484783	0.022433750348066397	0.043399298223115286	0.17982420455589843	0.04081180311944934	0.013435050875810678	0.18213830984703178	0.05766440265231959
0.0488787972021738	0.26504314959433223	0.14165357954209112	0.029204655564905993	0.0412035438457871	0.1795310212924882	0.0492023027077026	0.014441916737271437	0.1774500345790958	0.05339099893415162
0.08350795492284438	0.20728180279679065	0.16476155240291215	0.019952391909421482	0.05831751979523184	0.1724432822473037	0.0315518436505627	0.013896578501661469	0.19189960579199186	0.056387467981279735
0.07201334253178165	0.18704577532630406	0.17119067205903649	0.029221379485632665	0.03807335517470179	0.1955504381100428	0.05068110614150526	0.01591367193035563	0.1849019743407162	0.05540828489992347
0.054136270338964156	0.21513266353812127	0.14754578015796008	0.02497274221836858	0.05119668326457029	0.18539296944533984	0.044839111683826295	0.011649685284815262	0.19917250472965348	0.06596158933838074
0.08100351395804103	0.21408062454329446	0.15437187152454088	0.030065456064746005	0.04557382468883556	0.165319245034915	0.04827932084325499	0.011805802211502792	0.19118371525550815	0.05831662587536114
0.07294495538804723	0.25382596779257993	0.14355626933420645	0.018351196808504444	0.05119072858573165	0.15902905413746796	0.037023043100750386	0.011954874370801685	0.20545690330355879	0.04666700717835143
0.06410545739596807	0.22677931945568996	0.1755170757356804	0.024007544954636292	0.05213415895608416	0.17817521665937605	0.040801284052611166	0.012984640687417767	0.1804535705462963	0.04504173155623978
0.054143312526779785	0.28459415914128655	0.12739565056304214	0.018839298490818154	0.055331439128057366	0.2028086896459131	0.03881231666712031	0.011674913984837124	0.1548477053894321	0.05155251446271335
0.0655035683012811	0.204923110043703	0.17297959002307006	0.018654721090755264	0.05272195645549531	0.18295221170551507	0.04529791865036008	0.011949792536788365	0.19294274209854745	0.052074389094484294
0.0634890820241556	0.27445774807350276	0.1688963434333823	0.02110448246409577	0.0367050326726243	0.15870035730986135	0.037841371299460524	0.013806291988990721	0.16995836502125536	0.05504092571267125
0.05060535516555209	0.29279836018527816	0.1148511611697165	0.024490066762040005	0.0402321788907933	0.172093079314928	0.05395936063804377	0.013466345629196047	0.17987502449711867	0.057629067747333514
0.0625276445984557	0.2488774121489808	0.1239887228181878	0.026139923807037058	0.04829381882927563	0.19362754395265527	0.032585175506234465	0.013791290598223135	0.20683048791928363	0.043337979821666484
0.08120532269487536	0.24973624587850962	0.14529982869640468	0.027242148102793753	0.051335048674541355	0.1691554387561816	0.041998632774209725	0.015293000029747483	0.1657031080540217	0.05303122633871478
0.08594241291438269	0.21729906631149004	0.1584507670745352	0.029431298488589802	0.04931465225432804	0.17312836020181438	0.030931485922354354	0.015464067471755591	0.17396820726096518	0.0660696820997847
0.05521117919397603	0.24180749640065857	0.12902655289248532	0.030049574788887687	0.05125182257835004	0.205023521882776	0.035501765178826014	0.01643094759912625	0.18638959086766776	0.04930754861724631
0.06514249207345507	0.28709593318017146	0.14891352529628596	0.021959063994747785	0.046649579835856436	0.17255579681951175	0.03765176679099259	0.01373971061354931	0.16018119998961833	0.046110931405811253
0.07638231053548447	0.238835636358749	0.14534506738489397	0.020790457038331434	0.04262851389413739	0.16723651725519662	0.043104374969403864	0.01648214287885673	0.2014903913821235	0.04770458830282304
0.09056781119301849	0.1838378305771766	0.16924937536295862	0.024447538706914962	0.037429488572983685	0.183544428709702	0.054693241673420864	0.015684930964398963	0.1745180859222284	0.0660272683171974
0.08543601772882763	0.18358056957294167	0.16078102502275615	0.02854983863666341	0.058888303160209855	0.17063925172120314	0.031058591591601348	0.01428950070317174	0.20668216098571435	0.0600947408769106
0.06103768010905834	0.22182298418934127	0.14311258405070382	0.026770270290331383	0.04571124994870912	0.1940913251650613	0.050730317931512135	0.012276917201398785	0.18987296474988768	0.05457370636399613
0.08608176030190971	0.2476830193708207	0.15342125072838897	0.023972218255715952	0.0405556544007407	0.15722172641286086	0.03641781695122774	0.015405938078316764	0.18879655132777629	0.05044406417224225
0.042720463295383586	0.2235717409930164	0.13117422626825556	0.030545939259214366	0.056185852081818144	0.20931855304936645	0.05429155000195873	0.0135320085282917	0.18077359994621875	0.05788606657647629
0.06262402335708658	0.22893474819652243	0.17116415404171967	0.02716928929332925	0.0405415570084553	0.15638825661862207	0.03946704992397319	0.013067916120878056	0.19770795134581476	0.06293505409359867
0.05401764642464473	0.2237048843570882	0.15964533766081068	0.02965672735062208	0.04195064822886372	0.18301405420229863	0.048462140585179954	0.012487498967479374	0.20088894515645905	0.046172117066553595
0.06358033559950524	0.27817676291981086	0.11648832792448678	0.027009800159346814	0.057149487315655244	0.17877245697435162	0.053922584554737786	0.0136999326780997	0.1628610733517566	0.04833923852224935
0.0694703242734045	0.22865186968080314	0.13691397075561346	0.01957385017443615	0.0372101059587957	0.2008516222140968	0.044000891518068755	0.013258521751888283	0.1936358430347217	0.05643300063817153
0.056281243737468685	0.25158456332002616	0.1549028878966446	0.027268912104031887	0.03935581115507693	0.19558064216172993	0.038921655778136666	0.013387573321280544	0.17067360632490203	0.05204310420070256
0.08021945662648791	0.20588492330663438	0.17009489112084253	0.027829739381134325	0.056279831197754045	0.17313746953471454	0.030586123318412303	0.011948612034664158	0.1784085589930795	0.06561039448627626
0.09129395421450642	0.21689342241829246	0.12223962162922065	0.03054377788159557	0.04450421312681193	0.19244258816608925	0.035970946434983095	0.016586581744430617	0.1903363911651788	0.05918850321889122
0.07607639708188402	0.1880709572901133	0.14275135321018803	0.024818683867072394	0.05760097793453282	0.19506419915035653	0.043825582361336615	0.011971229253259108	0.2057638047699169	0.054056815081340276
0.06843085725883274	0.23466828945268603	0.1836621027692829	0.025589814896331345	0.03714467746236946	0.17025831465970787	0.03774770728461017	0.011764869354619303	0.1873965589496177	0.04333680791194243
0.07673958601953312	0.2646207398928098	0.143225034029867	0.027744384160142188	0.04944830129856457	0.15699550275268892	0.04980933972892679	0.016743970286071053	0.15425088793798536	0.060422253893411174
0.04069386817017655	0.3130519612045415	0.14153474094198107	0.02629181901866956	0.03953538286841939	0.17177604628509102	0.04097350791771008	0.012924722552112466	0.16036356767490648	0.052854383366391956
0.05714312419565807	0.2645602282406402	0.12889406703984466	0.025184960478005405	0.05651859697296472	0.16228972437429134	0.04588802047240131	0.014131005041466346	0.20074721111584537	0.04464306206888259
0.0737873385890277	0.25351334856725694	0.11612176302073061	0.023460720962343473	0.03978836849873146	0.19166784318028507	0.0332504689607762	0.014449500437545906	0.2038611296303673	0.05009951815293524
0.06725535122559431	0.19514987765260178	0.17393189422100302	0.022666233803401784	0.04905741499940506	0.18118202691844598	0.04208911836146146	0.01638615903858809	0.1982088063246386	0.05407311745485983
0.06152016318701537	0.19572084374545196	0.1528522333630176	0.031649223031950516	0.05712065554671547	0.18857920640025289	0.03685561940419288	0.01476786075100077	0.19880091783105364	0.062133276739348986
0.04640160546270312	0.25264840343759654	0.14382309323123144	0.02879736671027895	0.0500089203225066	0.18243622823697586	0.05278744377209755	0.015468552099677055	0.18057378688565495	0.04705459984127788
0.08804267132733083	0.19543409160148542	0.164167289189358	0.027161682226283734	0.05026500558494808	0.1958754773215583	0.03874037423748203	0.0127140320313779	0.1786778280921721	0.04892154838800356
0.055980788851276095	0.1917536435757733	0.17810312806012768	0.023145383907775263	0.03965162197795631	0.20735932068503243	0.04162846316387901	0.01591171950039251	0.1941630718075518	0.05230285847023556
0.079407692739636	0.20184101513413993	0.1629084255135455	0.030836050662743683	0.05729012706472089	0.1712459163864768	0.0326579502258184	0.014111356327997746	0.19698961958451405	0.05271184636040699
0.041256934573539024	0.21642808985780604	0.18536022278562142	0.02321473600979103	0.038011662092541317	0.16929476617274403	0.049189872234557966	0.01695007556853069	0.19254775978977762	0.06774588091509086
0.08958584791120089	0.216100762487259	0.13132087651231808	0.021305632361209262	0.043234018107696504	0.1953887912312683	0.04633746901781536	0.013158699585994818	0.1773921045356494	0.06617579824958833
0.0764224180638544	0.2396852495135629	0.15080707736656368	0.023554189648230597	0.04204340630641663	0.1671660345705911	0.03231049048622864	0.011880462752268922	0.19807890630185127	0.05805176499043184
0.09156890597295547	0.25251437325818843	0.1504565485412659	0.031008100305637262	0.04479881041679053	0.16081134143117132	0.033305166851400725	0.016428646679566297	0.1562167647374646	0.06289134180555941
0.08794758506334055	0.22131461588942325	0.15598654539687615	0.02549732043126761	0.04736774140674134	0.19820002342074589	0.04396244408902617	0.012596942159506394	0.16085946039736462	0.04626732174570797
0.0769187738119864	0.2199347509561982	0.13242383449943684	0.02420690769862366	0.039941546251288165	0.19322916766423026	0.05329025450549481	0.014270839278434158	0.1779269343817542	0.06785699095255332
0.05347684652108688	0.20233211766214176	0.16106741000146307	0.03110031304575195	0.04083951157433587	0.18440398153274137	0.04864786693097882	0.015037433631036878	0.19677941195886223	0.06631510714160112
0.060661193290290044	0.2996323734473635	0.11882498301866093	0.03127431766969149	0.05707142617574009	0.1893736702331184	0.03259176867930119	0.012623803631101202	0.15417358243161777	0.04377288142311529
0.08905395276574307	0.22910200213488446	0.14119089901310766	0.028697720300486035	0.05127911536258923	0.18541093942814685	0.0342070244305364	0.016166362103785387	0.1795067852727255	0.0453851991879954
0.06178351020264561	0.2453949771397702	0.18187654541677284	0.022877759663107053	0.04472102114192537	0.18034091554220355	0.031484865943507995	0.016099504729416125	0.15569890041574508	0.05972199980490618
0.05494470978815671	0.24887626213226005	0.18343132770195103	0.02667549732103157	0.05085696777285225	0.17493865950110582	0.031772503155665544	0.014099760221629273	0.1631092458124217	0.051295066592926084
0.04812797994984908	0.2625417323214361	0.1678335033386151	0.029067310415505115	0.03958295827071887	0.15641160937651838	0.030888771932914394	0.013642480374120192	0.203506336824143	0.04839731719617969
0.0750454428955622	0.19652046181596647	0.13933884266333724	0.023306404043813178	0.05280511113739491	0.2013248197610507	0.05568262562466334	0.016048982406578274	0.17362187791852657	0.06630543173310702
0.08916518363834149	0.2762884027227088	0.12423370382907534	0.023175657377337622	0.05046873426463102	0.18191608801143236	0.03455389305672393	0.013548147397084653	0.15814140225110182	0.04850878745156294
0.07478504254349194	0.20744540941201633	0.1306915342394383	0.027240539841615716	0.0397829616389252	0.20216443898090958	0.0477692815198666	0.014005129722291912	0.1987528042032673	0.05736285789817708
0.06662327805358037	0.2235264253283695	0.1520329363124095	0.021271086841906747	0.041178240534336594	0.18699455145909033	0.05057616733624232	0.011805462708873102	0.17802553492580409	0.06796631649938739
0.06391879282756276	0.2260151574227925	0.17264471268830844	0.02045978700973941	0.055176327786260734	0.16992277213963303	0.03268911294979866	0.013589156669462837	0.18493538954874986	0.060648790957691795
0.054671349887748556	0.20875482716133406	0.18367129619708764	0.030776803245996076	0.05473357896792948	0.16342120894310608	0.03151110836780961	0.015185501799435425	0.2057115614827998	0.05156276394675317
0.044319946497298486	0.23971972198512576	0.17778015611068018	0.025554860222671616	0.04971910348758918	0.18032883230573404	0.04140078626855568	0.01583377544648408	0.17430950904951792	0.05103330862634304
0.05893830296650347	0.25705066750154665	0.141167218599925	0.031002192064311457	0.04043444463420595	0.1919140871944065	0.04245957142614821	0.014619357098672237	0.1625319075978801	0.05988225091640031
0.06763055592795228	0.20363192573059302	0.16647006720910845	0.0296386347219139	0.05634337648798292	0.19523699201837325	0.033896151463765026	0.01653011424443228	0.17049981163958855	0.060122370556290265
0.07950163730600732	0.24905168487253504	0.14018131114883003	0.021631783434451837	0.03807799618246968	0.1932147075686822	0.04393423625396621	0.01416964989985954	0.17467135036153478	0.045565642971663364
0.04656550703244096	0.2343489023543749	0.18464542913136908	0.02884761768047253	0.039088684573067536	0.1561091730777559	0.03981499803382258	0.015770731889113043	0.1914878326831147	0.06332112354446878
0.08549228550675288	0.18231598075820538	0.14790946203230876	0.03087755517914005	0.039295919284683165	0.2013081404051969	0.03072347812786301	0.014080749531169848	0.20423429716529828	0.06376213200938166
0.04796802063040032	0.24516500556948978	0.14743356972185145	0.03039683865536616	0.044082441827122475	0.16689655076342408	0.039120267227643085	0.012019068099334937	0.20261103001381253	0.06430720749155515
0.04180530941236142	0.2413363467801869	0.15843219716865836	0.027811653765017957	0.05370417278601702	0.1628076012368907	0.05149836763388867	0.013770201989082048	0.1829078505261842	0.06592629870171274
0.06369803127434634	0.23755622069040744	0.14333549299750314	0.026750641779322917	0.05063012559728262	0.1793810080721503	0.050361326484019815	0.013792229568461142	0.17007305989577612	0.0644218636407301
0.06943264296109469	0.2321360517699183	0.12442454294025515	0.024370565158833082	0.038743348526269324	0.1970833202073651	0.050481530015583	0.014329585928161553	0.2050690103084463	0.043929402184073534
0.09263386338998708	0.19381860678730273	0.15329677462391791	0.019226407475855037	0.055708426005230814	0.20283613910817525	0.050952843334682474	0.012428470003890205	0.15736111363178862	0.06173735563916979
0.04112363423412836	0.26771093117235645	0.1721782697258688	0.019250347595252182	0.058557033222509255	0.1934581965402915	0.032960149435623254	0.014709589022568983	0.15744399921754187	0.042607849833859346
0.05962636343653142	0.26260323239422345	0.14958892330547163	0.028833437976338236	0.055798377390276294	0.16114863138519575	0.035176003426076075	0.013994899275942219	0.1784577582548887	0.0547723731550562
0.09272623429245638	0.2491968625058481	0.1678235710802794	0.024192192026517415	0.039489353913934634	0.16653477046105408	0.03383354266490542	0.014170181217210615	0.15690323577266388	0.055130056065130016
0.052928771150960986	0.23151153661305174	0.16961358430364504	0.02277927443458405	0.048250849727425695	0.20078517035002144	0.03046153811051308	0.01217819982039435	0.1746391139086469	0.056851961580756644
0.06941516472491185	0.2829687180467928	0.11939065703184837	0.024809488056108026	0.05370609518860715	0.16017260844011896	0.03140292011520221	0.013850999411893994	0.19190809590942748	0.05237525307508914
