0.35195419017104684	0.4014056797065416	0.24664013012241165
0.3511465266708287	0.40111430611768856	0.24773916721148284
0.35805129289182686	0.3948118125305138	0.24713689457765944
0.3509938736766	0.4022457055118592	0.24676042081154093
0.35575446728996485	0.39791506522437503	0.2463304674856603
0.35725472573499284	0.39414027137244645	0.24860500289256085
0.35595586501078524	0.396705590522775	0.24733854446643988
0.35690728355295376	0.39586728815228767	0.2472254282947587
0.3539201809323417	0.399374567679396	0.24670525138826238
0.35585361273652844	0.39483714921130697	0.2493092380521647
0.3576347999669023	0.39277683850114964	0.24958836153194822
0.3583924776312424	0.3953372785951316	0.2462702437736261
0.35503938102603516	0.3960218213184368	0.24893879765552815
0.35375885831121967	0.3981754138272702	0.2480657278615102
0.35490546423896496	0.39576844570232134	0.24932609005871376
0.3548433267041358	0.3965698317339932	0.2485868415618711
0.35573124133016526	0.39664535447942395	0.2476234041904109
0.355318271812075	0.39524291500811176	0.24943881317981334
0.3585502485883094	0.39443427269575076	0.24701547871593998
0.3558099477063544	0.39644723183459885	0.2477428204590469
0.3526251192155381	0.3980330477349249	0.2493418330495371
0.3531333986966455	0.3986320291954159	0.2482345721079387
0.3546460588158019	0.3957613672230516	0.2495925739611466
0.3517514568593167	0.39885775772550397	0.24939078541517942
0.35533631840581426	0.3949179525067844	0.24974572908740142
0.35890192152538725	0.3950514855235099	0.24604659295110298
0.3567716187402995	0.3955040242521282	0.2477243570075724
0.3585213640026692	0.3937870641314769	0.24769157186585397
0.3516178664135996	0.3987839323705378	0.24959820121586268
0.3561691751976894	0.397083813298278	0.24674701150403264
0.35900447499643395	0.3930169674240824	0.24797855757948378
0.3507277993246413	0.40140547664928083	0.24786672402607798
0.3545732157201223	0.3991481471067856	0.24627863717309229
0.3513297821337699	0.40097454280503775	0.24769567506119244
0.3538320325772714	0.3976438421054134	0.24852412531731521
0.35608509729070303	0.39425958718348586	0.24965531552581116
0.35431585010280403	0.3992274802556742	0.24645666964152185
0.3543920662475314	0.3990313501443066	0.24657658360816215
0.35196661082007086	0.3998996225047574	0.24813376667517184
0.357511751369087	0.39390970619003657	0.24857854244087652
0.3510462646166078	0.40107407961883856	0.24787965576455379
0.3515876139253169	0.39942152951445864	0.2489908565602246
0.35053482189933577	0.4022346742790789	0.24723050382158546
0.35925903004363313	0.3947289773805294	0.2460119925758375
0.35712965959760107	0.39333765094450157	0.2495326894578975
0.35931305505932193	0.39432463226636305	0.24636231267431516
0.3516766929280414	0.39949324995569785	0.24883005711626088
0.35671230544764393	0.3962995931194154	0.24698810143294073
0.3533993920706219	0.4000652329270622	0.24653537500231598
0.3515874664939531	0.4015738903529902	0.2468386431530568
0.35396342595640184	0.3981996260141558	0.24783694802944248
0.35797506159972586	0.39335405065908696	0.2486708877411873
0.3511179202077	0.4018233154025388	0.24705876438976132
0.35198926826115906	0.3998079461376168	0.24820278560122427
0.35428919712169427	0.3969852201126015	0.24872558276570436
0.3533161975398097	0.39854206426117944	0.24814173819901097
0.35076961177713595	0.4011272771698469	0.24810311105301724
0.35431959652698736	0.3987544994295633	0.2469259040434495
0.35154797684940386	0.39991497025672373	0.2485370528938725
0.3548372990946957	0.39886251761310737	0.24630018329219705
0.3546688410614891	0.3979215773648823	0.24740958157362872
0.35517204096913657	0.3968077748038551	0.24802018422700842
0.35630180465348343	0.39467540968519543	0.2490227856613213
0.3588853689683003	0.39422872553896837	0.24688590549273143
0.3569769134081147	0.39413175582082577	0.24889133077105957
0.3585542820357543	0.39519656919920704	0.24624914876503878
0.3544055044419237	0.39743996379656726	0.2481545317615092
0.35180873136874563	0.40184314807887295	0.24634812055238153
0.3581444170384013	0.3958752587694634	0.24598032419213547
0.35779307325036724	0.3950168728163202	0.24719005393331261
0.35178784774731037	0.4014987912393345	0.24671336101335523
0.3553538896169275	0.3951436179518124	0.24950249243126027
0.35893889271968094	0.39497351947735215	0.24608758780296705
0.3553759662552123	0.3980162112453854	0.24660782249940244
0.35317319504104494	0.40034305862436315	0.246483746334592
0.3534627835112272	0.3975252652851793	0.24901195120359365
0.350395929637389	0.40217040702358725	0.2474336633390238
0.35509288890858093	0.39649140493325136	0.24841570615816785
0.35361952591493995	0.3993539799506178	0.24702649413444241
0.35557731108937723	0.3976860192648014	0.2467366696458215
0.355410963018823	0.39779713509297987	0.2467919018881972
0.35502173319720526	0.3956091118313226	0.24936915497147227
0.3554636231238726	0.3982090457473581	0.24632733112876945
0.35110690104648995	0.39994566082701655	0.24894743812649361
0.3550190809345846	0.395953810358055	0.2490271087073605
0.3509296352040638	0.40073868781781974	0.24833167697811664
0.3513915285152579	0.4019210904130016	0.2466873810717406
0.3585636000183645	0.3927503164903768	0.2486860834912588
0.3579022251870245	0.39323711546237927	0.2488606593505963
0.35570227199453813	0.39787382859199594	0.24642389941346599
0.35242283990870604	0.39855968638852546	0.24901747370276858
0.3533763201822618	0.3979978241654691	0.24862585565226922
0.3578896272786097	0.394364661301498	0.24774571141989243
0.35427819477800243	0.3970537537168353	0.24866805150516239
0.3559447254294934	0.3960795346308944	0.2479757399396123
0.3526648863709325	0.39782589362078663	0.24950922000828096
0.35985034039607816	0.3941349389508112	0.2460147206531107
0.3504101896303443	0.4001880783519667	0.24940173201768912
0.3510908170167598	0.40054352093408085	0.24836566204915944
0.35731532164733193	0.3962281464159855	0.24645653193668265
0.35552104588841543	0.3970104176999092	0.2474685364116755
0.3527235062331791	0.3992109513173687	0.2480655424494523
0.35726542272510486	0.394050858534213	0.24868371874068224
0.3557117879490316	0.39503355559057046	0.24925465646039807
0.3509158529152805	0.40224943395615964	0.24683471312855992
0.35148196178916497	0.40188077455543714	0.246637263655398
0.35363232211414	0.39975076370373297	0.2466169141821271
0.35539311231382614	0.398468497634759	0.24613839005141497
0.3512770758531518	0.39984661762818663	0.2488763065186617
0.3512149811450397	0.4000037587609959	0.24878126009396456
0.35501189787208254	0.39889423982214534	0.24609386230577227
0.35050486567176076	0.3998818975053284	0.249613236822911
0.35423680447478284	0.39929016790897454	0.24647302761624273
0.3511517705335093	0.40279052982740016	0.24605769963909058
0.35765325930952274	0.39281568001638134	0.24953106067409603
0.35283973426669796	0.3975374889961011	0.24962277673720107
0.3555771827420415	0.39677120191249204	0.2476516153454666
0.3509866879115501	0.40273446033559385	0.24627885175285621
0.35526470229206353	0.394867486287965	0.24986781141997166
0.3567404058332726	0.3936014786620603	0.24965811550466724
0.3594926614037723	0.3937952042207059	0.24671213437552195
0.3567485253903569	0.3940357953525855	0.2492156792570577
0.35553171133063033	0.39784651281554634	0.24662177585382344
0.35318997753297604	0.4007017723791697	0.24610825008785442
0.35223492397058587	0.39897150589597896	0.24879357013343534
0.3561900719884036	0.397035481781415	0.24677444623018152
0.35461028908635955	0.3973013313796167	0.24808837953402385
0.35587255256950845	0.39493267304618884	0.24919477438430282
0.3567684601664821	0.39702207515929216	0.24620946467422583
0.3525048615732773	0.40038127435796456	0.2471138640687583
0.350347728664036	0.3999042528890427	0.24974801844692138
0.3540907045987412	0.3976463401523814	0.24826295524887754
0.35435253849861786	0.39747387288887204	0.2481735886125102
0.35303735394509544	0.39941390959196293	0.24754873646294173
0.35780268286995265	0.39276589779727644	0.24943141933277102
0.3586525884279225	0.39440087245322336	0.24694653911885422
0.35433534825127083	0.3966070283408416	0.24905762340788767
0.3533821845559128	0.40000383136740136	0.24661398407668594
0.35276945573587726	0.39921165579979623	0.24801888846432663
0.3527746262843089	0.39938750269402007	0.24783787102167115
0.3583418634056716	0.39516940453115346	0.24648873206317506
0.35925669620947176	0.39407073276342147	0.24667257102710688
0.3543078329673874	0.3975497367412364	0.2481424302913763
0.35647281283957377	0.3946544156832835	0.24887277147714282
0.35274726356178104	0.4012499923130566	0.2460027441251625
0.3509137052258486	0.40193506495709846	0.24715122981705306
0.35490032999739524	0.39698547153929925	0.24811419846330562
0.3543340132674669	0.39798320783857727	0.24768277889395596
0.35577294210956173	0.39826272661652823	0.24596433127391018
0.35060314174747215	0.40023760109713635	0.24915925715539156
0.35871773618186187	0.39343353489124466	0.24784872892689358
0.3588738900130621	0.3937948978841096	0.2473312121028285
0.35839364331068907	0.39276302967039567	0.24884332701891537
0.3503695597766029	0.40275184345048676	0.24687859677291046
0.3536136324944845	0.3987992212568333	0.2475871462486823
0.35209058319867176	0.39856043148600856	0.2493489853153198
0.3518462334815144	0.40109730747042266	0.24705645904806306
0.35976042829666965	0.39293150336862703	0.24730806833470342
0.3534108191688291	0.39679188686658723	0.24979729396458378
0.3563428365051524	0.3963996127732068	0.24725755072164096
0.3506400021153542	0.4014627928573014	0.24789720502734455
0.3523651746401662	0.39851246614968705	0.2491223592101469
0.35634513147732527	0.3946531617772079	0.24900170674546696
0.35559204599906274	0.3973409327680382	0.24706702123289911
0.35642558050432854	0.39517871021699824	0.24839570927867333
0.3587195360545813	0.3943387506646004	0.24694171328081843
0.3513417536773902	0.3998816468511228	0.24877659947148711
0.3522383524220322	0.3993819166849084	0.24837973089305942
0.3578076539826723	0.3938929938740278	0.2482993521433
0.356679053736102	0.39590628341115003	0.2474146628527481
0.355660131991544	0.39674597706416775	0.24759389094428833
0.3557543173358397	0.3947948138995386	0.24945086876462186
0.3571177122909773	0.39557801539594484	0.24730427231307803
0.3583160577150442	0.3936960016508706	0.24798794063408533
0.353060382881345	0.39750208155562994	0.24943753556302517
0.3560921160826146	0.3945601888826203	0.2493476950347652
0.3565098839735348	0.3955729956585632	0.2479171203679022
0.3554165934011284	0.39831570681473605	0.24626769978413568
0.35312387110140897	0.3970729381455633	0.2498031907530278
0.3562781176783303	0.3948912611349338	0.24883062118673602
0.3576766442286822	0.39625480457457957	0.24606855119673837
0.3554542319337381	0.3984688099018504	0.2460769581644116
0.35197786558768557	0.3985425633191984	0.24947957109311614
0.3540829035671158	0.3998277458396209	0.24608935059326348
0.3520964172657337	0.3989855965446871	0.24891798618957928
0.35872795216189785	0.3935962051410149	0.24767584269708737
0.3554351333495897	0.39651526501128015	0.24804960163913026
0.3564800524549248	0.39528749133416374	0.24823245621091156
0.3540012507073229	0.39828440495539585	0.24771434433728137
0.35564219525191526	0.39460657486944706	0.2497512298786378
0.3540707690243624	0.39760762559435114	0.24832160538128656
0.35218994270402215	0.39843412395897826	0.24937593333699973
0.3553229081756141	0.3966825198343922	0.2479945719899938
0.35207681266734087	0.39831293532972234	0.2496102520029369
0.3587046581581357	0.3926988317574334	0.24859651008443107
0.35611394808789815	0.39492510172645834	0.2489609501856436
0.35805418754829993	0.39300568125546387	0.24894013119623631
0.35815252938936565	0.3952353515109879	0.2466121190996466
0.35133025399685097	0.4027055274181988	0.24596421858495035
0.35098038411132393	0.40185686395729187	0.24716275193138432
0.3545375874669498	0.3977740400804412	0.2476883724526091
0.3543057209149008	0.39644945317354774	0.2492448259115515
0.35045446135475083	0.40255758786310114	0.24698795078214814
0.3597253363468598	0.39303468313177875	0.24723998052136154
0.3577159869946343	0.3931567262085076	0.24912728679685814
0.3544593569793845	0.39882560271298145	0.24671504030763414
0.3598142895753258	0.39380832466007015	0.24637738576460416
0.35148121355475265	0.3999695675192886	0.24854921892595885
0.35052762553979616	0.40159568212763597	0.24787669233256793
0.35123727491250206	0.40083458311450293	0.24792814197299518
0.35803635662558914	0.3927311935726392	0.24923244980177178
0.3515086669038876	0.4022512019773804	0.24624013111873214
0.35115747019704513	0.3999068328149626	0.2489356969879924
0.3552778248468967	0.39815470702465666	0.24656746812844677
0.3519878276412159	0.40038603546231255	0.24762613689647167
0.3572790684724396	0.39522811397197777	0.24749281755558278
0.3549776886960546	0.3981352516316485	0.24688705967229704
0.353898724168093	0.3990062830892081	0.24709499274269905
0.35760137625872224	0.39364412652250275	0.24875449721877513
0.351410425650824	0.40233150214118063	0.2462580722079955
0.3578307815694743	0.39509588030478726	0.24707333812573853
0.3524619245140518	0.3994220664460543	0.248116009039894
0.3544158613495058	0.3962544378695062	0.2493297007809881
0.3506174071840652	0.40068166728482857	0.2487009255311063
0.35802959209014457	0.39513901783759003	0.2468313900722655
0.35187483431470296	0.39832760362168357	0.24979756206361356
0.3536070468422249	0.39990479053396877	0.24648816262380646
0.35816123354787244	0.3948489879812251	0.2469897784709026
0.351712490715138	0.3990701028155048	0.2492174064693573
0.3540393612332766	0.3979893339070536	0.2479713048596699
0.35454591006458613	0.3982781807982514	0.24717590913716259
0.3520709409299582	0.39966280813098304	0.24826625093905885
0.3521516356419519	0.4001399077018002	0.24770845665624802
0.3531420237839735	0.3994001620893896	0.24745781412663698
0.35098078330822474	0.4012993075746228	0.2477199091171526
0.35347565227582217	0.397125141560718	0.24939920616345992
0.35432255928980877	0.3995118440100856	0.2461655967001058
0.35159426497175345	0.39990914866705374	0.24849658636119293
0.35472485820301364	0.397470568884221	0.24780457291276548
0.3527660322242343	0.39789567014376687	0.24933829763199888
0.35922817345686753	0.39337802999312543	0.24739379655000712
0.35174627552122845	0.4000678915735175	0.24818583290525414
0.3564496063100171	0.394645163846722	0.248905229843261
0.35502567812781527	0.3951756039922584	0.2497987178799265
0.35793765872302874	0.3941266891302691	0.2479356521467023
0.35829810041898097	0.3929444490253605	0.24875745055565857
0.3528176708019601	0.39965644774372	0.24752588145432003
0.35324454071682543	0.4000649502266624	0.2466905090565123
0.35246564656979557	0.40086802249607845	0.24666633093412613
0.35358793087383794	0.39670823886347667	0.2497038302626855
0.354961923218826	0.3969632310025355	0.24807484577863864
0.35782274232556105	0.3959387598197417	0.2462384978546973
0.35641322673960085	0.3970004691805557	0.24658630407984358
0.35350833680306504	0.39846907108865615	0.24802259210827896
0.35405899871874025	0.3988062601203089	0.24713474116095097
0.3556687785219314	0.39479423300378025	0.24953698847428846
0.3552035825498672	0.3981593013595218	0.2466371160906111
0.35085273033004755	0.39963113314187493	0.24951613652807764
0.35554867107537114	0.3980828315303737	0.24636849739425526
0.35739666363463357	0.39525852520383853	0.24734481116152807
0.35353992130964523	0.3982609993556253	0.24819907933472954
0.3565899714367224	0.39445604672305423	0.2489539818402235
0.3541538338098188	0.3989606162865361	0.2468855499036452
0.3545062735987683	0.3974923582593727	0.2480013681418591
0.3537228526245761	0.39685615720579803	0.249420990169626
0.35493950100466426	0.3982207959978151	0.24683970299752073
0.3561860655797124	0.39632715755122344	0.24748677686906428
0.35580035779601904	0.39576031743870105	0.24843932476528005
0.35853494273418224	0.3946723908051235	0.24679266646069437
0.35270499182506077	0.39961158308153744	0.2476834250934019
0.3572761363769734	0.3954094486878788	0.24731441493514789
0.35098518245442734	0.40091938773452224	0.2480954298110506
0.351076735902592	0.40254985054762693	0.2463734135497812
0.35496244930817555	0.3961102321761157	0.24892731851570887
0.3566553892847847	0.39507716910429586	0.24826744161091954
0.35245704490945323	0.39908891649152195	0.24845403859902493
0.3563641598794833	0.3976195457975277	0.2460162943229892
0.3532568269746545	0.398135876850124	0.24860729617522156
0.35674339288352314	0.39443064631274505	0.24882596080373193
0.35560610848051566	0.39519540942364917	0.24919848209583528
0.35366460796574256	0.3996464122078135	0.24668897982644405
0.35098036568875746	0.40255306821179737	0.24646656609944528
0.3550606519688184	0.39729629240523073	0.24764305562595096
0.35310124474447785	0.3975856942738154	0.2493130609817069
0.35334508932390846	0.4006878960564656	0.24596701461962606
0.35506369669181936	0.39856176659158	0.24637453671660073
0.35219180547288387	0.4008323391125318	0.24697585541458444
0.3565215201078215	0.39729008526319826	0.24618839462898034
0.3569346482869832	0.3960311898164166	0.24703416189660032
0.35640744140699215	0.3975814724386224	0.2460110861543856
0.35611001451494284	0.3948934711047437	0.2489965143803136
0.3575579754580023	0.3933123849436001	0.24912963959839773
0.3568214362892415	0.3951563101360598	0.24802225357469881
0.3532447707384966	0.39824592246271057	0.24850930679879296
0.35125187612888975	0.4027455097648194	0.24600261410629098
0.35532736675904025	0.39658521211284203	0.24808742112811782
0.3549160455880313	0.3982873804492235	0.2467965739627453
0.3556526546406469	0.39636214586038565	0.24798519949896758
0.35507704534852225	0.3957238371733956	0.24919911747808227
0.3558186946207707	0.3979246112098155	0.24625669416941393
0.35890397313846967	0.3939231980507083	0.24717282881082211
0.35058756976652555	0.3996538721058013	0.2497585581276733
0.3568809087161595	0.3951792191578694	0.24793987212597118
0.3561637442167646	0.3951054711682761	0.2487307846149594
0.35605324898183266	0.3955141489221713	0.24843260209599616
0.35656081409675655	0.396951190912788	0.24648799499045557
0.3580956519971986	0.39484259628225316	0.24706175172054834
0.35328618183297195	0.39856201367037647	0.24815180449665175
0.3565282591466969	0.3962116558448385	0.24726008500846475
0.3578235827528702	0.39485005471137824	0.24732636253575163
0.35767116101251706	0.3944482637194466	0.2478805752680365
0.3525773224045504	0.4000476957546298	0.2473749818408199
0.3539578842382323	0.3979871067641478	0.24805500899762004
0.3535832791313226	0.3977495224565554	0.2486671984121221
0.3573164498552797	0.39438559751819374	0.24829795262652665
0.35968236505352585	0.3931180867182631	0.24719954822821114
0.3530661036900839	0.39862899866128443	0.24830489764863178
0.35297390617897056	0.3990624967281523	0.24796359709287727
0.3565622995772687	0.3974083433943038	0.2460293570284276
0.35740919183790815	0.39603745153296543	0.24655335662912656
0.3544190804084355	0.39851826018654396	0.24706265940502065
0.3538535528892258	0.39974094365742163	0.24640550345335266
0.35619147080738706	0.3963764432852434	0.24743208590736965
0.35285141161135786	0.39784301774678243	0.24930557064185985
0.3584967176259161	0.3939798088160289	0.24752347355805512
0.3569511381110819	0.3944059594958804	0.2486429023930378
0.35039069840868164	0.4025425210928677	0.24706678049845077
0.35458093725437106	0.39860548904627213	0.24681357369935691
0.35670926178855644	0.39540232667805464	0.24788841153338906
0.35885961685856	0.3950601022929063	0.24608028084853384
0.35304965419427126	0.3972994362989346	0.24965090950679422
0.3576605881517424	0.3945782609258066	0.2477611509224511
0.3580242429084005	0.3947279813213567	0.24724777577024287
0.35637325584100543	0.3941166647387924	0.24951007942020226
0.3505655946177547	0.40161276350218644	0.24782164188005895
0.35652527318798344	0.39510052965346154	0.24837419715855508
0.3541132889316284	0.39725904762677094	0.24862766344160075
0.3519610878529664	0.3999048608977768	0.24813405124925686
0.3597497659251109	0.3927444277077168	0.24750580636717245
0.355380584631566	0.3971310709879357	0.24748834438049838
0.35408961634490954	0.3981170092887111	0.2477933743663795
0.35045072233493435	0.4012570589286458	0.24829221873641993
0.356558298423757	0.39416288612095957	0.2492788154552835
0.3522547891065848	0.4012939060665669	0.2464513048268484
0.35543538271063874	0.3961533692828804	0.24841124800648096
0.3562432113561413	0.3942018533767028	0.24955493526715603
0.3560635052673877	0.3954018647672353	0.24853462996537706
0.3583836288219646	0.394155079464655	0.2474612917133805
0.35700161697140825	0.3946415276518761	0.24835685537671578
0.3503184852368044	0.40277842871155556	0.24690308605164013
0.3515028627550286	0.40141645026210404	0.2470806869828675
0.35742400858585344	0.3944588333304227	0.24811715808372398
0.3547350064106388	0.3978505733447409	0.24741442024462046
0.35283154866674776	0.3977602707644604	0.24940818056879194
0.3540074554087907	0.3971925739440874	0.248799970647122
0.3549326206779579	0.3961788220332594	0.24888855728878287
0.3538398168518046	0.40002321064143287	0.2461369725067626
0.3526647970172761	0.4009566361011845	0.2463785668815395
0.35193966602077914	0.3994172353820745	0.24864309859714648
0.35431136627000476	0.3991020771478807	0.24658655658211465
0.3534512054218088	0.3979659951306769	0.24858279944751438
0.3511280046266035	0.40065461675770186	0.24821737861569476
0.3527399249969273	0.3996266553994375	0.24763341960363533
0.35630657854969594	0.39532557607975183	0.24836784537055234
0.35498694851094725	0.39825827481599935	0.2467547766730535
0.35796770136602957	0.39275778745442996	0.24927451117954058
0.3578526422003463	0.39393271180995326	0.24821464598970053
0.35822840524549393	0.39320981898847196	0.2485617757660342
0.35968011141850686	0.3932569151630444	0.24706297341844885
0.3579497021597063	0.39449645845776554	0.24755383938252828
0.35455115038429785	0.39642774773440903	0.24902110188129323
0.3513329319648426	0.4018092018728712	0.24685786616228628
0.35650820056611215	0.39707324212062073	0.24641855731326723
0.3562067651886318	0.3940502026005031	0.2497430322108652
0.3506909444391732	0.4020171467117681	0.24729190884905883
0.35157061717269183	0.39885752672587294	0.2495718561014353
0.3562845125229882	0.3966752959698233	0.24704019150718862
0.3514311295319031	0.40121239546535314	0.24735647500274388
0.353309712829569	0.3989677227984787	0.24772256437195245
0.354406145741618	0.3967777720934752	0.24881608216490686
0.3558917851529417	0.3979995374177988	0.24610867742925957
0.35190807591071166	0.39918786983614496	0.2489040542531435
0.35478074209020366	0.3989694334518601	0.2462498244579363
0.35803843843520894	0.3951327881193041	0.2468287734454871
0.35217564275110225	0.40164235024322525	0.2461820070056726
0.35502835147083256	0.39587229796632095	0.24909935056284654
0.3506896277155324	0.4018252549451513	0.24748511733931636
0.3540394830798476	0.39702403460880104	0.24893648231135146
0.35796912432235983	0.39489330865296757	0.24713756702467274
0.3556315425328713	0.3958587376484918	0.24850971981863706
0.3538166022883301	0.40011287564951353	0.24607052206215652
0.35523885166634106	0.39711480110034375	0.2476463472333153
0.3531767073631557	0.39908341181442186	0.24773988082242254
0.3541388768266938	0.3964794795610184	0.24938164361228787
0.35260018378918	0.40096082971303937	0.24643898649778073
0.35787896365610544	0.3928950972287204	0.24922593911517424
0.35616464666830194	0.39705872210160625	0.24677663123009197
0.35748139970586645	0.39308567492978697	0.2494329253643467
0.35179266758292815	0.3994583863995098	0.24874894601756217
0.3560684425595121	0.39710248281266725	0.24682907462782078
0.3557276188366931	0.3980290208802699	0.2462433602830371
0.35870170793650946	0.3930633383234312	0.24823495374005938
0.35235396082049253	0.4006237517595461	0.24702228741996143
0.3505900421464666	0.4012726085394087	0.24813734931412484
0.355769880289339	0.39436507530166665	0.24986504440899449
0.35698876861079787	0.39554593186444265	0.24746529952475965
0.35398234410098256	0.3973287666369696	0.24868888926204796
0.35152115306178994	0.4013647011473863	0.24711414579082386
0.3551966334900268	0.3980332623206944	0.2467701041892789
0.35943152427010083	0.3932025684395334	0.2473659072903659
0.35773142717025785	0.39310608082444626	0.24916249200529594
0.3545501950863539	0.39902994116792057	0.24641986374572564
0.35362089728357016	0.40022908971619364	0.2461500130002363
0.3585986485379825	0.39288201669606915	0.24851933476594845
0.3521220232380768	0.40087835124997195	0.24699962551195137
0.35348453669498814	0.3994684099481135	0.24704705335689847
0.3529668599908131	0.3998074339768173	0.2472257060323697
0.3510047078809854	0.3997828101160035	0.24921248200301124
0.35096915483182123	0.40133705859593993	0.24769378657223892
0.35974860711607665	0.39391167542109473	0.2463397174628287
0.35876252620444093	0.39279792464969365	0.24843954914586558
0.35698621627834826	0.395769644753382	0.24724413896826986
0.3565686266306173	0.3951733598146569	0.24825801355472588
0.35765502177334674	0.3933488892424368	0.24899608898421657
0.35689983913719703	0.39361830132235226	0.24948185954045082
0.35132684753917504	0.399871318337402	0.24880183412342305
0.3593599130522278	0.3928913829017312	0.2477487040460411
0.3576688181016858	0.3936909071736211	0.2486402747246932
0.3561345529834833	0.3945398343632167	0.24932561265330014
0.35794716949725136	0.3935626677430568	0.24849016275969193
0.35341595715273255	0.39899566163375266	0.24758838121351492
0.35746087089048495	0.39291186724839977	0.24962726186111545
0.3536783838565377	0.3970255913085731	0.2492960248348893
0.35459914446156443	0.39652986611591223	0.24887098942252345
0.3536505523695819	0.3996408657385602	0.246708581891858
0.3512000824753757	0.401363483051956	0.24743643447266833
0.35271451022712114	0.39873119339803015	0.24855429637484883
0.3563059409284055	0.3940218061516175	0.24967225291997708
0.3516284292656057	0.39906182822465847	0.24930974250973592
0.3563305066880404	0.39671855541138235	0.24695093790057734
0.3552007283217341	0.39667531925303146	0.24812395242523455
0.35800145742298073	0.39345184523583393	0.24854669734118545
0.35779120037467416	0.39503765101610694	0.24717114860921902
0.3567676047454858	0.3959792359199709	0.2472531593345434
0.35132910184843025	0.4018367969559955	0.2468341011955743
0.35949249420901247	0.39400502211590077	0.24650248367508681
0.35707755768336297	0.39367644197674945	0.24924600033988767
0.3508928366768113	0.400744232716465	0.24836293060672382
0.3510271021424525	0.39950966039808267	0.24946323745946491
0.3569750971872104	0.39338996251756003	0.2496349402952297
0.35236067865781423	0.39910227899899287	0.24853704234319304
0.35654528797455415	0.395636734836975	0.24781797718847096
0.35689423305164736	0.3937688022035064	0.24933696474484635
0.35830031140976837	0.39381743681162135	0.2478822517786104
0.3516300992706866	0.4001113798012882	0.2482585209280253
0.35480319631420876	0.39574081774181524	0.24945598594397608
0.3516856335005035	0.40061716168257727	0.2476972048169193
0.3528648438368429	0.3997062886831645	0.2474288674799927
0.35899697907055317	0.3934457319365571	0.24755728899288987
0.35513050500693255	0.3953599976999265	0.24950949729314104
0.35346860375532135	0.39666608447283624	0.24986531177184246
0.3511322067035798	0.40159575053153407	0.24727204276488624
0.35285960369071045	0.39844948017444326	0.2486909161348464
0.35200302304514014	0.3999005075116055	0.24809646944325447
0.3531207617673491	0.397543155063288	0.24933608316936298
0.35513101303319505	0.3981929282679783	0.24667605869882678
0.35076945475680915	0.40242183461209957	0.2468087106310914
0.35348871578222896	0.3972454827351878	0.24926580148258337
0.3506564615594362	0.3997422341742924	0.24960130426627153
0.3580434290141658	0.3945469211011282	0.2474096498847061
0.3578995167100146	0.395733257931095	0.24636722535889055
0.3548096657158182	0.39867235315867605	0.24651798112550585
0.3534742610211173	0.39745174146683115	0.24907399751205164
0.3518041113591286	0.4016460376099231	0.24654985103094845
0.3532686304417856	0.4005724123127456	0.24615895724546888
0.35806725604246054	0.3934247985033663	0.24850794545417326
0.35102221210591444	0.40224234341817383	0.24673544447591184
0.35193252096578614	0.4010450267692109	0.24702245226500308
0.35233631148158884	0.39992414581010194	0.24773954270830933
0.35489574218265274	0.39843684667343743	0.24666741114390994
0.3576329472813778	0.39565840823914583	0.2467086444794765
0.3577090658010729	0.39518689515485267	0.24710403904407452
0.3560309809537638	0.394232596766363	0.24973642227987325
0.35272353519377997	0.4006490916632626	0.24662737314295746
0.3581084489752491	0.39304629001592273	0.2488452610088282
0.3538810934884056	0.3969804768290719	0.24913842968252262
0.35950098378674544	0.39368180859303925	0.24681720762021547
0.35298165575272417	0.39752422239623786	0.2494941218510381
0.35200318872957936	0.3995463605745088	0.2484504506959119
0.3544885687112018	0.3985493093280843	0.246962121960714
0.3576291679951241	0.3928633602201992	0.24950747178467678
0.35687712781197567	0.3954925863883792	0.2476302857996452
0.35146316016051016	0.401712703060804	0.24682413677868603
0.35184118453374175	0.3983975275629056	0.24976128790335278
0.3515608363709364	0.3989371621711389	0.2495020014579248
0.35696478963996575	0.39547068961947673	0.24756452074055757
0.3572061082114256	0.39488888330082494	0.24790500848774955
0.35801804968622997	0.39284936929772274	0.2491325810160474
0.35557813293442686	0.39656318888402836	0.2478586781815449
0.35684471160692316	0.39694095607568697	0.24621433231738998
0.353901361645377	0.3985336240527454	0.24756501430187766
0.3555286404367239	0.397378411732774	0.24709294783050223
0.35538616028559683	0.39638483088575105	0.24822900882865223
0.3585754993582244	0.39463312322071437	0.2467913774210614
0.35750266963826277	0.3959375752034263	0.24655975515831102
0.3505912670480124	0.4026316431279572	0.24677708982403052
0.3584609956852821	0.39328321708245106	0.24825578723226693
0.3510582254070878	0.40176196572988915	0.24717980886302318
0.3572144713289357	0.39625218436831416	0.24653334430275026
0.35470414094162583	0.3976520318267615	0.2476438272316128
0.3564653169666536	0.39579177345524846	0.24774290957809803
0.35927170973813805	0.3943345819219129	0.2463937083399492
0.35230621219271274	0.3991894003712352	0.2485043874360522
0.35150157197554016	0.4005976946632001	0.2479007333612598
0.35784376080591696	0.39458893292892255	0.2475673062651606
0.3546746651553257	0.3972507057281023	0.2480746291165722
0.35914345762854477	0.39435536898059975	0.24650117339085562
0.3573079647862521	0.39590821089971906	0.24678382431402895
0.3590030175876149	0.3947894149636557	0.24620756744872954
0.35647121061721776	0.3946802524339622	0.24884853694882014
0.35807088265840725	0.39595743835070857	0.2459716789908843
0.3533015094806352	0.39989926243732044	0.24679922808204446
0.3583142171410837	0.393032031907306	0.2486537509516104
0.357494416799716	0.3955221759798546	0.24698340722042952
0.35967400448520226	0.3934367124741541	0.24688928304064373
0.35745303317689414	0.3964686451191323	0.2460783217039736
0.35672515703786545	0.3961986627042311	0.24707618025790357
0.3537988938831746	0.3995164118311567	0.2466846942856688
0.35626490423553137	0.3972678012606087	0.2464672945038601
0.35370107907433823	0.3973822679139879	0.24891665301167393
0.3514190929313079	0.40083932292200464	0.24774158414668754
0.3577055640293729	0.3938375726011317	0.24845686336949546
0.3514887257129761	0.40036578031662917	0.24814549397039487
0.35072709517875217	0.4028005272497889	0.246472377571459
0.35327632420485583	0.4006448978326835	0.24607877796246078
0.35445893505896586	0.39622396528802767	0.24931709965300658
0.35644073672970855	0.39397225757015214	0.24958700570013945
0.35759620725429436	0.3931984082148518	0.24920538453085395
0.35037878377774734	0.40069050424457575	0.24893071197767702
0.3529873219730061	0.3988402462081745	0.2481724318188195
0.35630329744399525	0.39755260241786144	0.24614410013814342
0.3541409867681683	0.39681049896794507	0.24904851426388677
0.3555639525621421	0.39824426822344594	0.24619177921441204
0.3570490333986668	0.3961218780326079	0.24682908856872543
0.3596591783152055	0.39315525153538056	0.24718557014941406
0.3540454943781739	0.3985269810647244	0.24742752455710185
0.358815593091799	0.394841682363183	0.24634272454501813
0.3558287362883861	0.394317735716965	0.249853527994649
0.3504457937640726	0.40210158317327466	0.24745262306265287
0.35747192710343695	0.3951899975445922	0.24733807535197094
0.35731952255594124	0.3928851954307054	0.24979528201335352
0.35649263990224683	0.3952141952954777	0.24829316480227562
0.35920185157472817	0.39464110745139536	0.24615704097387658
0.35525253305270105	0.3956939999225777	0.24905346702472136
0.3577201298178373	0.3954814016006005	0.24679846858156224
0.3562458355710653	0.3940866025105554	0.2496675619183794
0.3529896702134725	0.3980683102150772	0.2489420195714504
0.35274295685741736	0.3974256257639518	0.24983141737863096
0.3512074597747262	0.4001442011058435	0.24864833911943035
0.3565331625222839	0.39533260842837725	0.24813422904933896
0.3578876059476098	0.3956495443974203	0.24646284965497
0.3548440382280601	0.3976669796865553	0.24748898208538467
0.3520861835484748	0.4017158784678382	0.24619793798368717
0.3578460607701088	0.3939574240748414	0.24819651515504992
0.35455205748051916	0.3966077231869286	0.24884021933255238
0.3540817828741684	0.39683752827769336	0.24908068884813833
0.3595522527511	0.3941287213536565	0.24631902589524363
0.3576483367259083	0.393503887466922	0.24884777580716988
0.357338102591344	0.39285701035969195	0.24980488704896417
0.35275627173052987	0.3993295005705308	0.24791422769893948
0.35082590963378385	0.3999401248343724	0.24923396553184388
0.3548960936271964	0.39562540393801193	0.2494785024347918
0.35248318186517613	0.3985667097167014	0.2489501084181226
0.3513812043706819	0.4019825991666032	0.246636196462715
0.3533213521022548	0.4006567011839262	0.2460219467138191
0.355195321183387	0.3981217473561567	0.24668293146045644
0.35744040401890875	0.39493818656146024	0.24762140941963112
0.3559862555463446	0.39792207651471406	0.2460916679389414
0.3509073363581885	0.3996348331190745	0.24945783052273715
0.35461014893722254	0.39892862421485104	0.24646122684792654
0.35165985358043006	0.4013898267039215	0.24695031971564857
0.3544729310041671	0.39696406984337484	0.24856299915245816
0.3524703635159486	0.4011032646765992	0.24642637180745228
0.3524406178411501	0.4009381608248335	0.24662122133401648
0.3597130938009784	0.3929262261650485	0.2473606800339732
0.35734599760383084	0.39476691182787693	0.24788709056829233
0.3562879431060738	0.39446812803559433	0.24924392885833194
0.3532249284144515	0.3979846427492146	0.248790428836334
0.35742082720325347	0.39299449288415966	0.24958467991258704
0.3563414579915303	0.39586759780588937	0.2477909442025805
0.3532335992822479	0.3987354808218746	0.24803091989587758
0.3532156751149586	0.39865485927289546	0.24812946561214605
0.3525517995154848	0.3993587655504543	0.248089434934061
0.356914480909135	0.3954324347126138	0.2476530843782513
0.3560231118083471	0.3950854215735502	0.24889146661810274
0.35485016587116724	0.39633775276303046	0.2488120813658024
0.3506306855043625	0.40038408339420245	0.24898523110143517
0.3531412622562136	0.40081625481328653	0.2460424829304999
0.3559798552552475	0.3966086969826542	0.24741144776209834
0.3541190352568278	0.39734462056688297	0.24853634417628934
0.35730330392130183	0.3964167768721498	0.2462799192065484
0.35108114657115624	0.4009688306857917	0.24795002274305222
0.3568128761585055	0.39545421000732955	0.24773291383416507
0.356328333033586	0.39391882908395215	0.24975283788246197
0.35530897122659366	0.39537158618134666	0.24931944259205976
0.3531971037238121	0.39778722440697306	0.24901567186921497
0.35706573174468015	0.3941588030291745	0.24877546522614546
0.35224482023383635	0.40169657087557936	0.24605860889058437
0.35675983680343437	0.3937904849516039	0.2494496782449619
0.3558777791474506	0.39491184843537225	0.24921037241717725
0.3557932141827999	0.3974485174190751	0.2467582683981251
0.35738342340952234	0.39326452440840753	0.24935205218207018
0.3521389897733303	0.4002018851127406	0.2476591251139292
0.3516160612070671	0.39877949795998135	0.2496044408329516
0.353849424357359	0.3977530482546146	0.2483975273880265
0.35138401935158214	0.40041575108898	0.24820022955943802
0.3507913873320577	0.40057864730939885	0.2486299653585436
0.35216340717713485	0.4010863659990247	0.24675022682384057
0.35898696032065147	0.3934547903507871	0.24755824932856155
0.3525377430342602	0.39973429684352035	0.2477279601222196
0.3561687989057362	0.395085983042305	0.24874521805195884
0.3503405521652178	0.40013777556243874	0.24952167227234356
0.3507554664583748	0.40202414726683355	0.2472203862747918
0.3506199352085538	0.40109168013486346	0.24828838465658287
0.35248942571157355	0.3990719122291546	0.24843866205927195
0.3504239959582985	0.4007976014724189	0.24877840256928274
0.3547864970991516	0.39689062018947596	0.2483228827113725
0.3564205452447997	0.3941003603485693	0.2494790944066311
0.35640767652331473	0.3961571653081122	0.24743515816857317
0.35795066022150546	0.3958630875929965	0.24618625218549817
0.3560534536631908	0.3961224560534958	0.2478240902833136
0.35068048550756176	0.4018537733372707	0.2474657411551677
0.3540440375674014	0.3996869183756175	0.24626904405698127
0.3560125186870321	0.3959713049134977	0.2480161763994703
0.35325805197224525	0.39830712493678533	0.24843482309096954
0.356282717041987	0.39574244630238825	0.24797483665562486
0.35034166037330094	0.40207150240473116	0.247586837221968
0.3543450111092161	0.39946591784853475	0.24618907104224924
0.35106742830153415	0.4007538084378781	0.2481787632605879
0.35343915292569705	0.3969014789546495	0.24965936811965356
0.35439375878321866	0.3978504838047762	0.24775575741200523
0.35587066600849415	0.39808409854946536	0.2460452354420406
0.3586927961838851	0.39426511194006847	0.24704209187604653
0.3580864291747132	0.39336381736355114	0.24854975346173575
0.35524967726089074	0.3975407983504726	0.24720952438863675
0.3520020110958785	0.39886473164079744	0.2491332572633242
0.3518732396245954	0.40067960649758944	0.2474471538778153
0.3586834242593534	0.39340828951239176	0.24790828622825495
0.35739495422066747	0.3940011659892399	0.24860387979009274
0.35933749492460876	0.3942173332232187	0.24644517185217263
0.357405953784792	0.393048662503323	0.2495453837118851
0.3512062224094083	0.4001816130501018	0.24861216454049
0.35810644259836816	0.39570902429658456	0.24618453310504737
0.35484211374066443	0.39875425784458374	0.24640362841475197
0.35270741703404257	0.39959413453703885	0.24769844842891867
0.3573290958494372	0.3928437520554799	0.24982715209508305
0.35339647167394095	0.3991108255143714	0.24749270281168773
0.354437256883798	0.39931254085058343	0.2462502022656187
0.3541341854135158	0.3967397067844278	0.24912610780205643
0.3592419831203326	0.3937979329230821	0.24696008395658542
0.3570691485306685	0.3935352408648359	0.2493956106044957
0.3560413268773428	0.3941711696853619	0.2497875034372954
0.357378884186015	0.3945512992332742	0.24806981658071087
0.35812777919843847	0.392731065260371	0.24914115554119062
0.3566056605942002	0.39579270426830027	0.24760163513749966
0.3503691957809279	0.40277267430517677	0.2468581299138954
0.3533589615922712	0.39768420162336204	0.2489568367843669
0.35626474682556336	0.39510306905867243	0.24863218411576438
0.3583742710792168	0.3937117250892027	0.24791400383158058
0.3583530226685253	0.3936905299299742	0.24795644740150058
0.3515368437063219	0.39869152324670587	0.24977163304697236
0.35424675172077	0.39657764129748874	0.24917560698174135
0.35130546045627165	0.4004864347333557	0.24820810481037275
0.35339577189841653	0.397914045367648	0.2486901827339355
0.3529196037946799	0.3976962848262313	0.2493841113790889
0.35387293740088527	0.3998648929645978	0.24626216963451703
0.35088688946465235	0.40253052123580346	0.2465825892995443
0.35256351525841456	0.4002640773820064	0.24717240735957913
0.35131578968984495	0.4003766906839265	0.24830751962622863
0.35353174570229096	0.39834637669257267	0.24812187760513651
0.35237075366829973	0.401145556528394	0.24648368980330637
0.35432280103878455	0.39723596799562105	0.24844123096559448
0.3591190602952684	0.3942314461718224	0.2466494935329093
0.35687512690976825	0.39705213790071986	0.246072735189512
