0.3632545916423652	0.23433085410217747	0.40241455425545747
0.0545927299135619	0.9006146867288403	0.04479258335759795
0.19205968278547259	0.4018050211138383	0.4061352961006892
0.40295825288915943	0.5569282703481145	0.04011347676272614
0.054128298439137024	0.6023236433291292	0.34354805823173395
0.21881755397763594	0.41370724137448844	0.36747520464787575
0.1237402019221211	0.6237631029575949	0.25249669512028416
0.42210811082262284	0.16980113380472883	0.40809075537264844
0.5290465636159742	0.2661750518701298	0.2047783845138961
0.2560710105263851	0.38979607537944755	0.3541329140941675
0.1805082541318709	0.6124468984885792	0.20704484737954995
0.3719928957841751	0.27143607896338917	0.3565710252524359
0.5479053607540696	0.4038336595780172	0.048260979667913206
0.21238328036164317	0.38312447152669077	0.4044922481116662
0.4969779658960928	0.18216902975353091	0.32085300435037645
0.06554953422552251	0.592866438646577	0.3415840271279007
0.3445518272411421	0.5749198398180756	0.08052833294078249
0.31820615482519166	0.5231658611537517	0.1586279840210567
0.42379001317959897	0.16523305426279278	0.41097693255760837
0.3431568958528941	0.3975588872785424	0.2592842168685636
0.28396582346907834	0.31924153802741506	0.3967926385035067
0.16259362055488227	0.48328711841609295	0.3541192610290249
0.23703433101869906	0.5472053611537246	0.21576030782757644
0.5179704345661393	0.4378979247006211	0.04413164073323966
0.13237405195566312	0.6519441165382196	0.2156818315061174
0.4978335434354396	0.25913911243340615	0.2430273441311543
0.35120109669962446	0.3882067213815132	0.26059218191886246
0.4119143077815112	0.3998732008396386	0.18821249137885027
0.1969645132640951	0.7156946019583277	0.08734088477757737
0.3485196283299037	0.39299958058899326	0.25848079108110317
0.5411533824705937	0.3989313536520799	0.059915263877326486
0.06269539707052696	0.7036312596215484	0.23367334330792466
0.33878981192458574	0.5757832360511022	0.08542695202431219
0.20450344908351414	0.6265286901798404	0.16896786073664555
0.16346212745801147	0.7350614055805916	0.10147646696139709
0.11054512613439618	0.6949052105258069	0.19454966333979704
0.42965697827282023	0.2715440881444343	0.2987989335827456
0.4084782965778019	0.3701340017930945	0.22138770162910376
0.3094728083367523	0.5907987937120014	0.09972839795124647
0.4482650440545374	0.17320435631222608	0.37853059963323665
0.3104904514792803	0.2975294041720555	0.3919801443486643
0.23909600531991282	0.44219512210995215	0.31870887257013514
0.3806367332600408	0.46685574245908024	0.15250752428087908
0.4234033601901202	0.2249747080421079	0.351621931767772
0.4985020115752604	0.273900062949493	0.22759792547524665
0.3382851371953491	0.5871766968725344	0.07453816593211665
0.3964953513606157	0.29478840030397896	0.30871624833540545
0.49825002771905624	0.3156646494843226	0.1860853227966212
0.553944768158008	0.19608226621918914	0.24997296562280297
0.20338739041070858	0.3922759164862154	0.4043366931030762
0.1466511048191767	0.6709802884963401	0.18236860668448324
0.3582129378909338	0.40606420219870576	0.23572285991036052
0.06821516403921773	0.641062620985444	0.29072221497533846
0.08147646567797134	0.5663548668878695	0.3521686674341592
0.19040935650025104	0.5355679322042537	0.2740227112954954
0.32658843790263986	0.43221123386239313	0.24120032823496718
0.13464020232331306	0.734431820818594	0.130927976858093
0.12603351089455606	0.735856713351627	0.13810977575381705
0.17387006380899178	0.6208898513445604	0.2052400848464479
0.1909095206222802	0.7195632674141392	0.08952721196358077
0.10110389492992622	0.8421618383452376	0.056734266724836224
0.09910885871118538	0.670303561857333	0.23058757943148175
0.5423795199196022	0.2575337904199697	0.20008668966042825
0.09553230340210028	0.6094458139039174	0.2950218826939825
0.10506912740582444	0.740677746506124	0.15425312608805178
0.5098454370022797	0.23696448864475447	0.2531900743529659
0.20126971640973762	0.6287176638148961	0.1700126197753664
0.3275761757820288	0.5241943236070877	0.14822950061088358
0.20940895987203684	0.5130260949882921	0.27756494513967117
0.41199069760097506	0.30509913333200905	0.28291016906701594
0.3558083791045208	0.34304287722649296	0.30114874366898636
0.4085076593659135	0.37194683040387855	0.21954551023020807
0.4896583450582697	0.3187842672445056	0.19155738769722475
0.3827629316125238	0.5430908990422205	0.07414616934525586
0.11799628354260855	0.6030559951238981	0.2789477213334935
0.5714669147407039	0.15884421752260622	0.26968886773669
0.11517948173302794	0.7771877518469228	0.10763276642004926
0.10972458277479155	0.6509857728685599	0.23928964435664873
0.2489909814616311	0.4578864485431259	0.29312256999524317
0.32878957769537365	0.40334826200161644	0.2678621603030101
0.564265696208883	0.3275471105051122	0.10818719328600498
0.23112008697175707	0.6449688868246098	0.12391102620363323
0.3283877285964967	0.510378580073167	0.1612336913303364
0.48029071573705595	0.2926298988383238	0.22707938542462036
0.449048039763078	0.3935720887415442	0.15737987149537797
0.2574292641650283	0.35376150292960984	0.38880923290536196
0.09296525684836965	0.6705923169010148	0.23644242625061565
0.505847629145419	0.15164427505488073	0.3425080957997003
0.16611216767184717	0.5432216704608973	0.29066616186725563
0.18673128822381446	0.756305697373967	0.056963014402218515
0.4266386219053324	0.2710540679771618	0.3023073101175059
0.24108502117015632	0.5427217578099874	0.21619322101985636
0.3537759241009014	0.6017128102264674	0.044511265672631306
0.30137254287217957	0.5504965196547277	0.14813093747309292
0.1015909933725215	0.6969506229480789	0.20145838367939978
0.21976582662158156	0.5452109676861772	0.2350232056922414
0.08985678418694396	0.7056699385508678	0.20447327726218845
0.39531250028222353	0.28919195679570353	0.31549554292207305
0.31752835534669693	0.28035885888819634	0.40211278576510684
0.3194004483722535	0.4091903766065478	0.2714091750211988
0.5309701560901092	0.3975104124425135	0.07151943146737738
0.3128369598174834	0.3411168752002739	0.34604616498224283
0.4228100809645964	0.29712296168857816	0.2800669573468256
0.32657573898407993	0.30523271173158084	0.3681915492843394
0.5159373832120996	0.38526445991821295	0.09879815686968757
0.5225152945155379	0.29561756676457523	0.18186713871988697
0.2272907810680002	0.6701772843955318	0.10253193453646806
0.0760674601750313	0.7868266608974299	0.1371058789275389
0.4642189389544261	0.34060498549875434	0.19517607554681962
0.5719438104951216	0.3162865573692423	0.11176963213563615
0.20810289363108342	0.4070678576503728	0.3848292487185439
0.23090321641354875	0.6963871063635443	0.07270967722290705
0.172968205549687	0.7594354273318018	0.06759636711851125
0.27300598067049275	0.4108171889388742	0.3161768303906332
0.46493248266672016	0.3198462504433892	0.2152212668898907
0.09223964671716584	0.5903463701260934	0.317413983156741
0.5597843509345408	0.18547305683266357	0.2547425922327956
0.2500062214374043	0.5312508625774816	0.21874291598511422
0.4755592943796268	0.4641562534225053	0.06028445219786793
0.5387579505216757	0.05272151516965179	0.4085205343086725
0.5133649020359435	0.12262477921945308	0.36401031874460343
0.1476321075218981	0.5519691135313456	0.30039877894675643
0.1552927550721242	0.6261207901509929	0.2185864547768831
0.38981001322304243	0.5360875463606167	0.07410244041634101
0.34477436229303343	0.42960280556586117	0.2256228321411055
0.3407894441907354	0.3056486079818979	0.3535619478273668
0.18398939016255844	0.44162181634312925	0.3743887934943124
0.26633420804700003	0.43297751049350314	0.30068828145949694
0.49892311464178923	0.30016313028667246	0.2009137550715384
0.2907781032522686	0.5943263570106633	0.11489553973706826
0.40391552556454746	0.5146198730042393	0.08146460143121348
0.30004434492551724	0.5567366286200885	0.14321902645439438
0.5686373018602402	0.07069696628956545	0.3606657318501945
0.4003820955994274	0.4053233631880755	0.19429454121249723
0.4958242496397364	0.4000020318156026	0.10417371854466109
0.15444171158986117	0.46498731070474303	0.38057097770539594
0.17691603301538045	0.4707451728700476	0.3523387941145721
0.5606266839064501	0.2769386353727	0.16243468072085
0.5409160028438782	0.39205495587167705	0.06702904128444481
0.3798988199497011	0.39347729572733864	0.22662388432296038
0.3001839107381314	0.6140448902367931	0.08577119902507566
0.19096230806911033	0.41326734902689544	0.3957703429039944
0.06959067316718648	0.5844316919820643	0.34597763485074934
0.1688137341396761	0.4954958085612825	0.3356904572990415
0.49067208786452954	0.4144710530297794	0.09485685910569117
0.2851664535372018	0.3189386959047625	0.3958948505580358
0.06360310230689514	0.6224898027557373	0.31390709493736757
0.24543149383940283	0.436934755713868	0.31763375044672926
0.3144961317035252	0.34722168095870454	0.3382821873377704
0.1303458164306371	0.6273464583981329	0.24230772517123012
0.42285898920086984	0.33124029530942795	0.24590071548970233
0.3175351705340572	0.4023473780788488	0.2801174513870941
0.3084685075379848	0.5665783448443817	0.12495314761763357
0.5433494552846883	0.12572308704102753	0.33092745767428433
0.14038823153538854	0.7684668738907856	0.09114489457382602
0.2317716050793055	0.5950405859278978	0.1731878089927969
0.5332756106627876	0.27585172153632925	0.19087266780088327
0.30336601486254333	0.6470961955251164	0.049537789612340344
0.4516758759189901	0.2380815377288736	0.31024258635213636
0.34862125799698523	0.48138350283657116	0.16999523916644377
0.5358856324806929	0.2676529593384083	0.19646140818089897
0.2161027679806142	0.5624224091074903	0.22147482291189555
0.08190496592529706	0.5202847503666562	0.39781028370804683
0.4905330923351864	0.3590504530796401	0.1504164545851736
0.4484923418608739	0.18295292146087486	0.36855473667825134
0.548085330893971	0.038818821135886916	0.4130958479701421
0.28822818215907414	0.4742760062052629	0.23749581163566308
0.2039512427150476	0.6733782841843144	0.12267047310063806
0.38445332044623587	0.3190024529773212	0.296544226576443
0.12990193892407975	0.6150779587835303	0.25502010229239
0.11872995410995504	0.49591821075392867	0.3853518351361164
0.27469962260662434	0.4931077041618941	0.23219267323148168
0.48020372758994445	0.32205681012590764	0.197739462284148
0.08426604944740274	0.5693049162730339	0.34642903427956345
0.3791402440987522	0.5646450550721086	0.05621470082913932
0.5243842994309726	0.0893266611483299	0.3862890394206976
0.4772201964929692	0.3553904063947092	0.16738939711232168
0.09946733385702278	0.7408408721021287	0.1596917940408486
0.3569210586561424	0.6001759711141001	0.04290297022975764
0.20438179484012198	0.42598745271212274	0.3696307524477554
0.518843405391356	0.43772190575334935	0.043434688855294834
0.30312540511483865	0.6362282583842259	0.06064633650093543
0.34009803641414804	0.6176920707067202	0.042209892879131905
0.31042377720677083	0.3585867022188315	0.3309895205743978
0.5398844309302538	0.29449203408152214	0.1656235349882241
0.2789225798712514	0.5090832638673239	0.21199415626142476
0.2638653265206351	0.40972841165608975	0.3264062618232752
0.38827171141475514	0.47505204124627776	0.13667624733896722
0.3787997152303602	0.2317904599533444	0.3894098248162955
0.3378159735571731	0.363234153215016	0.298949873227811
0.4545691201294759	0.20474884534879934	0.34068203452172485
0.3609225409525948	0.4989886307679934	0.14008882827941194
0.1319547325154949	0.6198131086695182	0.24823215881498711
0.1366094665794873	0.7737184316925558	0.0896721017279569
0.37889980189021144	0.5186366661054587	0.10246353200433
0.11543363675995705	0.7342054950997825	0.15036086814026056
0.4622246502310754	0.36638437815945657	0.1713909716094682
0.4767313838248043	0.47713690094070776	0.04613171523448806
0.09339551459755935	0.7090331015617419	0.19757138384069878
0.2960616342857324	0.4967994205360723	0.20713894517819542
0.14004367454889727	0.6877826570069474	0.17217366844415544
0.12384133193509475	0.705714315567128	0.17044435249777729
0.05654829954032564	0.8140926824555734	0.12935901800410107
0.3572782520941633	0.5425153300335419	0.10020641787229495
0.3540764613982353	0.4150360370629576	0.23088750153880722
0.3220425911542373	0.616855712779836	0.06110169606592686
0.5253139204789156	0.3984272409511556	0.07625883856992893
0.05654508838851047	0.8919409462387307	0.05151396537275904
0.4109612464468722	0.20950254197170676	0.37953621158142115
0.571487175135228	0.18924547912329515	0.23926734574147707
0.2287246267435577	0.690415609444248	0.0808597638121944
0.5339517945307967	0.2484728389139794	0.21757536655522403
0.3290219907630277	0.44794841596087603	0.2230295932760964
0.10342544407559229	0.7641501891480775	0.13242436677633035
0.26150767017871596	0.4848207933905174	0.2536715364307667
0.29192441214965115	0.5772071694798965	0.13086841837045254
0.3650493139036163	0.33652861550452084	0.298422070591863
0.11706397386959572	0.5164116635945655	0.36652436253583903
0.3186196129986603	0.4905668933742357	0.19081349362710415
0.333758610029038	0.45719293550959983	0.20904845446136225
0.14924517855840772	0.5916292019204671	0.25912561952112534
0.380814348218416	0.5175462237197795	0.10163942806180462
0.08913575953911673	0.5626166203280438	0.3482476201328395
0.2263964568690175	0.4513746217743802	0.3222289213566024
0.11523283672985368	0.7582284518586428	0.12653871141150352
0.24413008752848142	0.34792341440235974	0.407946498069159
0.550216412548852	0.13908503561716962	0.3106985518339785
0.5694776847954086	0.3086938305249122	0.1218284846796793
0.37562907874556517	0.32039373338813093	0.303977187866304
0.43738086003857735	0.1865517622074601	0.37606737775396265
0.14674706023782524	0.785001274211125	0.06825166555104983
0.27705888051974675	0.3186432866539578	0.4042978328262956
0.05030268569748508	0.7197758019963667	0.22992151230614832
0.08734212035742248	0.7463786843734695	0.16627919526910814
0.11555045353303126	0.825050196207116	0.059399350259852934
0.14590894336658794	0.7433671487195805	0.11072390791383163
0.19102837802960337	0.6525169797703702	0.1564546422000266
0.5788518128064932	0.3079332847212472	0.11321490247225968
0.21541102127611134	0.3866730045204267	0.39791597420346214
0.4136729404081605	0.2652905412794131	0.32103651831242647
0.5363222667525736	0.15218818431725364	0.31148954893017283
0.14060766895936383	0.6497107898462542	0.20968154119438204
0.2655929626402792	0.3862531173873077	0.3481539199724132
0.3326683776911414	0.4354266675559981	0.23190495475286066
0.4336191725722813	0.307538473494783	0.25884235393293586
0.1307465707548498	0.7128076753854021	0.15644575385974818
0.5301047206419268	0.3964178715353576	0.07347740782271567
0.2376275279738842	0.538408339113022	0.22396413291309392
0.35876531311174054	0.4399586856022374	0.20127600128602222
0.26670382940575493	0.3376831866064321	0.3956129839878131
0.5363113940187236	0.34075359222434365	0.12293501375693289
0.29932481753870444	0.5251875840982676	0.17548759836302807
0.44135438017488254	0.33623051230815976	0.2224151075169578
0.1763068888911339	0.7349243528777079	0.08876875823115837
0.2383673475211502	0.46768395677589697	0.29394869570295296
0.23669517464976167	0.4564866475088784	0.30681817784136006
0.09058972187427311	0.8548653120329972	0.05454496609272985
0.22082514543306292	0.5496844853577525	0.22949036920918467
0.5625588564117706	0.357915466896099	0.07952567669213056
0.4628059301991656	0.2548521151701075	0.28234195463072703
0.41295060154025937	0.3845778026368066	0.20247159582293417
0.12149951056662545	0.6813716970409497	0.19712879239242503
0.17367777084246255	0.7774055998682885	0.04891662928924906
0.4041857729257018	0.4407597815329908	0.15505444554130754
0.1135221590146584	0.792486146867537	0.09399169411780461
0.24396862131327307	0.5467445525958887	0.20928682609083826
0.1255344910553875	0.4685574527413814	0.4059080562032313
0.3609656638348708	0.30441940025936065	0.33461493590576863
0.429554545108188	0.23447053310867536	0.3359749217831367
0.26965446289006356	0.6082004100676319	0.12214512704230457
0.47367328676138654	0.4672042142143686	0.059122499024245045
0.5636886521170151	0.1063618562116313	0.3299494916713537
0.558981700455855	0.37158906231561717	0.06942923722852784
0.09193526738164809	0.8404210498807724	0.06764368273757959
0.22263963916589433	0.3908820762522614	0.3864782845818444
0.0667117002086493	0.593384587922674	0.33990371186867674
0.3269832794405617	0.317359769522001	0.3556569510374374
0.4836339780524031	0.370609421655437	0.14575660029216003
0.5413674961968007	0.07606304257283347	0.38256946123036595
0.26366703965533933	0.5550774522650749	0.18125550807958596
0.4913607614017413	0.2968257900293132	0.2118134485689456
0.12449344265909595	0.6132106416912998	0.2622959156496044
0.41510669902123	0.47363288114516544	0.11126041983360466
0.14570660400707244	0.7667427809177094	0.08755061507521822
0.45781780273834327	0.22165585808613203	0.3205263391755248
0.14734674593884728	0.5396379604497988	0.313015293611354
0.20834675813662323	0.4081890738243713	0.38346416803900557
0.2562862973154707	0.4200756237738955	0.3236380789106339
0.24222520207824288	0.37779466580178567	0.3799801321199716
0.0662655217865224	0.8803953593283235	0.0533391188851543
0.3835465092660469	0.34223675766100187	0.27421673307295136
0.09207168810128183	0.6126652060127309	0.2952631058859875
0.4883162541319216	0.3113596099578316	0.20032413591024692
0.45725611205540106	0.29002613815579276	0.2527177497888063
0.5150711772462963	0.21326755277303008	0.27166126998067375
0.052915293694215604	0.6205471332805059	0.3265375730252787
0.46905421738310077	0.40589570362677646	0.1250500789901229
0.2631606928822106	0.6121760415509965	0.12466326556679297
0.4277418066276888	0.20052300469038994	0.37173518868192135
0.12013069999711923	0.8275818649722367	0.05228743503064415
0.5355172582310652	0.1909943352221226	0.2734884065468123
0.5517049206208705	0.34198673612520447	0.10630834325392513
0.3997758667705234	0.3829735000025861	0.2172506332268906
0.41903793618232493	0.16570293814805762	0.41525912566961753
0.28103828623783406	0.47526413135019663	0.24369758241196943
0.3659056310832214	0.3740331746337545	0.2600611942830242
0.1820312896957147	0.5909989613753974	0.226969748928888
0.21052905568424318	0.6075704643916349	0.18190047992412217
0.3856632158769976	0.3204632926129777	0.29387349151002484
0.11843987824145641	0.8240901002210773	0.05747002153746644
0.4230446842352516	0.3730422663593527	0.20391304940539576
0.12708116241317424	0.7991270117226297	0.07379182586419619
0.2035427954264201	0.44321730877613974	0.35323989579744025
0.3788276860803618	0.3395627110389918	0.28160960288064646
0.412244481864104	0.23722366631566247	0.35053185182023366
0.48744101165903736	0.30232807354179486	0.21023091479916786
0.48450327800955495	0.43683909603143706	0.07865762595900816
0.33162578680385624	0.6034704046095066	0.06490380858663719
0.1314649445171009	0.5375753477454775	0.3309597077374217
0.14890701410600057	0.5632829096525784	0.2878100762414211
0.1729661477561173	0.41766028333889543	0.4093735689049874
0.30312389094783265	0.6564112270095606	0.0404648820426069
0.23192657965575916	0.513011976467006	0.2550614438772349
0.5121509873957716	0.25362638179089647	0.23422263081333206
0.22559638478988048	0.7209534223297952	0.053450192880324376
0.20644664232581458	0.4030341959798547	0.3905191616943308
0.4467301926652854	0.4260993626690509	0.12717044466566382
0.0988683357623053	0.7646442676809351	0.13648739655675976
0.2993148184893387	0.3770115733906205	0.3236736081200409
0.3337996797549595	0.25125269964667285	0.41494762059836776
0.08862235087053744	0.7053400418622162	0.2060376072672465
0.1467653277538825	0.721436609453132	0.13179806279298556
0.3781099509355615	0.5367113031344457	0.08517874592999292
0.4440636809563043	0.2893309472477243	0.26660537179597155
0.4977808489755457	0.3509452599694175	0.15127389105503689
0.2547958441193946	0.5203635985139259	0.22484055736667966
0.3286746347537497	0.4564179802132614	0.21490738503298903
0.2991818954663741	0.34924217916926015	0.3515759253643659
0.4029400219744417	0.20141581600428912	0.39564416202126934
0.2130083657578815	0.5849734022456703	0.20201823199644828
0.1950859730505369	0.4782972570208408	0.3266167699286224
0.36557905093839493	0.4598407358826004	0.1745802131790048
0.12552576707212848	0.7279372196663918	0.1465370132614799
0.27458774344423725	0.47202504889431385	0.253387207661449
0.555333054749968	0.17652471446087106	0.2681422307891611
0.47361086592234225	0.488988947714531	0.03740018636312681
0.18959316188462694	0.48234995614111276	0.3280568819742605
0.25053188079290345	0.6100983579360137	0.13936976127108291
0.45679732512651705	0.47367844028764367	0.06952423458583945
0.09900298983989717	0.6523756037673655	0.24862140639273747
0.06102622600864982	0.7243054071143742	0.21466836687697605
0.5392685923185143	0.1699281381032871	0.29080326957819863
0.14922177287808006	0.6380245126184031	0.212753714503517
0.4613238584341736	0.38951381886511705	0.14916232270070945
0.12555874429205657	0.6960971596991128	0.17834409600883078
0.5079141221371297	0.09011008441481261	0.4019757934480577
0.20746239814137046	0.5411939381426297	0.2513436637159999
0.15406760067539307	0.6263296930976595	0.21960270622694755
0.3330178838149196	0.4903636171955216	0.17661849898955898
0.3465687250473556	0.25666179134303846	0.39676948360960607
0.20240570855970227	0.41546045516509483	0.38213383627520303
0.16998135063312178	0.7035184780827227	0.12650017128415564
0.28714845755821833	0.6226701823651045	0.09018136007667729
0.4509043033389871	0.24038963873061814	0.30870605793039485
0.2820277043059534	0.3459076684505947	0.3720646272434521
0.18251345112424278	0.4064455733198593	0.4110409755558981
0.15852824257685494	0.4477812309706743	0.3936905264524709
0.36795487805842586	0.4117984305865003	0.220246691355074
0.46622122573659464	0.2818932265792602	0.2518855476841453
0.0882006264931538	0.6340831294681226	0.27771624403872364
0.4646218192694789	0.4013239623169487	0.13405421841357246
0.26886756136220674	0.32868630376455205	0.4024461348732413
0.14966131170325186	0.5777379025016736	0.27260078579507463
0.41168738324405696	0.3702369223324106	0.21807569442353253
0.44949813444517117	0.24737112018442442	0.3031307453704045
0.3949714602965151	0.23592160813504198	0.36910693156844304
0.14982344310668033	0.7547539227514142	0.09542263414190563
0.17794517062664383	0.6547947232254511	0.16726010614790515
0.20993507175975423	0.6628432008066483	0.12722172743359766
0.33121801126781764	0.5167940474185009	0.15198794131368154
0.09529334741059309	0.7684494966647051	0.13625715592470194
0.07167170013419294	0.8444172511748037	0.08391104869100349
0.05187603952627079	0.6479998089939152	0.3001241514798142
0.5010939899329974	0.12795288705671956	0.3709531230102832
0.12424722681836348	0.8103759145177432	0.06537685866389348
0.38607724111016106	0.24960601163342672	0.3643167472564123
0.4995211973249436	0.16910023760969137	0.3313785650653651
0.565508144238861	0.3875393282836689	0.046952527477470196
0.17933551169589168	0.7591437920858992	0.061520696218209325
0.26226393159977623	0.3923144952735002	0.34542157312672367
0.5096430661332946	0.3879398364257814	0.10241709744092417
0.43388994694665545	0.5146294676596548	0.051480585393689826
0.31155717462748805	0.5174861267656317	0.1709566986068804
0.35280445666823895	0.5193131615419686	0.12788238178979258
0.2978901697069227	0.3024145166429361	0.3996953136501412
0.15709569166782777	0.47810483786545455	0.3647994704667178
0.3293519259636053	0.453171915940744	0.2174761580956508
0.07543345028751003	0.6590587738379039	0.2655077758745863
0.5215164014216276	0.1783657802397679	0.30011781833860457
0.3022429319601277	0.3344789650674844	0.363278102972388
0.3807943453219101	0.31077209519083715	0.3084335594872529
0.2548093983046366	0.3838890164042166	0.361301585291147
0.4698377168524589	0.168767783356766	0.36139449979077515
0.5540537019602787	0.04236051304845545	0.40358578499126596
0.486096066002901	0.3572153827232332	0.1566885512738659
0.46240372609989866	0.29533580059635656	0.2422604733037449
0.19453964976757304	0.7130433769668673	0.09241697326555981
0.20307794078767463	0.7477139786562638	0.04920808055606174
0.11415496358939684	0.6457201585428565	0.2401248778677468
0.4267417417889572	0.3000563685814715	0.2732018896295715
0.41496770535689836	0.36584485250482046	0.21918744213828123
0.5568931078027962	0.3785175124335313	0.06458937976367257
0.21560037047634983	0.5084993572055494	0.2759002723181009
0.39272625324208743	0.3874115105410863	0.21986223621682638
0.11340622356523394	0.5382249249437321	0.3483688514910341
0.545737469151623	0.11101988549753516	0.3432426453508419
0.336873780707486	0.29696416883609855	0.36616205045641553
0.10212487536512227	0.519216156735783	0.37865896789909487
0.12256070822316883	0.5903113248798262	0.28712796689700504
0.41656778095894653	0.5337443927215124	0.04968782631954116
0.341182628516736	0.6022976763308274	0.05651969515243682
0.11730393378186971	0.5990942428755884	0.283601823342542
0.5445930018202501	0.21666959581573514	0.23873740236401492
0.3239403538537537	0.39455945512552537	0.28150019102072105
0.3875939552941571	0.45690678485020664	0.15549925985563645
0.30461358209016315	0.4197194195355248	0.2756669983743122
0.38712017579953373	0.23146505694240854	0.38141476725805784
0.23329649744397524	0.3658385242085771	0.4008649783474478
0.49532585331352186	0.25396183572788844	0.2507123109585898
0.1949701479342764	0.5193219477403164	0.2857079043254073
0.0903449684232514	0.7259474061204925	0.18370762545625619
0.42725067543916556	0.4805752815567509	0.09217404300408366
0.2623941779937948	0.5911519909045739	0.1464538311016314
0.10456796767994939	0.5652634950773491	0.3301685372427017
0.503110478222479	0.11374396213602869	0.3831455596414924
0.5144375587503659	0.40198443844493514	0.08357800280469901
0.3969566431906566	0.2180762865844944	0.38496707022484916
0.3525712453095816	0.5950289613870311	0.0523997933033874
0.1957039577224161	0.47290337211150696	0.33139267016607704
0.33887442038080556	0.5402338280271166	0.1208917515920779
0.2242429170603316	0.5891365116241959	0.1866205713154726
0.3344064586538134	0.31043833226568723	0.3551552090804994
0.06348586440549536	0.6960337969981409	0.2404803385963638
0.26175746542078115	0.6417981546357397	0.09644437994347921
0.34952493236953347	0.23899889578970768	0.41147617184075896
0.42620546796461023	0.33733591639653976	0.23645861563885012
0.5110038360401739	0.3722512228430938	0.11674494111673245
0.5177737986947089	0.3022050108463141	0.18002119045897708
0.1274446061061236	0.6330622658578092	0.23949312803606726
0.514184154530982	0.2738815074357185	0.21193433803329967
0.16545476114778596	0.752372705342903	0.0821725335093112
0.23211242281522468	0.5146158032061687	0.2532717739786067
0.3645520765730341	0.3669829402141555	0.2684649832128105
0.4864186363547395	0.2106038056006393	0.30297755804462134
0.26068559607976133	0.431283170100284	0.3080312338199548
0.30451619176375655	0.35236337527606826	0.3431204329601753
0.1351230592937644	0.7394707196155346	0.12540622109070115
0.23290840557013226	0.7186488176545385	0.04844277677532938
0.13109747767235827	0.7837890266329695	0.08511349569467241
0.3063057404838155	0.5142959884519627	0.17939827106422204
0.23642541785840093	0.518776586919128	0.24479799522247125
0.28208241555233654	0.41991519229769747	0.29800239214996616
0.420360805730009	0.4868410262056201	0.09279816806437105
0.5559257694757194	0.33277318795632216	0.11130104256795859
0.11649222664377287	0.5754282801027222	0.3080794932535051
0.21063347504159668	0.6931630244528273	0.09620350050557605
0.12692769104649398	0.5378349694383233	0.3352373395151828
0.5735836632291652	0.20799411021926648	0.2184222265515684
0.28475948533962797	0.3574579080176512	0.35778260664272094
0.2644949144902782	0.46616425248358384	0.2693408330261381
0.4236416424431143	0.3057835478724409	0.2705748096844449
0.43567319430339985	0.2958361700516639	0.26849063564493636
0.33837207260710767	0.48606151051977625	0.17556641687311617
0.529850894909154	0.16505988381095305	0.305089221279893
0.5493397074977817	0.38288381133189286	0.06777648117032553
0.07420255580728702	0.8013164335138842	0.12448101067882894
0.19288384914663748	0.5991361194771123	0.20798003137625032
0.31622369748085866	0.37062789656272505	0.3131484059564164
0.12083259613308606	0.5574376310431455	0.3217297728237686
0.14905209344339204	0.4738606143983286	0.37708729215827946
0.5689989558042555	0.331331777710496	0.09966926648524854
0.13987503211256386	0.699464184665503	0.16066078322193328
0.39816935199245196	0.46188671538512815	0.13994393262242003
0.32457189649958296	0.4360483435429443	0.23937975995747285
0.27923179264183007	0.5274060506378098	0.19336215672036028
0.2352860662472348	0.4851905566035311	0.27952337714923425
0.0739095791419061	0.556096304665453	0.369994116192641
0.2648981240133198	0.5488817947538724	0.18622008123280778
0.21817907487464538	0.4440690149359615	0.33775191018939327
0.28682960502257177	0.3577720842056836	0.3553983107717447
0.5177322977596894	0.3289585085649263	0.15330919367538443
0.25406169853273153	0.4062902989238749	0.3396480025433937
0.5720562696229682	0.34598627970313434	0.08195745067389759
0.17792155909822252	0.4309213047810994	0.3911571361206782
0.5512465331105304	0.21382192670930375	0.23493154018016593
0.34554251061157215	0.594287857429656	0.06016963195877201
0.2204535125342376	0.5300673228615502	0.24947916460421232
0.1380769187631693	0.48078819969674774	0.38113488154008307
0.316284809846004	0.33964034734374493	0.3440748428102512
0.07016978539717067	0.5872223474507665	0.34260786715206293
0.3266453456665561	0.2591460601278296	0.4142085942056144
0.3927622183538003	0.4685616412804402	0.13867614036575962
0.4118765628413045	0.33221544699955546	0.2559079901591401
0.2634065735378164	0.6138729353421392	0.12272049112004463
0.14460642079811503	0.742050672321944	0.11334290687994114
0.27140442419788596	0.6533815874111564	0.07521398839095778
0.5547854543932383	0.0501444285987504	0.39507011700801137
0.10424361918780503	0.6222293327117765	0.27352704810041856
0.3625556970115059	0.3508324608832986	0.2866118421051955
0.4246359692322748	0.16199648270082861	0.4133675480668967
0.3172334166372033	0.36638338796614417	0.3163831953966527
0.1061176376331984	0.7002487940226273	0.19363356834417444
0.14847884260836774	0.5073342387049459	0.3441869186866865
0.20971716982826474	0.5677435589777762	0.22253927119395922
0.2220179437631828	0.6393807886409971	0.1386012675958202
0.08603271460456191	0.589785734202078	0.32418155119336023
0.22977183163158021	0.48748006301834657	0.2827481053500734
0.14710186902462077	0.8159348997497134	0.03696323122566586
0.2991809527287271	0.551649134384334	0.14916991288693898
0.4553214201017538	0.15203332327197946	0.3926452566262668
0.09997873327023019	0.7093665977940609	0.19065466893570912
0.2559959904588857	0.614402483972681	0.12960152556843332
0.32439829379916857	0.5274292736099297	0.14817243259090176
0.5528896335790504	0.24367916915584767	0.203431197265102
0.4255644953511029	0.2210424658471138	0.3533930388017834
0.05403957480859556	0.8957752881957858	0.05018513699561883
0.2035061544193824	0.5742549856637554	0.2222388599168623
0.5206887707377468	0.1202015030355644	0.35910972622668885
0.3978223074456172	0.21031100099794367	0.3918666915564392
0.5322477017165042	0.1278939437886456	0.3398583544948503
0.4507894034321644	0.47598029654088775	0.07323030002694797
0.43615805610669134	0.2469516877474443	0.3168902561458644
0.5310952556095018	0.26129906006176273	0.20760568432873558
0.18229920796546434	0.4221059599247558	0.39559483210977997
0.2230875598459787	0.5932464317131227	0.1836660084408987
0.555211649061836	0.03441813287054568	0.41037021806761853
0.1386050172776106	0.45331030418456947	0.40808467853782004
0.233433083463873	0.41610180273445907	0.35046511380166806
0.17591057223034307	0.5795983612252843	0.24449106654437275
0.38098772501590117	0.3788371556271194	0.24017511935697955
0.5593780108246733	0.15261197507445176	0.28801001410087507
0.5440674430658756	0.3270070597049497	0.12892549722917473
0.11021998391571966	0.6240840320738452	0.26569598401043526
0.37844116306781783	0.5752252530557742	0.046333583876408124
0.20078455107678983	0.7273772709196947	0.07183817800351566
0.27767945127080224	0.35936573286053763	0.36295481586866024
0.3539947936349356	0.2810285415537313	0.36497666481133323
0.29517514733246136	0.4692065821403244	0.23561827052721432
0.38604348860676585	0.4893333696335127	0.12462314175972156
0.15843474122153323	0.4424849106519748	0.39908034812649207
0.07896013935842511	0.6068663906343112	0.3141734700072638
0.43183378963972185	0.2680118652846653	0.30015434507561295
0.49530224613732726	0.3298465429213882	0.17485121094128467
0.3961745464616214	0.27976086346480483	0.32406459007357385
0.5272180351949767	0.3828164993317491	0.08996546547327433
0.09975590714030769	0.5507982493172012	0.3494458435424912
0.19254970796829982	0.5002031614999649	0.3072471305317354
0.23062022352275885	0.3555432957796853	0.41383648069755596
0.3800086754923075	0.32276676078260885	0.29722456372508377
0.22147776671059832	0.6321758427003128	0.14634639058908905
0.12126765007150114	0.5521253624923692	0.3266069874361297
0.2538098295553171	0.3658737021175432	0.3803164683271398
0.5316154772262979	0.3821274425906612	0.08625708018304099
0.35674471278876185	0.4574266253241134	0.1858286618871249
0.07993326396875611	0.8342277731384704	0.0858389628927736
0.1441527916461145	0.6909838139049833	0.16486339444890225
0.38838049294976495	0.5082163756635203	0.10340313138671475
0.5721093645651862	0.06474920470215495	0.3631414307326588
0.2680655453770607	0.3832124423888417	0.3487220122340977
0.29359021878906344	0.46486239449588007	0.2415473867150566
0.2280099433114368	0.4049631536215663	0.367026903066997
0.42655975440586896	0.37692005264116996	0.19652019295296116
0.4561746940291516	0.3285544568798704	0.2152708490909781
0.19715497407883942	0.667531662279133	0.13531336364202767
0.4761402961043562	0.4137327390126396	0.11012696488300433
0.4906489023453544	0.4193296656080833	0.0900214320465624
0.3848061455346023	0.5671111300930889	0.04808272437230893
0.0804408669268653	0.7315000353353818	0.18805909773775298
0.43143626720264133	0.28438321466782757	0.2841805181295312
0.544810111639981	0.25188147462328014	0.2033084137367389
0.31069384484734974	0.3051855818905807	0.38412057326206966
0.25637737433619595	0.3803553284672645	0.36326729719653966
0.2583864949649475	0.5283654130266269	0.21324809200842576
0.06492119583618561	0.6005470090683807	0.3345317950954339
0.2477795877204526	0.3943328124505602	0.3578875998289873
0.05762343356040028	0.66711748694402	0.2752590794955799
0.4809828068660716	0.3822761766098527	0.13674101652407583
0.26748318515603675	0.35704673150994265	0.37547008333402077
0.44027975324269514	0.48889106714895636	0.07082917960834861
0.2369681775532077	0.45332577075674424	0.30970605169004817
0.48148463434449335	0.1180855498299819	0.40042981582552484
0.09558449266525285	0.7288840771277485	0.17553143020699885
0.10111373223637257	0.641072906140594	0.2578133616230336
0.5217532970542803	0.1325901560636626	0.3456565468820572
0.4061980416378479	0.32378311345952154	0.2700188449026307
0.10174890337901851	0.634721094818093	0.26353000180288855
0.12938869883228868	0.5966057500389113	0.2740055511288002
0.11035687112223369	0.7146105440618191	0.17503258481594738
0.2000986433276369	0.5180324781392115	0.2818688785331517
0.27065304936193657	0.5811705368646125	0.148176413773451
0.3267732588594	0.36155287271860903	0.311673868421991
0.5322951793512383	0.12659606222034378	0.3411087584284181
0.14839865657820261	0.4939007852867306	0.3577005581350669
0.1518309185472184	0.5778839579466089	0.27028512350617295
0.09826603702288561	0.8099223860097242	0.09181157696739034
0.1279677219262216	0.6280388862276161	0.24399339184616248
0.3042113469470025	0.495064922497841	0.20072373055515655
0.40729830259213856	0.21234923101143305	0.3803524663964285
0.5029319815395459	0.30611772785195596	0.19095029060849822
0.5226296239716652	0.11099061109518604	0.3663797649331489
0.580159531928347	0.04238916775774587	0.37745130031390717
0.09556665479651433	0.6841159589635761	0.22031738623990957
0.5081298016654723	0.38772306710620746	0.10414713122832034
0.14588394240182162	0.624617281087937	0.22949877651024153
0.5399576448452262	0.20581240201199383	0.25422995314278
0.49017094180493104	0.2716744532312827	0.23815460496378638
0.13515712390446522	0.4894334324827455	0.3754094436127894
0.35098265136293766	0.4071163372909051	0.24190101134615738
0.4458825896089444	0.16023990895643803	0.39387750143461764
0.15370603244695352	0.7212781820255818	0.12501578552746473
0.3173685562036147	0.6377002515235273	0.04493119227285808
0.23952777533904174	0.36760597554612834	0.39286624911483004
0.08186054863334125	0.8230566889090065	0.09508276245765235
0.21702854602438085	0.4153755371956508	0.3675959167799685
0.05255636486358012	0.6264275586849739	0.32101607645144603
0.1318301082028944	0.5260768996810302	0.3420929921160755
0.10057182928073985	0.7480135224881955	0.1514146482310647
0.2215222569678847	0.6297166903668612	0.14876105266525425
0.1175877987823298	0.8389301332024754	0.043482068015194886
0.07930819270448297	0.8513506417581334	0.06934116553738379
0.28160439266677284	0.662541321184325	0.05585428614890231
0.5589157799265169	0.39685594235081334	0.04422827772266985
0.21246423196789804	0.7203342462915345	0.06720152174056743
0.36922898979340196	0.23784265305284036	0.3929283571537578
0.3398541140886023	0.5051794016497699	0.15496648426162798
0.13655805472338037	0.6728772418291848	0.19056470344743487
0.1179537552069996	0.6265475867781474	0.25549865801485316
0.5307583131703796	0.40833181628982584	0.060909870539794686
0.25866585094603445	0.41583936120614196	0.3254947878478237
0.501036098867813	0.37113366384939445	0.1278302372827927
0.43032515102967717	0.2336701981641787	0.3360046508061442
0.06612530014552187	0.5762659822038944	0.3576087176505839
0.06019883894229927	0.7952840971846741	0.1445170638730268
0.2402364546565756	0.4169850738913904	0.34277847145203416
0.1973767926007181	0.6396097939628846	0.16301341343639744
0.1253822575811811	0.8277254885023977	0.04689225391642127
0.5314750420299033	0.24731103822932024	0.22121391974077656
0.15695094575902613	0.45291396904903797	0.390135085191936
0.4190378649196025	0.368581173367975	0.2123809617124226
0.5243026336845801	0.37480436434538	0.10089300197003997
0.48660278984257643	0.20038398835219443	0.3130132218052293
0.24766852364046182	0.49210361700664884	0.2602278593528895
0.055126352891998964	0.6485240519632811	0.29634959514472003
0.2772016293588597	0.4328103373128407	0.28998803332829975
0.3088160935427412	0.6112150152629805	0.07996889119427836
0.5680715249907191	0.2969054301318594	0.13502304487742162
0.5272548096912107	0.11082604772021629	0.36191914258857305
0.13600176389434698	0.6635712059663927	0.2004270301392604
0.2830308496525206	0.31761829454529367	0.3993508558021858
0.5197700530731026	0.285837510253236	0.1943924366736614
0.48843662181146635	0.2972308293577781	0.21433254883075564
0.16143285409889496	0.7983236182651776	0.040243527635927534
0.10948546787090413	0.8247955363291659	0.06571899579993012
0.12437559835541678	0.805547598056812	0.07007680358777135
0.322825027338544	0.6393479753055221	0.03782699735593392
0.3018469188427556	0.48503862307300594	0.21311445808423857
0.29275465967688596	0.6277725146144157	0.07947282570869835
0.4047077830029557	0.5290008715823337	0.06629134541471082
0.3069820481767852	0.6551733767392222	0.03784457508399269
0.15728298282995823	0.5795883598314044	0.26312865733863744
0.18551446584071057	0.45298737991751803	0.36149815424177156
0.23514825343066378	0.43414417222615354	0.33070757434318276
0.3632766721135444	0.5773201054770623	0.05940322240939333
0.37574261150842464	0.5036290717069335	0.120628316784642
0.11374629639617614	0.8069515778179999	0.07930212578582413
0.0886255444761046	0.7836095707605295	0.1277648847633659
0.28819342382070545	0.6460439711597004	0.06576260501959419
0.5011757877274721	0.3350537091864321	0.16377050308609592
0.38625118612084175	0.3815856207224521	0.2321631931567062
0.17623524445896918	0.46246371771451	0.36130103782652095
0.14252608725096605	0.4573962227512435	0.4000776899977906
0.5179544241728347	0.2626733010256337	0.2193722748015317
0.5742119839923044	0.05652380886610525	0.3692642071415904
0.4515594419422433	0.4515969064923318	0.09684365156542496
0.45743844853676885	0.34493549786877176	0.1976260535944595
0.33929641124841814	0.5877911370983302	0.07291245165325189
