0.2268626545656652	0.07348872424589456	0.3147338518595557	0.1582882003198681	0.22662656900901623
0.23566276547682197	0.07210990709845169	0.30045216668433894	0.154450512903803	0.2373246478365842
0.21792923774607567	0.07265232652670742	0.3128681969328664	0.16010446267905007	0.23644577611530018
0.2194589642958195	0.07123829955735861	0.3125311364976843	0.15511603139805205	0.24165556825108533
0.2146023799597163	0.07561984238309065	0.3224226992111324	0.1567209748960361	0.23063410355002434
0.21743352031340235	0.07222655707981843	0.3105057146728225	0.15950039725348109	0.24033381068047538
0.2184010583097203	0.07156742278524672	0.3137949408924242	0.15588068484766748	0.24035589316494105
0.22556885308040184	0.07281256276767611	0.31190694876909136	0.15106147017916569	0.23865016520366478
0.23439471178619967	0.07701508668747045	0.30212789279766505	0.15681165859942162	0.22965065012924296
0.21903312221104282	0.07390908135202098	0.3154828588481561	0.15272750967004212	0.23884742791873778
0.21523541629529788	0.07523256808459451	0.32028070379594975	0.15287382668815802	0.2363774851359996
0.23429201455977558	0.07728520250204682	0.3109353298848877	0.15296607621548594	0.22452137683780374
0.2153072954569447	0.07755298149739633	0.31414791602298786	0.1578978994800922	0.23509390754257867
0.2233376941190804	0.07652139828634252	0.31364645242570066	0.1503766433127699	0.2361178118561063
0.22690127991061948	0.07560870233144772	0.3122045760403612	0.15058923463059598	0.2346962070869753
0.21322876170389043	0.07033260077890036	0.3199371337253982	0.1550780240280577	0.24142347976375306
0.23243364437279962	0.07632561616432725	0.30292232382493206	0.15121511140049232	0.23710330423744855
0.22003773984832692	0.07204080950393749	0.31734440181345996	0.15403183527884576	0.23654521355542962
0.22568236726334936	0.07535480008952491	0.30960268249190037	0.1519191873922631	0.237440962762962
0.23960123608604056	0.07382476431023796	0.30267094599457345	0.15004498804572686	0.23385806556342092
0.21928532296804337	0.07498895169577646	0.31463189396670055	0.15183129252556193	0.23926253884391746
0.2190395345027919	0.07530423118328623	0.3180292701011864	0.158751608725295	0.22887535548744026
0.2221582237326478	0.07169635224864543	0.3111419559673056	0.15638475460405227	0.2386187134473487
0.2285124916340291	0.07403624314873664	0.31501767139323344	0.151384924425852	0.2310486693981486
0.2354504912081683	0.07347483108761696	0.3086350660083398	0.1527017624685444	0.22973784922733032
0.23026439798699927	0.078150355100544	0.30017659797941804	0.1549084897623683	0.23650015917067016
0.22072898548348294	0.07224467756519784	0.3138981913377785	0.15789915245668718	0.23522899315685328
0.2335238008971987	0.07838914065493041	0.31112605507390256	0.15230683299955516	0.2246541703744129
0.23172965565857354	0.07264912999162307	0.30906436971389867	0.15720979140856847	0.229347053227336
0.21780900437160727	0.07734946249842584	0.30531490277186935	0.1586956752798392	0.2408309550782582
0.23535798985170386	0.07162787368218437	0.31191529427824916	0.15154343464825043	0.22955540753961196
0.219090389809496	0.07693703577408194	0.3153607922437708	0.1561456634294852	0.23246611874316586
0.22636009566888188	0.07918664504217006	0.3077980938239556	0.15101608225154717	0.235639083213445
0.22968179782086934	0.07221105423729635	0.3129902236333948	0.15565756672050182	0.2294593575879374
0.2172695916432594	0.07531639340896312	0.3173812139082302	0.15309372265288698	0.23693907838666003
0.2202285210010632	0.07083154481099438	0.32022954887797017	0.15042639389679283	0.23828399141317919
0.22041311192324942	0.07439011075480959	0.3134387765968346	0.1549093491271848	0.23684865159792137
0.22430094447076948	0.0737768170738766	0.3195355995864362	0.1495114654942513	0.2328751733746662
0.22236583455909908	0.07498870089939241	0.3219146249127335	0.15224516641117597	0.2284856732175988
0.21546892793664552	0.07953862470511557	0.3215182060941524	0.15857560624650105	0.22489863501758525
0.21478011982437734	0.07865063758755231	0.3173741799441752	0.15480108892455202	0.2343939737193429
0.2131040191279514	0.07418063957135448	0.3193341400519518	0.15736229151537667	0.23601890973336537
0.22635276558103615	0.07543884546852897	0.3101449244869489	0.1525047520139533	0.23555871244953241
0.22154621297363675	0.07372935885398191	0.3111610927378066	0.15232872178935655	0.24123461364521798
0.21808726064423728	0.07526184607939168	0.3211835612346216	0.14968673011248623	0.23578060192926298
0.24228081497867765	0.07271644011110637	0.3059555228228665	0.15392870723584978	0.22511851485149942
0.23049353041390713	0.07132929528779777	0.3107131959621652	0.15639567496872153	0.2310683033674082
0.22052234810301372	0.07446974068552834	0.3123296704506925	0.1533961354728371	0.2392821052879281
0.23350838052720085	0.07355756248761552	0.3077143277883726	0.1557726657196224	0.2294470634771884
0.22330672135481294	0.07197892763624264	0.3100056410755848	0.15263646620100585	0.2420722437323535
0.21982667644864012	0.07984226352029633	0.3158856869047343	0.15549667052469238	0.2289487026016366
0.22681535354783167	0.07457771021399967	0.305244886945322	0.16002563901102185	0.2333364102818246
0.24130689858712878	0.07618935782914044	0.30303818088905327	0.15156456310097555	0.2279009995937017
0.22035330102693373	0.07180062474996904	0.3189728186004745	0.1515761660511647	0.23729708957145781
0.22330145450955996	0.07499767192441265	0.302083421086204	0.15739439233354444	0.24222306014627873
0.22020054977422332	0.07707531233449001	0.31873549428125425	0.14942830327658313	0.23456034033344908
0.22331213141235365	0.07269237886565291	0.3072595546116191	0.15865062693444082	0.23808530817593332
0.21424114776066278	0.07758450531640088	0.3228371045823679	0.15662808841142767	0.22870915392914054
0.221748153501612	0.07301616478007117	0.32159322519677314	0.1568865928942874	0.22675586362725603
0.23150774625544335	0.07040869576119527	0.3146882924417244	0.1555126261319588	0.22788263940967793
0.22928347716221661	0.07723980127756508	0.30680383623103796	0.15939826646843636	0.22727461886074374
0.23825395786638265	0.0773235371671678	0.3026625499557164	0.15424465214108354	0.2275153028696493
0.24061052592534096	0.0714355876322259	0.3005567509512119	0.1517383708623336	0.23565876462888735
0.22839500943690083	0.07209703892632544	0.3174731191196793	0.15002556388227015	0.23200926863482405
0.23334121565367222	0.07076911880425193	0.3113508540668016	0.15193967875301606	0.23259913272225796
0.22599369897084548	0.07465818719229819	0.3069804008081575	0.15497206244296102	0.23739565058573756
0.21276179480401256	0.07902549701949466	0.3218053552253188	0.15049090555906094	0.23591644739211284
0.23406518918449964	0.07259098625292257	0.3169178998804619	0.1509025343373647	0.22552339034475097
0.23657087718247796	0.07402507101004552	0.30544515190299276	0.1573436505197149	0.2266152493847686
0.2250728777395962	0.07751182638877228	0.3043679611631479	0.15385464671733784	0.23919268799114557
0.2262422547024293	0.07961389161645176	0.30886441116871133	0.1511569180202427	0.2341225244921646
0.2302571916375028	0.07516479166227757	0.306057844577629	0.1542096037897441	0.23431056833284625
0.21783345755357197	0.07290839577310271	0.3197326257922065	0.15390744462546124	0.23561807625565734
0.23875641984135043	0.0737010773011609	0.30179923463871405	0.16005936776456844	0.22568390045420592
0.2339165278700026	0.07588940156620491	0.3049725859304532	0.15536554039006967	0.22985594424326944
0.22735977580448397	0.07688392258204592	0.31343450409397156	0.15276127938839673	0.22956051813110157
0.22100682826267992	0.07968429317707307	0.3117389266227548	0.1526162048759802	0.23495374706151176
0.21233699187099025	0.07917434746884235	0.3140107256210504	0.15274145430045794	0.2417364807386588
0.22398638016798883	0.0751595984844974	0.31626041674228217	0.15271179538951676	0.2318818092157146
0.23270407070771615	0.07058768805742116	0.3116250948595031	0.15040952301879917	0.23467362335656014
0.2243566387912548	0.07835951634983346	0.30745896585541144	0.1572943313805742	0.23253054762292585
0.23682421792347513	0.07112711664540022	0.3028389307697522	0.15643196758096345	0.23277776708040876
0.23322351998990742	0.07984635593087397	0.3038858816815805	0.1493891068977258	0.2336551354999121
0.23477128369288622	0.07859601194869081	0.3011029661065951	0.15756298494780016	0.2279667533040275
0.2243307785861117	0.07255000703083897	0.32378441664563185	0.1549396455794943	0.224395152157923
0.21344576318245329	0.07621544076565888	0.31983663733427525	0.15178030149083363	0.23872185722677874
0.22487790458630014	0.07194028140247519	0.3056652243248827	0.15948589309785377	0.23803069658848802
0.22006705026192974	0.07984433375361707	0.30470955180338544	0.15800268810575646	0.23737637607531104
0.2298106008071119	0.07780470752635063	0.30360755668406064	0.15716164547639405	0.23161548950608254
0.2273231138546467	0.07721780767125852	0.31240075309998133	0.14949929552767505	0.23355902984643814
0.22112387784993937	0.07192448701059886	0.31089561590575526	0.15775396232783703	0.23830205690586925
0.23462018269828666	0.07345191331560097	0.3007326152911058	0.15699398572982898	0.23420130296517733
0.2286128082714933	0.07641817698445369	0.29991717920565286	0.15617485472587217	0.2388769808125277
0.21671022318148705	0.07495018850172874	0.31848911804405894	0.15590774491854414	0.2339427253541809
0.2241454926041432	0.0747602799618182	0.3136255545328005	0.15596436737661096	0.23150430552462692
0.23124600498717224	0.07618857191221703	0.3053000210721357	0.15901984254797408	0.22824555948050074
0.23714136015409026	0.0770965792038434	0.30450609909587134	0.15038687037513754	0.23086909117105722
0.23478269739540591	0.0706933822818624	0.30629374153427447	0.15413781969124252	0.23409235909721451
0.21780119617501273	0.07140968402421866	0.32150004305013236	0.15254059166624226	0.23674848508439378
0.21895814079163764	0.07941646566635185	0.3157951465305633	0.15332436556115617	0.23250588145029083
0.24137904986790396	0.07371319244596411	0.2996975062950307	0.15488214684709922	0.23032810454400177
0.22635676460844414	0.07512586725314725	0.3070640561495415	0.15072617450671588	0.24072713748215097
0.23118279011522797	0.07520766760046586	0.3076840023354692	0.15730216118550713	0.22862337876332955
0.22580176932424983	0.07139674790676326	0.30290537491148767	0.15728579682855465	0.24261031102894437
0.23217158445294012	0.0759303246660702	0.3121996198566135	0.14962706049420516	0.23007141053017083
0.21894341737948123	0.0747961897793433	0.3121263377331508	0.15758449370307315	0.23654956140495131
0.2300536011369003	0.07446808589194051	0.31539312677994835	0.15234373266028778	0.22774145353092282
0.23093452859640926	0.07453114532743757	0.3103961647490273	0.150291085834589	0.23384707549253664
0.22872788416211876	0.07932608351284443	0.3125377200774162	0.150602243718916	0.2288060685287044
0.2372605084489106	0.07444879756541259	0.3037223772335662	0.15954261507015455	0.2250257016819558
0.21543669098727908	0.0711159701460026	0.3188375516072671	0.15863421583371187	0.2359755714257391
0.21505515203990103	0.07381531974433808	0.3156523939641107	0.1576071565967505	0.23786997765489942
0.227876744017672	0.07203922724614151	0.3092337901173271	0.15449744396671472	0.23635279465214445
0.23504289560200892	0.07199351431189027	0.3095109009126303	0.15574148054707782	0.2277112086263925
0.21530379146128845	0.07768747497742826	0.3236455375661854	0.15047931101493917	0.2328838849801585
0.2225430162261028	0.07445863643897707	0.31303442219409805	0.15216766257067213	0.23779626257014974
0.2285987883766527	0.07954633133588408	0.3111689220247633	0.15606334179767972	0.22462261646501996
0.2226907990441361	0.07767606756042428	0.3035697338857378	0.15803838632904543	0.2380250131806561
0.21870047400557877	0.07565926486249945	0.3167306731227784	0.1493993242407421	0.239510263768401
0.2269705109007716	0.07830322190977637	0.3051612044861339	0.15344920092096312	0.23611586178235477
0.2343952320992176	0.07509104616191055	0.31218162566666885	0.15003598675991608	0.22829610931228667
0.22917912260711912	0.07398349144620373	0.30495017757476084	0.1553742202225272	0.2365129881493889
0.22420506405392618	0.07685414224260897	0.30717682747178565	0.153487983590462	0.23827598264121697
0.23907698922648762	0.07177784144859273	0.30548401650615425	0.15724402412653615	0.226417128692229
0.22979998541686525	0.07395779059565827	0.3062861701783152	0.15417809879472655	0.23577795501443452
0.2297679568108435	0.07641264753339136	0.3038875130164095	0.15458014116906044	0.235351741470295
0.2384081598389853	0.07498275628422374	0.30207272057949475	0.152922774084661	0.23161358921263492
0.23749413020681315	0.07764366706347668	0.3029983751878451	0.1519472418437626	0.2299165856981022
0.23508639291349484	0.07239637410422528	0.3079711303394205	0.15298126970079493	0.2315648329420642
0.22931312649024518	0.07713828287114718	0.3126219771102316	0.15508755389738116	0.22583905963099463
0.22675052655104944	0.07122000045614668	0.31056844944911627	0.15967876172732098	0.2317822618163664
0.22076059039959478	0.07424624870527607	0.3189488669958162	0.154408707299569	0.23163558659974376
0.21612718111698953	0.07500655653054009	0.3166504989568305	0.15112031592681052	0.24109544746882908
0.23978688964131556	0.07270989865801053	0.3032437072320142	0.1524287795689644	0.23183072489969506
0.22411415423603667	0.07095177794379381	0.319834418506851	0.15659359620739252	0.22850605310592578
0.22733224587793804	0.07538618491983715	0.31580903400795435	0.1541668188111302	0.22730571638314007
0.22589099946947722	0.0748523666417728	0.31245301832569095	0.1539168589526877	0.23288675661037114
0.2247902267474073	0.07842513810659821	0.3054820009574841	0.1544492193647687	0.23685341482374145
0.21546661165297676	0.0742352458543131	0.32178481468333614	0.15327817095533022	0.2352351568540435
0.2217013186128063	0.07187587289413716	0.317943655749301	0.1537421541090363	0.23473699863471897
0.22587097544982376	0.07278971393808145	0.31540463833719584	0.1554158975626664	0.2305187747122323
0.23477298282420628	0.07398907049139447	0.31133189873330275	0.15040055728776014	0.22950549066333611
0.22516839260081195	0.07687940400005137	0.3143762912109992	0.15432550987821614	0.2292504023099211
0.22347701657269084	0.07419940968751562	0.3102581507417025	0.15823890388000383	0.233826519118087
0.22089108841387298	0.07642778596986723	0.3208049497240654	0.15031971995311677	0.2315564559390773
0.23603818271773075	0.07101562203828907	0.3089097017805207	0.15763565387997253	0.22640083958348672
0.21608407582019215	0.07155080587479565	0.3178116365224032	0.1557204713589072	0.23883301042370164
0.2308180059466692	0.07150921684943812	0.3042978030779413	0.15303120873551684	0.24034376539043434
0.2297305361505089	0.07279685462534416	0.30107063783666826	0.15850241786360675	0.23789955352387168
0.23634611840036573	0.07161935708989012	0.30053436159879005	0.15193897041006496	0.23956119250088886
0.21854709857625432	0.07554584997382464	0.30838726969840785	0.1599743666358257	0.23754541511568725
0.217717414763623	0.07477388045083136	0.3217638088431544	0.150235567742795	0.235509328199596
0.23350801162133333	0.07727083866189563	0.30076143911442643	0.15632194955917028	0.23213776104317413
0.22149624285602681	0.07826546261489434	0.3215618963451037	0.15177096316874666	0.22690543501522822
0.22748392834347392	0.07899841437506427	0.3019403070110516	0.16014353928625338	0.23143381098415655
0.2257159338336375	0.07784706705251325	0.3059056454953271	0.1579792091351903	0.2325521444833316
0.22615343010470415	0.07650585990203226	0.3012547507369997	0.15342690788507485	0.24265905137118882
0.21464605295880246	0.07150956864209182	0.3206599647585582	0.15064131680529658	0.24254309683525074
0.22825089020988265	0.07494873028013835	0.3178984023474082	0.15352677076517063	0.22537520639739997
0.21318240103881864	0.07535074582927549	0.31254195554048414	0.15948791317825747	0.23943698441316402
0.22494229190543125	0.07180824643773898	0.3207553595753884	0.15574618648842456	0.22674791559301657
0.23068374210384118	0.07485269173031056	0.31485852880499887	0.15274381576116852	0.2268612215996806
0.22865873051393631	0.07454046888948224	0.3017454240980784	0.15952467565939724	0.23553070083910554
0.235549526389452	0.0740028881996129	0.3102379800039373	0.15451461751881132	0.22569498788818626
0.21311073144296308	0.07913516367636644	0.3188298359771708	0.15742428180255977	0.23149998710093966
0.22321489663596508	0.0710694587371187	0.31859776051196903	0.15946855160951798	0.22764933250542901
0.23211975451762715	0.0777059385038485	0.30353562000548834	0.15689499023181866	0.22974369674121708
0.2281325183696129	0.07823238280077202	0.302207692594014	0.16004502867386733	0.23138237756173352
0.21770492336444408	0.07648448553983851	0.3236591606678543	0.1539335468006993	0.2282178836271636
0.22331233884466495	0.07378422236930274	0.3165823918485391	0.15952622400799227	0.2267948229295007
0.2175646658999907	0.07449178839076112	0.3211118523742498	0.15652200918320153	0.2303096841517966
0.21617369307146156	0.07235338471757125	0.31768458214399137	0.15132271836493594	0.24246562170203967
0.23879498256162865	0.07149844672835554	0.31117200978790294	0.15261392967788387	0.2259206312442288
0.2225921376687477	0.07440522709435382	0.31457931388196625	0.15827752495803016	0.23014579639690189
0.21643564464257298	0.07595120612218298	0.3144856631540001	0.15768325973505387	0.23544422634618983
0.21535362104197273	0.07900884803089499	0.31510675166281565	0.15300601743199935	0.23752476183231702
0.23098331079346854	0.07584243771482953	0.30934927878090895	0.1521344221449779	0.23169055056581486
0.23175948501544075	0.07453065425814401	0.31298623061092345	0.15102733723690026	0.22969629287859128
0.22264740795662746	0.07061519899327406	0.3158952763187053	0.15113647716224943	0.23970563956914356
0.2294676975823628	0.07108966888772811	0.3147929295749485	0.15040235051898496	0.23424735343597541
0.21716330391148275	0.07203309448290354	0.3150912228438888	0.153670157208383	0.24204222155334168
0.2250979717611124	0.07115069752959735	0.30943895217351225	0.1591676080727623	0.23514477046301543
0.22028460840126707	0.07349845775102315	0.32381276790319147	0.15507155673063205	0.227332609213886
0.22975499367691404	0.07463273401922557	0.30083724971205417	0.15575121337256997	0.23902380921923597
0.21931969347386124	0.07610947562139864	0.31345240910742467	0.15232361848321335	0.23879480331410186
0.2144567147424845	0.0778784087739363	0.3106519267460581	0.15820154252178242	0.23881140721573843
0.2212955486402334	0.07209188639583328	0.31223726618977643	0.15803758290656092	0.23633771586759572
0.22794043772483305	0.0725883653462163	0.3095691070528155	0.15938311314806655	0.23051897672806834
0.21443085404334064	0.07866143677356144	0.31093856035956846	0.15904377641445216	0.23692537240907707
0.22360691623012377	0.07308552172400407	0.3229587036126552	0.1517980113463389	0.22855084708687784
0.22751055403348963	0.07367589771611927	0.3050898644353143	0.15390681404972129	0.23981686976535532
0.2227038867882589	0.07464598173032971	0.3069004291585004	0.15828763059873824	0.23746207172417255
0.2247243234748283	0.07545178820022778	0.31315639634749587	0.15131945696476945	0.23534803501267834
0.23529318664104804	0.07568930689769564	0.3020666449680305	0.15414016230273436	0.23281069919049124
0.22976011798108784	0.07336448728740061	0.3058158707700733	0.15614800905404547	0.2349115149073926
0.22947880235806886	0.0750193971830995	0.3030276999634816	0.1508017508430034	0.2416723496523464
0.21889786370057804	0.0747806408653984	0.3220097323196206	0.15938374372495578	0.22492801938944695
0.21968434832782796	0.07544069522383456	0.3135791212366125	0.15941150077715538	0.23188433443456935
0.22617765564744716	0.07575873335244293	0.3043447754263217	0.15311797778431424	0.24060085778947377
0.23662347368523118	0.07083133442342718	0.30579618272370523	0.15713900821487695	0.2296100009527592
0.23190490301558264	0.07591957061510006	0.3165254448106475	0.15080459178917527	0.2248454897694943
0.23081463558538265	0.07846272390787618	0.30116170496367267	0.15966723799402657	0.22989369754904168
0.2216026091158007	0.07062511031138019	0.3223691329371941	0.14995412201333796	0.23544902562228684
0.23526002976088303	0.0706139896256733	0.3156437483632851	0.15076901909943846	0.22771321315071982
0.21751731693407095	0.07780157633891309	0.3176894962706228	0.1556890009724268	0.2313026094839661
0.2340077172114936	0.0780694773209624	0.3104373306334501	0.15103170249927197	0.2264537723348217
0.22866016346498708	0.07805715506296886	0.30355196826108843	0.15928511341129037	0.230445599799665
0.2241388886905462	0.07916048848534543	0.30750289061971475	0.15642149739652644	0.23277623480786694
0.23650447055438056	0.07032887538441429	0.3042832288347668	0.15469073536342098	0.23419268986301717
0.21936563224159097	0.0760606923827579	0.31919778144617117	0.15737550701786063	0.22800038691161906
0.23241244112021703	0.07471324766453566	0.30540969172504573	0.14995507596168778	0.23750954352851358
0.22614419296067068	0.07081624664649178	0.32242632593160814	0.15104992070266088	0.22956331375856834
0.2314004202214617	0.07773267120873642	0.3058413715789879	0.15031993636943464	0.2347056006213791
0.21705437828196272	0.0705236306252659	0.3154797517407882	0.15548925023698568	0.2414529891149973
0.21655357832527597	0.07606481661028425	0.3170573467198392	0.15234774416813726	0.23797651417646307
0.23694057107893246	0.0785541702693053	0.30072678580077444	0.1591891261168274	0.22458934673416014
0.21914501047246968	0.07345764188300324	0.3178466222968899	0.15572940420047365	0.23382132114716325
0.2302362030806704	0.07063607792557966	0.30843283983062697	0.1578092036273368	0.23288567553578596
0.219802352873938	0.07767534242972472	0.311818897316146	0.1544929831885759	0.23621042419161514
0.21665200341307023	0.07717494220262369	0.31882143665203305	0.15245806174781684	0.23489355598445597
0.22371696110392109	0.07532595263411178	0.3143980866813257	0.15559873228630702	0.2309602672943342
0.22026019463238197	0.07575908130796849	0.31268303135801545	0.15974151789055732	0.23155617481107654
0.21397510464989697	0.07658948541102621	0.3123706131040029	0.16023493899083083	0.2368298578442429
0.23959806599497133	0.07715072634589024	0.3026542645126654	0.15207037352991587	0.22852656961655693
0.22731842018312107	0.07840617582677814	0.3014319942752435	0.1549130161979268	0.2379303935169303
0.23381992376496752	0.07593334850475728	0.30718133480976606	0.1536637495144807	0.22940164340602825
0.22413388226124184	0.07986226993251462	0.3063098619880753	0.15118763368676935	0.23850635213139867
0.23800756129422632	0.07221431467969067	0.30617617162051725	0.1538823694530925	0.22971958295247302
0.22545237525868944	0.07377658398151132	0.30426675608372095	0.15402626410986786	0.24247802056621023
0.22996215113216362	0.0730067225881526	0.3153928443750173	0.15384786397610772	0.2277904179285585
0.22380867016959805	0.07628900381011255	0.30526433796201136	0.15666642057043723	0.2379715674878406
0.22656096719163826	0.07800292847643893	0.3028095371831614	0.15037662406996954	0.2422499430787916
0.22237124983570386	0.07194160093039009	0.3216136817010384	0.15391692406552102	0.23015654346734649
0.23725904117535535	0.07395697362917208	0.3046167204113869	0.14946428530259706	0.23470297948148836
0.23172862010186324	0.0718240962124515	0.302468578414783	0.15663642438745748	0.23734228088344458
0.21945291321888516	0.07311329879311423	0.3092198882255043	0.15796177782891266	0.24025212193358342
0.23158893318400026	0.0721734375399799	0.3055876052270008	0.15226010661741118	0.23838991743160765
0.21686105936231642	0.07345837028160046	0.31577079719781803	0.15182705688148745	0.2420827162767774
0.22714685521531236	0.07533621707669963	0.30929300007285865	0.1558065644710105	0.2324173631641186
0.214704066579613	0.07910626153285802	0.32190022442808647	0.15469412636807164	0.2295953210913706
0.2374108787219099	0.0776542033830092	0.3036786806439814	0.15357382516461288	0.22768241208648637
0.2195519727885208	0.07229253618004894	0.3177656940953951	0.1525609344447659	0.23782886249126903
0.22177039311863264	0.07344320273292923	0.3096676272807558	0.158027955867595	0.2370908210000871
0.22012567661376636	0.07818337207489924	0.31427586766550086	0.15654162635749957	0.23087345728833372
0.21890715002374211	0.07926497877981552	0.31172625123371883	0.15329768078521402	0.2368039391775093
0.2302531816983392	0.07076802523491599	0.3129468078753731	0.15542118784081896	0.2306107973505525
0.21880318691245973	0.0743974289282551	0.31576466312521484	0.15156440830230009	0.23947031273176994
0.21922217984681427	0.07714245625736493	0.30962605923826336	0.15760959503608038	0.23639970962147674
0.24020032517155254	0.07034188249180681	0.3118757532611276	0.1511111299714406	0.22647090910407225
0.2395981775866013	0.07522131826649762	0.30253710832772235	0.15761089567495484	0.22503250014422363
0.2192005773917602	0.07879599787810754	0.3030177868882639	0.1569910192142052	0.24199461862766292
0.2227100476923219	0.07079169041185873	0.32225744248706384	0.15568120212398964	0.22855961728476568
0.22601804981679022	0.07113761645208647	0.3177718876178007	0.15292718638931285	0.23214525972400957
0.2258103296643685	0.07398574131604183	0.3216482894305497	0.1517515763023155	0.22680406328672423
0.22754634469952378	0.07212628735645285	0.3124249775214016	0.15357445046483958	0.234327939957782
0.22492991168376772	0.07898354448584544	0.309444177325991	0.15771697909074167	0.22892538741365392
0.23942996327474322	0.07885090269083492	0.3011780479555609	0.15386266887310154	0.22667841720575918
0.22992785170758467	0.07262515502500716	0.3111751958017994	0.15445356089936324	0.23181823656624528
0.22410181234938342	0.0770917084821507	0.31422557250104305	0.15068757437003877	0.23389333229738382
0.23284705781546083	0.07845190795284093	0.31006998225956084	0.1510007823863979	0.22763026958573926
0.22812688674108542	0.07546469602484755	0.30415404781045935	0.15212812185656294	0.24012624756704448
0.23233463556493505	0.0795782064279669	0.30421499741916636	0.1517167364830255	0.23215542410490594
0.21975015228260325	0.07648318653380153	0.311337891678322	0.15436656471214866	0.23806220479312434
0.21939275558565152	0.07639749062188507	0.31765942826107596	0.14942341061440673	0.23712691491698046
0.21465252397482554	0.07570431633952746	0.315339363826813	0.1534802733087906	0.24082352255004316
0.2394932852386577	0.07405216380612287	0.30700542834318023	0.15489166789545816	0.22455745471658073
0.23071188189769992	0.07946443795061438	0.3003267961365236	0.1576760013453854	0.23182088266977646
0.23651102762374104	0.07122618864254004	0.3092210483737875	0.1505619081013498	0.23247982725858135
0.22055273015492677	0.076465764741667	0.306379207750463	0.15758400465051942	0.23901829270242358
0.21767995835440113	0.07552848096595649	0.3162987877274169	0.15242197214050413	0.23807080081172116
0.22414006629159533	0.078006307563742	0.3181854768158189	0.15060721157069656	0.22906093775814695
0.2334920746264898	0.07099479614601154	0.3145165021136331	0.15623769447225994	0.22475893264160543
0.22854307628830783	0.07291504922898279	0.31512559504399196	0.15331387147948145	0.23010240795923576
0.2288731184179972	0.07727336229325461	0.31219929840767907	0.15468208883531226	0.22697213204575667
0.23033583057800464	0.0718115636334779	0.3104116305449495	0.15035268151649775	0.23708829372706997
0.23379630329021459	0.07285247188429445	0.3119222827607336	0.1551161922083704	0.22631274985638675
0.22352352579099055	0.070755572380693	0.3101624428185755	0.15831297050124635	0.2372454885084944
0.2330503335801464	0.0783251414501685	0.31073812049302096	0.15292327765450797	0.22496312682215588
0.2326196186570612	0.07972059676785472	0.3093488791792621	0.1525493615617336	0.22576154383408814
0.21763071076651935	0.07594211482984158	0.3212564551007951	0.1581325532703098	0.22703816603253393
0.22147949731122574	0.07715723961887933	0.32364970688448813	0.15176706146271252	0.22594649472269407
0.2218291411855433	0.07720505537807398	0.3153826261699303	0.1543232336092969	0.23125994365715533
0.21242404551592428	0.07317559287936662	0.31913390461093116	0.15775095290141286	0.23751550409236485
0.23207601637083725	0.07320356540805803	0.305195562477777	0.15989142223761799	0.22963343350570944
0.21255200546471906	0.07766945152894855	0.3172536059830239	0.15888439273041252	0.23364054429289574
0.22530139431072174	0.07853440245720196	0.30803999763680645	0.1503267747244504	0.2377974308708192
0.23001088257628163	0.07152603629987303	0.31729412471148283	0.15033287617085322	0.23083608024150906
0.21790821902404328	0.07732950646944699	0.3079237102400443	0.1579778395039254	0.23886072476253978
0.21996833335328686	0.07095232508370397	0.32212562921671284	0.16002719126877327	0.22692652107752279
0.2164407589022216	0.07974605421135482	0.31775956834198105	0.15384937217388395	0.2322042463705583
0.22785879822515612	0.07211477572857078	0.30940701033967083	0.15677815936408526	0.23384125634251676
0.22183901766667857	0.0729272216205448	0.32092447337473445	0.15161325617941018	0.23269603115863174
0.22102358433814084	0.07917630674424193	0.3215932263906877	0.15197528286400802	0.22623159966292128
0.21867471442154254	0.07774868468734192	0.31466760008874844	0.15407473698056373	0.2348342638218031
0.21868671881640397	0.07053953412115982	0.31907234795142614	0.15306536884402785	0.238636030266982
0.23988085311406745	0.07775469403361719	0.3024631460340802	0.1500514754671473	0.22984983135108755
0.24022792055618414	0.07126665109308203	0.3009748224626221	0.15438619874002452	0.23314440714808699
0.2172390709151441	0.07591515789470177	0.3232850100340965	0.1496916476072403	0.2338691135488171
0.2313986116994169	0.07913477697562267	0.30379685997873007	0.15728682932801388	0.22838292201821622
0.23799922253518524	0.07518764366830112	0.30137897143993264	0.15891121594161217	0.22652294641496862
0.23308447504151025	0.07562131927334974	0.30541246828083	0.15877076909095686	0.22711096831335287
0.23556442478783582	0.07139205524065215	0.30859530136198055	0.15853889996576265	0.22590931864376856
0.22767009817502845	0.07393386581798977	0.30755355758190384	0.15940164150757982	0.23144083691749784
0.23087791791830348	0.07426842524701252	0.31480260607023014	0.15317242646217827	0.2268786243022754
0.22370524141949125	0.0748937144989141	0.31135427751833	0.15915589635733154	0.2308908702059328
0.22141981720405474	0.0747360696128907	0.31879288558225943	0.15463080694911902	0.23042042065167587
0.23102187210655958	0.07422764722565028	0.31163391871963775	0.15211072886497667	0.23100583308317546
0.23904682402329677	0.07079066149842458	0.3032786873826674	0.15810902475356853	0.2287748023420425
0.2261675657929914	0.07126784009320128	0.3117975954749168	0.15000259454281195	0.24076440409607833
0.22906000956226652	0.07137084713047573	0.3191170780328246	0.1555088541374543	0.2249432111369786
0.23304306974338052	0.07778867323916902	0.3121853608277692	0.1497688325249339	0.2272140636647471
0.23943702371442416	0.07524698045201651	0.3057368853111752	0.15470663224296616	0.22487247827941773
0.22017512335818987	0.07819476288105238	0.3098691664884098	0.1514737654985843	0.24028718177376343
0.22106026490748007	0.07449544735862892	0.31937191423036493	0.15893262124453925	0.22613975225898658
0.22341555225507514	0.07655096461509879	0.31104269305843185	0.15481772942195113	0.23417306064944285
0.2133847592331521	0.0770019839106735	0.32097065924838486	0.15593934272025642	0.2327032548875329
0.21554991994882344	0.07115198506436429	0.3201546833825968	0.15896773645589468	0.23417567514832055
0.23597215461180227	0.0725109934077334	0.3154707532857296	0.15041629255809477	0.22562980613663972
0.2262994752742331	0.07678726503626558	0.2996875755475778	0.15786067257614808	0.2393650115657752
0.21335629324281088	0.07647361693540308	0.31800416078157123	0.16022210531693024	0.23194382372328437
0.2142283792044619	0.07955024214322617	0.31771429613671864	0.16000030520788264	0.22850677730771043
0.2375817060802034	0.0747820342864825	0.3025030477000986	0.15206077326939033	0.23307243866382488
0.22640543026184082	0.07720835638784562	0.3064113698455779	0.151977925659324	0.23799691784541147
0.22605599503649093	0.07269021802894535	0.31017702636587596	0.15474763307181305	0.23632912749687446
0.23340995971422787	0.07910924105615813	0.3019582624526421	0.15291749453584785	0.2326050422411238
0.2385238676901456	0.07338179336798009	0.30271143117625443	0.1517870196078127	0.2335958881578069
0.2253898308236118	0.07092490980971539	0.3081171837578477	0.15509710971496268	0.2404709658938622
0.23132454195228894	0.0798500177282396	0.309588848643769	0.153140518687595	0.22609607298810727
0.23969148989828257	0.07829465940876705	0.303320128178056	0.14962078014810365	0.22907294236679054
0.23402442784082955	0.07442812386794917	0.30874276436011006	0.15183347590640178	0.23097120802470916
0.22740443159811047	0.07042870548417574	0.31808673604389304	0.15257525651164516	0.23150487036217537
0.2201724978168673	0.07507854214835176	0.31838536708004916	0.1501790251441511	0.23618456781058045
0.21486464876824288	0.07315289764407587	0.31060925947656337	0.16007711368424538	0.24129608042687228
0.2148070903823764	0.0772873725326813	0.3145400878500929	0.15289798878991673	0.24046746044493247
0.2233483065903309	0.0737653025326882	0.31269869577617804	0.1532475700972812	0.23694012500352138
0.21761675450114182	0.07186374289609879	0.3184231699673686	0.15616406176234643	0.23593227087304416
0.23247273377122438	0.07855243456688589	0.30586169375854805	0.1511070383430002	0.23200609956034127
0.22874698458158874	0.07563577097466377	0.30983045708595636	0.15052693646117007	0.23525985089662083
0.21457715876135872	0.07123406620899944	0.32255243491574237	0.1577127141467735	0.23392362596712568
0.23409785749819345	0.07646357808551138	0.30260416407305946	0.15446342002438013	0.23237098031885536
0.23150268248054837	0.07196026132432537	0.31626152202419405	0.15245169337082884	0.2278238408001031
0.22762351163557434	0.0776191468384215	0.3009351733664757	0.15205948734800034	0.2417626808115279
0.23465350320866765	0.07667663183918519	0.30879668499893387	0.15336642726700578	0.22650675268620726
0.22375763700642032	0.07194415198668747	0.3164239744028971	0.15495135176843364	0.23292288483556123
0.22295023910698433	0.07103611401018733	0.3206775043717645	0.15810218426573233	0.22723395824533127
0.22588532690713975	0.07233100636174644	0.3144112335162008	0.15307194225113577	0.23430049096377698
0.22067830369453006	0.07291887381943948	0.315061029571835	0.1548685030788338	0.23647328983536142
0.22056118123879584	0.07658124884239736	0.31102195631323803	0.15471937590937984	0.23711623769618867
0.24081520937756504	0.07407449459292573	0.30641787076037125	0.15423232120133834	0.22446010406779943
0.2318869564263301	0.07183299116806957	0.3056261415681276	0.15161855067165297	0.23903536016581955
0.22473033353863903	0.0704158468660708	0.31162724513093754	0.1599147203174432	0.2333118541469092
0.2206774745683767	0.07480374580831095	0.30855900116814394	0.15542953415529231	0.24053024429987588
0.23385884796999776	0.0743285064838213	0.30803761836941235	0.15559337777798146	0.2281816493987869
0.23391486181216367	0.07583599134649611	0.3017376381592921	0.15187688860801912	0.2366346200740287
0.23152489026124928	0.07564871236613327	0.30813662752346993	0.15293139827346605	0.2317583715756812
0.2280720406311667	0.07830645737196652	0.3011916948128852	0.15544665137972125	0.23698315580426
0.23322869547130431	0.07410735417766523	0.3110061217840856	0.1526544353852985	0.22900339318164614
0.23737188546247687	0.0721578323697305	0.3008636286543613	0.15218784741650962	0.23741880609692148
0.23744852772324837	0.07155889453214123	0.3090493397452311	0.15043680920166264	0.2315064287977164
0.22321436235465125	0.07685634711839484	0.32031864429913437	0.15305594999732117	0.22655469623049812
0.22835634715210498	0.07197097082204412	0.3196135504894898	0.15524117382646904	0.22481795770989182
0.21221879243940742	0.07952569052937689	0.31188813145769584	0.15945757291210771	0.2369098126614119
0.23644304753934176	0.07668313547526197	0.3023506764140652	0.15110673922674325	0.23341640134458758
0.23010152270207107	0.07750887365356045	0.300621376670398	0.15084036005579804	0.2409278669181722
0.22605147601363607	0.07367742229733842	0.3061258174804899	0.15236178523003782	0.24178349897849757
0.21313687085645816	0.07943854065639877	0.3203604741021992	0.1583070092231592	0.22875710516178444
0.22412302786782853	0.07569310546788474	0.30795615008190674	0.15793194093355908	0.23429577564882068
0.21345610476091087	0.07830617182488481	0.3169027604463416	0.15654466817205687	0.2347902947958056
0.23093966164926705	0.0710377714365737	0.31158875427641053	0.15144132906283767	0.23499248357491082
0.22359378224477455	0.07954512057703264	0.3084971214646666	0.154602628595626	0.23376134711789995
0.23407845674451935	0.0725726402471345	0.3024016278050965	0.16014085840532857	0.23080641679792085
0.22883245709443575	0.07305381023825966	0.3065686326996738	0.155469953161109	0.23607514680652156
0.21864329576595556	0.07688897970271677	0.31702713002131877	0.15740716356806264	0.23003343094194603
0.22415115485919274	0.07723067162458203	0.30823808640256856	0.16005745002109417	0.2303226370925623
0.23467770944039223	0.07366028236418423	0.30114271052215763	0.15496194627397986	0.2355573513992858
0.23573146467071154	0.07048128287881542	0.30379221353016145	0.1569524231816843	0.23304261573862708
0.22767662555065143	0.07612165379845647	0.30538396524345435	0.15224281494835637	0.23857494045908115
0.21759263142063837	0.0759478882327422	0.3140046047688113	0.15540762008831638	0.23704725548949146
0.22396459102641914	0.07097224860546825	0.30424993726288985	0.15832442021091514	0.24248880289430744
0.2319576777225019	0.07576057698804001	0.311947179476236	0.15345801907024356	0.22687654674297825
0.2146461943805245	0.07065679492509402	0.31348950619018634	0.15997861709597	0.2412288874082249
0.22074115513441595	0.07894609806652618	0.3061082362384206	0.15295608630393917	0.24124842425669787
0.22731910425894403	0.0725348311135296	0.3209746381455768	0.1539612021804182	0.22521022430153115
0.22523305588347986	0.07529922297228174	0.3137334326334129	0.15783986775235814	0.2278944207584671
0.22447974272221588	0.07907959817472547	0.30784805780862023	0.1568512379920155	0.23174136330242265
0.22646013281537594	0.07918674527536966	0.3092225570800403	0.15607792033846446	0.22905264449074936
0.23839709436090678	0.07176514403234324	0.3092260531802016	0.15160760964359538	0.22900409878295278
0.23204386176289907	0.07753133883458964	0.30548470880231376	0.1596953672141233	0.225244723386074
0.2190833752872341	0.07439045370207151	0.32227988949349085	0.15885739565966017	0.2253888858575432
0.22017886996127434	0.07313444715324419	0.31846166557347816	0.15644792810170804	0.23177708921029502
0.2309486510873995	0.07896574288749862	0.3026281498609722	0.15886166361776696	0.22859579254636248
0.22480527167451705	0.07160520039033741	0.31248342606166707	0.15188541269102523	0.239220689182453
0.21391219597620242	0.07277996723941624	0.320518422493982	0.15764045903460416	0.23514895525579493
0.2309212587016005	0.07570321302677047	0.30916896009625267	0.15817239349598655	0.22603417467938958
0.22387592623753957	0.07458265945884412	0.3079256241748538	0.15515283776638597	0.23846295236237622
0.23501984810651777	0.07360988143236855	0.3159513714080151	0.15098298568299306	0.2244359133701053
0.21812144968819946	0.07061264185017974	0.3204509030273076	0.1526586324837318	0.23815637295058117
0.212865252139666	0.0783478528882616	0.3176804891399028	0.152105532951232	0.23900087288093735
0.2308867424280143	0.07801080170852417	0.30239661812399654	0.15709873204295519	0.23160710569650952
0.24107460908381567	0.07285240246061392	0.3002496083720706	0.15948202828596558	0.226341351797534
0.22613909544728888	0.07393421632519881	0.302094261003666	0.15986142607867185	0.23797100114517425
0.23669366666260608	0.0765664421824262	0.30186453457994067	0.1525765579774767	0.2322987985975501
0.22444535293404755	0.07039551936907795	0.32036472901021756	0.15553454912136883	0.22925984956528786
0.22794327409822487	0.07269469462844974	0.3007036587028349	0.15706681417861154	0.24159155839187874
0.2263275523036365	0.07545091011966218	0.3094726453524794	0.15575253688734242	0.23299635533687926
0.23027310968295434	0.07400058426992492	0.3023354111811855	0.15829746577474832	0.23509342909118666
