0.30086053776454647	0.38931173593557256	0.30982772629988103
0.2991445398473235	0.39153940414857996	0.3093160560040967
0.298664326331558	0.3935409187976804	0.30779475487076174
0.2983411911429482	0.39065680114250173	0.31100200771455017
0.30127729803112213	0.3891259034384989	0.309596798530379
0.29996513899923416	0.3897653189749033	0.31026954202586265
0.30011437086393666	0.39203365960775144	0.30785196952831206
0.2984889531547078	0.3908560124816819	0.31065503436361047
0.3016107626964174	0.3891608267173742	0.3092284105862086
0.29780618753490745	0.39203122600495166	0.31016258646014105
0.2999437570762982	0.38987423154922635	0.31018201137447554
0.2993928246051355	0.39056980967098287	0.31003736572388174
0.2967640550435613	0.3930654734718666	0.31017047148457216
0.29866620882596717	0.39251457126981665	0.3088192199042163
0.30117381095731743	0.3911682427118581	0.3076579463308246
0.29714059247642427	0.3936064413048948	0.30925296621868104
0.2982402386846099	0.3924230749055996	0.3093366864097906
0.29851183686740546	0.3924372653060105	0.3090508978265842
0.2978665016381056	0.392355421621531	0.3097780767403636
0.2977111224042651	0.39322470021298944	0.30906417738274555
0.2974117038748204	0.392324016375059	0.3102642797501207
0.29766844368272183	0.39332498280923683	0.30900657350804145
0.29876889476771573	0.3909088621032995	0.3103222431289849
0.2998264836978095	0.39198595350958676	0.30818756279260384
0.29925498673185474	0.38955295555876207	0.31119205770938335
0.30149808162333863	0.3895867444978597	0.3089151738788018
0.3006464763940966	0.38980897183818186	0.3095445517677217
0.2994724777753595	0.3924066983001049	0.3081208239245357
0.298829954287313	0.39158940241817386	0.30958064329451324
0.29706327108108677	0.3930713635786684	0.30986536534024495
0.3006820067811048	0.38972008936286395	0.30959790385603136
0.29873217436871513	0.391184952151779	0.310082873479506
0.29781828663494886	0.39245276291007924	0.309728950454972
0.3001230582011293	0.3916153145985282	0.30826162720034267
0.29829487336904814	0.391647788055255	0.310057338575697
0.2974507304431673	0.39352854835498186	0.309020721201851
0.29936632949286324	0.39166785563433926	0.3089658148727976
0.2996984271656963	0.3914047626498896	0.30889681018441423
0.29952207737745246	0.39019141321836703	0.31028650940418057
0.29894932717661965	0.3912261847341576	0.30982448808922286
0.2982121138249264	0.39075798842536635	0.31102989774970735
0.2986006892049156	0.3901449261632219	0.3112543846318626
0.30178580286152495	0.3900358619471001	0.30817833519137505
0.2997140516293882	0.3918946559543878	0.3083912924162241
0.2996539037270223	0.391853954299184	0.3084921419737938
0.3007758814501742	0.38954734914090056	0.30967676940892536
0.2978245427867079	0.39275222274068855	0.30942323447260367
0.2986523943565562	0.39161138713610477	0.3097362185073391
0.30044817015156366	0.3908150564405543	0.30873677340788214
0.2973725726584714	0.3919679589260655	0.3106594684154632
0.3013623952077268	0.389185826373798	0.3094517784184754
0.2982925609637862	0.39091265598048763	0.3107947830557263
0.2986027838459784	0.39094022118413074	0.31045699496989104
0.29887279055224425	0.3915094698303754	0.3096177396173805
0.30012078733101616	0.39020408470216583	0.3096751279668181
0.2999210027803849	0.39208579690472084	0.30799320031489436
0.2980572617659582	0.3915400424769512	0.3104026957570908
0.29879358226808606	0.3935007044239285	0.3077057133079856
0.29762571137800165	0.3925945483569048	0.3097797402650936
0.29813949171135784	0.3907580043058855	0.3111025039827568
0.3018436886417398	0.39044699502129904	0.3077093163369612
0.300082246428114	0.3909673616062517	0.30895039196563445
0.3003438601537473	0.3910140269800981	0.3086421128661547
0.30015986262191396	0.39085743459849315	0.308982702779593
0.2984104829830181	0.39048625675755294	0.3111032602594291
0.3003477436516384	0.3890917580867331	0.3105604982616286
0.2972587169006768	0.39218464801048053	0.3105566350888428
0.29662979345999485	0.39298953105415557	0.31038067548584974
0.298924755524145	0.3901058045476564	0.31096943992819875
0.30147269507090996	0.38969163582600047	0.3088356691030897
0.3005740563451428	0.3902778448044632	0.3091480988503941
0.2988709339885432	0.3914447924870605	0.30968427352439637
0.301727449825307	0.3890771655270459	0.3091953846476472
0.2981031557261332	0.3935502386280333	0.3083466056458336
0.2999432858246705	0.3893353674049982	0.31072134677033136
0.2991360465454679	0.3912032338740684	0.3096607195804638
0.30062059157653986	0.38998642899879704	0.3093929794246632
0.3004881699616523	0.39142590905251506	0.30808592098583276
0.2996948194878469	0.3924875274789051	0.30781765303324815
0.30036576600955434	0.39100034801663003	0.30863388597381575
0.30046421366872217	0.39085188671248233	0.3086838996187956
0.29981830531636594	0.3906505504975044	0.30953114418612976
0.29944548534759535	0.3921453428323776	0.30840917182002714
0.29722720482592346	0.391901878150048	0.3108709170240287
0.2998294095024225	0.3909591823934446	0.30921140810413306
0.2994675093178487	0.39176096394225796	0.3087715267398935
0.3001762675204204	0.38923885685045484	0.31058487562912485
0.3006992331092385	0.39091052331623943	0.3083902435745221
0.2969638140411318	0.39268907304412093	0.31034711291474737
0.29971380600101405	0.39138462114043315	0.3089015728585529
0.29909760536387253	0.3914960220848943	0.3094063725512333
0.30000906808195604	0.39037018789872885	0.3096207440193152
0.3000660141099974	0.3905398780089165	0.30939410788108623
0.2991999511028302	0.3920724140169509	0.308727634880219
0.3009064884013081	0.3913077857458053	0.30778572585288666
0.2997078759935205	0.3891969037898497	0.3110952202166299
0.3018295173343791	0.3905309871271047	0.30763949553851627
0.2977253104334113	0.39153413987088276	0.310740549695706
0.2976656762698112	0.3912524333371008	0.31108189039308803
0.29771768917127256	0.3920130313704886	0.31026927945823896
0.29763403732614696	0.3929889381597044	0.3093770245141487
0.2967689808578253	0.39332953648368474	0.30990148265849005
0.3003041410696609	0.39011912304060636	0.30957673588973283
0.30169863992581136	0.3892338786018402	0.3090674814723485
0.2978057419011749	0.3913402269214612	0.31085403117736404
0.29718568688284713	0.3929088397269219	0.30990547339023106
0.29694831702060076	0.39229784878758184	0.3107538341918175
0.29864853664732055	0.3922632172470383	0.3090882461056413
0.30110661719644666	0.3904805599078393	0.30841282289571414
0.2989959660203265	0.3920338840389001	0.30897014994077354
0.2993463408657158	0.39257483163747914	0.30807882749680515
0.2995488180941133	0.3906731806098562	0.3097780012960306
0.3002897135174266	0.3916078322734402	0.3081024542091333
0.2992063693700235	0.3920671530407754	0.3087264775892012
0.2974988972466699	0.39173902464645705	0.3107620781068732
0.30044164863914613	0.38987795812036397	0.30968039324049
0.2971712249755371	0.393248298587841	0.309580476436622
0.2994445264125873	0.3915671481163992	0.3089883254710136
0.29681551886208146	0.39226505076689877	0.3109194303710199
0.2979432122572433	0.3927443803784982	0.3093124073642586
0.3008967359220048	0.3914650523618454	0.3076382117161499
0.297882688981918	0.393034810764125	0.3090825002539571
0.30125822074226116	0.3891247158845794	0.30961706337315953
0.29713698811210754	0.3918088892674566	0.311054122620436
0.3014916132299628	0.39045740428000164	0.30805098249003565
0.2998277118021911	0.38966335103595684	0.31050893716185224
0.29672216564547255	0.39215605866336983	0.31112177569115773
0.29858248324060377	0.39051085361244975	0.3109066631469466
0.2996198695291164	0.39114773503804673	0.309232395432837
0.29737438335574906	0.39195694032790446	0.3106686763163466
0.3004515979598029	0.39028241695003696	0.3092659850901602
0.3013184611460858	0.39043995681068433	0.30824158204323
0.30004385757143703	0.3923530421065248	0.3076031003220383
0.2978044292446589	0.3915573156268665	0.31063825512847465
0.30184218407495106	0.39010827004397264	0.30804954588107647
0.3007731766675357	0.3905400068969319	0.3086868164355325
0.2985301019372552	0.39202431484817857	0.30944558321456633
0.30090469651274654	0.38992561698365924	0.30916968650359433
0.2996673425837562	0.3909034130430695	0.30942924437317443
0.2981336549526574	0.39090670094631313	0.31095964410102955
0.2989594460328273	0.38965224072825616	0.3113883132389167
0.2991046459244652	0.39272578280810405	0.3081695712674309
0.2975083523381376	0.391158998165388	0.31133264949647455
0.29771742032980025	0.39334795186318067	0.3089346278070192
0.30161875418229345	0.38996249812503536	0.3084187476926713
0.2998706066608869	0.3919583447769897	0.3081710485621235
0.2987518452573357	0.39191147612140587	0.3093366786212585
0.298335455217593	0.3922852726824528	0.3093792720999543
0.29743005713804016	0.391524767425776	0.31104517543618393
0.3002441824620626	0.3898673033344274	0.30988851420351016
0.2986887953249461	0.392843176844949	0.308468027830105
0.2978613794905215	0.3922979004212827	0.3098407200881959
0.2979786220081688	0.39154781221161145	0.31047356578021984
0.29792635338223233	0.39186749431971796	0.3102061522980498
0.29893021221876903	0.38978385420423445	0.31128593357699663
0.2971727264899852	0.3932285839594687	0.3095986895505462
0.29765783180559136	0.3912252382843056	0.31111692991010315
0.30160679198604556	0.3906391960488941	0.30775401196506047
0.29875776631041845	0.3924910413734531	0.3087511923161285
0.29707787435581284	0.3915313851354889	0.31139074050869836
0.2996446904550046	0.3918449447894469	0.3085103647555486
0.3013134854103209	0.39106167107150236	0.3076248435181768
0.2985382383174985	0.39315358691181235	0.3083081747706893
0.30128492366906956	0.39097427240020016	0.30774080393073033
0.29945880165601035	0.3917612794055457	0.3087799189384441
0.2968380643645193	0.3918504198220742	0.31131151581340666
0.29974612486190483	0.39269066141028236	0.3075632137278129
0.3009618823801666	0.3901079709860544	0.30893014663377916
0.29938544153441093	0.3927483391741761	0.30786621929141306
0.2997641600881937	0.3913204276236194	0.308915412288187
0.299732436251748	0.39259891727936513	0.307668646468887
0.29827357744638777	0.39254494395056483	0.3091814786030475
0.2980518712032137	0.3905830917130084	0.311365037083778
0.3002277767667294	0.3893882715368912	0.3103839516963795
0.2966704723827405	0.39264827971656735	0.3106812479006923
0.29911275362707124	0.39305998106465406	0.30782726530827487
0.29990211778666304	0.3912794957290889	0.3088183864842482
0.30092568824362953	0.39074638549123863	0.30832792626513195
0.2965131568841083	0.393494208303373	0.30999263481251876
0.3002445095667742	0.39134383150576385	0.30841165892746214
0.30136473035840566	0.39016995358858003	0.3084653160530144
0.2988911105774178	0.3928189587641388	0.3082899306584435
0.29755633514747865	0.3915280888444561	0.31091557600806535
0.3007162601615266	0.3915981227589765	0.30768561707949704
0.30080279540615323	0.38968460273024746	0.3095126018635994
0.30148739496514193	0.3896025397418048	0.3089100652930534
0.2980181719624836	0.3924520750232962	0.3095297530142203
0.29979556216220604	0.3914105163995564	0.3087939214382377
0.2996447999991443	0.3924884418145803	0.3078667581862755
0.3012023565739289	0.39034211583107653	0.30845552759499467
0.2987257530540958	0.3904611471923112	0.31081309975359317
0.301469577495031	0.3906927174990514	0.30783770500591773
0.2978856024574506	0.39244174241572377	0.30967265512682574
0.29818660854022794	0.39289136946393044	0.30892202199584173
0.3014043884983576	0.38975647573107786	0.30883913577056465
0.3005560454671276	0.3892829172853282	0.3101610372475443
0.2993214242724486	0.3923928251131047	0.3082857506144468
0.29886242982303246	0.3923791399285318	0.3087584302484358
0.2985090452493947	0.39223093711346757	0.30926001763713784
0.2991282750988247	0.3928820126585383	0.30798971224263716
0.2984215232641957	0.39234687087316117	0.3092316058626432
0.29934086238558055	0.3927875626064897	0.30787157500792983
0.29846135041872146	0.3912702347951106	0.310268414786168
0.30114993616637403	0.39015571599540544	0.30869434783822064
0.30059714992861936	0.3893751619925762	0.31002768807880454
0.29960662430742613	0.39185033769401495	0.3085430379985591
0.3015579820669388	0.3893345991395758	0.3091074187934855
0.30101996173658385	0.3911863685829877	0.30779366968042854
0.30078593441452184	0.38980161994950596	0.3094124456359723
0.2972016223681562	0.39163889285247405	0.31115948477936983
0.2976137825848751	0.3916582110992863	0.3107280063158387
0.29888274636414314	0.3922862440585564	0.30883100957730064
0.3018170688238997	0.3901841134912206	0.3079988176848798
0.30123993573494756	0.39050173458955867	0.3082583296754939
0.2987781118978948	0.3930546195672559	0.3081672685348494
0.298293473966918	0.39292254397783544	0.3087839820552467
0.29832355647699654	0.39199673828483217	0.30967970523817145
0.3017047143517513	0.38983589680148817	0.3084593888467606
0.29835617870874653	0.3925399954795424	0.30910382581171125
0.29979636982098923	0.3916865537295435	0.3085170764494674
0.2989522396797601	0.3907709379302124	0.31027682239002763
0.30138030240227404	0.38964336346729433	0.3089763341304317
0.29834850293495263	0.3913168070756486	0.3103346899893989
0.30030552198050187	0.38952303182343984	0.3101714461960584
0.29955358536779486	0.38907375944241007	0.3113726551897952
0.2971989297049294	0.3917175326837901	0.3110835376112806
0.2991000797060572	0.3897721208453528	0.31112779944859015
0.2998641624308679	0.39071022033376396	0.3094256172353683
0.3011803978614454	0.3908709290767344	0.3079486730618204
0.2998215447250464	0.3911269925602781	0.30905146271467554
0.29989927686821355	0.39098524001473567	0.3091154831170509
0.29943575883267165	0.39179374330497674	0.30877049786235167
0.2966713044823765	0.39192935047206146	0.31139934504556216
0.29825197352372357	0.3917845669512219	0.30996345952505466
0.29794286785095675	0.39340507990933504	0.30865205223970826
0.2993754431907323	0.389715988563748	0.3109085682455199
0.2978253070669383	0.3921282056761453	0.31004648725691647
0.3009221687389432	0.39125854831318646	0.3078192829478705
0.2969509787153171	0.39337904064194323	0.30966998064273976
0.29893828264606753	0.3897958509724248	0.31126586638150777
0.2999169181472046	0.3914067536188873	0.30867632823390817
0.2967982620782006	0.3922085205237006	0.31099321739809893
0.3005677180325476	0.39165690113620133	0.30777538083125117
0.29873351046778934	0.3913884067522421	0.30987808277996864
0.30135415054030035	0.3896991128728562	0.30894673658684363
0.29853006301562585	0.3932058538262899	0.30826408315808435
0.3003411649592438	0.3902666724130509	0.3093921626277054
0.2975329431085931	0.39354261321139516	0.30892444368001193
0.3011850260730757	0.38921282636556287	0.30960214756136156
0.29723996283302473	0.3930627172039566	0.3096973199630188
0.29762363821557924	0.3931234625766401	0.3092528992077807
0.29938974574947025	0.3896057369191781	0.3110045173313518
0.29935726874705815	0.38988379264587425	0.3107589386070677
0.29871861982067793	0.3909868121867895	0.3102945679925327
0.2980296064142439	0.39265133857545853	0.30931905501029766
0.29903067127677946	0.3900404276105211	0.31092890111269955
0.2992863696433792	0.39288416206486715	0.30782946829175384
0.29955602785250357	0.39227187032003463	0.30817210182746185
0.3011776265693331	0.3900650125687899	0.3087573608618771
0.29998755393399157	0.3910900424419833	0.30892240362402523
0.30067675715365266	0.3909803748283686	0.30834286801797883
0.30153240193510933	0.3896369523298165	0.30883064573507435
0.29863786830174743	0.3929930336937524	0.3083690980045003
0.29955806027349385	0.3895130034610386	0.31092893626546764
0.29965641227327466	0.3908786024683281	0.30946498525839733
0.2994412586806083	0.38951265626952297	0.31104608504986886
0.30075752753221585	0.38918054975415284	0.3100619227136315
0.30095974204678183	0.39041493997670584	0.30862531797651244
0.30093807579980636	0.390649307602002	0.3084126165981917
0.30000441060484745	0.39072565264908765	0.309269936746065
0.3010869697105655	0.39034614444246696	0.3085668858469676
0.29757672728688095	0.3916183016826641	0.31080497103045507
0.30089084280108525	0.3910360509583847	0.3080731062405302
0.3001733183784442	0.38926829993465134	0.31055838168690464
0.2991859741496798	0.39088806949569566	0.3099259563546246
0.3008549463158985	0.3912862065955608	0.30785884708854083
0.29707117681269113	0.3924929958979679	0.3104358272893411
0.3012437554730448	0.38994335484261206	0.3088128896843432
0.29891812919223987	0.39269548939639365	0.3083863814113666
0.2981946100879653	0.3930527313613107	0.30875265855072415
0.29963602291518043	0.39189544547324595	0.3084685316115738
0.2996437785698484	0.38947751175091283	0.31087870967923886
0.29930722802814047	0.3893464040490009	0.31134636792285875
0.2999413853772854	0.3909572104709562	0.3091014041517585
0.29899493309550756	0.3927704462002532	0.30823462070423935
0.2992144596624444	0.39315391442267345	0.3076316259148823
0.3009365729786652	0.39088475354599755	0.30817867347533734
0.29997491110507407	0.3916247827625853	0.3084003061323408
0.2979437410521549	0.39202204041159094	0.3100342185362543
0.29751820526288075	0.3919435718888119	0.31053822284830745
0.29729309054924274	0.3926545353403221	0.3100523741104353
0.2992144610502599	0.3904014993412052	0.310384039608535
0.2989249841953893	0.3932261951893211	0.3078488206152896
0.29841883225722576	0.39353133295230325	0.3080498347904711
0.301072011392697	0.389573902610849	0.30935408599645414
0.2974130560810226	0.39140636908975723	0.3111805748292203
0.29689443109339575	0.3919602996492912	0.31114526925731323
0.29973044230738993	0.3910650271722804	0.30920453052032976
0.2997170260281082	0.3906001473682086	0.30968282660368335
0.29788324825925705	0.39313250646604064	0.30898424527470236
0.29871843261299647	0.3902757600515665	0.31100580733543715
0.30119025320290893	0.38993917540475614	0.30887057139233504
0.299540742298191	0.39147657907486383	0.3089826786269453
0.3008318964976772	0.3893854839923034	0.3097826195100195
0.29927979492985274	0.39234394015263624	0.3083762649175112
0.3015568811910696	0.3892148698898184	0.3092282489191121
0.2998342720752373	0.3922190754760182	0.30794665244874464
0.3002181210656008	0.3896985140396407	0.3100833648947587
0.29921138494437777	0.3911087580080409	0.30967985704758144
0.3001729940930552	0.3916259537883522	0.30820105211859267
0.2991020877245463	0.39205674286241854	0.3088411694130353
0.3011560506190961	0.38913475450000834	0.30970919488089566
0.2989772752773866	0.3927678884486328	0.30825483627398065
0.3011534619904035	0.3908891734206822	0.3079573645889144
0.3003222902396086	0.3919045409593046	0.3077731688010869
0.2974216582432287	0.39204518495967067	0.3105331567971007
0.3018015903149058	0.38918316690635274	0.3090152427787416
0.3012005214975439	0.38993109870052106	0.30886837980193516
0.3001553927176053	0.39176595583754215	0.3080786514448527
0.29729089376723467	0.3914579201929172	0.31125118603984825
0.301222690655414	0.3908384234174297	0.30793888592715635
0.30025672354031496	0.38916718021904306	0.3105760962406421
0.30169905264745045	0.38907236112386695	0.30922858622868266
0.29701542674136805	0.3929842215516203	0.3100003517070117
0.2985181041460666	0.3903140803207837	0.31116781553314976
0.30083082284318563	0.38996679332729145	0.30920238382952303
0.2974489724014795	0.3927861937721818	0.3097648338263388
0.2995574335416324	0.3913606843935049	0.3090818820648628
0.2981184943080665	0.392869406651623	0.30901209904031063
0.29927801323833425	0.3914300639848009	0.30929192277686496
0.30081873746737675	0.391099798277717	0.30808146425490635
0.30174281175905177	0.390695439608596	0.3075617486323524
0.29921684660472153	0.3912771216939677	0.30950603170131086
0.2980337189014387	0.3923435493998344	0.309622731698727
0.2982176713012759	0.39145441364808253	0.31032791505064167
0.2966884971625754	0.3920793832595455	0.31123211957787916
0.2988052480284682	0.3907336889371601	0.3104610630343718
0.29870499454597976	0.3932599469469938	0.30803505850702656
0.30082357101414914	0.3895555428351328	0.3096208861507182
0.3003828925179868	0.39170811577996817	0.30790899170204516
0.2978143139870537	0.3922531255079101	0.3099325605050363
0.2988062278954674	0.3926315043456005	0.3085622677589322
0.2983125806487104	0.3916550556884679	0.3100323636628217
0.300342614539283	0.39011520852951975	0.30954217693119734
0.2987210650199864	0.3929363058247681	0.30834262915524563
0.2979707332760996	0.39288492562194716	0.3091443411019534
0.2965965211273573	0.3927427936357021	0.31066068523694074
0.29675029507044975	0.3924361681060221	0.3108135368235283
0.2992435866313761	0.3898923382272854	0.31086407514133857
0.2995420632920159	0.3922333709537507	0.30822456575423346
0.2988658688184843	0.39207229021195494	0.30906184096956085
0.29740689593993763	0.39210748549945634	0.31048561856060614
0.2996034923861979	0.3923200605820737	0.30807644703172854
0.29712693146754376	0.3927039639690365	0.31016910456341984
0.29706715956676105	0.3935313473078958	0.30940149312534326
0.29929043170077496	0.39036485806853366	0.3103447102306915
0.30023864090919505	0.39119200814951044	0.3085693509412946
0.2985291032529832	0.39357131360056163	0.30789958314645527
0.3006624140546482	0.3896201314283882	0.3097174545169637
0.2973595726081805	0.3923546996407331	0.3102857277510865
0.29850727767918916	0.3916001870967441	0.3098925352240668
0.2976045858931682	0.3931694573835659	0.309225956723266
0.29716044163000604	0.39267293447461843	0.31016662389537564
0.30057110196592857	0.38949908836805985	0.3099298096660117
0.2971134312526236	0.3918100556760311	0.3110765130713454
0.2978557594778529	0.39092017975030807	0.3112240607718391
0.2983215776796976	0.3916597597643182	0.3100186625559843
0.30175505119540597	0.3902970811519414	0.30794786765265275
0.29932803779261613	0.3908907953653357	0.3097811668420483
0.2976878944866867	0.39257666054076307	0.30973544497255034
0.29878952193819747	0.3935092709434037	0.30770120711839893
0.2989600154544869	0.39006051469494774	0.3109794698505655
0.29982777991383247	0.39122459919077746	0.3089476208953902
0.29925397896355393	0.3895316111826745	0.3112144098537717
0.30071065978173894	0.39030806980652805	0.3089812704117331
0.2989086758975662	0.393282082929423	0.30780924117301084
0.2995206964496136	0.38924614027254817	0.3112331632778383
0.29994522288506514	0.38969805499336685	0.3103567221215681
0.2995764162491021	0.3910754044363769	0.30934817931452113
0.3006404740628077	0.39038742590276654	0.3089721000344259
0.30109997875094924	0.38914076867038894	0.30975925257866194
0.2971705535030461	0.39349738997145967	0.30933205652549434
0.3012200447887907	0.39056779214499077	0.3082121630662186
0.30017062860934945	0.39095887516141553	0.3088704962292351
0.2992650588278201	0.3906898948646035	0.3100450463075765
0.2988995841656627	0.39034093837881073	0.3107594774555267
0.2980230412931887	0.3933594822605305	0.30861747644628096
0.29937084235103606	0.3919383985510587	0.30869075909790533
0.30095943675762676	0.3892448255468529	0.30979573769552043
0.2991735725424033	0.3904571794449871	0.31036924801260973
0.2984165443266612	0.39319492369109343	0.3083885319822455
0.29947060627933336	0.3925489992711241	0.3079803944495427
0.29686813812993584	0.3934533149665072	0.30967854690355706
0.29781181968576426	0.3918766616008751	0.3103115187133608
0.29768215018583993	0.3915362425960582	0.310781607218102
0.3004827865232199	0.39120431898424185	0.3083128944925383
0.29753985816709083	0.39323173653001336	0.3092284053028959
0.2971429040673702	0.3931075546792613	0.3097495412533686
0.29701563983478874	0.39247505327709287	0.31050930688811845
0.30139194897331384	0.3898719232198024	0.30873612780688386
0.29872155635501774	0.39226509304385027	0.3090133506011321
0.29763521217554767	0.3930664192566713	0.30929836856778115
0.29778411615110195	0.39200957636400124	0.3102063074848969
0.2980741367092644	0.3912703747555773	0.31065548853515834
0.3003797820989774	0.38937300315913626	0.31024721474188643
0.2983278837746991	0.39189735396942943	0.3097747622558715
0.30153087712875826	0.38971411272885403	0.3087550101423878
0.2990486273882206	0.3900897096575953	0.3108616629541842
0.30139505571492003	0.3893500393092358	0.3092549049758443
0.3010820122600579	0.3891959022426243	0.30972208549731794
0.29905620500493046	0.39234154152524525	0.30860225346982434
0.3012180105533626	0.3897219751614552	0.30906001428518237
0.2998262909981911	0.3906185820675364	0.3095551269342727
0.3012346561802649	0.3908285456863113	0.30793679813342384
0.29911410116125736	0.3912046483780588	0.309681250460684
0.2993783374120927	0.39055010496331055	0.31007155762459687
0.30048873698132705	0.3903116280542028	0.3091996349644703
0.30105729566032235	0.39072049648795554	0.3082222078517222
0.2997372759059549	0.39120513740409474	0.3090575866899505
0.29684741275721216	0.39305356502123745	0.3100990222215505
0.2971990992668918	0.3930542470598588	0.30974665367324955
0.29737482988841446	0.3934801710254612	0.3091449990861245
0.29856634453519326	0.3933142043474934	0.3081194511173134
0.3017056665125516	0.38948307023160605	0.30881126325584246
0.2981686839959841	0.3919242456225168	0.30990707038149923
0.3010698420660227	0.3906678921882433	0.30826226574573407
0.2976665678731797	0.3912489609914342	0.3110844711353862
0.29952839573887574	0.39159127066300425	0.3088803335981201
0.29921162121612155	0.3929936219620766	0.3077947568218019
0.29846184607604914	0.3935277947262062	0.3080103591977448
0.2972155170072244	0.39311981495176473	0.309664668041011
0.3007476625685411	0.3894182865989737	0.30983405083248533
0.2993039878512729	0.3916522274904651	0.30904378465826216
0.2983991652769775	0.39218673424119777	0.3094141004818248
0.3008432455516934	0.39026943279792514	0.30888732165038163
0.29796679589096997	0.39099799819244657	0.31103520591658357
0.29685986359654903	0.3929260527419202	0.3102140836615309
0.3008634108565652	0.38988243807742395	0.30925415106601095
0.3014739304832874	0.3892952982566298	0.30923077126008297
0.2994811290257803	0.39186391445440516	0.3086549565198147
0.298384666227212	0.3933074886181811	0.308307845154607
0.29888885211292504	0.3918761740015883	0.30923497388548676
0.29909697771590266	0.39285594484625447	0.308047077437843
0.30031988760694267	0.3905221834493752	0.3091579289436822
0.297275172740294	0.3919398072723052	0.3107850199874009
0.30093518753739645	0.39111642123605417	0.30794839122654943
0.2982727310190174	0.3936051409087167	0.308122128072266
0.2968372453256727	0.3925796537646384	0.31058310090968905
0.3003022829746685	0.39208525358346147	0.30761246344187015
0.2989480660424875	0.39279657604014806	0.30825535791736447
0.29792952236602543	0.39233352250300263	0.3097369551309721
0.301040479140695	0.3892696601368695	0.30968986072243565
0.2976123866884693	0.3932928082254117	0.30909480508611914
0.3012759182995409	0.39029822203202585	0.30842585966843333
0.30062718236665603	0.38961103257404883	0.3097617850592953
0.2973137428758047	0.3930166053991054	0.30966965172509003
0.30118546919618333	0.3894417018274595	0.30937282897635726
0.29919383853116116	0.3931700747697819	0.30763608669905707
0.29897195480141314	0.3915991001064005	0.30942894509218644
0.29937262874860127	0.39195017747602123	0.3086771937753776
0.29825584725125726	0.3925813902402234	0.30916276250851943
0.29931367293383515	0.390099898109276	0.3105864289568889
0.2990590677442849	0.39150606054688863	0.3094348717088265
0.3010444042619309	0.389981869058633	0.3089737266794362
0.3002896148319871	0.3912088611730035	0.3085015239950095
0.29759112715267844	0.3917560629967358	0.3106528098505859
0.29951733535233216	0.3918638262873827	0.3086188383602853
0.3013225208883562	0.3891329030280452	0.3095445760835987
0.3000085029551395	0.389851173687264	0.3101403233575966
0.2983325080120224	0.39032579071702095	0.3113417012709567
0.2973188232982598	0.39277247321181147	0.3099087034899288
0.29847321526416054	0.39127829394673896	0.31024849078910066
0.29957675312901644	0.3919395894430639	0.3084836574279198
0.29838787198932426	0.3910639703605632	0.3105481576501126
0.30008503268252323	0.39063823810821413	0.30927672920926275
0.29945131392264723	0.3920365082899544	0.3085121777873985
0.2992028221277672	0.3907512990447046	0.31004587882752827
0.29859742517195553	0.3927834004880819	0.30861917433996267
0.29744592088183347	0.39219487090339955	0.31035920821476715
0.2979898684093387	0.39120676184110503	0.31080336974955636
0.301374708812268	0.3898434042651896	0.3087818869225425
0.2975250020832956	0.3934960612921856	0.3089789366245189
0.2981061356759761	0.3922498628717743	0.3096440014522497
0.299295769321692	0.3897705048044996	0.3109337258738085
0.2983918094683491	0.3918968598504704	0.3097113306811806
0.2993557405500692	0.3903702661472402	0.3102739933026908
0.2992097357920121	0.39018403263632856	0.3106062315716594
0.2982748420237193	0.3913899954663581	0.3103351625099227
0.29704368722936	0.39170639355598735	0.31124991921465284
0.30042737170701034	0.3919228040971899	0.3076498241957999
0.29799283983620667	0.3914058523442293	0.3106013078195642
0.2968349395338018	0.3921905862403877	0.3109744742258106
0.2987355644148197	0.3900308078942191	0.3112336276909613
0.3006349232428813	0.39068178036602164	0.30868329639109715
0.3009505717246404	0.39038565587170304	0.30866377240365667
0.2988827891856445	0.3926043789849869	0.30851283182936867
0.29992502706592583	0.3910193305001094	0.3090556424339649
0.29955880000015717	0.38942660765497755	0.3110145923448654
0.29725894597003566	0.3916789570859518	0.3110620969440127
0.2979376336589401	0.3932863481771367	0.30877601816392336
0.29984706437554065	0.39002770078990384	0.3101252348345556
0.29853637366648283	0.393477302004607	0.30798632432891027
0.2974448715074015	0.3920197084560497	0.31053542003654894
0.29987977426765644	0.3893017505723568	0.3108184751599869
0.29711140681304793	0.39229881667703664	0.3105897765099155
0.2983772493089714	0.3906186634012321	0.3110040872897966
0.29797903358271943	0.3933922626717523	0.30862870374552837
0.2989831816685335	0.39048795960959526	0.3105288587218714
0.3007382685765837	0.3915124297225522	0.30774930170086423
0.2993664692667506	0.3896088284347624	0.3110247022984871
0.30147154030955003	0.38915720392719766	0.3093712557632524
0.3014188109098365	0.3898456357818202	0.30873555330834335
0.2987367229008747	0.3904289285334409	0.3108343485656845
0.30139881228616683	0.3897557601095581	0.3088454276042752
0.2981179564219821	0.3927713202890783	0.30911072328893974
0.3012323809070441	0.38980477043073314	0.3089628486622229
0.30114095937970453	0.3910677697469293	0.3077912708733663
0.2996321250421362	0.39207184966656083	0.308296025291303
0.3003150937866417	0.39183134628067406	0.3078535599326844
0.30053717516028283	0.39033622063666934	0.30912660420304794
0.29769085523560035	0.3919345707304779	0.3103745740339219
0.2994546363608054	0.39264743954579573	0.307897924093399
0.2998975915191698	0.3924747263583482	0.30762768212248215
0.29730261387289203	0.3921765396061758	0.31052084652093226
0.29893909446644823	0.38966179272547635	0.31139911280807553
0.2982359677486447	0.39066335519874407	0.3111006770526113
0.2995809337867362	0.391494558572063	0.3089245076412009
0.30035995755216605	0.38921215652146984	0.3104278859263642
0.2995013114656686	0.3914111654403237	0.3090875230940077
0.3011122568010305	0.3910962922119742	0.30779145098699545
0.3002630458599847	0.39171878485157147	0.30801816928844394
0.3002812615481039	0.38981599975363124	0.3099027386982649
0.30001519598949533	0.38913759888523874	0.3108472051252661
0.30122636565114924	0.39008933837355875	0.3086842959752921
0.30067388353985575	0.3904390702133871	0.3088870462467572
0.29975765900863105	0.3899661528142106	0.31027618817715846
0.3012336239191486	0.3911119558232443	0.3076544202576072
0.29986160987298627	0.3893502239248426	0.31078816620217126
0.29930583222271484	0.38949119543895383	0.31120297233833144
0.29709829363139584	0.39197076019060134	0.31093094617800293
0.2979192462420891	0.393372182544102	0.308708571213809
0.29890635862810294	0.3927479906341854	0.3083456507377117
0.29923457158902217	0.3899413309663443	0.31082409744463363
0.2995977152240759	0.38910468488757266	0.3112975998883515
0.3017080026213919	0.3895622183278575	0.3087297790507507
0.29961740354128874	0.3922618764403089	0.30812072001840246
0.2966820466694709	0.39311021312882594	0.3102077402017033
0.29961832198774674	0.39055271624418736	0.309828961768066
0.29879334227603427	0.39044947238473143	0.31075718533923435
0.3007828788646159	0.39117995180811277	0.30803716932727143
0.3006185205649159	0.3907122648048965	0.30866921463018765
0.2987939276267287	0.3911754888406254	0.310030583532646
0.300367304234662	0.3909738408576449	0.3086588549076932
0.2982641613639465	0.3929203586732819	0.3088154799627717
0.29782461331031723	0.39142620731734057	0.3107491793723423
0.29911690940576946	0.3903363310577576	0.31054675953647304
0.30049103271722805	0.38975785622473136	0.3097511110580407
0.29912494830348074	0.3930433645140557	0.3078316871824637
0.2980203417410445	0.39254534582572903	0.30943431243322655
0.3004623505957155	0.3906985240533062	0.3088391253509784
0.2985230821163404	0.39204212396643645	0.3094347939172233
0.3002227067922062	0.390481012163326	0.309296281044468
0.29713397715794354	0.3923223974059944	0.3105436254360622
0.3004077072930201	0.39045797238542057	0.3091343203215595
0.29686770640787974	0.39264689502786365	0.3104853985642567
0.2994787468765687	0.3902464962967143	0.31027475682671707
0.2995192378194946	0.3893066924937249	0.31117406968678063
0.30074984649078246	0.3903990070137201	0.30885114649549755
0.29807748130133926	0.3927868034798802	0.30913571521878064
0.2979873471832784	0.3931618274213514	0.3088508253953703
0.29752002007406686	0.3915613765747298	0.31091860335120347
0.2999501330432116	0.39144103749378806	0.30860882946300044
0.297501930618196	0.39159995049651874	0.3108981188852853
0.2989678704841141	0.390977129287003	0.310055000228883
0.29846808104587813	0.39088979847516375	0.31064212047895823
0.29787350066561347	0.3909802350938812	0.3111462642405054
0.2992888340777684	0.39215934581658957	0.30855182010564214
0.2987740877688851	0.3926889090240969	0.30853700320701816
0.2989823195839812	0.39194783953785856	0.30906984087816036
0.2966467471089959	0.3923103043539915	0.3110429485370127
0.2989261360426943	0.390872328277027	0.31020153568027875
0.29872863934071536	0.39163649956583646	0.3096348610934483
0.30040868345759414	0.39174993758996063	0.30784137895244534
0.2984628412258717	0.3915465839636425	0.30999057481048586
0.29989733885691355	0.3910070842429072	0.30909557690017936
0.2996506131993978	0.3923127173657457	0.3080366694348567
0.2979247150100951	0.3915823937060788	0.31049289128382623
0.301008372837929	0.3905721960768973	0.30841943108517383
0.3008041068827442	0.3911363620502186	0.30805953106703726
0.2985303302308459	0.3904594714807741	0.3110101982883801
0.2986703411003322	0.3911887079455231	0.3101409509541449
0.2978540061732817	0.39165486604501676	0.3104911277817016
0.29880273743847124	0.39096334815870887	0.31023391440282
0.2990368462852997	0.38996640141836747	0.31099675229633295
0.29836200458119444	0.39049251861202255	0.31114547680678317
0.29993044379529527	0.39064156542552175	0.3094279907791831
0.29843855726613344	0.3906749631521807	0.31088647958168597
0.298525899954161	0.3930960712812369	0.3083780287646022
0.2996273810388832	0.38927334914152695	0.31109926981958996
0.2992166499111255	0.39064590213192146	0.31013744795695314
0.2994998845577862	0.39011069203092513	0.3103894234112888
0.2966633784794617	0.3929162347034236	0.3104203868171148
0.2968739263922119	0.39228405160083807	0.31084202200695016
0.301612416743634	0.3902811799432757	0.3081064033130904
0.3007602667112684	0.38972677171086184	0.30951296157786984
0.2972551885966448	0.39330269667468754	0.3094421147286678
0.2998595903441093	0.39207541672138974	0.30806499293450107
0.2977930170448055	0.3923577595428821	0.3098492234123126
0.2982115059711797	0.39313498834065486	0.3086535056881656
0.2973157576121185	0.3931545745063618	0.3095296678815198
0.29668676103343894	0.3934769327265279	0.3098363062400333
0.2991147068655464	0.3900614093233606	0.31082388381109316
0.29764820041617457	0.3914802880828323	0.31087151150099324
0.30096192153075463	0.39005862286237036	0.3089794556068751
0.30022411013618316	0.3891602891055324	0.31061560075828454
0.30030551932054983	0.3920258276877927	0.3076686529916576
0.2980129409644333	0.3926816421864017	0.309305416849165
0.2972404978397317	0.3926646046080494	0.31009489755221903
0.2976786265939294	0.3923641951315859	0.3099571782744848
0.2972787295865614	0.3934298432896443	0.3092914271237944
0.296793556152463	0.3918150723586462	0.31139137148889084
0.2988790100454731	0.3913839237185923	0.30973706623593467
0.29832735914212116	0.3916440727885617	0.3100285680693172
0.30001192564850754	0.3893354665413284	0.3106526078101642
0.2980117954278086	0.39355498238358755	0.308433222188604
0.29787019884380084	0.3927252200881656	0.30940458106803365
0.29805654972118395	0.39083562436390595	0.3111078259149102
0.29879600396620054	0.3921952682365338	0.3090087277972658
0.298194923068673	0.3932651886777161	0.308539888253611
0.2994202602979419	0.39081417875575186	0.30976556094630636
0.301477786228242	0.3891665131756067	0.3093557005961514
0.3000481395343081	0.39034014656078164	0.3096117139049104
0.2991388781334137	0.3931486441140757	0.3077124777525107
0.2976778224761274	0.39260134594830925	0.30972083157556346
0.2993672643732379	0.38947566817967366	0.31115706744708854
0.3011792552501477	0.3897156157833061	0.3091051289665463
0.2979416769029994	0.3917986391410727	0.310259683955928
0.2995560963759035	0.39139880302578384	0.30904510059831275
0.2991066935680899	0.3915918227767817	0.30930148365512855
0.2995395943180999	0.38941416546426005	0.31104624021764016
0.2978370681173613	0.39197610584096176	0.310186826041677
0.2988521431315473	0.3925173904557592	0.30863046641269365
0.29958177938293296	0.39043896324845273	0.3099792573686144
0.29999531073484365	0.38998071015654684	0.3100239791086096
0.29710411260427416	0.39309005236810524	0.3098058350276207
0.29978583166334727	0.3903807117313429	0.30983345660531
0.30057214408613353	0.3903444946009503	0.30908336131291636
0.297604452663307	0.39316164501240697	0.3092339023242862
0.29971622482874266	0.3924393875082234	0.3078443876630341
0.2972906499238479	0.39334063193481367	0.3093687181413385
0.29785063207440565	0.3909452776408045	0.31120409028478996
0.29858085400777273	0.3931088320727441	0.30831031391948327
0.30046425871641474	0.3902935639840123	0.30924217729957304
0.2984521690210667	0.3935885142784843	0.3079593167004491
0.2998445595821459	0.38934405985311904	0.31081138056473523
0.2994564435123194	0.39064953599360663	0.30989402049407405
0.29906387334266216	0.390966759078591	0.30996936757874693
0.29767699433658096	0.3932748984442781	0.30904810721914105
0.30124165667025615	0.3898099700085176	0.3089483733212264
0.2990597791973524	0.3922302950292599	0.3087099257733879
0.2986922917624112	0.3934552513677681	0.3078524568698208
0.30108933295973944	0.3905287913440981	0.30838187569616254
0.2966292328384672	0.3926498737810974	0.3107208933804355
0.2988091559816999	0.39088531422219086	0.3103055297961093
0.2975081944415091	0.3925908593979167	0.30990094616057434
0.3009518826813754	0.3906616595141145	0.30838645780451013
0.29947735566252026	0.38985543782286386	0.310667206514616
0.29923112372508354	0.3895059366075646	0.311262939667352
0.29835930993624243	0.39160705176947236	0.3100336382942853
0.2969821636236836	0.39192045078556986	0.31109738559074657
0.3003129577056712	0.3908878410452639	0.308799201249065
0.3013912386937354	0.3909700219115729	0.30763873939469183
0.2991445346667024	0.39218350653964434	0.3086719587936534
0.29952063356059494	0.3900278320010597	0.31045153443834544
0.29860443208598353	0.3914547207551302	0.30994084715888637
0.29789820068956546	0.3909123015663343	0.3111894977441004
0.29878568700420804	0.39180663939966626	0.3094076735961258
0.30181289328014743	0.3903150436349513	0.30787206308490145
0.3002722919878535	0.3913901181265363	0.30833758988561033
0.2966898287203849	0.3920180934679036	0.3112920778117116
0.2981425901225094	0.39328990193223784	0.3085675079452529
0.29969328645635823	0.39257774177861754	0.30772897176502434
0.29684926095720554	0.3928363670170489	0.3103143720257457
0.30146443976602416	0.38931384473588093	0.30922171549809496
0.30031045541917917	0.39188779670506874	0.3078017478757522
0.2974632683607945	0.39348862372855137	0.3090481079106543
0.2974553114641899	0.39184616474464795	0.31069852379116225
