0.14852461079086238	0.388031888674214	0.4634435005349238
0.1526975303969914	0.3852781901444464	0.4620242794585623
0.15205113704972878	0.3849835501780512	0.4629653127722201
0.1512928574637931	0.3846656552049783	0.46404148733122874
0.15062446183224987	0.3864281611870806	0.4629473769806696
0.15232272042719475	0.3860734950825674	0.461603784490238
0.15320568351558028	0.3861443899497989	0.460649926534621
0.148318091029698	0.38755391244801907	0.4641279965222831
0.14855650698170003	0.38688238579728695	0.4645611072210131
0.14789372795111116	0.3876191427454526	0.4644871293034364
0.15085421362631568	0.3872098605861171	0.46193592578756737
0.15428121647994472	0.3861115949919683	0.45960718852808713
0.14993531896340795	0.38573441437810263	0.4643302666584896
0.15134784931125592	0.38490330836784203	0.4637488423209022
0.15317737739607673	0.3866178573437918	0.4602047652601316
0.15177697379064797	0.3881867994266402	0.46003622678271194
0.1516626173912627	0.3861919368352093	0.4621454457735281
0.149528031679489	0.3876027766443857	0.46286919167612545
0.15027311193732254	0.38672621117584793	0.4630006768868296
0.15274940347405547	0.38465488080988	0.4625957157160647
0.15118925472367545	0.38684747079675447	0.4619632744795702
0.15372308707087676	0.38662586127278853	0.4596510516563348
0.1518972532849132	0.3861560027199159	0.461946743995171
0.1501541984315623	0.38543911225371225	0.46440668931472556
0.14895127862340868	0.38858352948741404	0.46246519188917745
0.1522184227131611	0.38775010392937337	0.46003147335746564
0.1530114366653391	0.3864394510505871	0.4605491122840739
0.15301846323795665	0.3873184915476349	0.45966304521440854
0.1520514214746811	0.3854640602920818	0.4624845182332372
0.1523744899712189	0.3848767059973074	0.4627488040314738
0.1515314620875322	0.3876341713068574	0.4608343666056105
0.15048157184184732	0.38529158063677293	0.4642268475213798
0.1528204151109557	0.3847758215220452	0.46240376336699923
0.15089569069619058	0.3871783649163004	0.4619259443875091
0.15071410831399168	0.38629019390067937	0.462995697785329
0.15292093195892853	0.38732847257107916	0.4597505954699924
0.15090775347171076	0.38782527316792625	0.46126697336036315
0.15155749813885594	0.38589582533059175	0.46254667653055237
0.15151242309026403	0.3849594695121846	0.46352810739755146
0.15169368580782172	0.38603417653368155	0.46227213765849684
0.15103398743933444	0.38474424812846586	0.46422176443219987
0.1512610353140441	0.38656887005659263	0.46217009462936337
0.15440624683069007	0.3847440922167807	0.46084966095252944
0.15143855652934607	0.3868961783607661	0.4616652651098879
0.1520481750511254	0.38836711918796285	0.45958470576091187
0.15408237390738128	0.38482605541358056	0.4610915706790383
0.14895243734380062	0.38814474470453475	0.46290281795166477
0.15083102500069684	0.38717172672378325	0.46199724827552
0.15166059642091212	0.3869288890548377	0.46141051452425036
0.15440430397744376	0.38452524313370984	0.4610704528888465
0.15319343540875657	0.3857844423730028	0.4610221222182407
0.15269126139260808	0.3859035485496253	0.4614051900577668
0.1523789832477182	0.385977235591471	0.46164378116081084
0.15083486939188015	0.3863902244080032	0.46277490620011674
0.1521573435296709	0.3853424963920208	0.4625001600783084
0.151001323199914	0.38631220326990645	0.46268647353017966
0.15246661849697538	0.3863056034041951	0.46122777809882964
0.14873870781477377	0.3878583021524504	0.46340299003277596
0.15315667267134314	0.3864826335984767	0.4603606937301803
0.1503095225701681	0.38519590250842156	0.46449457492141044
0.14982402098564193	0.3872589566625353	0.46291702235182286
0.15127799512965204	0.38724967862131093	0.4614723262490371
0.1516413366825583	0.38533831957924	0.4630203437382019
0.14878179489983218	0.3883225884032094	0.46289561669695856
0.1527097264318028	0.3853902443189231	0.4619000292492742
0.1509192888077236	0.38505054458873234	0.46403016660354424
0.15030089858799991	0.387994912931081	0.46170418848091915
0.15117880177617482	0.38793232957455226	0.46088886864927303
0.15302276863665532	0.3849882541081049	0.4619889772552399
0.1519150997822853	0.387043964689024	0.4610409355286908
0.15201086106952386	0.38580403364956656	0.4621851052809097
0.14927486679678786	0.3883618994084972	0.462363233794715
0.1528418214937683	0.3873688838740442	0.45978929463218754
0.14972193772213363	0.3879723784571627	0.4623056838207038
0.14825635800906461	0.38740983655305117	0.46433380543788433
0.15103308314200897	0.3848216728419048	0.4641452440160863
0.14984650945194616	0.3861970301475738	0.46395646040048016
0.15179483016292988	0.3852088772261958	0.4629962926108744
0.15097580476278635	0.38501647598996136	0.46400771924725237
0.14897149642156904	0.3880848921486784	0.46294361142975265
0.15112559292105554	0.3865679311579781	0.46230647592096646
0.1527276001425409	0.38465624923878355	0.4626161506186757
0.14903933661066643	0.3870160046812063	0.4639446587081274
0.14950940518482891	0.38799329980895664	0.46249729500621456
0.14799597357924774	0.3877051943985621	0.46429883202219024
0.14838013392213456	0.38728638036214713	0.4643334857157184
0.15264103778187377	0.38719517180748014	0.4601637904106462
0.15009553054778724	0.38824814402745117	0.46165632542476176
0.15083240953827076	0.3848316619438495	0.4643359285178799
0.1515797296063701	0.38594986233288553	0.4624704080607445
0.15263891310494815	0.38635614312802635	0.4610049437670256
0.1505157619318041	0.38577565976757566	0.4637085783006204
0.1492746572063411	0.3883613398800691	0.4623640029135899
0.1499181293736484	0.3861106541181603	0.4639712165081914
0.14936848681768156	0.38674087887060626	0.4638906343117123
0.15321681765752246	0.3853183464294686	0.461464835913009
0.15131691144377593	0.38743033567502927	0.46125275288119494
0.14900947368517636	0.38678794160358265	0.4642025847112411
0.1538761225853929	0.38494228859807245	0.46118158881653476
0.14870506247476095	0.3870577283801484	0.4642372091450907
0.1499374706467739	0.38541958677445026	0.464642942578776
0.15132765907424628	0.38660478069162674	0.4620675602341271
0.1521730716712179	0.3858040782271087	0.4620228501016735
0.15389570044968925	0.38644196671289543	0.4596623328374154
0.15343488657587745	0.38711605971541935	0.4594490537087033
0.15004811350113884	0.3868600608096673	0.463091825689194
0.14983832052897883	0.38594739674814216	0.4642142827228791
0.15310698473295178	0.38632744095991833	0.46056557430712997
0.1511745223591594	0.3846358829807292	0.4641895946601115
0.15132772051210613	0.3867605321144604	0.4619117473734336
0.1515635171313968	0.3852074012998653	0.46322908156873804
0.1515663204004583	0.3860998296926667	0.4623338499068751
0.1508931172954431	0.38451890096255836	0.46458798174199867
0.1520194993569076	0.38505021023230734	0.46293029041078515
0.14947838847613465	0.386228941896148	0.46429266962771754
0.1540978128010893	0.3849918978782084	0.4609102893207024
0.150612211225055	0.3848879517963935	0.4644998369785516
0.14927421568209082	0.3877205872062222	0.4630051971116871
0.15177442772437705	0.3885939839085898	0.4596315883670333
0.15372014003766607	0.38588385801346164	0.46039600194887237
0.14890656409402075	0.3868587814261615	0.46423465447981793
0.1504494488325649	0.38633784847069436	0.46321270269674086
0.15371193592002952	0.3856016937877344	0.4606863702922362
0.1506672647173467	0.3851674111325395	0.4641653241501139
0.14960633880877322	0.3882381125355274	0.46215554865569947
0.1493451381517787	0.38756527769456217	0.4630895841536593
0.1536632416634633	0.38453260853052723	0.4618041498060096
0.15025744253519274	0.38579918415115916	0.4639433733136482
0.15330433027774543	0.3856738153423647	0.46102185437988996
0.15442713333305974	0.38562555323528325	0.45994731343165707
0.15049744095927012	0.38772261615372006	0.46177994288700996
0.15301788315504392	0.3845498613271971	0.46243225551775907
0.15425035415507304	0.38545450600986786	0.4602951398350592
0.1536231220478108	0.385525348562279	0.46085152938991036
0.1516202752213286	0.38723773187075244	0.46114199290791913
0.14875079151710957	0.3886103928812481	0.46263881560164244
0.1518402217369243	0.38757811168706574	0.4605816665760101
0.1508177151369533	0.3875153707307216	0.4616669141323252
0.14995075935880353	0.38737851240258064	0.46267072823861594
0.15253470690134124	0.387925407018348	0.4595398860803108
0.1539382420969867	0.3863916566760522	0.4596701012269613
0.1546795676461078	0.38489495853484257	0.46042547381904975
0.15108511038944156	0.38693970405273326	0.46197518555782535
0.15081355529415905	0.38506033584028776	0.4641261088655533
0.1499254317253084	0.3876237998366833	0.4624507684380084
0.15108507321349823	0.38457568849950036	0.4643392382870015
0.1528716175419952	0.38529263994599505	0.4618357425120099
0.15027282703583483	0.387464282562887	0.4622628904012783
0.15145642556562972	0.38626081934088385	0.46228275509348654
0.15002032331483778	0.3858559397086785	0.4641237369764838
0.1524996443210191	0.38758151930849916	0.45991883637048186
0.1540851994891068	0.38645118437617154	0.4594636161347218
0.15444995808393575	0.38481004912162686	0.46073999279443756
0.15217863404671578	0.38501068956797435	0.46281067638531
0.15061546546577192	0.38773012744836904	0.46165440708585914
0.15109173545178597	0.38470578487775525	0.4642024796704589
0.14949630939786046	0.38601434078765384	0.46448934981448586
0.15280142990191614	0.38545086462417333	0.4617477054739107
0.1544774640332138	0.38491913914299997	0.46060339682378637
0.1498515229618065	0.38615146219167146	0.46399701484652217
0.15145869503496817	0.3884740805819599	0.460067224383072
0.1504784361081412	0.38841103976356717	0.46111052412829173
0.14991275260494447	0.38569019475620736	0.4643970526388483
0.15160195881061406	0.3885811998255436	0.4598168413638425
0.1488889206443479	0.38673014343116197	0.4643809359244903
0.15177821215207912	0.38640574707463415	0.46181604077328686
0.1491858506426222	0.3883276027124515	0.46248654664492644
0.1534093464442327	0.38517740369229647	0.46141324986347093
0.15159928971393133	0.3863391103084407	0.4620615999776281
0.1486081335124605	0.3869659398171371	0.4644259266704025
0.15332678488980905	0.3861544901128264	0.4605187249973647
0.15066936600610675	0.385188532588047	0.46414210140584644
0.15091898381468455	0.3852393894903116	0.46384162669500395
0.15436460372481142	0.38513778344698657	0.4604976128282021
0.14838030365367835	0.3885600929813467	0.4630596033649751
0.14910348697738338	0.38779306848158857	0.46310344454102814
0.15238068863777277	0.3851308433415958	0.4624884680206315
0.1545501055238661	0.3852067993129663	0.46024309516316775
0.15214952255853537	0.3862101409103257	0.461640336531139
0.1484518584670833	0.3882649450584818	0.463283196474435
0.14866498057002436	0.3883421584631431	0.4629928609668327
0.15100066664615056	0.38813098511704724	0.46086834823680234
0.1486455289417456	0.3874873845998124	0.4638670864584421
0.1517148457027666	0.3858282902676916	0.4624568640295419
0.14892613987678238	0.3877531782901583	0.4633206818330594
0.14959108457457299	0.38772584090888085	0.4626830745165463
0.15272636758165364	0.38662685086123794	0.4606467815571086
0.1529284734958743	0.3863486321514027	0.4607228943527232
0.15247197519634123	0.38478763222287937	0.4627403925807795
0.1527410768256237	0.3865301752096061	0.4607287479647703
0.14953449909102978	0.3864753302558848	0.46399017065308557
0.1535494415391987	0.3867084568965429	0.45974210156425854
0.1503287121374375	0.3873484729459142	0.4623228149166484
0.15032782906710215	0.3863620444280367	0.4633101265048613
0.15201849288260616	0.38604530371428813	0.4619362034031058
0.1532257603797867	0.3867788524943385	0.4599953871258749
0.15303846919183656	0.38623996515662784	0.46072156565153566
0.15005350871349538	0.3875687609450115	0.4623777303414932
0.1523711068297029	0.3854375039006168	0.4621913892696804
0.1517607117750448	0.3886207944388725	0.4596184937860829
0.148211080246538	0.3882124359621404	0.46357648379132166
0.15339399660614364	0.3859662856287842	0.4606397177650723
0.1526082059159614	0.3873279902524772	0.4600638038315615
0.1491909797359387	0.38680309320522127	0.46400592705884014
0.15181711121285604	0.3855462797784013	0.4626366090087428
0.15135460699756215	0.38727285450302856	0.4613725384994094
0.1538846612078874	0.38553374936541424	0.46058158942669847
0.15230370859657236	0.385914803641426	0.4617814877620018
0.1496017047121393	0.38786646280611237	0.46253183248174845
0.1545444361159187	0.3859560125618923	0.45949955132218906
0.15278548157486718	0.3848070148675384	0.4624075035575946
0.15311602823169032	0.38657597287361434	0.4603079988946954
0.15244940638075116	0.3869826821840282	0.46056791143522074
0.14955337162008325	0.3877371050782343	0.4627095233016826
0.15376664562136905	0.3866460320024814	0.45958732237614974
0.1541984591836556	0.3846037201733518	0.4611978206429927
0.15033654725419762	0.3885576573722548	0.4611057953735477
0.14912359677272655	0.3865286949928654	0.4643477082344082
0.15313252384488518	0.38729811826010624	0.45956935789500875
0.1515506124595951	0.38793011695702884	0.46051927058337616
0.1539168545695915	0.38482849223199284	0.46125465319841574
0.14946721182777326	0.38776641449761556	0.4627663736746113
0.15345639796555455	0.38522263043027927	0.46132097160416635
0.1543389041493639	0.3847934921112578	0.4608676037393784
0.14949516269854868	0.3869045973288486	0.46360023997260286
0.14809723036752032	0.38762181581538124	0.46428095381709855
0.15366241751178134	0.38658581581939755	0.4597517666688212
0.15159460825154913	0.38506654193278744	0.46333884981566353
0.15321743555035028	0.38698898021887224	0.4597935842307776
0.15068650785682414	0.38791362058145107	0.4613998715617249
0.15350596726945712	0.38593587908377247	0.46055815364677055
0.15048121871980835	0.38514328547537896	0.4643754958048128
0.1490946211227216	0.3880280249324272	0.4628773539448513
0.15385043952568445	0.3854853419721034	0.4606642185022123
0.15065034212954442	0.3868886700373645	0.46246098783309125
0.15476777666701108	0.38550270728244024	0.4597295160505488
0.1523749282755451	0.38491860068958317	0.46270647103487184
0.15106402594653634	0.38577548527861694	0.46316048877484683
0.15048546701068688	0.38627206334047876	0.46324246964883453
0.1547312363108574	0.38575213902051864	0.4595166246686241
0.1531895553911562	0.3859106354476729	0.460899809161171
0.15162148826137944	0.3873165120442862	0.4610619996943345
0.15004327990236943	0.38616071669530727	0.4637960034023234
0.15293094451715988	0.3861316969955227	0.46093735848731754
0.15029355702569389	0.3865036974082984	0.4632027455660078
0.15034793669251795	0.3860660077340726	0.46358605557340954
0.1525830606235542	0.38769221349535166	0.45972472588109425
0.15387084113701655	0.3847997357473971	0.46132942311558645
0.15158364136232996	0.3869021656289669	0.4615141930087033
0.1508567817910465	0.38822003196147153	0.46092318624748213
0.15319037877515107	0.38698756052984945	0.45982206069499953
0.1526604161185694	0.38788270496179367	0.45945687891963705
0.15284601797975078	0.3850389848321902	0.46211499718805915
0.15111073772332434	0.3849993498467119	0.4638899124299639
0.15068016747857182	0.3872527699552218	0.46206706256620655
0.14945638141687495	0.3877501222617269	0.46279349632139827
0.1506213781522589	0.38581304129707145	0.46356558055066976
0.14853389995394756	0.3875648436648158	0.46390125638123675
0.15155898549747254	0.3869395211994225	0.46150149330310514
0.1547893227746297	0.3847707925122101	0.46043988471316033
0.1544266781930253	0.3846932698272719	0.46088005197970294
0.15270564401203013	0.3874787092503985	0.45981564673757147
0.1478969234509589	0.38850151175248615	0.4636015647965551
0.15413451720913068	0.3847967248106072	0.46106875798026226
0.15292354181521006	0.386759592847703	0.46031686533708704
0.1496635576179543	0.3858496149899574	0.4644868273920884
0.15474498119835994	0.385047060033615	0.4602079587680252
0.1533954336962044	0.38591511535553114	0.46068945094826463
0.1513285610196899	0.3872092240488248	0.4614622149314854
0.15258974382806292	0.3851563787067007	0.4622538774652365
0.15133717002766625	0.3862926731158245	0.4623701568565094
0.15071288843601072	0.3877270499758207	0.46156006158816876
0.14900020055088997	0.3873828824757618	0.4636169169733484
0.15346929905198062	0.38460145639784843	0.46192924455017104
0.1523911216115531	0.38705685931955003	0.46055201906889703
0.15034259417230006	0.3861240209427701	0.46353338488493
0.15230320083493637	0.3847287743932194	0.4629680247718444
0.14937245461316837	0.387314810875662	0.4633127345111698
0.15359715454329748	0.38526835611138266	0.46113448934532
0.15279567739261674	0.3874395446804576	0.45976477792692577
0.15299156976720538	0.38652545480289785	0.4604829754298969
0.15150848461694516	0.38699952004746613	0.4614919953355888
0.15391284936238595	0.38550630727814533	0.4605808433594688
0.15294267972748232	0.38626812607352795	0.46078919419898984
0.15155322822600037	0.38756567904285805	0.46088109273114175
0.15139429715392122	0.3883577739878729	0.460247928858206
0.1540571109821806	0.38460560427612944	0.46133728474169006
0.15448201573027798	0.3852482257727683	0.46026975849695384
0.1512121229143616	0.38596965647826065	0.46281822060737793
0.15251182725388873	0.3847810187857331	0.46270715396037826
0.15115524553824627	0.38697948131732973	0.46186527314442405
0.15302885937708866	0.38727765460941155	0.4596934860134999
0.1537635951121555	0.385970013736726	0.46026639115111856
0.1480787725997261	0.38744104272878827	0.4644801846714858
0.1503541650844062	0.38530772708800043	0.4643381078275935
0.1500446588932321	0.3873569814606921	0.46259835964607593
0.1506612072209922	0.3885835525401997	0.4607552402388082
0.15239728343269524	0.38592739039758667	0.46167532616971824
0.15205609207367776	0.387044472149059	0.46089943577726333
0.15312965040176535	0.3869360376444473	0.45993431195378753
0.15285037910258975	0.3871700814471066	0.4599795394503038
0.15244569268836897	0.38766861252565543	0.45988569478597574
0.15222217643363273	0.38454376886258695	0.46323405470378043
0.14992560762102347	0.38560385936513863	0.464470533013838
0.14834078278558374	0.388269853592988	0.46338936362142835
0.15135196107273033	0.3882094806585883	0.46043855826868146
0.14866386219493694	0.38800810861746604	0.46332802918759713
0.15206705173117036	0.38513833777506573	0.462794610493764
0.15180343232322807	0.3850070979494342	0.46318946972733777
0.1545608900470636	0.3856107000642867	0.4598284098886498
0.14935603269169234	0.3870627386490033	0.46358122865930446
0.1502027932995985	0.38678143244620683	0.4630157742541948
0.15416077217802543	0.3853462671280499	0.46049296069392476
0.152669606197443	0.3862400548091635	0.46109033899339363
0.1496987270596071	0.3880316424618769	0.46226963047851616
0.15019447392336943	0.3884573285658328	0.46134819751079786
0.15388525847119278	0.3866344846288651	0.4594802568999422
0.1494971371204822	0.3871770823874354	0.46332578049208245
0.15242691397703192	0.3877271080227298	0.4598459780002384
0.15211621865600256	0.3877445116054979	0.4601392697384997
0.15107573061575313	0.3854142157622147	0.46351005362203224
0.15021567716755496	0.3882502763027812	0.4615340465296639
0.15282203532787758	0.3851974555210048	0.46198050915111777
0.14871134644928402	0.3878268902556712	0.46346176329504496
0.1510467415572102	0.38648969204016925	0.46246356640262065
0.1507848028106873	0.3877689821079439	0.4614462150813689
0.14979915160763502	0.38659507362744117	0.46360577476492393
0.15055309476976397	0.38725666327552893	0.46219024195470715
0.15353760323959542	0.38614854990853664	0.46031384685186805
0.15076116463341205	0.38554324597796585	0.4636955893886222
0.14896319368411534	0.3867200892895651	0.4643167170263197
0.15430072658106936	0.38596764378376913	0.4597316296351617
0.15199759122701428	0.3848063023782286	0.4631961063947572
0.15072044050077898	0.38723469643491193	0.46204486306430925
0.15010840109046192	0.3883932127325455	0.4614983861769927
0.14932580308091215	0.3876548872674771	0.46301930965161087
0.1519950411448932	0.3857099911012741	0.46229496775383283
0.1483320061070741	0.38733381978916165	0.4643341741037644
0.15052655757288158	0.3859945513405606	0.46347889108655793
0.14896844257632819	0.3878294800184183	0.46320207740525365
0.15236050463526835	0.3874908262664808	0.4601486690982509
0.15061366490302536	0.38799573905610185	0.46139059604087296
0.15220150876294264	0.38471510282886673	0.46308338840819074
0.14948798772909264	0.3860972832105056	0.4644147290604018
0.1543019082996479	0.3850972310830589	0.46060086061729333
0.1511357231632902	0.388022956366424	0.4608413204702859
0.1495685191813444	0.38574844740640357	0.46468303341225214
0.15286413474527516	0.38547866580192736	0.4616571994527976
0.15119291638120907	0.38600430018943527	0.4628027834293558
0.15402173755462872	0.3853992057649418	0.46057905668042964
0.15346985933632884	0.38623241812070497	0.4602977225429663
0.1534732681257121	0.38481990241636643	0.46170682945792163
0.15120109991596897	0.386397177011563	0.4624017230724682
0.15357322793945563	0.3865035127208604	0.4599232593396841
0.15052707588943778	0.3862873103427603	0.463185613767802
0.1506218097705711	0.3883692595710062	0.4610089306584228
0.15230271402114598	0.3872781275871868	0.46041915839166736
0.1507891197978924	0.388600983270476	0.46060989693163173
0.15103130027797868	0.38636128818201654	0.4626074115400049
0.15146367162097074	0.3867993073709401	0.46173702100808933
0.1480443027569113	0.388101183073215	0.46385451416987383
0.15188802695821602	0.3859658463407444	0.4621461267010397
0.14906034351010483	0.3884186442377106	0.46252101225218467
0.15210821329255586	0.385417742236252	0.4624740444711922
0.14994246572949219	0.38769619699283486	0.46236133727767303
0.14786473047200704	0.3882202179659879	0.4639150515620052
0.15226969037785743	0.3860827486208754	0.4616475610012673
0.15144046955318316	0.38622484788629236	0.4623346825605246
0.1523169926224181	0.387244949963771	0.460438057413811
0.15195400115361885	0.38489340742182215	0.4631525914245591
0.15190846049669804	0.3858908697596607	0.4622006697436414
0.15427861362725442	0.38582063662362487	0.4599007497491209
0.14991173694841373	0.3878624652978869	0.46222579775369943
0.151296511005716	0.38706803396314754	0.46163545503113657
0.1513002997775957	0.3850112434610361	0.46368845676136833
0.15296771100957784	0.3857917108857238	0.46124057810469854
0.1532498716013418	0.3861203061644222	0.4606298222342361
0.15136710211957494	0.3866079695721774	0.4620249283082478
0.15242299496533582	0.3845429515772079	0.4630340534574564
0.1510103198472116	0.3854419048565232	0.46354777529626534
0.14927542244415526	0.387969750846606	0.46275482670923884
0.15264755503199548	0.38509016895863635	0.4622622760093683
0.1500166598930205	0.3871689519529081	0.4628143881540715
0.15087413550002832	0.3853317700140745	0.46379409448589737
0.15133002236390058	0.38493985121870694	0.46373012641739264
0.15340374364935128	0.38508020437304047	0.46151605197760837
0.1505367184085633	0.38701620970477235	0.46244707188666445
0.14985707920049182	0.3883831482854016	0.4617597725141067
0.1515141838026905	0.3885682526182535	0.4599175635790561
0.15002691695742482	0.3882045337915044	0.46176854925107086
0.14802615227670357	0.38776210246845855	0.464211745254838
0.15362939949075383	0.38585663633648715	0.46051396417275914
0.1503334282094223	0.38703158599050536	0.46263498580007245
0.15335925136933926	0.3866068123819822	0.46003393624867867
0.1511908151702625	0.38851604368888554	0.46029314114085207
0.15067417956481255	0.3853545439175963	0.4639712765175913
0.15063897617876232	0.3873846507815099	0.4619763730397279
0.15185716562057744	0.38600333302660417	0.4621395013528185
0.15105405279016904	0.3873390208108698	0.4616069263989613
0.15148440056852372	0.38580473433176743	0.462710865099709
0.15147051544044565	0.3877603231576839	0.46076916140187063
0.1533420573885487	0.38559684808785666	0.4610610945235948
0.1530006181016812	0.38600139800650635	0.46099798389181257
0.15014553672280548	0.38662298572070963	0.46323147755648497
0.14989443606469724	0.38810429635116017	0.4620012675841427
0.15229128112603968	0.3859340262435881	0.4617746926303724
0.15262411255790426	0.38478650698923017	0.4625893804528657
0.1514040923017671	0.3885288653009287	0.46006704239730434
0.1518378418038504	0.38813174044977855	0.4600304177463712
0.1498629873968058	0.3876593077347894	0.4624777048684049
0.14990792114698803	0.38828832912363603	0.46180374972937605
0.15281612493043073	0.38467798122149294	0.46250589384807644
0.14867565488856443	0.38795345684123883	0.46337088827019685
0.1541367672713918	0.3851058695322918	0.4607573631963165
0.15108447731696	0.3845439017966942	0.4643716208863459
0.15049228405843795	0.38517618610917426	0.4643315298323879
0.15192160957003908	0.3872874759642636	0.4607909144656974
0.15026682318927415	0.38802391061306757	0.4617092661976584
0.1535978683526297	0.3857318008052066	0.46067033084216386
0.1505828149980873	0.3852976500131149	0.46411953498879793
0.15212830023573135	0.38526287831486644	0.4626088214494023
0.1532670355318575	0.3852211041800325	0.4615118602881101
0.1539944464576122	0.38520227429966136	0.4608032792427265
0.15354807901182757	0.3869189837125503	0.4595329372756223
0.15053229079065578	0.38745835093574676	0.46200935827359757
0.15432858679509925	0.3846333318984502	0.46103808130645063
0.14906837154821478	0.387023733775011	0.4639078946767744
0.14874853983420133	0.3871249726119048	0.46412648755389396
0.15078224679284974	0.38771602925865856	0.46150172394849187
0.14822241444928763	0.3878359255648597	0.46394165998585285
0.15441593765102501	0.38513592797245283	0.46044813437652227
0.14942739474555278	0.38854702720501755	0.4620255780494298
0.15116733514486064	0.38786102778504106	0.4609716370700984
0.151458981512264	0.38815039643024	0.46039062205749604
0.15070211181950266	0.38844780387207306	0.4608500843084244
0.14971636997035076	0.38606164184036246	0.4642219881892869
0.15216248677413075	0.38663370091076155	0.4612038123151078
0.15236609402402002	0.3858442299014299	0.4617896760745502
0.1486235173104959	0.3886273960822313	0.462749086607273
0.15358684997132266	0.38630386951766216	0.4601092805110153
0.14917230043097796	0.3885953711976814	0.46223232837134076
0.14957749860508998	0.38746546509478097	0.4629570363001292
0.15186338967071872	0.3854365981456631	0.4627000121836183
0.15464028648952466	0.38536565063511036	0.4599940628753651
0.14898825934601223	0.3871171302345565	0.46389461041943136
0.14990571824613777	0.386674861531755	0.46341942022210736
0.15181140674352336	0.38838705981204785	0.45980153344442887
0.15012627173277246	0.3881856591858676	0.46168806908136006
0.15304833016240965	0.3859796068402981	0.46097206299729243
0.14815487718536785	0.38838254126913535	0.4634625815454969
0.1523414270197247	0.38637146455006494	0.4612871084302105
0.1484764312550878	0.38692329723011765	0.46460027151479466
0.15426190145357466	0.38628510613836575	0.4594529924080597
0.15336568525548544	0.38501412674138064	0.46162018800313404
0.15130525175198362	0.38499598228365917	0.46369876596435733
0.1537434241468772	0.38663691983283993	0.459619656020283
0.15427689829421604	0.38603811040680513	0.4596849912989789
0.15140387073387745	0.38758902985250704	0.4610070994136156
0.14951104310694158	0.38788023771137714	0.4626087191816814
0.15261951705546767	0.3867053414947755	0.46067514144975696
0.15108774966413852	0.3883814712539557	0.4605307790819059
0.15372158695130766	0.38542606503001264	0.4608523480186798
0.15128774612217655	0.3871414751109265	0.46157077876689706
0.1491087147880376	0.3879728073209722	0.46291847789099033
0.15093958882673358	0.3864918130570456	0.462568598116221
0.14857734307087855	0.3872369384750735	0.46418571845404805
0.1495118091021052	0.3867235868146006	0.46376460408329434
0.14949440708586015	0.38620232868687987	0.4643032642272601
0.14997897464308077	0.3871116415073703	0.46290938384954905
0.14831748870325162	0.38842324991581134	0.4632592613809372
0.15176578606280872	0.3854890215435975	0.4627451923935939
0.1527068788533386	0.38667125872337815	0.46062186242328335
0.15033686300738175	0.3884751603815562	0.46118797661106214
0.15108733902764304	0.38585050585292224	0.4630621551194348
0.14920183708376328	0.387128907201951	0.46366925571428586
0.1500492783150716	0.3860962684886359	0.4638544531962927
0.1499523604987672	0.3873374470633195	0.46271019243791334
0.15287319753910333	0.38624662247404773	0.4608801799868491
0.14957663693327677	0.3880999856357557	0.46232337743096763
0.15326498241966902	0.384960803440041	0.4617742141402901
0.15203700451403013	0.38640991701904853	0.4615530784669214
0.15101472458101106	0.3852411957563077	0.4637440796626814
0.149817009511655	0.3868426032842146	0.4633403872041305
0.1499438961620752	0.38595783963814434	0.4640982641997806
0.14979200624810274	0.3869364228281017	0.4632715709237957
0.1510667397839208	0.38592393876482317	0.4630093214512562
0.15223953880500612	0.3874652773348244	0.4602951838601696
0.15035120806911306	0.38502357881141147	0.4646252131194756
0.15053101384403936	0.38652536004617	0.4629436261097908
0.15207409373721353	0.3867818293085018	0.4611440769542848
0.15007362041007538	0.38811959583485744	0.46180678375506734
0.15026457633659634	0.38803486915791646	0.4617005545054873
0.15077675111482672	0.3860085368891842	0.46321471199598924
0.15018552429868331	0.3868195146119516	0.4629949610893652
0.15463927797861388	0.3847900229941095	0.46057069902727676
0.1509661288784643	0.38683343058177655	0.4622004405397592
0.1517557886019993	0.3881024029136195	0.4601418084843813
0.14977915935682146	0.38824362355999875	0.46197721708317996
0.15427468684194556	0.38473333392888526	0.4609919792291693
0.14917546875656004	0.38663341352171854	0.4641911177217215
0.15121674887623288	0.38581253911000507	0.46297071201376216
0.15181859960418936	0.3873761583824498	0.460805242013361
0.1529100876216888	0.3868081136324774	0.46028179874583386
0.15107134984383816	0.3857379515263355	0.4631906986298264
0.15233723882764705	0.384680163137009	0.46298259803534403
0.14818147386889433	0.3876963155347707	0.4641222105963351
0.15088031717992006	0.3860494003292264	0.46307028249085364
0.1528394801778635	0.3862613634183281	0.4608991564038085
0.15302044806102524	0.384717397658809	0.4622621542801658
0.15303918161426805	0.38503746618476054	0.4619233522009716
0.1497423013151939	0.38756302367079404	0.46269467501401224
0.15095500227007927	0.3886209731516861	0.4604240245782348
0.148520733149631	0.3877528044277594	0.46372646242260973
0.15278041605322018	0.38612211589295004	0.4610974680538299
0.1511800494219102	0.3881122816634444	0.4607076689146455
0.15049353693829548	0.38720302643736393	0.46230343662434076
0.14963087527400384	0.38676552905549194	0.46360359567050435
0.14823679677468327	0.3882196326930327	0.4635435705322841
0.15098225498921317	0.3852247150058096	0.46379303000497735
0.15086057145955167	0.3858538053728762	0.4632856231675722
0.1524951110541156	0.38787000186903015	0.45963488707685435
0.14879522090749833	0.3874805812764851	0.46372419781601665
0.14882539049790122	0.3869489826133751	0.4642256268887238
0.15318034336856806	0.38515148236741914	0.4616681742640129
0.15305963341979045	0.38514092978044934	0.4617994367997603
0.15029018364196767	0.3850297625194138	0.46468005383861866
0.15150376666310633	0.38572029048394263	0.46277594285295115
0.15153969878811765	0.38619624823187026	0.4622640529800122
0.15142516177769516	0.38720638579637184	0.46136845242593305
0.1514592042771813	0.38825067641176636	0.4602901193110524
0.15198520805885196	0.3855783873987905	0.4624364045423577
0.15174006474351492	0.38546512842710573	0.46279480682937946
0.15130168164756425	0.38767357318374046	0.4610247451686954
0.15183240486466332	0.38709506977117086	0.46107252536416593
0.1526393198893938	0.3875927921089924	0.45976788800161394
0.15206762052936637	0.3850069962949571	0.46292538317567666
0.14796846867819508	0.38775894258838295	0.46427258873342214
0.15259192538210686	0.385279573144372	0.46212850147352125
0.15198269498470612	0.3869253951802771	0.4610919098350169
0.15474788132167583	0.3855221084064396	0.45973001027188476
0.14831025743366932	0.3872110586325208	0.46447868393381
0.15109688872080426	0.38731637729523727	0.46158673398395855
0.14892728347529513	0.3868882045055491	0.4641845120191559
0.15150497640302568	0.387512678895065	0.4609823447019094
0.1493868398042128	0.38730811838645374	0.4633050418093336
0.1524676470239693	0.3863914322836544	0.46114092069237644
0.15469488368604833	0.38461145883578357	0.4606936574781682
0.15379249353669872	0.38670756612444285	0.45949994033885855
0.15064400801201638	0.3870601527964717	0.46229583919151207
0.15353097838226576	0.38578854963884474	0.4606804719788896
0.14851335727992168	0.3872758172138145	0.4642108255062639
0.15027090006685906	0.3873396916957388	0.46238940823740227
0.15180402955442868	0.38475655389455016	0.4634394165510213
0.15216791642840077	0.3853743322415521	0.4624577513300473
0.1488656373187825	0.38789987151011585	0.4632344911711018
0.1539691717023042	0.3850076914675026	0.46102313683019336
0.15169107628571546	0.38813480281674456	0.4601741208975401
0.1517649037521109	0.38486045986929307	0.4633746363785961
0.15488294471913652	0.3854923684881204	0.45962468679274315
0.15469534168691518	0.384628683954875	0.46067597435820995
0.15416454962401446	0.3850204582937653	0.4608149920822203
0.1533332806975573	0.3846712387740419	0.4619954805284009
0.15145606660453287	0.385096500947939	0.4634474324475282
0.15433682702678203	0.38499987746459513	0.46066329550862295
0.1544901549464784	0.38490291543535454	0.4606069296181672
0.15015307774715658	0.3883600372441252	0.4614868850087183
0.1511522730594244	0.3858237922294969	0.46302393471107883
0.15146031177010338	0.38778064287064334	0.4607590453592534
0.15049313012979348	0.38629869995726196	0.46320816991294467
0.15152474268388233	0.3854617346076016	0.46301352270851626
0.15168605305778804	0.38821703651378303	0.46009691042842904
0.1484883744274607	0.38785375052012305	0.4636578750524164
0.1492291918756905	0.38735341607396695	0.46341739205034266
0.15029286798922373	0.38731389545748895	0.46239323655328746
0.1484845419030706	0.38771295813479584	0.4638024999621337
0.15122063209191094	0.3861571154637074	0.4626222524443818
0.1532416109754422	0.38707545372172436	0.45968293530283355
0.1491016829577938	0.38660920507564606	0.46428911196656025
0.15188432343584884	0.38825066306525646	0.45986501349889486
0.15351586681456345	0.38585156271242693	0.46063257047300976
0.14910230902685384	0.38726085572473173	0.4636368352484146
0.15149314073530384	0.3867147584807134	0.4617921007839829
0.15098033341221148	0.3867668027422042	0.4622528638455844
0.15214718624554766	0.3872436569023476	0.4606091568521049
0.14992312502207883	0.385507533716029	0.46456934126189225
0.14891183965740962	0.3874843346622438	0.4636038256803467
0.15461976839629193	0.38456501710534813	0.46081521449836005
0.15425468328023306	0.38506581745568286	0.46067949926408414
0.14928168052514573	0.38695556483816324	0.46376275463669114
0.15110316273360955	0.3850623787698142	0.46383445849657634
0.15050677647794836	0.3872683205130166	0.46222490300903524
0.14793705730375206	0.38822915627491544	0.46383378642133266
0.15126852152083375	0.3847387635711886	0.4639927149079778
0.15030373305065864	0.3878358286054952	0.46186043834384627
0.1516049945500653	0.38634086513863075	0.4620541403113041
0.1510341847646689	0.38629358800838975	0.46267222722694146
0.1513634411830751	0.3864475470611763	0.4621890117557487
0.15194553464406402	0.38663317805100916	0.461421287304927
0.15080667922362617	0.38623205785812936	0.4629612629182446
0.15072378526141883	0.38640568973171785	0.46287052500686343
0.15150005107563624	0.3881266358396133	0.4603733130847506
0.14935037434840265	0.3860866487374984	0.4645629769140991
0.15027492948272547	0.38508045087774867	0.46464461963952597
0.1525733049786402	0.3860791333057492	0.46134756171561075
0.1498147445493822	0.3867197323436224	0.4634655231069955
0.15065264177349214	0.38779209656039304	0.46155526166611494
0.15246941976742295	0.3849698828263947	0.4625606974061825
0.14917085400935823	0.3873565478711245	0.46347259811951735
0.15259994112432632	0.3872896757359448	0.46011038313972896
0.15287915260402735	0.3849854672753584	0.4621353801206144
0.15296796995655795	0.38704617232094024	0.4599858577225019
0.15486648769461364	0.3852555965154747	0.4598779157899117
0.1536032956118054	0.3856549600659009	0.46074174432229387
0.14817848962288468	0.38727650473476943	0.464545005642346
0.14918674984997032	0.3880620897448181	0.4627511604052117
0.15300954841159306	0.3863542123146371	0.46063623927376995
0.15083660789008418	0.38775717570387497	0.46140621640604096
0.1510247493458932	0.3867955042531544	0.46217974640095255
0.14920662157820908	0.3871457366705909	0.46364764175120016
0.15183855697225387	0.38539122514379603	0.46277021788395023
0.1501566257785224	0.38678717355521647	0.46305620066626124
0.15018141771036608	0.38540739020846176	0.46441119208117226
0.1498651250598605	0.38819242811079685	0.46194244682934277
0.15268544962319797	0.38494780878586204	0.46236674159094016
0.1515025891346368	0.3859218041904244	0.46257560667493897
0.1535115470530999	0.38692789159999147	0.45956056134690876
0.14961793772136536	0.38792833797378634	0.46245372430484843
0.14850225579350165	0.3874020210054985	0.464095723201
0.15239369319474588	0.38555665124966493	0.4620496555555893
0.15209679432544576	0.3867708139583492	0.4611323917162051
0.14816423612246232	0.38813446776064775	0.4637012961168901
0.15316134050215327	0.38676016786133144	0.46007849163651543
0.15242868753835603	0.3856794022572084	0.46189191020443565
0.15442850549633005	0.38586663539954746	0.4597048591041226
0.15091166042698007	0.3884203137577908	0.46066802581522925
0.15070263820655833	0.3857330950685304	0.46356426672491136
0.1541803778599437	0.3852024356327616	0.4606171865072949
0.15452595761297155	0.3856809093392908	0.4597931330477377
0.1531071489210912	0.3861886555756404	0.4607041955032685
0.15255527670847452	0.3871286457033669	0.4603160775881587
0.15480794261350228	0.3852070492173653	0.4599850081691325
0.14864276402730853	0.3878851692705973	0.4634720667020943
0.1507277505616631	0.3870316590629789	0.4622405903753581
0.1483717514982121	0.38824838762436337	0.4633798608774246
0.15212082812315353	0.38668974692589797	0.4611894249509486
0.15200884705873696	0.3875560267755703	0.46043512616569293
0.15146632696792645	0.38655568874667534	0.4619779842853983
0.14939527915778122	0.38849853455439176	0.4621061862878271
0.15487345508882772	0.3846858728913761	0.4604406720197963
0.15192561252285935	0.3868997844220172	0.46117460305512353
0.15206999344323036	0.3863473939654898	0.46158261259128
0.15183090131200616	0.385981920807202	0.46218717788079194
0.15273114737636037	0.38575008910486086	0.46151876351877885
0.148971658104965	0.3886130672543807	0.46241527464065446
0.15279426560071202	0.3860050531769388	0.4612006812223493
0.14810988686597862	0.38855883044010725	0.46333128269391427
0.15084150246129585	0.38666467131597443	0.46249382622272983
0.15073167879906763	0.3857672816414648	0.46350103955946775
0.1491577247859424	0.38692039796499206	0.46392187724906564
0.14981209880429416	0.38649760443781145	0.4636902967578945
0.15150440222409262	0.3865929479327516	0.4619026498431559
0.1500926900579695	0.3854846482680746	0.464422661673956
0.15398440262971208	0.3847614613366048	0.4612541360336832
0.1505303197472959	0.38529073660982327	0.464178943642881
0.1485544260096812	0.3879716410031498	0.4634739329871691
0.1500174246328151	0.3859802971874724	0.4640022781797126
0.15124013152459986	0.3876401160545554	0.46111975242084485
0.14963453548765793	0.38786110001585583	0.46250436449648635
0.15252306952693545	0.38650556429307026	0.46097136617999446
0.15371966195177053	0.3859824783159134	0.4602978597323162
0.15089888746534305	0.38652248997939426	0.46257862255526283
0.15082435134550917	0.3861255605609016	0.4630500880935894
0.15119494383508333	0.3872968782992478	0.461508177865669
0.15395077912028693	0.3847047879246038	0.4613444329551094
0.15223343881647938	0.385836920685781	0.46192964049773977
0.14827780722196948	0.38735745647936515	0.4643647362986655
0.15470166472343055	0.3847666396750202	0.4605316956015494
0.15114132864623292	0.38494248123412195	0.46391619011964524
0.15105212415272115	0.38460395135044867	0.46434392449683026
0.15387465604967587	0.3859143954631876	0.4602109484871366
0.15368536034756453	0.3854859406345075	0.4608286990179281
0.15163763815023495	0.3848190265428888	0.46354333530687636
0.1489728896785205	0.38746243181552587	0.46356467850595373
0.15324490108840141	0.38511063280589275	0.461644466105706
