0.21981910169762492	0.026827316054256645	0.3487245235985662	0.11607671915311693	0.288552339496435
0.2356520139281824	0.04245616071996122	0.2715505454206067	0.10121878585886467	0.34912249407238477
0.21257326289102	0.05380636553194437	0.3125824846588512	0.1645001165803751	0.2565377703378091
0.14105220161123164	0.046851274324927	0.23320650268756205	0.17284984651475577	0.40604017486152333
0.14321146544437785	0.06523123141341267	0.19062547454854284	0.16689340110122397	0.43403842749244254
0.2467662280253326	0.031942448475513474	0.3355426364218186	0.09656282810296833	0.28918585897436677
0.1481992070526826	0.03615843428882509	0.32758764154924785	0.10446046054363803	0.3835942565656062
0.17270479529903432	0.0700123038879423	0.18817585995558836	0.1694616980821803	0.3996453427752545
0.25538277705406465	0.0385191505119144	0.24114317136902214	0.13771548919543722	0.32723941186956135
0.2638352520165579	0.06505578981975857	0.2763113641365097	0.10484868361041194	0.2899489104167616
0.17395073972300484	0.028787806770549318	0.18392483591462444	0.15061397581354252	0.4627226417782787
0.23747811540713804	0.0340079269921611	0.3534602626872335	0.15113510798900529	0.2239185869244618
0.2549070106435053	0.04030674869584194	0.22414976381758345	0.17774391073918921	0.3028925661038798
0.19632057782428497	0.06530728134908773	0.3468955494611521	0.14402198346039796	0.24745460790507706
0.15823971155625527	0.054417444468432025	0.31132092692299573	0.13868284215848914	0.33733907489382764
0.2356716112633615	0.038729857130885115	0.22066135737516956	0.09614924176786076	0.4087879324627228
0.20482718011229042	0.05620468600087561	0.2175577182876934	0.119249080026254	0.40216133557288636
0.16201942594400923	0.06373246457907514	0.23235540513126451	0.17699279469808213	0.3648999096475688
0.2500706851857344	0.03890136085898188	0.2939876657898272	0.10252454886767962	0.31451573929777665
0.2095175337451094	0.057579890898037	0.29859082387205027	0.09387998718495336	0.3404317642998498
0.2646903793700277	0.052516598195283176	0.31170888139412367	0.12447150433746697	0.24661263670309813
0.21778057487668634	0.07149461364083237	0.1751667595352236	0.09718235056831973	0.4383757013789378
0.23639968885036755	0.05654261263359761	0.32128761979226317	0.1474590122137427	0.23831106651002876
0.14126375453423995	0.02946887717667962	0.24173464213607748	0.15537957234584443	0.43215315380715835
0.1756459497270132	0.04435404118404862	0.29030846384475917	0.15193099618395636	0.3377605490602224
0.2551107950311248	0.07108924721506293	0.2807775712178484	0.10351158026876334	0.28951080626720016
0.1873511209064262	0.046402133663711875	0.260483002700656	0.10368495604566533	0.40207878668354036
0.2616355689511078	0.0479826165970961	0.23887187074835126	0.1299732359698207	0.32153670773362386
0.18568181164174397	0.03157285090331177	0.28203250267625035	0.0933609801650633	0.4073518546136304
0.20590297621700893	0.07141317804928743	0.18841707316874848	0.12219289013247527	0.41207388243247967
0.1591065420001025	0.04357203261150461	0.3365028457199568	0.09612342695867349	0.36469515270976244
0.20266028475053888	0.042208333927829356	0.18334742237346283	0.09223810644040795	0.4795458525077608
0.1686646517635503	0.06438259748795194	0.20373186557447653	0.10450107036616774	0.4587198148078533
0.1737747848801921	0.0621580301133105	0.23010879015121882	0.1325044167432865	0.40145397811199185
0.19904483125371691	0.035372259319574884	0.23449068695720834	0.14926962108393468	0.38182260138556495
0.18478892984341783	0.04275422484748534	0.24575058875982772	0.1755620014493312	0.3511442550999377
0.24801056606536281	0.07425734126015174	0.30219381288018526	0.11076298248364354	0.2647752973106564
0.17762834781699555	0.05810753058022211	0.3556105109008472	0.14744140409903994	0.261212206602895
0.16060494342191073	0.04746971353621479	0.2928680493610692	0.12149566933844078	0.3775616243423643
0.2384494604756477	0.05450991790409951	0.3055728530456941	0.09063995659019655	0.3108278119843619
0.1318868231422784	0.054227648776994264	0.24917737948287277	0.13013571154268738	0.434572437055167
0.2408281653710918	0.04036072234209978	0.21957455140370913	0.17518087478478708	0.324055686098312
0.15286262457256383	0.050863122381112486	0.23314281347369148	0.09917470729568065	0.46395673227695133
0.13015454781582997	0.06770030924400203	0.19105188602430057	0.11541125299004747	0.4956820039258198
0.14617245081975933	0.04509506368104205	0.1982449054915873	0.14444786933923323	0.4660397106683779
0.2546923248086846	0.06936942336188567	0.2458601443346629	0.1423672434787498	0.28771086401601675
0.19920525213001541	0.05151097783581707	0.29746280694288446	0.13325443168852233	0.3185665314027605
0.1907544844271914	0.06891065042202957	0.30923497562753066	0.15666530481658075	0.2744345847066674
0.1618131352542569	0.05108319770760705	0.3453269112444601	0.15653207435492805	0.2852446814387477
0.19123005663813125	0.03501890379600353	0.23251130004924003	0.13134430678486453	0.40989543273176043
0.2576042158576884	0.07027449470543606	0.18890917806044005	0.10907563542414442	0.3741364759522908
0.25881509928003354	0.03626722165879101	0.2521432760852921	0.16640151087006613	0.28637289210581696
0.14984905325270698	0.05632636700593355	0.27227229114770524	0.14073619922975633	0.3808160893638977
0.20073816626366625	0.03135537167152913	0.2633479286935112	0.1715885258744115	0.33297000749688166
0.24683899646817625	0.058925294576999104	0.31855675451707155	0.15257519736094166	0.22310375707681115
0.1662030049786559	0.030319722737600585	0.2519012160817885	0.14537088669700665	0.40620516950494817
0.13278681275722037	0.051262219460468494	0.23957458782794233	0.10007893984683404	0.47629744010753455
0.1330374328145258	0.06245816671991372	0.2902328659610326	0.14372334787930408	0.3705481866252236
0.22259337932064543	0.03107246068568842	0.3195419880140334	0.10070264905254386	0.3260895229270887
0.21180600483501966	0.0536618880188334	0.2232723346235479	0.10243809523810513	0.4088216772844937
0.1433029286317249	0.04459802462526216	0.22521402024994794	0.1274713691625609	0.45941365733050393
0.18342322395650962	0.025974864017214522	0.22992060424685115	0.1670419213272826	0.3936393864521419
0.24091960695539044	0.04300663300194568	0.33189200740958946	0.09133155250296474	0.29285020013010943
0.1437992570989527	0.03669930694327789	0.32071218513844785	0.11347657716139081	0.38531267365793054
0.20511304263269822	0.028100734714184616	0.27106574732840505	0.17421541398202722	0.32150506134268464
0.23814994875059953	0.04569354861165953	0.2224970343352459	0.1210511793793096	0.3726082889231852
0.1343251827406607	0.04637312238886723	0.32028188668723456	0.17107028141871683	0.32794952676452055
0.2239729712554975	0.061250660792981776	0.18771529123260294	0.1066973283535656	0.42036374836535195
0.19110114552634172	0.038066163543091946	0.316131221433935	0.1402023115808526	0.3144991579157784
0.19970945353042913	0.03227883368978518	0.34838656890026515	0.12662991703528645	0.29299522684423385
0.16670772622339097	0.06542975986978455	0.23477110365801868	0.11757406504753709	0.4155173452012685
0.1636211359384517	0.033151879659844286	0.2991704996724059	0.10481149389426404	0.3992449908350339
0.19418057202563674	0.05452325708767444	0.24240767866970447	0.13177732191548183	0.3771111703015023
0.23372874474026434	0.04767953198041125	0.28243214649314297	0.1316940214284349	0.30446555535774633
0.17460583402474478	0.06703806677264548	0.255108417005426	0.12004963291473753	0.383198049282446
0.24706830731391705	0.03354894901693786	0.2550760425657271	0.17106546136092832	0.2932412397424894
0.2154700704986593	0.03858558460593098	0.24573290927335678	0.0887020258005238	0.41150940982152895
0.13818072524289232	0.04828653711728487	0.23542087088775435	0.14268488626471204	0.4354269804873563
0.23977675910003815	0.06556162774529109	0.2756755303351933	0.09570557202962925	0.323280510789848
0.26725539278557164	0.0610053599315214	0.2348042423232582	0.16677590421305255	0.270159100746596
0.23276132315033018	0.05907155594551486	0.18411674701735514	0.1631363986799807	0.3609139752068188
0.1782735499508404	0.040942300296252815	0.294830746665251	0.12760289613640297	0.3583505069512526
0.26017717600369	0.072630492362218	0.21772692229272186	0.12772896777051765	0.32173644157085224
0.15629929543391013	0.06343654493712553	0.3527796302982892	0.12677022207470856	0.30071430725596643
0.24179306870111755	0.0708024741774714	0.19359698242157794	0.1597343615739742	0.3340731131258587
0.24535063054094525	0.03852995097404924	0.2590143619490793	0.13495826842619785	0.32214678810972813
0.13898598978373872	0.04175002596701377	0.3308613645783661	0.17621366175341646	0.3121889579174647
0.1695340010708627	0.053319564235809	0.27384901244040244	0.176227083323396	0.32707033892952964
0.22284788543600412	0.06814429016815324	0.21218003323444878	0.09461285624082862	0.40221493492056504
0.13012518690976393	0.07019560620916201	0.20376536154738814	0.1776294214868702	0.4182844238468155
0.25660152374759215	0.03654885102989286	0.3299734688794257	0.12179588782474304	0.255080268518346
0.17108015143784466	0.04133773574330535	0.30569642683599496	0.09216489346056983	0.389720792522285
0.1899702776476145	0.02769161145386087	0.28072554018319756	0.1749003520578496	0.32671221865747724
0.22294323786863607	0.05782923135413895	0.2685010131734528	0.11081380555339049	0.3399127120503815
0.25321741357033045	0.067805044756127	0.26610561379473924	0.17464060997380904	0.23823131790499405
0.23582957830601306	0.0470252565773627	0.28557205129685503	0.16844099082335895	0.26313212299641003
0.2231684148772747	0.06216017104679883	0.2938338076221747	0.09050110537919145	0.33033650107456003
0.19831852191369914	0.03791814144760183	0.3522742441840071	0.09562333697509523	0.3158657554795965
0.20658134605001444	0.052312249735153	0.25229828894941675	0.09258928586277601	0.3962188294026396
0.18471642788603074	0.04319339964621505	0.2568961059291559	0.17677592009917065	0.33841814643942747
0.2641546807318797	0.026740717308563255	0.24203562749890656	0.08762798007736548	0.37944099438328477
0.2312201464403305	0.07155113067705932	0.24308243549851882	0.12243414146624419	0.3317121459178469
0.25937829926161177	0.03112312267549927	0.2038123474396648	0.15855043203602293	0.347135798587201
0.23152318997977087	0.05573242088152677	0.2872803978537698	0.13823192327438724	0.2872320680105451
0.17385168856695343	0.02694602932078277	0.21596632073099317	0.16512213643735263	0.4181138249439178
0.21948192593637306	0.07155212187170423	0.20970930303251525	0.09248301325215483	0.4067736359072524
0.13023765828202358	0.07538290556802969	0.336157464123786	0.11443455187207631	0.34378742015408426
0.2557883781240486	0.04228425988053214	0.32301501511168834	0.1592917357911057	0.21962061109262496
0.15285172429722166	0.051959074232701546	0.21187609407942123	0.15764177839161825	0.4256713289990371
0.18302211061564141	0.04723258027266242	0.2708636800030131	0.17087440000191087	0.32800722910677205
0.2087520789835324	0.042073892178257355	0.30536462374774076	0.17767284912444237	0.26613655596602687
0.25907477322386374	0.05121871553026186	0.22627801011200538	0.1541449613254176	0.30928353980845114
0.2543300380436436	0.02983434875371324	0.29826821036682977	0.11251146870994315	0.30505593412586995
0.14847209111221493	0.0654844439997033	0.23643513394471155	0.14632420530266618	0.4032841256407038
0.22759284317557524	0.03337469407145291	0.33016073839638116	0.1303275044935595	0.27854421986303096
0.1344187468201136	0.05382564670972592	0.224900121468511	0.16939561892488908	0.4174598660767603
0.26230530299149435	0.031281292087231766	0.19929658157512026	0.11422843138303593	0.3928883919631174
0.24642105151365265	0.028540311061167195	0.22436589483270042	0.1296062730525729	0.3710664695399065
0.20220378856289198	0.07212860626324788	0.28834240961213875	0.09991004060760525	0.33741515495411595
0.21858432266964123	0.02759712571536363	0.2532821491182549	0.12542417365061265	0.37511222884612727
0.1326985521312658	0.045238651814566266	0.2629045082031872	0.15577837850388093	0.40337990934709966
0.2632156549490388	0.05685281767929465	0.31001731773763125	0.08892515160334714	0.2809890580306879
0.22733184209717483	0.07089801295211906	0.20605943933712384	0.16548940553041108	0.33022130008317097
0.1909543202039296	0.057780477011531495	0.3440420833642772	0.16816413415266038	0.23905898526760105
0.23372922836494922	0.06287951790780935	0.27753796409980097	0.11657903436957796	0.30927425525786223
0.20442434086842626	0.05679130218438738	0.23374794797322526	0.13474236291477582	0.37029404605918503
0.18225909214647615	0.04832097202524957	0.2745007568779849	0.17001124049923733	0.3249079384510518
0.21075549809717095	0.04694740984138146	0.3318669940115271	0.17531570187147477	0.23511439617844546
0.190009809233186	0.024849312264741213	0.30753616550751073	0.16184310475908947	0.3157616082354724
0.15360472147325333	0.031553782448857426	0.18828208290693327	0.11855494053526824	0.5080044726356876
0.2648409495908862	0.05923948789587705	0.22815912998680113	0.09518431457237599	0.3525761179540594
0.2303494883374628	0.04444740994661303	0.22468128580898394	0.1382704751478978	0.36225134075904214
0.2640796041032092	0.0726030814376386	0.1880293317437474	0.09715872354731295	0.3781292591680916
0.2472294862264559	0.025651880394871984	0.21793154399233283	0.11163531178148405	0.39755177760485494
0.26318921883250657	0.024997786220194107	0.31780249711754804	0.11618210477861433	0.2778283930511367
0.14304254113106368	0.06764218761184917	0.29071815501397935	0.13791289164218745	0.36068422460092014
0.1916188799533392	0.03111922502622455	0.35020896718434974	0.0993732656275164	0.3276796622085699
0.15354864260285334	0.07269948819992589	0.2635887356787119	0.16686685522186426	0.34329627829664444
0.17002074964095676	0.03594349819565862	0.19078278957722702	0.17012610136052506	0.4331268612256324
0.24949300835555904	0.04567091183771815	0.1746111140338177	0.1285038360930615	0.40172112967984336
0.20611738407085384	0.06727272655637981	0.26738892173801976	0.11162126892642334	0.347599698708323
0.2127335616566104	0.031014606830150615	0.20110304995767483	0.10339986907709939	0.45174891247846455
0.24313192116116583	0.030495574480987414	0.18644688019547392	0.14743475809973974	0.39249086606263284
0.16377777042935324	0.03372352057373501	0.2798687023347173	0.1632499294286199	0.35938007723357435
0.14896129480203166	0.039982158866835954	0.3483052820622734	0.13327196882701486	0.32947929544184384
0.14662309020856204	0.07477969079745767	0.3164283978677497	0.11463216646436272	0.34753665466186767
0.15843712656123474	0.03895734788360261	0.2526963259920532	0.1027487825405351	0.44716041702257414
0.18740485816721134	0.06385021964378021	0.3016818193380455	0.15490894586016962	0.29215415699079317
0.22888886807492773	0.05878390981696077	0.31586005137771234	0.1344181398492161	0.2620490308811828
0.16671746807616286	0.04971571592530835	0.2967624230220046	0.11907953705362469	0.3677248559228993
0.2364804251848867	0.041691430045322886	0.3074406498850178	0.16070990276717262	0.25367759211759977
0.13289769984372846	0.04825839215668734	0.30409242513309354	0.12715505720885847	0.3875964256576321
0.2309603153951973	0.0707762148234779	0.19943392522503217	0.17479898828594684	0.3240305562703456
0.15380786668866428	0.06735425187612423	0.2933003356227561	0.1479453400365333	0.33759220577592186
0.25278980585885275	0.036203990308811135	0.1742331650258972	0.14079237493145477	0.3959806638749839
0.18889201674844502	0.02743462708597777	0.18792084180064855	0.16021618934647178	0.4355363250184567
0.1496716191745456	0.054520487678905105	0.21094306012001302	0.13482032941808347	0.4500445036084526
0.1604218142588174	0.030996789971453442	0.25022827930517616	0.12726067826513468	0.4310924381994181
0.17691635418753	0.045332080265882646	0.2703650439162789	0.13169695982191004	0.3756895618083982
0.19542947977451622	0.07382716975761275	0.21560740375053994	0.1726208100072748	0.34251513671005607
0.16856467224270205	0.025213248287094425	0.18538577315849356	0.12102652970538556	0.4998097766063242
0.19937813609461158	0.07092287657011831	0.35556242900696067	0.10075419431028672	0.2733823640180225
0.1973034883085149	0.05307836204043667	0.2049267270330915	0.09018702171689183	0.45450440090106486
0.19715387088851527	0.04108578186088735	0.2627325506254031	0.1105501971868762	0.38847759943831783
0.24495830774876393	0.0438991901445675	0.31601297093619485	0.1298050764123575	0.265324454758116
0.21018476762877053	0.04678857983095239	0.22936531724159034	0.087783110838736	0.4258782244599505
0.1353945902375871	0.04633291054384567	0.2105375361806499	0.08995256919679104	0.5177823938411261
0.26393089339671266	0.039046041821820615	0.32186748181122893	0.14047136687368447	0.23468421609655304
0.26769593375742234	0.06723832474083224	0.3525441464753416	0.09154689561369399	0.22097469941270953
0.18803804579421474	0.025835901971426822	0.18933831861246708	0.11655911401783074	0.4802286196040604
0.1455705493008496	0.060186999692952325	0.2778502890653821	0.10791995955407217	0.4084722023867436
0.19506049195425607	0.05607179183577221	0.3308811855825389	0.13343689668750885	0.2845496339399238
0.19236084670352083	0.04798087656191713	0.34393482105092454	0.14696147531648565	0.2687619803671517
0.15860766052643976	0.061021235783697086	0.215509074485913	0.13776247354245613	0.4270995556614938
0.16865311283216622	0.02814341112911245	0.20462748142910395	0.10930174029134598	0.48927425431827126
0.17103112593470374	0.05571369208190044	0.20816594365962995	0.0952221212480199	0.46986711707574574
0.18448383888602327	0.05373937807855675	0.3028053794751824	0.13821280896596777	0.32075859459426964
0.24225669786000492	0.04701330724904565	0.2797051461762182	0.16627958387255204	0.2647452648421789
0.19269130402976253	0.04036256042898437	0.35369219996240087	0.1694169640411353	0.24383697153771672
0.20220897304444635	0.047275676839255903	0.21074976287801217	0.1557916902919135	0.38397389694637185
0.23121926954191507	0.0652603225234569	0.2784796890060155	0.15747111724480403	0.2675696016838082
0.2577305492131673	0.03448583802612998	0.21031693320617947	0.15537484313258315	0.3420918364219398
0.2019979344273286	0.03271882291588238	0.293139855821193	0.1109450434771265	0.3611983433584693
0.2262979400720042	0.06115156765475513	0.33269976629684517	0.12101883584717976	0.2588318901292156
0.14194005655160846	0.05529511061908543	0.2792288155642929	0.1026752785756146	0.42086073868939844
0.155211576621261	0.05088126982854216	0.25502580386595036	0.09636130060002943	0.4425200490842168
0.19574821997763833	0.0575679931989532	0.2644482683923657	0.12038076985504582	0.36185474857599675
0.1505093677230918	0.0552930599956431	0.21503690249709168	0.14666341229561147	0.4324972574885618
0.21559504256530615	0.0621290016587025	0.34431207909167993	0.14867154076119354	0.22929233592311757
0.18014320458116867	0.0441315795969599	0.3212072377964584	0.15981515180499403	0.2947028262204188
0.1835074855600853	0.0294546199554645	0.28467947928230586	0.1111378155764848	0.39122059962565936
0.2262928869793498	0.06667602175417903	0.1816451569208185	0.13110291236834154	0.3942830219773109
0.20322178670268506	0.06347674453901456	0.2821435107229002	0.09228379084005876	0.35887416719534115
0.13501325573340783	0.04653206945322663	0.19953458579277478	0.13738045768074078	0.4815396313398497
0.13158091626843682	0.07222556719679504	0.34504716208507175	0.11610967187539911	0.3350366825742971
0.19781336953506515	0.05514216929026039	0.23084940043729452	0.1001841111350787	0.416010949602301
0.16746268492869404	0.05294322680723204	0.24616095155594267	0.0882279684340932	0.44520516827403783
0.13021170928407694	0.03754586792530906	0.34317530947801544	0.1397074506917912	0.34935966262080714
0.25024395897006985	0.07227107100007113	0.22592636800194618	0.1726148924223048	0.2789437096056078
0.24983105535918312	0.06694101516409123	0.31833301016103477	0.12990087027377528	0.23499404904191537
0.1788973927612445	0.06800402713321063	0.22462917943072527	0.08854367294502243	0.439925727729797
0.13230103690424516	0.037230673698413874	0.17533634307132967	0.10144205658147742	0.5536898897445337
0.2375081875350114	0.06518326906198327	0.20849521200654197	0.09611710665871057	0.39269622473775256
0.13898450895199835	0.06402475834673901	0.1885803955965045	0.1426352666368852	0.46577507046787275
0.17259224927833738	0.0527883397965942	0.3522670648737034	0.11682111224722427	0.3055312338041405
0.13054029356228816	0.03193550068142231	0.2044076010301033	0.10577178386340856	0.5273448208627775
0.22215169127294282	0.031440807955832956	0.2766302227863405	0.1130728784330712	0.3567043995518123
0.22008219999742928	0.07350531619700962	0.2255445726801266	0.09098734349880559	0.38988056762662865
0.1848520755663003	0.06344332824108403	0.28981017295975886	0.16870866155014394	0.2931857616827126
0.2487419282415786	0.06695963994495849	0.2795509803439868	0.13059380031619286	0.27415365115328305
0.2530969612325387	0.04163236552568092	0.20066010717323318	0.15810949328097054	0.34650107278757636
0.16803102507469447	0.06649268460800717	0.2548237449492218	0.08951491812988802	0.4211376272381884
0.1783827745268776	0.059087841673530456	0.2181833347962556	0.12546972430263242	0.4188763247007037
0.17674537780352384	0.059795832772324364	0.27542058192649077	0.09199696383376191	0.3960412436638989
0.25547273114111896	0.05746425869556246	0.1929965307089618	0.13660832579157162	0.3574581536627849
0.216592964599875	0.05064928332003599	0.3532811422016282	0.12214741905532389	0.25732919082313666
0.24436581490745035	0.025458030421741495	0.3190596321106953	0.16779619810134583	0.24332032445876672
0.18665852428112986	0.04252700279520938	0.2933973406249386	0.08969098193162336	0.38772615036709857
0.14344420793931228	0.032796033762574645	0.32824232818596577	0.13706052409904695	0.35845690601310015
0.22716231880653115	0.048051132200187696	0.2901941723432251	0.11200365268858636	0.3225887239614694
0.17901624558921603	0.043412682989155627	0.2809786388184294	0.09234025411294101	0.40425217849025774
0.1945995552162941	0.029574138610013345	0.29230953237643376	0.11408320665452643	0.3694335671427321
0.18789307312427148	0.0436523485980756	0.21968036139537528	0.10042321008773142	0.448351006794546
0.23003975736698973	0.06607599600391709	0.27730505287174523	0.09255964808705294	0.3340195456702948
0.23684331168660835	0.042860540105430917	0.18740050528437804	0.10421220786558624	0.4286834350579961
0.15974001533865034	0.05581610099959827	0.35300398217489826	0.10147955676235135	0.3299603447245016
0.24255400692283674	0.0734694127859411	0.3025258059737682	0.12125511541263298	0.26019565890482066
0.15232129354788546	0.04710467357249115	0.19941234984863468	0.10184153993351555	0.49932014309747297
0.14476624928169235	0.07032504369357179	0.23121957185349043	0.11750503519957428	0.43618409997167096
0.18937888645282602	0.03602681626506404	0.288199001122212	0.17524459407038773	0.31115070208950996
0.1324691405082554	0.032376845413121524	0.18567646069387864	0.11633721886110172	0.5331403345236425
0.18496598172307538	0.04609502951804964	0.18194817895264187	0.09124996648693923	0.4957408433192937
0.20010205534519832	0.0691723288667056	0.2605119595019607	0.17480308459483554	0.2954105716912996
0.17219556057469876	0.03570010361605974	0.24875484457942254	0.09193786749934064	0.4514116237304781
0.1789236171946833	0.045804765182920204	0.2500419883881255	0.11551899650545287	0.4097106327288179
0.2021664092218123	0.0532856470454568	0.18802910744378432	0.14031776879067656	0.41620106749826974
0.22663280571845323	0.06348952772758815	0.3457155064117907	0.13253211709700796	0.23163004304515966
0.23873172015843264	0.039094002021182545	0.17532303372685665	0.14748371594710707	0.39936752814642085
0.19102394154095587	0.04580683765351165	0.29627676347202336	0.11405543091906996	0.352837026414439
0.15433140658205258	0.02895281796743429	0.2297910600275304	0.14128993039949708	0.4456347850234854
0.17244093088241744	0.04521296509471384	0.2597715504801635	0.10389458824205894	0.4186799653006461
0.247899105281319	0.03759621984426656	0.20258505543888855	0.17522884816081272	0.3366907712747129
0.15196811086083395	0.04849783745201286	0.19753170577706702	0.13232239028047446	0.46967995562961157
0.25760559269544364	0.055308580994097994	0.3224020944396976	0.14794841635782124	0.2167353155129393
0.14750993899065587	0.03702427672964073	0.18002752197786423	0.13157827314674436	0.5038599891550946
0.18449832289701526	0.0313036380879716	0.2964340433092606	0.1145771086320504	0.37318688707370196
0.2654056138932402	0.051458953819033953	0.21009398143551872	0.16866659944813892	0.30437485140406795
0.20547588609033957	0.06199839222738335	0.20387156390500225	0.13558696293764666	0.393067194839628
0.2624948668339224	0.06369576554001696	0.20220022059463422	0.15067144039101382	0.3209377066404123
0.17605068793613593	0.06552121727113303	0.27481134725641204	0.0940457998602851	0.3895709476760337
0.20505994482951237	0.05119074445550176	0.311302930525255	0.118771167792921	0.3136752123968096
0.13677462902930282	0.06062649900218914	0.302314270690092	0.14447899658390434	0.3558056046945115
0.1694179901174445	0.03851118193184733	0.2904592569020623	0.14857842882735178	0.3530331422212939
0.2593818822067239	0.04233825008869688	0.20923976898071475	0.09325116901879074	0.39578892970507346
0.20207485080462023	0.07397039752157883	0.20672642097474717	0.15180162064143324	0.3654267100576203
0.18611768237826215	0.05712188993059747	0.19020567461824756	0.10411792435666467	0.46243682871622793
0.20513064234741418	0.06799308083127897	0.34310298476531	0.17667682012859096	0.20709647192740568
0.23232768070675577	0.04882311670565154	0.19576769353098145	0.15367169461901042	0.36940981443760057
0.16975212851927646	0.058690138272689873	0.3465312466422801	0.1585830745045703	0.2664434120611831
0.19112112652230784	0.031536875754440724	0.18533543462867613	0.10117300137281715	0.49083356172175796
0.24010087659918072	0.045286642033799895	0.19758547484882788	0.1770247957127505	0.34000221080544074
0.13678251811608222	0.05478598203182733	0.2526275146023581	0.10932634277225317	0.446477642477479
0.18683801335928213	0.03556011658430053	0.23894648206695202	0.15440917644116092	0.3842462115483042
0.19427436793869962	0.03826369933999113	0.3230758402497547	0.11772241063298249	0.32666368183857186
0.14981925741625213	0.0587857592538977	0.31208187127322706	0.1696768153201128	0.30963629673651005
0.20761840434080245	0.04493507945525904	0.3242389633167791	0.1615464611860157	0.26166109170114354
0.1648090137432745	0.05541621149032727	0.2966728269183892	0.1661784939404545	0.31692345390755433
0.24312757609038985	0.058807641654947146	0.30186276916879595	0.12990465430583079	0.266297358780036
0.18515373097049506	0.030106842391635996	0.22362526794355636	0.12548514802900224	0.4356290106653101
0.17920544780633774	0.03340287165293193	0.17556565196528912	0.12924116403104646	0.48258486454439453
0.2153416762233698	0.0715378785037829	0.17616509688518925	0.10427989524147224	0.43267545314618555
0.147180966214904	0.07462570698773849	0.25822025131037163	0.1495847602946191	0.3703883151923666
0.22461385737462158	0.06752902645191425	0.3183390927505237	0.13110491316734502	0.2584131102555952
0.23623108108428273	0.0675071462504575	0.1919173770478257	0.1652640987394517	0.33908029687798213
0.23268367718099192	0.04110465748199543	0.18706895543210691	0.1302422434365034	0.40890046646840206
0.1687471301252047	0.034494357946504406	0.25464641478033023	0.11370302562676472	0.4284090715211958
0.14573360734272134	0.06276817874461305	0.24039340954076682	0.12322399262479523	0.42788081174710335
0.2404738893049529	0.038006724750465876	0.2621854364790597	0.11648140265038974	0.34285254681513155
0.1777187875578659	0.038277862255820555	0.24982118800629705	0.13431630858460808	0.39986585359540816
0.16780643837998505	0.0637251948054442	0.22082764756221815	0.11492962060046251	0.43271109865188984
0.1978793911444715	0.07001578605491285	0.21059992482071774	0.10262361254531215	0.4188812854345856
0.25843698259201414	0.05049933815955868	0.22738519604236604	0.1235807552683969	0.340097727937664
0.1438253462668539	0.05209887714531053	0.19857919886302666	0.09608560888393791	0.5094109688408708
0.16305306735637015	0.06357697378323826	0.2856969439269911	0.13117692421059485	0.3564960907228055
0.13145868246600312	0.06648448026222517	0.27536061782192417	0.16849014054835382	0.3582060789014936
0.15602597133656015	0.04705941907186817	0.3284219664996042	0.14890831695160378	0.3195843261403634
0.15973592793675037	0.02660915012721679	0.1919664797429997	0.12386432955625076	0.4978241126367821
0.21676008805116848	0.04880139187528715	0.2329718877872551	0.15177537475141606	0.34969125753487296
0.2327464676148971	0.03615403584304233	0.2974410062933189	0.1762211361162994	0.25743735413244206
0.1397427228420549	0.07230221961428585	0.2771065159970889	0.15003084328901414	0.36081769825755605
0.15994701438727396	0.04636884481512474	0.19806185259777376	0.09391346533603034	0.5017088228637969
0.18715715308457262	0.03718015600973698	0.3266186262972164	0.12997086708693817	0.3190731975215356
0.17492056104860945	0.02556112605503269	0.32716247757278777	0.14274445214535042	0.3296113831782194
0.2312279051949493	0.06438260757111705	0.2820285765945581	0.1658392781750282	0.2565216324643471
0.1896615013868945	0.06323392404669323	0.34205335499638045	0.11909445810263164	0.28595676146739996
0.2056752599889206	0.060665053217095394	0.341571365399542	0.17043016401789668	0.2216581573765451
0.18265919715596374	0.04675670232000251	0.2550540436975499	0.13271014820527818	0.3828199086212054
0.21879306364946516	0.06990034114768004	0.30701715032782295	0.1608557586740606	0.24343368620097106
0.2512499903978003	0.07532336289745863	0.29263292834829024	0.15427301448901187	0.22652070386743867
0.1464213617088819	0.04282152452745733	0.3057596633727366	0.139738985480767	0.365258464910157
0.2508873750612646	0.07403339337788392	0.23106341347430506	0.09635278133576515	0.34766303675078103
0.18920374857595354	0.030747043585972078	0.29495455867535303	0.11518268520811129	0.3699119639546099
0.23821211264778092	0.025729914694805955	0.34259318843247993	0.15878693446773295	0.23467784975719996
0.16921660419511406	0.06414098967167953	0.32518557741886334	0.16997963539813649	0.27147719331620634
0.18247778718848864	0.036800066168596074	0.31255166208345553	0.14732046413313477	0.3208500204263247
0.2560409194344549	0.04700460316753574	0.25627916038597925	0.11653922021286928	0.32413609679916056
0.15215912557716996	0.02882719195430547	0.21548802547912926	0.1488995105880232	0.4546261464013719
0.21385945947844442	0.055991538330143226	0.1761528212402673	0.16990795014753352	0.3840882308036113
0.23069607452330065	0.06335046191353161	0.22915848486250698	0.13780839784325935	0.3389865808574012
0.17676533461610283	0.044781743092603826	0.2670624137166868	0.15292135764017678	0.35846915093442944
0.13936430274944508	0.05756571122410872	0.20687328264680788	0.08834002975389707	0.507856673625741
0.1468599639237049	0.03377224208600277	0.2557358897762126	0.08622990402120662	0.47740200019287293
0.20776500777851353	0.03709749963577072	0.2566029545177232	0.10656621626316368	0.39196832180482866
0.14426011352278006	0.052249846942415745	0.32047146533604043	0.17670846819264335	0.30631010600612024
0.24272042281492345	0.027176196545808606	0.23171996016507057	0.10742611734809232	0.39095730312610477
0.1629230218724863	0.025213849873954308	0.1848296540272034	0.14863841910482253	0.47839505512153324
0.2288811493098371	0.02538838711296168	0.18682396642586352	0.14268667582411787	0.4162198213272196
0.2435139567634312	0.06267497726400201	0.2826140713508684	0.16018262294429064	0.2510143716774075
0.1850923141439916	0.03491622847984918	0.236089192218236	0.15613669091438875	0.3877655742435342
0.14439430321187785	0.07157817882163758	0.22388003187726957	0.13386819072729386	0.42627929536192094
0.26387152000737857	0.03690635107195517	0.2429032226000546	0.14762554647196713	0.3086933598486443
0.2291112319991767	0.06303884084157138	0.18686473257644245	0.08803270756842371	0.4329524870143855
0.175946997601107	0.061109814737890455	0.24550949304329667	0.13111227646882045	0.3863214181488852
0.19291502625868517	0.053536546551304576	0.2992919582547334	0.16504331024119412	0.2892131586940825
0.20581468592344543	0.04153891245105534	0.3212152722717558	0.09657449550811331	0.3348566338456299
0.21355297763580267	0.06668201229760004	0.3086231250359924	0.152627811198028	0.2585140738325767
0.1509612315278605	0.05497938383665757	0.1763811587734304	0.1517549266785715	0.4659232991834798
0.23960175172134962	0.062466193900244854	0.23185352855199565	0.1427605055140859	0.3233180203123237
0.22947709440444392	0.04001249731762199	0.31215301494441794	0.14268748360754355	0.2756699097259724
0.20874722696012316	0.026907135998253257	0.2293743463202503	0.1480226920753357	0.38694859864603737
0.14444565132968173	0.0377857555489923	0.3557591130249202	0.12377736112178779	0.3382321189746178
0.26324950055622864	0.05463464339547544	0.19073799343618733	0.14963344663343764	0.34174441597867067
0.1843258913001199	0.0526636416893313	0.29005314212282	0.11174776473734581	0.36120956015038275
0.13563910985585115	0.04250466928314109	0.1923593706334024	0.0896438747018519	0.5398529755257533
0.14974034023173347	0.0554795632275131	0.2616091563241548	0.14698579267786013	0.38618514753873834
0.18095333527018898	0.03781456309661166	0.2017748087361354	0.16896152729758318	0.41049576559948053
0.1604782516597833	0.04973918870685423	0.30499326828916035	0.1520106449024649	0.33277864644173705
0.1901238620437489	0.04936545085788088	0.3048295602306587	0.1528599920677314	0.3028211347999799
0.18046806440343877	0.041969189982758115	0.2790575086549845	0.16557904902057172	0.33292618793824663
0.23567683642682305	0.0725581910771104	0.30132054804881353	0.12589146416790586	0.2645529602793469
0.2560296165123593	0.06326277146351483	0.29188612699284067	0.13753659265882767	0.2512848923724572
0.25451164030017864	0.047899925627517964	0.3044464051837459	0.13628307157489686	0.2568589573136604
0.1634783993942208	0.025131506402748582	0.22834882892033093	0.09062057295189899	0.4924206923308005
0.25066767696969366	0.04457460650779435	0.27077984461021276	0.10722832324669768	0.32674954866560124
0.26078629216740157	0.04981677575007054	0.35119841272687113	0.15001382949985967	0.1881846898557969
0.20033559232669124	0.03211161722248376	0.2115028570092426	0.1611439158414396	0.39490601760014254
0.16343610957270174	0.07058271482466641	0.23532403298797527	0.1291053655308142	0.40155177708384215
0.1306468489041958	0.04137662683983223	0.29075657281114764	0.11067715606722593	0.42654279537759815
0.22587600237499172	0.07003901145826555	0.32834612480950087	0.10579616738756292	0.2699426939696786
0.2377361981071227	0.03086537585103108	0.2693470961111671	0.1408585796210727	0.32119275030960615
0.139080345300238	0.06894904404684385	0.3198629818071611	0.1142858706224267	0.3578217582233302
0.23664743667581672	0.07036123580855974	0.22364203122509638	0.16721845955843914	0.3021308367320878
0.1744610854173359	0.0443549322217926	0.32256401540343504	0.1154846126896626	0.34313535426777364
0.137186988668886	0.07516556054007839	0.22321690647574632	0.17072561954404647	0.39370492477124264
0.23375907590064293	0.042414906835404165	0.23925337195361435	0.11922919151765352	0.3653434537926848
0.2434148179020836	0.0707310129835873	0.25703257938040464	0.10505579837534809	0.3237657913585761
0.17324717841282739	0.03039852915039412	0.22892879486622728	0.12277731123905086	0.44464818633150016
0.17680143167761403	0.0684615381230742	0.33886620899744846	0.1034840708619721	0.31238675033989094
0.22038704254448066	0.056791968606985405	0.28883604896762827	0.10355280333688305	0.33043213654402237
0.15620968511677574	0.05274223204921566	0.1752556399164725	0.11340318017183562	0.5023892627457003
0.17465229566905605	0.02483485913383346	0.2690298156382062	0.10977856820560199	0.4217044613533021
0.2543595079174068	0.037930009819818145	0.3215085833224959	0.10444884976262542	0.2817530491776535
0.2081867373124368	0.029850354589264216	0.2508155805786141	0.1533180212320623	0.3578293062876224
0.23458202063068326	0.058988718016266595	0.29379565306848826	0.1480671081716378	0.2645665001129239
0.1563919129095383	0.05235963323402079	0.29894204474987196	0.10885538019303936	0.38345102891352945
0.21909768409673275	0.05913297177462207	0.346469889960716	0.10667786420732886	0.2686215899606001
0.1862598673491388	0.04679769589806551	0.24970149231632283	0.15225082325105588	0.3649901211854168
0.2105386462699378	0.06447614708772323	0.26215661800428197	0.0952822087060608	0.36754637993199596
0.2369934429253927	0.06306787018556276	0.2797566187116542	0.11068169608616843	0.30950037209122166
0.2626724627009795	0.05447646347252652	0.31320493876142247	0.1332021292938523	0.23644400577121888
0.17059860288772383	0.04904123893026663	0.1868694145527351	0.13645181304247744	0.4570389305867968
0.13658330008345143	0.04415181346142899	0.27747078946614395	0.1292186019454541	0.4125754950435213
0.20330156261180538	0.06860309763591663	0.20335597139363926	0.14064908900933681	0.3840902793493017
0.2522143264348022	0.05054722481537449	0.35031495944917823	0.0912362655380035	0.2556872237626413
0.22526384972715235	0.06176392601520522	0.18156192896072518	0.10331683855225057	0.4280934567446664
0.18352614882443533	0.03681611518866881	0.27364553429041494	0.11004297459429452	0.39596922710218624
0.160528656033766	0.05921420961774146	0.3433037959248947	0.16646441616882926	0.27048892225476845
0.1443458622329324	0.04824567328184723	0.279477702858267	0.09329215794661305	0.43463860368034013
0.19101673193891647	0.03398066656735385	0.1865829834373809	0.13949571672774075	0.4489239013286078
0.18153913209980538	0.040780000790603926	0.19495608982432325	0.10204934930199622	0.48067542798327106
0.13589187432490688	0.05958077141368423	0.18702575535384455	0.172055010179775	0.4454465887277892
0.1931904758306273	0.06527516475113257	0.24963910233156883	0.1455880207350572	0.34630723635161387
0.18731323243281828	0.0741145809693127	0.3153995267339526	0.12673503095271546	0.29643762891120073
0.261457305929028	0.07264572380765905	0.24643423117869784	0.13000269708486226	0.2894600419997526
0.22827097427838805	0.03028166144838182	0.21115170653900084	0.15897601473433084	0.3713196429998982
0.2380466809607908	0.06160340274234624	0.2126500886704226	0.15756493718924588	0.33013489043719424
0.2270245012271874	0.040898764239739094	0.32789571425941355	0.13882719949016126	0.26535382078349845
0.20126842965508093	0.026061848207791255	0.2009324859256022	0.14980757490045477	0.42192966131107057
0.15118015565387422	0.07343643380063464	0.28562520161580485	0.14712978299172086	0.3426284259379653
0.22448332831707926	0.029567013251760005	0.22602784307185256	0.16575896951843627	0.35416284584087165
0.1821985264481017	0.04146092596790113	0.2661279903293583	0.13973848523860294	0.37047407201603577
0.19167241120140407	0.032441629230914454	0.1948512932600686	0.17743217174137418	0.4036024945662385
0.18000056924334776	0.041014484650206184	0.2701781522453326	0.1620605172959778	0.3467462765651355
0.1982263829378847	0.06518913525596462	0.31515799006972445	0.09291257869649994	0.32851391303992605
0.2523654333777511	0.06435932313019765	0.2605948534605121	0.13438447651691526	0.28829591351462364
0.16960772352935488	0.05555189339354227	0.26602295636139417	0.135493543786406	0.3733238829293025
0.21224106310547208	0.038737205910112676	0.24677176373960935	0.11728724113288573	0.38496272611191995
0.22809726207767436	0.05551353736794737	0.2700134933558703	0.11134980114691967	0.33502590605158805
0.1673434029780051	0.05269656008465143	0.28462981647382946	0.17688960121612696	0.31844061924738687
0.15520598184195156	0.07265535316016836	0.22538828463521243	0.14766806074232897	0.39908231962033847
0.13608610294348922	0.06493154155910158	0.1954619077837216	0.13775031808677707	0.46577012962691033
0.23038270574874067	0.06540300694508983	0.21562352978204957	0.14640835051391957	0.3421824070102001
0.16291146923040462	0.026746245559998327	0.34006658748992646	0.1451558107858406	0.32511988693382976
0.21887106916098992	0.05275317425909806	0.26320603892224115	0.1364549516989353	0.3287147659587353
0.24093820135250082	0.03679147585175699	0.30441071957899735	0.10599128346359096	0.31186831975315366
0.2116849781373698	0.06750778601345805	0.22730741877364047	0.09010636671070768	0.40339345036482377
