0.12762312009606117	0.05124262576019195	0.14076614649154842	0.11314530667131643	0.21694502196022264	0.07891921285679214	0.18823097069301686	0.08312759547085019
0.1063292834229673	0.046722701648639675	0.17835385491947636	0.08838385516348005	0.2591585424945887	0.06884718960266864	0.15046700619000627	0.10173756655817279
0.10017745414793768	0.062481590478142	0.14162349961744403	0.09020599700660557	0.26199955517489143	0.07615577217112648	0.17189016561331177	0.09546596579054081
0.12097000436479528	0.027289457610965462	0.18585696149343484	0.09853063531992401	0.20926271070826194	0.07615527770353556	0.17659970915152207	0.1053352436475606
0.13953764560857498	0.04931359365042236	0.17138142122369346	0.11658651066508992	0.21444272477739418	0.05088339002771679	0.17065123865973927	0.0872034753873688
0.13616268675614232	0.00974133699523183	0.1807397005643384	0.088655557460973	0.21745495088493114	0.06932523118883654	0.1786276476403903	0.11929288850915619
0.13531417170465498	0.15152302601810175	0.13376394622738214	0.11289634467503719	0.16471544212234435	0.07543603211639074	0.14417619250760033	0.08217484462848834
0.1375963582377397	0.192710140280131	0.18805965148693282	0.0839402056801927	0.08821780364784193	0.05344155838144955	0.15785903274674645	0.09817524953896571
0.13712554044186007	0.12248529385842839	0.15637033086692043	0.08341089998980883	0.202728544106809	0.05527573077144972	0.14134417191929266	0.10125948804543072
0.13927656674199135	0.2040186982783208	0.13770102223748745	0.10502468069986526	0.062167747627501546	0.07895587923329248	0.16868962019572997	0.10416578498581087
0.14162466174638583	0.15078878630670683	0.1377454131929577	0.08419418965264283	0.1251584952752653	0.07397848299976115	0.1726214397670927	0.11388853105918743
0.12485121566699091	0.10259742063171756	0.1733087605698068	0.10304897579977813	0.1825386672681795	0.07082257167551465	0.14562518961699755	0.09720719877101472
0.12009222952309875	0.05559902142445587	0.13789547685405434	0.10511817457596981	0.25756078328361043	0.07327638399690753	0.15191693054980954	0.0985409997920935
0.13967717172524166	0.15512639981742696	0.16667245475737522	0.0968748558477895	0.09872155414715447	0.07476117856584899	0.14845519575843585	0.11971118938072711
0.09833590358839309	0.07865229586280345	0.14579405118705305	0.09849458176875223	0.21768233728163497	0.07909852234032691	0.18173432403304215	0.10020798393799396
0.11902187965358274	0.02566364942449753	0.1544805383433469	0.11084858440255804	0.27537887535572037	0.05057706020391632	0.18145854188320878	0.08257087073316902
0.13952944707945764	0.015611698630525417	0.14300777555140537	0.10646117737831534	0.27683940518271194	0.06083469224631312	0.1549878198505483	0.10272798408072266
0.13817685881616923	0.11670091276116673	0.13084559909768778	0.11329170366034269	0.2118051021884434	0.06490164295979112	0.1401057069956173	0.08417247352078154
0.09678674514184431	0.06182109815340156	0.1702736980942966	0.09361813391866938	0.27200875503812183	0.05965426486721469	0.15684081058632748	0.0889964942001239
0.13708467246851933	0.12900341667108323	0.16053409885589034	0.09135687050318453	0.12697122234802974	0.06249982408472918	0.18534142261127778	0.1072084724572856
0.13221051467812325	0.16934939560888834	0.1649961258801691	0.09616528495535293	0.10439737392553497	0.07088724178835099	0.1553378220258389	0.10665624113774133
0.10428029105820485	0.2358875376845153	0.14304794960874445	0.09989587821381324	0.08028340525591432	0.06432568957655332	0.15998661779578455	0.11229263080646973
0.09887434747909796	0.2153913294140817	0.1918314990587363	0.10162320181670405	0.08557668787867026	0.062203891692734145	0.16380790076719937	0.08069114189277603
0.10204206762427998	0.25870522955238523	0.19664062656514242	0.10604288951629326	0.03090163382417034	0.0569838385937029	0.15832601322622059	0.09035770109780504
0.11343975117704297	0.23935890637162544	0.17794090073124602	0.09631566919593443	0.030491103420180812	0.06696081115523256	0.1807508066801211	0.09474205126861643
0.11445963563549358	0.24897741363170128	0.13397333652514445	0.08646008514857899	0.09099970067384239	0.059630733603826064	0.1614010330847232	0.10409806169668984
0.10054515208267885	0.20303709026023248	0.14474879963327816	0.0837779755923363	0.13486473703631444	0.06308067387478802	0.1635740702364224	0.10637150128394912
0.10780814169285058	0.19042204391357856	0.15991998819132033	0.08993118614040524	0.16096260021071346	0.07605739165328573	0.13440246344535042	0.08049618475249547
0.09792035356922191	0.08250269473527483	0.13806713022447029	0.11297342973129545	0.22471414587902444	0.0528236697053259	0.1812819611249752	0.10971661503041179
0.1407228965990645	0.20821129569642	0.14759282542504912	0.10954472608946032	0.04490891091059432	0.07993736114859047	0.1520669183550644	0.1170150657757567
0.13351104911007328	0.2147294690096475	0.16948337092996968	0.09326776147054136	0.06468649474266386	0.053678487041288844	0.15468756697483738	0.11595580072097786
0.1102674369082782	0.2328816373679736	0.1855493155963351	0.09596525414959539	0.045513493400298616	0.062031341367763365	0.1692442782564232	0.09854724295333231
0.10677214734104958	0.15385131509061434	0.19031778538176072	0.08236188461957489	0.16704379871823544	0.05363863611390016	0.14825054934138154	0.0977638833934831
0.12383021521638891	0.009354861128582498	0.1612565255231915	0.11306710097021795	0.23799632242444294	0.050868701631435795	0.1844488971912179	0.11917737591452225
0.13489499651236442	0.10773618539269335	0.13067248118599512	0.09427429100752038	0.21398850090349553	0.06589163647848764	0.1629295860579805	0.08961232246146283
0.12900706628381206	0.059482941691516966	0.15606011281227145	0.11102653406008266	0.23567383072200399	0.0548341027692862	0.1352900497940742	0.11862536186695226
0.11349502564522684	0.06437219524566137	0.1321880365453856	0.11421811991443381	0.2078105918810318	0.08010379050702152	0.1789546058960605	0.10885763436517833
0.1243629597888184	0.10459663161689414	0.13935054989387413	0.09329491613856963	0.19762324005667448	0.05144689586920864	0.1872656693498832	0.1020591372860772
0.12478517012140634	0.06471316378227816	0.15142806450395893	0.08938011285985534	0.23653187847994656	0.058231800610927004	0.1795255958774551	0.09540421376417237
0.11634978611622916	0.12012574979674442	0.15250105685522422	0.10194203663453254	0.1665039288816124	0.0727816226985343	0.1565896036776758	0.11320621533944693
0.1334430237443836	0.15530171843582555	0.16534062159712135	0.11526146549910528	0.08202213134745157	0.07455902687011179	0.1566211018144875	0.11745091069151313
0.11394403750853667	0.027991149648000313	0.15384596386093577	0.10348346322762747	0.28340590139749566	0.06247421332305533	0.16719967886976572	0.0876555921645828
0.12367718755428757	0.2226153148936057	0.1823375461169558	0.0948997060516167	0.0755751754685007	0.06461539118362082	0.14952402786261676	0.08675565086879573
0.12764941660792892	0.2290168904571896	0.16608347738389528	0.10638590185560798	0.04562404357756174	0.07298374690752088	0.1480679406695797	0.10418858254071571
0.11420241143933968	0.3025732332023542	0.14485535516557446	0.08107457319714809	0.06117472070920078	0.07878718468091003	0.13299988987600217	0.08433263172947036
0.11677076502934444	0.22820311217941827	0.1412733947363568	0.10389991528174745	0.0897504014275412	0.07453403501847074	0.14537599734282228	0.10019237898429857
0.10893502059226327	0.1383828227755808	0.1783574137904096	0.11189559042294198	0.1389015636432534	0.06934040948856064	0.17239387760533786	0.08179330168165222
0.12404369874139481	0.12524502246522343	0.17377742564428791	0.08834776861882487	0.1522679982472451	0.07648232617474074	0.17379525388602068	0.08604050622226223
0.12901190820068878	0.14412605521091343	0.13990507579303402	0.08183437626873447	0.15681015611750368	0.0760059028432083	0.16466121323408026	0.10764531233183686
0.11153443599305916	0.13014455908696987	0.1511730466987674	0.11641885551093786	0.16578670517477792	0.07745326432024337	0.15437274346359217	0.09311638975165197
0.1112536204154835	0.10480743969955898	0.13202029210043897	0.10876698161396588	0.22261634413800935	0.0672368009387093	0.17101577657809475	0.08228274451573907
0.0993268084881633	0.3141548217346714	0.1301962294703666	0.09778378454451181	0.04117614810542197	0.06037702199190342	0.16900422332828452	0.08798096233667677
0.13172335139611954	0.1949217254821694	0.1578634456728338	0.11603772917999575	0.059482745364838635	0.07880223113714023	0.17064743393798412	0.09052133782891827
0.1226879628675048	0.1416336140388505	0.1979594914534106	0.09743763000525085	0.13312642872016828	0.0540611730588373	0.17150537545325975	0.08158832440271771
0.09714302220861015	0.24595052954168622	0.18929689407003536	0.09265907232883328	0.07483061547438402	0.06340216213078406	0.1352073813435085	0.1015103229021582
0.12382366014299306	0.21768785769226343	0.17490730539610938	0.11108612479563433	0.03315515488426185	0.06977939065249314	0.1826414437495313	0.08691906268671325
0.13963405955959793	0.14916482363732422	0.19670597541358348	0.0929640250061696	0.09973438410054733	0.06547290122813304	0.13672028951232823	0.11960354154231596
0.11894385724386658	0.10772199022246325	0.18252557868800418	0.11115923150312275	0.1710119114293561	0.05443365623572835	0.14212685815627357	0.112076916521185
0.11554821067963512	0.03992682550582051	0.1298772431312781	0.0898825618881576	0.27722345376729574	0.07837820418999279	0.188522243697335	0.08064125714048487
0.12712713637657636	0.06949470988877417	0.14316548136905102	0.08979572556014243	0.26473230461288577	0.05362741208668036	0.16988881736906972	0.08216841273681999
0.1179439497271781	0.009769472952096611	0.17892264286783877	0.10144884356628522	0.29266523848161924	0.0673577999200992	0.14069914927069888	0.09119290321418377
0.11116593910957541	0.16751157199912822	0.1490861796276305	0.09104755978624893	0.1560017542783448	0.06154905633392148	0.1446874828299575	0.11895045603519291
0.10489178029940224	0.13393133911605185	0.18874576124864162	0.10171613301394501	0.13564119374522227	0.06193254983733805	0.1532980614950925	0.11984318124430626
0.10253155321081621	0.18867719775801278	0.1658707642832583	0.0871078475512369	0.14540582575483743	0.0602464708313335	0.15842637459486233	0.0917339660156423
0.12827748431597652	0.1032760165917282	0.194483495009993	0.09768077127364067	0.10785055167491622	0.07144718961436597	0.185235594936357	0.11174889658302214
0.14164180547833372	0.07196094091976413	0.1603827986299789	0.11316711505398103	0.18473467287188283	0.05713169872518309	0.18204631640117003	0.08893465191970609
0.14126540383971864	0.21895222688612165	0.16885969523125705	0.11083499386562258	0.04853132573747922	0.07320593641511562	0.13401136596399446	0.10433905206069052
0.10135656630736613	0.10953034114011415	0.19018298665938407	0.11415793463400412	0.15415779801089421	0.0660223468104129	0.1458828055294844	0.1187092209083398
0.11766856528095763	0.08016344518782222	0.1378338113657769	0.08716835095841091	0.2640081392905137	0.06942241546011133	0.14476378519708685	0.09897148725932023
0.10334538634140047	0.11375087133823332	0.16374365724441858	0.0992998909305712	0.18451785511707916	0.06853623378950736	0.14685051173839606	0.11995559350039366
0.0976625074692774	0.22692783827992224	0.13782404365933446	0.111445238825199	0.08006188173429676	0.05852755247263225	0.17134238267313154	0.11620855488620613
0.13537033143416635	0.1622258079432082	0.1467221208683809	0.10547914902711253	0.13559481411424984	0.06808921372043318	0.14937522180259286	0.0971433410898559
0.11475035159886238	0.16501116511292457	0.13193944720263398	0.09591697414094996	0.15721146584870355	0.0638493333695764	0.18649615791248916	0.0848251048138598
0.10291965819381746	0.048170280615201455	0.1945077700223392	0.08561476676713614	0.2811475046565852	0.0506154521168828	0.1393544178985864	0.09767014972945108
0.12690439728792977	0.12573445711658754	0.1513218789867078	0.08237110381317281	0.1345439307820408	0.08014138977695551	0.18751843421094033	0.11146440802566522
0.11583538337801069	0.19893577335768686	0.15834865373939494	0.10590926865918264	0.07360301045589882	0.07708829213291604	0.17760479729595038	0.09267482098095939
0.10876981226690706	0.28663537315505727	0.14015629935186308	0.0992413564029537	0.055977607223040016	0.05671043041312504	0.13874744891397028	0.11376167227308336
0.13165521301092573	0.10985842805868369	0.19362852597656302	0.09711370997370843	0.11319031895909869	0.05698089542704224	0.18003288198301481	0.11754002661096316
0.12910318108872487	0.19868393823313996	0.19027097418347588	0.08774695648647368	0.04372892715809473	0.08067220549733961	0.1755990385263786	0.09419477882637252
0.09841823559450841	0.313215647815333	0.14040867485214242	0.10438523296950931	0.03041291566149569	0.06940249321571497	0.14712244402859526	0.09663435586270067
0.1418257749943141	0.20545551399922185	0.17762880740450526	0.08623644341774311	0.0781819713778741	0.057337924286517364	0.16006765108217771	0.09326591343764626
0.12753564611674456	0.15639014774632382	0.152496964540821	0.10277898956826081	0.11830823517926502	0.06500245324964077	0.1820563957199824	0.09543116787896139
0.13396285827388082	0.03523659831553112	0.1762882794904741	0.10185934583155537	0.233241887035313	0.08011309972949393	0.15346453656309877	0.0858333947606526
0.10685259374339337	0.10407518091482579	0.15745584724177702	0.09740903786847514	0.20558399325477777	0.054986058909839264	0.16788648900907113	0.10575079905784027
0.14095960942772998	0.11509190887296464	0.18657026495806742	0.09992029267090544	0.09074415949668269	0.06896534076805468	0.1817434918901077	0.11600493191548725
0.10378149297884327	0.20807881623631286	0.15964707350247312	0.08220672161703177	0.11082459204736525	0.06149092368418092	0.18832292571727816	0.08564745421651442
0.11571439994599445	0.2745817863021303	0.1719590611791051	0.08403312705360404	0.0528595212229056	0.060622743108370486	0.13902836112378963	0.10120100006410014
0.11353064469240517	0.20694291378524882	0.14543389269263973	0.08983272616463103	0.14210829794626545	0.056123550526791535	0.14915421823747704	0.09687375595454102
0.14236384074668482	0.31388527175435355	0.14042735357334699	0.09757965203102308	0.031008678579976884	0.050674537212014314	0.13666056429602355	0.08740010180657656
0.13773764559410706	0.08980126654960774	0.1508262105450012	0.09420075672235372	0.21680144974822274	0.05150145130576088	0.15534521498031745	0.10378600455462896
0.1231624285452612	0.1659616096227753	0.18856802366903688	0.1078036747720545	0.09920470347045497	0.07397588750789172	0.13873884258831343	0.10258482982421176
0.1293018447487522	0.25778033591516253	0.1399957559649439	0.08889610365581341	0.04493086329092069	0.07619518931882145	0.17573866772724248	0.08716123937834311
0.12046401042091555	0.06499467401963417	0.161896867441513	0.10467506928061868	0.24132664155570374	0.052152843217893596	0.1672845138483238	0.08720538021539723
0.09630458047866461	0.06841610266243241	0.1886262875632097	0.114591245142734	0.1687524447322205	0.07652651892497084	0.16578776605975903	0.12099505443600868
0.11167053543940628	0.14305092884432383	0.1626557612433004	0.09768753543132508	0.15145713506844619	0.053059613750989706	0.1634424035874159	0.11697608663479243
0.13042691759773434	0.07290102137231541	0.17876341428128148	0.11569426411744897	0.17911389251572277	0.06398220927995552	0.15999425866407005	0.09912402217147129
0.10697650360946083	0.24533744878449965	0.17375546058769067	0.11293393883606373	0.038110915675993465	0.05504768323587822	0.17066200539878018	0.09717604387163298
0.13305359182494755	0.10206812945604417	0.19735701532822597	0.09466966733380086	0.12326867939672002	0.06664272602925016	0.1877153860086305	0.09522480462238056
0.12537882406395442	0.03630108819294045	0.1747805902801665	0.09885745987240399	0.21888007640772383	0.07267419160758878	0.18314538193850444	0.08998238763671736
0.11036255207346576	0.11217964662443458	0.130122670598988	0.08729921091837087	0.22490235700016797	0.05079647043798366	0.1646992381329211	0.11963785421366784
0.1426914549856878	0.03901692136825112	0.18155782395982806	0.1076717763036827	0.21479581892450994	0.055549250750710794	0.17529395396359937	0.08342299974372998
0.10649581539258111	0.11797621644083796	0.17683160020866057	0.08224957826991197	0.14600356146076043	0.08048985230116659	0.18025778898437778	0.10969558694170338
0.09734511261476696	0.012329721001582514	0.18487863741823035	0.11093299129594215	0.2878609435610785	0.06335672151205429	0.13521400717035809	0.1080818654259869
0.13838115105541443	0.0948166163725388	0.19879183107663279	0.09134757344836539	0.15849196651323932	0.056321495942689384	0.1614505646095984	0.10039880098152128
0.1347912241543487	0.07059796869128368	0.13845288061448421	0.08895381115431455	0.2430081911839059	0.07418984817739213	0.14005203131401484	0.10995404471025573
0.11232728685055131	0.13738857814592428	0.18100594270361478	0.09067759478031052	0.15788976138700392	0.07408565810363084	0.1575711480875734	0.08905402994139072
0.11089130397066005	0.10773260107697963	0.1823354101044937	0.08134873313765718	0.21579145824892892	0.061224036707734214	0.15368527622904127	0.08699118052450484
0.14139683213965046	0.09056253273460109	0.13512605496783103	0.11076893157862994	0.16223929484744162	0.07803539212850477	0.1814703478407074	0.10040061376263348
0.13520552884531378	0.0791299659494613	0.1607670636641044	0.08481978740078036	0.2140621383048941	0.07482491892755963	0.1467106924178729	0.10447990449001329
0.12494904066734498	0.07704473562398788	0.18582184177701283	0.10703656341934908	0.1729989569012162	0.0732759623812984	0.1375934407653113	0.12127945846447913
0.10128950216495303	0.04333983850584554	0.18052187808578157	0.09476447854158739	0.24335209358209114	0.06920545076095116	0.16412706133990387	0.10339969701888603
0.10136113978086399	0.1763757502610883	0.13953456564698466	0.10057996655609933	0.16014327874506207	0.07428340242520703	0.16241146550957491	0.08531043107511951
0.11299679123698496	0.054254117363651974	0.14398528284878986	0.11284896812952805	0.27461894558059186	0.05670637576419718	0.1619537258023143	0.0826357932739416
0.12350944462312771	0.10555046028605139	0.14868515068464022	0.11658886837691729	0.17899547464489501	0.052185428441075474	0.17414098302079128	0.10034418992250141
0.13326519709489953	0.19652324268648264	0.14551151997199574	0.10269986645438711	0.06228843808836802	0.06888986776899735	0.17536334483052202	0.1154585231043474
0.11992845978327217	0.04299533398050308	0.1615445740589841	0.09888782754436393	0.2848976824636762	0.06672207724995416	0.13740294758390667	0.08762109733533953
0.09769563595860334	0.25077410097930364	0.1849802424709316	0.08184905971239101	0.09020950329385594	0.06262810164619578	0.14925706413084497	0.08260629180787353
0.12558749505314182	0.2342864929386231	0.19900028904596628	0.08776466902298607	0.03161745529482127	0.0571452836713328	0.1501190836831076	0.11447923129002084
0.11049225654918507	0.30472950607858496	0.13056232616537009	0.10281612107837024	0.054689090382449	0.06801522257465961	0.14787338569213715	0.08082209147924369
0.10376947414075563	0.2559656963304857	0.18142562351111544	0.11063815613461361	0.05674863230035623	0.07102648237425829	0.13793968831837436	0.08248624689004047
0.10304357208397306	0.21496530303069222	0.16465117603550486	0.1000410616133402	0.08109538352116297	0.06835823788496717	0.1847663025663501	0.0830789632640092
0.13950071294367683	0.26604824864622645	0.136836080561093	0.08349602891499054	0.056717433861934854	0.06120678881075656	0.1669793753168871	0.08921533094443446
0.1096919977955814	0.25431140897919513	0.15869067258411962	0.1092712292120982	0.032062247945532765	0.07195285841605248	0.1464700107948972	0.117549574272523
0.13855835028754981	0.26614085479176774	0.1682104935211505	0.10929840802876856	0.03273946670184581	0.05236572398998797	0.1444263789171305	0.08826032376179885
0.1419785373906529	0.21259113798259077	0.19261848127501752	0.11137038964271725	0.030256924361815735	0.07173386166392218	0.13440173017164445	0.10504893751163899
0.14319969575989838	0.18643856597943437	0.14818978977901368	0.11030077925934387	0.06474211315700079	0.06788468429742828	0.17453809306307977	0.10470627870480068
0.11695287456609994	0.05941388778309681	0.1714090591620554	0.09695376047124349	0.2015344167792083	0.06177298798731086	0.1827380418468711	0.10922497140411391
0.12841718077243877	0.14696593034012415	0.1644611399787582	0.08398349485161799	0.1263805058246788	0.07864974908672578	0.18570672117014592	0.08543527797551022
0.11746092763664065	0.1660637594009848	0.13583597200647152	0.09690743650741239	0.17093460249235115	0.05234486495383432	0.15420577159633608	0.10624666540596887
0.13788214396317489	0.14194434895285296	0.1757598522370982	0.1138200301324828	0.12106029040546211	0.07684065814375558	0.1338362855720617	0.09885639059311152
0.10431309033523059	0.06807676163605819	0.15630529991911282	0.0954309386454096	0.23932720657034737	0.07526971441183183	0.1506931821635858	0.11058380631842361
0.09819576606115858	0.11804825003578581	0.13388553905813352	0.10903608249845931	0.22372245255001216	0.07992737240050592	0.13605255989555526	0.10113197750038921
0.14278356071704382	0.11684954685824138	0.17864776514134134	0.08742339320873163	0.14475658782335282	0.06960865746357381	0.1502714051440594	0.10965908364365558
0.12686297452382705	0.1398666683995882	0.16615992086863102	0.11037930571448287	0.1410347352305592	0.06822165313088774	0.13400898438216285	0.11346575774986083
0.13243937604591247	0.2297787976529438	0.14659444044834463	0.10812458621400522	0.06378609697194748	0.08065702838214928	0.1533732537021984	0.08524642058249848
0.11281847892252195	0.29283296457556396	0.13155976136553896	0.08485845917261875	0.053119479319710006	0.07045373690542592	0.1726596409663705	0.08169747877224971
0.13498311642232694	0.2068367656557787	0.14055549786935584	0.10882180256485345	0.08767862986819927	0.062218483045355766	0.14282425787565892	0.11608144669847087
0.10294661544940725	0.12266979217159234	0.19856581128524503	0.08861697229322948	0.13462509086257338	0.06410855690026154	0.17895217699464117	0.10951498404304959
0.10103930688544091	0.22257208549355417	0.14716104769148539	0.09926661706759124	0.10653393425396204	0.06639152947803062	0.17479910633538845	0.08223637279454699
0.11303539421434289	0.2378888739028942	0.17172133031991427	0.09366221387266677	0.05910103651961583	0.07861750498157	0.15177400760894683	0.09419963858004901
0.1408526400786892	0.18166547972297858	0.15832666822338617	0.10459270414566449	0.06985669073844576	0.05345089840634677	0.18734588101858504	0.10390903766590376
0.13035472572436893	0.16179820160977484	0.16711330344645056	0.09179858401710073	0.1080723119693707	0.07302734266177285	0.17684903257099968	0.09098649800016151
0.10672919580602276	0.01644924610441098	0.15428486244411632	0.11509285562828567	0.2925290375315434	0.07398193773979884	0.15114096383737913	0.08979190090844265
0.13665766080119865	0.05948765854993844	0.19195513817299104	0.08945424057763535	0.187534427798209	0.06015223338780799	0.17197516948936348	0.10278347122285579
0.12591571860921738	0.20402726637085816	0.15671528144279645	0.08715385592519273	0.10096588797448063	0.057833214771082025	0.15901928512877525	0.10836948977759715
0.12822670119300913	0.15185165190727992	0.16943253049113272	0.09525937684340373	0.08925046040767268	0.0778023055953802	0.17120166286396135	0.11697531069816004
0.1211618037532856	0.24706987209973252	0.1562756539844879	0.10834377022128913	0.029861009475482342	0.08084985959945519	0.15046474653797415	0.10597328432829294
0.13358079410498225	0.1136111183016869	0.16223160453970495	0.11212458906147801	0.1447733429127463	0.07558460626304181	0.16478258568540985	0.09331135913094972
0.09630266621753109	0.24450107248508107	0.1382875053341497	0.09415231053257028	0.04993429372763884	0.076066953879014	0.18226243424895744	0.1184927635750574
0.1233739484350178	0.26375029777524556	0.14650685783596137	0.09826952320194378	0.09493025304340438	0.05608418158093342	0.13367377001915443	0.08341116810833904
0.12517248591167074	0.24821167799169713	0.14018852970693427	0.1067950002597313	0.04054729533013349	0.056376539822827254	0.18529306778567842	0.09741540319132716
0.11268464098966893	0.15507094668183818	0.13795386101601456	0.08515419259582178	0.1483113949468466	0.07770439924263561	0.1885891668633805	0.09453139766379362
0.10497210698887888	0.19649933720232735	0.14188978654405784	0.11361216887964269	0.08846871013013745	0.06393220281893289	0.17711648741915628	0.1135092000168664
0.12192437890300403	0.22953676652114713	0.18424902990363898	0.08114693116339033	0.03729298615594988	0.05952890616573962	0.17054007018055858	0.11578093100657129
0.10031190434380682	0.13959285203948302	0.1359660130719489	0.11606958084816585	0.1918352632739478	0.0651464158367847	0.17085692938917132	0.0802210411966914
0.10321924042239089	0.2329313226638508	0.17272001795584022	0.1113340974136594	0.09647942852008985	0.05569091363442981	0.14282545123655768	0.08479952815318118
0.12638298340115278	0.14655718300724396	0.16321114226648553	0.11426520276599347	0.10791471061814313	0.07391432509290063	0.18548723258108052	0.08226722026699976
0.10348558942453803	0.10980575804305771	0.14956046707551668	0.1090758284330743	0.2203517643324383	0.08016051540522381	0.1441214879213345	0.08343858936481643
0.138496882644756	0.14688826289358603	0.14964210135625283	0.08200496995828277	0.15141109057540209	0.07097929193181424	0.15725852007397156	0.10331888056593425
0.10132275959115306	0.27112015897487096	0.15764062427671655	0.08943347834953572	0.06252216811459524	0.06325675896612934	0.16322525354209308	0.09147879818490581
0.1383017617038226	0.14027625006473793	0.19152391349070827	0.10815864961125327	0.07273682192527586	0.07491766011559226	0.16619401580493623	0.10789092728367333
0.12173530851467414	0.1473513545977346	0.14157626634018936	0.08927453505389285	0.12301370052177597	0.07685827333641626	0.18603126933613745	0.1141592922991792
0.1361687426132295	0.2005730167744511	0.16350007212096504	0.11408505591078523	0.055332847840111735	0.05581704618861816	0.1872652198829839	0.08725799866885506
0.1300168530261236	0.19621879873575068	0.16157130902160183	0.10165000215480147	0.07148435397019293	0.07809557326286803	0.15215791971819706	0.10880519011046422
0.10259723019899308	0.21498345986782452	0.17905956164033604	0.09608189968408075	0.07953208918649693	0.08026088212921051	0.13923741963244737	0.10824745766061056
0.12775592405996775	0.21146479816830702	0.1661893815270352	0.10943271720382823	0.035580586193906874	0.05230620382551068	0.17619565246356542	0.12107473655787863
0.1194189514887013	0.2191253359628682	0.16161869696043643	0.11501303230483381	0.07180740411285086	0.05883532506399497	0.1674502971960746	0.08673095691023958
0.10355014110496763	0.08407018276266812	0.13204628897587528	0.08484324161673987	0.2812899904351234	0.051720119066105394	0.15552744334879332	0.10695259268972673
0.11488702808723907	0.04203275513492548	0.18514542439108994	0.08162527563284694	0.250177204734254	0.07904477400617468	0.15876317332204248	0.08832436469142729
0.10914062857587928	0.16966680065097217	0.17258460496807052	0.09811401106617773	0.1361918745018099	0.061264155378487783	0.15645578930960818	0.09658213554899422
0.1428695112775077	0.16437091104553242	0.19496510603136666	0.09079714540845088	0.07094302958343005	0.05275013232138458	0.17180491596470418	0.1114992483676233
0.131345481403618	0.15505357793733127	0.14235147862310826	0.09876193073849387	0.1692341417446978	0.061307050024148824	0.1326558465803061	0.10929049294829565
0.13326446109573922	0.23350207353390412	0.14838749236094248	0.09868286555541599	0.08914565490247986	0.05382771515336836	0.15306307045902734	0.09012666693912239
0.12880463659196173	0.30763861640294515	0.15587317123536873	0.10070253713817681	0.03243580230686985	0.05168465238045164	0.14218803987840964	0.08067254406581617
0.13128353854167077	0.20948836370568885	0.17676450833346605	0.10946808984031761	0.04371883788682103	0.060209884963551605	0.17907127301703693	0.08999550371144693
0.10705859948569461	0.11090965394200221	0.1586415212660761	0.09767601839515846	0.2004815128283819	0.07498628904573984	0.13895836450291754	0.11128804053402908
0.10892504948723901	0.22417669165700294	0.16388613171288124	0.08197777404215947	0.07792558925349147	0.0775235676542817	0.16050295793986613	0.1050822382530778
0.10938512820222504	0.18214193815756366	0.17017499225908006	0.09407234169291628	0.13505592174784306	0.061276153430171204	0.13285817714550974	0.1150353473646907
0.10836830634594796	0.13865979445266804	0.1440940799513818	0.10946330027374587	0.20086228672352713	0.06149901712230667	0.1367977975877173	0.10025541754270503
0.1058592952656105	0.16294866551034445	0.13578911312394193	0.09731925339395343	0.16062217503822532	0.053228845144312587	0.18091619137060275	0.10331646115300885
0.10161522401127528	0.13943772956913614	0.1435600536030841	0.10598485271588481	0.20352339416224946	0.05643969648176152	0.1450821618472759	0.1043568876093325
0.10027788295032648	0.05684227822809543	0.1350520244856975	0.1149104641018509	0.277979138447476	0.06482132242131713	0.1515469734284995	0.0985699159367368
0.12576994950291148	0.06997024775772155	0.1656874983136351	0.09346428369396782	0.19195130751633493	0.0781921551490532	0.16022808945621503	0.11473646861016068
0.10424261057780453	0.04012906792432033	0.166549140502315	0.10688860464758686	0.28607586892039927	0.05395705328466888	0.137825417394762	0.1043322367481429
0.14311853097953603	0.011291731185636936	0.15140616419204814	0.10706235530803296	0.23946323567274452	0.06943692163243725	0.1756180506624669	0.10260301036709704
0.1320885663341413	0.21526021591886302	0.18852272187172658	0.1107139748441299	0.06922711634987691	0.05424577783909401	0.13304863245200862	0.09689299439015944
0.1262035860027984	0.26160435118574765	0.1738673243260777	0.08309022675765514	0.03930563255016853	0.07223263418849082	0.13843900654904032	0.10525723844002119
0.0997774601441109	0.23340908763145718	0.1741785285276838	0.11672682480474088	0.04387665330936019	0.05716378289003578	0.15713073015510284	0.11773693253750825
0.13362917984254596	0.18027938587686287	0.1855400310909957	0.10298177765203628	0.08904219086428666	0.060834944272942976	0.14144458401914492	0.1062479063811844
0.09666005443835982	0.20344472568215602	0.1489900702253507	0.11381418132713632	0.12931267765732696	0.07990475387738945	0.1373143291989178	0.09055920759336271
0.09672463590445556	0.26035374626675545	0.1456661597906183	0.10152947462912237	0.07484325972831936	0.05677195726695161	0.14944208461855854	0.1146686817952186
0.10836794152600844	0.19940619065736737	0.16687653330793856	0.10238524074852888	0.11908767052483044	0.05084498226903168	0.15293496052071115	0.10009648044558332
0.12662911812129504	0.0841853575575702	0.19457433893541431	0.11590653242855962	0.13174856121671724	0.05659414610670145	0.18015577995835472	0.11020616567538723
0.11300833152764697	0.0199416710552852	0.18777684406527279	0.09402822342532252	0.2674058108773021	0.07477926909234608	0.15950825595716542	0.08355159399965877
0.11109644893712288	0.10354757852283779	0.14661785461556376	0.1084067649025002	0.22145669177246302	0.07092321556463985	0.14636257882362613	0.09158886686124618
0.11693431608010589	0.08808861891668113	0.16426372166907327	0.09025520388685088	0.17657745378313677	0.07747399318949727	0.16702430388537268	0.11938238858928193
0.1091329781496854	0.13231393051597184	0.16429299567445757	0.0884593639741762	0.16918384182421817	0.06327570806772476	0.17321733111889004	0.10012385067487581
0.10842613922533781	0.062366622174493805	0.1749248015628047	0.08846838736165509	0.25140635445186343	0.07593114540459661	0.15284742052555986	0.08562912929368846
0.10312150475860077	0.07213816892189612	0.16704717307550068	0.11555489610870025	0.20749577304775102	0.065099647580211	0.16466860626270427	0.10487423024463567
0.13673009860254565	0.03455744782782194	0.15269796774843195	0.11343432112130371	0.2085827555856453	0.06803900347674736	0.17745559086656398	0.10850281477093993
0.1273248624282897	0.057029791075196595	0.15934103406044214	0.08316322422044319	0.2558369978590367	0.05984428242839314	0.15815780846423177	0.09930199946396656
0.09624578353074399	0.14531796284043313	0.1950032183782212	0.0820625940123842	0.13316261288769926	0.05994132214542157	0.16962099152868235	0.11864551467641404
0.13087424926438482	0.21350318900648851	0.1376217207697069	0.08237819035046977	0.12022314615289358	0.05998700537127953	0.13920620476675755	0.11620629431801907
0.11071417712652439	0.2666894476183351	0.16798452136690806	0.11472750695927417	0.05304460241534968	0.05345576933563746	0.15222929300936514	0.08115468216860587
0.10568232128915818	0.2248891142589865	0.19665852461715083	0.0905653108848912	0.055042520381394996	0.05703693696262453	0.17392875629387	0.09619651531192357
0.12684261790793488	0.19543139406601684	0.18411736813253035	0.08801102408583238	0.10037660301735596	0.058254111071923076	0.1616894765308418	0.0852774051875645
0.10557291361728324	0.2713588453108251	0.12906289454992212	0.08947516463403135	0.07143247812303247	0.06584580792590668	0.17410813619512489	0.09314375964387395
0.12733884782102076	0.17226289262878433	0.1647368043689987	0.0942383942022568	0.0956460431052788	0.07999623672095926	0.1564132989470296	0.10936748220567155
0.11913923527471391	0.13040516754471707	0.1778967776022735	0.11035559360850467	0.10066253262920692	0.07120213297519698	0.18084783696310347	0.1094907234022833
0.14307508363281318	0.10614350867436351	0.17030483722809564	0.08155741880185702	0.18910464885391176	0.06349316869170958	0.13922668288527557	0.1070946512319735
0.12806042436517492	0.11346155404427995	0.1924731454118965	0.09195750378451548	0.16372887634073624	0.05728916549337042	0.14867762004067892	0.10435171051934733
0.13784902187405793	0.05018070577902552	0.1740865458065458	0.10612262150913897	0.19568210100217856	0.06937475961702604	0.18262300928781883	0.08408123512420816
0.10985055530154056	0.13325298910702	0.1607917175171325	0.1139595356016056	0.14147249766042397	0.07124974519889332	0.15730656137778432	0.1121163982355995
0.12767869483054373	0.2204925066194257	0.13084740085988902	0.10084263272592886	0.12213807879552238	0.06310728033957208	0.1333759879259519	0.10151741790316612
0.11503001074466403	0.2033958573006913	0.19431083044852143	0.09553030904275228	0.03058347307929825	0.07602194808691981	0.18454637196074855	0.10058119933640411
0.11167006396317868	0.26302505376801594	0.1376390527596339	0.08526319584019157	0.04882720251222647	0.07074072521164029	0.1654344964676083	0.11740020947750464
0.12334407816640167	0.12425175467620629	0.15193271895401558	0.08115179889783837	0.15812265751019824	0.06859379562402712	0.1773938737397885	0.11520932243152403
0.11465338723694682	0.1566367416695526	0.14686212554187866	0.10676927224153016	0.1684692120602118	0.07863482612072865	0.13869357462759438	0.0892808605015567
0.12679944661875903	0.045438982362483976	0.1936854160306671	0.08262852658258334	0.20078582955728788	0.07600352942797198	0.15690023187425278	0.11775803754599366
0.12710720910399514	0.04739717002242995	0.13080467155201828	0.09447020031458143	0.2935644908593411	0.07836386628043088	0.13945723350702796	0.088835158360175
0.13262867277958323	0.05661809443299365	0.13927918829416963	0.09662912096474799	0.22899313472324112	0.05963007720188444	0.17691695361721435	0.10930475798616536
0.11921010287287706	0.20729203698428128	0.18421084054924328	0.08466883662155011	0.11250017478807572	0.05189433808947383	0.15549469209471922	0.0847289779997793
0.12636541427941542	0.19268667887151558	0.13925420714114634	0.08475401641424105	0.11452580239756419	0.05706056162919469	0.16840625901840828	0.11694706024851424
0.13444496854013516	0.09614053233739583	0.13472948999475587	0.11491128414712072	0.20743397428535382	0.06863230023987872	0.13372885143582627	0.10997859901953337
0.13070427602764134	0.143723590221829	0.18409201897419855	0.11289687834519228	0.06214046919404771	0.07012204644760076	0.18834172233664237	0.10797899845284774
0.1273580559786132	0.155594641582914	0.1844572199564867	0.08826678239326324	0.13959174973708324	0.06832203170647852	0.1330143333059428	0.10339518533921807
0.1091438604913593	0.25641296277377856	0.1410241888956901	0.09284144173812231	0.046114232679061645	0.07734519458245603	0.18050052278206002	0.09661759605747179
0.14001319297992534	0.2330642282180422	0.15983702622818385	0.09113401430000942	0.03553990293951724	0.06001417481600049	0.18102049882232427	0.09937696169599698
0.10891115367019566	0.31196335904043604	0.14431235883167998	0.08267346170823822	0.04905019058064865	0.06501877434459988	0.1403978006784815	0.09767290114571983
0.13952111416406116	0.13047923594245664	0.17022523102948012	0.1141998642151708	0.10630756458009305	0.05754113364366252	0.16547944231873413	0.11624641410634137
0.12947098772721585	0.2278078126321133	0.1777080715058287	0.09011369619997772	0.043194792585081826	0.06352352376754822	0.16658324209066716	0.10159787349156695
0.13082860131367077	0.24332643603684923	0.12921335518964053	0.11139309941579852	0.060828978400715175	0.07203266712177966	0.1554319300912623	0.0969449324302836
0.09841425196415021	0.295739812092715	0.13628808397403386	0.09779198652333569	0.08163316313005259	0.06074374224839264	0.14042068083454376	0.08896827923277609
0.09997759648463482	0.24982317198271783	0.17806134987775155	0.0902560579333071	0.03564410058519256	0.0639887909762093	0.17588486450267993	0.1063640676575067
0.11032858579087244	0.04972797878365803	0.19704220710004589	0.08494943019940707	0.26844963093508456	0.06273084794642858	0.14069342396328688	0.08607789528121636
0.12040841343405048	0.06435723851042954	0.19829588444723553	0.09721662421482882	0.22046271124692712	0.07759570697195879	0.14025046139854414	0.08141295977602539
0.1017050390370477	0.01112228769952986	0.18478061738830687	0.09316971830125423	0.2981324005841788	0.07287928715971585	0.1428426836244277	0.09536796620553883
0.13967228645870372	0.03017957739004401	0.14761588684057358	0.10281521229819054	0.24611729612814928	0.07132490050610212	0.16543885162065874	0.09683598875757778
0.10234603030151253	0.09179105034064644	0.1881587436976913	0.1097153162585708	0.18128430077679547	0.056247656097865445	0.1583642077188283	0.11209269480808948
0.13290344245284336	0.09856572220457302	0.15580894847660381	0.0955935814595961	0.15252242515650682	0.07170110550578498	0.18143282359482116	0.11147195114927053
0.11998565211268214	0.11275540599035085	0.14705118558253902	0.08628988098712934	0.18870691271498413	0.054422017872529524	0.1722800872226765	0.11850885751710831
0.13879883866963574	0.13592865281523905	0.19858134915688713	0.0947943290083487	0.09264038002346722	0.056241798440528915	0.18028407822372491	0.10273057366216808
0.12495876266288275	0.0733745853414538	0.13562219830876193	0.09929491661365311	0.2690210635528927	0.058217883931886885	0.14487496084358484	0.09463562874488375
0.12703084466991646	0.1320363900983879	0.1435902592095753	0.10827772132485777	0.16300140110744243	0.0541913510708667	0.17250224678581486	0.09936978573313837
0.10341469287275329	0.12248258316065877	0.15754305383081657	0.11256445111706899	0.21216172057394417	0.053595957898773944	0.1440953221427568	0.09414221840322723
0.11160022432786397	0.13274693556430545	0.18275124626571107	0.08943635508439365	0.17117173685765735	0.051828400983855896	0.17669148463831721	0.08377361627789523
0.11484181364520767	0.16336365179988552	0.17228651160046748	0.10452328421496834	0.08063644454561447	0.06896230013884082	0.18878845323482119	0.1065975408201943
0.13353123172470516	0.13114209196785426	0.15211381764457968	0.10333446929782346	0.17711047580438863	0.0567145180752964	0.14344951299531927	0.10260388249003294
0.12337679780879354	0.1296570414634834	0.18073919702815497	0.11133620900505825	0.11194635488160345	0.06958669079023139	0.16072795413029844	0.1126297548923764
0.12539606103980885	0.14036284581313427	0.1428281496258424	0.09142215441560586	0.1661537233585798	0.07274759763600604	0.15237016150313795	0.10871930660788465
0.10540626990403403	0.1413942244616285	0.16824412668285935	0.09175930649475056	0.17443319899166396	0.052510552261235494	0.16079351780061088	0.10545880340321703
0.09751563567681856	0.13054562154902438	0.19706271860214092	0.11021125652282636	0.14451602371082622	0.05196834576183297	0.1601590688336205	0.10802132934290988
