0.34966444436484523	0.40038318212455926	0.24995237351059563
0.34934898192858566	0.39964854500457553	0.2510024730668389
0.3493553009720753	0.40002034574168405	0.2506243532862408
0.34917591130576586	0.400539050509263	0.2502850381849713
0.3489176476518523	0.4000558563033831	0.2510264960447647
0.3492611172188895	0.4001672484695175	0.25057163431159307
0.34960960511585987	0.4004929928752068	0.24989740200893348
0.3502719658736622	0.3999703688338071	0.2497576652925308
0.3502981169408883	0.3999581567047142	0.2497437263543976
0.34990994978808604	0.3997683069935242	0.25032174321838985
0.35010097041853516	0.4001261104871416	0.24977291909432336
0.3496349248492993	0.40032707142985685	0.25003800372084395
0.3497788128372608	0.40039067237936776	0.24983051478337148
0.3500867972025689	0.39999113178982626	0.2499220710076049
0.3502710127930014	0.39980200567143254	0.24992698153556617
0.3500931399909701	0.3997665925906607	0.2501402674183693
0.35006798799496924	0.39983776780182984	0.25009424420320103
0.34936915675878494	0.39982588524429363	0.25080495799692154
0.3503492954090797	0.39979784168219035	0.24985286290873004
0.3493664603634776	0.400234053255754	0.2503994863807685
0.34995819183672844	0.39970442539474843	0.25033738276852324
0.3488867286972799	0.4005770405557278	0.25053623074699244
0.3500770672719784	0.4002143714421986	0.24970856128582303
0.3491183997680425	0.40006052337299236	0.25082107685896526
0.349848156627217	0.39977947800392694	0.25037236536885615
0.3489871837702271	0.40003608071193775	0.2509767355178353
0.34907821327944205	0.39976139943566297	0.2511603872848951
0.34920034066170774	0.40003256555816313	0.25076709378012924
0.34959951550261903	0.39995720083771547	0.2504432836596656
0.349136148749556	0.3999521540255334	0.25091169722491063
0.3493064695521648	0.4000167737999191	0.2506767566479162
0.34960998066316923	0.40010201905796394	0.25028800027886694
0.3497369628924628	0.4004885780794978	0.24977445902803952
0.34984387969913405	0.4004328953305158	0.24972322497035027
0.3497701895098454	0.4004763787993461	0.2497534316908086
0.35028812934916853	0.39978762484790414	0.24992424580292738
0.34949751981460025	0.4004738817507225	0.2500285984346773
0.3493168952524858	0.40004023740321626	0.2506428673442981
0.3497157687097643	0.4001091052492771	0.2501751260409587
0.3493464208844412	0.400306361293327	0.250347217822232
0.34914779412582564	0.4004725425571649	0.25037966331700956
0.3501563297541554	0.3999820683395378	0.24986160190630696
0.34933934324288685	0.4004812349303079	0.25017942182680536
0.3496088133779344	0.40054343303923445	0.24984775358283123
0.34929522075866404	0.3999973893544112	0.25070738988692487
0.3499152251954778	0.4002436855421487	0.24984108926237364
0.3502971716279578	0.39979749645120904	0.24990533192083325
0.35014545907779215	0.4001023277409709	0.2497522131812371
0.34951697316149266	0.4000264543321208	0.25045657250638664
0.3490579307038716	0.4000676333807937	0.25087443591533476
0.34972546016664174	0.39989954525015897	0.2503749945831994
0.3490166076000237	0.3999045340579461	0.25107885834203036
0.35018840858475314	0.3999742096977063	0.24983738171754066
0.3502415763199685	0.3998371933382107	0.2499212303418209
0.3496591575347618	0.3999261574990596	0.2504146849661788
0.3501341715159086	0.3999325657880712	0.24993326269602034
0.3492423671890603	0.4001609569090483	0.2505966759018915
0.3498789173303384	0.39972363513852305	0.2503974475311387
0.3498808600894706	0.40025928775373865	0.24985985215679085
0.3501029321161699	0.3999133658639573	0.24998370201987286
0.349425464396967	0.4003985155159434	0.2501760200870897
0.34924885039409204	0.39982733175201024	0.25092381785389783
0.3491888685150661	0.3997011241438302	0.2511100073411039
0.34926032146727076	0.40014931607618087	0.2505903624565485
0.3489057632492878	0.400091532937036	0.25100270381367634
0.3499214782502516	0.3996876370061627	0.2503908847435858
0.34912904035040937	0.39990409702243135	0.2509668626271594
0.3497086172936509	0.3998136578098526	0.25047772489649667
0.35031486621572827	0.39967295185997953	0.25001218192429236
0.3492774691711877	0.3997402379652252	0.2509822928635872
0.3489710967745304	0.40037857058054693	0.25065033264492276
0.3498963333450381	0.39998978481921077	0.25011388183575123
0.3489240518113369	0.3998464694254329	0.2512294787632303
0.34919407098805355	0.39997914074087626	0.2508267882710703
0.34890774915174383	0.40019454010789557	0.2508977107403607
0.34954627682619166	0.4000389774601749	0.2504147457136335
0.3493515612018407	0.40016629946752397	0.25048213933063546
0.34958916087748104	0.39966200985250155	0.2507488292700175
0.35003680822825095	0.3998998600762622	0.25006333169548695
0.3491385495121525	0.39986976750597	0.25099168298187763
0.350356344209779	0.39997466266744497	0.24966899312277616
0.34926447043047393	0.3999440598547685	0.2507914697147577
0.34995915576253683	0.39985701095484577	0.2501838332826175
0.34969972513728964	0.40017713425920515	0.2501231406035053
0.34999064195992347	0.3999164446162806	0.250092913423796
0.34934182790598395	0.4003004229323789	0.2503577491616373
0.3490761077284283	0.40045338679272935	0.2504705054788424
0.34981237205997673	0.39976085927642435	0.25042676866359903
0.34894529742042923	0.39998421684698426	0.25107048573258667
0.35014188760933607	0.3997945451773217	0.25006356721334233
0.35006214566916927	0.3999215473444603	0.25001630698637056
0.34919845403136474	0.4002977751865967	0.25050377078203867
0.34987905919828266	0.39985300413618874	0.2502679366655287
0.35001633384715897	0.40009990158611297	0.24988376456672817
0.34906623315448115	0.4000847844108307	0.2508489824346883
0.3495210686906275	0.4005172225084541	0.2499617088009185
0.35019285462719646	0.39974619283023505	0.25006095254256866
0.349686375664083	0.40046314892049084	0.2498504754154262
0.34955101391709636	0.40012352225134773	0.25032546383155596
0.3495311395581712	0.4004004287250628	0.25006843171676607
0.34982930317856203	0.40007535207289147	0.2500953447485466
0.3498641052196314	0.40006383780656984	0.25007205697379886
0.349553646331201	0.4000516633787228	0.2503946902900763
0.34974376234979554	0.4002127146532056	0.25004352299699895
0.3501214768025889	0.4002134364218458	0.24966508677556531
0.3500362148539961	0.39969641273467227	0.2502673724113317
0.34973998141891227	0.40014450045040456	0.2501155181306832
0.34898819505210193	0.4004481915300089	0.2505636134178893
0.34899175534215754	0.39972323700121076	0.2512850076566318
0.34964387097411775	0.4004741052507489	0.24988202377513347
0.3500183712395912	0.39968405178576843	0.2502975769746405
0.34962402742664644	0.39977571941791035	0.2506002531554433
0.3501765383866861	0.40011377337840714	0.24970968823490683
0.35021140595684336	0.40007296475148413	0.2497156292916726
0.34944721549056534	0.40046009729243487	0.25009268721699995
0.34911523136633243	0.4000285928913805	0.2508561757422872
0.34890531548512616	0.3998354657469475	0.2512592187679264
0.34966837809700346	0.39967216051538557	0.250659461387611
0.349603716602668	0.4004412709700176	0.24995501242731458
0.3501554772493647	0.39984887550788833	0.24999564724274703
0.349759081577244	0.4000934174247279	0.2501475009980282
0.35019417010141807	0.39996846605794295	0.2498373638406391
0.34892879324538184	0.4003091355949893	0.25076207115962895
0.3498420002386833	0.40044485638447475	0.24971314337684208
0.3492703229246862	0.40016628931234866	0.2505633877629653
0.3492278071025221	0.4001097781963351	0.250662414701143
0.349218559345506	0.39969661675576607	0.25108482389872805
0.34915568702938776	0.3997880724056764	0.2510562405649359
0.3490658934572091	0.40052010471063726	0.25041400183215373
0.349625587381713	0.4001029613961769	0.2502714512221102
0.3498422271503146	0.3997837906028665	0.25037398224681906
0.34980219200294055	0.4005240492455757	0.24967375875148382
0.34967122890299407	0.39971703574888934	0.25061173534811676
0.3499082351083043	0.4002826065343212	0.2498091583573746
0.34904074857901285	0.40055224731941047	0.2504070041015768
0.3499680838183656	0.40033564930462706	0.24969626687700747
0.3496962361353531	0.40040304686183414	0.24990071700281286
0.34894173324044975	0.400049599084885	0.25100866767466534
0.3489444308519907	0.39979376019462987	0.2512618089533796
0.3495729419275015	0.40013148033858026	0.25029557773391836
0.34970649479901456	0.3996696800392948	0.25062382516169074
0.34928912250789507	0.4000009955735002	0.2507098819186049
0.3491583999216003	0.3998267724073405	0.2510148276710593
0.3489926397644205	0.4005697934589537	0.2504375667766259
0.3498865900810688	0.40045171178707195	0.24966169813185934
0.349254379366013	0.4000594584128507	0.25068616222113643
0.34923944024262865	0.40006888287851616	0.2506916768788553
0.34929321570876287	0.40041803896410166	0.2502887453271355
0.3489979331612812	0.4002478888954124	0.2507541779433065
0.3497373261136441	0.3999320589860377	0.2503306149003183
0.34977986696297664	0.4004924036068102	0.24972772943021326
0.3492274189353222	0.4003031628253102	0.25046941823936775
0.3491878499128948	0.40028109305767723	0.250531057029428
0.3503423379446506	0.4000309857417995	0.24962667631354998
0.34944821704444773	0.4001902015393986	0.25036158141615383
0.34919127920383813	0.4004135220206528	0.2503951987755092
0.35018602370912894	0.39982612871973744	0.24998784757113374
0.34922990110160645	0.39998320915384006	0.25078688974455354
0.3498192313395773	0.4000919638274161	0.2500888048330067
0.34974500168609257	0.40050916735362235	0.2497458309602852
0.3489629261111237	0.39997664687500556	0.2510604270138709
0.34930393552012995	0.40016119635994696	0.2505348681199232
0.34900989882909056	0.40002414851664175	0.2509659526542678
0.34960963422942487	0.40005855788114547	0.25033180788942977
0.3491833720644135	0.4002749981028119	0.25054162983277467
0.3492615690305182	0.39997948596108446	0.2507589450083974
0.3494928159683279	0.40009070492491833	0.2504164791067539
0.3494650449525144	0.40025948404268885	0.25027547100479686
0.3497617938565363	0.39964218917623295	0.2505960169672309
0.3496197948593666	0.4004294698979798	0.24995073524265365
0.3497116279446243	0.3997149109054508	0.25057346114992507
0.3499283328103765	0.39997582459671377	0.2500958425929099
0.3495741402730254	0.4005785392442349	0.24984732048273978
0.3494777158680216	0.400370707179837	0.25015157695214146
0.34929644906102114	0.39996996342306923	0.2507335875159097
0.3488896309896615	0.400363930560865	0.25074643844947353
0.3491303144773789	0.3997423477500278	0.2511273377725934
0.3492780330259732	0.40050003800695494	0.25022192896707196
0.3489873104044598	0.3998751079921629	0.2511375816033774
0.35004305527855467	0.4003288589951597	0.2496280857262857
0.3499585563782954	0.4001850470557512	0.24985639656595354
0.35024496941814925	0.40000944780909614	0.24974558277275474
0.3501011519148025	0.3996718764210453	0.25022697166415236
0.3493469090194337	0.4004285064343611	0.25022458454620533
0.3491044686579099	0.39980884034848746	0.2510866909936027
0.3489960194143054	0.39988435281850443	0.2511196277671902
0.3497856769944824	0.400238685637487	0.24997563736803075
0.35010221459041413	0.3999578952601933	0.2499398901493926
0.35021239702286255	0.4000053524839735	0.24978225049316405
0.3493767161555773	0.3997106927629799	0.2509125910814429
0.349495571328747	0.39989822017112053	0.2506062085001326
0.3502455055006312	0.3999799005947021	0.24977459390466678
0.35004724143395577	0.40021043789315314	0.24974232067289118
0.34906797832086156	0.40033704687065863	0.25059497480847986
0.34950085533932435	0.40057462581826436	0.2499245188424114
0.3490193556416919	0.4000191686082615	0.2509614757500468
0.34975877051176635	0.3997761250944082	0.25046510439382563
0.3489473841306096	0.3998045378888061	0.2512480779805844
0.349046034634507	0.399848042244105	0.25110592312138813
0.3503434364485336	0.39997124781048005	0.24968531574098646
0.34998604603253036	0.399853110450629	0.25016084351684076
0.3492663434928881	0.40025553918339857	0.2504781173237135
0.34893809317878166	0.4003018073466543	0.2507600994745641
0.35032949442879774	0.40001529738595537	0.24965520818524697
0.3494129446348875	0.40020930743964733	0.25037774792546535
0.35029667306220097	0.39965278701979307	0.2500505399180061
0.34979785302740857	0.3997235059064429	0.25047864106614864
0.34955472876199084	0.3999512907919123	0.25049398044609705
0.34995348209095933	0.4002898350616382	0.2497566828474026
0.3495613969819583	0.400312219875123	0.2501263831429188
0.3498689354994816	0.4004613898504315	0.24966967465008702
0.34928918928759395	0.39989582795775086	0.2508149827546553
0.3495927184570256	0.3998068520979235	0.250600429445051
0.34907222005251265	0.39966305246916184	0.2512647274783256
0.34924646976501084	0.39985234271180253	0.25090118752318674
0.3491449732023722	0.4003980790750914	0.2504569477225365
0.34984820052113363	0.4004487773255241	0.24970302215334234
0.34954782250244604	0.4000617702349085	0.25039040726264555
0.34922654525027463	0.3998606185278567	0.2509128362218688
0.3497947912312914	0.40046046721901085	0.24974474154969784
0.34978723950860674	0.4002050187915592	0.2500077416998342
0.34941248482153175	0.3997369586835614	0.2508505564949069
0.3495573690343391	0.4005411582308028	0.24990147273485824
0.3490150834237654	0.39968596108930066	0.25129895548693404
0.3502611768687186	0.39994090568812657	0.24979791744315488
0.3496510351528391	0.40001737694420464	0.2503315879029564
0.3489125640851838	0.3999888119096898	0.2510986240051265
0.34909186912798434	0.40053040966442993	0.25037772120758583
0.34909928449412414	0.4005740571275725	0.2503266583783035
0.3491890387889713	0.39968395622880704	0.25112700498222174
0.349376658134013	0.4001415632725757	0.2504817785934114
0.34929946387657024	0.39991353568866816	0.25078700043476176
0.3491423964959175	0.40009708253398046	0.25076052097010215
0.3500054367770411	0.40025378400757755	0.2497407792153815
0.3496658857885027	0.4004841909411043	0.24984992327039302
0.3500373304521963	0.39975400451706056	0.25020866503074324
0.3490193231447083	0.39994448460375936	0.2510361922515325
0.3497306240641292	0.3997624295681509	0.25050694636772003
0.3492235218337849	0.40022025850361875	0.25055621966259645
0.35025667357113277	0.3997338157968158	0.2500095106320515
0.3491164672698314	0.40026429314251627	0.2506192395876524
0.3496810998692831	0.39965949887695107	0.25065940125376596
0.3496103946567755	0.4003894860820929	0.2500001192611317
0.3502000299987036	0.3997179472845781	0.2500820227167184
0.3498803008745627	0.40010738879118846	0.25001231033424903
0.34970745748536974	0.3999457017258189	0.2503468407888115
0.34980899192905685	0.4002778460117433	0.24991316205919994
0.34897582816855705	0.3999213556228861	0.25110281620855696
0.34947252661125283	0.39983044218858355	0.25069703120016373
0.3490130720241578	0.4000483486894898	0.25093857928635244
0.3492754580051289	0.39966648453641757	0.2510580574584537
0.3498090726707107	0.39981897067308936	0.25037195665620005
0.3502257231168425	0.40012983391597157	0.24964444296718602
0.3498291464013774	0.40038125519525647	0.2497895984033663
0.3501204648069821	0.4001691891063013	0.2497103460867167
0.35001196547676294	0.4002163739857551	0.24977166053748207
0.34932027842711005	0.4000723018817353	0.25060741969115474
0.350103215285673	0.39979197334169303	0.250104811372634
0.34891874453530874	0.40023687681595643	0.250844378648735
0.3494598065888895	0.3998771275947732	0.25066306581633746
0.3489044195421037	0.4004971200626981	0.2505984603951983
0.34935465096723317	0.40003763368533607	0.25060771534743087
0.349809622671697	0.399759466590757	0.2504309107375461
0.34923368928977694	0.40012663277473937	0.2506396779354838
0.3494540934389054	0.3998783562396808	0.25066755032141386
0.350149712506556	0.3999105894073224	0.2499396980861217
0.3499462265075448	0.40005679357213586	0.24999697992031947
0.35016973766765	0.3997570147637993	0.25007324756855076
0.3499144542068439	0.3997352424739028	0.2503503033192534
0.3490944266458367	0.3998598746259851	0.25104569872817833
0.3489971961748992	0.4001498141561881	0.2508529896689128
0.3498926801160982	0.40025020488455865	0.24985711499934332
0.3491315537040217	0.4005339466182228	0.2503344996777556
0.3498580679892895	0.39983784007850764	0.250304091932203
0.34932527208090614	0.3997497731580957	0.2509249547609983
0.3495785385189017	0.3999800790439474	0.25044138243715103
0.34924389296638625	0.4004945816912186	0.25026152534239526
0.35025540244656256	0.3998558773730939	0.2498887201803437
0.35028241709852137	0.3998159852064099	0.24990159769506887
0.3496396710824066	0.40042240239943394	0.24993792651815955
0.3498936003137771	0.4004676357685336	0.2496387639176894
0.34917234144151654	0.4000466534010382	0.2507810051574454
0.350158299908905	0.3997880440344986	0.2500536560565965
0.3498704513186299	0.39973699830337234	0.25039255037799785
0.3495329979911396	0.39979745143549944	0.25066955057336104
0.34943775881371153	0.4001473986350681	0.25041484255122043
0.3493730024926155	0.39965522489629474	0.25097177261108994
0.34992493460148366	0.40013642855009873	0.24993863684841772
0.34957055855672925	0.40004604359443946	0.2503833978488314
0.3499849882733237	0.3997874207312697	0.2502275909954067
0.349148357205996	0.40017039292325807	0.250681249870746
0.3492555958580088	0.3999659211287895	0.2507784830132018
0.3500528047758203	0.4001368127689266	0.24981038245525322
0.34971980740728137	0.39992804694175227	0.2503521456509664
0.35002257102356565	0.40014441883778673	0.24983301013864773
0.3501969424653485	0.39978119969572457	0.25002185783892705
0.3491160627463418	0.40047810426893693	0.25040583298472135
0.3503379075619632	0.3999011400718774	0.24976095236615953
0.3497642345329849	0.4001349376108946	0.2501008278561206
0.3498616872342958	0.39991829840098936	0.25022001436471497
0.34966217666828514	0.4002585758713561	0.25007924746035887
0.34925796141127685	0.40037625549737077	0.25036578309135255
0.34954690458639326	0.400187969981622	0.2502651254319848
0.3493483400077643	0.4002644463434364	0.2503872136487994
0.3492681054796773	0.4002916375148388	0.250440257005484
0.34939069704197356	0.4002430325673123	0.25036627039071424
0.3500546694931499	0.4000982970451009	0.2498470334617493
0.3495942294075221	0.399806687165593	0.250599083426885
0.3498130230947297	0.400146858954685	0.2500401179505854
0.35025423895143065	0.39978995757875974	0.24995580346980972
0.34993766862645104	0.40036534590034023	0.24969698547320884
0.3495766393811278	0.39995288716757604	0.25047047345129625
0.3493450917992824	0.4002113603436608	0.2504435478570569
0.3492650099778999	0.40025947149011865	0.2504755185319816
0.349012981130564	0.3999801605121206	0.25100685835731545
0.3492177012024027	0.4002011475402442	0.2505811512573532
0.3489933299619831	0.4000778333741902	0.2509288366638268
0.349212262052875	0.3998529725844647	0.2509347653626604
0.34933077681942276	0.40019094065920036	0.250478282521377
0.3497397834895656	0.3999853828194694	0.2502748336909652
0.3491712890916294	0.39970490206821807	0.2511238088401526
0.349716465152223	0.40002769839228924	0.25025583645548793
0.3489752381036815	0.40017892862632853	0.2508458332699901
0.34929736983705173	0.4002492770637403	0.2504533530992081
0.3502449036745565	0.39985879979001454	0.24989629653542905
0.3494163334556574	0.400202638036534	0.25038102850780863
0.3488785519361539	0.4000108063388953	0.2511106417249509
0.3495460412338278	0.3999170710024198	0.2505368877637525
0.3490505681379586	0.4001495638130709	0.2507998680489706
0.34990889837080824	0.4001346002662506	0.24995650136294129
0.3489586814345805	0.39988032779539706	0.2511609907700225
0.34891337020178076	0.3998615314608991	0.25122509833732026
0.3500922924871557	0.39981838414267745	0.250089323370167
0.3489569247605414	0.4000704168035851	0.2509726584358736
0.3494086993465592	0.40033373629557556	0.2502575643578654
0.3498954563802972	0.39998015636115525	0.2501243872585477
0.3497947976668841	0.3999958774394398	0.2502093248936762
0.3494153929378415	0.4004627042513599	0.2501219028107987
0.3494941338394972	0.3998575415653818	0.25064832459512115
0.3497424713572892	0.40010103336715197	0.25015649527555894
0.3493154506860478	0.3997867066100228	0.25089784270392945
0.3490030098535946	0.40016080852253655	0.2508361816238689
0.34908438676306053	0.40043511845048946	0.2504804947864502
0.3497485759226677	0.3996558814057507	0.25059554267158174
0.3489740480495243	0.39993095967682474	0.251094992273651
0.3497775900214185	0.40013097674228226	0.2500914332362993
0.3492835763888364	0.4004704902555445	0.2502459333556192
0.34896357083020824	0.400330945216178	0.25070548395361386
0.3498859626992211	0.4002724546941834	0.24984158260659556
0.34921067183090654	0.39984362683376307	0.25094570133533045
0.34896824628647893	0.39980998596135076	0.2512217677521705
0.3490701960883057	0.40030759363047974	0.2506222102812147
0.34910916409173476	0.4005346260692425	0.25035620983902285
0.3493667822057653	0.399802054267206	0.25083116352702883
0.3498990760617521	0.3998266939636035	0.2502742299746445
0.34994259699282937	0.40000210182413176	0.250055301183039
0.34966032395845004	0.40018604618706416	0.25015362985448586
0.3497653429130069	0.4001212349647667	0.2501134221222265
0.34991143690089166	0.40035222832968753	0.24973633476942092
0.3491740028926658	0.39997199814224116	0.2508539989650931
0.34888512430930624	0.40002380610898247	0.25109106958171135
0.3498785295665983	0.39966557157986027	0.2504558988535415
0.3495357624005721	0.40053117221171486	0.2499330653877132
0.3501686761970567	0.4000336268561438	0.24979769694679962
0.3496899136242046	0.40005363397418986	0.25025645240160566
0.34907054844047825	0.39973671752855444	0.2511927340309674
0.3496051752064599	0.4000941282302651	0.25030069656327514
0.3493892408943074	0.39974266965917854	0.2508680894465142
0.3491523603521187	0.4000747751459494	0.2507728645019319
0.3500579476457764	0.3997834240768017	0.250158628277422
0.3499672904440866	0.40022862146421095	0.24980408809170257
0.3491725495517406	0.3999977190612656	0.250829731386994
0.3493499633966624	0.40028702266250593	0.2503630139408317
0.34959982165250797	0.40000580925994894	0.2503943690875432
0.34911572906056665	0.4001387354454919	0.25074553549394163
0.3498966756498266	0.40004783173087405	0.2500554926192994
0.34922405055152395	0.40034329935555185	0.25043265009292437
0.34978647767299725	0.40057364207704876	0.2496398802499541
0.3501197896486245	0.3997778862830573	0.2501023240683183
0.3500334207988486	0.39987605862533315	0.2500905205758184
0.349300742858701	0.40044303252702373	0.2502562246142754
0.349821846471598	0.39980389659606536	0.25037425693233684
0.3490424642619446	0.39989768570247997	0.2510598500355755
0.34940705754664114	0.3999601204330009	0.2506328220203581
0.349556237355577	0.4004799431678811	0.249963819476542
0.3502025960226596	0.3999624207958773	0.24983498318146324
0.34906927492844037	0.4000186863313826	0.2509120387401772
0.34917108496231575	0.40028117895673027	0.25054773608095404
0.3500923894766999	0.3999819467820771	0.24992566374122308
0.348912842724559	0.4005720745053398	0.2505150827701012
0.34900082430439033	0.40034560204913006	0.2506535736464798
0.3501231134005912	0.399818813147789	0.2500580734516199
0.34967606587806677	0.39974529603277575	0.2505786380891576
0.34939195556812136	0.39980386720869593	0.2508041772231828
0.3496007975492229	0.3996717088423034	0.2507274936084738
0.34942278644223784	0.39995676147551495	0.2506204520822473
0.3490500130746602	0.40055111816565925	0.25039886875968065
0.34985971008507055	0.399792571323906	0.25034771859102356
0.34976917544799097	0.399753227781973	0.25047759677003617
0.3501613977206213	0.4001742695115438	0.249664332767835
0.3491200458481581	0.40002332560104814	0.2508566285507939
0.3492269737498189	0.40029809416523576	0.2504749320849455
0.3499850409505237	0.4001079295654764	0.249907029484
0.3489251922391795	0.39981869904410516	0.25125610871671544
0.34916244906537053	0.39979541973670785	0.25104213119792174
0.3498348946895691	0.4003508520561967	0.2498142532542343
0.3497049324288139	0.4001240381659109	0.2501710294052753
0.34990847876235953	0.4001673484065618	0.2499241728310787
0.3496139136609112	0.400456734053548	0.24992935228554095
0.34926122189378733	0.40049498050115706	0.25024379760505566
0.34996754595402874	0.3998968065301145	0.25013564751585693
0.34951745758307035	0.4000648271751386	0.25041771524179113
0.34973724196854256	0.39995187901381646	0.25031087901764104
0.3503027791463579	0.39965543470967674	0.2500417861439655
0.3497595216263534	0.4001107022744727	0.2501297760991741
0.34997357772574844	0.39993304399608115	0.2500933782781705
0.3496719261967517	0.3997232240966443	0.2506048497066041
0.34942816654327924	0.39995814161662363	0.2506136918400973
0.34982417804028654	0.4003941601667953	0.24978166179291827
0.3491098591752889	0.4001966677351306	0.2506934730895807
0.34908358903622644	0.39987769794694844	0.25103871301682523
0.3491364433629905	0.40002590736980465	0.250837649267205
0.34916086919198425	0.4001373983432991	0.2507017324647168
0.34974788503053644	0.39993575873976445	0.2503163562296992
0.350182765787672	0.3998358450655253	0.2499813891468028
0.35003177840218047	0.4002852102848109	0.24968301131300877
0.3496002699165688	0.39989980836614775	0.2504999217172836
0.349618343455744	0.4004774051356678	0.24990425140858832
0.35020261149380133	0.39989509778138466	0.24990229072481412
0.34936531446757096	0.40056985404457995	0.2500648314878492
0.34935760818964745	0.400237626649743	0.25040476516060967
0.34928186172424314	0.4004806176824084	0.2502375205933486
0.34906947385341325	0.4001879135422407	0.2507426126043461
0.3500659507544355	0.39987671327619645	0.2500573359693682
0.3494573395731167	0.39993335501959376	0.25060930540728965
0.3495905654335246	0.3999643084752899	0.2504451260911855
0.3494831329143991	0.40022505278546366	0.25029181430013736
0.35021794616656704	0.3998545938038014	0.24992746002963165
0.34904965169823576	0.40011117879253016	0.2508391695092342
0.35019143071267794	0.4000154835595233	0.24979308572779887
0.35013309138971555	0.3998965619200633	0.24997034669022128
0.3499225939098716	0.4003802603457305	0.24969714574439797
0.34943373371553293	0.400392782402313	0.2501734838821542
0.3496294944083371	0.40043868765337337	0.2499318179382896
0.3495000830407393	0.40019274220564655	0.25030717475361425
0.34932193589819693	0.39978202765714016	0.2508960364446631
0.3500760242526894	0.3998894273041986	0.2500345484431121
0.3502500947746625	0.39971032215288005	0.25003958307245755
0.3497491794556841	0.39977410934715535	0.25047671119716064
0.34888740486588354	0.3998841483498481	0.2512284467842685
0.3499527338232398	0.39965036790415515	0.25039689827260514
0.34969225435733636	0.400343285898725	0.24996445974393877
0.3494290370218591	0.4001828756494031	0.2503880873287379
0.350058667594667	0.40026850371092415	0.249672828694409
0.3494687186941722	0.4000753849038965	0.25045589640193144
0.3493787682155899	0.40039825929073614	0.2502229724936741
0.3503494522506223	0.3996505551604852	0.24999999258889266
0.349904201121142	0.4000576924194693	0.25003810645938873
0.34891747757502484	0.40056028538138755	0.2505222370435878
0.3490542072198677	0.39964971131675453	0.2512960814633779
0.3490535587332474	0.3996574142139585	0.25128902705279427
0.34978608039517706	0.39980071903127534	0.25041320057354777
0.3498584492209305	0.4004341502595904	0.2497074005194792
0.34939313431400487	0.40001247009877294	0.2505943955872223
0.3492450133019928	0.40023680157151	0.2505181851264974
0.34989933568988846	0.39974242392413445	0.2503582403859772
0.34986764961839456	0.4000515914803059	0.25008075890129966
0.349819600801376	0.39989098357172864	0.25028941562689544
0.34997021439188875	0.40041472908976694	0.24961505651834442
0.3495389781207753	0.39999395392587245	0.2504670679533524
0.3489900132274587	0.39980429540275186	0.25120569136978954
0.3497536203557134	0.40022276450242206	0.25002361514186466
0.3491447605308182	0.3997949742613066	0.2510602652078752
0.34916898883349723	0.40053917662711913	0.25029183453938375
0.3495023441211498	0.40056990761464784	0.24992774826420247
0.3492124875613431	0.40011159005179464	0.2506759223868623
0.3491903199552608	0.40053803388202314	0.25027164616271613
0.3496149272268922	0.3998784894530359	0.25050658332007203
0.34894919173648725	0.40013665461567993	0.25091415364783287
0.34996422655329346	0.4000632089777787	0.24997256446892802
0.3493418195121119	0.40020426183463487	0.2504539186532534
0.3492414823529974	0.4000494129115395	0.2507091047354632
0.3491464467939278	0.3996974205366386	0.2511561326694337
0.3492971703671399	0.4005602221133822	0.250142607519478
0.349680394447656	0.4000863714389051	0.2502332341134391
0.3501173877789996	0.3998270306247227	0.25005558159627783
0.3499947488230697	0.39967812360017196	0.25032712757675846
0.35010948019651233	0.3996515312322286	0.2502389885712592
0.34940541757644306	0.39986252563355174	0.2507320567900053
0.34921855173672706	0.40035094664868265	0.2504305016145904
0.34895364530192546	0.4001533611930089	0.25089299350506566
0.34940400058307935	0.400415444408129	0.25018055500879177
0.34929652751487555	0.4002106834146757	0.2504927890704488
0.3495086731354663	0.4003282872367752	0.25016303962775854
0.3498122157382471	0.40035268887209674	0.24983509538965626
0.3490071771563484	0.39982566838333894	0.2511671544603128
0.349695200344178	0.40054929127363303	0.24975550838218907
0.34930697170999414	0.3997556021495372	0.25093742614046877
0.34933791126731983	0.4000964778106528	0.25056561092202756
0.34936857910247143	0.4002354976764874	0.25039592322104126
0.34939509807555547	0.3997870380576425	0.25081786386680216
0.34979654046649733	0.400478751485046	0.24972470804845676
0.34983591053094104	0.3998736988780468	0.2502903905910122
0.3492151998538008	0.3999483331754846	0.2508364669707147
0.3502986950832587	0.39965237181697383	0.25004893309976756
0.3500923753580981	0.39999086961253927	0.24991675502936275
0.34977396655819326	0.3997880492655711	0.25043798417623575
0.34966309246513627	0.40017914341917427	0.2501577641156896
0.3492897776201444	0.39972552020709484	0.2509847021727608
0.35029261993297345	0.39971296619249214	0.24999441387453453
0.34995347997807613	0.3998391301220538	0.2502073898998702
0.349242489116155	0.3998683519756714	0.25088915890817376
0.34970794895377155	0.3996876231443368	0.2506044279018918
0.3502104292882579	0.3999436150199859	0.24984595569175633
0.3497450122650195	0.3997613079718166	0.25049367976316406
0.3492469366283749	0.40053303881465296	0.25022002455697223
0.3489643953036483	0.4001600869914718	0.25087551770488
0.350095743332114	0.40019972022120553	0.2497045364466805
0.34953064875090684	0.400403569116653	0.25006578213244024
0.34902048125909896	0.4003217796054491	0.25065773913545203
0.34899334170461466	0.40040392057425084	0.2506027377211346
0.35005913983235004	0.40005997507137375	0.24988088509627632
0.34905181968453103	0.4000080201153965	0.25094016020007254
0.34928279495161874	0.4004254285787458	0.2502917764696356
0.3503457583532735	0.39988376901434075	0.24977047263238591
0.348885488444131	0.39989092179697383	0.25122358975889525
0.3496144852007546	0.3996946969115277	0.2506908178877178
0.3500212703615194	0.40004178039985844	0.24993694923862225
0.34891806931221114	0.3999217666054975	0.25116016408229147
0.349364535125765	0.400227615137606	0.25040784973662905
0.3498529499834254	0.4004493411196467	0.249697708896928
0.3494138884735706	0.4001503934707648	0.25043571805566467
0.34920713650043794	0.40018712517382826	0.25060573832573385
0.3493386410567153	0.39977370765265297	0.25088765129063184
0.34901962333932934	0.40000984668827866	0.25097052997239205
0.3495998936679454	0.3999270413966469	0.25047306493540783
0.3503351496471831	0.3999248204724851	0.2497400298803319
0.3497678055843763	0.39998276213622264	0.25024943227940116
0.3494617302115056	0.4000796933850143	0.2504585764034802
0.3492548306758167	0.40053893731787615	0.2502062320063072
0.3498154359537358	0.40047872928212497	0.24970583476413932
0.3500470586599502	0.3998319076679273	0.2501210336721226
0.3494964960592139	0.39987623403340694	0.25062726990737927
0.34914548307321935	0.3998864759305374	0.25096804099624337
0.34902808958445425	0.4001191306007984	0.25085277981474746
0.34926897347794517	0.39972609702621276	0.25100492949584224
0.34955947323185066	0.3997396987001727	0.2507008280679768
0.3489303615722543	0.39980399548815626	0.25126564293958953
0.3493294415282258	0.4002042900208991	0.2504662684508752
0.3501095721518427	0.4001970821060312	0.2496933457421262
0.34972512645701076	0.3996932733123415	0.2505816002306478
0.34979880772946753	0.4002807470382564	0.2499204452322762
0.3501765144990497	0.4000883952913924	0.24973509020955803
0.35026627227935614	0.3997928728692647	0.24994085485137932
0.34962533147019687	0.4003532929817222	0.25002137554808107
0.35016184469792083	0.3999101417535511	0.24992801354852817
0.3488929634669106	0.40006656674368013	0.2510404697894093
0.34901078736932495	0.40032115192899975	0.25066806070167535
0.3497070017674584	0.4005688818460216	0.24972411638652015
0.3492524287998158	0.39966375159977197	0.2510838196004124
0.3496803749379924	0.4004901015117357	0.24982952355027202
0.3496629605559388	0.39987698223991186	0.25046005720414943
0.34926609318670354	0.3997560346696249	0.2509778721436717
0.34983382055591405	0.40037119575286373	0.24979498369122233
0.3492541055548199	0.4005580168430053	0.2501878776021749
0.3491599986810419	0.4004253039342103	0.250414697384748
0.34945200304715923	0.39964245600297155	0.2509055409498694
0.3496724453828395	0.40055541268750827	0.24977214192965233
0.3502507289375322	0.399845037357904	0.249904233704564
0.3496557991917303	0.3997732551724869	0.2505709456357829
0.3502675154706452	0.3998020855416472	0.2499303989877077
0.3498522266399256	0.39994796662929083	0.2501998067307837
0.3497692250761874	0.399779788172437	0.2504509867513757
0.3502165347003749	0.399998679466407	0.24978478583321823
0.3497037898271848	0.40035557324527715	0.24994063692753815
0.34984228246262034	0.4000364604185598	0.25012125711882005
0.3498474482054653	0.3998185427500142	0.2503340090445206
0.34907289949801	0.3997215951570009	0.2512055053449892
0.34941299687566296	0.399685665609774	0.25090133751456317
0.3495272851177557	0.39988088772666985	0.2505918271555746
0.34964483307429867	0.39967936159444506	0.25067580533125644
0.34898209111032963	0.4005002870898323	0.25051762179983816
0.3495916724116121	0.4001103355421108	0.25029799204627723
0.34991001496920127	0.3999675223935912	0.25012246263720767
0.3499617311168113	0.40016105716947215	0.2498772117137167
0.3491802990511592	0.400572128427958	0.2502475725208829
0.3502456850877801	0.399849791452404	0.249904523459816
0.3495368284113286	0.40054865727049266	0.24991451431817882
0.34915213449681376	0.40016821365130695	0.25067965185187935
0.34931501796559306	0.40007482440390985	0.2506101576304972
0.3490044923712527	0.4004929865362743	0.2505025210924732
0.3496944514959529	0.39982962491832214	0.25047592358572507
0.3493083924330255	0.399803952065392	0.2508876555015826
0.3492865260739781	0.3999265553965182	0.25078691852950374
0.3496610588549053	0.40013550950474397	0.2502034316403508
0.34923946019278873	0.399917816435054	0.2508427233721574
0.35019699932230886	0.3996546464019651	0.2501483542757262
0.3497663597537676	0.3998730271210523	0.2503606131251802
0.3489945159479547	0.3999235091045531	0.25108197494749224
0.35017440601378663	0.39972644260773427	0.25009915137847927
0.3495926259846983	0.39977994154923735	0.25062743246606445
0.34944233408687453	0.39999691604291726	0.25056074987020827
0.3499246801003214	0.39997176192879863	0.25010355797088
0.34923700362312166	0.40001339610523684	0.2507496002716416
0.3492441393239519	0.39976350288896634	0.25099235778708184
0.34979464519327436	0.40048493523135714	0.2497204195753686
0.34981042372369753	0.39994527272170904	0.25024430355459354
0.3491346193607149	0.4000783842861052	0.2507869963531801
0.34947306001067213	0.40037768296938847	0.2501492570199395
0.34910995587136473	0.4001331711318114	0.25075687299682403
0.34904832906276195	0.39968621289572426	0.2512654580415139
0.34959857246980997	0.40023723698288416	0.250164190547306
0.34949254278434716	0.399867195659532	0.2506402615561209
0.34901259519077094	0.40000883875991405	0.2509785660493151
0.34970833120847467	0.40051695196599607	0.24977471682552937
0.3500482851907499	0.4001230055202326	0.24982870928901757
0.3495822590780158	0.39995424128284973	0.2504634996391346
0.35002547966160824	0.4002449145825703	0.24972960575582154
0.34967564844903193	0.39996894647214687	0.25035540507882126
0.34941106431381475	0.40046302952894275	0.2501259061572427
0.3491424349317712	0.40047199810811374	0.25038556696011516
0.3495658488133673	0.3999881877488717	0.2504459634377611
0.34990679380652906	0.39981475278137846	0.2502784534120926
0.3496291285147497	0.4003347845132603	0.25003608697199003
0.3497396110467524	0.3997775452449954	0.2504828437082523
0.3498013725550691	0.4003871153263081	0.24981151211862287
0.3489754232157478	0.4001136346171466	0.25091094216710563
0.3497869451297964	0.40034938974796397	0.24986366512223973
0.3493438060510373	0.39977964900891133	0.25087654494005146
0.3495045926607426	0.3999838012212436	0.25051160611801393
0.3500380372544318	0.40031480304144407	0.24964715970412424
0.34915910400324635	0.4003339745201462	0.2505069214766076
0.34926871507504637	0.4000552482074561	0.2506760367174976
0.34952087015487665	0.4000468899656846	0.25043223987943886
0.34979636266561215	0.39985404698644406	0.2503495903479439
0.34986167268921353	0.40027418754983024	0.24986413976095634
0.3494469526102129	0.3996739078926561	0.2508791394971311
0.3493203003671844	0.3997371208705689	0.25094257876224674
0.34984287172687895	0.40006060656833675	0.2500965217047844
0.34975926857196177	0.4003451136507223	0.249895617777316
0.3495219572781473	0.4001943987410775	0.25028364398077535
0.348927867256269	0.3999006233647565	0.2511715093789746
0.3502844183051726	0.3998979437410755	0.249817637953752
0.3492145833084165	0.4002265075789777	0.2505589091126059
0.35029114506786413	0.4000321044969888	0.24967675043514717
0.3498084244248617	0.39966828953439093	0.2505232860407475
0.3499555729891694	0.40013818647603644	0.24990624053479427
0.35014722128197157	0.4000968178862326	0.24975596083179596
0.3496994999302308	0.4000881510398113	0.250212349029958
0.34928456071742287	0.40011117123607853	0.2506042680464987
0.34889784018552755	0.4004812942453006	0.25062086556917196
0.3492295618689197	0.39983268036774683	0.2509377577633336
0.35014295724618133	0.40001276617770337	0.24984427657611538
0.34977252851180435	0.3997855216766177	0.2504419498115781
0.35002457064130127	0.400309693987804	0.24966573537089476
0.3495350513466676	0.3996685303528356	0.25079641830049687
0.348992657066735	0.4003005480386574	0.25070679489460773
0.34903943674258153	0.3997110517633812	0.25124951149403735
0.34890569543155453	0.3998114610291498	0.25128284353929586
0.34920303490245147	0.40020311787551066	0.2505938472220379
0.34980900453592123	0.39972240260674047	0.2504685928573384
0.3489397757012637	0.40019991279324973	0.2508603115054866
0.3494647356262348	0.3999836342794979	0.2505516300942674
0.34999073813768483	0.3998072513663498	0.25020201049596547
0.35019300971519035	0.3997274004713489	0.2500795898134608
0.3492885933324808	0.4004927902934608	0.2502186163740585
0.3497930545090832	0.40037066532101284	0.24983628016990406
0.3501769494808802	0.3998549088933857	0.24996814162573427
0.349656274432626	0.3997446006681141	0.25059912489926
0.34995244667464465	0.4001805601533031	0.24986699317205235
0.34914675064725803	0.40012189941745446	0.2507313499352877
0.3495784985253909	0.40024932933192003	0.25017217214268916
0.34979873966686253	0.40051056271675356	0.24969069761638402
0.3502708181616387	0.3997117221869208	0.2500174596514406
0.3493846669799571	0.3999430429689763	0.2506722900510666
0.3495433797861211	0.3999465737652266	0.2505100464486524
0.3491651055169849	0.4003794837779611	0.2504554107050541
0.35012288502276734	0.4000418793150391	0.24983523566219368
0.3494260306174385	0.39983672634860273	0.25073724303395895
0.35032320566448494	0.4000131635416221	0.24966363079389306
0.34937219348338483	0.4004840494047341	0.2501437571118812
0.3494200218289737	0.39991311849742145	0.25066685967360497
0.34942765675989257	0.4005413607272843	0.25003098251282324
0.3488834490060367	0.400392983485529	0.2507235675084344
0.35017007215690865	0.3996936961230111	0.25013623172008037
0.349668440477006	0.4004821494429253	0.24984941008006878
0.3501599892428604	0.39974960970856355	0.25009040104857616
