0.20772728773925608	0.5771683087588437	0.21510440350190024
0.20633083864515062	0.5815375930170255	0.21213156833782412
0.20841660550733693	0.580645617466261	0.2109377770264022
0.20832926835605284	0.5789871540984217	0.2126835775455255
0.2064833359696313	0.5821633907746564	0.2113532732557124
0.2077625831571213	0.5785967218147312	0.2136406950281476
0.20618972738395447	0.5780473438357879	0.2157629287802577
0.20836550357776426	0.5768055182538041	0.21482897816843172
0.20548744100834643	0.5815022643527289	0.21301029463892487
0.20817559104732283	0.5767238915492877	0.21510051740338954
0.20558540131222502	0.5786770319785639	0.2157375667092112
0.20687986778683873	0.5786983679592266	0.21442176425393475
0.20664002079815447	0.5783915177523544	0.21496846144949122
0.20625748856932005	0.579291732737353	0.21445077869332707
0.2061174329238395	0.579376619999943	0.2145059470762175
0.20587855599758528	0.5784217241381948	0.2156997198642201
0.20691276626641802	0.5778781282044839	0.2152091055290982
0.20797210902306018	0.581155025955089	0.21087286502185093
0.20607232362669656	0.5818460894163276	0.21208158695697588
0.20799304636871446	0.5784890615051848	0.21351789212610084
0.20716373328055762	0.5779014048690478	0.2149348618503947
0.20630328421297542	0.5820783047142356	0.2116184110727891
0.2076246534755125	0.5799052407454306	0.21247010577905703
0.20832812366670875	0.5807429907536323	0.210928885579659
0.20787471968240662	0.5804134538887318	0.2117118264288617
0.20799652439515737	0.5784837536431454	0.21351972196169738
0.20688785089015985	0.5805908156062591	0.21252133350358107
0.2075872981986019	0.5770735572746079	0.21533914452679034
0.20788533063615075	0.5796637907281685	0.21245087863568085
0.20828121059915788	0.5802156282942874	0.21150316110655482
0.20546065571795172	0.5803290430257727	0.2142103012562757
0.2077679933685961	0.5765090687158676	0.21572293791553643
0.2072549334319096	0.580007389056435	0.2127376775116556
0.2078170679384488	0.5797131125497053	0.2124698195118461
0.20554924139362393	0.5785141982288755	0.21593656037750067
0.2074502988482789	0.5777060132737226	0.21484368787799868
0.2083020059035236	0.5783825127963252	0.21331548130015127
0.20814110584443263	0.5820028040518462	0.20985609010372125
0.2086655538508329	0.580996559618588	0.21033788653057917
0.2083140460145778	0.578817242489368	0.2128687114960544
0.20724740836439468	0.5825012988147289	0.2102512928208766
0.20733868164005437	0.5817411178636813	0.2109202004962644
0.2054887996465564	0.5822549164554569	0.21225628389798679
0.20572030275145486	0.5782404598844639	0.21603923736408132
0.20696075879729461	0.5787071533355443	0.2143320878671612
0.2063129945397549	0.5812211771655479	0.2124658282946973
0.2071398354299336	0.5817939090789856	0.2110662554910808
0.20598259098682029	0.5812112672996561	0.2128061417135237
0.20764758322518662	0.5784312165558156	0.2139212002189978
0.20639491843174934	0.5794870047742855	0.21411807679396525
0.20702375080744073	0.5793825699015338	0.21359367929102566
0.20617965991942314	0.5781502199401268	0.21567012014045012
0.20576109688857397	0.5806669764089522	0.213571926702474
0.20735698933271812	0.5785718390180472	0.2140711716492348
0.20715007345083114	0.577305463814171	0.215544462734998
0.20640769560317368	0.5803772989762975	0.21321500542052887
0.20752277591872262	0.5810456891481024	0.21143153493317512
0.20669062964152424	0.5796673961837846	0.2136419741746913
0.20758711062899243	0.5788846808450497	0.2135282085259579
0.20620303552635275	0.5795904634131392	0.21420650106050812
0.20607566297898297	0.5824062165200563	0.21151812050096092
0.20660033852454382	0.5802333768757874	0.2131662845996689
0.20548469173221065	0.579590857381685	0.21492445088610448
0.20640958034904744	0.5778955390959184	0.21569488055503436
0.20696167429513432	0.5814046083521192	0.21163371735274664
0.20845462314300522	0.5800254692684823	0.21151990758851258
0.20735903262367542	0.5797186237460838	0.2129223436302409
0.20797955698476517	0.5820597220009021	0.20996072101433283
0.20652199434490898	0.583030121981022	0.21044788367406914
0.20808196436091778	0.5813451333723514	0.21057290226673103
0.20698661448435968	0.5775835145471243	0.21542987096851615
0.20578409894434077	0.5806297326972903	0.21358616835836897
0.20651102217077472	0.5827855199021936	0.21070345792703182
0.20845936525172254	0.5797220156115308	0.2118186191367468
0.20837461126061707	0.5783334512853541	0.21329193745402897
0.2065515180417072	0.5816873064621596	0.21176117549613335
0.20626970459099456	0.5814224381934521	0.2123078572155535
0.20779021940819245	0.5820518797722266	0.21015790081958108
0.20737613314067826	0.5770172539837299	0.2156066128755919
0.20701570657996282	0.5801688138293479	0.21281547959068936
0.2062511405597761	0.5810179236304803	0.21273093580974367
0.20807025216627983	0.5785958694977393	0.213333878335981
0.205578375517029	0.583225435073607	0.21119618940936413
0.20620417498915838	0.5824760160908959	0.2113198089199458
0.20612020235878845	0.5810862560056962	0.2127935416355155
0.20571533430002167	0.5815481488477421	0.2127365168522364
0.2067319283818943	0.5787681926268846	0.21449987899122114
0.20747458890754206	0.5815600862097593	0.21096532488269876
0.20596600084167127	0.5798244040335928	0.21420959512473603
0.2058299195134577	0.5788538011997291	0.2153162792868134
0.20697198374381975	0.581786182174566	0.21124183408161432
0.20714476127488735	0.578717071464642	0.21413816726047075
0.20719918773652318	0.5796280798456346	0.2131727324178424
0.20810441753908754	0.5814790721729126	0.21041651028799999
0.2059049539051591	0.5828709026333176	0.21122414346152332
0.20807831829975257	0.5808522440640966	0.21106943763615094
0.20823712461732277	0.5793172390395753	0.212445636343102
0.20637580387339957	0.5833565785178785	0.21026761760872203
0.2067034448122778	0.5794686587279584	0.2138278964597639
0.2055880930491772	0.5832165936156755	0.21119531333514746
0.20845219233542467	0.5782413386374118	0.21330646902716371
0.20725910101391823	0.5809632770748128	0.2117776219112691
0.20830136116475484	0.5798388837262717	0.21185975510897365
0.20613441971279658	0.580839750230784	0.21302583005641954
0.20778873493548175	0.5804992736577144	0.21171199140680397
0.20864539359031758	0.5767087706558706	0.21464583575381202
0.2054346542474045	0.5805695957244801	0.2139957500281155
0.20639936369316939	0.5812475133173662	0.21235312298946457
0.20578179385770745	0.5819541576262406	0.21226404851605213
0.20868781018439364	0.5771010670646244	0.2142111227509821
0.20746282387471368	0.5784577877083072	0.21407938841697924
0.2079982927661917	0.5766848975945951	0.21531680963921335
0.20603302759822617	0.5835714158271408	0.2103955565746331
0.2073765274555239	0.5814937548113612	0.21112971773311495
0.20843448602635214	0.5783494587061291	0.21321605526751888
0.20796288605258997	0.5784277106244011	0.21360940332300898
0.20712784842079673	0.5786065187980096	0.21426563278119376
0.2066939240435974	0.5827710814561173	0.21053499450028537
0.20668134441072644	0.5834980447194456	0.20982061086982806
0.2057747085599764	0.5821884726713675	0.21203681876865627
0.20635662765317278	0.5777099010829976	0.2159334712638298
0.20848235459261777	0.5807100664097047	0.21080757899767766
0.20822921558775082	0.577239765296349	0.21453101911590028
0.20862917720472615	0.5787698707900268	0.21260095200524712
0.20811888823316155	0.5777593337304474	0.21412177803639115
0.20600804135898748	0.5833812385529159	0.21061072008809673
0.2071821892120731	0.5810457489853863	0.21177206180254074
0.20831587489053102	0.5802748950054686	0.21140923010400045
0.2067611374906072	0.5796450361737269	0.2135938263356661
0.2059709448813113	0.5782345806093988	0.21579447450929004
0.207007278789089	0.5769389805720377	0.21605374063887336
0.2081505137331427	0.5778824431898467	0.2139670430770107
0.20548787861742263	0.5821344734128355	0.212377647969742
0.2057104055263385	0.5829399533102951	0.21134964116336646
0.20795831618215221	0.5788590576617079	0.21318262615614003
0.20861802790376727	0.5786666870270183	0.21271528506921455
0.20838163426966116	0.5769672845648007	0.21465108116553824
0.20829756957380685	0.5802952149912529	0.21140721543494034
0.2077525100532013	0.5821055692524992	0.21014192069429952
0.20600242560634383	0.5792262834514028	0.2147712909422535
0.2059802824788805	0.5798064735780716	0.21421324394304803
0.2084636702297195	0.5806860598544512	0.2108502699158294
0.2074770980449025	0.5826761332457833	0.20984676870931435
0.20631775926239104	0.5781663403933303	0.2155159003442788
0.2080460777277559	0.5780177010959245	0.21393622117631966
0.20768673908737706	0.5810791526748311	0.21123410823779198
0.20698385495869331	0.5785858193039801	0.21443032573732673
0.2081620070846232	0.5761933407702388	0.21564465214513814
0.20645804928364198	0.5816253076288126	0.21191664308754554
0.2061444996601898	0.5832037284554852	0.21065177188432505
0.2068380106351821	0.5782693304783832	0.21489265888643486
0.20750764959976895	0.5782097045347584	0.21428264586547277
0.20715749012047946	0.5792875190027559	0.21355499087676477
0.20697356458938185	0.5813555267615105	0.21167090864910787
0.20676250206089952	0.5772570289694245	0.21598046896967613
0.2059768907685808	0.5813390664793704	0.2126840427520489
0.20640287241136313	0.582843299812762	0.21075382777587504
0.20745192950461463	0.5812222464538048	0.21132582404158068
0.20840670972355976	0.5795093089397372	0.2120839813367032
0.20595402828269	0.5803784357788999	0.21366753593841023
0.20614934096848328	0.5820374370017074	0.21181322202980946
0.20785117280919824	0.5787540087755682	0.21339481841523372
0.20665653437981024	0.5799025460618822	0.21344091955830768
0.20671133767480457	0.5786979865710041	0.21459067575419144
0.20562725359792572	0.579915691150169	0.21445705525190534
0.20725343843974486	0.5782074087103236	0.2145391528499317
0.20871746374488395	0.5763877844321588	0.21489475182295736
0.2064285363193572	0.5802342798450104	0.21333718383563255
0.20703864902525534	0.5828453084890224	0.21011604248572235
0.2082149031791564	0.5809768988653857	0.21080819795545802
0.20568271433285917	0.5820556968047853	0.21226158886235563
0.20543177428132495	0.5824441312243259	0.2121240944943492
0.20625133397161685	0.582612198234016	0.2111364677943673
0.20819815199468222	0.5791636735707759	0.21263817443454192
0.20628320255892585	0.5829811790610365	0.2107356183800377
0.20792630855674674	0.5767798357914993	0.21529385565175413
0.20865776111746848	0.5764407324242313	0.2149015064583003
0.20824183318759976	0.5777019493035774	0.21405621750882292
0.20760153796098385	0.5786932840175469	0.21370517802146938
0.20786429716038385	0.5786632607485117	0.21347244209110458
0.20852489263998752	0.5810304879757543	0.2104446193842583
0.20833953075034578	0.5805342345535356	0.21112623469611871
0.20549352696761308	0.5833095468196017	0.2111969262127853
0.20797374832569698	0.5805402482357749	0.2114860034385282
0.20762182668035026	0.5801035428123762	0.21227463050727366
0.2066989505691123	0.5812894920749652	0.21201155735592267
0.2059428931274513	0.5833485529104746	0.21070855396207425
0.20794525883528203	0.5820949439286613	0.20995979723605676
0.20771195161011685	0.5796614240907242	0.2126266242991591
0.20693970032740186	0.5774632153983328	0.21559708427426552
0.20871655173018	0.5786579042284304	0.21262554404138967
0.2058909407981878	0.5830861810045509	0.21102287819726145
0.2071353645576121	0.5826466992530752	0.21021793618931275
0.20864439082110736	0.5794538370954498	0.21190177208344285
0.20561450875868936	0.5788737497045365	0.21551174153677427
0.20771432764432154	0.582189670294747	0.21009600206093162
0.20792319584503038	0.581778912253825	0.21029789190114473
0.20573287668764761	0.5803213274887198	0.21394579582363266
0.20797070982613752	0.5781629831151925	0.21386630705867007
0.20664055460615702	0.5777926623619478	0.2155667830318953
0.20676944115331722	0.5792572727389917	0.21397328610769117
0.20597992855504282	0.5813801824445972	0.21263988900036002
0.20553958302731387	0.5784469854879339	0.21601343148475236
0.20603882046683417	0.5788092386701378	0.21515194086302813
0.2057262660800552	0.5789035682798943	0.21537016564005057
0.20738189201201754	0.581344712177589	0.2112733958103936
0.2060828768753879	0.579362959750098	0.21455416337451427
0.20822455089727257	0.579571068101554	0.2122043810011735
0.20545052301637995	0.5812735728802721	0.213275904103348
0.20675171645998783	0.5776353615146977	0.21561292202531457
0.20794188080532497	0.577021859042981	0.21503626015169414
0.20600625802864508	0.581616937376232	0.21237680459512306
0.2084292771874212	0.5776866728193996	0.2138840499931794
0.20778386313772923	0.5823312585772076	0.20988487828506328
0.20683798247186755	0.5783337324610871	0.2148282850670454
0.20548357953483384	0.5828592884846981	0.21165713198046815
0.20695748751598927	0.5802882783515257	0.21275423413248504
0.20711374879611022	0.5826893251576217	0.2101969260462682
0.20745518187852674	0.5823428296448917	0.21020198847658164
0.20743079539091183	0.5792252739891718	0.2133439306199165
0.20766700492615983	0.576206716449916	0.2161262786239243
0.20630226194541612	0.578196795501532	0.215500942553052
0.20704640284974482	0.5800546730249052	0.2128989241253501
0.20800859913611175	0.5772332718653774	0.214758128998511
0.2058529318322806	0.5828912780109796	0.21125579015673995
0.206063003089352	0.5830736665650083	0.2108633303456399
0.20691967517026305	0.5825184852421983	0.2105618395875387
0.20629043286479662	0.5793465845593977	0.21436298257580577
0.20603478136380968	0.580990519165812	0.21297469947037836
0.20662979819306995	0.5789283139851172	0.2144418878218129
0.2076290448634965	0.5818372044514923	0.21053375068501123
0.20778146614310586	0.5806350696769684	0.21158346417992588
0.20616271447704437	0.5835772634420193	0.21026002208093644
0.20721750816201429	0.5814947699437119	0.21128772189427392
0.20549955460365174	0.5811728147845119	0.21332763061183646
0.20692557073407786	0.5802570096727149	0.21281741959320735
0.20678389195344613	0.5804688121109738	0.21274729593558023
0.20648733430835708	0.5809708049190421	0.21254186077260098
0.20784340839123477	0.580272487685475	0.21188410392329027
0.20738748469150475	0.5796084838166243	0.213004031491871
0.20812486692374624	0.5820183103459245	0.20985682273032932
0.2070943843160719	0.5824863445439555	0.21041927113997264
0.20724250053414256	0.581769181168545	0.2109883182973125
0.20587779777940712	0.5804304132306823	0.2136917889899107
0.20706426915925674	0.5819305001442979	0.21100523069644544
0.2074750309262608	0.5803023736674926	0.21222259540624672
0.2086128274998183	0.5794850752304652	0.21190209726971662
0.20685691019763305	0.5785234856850707	0.2146196041172963
0.20839282783368068	0.580212902678918	0.21139426948740142
0.2084218826629011	0.5764871566798679	0.21509096065723107
0.20859798799629017	0.5774799551132965	0.21392205689041335
0.2059951670509947	0.5802193783136738	0.21378545463533166
0.20581681646493122	0.583425100176372	0.21075808335869697
0.20698436613168283	0.5822533920336757	0.21076224183464162
0.2082111382428955	0.5791545669207755	0.2126342948363291
0.2064748990716057	0.5779282978285134	0.21559680309988108
0.20764476762136974	0.5773958565403973	0.2149593758382331
0.20596759866249112	0.5779214861929496	0.2161109151445594
0.20772947873725564	0.5798099393725884	0.21246058189015615
0.2087148690180842	0.5792191903536819	0.21206594062823408
0.20722150464194505	0.5812536950033704	0.21152480035468468
0.20858841051186106	0.5810040504887352	0.2104075389994039
0.20663685125249795	0.5817759866586545	0.21158716208884765
0.20664223201497425	0.5823269723564902	0.2110307956285357
0.20775600298217134	0.5776708123811984	0.21457318463663033
0.20623914510718758	0.5783578595947031	0.21540299529810947
0.20807872126914545	0.5812426355757847	0.21067864315506993
0.20732466042525532	0.5793595351560786	0.21331580441866616
0.20848282491221576	0.5767743019741717	0.21474287311361265
0.20809359187516296	0.5820056674506416	0.2099007406741955
0.20665197483674672	0.5793694197913423	0.21397860537191116
0.2057697965167505	0.5834383338163023	0.21079186966694724
0.20630196537738218	0.5837374654090413	0.20996056921357664
0.20737765404486447	0.5786274253957053	0.21399492055943034
0.20789629931790782	0.5807243137373949	0.2113793869446974
0.20630180015306226	0.5787866556079677	0.2149115442389702
0.2065943366696343	0.5810057607514411	0.21239990257892472
0.20593419361067225	0.5798716627432731	0.21419414364605482
0.20612989598354836	0.5823821754562224	0.21148792856022933
0.2068925152833636	0.5786323851454769	0.21447509957115962
0.2085124738287339	0.5805327832533914	0.2109547429178748
0.20863719902049566	0.5766318223185574	0.21473097866094704
0.20610216146332738	0.5815900272646166	0.2123078112720561
0.20855361338654385	0.5809745921336413	0.21047179447981496
0.20824376893446464	0.5805718063894918	0.2111844246760437
0.207593539363991	0.5785708403926196	0.2138356202433895
0.20686494875274158	0.5803302263492764	0.2128048248979821
0.20552134235498024	0.5830675800632906	0.21141107758172922
0.2056095106366838	0.5832951442200944	0.21109534514322187
0.20761399287868929	0.5794345808292818	0.2129514262920291
0.20724949964576936	0.5775625304517569	0.21518796990247382
0.20649100463655307	0.5830130845551974	0.2104959108082497
0.20680678143869916	0.5824107269375323	0.2107824916237687
0.20690063095884248	0.5785173827325903	0.2145819863085673
0.20820165507424088	0.57796439561502	0.21383394931073935
0.2073612486911	0.5824145158722283	0.21022423543667187
0.207732905791895	0.5820424636739591	0.2102246305341461
0.206793354957875	0.5833413768880766	0.20986526815404855
0.2085594313788703	0.580287318117805	0.21115325050332476
0.20692433825275858	0.5821449341959439	0.2109307275512976
0.20601761308506075	0.5797550110798787	0.21422737583506066
0.20810522893441052	0.5792268343691559	0.21266793669643366
0.20551816391729985	0.5838346376200253	0.21064719846267496
0.20624955763438702	0.5814121664908033	0.2123382758748098
0.20669596493720208	0.580580805031674	0.21272323003112403
0.20639836721939064	0.5795244741549676	0.2140771586256419
0.2069309542695309	0.5819129624983425	0.21115608323212673
0.20615884741563772	0.5784705284805836	0.2153706241037788
0.2058695881227017	0.5817327588715104	0.21239765300578797
0.20667583053462688	0.5824438660303373	0.21088030343503594
0.20660346752833605	0.5817488575959587	0.2116476748757053
0.20546301290666358	0.5796837496565348	0.21485323743680168
0.2063957613633311	0.578700985689557	0.21490325294711204
0.20589019834323222	0.5787990781740529	0.21531072348271496
0.20612817781159715	0.5800451200834283	0.21382670210497468
0.20707293586301798	0.5780403442423955	0.21488671989458666
0.20868081090978807	0.578164650580924	0.21315453850928803
0.2073710822315737	0.580804969765538	0.21182394800288842
0.20849855433222847	0.5784432119369536	0.213058233730818
0.20720567155470254	0.5820349681062815	0.21075936033901604
0.205634110627976	0.5832730438889095	0.21109284548311447
0.20659515268926387	0.5774109445297949	0.21599390278094135
0.208152045059884	0.5792245227316858	0.21262343220843039
0.20810656334565164	0.578910324464244	0.21298311219010457
0.2076882910334093	0.5777817129927656	0.21452999597382522
0.2055674540427297	0.5831110749937984	0.21132147096347204
0.20605902585552374	0.579573657039842	0.21436731710463436
0.20757234766958763	0.5810934385581555	0.21133421377225697
0.20691946990909754	0.5796348087741188	0.21344572131678385
0.20679691842145828	0.5799993254483857	0.21320375613015613
0.20695474247210804	0.5806342756306677	0.21241098189722435
0.20577177519442963	0.5831248566569568	0.21110336814861375
0.20727342100540933	0.5783672642913475	0.2143593147032433
0.2055971682368564	0.5816219765913088	0.21278085517183493
0.2065708020356689	0.5829700147271782	0.21045918323715296
0.2072728717544729	0.5799167688105498	0.21281035943497753
0.20734062706595485	0.5780067190413133	0.21465265389273197
0.20547025673677097	0.5786204385528246	0.21590930471040454
0.20611706112518785	0.5801543092482865	0.2137286296265258
0.20636298567534894	0.5838509013029801	0.20978611302167105
0.20754173206291243	0.5796438035857391	0.21281446435134865
0.20697076845037113	0.5786970987602028	0.2143321327894262
0.20778316521404167	0.5806080413827417	0.21160879340321678
0.205847981080633	0.5789129688898531	0.21523905002951393
0.20625285489692302	0.5801660174390225	0.2135811276640546
0.2063651804214494	0.5813065785426171	0.21232824103593362
0.20580830164592964	0.5787199866474431	0.2154717117066275
0.20586213625474378	0.5818213613140355	0.2123165024312209
0.20669747902654428	0.5791369553213892	0.21416556565206657
0.20822314479700102	0.5785939207975014	0.21318293440549774
0.20690810320578634	0.580578787908938	0.21251310888527578
0.20786129511695164	0.5798662091022164	0.21227249578083204
0.20820349735417185	0.5781006738428174	0.21369582880301083
0.20702940329942396	0.5778772321647875	0.2150933645357887
0.2083603618857978	0.5795724045023494	0.21206723361185295
0.20587068582135035	0.5810992983681912	0.21303001581045858
0.20731106458820817	0.577836620103904	0.214852315307888
0.2068385630698376	0.582761724829796	0.21039971210036645
0.2068980470862003	0.5787123661668785	0.21438958674692132
0.20704713436025654	0.5830184452387579	0.20993442040098564
0.20626018156625187	0.582026758880893	0.2117130595528553
0.20610276586905604	0.5794228152876894	0.21447441884325474
0.20596796330068393	0.5818282935923147	0.21220374310700155
0.20790068357283523	0.578685946575948	0.21341336985121684
0.20640381079152947	0.57950450579065	0.2140916834178206
0.2082632279522771	0.5776695365488609	0.2140672354988621
0.20703400761243518	0.5775115427255553	0.21545444966200963
0.20715929054344326	0.5775984192158237	0.21524229024073321
0.20731522231226676	0.5810895040372611	0.21159527365047223
0.20825482070730436	0.5775293688327596	0.21421581045993607
0.20862443659347563	0.5774116255972064	0.21396393780931808
0.20798588259350642	0.5803455821601795	0.21166853524631413
0.20851420962749645	0.5775207957349086	0.2139649946375951
0.20785975169488524	0.5767680661852859	0.21537218211982892
0.20805667966611308	0.579116688250379	0.21282663208350808
0.20744998095034922	0.5783118894611219	0.21423812958852906
0.2058708842166471	0.5808953042441846	0.21323381153916846
0.2064190081334934	0.5803021427334993	0.21327884913300732
0.20869647473589817	0.5804675987514473	0.21083592651265468
0.20807624594892496	0.5802446650866533	0.2116790889644219
0.20867301249161999	0.5808122267576994	0.21051476075068076
0.20543182374346916	0.5792486901865574	0.21531948606997342
0.20692475917645553	0.5807379600177027	0.21233728080584197
0.20719453220355233	0.5768358695240884	0.2159695982723594
0.20625514702703365	0.5826441483872344	0.21110070458573196
0.20848734214571513	0.5808227407871074	0.21068991706717755
0.20785215291706696	0.5768753569912746	0.21527249009165855
0.20644715057440471	0.5787051770500857	0.21484767237550967
0.20576769742848622	0.5822617165789716	0.21197058599254226
0.20789344134039556	0.5763556203339114	0.21575093832569317
0.20750545050017674	0.5766291381550974	0.21586541134472587
0.20544755513347732	0.5797224679390127	0.21482997692751005
0.2078181630537153	0.5800429562531635	0.21213888069312123
0.2062198119523509	0.5801986298398998	0.21358155820774943
0.2079378790005733	0.5780860187770751	0.21397610222235164
0.2087143434897199	0.5783100285485994	0.21297562796168085
0.20760278497164922	0.5793947140602363	0.21300250096811454
0.2061606773585704	0.5833732364421358	0.2104660861992939
0.20736081469629494	0.5765140170460042	0.2161251682577009
0.20573039167338342	0.580944963491985	0.21332464483463173
0.2077616102861754	0.5773446186452873	0.21489377106853735
0.20820848063160843	0.5804467349940229	0.21134478437436882
0.20629762838312835	0.5780058567381782	0.21569651487869354
0.20557450661040072	0.5784900990814912	0.21593539430810815
0.20794627221334086	0.576741115696538	0.21531261209012134
0.2083404437466428	0.580292203712684	0.21136735254067335
0.20712976367172184	0.5796490861776207	0.21322115015065754
0.20661261785384563	0.579444014429844	0.21394336771631056
0.20862912181057847	0.5788324889681067	0.21253838922131488
0.20781836126902822	0.580079440854457	0.21210219787651488
0.20674706006842147	0.5789891636595969	0.21426377627198176
0.20774413143609516	0.5777123720139833	0.21454349654992172
0.20778453689140908	0.5799302022242872	0.21228526088430388
0.20754659602160117	0.582635658981727	0.20981774499667194
0.20572257338059557	0.5832351673662415	0.2110422592531631
0.20785025755504016	0.5821797018884016	0.20997004055655838
0.20596606641996767	0.582314386087439	0.21171954749259342
0.20668884319185638	0.5831732679256034	0.2101378888825404
0.2060871193195315	0.5817596715453732	0.2121532091350954
0.20720154657330533	0.579012647190094	0.21378580623660073
0.20759482722349243	0.5791795556825182	0.21322561709398946
0.2075389807034635	0.5806722705035632	0.21178874879297338
0.2081825937609803	0.5778341799305591	0.2139832263084607
0.20655068842349716	0.5819743903594635	0.21147492121703942
0.2054925915110392	0.5796600752221601	0.21484733326680078
0.20753255906718346	0.5817625282778626	0.21070491265495409
0.2059600033397362	0.5825133988654961	0.21152659779476776
0.20769944288206232	0.5806489849234959	0.21165157219444192
0.20750793274433738	0.5822582355759015	0.21023383167976123
0.2056851312156108	0.5786742895339042	0.21564057925048508
0.20850762229442563	0.5785266187491215	0.212965758956453
0.2081695619777539	0.5785713800720875	0.21325905795015873
0.20648673509944832	0.5798349347981435	0.21367833010240833
0.20653221745205164	0.5833441046292891	0.21012367791865938
0.20760790797557865	0.578376961992425	0.21401513003199646
0.20603096798973963	0.5789293468296532	0.2150396851806073
0.20767149129037588	0.5783471702132378	0.21398133849638645
0.20699665279107546	0.5786523502492951	0.21435099695962953
0.20617004821653873	0.5817640171939089	0.21206593458955242
0.2057013061724971	0.5813403037280669	0.21295839009943618
0.20567526402801328	0.5829430146366773	0.2113817213353095
0.20860092711285724	0.5795816934491294	0.21181737943801351
0.206529671522918	0.5825317661811606	0.21093856229592148
0.20782331962858655	0.5824119574799254	0.20976472289148815
0.20818319357904205	0.5820479190063371	0.20976888741462096
0.20638416250492675	0.5782800216269198	0.2153358158681535
0.20830801854406422	0.5764220635949331	0.21526991786100277
0.20701161942979757	0.5789123591756621	0.21407602139454046
0.20578081799159484	0.5814704354268755	0.2127487465815298
0.20752312654956626	0.5777259235932907	0.2147509498571432
0.2072700583117958	0.581452185647771	0.21127775604043328
0.20831546991592775	0.5783352030677934	0.213349327016279
0.20802630044344544	0.5778423448358081	0.2141313547207466
0.20828798983475327	0.5762832815524892	0.21542872861275772
0.2066044782432815	0.5782342482716933	0.21516127348502523
0.20620305767681202	0.5793182839169306	0.2144786584062575
0.2072773974315435	0.581424643334023	0.21129795923443362
0.20691842509639735	0.5789421935023592	0.2141393814012436
0.20554032055925311	0.5817949472038192	0.2126647322369278
0.20715074878017747	0.5807258269725276	0.21212342424729502
0.20607183993391734	0.5796669036415175	0.21426125642456523
0.20601759368218955	0.5795780892966687	0.21440431702114193
0.20819044269178694	0.5770483762270799	0.2147611810811333
0.20787468468633233	0.5777596604126909	0.21436565490097692
0.20700110741595856	0.5783505202412256	0.21464837234281597
0.20742616834196534	0.5771216087483919	0.21545222290964283
0.20648774799945363	0.5785429740405295	0.21496927796001702
0.20712836876598484	0.5786499792231703	0.21422165201084498
0.20870091557528372	0.581093011831047	0.21020607259366939
0.20588672100699232	0.5804433537963007	0.21366992519670708
0.20867686991060802	0.5811846460618416	0.21013848402755053
0.20665928650038404	0.5811541970513041	0.21218651644831193
0.20591523177872156	0.5782182579656124	0.21586651025566617
0.2071690584983328	0.5828996676277641	0.20993127387390317
0.20672379805088595	0.5799008456652267	0.21337535628388746
0.20793825062622662	0.5810255431754983	0.21103620619827518
0.20629004454114055	0.5833127712717543	0.2103971841871053
0.20716869450994757	0.5821677088160626	0.21066359667398996
0.20715011131260128	0.5801546084873874	0.2126952802000115
0.20607305089560282	0.5827981995163993	0.211128749587998
0.20722972330448866	0.5826218653433755	0.21014841135213594
0.20785939146032895	0.5787820741394782	0.2133585344001929
0.20666270521487043	0.5798662866074756	0.21347100817765402
0.2086047276926522	0.5799217406904392	0.21147353161690874
0.2082935669920328	0.5812298447173925	0.2104765882905749
0.20580838202660515	0.5812724459464678	0.21291917202692717
0.20604164769662647	0.5837815483235678	0.21017680397980582
0.20726223877677696	0.5794102781557895	0.21332748306743368
0.20588941281625628	0.5785887946909919	0.21552179249275194
0.2059636484440785	0.5798530917047211	0.21418325985120057
0.20754519585589498	0.5789110781367846	0.21354372600732052
0.20684508992607217	0.5780599550184515	0.2150949550554764
0.20737514255408274	0.5786971661654066	0.2139276912805108
0.20680379062891424	0.5804055660535761	0.21279064331750977
0.20690449292000992	0.5803554210376342	0.21274008604235606
0.20693293803510224	0.5791748714961961	0.21389219046870184
0.20632303308066896	0.5813566435395506	0.21232032337978055
0.20855746265383043	0.5762149535597487	0.21522758378642098
0.2078162280811669	0.5766711763040729	0.21551259561476027
0.20738312219615132	0.5822721017972874	0.21034477600656137
0.2064464189764328	0.5835818713738818	0.20997170964968548
0.2063724312083421	0.5823697023187546	0.2112578664729034
0.20561848147058387	0.5802218477468913	0.2141596707825249
0.20635184900967024	0.5782517947420075	0.21539635624832243
0.20757246227172438	0.5810128603617121	0.21141467736656366
0.20815602896584656	0.5805868768745142	0.21125709415963947
0.20580454832420658	0.5827415625106669	0.21145388916512664
0.20778814665163986	0.5817240608424967	0.21048779250586352
0.205573409921852	0.5835404949703438	0.2108860951078043
0.20786452059904975	0.5819676403962962	0.21016783900465416
0.20671088499417928	0.5810382712599242	0.21225084374589662
0.20703334364836137	0.5781472868205961	0.21481936953104258
0.20783184840105812	0.5776647087490301	0.21450344284991185
0.20868758288011294	0.5794202160952031	0.21189220102468403
0.20581321540588146	0.5817131617101994	0.21247362288391927
0.20745907416764311	0.5779493984565469	0.21459152737581016
0.2073126000433432	0.5791665534541921	0.2135208465024648
0.20648919062532933	0.5777240591068398	0.21578675026783106
0.2083617605607926	0.5818163870493498	0.2098218523898577
0.20635130229720985	0.5818557495239178	0.21179294817887245
0.20605055031731806	0.5826741764877988	0.21127527319488326
0.2064951743132179	0.5812280189671717	0.21227680671961058
0.20788399470327923	0.5788219033809203	0.21329410191580056
0.20571261449717132	0.5783488702740432	0.21593851522878554
0.20829126313678173	0.5800272771503583	0.21168145971286007
0.20564550928069295	0.5801632556656853	0.21419123505362192
0.2061780375540603	0.5788138933002347	0.2150080691457051
0.20661201870274234	0.5786341059667001	0.21475387533055773
0.20580872098824754	0.5821296223356482	0.21206165667610427
0.2086146804684346	0.5800175036791649	0.21136781585240064
0.20586289284001213	0.5782965237412679	0.21584058341872003
0.20804517875301032	0.5788433447010096	0.21311147654598014
0.20844260027310055	0.5791913608143706	0.21236603891252895
0.2075411185698709	0.5773151508203069	0.2151437306098223
0.20625193741162204	0.5800860244024519	0.2136620381859261
0.20546415873713403	0.579929119489865	0.21460672177300108
0.2058408027718457	0.5829219526869304	0.2112372445412241
0.20693065178574918	0.577427750421412	0.21564159779283887
0.20678559365569354	0.5814436981620024	0.21177070818230423
0.20740910702350196	0.5767482853854097	0.2158426075910885
0.20717986621459394	0.5801707509724281	0.2126493828129781
0.2056924115743585	0.5835959129639188	0.21071167546172287
0.20610952869108062	0.5789478938804666	0.21494257742845282
0.20870322368631425	0.5784956911801162	0.21280108513356955
0.20633776628633654	0.5808762913548587	0.21278594235880482
0.20864809803157042	0.5786414392301727	0.212710462738257
0.20655955861078032	0.5814115617623545	0.21202887962686529
0.20760833274965787	0.5796768110783626	0.21271485617197963
0.2082195646529007	0.5778497854113003	0.21393064993579913
0.20745046908754655	0.5784882027657782	0.21406132814667536
0.20586561672647855	0.5820579452979242	0.21207643797559744
0.20779799448316277	0.5793498134554803	0.21285219206135705
0.20583878722358176	0.5789258256405282	0.2152353871358902
0.20670985922989282	0.5780685720786802	0.21522156869142703
0.20780090452867253	0.5815346312226448	0.2106644642486827
0.2077431088056192	0.5809021360690909	0.21135475512529003
0.2081493373661685	0.5769841014344375	0.21486656119939412
0.20574481746245454	0.5803097953777822	0.21394538715976347
0.20550375088337677	0.5803201392028532	0.21417610991377012
0.20650513656282232	0.5814032531527303	0.2120916102844475
0.2059105689364462	0.5803154201143872	0.21377401094916673
0.20727010158675446	0.5781425135018717	0.21458738491137389
0.20588926690052553	0.5829625580390669	0.21114817506040764
0.20737462395283712	0.5786065545859933	0.21401882146116966
0.2079012933799797	0.5783500425382424	0.21374866408177798
0.2079863708053844	0.5786911722048901	0.21332245698972568
0.20828072967563394	0.5777413326456609	0.2139779376787054
0.2071929742003471	0.5777121145786703	0.21509491122098273
0.20625290396860393	0.582665767688157	0.21108132834323923
0.20787985666207787	0.5775063128357504	0.21461383050217187
0.2076152357366488	0.5803579707839597	0.21202679347939166
0.20848435958913675	0.5780211906716257	0.21349444973923765
0.20570310156770788	0.5806853999177027	0.2136114985145895
0.20759268616646726	0.5784171073646278	0.21399020646890501
0.2066229937759566	0.5776893039561111	0.21568770226793246
0.20654764965923317	0.5784145686906039	0.21503778165016296
0.2078606306947428	0.5763388574011952	0.21580051190406216
0.20823117248981607	0.5817877046341564	0.2099811228760276
0.20849321838496113	0.577420509293758	0.214086272321281
0.2054992189599203	0.578529455643607	0.21597132539647282
0.2066171968336547	0.5819067731261833	0.2114760300401621
0.20581363505783795	0.5803904355486065	0.2137959293935557
0.2065869724473631	0.5809135132646566	0.21249951428798042
0.20602285684253357	0.5828473894887398	0.21112975366872677
0.20748309206209026	0.582598255367067	0.20991865257084286
0.20701142466978714	0.5797413694783489	0.21324720585186405
0.20738132959919314	0.5767158888252725	0.21590278157553452
0.20677353568858028	0.5783094702995129	0.21491699401190695
0.2055130218463571	0.5809654118224709	0.21352156633117214
0.20773619754042721	0.5794449969334741	0.21281880552609883
0.20737680259246147	0.5826498111319718	0.2099733862755669
0.20623757037627843	0.5785076684510843	0.21525476117263742
0.2058069274982468	0.5801304984211492	0.21406257408060417
0.2056017648615325	0.5815292297373058	0.2128690054011618
0.2069274048160739	0.5812909836288298	0.21178161155509642
0.2070821813355184	0.5776093945729032	0.21530842409157852
0.20858208852385535	0.5809011096666081	0.21051680180953658
0.20809611185571802	0.5794341683461296	0.2124697197981525
0.20646106365057967	0.5786591262213207	0.21487981012809984
0.2065620647676611	0.5788770448683213	0.21456089036401774
0.20861901486184384	0.5807240658793222	0.21065691925883406
0.2079316863684964	0.5770303474562892	0.21503796617521442
0.20758693289731778	0.5766878169883791	0.21572525011430316
0.2056165175669838	0.5830001749156755	0.21138330751734086
0.20819150483263507	0.5816538777103313	0.21015461745703382
0.2071142555248487	0.5789554708881961	0.2139302735869553
0.20834972050230038	0.581419330870618	0.2102309486270817
0.20746734832274877	0.57931692686595	0.2132157248113013
0.20664518285167735	0.5796659570171854	0.21368886013113733
0.206975240300153	0.577579280765479	0.21544547893436808
0.2080644420565044	0.5768807010863268	0.21505485685716888
0.20693118174583364	0.581801843888668	0.21126697436549852
0.20707079024762162	0.5818379668185314	0.21109124293384715
0.20625365058705983	0.5835584403136531	0.21018790909928714
0.2080672219994677	0.5815077288128744	0.21042504918765803
0.20697566517334015	0.5793861632174216	0.21363817160923837
0.20643650109607614	0.5781455514183249	0.2154179474855991
0.20666884104379007	0.5786242215119773	0.21470693744423264
0.20760711800885143	0.5811453127893563	0.21124756920179233
0.20691893039653728	0.5791292174911629	0.21395185211229997
0.2081265225322988	0.5774554835238132	0.21441799394388816
0.20771213081711218	0.5767631576152639	0.21552471156762415
0.20791875768354634	0.5778421439940984	0.21423909832235538
0.20584637505914746	0.5793222402459555	0.21483138469489713
0.20717065361382628	0.5812921707914603	0.21153717559471352
0.20716160833281283	0.5804310864709884	0.2124073051961989
0.20550740893273284	0.5798150750138239	0.2146775160534434
0.20697707629292592	0.5779258925099093	0.2150970311971649
0.20711391865043646	0.576794283606669	0.21609179774289464
0.20723159158865953	0.5767644212372344	0.21600398717410624
0.20865858960048833	0.5768018772223826	0.21453953317712912
0.20651988394736254	0.5835144753332697	0.20996564071936785
0.206927154151193	0.5811931300092414	0.21187971583956575
0.20617220367734893	0.5831772873785983	0.2106505089440529
0.20596629380186354	0.5786201715466825	0.21541353465145402
0.20557352475090218	0.5822436259613544	0.21218284928774359
0.2066320381235113	0.583230288181445	0.2101376736950439
0.2058158932205522	0.5832835816430686	0.2109005251363793
0.20824676845466988	0.5801940073411906	0.21155922420413958
0.2076169677234821	0.5822403593625903	0.21014267291392769
0.20545166765985126	0.5832588291504944	0.21128950318965445
0.2086033695461561	0.5767826581086692	0.2146139723451747
0.20566896198042323	0.5793004879678478	0.215030550051729
0.20837706389226318	0.5762397840323505	0.21538315207538639
0.2075454118025933	0.5769425002569053	0.21551208794050153
0.20860090446294643	0.5796065482059428	0.21179254733111083
0.2061316831705341	0.5810881604204146	0.2127801564090515
0.20727012457184937	0.5800415681207	0.2126883073074508
0.20670429689165612	0.5779975525053962	0.21529815060294777
0.2067897483696314	0.5821118139597768	0.2110984376705918
0.2071460360231208	0.582148824748959	0.21070513922792028
0.20603282085929828	0.582840779865387	0.2111263992753148
0.2062679701400317	0.5823424511898917	0.21138957867007668
0.20826939710179276	0.5808800699540104	0.21085053294419692
0.20851942653149821	0.5780533788584448	0.21342719461005716
0.20773393983098223	0.5820791342392446	0.21018692592977317
0.2061182042703984	0.5789119634923234	0.21496983223727834
0.20703791278111022	0.5821884638622081	0.2107736233566818
0.20671382128527566	0.5835383035222791	0.20974787519244537
0.20543758631038847	0.5835259582554291	0.21103645543418262
0.2076146998866009	0.5783923245622739	0.2139929755511254
0.20800328472155705	0.5779647903647471	0.214031924913696
0.20549049964227192	0.578690204378457	0.2158192959792712
0.20657361190169715	0.583153273209001	0.210273114889302
0.20779042426222055	0.5781068557833531	0.21410271995442645
0.20681102583883704	0.5776549695266804	0.21553400463448263
0.2059239057945582	0.5782241656077904	0.21585192859765145
0.20649760193743466	0.5819836016260453	0.21151879643652005
0.20713613413586954	0.5821748675389694	0.2106889983251612
0.2075899857643263	0.5801254178166583	0.21228459641901548
0.20699204561577006	0.5819655599849594	0.2110423943992707
0.2072374405913247	0.5793879682145484	0.21337459119412705
0.20849033447918927	0.5790500795627687	0.2124595859580422
0.20621003978651958	0.5778748776243763	0.21591508258910433
0.2060614148407321	0.5782165354790498	0.21572204968021816
0.20559612698935914	0.582870915466372	0.21153295754426896
0.20733292829776845	0.5775965660639388	0.21507050563829286
0.20652153178603427	0.5803273014983493	0.21315116671561657
0.2059395305362529	0.5804815592434255	0.21357891022032174
0.20550919119395183	0.5788710164287785	0.21561979237726975
0.2086783320517091	0.5797158045054104	0.21160586344288063
0.2066542678599317	0.5815578848823703	0.21178784725769817
0.20568358413791227	0.5828052175957807	0.21151119826630707
0.20814705649014503	0.5768468186027702	0.21500612490708487
0.20667983380646554	0.5806550603714777	0.21266510582205683
0.20708484839482919	0.5798028297992618	0.21311232180590914
