0.05766296922713192	0.17540034091297219	0.051084812487177396	0.03585219849752759	0.07812926511892099	0.1561371521901844	0.06381620765834864	0.02659875129243991	0.2546517017406571	0.10066660087463987
0.057367923518678976	0.1277227783610138	0.07819571767167856	0.03807263568978658	0.06229871510215172	0.17654894669341165	0.06890387034286662	0.027631752447894398	0.2652494537851348	0.09800820638738289
0.06153496269804255	0.1415948176671576	0.060868463443843356	0.04120105903323716	0.06560564586201734	0.15147358607157457	0.06538797257505008	0.04452753219671493	0.27647846583622593	0.09132749461613653
0.05608974580759943	0.13044110805072828	0.06814554955148217	0.04433998947843401	0.08510264431828898	0.17303128274412727	0.060273271368664116	0.025485434963969586	0.2398917576183146	0.11719921609839154
0.05768013159047791	0.14826371259765928	0.08076478935478522	0.03632778417729972	0.04667886247543934	0.18556603807348726	0.06008361670298356	0.032706181474615334	0.2584447247641202	0.09348415878913213
0.04776783909413787	0.14458539302472503	0.05537909990116801	0.038341073952842045	0.07975288509788192	0.14940459695353947	0.06266448872536659	0.04250196117136185	0.28103314824184905	0.09856951383712813
0.06510484358858586	0.12458847402300192	0.058205991239236324	0.03279536989699636	0.061142885612357534	0.18107507857585198	0.06176750978893812	0.03623299013666138	0.2608359465776394	0.11825091056073103
0.045100450584504154	0.19775660748767943	0.062326524831410705	0.04296880563527034	0.04708158532009398	0.15166795405954556	0.05981292059040875	0.024449168338872326	0.2562057654875617	0.11263021766465314
0.0645521678679042	0.1488457507207354	0.05764998273387698	0.045732987467430125	0.04657270063872407	0.18158204739551462	0.06190863330162908	0.043902735233936376	0.2548954181702687	0.09435757646998051
0.05357141918180944	0.18459522714290666	0.05775373011713854	0.03289779230133663	0.05593593232570605	0.1442507219735682	0.059693442014110365	0.029360056579994173	0.27907870400262275	0.10286297436080719
0.060444306184093965	0.09438964280047585	0.06911173924183334	0.035452776460278446	0.051359765314735545	0.1659381013815608	0.06941928818186553	0.042475069971362696	0.28644888970048843	0.12496042076330542
0.04931747095866233	0.1356061495839588	0.07836788913225523	0.04453054078209692	0.04602259472117341	0.17105372615465675	0.06809303255421903	0.03616150586067289	0.25760351759013905	0.11324357266216561
0.05905627480065378	0.14095083989171092	0.06062130468921823	0.04599450144099435	0.05558166998234849	0.15810054382156982	0.06746858851435181	0.041860916146843	0.24381562363827558	0.12654973707403405
0.04842887846500904	0.1527639006594237	0.0683441034209683	0.03874055771463635	0.06892596456139297	0.14420469525852983	0.06820381397195521	0.033108678296168134	0.26484375343714234	0.1124356542147741
0.06371912872125626	0.12809534718442883	0.06758860209110004	0.040041785833763735	0.0858341464228822	0.14678977440804394	0.06479000580530136	0.037102537737356736	0.24358810272464665	0.12245056907122025
0.060368639050784566	0.13085275777220617	0.06755868143169547	0.048235842643108144	0.05499788326754363	0.17264382270393805	0.06509432588694974	0.02270616351391	0.2570853206734028	0.12045656305646142
0.05082645415773633	0.10046749433871101	0.05252479122415619	0.03749608732579725	0.07300562569915478	0.17777109089138932	0.05955896205450651	0.044191988557494656	0.27916335302681117	0.12499415272424277
0.06091678698008883	0.1542334161785206	0.054501233392174275	0.03938683939702396	0.06282200365505912	0.15388016949053174	0.06187217207098905	0.03848451519397503	0.2509492791881344	0.12295358445350299
0.04778275343701906	0.1728563985597081	0.07051822741500957	0.04597380098358094	0.07122829441666692	0.1692160520751984	0.060479914518785906	0.04083179879224572	0.23984475950614365	0.08126800029564173
0.04499527420870646	0.17796925970589844	0.055181043224926674	0.03921092720104971	0.062367887091011834	0.1569765277917223	0.06620424733320411	0.039202722201432484	0.25555179089341207	0.10234032034863583
0.0608799325019157	0.18020982093053722	0.07620835829349426	0.04612059402478061	0.0640159120067501	0.15371971415883437	0.05939458955196304	0.022948125863548927	0.24823339901009966	0.08826955365807612
0.05798992730499923	0.17673941783917438	0.05030164992309125	0.03145153679986992	0.04643137158316227	0.18329075846408652	0.06969377004887259	0.0336123029352369	0.2419350307428605	0.10855423435864647
0.063361576303044	0.1513653213294152	0.07491249826311351	0.04577921061051618	0.04781611380735625	0.16789847316304596	0.06455251655553906	0.041883981554404766	0.24364601362786992	0.0987842947856952
0.0582832337850992	0.14222937462536123	0.06218775465678118	0.03719518722085555	0.0540915116629455	0.1540059324463458	0.07067901505092247	0.023362971946260344	0.27987535100227645	0.11808966760315226
0.06502849537503891	0.127870819125465	0.06643602589647865	0.040587847887974315	0.07991078980850044	0.1572869135420045	0.07003538174374993	0.032836541337618	0.24328874275925683	0.11671844252391339
0.0567669325196081	0.17947642490701637	0.0685959552787308	0.03544416624388286	0.05996386524934803	0.17021984235938237	0.06237082149394757	0.04120776912557825	0.21863610157767166	0.10731812124483395
0.04714259622630298	0.1932490390930761	0.05515412915590128	0.0380141190439011	0.06746983431002095	0.1831441800054021	0.0635541388545339	0.029390845826537296	0.23321979281704286	0.08966132466728141
0.04502636567701372	0.19467129191004318	0.0714434271342343	0.04779741070947692	0.06024351451696501	0.1436334549131936	0.06616455251940198	0.023216407523505955	0.24485568304025407	0.10294789205591133
0.04561363222547883	0.13856102084067823	0.08340047806045531	0.043846635888770455	0.06950383778899202	0.16563820682658592	0.059740543331124045	0.030054039136117386	0.23950995308946377	0.12413165281233404
0.06164025423686012	0.16009663130994878	0.07903501542652307	0.036554333898974695	0.05007526688383141	0.1474489496069567	0.06204820421880216	0.039677078567829226	0.24767048998468605	0.11575377586558776
0.06329275962576847	0.13241244823377077	0.07899928208987358	0.03637889800910779	0.08249975677123784	0.17707719112958725	0.0641594280367002	0.0369201475982041	0.23246264465043226	0.09579744385531772
0.054778283889740556	0.17098954906920616	0.07969491241160236	0.03129361449635126	0.0511099561238423	0.17332763182328223	0.06909276797094653	0.04520398190877169	0.22206108403367197	0.10244821827258496
0.050107111847567616	0.11603816624390989	0.05620475032791169	0.04683902534180542	0.07499458971379855	0.17852540613883633	0.0647980494356113	0.03838801131149592	0.28109005686060495	0.09301483277845836
0.047463909587040144	0.13177486540175226	0.056875635346670256	0.04459837402893653	0.0837480770828571	0.15483139166293813	0.06952065850819848	0.0395473883943402	0.27296383800919977	0.09867586197806716
0.06591203938961034	0.1657359274737299	0.06495770429142145	0.03947568691819679	0.07105375617226897	0.15108208162944103	0.06501553906218414	0.03583816045526529	0.2519786607905321	0.08895044381734994
0.05657297055929361	0.11712930811797755	0.07124196542413605	0.048365595082439546	0.059644849796871256	0.1620953753057119	0.06656346255853793	0.03799946887103284	0.2515573141460116	0.12882969013798767
0.06524360810012479	0.1778126182564292	0.06298530587240578	0.04827698904679861	0.05982940474329307	0.1441680777759957	0.06435578523059118	0.04090681547940032	0.2202182482231329	0.11620314727182843
0.053649976108273385	0.18789832542728607	0.06755900684798602	0.03258013471018453	0.04689375015539111	0.1552630458742671	0.06360962454211236	0.042452386398925936	0.22969293105098548	0.12040081888458798
0.06423524142426115	0.11541228154030155	0.07830672909568268	0.037173764172401244	0.07211765651527807	0.14942195315513718	0.07038965965296588	0.024520194641742807	0.2802106617458275	0.10821185805640192
0.04675437114710594	0.1439175118141484	0.08198933570866297	0.033991433622675385	0.07672882827878563	0.17928124700943993	0.06650296353238384	0.033937871246408916	0.22642952154006746	0.11046691610032155
0.05565770500758358	0.1406618368750022	0.054806678245719664	0.03340447319130291	0.06405340973158567	0.1763213085061776	0.06409828211630827	0.03219532770847944	0.2727173332360367	0.10608364538180398
0.056145861723206715	0.11998743460896334	0.07748015351950788	0.04095355558624091	0.07143875719333477	0.16318763502013864	0.06232470060844656	0.0369896949177268	0.2607870116885478	0.1107051951338866
0.05430948887835099	0.14829682166642463	0.07724949674213198	0.04611051513887998	0.04782922952431177	0.17396720699601642	0.06506627024922948	0.04040506896936887	0.23019315630045395	0.11657274553483193
0.06068353833674707	0.14556307356986298	0.07687171947874968	0.03673170603126301	0.07523050766347493	0.14346807298037978	0.06394043516026987	0.032919627479605834	0.25220620883075745	0.1123851104688894
0.05756258336410026	0.15627830389190217	0.07375078228606269	0.04365635831357547	0.0736548529229957	0.14409129486175365	0.0615763125658579	0.02742315031265284	0.25981823855269504	0.10218812292840422
0.06447584009954008	0.19109096920037943	0.049672041380308674	0.033619952401181305	0.054783536658945683	0.17760149576673695	0.06099359116562725	0.04260479552636008	0.24802838878792915	0.0771293890129913
0.05769151054116132	0.16784399084800963	0.06853695554212304	0.04769575676944193	0.06387877926765281	0.1830297527872728	0.06414870468164943	0.02576126303419428	0.22046240935845288	0.10095087717004189
0.04892171054837586	0.1901409123627118	0.07636946857507598	0.04758550290611407	0.05427634292904036	0.18374539591716374	0.06433560992674278	0.024409119139688906	0.22163694377988122	0.08857899391520527
0.05881103052277896	0.1479710246561072	0.06385193028232436	0.039094240673906176	0.08138398354494893	0.16129511408763697	0.06318815553399997	0.033265129849412683	0.26778982906846355	0.0833495617804212
0.04475911529658194	0.1488855716094491	0.05897262519430627	0.0456426885881165	0.05144361024841848	0.1609853343751667	0.0693307859737345	0.045796201712278675	0.25027477711658574	0.1239092898853621
0.062160590035198325	0.1854935165280453	0.05769912739334858	0.03509476058360238	0.08040517817731505	0.1683017421292584	0.062410741852725396	0.035602773150676545	0.22158925573531496	0.09124231441451511
0.06113963654654305	0.15512816364404736	0.06439542413571342	0.03463124475981927	0.07885017502459041	0.1517081828719518	0.06113323248496941	0.033974280648415595	0.2463588352150859	0.11268082466886373
0.058982000210019314	0.16680530727706627	0.07184392085464558	0.04258676719363668	0.07125601355513814	0.16758110836313306	0.06949779500337308	0.03495133814238542	0.22986468386626585	0.08663106553433658
0.05730344712978399	0.09307585116806387	0.07613828674007304	0.04484624465758569	0.06191295724246726	0.17934866117469142	0.060538822023331426	0.04089532266795317	0.2772625185959888	0.10867788860006129
0.05574317938043005	0.1611664729200317	0.0501553818159918	0.04683517006152539	0.07147416998556233	0.14876973284421716	0.06642789975364566	0.035055467598003154	0.2663172462332099	0.09805527940738282
0.05468476100258313	0.14719196221527797	0.0513299726931785	0.042045110078551926	0.060656046279178366	0.15077661606539705	0.06154189625317779	0.044792915882566765	0.26995140779015103	0.1170293117399375
0.05776629727795419	0.18476463106159935	0.06166050006027693	0.03892672038313677	0.04550495148330731	0.18399116920858272	0.06820238254588443	0.04013264273257901	0.23344956475400352	0.0856011404926757
0.050276717792531844	0.15807104031110125	0.04843183948852056	0.031802431865563016	0.08615359209212799	0.1523328121665492	0.06962018047467203	0.035780886402743156	0.23703491320184122	0.13049558620434976
0.055787613461982466	0.19249268267938688	0.059501333298493136	0.035802456143376724	0.07612023232694624	0.14295289492248794	0.06366095422147423	0.03566024698730447	0.2230344187146944	0.1149871672438535
0.06565790323014595	0.1291941524725629	0.04936254188003295	0.048272310491920274	0.07217415374781687	0.15390330536405164	0.0686767286808381	0.026190495608890155	0.2862102598658502	0.10035814865789094
0.04520368073266873	0.14472641627605573	0.05290183474698039	0.04162468991614636	0.07485886299605404	0.17846706234946816	0.06498962088778307	0.022038229319254088	0.259549906357621	0.11563969641796844
0.05246306691125629	0.09578978612492674	0.0635335711158098	0.04577858342825803	0.07285511458434574	0.1838822874044071	0.06992055172985952	0.04117203339948294	0.2824875563007109	0.09211744900094296
0.05922998187029718	0.14041773986566047	0.07120076795170252	0.03317416234266332	0.04947206664314479	0.17664387000663334	0.06780099972969358	0.03880405983256672	0.26183224292809276	0.10142410882954528
0.05474989915233038	0.13789675370721188	0.0666173072032524	0.035491988218024226	0.08326276092446748	0.17194269464355005	0.06748426298141644	0.024497068905229805	0.24785706476446723	0.11020019950005008
0.06441105705307498	0.15684012793923507	0.05072371407226559	0.033298919596271945	0.05500337325941924	0.1686042123160676	0.06834109296172566	0.0356192002709667	0.27369091151117064	0.09346739101980249
0.05165544999244519	0.133806060754265	0.0771299299200935	0.039654786882079913	0.07483068028876326	0.17358884203909392	0.0639645180696781	0.0364335622258177	0.22397841091302714	0.12495775891473626
0.0634636896839353	0.16882888790215284	0.07238417640562342	0.049445316241688235	0.0843028726088838	0.14437313576752936	0.06526100248040491	0.039802196537257827	0.2202808569110575	0.09185786546146678
0.04890376264145434	0.1298358054539896	0.07409199418731352	0.04901873963535172	0.061602383415915875	0.15013930885292892	0.06521811865898938	0.040240511626190203	0.2568331631177751	0.12411621241009137
0.05314111334933826	0.11459699696546792	0.07931133649140987	0.037350250644370905	0.07943439765831033	0.1441916026822258	0.06295973844628383	0.04184869233130261	0.2821865289850388	0.10497934244625166
0.05877546487436455	0.18426128417172696	0.0724957282543566	0.03179342805590969	0.05159625796107031	0.1561251486657963	0.06820005333854828	0.0372959263386089	0.2268194834762316	0.11263722486338676
0.05806535117954292	0.13213818633113694	0.05838022424778237	0.044502781534741506	0.06573172362040422	0.17818928586891714	0.06630001554149224	0.022770671897012457	0.2688681582975147	0.10505360148145551
0.049438963547421305	0.21946040248851864	0.06540003231831622	0.04716511442190863	0.05112601471567052	0.15059318773758523	0.06579302616997837	0.0456455005765917	0.22715679777713904	0.07822096024687034
0.052300794974179644	0.09409180882608217	0.07475123654713493	0.03716600273679069	0.07977711904287905	0.18511139367953144	0.06348998180792279	0.029819090824621405	0.2858547011396238	0.09763787042123409
0.04506621407463064	0.12880695974808964	0.06874364501045409	0.04218832335910659	0.06895185054516571	0.15241099613413125	0.07018157240538724	0.03501457181903207	0.2616993363106048	0.12693653059339796
0.05375055982355202	0.17120587219047184	0.04925144072486117	0.047158651400494835	0.05856325358316324	0.1499936199568077	0.06781512453802896	0.03559275836562599	0.2780509246272665	0.08861779478972769
0.057354669556219595	0.15108122055641637	0.08171359018797894	0.031728607145521226	0.050489318217555125	0.17212258134340203	0.06133210458138876	0.040114367030463054	0.2642188004726272	0.08984474090842764
0.05721988040076718	0.15815497977849657	0.07212345106688473	0.039291626119145266	0.0759792789290259	0.14446950126870992	0.06643365604268159	0.027960239703018377	0.249803964078197	0.10856342261307347
0.04996996394294191	0.15942139362418245	0.08042179510856608	0.04258814905881416	0.046641568317979255	0.18399034620601395	0.0615891524430231	0.037957335274048855	0.25391336643926293	0.08350692958516737
0.05684245178311133	0.20874624880456655	0.061601297641844036	0.03838141864032633	0.057132320968866994	0.14917761375024502	0.06202960251931002	0.026649469392583988	0.23744156226317026	0.10199801423597545
0.06430671285725859	0.15217225978874654	0.06908363368199516	0.04052535931235089	0.06320104830334333	0.16110382394309497	0.06990391938314489	0.022670239452658975	0.229314086775047	0.1277189165023596
0.045968773370266496	0.21791838975867328	0.060461353694450444	0.03378692165097273	0.05382590032136638	0.1791864701603378	0.06372236077582838	0.04234427518076281	0.21841331266810138	0.08437224241924024
0.06150679476471646	0.21420201224590035	0.06119519337210199	0.040421982519697315	0.04755992431073331	0.17907358058968087	0.06080277947593645	0.03377600273436286	0.21827497980644617	0.08318675018042426
0.062383292589249566	0.1519038150674014	0.05237955983315155	0.043649802524265265	0.0480006146346967	0.1691705552324289	0.06339844061742841	0.024293833954969146	0.2643564150841927	0.12046367046221632
0.05824193770719805	0.21359820931582998	0.05155726391372387	0.03142497145305356	0.06556077431683859	0.14975409950268037	0.06965756231251628	0.038926866986824946	0.23044724655859794	0.09083106793273636
0.04886200109040458	0.12246021214613576	0.06979336775977582	0.04887511879539067	0.07386793930935878	0.17237844536366234	0.05938585960606208	0.04495685961286803	0.2387409599356779	0.12067923638066401
0.05075624551162246	0.15381768945427285	0.06953221055935259	0.03354382043001351	0.06793906380584942	0.1766465294783104	0.06864145876360446	0.041736298305058914	0.25683630067811786	0.08055038301379756
0.05141086660870346	0.1715139860591391	0.05527490242606121	0.04666546289400402	0.07610047558878669	0.1683435119991073	0.06322116950449244	0.04089055882170373	0.2468989323118822	0.07968013378611985
0.06365631131683447	0.13611112200958855	0.07120166393102986	0.04402881290198505	0.06779258568658354	0.16756074544233934	0.06537271114124149	0.0344467569251934	0.25114451391673437	0.0986847767284699
0.06141293547867217	0.09881117012831533	0.06555524054633144	0.04671967623158414	0.046909239678733165	0.16468633865135257	0.06595244116832855	0.03621888354651699	0.28619761000292004	0.12753646456724554
0.05537636996010555	0.1580566259606172	0.07244247695031465	0.04450797868210851	0.05718769207367174	0.16137039554354646	0.06885756594954315	0.034301189256531375	0.26727135614814546	0.08062834947541586
0.048753738049602625	0.23151837307794593	0.05485324963633089	0.031403709423655835	0.06744550080249326	0.16517590722307507	0.06755241594900298	0.035327184611104484	0.2195567966086956	0.07841312461809338
0.05133660102225932	0.18171372162593025	0.0586901787180295	0.04460742521245797	0.058864827603016846	0.14502369676773383	0.06265007511257661	0.045541968025432	0.24876538837719142	0.10280611753537225
0.05174481812045269	0.21947079953234777	0.048937308730363095	0.03168148356327252	0.06705381460964373	0.14952606253769019	0.06789074917010726	0.02325573630478539	0.22478974284686887	0.11564948458446853
0.04649002159442919	0.2461435768074196	0.053836374929149104	0.04025855093706448	0.05582382657676041	0.14357507585701124	0.06778667825633365	0.030026646278043106	0.22012493896640062	0.09593430979738858
0.04747733632581181	0.13473735056885916	0.07035382269627997	0.044619257970716225	0.048886273646297676	0.16828496963458522	0.06629476509155328	0.026976443245859932	0.2847160504053419	0.10765373041469475
0.050615225012534466	0.18912519964533464	0.05004453991914739	0.039075111262009514	0.056495141329344335	0.1432332317189228	0.06220122055083257	0.039754637921953155	0.2766981798823325	0.09275751275758869
0.06332913532477868	0.17474064833544423	0.05913914469791407	0.03483188504442779	0.04810392873809486	0.1610587030159592	0.060520957979806354	0.03985953578702441	0.2768593491094166	0.08155671196713377
0.05869175531444457	0.20587825549769512	0.0725179066657678	0.038356906434265786	0.05017830072826948	0.15270496955488597	0.06684519042373509	0.042912756914479516	0.22910785472022888	0.08280610374622782
0.06575699157904871	0.08700804776938552	0.07116767485070588	0.03522395612765192	0.06520452051666042	0.18073552889130054	0.06471269768612041	0.04456876317102889	0.2588894459557481	0.12673237345234956
0.048069931920782724	0.12054424809794462	0.07646154020445908	0.033091880476663726	0.06969005184492762	0.15826476329482778	0.07032390061702685	0.038544714668187686	0.28221053137669605	0.1027984374984839
0.0547534317735823	0.13507487168662546	0.06511858617910704	0.0335396443297688	0.0741745100941676	0.16924019024665224	0.06217429773942498	0.04190116487938523	0.24167736622116265	0.12234593685012368
0.06300799225567058	0.11000938114337046	0.07392691064175363	0.03252661369877734	0.05676062446442762	0.18161650265217377	0.06594805617324728	0.03572704760402072	0.26099356663007284	0.11948330473648577
0.059524675222391056	0.1574434350743732	0.050164987584175307	0.041104392074368355	0.05910350936162514	0.1736688085147338	0.06314885188368694	0.039064681924504026	0.27279339615657244	0.08398326220356973
0.06119785308396769	0.10552602708891697	0.054449979784074516	0.04792398130664107	0.08205465989542896	0.14791407199717702	0.061211141338982936	0.039043980035761566	0.2758569142365511	0.12482139123249816
0.05744623949911674	0.1755998939189706	0.07641549924565078	0.03189076014552242	0.06537647013986667	0.15134892804166644	0.06777789171912196	0.042113515145537544	0.21877032764897603	0.11326047449557086
0.049937910515831366	0.14662468353176925	0.07478444102607014	0.040257386876931305	0.08476575148526483	0.14588099135078472	0.0652314181832207	0.029818341318271754	0.2725150079574665	0.09018406775438936
0.0623910575367785	0.14067441247810888	0.058516676313211315	0.0370958337143804	0.06810599965827382	0.1674930875432996	0.0609993125752284	0.025424520544742618	0.2812496647887178	0.09804943484725862
0.06309252866833005	0.1434902040430316	0.04881580624355091	0.0415803436970763	0.05903825189095158	0.1463887101184235	0.06106145255631968	0.039472412343902044	0.2862595966220575	0.11080069381635681
0.04486812924200463	0.19280226146667595	0.07605606786850073	0.049278619897118174	0.055645644900413654	0.14325364147529634	0.06382888151860087	0.03591888381219106	0.25216816300203865	0.08617970681715996
0.06040484200987407	0.12661805519724034	0.053048565387357846	0.04626538629670553	0.0855451811707217	0.16708372218205642	0.066924196865015	0.028964634232167108	0.2689704309468077	0.09617498571205427
0.05187169609904387	0.16382470069580418	0.0582517052225106	0.042746062943433936	0.0679687843296464	0.15912083955286832	0.05917858668051182	0.0309492074621074	0.24903885778429097	0.11704955922978252
0.04993504538009877	0.1686245409861868	0.06345675412998392	0.04740293853355879	0.07159918512573776	0.17747767411022963	0.07030915074356585	0.024029896958134317	0.23715651117241265	0.09000830286009152
0.04619403094314039	0.1562681719250193	0.051731678880267355	0.04129273922789876	0.081157324580709	0.14678612818268238	0.07045215769479708	0.031673377707618425	0.24555882802332873	0.12888556283453856
0.062571940408124	0.1475477971106901	0.06029607785747839	0.04049791427872695	0.0582370540367552	0.18180926512132095	0.05939749226097197	0.025189684920706293	0.24785090323624087	0.11660187076898529
0.054229912753387094	0.19444148533622144	0.07698900242455735	0.03578884826538474	0.06563160737280424	0.16835430934357293	0.06674045594807727	0.03523714063543336	0.2236557306688537	0.07893150725170789
0.0589647037831373	0.14126164907266275	0.0720122752792288	0.03478092512646806	0.05777435519188806	0.14310164927365993	0.07013399718756644	0.0412992270883053	0.26707019031252655	0.11360102768455681
0.051788348630962065	0.12108142957519734	0.08045372059919138	0.047855819329187095	0.05041607324290916	0.16187218423889846	0.06981060895666516	0.022452562836012185	0.2712756694655097	0.12299358312546749
0.06310697178155447	0.1168701231956508	0.0634349651379971	0.04307303377409334	0.07983040484551635	0.15011956181096275	0.06614829633165575	0.02938684712203643	0.27046127138359977	0.11756852461693329
0.05023802847488034	0.13268713219887715	0.06676749037279622	0.04234705269131418	0.08073846164881318	0.16995669968401522	0.06338342110437933	0.025237963705086755	0.25666480626448873	0.11197894385534884
0.04770674616253255	0.1852414641123495	0.06694386837046103	0.03552269682824655	0.0777355655182565	0.1704207682374414	0.06941815549920546	0.03817456591053171	0.22583124742710248	0.0830049219338728
0.044881679406665126	0.1284559049508288	0.07933701935539324	0.038721835864702306	0.057530046629491266	0.1655831918252846	0.06393833854035391	0.021995245086659385	0.284953299518439	0.11460343882218242
0.05073140697627537	0.14541481114971122	0.06763883150319105	0.03833164554797378	0.08138638703274953	0.1452145844047151	0.06815047455142727	0.02474448830770168	0.24867014844690305	0.12971722207935188
0.061357239749225814	0.12000041989586425	0.08293780354820456	0.04682192728130956	0.07339943519036034	0.15702735191745254	0.0645859627909511	0.027826786254229754	0.2376621478274814	0.12838092554492064
0.05185641036101817	0.1748873085678438	0.081908651149347	0.039445318116516304	0.05080402905687586	0.1574135292423097	0.06722060159166243	0.0278098688803608	0.21871924272757823	0.1299350403064877
0.055563165747770135	0.14004883241304633	0.05957460767713676	0.03231535661007344	0.06112664611332163	0.17652768893361048	0.06735861760934009	0.04489894268007291	0.26557803176554307	0.09700811045008516
0.04607031556127475	0.1449553623926781	0.08161559603001664	0.038127356230166116	0.05425197779206393	0.164817414572626	0.06114291689766154	0.04161231293980888	0.25314605964640174	0.11426068793730226
0.06621108975898302	0.13429635370572798	0.05185473969243416	0.046234213563706446	0.07305018420841652	0.16822056643158204	0.05974647140552187	0.03743021794809197	0.25816673358168174	0.10478942970385424
0.05975184287823916	0.1511576829371793	0.061017427149319146	0.045074643337142166	0.07795856648075866	0.16453179397447595	0.06871146590367856	0.02926284769838619	0.23928069735889224	0.10325303228192861
0.04751843330949968	0.16474282101092838	0.06537916076580999	0.04646314823191676	0.0780125214677645	0.15620551750007627	0.06840717827432849	0.030523098207981866	0.23204993118895084	0.1106981900427432
0.05903849915445031	0.10055590988782276	0.0767417899791324	0.041632450293667855	0.07745150105580259	0.1529791842358652	0.06576258172907948	0.03591287637245269	0.2689258869736827	0.120999320318044
0.051578650721023564	0.18115053995039002	0.06896284840436764	0.045581637298703855	0.04744174940889088	0.16494039143549463	0.0670047975440991	0.03156908709294423	0.23562815408630494	0.10614214405778116
0.05931277389251173	0.16434070583717764	0.07681514701243886	0.04245694356025428	0.04844043922240808	0.14835286271660364	0.07076196087392772	0.02415923192228732	0.28108317767550495	0.0842767572868858
0.0534666551049978	0.20040308313827032	0.0690374614727032	0.035086293145131245	0.058480711390878154	0.14468659312619248	0.06186473673381568	0.026439606637159815	0.2613695810279021	0.08916527822294924
0.06170426395521807	0.12690426777369399	0.06214234488021582	0.041548040556209594	0.05807850090056798	0.1638109667091691	0.06338498008413632	0.03566906864301431	0.26418677453235945	0.12257079196541534
0.056577427339608695	0.12488543854343107	0.05211490150309403	0.04442656021094809	0.05177468211413805	0.1798888757896364	0.06440618970927572	0.043621797684046136	0.2759340205150987	0.10637010659072313
0.04762899861400181	0.17054716735598724	0.06176287288343306	0.04864449912851383	0.04921945030052295	0.160888367073787	0.06638541879263951	0.03488235786084247	0.26875365778022575	0.0912872102100463
0.05932998836655457	0.1778932200125448	0.06321326400192334	0.04609381022972827	0.07960203862055765	0.18492396944020711	0.0646142733656552	0.023121619913371944	0.22315538065515972	0.07805243539429739
0.0496541749022604	0.1773070563217988	0.06281005516351856	0.044937229405426736	0.055399670940713526	0.17174964465192832	0.06433184427933045	0.028233813835410917	0.21878254176872708	0.12679396873088522
0.06544048555933342	0.16285501036440397	0.05439648703556146	0.040563584347296615	0.07927392909206385	0.18044297565149764	0.061231563154443495	0.037311711086631574	0.22309973550293982	0.0953845182058281
0.06491683672101381	0.14078547421851953	0.06863970016686209	0.03764758569558949	0.06367273065251963	0.18397030862037966	0.06908786566013836	0.0450925170308835	0.23804853475463544	0.08813844647945847
0.06236249888365455	0.13953293838970804	0.05900794200632931	0.03646018155734067	0.07159902588091412	0.17911274603098476	0.06878099836653277	0.03690135121643398	0.22959277647391407	0.11664954119418774
0.06107490147036884	0.12014504083315636	0.0666225250082427	0.041512337227919485	0.06998490561535005	0.1650857562212938	0.05989761703953651	0.044381227140944265	0.2586667417057156	0.11262894773747242
0.06048668345886791	0.12554182624457333	0.07418472318465553	0.031748817878030425	0.058495342826301894	0.18531086635985836	0.06958620907354662	0.030599362616017048	0.26689801549214787	0.09714815286600098
0.06592076604596642	0.14699123872626138	0.0797010854182917	0.0460742249703744	0.051239134809197784	0.18031245732397458	0.06486181660317417	0.03354820100814235	0.21804748106756966	0.11330359402704755
0.05909365543889793	0.14327148578418375	0.05820355818632611	0.038433636931563056	0.06384542801552097	0.15908070926819629	0.07016186983233455	0.042211207707815376	0.2754107914771671	0.09028765735799485
0.04584633712942594	0.13224341445023058	0.049775310060965895	0.0443475609066751	0.07608934066031171	0.16964063929119075	0.0625578810852464	0.030197615858528218	0.2805316433169065	0.10877025724051896
0.06409343185128505	0.13812514095522588	0.06712868859408479	0.0347831843355382	0.0813747470656921	0.17121535435615448	0.06234640482316816	0.027932115474747832	0.24602079613606082	0.10698013640804264
0.06254276904908938	0.16447813153266316	0.05656253333857988	0.03404131067438021	0.05524255838229227	0.1749891994675732	0.07012489977977439	0.04583217705758307	0.23983708983038393	0.09634933088768054
0.058773231807075076	0.10841860625144643	0.07826507231894995	0.0418780927108317	0.04890016155673724	0.17760649039892162	0.05963579906788517	0.028112872240012396	0.28066497980195043	0.11774469384618998
0.051901806969496894	0.11465678562090621	0.06602859534516409	0.0428897486549989	0.0833555277500516	0.15274883810404039	0.07066741978854943	0.0220636542755593	0.27034136747998644	0.12534625601124674
0.061041071402073946	0.14072797301481887	0.05265824883775509	0.03527649575271574	0.04871145242757396	0.17549432339426635	0.06613365308396861	0.039360842436406	0.2712212033977717	0.10937473625264969
0.058850932412156005	0.23170012150153696	0.05009616240466705	0.04587305181355521	0.046388289135983043	0.14527172502594066	0.061295152459969526	0.02532924742400601	0.24499770725903952	0.09019761056314599
0.05075531797854364	0.14658782739845125	0.05599723898354567	0.03823926999109208	0.08267583346384716	0.14884567689756517	0.06680615346748717	0.04463204005111162	0.2556727648189736	0.10978787694938266
0.06356529530400873	0.18644157243601955	0.055702567891484756	0.047906295408500055	0.053690109558566124	0.15991239357830328	0.06958316490617637	0.02358344779221025	0.25255503842936305	0.08706011469536784
0.0615066205448065	0.13029044198208545	0.062018616558568135	0.041313011086580254	0.07628453694999841	0.14478498127634248	0.062160309486311884	0.04340022403787476	0.2617239999080407	0.11651725816939142
0.06635329959030503	0.14601801314648952	0.06626073363716202	0.03389533779353522	0.0625064890453365	0.17069105219211045	0.06141025044293181	0.036649935356439414	0.2287530383927439	0.12746185040294608
0.06131954142021733	0.18805897827756357	0.07503950970180731	0.03334361090591319	0.05954632442800118	0.1646081073204883	0.05978067739310325	0.027659773738791735	0.2509847242424933	0.07965875257162086
0.046635357574078835	0.15426830615741086	0.06620375024168429	0.046265144887299985	0.06450871159515328	0.16615089828116114	0.06772448909523647	0.04030418229570198	0.2575368138197596	0.0904023460525135
0.051429192318907496	0.1311349670215453	0.07729231317048323	0.04534871469586948	0.07005935323727365	0.14358652522186585	0.06301934656608163	0.02748354771918847	0.27017464293763116	0.1204713971111537
0.0461372595716603	0.16304163023196538	0.0516464987008667	0.03898049194910181	0.049058768115030425	0.18395682395010254	0.06018598086560013	0.04112644648368855	0.24812992123353145	0.11773617889845273
0.04598161677538335	0.10152440431926966	0.05739554067802875	0.03953884972684287	0.08676546182057349	0.17649901260455014	0.060879693147252174	0.031115164766439635	0.27479049039795095	0.12550976576370898
0.06237728071986351	0.19994867268654443	0.07090663544593938	0.04652850398623566	0.05428852504183779	0.15513264572638963	0.06611901958099695	0.032801278691398844	0.23475127912406873	0.07714615899672507
0.05144226261465837	0.20498736762101571	0.0521874250375068	0.03564763410414165	0.0763833294402277	0.1485377037936684	0.06673227976029414	0.03190513404900269	0.25081404285863945	0.08136282072084507
0.05275098727839101	0.11534258052694274	0.08321019714302873	0.034201509181778056	0.06315643823042374	0.14686132178163552	0.07053845692409286	0.037381643728723046	0.2656397631927037	0.1309171020122806
0.048813198864124066	0.1429670950210667	0.05455122804582754	0.04039582539021499	0.0760547018835478	0.15387903795853122	0.06552871382521314	0.043241567379029844	0.2845704338502121	0.08999819778223261
0.05220718205005732	0.19296724742875992	0.05658491940835878	0.04761025571322148	0.08449303614155644	0.16734130043589335	0.06492617017373364	0.026917877576930246	0.22581387047520268	0.0811381405962861
0.04655504668438743	0.11319967573295375	0.06507506931213866	0.04792057768659961	0.07167425658802021	0.17566538586422187	0.06514499795416417	0.04154350993792381	0.2601842462620365	0.11303723397755396
0.05694186528197574	0.12078796869458559	0.07801050031683823	0.047726903781524846	0.07804957710961115	0.1757518533087467	0.0666846798544657	0.02930267289848104	0.23023120746560444	0.11651277128816655
0.06371466491985187	0.1426522003815662	0.07983797451044349	0.03221377712312	0.05899388510650269	0.1689118567507013	0.06211568297979545	0.03025268707141393	0.27675821502199377	0.08454905613461128
0.0464726611583464	0.1765929856775602	0.055260024917210826	0.03542454456288277	0.08584590905135787	0.15226561654591236	0.062273925670831426	0.03757664718954511	0.24421329202875475	0.10407439319759823
0.05288484663646739	0.1969666179279319	0.06798265815803117	0.044995470012484155	0.06576336346692094	0.16290546688971735	0.05985410806610817	0.044685796527215715	0.2190930901519603	0.08486858216316288
0.054489072580924516	0.12175725298072029	0.06535492207093038	0.04863815841234705	0.053824175118438955	0.1658645151333758	0.05980891947514449	0.036507462962065265	0.2628514645949183	0.13090405667113492
0.05478886780302103	0.1653603721590216	0.05090133925972293	0.03153961181982329	0.08570695900953389	0.16597690171138946	0.06322173954497562	0.03934203508437125	0.22766670652795518	0.11549546708018577
0.05178946053968562	0.19972751496853366	0.064832492472993	0.037738210785595035	0.04742279317545774	0.18303601418882037	0.06756535339884337	0.029012444009442334	0.23328962445741008	0.08558609200321877
0.054636205683881015	0.1673466728822241	0.07853382356398954	0.045136780821156894	0.07600080114038708	0.16547893558440374	0.06713028528036151	0.02294509581433074	0.23828840093259102	0.08450299829667435
0.06153201814615853	0.1429905398726844	0.07904381995477425	0.04708887468868754	0.055904373156990955	0.18530675386231987	0.060525422721507696	0.04000797537428119	0.24152183675479583	0.08607838546779972
0.05772965510055699	0.10443345944609747	0.08130915774604236	0.036859967371413394	0.047705419575609614	0.17752785149389055	0.06591174478176247	0.02316610753835613	0.2785818874810244	0.1267747494652466
0.06622277570400761	0.16083949448305596	0.06207347365680105	0.03468096661154113	0.06608426164463435	0.16004847854258628	0.07049667938259306	0.031482859150331194	0.2510437505749989	0.09702726024945046
0.0455140049644766	0.21455615079476661	0.06764210380249429	0.03630003916072576	0.04751236310606927	0.16374450279581193	0.06538512569084286	0.042890518878635105	0.2347663013938917	0.08168888941228591
0.048763829796949675	0.11541721066928916	0.05130209750737604	0.0435443094620942	0.07290240729402293	0.14872344447292782	0.07017048306415842	0.03663183475176711	0.28289216709203024	0.1296522158893844
0.047647389555244425	0.19517420316467926	0.06140355610068714	0.0437644860177625	0.05419091526407324	0.170688187883872	0.06226610641006508	0.027294934384716335	0.2581195875489067	0.07945063366999329
0.053594456529363114	0.13712526151794566	0.08242102768464923	0.03565196948417425	0.05987201689465731	0.16902370645311587	0.0646041134000472	0.02311836291557498	0.2725276276155244	0.10206145750494795
0.05669578336750324	0.12171728632143472	0.07097796826870674	0.04622702412047176	0.07879049639335371	0.16621552171094794	0.06664711580872595	0.02981436272776808	0.2566385287218456	0.10627591255924221
0.06402054100321897	0.2088852420568167	0.061471100579223205	0.04249698206851762	0.05233228112939358	0.15572615919855937	0.06470840831812648	0.029905165463542424	0.24014423659091894	0.08030988359168278
0.05092358110467788	0.19449743442479764	0.05010717425623497	0.048013135599628914	0.06611544504271899	0.15092794617567634	0.06588612020953531	0.04477003654665842	0.2233013266379581	0.1054578000021134
0.04823675528967218	0.1658094457164091	0.05907277278510104	0.04377229477801285	0.06034280513173449	0.15561374774422082	0.06547780662299316	0.041587964085626226	0.24317556569565468	0.11691084215057548
0.055070015409310065	0.17094594351145168	0.06809226308196406	0.04314960497697867	0.06136634482727371	0.1583244600316988	0.06758642583085893	0.03182801247546756	0.23124984164331341	0.1123870882116831
0.048962374490551	0.1689837091571971	0.05544228631347583	0.045109188523039474	0.08019748458077408	0.14422506754016423	0.06719909386266937	0.022706531915315853	0.2545604244107897	0.11261383920602341
0.04730760787995986	0.15038207242716428	0.06753780176164033	0.03933673158252001	0.07094145775489596	0.17794320937953256	0.06135584737284213	0.0367726321222866	0.23263954290781397	0.11578309681134431
0.05338908668642046	0.13745636190348917	0.07571855706604948	0.032640395066891134	0.06732824190067285	0.1739210570262711	0.0695459688367503	0.030588280226790915	0.2768596306176921	0.08255242066897248
0.05431822762742562	0.1267999454503636	0.06981779007199909	0.038790843743347535	0.04589606662945538	0.18105145994244798	0.06913936792855889	0.04418510935718418	0.2746590859814228	0.09534210326779487
0.06567529195924685	0.11543285932827932	0.07344529623409368	0.044390347590134854	0.06746039881802271	0.15011772735891513	0.06001840937580494	0.04097032590332736	0.26292706451285974	0.11956227891931542
0.04480540476569101	0.18343149486721874	0.06620145444020353	0.03834770411414071	0.049871083747440176	0.16972556417591594	0.06374432616688444	0.026687645230846185	0.23287581670456653	0.1243095057870928
0.046160941543528025	0.21366392485725402	0.06983825495775745	0.0490530677338349	0.056518921947006216	0.1594080262642008	0.059954313158213625	0.030895404022065753	0.22344115870135517	0.09106598681478403
0.05342105472737718	0.09267808140025852	0.07874519024300568	0.04503051584843893	0.0858894341874321	0.1814947013823438	0.06411335222351973	0.025852193943052604	0.2641382978460045	0.10863717819856693
0.04997624625368348	0.2019793048893807	0.07690625067730236	0.03506937788208983	0.061804067104038844	0.1542219515440204	0.06257060323115095	0.025293694781438406	0.2505030312345889	0.08167547240230613
0.06145587400259318	0.18652692760211395	0.05784337423257972	0.03316361121958092	0.05870206397018891	0.1759630181961238	0.06983675492024607	0.03837432844530731	0.23203815459218374	0.08609589281908235
0.06433083816722325	0.22961127533965642	0.06678107941815277	0.0343244879207443	0.04791807760101546	0.14376031462094185	0.0695968870940788	0.023845237764472407	0.23695458135819902	0.08287722071551573
0.05535561600675344	0.20184946906697687	0.05332950887270734	0.04936253538803987	0.06292476531177252	0.15190478440538027	0.0692796657841391	0.044636000161336	0.2195996325679246	0.09175802243496997
0.057621026435239184	0.15086926040993878	0.06511156184415799	0.03483234630494497	0.07981446986575547	0.15539218280567896	0.06787330562005418	0.04429724208170422	0.24458183002755834	0.09960677460496786
