0.1541143861440351	0.3848268169634888	0.4610587968924762
0.15336503406555382	0.38455443176107706	0.4620805341733692
0.15557925554302265	0.38140492164845013	0.4630158228085274
0.15627291724045336	0.38211703395712515	0.4616100488024216
0.15406314419851241	0.38324987683563927	0.46268697896584843
0.15504613743629275	0.3841579823099584	0.46079588025374896
0.1558175684287046	0.3829393908950491	0.46124304067624644
0.15579336521863923	0.38287294984483344	0.46133368493652743
0.15509849643556314	0.3841612149521865	0.4607402886122504
0.15351516451699943	0.38333327681471696	0.4631515586682837
0.15325308893178924	0.3860434344883008	0.46070347657991007
0.15346291428032563	0.38365828710364497	0.4628787986160295
0.15408416339141623	0.3839927841862766	0.4619230524223073
0.15612033035604733	0.3827199759643577	0.4611596936795951
0.15511953567583764	0.38217553727117864	0.4627049270529838
0.1544964611718813	0.3815993101381402	0.4639042286899786
0.15397509576897328	0.38321866195555343	0.4628062422754734
0.15620125872134694	0.38199204565407757	0.46180669562457566
0.1544550270863259	0.38168319608791346	0.4638617768257608
0.15643982380806348	0.3809595241025243	0.4626006520894123
0.1555442359338901	0.3836922958140968	0.4607634682520132
0.1540628083660212	0.385086625702596	0.46085056593138296
0.15504983308850917	0.3808281947817047	0.46412197212978623
0.153476252328287	0.3856664564710701	0.460857291200643
0.15437261886042586	0.38170221210486055	0.4639251690347137
0.15413596644421235	0.38270550212540866	0.4631585314303791
0.15439229037855495	0.3845541269870945	0.46105358263435064
0.15471772507642986	0.38322521609223903	0.4620570588313312
0.1548160783050308	0.3820474540975974	0.4631364675973719
0.15570754036870418	0.3811451589764027	0.4631473006548932
0.15422185205281663	0.3832091549976897	0.4625689929494938
0.15573970785641925	0.3805961074883396	0.4636641846552413
0.1554395102988751	0.3828658295901199	0.46169466011100513
0.15555444907484856	0.38353014597616764	0.4609154049489839
0.15594318848917907	0.3824117519903727	0.4616450595204483
0.1555386573576429	0.38180834177024026	0.4626530008721169
0.15344965744303624	0.38265465977226437	0.4638956827846995
0.15470571985683293	0.38465812819971607	0.4606361519434511
0.15443686295886133	0.3833682646104067	0.4621948724307321
0.15552424216355742	0.3823583294691999	0.4621174283672428
0.1552720827875889	0.3816505215729579	0.46307739563945327
0.1559287241758895	0.3820583813135129	0.46201289451059774
0.15452007049293198	0.38317025851902603	0.4623096709880421
0.15521091800579206	0.3813088145072868	0.4634802674869213
0.15431422513451293	0.38494929392146826	0.460736480944019
0.15399561765272238	0.3830175565451599	0.4629868258021178
0.15434143944636752	0.38358313909722364	0.462075421456409
0.15579042356263653	0.3823542454132963	0.4618553310240673
0.15463657853305537	0.38383660502471684	0.4615268164422279
0.15487040017038076	0.3821358017823049	0.46299379804731444
0.15317430577279523	0.38468519044950444	0.46214050377770044
0.15379981671952092	0.38224689010436524	0.463953293176114
0.15533089821838503	0.3809102901429811	0.46375881163863397
0.15624226290128163	0.3827119340526134	0.4610458030461051
0.15341971040371497	0.38403491052108135	0.46254537907520377
0.15479927244958877	0.38265424767993467	0.4625464798704767
0.15338460755261019	0.38432654001259525	0.4622888524347947
0.1547132066199765	0.381122018933631	0.4641647744463926
0.15552914910425028	0.3820986187573963	0.46237223213835354
0.15451311068612125	0.3818381199025134	0.4636487694113655
0.1554646115053171	0.3814542687388674	0.4630811197558156
0.15389723843133007	0.3828310282903619	0.4632717332783082
0.15619761366914525	0.3826701151424258	0.46113227118842903
0.15390905590002377	0.3833656773104101	0.46272526678956627
0.1541029367159015	0.38477446867215254	0.46112259461194616
0.15514986626352995	0.3819415262167732	0.46290860751969704
0.15316477709651877	0.38393891589802587	0.4628963070054555
0.15558122120370443	0.3824448385832569	0.46197394021303884
0.15520114904175436	0.3839023724002532	0.46089647855799254
0.15538105814636208	0.3811653458927136	0.4634535959609244
0.15392178568839746	0.384263645611283	0.4618145687003196
0.1549114599230871	0.3836241384884445	0.4614644015884685
0.15482142888560863	0.38420499898680904	0.4609735721275825
0.15329098674729255	0.38261645829705554	0.46409255495565205
0.15321632116652317	0.38495197209912435	0.4618317067343526
0.15508654823814888	0.3843179221278049	0.4605955296340463
0.1562010634411636	0.38193830953420804	0.4618606270246285
0.15505382465946943	0.3811426698150683	0.46380350552546235
0.153724786043392	0.3850407401704054	0.46123447378620275
0.15635703449635324	0.381386796069621	0.46225616943402587
0.15515610974360944	0.381563043024866	0.46328084723152474
0.15619632878376277	0.3823209494783591	0.46148272173787824
0.15625671759482007	0.38228536144775543	0.46145792095742466
0.15530970889571305	0.3838533405166816	0.46083695058760554
0.15572061360347536	0.3829015076588096	0.4613778787377152
0.15331170589918308	0.3831101121291469	0.4635781819716701
0.15482870719430294	0.3837429025164081	0.46142839028928906
0.15334403530361632	0.3845302799649659	0.46212568473141785
0.15520529121440038	0.38132017152824477	0.463474537257355
0.15548164761626831	0.3819047192979528	0.462613633085779
0.1539892264777314	0.38172601771525666	0.464284755807012
0.15367186892898518	0.3847071873880297	0.4616209436829852
0.1561531823174877	0.3820282779395566	0.46181853974295584
0.1562007240647058	0.38179110831090146	0.4620081676243928
0.15370261122049203	0.3822958828163159	0.46400150596319223
0.15378557703028478	0.38343548799525645	0.46277893497445893
0.15490433063461478	0.3838279888571654	0.46126768050822
0.15575422154758908	0.381548119720589	0.46269765873182206
0.15402971279848332	0.38167363507697954	0.4642966521245372
0.15481218454547752	0.38138482959229547	0.4638029858622271
0.15579575499199366	0.38130361475606395	0.4629006302519425
0.15512717945731425	0.3810634599239454	0.46380936061874045
0.15586046092167893	0.38128728390738414	0.4628522551709371
0.15530303628322142	0.38060194160800487	0.46409502210877385
0.15414601168952052	0.38302394176187393	0.4628300465486057
0.1552242075318076	0.380962923174329	0.46381286929386356
0.15649412763980675	0.38058381718834605	0.4629220551718473
0.15357598453593224	0.3850682183070819	0.46135579715698605
0.1535787940682757	0.3842560473154127	0.4621651586163117
0.15322157226506877	0.38275414114951034	0.46402428658542105
0.15455302574932211	0.381822576511586	0.463624397739092
0.1562612530498998	0.3830920573540869	0.4606466895960134
0.15354867405687955	0.38539022646059096	0.4610610994825296
0.15435140597615699	0.38181782635183276	0.46383076767201037
0.15363203061208258	0.384708659735312	0.4616593096526055
0.15599214296029607	0.3807264581354856	0.4632813989042184
0.15404871412367316	0.3852972565130325	0.4606540293632945
0.15483079124996363	0.3825846815564948	0.46258452719354176
0.15499724947563148	0.3814289855077386	0.46357376501663006
0.15558229733291723	0.3826154055882318	0.4618022970788511
0.15349493236229422	0.3850392802550015	0.4614657873827044
0.1559172628953075	0.3829523340455164	0.4611304030591763
0.15361664210527945	0.38338928069842815	0.4629940771962925
0.1551656122751773	0.3825776147307107	0.46225677299411205
0.15435499831451832	0.3850219382850272	0.4606230634004546
0.15449028706702606	0.3814637856161689	0.46404592731680516
0.1564044042735624	0.3822119821099027	0.461383613616535
0.1540869647764216	0.3836744717545258	0.4622385634690528
0.15372728311015393	0.38208431265960013	0.46418840423024604
0.1539322491961546	0.38219027197095756	0.463877478832888
0.15374654911068708	0.385335747425664	0.460917703463649
0.1562062117414302	0.3818244185879341	0.46196936967063584
0.15441678419846785	0.38323735918053153	0.4623458566210008
0.15628084919206003	0.38172533693042743	0.4619938138775126
0.15339686345407594	0.3854354151573195	0.46116772138860473
0.15387983045717854	0.38243868506817774	0.4636814844746438
0.15451609810514993	0.38487819355214026	0.4606057083427099
0.15492938535100692	0.3832644321748929	0.4618061824741002
0.15390860270256623	0.3854194996427373	0.4606718976546966
0.15361646730014222	0.382251035202708	0.4641324974971499
0.15612834624002064	0.38211575432664036	0.4617558994333391
0.1558767491640101	0.3816517133561643	0.4624715374798257
0.15440214828926502	0.3828821194872102	0.4627157322235249
0.15336754370421718	0.3858122891692725	0.4608201671265104
0.15374658304793165	0.3833017907808309	0.4629516261712376
0.1553891965521512	0.383552809745435	0.46105799370241396
0.15575206849592477	0.3829002006180888	0.4613477308859866
0.15446488975966288	0.38441283054725367	0.46112227969308356
0.15597548949083206	0.38140404351397317	0.4626204669951949
0.15460367735853855	0.38201403442164505	0.46338228821981653
0.1539558332242847	0.3832565802218261	0.4627875865538893
0.1540038319789942	0.3830142739608061	0.46298189406019985
0.15547254197753646	0.383585610836615	0.46094184718584863
0.15635434505047746	0.38183143729894814	0.4618142176505745
0.15399860121311199	0.383050815334853	0.4629505834520351
0.15420535012434683	0.3817256536087352	0.46406899626691805
0.1547368323169036	0.3813413916405367	0.4639217760425598
0.15437497884180043	0.38310522428492094	0.46251979687327877
0.1556133436000804	0.3826880811337737	0.46169857526614605
0.1535088706042588	0.3848930252287504	0.4615981041669909
0.15370232022600355	0.3857152202151244	0.4605824595588721
0.15640551682227233	0.3807169340289645	0.46287754914876333
0.15447897174223468	0.38215942764463384	0.4633616006131316
0.1561156732430269	0.38068470504278495	0.46319962171418827
0.15545883172694558	0.38069249517986525	0.4638486730931893
0.1548193898726914	0.3823256240790316	0.46285498604827713
0.15435179279675046	0.3844200095013969	0.4612281977018528
0.15516876106982525	0.3841778693393584	0.46065336959081654
0.15442511237766732	0.38147221110788276	0.46410267651445003
0.15503164686955245	0.38118518483872266	0.46378316829172506
0.15519893356503547	0.381622556610052	0.4631785098249127
0.15427610841162975	0.38352940229886445	0.4621944892895059
0.15499644459618023	0.3834540506414735	0.46154950476234646
0.1546985497634131	0.3816007529417593	0.46370069729482777
0.15546465894464717	0.38296050230383916	0.46157483875151384
0.1546823882475456	0.38127795890302696	0.46403965284942755
0.15441430747245727	0.3837953592378218	0.4617903332897211
0.15429961937366587	0.381644814162427	0.4640555664639072
0.1539339531064174	0.3823089509868971	0.4637570959066856
0.1556642452860829	0.38363259956315954	0.46070315515075766
0.15516240854852825	0.3820675571541243	0.46277003429734753
0.15612978742387296	0.3804632133508889	0.46340699922523826
0.15410176558852284	0.3835988095630425	0.4622994248484348
0.15423208734188693	0.38519007902977165	0.46057783362834154
0.15587163328581857	0.3824072533310372	0.46172111338314437
0.15546723757203762	0.3812225072297487	0.4633102551982138
0.15612989754123385	0.3823743882137957	0.4614957142449706
0.15498145527078888	0.38231961176634494	0.4626989329628663
0.15606369117321722	0.38048822056793025	0.46344808825885264
0.15398156190017223	0.38250697522251487	0.463511462877313
0.15601661914356013	0.38273670256557024	0.46124667829086974
0.15376603749555573	0.38457867526681255	0.46165528723763183
0.1560339417968571	0.38185858233071196	0.46210747587243106
0.15413513970026205	0.38307394202609807	0.46279091827364
0.1552091410711554	0.38333726041340777	0.461453598515437
0.15531981055149946	0.3811520454943463	0.46352814395415437
0.15381558775302395	0.3845382326978395	0.46164617954913667
0.15573467061690655	0.3836096912345104	0.4606556381485832
0.1553597745187696	0.3817037673305668	0.4629364581506637
0.1539125612520128	0.3837068934185834	0.4623805453294039
0.15330730201853404	0.3830989391997633	0.4635937587817027
0.1541042085579525	0.3816631697591274	0.46423262168292023
0.15330104447548498	0.3843732882402418	0.4623256672842733
0.15343044278108692	0.38565857657831093	0.46091098064060226
0.15624193636518516	0.3820509674681592	0.46170709616665573
0.15643811408782998	0.3829332886387763	0.4606285972733939
0.1547071957199088	0.38392103417889833	0.461371770101193
0.15418990592101586	0.3851233194701465	0.4606867746088378
0.1552365121244375	0.38345703784918134	0.46130645002638127
0.15420531353499586	0.3850945666541182	0.4607001198108861
0.15561003540337143	0.3813083724156123	0.4630815921810164
0.15320478907207055	0.38448053478710914	0.46231467614082045
0.15594298456890154	0.3823938288322567	0.46166318659884187
0.1536615967002175	0.3841989577874437	0.46213944551233893
0.15402311374881061	0.3823973143928512	0.4635795718583383
0.15379412716255628	0.38484468504915814	0.4613611877882857
0.15513389294705798	0.38165040172837283	0.46321570532456924
0.15596463489548057	0.38076144973293197	0.4632739153715876
0.15329703236118347	0.38245274846110733	0.4642502191777093
0.156156354929388	0.38107052017130455	0.46277312489930755
0.15358170531466653	0.3826709812973481	0.46374731338798547
0.15408810941183448	0.3845717578600357	0.4613401327281299
0.15487457492160317	0.3841433255443934	0.4609820995340036
0.15635539958906755	0.3824934297467474	0.4611511706641852
0.15352591789542186	0.3837307536174158	0.46274332848716243
0.156493559745222	0.38117394687508616	0.46233249337969196
0.1541604150479297	0.38485702596212246	0.46098255898994794
0.15543160984219112	0.3819299054487005	0.4626384847091085
0.15434728520427302	0.3827974473084932	0.46285526748723393
0.15602650052350933	0.38152703992258763	0.4624464595539032
0.1552920391754818	0.3832736072205808	0.4614343536039376
0.15551692698972322	0.3832352968578397	0.46124777615243717
0.1548993638331217	0.381088370826555	0.46401226534032347
0.15638073741081487	0.38284186390039626	0.460777398688789
0.15438522513884917	0.3839366210414658	0.46167815381968513
0.15394399317017385	0.3831507730984395	0.46290523373138676
0.15561444258722124	0.38092489822276027	0.4634606591900186
0.15397813667411397	0.38266071656661155	0.4633611467592746
0.1537938758455846	0.38459172843902356	0.461614395715392
0.15600241258635378	0.38199003323886244	0.4620075541747839
0.1553204543709136	0.38205225973277357	0.46262728589631297
0.15574893998541442	0.3836757461949222	0.46057531381966355
0.15469141879147374	0.38148424767876066	0.46382433352976576
0.15513476597147677	0.3832622030364721	0.4616030309920512
0.15548742912624186	0.38392326353889256	0.4605893073348657
0.1552322632583182	0.3816285119459551	0.4631392247957268
0.15581531482935368	0.3821806683410261	0.46200401682962033
0.15498552086271355	0.3843338162354486	0.46068066290183796
0.15435949543187977	0.3840639408013551	0.46157656376676526
0.15368351166019917	0.38236684976541285	0.4639496385743881
0.1549820353561561	0.3827264542097881	0.4622915104340559
0.15351216991786204	0.3847276626072635	0.4617601674748746
0.15572891647365425	0.380900469575924	0.4633706139504219
0.1536727320835545	0.38350651405245106	0.4628207538639945
0.15593202463350364	0.38061970035784254	0.463448275008654
0.15529470375529913	0.3833238233219324	0.4613814729227686
0.15468552394443788	0.38243751678528676	0.4628769592702755
0.15590575185036365	0.38297674355046557	0.4611175045991709
0.156189178284877	0.38279615772570336	0.4610146639894198
0.15624720781484985	0.3806033127111499	0.46314947947400037
0.15611509879347088	0.3818379073007109	0.4620469939058184
0.15379437592458378	0.38481217837413395	0.4613934457012824
0.1545334736286989	0.38408362240886007	0.4613829039624412
0.15432237599682336	0.3835677630596548	0.46210986094352197
0.15324329112259	0.3825405507108964	0.46421615816651374
0.15359462828063664	0.3853386091806966	0.46106676253866685
0.15534536413062902	0.38388431556300157	0.46077032030636955
0.15317917103449308	0.3831933858963785	0.4636274430691285
0.15376805678223793	0.3842426106017737	0.4619893326159884
0.15509485130199074	0.3827319336783899	0.4621732150196195
0.1553028632266797	0.38225327704221385	0.4624438597311066
0.15494986804849134	0.38319297147748155	0.46185716047402725
0.15518048667231799	0.38415543793425033	0.4606640753934318
0.15572852095837506	0.3825432478251526	0.4617282312164725
0.15625091719572515	0.38193462437896153	0.4618144584253135
0.15530931194726438	0.38159057758278514	0.4631001104699506
0.15608715736959197	0.38088960974528224	0.4630232328851259
0.1549938984988939	0.38349301400374425	0.461513087497362
0.15329054950386775	0.38288162895939676	0.46382782153673563
0.1539027626103239	0.38355728624228275	0.4625399511473935
0.1545173981905733	0.3812674095560888	0.464215192253338
0.15346060134157968	0.3842715844884492	0.4622678141699712
0.1554168192942021	0.3837475058621487	0.4608356748436494
0.15390094965627094	0.3825353416195145	0.4635637087242147
0.15637361553164186	0.382490228301105	0.46113615616725323
0.15364539710452513	0.3841075517554829	0.4622470511399921
0.15535287134915376	0.3834308365328903	0.46121629211795606
0.15344827449455645	0.38550773403151317	0.4610439914739305
0.15558464052892618	0.3826157431005844	0.46179961637048955
0.15550622746921533	0.3821274495000342	0.46236632303075065
0.15476239250287255	0.38448020779512815	0.46075739970199947
0.15572187435364582	0.3823776522159246	0.46190047343042967
0.15410219890239168	0.3816623057740684	0.46423549532354
0.15515491592266945	0.38241907990618657	0.4624260041711441
0.15511815744485394	0.38060805844030177	0.46427378411484443
0.15444712546316586	0.38369153585924004	0.4618613386775942
0.1549966386867232	0.38143042095786345	0.4635729403554135
0.15632208085094682	0.38180088352044234	0.46187703562861093
0.15332899029489838	0.38407830991707514	0.46259269978802664
0.15637284594417544	0.38176461482769875	0.4618625392281259
0.15577250805726617	0.3816827629610886	0.4625447289816454
0.15319993304927487	0.38259511985034217	0.46420494710038307
0.15613937028677544	0.3823875260127915	0.46147310370043315
0.15558197702744983	0.38179919419655634	0.4626188287759939
0.15473678433029928	0.38318496319311096	0.46207825247658985
0.15570592728436802	0.3806298752638932	0.46366419745173887
0.15455712168368324	0.3847913330230506	0.4606515452932663
0.15420488729238227	0.38372022936253236	0.4620748833450855
0.15519703966958462	0.3840371620686573	0.46076579826175823
0.15497439252921738	0.3827625553948313	0.4622630520759514
0.1540017186879485	0.38521200309148484	0.4607862782205668
0.1550201933313473	0.3814181651417079	0.46356164152694485
0.15618829760122835	0.3815092999256628	0.46230240247310894
0.15359330634090518	0.3822782204162311	0.4641284732428638
0.1533841197000638	0.38255932081010025	0.46405655948983604
0.15611308633986815	0.3828079291236323	0.46107898453649965
0.1562384895329848	0.38135292428782414	0.4624085861791912
0.15557319394807573	0.3835389520274597	0.4608878540244647
0.15436088530991438	0.383153207703848	0.4624859069862378
0.15521648846265124	0.38340813790975514	0.46137537362759373
0.15404588976256134	0.3843732261568213	0.4615808840806175
0.1551292931294453	0.3812741369815594	0.46359656988899545
0.1542245267636546	0.38449304120605104	0.46128243203029445
0.1551259679677936	0.3842739920899409	0.4606000399422656
0.1555012377987422	0.38379755012733213	0.4607012120739258
0.15452611547974263	0.3815394368974724	0.46393444762278513
0.15587031538747653	0.3805148613375824	0.4636148232749412
0.15381214387699127	0.3854478726987582	0.46073998342425065
0.1539607675811756	0.38510760575864034	0.46093162666018417
0.1554057147318206	0.3808975272024501	0.46369675806572935
0.15620091105308376	0.382990258378328	0.46080883056858835
0.15318853366149654	0.3856005614118341	0.4612109049266695
0.15556126381466126	0.38379449609016925	0.4606442400951696
0.15565789649597844	0.38056023884956897	0.4637818646544527
0.15564637644123713	0.38234489396548765	0.4620087295932753
0.15551990307609007	0.38134932875990213	0.46313076816400794
0.1536895849261256	0.3844117171711906	0.46189869790268395
0.15555645852432815	0.3810925436040069	0.46335099787166506
0.15585085171292806	0.3824320155373362	0.46171713274973586
0.1539504975687923	0.38308929477357334	0.4629602076576345
0.15404511612285457	0.38326457825914045	0.46269030561800506
0.1551511620557039	0.3817856156352103	0.4630632223090859
0.15560897195944573	0.3819509809967821	0.4624400470437723
0.15422526512928394	0.38275412731476843	0.46302060755594776
0.1540191189027934	0.3833471130687807	0.46263376802842604
0.15440657613548994	0.3839132838086496	0.46168014005586056
0.15367973221005382	0.3857262696372475	0.4605939981526988
0.1552796681695621	0.3819446880470429	0.4627756437833951
0.15444870992239373	0.3813930525379891	0.46415823753961727
0.1547937145317685	0.3826645298523487	0.4625417556158829
0.1534957869105522	0.383698735645966	0.4628054774434819
0.15320903774787636	0.38263171993550665	0.4641592423166171
0.15411282162660578	0.3850486026968529	0.4608385756765414
0.15399328488839056	0.38327892173141354	0.462727793380196
0.15392981164658237	0.38250996226421413	0.4635602260892036
0.15348868633296564	0.3842944280227462	0.46221688564428826
0.15635880454872875	0.38267292529072566	0.46096827016054576
0.1559966733903254	0.3832827362786916	0.4607205903309831
0.15470994575670013	0.3845584086537946	0.4607316455895054
0.15450837884311025	0.38234396897699435	0.4631476521798955
0.15540228801989434	0.3838713189128802	0.4607263930672256
0.15399123217543653	0.3846448857242575	0.46136388210030616
0.15455642111933882	0.38186223533463703	0.4635813435460242
0.15484729976416392	0.38321521094077193	0.46193748929506423
0.1564610901596527	0.382183666777763	0.46135524306258446
0.15510920675690554	0.3817031436027795	0.463187649640315
0.1533469001245859	0.3827304938382993	0.4639226060371149
0.15433279779802886	0.38450238576625734	0.46116481643571394
0.1543168020413936	0.38314794241564676	0.46253525554295977
0.15534559857568794	0.3825088223703459	0.46214557905396625
0.15322056721845645	0.3839479155083801	0.46283151727316363
0.15386355808563723	0.38481527367480495	0.46132116823955793
0.1560229875755576	0.380791157032062	0.46318585539238044
0.15319648974388483	0.38271946791314637	0.46408404234296896
0.15567195773448728	0.3815614875993677	0.46276655466614514
0.1534238184125582	0.3859464943057309	0.460629687281711
0.15474972533095716	0.38438652310718974	0.4608637515618532
0.1540055869575616	0.3824924550544331	0.4635019579880054
0.15501859267248622	0.38202489573927817	0.46295651158823575
0.15598040956128642	0.38132147601161304	0.4626981144271006
0.15408994935104306	0.38454682694147957	0.4613632237074775
0.1559477281189664	0.3807397245507006	0.4633125473303331
0.1536724401303638	0.38389146728025425	0.46243609258938206
0.1542136692514257	0.3850858710460135	0.4607004597025609
0.15452247221248697	0.38474693485902134	0.46073059292849183
0.15476472468133792	0.38287866885257826	0.4623566064660839
0.15472140953556773	0.38411172658223003	0.4611668638822023
0.1564780635057034	0.3825361472034854	0.4609857892908113
0.15403985263649378	0.38530860279885215	0.4606515445646542
0.15480984050727642	0.3819270063233544	0.4632631531693693
0.1540081352233908	0.38262542704398633	0.463366437732623
0.15378652407280294	0.38343731811786697	0.46277615780933024
0.1556930508164308	0.3833378204692247	0.4609691287143446
0.15584652309334873	0.38217568377701994	0.46197779312963144
0.15571198353810098	0.3812903746289486	0.46299764183295056
0.1556927767416622	0.3832644942865183	0.46104272897181964
0.15624916085799934	0.3815045685223125	0.46224627061968826
0.1563217596609736	0.3811388858831361	0.46253935445589045
0.15522877024734383	0.38091497048455747	0.4638562592680988
0.15569286607519678	0.38111834883873297	0.46318878508607036
0.15446044050145671	0.3812701852912103	0.46426937420733305
0.15565917257084633	0.3828456338404725	0.46149519358868135
0.15555531293022784	0.3822325600369843	0.46221212703278797
0.15503504012215322	0.3843857356174597	0.46057922426038717
0.1561696658276846	0.3804110245680149	0.46341930960430067
0.15562730455107215	0.38206462712952505	0.4623080683194029
0.15384674998019177	0.3845354241304167	0.46161782588939165
0.15580193988157737	0.38292437774833843	0.46127368237008426
0.1557976080050284	0.38280288666491963	0.46139950533005203
0.15384623663438862	0.38317688266922423	0.4629768806963873
0.15549544479320254	0.38187254001396764	0.4626320151928299
0.15580442813547832	0.38326557725115146	0.46092999461337036
0.15333533142250527	0.3841795251773241	0.4624851434001707
0.15565363474032373	0.38144096517732123	0.46290540008235515
0.15379166892906093	0.3840870128482794	0.4621213182226598
0.155024800719619	0.38376414227603756	0.4612110570043436
0.15458606327405955	0.3836473081127988	0.46176662861314177
0.1536618346218687	0.3828598051999534	0.463478360178178
0.15421249927599123	0.3843682085450286	0.46141929217898026
0.15522393346576605	0.38160713521410106	0.46316893132013304
0.15467453825030253	0.384313222265586	0.4610122394841115
0.1557074736071664	0.38210960155501494	0.46218292483781875
0.154656836116546	0.38376813972885565	0.46157502415459845
0.15548820208212483	0.38161891416637506	0.4628928837515002
0.15521583899232277	0.382357059477047	0.46242710153063027
0.15469134280311014	0.38145182035972297	0.463856836837167
0.15608482309952365	0.3821393334674651	0.46177584343301137
0.15646292521589483	0.38094332764325545	0.4625937471408499
0.15550977439437424	0.38199900166663986	0.462491223938986
0.15400149792298262	0.38530247477785357	0.4606960272991639
0.1541858686554749	0.3828846772976782	0.46292945404684704
0.15489475870805522	0.384360020698796	0.46074522059314893
0.1543530020614905	0.3844846696048061	0.4611623283337035
0.15347928516474063	0.3856046250756681	0.46091608975959136
0.15581668693520515	0.3826425841772804	0.4615407288875145
0.15596651166983092	0.38041771786582973	0.46361577046433944
0.1556203024629747	0.3805361908859703	0.4638435066510551
0.15573488395562618	0.3809493539167675	0.46331576212760645
0.1557182459766746	0.3828329765174242	0.4614487775059013
0.15578267164739573	0.3823334555102566	0.4618838728423478
0.15549100012046607	0.3818253802288685	0.4626836196506655
0.15474955595511397	0.3819040663806324	0.4633463776642538
0.154248643971103	0.38258040497690904	0.4631709510519881
0.1541877737842443	0.38190736777877077	0.46390485843698503
0.15398997420725175	0.3819481416041856	0.46406188418856276
0.1545645550101561	0.3815357483961825	0.4638996965936616
0.15505963073613127	0.38376360421256395	0.4611767650513049
0.15481012559150992	0.38151222116745254	0.4636776532410377
0.15366354270139482	0.383011065461657	0.4633253918369483
0.15371046378011294	0.3821809333923167	0.4641086028275705
0.15384528906583167	0.38497165351329116	0.4611830574208773
0.15423697089154115	0.38296629408968025	0.4627967350187787
0.15525377823396724	0.3838502999210897	0.4608959218449432
0.15621772788079905	0.38226958675374856	0.46151268536545254
0.15473815889323056	0.38231728993736597	0.4629445511694036
0.15525904159993437	0.38259017446461235	0.4621507839354534
0.15453130882066188	0.3844353727946051	0.46103331838473316
0.15518881463582748	0.3834207362034428	0.4613904491607298
0.15496109047743206	0.38224911757541924	0.46278979194714887
0.15641298416561467	0.38078545218946336	0.4628015636449221
0.1545791024549909	0.3847968141609965	0.46062408338401273
0.1541419601911193	0.38429286951694275	0.4615651702919381
0.1538561407422514	0.38513870607550466	0.46100515318224405
0.15564247301939144	0.38356146665552854	0.46079606032508014
0.1540512190600003	0.3839975177960731	0.46195126314392676
0.15382122686736616	0.3835304868139605	0.4626482863186735
0.15397348223224333	0.38494087627954227	0.4610856414882145
0.1540646606086351	0.3826637516224868	0.4632715877688782
0.15370337011641694	0.38558538118513236	0.4607112486984508
0.15407024629272306	0.3818638036572467	0.4640659500500304
0.1537825300651137	0.3838278019389941	0.4623896679958923
0.15418222379385865	0.38208483352200145	0.46373294268414
0.15425678601682596	0.3834198340680455	0.4623233799151287
0.15467354484227208	0.3822296380421338	0.4630968171155943
0.154368490392115	0.3843450729979112	0.4612864366099739
0.1550246036661891	0.38297965769545544	0.4619957386383556
0.15423458007247298	0.38229862977449114	0.46346679015303605
0.15548219157349125	0.3811856579925451	0.46333215043396375
0.15498658461890455	0.38310489460693514	0.46190852077416045
0.1544325696942129	0.38394680028469574	0.4616206300210915
0.15530299876980247	0.3808410519563821	0.4638559492738155
0.1540228277312783	0.3838905784615245	0.4620865938071973
0.15467857689791342	0.38426157518560694	0.4610598479164798
0.15561828440469794	0.3836757731562417	0.4607059424390605
0.1551154204909556	0.38324928493855076	0.46163529457049374
0.1545171619240559	0.381692218223316	0.46379061985262826
0.15435047060164564	0.38216026979891277	0.4634892595994417
0.15569489585019186	0.3827649185200741	0.46154018562973415
0.15606476857483936	0.3821506952657567	0.46178453615940407
0.15397492221880424	0.3844210352074296	0.4616040425737663
0.15459115138280632	0.38290136460623475	0.4625074840109591
0.1555616656612312	0.38269241639049134	0.4617459179482776
0.15502071568544934	0.3833825135808546	0.4615967707336961
0.1562031291662992	0.38078307044041476	0.46301380039328616
0.15467883079003553	0.38214973638508	0.4631714328248846
0.15439676837521027	0.3814787870320908	0.4641244445926991
0.15537130398790894	0.38177765417454324	0.46285104183754794
0.15320992502243783	0.38575365123881267	0.46103642373874965
0.15440319319815465	0.3828776946571537	0.46271911214469175
0.15511254521147225	0.38104399350701085	0.46384346128151704
0.1544563253438605	0.3833498740554905	0.4621938006006492
0.15336156921193234	0.3843244273191643	0.4623140034689035
0.15578296532801275	0.3806368486574932	0.4635801860144942
0.15417162619441988	0.3835459910877812	0.4622823827177991
0.1545250299689167	0.3827001040313436	0.4627748659997398
0.15539398050935171	0.38276064854768077	0.4618453709429676
0.1548777339938953	0.3832870875512434	0.46183517845486144
0.1556917506229179	0.3812254262451952	0.4630828231318871
0.15432210428184556	0.3845496989156259	0.4611281968025287
0.15474217895641762	0.38277892787235807	0.4624788931712245
0.15518939111870433	0.38094576281680625	0.4638648460644895
0.15632798572086304	0.3821767744738001	0.461495239805337
0.15590212793902583	0.383109025503228	0.46098884655774625
0.15479327844074037	0.38177864145907614	0.46342808010018366
0.15641010246283488	0.3826644064263677	0.4609254911107976
0.15348522019147437	0.38400159717000937	0.4625131826385164
0.15532818102723253	0.3835471264481697	0.4611246925245979
0.15554671038822943	0.3833052695977193	0.4611480200140513
0.15373663373246246	0.3837183439681929	0.4625450222993448
0.15505470589454146	0.3838440791848619	0.4611012149205968
0.15600764197365408	0.38047371954815046	0.4635186384781955
0.15572601791144658	0.38256605147753087	0.46170793061102267
0.15370239595579765	0.3823135880246328	0.4639840160195697
0.15568925467305242	0.38221666429087703	0.46209408103607064
0.1541317381953205	0.3841682813303664	0.46169998047431315
0.15395039990494883	0.38200420491718756	0.4640453951778637
0.1535614147594163	0.3834859763558925	0.46295260888469136
0.15468753330073404	0.38293190690539514	0.46238055979387094
0.1545429380407532	0.38200736310757993	0.46344969885166704
0.15354214706652594	0.38502890432365205	0.4614289486098221
0.15324946339430634	0.38257855998514523	0.46417197662054854
0.15350158546455817	0.3856633774407541	0.46083503709468787
0.15518170285977956	0.38282392561150413	0.4619943715287165
0.15355666524632436	0.38525336243957553	0.4611899723141002
0.15475845366641044	0.3838568634603067	0.461384682873283
0.1546187642289395	0.3840660209386176	0.4613152148324431
0.1552319911898491	0.3836025628925105	0.4611654459176405
0.15511981591338836	0.3839027263308531	0.4609774577557587
0.15483554276163627	0.3820029868736162	0.46316147036474764
0.15352614199853534	0.3852214375251047	0.46125242047636006
0.15639830970431523	0.3826228432934592	0.4609788470022257
0.15582888139615864	0.38243140157613037	0.4617397170277111
0.1552763123497088	0.38180761240106886	0.46291607524922246
0.156404836750472	0.38266340256248893	0.4609317606870391
0.15380681668374202	0.38287364747770414	0.46331953583855395
0.1541295800274635	0.3836124211169367	0.4622579988555999
0.15555324957478078	0.3812913288549415	0.4631554215702779
0.1556645761195939	0.3814134695148323	0.46292195436557393
0.15529179568034018	0.3807772698934825	0.4639309344261774
0.15599461361212313	0.3823143751701922	0.46169101121768474
0.15369855144880218	0.38290938180108686	0.463392066750111
0.15318379709496768	0.38305696635274333	0.46375923655228907
0.15455714784700086	0.3839279685267111	0.4615148836262881
0.15543254564767353	0.3834215439579931	0.4611459103943335
0.156494252067447	0.38158292355541407	0.46192282437713905
0.15414831236214965	0.3826249874703676	0.46322670016748285
0.15610602135259102	0.3805252550996584	0.4633687235477507
0.15530250970068746	0.3823311305920312	0.46236635970728146
0.15585062049862947	0.38070692068450396	0.4634424588168667
0.1535093192474161	0.38228271772616823	0.46420796302641576
0.15379342551921865	0.38327180085676293	0.4629347736240185
0.15456510351539554	0.38375764082211283	0.46167725566249174
0.15337868576525904	0.38426876542456206	0.46235254881017906
0.15367715002364846	0.3827720403419277	0.46355080963442397
0.15566139931738796	0.38077318974824076	0.46356541093437137
0.15395697528896027	0.3830376076124105	0.46300541709862936
0.1554386404752906	0.3821926914927467	0.4623686680319628
0.15342970333994554	0.3834354666009699	0.4631348300590847
0.15320240840653465	0.38467663253849044	0.4621209590549751
0.15376611035508353	0.38395116982219335	0.4622827198227232
0.15642323431841282	0.38167926937818125	0.46189749630340604
0.1533769012618061	0.3844961087771042	0.46212698996108986
0.15350544724734916	0.3846830642082174	0.46181148854443355
0.15552445561301947	0.3819482604563209	0.4625272839306597
0.15575657959633193	0.3829340100293006	0.4613094103743676
0.15500488311086696	0.38302612385891155	0.46196899303022165
0.15512526975061736	0.3816824357003744	0.46319229454900834
0.15383475370942895	0.3839473630866395	0.46221788320393165
0.15505659239067357	0.38382173829209376	0.4611216693172328
0.1564779580375759	0.38208286448439127	0.461439177478033
0.15611254412287454	0.3829521293910403	0.46093532648608526
0.15351807857563166	0.3857071935845609	0.46077472783980755
0.15352939721931452	0.3852260552019617	0.4612445475787239
0.15447676118179915	0.38354487240683616	0.4619783664113648
0.1548467537465447	0.38130151611562124	0.4638517301378342
0.1531802911872111	0.3841765477174772	0.46264316109531173
0.15338939729943332	0.38268524644106994	0.46392535625949693
0.15334366114277	0.3849475100959564	0.4617088287612737
0.15506533339576561	0.38201835317192023	0.4629163134323143
0.15576895867824114	0.38212325488053916	0.46210778644121986
0.15416346608114778	0.3827633800015981	0.46307315391725423
0.15481808346059917	0.3828801886672979	0.4623017278721031
0.1562218667260622	0.38131817059332074	0.4624599626806172
0.15554922103405205	0.38302810927685615	0.46142266968909196
0.1546737828945453	0.3816712521045814	0.46365496500087344
0.1546288900595681	0.3839910731750328	0.4613800367653992
0.15560166343900034	0.3809339144650763	0.4634644220959235
0.1550145845464981	0.3808328070126777	0.46415260844082434
0.15316969936276495	0.3838841935648116	0.46294610707242356
0.15447432226678043	0.38213941419981795	0.46338626353340173
0.15417617886961918	0.38469776276948653	0.46112605836089443
0.1563375451500968	0.38301454686564984	0.4606479079842535
0.15471219647153522	0.384532235502661	0.46075556802580386
0.15417187410359517	0.38523393566689523	0.46059419022950976
0.15440336351425032	0.38138321799287067	0.4642134184928791
0.1557427002197452	0.3827223377232294	0.4615349620570256
0.15504196112757945	0.38244215945549276	0.4625158794169279
0.15577009556550975	0.38066851141862246	0.46356139301586796
0.1551562223210997	0.38375365874476225	0.46109011893413815
0.1534324588624728	0.38482637608262854	0.4617411650548988
0.15403150738488583	0.38350438584502916	0.4624641067700851
0.15555243004196323	0.38254408640489496	0.4619034835531419
0.15641204484264276	0.3817146814945928	0.46187327366276454
0.15328332024978789	0.383003109899401	0.46371356985081125
0.15475941291954737	0.38112597962890826	0.4641146074515445
0.1558460053474069	0.38048495216763684	0.4636690424849564
0.1535874742457087	0.38576622667333127	0.4606462990809602
0.15440021683154964	0.38341235397473206	0.46218742919371847
0.15420416751244118	0.3830068476625178	0.46278898482504116
0.15556069675537168	0.3830789232755872	0.4613603799690412
0.15621953358363871	0.38286648418898805	0.46091398222737334
0.15397212655739595	0.3851465356483184	0.46088133779428575
0.1559756998060829	0.38064126496287254	0.4633830352310447
0.15405909696420306	0.3827568691349307	0.4631840339008663
0.15574121889744408	0.3818193988154648	0.46243938228709125
0.1559788295766688	0.3825303277764672	0.4614908426468641
0.1563362474953186	0.3820376433371532	0.46162610916752833
0.15337748013163888	0.3843479899526564	0.46227452991570483
0.15434153630471859	0.3833884885903408	0.4622699751049407
0.1544383773281074	0.3835286596061816	0.4620329630657111
0.1532890287928807	0.3851080678764001	0.4616029033307193
0.15441370673535287	0.3813633307924945	0.4642229624721528
0.15454968709948547	0.3812313944889324	0.46421891841158225
0.1556078864932105	0.3823484283024616	0.46204368520432804
0.15377565496459628	0.38220300728168954	0.4640213377537143
0.15383462814711718	0.3837135662380626	0.46245180561482035
0.15467990100646448	0.3839138187834554	0.4614062802100803
0.155137823871234	0.38056134566309985	0.4643008304656663
0.15581012932895402	0.382870672786864	0.4613191978841821
0.15462206481142726	0.38374251757891714	0.4616354176096557
0.1544976131906029	0.38202003232378856	0.46348235448560865
0.15536109632683115	0.3812939964838877	0.46334490718928134
0.15481124864634563	0.38437620590964827	0.4608125454440062
0.1531691726134889	0.38575562003380415	0.4610752073527071
0.15549586043429964	0.38186968453679654	0.46263445502890393
0.15333030262752823	0.38246432149421544	0.4642053758782565
0.15403313499384816	0.38206300962711154	0.46390385537904044
0.1563373022386699	0.3830420238533516	0.46062067390797856
0.15542552004002314	0.3807700322953265	0.46380444766465045
0.1552856768613315	0.384039914216286	0.4606744089223826
0.15402608248452515	0.38192114232660823	0.46405277518886673
0.15466090126829685	0.3835280008821677	0.46181109784953556
0.1545385683114303	0.3838727781872591	0.4615886535013106
0.1533863491510736	0.3850008235383776	0.4616128273105489
0.15580273443928672	0.38107537570975075	0.46312188985096264
0.15323827849263685	0.3842560450884118	0.46250567641895146
0.153492874900172	0.3850472071822119	0.4614599179176162
0.15626347014396305	0.3806032642129983	0.4631332656430388
0.1564077634092062	0.3816930855473464	0.46189915104344753
0.15332852857425316	0.3854085031757382	0.4612629682500088
0.1564949799971121	0.38247623716319346	0.4610287828396946
0.15621099050377107	0.38265734635587767	0.46113166314035137
0.15412353564739772	0.3834434267826967	0.4624330375699057
0.15404691846625995	0.3825045537316564	0.4634485278020838
0.15485144607840223	0.38177633154868607	0.4633722223729118
0.15615984292600957	0.3816922541937279	0.4621479028802627
0.15393964096108514	0.3823075675610663	0.46375279147784865
0.1545412705632603	0.3815106321007185	0.4639480973360213
0.15338583091685215	0.3838494616431025	0.4627647074400455
0.1558734876252874	0.3817838388672913	0.4623426735074214
0.15460230561101185	0.3820706022821596	0.46332709210682865
0.15603544014503423	0.382337278035079	0.4616272818198869
0.15559534725612806	0.3826214177738137	0.46178323497005835
0.15318240299286429	0.383820483082164	0.46299711392497184
0.15506541819486153	0.3808549022696497	0.4640796795354889
0.15352510795635993	0.38440025645071113	0.46207463559292905
0.15475925436402843	0.38337895317737636	0.46186179245859527
0.15358720393132475	0.384434275254983	0.46197852081369234
0.15645961434474673	0.380572198316978	0.4629681873382754
0.15518198251518162	0.3824378760667482	0.4623801414180704
0.15376735028047034	0.38489101107833673	0.46134163864119304
0.15490091661165972	0.3826074943949742	0.4624915889933662
0.15464581103988714	0.38382306140003086	0.4615311275600821
0.15336930860891954	0.3829959692906887	0.4636347221003919
