0.09807879410726861	0.014422552851863016	0.0616532179022461	0.12594331420520988	0.024012052023913627	0.09898871748758838	0.1306266497723674	0.23815304362093898	0.20810879690568324	1.2861122920759804E-5
0.09790735396983422	0.014845210258292177	0.06208706106857999	0.12595285193048314	0.023941280501089388	0.09895638356810604	0.13002354519342302	0.23807915027707383	0.2081948003713241	1.2362861793999147E-5
0.09770072093092647	0.014829538360442165	0.06187080512949083	0.12625671205623662	0.02397594198098836	0.09898082190245971	0.13007199730433922	0.2384230104187618	0.20787784950055327	1.260241580147703E-5
0.09696165602209422	0.015705518319514833	0.06255362908149789	0.12608538678487957	0.024048824125851354	0.09919056405159044	0.12964117042571205	0.23814749417134334	0.20765492464938237	1.083236813383126E-5
0.09695788717570128	0.015486526123273434	0.06261098601916129	0.12588171448433896	0.024192286762041743	0.09930893643483706	0.12973069612772054	0.23829140583260722	0.20752793229222216	1.1628748096279007E-5
0.09758870251019178	0.01502810149083475	0.06360392085977522	0.12611762294101703	0.023885875731295983	0.09898300739364757	0.1292541305481791	0.23789290269402236	0.20763300246906874	1.2733361967359746E-5
0.09755941552369363	0.014578521562623306	0.06384615282700518	0.12653553375753976	0.024094747593855867	0.09915713888731413	0.12922922136776213	0.23734611436066438	0.2076392194181702	1.3934701371398628E-5
0.09812225586602957	0.014534624598023058	0.06360626842795447	0.1265591573182312	0.024187657781542374	0.0995375210619561	0.12846152439128608	0.2377857490685406	0.20719131002707014	1.3931459366386956E-5
0.09749194367440941	0.014753479434613609	0.06312169223880262	0.1268744476393861	0.024833732345111215	0.09973541769537655	0.12861634097899888	0.23730640629609584	0.2072537440708223	1.2795626383427239E-5
0.09762073459987491	0.014682826670631852	0.0634225926020013	0.12607912907917523	0.02538161409011551	0.09952069256690019	0.1285292134011991	0.2378897160270676	0.20686223539805548	1.124556497873741E-5
0.09600405347112495	0.014672968803284447	0.06337487494424299	0.1275140452902176	0.02545046342798246	0.09903585364659294	0.12921612231796237	0.23794467385197637	0.20677428930892425	1.2654937691550239E-5
0.09463339991400795	0.016638014988115665	0.06418245897653738	0.12665325760132917	0.025934027977994253	0.0991664375216901	0.1291817851903763	0.23727861008878193	0.20632122576476786	1.0781976399337756E-5
0.0948053788367056	0.017404386077193468	0.06418517334308826	0.1264913393795974	0.02585935658927349	0.09912775769917472	0.1284900723052043	0.23727717105906432	0.20634641684671878	1.2947863979678731E-5
0.09537070416546627	0.018095794950756208	0.06282299993857224	0.12675105961710006	0.0263134120215978	0.09947077226754435	0.12967077092782603	0.23601357617686913	0.20547760447167213	1.3305462595772366E-5
0.09466360936218736	0.019328608934381736	0.06257302646079549	0.12684598549559523	0.025922009571313742	0.10005053099925201	0.12950828144277585	0.23534308913751334	0.20575291375066537	1.1944845519834546E-5
0.09396064421026365	0.019757222973540087	0.06176506502095008	0.1270255659156233	0.02609455058519773	0.1011683845508501	0.12913425924671376	0.23520861850913866	0.2058745470925054	1.114189521711495E-5
0.09415780480722463	0.018700033812123207	0.06160804908912347	0.12608437247748094	0.024722372161796485	0.10124994689975017	0.1299764913639201	0.23616591365209377	0.207323189530146	1.1826206341145062E-5
0.09429666494450409	0.017552146189787177	0.06319023407227774	0.125963793093277	0.025366335548324542	0.10107189904864484	0.12903067404495241	0.23577263589105973	0.2077425452624041	1.3071904768346965E-5
0.09498370261142636	0.018033657442699164	0.06405259539763616	0.12705590733897193	0.023850226842844408	0.1015715391860303	0.12795139677129008	0.23550096588347402	0.20698720634499979	1.2802180627727311E-5
0.09476210624253387	0.01846946762111533	0.06408200973178262	0.12682607779418906	0.023825056557608346	0.10110537809280445	0.12847093270061433	0.23591660870318204	0.20653127888881592	1.108366735400046E-5
0.09509249352831835	0.01847198736935858	0.06475893388014858	0.12619277154797004	0.0242972166618301	0.10297481783058203	0.12517049092302793	0.23784963063556896	0.20517779488690518	1.3862736290157218E-5
0.09487166050192662	0.019023494589983675	0.0654753873599638	0.12633721700243417	0.02420919443591632	0.10276727689352393	0.12526139819446178	0.23724946187330248	0.20479353781575266	1.1371332734530504E-5
0.09585015489052301	0.018770902811843335	0.06517244420930879	0.12592915607640504	0.023848122748249115	0.10241731898159852	0.12521960318577036	0.23723255476777594	0.20554823898698155	1.1503341544316648E-5
0.0937019665516989	0.018857183310348843	0.06423004324041232	0.12639962323724416	0.02460974217799393	0.10286013648293257	0.12779163177146724	0.23734775291694116	0.20419019876150585	1.1721549455084856E-5
0.09388930978847962	0.018849019695158856	0.06439837973804757	0.12617991089838845	0.0243500710797125	0.1034594629403308	0.12756656578315345	0.2372378080020638	0.20405549367238218	1.3978402282704971E-5
0.09318147012521191	0.018352847061221186	0.06402140610759549	0.12747928231949068	0.02455295397897035	0.10415249192685522	0.12707482845953444	0.2375877633219724	0.20358479392447398	1.2162774674320809E-5
0.09348943814640362	0.018888085830859325	0.06343416593894374	0.12738033156534992	0.024968120981279207	0.10340233341638463	0.1273188952349731	0.2383113652742963	0.20279464960954952	1.2614001960578602E-5
0.09370009892799898	0.01778613425438938	0.0638610135373831	0.12834248765482728	0.023811360025263892	0.10355158036005849	0.12901141950548572	0.2368670770911398	0.2030556482729681	1.318037048525511E-5
0.09348919833837935	0.01827858324765408	0.06295589632712781	0.12704603136293183	0.024233021582180644	0.10381971014675284	0.128329945839257	0.2379843174403224	0.2038521444380219	1.1151277372070667E-5
0.09383301903040743	0.018638460987206687	0.0626083875907957	0.12604310123738152	0.026832986088557956	0.10393171179431678	0.1276559232335448	0.23834316761676572	0.20210217326212315	1.1069158900242626E-5
0.09418685828871821	0.018769587949618166	0.062471263271424535	0.1267064725686004	0.02739322017308342	0.10313565927212567	0.12704596205317226	0.23848797244294534	0.20179220946455056	1.079451576137258E-5
0.0939979950141197	0.019598590479336125	0.06241888267899004	0.12661735250993406	0.026806030011176277	0.10364406898055352	0.12728678841463867	0.2377894291935913	0.20182723191065438	1.3630807005865497E-5
0.09456604705457394	0.019802205934185246	0.06257839614883452	0.12666383436186807	0.026111608276392487	0.10373032010264059	0.12779903745202978	0.2379161096155581	0.20081859415791908	1.38468959980792E-5
0.09463655979890426	0.01966864068617033	0.06282954537498368	0.127217869461357	0.026642152586323506	0.10339198326053303	0.12701163147866343	0.23819877556691887	0.20039182350926243	1.1018276883434375E-5
0.09415676800817697	0.020701197587272485	0.0631409687654777	0.1270278365608493	0.025986115553520345	0.10316325055802852	0.12614098019668496	0.23814876115558398	0.2015222708930582	1.1850721347475557E-5
0.09482885171511471	0.020303395408276304	0.06379064591355668	0.12734591866355824	0.02668296974682237	0.10261497720934261	0.12655274022157892	0.23696489643135532	0.20090373688368235	1.1867806712445583E-5
0.09062672573112068	0.01720408828071633	0.06492499084226996	0.1278284056862623	0.027200069600665608	0.10688169977489308	0.12596690152296736	0.23397337053855238	0.20538161973641456	1.2128286137655375E-5
0.09007823011717628	0.017674269527100134	0.06422342770244166	0.12793478730621544	0.0277102779982515	0.10638854702113651	0.12631105398886705	0.23444531338758673	0.2052224059093717	1.1687041852961877E-5
0.08932097638661742	0.01875544360142041	0.0648693884640869	0.12874027721890072	0.025866687649613335	0.10496312890852352	0.12845266224207647	0.23569955700017942	0.20331912438562527	1.2754142956469816E-5
0.09562170490764585	0.0186869239094955	0.06760768850803961	0.12772792523007878	0.027120729411634306	0.10173464693774942	0.12572780249742416	0.23541271465754254	0.20034639891824976	1.346502214004397E-5
0.09590041751065126	0.018807654571396326	0.06886688311880623	0.12746348591119133	0.02575980286938656	0.10280657952757218	0.12496338942509745	0.23584622632914615	0.19957273972756767	1.282100918480189E-5
0.09610883050848654	0.018403422248170584	0.06905611968664188	0.12628892125545474	0.024715311635335066	0.10459157386369015	0.12489862700261549	0.23584810344025486	0.20007583122151146	1.3259137839130575E-5
0.09464062464190806	0.017825249309504534	0.06933937382256991	0.12645378768172927	0.024328584043075724	0.10503199644194032	0.12489062349569048	0.2360595766022603	0.2014165402800695	1.3643681251854223E-5
0.09419229984127041	0.01720343659652465	0.06868994096506009	0.12592271486148415	0.02399768395132848	0.10464531837844479	0.12648270509328502	0.236286773665138	0.20256638040262528	1.2746244839031973E-5
0.09372053672545927	0.017526801253436836	0.06900776781196578	0.12649065983064633	0.02434544425675564	0.10377805810571675	0.12489545699994083	0.2361649554159012	0.204056691032086	1.3628568091242355E-5
0.09281970597175382	0.017471830076187175	0.06789060178965585	0.1270509231319772	0.025480485282538837	0.1039696640372378	0.12470113771487104	0.23771126895984895	0.20289146525192014	1.2917784009081057E-5
0.09147549754934388	0.01854653211806745	0.06734472456661443	0.12679609579368492	0.026427804730977292	0.1036458008874827	0.12555046495089223	0.23748173151487545	0.2027201671617725	1.1180726289111709E-5
0.08950951753955366	0.01768108100783164	0.06839381531114722	0.12721572065293785	0.028815148634805512	0.10473869479435854	0.12735074862652487	0.2353482025069461	0.20093355873731683	1.3512188577716189E-5
0.08940813560607146	0.018252755066862428	0.0692931487100231	0.1267297881765114	0.02916819425700383	0.1038243696153078	0.1279304789650785	0.23520622413434156	0.20017600848132056	1.0896987479358522E-5
0.08926133045400579	0.016460691289370125	0.06502397999179389	0.1261065004626699	0.03317590169188131	0.10349127580095314	0.1280921390323457	0.2361677151119459	0.20220780325622456	1.2662908809663032E-5
0.0892631334666283	0.01659416440623626	0.06468150855292862	0.12617944764770367	0.03336789571871933	0.10347305819083698	0.1284087958238244	0.2365330434904943	0.2014865681372498	1.2384565378303902E-5
0.08812111222829236	0.016748900638586847	0.06463210553329057	0.12714612877327816	0.03258085804123151	0.10305807877875517	0.12835156388978136	0.23695369370587543	0.20239367174266898	1.3886668239607158E-5
0.08817429215808738	0.016320519526052082	0.06494252340902944	0.12729465887780161	0.03218592011940108	0.10343831482199269	0.12859339402043346	0.23691644263331124	0.20212275888725	1.1175546640970757E-5
0.08633056303155148	0.01664950221032406	0.06650096098475619	0.12600978049686118	0.03149037943907239	0.10424971484716733	0.12819732835473444	0.23663426052355008	0.20392596070380414	1.1549408178671006E-5
0.08599670578595442	0.01662320510386299	0.0665942161956154	0.12594954868290234	0.03187828492529958	0.10378157640695776	0.12913785709238362	0.23669605675549726	0.20333113471259992	1.141433892665189E-5
0.08614693434180766	0.017456385272818342	0.06629454238481583	0.1259751464797066	0.03140818063230992	0.10403974663354332	0.12883750612528738	0.23662626124520342	0.20320255215050825	1.2744733999245361E-5
0.08686648107228849	0.0175507365765724	0.06535102600091688	0.1262216047996974	0.031872175258034915	0.10362613844607416	0.1289504012515802	0.23657075255811316	0.20297915541929543	1.1528617426925791E-5
0.08662546737508109	0.017298925969974094	0.06562276384995411	0.1260421905453857	0.031834247213214636	0.10449174001280957	0.12891704036524146	0.23668376899518906	0.20247165009975926	1.2205573391002589E-5
0.08569717957058841	0.018197835543192944	0.06561516187938522	0.12653769316013375	0.031591435238344207	0.10496252213743854	0.1286709035898015	0.23626306251709717	0.20245145917986102	1.2747184157238522E-5
0.08558250801508688	0.01884164401678362	0.06542076797984883	0.1266687163272045	0.03193032855867514	0.10427863039921133	0.12893779607700948	0.2364026701454756	0.2019243347683598	1.2603712344752549E-5
0.08628419538476373	0.019157411093784243	0.06363876685192442	0.12665000999963877	0.033064181682428403	0.10515891939289113	0.12861707485948243	0.23558720353482937	0.20182891417998616	1.3323020271335806E-5
0.08600985954125598	0.019523157302757957	0.06498341592766257	0.12662743695003886	0.03337930624169193	0.10497928278624405	0.1274025690950373	0.2350324999795319	0.20205039152646567	1.2080649313725433E-5
0.0857340002726991	0.01944846977078074	0.06459807957621044	0.12704892594575742	0.03349984041617954	0.1045066674367303	0.1272592901948772	0.23510122628109653	0.20279170460111673	1.179550455197853E-5
0.08561096699995417	0.020449007258392007	0.06317954856322465	0.12799524700102055	0.034061591947910155	0.10369344778910718	0.12657399857485513	0.2347390168628688	0.20368355323356852	1.3621769098831615E-5
0.08558097773397705	0.020928575600132684	0.06183052773890853	0.12697446127968162	0.03509365838101426	0.1029746984321662	0.1271855152318435	0.23458047631359358	0.2048397962719071	1.1313016775413298E-5
0.08516293686542305	0.021151604760395654	0.062333998082161	0.1270567552937497	0.03474996608957963	0.10253923301542966	0.12745052366218462	0.23530415755404022	0.20423804566246903	1.2779014567351754E-5
0.08471546239083222	0.01963188288694058	0.061854665106111435	0.12846742363085523	0.03529657085081027	0.10269822679727485	0.12831168978047325	0.23453422715894112	0.20447770409095833	1.214730680274001E-5
0.08389996237234204	0.018833749578683	0.06184604452023586	0.12860297236696822	0.035419636913083224	0.10247748598821052	0.12880132181404527	0.23446614244292013	0.20563978711991965	1.2896883592058983E-5
0.08376638102872123	0.01765757252555457	0.06306646314243025	0.1283453544871389	0.03582299591763462	0.10323368778490108	0.1282268057854081	0.23513732844261798	0.20472960481671879	1.3806068874425148E-5
0.08377993865713153	0.016895830765932943	0.06238784436193938	0.12887621119319845	0.03459115642019661	0.10308798072326292	0.1301918015528451	0.235608373782002	0.2045693740374308	1.1488506060267079E-5
0.08377771879678464	0.015421954004304989	0.06402743634764022	0.12953504326572735	0.03295212624180889	0.10305005782402227	0.1307479686933947	0.2360019242432444	0.2044738360049813	1.1934578091232773E-5
0.08228669981606941	0.01554162152696209	0.06727408637735015	0.12870329750407586	0.031643559440668614	0.10261217362105134	0.1307260230334906	0.23755602838564405	0.20364459420394765	1.1916090740235474E-5
0.08327536083904707	0.017680982270022044	0.06689898411164219	0.12723492226216424	0.032167001103008255	0.10348596270106508	0.12855968716422383	0.23706197272629564	0.20362151106792736	1.3615754604276442E-5
0.08244028470777981	0.01777301818239814	0.06666885082709129	0.12701003048335913	0.03281218743058717	0.10292733235517576	0.12774273322032978	0.237218094004299	0.20539408187886676	1.3386910113030726E-5
0.08286282785600071	0.017913501443754712	0.06596268255933657	0.12693375804493823	0.033573161040779925	0.10409697211178671	0.12778872759248125	0.2364052017872495	0.20445154346274264	1.1624100929710779E-5
0.085018364823822	0.01875858203226201	0.06683191359389937	0.12589519509395652	0.03309162107247228	0.1030022266744846	0.12929083450166257	0.2353316731454762	0.2027667181814061	1.2870880558304987E-5
0.08624502715291037	0.01813651278949939	0.06665673152617221	0.12721482233054093	0.03273889548641899	0.102315914048854	0.12827228223322612	0.2358688539337167	0.2025400513146972	1.090918396401408E-5
0.08558499281618322	0.019323460777235013	0.06577131172301104	0.12834335719175063	0.03417973318348948	0.10175722946053029	0.12741540855262684	0.2362349636059733	0.201377353558506	1.2189130694131856E-5
0.08296930458629832	0.020103778080900428	0.06863966371060623	0.1319725707204979	0.029124266809855942	0.10009801106857436	0.12718666039305893	0.23229043271619432	0.20760333217393898	1.197974007456637E-5
0.08274629382294454	0.02109805067099428	0.06916802161266	0.13260751906199847	0.028878388890695786	0.09965487835651263	0.12530885747782472	0.2324463711167663	0.20807933797086758	1.2281018735627036E-5
0.08357496571682714	0.020979797318021423	0.06938266567713927	0.1319637095859324	0.028429396271273014	0.09918965532479353	0.12584559218218178	0.23256437638082628	0.20805798108783463	1.1860455170500939E-5
0.0707344589071154	0.02126163882500376	0.0742966178735361	0.13393506198852234	0.025218379154604217	0.10460687693863599	0.1275620808917623	0.23523196148381204	0.2071391403019584	1.3783635049460785E-5
0.07090551158347869	0.021883766964846105	0.0722794015904305	0.13127132219505766	0.025086929847602246	0.10541959251778635	0.13102027348634368	0.23435054130655086	0.2077709938791425	1.1666628761411446E-5
0.07215420782087642	0.021963569308502684	0.07246478045404697	0.1304928081288481	0.02559916678178034	0.10551398768644944	0.1298705203304354	0.2346322370107638	0.20729529863057922	1.3423847717561332E-5
0.07238437340842158	0.02061066701505862	0.07319662304575386	0.13205625572751528	0.02517518528264004	0.10540738625772603	0.12916528408512198	0.2349039935496715	0.20708942152335716	1.0810104733902093E-5
0.07277480715532382	0.02228514216073363	0.07404966060507774	0.1310552605936672	0.024146304378987793	0.10313036532180278	0.12922968447784225	0.23642278873046857	0.20689501856667475	1.0968009421491454E-5
0.07221265428701633	0.021662537312319763	0.07436646897916255	0.13035099479635448	0.02547654994993051	0.10255350030798789	0.12970584509914865	0.2364321005298497	0.20722645015872887	1.2898579501222085E-5
0.07270390913501462	0.022918683767452264	0.07454365830007542	0.1297671049195801	0.02485707363592128	0.10304819215878237	0.12905869015031257	0.2364518952534358	0.20663801317113267	1.2779508292884434E-5
0.07267263781142248	0.023050280905715786	0.07457476547091446	0.13003038129530647	0.024930530222868466	0.10236850961344052	0.12943722873713465	0.2361633393430111	0.20676002072180033	1.2305878385784896E-5
0.07275480916154224	0.022882313882034336	0.07391703712035777	0.13067337488587766	0.024811124566255116	0.10240201147194251	0.12951759724918394	0.23614961555770347	0.20688098737578692	1.112872931607889E-5
0.07345819985291396	0.022873119497228436	0.07434814173643897	0.13094123527629137	0.02473630573685047	0.10331000296378597	0.12873204794206902	0.23587988233533363	0.20570905905584463	1.2005603243478435E-5
0.06865302273558287	0.027679081429980698	0.07414236569623431	0.13388596879379866	0.026247237091741135	0.10421025218852022	0.12801346404806957	0.2296096960385519	0.2075477934411416	1.1118536378987298E-5
0.06775589773184361	0.027790655229457284	0.07450806463362189	0.1338995341965309	0.026239907042276925	0.10448269653885685	0.12825181507734035	0.2290835538612408	0.20797438529784956	1.3490390981807376E-5
0.06754313252600924	0.028058136858189073	0.07464759815268152	0.13417491133759438	0.025851177043725776	0.10408763958810541	0.1284495313883351	0.22958290519439406	0.20759114080856306	1.3827102402427793E-5
0.06766975597957686	0.028076748266371965	0.07475814175995499	0.1337923497635511	0.025859021867693927	0.10323409307374237	0.12853751298377314	0.2299858881187467	0.2080725474691525	1.394071743648917E-5
0.0707471958328995	0.028246214927074603	0.07453302452600882	0.13609904637714146	0.0259292534513601	0.10419168188066255	0.13076346984851733	0.22796850968699822	0.201507622411722	1.3981057615380932E-5
0.07155809278885066	0.028126821991257864	0.07398716359420753	0.1354503063155175	0.025997132357660588	0.10428805357731283	0.13049292813069577	0.22779633009226086	0.20229196112669165	1.1210025544730606E-5
0.0728969363882854	0.030002979517884873	0.07553797485807717	0.13334460434139458	0.027640464149092617	0.10370692822701183	0.12669241127384057	0.2266522598535401	0.2035133264759318	1.2114914940991595E-5
0.07311727575776891	0.02928655301175906	0.07545307763998035	0.13333595037362642	0.027703360829225074	0.10396365014330011	0.1264602674103274	0.22689186587801474	0.20377599616331005	1.2002792687912378E-5
0.07320640427120281	0.0290101998355628	0.07550374327343823	0.1337642373333002	0.02729810619916749	0.10444454139068964	0.1262357314124875	0.22702604996310616	0.20349962796220858	1.1358358836560667E-5
0.07152926594108533	0.03029796725537691	0.07321862275695486	0.13483739897835903	0.02956351804532302	0.10602329695771681	0.12615036341108368	0.22560233153157205	0.20276529817387917	1.193694864905226E-5
0.07285741197634882	0.030014020948200812	0.07409302420400755	0.1339388272313621	0.03003295381403076	0.10609995834171596	0.12558902498565824	0.22396116260567267	0.20340016550303752	1.345038996548864E-5
0.07268071525913847	0.029674918406723372	0.07424184432996761	0.13404626851120743	0.029690621839871437	0.10653202283959226	0.12600669626070166	0.22411293059582046	0.20300265647727767	1.1325479699550445E-5
0.07216430479798706	0.02937379039402399	0.07365793081241005	0.13573936144924292	0.03184608334593597	0.1063672211060882	0.12513254619617353	0.22340374011391614	0.20230217525905736	1.2846525164686429E-5
0.07223297152159978	0.029378834856203753	0.07445529553948191	0.13499560338455585	0.03307940611868884	0.10657296793283694	0.1256768721416419	0.2219731123463809	0.20162121593935411	1.3720219255969335E-5
0.07309008879890436	0.02999138342436583	0.07562128792486449	0.13515665682625702	0.03204250305925453	0.10644912767755041	0.12555050407113738	0.22077757576564258	0.20130871494578229	1.2157506241020077E-5
0.07153441198549884	0.029356112400535248	0.074601294656171	0.1342294014990596	0.03167608914683212	0.10657444365386308	0.12582606450883588	0.2219876525407306	0.20420293524436728	1.1594364106332078E-5
0.07403131811681618	0.030785369190336517	0.0756214486544918	0.13169268355861063	0.03173453468020325	0.1047107786909106	0.1258789048354048	0.22193215368257985	0.20360059157696309	1.2217013683243905E-5
0.07412363051305193	0.031072040035679815	0.0756950075783319	0.13177565077541942	0.03174352273005393	0.10480792818496475	0.1257731233484981	0.22123441529179516	0.20376348330005734	1.119824214759757E-5
0.07262336098132313	0.031823811237209246	0.08089077022067898	0.1353641194873316	0.029672189751595926	0.10104460231919606	0.12415664041161781	0.22456315379255648	0.19984946881586968	1.1882982621030935E-5
0.07135398656251545	0.031970101179647076	0.08265088664630915	0.1347085006139793	0.030750675115013087	0.10111636413497253	0.12251614442086543	0.22465075469796064	0.20026865896690593	1.3927661831406035E-5
0.07098235861723999	0.030151117899641436	0.08147247551903977	0.12910842516186924	0.027979428765500372	0.11030711604829727	0.12253354762677948	0.22498422527878698	0.2024704512314293	1.0853851416234295E-5
0.06886562687849078	0.02894968449735187	0.08465751555694878	0.13080481505418345	0.025360787227619128	0.11066992666206765	0.12464455599364593	0.22506206891099984	0.2009741721597496	1.084705894284499E-5
0.06745878215458341	0.029183848296652437	0.08558623004346619	0.13155132457664326	0.02509455872160754	0.11076567473679653	0.12438671866388978	0.2255948968198404	0.20036481848955032	1.314749697006734E-5
0.06816409588092157	0.02858964870470246	0.08567824281240204	0.13072862514950886	0.025363222672356578	0.11066651519621684	0.12366498372586338	0.22728362047240547	0.19984776715243385	1.3278233188987465E-5
0.06788740065058906	0.02722754425395231	0.08530773128907526	0.1330494296551204	0.02527083791324533	0.11120806707816744	0.12220872123077509	0.22948738921863182	0.1983413993739084	1.1479336534850337E-5
0.07314550906544065	0.025598908495730058	0.08557066430455942	0.1349517053975337	0.025063198137866505	0.1063834890174675	0.1173010768406332	0.2325090283908986	0.1994629959608564	1.3424389013888538E-5
0.07340636001382349	0.02463222860877845	0.08473457534059325	0.13569166332396837	0.025606708925292126	0.10653247990275762	0.11767629960957782	0.23255424462453966	0.19915145383787886	1.3985812790273666E-5
0.07322017108758183	0.024803090295653737	0.08384105599873841	0.1360871947108016	0.02503792106130409	0.1068980199831342	0.11827854144157646	0.23279550633297358	0.1990263363058492	1.2162782386887505E-5
0.07320084721137203	0.025072116106817185	0.08371617149402998	0.13552773936178933	0.025727880616028667	0.10647541750387127	0.11882265856487326	0.23334043443796348	0.19810381711153896	1.2917591715774779E-5
0.07371481242491809	0.025354018682902046	0.08358738447792208	0.13498393016371993	0.026082208189373013	0.10710013037060925	0.11866858390925204	0.232595385728742	0.19790240599958728	1.1140052974242809E-5
0.07300710256622583	0.02453096231269232	0.08458028538591238	0.13664186643323512	0.02644778831835995	0.10760417977399908	0.11781267602531274	0.23164154553067767	0.19772176220950632	1.1831444078513886E-5
0.07220529933945347	0.02540983242396061	0.08471121356951043	0.13704294783866677	0.026617480705073457	0.10741331954445123	0.1177517849281021	0.2310659431241776	0.1977699808844704	1.219764213385155E-5
0.07225440374047941	0.024941312044790886	0.0844184883322903	0.1374186651772784	0.02652327357143401	0.10817937564345592	0.11688652004271716	0.23095840400198708	0.19840630145545568	1.325599011108014E-5
0.07109853024022607	0.02525194693964776	0.08402830619035914	0.13934545169146836	0.02480912670701535	0.10798977872395839	0.1176130527833895	0.23151681767662347	0.19833499592711398	1.1993120197992257E-5
0.06940949775772878	0.024585315885808978	0.08592375368617422	0.13765927726370913	0.02753127840375641	0.10834908014915404	0.11765510789047877	0.2324216085032237	0.19645141940632946	1.3661053636496168E-5
0.06792296661394571	0.023935786652895197	0.08368026234925341	0.13522830758618376	0.028359400195210716	0.11315941429877305	0.1168040011881013	0.2359400953134822	0.19495784956794426	1.1916234210401777E-5
0.06793533265900814	0.024173061294351192	0.08410043728931677	0.1349689222661632	0.027660769364782498	0.11246333128205331	0.11758139791904931	0.23625385565848178	0.19484997561843753	1.2916648356245397E-5
0.06791918198271954	0.023452318085120216	0.08225447745730588	0.13300289422550732	0.030331904968085854	0.11199059934287102	0.11837773820423836	0.23594188313461278	0.19671581207762245	1.3190521916534026E-5
0.06826786270217941	0.023696172015347766	0.08238543047125267	0.13322405539214405	0.030703946894615947	0.11235702693138236	0.11835389218462403	0.2352935120236342	0.19570599550032844	1.210588449113148E-5
0.06841141007149763	0.02432513475239044	0.0819522201032312	0.13167267040866298	0.03201353204395395	0.11227416610865587	0.11852640420325943	0.2348951833456639	0.19591797355611795	1.1305406566630705E-5
0.07485720414210831	0.023187025183458457	0.07580373662143218	0.12868781719786035	0.03131687622213494	0.11618337481630744	0.11613340320444154	0.23223107718299668	0.2015880746308445	1.1410798415559253E-5
0.07491577147901585	0.0241730224430962	0.07696370470325334	0.12986151455696812	0.029594353663768613	0.1150327953530816	0.11524482398649376	0.23242288701150338	0.20177868004227023	1.2446760548845415E-5
0.0755378303946495	0.024030398659280305	0.07655856627959604	0.13003634367989586	0.029661897552048955	0.11473978952206745	0.11507965427917839	0.23289708228592243	0.2014476202675019	1.0817079859185008E-5
0.07623072959675953	0.023863268269563725	0.07716000649111918	0.13073602649761443	0.029499751435834776	0.11435265318311257	0.11477371359999082	0.2330566052737521	0.20031616634376645	1.1079308486414141E-5
0.07634800602673798	0.024090276397382412	0.07738834757895027	0.13056569516315258	0.02906767591769109	0.11478570951285619	0.11465395523608951	0.23309701186176052	0.19999205203595424	1.127026942515652E-5
0.07716578714754402	0.023067395828991075	0.0768646095674235	0.12890591909485385	0.031349699000249615	0.11438552085829654	0.11675957972298018	0.22989124613994338	0.20159763840889514	1.2604230822652052E-5
0.07696801460423419	0.022841585656239338	0.07611308841325828	0.12955927673790674	0.031912131251585804	0.11399335489872453	0.11665201662479058	0.23011914306943682	0.20182876850579268	1.2620238031071929E-5
0.07737009298791268	0.022267279360558764	0.07525450706136246	0.12988734329580215	0.031791240881345315	0.11390486921957858	0.11675794288627299	0.2304780993745575	0.20227702153618607	1.1603396423434664E-5
0.07766676712348626	0.021091590638819976	0.07505719751965836	0.1295264151870384	0.0317962610389835	0.11311781580181302	0.11815570046194512	0.23095625987291274	0.20261983612475626	1.2156230586327088E-5
0.07666932501204113	0.021070638018790583	0.07421277801283357	0.12931104570841873	0.03179208697152287	0.11489381241200605	0.1182971555737303	0.23104902625724294	0.20269169014225055	1.2441891163242347E-5
0.07607033146302129	0.020996548449183028	0.07310173513170842	0.12989235374885	0.03206969117095135	0.11553810108740917	0.11828617272847933	0.23107249735174207	0.20295873771094414	1.3831157711169384E-5
0.07704128497350891	0.02021180240047203	0.07345321973021826	0.13049825976623364	0.03181665512852451	0.11482587130197719	0.11874309019153337	0.23075486503231657	0.20264294360497864	1.2007870236876994E-5
0.07663142097466086	0.020071545839260255	0.07391414283125464	0.13111894981589137	0.031547139861876086	0.11492613074182204	0.11860413033493139	0.22996106464339205	0.20321292191468676	1.2553042224486277E-5
0.07817823079207786	0.022914671254250132	0.07620992782539633	0.1271516865277021	0.030181267782185203	0.11758940422587469	0.11422867073553317	0.2271512699243317	0.20638300486516842	1.1866067480340026E-5
0.07683081792036905	0.02290250965672555	0.07643363938173194	0.1296730472299286	0.02609769968017732	0.12034174560788696	0.11419821394506242	0.22657211994423276	0.20693901403372428	1.1192600161094579E-5
0.0780031595071754	0.025704695757665513	0.0738463083386308	0.13233137569161785	0.025777931471086354	0.11986756182538033	0.11489316195769758	0.22455073277676324	0.20501429645442282	1.07762195600547E-5
0.07935935476390794	0.025351271417084487	0.0707075954297205	0.13086140449105926	0.02729411314994727	0.11839563181188612	0.11517980896271729	0.22666525692911638	0.2061722360695682	1.3326974992552976E-5
0.07949149807610476	0.026431740636324502	0.07083509992732509	0.13065069764330284	0.026680696291065564	0.11819624018011274	0.11416902410803731	0.22675787278010062	0.2067736543126577	1.3476044968874223E-5
0.07971628080818492	0.02697175327778059	0.0702081637492111	0.13080350548550304	0.027269774822772846	0.11888277818534712	0.11461759970345482	0.22638172905106857	0.20513683927108836	1.1575645588582373E-5
0.0793771004493711	0.027028426788874654	0.06962339203391187	0.13082782443698904	0.027482770309941992	0.11853036766738569	0.11457390282211236	0.22743964138197859	0.2051046591435637	1.1914965870898908E-5
0.07784744180506754	0.026940166141820696	0.07088092821009442	0.1312485875477406	0.027248548862268837	0.11992707269647979	0.11624269928913708	0.2261350676694922	0.20351774324060823	1.1744537290594992E-5
0.08224084790413805	0.025279600765468493	0.06697560110218402	0.13212370737178397	0.03163651294893362	0.12119583393433865	0.11420788691259906	0.22331358059024825	0.20301380236522515	1.2626105080668082E-5
0.08689203689174146	0.026066028346031625	0.06553030419155256	0.12743276627527522	0.02801635203736895	0.12776889192679658	0.11693536600556619	0.22208638700197497	0.19926009953261453	1.1767791077879619E-5
0.08655973131185227	0.026420213684153385	0.06610644934316555	0.1270200213103793	0.02961896701688943	0.1265905753495135	0.11638755680934477	0.22236765130693506	0.19891567218785147	1.316167991517736E-5
0.08727532160396059	0.02688484877668848	0.06679499296272812	0.12805377649693395	0.0280308086768514	0.12572337851289345	0.11779362292860061	0.2217895210636873	0.1976397878625263	1.3941115129770254E-5
0.0873316140050635	0.026754985269262913	0.06689889513835102	0.12812096110469046	0.02832791724897339	0.12503066141385358	0.1176772509420819	0.22218733951963388	0.19765766451588695	1.2710842202404149E-5
0.08981399543388961	0.02322264658214225	0.06920488335674169	0.12846953088284657	0.03017036731550675	0.12254373617185352	0.11447767604999029	0.22852354964684046	0.19356016632177137	1.3448238417451686E-5
0.08964947281149432	0.022580241535673354	0.06969013717013259	0.1283346013805919	0.030808025723339627	0.12230799622881844	0.11444515248489617	0.22832329440297722	0.19384873584039822	1.2342421678079862E-5
0.09073512749587165	0.02296851301532485	0.07059023544436427	0.1279456952514167	0.030471027796013406	0.12202642653141249	0.1147995662646881	0.22782634862369777	0.19262314637491879	1.3913202291965243E-5
0.09105475899333383	0.022492877429431804	0.0701544518775955	0.1259337216129409	0.030438944566549372	0.12248899167169287	0.11574874483618985	0.22800730490321575	0.19366743808970388	1.2766019346147073E-5
0.08982930868777325	0.022336580653114252	0.07092372158774249	0.12588493377109494	0.028672618797267888	0.12401574371485276	0.1158313892364519	0.2288551127499906	0.1936377720896964	1.2818712015472133E-5
0.09000523465392754	0.022443518765446493	0.07070037844769025	0.1259116297197451	0.028633676399999558	0.12377292071208637	0.11628989576956966	0.22873238820361225	0.1934992824853068	1.1074842615962921E-5
0.09052562287305621	0.022196340824755495	0.07120818662109968	0.12646444678645216	0.028667207365472153	0.12309159572208864	0.11570429635722079	0.22903139853107984	0.19309888021774416	1.202470103087161E-5
0.089923082000336	0.02332954137309788	0.0711346606323714	0.1271883135785324	0.028487897291387163	0.12271192373113486	0.11523523497748404	0.22809726422499288	0.19388009045216903	1.1991738494296356E-5
0.09056289298446174	0.02190002597640449	0.07255930713098553	0.1261419366403544	0.0293805530316249	0.12374765096004038	0.11553562136993413	0.22693686552650538	0.19322318712930056	1.195925038841028E-5
0.09078140828577294	0.021659836845529634	0.07251930991424294	0.1260065714458811	0.02931210208311341	0.1234471077821529	0.11573995921518317	0.226921733610986	0.1935996576763651	1.2313140772809983E-5
0.09018203281950224	0.021762708087378083	0.07249844262965206	0.12705637845583043	0.02933190203908856	0.12273195630257136	0.1161662120251803	0.22595408267825684	0.19430514606558588	1.1138896954268618E-5
0.09005354325816574	0.021926565682820698	0.07288894002800844	0.12676935645084833	0.0292830851935377	0.12252384106985507	0.11621205642247197	0.2264984233834887	0.19383242830640413	1.1760204399205443E-5
0.08874769146676116	0.022001078852302583	0.07267807704185322	0.1264518712049397	0.02915181769731859	0.12282248926393145	0.11532026989072991	0.22618707043485814	0.19662786035301363	1.1773794291541906E-5
0.08891546065418617	0.022139625235789218	0.07290810095169606	0.12604292704232328	0.028886237875745083	0.1238838807112366	0.11447165366314714	0.22638861542610877	0.19635150209632757	1.1996343439998891E-5
0.08935964482204396	0.022153431773952043	0.07226255805429019	0.12619433746661562	0.029088124986484526	0.12460750645830351	0.1146891122273366	0.22572423268813185	0.19590793271330634	1.3118809535320186E-5
0.08993489305575952	0.02223117961458934	0.07191727601202645	0.12588257206950662	0.02902766469283803	0.12533053593381155	0.11410362088949601	0.2263134121653848	0.1952471571529099	1.1688413677754528E-5
0.09019599169364048	0.01652434011828599	0.07089508868667382	0.1278730233282439	0.031060665625205736	0.1259930030566948	0.11513015586142661	0.22894326569893275	0.19337210787797518	1.2358052920685703E-5
0.0885152754240392	0.016914101273132184	0.07218301738421395	0.1281604957154217	0.03169153082262634	0.12684512780373752	0.11429215753762179	0.2275542465461386	0.19383079567273942	1.325182032925476E-5
0.08758543541435962	0.017140821774141043	0.07307787210569598	0.12692735232472016	0.03122843617453959	0.1276146642918827	0.11462920414129768	0.22783276495582983	0.19395143738058668	1.2011436946637866E-5
0.08847510403689204	0.01604903602990286	0.07354621975669115	0.12658373097679085	0.030519339126112363	0.12908401211937906	0.11352765613042888	0.2273884585248086	0.19481538686118083	1.105643781333654E-5
0.09002552996942922	0.015901735912039097	0.07279055308204782	0.1264201778483458	0.02942444026224099	0.12859897775167506	0.11634879246429693	0.22636902676432857	0.19410911797621666	1.1647969379788292E-5
0.09004816001235205	0.014877467692269594	0.07361409397899511	0.1260082480146673	0.029401614066819654	0.12885648868445942	0.11548473415849948	0.2274662941431449	0.1942298503503134	1.3048898479042781E-5
0.08937854736838614	0.016036605120420322	0.07261079784096307	0.1259404575483059	0.029871592386925674	0.12953509864910395	0.11541815309653274	0.22655841653536313	0.1946364225829203	1.39088710787022E-5
0.09050127202869558	0.015284984631869766	0.07237087008249571	0.1262174667656594	0.03005936006348675	0.1296788167710477	0.11486941227850651	0.22619070266627483	0.19481368071032318	1.3434001640499904E-5
0.09339949364336814	0.019937420986480436	0.06392215904766893	0.13000066412803005	0.02390758366124618	0.1344000907276674	0.11984193192809567	0.22405018219546027	0.1905265640364337	1.3909645549176064E-5
0.09161688613323112	0.02033404532451591	0.06188107234687246	0.1274241872371206	0.02514660384593516	0.13583492373830985	0.11862871372678029	0.226950094351429	0.19217116860116315	1.230469464234829E-5
0.09123209686480219	0.02124132992301786	0.061880883172045834	0.12763549060720353	0.026608879244997274	0.1338193131337675	0.1182543532292232	0.2270028039665547	0.19231147873772175	1.3371120666100245E-5
0.09073854003986934	0.021421890722671533	0.06227535472999265	0.1277614348860412	0.02744220646181024	0.13368831650101862	0.1187325729993179	0.22623730530517439	0.19168840626918862	1.3972084915492289E-5
0.0888707190085194	0.02726574257537119	0.06207785801671027	0.13182532115502008	0.025732864456729357	0.1272016348202041	0.12443809658053041	0.22433275125114283	0.18824312544909227	1.1886686680048775E-5
0.08858199519857674	0.027285356180223083	0.06226850007591769	0.13173229851892027	0.02559214733261843	0.12737686912424087	0.12430012451804437	0.22490119226687966	0.18794866796829557	1.2848816283314579E-5
0.08757753032855774	0.027240157375977653	0.06305285264939568	0.13239270632308886	0.02618865012982574	0.1269201444544518	0.12487520658984316	0.22584494978381398	0.18589671383536033	1.1088529684968873E-5
0.08742773315086799	0.027190648872432027	0.06416681894349213	0.13075682227743787	0.027818033358982572	0.12831505210448965	0.12350343959880092	0.2264208806063504	0.18438756122909344	1.3009858052928647E-5
0.08827938869919985	0.027166930857297752	0.06522082304001803	0.1307325347155305	0.027891860250128117	0.12706907113313848	0.12193807609333891	0.22611703087988072	0.18557198227393118	1.230205753642577E-5
0.08851310358049506	0.02712030306522273	0.06496118772722051	0.1309089724581446	0.027882884101333105	0.12661517117121884	0.12173999898108676	0.22641496598845262	0.18583040308979892	1.3009837026831117E-5
0.08801140566631518	0.0262402765004381	0.06337651122109997	0.1316412755090796	0.027587388274337973	0.12662591293713876	0.12244700989243892	0.22762008313310672	0.18643715024701324	1.2986619031374325E-5
0.08776551113419372	0.026950761808916993	0.06260300428736373	0.13209241220481813	0.026393014244167498	0.12499440882489266	0.12412362437893884	0.22884414415414756	0.18622165011742753	1.1468845133269512E-5
0.08982772904439752	0.023929406915428858	0.06652987750004209	0.12887826957729093	0.025808436881422675	0.12359231397799306	0.11898825511376404	0.23300097414509607	0.1894334100087968	1.1326835767946908E-5
0.0881505001669313	0.021470329413312172	0.06501007511091703	0.13439342309968094	0.027669744026969645	0.1203588367068186	0.11746602477957963	0.23427717313786128	0.1911901103014883	1.378325644106615E-5
0.08884991814602589	0.022568124074791987	0.0642876151345508	0.1344372986212058	0.02821057105683121	0.12001680977991605	0.11659199945469577	0.23388228154540153	0.19114193683141364	1.3445355167285289E-5
0.08632081524364713	0.0235574685175238	0.06417246297228574	0.135383086787974	0.030540387088581908	0.11702085632568987	0.11614780429013755	0.23499965351948143	0.19184489603315474	1.2569221523789365E-5
0.0849945114699063	0.02394530306509697	0.06396105722484594	0.13571207556730366	0.031347093822166716	0.11638875031020449	0.11620171502333002	0.2356149966135369	0.19182331167341937	1.1185230189655893E-5
