0.028737270674017712	0.048627296121563954	0.08523380998961788	0.039722163023936025	0.17289618072458474	0.3566506416322405	0.24683038884883107	0.021302248985207925
0.02549054041747921	0.052884462141918054	0.1625954672009253	0.041112012933035874	0.18553671175219177	0.3179404777906352	0.19140432365670737	0.023036004107107044
0.025435131302176894	0.04796395596011303	0.13974786327571767	0.04440282828976065	0.1846677045738339	0.3443937244902593	0.1905804702008988	0.022808321907239595
0.021694811229793637	0.04433951232173654	0.14449106533160203	0.04968258630410499	0.2171930287250839	0.28828226156549	0.20861092473740261	0.025705809784786066
0.02508018813660194	0.040690085119114705	0.13400602573185924	0.0517147036326573	0.15286372541480703	0.30370949525961016	0.26361046585847675	0.028325310846872745
0.02191921262448661	0.05146365281856925	0.12021092960113605	0.04023772480419113	0.16362810112491738	0.3368687545225003	0.23808797205080873	0.02758365245339034
0.02968890379232797	0.051559561088545744	0.143682347964483	0.04103391492555192	0.18535277347342105	0.33153174019306864	0.18931105451657818	0.02783970404602333
0.023576483874733656	0.047473366132400885	0.132754781021812	0.05118314576319048	0.1366563739403468	0.3761989205337426	0.20528676718371575	0.026870161550057614
0.023567950323784864	0.04530018780942907	0.11508851255031002	0.044894505925374056	0.1732452286041228	0.38325763956097547	0.19272412337158018	0.021921851854423316
0.027745490376588827	0.051154292292457215	0.0684250349951808	0.05288027679424975	0.15969583110122015	0.35003787977891376	0.2652321958012336	0.024828998860155715
0.026155296144847226	0.04700820974527174	0.08964554513465539	0.0446422131812767	0.23934534839574187	0.3365394819484215	0.19197195818095444	0.02469194726883095
0.027219148658773423	0.048263046629137316	0.09582021297074893	0.050263330248993376	0.14891418688541788	0.33820834820915324	0.26499191562228086	0.026319810775494806
0.024385553397365534	0.04034397090130189	0.12314013777012316	0.046230792877279214	0.13019939468453842	0.39778316553823456	0.21867443311082543	0.019242551720331624
0.02977767571994605	0.03952996450354557	0.1103346903028724	0.042833721137086944	0.15815121743796728	0.34278471663434007	0.25301028057408115	0.02357773369016039
0.02832613448222808	0.04744700893045194	0.09175095867183096	0.04519180728135855	0.1852504928270468	0.3117268818091422	0.2633900003701503	0.026916715627790966
0.02467361138097507	0.041958495418611755	0.1254374546214133	0.03970845606929373	0.12967258293270173	0.4024226547109545	0.20588734657649743	0.030239398289552258
0.026546974382494162	0.04798265807990365	0.08063513436683703	0.046879889200193994	0.18979702077803048	0.37361764477941506	0.2092849215586403	0.025255756854485154
0.02202034237607141	0.05007481432104631	0.07500257696425842	0.0409876799103671	0.23789538615168027	0.28688034771514154	0.2628824359481824	0.024256416613252313
0.02211125086547447	0.04840166205571149	0.10716029618086634	0.043246526039285166	0.24420912580636725	0.29924681584679846	0.2154381638762344	0.020186159329262238
0.02710867322090435	0.05213487465719058	0.07822487689329397	0.052110897199679554	0.2088505112776679	0.32767364863708165	0.22937322818159617	0.024523289932585624
0.023206006578077476	0.05281747724923269	0.14454895255181488	0.05066409276995562	0.13344675776294865	0.3271701147102867	0.2404158671900095	0.02773073118767433
0.023242058549247185	0.04340794066051473	0.16861100296674603	0.04096384259453684	0.15256981458737393	0.32522768866694207	0.21794887663356088	0.028028775341078144
0.022943209492806357	0.0421820224444065	0.07807654560172476	0.046272872341821564	0.16759459714111513	0.3825331601336541	0.240941012946405	0.019456579898066373
0.024729950845628387	0.04911927014763186	0.09697279831181652	0.04123764992997743	0.15132314912702305	0.3612918699135045	0.2468217781362208	0.028503533588197322
0.029354883818313887	0.04297648219419245	0.08032366372387748	0.0444538830900765	0.2302019891184796	0.3573463117761262	0.18794131234514014	0.027401473933793483
0.02149590650655593	0.03918617128528412	0.09960792576340866	0.054046448943283365	0.2171826960578473	0.34272476657253304	0.20038106127305513	0.025375023598032287
0.023716766001756304	0.04840692011737817	0.12321544795876542	0.04971144590818995	0.16395781378667468	0.3030850514322987	0.26253360391317027	0.025372950881766304
0.028853920066063632	0.042618986619827104	0.1463335616669256	0.04349561752722707	0.1924412366322907	0.33037346840097526	0.19633688041954814	0.01954632866714237
0.027338965154593817	0.05001036736083307	0.12416239890123083	0.05007097124685281	0.20766418179574608	0.3081581520016158	0.21268120411468328	0.01991375942444408
0.028305579867658165	0.043076850602679795	0.1170526458679074	0.05099759921170327	0.183499427047671	0.3561868292328969	0.19908702967103561	0.021794038498447674
0.022084120322835382	0.04314553952572707	0.13734590497528543	0.04693721884456625	0.14863907640033894	0.3432776996523459	0.2393070629900496	0.019263377288851247
0.029744946290486296	0.05323161712390709	0.07731389019641483	0.043037065002059394	0.17542787767576035	0.3633839405060928	0.2278508959647393	0.030009767240539817
0.024264855608763472	0.0482224474956061	0.07748530411282833	0.04880168943828586	0.23647629977203377	0.3362081211233001	0.20848366162457682	0.02005762082460541
0.02114792594117379	0.04650504761004402	0.10029132768889043	0.04202433993631044	0.14117810276552245	0.40568155800305716	0.2224967043435495	0.020674993711452025
0.022704718423513542	0.050273327097165185	0.10424976134700942	0.0439143404488897	0.14007644956875087	0.36447151607663203	0.24490866712932516	0.029401219908713944
0.02859448917563534	0.044913574945866536	0.12939331689366146	0.05167887751828178	0.13549503936525217	0.35051959796853494	0.22988694246843416	0.029518161664333492
0.026169826259115417	0.03915839980015086	0.15374803082129415	0.042508857549346774	0.18321721786473288	0.31676409830766994	0.2142438051056851	0.024189764292004715
0.0232857039914246	0.049190153086658514	0.08645178978073856	0.04665147383809362	0.18862013937476635	0.3741702394131835	0.2104090799893616	0.02122142052577311
0.020719332922586237	0.044058128696653376	0.11227535434806188	0.04840905709068949	0.1666873076405482	0.33650650581247477	0.25039430448683875	0.02095000900214701
0.02416025235652655	0.0484107051466339	0.12117814575893227	0.04107476102230978	0.16205614320326822	0.3231303677436417	0.25976364268979746	0.02022598207888994
0.028391215707211245	0.046090279077956584	0.06858408108219173	0.04264708650893924	0.17679864619702276	0.3764982153549654	0.23912309206396953	0.021867384007743365
0.02069225976883285	0.04090275394725465	0.08785552587655533	0.04517933919488909	0.22244884043452456	0.3468123973215743	0.21592276540999167	0.020186118046377377
0.029417913211641666	0.04418563464183857	0.13368688046863883	0.039812911184313	0.1952156042499425	0.32636396544276286	0.2034379266124471	0.027879164188415295
0.027557036749414426	0.049742998025107926	0.09641901247346321	0.04416983018971306	0.17972494295560254	0.33688054289545555	0.24133535901847591	0.02417027769276714
0.027516493096803582	0.052236818113883685	0.08160481158144499	0.0514625160151483	0.17207819353276543	0.33681167341813223	0.2505104785341311	0.027779015707690563
0.02760488804852798	0.04613089211213035	0.13892518806529433	0.04876767900845562	0.15628142542410692	0.34568623116532005	0.20760651343791442	0.02899718273825011
0.02648757876120822	0.04056092229598582	0.07330083543315383	0.046126252521171765	0.18186107563975096	0.3830158097066285	0.2224642107616334	0.026183314880467295
0.023018552316847934	0.0519367456021408	0.0862767033634145	0.04741744836413907	0.14232246194118303	0.3686387685151048	0.2574783620366554	0.02291095786051431
0.029717920806139497	0.0518387178430256	0.07654388980553242	0.05140139984168282	0.15245771512002676	0.39278912734377136	0.21970138943794926	0.025549839801872157
0.02508475890378442	0.0453528494705477	0.1033195881466417	0.04506529688756908	0.15809541543740963	0.4060353584367691	0.19667555114005653	0.02037118157722162
0.029360812414224766	0.03961670436342643	0.11002606620270823	0.053650974188127254	0.13051249396349054	0.4090954653447376	0.20151878247393368	0.026218701049351312
0.022048044031053343	0.046041154147151486	0.1627983996371809	0.04681108337658628	0.13723314980811277	0.3554286472165581	0.20049472345651226	0.029144798326844662
0.027002630736050207	0.04701161600428104	0.12921137244191	0.04187625847555658	0.13004492236702836	0.35376998293798223	0.24426568184040598	0.026817535196785425
0.02661192268764577	0.03927522133687972	0.11683579685554685	0.04313470491012095	0.14807300495576076	0.367211798035199	0.23060869189068767	0.02824885932815914
0.02179989836290891	0.044851641440284945	0.12225820926002727	0.052134296984787665	0.20238597913383943	0.32642066418742144	0.2055812180484169	0.024568092582313295
0.027549917998990217	0.04364557514210435	0.08763308014066712	0.05205847587111645	0.19822162285980185	0.3457470332411655	0.22167866581649004	0.023465628929664265
0.021067944390892795	0.05117231700196821	0.11940317953571769	0.045804845531587854	0.1841798417930828	0.29261296004390736	0.2583848080536164	0.027374103649226725
0.02088566509601472	0.04906531763224725	0.09910889625749507	0.04146172289433683	0.19458733427053512	0.3334895995286229	0.23340945242244104	0.027992011898306843
0.025918015430403202	0.04991181374826385	0.13016220683151183	0.04112042900795805	0.20525381665241688	0.2972403514351056	0.22311311309425208	0.02728025380008836
0.027451378938539356	0.04263557929980566	0.14770775363566607	0.04763940465177932	0.1631122993812484	0.3213780828206808	0.2255868308311196	0.024488670441160584
0.02138951773514601	0.053905970165748954	0.10823464981771837	0.05047740486348472	0.16191181215400666	0.31629938538198626	0.26158688533420327	0.026194374547705568
0.023534317814398464	0.04995631127063842	0.1522891012614056	0.040755102131303	0.18355157654790383	0.29429768641933807	0.2289768174931655	0.026639087061846853
0.020729723234526473	0.05010571801739093	0.16107129324114472	0.053133146587305766	0.17591505768457905	0.3238295590597685	0.18936912866476924	0.025846373510515164
0.028164634330169483	0.052014989293803424	0.1519724732968288	0.048201952970541695	0.1488922431486653	0.3109592095427177	0.24057427446224341	0.019220222955029967
0.024376317069572606	0.04193744225434465	0.15778661398058347	0.039786598795849976	0.17347298991835305	0.32744002088985846	0.21407207557858438	0.021127941512853105
0.027747121234409422	0.040025005997359045	0.16308713999640603	0.053988579201312906	0.17633975367272525	0.33038427443538043	0.1880357418605394	0.020392383601867348
0.020915679080426214	0.04254699893497939	0.10566545863876992	0.05070991560349376	0.18272547901992414	0.36867899540115956	0.20100783158697705	0.027749641734269803
0.024151953324454203	0.04335659254597654	0.14932498605704345	0.04452876788416002	0.1592760456783694	0.3609773190450964	0.1961087215072948	0.022275613957604995
0.02508198477943302	0.052582999637057495	0.14789043512100192	0.04674151945896114	0.1319698590107779	0.3451599099947037	0.22790295103978386	0.022670340958280716
0.022241809275544186	0.04413986529354069	0.1350068790454948	0.05051046345205783	0.2270203508567365	0.2872356994524693	0.2035715539997936	0.030273378624362954
0.02273557311091945	0.04401294561716393	0.073833816160947	0.04514939014708211	0.18916493833795994	0.3724127147660943	0.22343186587786867	0.02925875598196441
0.027945064287751842	0.045738055845347486	0.07093659026278794	0.04111465569514286	0.15335501051059292	0.3704663756986044	0.2601253800752227	0.030318867624549745
0.027354008577827327	0.045485499366197876	0.12159643707127686	0.04585639983087844	0.17833931426460853	0.32397064130106534	0.23562767863941747	0.021770020948727903
0.025594426121428496	0.04114667108035139	0.08113572121622692	0.04536922426659179	0.22501135337698752	0.35601175463802615	0.19496741031475828	0.03076343898562929
0.028243706221730475	0.040987774770343044	0.08049370313087933	0.052612474826368966	0.13795868332543573	0.3829284032225655	0.25686859731325007	0.01990665718942672
0.021737241024839205	0.049386758141515774	0.08390836635402674	0.0487450426250514	0.14804846902016489	0.39192086143443583	0.2353033251216465	0.020949936278319384
0.023790357938790377	0.04105693786591286	0.14614121578206768	0.04696291313351676	0.14189509103701867	0.3620880889879068	0.21590959772052312	0.022155797534263597
0.02853864486585847	0.03910480480119154	0.1287977511440113	0.04017283799705344	0.2030742638823886	0.3202652610729275	0.2187073758176827	0.021339060418886197
0.021205239510977317	0.04989765916541773	0.0858333341996288	0.04734536339645219	0.24296853600731902	0.3304956123601296	0.19199300420903798	0.030261251151037158
0.024783239432101645	0.04763477158696075	0.16132508005988141	0.05121739168730974	0.1544798462811769	0.27829427247791116	0.2599791459771189	0.02228625249753924
0.02787863707057349	0.04636644567887846	0.14432090294074457	0.0447451425148703	0.19725061380865166	0.2762145912392301	0.2352741178826428	0.027949548864408466
0.02125075067906035	0.0392355117252217	0.09936978940696062	0.054103480781055105	0.22016253325175922	0.27619164787184514	0.25903256924940676	0.030653717034690997
0.024134429801734747	0.04864220203440106	0.11662938089157235	0.041169741190259	0.24181300119677956	0.3145614743103816	0.19258343344561263	0.020466337129258938
0.029808607732379602	0.05165870356366278	0.08011720475657493	0.042767071279466884	0.2192285510414626	0.3484814770683392	0.1978025401852111	0.03013584437290273
0.028384759023926703	0.05281403475581005	0.09207088177314757	0.05314915710930236	0.18804686148383087	0.36134439767339444	0.20464204608871173	0.019547862091876034
0.02178732041957751	0.0425026695496086	0.07151268498717826	0.05451969889686496	0.16943036978863052	0.35746871337060737	0.2604750885907315	0.022303454396801037
0.022159059071608422	0.04311896753349771	0.10015768908685374	0.039634931413462735	0.19664401870317028	0.3459176135729485	0.22903326460831458	0.023334456010143778
0.020952617267923454	0.05005265748783286	0.10696939463932635	0.05269632763599831	0.18238665455542602	0.362137385858493	0.20035913587468412	0.02444582668031567
0.024510189335686217	0.04865403779456118	0.10171415108028867	0.040189307936993046	0.1874564434261019	0.36650601050872605	0.21012436096082457	0.020845498956818184
0.020690105032202186	0.046169376077709615	0.09347632788903691	0.03959012250527012	0.13285649253839213	0.39689490111471515	0.241367481715526	0.028955193127147796
0.021827689372084833	0.05354541344024524	0.09324231080423953	0.04485209998050518	0.16954474079127438	0.36083414547811354	0.2301748451858351	0.025978754947701924
0.02325398512213034	0.04910254419485216	0.09668324787476684	0.04253557348151718	0.17302377187743861	0.33515297527102755	0.2604429325277152	0.019804969650551854
0.029646329023156698	0.04075994267947976	0.09403019188403794	0.046702290448357026	0.1724993433183604	0.39971920142494577	0.1952798717908551	0.021362829430807098
0.02618823681733229	0.04956510253031224	0.07205780563350504	0.043084331581288715	0.14001362758933095	0.4147220823082266	0.2293048165348044	0.025063997005199554
0.029127181622706916	0.04490798046488506	0.08468333837120591	0.04690961805201191	0.20749428742873433	0.3517993791772729	0.21306067415936153	0.02201754072382134
0.026151056685230795	0.04463280363085513	0.07356143103727153	0.048865182098553964	0.21452221265467147	0.32162934003997645	0.24341240521754282	0.027225568635897673
0.023575214776218004	0.04540517664953324	0.09583397898209245	0.041069769160444344	0.24391679534839844	0.31794464476553885	0.20663362002314462	0.02562080029462989
0.025816760347239343	0.041144684847471844	0.09150391907807204	0.04566553595222207	0.21397569023053728	0.3420900828900495	0.21344090339044908	0.026362423263958698
0.02813397421617747	0.039711010564132815	0.06797902988566515	0.05318904316787902	0.17710494170503593	0.4043019528101024	0.19917366317062263	0.03040638448038438
0.021611416723710475	0.04830067569741006	0.12423334375810163	0.05089133761373975	0.13000183117604455	0.36047940647876864	0.24082331569878518	0.023658672853439533
0.02440533133774303	0.05193375167161261	0.08225898672017193	0.046333980106445294	0.20296352530215242	0.34747312359315846	0.22257183916559545	0.022059462103120653
0.026756715012966725	0.04989475073076305	0.1495430513642712	0.049509214098959864	0.16540772943515722	0.33525176892526337	0.19855897277137835	0.025077797661240048
0.027441826602192687	0.042933411699471624	0.12061239088104159	0.04034332306773193	0.1595599788316616	0.3896949591480917	0.1905187524632066	0.028895357306602143
0.02070908493749915	0.04728069613805934	0.12532608471848658	0.05215812807118113	0.15534533379503104	0.38577465105718967	0.19093035563898286	0.02247566564357001
0.026310520298181622	0.043138135947057954	0.08497379509502492	0.051840907623834226	0.20044867261276192	0.35069586738163616	0.21941902157256488	0.023173079468938124
0.02749654067886856	0.046007994676731154	0.11732818355830847	0.045749838568079085	0.19704983982569296	0.3233412292632797	0.21849956700731576	0.02452680642172414
0.020710847053270143	0.03955627459410581	0.11156850152493888	0.05348969033821789	0.22159677460598365	0.29483189233751955	0.23794377699358382	0.02030224255238003
0.027173949282656734	0.04740935079335935	0.15393776350925936	0.05454071746905813	0.19186554938864453	0.30524712935773013	0.2007232845231583	0.01910225567613326
0.027063776039655624	0.04058103758954221	0.13655078439595186	0.0444409695078444	0.14819997985351177	0.3580480754974704	0.2152986574621771	0.029816719653846316
0.022960173023067243	0.04974734267702105	0.11709235119824986	0.04326652763297548	0.1308813167306329	0.38917841346972504	0.22699011394986973	0.019883761318458523
0.02886136174266042	0.039114353947387964	0.13601218770113455	0.039964902228993154	0.1298541537011477	0.3911548140341483	0.21337797231316208	0.021660254331365564
0.02940142360253531	0.04737203371973285	0.16762243002380295	0.05325539783941392	0.13083357334992687	0.3461671539231484	0.20599361122300847	0.019354376318431094
0.022878687842327244	0.040432106039473406	0.12090747612708141	0.051060179277356926	0.1867213202202921	0.32933874391564877	0.22949724037406788	0.019164246203752067
0.02553916168134604	0.0425387840042622	0.12280418271058002	0.05240403893777312	0.16362458697068075	0.37435600610143976	0.19069770532375377	0.028035534270164114
0.02430073685111009	0.04252063461643105	0.1619095544282522	0.04125968835407025	0.1939045557759354	0.2745240430951986	0.23867851507607452	0.022902271802927754
0.02087108959465625	0.046301879434819476	0.11437921035931045	0.05032605553852913	0.15771725275971615	0.3507493009298761	0.23766485189888953	0.021990359484202693
0.024424968093145913	0.049930023399425816	0.08669490263705437	0.04329780112522992	0.189273503405821	0.3426663007551435	0.23973474393756655	0.02397775664661271
0.029309237852397238	0.04688330232622756	0.10874442974888011	0.04779512859522425	0.1429892720635622	0.3544889285735844	0.24436845804651702	0.025421242793607024
0.02603450210124307	0.04908332714593204	0.11609027467325396	0.048241097214014164	0.14255689112382325	0.356004708548211	0.23211170427318636	0.029877494920335992
0.024586896757648233	0.045794316945494934	0.15665676130049278	0.04259907297443066	0.17910527822252548	0.3204406153130983	0.2005072527363735	0.030309805749935914
0.02265978951633639	0.04173624527352987	0.1574836259747179	0.04230822356470014	0.1876568806645967	0.3097336155378262	0.2174243234076289	0.02099729606066375
0.027438268868892682	0.050528335586957976	0.13952224968657678	0.04677091151349229	0.13436773569062557	0.3634249847875186	0.21413904724240873	0.023808466623527147
0.02325821966482365	0.05363785467239106	0.11140265437229592	0.039640103281365094	0.18729767829705873	0.3186613775357081	0.23532750853383283	0.030774603642524462
0.02199094229976581	0.05106511063556081	0.16339954644895704	0.05021007084148647	0.13403338991671299	0.3591395772820575	0.19057974702505617	0.02958161555040298
0.021732108755205135	0.0425984667992087	0.1503819012541004	0.047708155373491795	0.18617545298970364	0.294470165418864	0.22781900092787363	0.02911474848155246
0.029134234191255118	0.0418267124641849	0.08964376929982823	0.04245245902756058	0.16034216901329634	0.4193899941833521	0.1950052881655506	0.02220537365497198
0.02163811573205665	0.04531591034551903	0.08892263622837929	0.049176692109719755	0.13322394677992097	0.38655792220164553	0.24457377348694864	0.030591003115809978
0.022636678917342584	0.04836510022003966	0.09568086248010531	0.04640094292495067	0.13297387690937612	0.418964649942715	0.20434712249709636	0.03063076610837416
0.025119403406922314	0.047667161172890854	0.08484509101994048	0.04040507983303976	0.24010713832341454	0.275315716899776	0.2600626100045562	0.026477799339459623
0.0237407044365798	0.049779560074337675	0.09476642332897348	0.051725165203945336	0.22491943052160374	0.3100731094658046	0.22337937453722595	0.02161623243152927
0.0231015855524742	0.04303505555713831	0.12467269571883162	0.05041445763404308	0.21586937594423672	0.3001969883389767	0.21425602296695911	0.028453818287340046
0.028601139619472055	0.048216093665837484	0.1531252294921658	0.04155253498455161	0.1761017886119114	0.3175684519541858	0.20885093162952703	0.02598383004234861
0.021240693370718933	0.04358492272934522	0.09017317661178048	0.051800389534039704	0.17752982020257269	0.3269138553865861	0.26501302641980584	0.023744115745150757
0.026452607970916336	0.04284407281102967	0.09074420097498254	0.04610860719725393	0.143160871899682	0.4020841984516993	0.22806640501179165	0.020539035682644438
0.02732843737472314	0.051984872540405666	0.0733839654088573	0.045137323091402434	0.14667023156422043	0.3813198316713866	0.2517039288005757	0.02247140954842851
0.026807488746772246	0.04459397294484245	0.09261424839106612	0.03974855120572107	0.15149312603519194	0.39556619211996413	0.22341843817164958	0.025757982384792225
0.02502463509455609	0.04339924658963876	0.07413830802752328	0.04508765587774806	0.1647061878312421	0.40916187513673186	0.20961682538365492	0.028865266058904743
0.023960464052499658	0.039551444158614016	0.08629203595487916	0.03983625945180205	0.17036557713596245	0.4133531340296146	0.2002365054998026	0.026404579716825305
0.025039727037674486	0.04006506057483948	0.16030928676504222	0.041803600678123665	0.13923565084984219	0.3547194888252919	0.2085456027006703	0.03028158256851554
0.02467342442444226	0.05013394690855495	0.13509491865230952	0.046019539022350106	0.16469853187599706	0.36044324842735564	0.19871366676327906	0.0202227239257112
0.025045599755828818	0.04670513503573186	0.09246396152241029	0.05094877332258599	0.13159730273849712	0.4138765424355191	0.21251577834846358	0.02684690684096308
0.022193177089004062	0.03965460003349097	0.07459266874669232	0.049942731631892806	0.21384525548195307	0.3644507608319024	0.20582202506874495	0.029498781116319164
0.02556995841105343	0.039284245551072475	0.07117241590534935	0.05396723873354324	0.2421807322189994	0.3491291226411356	0.19638952216468936	0.022306764374156893
0.027694136480658285	0.05349913777399189	0.12686717388101948	0.0541226022989328	0.19180589617266286	0.278800078085372	0.2478300803456481	0.019380894961714357
0.028277342711484382	0.04856450823680952	0.11800056096719147	0.049793940338894005	0.156690853009377	0.30912372984189884	0.25980110810008006	0.02974795679426459
0.024148487884865913	0.04117549320035532	0.07583154135188795	0.04229585680502698	0.2450832982818802	0.35344339290906235	0.18791436801831451	0.03010756154860661
0.025742451926668353	0.05035193767028752	0.12779159836790058	0.05166581842621838	0.14125844138131288	0.3055777930575947	0.26705879510974473	0.030553164060272683
0.022607730784090188	0.041349836438075285	0.13757769048245738	0.040780592304897	0.1817626637283212	0.3302508512526673	0.22421259776226252	0.021458037247228987
0.029793997427256413	0.04701412706110018	0.12656457793240775	0.048635138409814024	0.19237122111009947	0.32875250092420005	0.19928588761103685	0.027582549524085093
0.024632111451868263	0.046482188221450144	0.16362391622865888	0.05108788154557785	0.19253970549177246	0.31464019860351566	0.1877692428614634	0.019224755595693116
0.028399358825918028	0.04798010414251461	0.143650355684155	0.05388079687754843	0.2017731702083386	0.2932236867357415	0.21043876793034416	0.020653759595439497
0.02356730415531698	0.04349047899359029	0.1076111615157461	0.048527351509621494	0.2086700224769384	0.32327340946832284	0.21809208950754916	0.026768182372914576
0.02388158202386384	0.046970523603001454	0.1690856313455125	0.042316381221857935	0.20296632822667326	0.2790233737858668	0.2091547926114844	0.026601387181739697
0.021139239684784997	0.048092185583896566	0.13661720572866756	0.05260277522901613	0.1680908707770874	0.30535710550525086	0.2380906055418074	0.030010011949488963
0.028651448915683622	0.03994779371603788	0.06916833030969097	0.054517283490391866	0.14297734278150892	0.39064634562501255	0.24764132215674062	0.0264501330049334
0.026411869604619373	0.043278052035018	0.1540759157597704	0.04149844959415702	0.15122453911623163	0.3180013020289136	0.24258147827550297	0.022928393585786855
0.024141075050774854	0.04029523465435145	0.11531792810289379	0.044950986322726094	0.133952151967022	0.418033182051579	0.19873597669790938	0.024573465152743182
0.022292130918439346	0.04346056954427928	0.13141798354682968	0.04841523057360793	0.18708018460637113	0.34977065345147573	0.18824076453787625	0.02932248282112046
0.028911093702798096	0.04739292909302614	0.1664268468850653	0.04690753763521925	0.1700741051577891	0.31149302223954617	0.2028886415329657	0.025905823753590018
0.021001509883271777	0.04122762360449321	0.10635190175427153	0.050713358534354255	0.22784012347368743	0.3006098969124015	0.23145681893017822	0.020798766907341934
0.021913156770229106	0.04686721022816627	0.1306891538652919	0.05148467514085556	0.1809459870808117	0.3505452776580643	0.19793963652023747	0.019614902736343462
0.026650675821018238	0.05305836271334603	0.07569900828070329	0.05048254208132631	0.1350614620649668	0.3907303246903465	0.23765061699376402	0.030667007354528597
0.025917191130406914	0.050571090166080995	0.08819801920014428	0.05148362504613192	0.16397717293826836	0.3843878344433901	0.20825121298838578	0.027213854087191375
0.025077915895706987	0.04410254803436078	0.08428974974086752	0.04444186446566015	0.13507648242171538	0.3793832341868264	0.2603359073910381	0.027292297863824422
0.022811695042445526	0.04347438341004245	0.08243519594818796	0.05228537545364367	0.1785588430282432	0.36391253325662565	0.22646554773111022	0.030056426129701122
0.02710583498540592	0.04090686861241219	0.11122456821589666	0.05199646707407883	0.14594495105953165	0.33965610359172055	0.26085188366091144	0.022313322800042584
0.02747705775512206	0.05010921767897604	0.12243832732862069	0.04886857262201909	0.169728865746258	0.3648326376000617	0.1899347603481923	0.026610560920749954
0.026658711295469734	0.04441803121246468	0.1148311934966026	0.04399600056893688	0.18500937089717848	0.3553219949073985	0.21052488059660027	0.019239817025348688
0.026363715398308382	0.052350284927684954	0.16612476713134666	0.04477288269416435	0.1734613930757222	0.3169889224703053	0.19003920933942964	0.029898824963038362
0.02439180990542028	0.0494735156846101	0.16525088237198043	0.04102629375331017	0.16184315741096428	0.31345894508760885	0.22250123920755704	0.022054156578548645
0.026951235960477993	0.042584990847091594	0.14687322288318208	0.054761428953458244	0.19970160956804117	0.319505250799694	0.189929137428284	0.01969312355977075
0.023185295543415696	0.04842408610279263	0.12620319335329164	0.041354340447305155	0.21766797547920333	0.31476842491629653	0.20824091719621485	0.02015576696147997
0.025527735323324308	0.04296886922509292	0.10229400593221491	0.040644099213373794	0.19487753368536775	0.3633871730141143	0.2061763894841931	0.024124194122318754
0.02738299570063764	0.05017371745525778	0.11008660327817037	0.039772809953812036	0.1323946032230563	0.3962107417710987	0.22323884200037494	0.020739686617592026
0.021606515253841968	0.05190763651288541	0.13174975284515464	0.03987821667778936	0.14138559268253414	0.3548987862056875	0.23007876490894952	0.028494734913157307
0.02062175199057452	0.03917324583059943	0.13028748525102357	0.04095494186832051	0.13428588593079646	0.3780246911409021	0.2357524419395141	0.020899556048269152
0.02073605377023509	0.044140715637116676	0.08096207484559784	0.048102627885096186	0.17324298100494148	0.41666819380293607	0.19334056145530948	0.022806791598766973
0.022372413006923206	0.04823515885244302	0.06922605473502505	0.044073819413832704	0.2155530298161006	0.37449039385485206	0.1977005307492528	0.028348599571570418
0.02081203198093437	0.05231972611446804	0.1290388805061938	0.0432928294569757	0.17020941092071823	0.3670558913761061	0.1964013250557622	0.020869904588841387
0.025622367745406202	0.04785566580524185	0.15385025095038865	0.052017378836495376	0.1468515163961803	0.35647039581544415	0.19736782192123023	0.019964602529613046
0.027371612421528108	0.05245328264575731	0.12751448006679378	0.04065601199382976	0.18310342028524637	0.3285081989032132	0.21310757610912257	0.027285417574508697
0.02964195955181742	0.04185001059342405	0.16205936245257585	0.048213892999338884	0.14661408118657082	0.3067501183073504	0.2388993802567571	0.025971194652165255
0.02621395827662655	0.04194331219697174	0.13885189737968567	0.04390059785353369	0.15307217898448203	0.34311841258989584	0.23380551400948155	0.019094128709322755
0.026649112144017828	0.04537420836742884	0.14453409901811964	0.045662619690009495	0.14170723507939698	0.33059045554680455	0.23950203887507784	0.025980231279144644
0.025304358664456586	0.05080443747213875	0.11105805636366539	0.04862557369146653	0.1389781122075165	0.35486340711785125	0.24311671843940855	0.027249336043496303
0.02620111840287148	0.04294044028603504	0.0792666981362932	0.04746418124461543	0.16567013331222585	0.4118220358982516	0.2074785496870023	0.019156843032704915
0.023606725385680344	0.04424099190139412	0.08871304385793546	0.05025967115228898	0.16125479720115418	0.41958419556359094	0.18780035798370476	0.024540216954250987
0.02066854095645322	0.05096953316096921	0.1005016633561348	0.04376825506694605	0.19271222280315906	0.30997760526270085	0.2595154599220133	0.02188671947162335
0.025018792089798084	0.04071277953989558	0.08192601819832189	0.0446544273596199	0.1842927059027225	0.37409616486651476	0.22899395896842006	0.02030515307470701
0.027314262611416243	0.05083987953690086	0.08009593283155272	0.05233590099758839	0.16283980137278753	0.3672836532849149	0.24013924476870951	0.019151324596129615
0.02482544578962176	0.0481380192958753	0.12186723169534994	0.04036272714509731	0.1330956043649388	0.37569839170118147	0.2298314900818868	0.026181089926048368
0.022496829847806155	0.05348228043827426	0.10938702022790259	0.04851318892499107	0.14743335503601587	0.36772150412069715	0.22713095091595398	0.023834870488358695
0.02135539071978587	0.044950385792210557	0.16711298132949662	0.04140254713283026	0.17276795690175303	0.30719032312810635	0.21446437491742432	0.030756040078392805
0.020704445036748648	0.04719508420939121	0.1530878141672158	0.05296413200817472	0.17119648988459057	0.32294642618304015	0.21074287162251137	0.021162736888327344
0.02477846584758736	0.04499423944259437	0.14166086118225266	0.04108335078706869	0.13337033697189854	0.37663571598019163	0.20732008915828798	0.03015694063011859
0.02923580986160257	0.05023017313973134	0.09151012753589267	0.05098576232643946	0.15256964462964157	0.34024316295033713	0.26137714415128876	0.023848175405066313
0.021040943084550387	0.051970384856129204	0.11458199434498022	0.04924357658296019	0.1513645062596795	0.3153311673667514	0.26616867147252454	0.030298756032424295
0.028121461735812273	0.04620567580946228	0.09133736392322062	0.04646858500469944	0.22871636627322825	0.30423865499912583	0.2263707234951316	0.02854116875931946
0.02249000654769641	0.05051278175048175	0.07983586214437356	0.04477737640214875	0.2179811785834841	0.31848433673618837	0.23816986483524177	0.027748593000385097
0.02135818391251708	0.05085367315933538	0.11015006777874023	0.05325116422135531	0.19442519114084728	0.303417112809592	0.23771564239605586	0.028828964581556676
0.02570550586061049	0.03914558333758701	0.13806195399372317	0.0445558288321419	0.20287549532308152	0.27899138410250746	0.24847226344498702	0.022191985105361217
0.02692223471237172	0.053941224662276646	0.12529343538752274	0.053111954034746695	0.22967069536459989	0.27563197100544956	0.21094047384757655	0.024488010985456013
0.022001102496475716	0.044713161381322655	0.1015739352817714	0.048991430145320244	0.23695665283000583	0.29371900245386956	0.2260487389813392	0.025995976429895207
0.026948213247323743	0.04250617329904385	0.0772463379690421	0.03974359153231216	0.23337734251985873	0.3438811789917627	0.21242180597818622	0.023875356462470326
0.02890593241330365	0.04507142697575049	0.16047360995110865	0.046597171076212474	0.18446459918563243	0.2724455101257992	0.23130154566247912	0.030740204609713856
0.026615595937731357	0.048766284115503336	0.16260625805383971	0.04001369200118653	0.1757129653893694	0.2782696993958923	0.24510895861905505	0.022906546487422186
0.020582856921969955	0.051598669718028706	0.15758365112953798	0.0441130607196166	0.12988035190865233	0.3006546441885748	0.26706015513882414	0.028526610274795305
0.02368777635961128	0.046502421521731785	0.09709374878083621	0.054196218430876644	0.15568309357035842	0.37191239632343265	0.22488322117085868	0.026041123842294123
0.02100270507059243	0.05020069603976651	0.1378707353199389	0.04461415827061496	0.174256622528068	0.29905572389090845	0.25048768377704744	0.02251167510306311
0.022341006045210485	0.04937342521282406	0.15246272569349423	0.05299269877065267	0.14750466827633602	0.32163395549329793	0.2269181420147205	0.026773378493463923
0.029657171028772564	0.04858010065199313	0.09556680209780097	0.04444749101724321	0.2168129892665441	0.3355738672115915	0.20593900114111333	0.023422577584940985
0.028253910023887455	0.048028913695325914	0.12169529184544205	0.043901470505332385	0.2412486697056027	0.297264305124047	0.19422671871807135	0.02538072038229093
0.025539622856969035	0.04176318684725279	0.11374460785191012	0.04311693742309192	0.20572738207489588	0.31848451373599385	0.2252928472733648	0.026330901936521448
0.028649558506699285	0.05384594945023581	0.07302691985457219	0.040058988019673544	0.22748903255098202	0.2972593324304241	0.2506468454310585	0.029023373756354387
0.027834465857723173	0.05218514526465323	0.13271626817678145	0.0472092522470169	0.21238863321233306	0.28259815048244286	0.2250393275736758	0.02002875718537339
0.02129829813768279	0.04956958781162715	0.09519835942507104	0.05371539780270851	0.2257418431059132	0.29552836398504095	0.2312194858057915	0.027728663926164743
0.02824205628541787	0.05022882145038629	0.07992766556777453	0.05291916570231206	0.2205069059470841	0.2865891767209069	0.25377188841670506	0.027814319909412993
0.02673379725199268	0.04257988925681619	0.09524423757089764	0.04408700589925732	0.22150565962591418	0.28580221758730284	0.2577521962087411	0.02629499659907783
0.028123883559754134	0.04833274117340293	0.10556659218552754	0.04510111744776328	0.1532165360157732	0.32636968466417604	0.26652475695788985	0.026764687995712855
0.022529454001513502	0.050896320142609044	0.08730998853928622	0.04139549419104681	0.20566070259278846	0.3461859820704384	0.21837312630852612	0.027648932153791286
0.02498470148756629	0.042571724243274586	0.14034545181147576	0.047995773092323155	0.17937932381440064	0.3326211484064557	0.20842108051502228	0.0236807966294814
0.021481369006845455	0.04629168900549946	0.07565924335553173	0.04377359067066075	0.2142631819398714	0.3406743942989605	0.2350352115525063	0.0228213201701242
0.024676602821605415	0.04079759622174822	0.14025961189975006	0.04123832541320792	0.19228813149841373	0.2868871097894653	0.2512800679503591	0.022572554405450057
0.027273980920430346	0.050293046025989246	0.1267865184756933	0.04297888263508534	0.16963869528675873	0.3082175512305123	0.25120105910599483	0.023610266319535736
0.022485563623185656	0.0390160484858932	0.16452991686973414	0.04005932571397862	0.16665780311357598	0.3486005902528573	0.19146545413993094	0.027185297800844027
0.028316040382020485	0.05247096491056566	0.11382050096555438	0.046339204973179754	0.15194432050633577	0.3880952046848126	0.19895694846991174	0.020056815107619363
0.027887323238108747	0.0495819488350315	0.11825063641029866	0.04974764430881087	0.1601996208434433	0.3452792457359932	0.2258360794496047	0.023217501178708785
0.02577709969696862	0.03993984733386491	0.1572131356746734	0.043977216170756964	0.2260143714194059	0.26948067443848656	0.21774690107731665	0.01985075418852683
0.024085709108090297	0.05178195037456848	0.14305171459740518	0.04204385614019361	0.15849997384069828	0.31940881245431096	0.23739205014877024	0.02373593333596266
0.022059599653196704	0.05278621383084556	0.07820494992352742	0.05340414422680434	0.13524064776095723	0.37338260881822505	0.25961799286766946	0.025303842918774133
0.026762092517611066	0.05120151631332716	0.10598749823255918	0.04503439721487841	0.14016360680912338	0.4070877221231368	0.2017202201070235	0.02204294668234026
0.025378556545711556	0.04523766574585775	0.14152075183047716	0.0488629205721907	0.15462127605505863	0.3324787847529741	0.22611304564150825	0.025786998856221655
0.026522895229049118	0.05382132225781576	0.16023708544862003	0.053464740011977305	0.13902977399801084	0.3296592804133064	0.21561286344958178	0.021652039191638592
0.022321349735709373	0.04665014745374496	0.14103823173754554	0.0413075574480322	0.20129189729773367	0.29983639938118734	0.2229560424541635	0.024598374491883263
0.026879013359635634	0.04493364300267394	0.1356060348580975	0.044145046644036304	0.1897318690319591	0.32975431167135394	0.20166564427873424	0.027284437153509103
0.025005761412697544	0.05012590559005217	0.08384013610012664	0.053484047073854624	0.23296958079850766	0.28715766425659794	0.24158664407614122	0.02583026069202196
0.021532454533574386	0.042687955063513514	0.11615938064824272	0.04743186591099281	0.23698531749819923	0.3076171055394533	0.20524013359726612	0.022345787208757698
0.025046766723182567	0.040755797808763455	0.09858310052728203	0.042435896366466386	0.1697089631102751	0.40765356914860085	0.18978040713544453	0.026035499179984975
0.026545893222155156	0.042269924045727825	0.09937481587292689	0.04950488127532325	0.13609127994824294	0.4157037447940214	0.2091059049074197	0.021403555934182694
0.023676517212313578	0.04057449799387276	0.11886209295315803	0.0481799485295034	0.19940867724913985	0.3362694081070775	0.2075983972038533	0.025430460751081407
0.021056790096688843	0.053373049385480764	0.1637701416737596	0.04179996944116737	0.15865636875285175	0.32502673586094943	0.2058059553522229	0.030510989436879132
0.028413961444243893	0.05304328017017129	0.14639512082832673	0.04373400602927871	0.18724390576981345	0.32407611185334106	0.19642993228591277	0.020663681618911967
0.024192651180383495	0.05334726639365103	0.11541424366844781	0.04861616587757042	0.17161053781506047	0.3123026009277429	0.24910021480586061	0.02541631933128305
0.021931259259221847	0.050368987176062766	0.07299695056417682	0.05366336466702813	0.17834061696496067	0.3621539639548019	0.2407507746186473	0.019794082795100407
0.021805508314661826	0.046926665982392785	0.13632322118953982	0.05293000908362462	0.15270042832512903	0.3375487244649658	0.2226286990732427	0.02913674356644322
0.02120178394747327	0.039258028263742736	0.15936402136629724	0.04801062294585383	0.15667010033108522	0.35266690019663044	0.19964942033154906	0.023179122617368084
0.025058679168366835	0.05405059771104846	0.07577947667354931	0.03976190483304841	0.16007230507868098	0.407639281317027	0.21588672792983532	0.02175102728844354
0.021511895126689107	0.051397608044698145	0.09155010687928974	0.05250246897157115	0.1494459080840865	0.3652870845444877	0.243540266219927	0.024764662129250492
0.029079894240244597	0.044314783590052184	0.06960906505355158	0.05038265049354117	0.23025294364016807	0.35968771156757906	0.18862680326173764	0.028046148153125533
