0.3181264179405328	0.25938031571323744	0.42249326634622986
0.5004510565421699	0.3492221844007425	0.15032675905708773
0.06164729283425302	0.4933260626329502	0.44502664453279694
0.5206996333374436	0.26979122801067623	0.2095091386518803
0.35028672494228125	0.21158431224930518	0.4381289628084137
0.2509562689197203	0.4456572855113986	0.3033864455688813
0.446301462024078	0.39132543121757735	0.16237310675834474
0.28295237471446827	0.4918943544622916	0.22515327082324024
0.5524179876993744	0.27699130631386665	0.17059070598675896
0.3350581185556104	0.43048103569888785	0.23446084574550186
0.6086374897831428	0.07992591303696661	0.3114365971798907
0.2653633755888335	0.1736627455101276	0.560973878901039
0.4456895731944215	0.34859033175247367	0.20572009505310496
0.7341987876673036	0.17010052047689345	0.09570069185580296
0.43964357874336557	0.4000464801251208	0.16030994113151378
0.44983625418007844	0.2258204372075527	0.32434330861236893
0.7537016606076208	0.13674664695028527	0.10955169244209406
0.4361897409828675	0.44854595837767663	0.11526430063945597
0.3993060527471149	0.07863798298769337	0.5220559642651919
0.5058783660900039	0.12735331683148007	0.36676831707851604
0.4406302074677596	0.4343531172646162	0.1250166752676243
0.2087168038829284	0.22167523971239678	0.569607956404675
0.5831408184026194	0.2946107739818704	0.12224840761551026
0.14186825301975867	0.5385700465089844	0.31956170047125704
0.2058057129451273	0.5920375470338594	0.20215674002101341
0.12329102685660909	0.6993991281692616	0.17730984497412944
0.6103539372433006	0.13806824975671977	0.2515778129999798
0.032256929554347336	0.44169105832259314	0.5260520121230596
0.2693366589272555	0.2697411470812282	0.4609221939915164
0.08248531051033897	0.4932950010818302	0.424219688407831
0.07197320843982669	0.6153233236129354	0.312703467947238
0.12008928525869872	0.5019169297245079	0.37799378501679354
0.2965148667949337	0.5844335222196126	0.11905161098545383
0.4434725776106119	0.3735956820492948	0.18293174034009343
0.31542469870047496	0.4433108381925418	0.24126446310698335
0.19601391194527742	0.27078964532086297	0.5331964427338598
0.1803113038387943	0.4192228920721995	0.40046580408900634
0.3435074045044873	0.1485693721717408	0.507923223323772
0.3814591148935166	0.41291763891527355	0.20562324619120995
0.2509911429335449	0.5134988870840107	0.23550996998244458
0.10404803493416825	0.4073032625824446	0.48864870248338726
0.10507364680979248	0.6723858669065681	0.22254048628363948
0.0712914833358364	0.6744351639033159	0.25427335276084784
0.2786822074645825	0.4724039152180589	0.24891387731735867
0.0715373624779928	0.4649583886766687	0.46350424884533864
0.17005384095507914	0.3391630496921729	0.4907831093527481
0.41136551614814965	0.1307249863624286	0.4579094974894218
0.08514412352185585	0.3512589431515839	0.5635969333265604
0.1111640008464792	0.785132515326989	0.103703483826532
0.5541205092967214	0.11389026950230469	0.33198922120097396
0.3671589630398002	0.28080770386330994	0.35203333309689
0.06914683495284879	0.5974162492921706	0.33343691575498074
0.07741253463490527	0.5425417193918571	0.38004574597323765
0.5615679910063007	0.23934010555765195	0.19909190343604738
0.5529111145917173	0.34504444969611897	0.10204443571216387
0.48286946221385596	0.3244513746585042	0.19267916312763994
0.28840511044236344	0.15461182461789524	0.5569830649397414
0.3232718410221551	0.3293049990999668	0.3474231598778782
0.175560968442584	0.3152002057122192	0.5092388258451969
0.2524665345412749	0.2841864528463307	0.4633470126123945
0.4104587588072845	0.310518938695564	0.27902230249715154
0.15747421824557067	0.39416665395428424	0.4483591278001452
0.643138948896346	0.2195037231206201	0.13735732798303396
0.4159663187491106	0.45799217386443014	0.12604150738645942
0.07850407220647143	0.6104169242262123	0.31107900356731644
0.695926842397633	0.17932629995152943	0.12474685765083765
0.2900533975076701	0.41555033658141427	0.2943962659109158
0.37524648467320554	0.18036358661791485	0.4443899287088797
0.06439603027847574	0.4288497885433692	0.5067541811781553
0.3874817126901665	0.34674802872311833	0.2657702585867152
0.48493561369171356	0.33080225115765133	0.18426213515063522
0.03946497867816323	0.5585226445809678	0.40201237674086915
0.07477491785427193	0.4177541427651008	0.5074709393806274
0.3784117312902577	0.17228393023777358	0.4493043384719688
0.044504160963519834	0.6281554677486683	0.32734037128781207
0.13715466119775227	0.38666170125443516	0.4761836375478127
0.16591631881361235	0.358565813240153	0.47551786794623474
0.06945226287358441	0.750337113693589	0.18021062343282668
0.29028025313802286	0.2628774489392891	0.44684229792268815
0.532173465661967	0.2897589507168974	0.17806758362113567
0.45236933947093894	0.0741575244619378	0.4734731360671234
0.40267353268213874	0.19171785650021478	0.4056086108176466
0.26584720116655225	0.37662347784387773	0.35752932098957013
0.6302382036758004	0.23295438175685249	0.13680741456734719
0.20422102765461603	0.23744636714371267	0.5583326052016715
0.42026470733029064	0.40633533469214766	0.1733999579775618
0.37669585104286907	0.10371206119835225	0.5195920877587787
0.5727525434177227	0.20787799846606736	0.21936945811620995
0.4969400380074127	0.13325338916002838	0.369806572832559
0.251604258047816	0.24797531764116282	0.5004204243110213
0.44648870022422094	0.3913544552920889	0.1621568444836903
0.22564492391227853	0.2695942106794576	0.504760865408264
0.24574697437532697	0.18514619499197033	0.5691068306327028
0.047586650407013875	0.6978789790411218	0.2545343705518644
0.5094685640624124	0.15500663315291077	0.3355248027846769
0.18401697162670552	0.3453459500848731	0.4706370782884215
0.2337749829702628	0.5902239323920226	0.1760010846377147
0.14582319313305075	0.7530907152453696	0.10108609162157978
0.23074179116112256	0.24774624932814093	0.5215119595107366
0.328262154043913	0.3855378533557432	0.2861999926003439
0.20457151732816514	0.41291061572921806	0.38251786694261686
0.16860468707641124	0.5133761882484081	0.31801912467518073
0.08816703319156124	0.6648304990140097	0.2470024677944292
0.45499501248721463	0.08258283145451023	0.46242215605827525
0.25458508522166007	0.39850771231673654	0.3469072024616035
0.35699781217769566	0.09563195889403964	0.5473702289282648
0.04270948586051093	0.735812487846183	0.22147802629330618
0.24063241909953267	0.28705580414410936	0.4723117767563581
0.30148103932584996	0.23313324078593514	0.465385719888215
0.22293073811666408	0.5731304854004355	0.20393877648290043
0.06478074701356035	0.6642621852834965	0.27095706770294326
0.1113634927554922	0.559363970058923	0.32927253718558497
0.2438231269213328	0.3294041446790892	0.42677272839957814
0.5558398972622774	0.2851913468688938	0.15896875586882883
0.3899832915397911	0.2683003340810136	0.3417163743791954
0.3033270629648694	0.48881610244697904	0.20785683458815168
0.7549088930513282	0.13587027021576703	0.10922083673290478
0.5243504134857555	0.2293642633776256	0.24628532313661905
0.4632473600561502	0.29524080968505056	0.24151183025879935
0.06669472094934903	0.8146285948791128	0.11867668417153837
0.16898761244453345	0.6504108127680938	0.18060157478737293
0.037087651331439764	0.7281482526613561	0.23476409600720433
0.09273433145584103	0.5356712268940554	0.3715944416501036
0.08000864574253908	0.4219739267351415	0.49801742752231953
0.10739262524621232	0.6839062556808464	0.2087011190729414
0.3297403433072159	0.10010081197279713	0.5701588447199871
0.4258063633514193	0.3701167106828941	0.20407692596568672
0.06734045190133364	0.4006147014872129	0.5320448466114536
0.2676559370560746	0.16960422082052745	0.562739842123398
0.07161192643885483	0.39612417427904467	0.5322638992821006
0.17193242802945907	0.32518894650594743	0.5028786254645936
0.23225624051075205	0.44572468280833344	0.3220190766809146
0.10536017954072546	0.6252565582600762	0.2693832621991985
0.3513968457786554	0.3224696692819735	0.3261334849393713
0.18549442550673595	0.35341620210195823	0.46108937239130593
0.26587441992814215	0.21765143631852096	0.516474143753337
0.39195536148258814	0.5132232746863762	0.09482136383103573
0.39268987779420245	0.4729881049320685	0.13432201727372917
0.5103860563078317	0.11264319796847982	0.37697074572368855
0.20445385877975392	0.32795978754275823	0.467586353677488
0.4941785072530667	0.33295490095280517	0.17286659179412822
0.469976636424321	0.06881245504753603	0.46121090852814306
0.41991643635349946	0.1849029986542849	0.39518056499221577
0.5087824285853311	0.13636365475303805	0.354853916661631
0.3219423160670318	0.18689014933602677	0.4911675345969416
0.6539459063959141	0.20301605251000981	0.14303804109407617
0.20370402513658661	0.4846196109734373	0.3116763638899762
0.28746568704739767	0.4179024729640799	0.2946318399885226
0.5745559176703773	0.12525209214925942	0.3001919901803634
0.3384643391452239	0.19654817355204032	0.4649874873027359
0.0603895636558871	0.6118154426313623	0.32779499371275067
0.47501921307628125	0.2745226960501187	0.2504580908736001
0.2942982535257499	0.354147257941641	0.35155448853260923
0.4449107873505614	0.20690653299357092	0.3481826796558678
0.3611768442791214	0.5184269782972335	0.12039617742364522
0.13960544098686528	0.5182274487855267	0.34216711022760815
0.0583596391274781	0.8259584435625456	0.11568191730997646
0.6207627243721898	0.1877301170212794	0.19150715860653084
0.10442307730330769	0.6102005018169467	0.2853764208797457
0.3728469388351985	0.15602296465064075	0.4711300965141608
0.5613056338637188	0.31580598208097144	0.12288838405530991
0.57596413384929	0.1503100367694795	0.27372582938123063
0.13339935278530637	0.30061906535191396	0.5659815818627798
0.19107052814754172	0.5550382637925191	0.25389120805993926
0.11249611121810213	0.697231053240629	0.1902728355412691
0.39811451131907694	0.30433670877587715	0.297548779905046
0.11423152413984813	0.7582984202552836	0.1274700556048683
0.05604760018163346	0.6583948589918027	0.285557540826564
0.3958775833152933	0.25446861248352226	0.3496538042011845
0.4689846485385892	0.28683893465337307	0.24417641680803784
0.5997330836220558	0.16480325342292396	0.23546366295502036
0.6357912223192934	0.20562934831978985	0.15857942936091682
0.6192450389533299	0.26023880242670316	0.1205161586199669
0.4524331412343959	0.2851662666458936	0.2624005921197106
0.4314590564827714	0.1169732113175237	0.45156773219970503
0.3910226392445113	0.44113262827991817	0.16784473247557066
0.16591211223765576	0.6686479997818888	0.16543988798045556
0.23241192756814202	0.541324677270872	0.2262633951609861
0.7476809097879975	0.07545942286897406	0.1768596673430285
0.06784247067435623	0.5841840643290033	0.34797346499664067
0.7005579249312269	0.14549642848084093	0.1539456465879322
0.1577636173034106	0.4327814782156776	0.4094549044809119
0.38000660286536714	0.1986376564294914	0.42135574070514153
0.6283894674366968	0.273984417953371	0.09762611460993242
0.42506302882818314	0.46321386681704146	0.11172310435477553
0.09906839956756874	0.7338458795938869	0.1670857208385445
0.10353459821887667	0.782701396841667	0.11376400493945651
0.578383595060534	0.21009456219637457	0.21152184274309152
0.27505959080818804	0.3948008184985155	0.33013959069329657
0.0398723265691695	0.5064041745463681	0.4537234988844625
0.39056558306216954	0.10732740738785984	0.5021070095499708
0.2062747596493209	0.4788916987198102	0.314833541630869
0.03293175106432544	0.844421984693225	0.12264626424244968
0.06378383714587821	0.7887329380565427	0.1474832247975792
0.7487917336041086	0.11134300843438685	0.13986525796150467
0.35398390483899916	0.3063229259406434	0.3396931692203575
0.5150271826719002	0.20556839641716745	0.27940442091093254
0.641147750649524	0.2325987764990071	0.12625347285146898
0.0708317662453592	0.44307009670212394	0.48609813705251703
0.5454342249684809	0.3000646098887251	0.154501165142794
0.5729684652812155	0.16718435482363328	0.2598471798951514
0.39877277964997226	0.23788716997399698	0.36334005037603084
0.13620403285181365	0.6197945826906475	0.24400138445753905
0.0620014412575422	0.5856244471441463	0.35237411159831156
0.6786225118233785	0.2106186403274588	0.11075884784916276
0.20275831422877666	0.43604741514460166	0.3611942706266218
0.6220148382174459	0.15468591757655278	0.22329924420600147
0.16579565733025348	0.4975760451396945	0.33662829753005213
0.4048618792821782	0.15265607373187123	0.44248204698595067
0.3450559732859651	0.13102969466236364	0.5239143320516714
0.05683718904182261	0.7532759712747306	0.189886839683447
0.5480547779956498	0.1505799346800438	0.3013652873243065
0.13586753284834246	0.5324077646587899	0.3317247024928678
0.2700253848927147	0.3735636886646151	0.35641092644267036
0.3222440504556155	0.2667194063746798	0.41103654316970484
0.41714734348347315	0.14120572444532428	0.44164693207120265
0.5105444861474886	0.1540609887930752	0.3353945250594363
0.5641164262574774	0.12577296806021598	0.3101106056823067
0.040353555540553976	0.6698379420840831	0.289808502375363
0.1297848679287213	0.45258586208682117	0.4176292699844577
0.42878028097149357	0.11621547437695001	0.45500424465155653
0.11630720169230688	0.7321919352868353	0.15150086302085788
0.0716807059926049	0.5511872087823535	0.3771320852250417
0.10719277597749599	0.5089023407286191	0.38390488329388506
0.30443372148877434	0.21335807766573706	0.4822082008454887
0.33954955093129485	0.09181680156462724	0.568633647504078
0.5716512031974985	0.2558064528771322	0.17254234392536938
0.3348839756850229	0.31727912455662677	0.3478368997583504
0.5181630367232999	0.24655525093969918	0.23528171233700096
0.044331494324131304	0.7753577020561233	0.18031080361974558
0.04075082765310578	0.5107079632541145	0.4485412090927799
0.33209128552573874	0.4042792895689141	0.26362942490534724
0.4477528302259265	0.2857109846856325	0.2665361850884411
0.5136340429341049	0.15814166831195597	0.3282242887539393
0.07198680904807164	0.4845581672523358	0.44345502369959267
0.7564578377715747	0.09829420076112977	0.14524796146729557
0.3609668025677756	0.34460501228439255	0.294428185147832
0.20105326069735185	0.2354827755749959	0.5634639637276524
0.5480741813206969	0.2903499977678672	0.16157582091143605
0.38911615178657505	0.3707424806690609	0.24014136754436416
0.34512147211763966	0.3918587928550836	0.2630197350272768
0.1958370272342198	0.6049698844933149	0.19919308827246535
0.26603152611176706	0.49580848499072283	0.23815998889751017
0.2932266127503524	0.2214205191570569	0.4853528680925908
0.15963133079189093	0.7137353017008408	0.12663336750726845
0.17868389840267676	0.4367866515393466	0.3845294500579768
0.5202670921142621	0.28026530892914214	0.19946759895659585
0.3132926468017821	0.5014473642145659	0.18525998898365212
0.09906161666468577	0.7065702167462753	0.19436816658903913
0.5122605039887778	0.21934647131432994	0.2683930246968923
0.18420076229118973	0.2784985577152354	0.537300679993575
0.07064566968826552	0.7949904159907384	0.13436391432099618
0.05433355310213489	0.41932194886500584	0.5263444980328593
0.3043083379048933	0.2786976870572435	0.41699397503786334
0.11213431659377046	0.4099936219010281	0.47787206150520156
0.35477085768546773	0.44432942145180615	0.20089972086272623
0.22452330306035434	0.5069146820680313	0.26856201487161446
0.3807334367812243	0.12046649815304417	0.4988000650657316
0.45547607194483586	0.37992617588613486	0.1645977521690294
0.6363067816323065	0.1398933926034214	0.2237998257642723
0.3740286294086074	0.24326270153529317	0.38270866905609946
0.2422497776703317	0.6231519117907958	0.13459831053887272
0.6744392011463882	0.10327230506156845	0.2222884937920434
0.5363647380100635	0.22023434563087826	0.24340091635905836
0.3743383789463928	0.3409510655397356	0.2847105555138717
0.2031968708824497	0.6002111120709808	0.19659201704656964
0.5855619713515641	0.3028301420005231	0.11160788664791285
0.32500061508544664	0.2519065517303472	0.4230928331842062
0.038765826330181274	0.8280776277106331	0.13315654595918575
0.5986150118313693	0.28724839333236407	0.11413659483626673
0.6854956419459203	0.14123554525866064	0.17326881279541922
0.5036935812711453	0.22935084658228608	0.26695557214656873
0.22587911072076816	0.306492506609139	0.467628382670093
0.3907575010454478	0.4350570941228133	0.17418540483173897
0.362948302034131	0.5056396276654251	0.13141207030044402
0.2380808024735724	0.2297792311201538	0.5321399664062739
0.11374984772464394	0.6756736103248806	0.21057654195047562
0.29552151731338033	0.1757706632371598	0.52870781944946
0.4462074386147603	0.31718290608569455	0.23660965529954522
0.6409385023573391	0.1711948603012834	0.1878666373413776
0.41600760998419783	0.17541913350360186	0.40857325651220044
0.03835049225698284	0.790715818256575	0.17093368948644228
0.2028915150153739	0.6896382060645333	0.10747027892009292
0.6143410374853614	0.06678588639278743	0.3188730761218513
0.17927919437255027	0.5058889606037408	0.3148318450237091
0.17320161768687378	0.25960920547358723	0.5671891768395391
0.09964249363108274	0.5621046063590917	0.33825290000982566
0.14955020023640117	0.5022994101167124	0.34815038964688655
0.40710246362622926	0.10926323548537217	0.48363430088839865
0.1739438044281411	0.4551423304457238	0.3709138651261352
0.27172224507294074	0.427785121378394	0.30049263354866534
0.3018945693077675	0.4809228256944543	0.21718260499777836
0.49927529903345125	0.3940244326376794	0.10670026832886947
0.057305242732248574	0.8331358893748391	0.10955886789291236
0.5211113943360528	0.29869423492014585	0.1801943707438014
0.16437750127310483	0.5213882656105178	0.31423423311637755
0.5034831657018355	0.26791919490992455	0.22859763938824007
0.5634354172638338	0.06499577191223949	0.3715688108239267
0.5770697504272944	0.27521512105868295	0.14771512851402283
0.4849379313737445	0.2914275004803734	0.2236345681458822
0.10400381434913544	0.5991675933805791	0.2968285922702856
0.045795362567098485	0.7269673704828652	0.2272372669500364
0.09771117889432909	0.6251631394689542	0.27712568163671686
0.24394793974990647	0.5699391649691002	0.18611289528099345
0.6090469888043629	0.0724443406077297	0.31850867058790744
0.16054435306976161	0.464406252139939	0.3750493947902995
0.1640943841478956	0.3727839647816615	0.463121651070443
0.33672467168961123	0.28836086714810716	0.37491446116228166
0.5938817417913598	0.25981470620525937	0.1463035520033809
0.6257656735434807	0.07272643303219156	0.3015078934243279
0.6647247135389256	0.1722021996829371	0.16307308677813742
0.5559789568154393	0.3276946001245787	0.1163264430599821
0.12055490850706208	0.5379216721098856	0.3415234193830524
0.5658641083599394	0.3125870861129582	0.12154880552710254
0.21833447393428518	0.4575020612372615	0.32416346482845343
0.06369880961414809	0.4933117245098443	0.44298946587600774
0.1703825429534025	0.6737153072189472	0.15590214982765044
0.18737854712974206	0.4186907910213924	0.3939306618488657
0.04826176799943971	0.5900111879564882	0.3617270440440722
0.35842613089458325	0.2400395774083309	0.401534291697086
0.4929214966713239	0.23799100627604267	0.2690874970526335
0.5824835488026077	0.25649087705658086	0.1610255741408115
0.37578822035682136	0.06920001506915635	0.5550117645740225
0.5817141702509374	0.2565296746265186	0.16175615512254415
0.5021329826332779	0.2273401381317323	0.2705268792349899
0.27919422850077574	0.5415999785156176	0.1792057929836068
0.1235238099674853	0.49264766558768547	0.38382852444482934
0.39577016688080213	0.1800339336234782	0.4241958994957198
0.29515379267583797	0.4266677752577678	0.27817843206639437
0.6636538112332808	0.10405916817322625	0.23228702059349302
0.2526655455805335	0.3457388219899047	0.4015956324295619
0.10546043135115102	0.6953760477107389	0.19916352093811018
0.4518543277744843	0.08471883247600451	0.4634268397495113
0.09274520585770463	0.5392971974565811	0.3679575966857144
0.18292716453870256	0.31731696533573484	0.4997558701255628
0.3488582679007313	0.31382382875492476	0.33731790334434403
0.28365879420524553	0.6051398545383524	0.11120135125640213
0.7287167278553741	0.15644204253420502	0.11484122961042101
0.06630347608101811	0.6539108504726552	0.27978567344632677
0.06495298147996914	0.635312598863394	0.299734419656637
0.28457143107718297	0.5073122318214702	0.20811633710134692
0.36252925075243353	0.22186080179908707	0.4156099474484795
0.07379309983733878	0.7787850160266498	0.14742188413601154
0.0886798583259355	0.727283243540763	0.1840368981333015
0.20727660492153183	0.5982884960963266	0.19443489898214167
0.15613708152510342	0.29192821647669576	0.5519347019982009
0.4966237312277847	0.14572552338068473	0.35765074539153063
0.5452930923048163	0.27601410017658645	0.17869280751859742
0.4208561532411873	0.3647673191939906	0.21437652756482217
0.6240410969382331	0.17886623231213378	0.19709267074963321
0.32970724636203935	0.4937093577293364	0.17658339590862435
0.6672516777115379	0.08625253381501333	0.24649578847344888
0.3061700377625461	0.28647147077647755	0.40735849146097647
0.24197485095829704	0.5292222888955178	0.22880286014618523
0.4369164338796936	0.09885040723518643	0.46423315888512007
0.13089106348943322	0.6725242835407099	0.19658465296985703
0.4689851542547245	0.14467030419678292	0.38634454154849274
0.232462807005313	0.19938063502312875	0.5681565579715584
0.1530982975244572	0.687962141803685	0.15893956067185794
0.3615339890413961	0.27430275754526234	0.36416325341334166
0.43709851837411257	0.33084362953577856	0.23205785209010898
0.21485055710130763	0.4915206708291211	0.2936287720695714
0.2663407171874811	0.5301360277579046	0.20352325505461433
0.6561702355763679	0.1986090849382075	0.14522067948542472
0.16231286616651067	0.7232030486557934	0.11448408517769601
0.21114800777651854	0.27675639595710294	0.5120955962663787
0.6127850667562251	0.07236719760034543	0.31484773564342955
0.07715261551946301	0.5096514210669688	0.41319596341356835
0.3350026195788699	0.40907653685660716	0.25592084356452305
0.049071083441230734	0.5068647966717753	0.44406411988699407
0.0351067275921495	0.573112351193204	0.3917809212146466
0.35676143485668865	0.21409913534022226	0.42913942980308917
0.04170854910966493	0.5346495198287223	0.4236419310616129
0.11756508188062337	0.4152343106629546	0.46720060745642217
0.5695504756208547	0.07700147904088517	0.35344804533826024
0.4147973098592407	0.43798434659493124	0.1472183435458282
0.7249635283008231	0.10148025130171762	0.17355622039745933
0.39359424789405256	0.3937402014999036	0.21266555060604397
0.6924935599952237	0.09953926399327342	0.20796717601150305
0.4926034909356217	0.3754323949709722	0.13196411409340617
0.33303876006145083	0.21466154625306066	0.4522996936854886
0.047197311874959624	0.5902320301022754	0.3625706580227651
0.2471184288931968	0.4708602156454006	0.2820213554614027
0.6612609535895493	0.08399710093845161	0.25474194547199913
0.2797119522308869	0.5612606702821038	0.15902737748700943
0.1537456545662559	0.30423724903804844	0.5420170963956958
0.4434195479967242	0.20138642376284113	0.3551940282404348
0.4482386602781522	0.30881497426883386	0.24294636545301407
0.2581305391971162	0.5814082000122205	0.16046126079066336
0.38151304582293116	0.12108140654815189	0.4974055476289171
0.1389164087962601	0.38641916416083816	0.47466442704290185
0.44323952555169593	0.2679035571773831	0.28885691727092105
0.33127077110744607	0.4999349981425881	0.16879423074996583
0.5226622507822005	0.23314688025204008	0.24419086896575956
0.35104675503554594	0.18176951325648313	0.46718373170797106
0.05904786373701215	0.7848828143260902	0.15606932193689774
0.05375603857946942	0.6319438155245056	0.3143001458960251
0.2123225266937237	0.6026996924393381	0.18497778086693836
0.1973905641210426	0.683061570830622	0.11954786504833542
0.20020420635850994	0.46260536460302504	0.33719042903846513
0.5884423285046333	0.1187343053595887	0.2928233661357781
0.38566864325000333	0.44942229931684535	0.16490905743315143
0.19712362881529558	0.528785683110025	0.27409068807467946
0.27182409609851815	0.5425769555578093	0.18559894834367263
0.36273899730203535	0.4906395770233436	0.14662142567462114
0.6851358102702139	0.08293782057570193	0.23192636915408424
0.353727192186928	0.4405468986057552	0.20572590920731693
0.21857330572206982	0.41008479297391254	0.3713419013040178
0.5119083758023188	0.12152606215504028	0.366565562042641
0.2039073205532579	0.6868896377712012	0.10920304167554107
0.5327219300231787	0.12354000679177307	0.3437380631850484
0.13413578622148153	0.6630474624464047	0.20281675133211385
0.24643749078099442	0.4237929885867	0.32976952063230575
0.24919296486196463	0.29414766013404964	0.45665937500398585
0.09906272731067967	0.381333156084777	0.5196041166045434
0.3586171095304539	0.08152206079362695	0.5598608296759193
0.33830113612875573	0.31169295821355336	0.35000590565769096
0.12002820181305474	0.6556235816462465	0.22434821654069892
0.4116933248893816	0.10537703320574937	0.48292964190486914
0.19465541808741674	0.31305457535405695	0.4922900065585264
0.29303998799239567	0.33294374502369806	0.3740162669839064
0.19876650073863164	0.2804586332703038	0.5207748659910647
0.21236087628193523	0.25245142383789787	0.535187699880167
0.25214099131656476	0.24028424001037796	0.5075747686730574
0.209806819955395	0.49494652371879433	0.2952466563258108
0.4074073508650755	0.48741703058204217	0.1051756185528824
0.7138485534900546	0.15714354676122344	0.12900789974872204
0.5536599137101725	0.127150178176687	0.3191899081131406
0.20934018719813496	0.47769302413141523	0.3129667886704499
0.22641049190414586	0.32963462076464045	0.4439548873312138
0.46829388731987176	0.42118375145624193	0.11052236122388642
0.49990158010842595	0.1231595238062721	0.37693889608530207
0.07407885125348324	0.4644571829443021	0.46146396580221477
0.04424607254795243	0.5714656697882669	0.38428825766378083
0.3374585267392371	0.09253801979383211	0.5700034534669309
0.3048332835442489	0.5305195307391453	0.16464718571660597
0.6257331973012168	0.08107567663362453	0.29319112606515885
0.22627822251031285	0.21910911593487653	0.5546126615548108
0.04063367016027053	0.7330987661624235	0.22626756367730608
0.2911233614983237	0.44860138245860814	0.26027525604306834
0.6731017361778937	0.1843272990189656	0.1425709648031408
0.052704247171856566	0.6538053929003435	0.29349035992780015
0.5204967421475325	0.10646837287300706	0.3730348849794606
0.06244708608383798	0.4857753414900135	0.4517775724261486
0.5468320642515369	0.2754449988760068	0.17772293687245647
0.08557352045423036	0.6109258289611731	0.3035006505845967
0.14796503875544026	0.4487499893262077	0.40328497191835216
0.28075516650475085	0.3834016208598602	0.3358432126353891
0.3338060850191025	0.3510846480364038	0.31510926694449376
0.2406997823088717	0.28569070882459735	0.4736095088665311
0.1624286817831902	0.43142712599733174	0.4061441922194782
0.0960653033221292	0.5483865843707789	0.35554811230709205
0.274986322965288	0.3285429395350426	0.3964707374996695
0.1661227165382811	0.43844871088232445	0.3954285725793946
0.47142484588986666	0.30809635421755155	0.22047879989258187
0.07002276223409037	0.5710919030162809	0.3588853347496288
0.269074243778139	0.4341050739024128	0.2968206823194483
0.5146570739815756	0.18107897970458603	0.3042639463138385
0.6389962451239696	0.14843835429745822	0.21256540057857226
0.5355187486174098	0.30129672117948153	0.16318453020310889
0.0830767665800522	0.6249104354568441	0.29201279796310387
0.33764334685610004	0.5388233006412739	0.12353335250262615
0.5365845134275428	0.308889545464979	0.1545259411074784
0.38846210797832703	0.10408328142606665	0.5074546105956065
0.4284648949997589	0.20104104376588058	0.37049406123436057
0.30152586876672566	0.16874434837262764	0.5297297828606469
0.0382710909399826	0.8232091181054042	0.1385197909546133
0.30192974304205483	0.2176567601242325	0.4804134968337128
0.6052371079096828	0.2957568204165033	0.09900607167381406
0.2858482998783293	0.2643668740485214	0.4497848260731494
0.5215296619934815	0.1859136587208171	0.2925566792857015
0.2678008550943376	0.4813435581480085	0.250855586757654
0.5246470291422652	0.1176757719535449	0.35767719890419
0.5664526054888115	0.21377254938480195	0.21977484512638665
0.40475351523207187	0.0915722912826358	0.5036741934852924
0.054230636465271265	0.7927077395976323	0.1530616239370966
0.04839558766160007	0.6938676792375252	0.2577367331008748
0.1792536971756083	0.37630803296584375	0.44443826985854806
0.5256511528056125	0.34486108544410826	0.12948776175027937
0.15515146640173433	0.5954991074855338	0.24934942611273198
0.43114045047652394	0.2597112707388973	0.30914827878457884
0.39093957342228236	0.46259963776782337	0.14646078880989444
0.4585932101096832	0.11163905744132924	0.4297677324489877
0.3454120897846903	0.3830848746400235	0.27150303557528627
0.42214133498457723	0.17882814656789114	0.39903051844753173
0.3706610826635092	0.31986874254155284	0.309470174794938
0.3707689030192586	0.38599093045500643	0.24324016652573505
0.5224999409049953	0.16868522868565788	0.3088148304093468
0.19175078044563776	0.274324988237158	0.5339242313172043
0.6955238260973216	0.1269466177244037	0.17752955617827484
0.08047052810998223	0.3811310619744826	0.5383984099155352
0.33901893460558624	0.36150933145514025	0.2994717339392736
0.609389838335777	0.18294026309824254	0.20766989856598048
0.2964858063783429	0.4716902562930707	0.23182393732858653
0.5224602195991586	0.2522990437397954	0.22524073666104621
0.32709827178039214	0.5325324269820659	0.14036930123754207
0.16245645095933808	0.4258950985424479	0.41164845049821414
0.27326811019066016	0.3733309971810872	0.3534008926282528
0.740640957926963	0.1471382702252635	0.11222077184777354
0.3616437303464576	0.3845770454042571	0.2537792242492855
0.0843552795702564	0.7044053532614618	0.2112393671682819
0.5322344231122088	0.32445293802549946	0.14331263886229184
0.4407049152305628	0.45616251823210063	0.10313256653733666
0.5695963255894678	0.29159142883339084	0.13881224557714147
0.3831445755611577	0.4056230492433668	0.2112323751954756
0.1957104748172792	0.672991339387174	0.13129818579554686
0.03548245569335817	0.6328154391244305	0.33170210518221144
0.25186120723724803	0.2340450144556762	0.5140937783070759
0.5722545705505329	0.15568473942613864	0.2720606900233286
0.5894193037300719	0.27061963585767307	0.13996106041225512
0.10540344235485147	0.6211104770430046	0.2734860806021441
0.14808424322989133	0.4598645210782885	0.39205123569182027
0.26289910172656694	0.6103915757604685	0.12670932251296468
0.14864224822758348	0.3876124041311659	0.46374534764125075
0.13543053156975282	0.679706480028291	0.18486298840195622
0.09834256914152878	0.5473622229009666	0.35429520795750474
0.45847926570887293	0.3178687002276397	0.2236520340634875
0.21571504683660614	0.5320016975710041	0.2522832555923899
0.21878507733628194	0.3648754416636278	0.4163394810000904
0.3532047755698625	0.32546321674578976	0.32133200768434783
0.48431478920390136	0.3736230788505474	0.1420621319455513
0.6666092754594489	0.1600679203325402	0.173322804208011
0.1837650705470048	0.37981428513073867	0.43642064432225663
0.19775266823103732	0.3115593906734465	0.4906879410955163
0.3550392077021092	0.4298297511972049	0.21513104110068595
0.3846623409764654	0.15496897466771037	0.46036868435582434
0.10109253403517868	0.5431415962521599	0.3557658697126616
0.39495635776171834	0.2596265603521522	0.3454170818861296
0.4110407450603074	0.4573501824298133	0.13160907250987935
0.6870705946493612	0.16828301190439096	0.14464639344624797
0.032425732986697264	0.4968335698574197	0.4707406971558831
0.4195612649238081	0.34111205307407405	0.239326682002118
0.2692392385103944	0.3302045950667849	0.4005561664228208
0.5494182852882119	0.07883400753365166	0.37174770717813654
0.21155118774648796	0.27464965325091717	0.513799159002595
0.31825463415262845	0.26677068591852215	0.4149746799288495
0.1889945095583167	0.3976106143470403	0.4133948760946431
0.512676885400083	0.25052068249990367	0.2368024321000134
0.20788602610997223	0.41267885878025473	0.3794351151097732
0.6095285767792317	0.1466470511165533	0.2438243721042151
0.3650988410394973	0.16458012362441582	0.470321035336087
0.2924686198286288	0.5042394007917741	0.20329197937959723
0.20588770452968033	0.6925501030599538	0.10156219241036599
0.2284879266844896	0.43863218119985126	0.33287989211565927
0.13814747373644903	0.42429942347127086	0.4375531027922802
0.2720576893435783	0.4041687689958128	0.323773541660609
0.5547508237049166	0.3211188954554632	0.12413028083962035
0.13170945475562015	0.5451592539925622	0.32313129125181783
0.17684946964584422	0.2610020687848151	0.5621484615693408
0.34177784539592665	0.38457883256277625	0.2736433220412972
0.03951441081466073	0.8323696448922655	0.12811594429307388
0.2095759574217058	0.6658732478613414	0.12455079471695299
0.12910604908062617	0.34613935647053545	0.5247545944488385
0.3584460395333833	0.46220898709804026	0.17934497336857658
0.5573869434309964	0.13847680172536245	0.30413625484364126
0.6089775173597494	0.18917270868744612	0.2018497739528046
0.03770372029685887	0.7923906972788992	0.169905582424242
0.03908499381424785	0.7895328604977105	0.1713821456880416
0.2528162890515093	0.6251995510421311	0.12198415990635977
0.1594888403764021	0.3833335045081002	0.45717765511549785
0.15981761893455793	0.6009198815276628	0.23926249953777945
0.6397728570172481	0.2539721325235888	0.1062550104591633
0.3617901802659752	0.4256941241661206	0.21251569556790428
0.2057196442915804	0.27913362049897106	0.5151467352094486
0.10970734123230658	0.5116308229938005	0.378661835773893
0.6194702203356734	0.2305854655291974	0.1499443141351292
0.5827564059279357	0.31333590176971204	0.10390769230235244
0.18434924309454095	0.63635679590421	0.17929396100124909
0.33881480804531044	0.2478976487134324	0.41328754324125727
0.3577226858508571	0.09395467337808064	0.5483226407710624
0.23393251383092656	0.2801756425995103	0.4858918435695633
0.20190225846126147	0.26129073777340955	0.5368070037653291
0.19060664275259986	0.4746434144133085	0.33474994283409176
0.3579917622437096	0.2870576827444835	0.354950555011807
0.3189182825976725	0.5525237700925553	0.1285579473097724
0.33132268591789305	0.4934626449135043	0.1752146691686028
0.6103907511586931	0.24116160501354397	0.148447643827763
0.27231778596003203	0.3732864583509433	0.3543957556890247
0.40574167816843465	0.14838034947449988	0.44587797235706556
0.19042441354125392	0.6599960905097639	0.14957949594898237
0.3395247333898524	0.37310339963739225	0.2873718669727554
0.04835208981060268	0.844517277274962	0.10713063291443548
0.06230668149436769	0.6786456302628764	0.25904768824275604
0.10727484921538022	0.4149284448717303	0.4777967059128896
0.3681812974395061	0.45922554569826834	0.17259315686222568
0.1898928438361709	0.45900635703144577	0.3511007991323834
0.11307401296964609	0.7815457617017266	0.10538022532862742
0.49843166559114027	0.1684296014289687	0.3331387329798911
0.44612743951720313	0.14938404255851	0.40448851792428697
0.5782821512937356	0.25505269611529463	0.1666651525909698
0.33992548420864543	0.27399088688574597	0.38608362890560877
0.366136491772843	0.43826257374024147	0.19560093448691562
0.34605092474307114	0.5302335270336513	0.12371554822327757
0.7564171581361092	0.08410836592441343	0.15947447593947756
0.13013839383263803	0.5584115972035599	0.31145000896380215
0.19125959766610107	0.6958857124617264	0.11285468987217268
0.3402522385057945	0.25684484678586955	0.40290291470833606
0.14176991230284341	0.43798784680901726	0.42024224088813944
0.7255942808859869	0.09078020380684937	0.18362551530716378
0.20661222723836048	0.424592764764627	0.36879500799701265
0.1467765064361285	0.35845888517110935	0.49476460839276226
0.1040496089500802	0.40301923252712024	0.4929311585227997
0.5110951242777363	0.10675832140048758	0.38214655432177624
0.10342240643426359	0.787527125700267	0.10905046786546951
0.39759301195030056	0.42450845018228334	0.1778985378674162
0.1993983358702764	0.31196292608625287	0.4886387380434709
0.6862811089935261	0.2174861295167155	0.09623276148975848
0.3574065231848493	0.2219937185233186	0.42059975829183227
0.257574425791977	0.5586780864557759	0.1837474877522472
0.26711815536263384	0.17498959631966654	0.5578922483176998
0.23025898987801519	0.5042450679927029	0.2654959421292821
0.47967253355486283	0.2692301765188666	0.2510972899262707
0.20881548644308306	0.3699845644017685	0.4211999491551486
0.4516834310959208	0.38411041784873473	0.16420615105534456
0.5197816562829995	0.33544249141020016	0.14477585230680043
0.07302481720331921	0.7316157386259319	0.19535944417074905
0.4202598154535476	0.45557276747090714	0.12416741707554535
0.14573950370392227	0.41584603996466113	0.43841445633141674
0.5686732021847282	0.32783871643325857	0.10348808138201337
0.40875507692519675	0.42575639735983867	0.16548852571496464
0.5002336549006388	0.2998693578653191	0.19989698723404223
0.6229234470275644	0.2648926622062101	0.11218389076622554
0.12572568630353176	0.7736021816363845	0.10067213206008391
0.3187429169161566	0.558647067755897	0.12261001532794652
0.335815293709539	0.18491734629306705	0.47926735999739406
0.5425182141991094	0.2510619729838439	0.20641981281704683
0.05736330679799956	0.47462987769969334	0.46800681550230716
0.11481991932498009	0.37358180157982807	0.5115982790951921
0.2650479558499787	0.17152581014691837	0.5634262340031031
0.09436467772381135	0.5877727397021132	0.3178625825740756
0.4821945167195438	0.39286062208280925	0.12494486119764711
0.1554326506536139	0.7232517048669128	0.12131564447947343
0.3052803249459136	0.22744574303888548	0.467273932015201
0.3364133441480513	0.29670563415405593	0.36688102169789294
0.1485381594472418	0.5459357195569	0.30552612099585824
0.36216636456800455	0.5113980448855326	0.126435590546463
0.14322704668397013	0.4222878397462089	0.43448511356982106
0.33296978733868493	0.10432962915737182	0.5627005835039434
0.10352439248466194	0.6985045746669842	0.19797103284835404
0.7317404911046951	0.15297502062255644	0.11528448827274859
0.6119402958154788	0.11873589026807568	0.2693238139164456
0.42619146829015997	0.12002278842607983	0.4537857432837603
0.3686176113489823	0.25320650598568284	0.378175882665335
0.1064423775771649	0.6100696077171397	0.28348801470569546
0.04593084750565346	0.445442033720745	0.5086271187736018
0.28405792042002165	0.20964378553476765	0.5062982940452108
0.3535992850040612	0.4135312289668269	0.23286948602911198
0.1594447765082301	0.7027460424250556	0.13780918106671453
0.29838966937786	0.6015731081989809	0.10003722242315921
0.21662283700026352	0.5943953205434835	0.1889818424562531
0.06809668461526341	0.624826663922225	0.30707665146251173
0.6864922030125785	0.21120098084530492	0.10230681614211667
0.5974173393795528	0.24158212261830292	0.16100053800214434
0.43917375270051784	0.09496362699681304	0.46586262030266923
0.3516441620510211	0.11194225208462788	0.5364135858643511
0.5662870480323532	0.1368844721753431	0.29682847979230387
0.04874743165434858	0.6203528621555074	0.33089970619014414
0.3661513727232607	0.5143127547905533	0.1195358724861861
0.5556109237229166	0.20083642001309865	0.2435526562639848
0.5507924956620757	0.2328972348358351	0.2163102695020893
0.09893493919031415	0.4555913274760335	0.4454737333336525
0.17103462075248652	0.6415623524886804	0.18740302675883314
0.3124649967516542	0.2721181505624184	0.41541685268592754
0.16978147708267266	0.28985852699691905	0.5403599959204084
0.37128852012801966	0.23141930504592162	0.39729217482605883
0.10586074298171871	0.48495860954707765	0.40918064747120375
0.1797796569784584	0.6497996925623675	0.17042065045917423
0.5327224771361988	0.24409257357010372	0.2231849492936976
0.5376910657900646	0.12437404344855699	0.33793489076137856
0.1406504711190268	0.4024500553539736	0.4568994735269998
0.19760831806291473	0.6644982005802715	0.13789348135681387
0.22865722099559452	0.5788270985288327	0.19251568047557288
0.17495914713699204	0.32043662368679365	0.5046042291762144
0.4295629135789185	0.44795446503443065	0.122482621386651
0.12289564671485873	0.6154804139225494	0.26162393936259204
0.1266806110871294	0.5965479822919992	0.27677140662087146
0.31929208483064264	0.5175527526793922	0.1631551624899653
0.5099612991936608	0.09336443464274646	0.3966742661635928
0.2409914382867976	0.21391584639765995	0.5450927153155426
0.39526699867125603	0.2593139122466069	0.3454190890821372
0.5719522991043138	0.1937043086968873	0.23434339219879907
0.40674820276872353	0.1940187843354169	0.39923301289585966
0.38616382452052034	0.0678035111750126	0.5460326643044672
0.418436926774549	0.18602012959832911	0.395542943627122
0.5104962495978046	0.36698419648850195	0.12251955391369357
0.168796764298221	0.574780218860937	0.2564230168408422
