0.2290983063526903	0.0780588205905457	0.3129310239651105	0.14635043952822246	0.23356140956343074
0.23434110665959593	0.07684974107178848	0.31382989143287804	0.14475309216222934	0.23022616867350804
0.23524027761568572	0.08151823259193652	0.30908201128067075	0.14386145667478495	0.23029802183692177
0.23403504484349252	0.07786665470933675	0.31184274811208235	0.14646829545210277	0.22978725688298535
0.23057087753435082	0.08325609252963707	0.3062678640220113	0.150392017867963	0.2295131480460376
0.23035206462256164	0.07575919107401777	0.3148576737628631	0.1486979701221718	0.23033310041838542
0.23870795129922298	0.0806127095347865	0.3069633514114131	0.14142066591234856	0.23229532184222856
0.23458973045056666	0.07253670900135675	0.30983428334382845	0.15349842919042372	0.22954084801382416
0.24181173928878918	0.0753460828241546	0.3099823346612767	0.13944900205824648	0.23341084116753275
0.23840957784490263	0.07225436949592362	0.3136234803094219	0.14395637661813804	0.23175619573161352
0.2294842709478913	0.08276639030244692	0.3070439407423162	0.15342407523489537	0.22728132277244992
0.23095936181068155	0.07300613664367778	0.31585448832360197	0.15032059818482962	0.22985941503720883
0.22809663651970288	0.082272281873753	0.3114497889704327	0.1475126513643621	0.23066864127174908
0.23238176409590425	0.07671340884349069	0.3168340681239076	0.14601474696201627	0.22805601197468095
0.24218190850034954	0.07376612043611519	0.3125270597001229	0.14424255119616336	0.2272823601672488
0.23081100684845893	0.08055196893354212	0.30902467650461024	0.14416411183878186	0.23544823587460662
0.2301345325411325	0.08254917149184952	0.3049589810502367	0.14715982740580358	0.2351974875109774
0.23895671184795603	0.08346886401194126	0.3047657298098471	0.14074491004583134	0.23206378428442404
0.22982059615039763	0.07815562785881243	0.3066676839690986	0.15385181037161316	0.23150428165007791
0.2332414108504658	0.08103173563870128	0.31052316522791734	0.1462692423905706	0.22893444589234474
0.2349828288640086	0.0811886612231751	0.3078451548759453	0.14108760789452449	0.23489574714234623
0.2332920898443757	0.08341411981974366	0.3112711256237598	0.1403171471888591	0.23170551752326152
0.2351748293737633	0.07959170670549064	0.3156046928795758	0.13964380478112426	0.22998496626004578
0.23134518097206658	0.07353509187596019	0.318029872959157	0.14743514853490397	0.22965470565791196
0.23525318953813362	0.07454636694973374	0.3169009096611124	0.142476305764411	0.23082322808660902
0.237103095327928	0.07650876309582127	0.3129710913318639	0.14113785667197332	0.23227919357241322
0.24062849043921386	0.07468182944953955	0.3094012402906581	0.147973495211808	0.22731494460878027
0.22995934106568214	0.07839984218391988	0.3163115615113908	0.14081481388449346	0.23451444135451352
0.2387572570415172	0.07461838671992382	0.3119310715170655	0.14165044020914797	0.23304284451234525
0.23527818580794999	0.0753936273526181	0.30914734127182436	0.15198734759888882	0.22819349796871846
0.23555953255169748	0.07861308046241042	0.31417382643219416	0.14434429419848832	0.22730926635520943
0.23856389858577876	0.07634394983090617	0.31216415571044903	0.14102775499206383	0.23190024088080197
0.23089900793212315	0.07599480193439433	0.30787010473110216	0.1511715864365445	0.23406449896583564
0.23112590986290954	0.07751311845333829	0.3161470917705829	0.1437877996732231	0.23142608023994587
0.23269269906991244	0.0793358541169797	0.30783779862029537	0.15064436332586945	0.22948928486694287
0.229567778847018	0.07929750952994707	0.3155890964437233	0.14625769096435753	0.22928792421495384
0.2349746059656208	0.07777522058083036	0.31172150696654566	0.14646883229981938	0.22905983418718356
0.22847567547322076	0.07918396332161666	0.3123906837911267	0.14824862201898864	0.23170105539504698
0.23239925261430225	0.08040429846127461	0.3103078780073355	0.14961868633580888	0.2272698845812785
0.2383044276109889	0.07329049131864715	0.3095476705304795	0.1444942852229446	0.2343631253169396
0.23400830526509483	0.07801103744507902	0.31586081784865366	0.1431894909423509	0.22893034849882135
0.23225280586786043	0.07799650300005107	0.3165725175507119	0.1453493347465786	0.22782883883479776
0.23335414613731084	0.07336361706731995	0.31578070398962965	0.14630603445351037	0.2311954983522289
0.22967186619104862	0.0774115506444283	0.30761627372578826	0.15364835917138914	0.2316519502673454
0.234341807729895	0.076969442330703	0.3073683959583139	0.1536129071137394	0.2277074468673485
0.22968311531713936	0.08133901172057381	0.313327075436911	0.14557078136849186	0.23008001615688367
0.23875166802061698	0.07728027865939167	0.3137199435782717	0.1412636887761507	0.22898442096556865
0.23099273628360106	0.08181966796006118	0.3053861271898246	0.15086579478232723	0.2309356737841857
0.23680649519063843	0.08101836147301754	0.30785674557097614	0.14038943139285762	0.23392896637251004
0.23212557711193196	0.07967355290128436	0.3152902334319958	0.13971993749185269	0.233190699062935
0.24019205366532784	0.0779645368696946	0.3042546702770096	0.14833199198765745	0.22925674720031025
0.23290067692670285	0.07619546323791948	0.3145592547069813	0.14817813640368177	0.22816646872471438
0.23577777491047552	0.08165203963345882	0.3040716516158417	0.14592549982148753	0.23257303401873614
0.23004634626550222	0.08038175010711492	0.3131340269150954	0.14355132988806063	0.2328865468242266
0.22961450839301156	0.07251286593496076	0.3152239470787397	0.14961647199849906	0.2330322065947887
0.23370391425655349	0.07387348497065105	0.313382347681295	0.1496921897491349	0.2293480633423653
0.23898770278093345	0.0726624511415434	0.31730601657156415	0.13951756773997506	0.23152626176598365
0.23617666909506566	0.07564900279895433	0.30433029965975084	0.15325312046411435	0.2305909079821146
0.2312897358656511	0.07881580997454982	0.3113882650316084	0.1512208407701694	0.22728534835802103
0.23874316118374234	0.07762817932965228	0.30874335298371636	0.14721071447451273	0.2276745920283761
0.24201215019285482	0.07933197160052746	0.3079891944512454	0.14051541282408597	0.2301512709312861
0.2330022468800971	0.07523236496636748	0.3149496806456852	0.14937058933209973	0.22744511817575025
0.23417455938646883	0.07997118506404408	0.30587828420470925	0.14562032255748186	0.23435564878729576
0.2307089218575355	0.07930869158045507	0.3126924686446316	0.1439512995998918	0.2333386183174857
0.23448308418890504	0.08232849629187952	0.3091345777252898	0.1442135925533557	0.2298402492405697
0.22990367866303268	0.0809332198361967	0.3140722360191788	0.14489803393376155	0.23019283154783005
0.23617171342295673	0.08352596257219155	0.3111586921987986	0.14068373598173342	0.2284598958243195
0.23508416891423858	0.08023041763008862	0.30434913842984446	0.14845199129780812	0.23188428372801995
0.23030333096371278	0.07933319088796884	0.3052109928976915	0.15217702989185558	0.2329754553587711
0.23678414192040495	0.07270845820037403	0.31009232964378974	0.14950855874220595	0.230906511493225
0.2373208298281573	0.07506552427218631	0.3041089543940832	0.1526896653890018	0.23081502611657118
0.2407598228004686	0.07489828129978018	0.3046936015032822	0.14998429453785325	0.22966399985861555
0.24041584330388707	0.07957951314706697	0.3059568758336648	0.1460085466977256	0.2280392210176553
0.23149070804040725	0.07594490444602933	0.3072784929657847	0.15217271498382356	0.23311317956395497
0.2382089615608076	0.07912034350287003	0.3048497991712472	0.1444725379627413	0.2333483578023336
0.24309162982176424	0.07637486622419089	0.3044530778204444	0.14236934368708637	0.23371108244651384
0.23612809201056587	0.08047151641965614	0.312167936591201	0.14202432390436895	0.22920813107420782
0.23171249567212635	0.07687865597885947	0.3095590654586248	0.14907175822762272	0.2327780246627664
0.23626700104884904	0.07650702853677295	0.31007395825972456	0.14835813742216947	0.22879387473248375
0.23143088383488003	0.08166866841525901	0.3137844966362909	0.14198453581441572	0.23113141529915412
0.2316329318345452	0.07442913838595969	0.30806934816127507	0.15058550047057534	0.23528308114764446
0.2318123114821083	0.08068267331453637	0.3126703236352187	0.14108373982936456	0.23375095173877186
0.2346043245583853	0.0813821162934571	0.31062600286428993	0.14002878884895043	0.233358767434917
0.23353171796357375	0.07330607899601141	0.31765486322742525	0.14426194334085843	0.23124539647213088
0.24262662900858747	0.08001416045412549	0.3058296842379408	0.14067007536190085	0.2308594509374451
0.23054763108806514	0.0835225097824474	0.3050795962417693	0.15138250063141898	0.229467762256299
0.23151527118561138	0.08225517014351137	0.30568951004549394	0.14799509671807884	0.2325449519073042
0.23271872146414224	0.0795394876172914	0.3059920441864627	0.14909223804450805	0.23265750868759535
0.2363622549997334	0.07925493744228077	0.30580894195367125	0.148263287789708	0.23031057781460632
0.23121833285823884	0.07251779028790675	0.3182453783180834	0.14575143766931442	0.23226706086645632
0.23506895180814047	0.08240539705391217	0.3079193688295445	0.14544156284935866	0.229164719459044
0.23340227332729577	0.08079813097006251	0.316110187955963	0.14157867868622087	0.22811072906045757
0.24298122452935825	0.07229177865212502	0.310397715299495	0.14321069006941184	0.23111859144960964
0.2389535087361052	0.0806963008244955	0.30744363028561017	0.14347232399089532	0.22943423616289357
0.2297549395993317	0.0792294515389428	0.31457548551962583	0.1479551805861793	0.22848494275592013
0.23058052486479896	0.07492527546975386	0.3137074274664725	0.14607957388357384	0.2347071983154006
0.24047482871804587	0.07389342120535047	0.3101437345958464	0.14235325095122633	0.23313476452953075
0.23026258583103498	0.08008781124086338	0.3111068235581422	0.1487973511486776	0.22974542822128163
0.22906901530634266	0.07684548246714754	0.31564984110862604	0.15057952119745782	0.2278561399204257
0.2291679629956132	0.07568507839410993	0.31435419337835124	0.15274563222574378	0.22804713300618157
0.23322936128491695	0.08068599866608703	0.30437248176002984	0.1538745502652188	0.2278376080237471
0.23320920240913856	0.077483321521658	0.30869668529628974	0.14752897911646232	0.23308181165645112
0.2413848477474011	0.07634475039357412	0.3120433348242688	0.13950020154354711	0.2307268654912086
0.24300786885040987	0.07399731639424456	0.3058135296653392	0.1433836656451487	0.23379761944485739
0.23711982768769915	0.07362204777765438	0.31597505592764585	0.14331906747660683	0.22996400113039356
0.23650047291741957	0.07588220370361878	0.30679460556802185	0.14548842551649446	0.23533429229444505
0.23291453308295948	0.07999150224317246	0.30670447576608517	0.14821754772937498	0.23217194117840767
0.22934184113589512	0.07653345783396552	0.3070978746494912	0.15376383843229377	0.23326298794835415
0.23414578381575094	0.078868646804887	0.3148917509630603	0.14246112271156636	0.22963269570473516
0.23773986507287703	0.07769508782609295	0.31106590339439494	0.14090141160656025	0.23259773210007456
0.23832941369611363	0.08068714312725012	0.3116704801260922	0.14087978793037392	0.22843317512016986
0.23269670101167245	0.08149674503620723	0.3070571941247342	0.14885485345596103	0.2298945063714249
0.23228476472226164	0.08321514093611106	0.31371478406072284	0.14155620684348857	0.22922910343741565
0.230609258771101	0.07724617035867073	0.31064519386916695	0.1518738568219013	0.22962552017915983
0.24134641863164064	0.07493434325312506	0.3094859644722617	0.1461769813108637	0.2280562923321087
0.23774024794008608	0.0754603546638285	0.3094761718976422	0.14716041158806087	0.23016281391038212
0.22915202429910367	0.07562045518548097	0.3157973099100454	0.1461130893508949	0.2333171212544748
0.22825225275690053	0.0766124574268469	0.31206160316182713	0.1510994499201529	0.23197423673427225
0.22831446385130416	0.07970784992481983	0.3089390922050969	0.15337978386643678	0.2296588101523421
0.23636022665716305	0.08022665311130439	0.3043501740878462	0.1453686091539645	0.23369433698972164
0.2345816866859225	0.07493063660643509	0.31298844632419875	0.14612151915267327	0.23137771123077014
0.22840012652661199	0.074964528023895	0.3150697357968697	0.1484285043356392	0.23313710531698387
0.23620062383032253	0.07670189640697302	0.3101807874172703	0.14565655680986506	0.2312601355355689
0.23992167495472816	0.07430524086962068	0.3092115808778523	0.14161380738007515	0.2349476959177235
0.23257643161618213	0.07686384559787474	0.3074654769576032	0.14936656991678357	0.2337276759115562
0.2395574257511153	0.07475841265532646	0.31149357639336883	0.1429886451053639	0.23120194009482523
0.2338075873672376	0.07471136178746599	0.3102215957447875	0.14656007794829018	0.23469937715221847
0.2290585089916701	0.08132766394602024	0.3167880132106502	0.14398645502013052	0.22883935883152867
0.23593631727882633	0.08343270085536225	0.30504885040667823	0.1461266610132685	0.2294554704458645
0.236307515418883	0.08244905634235652	0.30396171485518253	0.14492337867960625	0.23235833470397138
0.23029064230373583	0.07741460424251756	0.30426619388056353	0.15317159190412044	0.23485696766906242
0.2387039115424426	0.07481398702861605	0.31586000278353854	0.13944794966395418	0.2311741489814484
0.24318717505110796	0.07822086461272038	0.3091107256857834	0.14011144178512738	0.22936979286526063
0.23794368010523073	0.08081845148459929	0.30382535548003514	0.14649644915774232	0.2309160637723923
0.237717065459218	0.08264332054913986	0.3073750810453517	0.1398018968372768	0.23246263610901335
0.23383989619248605	0.07231916072368288	0.3123707084855112	0.1536350145735576	0.22783522002476206
0.23735571200456404	0.0755956742375346	0.3053098430977002	0.14866866176245475	0.23307010889774618
0.2429200628561412	0.07835777000046082	0.30815737223547013	0.14111348665615478	0.22945130825177285
0.23844296457209793	0.07427978444318109	0.30520581270017566	0.14657987429624045	0.23549156398830462
0.23001042541245575	0.0769817300885204	0.3177438034369061	0.14420365738941987	0.23106038367269754
0.2358746790116189	0.07887699189939715	0.3113776085356236	0.14223500397011946	0.2316357165832407
0.23182315541793372	0.0782646978159496	0.3096638732313417	0.14652670360822295	0.23372156992655177
0.23406960919708492	0.07472177112004758	0.30631187035984675	0.15222932096217673	0.23266742836084375
0.2367729702177072	0.08061259805001687	0.31046180155128456	0.14381197139595145	0.22834065878503967
0.2343862670487241	0.07329139472109095	0.3137460419157739	0.14834569881780113	0.23023059749660973
0.23336059001421086	0.08065627884629543	0.3130263388016039	0.13959468463234803	0.23336210770554155
0.23422300908755303	0.07786044014937249	0.3108703976887567	0.14603582620798622	0.23101032686633136
0.2345679737799425	0.08063110389003104	0.3153008174650524	0.14138815789098466	0.22811194697398918
0.23180679832295245	0.07255989379283542	0.3163913043998352	0.15034728734229352	0.22889471614208315
0.23801357556593056	0.07309972652908212	0.31202349405167107	0.1475441274902736	0.22931907636304244
0.22972596865260086	0.08168760941586745	0.30714778728017506	0.15180500157525592	0.22963363307610046
0.23134777141556312	0.08119748443116132	0.31403212618160237	0.14246767996171417	0.23095493800995884
0.23987505024642458	0.07386474775203838	0.3091925721279941	0.14882072000128796	0.2282469098722547
0.23998600832665348	0.079691461010349	0.30640589056003864	0.14022407747938354	0.23369256262357507
0.23377102391889948	0.0814838295629633	0.3144117222542225	0.1414219289708728	0.22891149529304172
0.23007437972771771	0.07657750167848437	0.31274077201326794	0.1516063766747117	0.22900096990581803
0.23575505963688806	0.07223758260396487	0.3088991189464749	0.15382375742128207	0.22928448139138985
0.23033435414900874	0.07927838293907957	0.309465901676225	0.14793959815804128	0.23298176307764512
0.23540308087049905	0.0731203065801696	0.31012157716761807	0.15201151422478212	0.2293435211569309
0.23520600273305073	0.08338569901521439	0.3104561162836059	0.1433118288914455	0.2276403530766832
0.23045123409838386	0.07601406181949244	0.31796479884009526	0.14134508864238815	0.23422481659964
0.23403766913409418	0.07804720437096795	0.31082107369288636	0.14697399935332175	0.23012005344872954
0.23044420901795912	0.07351909172399107	0.3163661492010538	0.14563420562193702	0.23403634443505875
0.22865574474766046	0.0766167425029812	0.31305904938748264	0.15085831378836062	0.2308101495735148
0.2409683688811438	0.07554493759389076	0.30568922428106743	0.15025601474446287	0.22754145449943491
0.23425567322577714	0.08259797193499956	0.3056298933277669	0.14861101464641838	0.22890544686503775
0.236414889028325	0.07814567061925459	0.30784368511247223	0.1501871170211685	0.22740863821877944
0.24299626297111604	0.07339722193314596	0.3120196352324657	0.14282573776485913	0.22876114209841292
0.23950442980833386	0.07757308657186326	0.3086239077923439	0.1422192990568598	0.23207927677059892
0.2289315935856796	0.07319423932554991	0.31485125125362423	0.14955291379036031	0.23347000204478568
0.230783193001327	0.07541793770548125	0.3170847591146398	0.14926120881308058	0.22745290136547114
0.2306799692087384	0.07674889458375803	0.3122031206406601	0.14542746449747493	0.23494055106936834
0.22878409921807819	0.07868356964466111	0.3133336505697637	0.14583024485647866	0.23336843571101806
0.23172188259975396	0.07865865602303136	0.30713241348483433	0.147564632313164	0.23492241557921606
0.23122623345890447	0.07993235075575456	0.304064285129626	0.15195348339184103	0.23282364726387367
0.23030317403333325	0.07818072714027087	0.315191556913967	0.14813587218305596	0.22818866972937263
0.23194631299622465	0.07497173832123175	0.31784700045452996	0.14018744176587303	0.2350475064621404
0.23820953611472898	0.07893362201450395	0.3093291354672118	0.1434468737922699	0.2300808326112851
0.2432061453821094	0.07242579385759351	0.3078638947768171	0.141323498463542	0.2351806675199378
0.23199817667451422	0.0754351590629596	0.3125611337709355	0.14949135582353254	0.23051417466805796
0.23790475497207836	0.07499861768008187	0.30425750184033834	0.15053166631656	0.2323074591909412
0.23457546383352326	0.08015314293718451	0.31276695280693867	0.14170775102924063	0.23079668939311265
0.23647365772388218	0.07381469094399642	0.3153984078543888	0.14151699439654677	0.23279624908118562
0.22940891655665097	0.07900222467639587	0.3105333851501873	0.1462027869764932	0.23485268664027242
0.23406532202898314	0.08046375585915755	0.3142206578473322	0.142046648307823	0.22920361595670388
0.23876441993936498	0.07892575927584809	0.30640978256771306	0.14595295993480567	0.22994707828226793
0.23058197675437148	0.07861813558992335	0.31109480358353	0.14968985696482892	0.23001522710734598
0.23454158847980527	0.0811889073865998	0.30567279007286147	0.1458569533313252	0.23273976072940802
0.2395616471926456	0.07370863445847026	0.3089946541581419	0.1426778204473073	0.23505724374343462
0.23141421351428407	0.07458271142600542	0.3140588710219774	0.14877475640882376	0.23116944762890917
0.24000188863157934	0.08164109124312187	0.30585429556076454	0.14046421302049855	0.23203851154403543
0.229473064235353	0.07666595237685224	0.3082200349058926	0.1531137360555459	0.232527212426356
0.23761779559791302	0.08106723652869396	0.3058368129647727	0.14055758383711323	0.23492057107150682
0.22958612008965382	0.07422447160063178	0.3178349615671521	0.14419703181040439	0.2341574149321577
0.23611394908861985	0.08010165612826009	0.3059508487413104	0.14322994826530625	0.2346035977765032
0.24110679330259527	0.07709424021995018	0.308700161912804	0.1412626953361683	0.2318361092284819
0.23800064171022958	0.08249556661394461	0.303991337637188	0.14169004803995716	0.2338224059986804
0.24157182910742542	0.0732331280230927	0.3113304150685793	0.1400958181184586	0.23376880968244382
0.23478385716115396	0.08079193436142935	0.3087657675042891	0.14378578626231708	0.23187265471081026
0.2296360881998045	0.08093410193446861	0.310325707354295	0.14534935412837774	0.23375474838305393
0.24005919005243592	0.07501876271212701	0.30901015733313175	0.14746785487356337	0.22844403502874172
0.23307692973297892	0.07694862660283205	0.3100174207388181	0.14971199098845786	0.23024503193691284
0.24114957140459978	0.07382864488080154	0.305428831944323	0.14433539817325491	0.2352575535970205
0.2316003727111008	0.08287343831490315	0.311040272657104	0.14371451719856398	0.23077139911832778
0.23688033250912266	0.0783332609937232	0.30871485917606517	0.14221020629380218	0.23386134102728656
0.23346422639888353	0.07510302997344426	0.3168589291775201	0.14163741237828367	0.23293640207186816
0.2303360522642286	0.07984849786968516	0.3078446367864466	0.14852113748350426	0.23344967559613514
0.2350424370313867	0.080824722411648	0.31121487862554614	0.13979202871721935	0.23312593321419958
0.2423802847334034	0.0735433720902966	0.30860795498772164	0.14141673923994186	0.23405164894863625
0.23681531586090193	0.07955366555509494	0.3067686251137204	0.14230742127948412	0.23455497219079835
0.24353362189793606	0.0758056550426972	0.3043225121457739	0.14681873902285136	0.22951947189074123
0.23248782479632768	0.08108816793430942	0.3052940106912309	0.14826295394334138	0.23286704263479036
0.24114355210719304	0.07255614320286588	0.3121471389224702	0.14059574932133578	0.23355741644613487
0.23725364359164208	0.08110216085796483	0.3071460326230322	0.14537377011614092	0.22912439281121977
0.2400347514923468	0.07286500671618659	0.31249631816487755	0.1423677314975832	0.2322361921290056
0.23348383320169244	0.07428789929178153	0.3176796176403812	0.14577029463648325	0.22877835522966128
0.2422471290520376	0.07787644373566395	0.3040303657022655	0.14522026647561326	0.2306257950344195
0.2403574062425043	0.0745216821563292	0.3122518859660723	0.14315762240574934	0.22971140322934464
0.24151463083781982	0.07263769495864306	0.3121464845086044	0.14253480603688484	0.23116638365804762
0.23169255551624046	0.07479143222992612	0.31793726107712095	0.1479575499316288	0.2276212012450835
0.23470510904571126	0.08183417382412596	0.3119362438398694	0.14218320056071088	0.22934127272958227
0.23921602535155057	0.081469886177025	0.3088115167786686	0.14322918457917694	0.2272733871135787
0.23436313410909848	0.0723213465787346	0.31841350252794787	0.14094009557994072	0.23396192120427814
0.2384635447100262	0.07420497526665218	0.3143549181875212	0.143259193061544	0.2297173687742562
0.2394745506606702	0.07425231259309462	0.3105888746356797	0.14405304372291086	0.2316312183876444
0.24214489294641026	0.07572126129682416	0.305708178650717	0.1484550239654423	0.227970643140606
0.2308240216538961	0.07833039659527004	0.316676424656496	0.14142389721560644	0.23274525987873118
0.2403094500500691	0.0764648152877502	0.3060209632795584	0.14519848370655647	0.23200628767606557
0.234344932860899	0.08038614483466527	0.31265877758016014	0.13957296801746147	0.2330371767068139
0.2285950628842679	0.07943926885357137	0.316108280666472	0.14657346784050498	0.22928391975518356
0.2294231292057502	0.07952030201234901	0.31850725167229854	0.1407441492119775	0.23180516789762448
0.22924372105497	0.07639358406495163	0.3166896277108052	0.14987689947135124	0.22779616769792163
0.2332470169897084	0.08315370712281493	0.3067506313286249	0.1415711829030727	0.2352774616557788
0.2330952243841415	0.07548256907177125	0.30868934185405017	0.15375101878861475	0.2289818459014221
0.23242735077595605	0.07745485165619771	0.3119263514930868	0.14789218904713075	0.2302992570276285
0.22861441068006863	0.07645364946437226	0.31368763261814797	0.15381586748102527	0.22742843975638563
0.23120351078126575	0.07779586578446011	0.31425703279264705	0.14947086439225746	0.22727272624936942
0.23409642178621592	0.08191880363731853	0.3143283313172011	0.14057376508179625	0.2290826781774679
0.22966920032555269	0.0801027875380193	0.3181293539618401	0.14124897151204846	0.2308496866625392
0.2318831428528425	0.07554944068047706	0.31402435454904615	0.1439469012456825	0.2345961606719516
0.23934994585270056	0.07998208629435508	0.3062728860640941	0.1420873416247579	0.23230774016409214
0.2298390401467723	0.08172009838422327	0.3103174659197052	0.14503988398341133	0.2330835115658876
0.23881608226689655	0.08126397695712206	0.3038657318518177	0.1455998773971631	0.23045433152700034
0.2359533745286001	0.07498673728973809	0.3096082150345326	0.1448776372465756	0.23457403590055337
0.23668450017919607	0.07572368170865078	0.3164645679163338	0.1433788095400599	0.22774844065575917
0.23750441234456893	0.07558041048885654	0.3088556787063874	0.1464359575969008	0.23162354086328604
0.2282533744648053	0.0770175822779308	0.31545992693865765	0.14470614058894762	0.23456297572965842
0.23686674721846274	0.07554186472917922	0.305967336178892	0.15023856105064665	0.23138549082281917
0.237499666620812	0.07910357124107262	0.3048580595673699	0.1448866930781523	0.2336520094925929
0.23577550974355935	0.07750256413813944	0.314933569049456	0.14411848238333486	0.2276698746855101
0.23089783542876452	0.08161315965526714	0.3098462028244149	0.14529157767230375	0.2323512244192495
0.23781056970386366	0.07849431144882296	0.3101445230023422	0.1413647148442887	0.23218588100068224
0.23129479782998524	0.07410625006587393	0.3152422921361289	0.15106892345594947	0.22828773651206222
0.2353134542571707	0.07716326862621278	0.3096223102218044	0.14541054079390686	0.23249042610090503
0.23496157330031178	0.0755736307587341	0.31466434147325945	0.14751333023246882	0.22728712423522557
0.23599391774819836	0.08138361315582501	0.30793784194669993	0.14724795703115273	0.22743667011812368
0.24100305280923479	0.07908884247786403	0.3045907066075503	0.14181227608859517	0.23350512201675547
0.22882961182065026	0.07438796508889456	0.31666301174133255	0.14702052144827216	0.23309888990085026
0.23791401508353985	0.07301386614857108	0.30954510974885874	0.14707363291873338	0.23245337610029673
0.23875578805311187	0.07423204473793335	0.3152312457501476	0.1429620513207585	0.22881887013804844
0.23138199217747868	0.08047657750826515	0.31161469045038737	0.14252100615553326	0.23400573370833527
0.22830989211015043	0.08160785263486381	0.31628864302383314	0.14157160013743142	0.23222201209372098
0.23034337550857897	0.08207697104425254	0.3081432775310636	0.1477479171386708	0.23168845877743385
0.23534401898132462	0.0730093571813869	0.3051792655637459	0.1525785813877787	0.23388877688576365
0.24289436903756018	0.07612104111946573	0.3062865111224286	0.141549415473747	0.23314866324679823
0.23484764000164582	0.07573142379866575	0.31705450379090977	0.14430922895942977	0.22805720344934863
0.23116695747912638	0.07923297073218863	0.31758783820857106	0.1404310132449203	0.23158122033519338
0.23939533781504296	0.08137534627236102	0.31039525589042627	0.13995068129055446	0.22888337873161502
0.2372407501731514	0.07663933926957595	0.3056944281723165	0.1469141213926054	0.23351136099235045
0.2292884689025455	0.08203022564298651	0.3053574773796984	0.1527425845466977	0.23058124352807158
0.23980774607364325	0.07280437723252078	0.3096454217489154	0.1482935712928354	0.22944888365208488
0.24331884819260946	0.07952587029760794	0.3059081451590485	0.1439715774735092	0.22727555887722461
0.23530875183147287	0.08312054657016178	0.313239716231411	0.1395233268472358	0.22880765851971827
0.22917949949477384	0.08135640695273905	0.3091293459092017	0.14513114352161535	0.23520360412166982
0.22833846285635306	0.07490859253262802	0.31533332858689256	0.14625407973988686	0.23516553628423928
0.23090867262432613	0.0755742169585477	0.31270393564149357	0.1529102640749015	0.22790291070073088
0.22944236838139154	0.07778443724109411	0.3177078335361185	0.1442901880108785	0.23077517283051713
0.2292755978753213	0.07487878148600075	0.31352900350533486	0.1520083005279204	0.2303083166054224
0.23048080012216582	0.08181619222214799	0.3058873854425243	0.14819333271636825	0.23362228949679337
0.2422226829035445	0.07586385101522479	0.3049947938792177	0.14874465462693276	0.22817401757508
0.23992194947684137	0.07533559482033096	0.3097430795685928	0.14533255402197356	0.22966682211226105
0.2385409640194725	0.07517327838890296	0.3040792610776687	0.14831094311580223	0.23389555339815335
0.23729077346513	0.07502315317997078	0.30555134289083496	0.14935241097214041	0.23278231949192357
0.23448598605383594	0.07619733664380918	0.31218508987124766	0.14476789246864152	0.23236369496246545
0.23963328025986064	0.073032848632965	0.31351568173720334	0.14477626426644252	0.22904192510352822
0.2288362511141879	0.07477216819022653	0.31586922411014734	0.15066084112045952	0.22986151546497846
0.23108988844981487	0.08245313484227397	0.3092757903264226	0.14743293962151582	0.22974824675997252
0.23900331027485458	0.07538396180543913	0.30612957064032775	0.14662842125482084	0.23285473602455745
0.23376391263168955	0.07625872659731144	0.31598693329459676	0.14068476015266407	0.23330566732373795
0.23230040131966395	0.08190997624499152	0.31040846171211045	0.14304610808609772	0.23233505263713605
0.2305388565569884	0.07843707644103538	0.31488952096622186	0.14534093240890697	0.2307936136268471
0.2293484100480541	0.07607220526414443	0.3154854034054998	0.15014389747124257	0.22895008381105889
0.23211939476966975	0.0777366397927498	0.3122623968146796	0.14238251202673624	0.2354990565961643
0.23697171492667388	0.07854316199331304	0.3051314641812854	0.14779757748575084	0.23155608141297668
0.23831040969093098	0.07810166266868888	0.30836567161943057	0.14170253045315667	0.23351972556779266
0.23448044426380174	0.0825998744245577	0.30390967516313516	0.15022218361902315	0.228787822529482
0.22934886646739622	0.07655278778873337	0.31364001348884424	0.15002524858938365	0.23043308366564227
0.23567757165440312	0.07833938074697962	0.30763814694866254	0.14378906092125882	0.23455583972869568
0.23181892371861326	0.0778939748342311	0.31203001140623204	0.15089368053114133	0.22736340950978204
0.2376222784451324	0.07410757514501587	0.30788524789849536	0.15103079837298264	0.22935410013837346
0.23654627521680394	0.07580406620193525	0.3126561945372042	0.14150154086194555	0.23349192318211082
0.23215695201464456	0.07576442730109725	0.3068229268114474	0.1523748321659972	0.23288086170681332
0.23847824275175314	0.07555995490787488	0.30563882133681447	0.14641097061696023	0.23391201038659704
0.23347348448722033	0.0756934495660899	0.3053741943763265	0.15262505228653922	0.2328338192838238
0.23065214954658042	0.07824276628899783	0.31865059414724883	0.1431268095322136	0.22932768048495908
0.2381632170500409	0.0737575275434626	0.31245204337543686	0.146992845616649	0.22863436641441032
0.2351051273433629	0.07478177843311193	0.3139713277601818	0.14547185868062273	0.23066990778272045
0.2329159375885519	0.07721090861229227	0.304435995676409	0.15192676275418956	0.23351039536855706
0.23532537295114433	0.07435317151612605	0.30628453771499775	0.1515136277731653	0.23252329004456632
0.2308284100884383	0.07680224129073324	0.3087308816421901	0.1503188339415154	0.23331963303712272
0.23292560304965607	0.07852878172461178	0.3102702452069628	0.14479581877522887	0.2334795512435403
0.22882796435080177	0.0822593810353153	0.30816941005303927	0.1474796959914015	0.23326354856944187
0.23456045998422748	0.07400236672558322	0.3102072811179901	0.14804075865659566	0.23318913351560328
0.23397133683094268	0.07718414951202067	0.31101661072609277	0.1435581811186932	0.23426972181225042
0.23626508790938444	0.08203692117177047	0.3145389158530674	0.13948480207813532	0.2276742729876421
0.22995345144513568	0.07707197008986626	0.3066369997256539	0.15403709377198505	0.2323004849673589
0.23676773697279224	0.0736925656727031	0.31539628888496035	0.14367566692265388	0.2304677415468902
0.23907080943277234	0.07252774174862184	0.3081703030451657	0.15033360606269935	0.2298975397107405
0.2357337224452029	0.07405670077152143	0.31270005221116287	0.14885303560416965	0.22865648896794288
0.2372600234998456	0.0770087322965184	0.30448581478110454	0.1474411807306271	0.2338042486919041
0.240473917709803	0.07427643639711493	0.3047672613563286	0.1487284735969884	0.23175391093976486
0.2393228165676421	0.0748048217277272	0.3050486712694745	0.14714028822720462	0.23368340220795136
0.2288619532960171	0.0745452714488726	0.3111135919388707	0.15071277243379608	0.23476641088244332
0.2360124842247628	0.0823415337099933	0.3084350589636663	0.1442257952434174	0.22898512785815997
0.2337422984880026	0.07443255929081	0.3136201365405046	0.14994140087017918	0.22826360481050337
0.24020374647791984	0.07376945349817496	0.3098466431865212	0.14474601555823297	0.23143414127915077
0.22966923595629457	0.07295198876638714	0.3172129951588134	0.14660180654600047	0.2335639735725042
0.22896382724289172	0.07577587154375626	0.3142363914808153	0.14949599596295504	0.23152791376958154
0.23368917604432404	0.08077683123489653	0.3051871344176844	0.15106633546681536	0.22928052283627942
0.23537816183210186	0.08208405508300384	0.30995039184605877	0.14370952517735258	0.2288778660614827
0.2288805857067152	0.08245433181069303	0.3051932223138266	0.15229062278227035	0.23118123738649454
0.22891297451270554	0.08254957539365096	0.3091194024127301	0.14942367231606715	0.229994375364846
0.23521075027948538	0.07635326066353668	0.31835805574288134	0.14005630914577838	0.230021624168318
0.2299246639526371	0.07301071655902058	0.31422002970709767	0.15328307076270764	0.22956151901853677
0.22824731157252062	0.07384767290760724	0.31157141045022635	0.15209337425232294	0.23424023081732262
0.23385753936603745	0.07718235824977647	0.3104038878035461	0.14353952158207045	0.23501669299856925
0.23212509658023336	0.08284073644370066	0.30958541155890623	0.14021198225263182	0.23523677316452768
0.23206626600133554	0.07499953853447769	0.30862513539816666	0.1493649781857988	0.2349440818802211
0.23966002229392824	0.07250384956138953	0.3069901434349036	0.14622178464318702	0.23462420006659135
0.22930399263005063	0.07673149663322258	0.31102502872269766	0.15354722777789873	0.22939225423613016
0.2328818321808392	0.07848599013349487	0.3147003756815757	0.1409885102890585	0.23294329171503153
0.23121606601923106	0.07541842168319003	0.3131067732714328	0.14692179596365365	0.23333694306249217
0.24155344131041492	0.07489881555452368	0.3057237318538526	0.1449433674138164	0.23288064386739218
0.2329605216365923	0.07588303800173583	0.3059925225292111	0.15088530929914473	0.23427860853331578
0.230580626252841	0.07907187127359927	0.31775730072897007	0.1428686691314643	0.2297215326131251
0.2339445525117938	0.07732903043396053	0.31648039732046385	0.14340087561233356	0.22884514412144802
0.2399473576821647	0.07601563011616647	0.3107865121465573	0.14303291547977248	0.23021758457533884
0.23310525467388507	0.07257919415612052	0.3081174792161506	0.1510428626187259	0.23515520933511766
0.2377918777637027	0.07531961686183333	0.3169629041223042	0.14049559382957225	0.22943000742258726
0.2384608911009247	0.08076847310693601	0.30433876652463293	0.1429503534533688	0.23348151581413729
0.2317569545048141	0.07829771065703163	0.3080433969652323	0.15402945822221092	0.22787247965071075
0.24024589264196092	0.07323418164416357	0.3077658436708671	0.15099531165827312	0.22775877038473502
0.23030717512405618	0.08168203082725337	0.30844996529811225	0.15164664545986756	0.2279141832907104
0.2332416823446647	0.07998386237380423	0.3068884025020477	0.150547260824577	0.22933879195490614
0.2287793110715408	0.07624166803500035	0.3103309566448434	0.15216699902323896	0.23248106522537632
0.23990131309029114	0.07264853023923695	0.30657716390391465	0.14835479521169367	0.23251819755486336
0.2431027896678759	0.07759224755703907	0.3042732552971542	0.14612949076950288	0.22890221670842764
0.2387831931146312	0.07573935978670236	0.30987141976080684	0.14675577186676014	0.22885025547109922
0.2377825099698305	0.08025543362740648	0.3091748501452542	0.14370915874386134	0.22907804751364724
0.23456761316515506	0.07234761627971506	0.3112412245350149	0.15296276830303193	0.22888077771708285
0.24168914503504968	0.07385393108629451	0.30957065543842566	0.144066122933004	0.23082014550722588
0.23711112783090402	0.08326327617386801	0.30908000916050005	0.1413041743409775	0.22924141249375019
0.23732674363666864	0.07561871223289514	0.3067088786563422	0.15165543024297778	0.22869023523111598
0.23172493246877898	0.07342547062506313	0.3130977221739002	0.1531961387951491	0.22855573593710837
0.23888168696156462	0.07976975485402903	0.30393576732797617	0.14193872702466784	0.23547406383176211
0.23334876664951612	0.07824317153143832	0.3129576803482559	0.1459435297291069	0.22950685174168256
0.24236367492407818	0.07595503042449749	0.30441500351876183	0.1455782831054178	0.23168800802724446
0.2317196310321446	0.07604747333527084	0.3160548409044468	0.14066835822277787	0.23550969650535963
0.23940571357446164	0.07404945844099523	0.31354645264556213	0.14028089851801595	0.23271747682096475
0.24071117829022295	0.0822784682719965	0.30496446570808294	0.14371347988169283	0.22833240784800457
0.23990797576654146	0.07336764837460871	0.31323233987640475	0.14196513059464283	0.23152690538780202
0.2377806024473022	0.07860027696760474	0.3124668497234734	0.14149585248123903	0.22965641838038045
0.23647931131450858	0.07520416781784485	0.31086379379325235	0.1450436389403301	0.23240908813406386
0.22973327917826047	0.07803402737394442	0.31317809675920255	0.1449843325201457	0.23407026416844662
0.23518399971743914	0.08174482439677201	0.30686234716956334	0.1407013321710415	0.23550749654518374
0.22849401825231488	0.07760048148071466	0.31854776193238715	0.14463182816256592	0.2307259101720171
0.24005294305297625	0.0767660121518126	0.30588526954877143	0.14548895650911553	0.23180681873732395
0.23829135420654318	0.07863874961666122	0.3042422962047706	0.15119748582899256	0.2276301141430322
0.23180888231217905	0.08102161895692467	0.31063100177122155	0.1449680208416235	0.23157047611805104
0.23297113339442055	0.07815775167455645	0.3114590195480299	0.14360415440828864	0.23380794097470423
0.23877051008991593	0.0726759832690933	0.31512552383433107	0.1424685377127367	0.23095944509392274
0.23698677753171798	0.07551290962836754	0.3065567793634095	0.1479982170483032	0.23294531642820146
0.2409106335654158	0.08081110422617836	0.30746613425404457	0.14351271884228317	0.22729940911207785
0.23651065288379564	0.07706740265715399	0.31308036327008826	0.14223583330692646	0.23110574788203542
0.23498403130774057	0.07394447123686415	0.30940873326570406	0.15291034017142352	0.22875242401826745
0.2366420527407205	0.08021821608616966	0.31067923164727973	0.14042170560620695	0.23203879391962293
0.2397866409305331	0.08018176955830493	0.3088480516094837	0.14108921293766102	0.23009432496401702
0.23560684250502192	0.07814043197921958	0.3172025724906039	0.13966579755117906	0.22938435547397526
0.23816045978939016	0.07676166249870751	0.313945028895095	0.14250189338322503	0.22863095543358206
0.2359991300788723	0.0755560876847587	0.31566438963808974	0.1433432389220231	0.2294371536762559
0.22810040323766367	0.07549791164925937	0.31493044939056347	0.14768588351445883	0.23378535220805444
0.23131360961131678	0.07731409838193058	0.30859557209621274	0.1515852776093478	0.23119144230119187
0.2421118290449845	0.08073840277109061	0.30664729434019555	0.14217794122577204	0.22832453261795707
0.23963962776482953	0.07647497044575838	0.30664990471889303	0.1459039868983386	0.2313315101721802
0.23713172567101243	0.07261784535963753	0.30644655262511444	0.15290597414810708	0.23089790219612827
0.22968286368141178	0.07476304583923077	0.3147322795049192	0.1468471278613141	0.23397468311312394
0.23263775012187055	0.07280441438243482	0.3164267132258881	0.1455579273585773	0.232573194911229
0.24313594561618174	0.07233884007257083	0.3145190645835776	0.14162653229167257	0.22837961743599702
0.2320140939386034	0.07836196788529555	0.3073762103575624	0.15201792799503958	0.2302297998234988
0.2323800610938951	0.07525280998433828	0.3089455142470238	0.15376893253300114	0.2296526821417414
0.23341279298436815	0.07448823122897114	0.3103703716358686	0.14989731885206595	0.2318312852987259
0.23948933905581338	0.08333586002373457	0.30443555517682486	0.14023597442128977	0.23250327132233714
0.2415278875714335	0.0813564850787869	0.30582643022020783	0.1424395961293291	0.2288496010002424
0.23765188299473822	0.08128907542220036	0.3056319898914466	0.14587305926362423	0.22955399242799035
0.23332199953204985	0.07704629553094784	0.31164396107937736	0.14480980368316698	0.23317794017445773
0.22996794533433032	0.08174213152521037	0.31045395858551567	0.1491508367715041	0.2286851277834393
0.23222753825586526	0.07633663554800504	0.31195696078473584	0.14597997970462506	0.23349888570676855
