0.12085308825579809	0.13334476409956478	0.1914643587945039	0.09619021799544858	0.10576126067249947	0.06840329552495382	0.1644246127276041	0.11955840192962701
0.11477098097825238	0.11267002290963671	0.18988993338161672	0.10051324290157237	0.1503313052748746	0.06628426178425681	0.17128668736313643	0.09425356540665375
0.13317553974129145	0.11482408650106654	0.18538523040522661	0.1106830045582643	0.08849464055750594	0.07399242392421737	0.1732784711492177	0.12016660316320985
0.14847784873505615	0.05903391975496325	0.17231216943207678	0.09595135724836848	0.17119004967625714	0.06848558230916793	0.1791014099464178	0.10544766289769225
0.1495417116293855	0.11859957693339819	0.20390373709273152	0.1005008600690357	0.05594613238121075	0.05952312426077842	0.1892020399632336	0.12278281767022604
0.13539109616215703	0.04192934428199671	0.17016064205110296	0.10027336418925428	0.2239836773766506	0.07512435164569983	0.15058680157098436	0.10255072272215399
0.13814717015700242	0.10182189336247803	0.18701598621274446	0.09570260579403497	0.14556539219425363	0.06640275756223574	0.15760710289649463	0.10773709182075587
0.1144826191626353	0.1069453615689805	0.15792626654880465	0.10195337804522021	0.1678145776023121	0.05900135206679112	0.18253710511043492	0.10933933989482097
0.12417675044200699	0.13818737908453252	0.20388292474989492	0.09978323011867699	0.09485687890314207	0.07126106456083073	0.16376683857712204	0.10408493356379353
0.1507204159008213	0.1320327187366993	0.1872726419766198	0.1022804657159649	0.05958312285745472	0.05870361058594355	0.18479120247003497	0.1246158217564612
0.12335211163579884	0.12749234143735308	0.15950053089583544	0.11940701330497044	0.13789933287764902	0.058278235381119106	0.16274003152036337	0.11133040294691046
0.11411660094525788	0.09604956950146398	0.18808516106005982	0.1132248172453993	0.14418604767289056	0.0619201779218867	0.15980874386360172	0.12260888178943985
0.1405447687637267	0.08689367917186105	0.19102867448102795	0.11414988181898703	0.0727121998498578	0.0652321538684959	0.20591487548811332	0.12352376655793
0.12865865711115618	0.08047005325358297	0.18968011552758313	0.10615529406615692	0.12461628576022526	0.06670730722602194	0.17982205293885278	0.12389023411642056
0.11885022525702547	0.11081878638895025	0.1498905701387235	0.10712060003055299	0.14403513757866804	0.06528221509514882	0.19887786002100233	0.10512460548992839
0.13613262437566911	0.04070942033552287	0.15596238407034832	0.11877752327974771	0.18817029850112604	0.05964318598051631	0.17655035136324243	0.124054212093827
0.14059593390447525	0.07207253393201501	0.14437407689326937	0.11364112044556038	0.20690399809622123	0.06766160875610364	0.15350686006112424	0.10124386791123066
0.132887242633101	0.11689462578471144	0.14551721450599253	0.10302532971618196	0.12335006544675663	0.06084402386768534	0.19463139900831777	0.12285009903725312
0.11461096806299591	0.04033676510772356	0.19471224092583378	0.09350185004497454	0.21552687360663175	0.0701218440514666	0.15243616057482673	0.11875329762554691
0.1400776548148733	0.129907167835904	0.18833752353471936	0.1081563048476545	0.1138796184024127	0.06405623884054673	0.15711347073139081	0.09847202099249837
0.12746420759065122	0.09028583272400155	0.1506225847231092	0.11704863317072929	0.16928277899547517	0.06270924154178989	0.16951900982842946	0.113067711425814
0.14078251741281614	0.07060130558590971	0.1938983323061546	0.10716139344697156	0.14028034268748307	0.06439687264447937	0.18046281557872393	0.10241642033746139
0.12467779445649756	0.1219162116486944	0.1804643463389078	0.11552929958181055	0.11384358296168687	0.05992804871612728	0.16410385474255793	0.1195368615537174
0.140911248832904	0.13428889727229407	0.17164350480692997	0.11802918899318315	0.10967320195976546	0.06292394921309147	0.15186928870724944	0.11066072021458218
0.1326094847524472	0.04233947430784124	0.1779779507000422	0.11366839515453338	0.15430920246412985	0.06663037475991786	0.19734486956319902	0.11512024829788906
0.13468984531959022	0.040149845111064564	0.16665289217821017	0.11867624797062512	0.20529690510515552	0.06423483073806427	0.16992006159812856	0.10037937197916137
0.12932439861274764	0.06299927402497069	0.15358923408301456	0.10024365998387698	0.21569143657605383	0.07318688426221116	0.157419466388729	0.10754564606839595
0.12077211958373332	0.08335033838512335	0.15137575501951292	0.10985196437448366	0.20344805855118425	0.05897247152603005	0.1645590085675342	0.10767028399239799
0.11498679546960458	0.1408585460535944	0.15746167831695843	0.1085679131803529	0.1022291842310912	0.06687538403199106	0.18505771763333725	0.12396278108306995
0.13418920655900515	0.07743167234481825	0.1422259376577137	0.10805841459286372	0.1750867431247934	0.06415396377308849	0.1823321289927442	0.11652193295497287
0.14718344090281388	0.13424942712937796	0.15073866564485958	0.09414682429582731	0.11274457362027435	0.06532921930886545	0.1864859364871514	0.10912191261082987
0.14865585073352067	0.1319615656405483	0.17797147854032344	0.0993453815499019	0.07816450367969144	0.06797865186602556	0.17502068297704637	0.12090188501294209
0.14838430542855827	0.14454639695538754	0.18281315758985678	0.10866797621514247	0.05885166916435415	0.07715686067521366	0.1794325802391591	0.1001470537323278
0.1515473878816756	0.09664086734266975	0.19484088123020982	0.10228609527408429	0.11524695390033489	0.07316615344668798	0.15688971219500586	0.10938194872933162
0.14966575017968414	0.09217753992640088	0.1457379714271121	0.1077098347729359	0.18119857907969072	0.05687497232619734	0.15240924521607324	0.11422610707190545
0.1148515739856643	0.06313834698010513	0.19875700303187926	0.10675708426534752	0.14782464345174107	0.06116269110282194	0.1876819200166661	0.11982673716577445
0.1247588320244653	0.1252475370393224	0.1453409045555834	0.11673286180190107	0.16486983852208598	0.07104808524330966	0.15728111967047764	0.09472082114285431
0.13979181271215513	0.073043365773716	0.18328167792112762	0.10035218415971953	0.1125237634382565	0.07163247342834457	0.2018909165965524	0.11748380597012803
0.13070453831169504	0.08787611008013035	0.1629732295090278	0.1110383612544645	0.1758553291013742	0.06313248959764065	0.17211379491658457	0.0963061472290827
0.11988195820121815	0.05746965355780742	0.1808601004169385	0.11062436930581572	0.1907631347708	0.06515619127481273	0.15619793066837595	0.11904666180423135
0.14324841345330908	0.0809373149216309	0.1798698023544094	0.10134611929960588	0.13541890708297372	0.07136586071178588	0.18766503149363833	0.10014855068264655
0.14063784832457982	0.06311551171257779	0.16855805235011223	0.11234342707171481	0.1817592554859112	0.05687417675594056	0.16507600110852755	0.11163572719063579
0.14351647008955964	0.09165232172066436	0.14240498471176372	0.09523942555883336	0.18572652417871335	0.07523232481087873	0.16636386726782415	0.09986408166176251
0.1251721169375875	0.09245492054474994	0.1898434879385621	0.10369405621569225	0.12029502298794287	0.06769420544263284	0.19329636638922337	0.10754982354360895
0.14181189092275795	0.06732561375870771	0.16580616703314113	0.11025101533835985	0.15038234830496167	0.0643548422027598	0.18830055557494474	0.11176756686436688
0.13137067542469769	0.12078383370577514	0.16551820689105767	0.09887528636188035	0.1185962263840423	0.0666881562564262	0.18674207654358294	0.11142553843253751
0.11881985613758217	0.03539225638267918	0.16832502824090492	0.1018694388059468	0.21018005364135545	0.05715286415818463	0.19343772970888595	0.11482277292446065
0.1401339838066628	0.09505514667330851	0.16085241733057154	0.11533098047847365	0.15175718443684788	0.06604555284784787	0.1738964197961881	0.09692831463009945
0.11991819355089571	0.12384311141646821	0.14444735840080886	0.10659223179570843	0.16014014918891264	0.06953539428551539	0.17417859607734038	0.10134496528435016
0.12712992960759445	0.07434463032975398	0.2031721610447565	0.1128789195595929	0.13533317156290978	0.059635695900195795	0.17450152470900387	0.1130039672861925
0.14450478128411434	0.1360533379917339	0.1734365406008403	0.10128442672777985	0.08317547393152273	0.07372291607812934	0.17414878440635456	0.11367373897952476
0.12098388324294353	0.1353397362279299	0.20111805385553203	0.10537302267253207	0.08879623058890097	0.06888683066852136	0.17632184021310426	0.10318040253053566
0.12168365978315919	0.07811931998489169	0.14162633879128858	0.111917341629193	0.20724293800430837	0.06923577070682611	0.16968446361047715	0.1004901674898557
0.11643025404555471	0.05256453148183339	0.17288779450244163	0.11750305628598853	0.14121157924433272	0.07103082452809706	0.2031353268599687	0.1252366330517831
0.13328596441408438	0.0648878581616264	0.1670910167033271	0.10905420987791498	0.17817622068294875	0.06913056662553085	0.17929154006759904	0.09908262346696826
0.11827760069636023	0.14831127425593266	0.14563312553753877	0.11418151767474471	0.11845768732654785	0.06063027552338304	0.17294664791690795	0.12156187106858457
0.1388989502081632	0.11528843913099748	0.1951770634588566	0.11106938813392865	0.0795012140983237	0.06437590601523271	0.1784471365724569	0.11724190238204056
0.11362884299154559	0.1298106967202689	0.1822224918410022	0.11632017726410664	0.06802952450435862	0.06622240110317966	0.20323455349577035	0.12053131207976785
0.1432835422090552	0.050135803359531717	0.15529257796082138	0.11825030365587569	0.1550561411642746	0.07475493696294344	0.18638476294802775	0.11684193173946997
0.14588071101785965	0.08019789574376147	0.1502680947960555	0.09510002616710872	0.17633303336164086	0.07031115451749066	0.16442198333375166	0.11748710106233125
0.1226387374283465	0.03242733134558255	0.18555833939589364	0.11833092263468487	0.16554984145547666	0.05916765331184616	0.19366388408987384	0.12266329033829554
0.14166505245097175	0.12607179287703713	0.14381320788788846	0.10465541450042735	0.10849371165936195	0.0663267643877324	0.19403898371978742	0.11493507251679333
0.12791599400597417	0.06284489056438584	0.18189968223870562	0.11631968566801276	0.14223742381938687	0.0657384976573541	0.1939285661542006	0.10911525989197982
0.14819971367717527	0.13740695123704033	0.16021918360812892	0.09700973024190535	0.07417841333452005	0.059665948600359925	0.20343723473676048	0.11988282456410944
0.1341947872158093	0.08556921211886975	0.19994727802461687	0.09950228943614771	0.10963172547770594	0.058899950195126255	0.19826726609577838	0.11398749143594557
0.12276347712582691	0.14857071200476848	0.15848322098661594	0.1064157847958524	0.1486270631694553	0.05956200131596269	0.15301709361461385	0.1025606469869042
0.13035924189493822	0.06580948764142375	0.17576529371858113	0.09542944019631601	0.1263205999718078	0.07557164123423753	0.20570140785512742	0.1250428874875679
0.12824757893376626	0.046311400124360205	0.1477922031181178	0.0997244871440846	0.2480211596141435	0.06382489068881045	0.15848630050230983	0.10759197987440716
0.13995234714235533	0.07864430520215149	0.18766941015613542	0.11269026628008087	0.11613736546945332	0.07280655048455839	0.17553816768228162	0.11656158758298332
0.11357667815718353	0.09973825726498957	0.20033518550750495	0.10921147614745454	0.14388472481464684	0.06830705752100771	0.15792522433327877	0.10702139625393386
0.1182804891640599	0.06180958911845991	0.20193646330225123	0.10502944029659572	0.12433711612608177	0.06593729828954911	0.19999549094841307	0.12267411275458905
0.13947241283628778	0.07486960320951885	0.20232185854446097	0.10444899223360352	0.15490750309332213	0.05958143521352895	0.16620866763269876	0.09818952723657881
0.1130895593844789	0.05922179356582791	0.17772764179185996	0.11588047742514791	0.16854134113144134	0.05665923144374668	0.20354628450863582	0.10533367074886128
0.13152540524424383	0.13536753993043685	0.14433774077401984	0.11951640922122003	0.1298662499832009	0.06509005393478187	0.1535622219182135	0.12073437899388298
0.14836463775898912	0.07739895064358848	0.148926108977159	0.09968832411121957	0.1850735913840685	0.05887795464872113	0.15707661693954472	0.12459381553670927
0.13910231529571424	0.04019132181562601	0.1956002650650043	0.10499941700941692	0.19313327588822554	0.06624894666225319	0.1519158156468309	0.10880864261692863
0.11420439337823013	0.04524325422326726	0.19379346553542842	0.1076467934049059	0.2033077913531967	0.07026232106243416	0.16772001630416544	0.09782196473837179
0.13725810779451444	0.09929559637335214	0.19047808897559565	0.09560866981750608	0.10207221806932248	0.06346616941870314	0.1897444417700232	0.1220767077809826
0.1348458227319335	0.13807365375597552	0.16469142697815886	0.11488193754701645	0.08578435903125758	0.07247603363712268	0.179706607885456	0.10954015843307915
0.12508702868655544	0.08922987385056225	0.15266507808354957	0.11644508588953971	0.15549287475952003	0.057385560442640315	0.2041346895823532	0.09955980870527928
0.12863572097748088	0.05659606514848567	0.20225681529668388	0.09281346402928543	0.1558395215734329	0.07390769614664522	0.19176525151772	0.09818546531026584
0.11956641799419152	0.10816992379275436	0.15622009371979856	0.10014179739338197	0.16673702621014805	0.06871364782986573	0.15864805998873732	0.12180303307112227
0.12914111186861865	0.12907742336955075	0.1679079096383263	0.1153587284953568	0.10526661192766607	0.07523017934113099	0.15349831058135663	0.12451972477799357
0.13430702405321227	0.11388387097717832	0.14755618324552805	0.11505826719627849	0.13655972331031432	0.06046723301091533	0.1809736912024604	0.11119400700411258
0.1414334565044155	0.10701148727976008	0.19282797767494225	0.1061918262069875	0.11854325257519689	0.07075968858804713	0.15540282654856674	0.10782948462208373
0.1410534111063202	0.04238790743269069	0.15117891510679066	0.10398884168867585	0.22558162359219447	0.07528922486247483	0.15664980588005756	0.10387027033079554
0.13178080197155864	0.14641712579178165	0.16801600587418172	0.11193900757541414	0.08802562714709519	0.06087029915978734	0.17025939207921814	0.12269174040096296
0.14941191213026914	0.051193531863090544	0.1490241767051845	0.11522545385868885	0.20417066559700123	0.0703363660748614	0.1599928208979126	0.10064507287299149
0.14749136597025275	0.04695169385284634	0.16782091196505897	0.09307912892503813	0.18046615232718566	0.07679969701297137	0.18611474314218182	0.10127630680446474
0.12243892197496573	0.1137495934095011	0.197149367069604	0.1069045414882695	0.10465921829623998	0.06750049345940967	0.17994593757074007	0.10765192673126975
0.139047595627036	0.14869470132232282	0.14608029436308761	0.11064106164629467	0.10392155268620601	0.0723203025126955	0.17092192897447878	0.10837256286787834
0.1429160976486415	0.10639659145287791	0.1620814609298413	0.10081150743357896	0.14825414101298243	0.07314660646477844	0.17125660331675163	0.09513699174054763
0.1474198988611999	0.13574276390874154	0.1911968360937573	0.09728515493189512	0.07797480226537554	0.06264858763846107	0.17126432162230937	0.11646763467825992
0.13173854042700386	0.05307449879295199	0.17462068590835214	0.11164302539356719	0.1962761619691574	0.06384049412848114	0.17112632791462165	0.09768026546586443
0.11334805788551554	0.0757805914549465	0.20260244337642136	0.1190415703712484	0.12923121488513384	0.07336374200748517	0.16363987221278836	0.12299250780646057
0.12127855735037366	0.07474356139581806	0.16543701397034338	0.10796069956645102	0.14018983836224827	0.07584439708918393	0.20020222610395316	0.11434370616162831
0.12633702177684905	0.058128035618019824	0.1860542396219313	0.09798854882500974	0.17678365336437263	0.0706382636486537	0.1784257675145768	0.10564446963058674
0.12799683349212854	0.056629555213240576	0.19310685469005856	0.10444994862355161	0.14164413765288905	0.07197748184011382	0.18528992667307953	0.11890526181493813
0.12575320310195584	0.0898513203434109	0.14856695662474997	0.1195976014177845	0.15268459305467186	0.07320044587632757	0.19361778800777102	0.09672809157332811
0.11478784527423035	0.11838526304722541	0.17758739967038753	0.10723938233752538	0.11315924332654619	0.06496779573765632	0.18233162256555197	0.12154144804087666
0.1497841972476182	0.0742336457765962	0.20344717311041027	0.09992981071325183	0.14114973171479422	0.05674877510581064	0.16729852288093663	0.10740814345058175
0.11758716208152448	0.1201633074560516	0.1810268999836312	0.10418335372435036	0.14713535078631826	0.060443921510073176	0.15973216787213695	0.10972783658591374
0.11910112524920675	0.09014131836827682	0.14687155001331975	0.09432270516571815	0.17761409477794654	0.06349849123658467	0.18881838967482065	0.1196323255141264
0.13749959993114996	0.08547894425043388	0.1893452554631606	0.10392749640564938	0.13333802826658261	0.06701869834274371	0.18317406422259874	0.10021791311768087
0.12442241321698112	0.06525779116407565	0.16894329603725808	0.11163525363702938	0.17435702253738244	0.07195204546878789	0.16480305377715118	0.11862912416133406
0.12481184913659689	0.09283097156700959	0.16920007379666488	0.1002577763026876	0.1956279686486345	0.06749619317829972	0.15560798854136068	0.09416717882874591
0.13197205185182664	0.13126113215275984	0.18553388950881838	0.11463433003461294	0.09339119517959082	0.06114223529948219	0.16183166384384953	0.12023350212905944
0.15021056989549475	0.13883920215687812	0.18876811915614244	0.11529947160365181	0.03912056572063151	0.06334048797942807	0.18126719878973288	0.12315438469804016
0.14202248038719792	0.05675098559821376	0.18232099303888324	0.1141696689795121	0.1686819129806993	0.06383908656575238	0.16792335949684314	0.10429151295289799
0.13841254971740533	0.08296614343420902	0.20496095938586945	0.10743898301568013	0.08195678459254663	0.07700459047212774	0.19469675402476722	0.11256323535739424
0.11645173650319114	0.1284167621418255	0.14636424736838047	0.1046798836384303	0.18755810792969246	0.06840734769348317	0.151475403636316	0.09664651108868072
0.14547547522912618	0.09958607579545568	0.17970251713315516	0.11645351524307637	0.10855768712418784	0.06587779926152931	0.19020666929908275	0.09414026091438649
0.13289862198519076	0.1480128008605564	0.15714069217361537	0.09368917198463995	0.14930499784204707	0.07166382912576869	0.1504292535780497	0.09686063245013181
0.1370154346840169	0.09706657351316846	0.1877553924605373	0.0950073143190757	0.11371607716105793	0.07565479063316147	0.1823801263634379	0.11140429086554415
0.1321594661557364	0.06356469017082622	0.16792985887929668	0.10073909436787072	0.20267498198239997	0.06775357819772923	0.15602963846956236	0.10914869177657817
0.14892727094550587	0.0715735851366772	0.14526220176548874	0.1127083681481569	0.16845016334308632	0.063851964896123	0.16642618178085022	0.12280026398411154
0.1401245932346193	0.06857080006542796	0.17604491503376618	0.09300681948895584	0.17567625040401083	0.0662416446531271	0.1784993742050248	0.10183560291506774
0.1421311234513679	0.13363212895546792	0.1889306680450395	0.09505501148490589	0.09523667417107018	0.06455216357356347	0.1712673917173625	0.10919483860122242
0.1331888099637351	0.1107072800864225	0.17810724579899467	0.10004642798192931	0.13821628409376358	0.0573252169622082	0.17227116294661526	0.11013757216633116
0.11683392802500864	0.11986489419462222	0.15197263346182993	0.10993401587463282	0.17638159462588415	0.05999965561974628	0.15318744595131628	0.11182583224695947
0.13210748642393913	0.11812466526608835	0.15861660616214635	0.0961371018604745	0.1663702911123769	0.06520663802112545	0.1624927238202996	0.10094448733354947
0.12231618842568417	0.13819666776873213	0.16162686110102203	0.11659821281484832	0.11778722335384749	0.071312918215825	0.16180057986223936	0.11036134845780125
0.14726477754890105	0.08971098226453325	0.14642281046722516	0.0934036910419814	0.17219353328411058	0.06410080820352043	0.19009441532832777	0.0968089818614001
0.15133385350467538	0.12469777552197375	0.14234338977342	0.11000997993076315	0.09361851314020339	0.061313832529910614	0.19652002735338558	0.1201626282456679
0.11770503026767856	0.06643805205144163	0.2045495892999547	0.09598926580764779	0.13267748463056006	0.07711807071326368	0.20216310839520021	0.10335939883425314
0.13661661436559716	0.11326490377971499	0.14271347425286543	0.11230839618495658	0.15269346318081384	0.057190275169598875	0.18770130848689243	0.09751156457956048
0.12214383394260052	0.05052057820165312	0.16087733274617744	0.10780261705975075	0.1802012166284279	0.07044429788791723	0.1934749748787323	0.1145351486547405
0.15126910129503512	0.051202835190408524	0.18880074832113009	0.10599432738030899	0.1616803717695142	0.06790269136197649	0.17715438297280314	0.09599554170882324
0.12838545399407922	0.12305766978854922	0.15683041251062185	0.1088557522580679	0.14786335168257267	0.05683198605473616	0.1673024068367912	0.11087296687458155
0.13042095869395323	0.07318066527614445	0.1467515218060156	0.10552891077603062	0.15132371486826368	0.06300266078799438	0.20471818136159503	0.12507338643000276
0.12018354880605427	0.14210577098349517	0.18992114252100484	0.11342306432342361	0.054759160441527885	0.06416855075800004	0.19568613776316612	0.11975262440332785
0.13890431839700818	0.04729363444489189	0.19516402532425142	0.10044584172342742	0.15185640396094888	0.07383123647949869	0.18256023213709058	0.10994430753288272
0.13295255615548995	0.07174498138146032	0.15543240867829267	0.10328446208622222	0.14469348434357027	0.07297719162949717	0.19924776777647402	0.11966714794899316
0.12078320989926561	0.07808345735740974	0.1767903253633721	0.1130886739029147	0.17763877303259873	0.0747537633560721	0.16014693629449103	0.09871486079387576
0.11718492681651964	0.054319957750319225	0.14473799618721558	0.1026344137074544	0.21825190684799167	0.05899630888876392	0.19755674057208022	0.10631774922965509
0.1400221435513052	0.12298582379976954	0.19845699697179447	0.11439081564524552	0.054802563546391764	0.06356846084745814	0.18373580501483341	0.12203739062320178
0.14130553461116635	0.03185033212130302	0.1524682222022779	0.11345866393993204	0.16455029454011272	0.06924685214375628	0.2052580653393289	0.12186203510212258
0.14426399416289046	0.09519578032514953	0.20037278726398045	0.10154123369193915	0.11435136600288572	0.07590271712535376	0.1666309790181999	0.10174114240960079
0.12714592176480236	0.11982373257895348	0.1975647279692209	0.09879193429182875	0.0850593539149635	0.07482390898209337	0.2014142228167829	0.0953761976813545
0.12106668764299433	0.1054690153262871	0.19572992760621882	0.10138871975838001	0.10009695678890816	0.07179409507360288	0.20136643598665785	0.10308816181695063
0.13203644119145772	0.13673937174387052	0.14864545958029612	0.09790790052208631	0.1294925563251688	0.07586566551688728	0.17567850448416295	0.10363410063607013
0.12713309660901823	0.14084109931767358	0.20621959237217474	0.10285344513243042	0.09824662828959818	0.06563889014872507	0.1546426396477274	0.10442460848265217
0.12234822271144268	0.13875772890343893	0.1964592620566157	0.10703334390109756	0.042917026749539885	0.0689370571800143	0.2035881992945624	0.11995915920328828
0.14067436680257317	0.14105136069379098	0.16943822982226614	0.10806228735663173	0.07513507428113171	0.06878542087266412	0.20153415692173965	0.09531910324920226
0.13740437044942996	0.08741265798355569	0.1444431242432634	0.10991895824803644	0.16697829768626485	0.07331092080351628	0.17597478867927233	0.10455688190666086
0.1331327653276274	0.14230712749589414	0.15517073209273358	0.09720052382441902	0.08845371397750153	0.06792015512353265	0.20266940485809898	0.11314557730019247
0.1381042855189228	0.04641579840865179	0.18213818133112974	0.09597553718168993	0.16939896165555565	0.06903837389288392	0.19140881114703578	0.10752005086413016
0.14401515350840566	0.1425648868643214	0.18111741310750507	0.099905360334406	0.07860176042583862	0.07312741969396562	0.16313574010690446	0.117532265958653
0.13080048849627676	0.06378883834194655	0.17908645744339746	0.10869275830115221	0.16651635714280666	0.06674395111397502	0.17610599759784407	0.10826515156260104
0.14538820177496428	0.05120507848292849	0.14579731952150982	0.11800409912706232	0.20200780760366557	0.06715935090653649	0.16764536434824232	0.10279277823509045
0.1377942399176128	0.04972361440541097	0.16070119392350643	0.11062941953933696	0.18297415716764498	0.05895196845287469	0.19941752857619455	0.09980787801741842
0.15065693289577178	0.05386054463620618	0.19664590158603135	0.10691706655417729	0.16411200450579988	0.0717154442265511	0.15815051626915344	0.09794158932630868
0.14085179306898327	0.033887505850452526	0.1669387361833549	0.09941750645728806	0.20003415135793923	0.07101817398578	0.16541988202392233	0.12243225107227951
0.15044717308621705	0.12197662144757104	0.16877159735217157	0.09759227380204744	0.09144823916283218	0.07357865725950569	0.19433518968173266	0.10185024820792213
0.12195851238676403	0.11035749940225975	0.1744288415845504	0.10563685697488079	0.10803972945159274	0.06339247574565743	0.19699112730513144	0.1191949571491632
0.11414120752584245	0.1106089869902345	0.18369115867975266	0.1070969050238609	0.0931500668408475	0.0756816493978072	0.19997873289332613	0.11565129264832841
0.12475256291650554	0.10911734051166963	0.17933624354502736	0.09661949068864734	0.11630732815008973	0.06488622331965609	0.20076069594284346	0.10822011492556065
0.12332784132329813	0.10367336145485692	0.19455834757962318	0.10972098349911355	0.11448461699718848	0.06514256809804053	0.18158366268131432	0.1075086183665647
0.12788036126144012	0.06828778905614516	0.1558842452191552	0.10736807357067844	0.2063711442778719	0.06395874709039637	0.17180092961897925	0.09844870990533336
0.14946137481740887	0.050464952169132646	0.19488321127437308	0.11437094367239752	0.11199216726073456	0.058895486785292314	0.19595967853383228	0.12397218548682853
0.1290661863051035	0.047578756092633526	0.14286901321203746	0.10356729597577621	0.22900388882119255	0.07516951573679727	0.1732013346327093	0.09954400922374998
0.1396720429114201	0.06711221782161061	0.2033982706029369	0.0992612655191108	0.13426160603062276	0.06518486266286952	0.18018698233317035	0.11092275211825872
0.12267657767903692	0.12322017793714353	0.1623251436108139	0.11215502839290152	0.1353611365539349	0.07517884166749553	0.1545218074071907	0.11456128675148279
0.1301842490067539	0.09164679468820183	0.16772191073057996	0.10172803314591862	0.11375873291115739	0.07181243527320438	0.1987830340733352	0.12436481017084848
0.11820541173773925	0.07115893144827622	0.19831361937827058	0.09377376353546131	0.17741379073597707	0.06215664916277486	0.16953640811646384	0.10944142588503664
0.12860356130763487	0.0833364229261227	0.14283018614649873	0.10794160342993953	0.19462031890923676	0.06150527001944189	0.1727007581550265	0.10846187910609875
0.14070927307518927	0.03990898488860936	0.17379562001409593	0.1112644514256171	0.15212710137611435	0.07217813892145554	0.18637857923269402	0.12363785106622423
0.14670603771535687	0.05730357327259482	0.18311658841872652	0.1018165571869105	0.1516592087799354	0.07357553962301998	0.19099777171444243	0.0948247232890132
0.14221563543858073	0.12078630385966553	0.18393388312377812	0.1082451056296153	0.079657195572114	0.07129642485161182	0.17332868760584885	0.12053676391878544
0.14592748678196693	0.060341718304402533	0.20504807460454558	0.10040492580780021	0.09083459248573196	0.07395963460140523	0.20008352173473642	0.12340004567941093
0.124625725014704	0.11615323411367351	0.20518129073205257	0.09507579609521102	0.07638677796697918	0.06776588842255794	0.1892898479773656	0.125521439677456
0.1365993393533646	0.09457783621123853	0.14329292661989182	0.10583164709760876	0.1636923628526104	0.06820275621682659	0.1665852876409358	0.12121784400752328
0.12230850148633268	0.08360157731510759	0.14901354641259068	0.10000647058408847	0.22573671085663316	0.062467252179691304	0.15451225212338263	0.10235368904217326
0.1493219085636358	0.11539476116793311	0.2042045002726819	0.10129144311967489	0.08418727997746692	0.06827912960664988	0.1666437072991891	0.11067726999276817
0.15154514388658913	0.086041929844344	0.19840717436627142	0.0965653779308279	0.10016831734596421	0.07651613472695765	0.17407945262711588	0.11667646927192961
0.13274945810874683	0.05462935349072666	0.1873014308071969	0.10813626620355977	0.17880414013611615	0.06104174107432547	0.15507772381361254	0.12225988636571544
0.1268042886270959	0.05225617839076893	0.17549462934225377	0.10744287087533472	0.1955785859227911	0.07488703346150812	0.17240237335325673	0.09513404002699051
0.14735890437728733	0.04940021375450629	0.17473516071800954	0.09734931008719107	0.19182386127561918	0.057593567209664256	0.16616156586150754	0.11557741671621458
0.13058743825757946	0.04887133816451571	0.1692458168598244	0.11319221597506302	0.1923611161495238	0.07672146985341491	0.15063260932007028	0.11838799542000822
0.1229022535047211	0.03519120534159699	0.178238211239798	0.09407698457612515	0.22838481657085313	0.05782763607497331	0.1634770763983268	0.11990181629360527
0.14244709464265967	0.11195998264792234	0.144942658489448	0.1014227868579001	0.157962047490875	0.06920201017957253	0.173858509817296	0.0982049098743261
0.1336139167412528	0.03632134042711668	0.17940833954956753	0.10478832119350832	0.17916595193190785	0.0670059643140363	0.1873369241492056	0.11235924169340464
0.11528141223092135	0.09118608318298996	0.1575187734477759	0.11507470920976766	0.1585583887625017	0.07682360478215189	0.16078668797849913	0.12477034040539221
0.14119555045059742	0.11493507443441403	0.16617572434077943	0.09999117439647902	0.14304148327792746	0.06087634588363486	0.17092065372194493	0.10286399349422265
0.11819925720579631	0.1252212461252093	0.1908741360574313	0.11098974869604286	0.1288959352078046	0.05694863646255284	0.15327411707636177	0.11559692316880084
0.11532124443572474	0.12560629493610342	0.16443436972292774	0.10494447194513452	0.12519847979761564	0.060020659053409156	0.191443793026898	0.11303068708218653
0.13202792687483447	0.14657956549187098	0.17768981466710776	0.10966606275563075	0.05181053724973843	0.05931369702660881	0.19763440995656795	0.1252779859776406
0.12961097495210722	0.11030644381097024	0.20417996513785505	0.09617355178740247	0.09339701405563651	0.06652474602298909	0.19125134166433405	0.10855596256870513
0.12150643346285671	0.09975115979862832	0.1654100861634269	0.09740560599778725	0.17738057027792342	0.06424251729945306	0.1787447594228268	0.09555886757709735
0.1508146764224706	0.12024327025461115	0.15161212330463347	0.10535007369210858	0.09427632059170149	0.07571214918272227	0.20162680636249158	0.10036458018926062
0.11910366693898841	0.11313015088253114	0.18831625271691502	0.1096307431901482	0.14028355166332893	0.06323343409541861	0.16331648985837138	0.1029857106542981
0.14531164007966557	0.13292813545842344	0.1664372153504023	0.11185832844205089	0.07005161733317725	0.06996248355177184	0.19682263683898626	0.10662794294552225
0.14282800601261478	0.04523835145270885	0.200886847060588	0.10846081299498671	0.16977557856242534	0.06466326059179997	0.16015820770919442	0.10798893561568172
0.14130883498963043	0.039672701374801084	0.15433314987430408	0.11879275455762485	0.1879594018743373	0.059097998428204415	0.20190558452434287	0.09692957437675478
0.13306340567543876	0.12955054081875797	0.19895271802118428	0.09805780841979264	0.07872307660158837	0.06505062908681039	0.19721178409779705	0.09939003727863033
0.11573220958602545	0.10983975206312792	0.19745277351723453	0.11739661416932658	0.138988624954872	0.0574928703109331	0.15417996452705884	0.10891719087142136
0.12602635917895164	0.07481251775214526	0.17928069260086665	0.10540980189111188	0.14228063075497974	0.06209759188802212	0.18530595950927808	0.12478644642464444
0.1451805901339814	0.13490170204318902	0.14293899857423403	0.0955830787983428	0.1157701129099826	0.061494889486692766	0.1820078812717752	0.12212274678180195
0.13943797353827986	0.04961508592307287	0.17953668440341652	0.10235361193341756	0.15893609665605773	0.07652350912099333	0.18981571366040717	0.1037813247643547
0.11388546853415686	0.045814925349587754	0.18660562694913665	0.10335641029927457	0.1608441778496852	0.07673286840642196	0.20290294943237275	0.10985757317936401
0.12235591514633859	0.1349799798281297	0.2049707170933304	0.10756933648345945	0.08225184668310215	0.06906981193089753	0.1607852397778759	0.11801715305686608
0.12764892985242787	0.07040165828609724	0.15916642875284018	0.11943643711509493	0.14351684633115205	0.0676062955675103	0.19789342692218098	0.11432997717269627
0.14697377256872254	0.09396816361796106	0.2047731779870203	0.11573319636099813	0.10549399427692817	0.05720229576204848	0.16674318041713063	0.10911221900919041
0.13276335139092568	0.1459313429879405	0.1816900833731318	0.11022202865301134	0.08283546474110605	0.0655102164995362	0.18104607400603773	0.10000143834831046
0.13049263596093605	0.09096346643386988	0.16873047241299316	0.11171633617306563	0.14094255742631978	0.0671131257029587	0.1844068054737582	0.10563460041609835
0.13460410448504487	0.11738497550892435	0.1469136853856474	0.107233987720106	0.10227427629613567	0.06745761666241126	0.19902772419138326	0.125103629750347
0.1446423599144459	0.13086078449425534	0.1910014895758843	0.10785851922295635	0.027732906626213152	0.07436202928916337	0.20329927381265078	0.12024263706443061
0.12057035242331095	0.08109952910056155	0.1732295025719751	0.10507921357851002	0.14473433033163297	0.07462549959824677	0.1819771170494245	0.11868445534633787
0.15214902322190546	0.041502812036196796	0.1931651190287812	0.11026734927925909	0.13436310496714557	0.0733573934034783	0.17257766698047278	0.12261753108276052
0.117078293048163	0.11994256560057373	0.19999087338055266	0.10481550923020047	0.09963264234952043	0.07524883859874876	0.16654219150908672	0.11674908628315399
0.12616057074691778	0.1376634082070876	0.18983939785468226	0.10139201642619608	0.10350750453432994	0.06014366273969887	0.18131511550386992	0.09997832398721733
0.11883104467600217	0.10707765142822502	0.17458491902193157	0.10739549161787723	0.16858704025982085	0.062018558624245115	0.16318233063907617	0.09832296373282168
0.12155333145774272	0.10654954460942008	0.15109427563937775	0.10240067718042137	0.15316498209297072	0.059809391966401684	0.19337660678992466	0.11205119026374079
0.11301845055669558	0.06872569434826004	0.1877572220701098	0.09919411463569869	0.1970983598933228	0.07617281727841477	0.16251453061869378	0.09551881059880428
0.14934361653162667	0.10069412798653173	0.14739119035270137	0.10690867422312986	0.16022925522516762	0.062772246401032	0.15443370086615862	0.11822718841365189
0.14487495661375532	0.14821038411610915	0.1776443633968282	0.11677833972493844	0.04042419215137537	0.05790520897226854	0.19969906681478217	0.11446348820994257
0.1289110571226011	0.14431341814819965	0.1588727472701959	0.11612137347466445	0.10503742168960575	0.06446091749441522	0.18149778074506817	0.10078528405524956
0.14660693895825114	0.047939356479618445	0.19181330132243368	0.10058070790451781	0.1338532585411799	0.05773952254365533	0.20071780645048887	0.12074910779985458
0.1244671989912494	0.11525173866753675	0.17702851074661735	0.09976681932684434	0.12865775318855197	0.06534846399900607	0.1921811549023426	0.0972983601778513
0.12399250325329196	0.05993388633787945	0.18416062283030246	0.1138946023924104	0.17669359601278845	0.05732789475310052	0.1731136513528299	0.11088324306739658
0.12633136008214896	0.14525825734585535	0.17549772189799062	0.10257401588385173	0.11332619182852445	0.07311825003579107	0.16607982306338775	0.09781437986244987
0.13622797528240055	0.046780013110475915	0.19534314287069768	0.09599393263159031	0.1535946500276723	0.07264465697541	0.19584172410503853	0.1035739049967145
0.12819916704285136	0.06661799159291842	0.18533058633060262	0.10565049948581283	0.1309309041570328	0.06501546734022126	0.20482153729688912	0.11343384675367138
0.12042935013674097	0.037564499732180165	0.19210127800228569	0.10470973722522227	0.203191297179567	0.06332541030120024	0.1648115821712435	0.11386684525155998
0.12739044348025744	0.08357804327577656	0.15431175723142596	0.11686902208203342	0.14069079857590147	0.07409097052220774	0.17982579617720196	0.12324316865519522
0.13158442985155375	0.10640655238948118	0.2060215783383995	0.10093703403910956	0.07888575170387588	0.06346485077136121	0.20539713702403167	0.10730266588218704
0.121843229360811	0.13085098255298477	0.17740906177812468	0.11085437924669153	0.12115573888660598	0.060516574142035054	0.16258332450858154	0.11478670952416523
0.15081187289248854	0.1329439217529477	0.17599013830773808	0.10175686624002285	0.09061943359938146	0.06645466445843923	0.1667425461798525	0.11468055656912944
0.11624734072105575	0.12024746373658214	0.1468140147829644	0.1073523378864234	0.1513519563999005	0.0687347455540612	0.17067436570173133	0.11857777521728106
0.1297844500278767	0.037932765829854664	0.14753650099620913	0.10528674652242392	0.2311218383820151	0.0760162398658894	0.1617520445064857	0.1105694138692452
0.14933353520613046	0.10153182761666532	0.14200995898283764	0.0945704263573916	0.1447546305533358	0.06992241131584395	0.17587242384010246	0.12200478612769255
0.122133714695172	0.046031595608496345	0.15148781005530143	0.11834444790987936	0.2281752192051135	0.05674148016215039	0.16411492610457984	0.11297080625930693
0.15069976605950902	0.10912811723016186	0.16760883080752398	0.09648228956548219	0.15221358000833038	0.06577633315284659	0.15008330725163688	0.10800777592450887
0.1207241879282873	0.0589224512706676	0.1467292692487596	0.10560083419414697	0.2147059551066455	0.0585399635601276	0.19174987669000754	0.1030274620013577
0.12469091743686724	0.13449063002638753	0.15584207708754005	0.09392858375301553	0.14443224456524806	0.05897034903783649	0.1640023887378776	0.1236428093552273
0.13152944878541734	0.1064788764444915	0.18399468076575884	0.0957858221181558	0.11729953649007187	0.075648694543715	0.17400327484549533	0.1152596660068941
0.14842081084127662	0.07586611224436912	0.20218454861366542	0.11620344021302711	0.10707851463144008	0.05696402896602662	0.17627609359862006	0.11700645089157473
0.12391887823614262	0.13173005868794693	0.16324431973406606	0.10513197833658576	0.11134210099503053	0.06388316696223156	0.20058676801587433	0.100162729032122
0.11308045571555114	0.03475920059851334	0.18536303843276047	0.11328241728295124	0.17223735293959996	0.07587354094709399	0.19968767711988697	0.10571631696364267
0.11864667331346353	0.13760236749180713	0.16476707564914161	0.1024479155055804	0.1211705924750306	0.06127856906285703	0.17312112882993175	0.12096567767218774
0.15046009962337853	0.03374948864048491	0.1781548148729383	0.11471903646246848	0.21018613179780282	0.057901070978872954	0.15114953099145137	0.10367982663260236
0.14667439378062808	0.06268930633803416	0.20589519556732927	0.10940927173936889	0.08448024718048117	0.07447003674038566	0.1926641313251799	0.1237174173285927
0.13708892286882537	0.12314512358341691	0.14933294596005622	0.11226371460798981	0.11847140882934157	0.06385313139937535	0.1833913507712815	0.11245340197971306
0.126558866940746	0.10048894118719909	0.15707007224847838	0.11584209434764095	0.15950741297999416	0.06992140552477676	0.16509275851617536	0.10551844825498906
0.1174916185405841	0.0628370085754083	0.14150309658436108	0.11334920735846002	0.2330043147043085	0.05663380725450606	0.16915889036736728	0.10602205661500444
0.13764903696108372	0.0658664187463213	0.18919992781537687	0.11816915814361562	0.11194121792917938	0.06611340595408022	0.1866148475985943	0.12444598685174839
0.1180382810560562	0.06477182664244463	0.1886610528467976	0.11467879040608797	0.14330788601429723	0.07118471621267422	0.1839137283988823	0.11544371842275965
0.14103418040041385	0.06670078390968255	0.14807758941195098	0.10695414288043026	0.15637554175514845	0.07467176373451798	0.19434142371487	0.11184457419298571
0.14428695886935267	0.03374755109206776	0.17622342324929458	0.09472657857943285	0.18097020093185623	0.06774131570015046	0.1912161986502048	0.11108777292764041
0.14594865782049155	0.04251034587850307	0.16609017140445312	0.10407745158314376	0.19652261014835543	0.07021257906202549	0.1770614266635838	0.09757675743944358
0.13214941127214924	0.03630717381305609	0.15234875592829572	0.1010866573111702	0.2359428905025121	0.07622423646993087	0.1590706107569727	0.10687026394591287
0.12002533799055831	0.11550315421638499	0.183347717580116	0.09682703540873883	0.14119302451962168	0.06577409702347392	0.17302142483427232	0.10430820842683367
