0.15470331044175087	0.3846977875443801	0.4605989020138691
0.15045328500404415	0.3892433813920121	0.46030333360394393
0.15232123029908837	0.38805165222797366	0.45962711747293805
0.15396024528627011	0.3848483458258816	0.4611914088878483
0.14991363909760497	0.38719743591260036	0.4628889249897948
0.150096632531911	0.38842578926263244	0.4614775782054567
0.1541720196385779	0.39064804571847805	0.45517993464294415
0.1494966934722857	0.3912287112388696	0.45927459528884484
0.1537495991364498	0.38751134301930223	0.45873905784424807
0.15135718041865753	0.3936118744680768	0.4550309451132658
0.15226266887312945	0.38727367390856426	0.4604636572183064
0.15325652797111633	0.38424775311071924	0.46249571891816454
0.1527867499696395	0.38976205942043063	0.45745119060993
0.15246428186531397	0.3876142402451025	0.4599214778895837
0.152130418888545	0.38674360943439406	0.4611259716770611
0.1543519525236841	0.38537108837285056	0.4602769591034655
0.14968657129178303	0.39258889047620327	0.4577245382320138
0.15343910627432544	0.38578358679899805	0.4607773069266766
0.15283368959994648	0.3885911076921329	0.45857520270792074
0.14909708426628476	0.392590403089374	0.4583125126443414
0.14877532710101538	0.39409154141427916	0.4571331314847056
0.151685311171966	0.38925354825231445	0.4590611405757197
0.14947785380039175	0.39015244627932133	0.46036969992028703
0.15192078004902948	0.3862864686329005	0.46179275131807007
0.15187134240959138	0.3910311460635468	0.45709751152686195
0.15101248095855585	0.3872845016005013	0.46170301744094294
0.15045088640450416	0.39052051072599675	0.4590286028694992
0.1532401993287309	0.38621271839718163	0.4605470822740876
0.15132061126856472	0.38967354882391586	0.45900583990751953
0.14906759753062326	0.3920103922925317	0.4589220101768451
0.15072257821012044	0.3870215035804856	0.46225591820939405
0.1510843782882434	0.39043818118959855	0.4584774405221582
0.15397461145765637	0.3845686072326327	0.461456781309711
0.14884921333836953	0.3928009836644172	0.4583498029972134
0.1511097494674655	0.3915906048280984	0.45729964570443626
0.15342124470376647	0.38934247270470546	0.4572362825915282
0.15273652753901093	0.3842786813991822	0.462984791061807
0.15250277623553274	0.39085875072548015	0.45663847303898725
0.15224247578900568	0.38881452573760894	0.4589429984733855
0.15321113197290392	0.38767099971965296	0.4591178683074432
0.15145674579765475	0.38852135990179515	0.4600218943005502
0.15307398997027605	0.39191976835684417	0.45500624167287995
0.15133703132537457	0.3926935668658646	0.45596940180876094
0.15103088667914483	0.39150995071878514	0.45745916260207015
0.15145611852231378	0.3883448188786644	0.46019906259902194
0.15117515891136996	0.3864027511511734	0.4624220899374568
0.15239523979095065	0.39100804088159163	0.4565967193274578
0.154634358010676	0.3861266891193806	0.45923895286994354
0.15385907177005037	0.3894668219587955	0.45667410627115423
0.1503164628608173	0.38936040271624517	0.4603231344229377
0.14939682615100044	0.3934376665233446	0.4571655073256551
0.1531244992183236	0.3840155693388479	0.46285993144282866
0.1521189107225816	0.39252955110258303	0.4553515381748355
0.15235570119182035	0.3930455753678591	0.45459872344032065
0.15010687197025865	0.3909318777766196	0.45896125025312184
0.14920600214112073	0.3921964228771901	0.4585975749816893
0.15278218604125446	0.38853925080999135	0.4586785631487543
0.1492313579834159	0.3892770171276186	0.46149162488896567
0.15172479528690308	0.38494637425598555	0.46332883045711154
0.15213188602775163	0.3890023273851724	0.4588657865870761
0.14901187663316512	0.39311171974668174	0.45787640362015325
0.1513965032102879	0.387577437904921	0.4610260588847912
0.15046056666027263	0.3900474411073511	0.45949199223237636
0.15007888336571057	0.3897719579427543	0.46014915869153517
0.15380250810571278	0.38891948659894543	0.4572780052953419
0.15401761038438905	0.3861339265221154	0.4598484630934957
0.15089140742930632	0.39327104236205873	0.4558375502086351
0.1513205306574264	0.3916742044083392	0.4570052649342345
0.15121162444703035	0.39049445280227685	0.4582939227506929
0.1489535637915362	0.39405382129904487	0.45699261490941906
0.15121641366594035	0.39253898662727527	0.4562445997067845
0.1488687185557394	0.387874717854145	0.4632565635901157
0.15313377747402165	0.38429245844238724	0.46257376408359124
0.15336320962218442	0.3842782269724398	0.46235856340537596
0.15397001175171793	0.3907833266647795	0.4552466615835027
0.15293391460484118	0.38469507306349626	0.46237101233166267
0.1534393642231358	0.3890319065940245	0.4575287291828398
0.15351399507637586	0.3915581461802866	0.45492785874333763
0.15374490890792733	0.38632175410611796	0.45993333698595484
0.15114633009715694	0.39413272984092174	0.45472094006192143
0.1506804713027107	0.38752132628909364	0.4617982024081958
0.1507519668575963	0.39052918684797433	0.4587188462944295
0.15038594496309188	0.38793219682736757	0.46168185820954066
0.1526204129678638	0.3894025664900174	0.4579770205421189
0.14995916354511143	0.3896937420545513	0.4603470944003374
0.15293824950217083	0.39073445215847524	0.45632729833935404
0.14979945420327023	0.39188064405200945	0.45831990174472037
0.15437640374567613	0.38560727948053897	0.460016316773785
0.1533823265617265	0.3898456648363291	0.45677200860194456
0.14910039401749048	0.3942284170112339	0.4566711889712758
0.14999540497917183	0.3877094990219455	0.4622950959988828
0.14989023380537006	0.38901230000438397	0.46109746619024605
0.15212725671570745	0.3878504101132635	0.4600223331710292
0.1532096791573776	0.3854882460500065	0.4613020747926161
0.15473180209227738	0.3849027237038159	0.46036547420390683
0.15449441613030773	0.38448209880907475	0.46102348506061763
0.15101812928959862	0.38861161767371655	0.46037025303668494
0.1535833953100261	0.38994420720407064	0.45647239748590335
0.1510848774933239	0.3937346949339282	0.455180427572748
0.1511436521790529	0.39330660319975325	0.45554974462119396
0.15478286243890216	0.38779875083037696	0.457418386730721
0.1511876902149621	0.389718511856128	0.45909379792891003
0.15060283372606081	0.389299411334525	0.4600977549394143
0.15314298720995861	0.3911056102104742	0.45575140257956737
0.14896170355765384	0.38928265454886524	0.46175564189348106
0.15090291145193793	0.3900153836369095	0.45908170491115263
0.15455611150113135	0.39040743671154593	0.4550364517873228
0.1521267100788113	0.38599024676919397	0.46188304315199485
0.1547044355891411	0.3852430684398269	0.4600524959710321
0.15061748800552677	0.3878070863572122	0.4615754256372611
0.1489906725853541	0.3895909396483496	0.4614183877662964
0.14874649830224462	0.39063229244658376	0.46062120925117167
0.14915188153610348	0.3915025703386495	0.45934554812524714
0.15032029874389258	0.3876001914350319	0.4620795098210757
0.15133487213720154	0.38900280359933664	0.459662324263462
0.15130917273080918	0.39230882786532434	0.45638199940386664
0.15351366964780322	0.39154420274614565	0.45494212760605124
0.15205521768332236	0.3909904858567008	0.45695429645997687
0.14967837064507195	0.3910446796330045	0.4592769497219237
0.15207342342760505	0.38475597826435554	0.4631705983080395
0.14992545080305617	0.3936328701088367	0.4564416790881073
0.15241343906667387	0.3883727573029369	0.45921380363038933
0.1515601156165723	0.39097210313360015	0.4574677812498277
0.14891647725715818	0.3907491372625394	0.4603343854803026
0.14876739197665073	0.3889883539916583	0.4622442540316911
0.154529223926345	0.38542449210809876	0.46004628396555636
0.15268684768419988	0.38422885227135084	0.46308430004444934
0.15056318421740814	0.3915400976835685	0.45789671809902344
0.15317038740029	0.38848207957029307	0.4583475330294171
0.1498908456044567	0.3901463848981297	0.45996276949741377
0.15077802206610863	0.3923039086924034	0.45691806924148815
0.15031023446631928	0.39415560038984987	0.45553416514383094
0.1529552898079509	0.38730925698687324	0.45973545320517595
0.1538200626856842	0.38637171861072417	0.45980821870359173
0.14987997525051952	0.39369382406605274	0.4564262006834279
0.14869535077406368	0.391049526831892	0.4602551223940445
0.15239621104600237	0.39084452697507877	0.456759261978919
0.15368722460162554	0.3875978088964251	0.45871496650194954
0.1515870153107865	0.3897832029630383	0.4586297817261753
0.15127980348116443	0.39061914729240627	0.45810104922642947
0.15108652039450038	0.394062018830001	0.4548514607754987
0.1491591246656086	0.3882592530185657	0.4625816223158259
0.15295794123112594	0.39008064392778063	0.45696141484109354
0.1517777296378406	0.38870080116138805	0.45952146920077147
0.15175897178642553	0.3933254422775511	0.4549155859360235
0.14939366804352408	0.39325480216834674	0.4573515297881293
0.14916088574475614	0.3875405785492295	0.4632985357060144
0.1496679831026909	0.3925835161658183	0.45774850073149087
0.15259746647071123	0.38617855498312925	0.4612239785461596
0.15417325720000263	0.38797161284084375	0.45785512995915373
0.15427877177708121	0.38942741390096824	0.45629381432195065
0.15453210487033503	0.3863536816603925	0.45911421346927256
0.15287880595439227	0.38563228219143686	0.46148891185417096
0.1528887321803789	0.3865960845351568	0.4605151832844644
0.15286186486991354	0.38434118202649914	0.4627969531035875
0.15243225280092382	0.3923387061745928	0.45522904102448347
0.15442050749398234	0.3899083277810816	0.4556711647249362
0.1524986152905634	0.38446411524607743	0.4630372694633593
0.15127507327668485	0.39411930246841875	0.4546056242548965
0.15425866660305537	0.3851933739776018	0.460547959419343
0.1529104789383423	0.3861591505960589	0.4609303704655989
0.14888670956270977	0.39443930072234096	0.4566739897149494
0.15294252163400235	0.3915428306755347	0.4555146476904631
0.15388421580465556	0.38498486515897906	0.4611309190363655
0.15285569174204944	0.3843042161141885	0.4628400921437622
0.14984060336792587	0.38867269552028966	0.4614867011117846
0.151335401595304	0.3911662178701679	0.4574983805345282
0.15095887203894912	0.38857593296024534	0.4604651950008056
0.15265388131601287	0.3844467715608541	0.4628993471231332
0.1528289266797137	0.38654034157665274	0.4606307317436337
0.14967780288741672	0.3944564305692309	0.4558657665433524
0.1512201722468537	0.39233386682852434	0.4564459609246221
0.15159463459966263	0.39326345209914376	0.4551419133011937
0.1522241218772056	0.38832487669514	0.4594510014276545
0.1523869145236972	0.3865436564770757	0.4610694289992272
0.15363462373324455	0.3850426549167946	0.461322721349961
0.15339372379195165	0.38819595350991376	0.4584103226981347
0.14877084744733354	0.3898878621332046	0.46134129041946204
0.15454983358653673	0.3841273372623361	0.46132282915112727
0.15290984559932402	0.38645522128382814	0.4606349331168479
0.1545061268803078	0.38897310844050575	0.45652076467918656
0.14917860035548094	0.3941941012990016	0.4566272983455176
0.14985511371622073	0.39063578959399875	0.4595090966897807
0.14962597926468313	0.38775209057334803	0.46262193016196895
0.15046342835722135	0.3893853553759286	0.4601512162668502
0.14881368721555038	0.39003924857709266	0.46114706420735707
0.15417743194693956	0.3842242231313646	0.46159834492169594
0.15260126204857347	0.3874804661417255	0.45991827180970113
0.1499634261111092	0.3900552227661106	0.4599813511227804
0.15250928016134835	0.38757226663384886	0.45991845320480296
0.15274298827908295	0.39135835072770203	0.4558986609932152
0.14912804464810234	0.3876184391318552	0.4632535162200426
0.1489865740003981	0.3924218182563432	0.4585916077432588
0.1520069806122763	0.38860683518502426	0.4593861842026996
0.1512154534127428	0.385789038856887	0.4629955077303703
0.15153907250094442	0.3914789482997481	0.4569819791993076
0.1502451221036101	0.38866763718077657	0.46108724071561347
0.15351082456324777	0.3907184779349006	0.45577069750185173
0.15309420249675185	0.39029660397213684	0.4566091935311114
0.14969769582670947	0.39227111328080044	0.4580311908924902
0.15160047762545023	0.38918575604555317	0.45921376632899674
0.1527702579512975	0.38726575549763265	0.45996398655106996
0.14933253590806134	0.39427929391863176	0.456388170173307
0.1517428412211023	0.39345267148945956	0.45480448728943823
0.1545501936799343	0.3886654055631664	0.4567844007568994
0.15188566861244712	0.38541744531098626	0.46269688607656667
0.1505588333200927	0.38851948152340987	0.46092168515649756
0.15180316419671858	0.38849093326781475	0.45970590253546684
0.1514450914419233	0.38592293166416697	0.4626319768939098
0.14978646282211994	0.39055756027002597	0.4596559769078542
0.152165486908805	0.388272513053712	0.4595620000374831
0.15044469935023536	0.38648059401367224	0.46307470663609257
0.15458765316129758	0.3845376767904911	0.4608746700482115
0.15232231911938843	0.3880257355853778	0.45965194529523395
0.1542173329052779	0.38415530229310985	0.46162736480161237
0.15456578254775283	0.3892098541178241	0.4562243633344232
0.15259120882109115	0.38931459100413984	0.4580942001747691
0.1522202206471271	0.38502391203849173	0.46275586731438123
0.15401872663534527	0.3855299052629282	0.4604513681017266
0.1514657454986198	0.38799066000697374	0.46054359449440657
0.15362242531757242	0.38880376913911197	0.4575738055433157
0.15105748834091048	0.3927137806353863	0.45622873102370326
0.15313667892090643	0.3875002766619494	0.45936304441714426
0.15036815717008584	0.389832837066451	0.4597990057634633
0.1488828456917184	0.38872138209147	0.4623957722168117
0.15398853498952822	0.39001209813542087	0.45599936687505105
0.15155621325136692	0.39284470497378526	0.4555990817748479
0.15117702870940145	0.3883378429177237	0.4604851283728749
0.15215633824539365	0.39313587923979076	0.4547077825148157
0.14891867914698736	0.3900217823063662	0.46105953854664655
0.15071167368716798	0.38793154432175336	0.46135678199107877
0.15147788119999314	0.3934369926009925	0.4550851261990145
0.15023473153459654	0.3900337346890729	0.4597315337763307
0.1495583180216565	0.3909179452080685	0.45952373677027514
0.15127923171092195	0.393780240498964	0.4549405277901142
0.15048195102769052	0.39151663277541293	0.4580014161968967
0.152836362258356	0.3864822734474289	0.46068136429421525
0.15247125409039802	0.38615470637937843	0.4613740395302236
0.1536150610609914	0.38597732374111504	0.4604076151978937
0.1536333293826941	0.3873944499569336	0.45897222066037235
0.14987271011029765	0.3938719183062208	0.4562553715834816
0.15060788884935508	0.39417459831895363	0.45521751283169143
0.15114862585869535	0.38791970308311385	0.4609316710581909
0.15239447359996738	0.3878030520872357	0.459802474312797
0.15021187266081024	0.388451178327286	0.4613369490119039
0.14996922104162236	0.3914974901417147	0.45853328881666305
0.1522550847199992	0.3888007956368853	0.45894411964311554
0.1534880519891214	0.3859725878498782	0.4605393601610005
0.15335878165495445	0.3872393496684748	0.4594018686765709
0.15376332766783438	0.3901449932718199	0.45609167906034587
0.1543335161603513	0.38755568199121493	0.4581108018484339
0.1520759249642026	0.3847117573138146	0.46321231772198296
0.15035414872502137	0.3916813766272575	0.4579644746477212
0.15115274467723344	0.3938199542011445	0.45502730112162215
0.14909297262534094	0.3907908837142566	0.46011614366040265
0.15433981712631892	0.3905545214431112	0.45510566143057
0.1498815290985982	0.39057304063666726	0.4595454302647347
0.14903829400499333	0.394180090154375	0.4567816158406318
0.15143684385613032	0.390221308894878	0.4583418472489918
0.1538867058519945	0.3884551765812468	0.4576581175667589
0.15093511170337073	0.38803607969910003	0.46102880859752937
0.1522976774574637	0.38746510341118207	0.46023721913135435
0.14857221410083066	0.39173420426407957	0.45969358163508994
0.15184348498677402	0.3872243272648998	0.4609321877483263
0.14999372583981432	0.3867520873022575	0.46325418685792824
0.14889194261062538	0.393459233267233	0.45764882412214175
0.15085531450273346	0.3922847222886505	0.4568599632086161
0.15203626595073866	0.3905068846695562	0.45745684937970527
0.14928735303905769	0.3885198523490153	0.4621927946119271
0.15175702670022634	0.38900025108939074	0.4592427222103831
0.1517573123694113	0.38514351390563023	0.46309917372495857
0.15239174082605667	0.3842934641077269	0.4633147950662166
0.15402738716427938	0.3901280167456929	0.4558445960900278
0.1512135559954289	0.3898616168267037	0.4589248271778675
0.14923782811404518	0.39072312688062244	0.4600390450053325
0.15193852597810542	0.3926659425442055	0.4553955314776892
0.1504497229478053	0.3888211689484831	0.4607291081037117
0.15117785381153576	0.38980026732298806	0.4590218788654763
0.1512908271484069	0.3902536795463744	0.45845549330521884
0.15459003314520361	0.3877655323421815	0.45764443451261505
0.1539814728455644	0.3879392808197509	0.45807924633468483
0.15205709814262985	0.38636300336127594	0.4615798984960944
0.15286953818091428	0.38844820414492975	0.4586822576741561
0.15247117710011548	0.39247249926454025	0.45505632363534443
0.15346156723998639	0.3857888912115771	0.4607495415484366
0.14938395997977472	0.3939520923160391	0.4566639477041863
0.1502782521538082	0.3911887407139936	0.4585330071321983
0.1493176847446407	0.3886718884155881	0.46201042683977134
0.15379499851612388	0.3893147767704671	0.4568902247134091
0.15474337725269904	0.3882840615409014	0.4569725612063997
0.1511870107122725	0.38627591959121893	0.46253706969650865
0.15289802248639756	0.3905099313899656	0.45659204612363696
0.15363829535961898	0.3881883256017665	0.4581733790386146
0.15286273452996052	0.3870000723246548	0.4601371931453848
0.15204430320748816	0.38736146076680533	0.4605942360257066
0.1544223491968355	0.38743401131206495	0.45814363949109965
0.15176332855015873	0.3888356144584212	0.4594010569914202
0.15372734596263687	0.3850981816085591	0.46117447242880416
0.1495714675454965	0.3934989353945461	0.4569295970599575
0.15448343319893404	0.39021298119683356	0.4553035856042325
0.1532770579296539	0.38882634222753776	0.45789659984280845
0.15283957083179003	0.3878406408251192	0.4593197883430909
0.15227588989494206	0.3925808395486432	0.45514327055641485
0.15127090238209415	0.3907216279338839	0.45800746968402206
0.154257016548551	0.3892662150804255	0.45647676837102363
0.15279019992742282	0.3897075338930106	0.4575022661795667
0.14893858896349876	0.38834130491512303	0.46272010612137837
0.151851107204574	0.38514928188145203	0.462999610913974
0.15086430513038257	0.3891403411226675	0.45999535374695
0.14963651683642554	0.3871912275276056	0.463172255635969
0.15452203191874692	0.3890239146131056	0.4564540534681476
0.15022598848052585	0.388347721907476	0.4614262896119983
0.14867380174657618	0.3897608797171998	0.4615653185362242
0.15412137314252206	0.38678053060647744	0.4590980962510006
0.14956616820741997	0.39225131430665794	0.4581825174859222
0.15209658405622412	0.39244435525118043	0.45545906069259556
0.14990198745992517	0.3940270228549135	0.45607098968516147
0.15278922570133685	0.3903743980773275	0.45683637622133577
0.15306701976885773	0.3904312010236578	0.4565017792074846
0.15024220666004207	0.3932820080532341	0.45647578528672395
0.15244617014722356	0.39035184122939687	0.4572019886233797
0.15473956728723331	0.3883495974882082	0.45691083522455866
0.15265929173038711	0.39173806137224326	0.45560264689736973
0.15470027750021575	0.38462230971380884	0.46067741278597557
0.15145242478858514	0.38650129116492205	0.46204628404649295
0.15380468832271654	0.3875151084236551	0.45868020325362846
0.14895302144729394	0.3881555913399415	0.4628913872127647
0.15260758264051577	0.3844435313342484	0.46294888602523593
0.15349018510097795	0.38896409854108716	0.45754571635793506
0.15006994848909502	0.3875399466495992	0.46239010486130594
0.14975523365540216	0.3931507937388381	0.4570939726057599
0.1534356591547716	0.3843125552691992	0.4622517855760293
0.15256040775161808	0.3899208876745354	0.4575187045738466
0.14972899133070086	0.3892694741965201	0.4610015344727792
0.15284339349360257	0.39034318427125864	0.45681342223513893
0.15042425626125266	0.3928090172956034	0.45676672644314403
0.15170630508683808	0.38753906248925385	0.4607546324239082
0.1504912900089839	0.39391653523855746	0.4555921747524587
0.15016733565568072	0.38643659918711054	0.4633960651572089
0.15233572644708526	0.38648060500990566	0.4611836685430092
0.1504866057179975	0.3936084980335485	0.4559048962484541
0.14903111883541903	0.39328871532766546	0.4576801658369156
0.1508067563031216	0.3931799891081714	0.4560132545887071
0.15383041119989427	0.3868788554186779	0.459290733381428
0.1508576055263755	0.3923258686414106	0.456816525832214
0.15170617748808662	0.39357919214624043	0.45471463036567306
0.1509790995638815	0.3933754856499558	0.45564541478616283
0.15174285020571832	0.3849419909361048	0.463315158858177
0.1527593404248212	0.3858643016734565	0.46137635790172243
0.15198125093435205	0.3864012739469203	0.46161747511872775
0.15375940333750338	0.385798296265059	0.4604423003974377
0.14940540469035646	0.39011926907022826	0.46047532623941545
0.15206796102130493	0.390642238099711	0.4572898008789842
0.1519079005358551	0.3916639600287365	0.45642813943540855
0.15325564514824125	0.3914795964676474	0.4552647583841115
0.15481796835344874	0.3891768178397024	0.45600521380684894
0.15304393528979743	0.3880492525108762	0.4589068121993265
0.15367434962319249	0.38798366519723737	0.45834198517957025
0.15193737893127224	0.39251823356791715	0.4555443875008107
0.1523592576043578	0.3922369097934359	0.4554038326022064
0.1524865773930138	0.38897637200633334	0.458537050600653
0.15154894445009098	0.38602837913043364	0.46242267641947554
0.15391568194027164	0.3904835976440563	0.4556007204156722
0.15108236374385894	0.39216525806778507	0.45675237818835607
0.15400129836456813	0.3904162145589942	0.4555824870764378
0.15184650061604488	0.39343221284469887	0.45472128653925636
0.15311867494124387	0.3900936109988913	0.45678771405986496
0.15064152189868862	0.39061199900585514	0.45874647909545635
0.149256601958432	0.38823915866264713	0.462504239378921
0.1489275694074953	0.39118655029963584	0.45988588029286903
0.15263556867279598	0.38800638339639254	0.45935804793081164
0.15111320176168597	0.3920839990459876	0.4568027991923265
0.15194248676995065	0.3865219746928518	0.46153553853719764
0.15257439328098674	0.38425481349111945	0.4631707932278939
0.15419106276426958	0.38956155479038573	0.4562473824453448
0.1523207515444798	0.3892086872824382	0.45847056117308216
0.14872017074140031	0.3882615970601447	0.4630182321984551
0.1505326157736181	0.39207980458036357	0.45738757964601845
0.15383985188780247	0.3840175751036832	0.46214257300851447
0.15241614663080277	0.39050420004277064	0.45707965332642675
0.15239731085417096	0.3862181610957456	0.46138452805008356
0.15221254351845634	0.3845735805498078	0.463213875931736
0.15409851671512728	0.38867730716714044	0.45722417611773236
0.150961641383775	0.38613617002290956	0.46290218859331556
0.15445993143670783	0.38438764586604446	0.4611524226972478
0.15345421115786487	0.3846755174203046	0.4618702714218307
0.15189413440950733	0.3873750849844198	0.460730780606073
0.15476369632623954	0.38483519084073803	0.4604011128330225
0.15384164982340634	0.38578365095392886	0.46037469922266494
0.15477020468008	0.3901128259343624	0.45511696938555773
0.1525128936236816	0.38607687886171754	0.46141022751460103
0.15007381345720283	0.3875785404682034	0.4623476460745939
0.15130398967912373	0.3877382513598851	0.4609577589609913
0.15053550965535833	0.3906494136815699	0.45881507666307186
0.15203488724604863	0.38677409422818604	0.46119101852576544
0.15301857730732896	0.39173524629484296	0.45524617639782816
0.14911868780341977	0.38943382393819376	0.4614474882583866
0.14941089593853932	0.3939361774177326	0.4566529266437282
0.15318637452175546	0.38719220659576914	0.4596214188824755
0.14917070919124206	0.3918567606832693	0.4589725301254888
0.15141193134762831	0.3936529089519891	0.4549351597003827
0.15467025712807028	0.38526858387997637	0.46006115899195343
0.15039395759998514	0.3871808502007024	0.46242519219931255
0.15440474870178536	0.3854358197805119	0.4601594315177029
0.15293798698541428	0.3870388375949134	0.4600231754196724
0.1502037174669063	0.3895352921570432	0.4602609903760506
0.15401601388831448	0.3904066903423909	0.45557729576929473
0.1495933944298987	0.38881903785162136	0.4615875677184801
0.15057265817475401	0.3888548347224613	0.46057250710278486
0.15220887837601502	0.38557573664611416	0.46221538497787096
0.15224226735233887	0.38775403462631397	0.4600036980213472
0.14911298747104768	0.39297117202631116	0.45791584050264134
0.15384618971128894	0.3897991815712432	0.4563546287174679
0.1499955473157144	0.38879335969420636	0.46121109299007934
0.15353360449824874	0.38699146788228556	0.45947492761946584
0.15039494724081712	0.388596360434232	0.46100869232495095
0.1501203586180993	0.38947464003749843	0.4604050013444023
0.14999196510463098	0.38769555263949296	0.4623124822558762
0.15086773502792733	0.3915979408126179	0.45753432415945494
0.15401293045075404	0.38834734106048946	0.4576397284887566
0.15406734180392873	0.38412994219570684	0.46180271600036454
0.15140358002416082	0.39151645419921705	0.45707996577662224
0.15262278262664353	0.38984892480788985	0.45752829256546673
0.15097958561125818	0.393775735462176	0.45524467892656595
0.15089131098166436	0.39041224384742235	0.4586964451709134
0.1498122702657333	0.38866353391502495	0.46152419581924187
0.1546876682105879	0.3901022389845262	0.45521009280488606
0.14950710401460557	0.39235336487887057	0.458139531106524
0.15237250837346333	0.39228871383298775	0.4553387777935491
0.15386608193431717	0.38576938717885717	0.4603645308868258
0.15255327860783602	0.39018561019676623	0.45726111119539786
0.1499943116682128	0.38927913393016644	0.4607265544016209
0.15108923277669825	0.3871234898177652	0.4617872774055367
0.15223767021310616	0.3918549728383133	0.45590735694858076
0.15072683311007395	0.38699607242603523	0.462277094463891
0.15175502298089366	0.39341290583392813	0.4548320711851784
0.14938044246233895	0.38861254895758807	0.46200700858007315
0.15039183352794055	0.3914617689800025	0.45814639749205704
0.14975685688492427	0.3913034721863932	0.4589396709286826
0.14945035305083376	0.3910787049554206	0.4594709419937457
0.15017465342191522	0.39224519893983284	0.45758014763825205
0.15361989186256647	0.388497910293767	0.4578821978436666
0.15103293228012157	0.3913150127345059	0.45765205498537265
0.15044842194348398	0.38860191232966135	0.4609496657268548
0.15138845201859633	0.3900249463926183	0.45858660158878545
0.15243349144441154	0.38939803608151935	0.4581684724740692
0.14995776685067103	0.391377903607396	0.45866432954193315
0.1534677064629142	0.39098353760884796	0.45554875592823796
0.1538458672578613	0.38711167286932197	0.4590424598728169
0.15011046977556824	0.38716540848129577	0.4627241217431361
0.15185758894101975	0.38667774483617784	0.4614646662228025
0.153678503840739	0.38409743459773216	0.46222406156152895
0.14889619055886708	0.3924132335666697	0.4586905758744634
0.15270811637572967	0.38590471481902544	0.461387168805245
0.15160767306274592	0.38511992158714886	0.46327240535010533
0.14935728065391257	0.3888795973778025	0.4617631219682851
0.15223669879467205	0.3874822189186211	0.46028108228670694
0.14934005075663087	0.39007584813947815	0.4605841011038911
0.15159398235615956	0.3896418005826114	0.45876421706122916
0.15213157492495874	0.39051232341092973	0.45735610166411167
0.1535265953018608	0.3890883284762522	0.4573850762218871
0.1520102618683489	0.3867587028069442	0.46123103532470705
0.15199839871539944	0.38897857339631653	0.45902302788828414
0.15115876574725767	0.38648216167240634	0.46235907258033615
0.1492541212707118	0.38952142287585256	0.46122445585343574
0.15161726098786998	0.38498231594041527	0.46340042307171486
0.15094431376641182	0.3903899779575387	0.4586657082760496
0.15420244503220334	0.3840047960549927	0.4617927589128041
0.15315682329648256	0.38690236398876937	0.4599408127147482
0.15430664850703021	0.3878843525095544	0.45780899898341554
0.1535079653979305	0.38665382320231323	0.4598382113997564
0.15087816022143047	0.3901418726638683	0.4589799671147014
0.15071612408374035	0.39416290202571047	0.4551209738905493
0.15271653099435373	0.390257088567384	0.4570263804382624
0.1510608108985071	0.3897486788638084	0.45919051023768465
0.1540396712586053	0.38822753865289206	0.4577327900885027
0.1539789128135677	0.386340618284763	0.45968046890166936
0.15250379497346828	0.38594096925363175	0.46155523577290003
0.15468319126662272	0.3878866168957303	0.4574301918376471
0.1511073076792201	0.38731145142267503	0.461581240898105
0.15242249858375106	0.38602423469050345	0.4615532667257456
0.15289847734233344	0.3916953822621585	0.4554061403955082
0.15340667947105135	0.3897370937832607	0.45685622674568804
0.15476336269341467	0.38659151257788943	0.458645124728696
0.15090851581610895	0.38688390222983887	0.4622075819540523
0.15124949271771718	0.39294495720580325	0.4558055500764797
0.14944576305811633	0.3939127703118408	0.456641466630043
0.1535588205288294	0.3915410434358006	0.45490013603537016
0.14912639578238862	0.38895253770421706	0.4619210665133944
0.15462294994823206	0.3895006380511602	0.4558764120006079
0.15228604070461849	0.38951214228049824	0.45820181701488344
0.15281945553716433	0.38572563210150884	0.46145491236132696
0.152471420978424	0.3873684217820404	0.46016015723953574
0.15429307010322396	0.39087701320934554	0.4548299166874306
0.1525548149129042	0.38945506429569965	0.4579901207913963
0.15078039474208876	0.3868392259288862	0.46238037932902515
0.14887519163401192	0.3894128132563919	0.4617119951095963
0.14970266216479367	0.3921311230755363	0.4581662147596701
0.14959578433524628	0.38852283108043717	0.4618813845843167
0.1508912731625202	0.39047594775063615	0.45863277908684374
0.14943943381346333	0.3884621268037169	0.4620984393828199
0.15349658618361411	0.38438833736491573	0.4621150764514703
0.15428873745789598	0.3904721687602873	0.4552390937818169
0.14914240892110367	0.39044557988864603	0.4604120111902504
0.15054694431500953	0.3879011437936043	0.4615519118913863
0.15125871845397376	0.38605623837652986	0.4626850431694965
0.1500255475166499	0.3927918282676356	0.4571826242157146
0.15093240344711623	0.38784939622512976	0.4612182003277541
0.15288092031562928	0.3901152398842342	0.45700383980013665
0.15467141861349415	0.38527442025186526	0.46005416113464076
0.15179773500143334	0.3906723604012338	0.4575299045973329
0.149662057828516	0.3871519731728034	0.4631859689986807
0.1507816110928148	0.39356700811472956	0.4556513807924558
0.15238473905304978	0.3888413886124885	0.4587738723344618
0.14940183795853174	0.39005512028447253	0.4605430417569959
0.15366467908175127	0.3892911820740852	0.4570441388441636
0.1493491978673811	0.39232512214954013	0.4583256799830789
0.15310993970261957	0.384214000937689	0.4626760593596916
0.15091777399707926	0.3883123738839634	0.4607698521189575
0.15259424240648323	0.3919039373501193	0.4555018202433976
0.15408098916981586	0.38690172215467744	0.45901728867550684
0.14891488410793477	0.39433117229167397	0.4567539436003914
0.15445572744098235	0.386568796232169	0.4589754763268488
0.15278420376751542	0.38570961420171684	0.4615061820307679
0.14933211501105353	0.3895943467278816	0.46107353826106495
0.1524704232259606	0.389215001742763	0.4583145750312765
0.15065110828762018	0.38906313519643804	0.4602857565159419
0.1502202931088717	0.3870814657378059	0.4626982411533226
0.15464593853814068	0.39072417064349896	0.45462989081836047
0.15229746725407323	0.3858539585715842	0.46184857417434266
0.1519914808120704	0.39304592539248506	0.4549625937954447
0.15023405803354134	0.3895843472225986	0.46018159474386017
0.15103842365868253	0.3871770546762798	0.4617845216650378
0.1522726752456371	0.39268455344812775	0.45504277130623527
0.15462176292572197	0.3881655812682301	0.4572126558060481
0.15013632136700822	0.39011612126807943	0.45974755736491246
0.149576672777045	0.3923953870123057	0.45802794021064946
0.1540233850704702	0.3870311202092504	0.45894549472027957
0.15149011626440698	0.39100779525570684	0.45750208847988627
0.15202031035072788	0.38768435060654627	0.460295339042726
0.15331893314674672	0.3851045754676255	0.46157649138562795
0.15330189469818234	0.3866841668744353	0.4600139384273825
0.15351051338119182	0.39070039816295726	0.4557890884558511
0.1489365129460527	0.3888984195755076	0.4621650674784399
0.1519460226101057	0.3867291909407857	0.46132478644910874
0.14894759120914602	0.38790104355766125	0.46315136523319284
0.1540121604385972	0.38953893643899434	0.4564489031224086
0.1494548526321741	0.38942835967383815	0.46111678769398784
0.15438144841218765	0.38771686856874754	0.457901683019065
0.15327873009664705	0.3856377566143421	0.461083513289011
0.15105155706486334	0.38620211927409076	0.46274632366104607
0.14964631890261493	0.3906721190380865	0.45968156205929867
0.15416423246505695	0.39077490491125083	0.45506086262369233
0.15083248674720512	0.3933777183082704	0.45578979494452465
0.15196317475076304	0.39040234707416316	0.4576344781750739
0.15295955021880348	0.3877572586416994	0.4592831911394972
0.15164942304833168	0.3929386987504913	0.4554118782011771
0.1545290414728515	0.3862809702519253	0.4591899882752233
0.1537143246705081	0.3903459044263345	0.4559397709031575
0.1517172821612951	0.389423564993999	0.458859152844706
0.15126937654470063	0.39078491529220444	0.4579457081630951
0.150335712501853	0.39124628317304194	0.4584180043251051
0.1523462506896721	0.3849820674975836	0.46267168181274443
0.15345112699858215	0.3900653603695568	0.45648351263186115
0.15056194636752668	0.3887237084031471	0.4607143452293264
0.15419992285104928	0.385977302931327	0.45982277421762385
0.15226081379378714	0.3850890375432919	0.4626501486629211
0.14986284228178542	0.3931598918536157	0.45697726586459897
0.15265686679454554	0.38694336586706624	0.4603997673383884
0.15099662908779268	0.3931424817402036	0.4558608891720038
0.14960880781841648	0.39269566910825715	0.4576955230733265
0.14961795615456047	0.3942728193939092	0.45610922445153046
0.15017701845742387	0.3896837436846186	0.46013923785795763
0.14927009593779644	0.39070782828055256	0.4600220757816511
0.15139199166612655	0.3886311433270755	0.4599768650067981
0.15097370882322486	0.3893713920796217	0.4596548990971536
0.15342277562127854	0.38951461481695193	0.4570626095617696
0.15455643856574586	0.3867090527252971	0.45873450870895716
0.1500577362279322	0.39054157113602983	0.4594006926360381
0.15216641524914667	0.3906832693728678	0.45715031537798567
0.15448932508664615	0.3902197916377605	0.45529088327559347
0.15299888410782422	0.38593725192746337	0.4610638639647125
0.1507294047544952	0.39125630663560723	0.4580142886098977
0.15181760536745725	0.39340014949100877	0.45478224514153415
0.15258303019172664	0.390061771328301	0.45735519847997247
0.14894335733041614	0.38814284363300017	0.4629137990365838
0.15253740316657172	0.38434867698480507	0.4631139198486234
0.14983351021541197	0.39053403969275347	0.4596324500918346
0.15424859900639462	0.38484053757966097	0.4609108634139446
0.14973459307386738	0.3936591979293722	0.4566062089967605
0.15443850112134605	0.38724689389547234	0.4583146049831817
0.15281349416772028	0.38556201156530223	0.4616244942669776
0.15375193116000588	0.38772354351735566	0.45852452532263854
0.1486589411786953	0.3899331879662528	0.46140787085505197
0.14921346852885345	0.39194268760409356	0.4588438438670531
0.15460758512717415	0.38887269810903513	0.45651971676379083
0.15049009529251972	0.3912267416817214	0.458283163025759
0.15155515569745	0.3888056842421381	0.459639160060412
0.14949456126915323	0.39432651378049677	0.4561789249503501
0.14967510736707135	0.391448597438405	0.4588762951945238
0.1524815382313909	0.39079890277198004	0.4567195589966292
0.1511973374698664	0.3890313399794346	0.4597713225506991
0.15233069946319058	0.38858993846037393	0.4590793620764356
0.15483864274711606	0.3888146067111376	0.45634675054174645
0.15138675149868974	0.39375405648937367	0.4548591920119367
0.15112182296345356	0.392605198226909	0.4562729788096376
0.15242871733337326	0.3863046293890635	0.46126665327756333
0.14927971370098397	0.38771076817585814	0.46300951812315794
0.15342647036617554	0.3906646126926181	0.4559089169412065
0.15064821277065077	0.3926493887104031	0.45670239851894623
0.1501972397890331	0.3901115990259094	0.45969116118505765
0.1530818010310149	0.3844696050809332	0.462448593888052
0.1510783139867173	0.3862299141419738	0.46269177187130905
0.15049901068781069	0.3909687370694763	0.4585322522427131
0.1504834693198806	0.3932153652709305	0.4563011654091891
0.1496429491231241	0.39329829903045405	0.457058751846422
0.15097043590374604	0.3903355477716595	0.45869401632459456
0.15062375367129827	0.387813181417151	0.46156306491155086
0.15158307467837306	0.393421550717227	0.45499537460440004
0.15434150335830812	0.38703789118733084	0.4586206054543612
0.15072607246670539	0.3859022865523073	0.4633716409809874
0.14955695385840706	0.39162906402272424	0.45881398211886887
0.15127071429158	0.39403385476587444	0.45469543094254566
0.15360332970590607	0.3908535295734175	0.4555431407206766
0.15009203171189606	0.38819325166360846	0.4617147166244956
0.15006073705325318	0.38813235001265456	0.4618069129340924
0.15348685755608554	0.39021545647843625	0.4562976859654783
0.15193807098185785	0.38809249670047175	0.4599694323176705
0.1518551244363804	0.39004372812479754	0.45810114743882213
0.15009352530620412	0.3898899131916168	0.4600165615021792
0.15337356479295028	0.3853227654981981	0.4613036697088517
0.1541503159635369	0.38591245679072794	0.45993722724573527
0.15463508286875283	0.38682635115784036	0.4585385659734069
0.14981033999040805	0.39075455223294764	0.4594351077766444
0.15478437369402748	0.3903066410892374	0.45490898521673523
0.15144274286596437	0.38532877390542447	0.4632284832286113
0.15427953478917214	0.3873052800127019	0.458415185198126
0.1520551366078059	0.3852156232185183	0.4627292401736759
0.15213920159290745	0.3881603202843556	0.45970047812273707
0.1504908832041963	0.3884047666246174	0.46110435017118645
0.15103752478216365	0.386380146145846	0.4625823290719905
0.15467615786001027	0.3877897817562231	0.45753406038376676
0.1515421373085158	0.392143961818	0.45631390087348433
0.1501472558516105	0.3906141506537284	0.45923859349466123
0.149828359177409	0.3886897469011325	0.4614818939214586
0.1547769835946137	0.38508347376431634	0.4601395426410701
0.15189862137527405	0.3906574017935624	0.45744397683116367
0.1504633868523013	0.39359212164565593	0.45594449150204286
0.1490473479284039	0.38879405961385927	0.462158592457737
0.15301130247199907	0.3911360543221096	0.4558526432058914
0.15126169638752845	0.38758450613764694	0.4611537974748247
0.15326247089772826	0.39131523399002965	0.4554222951122422
0.1518582346042883	0.38975093114877185	0.45839083424693994
0.15276110720915112	0.3850595723177285	0.46217932047312044
0.15315402458297375	0.3889945473505523	0.4578514280664741
0.15361856227961646	0.3871431340908489	0.45923830362953477
0.14973626761714176	0.38887491292967424	0.4613888194531841
0.15309762218482514	0.3885429865262374	0.4583593912889376
0.15139076549486027	0.38888517120545496	0.45972406329968485
0.15187510774253804	0.39354363369383993	0.4545812585636222
0.15281553199203451	0.39011060534610187	0.45707386266186373
0.15147357752022783	0.3904436137048243	0.458082808774948
0.15214397929922116	0.39305453248456546	0.45480148821621347
0.15078568230440226	0.38614872807652506	0.46306558961907285
0.15354195525932618	0.38989629903853895	0.456561745702135
0.15031963065188186	0.38681194219071285	0.4628684271574054
0.14993274858300076	0.39059772150089683	0.4594695299161025
0.15256533635154046	0.39250852835299405	0.45492613529546555
0.15236984720629082	0.3866832466223663	0.460946906171343
0.1526902409291565	0.39065260835053156	0.45665715072031204
0.15310257049152648	0.3867070790462821	0.4601903504621916
0.15416217569833826	0.39122875300095256	0.4546090713007093
0.15309813878877893	0.389062822163232	0.45783903904798917
0.15398131936882514	0.38665404625773114	0.4593646343734439
0.1534087742439511	0.390745095762453	0.455846129993596
0.14861862958757616	0.3885498365503577	0.4628315338620663
0.15363569135167024	0.38995488885786	0.4564094197904699
0.15058356953242272	0.3931438198477808	0.4562726106197966
0.15364864527383051	0.3847851825089285	0.46156617221724106
0.1515570481009028	0.3886950160394584	0.4597479358596389
0.14982935352631402	0.3896673137578437	0.4605033327158424
0.1523158567360306	0.3892587741742078	0.4584253690897617
0.15268327907326393	0.3852471439242513	0.4620695770024849
0.15483332073071443	0.38463202876390573	0.46053465050538
