0.16764412620281638	0.15324237936661275	0.3276012638233031	0.2653403565428441	0.08617187406442343
0.16514924448119062	0.15600326154784355	0.3003837919505407	0.2854995453376399	0.09296415668278507
0.15729627178573719	0.16893675646403924	0.32724894050631215	0.24227078215574355	0.10424724908816768
0.1757148737307942	0.15061565073719363	0.31661664627983876	0.2683414390536272	0.08871139019854607
0.1690215914040439	0.15358461217888814	0.2955444686116448	0.2744644726348989	0.10738485517052404
0.16561165374831568	0.1484655192872107	0.3402586088415266	0.24398473138293872	0.10167948674000812
0.1743306185889823	0.17399873634323154	0.2867432974564008	0.26670723948489705	0.09822010812648813
0.1615901994617332	0.1624501444352394	0.31305965999374463	0.2613260223430759	0.1015739737662067
0.1710595199111098	0.17561685940534003	0.2922250477095043	0.26649840210143566	0.09460017087261
0.15734008585483844	0.16653279302902085	0.29939842828210683	0.2785476959165407	0.09818099691749295
0.1482184946107232	0.15276464193135508	0.340939422012885	0.2574395933849061	0.1006378480601304
0.15872804627954504	0.15248492985812132	0.3311797174341219	0.2527137593286256	0.10489354709958595
0.174198887408964	0.17349489232250392	0.305731297526019	0.24917878426645257	0.09739613847606027
0.1686852764192588	0.1638897157483197	0.29885873238680166	0.281569443943882	0.08699683150173765
0.1619650429772621	0.17928946901430148	0.3208508141382424	0.24844191623527187	0.08945275763492193
0.1571702205217	0.17219859533240583	0.3338426254049254	0.2480920570404857	0.08869650170048288
0.14588081054974048	0.16406294449866443	0.3063759765188041	0.2842262559546874	0.09945401247810341
0.16229644846069427	0.15969434366687527	0.30145055019153344	0.278178846177582	0.09837981150331485
0.1568715437638771	0.15554730450645063	0.32491355682285317	0.25990194088209206	0.10276565402472686
0.1603520868708607	0.14678946905133944	0.32688229172926	0.2597130789974996	0.10626307335104013
0.1508408174261765	0.17333997132062978	0.31934266685635626	0.255302945265247	0.10117359913159027
0.1462040795456148	0.1545710505628798	0.3339548167559371	0.2759332096811642	0.08933684345440397
0.16948985716816087	0.16388504869658738	0.32061891004120857	0.25891058465713085	0.08709559943691217
0.16659715661213415	0.18319192178566257	0.2958673070479646	0.2617427772027877	0.09260083735145075
0.15900063713779067	0.15809072868306362	0.3395398047866214	0.25533314230253484	0.08803568708998927
0.14829607677572268	0.17122289674111316	0.2899436107410238	0.3016757943270345	0.0888616214151056
0.1617554770403285	0.14940889294139462	0.31776680980330385	0.277182561707472	0.09388625850750085
0.1502043093870779	0.15599899865662825	0.2976893100609094	0.29173412629572987	0.10437325559965441
0.14635463609472316	0.1630907045634808	0.30640991948911794	0.2818112136360984	0.10233352621657955
0.15838241785570506	0.17379080065615998	0.3095200434688569	0.2599225931693114	0.09838414484996647
0.1546188873635967	0.17619322001911122	0.32524757912423385	0.24111052258747145	0.10282979090558661
0.15747018560977669	0.17598077358254186	0.30271815153223625	0.27303278720979557	0.09079810206564942
0.163253729065693	0.16520728223761802	0.28828139787341245	0.2809474482697986	0.10231014255347769
0.154187684430386	0.1804536943794252	0.3077010907121462	0.2668983989836421	0.09075913149440032
0.1620935174251051	0.1752680122549617	0.2862070881389127	0.2820490825470222	0.09438229963399804
0.15764943916977117	0.18101326682662927	0.28759453435700577	0.28674812743492456	0.08699463221166903
0.16041411915995238	0.16738741542666216	0.317464735087807	0.25619493008677763	0.09853880023880066
0.16556130584221365	0.15126465705940348	0.29499332558021185	0.2892636807949311	0.09891703072323974
0.17090725401088924	0.17871252561595083	0.3154304777670259	0.2417446413147507	0.09320510129138317
0.16699331962070732	0.15361182224900533	0.2962502505675365	0.2958176682406333	0.08732693932211727
0.14848976465691063	0.17116770512026294	0.3330702888407484	0.2484417128931216	0.09883052848895625
0.17088494342084648	0.15988245285511873	0.3169043495245655	0.24512672402267308	0.10720153017679601
0.15345692938846922	0.17435393573367775	0.3338455502673341	0.25217464180768784	0.08616894280283094
0.1456407788341137	0.1711408423584089	0.32037493863331085	0.273223433066023	0.0896200071081434
0.1514247888263487	0.14896780821150063	0.3374382599062866	0.271932831460244	0.09023631159561984
0.1599707277512644	0.17762603610783548	0.28720070861467806	0.2802258837817686	0.09497664374445328
0.14665907158057942	0.17514006222983122	0.33840606146173613	0.2459360373310825	0.09385876739677063
0.1507181916709144	0.18269858920601767	0.30110580372762286	0.2707685422715776	0.09470887312386726
0.16530102512509887	0.18255301968376159	0.2977264484055497	0.2646890957723459	0.08973041101324376
0.17480746067003428	0.16140131838976468	0.3077895742196993	0.26257045657748324	0.09343119014301834
0.14710484778535685	0.15260675341469399	0.34079058690210273	0.2717312750042382	0.08776653689360803
0.1620228179800831	0.1518832336948212	0.32259197265891293	0.26357034294858495	0.09993163271759758
0.14766066771568662	0.1789637708809977	0.3313011816516512	0.24557711860781556	0.09649726114384877
0.1542241119833806	0.1468515357132974	0.3237174163184681	0.28816388750129207	0.08704304848356165
0.14890005716759508	0.1472902077332289	0.3062208864680404	0.29589947258491156	0.10168937604622388
0.1758521494885968	0.16903294182648268	0.31350032380053316	0.24978262186562095	0.09183196301876619
0.15714335601365376	0.17253910159030686	0.30676759833623773	0.2691846279020279	0.09436531615777353
0.15968168961096016	0.15645272333407292	0.2879428344600362	0.3055182892958736	0.09040446329905685
0.14752035510536707	0.17136773615657885	0.3077116206841274	0.2766059483488231	0.09679433970510332
0.17052014058768844	0.15117730687803563	0.28843186903673385	0.30173595681958365	0.08813472667795824
0.169411209980328	0.15021097669040967	0.28617166626589086	0.2888266299980978	0.1053795170652735
0.16829206230390853	0.1476573781062595	0.3285493094905341	0.26582108230631457	0.08968016779298302
0.14586972587895375	0.1704599271435019	0.29247486809599554	0.3053768147928504	0.0858186640886982
0.15477662414852433	0.1629266686571045	0.30122500755599757	0.2943128242544979	0.08675887538387553
0.15640612667781018	0.17024161641544222	0.2996632449017037	0.27140713891892343	0.10228187308612031
0.14618456160628338	0.18184419340016678	0.28799713062348564	0.2872524894603406	0.09672162490972343
0.17182653007444001	0.148664547300081	0.33161868472197154	0.2543843740564541	0.09350586384705313
0.15811386630157545	0.16255931726503436	0.2932411574446095	0.2806381317503158	0.10544752723846469
0.16144140130003923	0.1510607514102516	0.30234202033992097	0.2828384749214865	0.1023173520283015
0.1568617308431412	0.1772412109360929	0.31390108430205577	0.24677989065156483	0.10521608326714513
0.1682795099342788	0.14974689805381758	0.2913079744534852	0.2898890841840966	0.10077653337432163
0.15493058956807454	0.15233736290091773	0.30028984185552765	0.3023059254054481	0.09013628027003179
0.15627242400308872	0.17645569100952346	0.3182814738765255	0.2551361557892196	0.09385425532164256
0.1680781117877525	0.15108794529696581	0.31250610980828547	0.2694088915458646	0.0989189415611314
0.1492959458027924	0.160829504046352	0.3383149158367852	0.2633276695855415	0.08823196472852876
0.16058317600054914	0.14999253256740194	0.2998787502291022	0.29013509453299713	0.09941044666994936
0.16272618508139072	0.1622841697195946	0.3216102873882717	0.2530387358700781	0.1003406219406647
0.15370549851423657	0.1480780880180041	0.32992084606183775	0.2755490558367525	0.09274651156916891
0.14910561586278753	0.1628194955633407	0.3109937412886467	0.28279183435146465	0.09428931293376024
0.15757848317886178	0.1476858405696725	0.33924056203619074	0.26576458634337474	0.08973052787190008
0.17145623004059984	0.14806878711009142	0.2939453900678928	0.2993865404830727	0.08714305229834306
0.16644512394150096	0.1575240699852044	0.3310731819979039	0.23996794170438146	0.10498968237100903
0.14743815390905163	0.1606429836492883	0.3061002374017579	0.2829860953724934	0.10283252966740863
0.14969807698677046	0.14934911550946747	0.3346664884051175	0.26130838041500376	0.1049779386836406
0.1732064357347609	0.15055376960550923	0.3054303687222165	0.28321552714468645	0.08759389879282671
0.17282679662681638	0.17901886211141865	0.29281037463103454	0.26787786129134644	0.08746610533938376
0.15249279907508254	0.18110296804836323	0.33966134423629546	0.24054520519252126	0.08619768344773734
0.15558201681929257	0.1653285646226384	0.33176321351559723	0.24700908896980173	0.10031711607266988
0.17164131981187802	0.1662050720793959	0.3291997033633996	0.24396355419749707	0.08899035054782921
0.1562848965635053	0.16061189381656882	0.32894645779377846	0.2518366477983389	0.10232010402780833
0.1748584598427636	0.1468380164857555	0.3245577290654855	0.2582428170583706	0.09550297754762453
0.15436374137899528	0.18302600740447506	0.29336586741963977	0.26924339661157987	0.10000098718530984
0.1553924950607621	0.18326801165945822	0.28521097196933415	0.2756564738784064	0.10047204743203894
0.17523620146302915	0.14725044340441432	0.3353358285654009	0.24959189894051342	0.09258562762664198
0.17541449416505495	0.15445864603486398	0.32305249234277833	0.24554359902670608	0.1015307684305965
0.17347397724534763	0.15662464154682715	0.31357292012228216	0.25656946131498204	0.0997589997705608
0.16977401428523106	0.15476878989711054	0.3007901509149634	0.27434984012545016	0.10031720477724457
0.15455408104033982	0.16802823242849788	0.3056914847424965	0.2649798189985319	0.1067463827901337
0.14930281679107904	0.17767373183531215	0.28476627580193165	0.2855094438120702	0.10274773175960676
0.1497615167554878	0.18380114845703632	0.3061294713150283	0.2699930872668349	0.09031477620561247
0.1548444446568856	0.16053301618132604	0.32629130934459405	0.2558171157761493	0.10251411404104477
0.15571827560871196	0.15545833179402518	0.2974402591298311	0.293637286381937	0.09774584708549458
0.16191218368513743	0.18156256744437585	0.29521098327373996	0.2654031164819817	0.09591114911476488
0.16770272470019681	0.15374582299642925	0.29408896222046016	0.2807841486608496	0.10367834142206397
0.1605340453145082	0.16853685076454888	0.31342151887527026	0.25721371132185267	0.10029387372381976
0.15104048898947267	0.17437097339670027	0.33659061024184883	0.24700069546653863	0.09099723190543943
0.14711992728881113	0.18347263348638607	0.3163684968126823	0.2522305695345416	0.10080837287757875
0.16295974114640566	0.1469790489701721	0.3370520162784116	0.24741255171465323	0.10559664189035718
0.14634487697125678	0.1495694256358845	0.30628203589466274	0.30523459455150825	0.09256906694668755
0.16293301785310968	0.17733971362088916	0.2950754740900153	0.269708872172735	0.09494292226325068
0.163109115225609	0.1540644397853252	0.3280522490714146	0.2588657628812253	0.09590843303642566
0.15481056568796953	0.17423487865801832	0.28353989319499284	0.291304196887356	0.09611046557166315
0.17046466443849131	0.15663625619786725	0.3217227139429355	0.24998674128431259	0.10118962413639312
0.16183957145623565	0.17905550208125903	0.29809751194730194	0.271064272808126	0.08994314170707718
0.15081633486097412	0.16484116806739	0.3259014771916049	0.25479181779275184	0.10364920208727899
0.17120422952967906	0.15080381427477502	0.30105809696819363	0.2698894887916369	0.10704437043571527
0.15971976858487172	0.17581314446202329	0.31717419846048195	0.24421989864978144	0.10307298984284144
0.1499154857918276	0.15384295308114948	0.29245433399738385	0.301858117729859	0.10192910939977994
0.15560747141112005	0.15564102097151658	0.30611487040043783	0.28010515587925566	0.10253148133766965
0.158870126963907	0.1807819020863461	0.2914522228117014	0.26578235455659	0.10311339358145534
0.17174568193224496	0.15518535397171435	0.3076620664349635	0.25831667764709665	0.10709022001398032
0.15963616185768081	0.15727515683274262	0.3030804505844313	0.28304907545160246	0.09695915527354262
0.17644146137958144	0.16964000132740928	0.30494932496290417	0.26064140065849545	0.0883278116716094
0.1718038656140295	0.14674191682493862	0.33052506568223683	0.2563755728632996	0.0945535790154953
0.16190092084435426	0.14960136220345766	0.31356179856604893	0.27608680164842303	0.09884911673771596
0.16104574930056664	0.17176386258976734	0.33446917778826035	0.2384778627021963	0.09424334761920916
0.16231496224055084	0.1482157739215254	0.3207549516657098	0.26513984359590625	0.10357446857630753
0.16590354427397724	0.15889836062339327	0.3198295640682228	0.2557348652135142	0.09963366582089228
0.15328139505593286	0.15891895385190585	0.30631189727450053	0.2757970888901051	0.10569066492755547
0.14980249963678674	0.16364147873257368	0.3100304530498543	0.27711264263118085	0.09941292594960424
0.14807579860655073	0.15383882216728667	0.32083397403407365	0.2838380202244175	0.09341338496767121
0.1598799049700498	0.1539108435519874	0.31290380547904983	0.27910461999561487	0.09420082600329789
0.15494496372538563	0.16975995981423853	0.33471825253982435	0.23921559251630517	0.10136123140424616
0.15389534012704445	0.16209639051511726	0.2990204976894554	0.29771343336058775	0.08727433830779502
0.1519646015234205	0.18053035931028946	0.33673935054938164	0.2422479971658943	0.08851769145101393
0.1453090968427117	0.17802999427317875	0.3016864895981345	0.2801425248340686	0.09483189445190629
0.14724638378200477	0.18213231495723448	0.3069273146577304	0.26367540246446936	0.10001858413856086
0.17517809433360823	0.15251301592309618	0.34004698854640847	0.24222112780056218	0.09004077339632474
0.17548767682065453	0.1770824329308573	0.314572572379304	0.24048720028096526	0.0923701175882187
0.17058911334578614	0.15247347356452529	0.3198736016386735	0.2671995582456115	0.0898642532054034
0.1745949827496453	0.1822478033172079	0.28836906255037636	0.2500392408838381	0.10474891049893212
0.15656271652376652	0.17948238309369177	0.3274970209883024	0.24661257331334685	0.08984530608089225
0.1543461706594137	0.1570675716619968	0.3273059030932742	0.2569879898196643	0.10429236476565082
0.16088234601769702	0.15905649437238523	0.29347149563341135	0.28410978493812433	0.10247987903838186
0.1578925729033615	0.1579401371313857	0.3374028550430189	0.25332195565542376	0.09344247926680989
0.1528985168552118	0.1506198018551658	0.3098553994585128	0.2889518049701891	0.09767447686092032
0.1587080319669597	0.15720957178772507	0.3253421158943228	0.25586076163443605	0.10287951871655618
0.17268465702040375	0.1491113550874683	0.32460537458262095	0.25920120537740277	0.09439740793210401
0.16660597427905074	0.15154356143168024	0.30395287191397713	0.2826269264080976	0.09527066596719401
0.16178567946185257	0.18318710732386298	0.28435346436097214	0.267503337577132	0.10317041127618005
0.15105383002758388	0.18022811420856766	0.3373332089736004	0.23921172153949424	0.0921731252507536
0.158404040997487	0.15054596745478854	0.30085539742428863	0.29002203306970675	0.1001725610537289
0.17552359177345572	0.16720486596221418	0.29009026131402305	0.26346438066889244	0.10371690028141443
0.15939506278820675	0.15125676919038372	0.3023052860623685	0.2961004935714632	0.09094238838757765
0.16905218752268936	0.15153737524715366	0.3250328629691753	0.2651947342199084	0.0891828400410731
0.1567847915273155	0.14924215496187299	0.3007864270777973	0.30550010091491636	0.08768652551809766
0.1572092518802128	0.18317483904859477	0.320718403125331	0.2526829109495925	0.0862145949962687
0.147192522311397	0.16864086738501538	0.29798987632640395	0.30019519361648495	0.08598154036069848
0.16145823859509734	0.16161146461288295	0.3033035901656899	0.2734776404131086	0.10014906621322098
0.1521868880289435	0.15318941232531746	0.33364756093012654	0.2715922968038281	0.08938384191178411
0.173007107000427	0.1832509672387071	0.29783179313034136	0.25589349409940365	0.09001663853112069
0.1714273979524606	0.18309632786968683	0.3007694901506351	0.2502287069500596	0.09447807707715772
0.1544173506238324	0.17357411869971204	0.2841715122738955	0.29012817285181225	0.09770884555074763
0.1734480750785708	0.1686396448080555	0.28496766248613803	0.27327253468475854	0.09967208294247698
0.1628628721283828	0.17140516305870063	0.284660865270027	0.27875186175663214	0.10231923778625722
0.14623177122420725	0.15871161964951552	0.2977284100834114	0.2978539567357337	0.09947424230713191
0.16798962527482908	0.15636258169258604	0.33148582526702863	0.2553444455579117	0.08881752220764438
0.16551457672954334	0.16242627180418012	0.3155319259341878	0.2606668375949059	0.09586038793718266
0.14933246609578066	0.16593645436709525	0.32458958145907774	0.27248302317715506	0.08765847490089114
0.1470103268070283	0.15817520954051048	0.3083819656108549	0.28653068489097283	0.09990181315063323
0.15719736765521222	0.155584453150725	0.29521565805071537	0.30290808533731745	0.08909443580602983
0.1446621563051294	0.17795113396990087	0.3019486078056088	0.27756054405035124	0.09787755786900955
0.1712277329404556	0.178024253073949	0.30866421114389964	0.2472091881571769	0.0948746146845186
0.17596188368162002	0.16566268155514427	0.3027225082136682	0.2662033138439999	0.08944961270556737
0.16293336244188333	0.17868784187405587	0.28382065196864226	0.2734208845801698	0.10113725913524858
0.16679113016955854	0.15137889902794088	0.337145201987855	0.2512253625765722	0.09345940623807317
0.14606740294238724	0.1629707310430436	0.33215006763934274	0.2689564855310341	0.08985531284419215
0.15680019908368487	0.16248675054773049	0.295409685724863	0.29409457919981186	0.09120878544390962
0.16681949886459768	0.16312501822725173	0.30638304309484166	0.27726197980209893	0.08641046001120982
0.14634624115095143	0.1643156935416209	0.3254721519142182	0.26897571219358274	0.09489020119962663
0.17066625895396303	0.1776592795605475	0.2930697770417531	0.2702072272412352	0.088397457202501
0.1467973833188688	0.1581232297149494	0.3074051609848526	0.28692168948268376	0.10075253649864527
0.17150963434891198	0.16897280306128099	0.286290861378834	0.27407023266573555	0.09915646854523728
0.17498716876809264	0.1690017059359646	0.29876649358956686	0.2665667179714171	0.09067791373495851
0.16408694055418782	0.165541833058567	0.28812672192666755	0.28257268043595707	0.09967182402462035
0.14635747139570313	0.15954811970563065	0.29141679152715827	0.30165396204652806	0.1010236553249797
0.1541810028417126	0.18149816833043092	0.2883780450482369	0.2775954184161751	0.09834736536344435
0.16439479355601197	0.14938215299407848	0.31707109134866696	0.28020649636122763	0.08894546574001477
0.14980442978961891	0.16412323515198768	0.31295100288793415	0.2753121464980133	0.09780918567244579
0.154010614895282	0.167509873365896	0.30849897584944286	0.26442070520005606	0.10555983068932288
0.1681432546530839	0.183456117757315	0.30052128717250687	0.26119746184771525	0.08668187856937878
0.1541370978275029	0.18288621952223608	0.29255410100778934	0.28456282575384106	0.0858597558886304
0.16530725848781835	0.15614687421609544	0.33172285115332384	0.24384539501676084	0.10297762112600134
0.1496475532478349	0.15829094173138047	0.324821805711059	0.28144811284906546	0.08579158646065999
0.15493719868714634	0.16678234860791796	0.3362182285494408	0.2384117806219985	0.10365044353349621
0.15644629547309052	0.163218116507998	0.314933157882309	0.2651347451521971	0.10026768498440514
0.15484631449236907	0.15758197157444429	0.30326591946452097	0.2823478948499083	0.1019578996187572
0.16080901334419662	0.15287222068355896	0.29745208776312443	0.28862501612587566	0.10024166208324412
0.17103245419661423	0.15595345443084657	0.3057114126985179	0.2779248987754855	0.08937777989853557
0.159543714806577	0.16379396821237882	0.3224080861012853	0.2477690983816901	0.1064851324980686
0.17468131783212087	0.15765902157308614	0.3136130698730889	0.2522003130891644	0.10184627763253945
0.1600207875374543	0.1656080748459144	0.3364912114939894	0.25002210815713755	0.0878578179655042
0.15859543958759495	0.16837315488122961	0.2835689235643095	0.28377603575952676	0.10568644620733897
0.15446049203367734	0.18042839766060526	0.31754754870785445	0.2547992234849735	0.09276433811288923
0.16196413270481744	0.1556843740240138	0.3190504760728793	0.2584101352075787	0.10489088199071053
0.15412824761290878	0.167741554912792	0.3088134105420004	0.26721458275599863	0.10210220417629999
0.14644309781736187	0.15530326091252802	0.31146859064449695	0.30081587049618497	0.085969180129428
0.16032789568292827	0.16648941079186005	0.3186634456456575	0.263781976163873	0.090737271715681
0.15682633322132988	0.18308939438397115	0.31418037858272396	0.2397594093171999	0.1061444844947749
0.1504465507990074	0.15940013435540895	0.3397784111007773	0.2572913167519252	0.093083586992881
0.154486766270908	0.17061227875779916	0.29816100402812395	0.27897586796961293	0.09776408297355577
0.15174575930817635	0.18337788460069837	0.29358299647514763	0.2683700997914432	0.10292325982453426
0.15635806145169745	0.1494855602783973	0.29669615811439093	0.3015160259690207	0.09594419418649344
0.15405313136335108	0.16953535277307194	0.3290219841141267	0.26138637976372214	0.08600315198572794
0.16437478178134998	0.15521932509617442	0.32081263745662414	0.2670502349796334	0.09254302068621778
0.17029046662966196	0.16164368795644335	0.31776135860107085	0.24782545516376847	0.10247903164905517
0.15385116967231774	0.16489976081866348	0.28704114707331096	0.29277539394171814	0.10143252849398951
0.15590240841397315	0.16113013479957847	0.3064599391335405	0.2742780651529112	0.10222945249999646
0.1519968558622639	0.18005527038289607	0.2838807769249436	0.2976779052518448	0.0863891915780514
0.16819624903646163	0.15533731770505363	0.3316406262426389	0.24155047451104866	0.10327533250479701
0.1483899442748976	0.15639984671437224	0.3170732724382217	0.28786094511246085	0.09027599146004738
0.16616968037774557	0.15450375240994624	0.314397217936081	0.2760930251195345	0.08883632415669253
0.14569525721772383	0.18064532521355128	0.28711350631329635	0.29110381325646967	0.09544209799895864
0.15563175636666843	0.18364672098127838	0.30460869677802593	0.26956409359178746	0.08654873228223962
0.16186654185461719	0.15869923274701145	0.31419329263125834	0.27871201674584023	0.08652891602127259
0.16987322218625453	0.15657574616208236	0.3109960272826436	0.26564708049433594	0.0969079238746834
0.1566381032030975	0.1614732108843614	0.29515483760630506	0.2949018483812026	0.0918319999250332
0.14613128989856491	0.16506781929080594	0.3051057569396286	0.29139085989706925	0.09230427397393107
0.16778016055683997	0.15837428007859355	0.2890508779027594	0.2848120093529647	0.09998267210884215
0.14549540083458684	0.17969000746501623	0.29414441118720963	0.29197941609425754	0.08869076441892962
0.1721276216198746	0.16092642286775893	0.33631765684216464	0.2388173808663664	0.09181091780383516
0.17260684826591235	0.15836157185413813	0.31481316573352547	0.25209385473387463	0.10212455941254923
0.17623961606155986	0.149933346897989	0.2969180861727723	0.2739145593051908	0.10299439156248777
0.16746496189324966	0.1722989775963138	0.326638413769887	0.24661643174794853	0.08698121499260078
0.16407482807162688	0.15742332666482672	0.3252882530766118	0.248488401446631	0.10472519074030341
0.16895445773252057	0.14753396414885786	0.32339876277071045	0.2605351491032915	0.09957766624461947
0.16900481451277766	0.1503337402170797	0.3095167555215222	0.2637700940905751	0.10737459565804514
0.15128156427620282	0.17906463452404822	0.30570685312843693	0.2744957336445494	0.08945121442676249
0.17332755219881366	0.15101166757068935	0.30970293106666424	0.2677129196329139	0.0982449295309187
0.16692264959875294	0.16984390119202755	0.32171528610373873	0.247487548375522	0.09403061472995858
0.1543400559066766	0.15551354886294733	0.30501957279551817	0.28199797486303124	0.10312884757182646
0.15419513665853163	0.15250819759479023	0.3022339762777586	0.3005747522139789	0.09048793725494042
0.1624355899915463	0.14849482239531672	0.3082327683754363	0.28672171446166134	0.09411510477603915
0.15760635983549368	0.1592091316428194	0.32518906429371863	0.26123801161114985	0.09675743261681827
0.14889093767609896	0.17318996307189663	0.30409880733647365	0.27769170411399624	0.09612858780153435
0.14689170721135741	0.1694741144263113	0.3087011197450305	0.26834679263475253	0.10658626598254807
0.16568276264991125	0.16056014681836364	0.3152140351082288	0.2674551982888822	0.0910878571346139
0.16363549836493274	0.17200959009259864	0.29622953227205995	0.28160149917571714	0.08652388009469132
0.15462757812672573	0.16070356186444154	0.31579764452218484	0.26913040631761187	0.09974080916903583
0.16138891647963846	0.18056374825088362	0.2969673304359419	0.2705498977518558	0.09053010708168002
0.1761787271874381	0.16123568501022092	0.2862861122249979	0.2729859665441853	0.10331350903315759
0.15171266915418646	0.1703389495602046	0.3018960244705162	0.2741660573114265	0.10188629950366608
0.1715508643545327	0.18291669075440165	0.3038441886090296	0.24500740768336216	0.09668084859867365
0.16733179930392605	0.1525427609979515	0.3345098537161033	0.2454069546990414	0.10020863128297752
0.14764603580583213	0.17040447830202132	0.3104453887714764	0.2815213886897939	0.08998270843087597
0.1464052440672841	0.16946678799412435	0.29899908838409295	0.2788935674167287	0.1062353121377697
0.17307433701270716	0.1574111763613599	0.30864466163262383	0.26936462217080337	0.09150520282250552
0.14488340312047382	0.15639176578462743	0.3278890342598995	0.2775371652054411	0.09329863162955793
0.15075826317611155	0.15619006601177315	0.31597172538684304	0.2765385534471387	0.10054139197813339
0.15251686841474468	0.16714344397178596	0.33579846736930463	0.25456009111747724	0.08998112912668728
0.15176473396761564	0.18017022844930564	0.29346774301419754	0.27640957646826625	0.09818771810061477
0.14755178250081144	0.1812395443955803	0.31910971279626543	0.25638988564543064	0.09570907466191196
0.14960473366847155	0.17067404076846907	0.3288860488372258	0.2624343432516711	0.0884008334741623
0.14586748278148598	0.17750035932060754	0.3331823105947067	0.23841220673980587	0.10503764056339375
0.17287451443139462	0.15235037182691466	0.33576221923265614	0.24473745570619282	0.09427543880284156
0.15541394353423515	0.16552186871219499	0.28526521139545674	0.2939223454775266	0.09987663088058632
0.15191830881113585	0.1594111513003404	0.33288395161630024	0.24881568266438495	0.10697090560783835
0.1696179191488836	0.17566530394953234	0.302267196226784	0.26377436907059526	0.08867521160420455
0.1501189688616676	0.17210562498943371	0.31984900651264514	0.261387497315993	0.09653890232026037
0.1593004779232525	0.154899312727095	0.3132088863278033	0.2759857467161267	0.0966055763057223
0.15564481228165788	0.17552390764049164	0.33111151963223046	0.24462607776713294	0.09309368267848689
0.15757892739655732	0.16430587913101674	0.3171994495043955	0.25488459980879025	0.10603114415924002
0.15557993198341555	0.1755445224551363	0.31014120952409246	0.27016496911354637	0.08856936692380911
0.15265809169027245	0.15867163051009958	0.2942071803064965	0.28931999376922213	0.10514310372390913
0.1691507840436372	0.14848393879364538	0.31413904344008914	0.2730101949486592	0.09521603877396888
0.15038162423923004	0.15840119751264775	0.31909545368671965	0.28167267734879553	0.0904490472126068
0.17338900036878724	0.16455998982759382	0.3113095408237875	0.24462886137557374	0.10611260760425753
0.151645441722182	0.1744115680372394	0.28604656818570784	0.28228911830385667	0.10560730375101393
0.15517455164992822	0.15989870642266502	0.3169245126581704	0.27167933269805683	0.09632289657117932
0.14871609306173147	0.15097095113100542	0.32049630208718227	0.27484563310735793	0.10497102061272269
0.1621481287518284	0.16875771176028279	0.30946106251824024	0.26761805232681013	0.09201504464283822
0.1519344937197998	0.15297991846228817	0.3258616669371597	0.26205576273881015	0.107168158141942
0.1752958396977169	0.1825833679959402	0.2887131657945622	0.24651688960477888	0.1068907369070016
0.17390704740930224	0.14974504536937133	0.2980835369032465	0.2905413543239273	0.08772301599415247
0.16563637118802713	0.16999140764419768	0.3130951748580105	0.25282891519941797	0.09844813111034656
0.16544159730671057	0.16444786763803032	0.3028754543940983	0.2720826173830611	0.09515246327809951
0.16836780179266927	0.15056683150138647	0.31199663244734765	0.2633366839839458	0.10573205027465063
0.15786133000782365	0.1815127173949014	0.28556090407278184	0.2807912405367314	0.09427380798776153
0.15849183725230193	0.1525290521601075	0.31900083478914887	0.26347413959347765	0.1065041362049639
0.1514999985352424	0.15566466952151917	0.3367632350021819	0.2554970246278662	0.10057507231319013
0.17551143425536664	0.16377889511379767	0.2987619779428902	0.2573113530179561	0.1046363396699892
0.16350354266685294	0.14710151948432643	0.32175526964940043	0.2816179093346623	0.08602175886475771
0.17629101555044804	0.17927560750770077	0.2870460364800819	0.25075556034602975	0.10663178011573926
0.17183374174003307	0.1483130682930638	0.3099242773633434	0.26887843652679133	0.10105047607676826
0.1528334913558192	0.1593587170947681	0.3013052297683054	0.28272324729499754	0.10377931448610955
0.15738699079442764	0.16880304475326763	0.3210606461489377	0.2631177865731417	0.0896315317302251
0.16459617946774113	0.1771153856965737	0.2878830967224732	0.27078387085303185	0.09962146726017994
0.14901520933662601	0.17348381979799882	0.29636985686334905	0.28380473237546405	0.09732638162656185
0.1632648223584191	0.15789682340301575	0.31435697003630925	0.2582137250549354	0.10626765914732024
0.1567875389573754	0.159322785979167	0.293268817003425	0.2940047393883496	0.09661611867168288
0.15196946169345502	0.1509945214494834	0.2996019795411555	0.3042908038051584	0.09314323351074746
0.16688473016778932	0.1517021680451664	0.32198071945007656	0.25513654193305263	0.10429584040391493
0.15425891900318006	0.17295814598826895	0.3201818997740148	0.24838959923809706	0.10421143599643894
0.15060186252760024	0.1687882856286703	0.3212617078274493	0.25449852419343044	0.10484961982284954
0.16033769739327616	0.15472332225988633	0.28587460219869054	0.30380904302307266	0.09525533512507411
0.17196634728587268	0.17946781396073594	0.31127412749994293	0.23835261085962245	0.09893910039382575
0.14782012421974436	0.18139626906697975	0.30390099290345735	0.27378885952293686	0.09309375428688144
0.16639269992932626	0.14887123946448472	0.3078725524279656	0.27884065800738955	0.0980228501708337
0.1647291345273594	0.16172471635471047	0.3274995233734673	0.24473582597532154	0.10131079976914104
0.149156316805867	0.16275903800093602	0.28994888476305575	0.297042238785023	0.10109352164511803
0.1558408632215079	0.1570095795670106	0.3121453861459376	0.2862655788101347	0.08873859225540899
0.15724393717995017	0.16997099745893493	0.3147153321634715	0.2603071192103708	0.09776261398727241
0.1629139860316521	0.1535885503633031	0.31940949634664106	0.26420938250443093	0.09987858475397257
0.15767937942202034	0.14960291272146875	0.2983007138204219	0.2912367121423124	0.10318028189377648
0.17054786150444406	0.1484824871603354	0.3331360795647823	0.25157501917621605	0.09625855259422199
0.1572532734767737	0.18184736890042574	0.3068171244212945	0.2627125318093634	0.09136970139214247
0.17605436970275745	0.18024745636894407	0.30220695114105106	0.23823493555188113	0.10325628723536609
0.16166650875753907	0.17509410307961548	0.29523740342364796	0.266378026142686	0.10162395859651127
0.1601380436780644	0.1521706686171464	0.3018998706760942	0.29071535262791476	0.09507606440078004
0.1691704020255548	0.15454628180172275	0.3149048020177305	0.2721186261634592	0.0892598879915325
0.14553625423636543	0.18027097306055279	0.3354747501507638	0.2520023553968118	0.08671566715550598
0.1716006232381932	0.1500086271927139	0.3357557033719605	0.2535661409278904	0.08906890526924179
0.15062128623684842	0.15704570561895145	0.3177815409228128	0.28073276026384986	0.09381870695753725
0.1758436388229295	0.17212926495410272	0.31900830877321584	0.24430404418832263	0.08871474326142909
0.15209727136179121	0.1722100629330183	0.33768500672168095	0.24870057753965918	0.08930708144385013
0.15263757785142637	0.14828205238626746	0.3141256977147553	0.2870573680824926	0.09789730396505816
0.1515998918179473	0.18026971824590882	0.3242660691141353	0.24648583522768347	0.09737848559432488
0.14922774283820225	0.14677051383482778	0.33657362751611297	0.2698185880699199	0.09760952774093695
0.15653362674619045	0.18265604771583355	0.28747084454209143	0.2810806803174004	0.09225880067848397
0.1668072696909002	0.1671138502977353	0.3254698549884758	0.24880156866311182	0.09180745635977669
0.1491140915466177	0.16323545307692547	0.29544033430024824	0.30595592399755367	0.08625419707865473
0.1511789610945643	0.14916945088969535	0.30275668654427834	0.2984869506997314	0.0984079507717304
0.152140441675827	0.14976835157346235	0.3247254133430678	0.2820575143262003	0.09130827908144236
0.17410449467907974	0.17271494620675748	0.28769461403874724	0.2698358721949138	0.09565007288050151
0.16586065289963386	0.1611924907679085	0.33432955813308385	0.239049389432351	0.0995679087670226
0.1680239971920206	0.1489529513091441	0.29279641248379357	0.29307998898746823	0.0971466500275733
0.15930246228430447	0.1565913457386253	0.33352627162802473	0.25040489033365004	0.10017503001539532
0.17021676711226474	0.16684466124168446	0.30556829280549686	0.2574123950999186	0.09995788374063516
0.16469537802725123	0.1502765922742724	0.2918323368669055	0.29515127550736053	0.09804441732421017
0.14762199589077438	0.16864157646523864	0.32500573141871325	0.2680489916794729	0.09068170454580063
0.1480173281194863	0.15781122880248316	0.32053819872249917	0.2674811470701017	0.10615209728542951
0.1516868440505635	0.1792818086525748	0.32968856378447475	0.24940456842887257	0.08993821508351418
0.17199136085320255	0.17707810690748388	0.30329562977698815	0.24499204392962176	0.10264285853270347
0.1497199208533779	0.15061586799092358	0.32460877430358787	0.2806145844848674	0.09444085236724305
0.16995073819259382	0.1488412390565753	0.2922153152090742	0.30003248963959583	0.08896021790216066
0.1734752055343916	0.18348474489943342	0.2981291721940648	0.23884915554461675	0.10606172182749321
0.16516340311378575	0.16756851841921042	0.3242046917453559	0.2504707276954266	0.09259265902622113
0.17274306997503336	0.17152612868797257	0.2941507100092029	0.2736222825526241	0.08795780877516687
0.16606841551624024	0.1669699073955414	0.33185615571039334	0.24015785830871492	0.0949476630691099
0.159264498785772	0.15569187442078247	0.29283602791061925	0.3055063768566897	0.08670122202613649
0.17518645572021105	0.16446392257406317	0.3161442023160394	0.2382641834587999	0.10594123593088625
0.15316396423230338	0.1642325138845659	0.3078969994427863	0.2884104777012649	0.08629604473907937
0.16731829265438866	0.16597035933402046	0.3280851033042359	0.251887095197502	0.08673914950985273
0.14483593037157116	0.15976381561545341	0.3140377950084502	0.2810767164952547	0.10028574250927033
0.15411327909858036	0.1780506731289904	0.31056157150436087	0.25532147216967904	0.10195300409838912
0.17056411839937052	0.16112171993837754	0.32736555247271704	0.2517946538840021	0.08915395530553266
0.17464024647930437	0.16706006603479087	0.2966263799591652	0.2565995179839411	0.10507378954279827
0.1479614525482174	0.14928692002501498	0.31907945984783087	0.2921636715710237	0.09150849600791286
0.16316277467390894	0.15103902401775177	0.30048686846594164	0.28509311744015653	0.10021821540224099
0.14782109238932006	0.16259537675574487	0.3059841953698298	0.27708353419514	0.10651580128996511
0.14868450533171543	0.15082506110686156	0.3411250659156809	0.26069549660007163	0.09866987104567022
0.1699022913939259	0.15599161482390106	0.2833495913139984	0.2998187923948163	0.09093771007335817
0.16017391149436525	0.17551107766330787	0.291631319424492	0.2700624426979772	0.10262124871985753
0.16410468656004037	0.15154678567536561	0.3041888067164825	0.27819858905130496	0.1019611319968064
0.16041068473936432	0.16256980050213482	0.33272776456281256	0.23869412085699845	0.10559762933868969
0.15789030322301806	0.15946156074429826	0.3032324163935508	0.2918752981267024	0.0875404215124303
0.14636410969163535	0.16678097046851992	0.33075640548473895	0.2648661146339588	0.0912323997211468
0.16740746765037057	0.14928621279484022	0.3035702982132193	0.2822558000879445	0.09748022125362525
0.14882287525661408	0.1539869994351201	0.2869732222356025	0.30519642388768664	0.1050204791849765
0.15138699527828742	0.15603468263176873	0.29760056689617165	0.2900341839976506	0.10494357119612138
0.16595055209182136	0.16879640724261105	0.3293685863724196	0.2424125418971802	0.09347191239596755
0.15550916795136546	0.16682744022061846	0.33803611311852677	0.2415227261554929	0.09810455255399621
0.1605669637902974	0.1656145967381893	0.33719519480621807	0.23951117213006265	0.09711207253523237
0.1657135770628728	0.17865790831965578	0.31960465147468176	0.2489361636595168	0.08708769948327265
0.17192480951366013	0.1694344054191807	0.28683262223916733	0.26790797301350255	0.10390018981448909
0.16202962349521582	0.14792814112736713	0.2917200500924275	0.2972516179146559	0.10107056737033343
0.16934980628033308	0.17967765377531503	0.3032808214599596	0.252004409150327	0.09568730933406505
0.1622515056859528	0.1788550181524779	0.29385544930507357	0.27167100621484946	0.0933670206416461
0.1617361285578209	0.15404106128873954	0.304588484096429	0.2753872135601325	0.10424711249687785
0.14466907482784364	0.17209201758693424	0.32804418904549915	0.26850714035108636	0.08668757818863643
0.15281021598488714	0.164932783354177	0.29648090735663113	0.2899696098570208	0.09580648344728378
0.14489466531557	0.1487739285408355	0.3277386515710275	0.2910041933983766	0.08758856117419025
0.1763210009940283	0.15777790756608984	0.30549489761738374	0.262618394749633	0.09778779907286496
0.16373518317676272	0.1562234292772498	0.29837640315497466	0.28736895069932467	0.09429603369168792
0.16213451333574488	0.1521864709503911	0.33415724480902864	0.2651172231697759	0.08640454773505926
0.15997363839632026	0.1709295040421996	0.29000730286503934	0.273981011054556	0.10510854364188463
0.15796889554488344	0.16362543620461814	0.3241903425591456	0.24810795466154764	0.106107371029805
0.1727028657115277	0.16015644156139563	0.2961457548625833	0.28295182488684767	0.08804311297764554
0.15367939268144878	0.15512794883675762	0.29144992858947777	0.3048158186172934	0.09492691127502226
0.153811184979962	0.17344930417544954	0.3340288360276287	0.2391472017246775	0.09956347309228208
0.1663527053425522	0.16705516599410594	0.2905778413241001	0.28674397725685025	0.08927031008239135
0.1501012176769178	0.1552146771495714	0.3218456615818304	0.27245549245897294	0.10038295113270722
0.14793888466130975	0.17369935684133397	0.32041784942162266	0.26332492354027337	0.09461898553546014
0.1726615528740639	0.16565568655768173	0.30595857564594875	0.2492075612291384	0.106516623693167
0.1659487455800828	0.1498326329248546	0.33806055235519017	0.24579408999554703	0.10036397914432524
0.15921325011435128	0.16351869637187266	0.30036571411178487	0.279878584128021	0.09702375527396997
0.15147758891188784	0.1661492308368121	0.28872899098556015	0.3002515115106177	0.09339267775512206
0.1658101007124947	0.18040127431581696	0.2910796927058988	0.26254174435086697	0.10016718791492239
0.17193421405320275	0.15378694405955465	0.2959570204700318	0.2764016668923741	0.10192015452483652
0.15333921039681192	0.1809119538029502	0.30525842662901564	0.2686098817151466	0.09188052745607544
0.1545405952233901	0.17751183961594225	0.29015635199777023	0.2772517077125064	0.10053950545039085
0.17471188833090195	0.18172175288746775	0.29983320794640034	0.24158319277513288	0.10214995806009688
0.14520842858897948	0.1785279658625927	0.2836803737467573	0.3046174604944301	0.08796577130724023
0.16712278293455338	0.16134639388296185	0.2864399124799214	0.29151510780537876	0.09357580289718447
0.16471474307430337	0.17051884669869227	0.2940091033955766	0.2760710677135048	0.09468623911792273
0.14730996531318624	0.1587564840388746	0.30433566341554774	0.2953158308145336	0.09428205641785764
0.1739109925418034	0.1743077680064561	0.2949696970645044	0.2693175274517238	0.08749401493551207
0.16595149326562925	0.15733647088921482	0.3137773703509258	0.26306575022933787	0.09986891526489207
