0.14996281640542947	0.5827438523563715	0.2672933312381991
0.5355637482990376	0.14723118952895234	0.31720506217201005
0.2944286745485322	0.5713520615355321	0.13421926391593586
0.4217575527984531	0.518469168228719	0.059773278972828026
0.37505944350825493	0.2734447309433066	0.3514958255484385
0.14099271084964407	0.6811653391020442	0.1778419500483118
0.24135349335955736	0.53715105411658	0.22149545252386274
0.22770338243293595	0.5257094994551759	0.24658711811188835
0.5468393050700333	0.2787163741432446	0.17444432078672217
0.08361430873198172	0.5080359221335962	0.4083497691344222
0.39678104243941	0.3351761772087686	0.26804278035182155
0.5410393012612961	0.11374226450456973	0.3452184342341343
0.40571339158250075	0.36801336905864945	0.2262732393588499
0.39275227451101996	0.2709143670811223	0.33633335840785783
0.33691867052373914	0.4067746421776619	0.25630668729859907
0.5344758323236736	0.2506765454596531	0.2148476222166734
0.3088463108501714	0.6075111280935829	0.08364256105624587
0.45568416576944626	0.2140183944397286	0.33029743979082526
0.3256726114409773	0.2992945528676747	0.37503283569134815
0.47909467312212006	0.15380096335368634	0.36710436352419373
0.11495806355735824	0.5895586653620671	0.29548327108057476
0.43675742093981357	0.26828733838679764	0.2949552406733889
0.20072848718898564	0.7181157510173108	0.0811557617937037
0.3543524780611658	0.40112901722834265	0.24451850471049164
0.07769355843553277	0.6602701762700882	0.26203626529437907
0.32346897556953647	0.37338739491660633	0.3031436295138573
0.5470771170545733	0.15529575766684453	0.29762712527858226
0.07094706863588995	0.8547593491586251	0.0742935822054851
0.41380697067789757	0.41720169699081083	0.16899133233129168
0.3437142411137737	0.2887011978418528	0.36758456104437365
0.45133466936680366	0.49377999084140484	0.054885339791791554
0.12321731121636051	0.6194507708316375	0.2573319179520021
0.5784024143860433	0.2503831656274779	0.17121441998647888
0.5120872217272673	0.13453186784029547	0.35338091043243736
0.21771301788176375	0.6305394607332255	0.15174752138501077
0.4013883997896753	0.2714008105819925	0.3272107896283324
0.3670042059965232	0.3777373760687748	0.2552584179347021
0.5049784409904082	0.29216650290114643	0.20285505610844543
0.3648319808521297	0.26817772358199854	0.36699029556587187
0.5800714003911136	0.1877169725538313	0.23221162705505516
0.517740392072023	0.39943430342455827	0.08282530450341874
0.350987455161355	0.4648567797762355	0.1841557650624096
0.07993050262791301	0.7542453845389734	0.16582411283311377
0.39509620885275143	0.3747933841075392	0.23011040703970947
0.5654809968226445	0.05101884840304011	0.3835001547743154
0.2695060821268636	0.5965542678046292	0.1339396500685074
0.050000232500534314	0.8994674092962625	0.05053235820320334
0.2051184076409708	0.5131691638274911	0.2817124285315381
0.2424085540736619	0.4673904077176235	0.2902010382087147
0.17714428014124484	0.415092666506236	0.4077630533525193
0.3207747549291515	0.5333086068972125	0.1459166381736361
0.33417615346296564	0.3968189440728729	0.26900490246416164
0.4876518031592796	0.20180220275099553	0.310545994089725
0.09587470224824299	0.6250046734630346	0.27912062428872253
0.12479619543919318	0.6029506538866227	0.27225315067418426
0.44010704255857513	0.41909934001776866	0.14079361742365634
0.5464151893075355	0.40130676464324433	0.052278046049220206
0.3870851729297162	0.3003794669098359	0.31253536016044803
0.12968840986480998	0.6749270293640337	0.19538456077115646
0.3991720303576831	0.2669605525944579	0.33386741704785905
0.32812356324318076	0.34582968565030386	0.3260467511065155
0.3205772558758263	0.4310527779070862	0.24836996621708762
0.0886635881468143	0.7575356381556069	0.15380077369757902
0.17812429631120164	0.515217279821881	0.30665842386691744
0.0569185906230158	0.7284846477257061	0.21459676165127822
0.07495971603179596	0.7207666757926706	0.20427360817553356
0.3014242738777765	0.6150221104649776	0.083553615657246
0.1480928006109073	0.6232837555009751	0.2286234438881177
0.0874253798306146	0.5202134042245551	0.3923612159448305
0.06716973334193732	0.5243445121698243	0.40848575448823854
0.12762380061966244	0.6070076859569542	0.26536851342338347
0.2533169387545281	0.6125604388544112	0.13412262239106082
0.1786730865600653	0.7421293695846058	0.0791975438553289
0.2624654584548082	0.5646003759229676	0.17293416562222433
0.579404359427605	0.30352057508564145	0.11707506548675359
0.3962580926625968	0.2136030257776529	0.3901388815597504
0.2880939606821757	0.5549991877311115	0.15690685158671294
0.12318627979390431	0.7407170758413515	0.1360966443647444
0.3181323297697737	0.4051432316825119	0.2767244385477146
0.04994548310616609	0.8457591023679574	0.10429541452587665
0.10311950409199633	0.836041861096057	0.060838634811946735
0.3851899374578787	0.22212734334288153	0.39268271919923986
0.10833706402308593	0.7300146247629801	0.16164831121393414
0.24114319544999813	0.6043140149185754	0.1545427896314266
0.25565253135877075	0.6584122377405262	0.08593523090070326
0.22495183367842986	0.6397310635103254	0.1353171028112449
0.14193515385146366	0.6550206671810783	0.20304417896745824
0.0771838942525942	0.6672987919279663	0.2555173138194397
0.4928233684811528	0.10839553064012772	0.3987811008787196
0.4591739327211447	0.1332252295723598	0.40760083770649563
0.3974691158001306	0.557556976022975	0.044973908176894395
0.42081394154549623	0.25517941516209086	0.3240066432924131
0.21744560240802116	0.5383286110214145	0.24422578657056446
0.4830521418476864	0.3706479302102905	0.14629992794202318
0.36611690882836595	0.41354698439633997	0.2203361067752942
0.15613744442069222	0.49463785513118785	0.34922470044812004
0.35591808349077225	0.25121996781507805	0.39286194869414987
0.40504360696554553	0.4391543647707376	0.15580202826371695
0.343091780817589	0.47570548167356785	0.1812027375088433
0.2640518621334429	0.5952623149533964	0.14068582291316073
0.40571642173217015	0.25838415257946923	0.3358994256883608
0.4509807199994427	0.27409536215379404	0.2749239178467633
0.5723131642460909	0.21703263327047106	0.21065420248343808
0.35118374669782704	0.40601754912722915	0.24279870417494387
0.27224277460702795	0.6779819670613536	0.0497752583316185
0.3193686232795661	0.5590056859827075	0.1216256907377265
0.37318942267975175	0.44795669134033306	0.1788538859799153
0.33096722999794365	0.34678887840267875	0.3222438915993777
0.5258526540833921	0.19066806581467252	0.28347928010193546
0.10756672066748907	0.8549740898159036	0.03745918951660743
0.19996885174489462	0.6996721827178989	0.10035896553720652
0.17832686580625126	0.719912847055619	0.1017602871381299
0.3397694472922776	0.5129413721131846	0.14728918059453794
0.5064726257312465	0.22180547006169776	0.27172190420705583
0.21775064092779775	0.6196094044941294	0.162639954578073
0.29742814880655166	0.5098248676633237	0.19274698353012473
0.27986685708256087	0.4622054142965587	0.2579277286208806
0.12881049114884757	0.7771196338473951	0.09406987500375741
0.4878872058929644	0.2670969610824512	0.24501583302458452
0.39406335034192874	0.3788501563503847	0.22708649330768665
0.4415016802534449	0.45306528309992145	0.10543303664663378
0.43207337653639866	0.4113968606694781	0.15652976279412337
0.288477930200729	0.6128430989103499	0.09867897088892127
0.4786107567583556	0.13978745109189933	0.38160179214974516
0.471438255595374	0.22563900370873	0.3029227406958961
0.4640472383356129	0.3167563867990635	0.21919637486532373
0.5015850572703154	0.11511494644605563	0.38329999628362904
0.41373936920624654	0.40330773536732684	0.18295289542642673
0.4612579714289809	0.2697356235790687	0.2690064049919505
0.453959273364464	0.34178287259151224	0.20425785404402383
0.10421660006059788	0.8066759903481626	0.08910740959123958
0.1601693921421782	0.568555399096615	0.2712752087612068
0.3918603496333906	0.5459828175992367	0.06215683276737277
0.3219742797677284	0.3646327950458246	0.3133929251864472
0.5428434932137702	0.17833399285615298	0.27882251393007695
0.316826334103535	0.44131330337629104	0.24186036252017412
0.265615163203495	0.3339777427248601	0.40040709407164504
0.10089452955262751	0.7905264475222235	0.10857902292514918
0.5181196820532552	0.43048677891519194	0.051393539031553026
0.5249043111095175	0.18589402481237055	0.289201664078112
0.40276552300852303	0.5008416385272304	0.09639283846424665
0.30604042061878967	0.561228407100385	0.1327311722808254
0.5256023417982891	0.33738042965578696	0.13701722854592405
0.05897743480078266	0.8314400385040637	0.10958252669515367
0.1212586638711772	0.5305332105022132	0.34820812562660963
0.10392335070168837	0.6276884116594432	0.26838823763886854
0.4893877057144117	0.44403606072215873	0.06657623356342962
0.22892337461679022	0.5816497755596425	0.1894268498235674
0.08227619499366351	0.7573848315043521	0.16033897350198445
0.19382929121851314	0.47344782806717933	0.33272288071430767
0.2444975224486351	0.39366413794514465	0.36183833960622036
0.29127587077521033	0.6332275531337452	0.07549657609104449
0.49624066774994857	0.39773223766753096	0.10602709458252063
0.07707225161245612	0.8007613909954006	0.12216635739214343
0.06856950387874428	0.6802085383897013	0.25122195773155453
0.5269474321088095	0.2769623479913971	0.19609021989979353
0.5061149398979756	0.3790831235764651	0.11480193652555937
0.07098249801704282	0.8833903829030989	0.04562711907985839
0.16432184476600242	0.6683446882923859	0.16733346694161175
0.5022980087959157	0.44479127230693344	0.05291071889715104
0.15423286781007317	0.7469381061359972	0.09882902605392974
0.18510450091916145	0.7001205713746173	0.11477492770622139
0.5455705675687665	0.3985846185398828	0.05584481389135071
0.07824653816166594	0.7927826834269065	0.1289707784114277
0.07781610680320056	0.8238334445112268	0.09835044868557272
0.568898475420516	0.2580934485473727	0.17300807603211144
0.4136500975443952	0.2886976317712709	0.29765227068433403
0.49433443876325545	0.44581086339706044	0.05985469783968422
0.3101558902289483	0.5011608173155488	0.18868329245550292
0.2291255937533445	0.41983824241438494	0.35103616383227065
0.11500868024183553	0.4782415590738413	0.4067497606843233
0.09300512168625491	0.5349648451363176	0.37203003317742767
0.3114841758228705	0.5766387091243288	0.11187711505280074
0.3510142863851464	0.5946684055813465	0.05431730803350726
0.361655102061673	0.4927624680632391	0.145582429875088
0.15344781374669564	0.7747724481770526	0.07177973807625193
0.29335312177710626	0.5247365473979555	0.18191033082493835
0.48405550009661	0.14631854835899086	0.3696259515443992
0.19265983879359758	0.4087115199443312	0.39862864126207137
0.1805842836524383	0.548303355102082	0.2711123612454798
0.5231797743860862	0.17059261210989404	0.30622761350401984
0.1151206987884914	0.483100650123537	0.4017786510879718
0.3609938252506235	0.5882163957588529	0.050789778990523726
0.05585239442992701	0.6066161342130862	0.3375314713569868
0.3282893490079814	0.4228113558111	0.2488992951809187
0.24422971065268645	0.5035084561857681	0.2522618331615455
0.4407091431396665	0.3665712480159682	0.1927196088443654
0.29039168109901253	0.549646090296241	0.1599622286047466
0.12126215925777073	0.8270590495256	0.05167879121662933
0.31245322951914933	0.3821759837407008	0.30537078674015
0.1260376554682171	0.5254999780578729	0.3484623664739102
0.3035491348230809	0.4707194930328304	0.22573137214408884
0.33837214518400627	0.5603679943809119	0.10125986043508195
0.551006983913509	0.11567505264163158	0.3333179634448596
0.3524913179783078	0.3834598890140095	0.2640487930076828
0.2197867349246499	0.4918824118899614	0.2883308531853888
0.08828414366643	0.7636599019761896	0.14805595435738056
0.13457137504612066	0.5648420582222091	0.30058656673167033
0.14973210812704593	0.735371713014179	0.11489617885877518
0.2645438675300796	0.3815855205819706	0.35387061188794994
0.22621534975866872	0.4861406919581965	0.28764395828313494
0.5052341286015748	0.3654154507180369	0.12935042068038843
0.4139125896953838	0.2845979253449174	0.30148948495969885
0.09946947686213978	0.6822545972545495	0.21827592588331077
0.06525486749068515	0.8425397094807417	0.09220542302857315
0.3988403327144706	0.3927964828779227	0.2083631844076068
0.14783646678351717	0.7224203151253971	0.12974321809108585
0.33515799654382405	0.5071802520051512	0.1576617514510248
0.22660367733926184	0.6478986198398996	0.12549770282083872
0.24534558213788454	0.47115132265862425	0.2835030952034913
0.18057393006559683	0.5030794011903641	0.31634666874403916
0.08697720697527378	0.5597436736482402	0.35327911937648615
0.33238063717714716	0.5374047072205127	0.13021465560234025
0.12760355123309583	0.6300305120820454	0.2423659366848589
0.053675028772383726	0.8904960760703712	0.05582889515724532
0.5046131170912858	0.33226450165835536	0.163122381250359
0.39443067812447974	0.5231577874629034	0.0824115344126169
0.31156047188855013	0.6192797761957904	0.06915975191565948
0.3894425745579838	0.5150400362888927	0.09551738915312366
0.4893639852631246	0.443856990151544	0.06677902458533147
0.21961352159613826	0.7383176555144768	0.042068822889385016
0.5034890735673238	0.3080878927229186	0.18842303370975777
0.33340277693059595	0.29933631218244694	0.3672609108869572
0.35639049682164425	0.4828379450134624	0.16077155816489347
0.16648824713681393	0.5440238827459785	0.2894878701172077
0.4408964608774021	0.39907358238392293	0.16002995673867507
0.15872663010597576	0.5836979177545225	0.25757545213950184
0.15674005813853545	0.6324678354858603	0.21079210637560442
0.4314380858787973	0.5023395939284909	0.0662223201927119
0.36446343609051285	0.3377354412402319	0.2978011226692554
0.08790835703990624	0.5273029204227138	0.3847887225373801
0.2117174888815139	0.6677586846324999	0.12052382648598625
0.43176515878867056	0.485238515235978	0.08299632597535156
0.4053433088831899	0.2651791759450641	0.329477515171746
0.1185026211157228	0.5936923459799586	0.2878050329043187
0.3383196611192723	0.5621353762496644	0.09954496263106338
0.09262883136743277	0.8660769618646108	0.041294206767956476
0.4771194508287553	0.32109044647357937	0.2017901026976654
0.16588916044530738	0.4307262899618345	0.4033845495928583
0.5117962836048034	0.15962124633457322	0.32858247006062347
0.16422671773095965	0.6752334400231131	0.16053984224592732
0.3044341777031372	0.2967073031194493	0.39885851917741366
0.2674405774452395	0.5874782358243901	0.14508118673037051
0.5712588639279677	0.24918975305489585	0.17955138301713666
0.37626604855286727	0.5653769505912358	0.05835700085589701
0.556248582025521	0.2948876410647925	0.14886377690968663
0.1814486764594565	0.649525728304587	0.16902559523595667
0.14412290652752938	0.5941688286077214	0.26170826486474935
0.333209685520357	0.6219526417705112	0.044837672709131804
0.37910021909217	0.2639416965440379	0.35695808436379217
0.4932637758465642	0.3505079260913342	0.15622829806210173
0.3234555959385256	0.5452208106313753	0.13132359343009925
0.14199895878285584	0.7402817241375899	0.11771931707955446
0.39161206425088263	0.38855772176829384	0.21983021398082364
0.47779914033205695	0.11105195974032572	0.41114889992761744
0.5515334059059347	0.3575084793258892	0.09095811476817628
0.2926288881503348	0.5826064397678317	0.12476467208183356
0.09406430940163413	0.6028076087880314	0.3031280818103345
0.29789316217531514	0.4673617388111389	0.23474509901354607
0.5702797640788594	0.28400895805997434	0.14571127786116636
0.14973673467553333	0.7754379013869053	0.07482536393756145
0.32792141744526976	0.3087137227988382	0.3633648597558921
0.2747385567091359	0.3433993139750666	0.3818621293157976
0.33877192318048915	0.4089648462823395	0.2522632305371715
0.37979953289739943	0.5184335614358478	0.10176690566675284
0.27911144495265294	0.5342870222252496	0.1866015328220975
0.1513121896131256	0.5202206536342306	0.3284671567526439
0.35760812185500784	0.26531008269535195	0.3770817954496404
0.2974340026098695	0.43636816379498927	0.2661978335951414
0.15405583398117634	0.5657711497895563	0.2801730162292675
0.41050676941126424	0.21473123139330572	0.37476199919543013
0.41006398214299633	0.46494319853203875	0.12499281932496503
0.40542904443810335	0.23463492147907425	0.35993603408282254
0.1702886758326297	0.5850837562451741	0.24462756792219637
0.29423219810736845	0.6371617033898511	0.06860609850278049
0.24465905429348167	0.4860323701136492	0.2693085755928693
0.46000122421190814	0.4610691660052291	0.07892960978286284
0.27866123702463713	0.36428507095348384	0.3570536920218792
0.1736885109719368	0.7609583955590662	0.06535309346899709
0.14834055419473352	0.7800170688927552	0.07164237691251141
0.5480417963296023	0.2275231839075942	0.22443501976280356
0.460576883772686	0.4122498239965851	0.12717329223072896
0.33920653877730667	0.2749297608027964	0.38586370041989704
0.5154610108591002	0.4129403889054009	0.07159860023549897
0.2963280132765556	0.6649378260233452	0.038734160700099385
0.5412025996898047	0.410512650477357	0.04828474983283837
0.2958788750198151	0.2970274555354654	0.4070936694447196
0.14616264825892575	0.7210139693373991	0.13282338240367525
0.5566000036833394	0.1116640417409725	0.3317359545756883
0.1211514307737579	0.8426662260007776	0.03618234322546471
0.20795222784569128	0.5651498732138682	0.2268978989404406
0.23010895673964482	0.7142645756422997	0.055626467618055564
0.36778476079151146	0.5896908197898202	0.04252441941866841
0.33178682162246803	0.4636245934910318	0.20458858488650028
0.34389090945922685	0.5994590505033294	0.056650040037443894
0.14347234301304013	0.5350948049633127	0.32143285202364724
0.2960723352056425	0.4963091631702985	0.20761850162405912
0.34886455614325723	0.6057039797953305	0.0454314640614123
0.5748044844969687	0.3090032179284444	0.11619229757458699
0.17507336422781083	0.7398640072045274	0.08506262856766195
0.28733253013254045	0.6602769979647383	0.05239047190272139
0.16868621396236932	0.4830643095492239	0.3482494764884069
0.1436736678177499	0.8044728993545278	0.05185343282772237
0.28193349882996493	0.46056724068715593	0.25749926048287924
0.2949527574204904	0.35772558759762907	0.3473216549818807
0.2509578715417819	0.5105974051065334	0.2384447233516848
0.5561826866221045	0.11690849505279147	0.32690881832510416
0.2781037297792256	0.4208374296259387	0.30105884059483584
0.05524797455174524	0.5383020483337773	0.40644997711447767
0.5777442237482593	0.18161911336882655	0.2406366628829142
0.17035715508934077	0.5122345159032907	0.3174083290073686
0.4251642917037133	0.2539563905319938	0.320879317764293
0.1142059178799047	0.7881873232069149	0.09760675891318057
0.40521627655123954	0.4544168651026319	0.14036685834612864
0.20945943683335208	0.5387146717767852	0.2518258913898629
0.43456200866949535	0.23812431580386673	0.32731367552663804
0.5571893259583383	0.308284384948889	0.13452628909277287
0.2737541519706814	0.3624325887422189	0.3638132592870998
0.14850805380761184	0.735191158168623	0.11630078802376537
0.37001214941227406	0.4640761242511353	0.16591172633659074
0.14984030117570127	0.7165716660607098	0.13358803276358922
0.06978980309187494	0.8486196172522773	0.08159057965584793
0.4300184921632955	0.28272574909999515	0.28725575873670944
0.07956676770233301	0.8139774237605335	0.10645580853713366
0.2356954504671757	0.6819544939424971	0.08235005559032732
0.2239632146280391	0.5012458745349431	0.2747909108370179
0.39708820179270427	0.44414056622833653	0.15877123197895932
0.5233468726137842	0.07274961513331307	0.4039035122529027
0.14279728238264836	0.7416147293294906	0.11558798828786115
0.07899859331490044	0.8312667253089936	0.08973468137610616
0.10116212275675082	0.642470261830341	0.25636761541290837
0.25882729669953564	0.4550725566611914	0.2861001466392731
0.46862981832232486	0.21430213165337686	0.31706805002429833
0.4439371008251416	0.5142247874258082	0.04183811174905028
0.43294000385747544	0.39744113620283933	0.16961885993968534
0.22027358521000925	0.7201695046187485	0.05955691017124237
0.35401459389578716	0.601669523941447	0.04431588216276594
0.1277002711519859	0.4966068117068428	0.3756929171411714
0.1420995598539948	0.5434289936007046	0.3144714465453007
0.3269996875840387	0.5373732486681821	0.13562706374777925
0.25093012788966973	0.4141836275473429	0.3348862445629875
0.4273142299470894	0.2880711233170725	0.2846146467358382
0.15062628039838644	0.6795261644846424	0.1698475551169713
0.09685584526672134	0.7321075763426557	0.17103657839062314
0.14930934562860057	0.5816228764817204	0.26906777788967917
0.17054584152049118	0.6632425090365515	0.16621164944295752
0.10783643309817784	0.566457953457016	0.32570561344480625
0.1946300734577632	0.4854115278993384	0.3199583986428985
0.16069412470411845	0.505408670027189	0.33389720526869265
0.5262212420215845	0.22792825563256772	0.2458505023458479
0.5103641404780872	0.34429597325068834	0.14533988627122457
0.4531680242917136	0.35440198320328514	0.1924299925050014
0.07965190083620988	0.6132613738807577	0.30708672528303255
0.28519918693669	0.576687747539035	0.1381130655242752
0.2217026532895222	0.4718518018376501	0.3064455448728278
0.25675513347880946	0.4453641611626573	0.29788070535853334
0.350398536854717	0.34700916136977966	0.30259230177550345
0.4151735233397902	0.20295387997231482	0.3818725966878951
0.3595600479608096	0.477591471062079	0.1628484809771115
0.3443132305088773	0.42989592996684	0.22579083952428275
0.32580970365062023	0.47101761066694076	0.20317268568243912
0.225958112892988	0.496658722043852	0.27738316506316013
0.27406534826059176	0.6622393947129643	0.06369525702644396
0.17055002519939844	0.4473834974330804	0.38206647736752125
0.17977692517555538	0.6895196858611334	0.13070338896331138
0.3225633644046464	0.4994947766954321	0.17794185889992165
0.19286149378764286	0.7534436753980222	0.05369483081433507
0.0546355193487395	0.6234618002958114	0.32190268035544917
0.061819061944218046	0.6558477829822236	0.28233315507355855
0.1046340452172955	0.6454859214956142	0.2498800332870904
0.4790784728642069	0.11067500461794849	0.41024652251784466
0.5171796821011586	0.1721499977319287	0.3106703201669128
0.06886364076820789	0.5212869332130408	0.4098494260187514
0.34561801472913156	0.41234310634107446	0.24203887892979414
0.44072476365883817	0.470503500866167	0.0887717354749949
0.2137451084039528	0.6993140735951195	0.08694081800092784
0.2988019645938049	0.4501804374947541	0.25101759791144107
0.375584293580266	0.4897267403049958	0.13468896611473832
0.20238816373474364	0.389091914025475	0.4085199222397815
0.3657939202153546	0.342381516516176	0.2918245632684695
0.2406992743229141	0.3547393540887518	0.4045613715883343
0.37233575509840755	0.338626031454006	0.28903821344758657
0.12101838731636744	0.7632587901969813	0.11572282248665144
0.4132654897336784	0.22874301181187684	0.35799149845444483
0.4551334489275731	0.24933155333723278	0.2955349977351942
0.1392114264930094	0.5826472227501815	0.2781413507568091
0.09286360525678691	0.8170037563403063	0.09013263840290692
0.402331711981602	0.4030854718985008	0.19458281611989733
0.09913051354077601	0.5207532926786964	0.3801161937805277
0.4736640188316189	0.3954451981357694	0.13089078303261173
0.07615296549778305	0.6668019386497297	0.2570450958524874
0.1360823074929674	0.6694842021698804	0.19443349033715235
0.5668348892663845	0.20499618953565926	0.22816892119795637
0.3864709803550202	0.26949710863417364	0.3440319110108062
0.09438127242649613	0.6633109945634936	0.24230773301001035
0.5152613071834589	0.3923056088876096	0.09243308392893163
0.2616908379506271	0.5601099439356321	0.178199218113741
0.09196739283154665	0.8348779040766793	0.07315470309177413
0.1512631213573276	0.48664304247645074	0.36209383616622176
0.12572754750845777	0.6118818889069304	0.26239056358461194
0.28555660124104465	0.6258448587092458	0.08859854004970963
0.28747731565174217	0.44834534157755135	0.2641773427707066
0.4849750424684934	0.3432342427237794	0.1717907148077273
0.5549722220737419	0.24866335608778167	0.1963644218384766
0.38378801828768316	0.37780708911821315	0.2384048925941038
0.49254445513324024	0.10161884387913833	0.40583670098762153
0.43525537732888875	0.40747906331733813	0.1572655593537732
0.31478076225016305	0.5797822682789786	0.10543696947085851
0.2519070062027027	0.6557227502756516	0.0923702435216458
0.15859894268866784	0.5595734270221442	0.28182763028918817
0.13252677178131578	0.48488939761863314	0.3825838306000512
0.055585474879904506	0.676143748882287	0.2682707762378086
0.4042744212737512	0.2303738194313675	0.3653517592948814
0.08755248433044721	0.7816488217123596	0.13079869395719332
0.08597021916840952	0.5350064634035594	0.3790233174280312
0.07459717158626805	0.5910086806898338	0.3343941477238982
0.44627000011022366	0.32530577089611656	0.22842422899365988
0.36140973262555265	0.5176129985616407	0.12097726881280685
0.20865176572284033	0.7024288743594398	0.08891935991772004
0.31351669492678824	0.4058634485499293	0.2806198565232826
0.21898604516042572	0.7413995219326903	0.0396144329068841
0.1331388379612594	0.7093219586319182	0.1575392034068226
0.15442106470629455	0.45338106008417933	0.39219787520952626
0.2140069807527114	0.4345045946368325	0.3514884246104562
0.4082659214915586	0.4492584968503256	0.1424755816581159
0.5733266311653598	0.10024261573343268	0.3264307531012077
0.42708381758339126	0.4536421453790378	0.11927403703757103
0.32145358753915854	0.5425358575076471	0.1360105549531945
0.1553078267094342	0.6161220900415141	0.22857008324905187
0.2071889662354105	0.6643185228796937	0.1284925108848959
0.49763213151739183	0.32622580741000945	0.1761420610725988
0.3750667239031353	0.38015805151990945	0.2447752245769554
0.12959835526837005	0.8185984085531621	0.05180323617846799
0.17937851287964368	0.42437246316330746	0.396249023957049
0.4752241972444621	0.4842090236929163	0.04056677906262174
0.21073902349734897	0.4734652418897784	0.31579573461287275
0.06417621609605006	0.6275894046328974	0.3082343792710527
0.5194995961963108	0.3395168052428401	0.14098359856084922
0.11223061586569075	0.5005643085820898	0.3872050755522196
0.3307764526112751	0.6281104418773297	0.041113105511395354
0.20245234265156795	0.5910911124921749	0.2064565448562572
0.18894846622936912	0.5227055543934562	0.2883459793771748
0.16586093798543045	0.5240598731104024	0.3100791889041673
0.3286209844535413	0.40399094785933826	0.26738806768712053
0.5559068595529972	0.3962557838046349	0.047837356642368045
0.30206305582009185	0.41367907724890296	0.2842578669310053
0.2301774014158488	0.5940315703893033	0.17579102819484796
0.12983497249240145	0.7337932297996577	0.13637179770794106
0.475818664508572	0.18965849332241538	0.3345228421690126
0.13116245511584285	0.7364586384786155	0.13237890640554179
0.5763687152464234	0.1424495610288024	0.28118172372477424
0.3373704406499089	0.3174954613662501	0.34513409798384104
0.4649222596005034	0.21815877195681405	0.3169189684426827
0.5135613530413943	0.38068577287282257	0.10575287408578327
0.2248618122619408	0.5405576488268243	0.23458053891123493
0.18107754016706407	0.7085087756507294	0.11041368418220665
0.34556933102939796	0.5959006069518942	0.05853006201870803
0.48328483375575315	0.3144843898738106	0.2022307763704363
0.3797960842769657	0.27127667687943685	0.34892723884359755
0.3313212516003738	0.3651482790440688	0.3035304693555575
0.49306444070648536	0.18688116656001644	0.32005439273349834
0.5444207949049511	0.41701616704515454	0.03856303804989436
0.2862401437320328	0.5589907154218328	0.15476914084613452
0.4099242245045519	0.3442669866758247	0.24580878881962348
0.4013568635263185	0.2849725324017464	0.3136706040719352
0.43668200440247074	0.18599215054620144	0.37732584505132793
0.4871598972896084	0.1531512998289793	0.35968880288141236
0.24174798277806112	0.6106069145710507	0.14764510265088832
0.2562892598153944	0.6960790969233209	0.04763164326128477
0.19670408832962608	0.6321188152678778	0.17117709640249623
0.46088241752453046	0.49581250502664886	0.043305077448820783
0.15636746047532202	0.6190310484342172	0.22460149109046088
0.15977795305260742	0.7633022807373295	0.07691976621006313
0.15568013494998983	0.7470159379874206	0.09730392706258967
0.46305037927254844	0.3812330745120591	0.15571654621539255
0.4261554625578461	0.3915101295860405	0.18233440785611355
0.559462026873416	0.07259863652004783	0.36793933660653627
0.2584828683033682	0.669783552575498	0.07173357912113387
0.5355676690796163	0.08541923684747563	0.3790130940729081
0.3524023951269581	0.5420351707746771	0.10556243409836497
0.4704507086783627	0.21854876045279015	0.3110005308688472
0.40543945280335514	0.3511800171215156	0.24338053007512944
0.18902319758274377	0.7370982611799293	0.07387854123732707
0.4405433753551117	0.2509407118680011	0.30851591277688734
0.2150390949216771	0.5114016431819286	0.27355926189639446
0.13280331769873688	0.7669547486889006	0.10024193361236267
0.2928546237346301	0.4271365847364936	0.2800087915288764
0.1755884964975916	0.4539686854338712	0.37044281806853735
0.2153655377463326	0.6512374363431404	0.13339702591052716
0.5037485900622001	0.10757313166421922	0.3886782782735808
0.05358028802455045	0.5684057950102828	0.3780139169651669
0.1672509554303595	0.5564077982174792	0.2763412463521614
0.36666902833041104	0.49888657168188444	0.13444439998770463
0.31187548430649853	0.32910482877704306	0.3590196869164585
0.3443234255959889	0.3783122834743695	0.2773642909296417
0.2786668058312468	0.6529945228660171	0.06833867130273619
0.47306934169599546	0.18491913066326185	0.34201152764074283
0.37008082183721547	0.4053931818392875	0.22452599632349718
0.23868140789497355	0.6408060324902565	0.12051255961477012
0.42358051245851225	0.40428775715613896	0.17213173038534893
0.3203331052862558	0.6175136644167254	0.062153230297019024
0.14366974185492398	0.7853675504264103	0.07096270771866592
0.494033494324005	0.3595283064049765	0.1464381992710186
0.5757855007125969	0.1836288748900268	0.24058562439737644
0.2935026832796652	0.5222224856023555	0.18427483111797935
0.28662261857909727	0.3084743789987807	0.40490300242212207
0.3188755546865065	0.37127743695392523	0.30984700835956835
0.10892813232609208	0.6135916859404859	0.2774801817334222
0.20602274366401602	0.4045871795357829	0.3893900768002012
0.38056707486448016	0.3512333232384376	0.26819960189708236
0.413076598938539	0.3118056884984658	0.2751177125629954
0.4241841664070397	0.30573772747229794	0.2700781061206624
0.5003323556003845	0.14193866508216868	0.3577289793174469
0.262700415005204	0.5493035450839212	0.18799603991087488
0.05761150657982972	0.5908837558051785	0.3515047376149919
0.38580235685071673	0.5498279145459921	0.06436972860329127
0.3485119799023324	0.3894175482497708	0.26207047184789695
0.5704177540429274	0.03014129566100432	0.39944095029606835
0.17074939135054687	0.610548075297523	0.21870253335193018
0.45119735977747244	0.5000617951857389	0.048740845036788716
0.13125523939054626	0.5366573171118432	0.33208744349761066
0.09022249592504683	0.6659549702246962	0.24382253385025712
0.09791175633608845	0.5635011850152342	0.33858705864867744
0.43747112783055897	0.39675033192671444	0.16577854024272673
0.5473913683357162	0.23868977579006426	0.21391885587421966
0.5351807133538141	0.2280978637502847	0.23672142289590123
0.5764475661821375	0.11080834182865029	0.31274409198921227
0.1555900905051592	0.4764037945096934	0.3680061149851475
0.33130224364608984	0.40991074031512137	0.25878701603878884
0.5038011513572114	0.12389666962133539	0.37230217902145324
0.2162195069813716	0.44405566162623117	0.33972483139239734
0.09518642348046255	0.6503232043113467	0.25449037220819093
0.36453460214338473	0.5555313923293504	0.07993400552726493
0.08933546191929354	0.6552325566003074	0.25543198148039925
0.5363804295933229	0.0721036541567493	0.391515916249928
0.1937738369148448	0.7299148428665863	0.07631132021856912
0.31139743178052365	0.3824206757581621	0.3061818924613144
0.1885901099535531	0.5850223198297113	0.2263875702167356
0.47693311840932867	0.45276446352591276	0.07030241806475868
0.08654929317061802	0.7673286303425503	0.14612207648683184
0.23471523151050766	0.4298805347101643	0.33540423377932815
0.2450312043524443	0.408443228327257	0.3465255673202988
0.3869702123747988	0.4844919171933397	0.1285378704318616
0.4330975453994943	0.40435707687833544	0.16254537772217034
0.08595064072082215	0.5260765371645234	0.38797282211465456
0.5414024137032604	0.22793516458766305	0.23066242170907664
0.35429340209384164	0.3735799274967145	0.272126670409444
0.3838953207938685	0.25339380284835206	0.36271087635777954
0.3972039003561845	0.4026981598121764	0.20009793983163923
0.2752619461216196	0.43208570148050235	0.29265235239787823
0.23588283719050793	0.439062755240457	0.3250544075690352
0.4202624486313354	0.5399695465903691	0.039768004778295674
0.3766556763611413	0.4277359688544011	0.1956083547844577
0.35316165782077513	0.5335696690029149	0.11326867317631006
0.23567204303330022	0.40359189342554475	0.36073606354115517
0.400794694604795	0.5099898218401008	0.08921548355510434
0.22084968131808042	0.661359062995493	0.1177912556864267
0.0634098829781039	0.8456597525862658	0.0909303644356304
0.256329659577304	0.5824903588555007	0.16117998156719537
0.5101499959024501	0.3087721662933083	0.1810778378042417
0.19876032226638324	0.6968048889458288	0.104434788787788
0.2637936928630824	0.35265546836343253	0.38355083877348517
0.40333154770856616	0.3520277558227814	0.24464069646865255
0.33400238556657147	0.556279518708963	0.10971809572446567
0.400508747667249	0.2799915001598081	0.319499752172943
0.25582775026273785	0.6081960996473933	0.13597615008986896
0.3426448458911621	0.2849866734458052	0.3723684806630328
0.5324356978743642	0.11146610780788307	0.3560981943177528
0.5515200237820012	0.13852495702284318	0.3099550191951558
0.3685679474564828	0.29244151048933653	0.3389905420541808
0.2334731858847204	0.4041778986554619	0.36234891545981784
0.3902881183809433	0.4230415303990773	0.18667035121997944
0.2251383509824263	0.5637700179529788	0.21109163106459505
0.35001347995203075	0.34948276748072804	0.3005037525672413
0.261555996956728	0.5438963978776117	0.19454760516566044
0.1426031722489695	0.7266286294308423	0.13076819832018827
0.22510257260192104	0.450091677272603	0.3248057501254761
0.40880593889164146	0.28040908207944915	0.3107849790289095
0.18979761242541549	0.4712973139315605	0.3389050736430242
0.22032921885177678	0.5723938024682462	0.2072769786799771
0.09592033980890935	0.5536295988068257	0.350450061384265
0.56907508913346	0.3642510737574053	0.06667383710913477
0.33496733260251177	0.4443849372217809	0.22064773017570738
0.4989475612187122	0.15832654100295812	0.3427258977783298
0.06290364138670079	0.7459295985129194	0.19116676010037992
0.060659155902650475	0.8729279686256944	0.0664128754716552
0.14072707802204382	0.5784146867583926	0.28085823521956377
0.062012013250243136	0.5379496876755802	0.4000382990741768
0.43250203586554453	0.47933126107772617	0.08816670305672938
0.3029570300828497	0.450461103953294	0.24658186596385648
0.5186523196040814	0.09775389044010993	0.38359378995580873
0.08693218140573436	0.7653357719598376	0.14773204663442818
0.2637838481221525	0.37213075778609517	0.36408539409175245
0.5599699516330674	0.14724418823553226	0.29278586013140045
0.4882227081949465	0.12275794177955673	0.3890193500254968
0.26692505149580076	0.4507435358676009	0.28233141263659844
0.23051499395234495	0.681275588856145	0.0882094171915101
0.4367550107124005	0.34107271177143145	0.22217227751616814
0.166746599751175	0.677559812074048	0.15569358817477713
0.3748903643575178	0.29059682071537013	0.33451281492711216
0.06999923793473373	0.5330914974882297	0.39690926457703657
0.5788586029340277	0.24044118542938997	0.18070021163658243
0.5678900671268253	0.24139849328696467	0.19071143958621015
0.13906775223817097	0.5010728763290032	0.359859371432826
0.12165379247195479	0.6767694227404918	0.2015767847875535
0.2162053572683294	0.6496856362409544	0.13410900649071628
0.407934432196735	0.4650918593423128	0.12697370846095232
0.058157423075810843	0.7855763497522572	0.15626622717193211
0.11070094508591577	0.5257315527052894	0.36356750220879497
0.37281363825843494	0.3559226572029135	0.27126370453865173
0.26559464794132065	0.45236034372274514	0.2820450083359343
0.09065430023817583	0.505600343963861	0.4037453557979634
0.3505865169020888	0.30419225622578905	0.3452212268721222
0.2896226951336046	0.3439501058851469	0.3664271989812486
0.1023427115751476	0.7514690521833562	0.1461882362414963
0.4418046926962784	0.30700398452255906	0.2511913227811627
0.31531985841513177	0.39114456109633633	0.293535580488532
0.4577042992175962	0.43114362933053796	0.11115207145186595
0.4056362291696963	0.21666969666659439	0.37769407416370937
0.3623537873443664	0.22485240525500438	0.4127938074006293
0.30168629658460555	0.5177974248648681	0.18051627855052643
0.5667659619384005	0.16094772845369312	0.27228630960790645
0.2958287419570977	0.45405229621465204	0.25011896182825033
0.29879027112324863	0.31842261064455357	0.38278711823219796
0.41991037800359104	0.5367907600767685	0.04329886191964055
0.29380962294655066	0.6247078746009656	0.081482502452484
0.30378588976963217	0.5516093047234418	0.14460480550692617
0.4627860096123734	0.5006430952268199	0.036570895160806804
0.5252726491265692	0.25151452964359383	0.22321282122983704
0.5472202936296078	0.06744549973195546	0.38533420663843687
0.5530203166690649	0.05237240478512334	0.39460727854581185
0.41501270290076475	0.2548180842120312	0.3301692128872041
0.5019668568748773	0.15073143422361002	0.3473017089015128
0.06841977679033034	0.8617226410276867	0.06985758218198312
0.11189063998759591	0.5697125495276874	0.31839681048471685
0.37326916632216606	0.3932118159021953	0.23351901777563877
0.3027471508835361	0.29456590262562776	0.40268694649083625
0.17363108320096596	0.4996600252775078	0.3267088915215264
0.4412308512881129	0.21297478162669198	0.34579436708519523
0.12509601107256402	0.7565019687181409	0.11840202020929524
0.35427193766044796	0.38335915470178	0.2623689076377721
0.5773951284124479	0.15939873860319145	0.2632061329843608
0.45387698610859506	0.429978782841207	0.11614423105019805
0.3014234232894924	0.3361561107435128	0.3624204659669949
0.40367445238389527	0.28421642707589917	0.3121091205402056
0.3122238332159881	0.39662631031371726	0.2911498564702947
0.3329068201733045	0.4262963271057835	0.24079685272091209
0.3025825552208901	0.29739204127562713	0.4000254035034829
0.35245412721087027	0.330321722009119	0.31722415078001087
0.14644474722579812	0.5394895048832452	0.31406574789095676
0.16692777110950566	0.5809601544869906	0.2521120744035039
0.24629060693096663	0.36337564839200276	0.3903337446770307
0.23411585242627422	0.5753425569111044	0.19054159066262155
0.18536130973369463	0.6035589763977358	0.2110797138685697
0.14590880915874202	0.7301760187419124	0.1239151720993456
0.15572008523888842	0.749157706512138	0.09512220824897366
0.5264871621249309	0.3326550054988392	0.14085783237623
0.49334373709655877	0.1626618469866542	0.34399441591678714
0.1480831539966903	0.6771822463311714	0.17473459967213847
0.11007785329932665	0.6119068628549621	0.27801528384571134
0.32749745684575243	0.5381749670115678	0.13432757614267996
0.19874238535534577	0.6707627291556661	0.13049488548898824
0.2371739992198268	0.45836450327338296	0.3044614975067904
0.29662147828236374	0.6523118346696741	0.051066687047962245
0.25635807048154363	0.5101484653600482	0.23349346415840827
0.2791760139982294	0.5015949542479763	0.21922903175379452
0.5036003118499756	0.3985878770754455	0.09781181107457906
0.15052732580181122	0.5215481649968017	0.32792450920138727
0.39993121308811946	0.19287676843996573	0.4071920184719149
0.1477890784064003	0.8058313304313597	0.046379591162240164
0.4177798539430354	0.5171791097130567	0.0650410363439079
0.12151843433503307	0.7586683137876109	0.11981325187735614
0.1482577404335827	0.5492465397596895	0.30249571980672785
0.09447654048978596	0.6334487971670654	0.27207466234314875
0.2721417516680848	0.4252804462780668	0.3025778020538485
0.09688090216052558	0.8072274757796171	0.09589162205985743
0.05148358038015488	0.8137335248132628	0.1347828948065825
0.39068845727742285	0.34903526756087083	0.2602762751617064
0.07773815305274379	0.8505297075876208	0.07173213935963546
0.24548634456599505	0.38418780617215703	0.3703258492618481
0.19538701646936674	0.5205283458431037	0.2840846376875297
0.23859958674935744	0.4332639455011803	0.32813646774946237
0.3588055379704392	0.3613518986904626	0.27984256333909835
0.4387929576621176	0.4748792867877447	0.08632775555013775
0.335678342976164	0.5933811704564903	0.0709404865673458
0.06001050009442821	0.64240439230974	0.2975851075958319
