0.37667960633653114	0.3758541052839755	0.24746628837949347
0.37668101278773136	0.37588358948791956	0.2474353977243492
0.3766914720648586	0.37590022908209464	0.2474082988530469
0.37667214150071426	0.3758709728041527	0.24745688569513316
0.3766766761483682	0.37586487189130857	0.24745845196032334
0.37667676927634464	0.3759071497771829	0.24741608094647255
0.37666404580987584	0.3759069261237186	0.24742902806640565
0.3766679019196307	0.37589998632825317	0.24743211175211627
0.37666763221918004	0.3758903776710315	0.24744199010978854
0.3766795546424221	0.3758909274611863	0.24742951789639173
0.37668423327911843	0.37587129460534646	0.24744447211553522
0.37670346728300697	0.3758747072155092	0.24742182550148392
0.37670271150792145	0.37590770107583094	0.24738958741624778
0.3766992040318744	0.3758974424852454	0.24740335348288028
0.3767064140057041	0.3758955978534372	0.24739798814085884
0.37669633435447064	0.3758602861633796	0.2474433794821499
0.3767020275072882	0.3758619313379976	0.2474360411547143
0.3766962534564704	0.37587487178212137	0.24742887476140835
0.376683827538528	0.37587099129232304	0.24744518116914904
0.3766943200787073	0.37587180184504443	0.24743387807624845
0.3766719125587017	0.37590212856689775	0.24742595887440066
0.37668970706625743	0.37585542500240754	0.24745486793133512
0.37665225831274074	0.37586266251872147	0.2474850791685379
0.37665365151060093	0.375879411826027	0.24746693666337216
0.37666701182312945	0.3758955765037384	0.2474374116731322
0.3766878559767621	0.37586572348998004	0.247446420533258
0.37667147343516894	0.3758605689841925	0.24746795758063864
0.37666483701860776	0.3758616503903788	0.24747351259101355
0.3767014120366363	0.37586735941431954	0.24743122854904426
0.3766766845198806	0.37589953668533604	0.24742377879478347
0.37666942909967327	0.37588697693062245	0.24744359396970442
0.37670217655972815	0.3759006154302958	0.24739720800997617
0.37667802164871994	0.37588918682423145	0.24743279152704872
0.3767035574138952	0.3758556104469677	0.2474408321391372
0.37666215495829725	0.37586822069891673	0.2474696243427861
0.37665316349954836	0.3758943531213224	0.24745248337912934
0.3766850958670361	0.37585339805280504	0.24746150608015893
0.37666565613930025	0.3758539829862382	0.24748036087446165
0.37667331911932583	0.37590636165723534	0.2474203192234389
0.3766662081193673	0.3758634469793317	0.2474703449013011
0.37666476298288826	0.37589120274842563	0.24744403426868622
0.3766527165395114	0.3758770296477267	0.247470253812762
0.3766942547168136	0.37589788910446004	0.2474078561787265
0.37668673570591704	0.37586918515763523	0.24744407913644778
0.3766865571004129	0.37587407738594586	0.2474393655136414
0.37665764688826975	0.37590081851178936	0.247441534599941
0.37666941703593115	0.3758951747454003	0.24743540821866872
0.37669825355167136	0.37585685343330627	0.24744489301502248
0.3766833055232719	0.3759083304441723	0.24740836403255595
0.3766833547452668	0.3758877153921382	0.24742892986259504
0.3766514531459115	0.3758754162091501	0.2474731306449386
0.37669916157115835	0.3759011455620099	0.2473996928668319
0.3766673878321372	0.37586445897872767	0.24746815318913523
0.37666436840727174	0.37587157264017823	0.2474640589525501
0.3767011692841738	0.3758715788328693	0.247427251882957
0.37669643756457655	0.3758708283719696	0.24743273406345395
0.3766596234533723	0.3758748693272687	0.24746550721935912
0.3766744447470042	0.37590291876419046	0.24742263648880547
0.3766989392157036	0.37588788222532554	0.24741317855897096
0.37666582961874107	0.3758802793011275	0.24745389108013155
0.3766555542572849	0.3758757553778878	0.2474686903648274
0.37669350056250794	0.37589734108364947	0.24740915835384272
0.37666230977789306	0.37586150652248623	0.2474761836996208
0.37665785421750453	0.37589966517535156	0.24744248060714402
0.3767028316201019	0.37589433070600825	0.24740283767388999
0.3766597351289668	0.375875925610144	0.24746433926088932
0.37670046611018393	0.37588372682030796	0.24741580706950825
0.37665710461090246	0.37589816124509323	0.24744473414400445
0.3766573700995913	0.37586909633268284	0.2474735335677259
0.3766738494051085	0.37586221441980533	0.2474639361750863
0.3766997495444595	0.3758747451747001	0.24742550528084054
0.3766528109232694	0.37586168536825476	0.24748550370847594
0.3767062841011793	0.375875926203937	0.24741778969488382
0.3766982270208243	0.37589730544667654	0.24740446753249928
0.37670754199282136	0.3758585736017563	0.24743388440542247
0.3767029558428989	0.3758915433141234	0.2474055008429778
0.37666779130083045	0.3758752693735779	0.2474569393255917
0.376704684261842	0.3758626349998314	0.24743268073832667
0.37668786468472376	0.37585690956473783	0.24745522575053852
0.3766564034844834	0.37590177022872573	0.24744182628679096
0.37670344373811093	0.3758627340347927	0.24743382222709648
0.37669663649762725	0.3758581591011948	0.24744520440117806
0.376660196321469	0.3759044433532768	0.24743536032525432
0.376668213342652	0.3759056573443007	0.24742612931304742
0.3766951616810557	0.3758997638818823	0.2474050744370621
0.3766961925715854	0.3759060784279442	0.24739772900047047
0.37666032288318807	0.3758942454953082	0.24744543162150384
0.37668771988489586	0.3758786768871286	0.24743360322797558
0.3766547182444587	0.3758767471825932	0.24746853457294826
0.3766963032016415	0.37585781805007723	0.24744587874828133
0.37670123530441746	0.3758872379720283	0.24741152672355438
0.37669044171960586	0.37586840322808446	0.24744115505230982
0.3766722618891948	0.37590060249776563	0.2474271356130397
0.3766885960001067	0.37588185508997657	0.24742954890991686
0.3766820254466218	0.3758584310829899	0.2474595434703884
0.3766839701269364	0.3758870867303877	0.24742894314267605
0.37669154843241365	0.37586413265128493	0.2474443189163015
0.3766866014867639	0.37588330753289617	0.24743009098034002
0.3766890033037353	0.37586613469562147	0.24744486200064336
0.3766971803073242	0.3758978786824029	0.247404941010273
0.3767007713251731	0.3759071292120282	0.24739209946279883
0.3766971144588378	0.3758991648884491	0.24740372065271324
0.3766540557179017	0.37587624404906883	0.24746970023302955
0.37667914503203925	0.37589342771773354	0.24742742725022737
0.3766599592128484	0.3758717330766649	0.24746830771048683
0.37668720345451295	0.37587313056980803	0.24743966597567912
0.37667563544293936	0.37590070392140235	0.2474236606356584
0.3766559322956121	0.37586629867076055	0.24747776903362742
0.3766610369359137	0.3758652428112402	0.24747372025284625
0.37669586357335594	0.3758775481245527	0.24742658830209144
0.3766948193866848	0.37588549713512137	0.24741968347819396
0.37665300751959857	0.37589237358792965	0.2474546188924719
0.37666198708209586	0.375889275184423	0.24744873773348125
0.37665205016412495	0.3758904798011767	0.2474574700346985
0.3766626588152886	0.3758965519670807	0.2474407892176308
0.3766657628096729	0.3758778869185161	0.2474563502718111
0.3766752498390234	0.3758777258156909	0.24744702434528587
0.376665853861084	0.37587638168968174	0.2474577644492344
0.3766579386456576	0.3758535542649629	0.24748850708937956
0.37666951205460886	0.3758979736591211	0.24743251428627017
0.37665389290593926	0.37588348581977493	0.24746262127428592
0.37666970763538343	0.37585450589997216	0.2474757864646445
0.3766667930981809	0.37588123201425583	0.2474519748875634
0.3766665240416151	0.3758792711247034	0.24745420483368163
0.37669640750493305	0.37588000120388015	0.2474235912911869
0.37668383393923816	0.3758810753640205	0.24743509069674147
0.3766596386857878	0.37588459260106855	0.24745576871314376
0.37667730121008636	0.3758893050362366	0.24743339375367723
0.37665477818844434	0.3759089053209436	0.24743631649061215
0.3766939242779024	0.37585991906446625	0.24744615665763148
0.3766739617294127	0.37586045070758745	0.24746558756300002
0.37665909496957994	0.3758595312139032	0.24748137381651697
0.37670614159119287	0.37588866058567694	0.2474051978231303
0.376707563356084	0.37589392554608514	0.24739851109783095
0.37665854282597283	0.3758955982872947	0.24744585888673262
0.3766932983191949	0.37589382826707524	0.24741287341372997
0.3766775895438048	0.37586747179729135	0.24745493865890392
0.37668427662096593	0.3758989847227411	0.24741673865629304
0.37666151550081467	0.3758560696121251	0.24748241488706035
0.3766762471826638	0.3758739744657289	0.24744977835160742
0.37667831572558125	0.3758619980563319	0.24745968621808695
0.3767005448162784	0.3759049448731005	0.2473945103106212
0.3766750085222529	0.375891391451764	0.2474336000259832
0.3766666073243036	0.37588147184951215	0.24745192082618434
0.37669737227634836	0.3759064644008484	0.2473961633228033
0.3766988141199739	0.37585740377318516	0.24744378210684104
0.37665284735453697	0.3759046048981469	0.2474425477473162
0.3766807298383671	0.3759049022437354	0.24741436791789764
0.376684158241819	0.37586278013111146	0.24745306162706965
0.3766820746036623	0.37587970319466385	0.24743822220167394
0.37668569411554903	0.37588317944854605	0.24743112643590504
0.37669769907772876	0.37586044464461177	0.24744185627765952
0.37665636971989513	0.3758739177209503	0.24746971255915468
0.3766660077274922	0.37587899493322996	0.24745499733927795
0.3766967173447575	0.3758701887939651	0.2474330938612775
0.37668326831894455	0.375882902833268	0.24743382884778756
0.3766720871690002	0.3758558446825951	0.24747206814840486
0.3767020768474726	0.37588319231230594	0.2474147308402216
0.376664898156561	0.3758745386445987	0.2474605631988404
0.376677071213183	0.3759027633460659	0.2474201654407512
0.3767062435325556	0.37588901345272896	0.24740474301471552
0.37667545128843904	0.37585765819705574	0.2474668905145053
0.3766572827068639	0.37586292439732366	0.24747979289581257
0.3766661061519119	0.37590856771243397	0.2474253261356542
0.3767079490437172	0.3758854197132405	0.2474066312430424
0.37667901714154955	0.37588426999665764	0.24743671286179292
0.3767054234718975	0.375874521129706	0.24742005539839665
0.37666966236631766	0.3758585269496646	0.24747181068401786
0.3766764505333361	0.37586407737356436	0.24745947209309965
0.37666705234890724	0.3758689322537458	0.2474640153973471
0.3766553369149468	0.3758788133131211	0.2474658497719322
0.37670769941565974	0.37588248018514936	0.24740982039919104
0.3766548511616661	0.3759039662166789	0.2474411826216551
0.3766603032776714	0.3758677583212269	0.24747193840110182
0.376685572667169	0.37586246807001267	0.24745195926281846
0.37667181250639736	0.37585961371810667	0.24746857377549608
0.37665381926827046	0.37588800229628355	0.2474581784354461
0.37670265326641433	0.3758686735858969	0.24742867314768888
0.37668176765167044	0.3758947065468961	0.24742352580143356
0.3766562369017727	0.3759010688586997	0.24744269423952767
0.3766560707614014	0.3759049607607858	0.24743896847781294
0.37667678420643075	0.37590690252653935	0.24741631326703
0.3766907157902888	0.375898912743758	0.24741037146595338
0.37668573224838187	0.37590741575027736	0.24740685200134088
0.37670705335031107	0.37585532460507215	0.2474376220446169
0.3766882372296606	0.37586825567764964	0.24744350709268986
0.3766545699463021	0.3758702873546617	0.24747514269903637
0.3766929084814873	0.3758617272120913	0.2474453643064215
0.3766681462401145	0.3758764381496876	0.247455415610198
0.3766830761654774	0.3758529097507225	0.24746401408380017
0.37668060402490566	0.37588517527320875	0.2474342207018857
0.376676092472308	0.37587516965232814	0.24744873787536398
0.3766597717915991	0.3759031269755598	0.2474371012328412
0.3766992567084802	0.3758969123534543	0.2474038309380656
0.37667313651334366	0.37588800082312307	0.24743886266353332
0.37668364795954556	0.3758704639506556	0.24744588808979895
0.3767055804121757	0.3758728522164605	0.24742156737136387
0.37666980473063	0.3759026915240204	0.24742750374534972
0.3766541285215192	0.37586498004323565	0.2474808914352452
0.3766692006180657	0.3758997719937231	0.24743102738821132
0.3766945863884226	0.37589847539719423	0.24740693821438328
0.3766813650948533	0.37585887903697446	0.24745975586817237
0.37669635339959406	0.3758679039023112	0.24743574269809487
0.37668859531383747	0.3758834382143557	0.24742796647180693
0.3766621068776551	0.3758923071132634	0.2474455860090816
0.376678370120706	0.3758569506843418	0.24746467919495235
0.37667783873965444	0.37589472897573545	0.24742743228461023
0.3766546537697003	0.37590101203844917	0.24744433419185058
0.3766584789755219	0.3758531599703598	0.24748836105411842
0.3766987352802636	0.3759006764670338	0.24740058825270272
0.3766918625985088	0.37587192477426606	0.24743621262722526
0.3766918366881183	0.37587524027271246	0.24743292303916936
0.376677235679226	0.3758640539352668	0.24745871038550732
0.3766603335072859	0.37589769961946196	0.24744196687325223
0.3766726617566507	0.3758609904304078	0.24746634781294155
0.37667386582469126	0.37588603404351284	0.24744010013179601
0.37667908884988915	0.37590172458960786	0.24741918656050307
0.3766824760522057	0.375895732139908	0.24742179180788643
0.37666204261169206	0.37587093775462344	0.2474670196336846
0.3766679239025596	0.3758760373060953	0.24745603879134517
0.3766632886139868	0.37588993167508106	0.24744677971093226
0.3766662662683022	0.37587488384709544	0.24745884988460243
0.37670297439928163	0.3759037681078805	0.24739325749283803
0.376654269934852	0.37585940709723087	0.24748632296791723
0.37666512038976396	0.3759000847885492	0.24743479482168695
0.37669666194764057	0.37585635320887456	0.24744698484348493
0.3766551655263843	0.3758646677548244	0.2474801667187914
0.3766820849535374	0.3758838445780256	0.24743407046843718
0.37665786182249555	0.37590879087523205	0.24743334730227248
0.37670432776755475	0.37586057841710985	0.24743509381533552
0.3766552846902377	0.37585557789452717	0.24748913741523526
0.376704233626504	0.3758913863535059	0.24740438001999018
0.37667727437483156	0.37589664778546156	0.247426077839707
0.3766994254196612	0.3759080524999271	0.24739252208041182
0.3766584029453202	0.3758876290021349	0.24745396805254494
0.3766993875816098	0.375864239642021	0.24743637277636932
0.3766905587147316	0.3758626572076959	0.2474467840775726
0.37669048340016004	0.37586038457297355	0.2474491320268665
0.37666457131700176	0.3758912882772718	0.2474441404057265
0.37668855048315186	0.37588026439894323	0.24743118511790502
0.3766816477448782	0.3758964568673362	0.2474218953877857
0.37665699209125303	0.37589130778284174	0.24745170012590528
0.3766835445510013	0.37588919506872503	0.24742726038027382
0.3766517487717101	0.3758852107823089	0.2474630404459811
0.37669929444361905	0.37589010825895913	0.24741059729742193
0.3766748719799892	0.375884793487969	0.24744033453204192
0.37669056591870653	0.37585818135789045	0.24745125272340313
0.3766688309488896	0.3758945915802868	0.2474365774708237
0.3766598980024636	0.3758650254608987	0.2474750765366378
0.37670733164234543	0.37588311113718664	0.24740955722046806
0.3766871412899913	0.37586868216117214	0.24744417654883666
0.37670577384870263	0.37590522291629874	0.24738900323499874
0.3766623373590596	0.3758521500883466	0.2474855125525939
0.3766802916207632	0.3758623983856585	0.24745730999357837
0.3766574775317906	0.37586164091710866	0.2474808815511009
0.37668596208768096	0.37588039460476513	0.24743364330755402
0.3766988940108384	0.3758624886632241	0.24743861732593764
0.3766795086671309	0.37590854825854936	0.24741194307431985
0.3766716194718053	0.37589611548673757	0.2474322650414573
0.37668591053683814	0.3758639697238476	0.24745011973931438
0.3766615938218388	0.3758917751716958	0.2474466310064655
0.37665561429133254	0.3758994763410497	0.24744490936761782
0.3766951257097895	0.3759043106521182	0.24740056363809232
0.37667301793404157	0.37586368038387125	0.2474633016820873
0.3766856699906409	0.3759060364154834	0.2474082935938758
0.3766964475526257	0.3758868438196062	0.24741670862776824
0.3766707394587914	0.37587938991778025	0.2474498706234284
0.37667713704375544	0.3759071502034886	0.24741571275275612
0.3766785654187418	0.3758665396618048	0.24745489491945355
0.3767032879573158	0.3758986467968424	0.24739806524584196
0.3766943209144766	0.3758973142368332	0.24740836484869033
0.3766998888341639	0.37587567765250374	0.2474244335133325
0.376651303514146	0.37590864761571946	0.24744004887013463
0.3766799745131789	0.3758783146383392	0.24744171084848196
0.37665477836195466	0.37587431358064727	0.2474709080573982
0.37665868659931623	0.3758568032662867	0.2474845101343972
0.37668742706580516	0.37586579046045643	0.24744678247373852
0.3766557914933747	0.37585870897880347	0.2474854995278219
0.37667790207908436	0.3758926670891099	0.24742943083180582
0.3766761796621545	0.37585690771935526	0.24746691261849035
0.37669151339160556	0.37590078124497006	0.24740770536342446
0.3767009954932755	0.3758605076754056	0.24743849683131902
0.37665806746157754	0.37589201233027786	0.2474499202081447
0.3766851112723947	0.37586434859241125	0.2474505401351942
0.37667773435247887	0.3758749596754881	0.2474473059720331
0.3766736240507562	0.37587390278857563	0.2474524731606682
0.3766870573832232	0.37588459734088	0.2474283452758969
0.37666666345743005	0.37585761267567924	0.24747572386689082
0.37667656512669506	0.37586086836219795	0.2474625665111071
0.3766652887911823	0.37586099168138076	0.24747371952743707
0.3767034134265514	0.3759000121325404	0.24739657444090835
0.3766775258810456	0.3758853483955975	0.24743712572335702
0.3767065703679606	0.37589295683852786	0.24740047279351163
0.3766756809907149	0.37589589131870565	0.24742842769057954
0.3766619160230686	0.3759011930673892	0.24743689090954232
0.3766968279295634	0.3758920999393334	0.24741107213110336
0.3766869437007471	0.37588157292997004	0.24743148336928295
0.37670058472093076	0.37586979246534163	0.2474296228137277
0.37670416105064636	0.37588758082142193	0.24740825812793182
0.3766955351713253	0.37585247283573053	0.24745199199294426
0.3766585010946629	0.3758919281123691	0.24744957079296806
0.37670479908440585	0.37589348635026676	0.24740171456532747
0.3766643305059901	0.37590398201817593	0.2474316874758341
0.37670074379748986	0.37587442093450524	0.24742483526800502
0.3767031902231534	0.37586647072723445	0.24743033904961223
0.37669505202608844	0.3758984505922066	0.24740649738170506
0.37667378424446646	0.3759026272368134	0.24742358851872023
0.376707985054761	0.3758685543274991	0.24742346061773998
0.37668788784468893	0.3759061903379417	0.24740592181736948
0.3766891248058508	0.37587323117702287	0.24743764401712648
0.3766539423002767	0.37588713979124616	0.24745891790847718
0.37669561892080466	0.37587889980702843	0.247425481272167
0.3766672794181272	0.37586685164683814	0.24746586893503475
0.37670073585204294	0.37589342789834007	0.24740583624961712
0.376671123575137	0.37585303386903096	0.24747584255583213
0.37668376995655534	0.3758562665295901	0.24745996351385469
0.3766640109256361	0.3759042829673636	0.24743170610700038
0.3766954890801527	0.3758660265978197	0.24743848432202767
0.37667295320382427	0.37586559790884355	0.2474614488873323
0.3766794868387692	0.375900687584563	0.24741982557666792
0.3766848251771622	0.37588080514737887	0.24743436967545906
0.37668059120384406	0.3758969722784155	0.24742243651774054
0.3766654011568775	0.37589391079489787	0.2474406880482247
0.3766555509813189	0.375902735420541	0.24744171359814016
0.37669740707810906	0.37589891395146047	0.24740367897043053
0.37667472348271436	0.37586290133918987	0.24746237517809586
0.37666222224157525	0.37588480255265255	0.2474529752057723
0.3766857145668767	0.37587822663150355	0.2474360588016198
0.3766676935779355	0.3758945464677844	0.2474377599542802
0.376682468938085	0.3758864657092471	0.24743106535266804
0.376699388695243	0.3759017026677894	0.24739890863696773
0.3766716140230917	0.37587928716538177	0.2474490988115266
0.3766593244091583	0.3758546190603191	0.24748605653052275
0.37670606376246435	0.3758677630913644	0.2474261731461714
0.37668723747212235	0.37589928241690523	0.2474134801109725
0.37665663086888146	0.3758759495220994	0.24746741960901925
0.37666541509920654	0.3758637075736772	0.24747087732711637
0.3766663233679894	0.3758912366848733	0.24744243994713744
0.3766894340668915	0.3759065691646424	0.24740399676846622
0.3766743051867049	0.3758952995237629	0.24743039528953226
0.376651208909724	0.3758635969087731	0.24748519418150305
0.37665985666065094	0.37586611930045283	0.24747402403889632
0.37666137372555836	0.37589910257382253	0.24743952370061922
0.3766926106751291	0.3758643268672982	0.24744306245757283
0.3766982871925565	0.3758642082556312	0.24743750455181235
0.3766555150572853	0.37588489759113985	0.24745958735157494
0.3766996497894955	0.37585623071006724	0.24744411950043738
0.37668840060542175	0.37586118431172866	0.2474504150828497
0.3766751984345819	0.3758983362488045	0.24742646531661372
0.3766849231636305	0.3758683266806165	0.24744675015575315
0.376692404357913	0.37589825126404663	0.24740934437804046
0.37669453453113855	0.375886029716477	0.24741943575238456
0.3766702555236451	0.37588221253133836	0.2474475319450167
0.37668999038836826	0.3758569698202968	0.247453039791335
0.3766641386597604	0.37589704441246535	0.24743881692777436
0.37670708612601517	0.3758950967412411	0.24739781713274384
0.3767052834482567	0.37585965713563113	0.2474350594161123
0.37665119425410976	0.3758781790845161	0.24747062666137426
0.3766854017869205	0.37588150245035157	0.24743309576272804
0.3766638322526239	0.3758786500423227	0.24745751770505356
0.3766867951565092	0.3758656787403258	0.24744752610316512
0.37665902704070736	0.37588987144638597	0.24745110151290678
0.3766625382371753	0.3758698164460747	0.24746764531675014
0.37667881358762023	0.3758693926195048	0.24745179379287507
0.37666097108613245	0.37586962866435514	0.24746940024951247
0.37667771260515276	0.3758651833189868	0.24745710407586052
0.37669309039366233	0.37588628757289666	0.24742062203344112
0.37670391774547185	0.3759088710194869	0.24738721123504137
0.3766802147886347	0.3758949004567162	0.2474248847546492
0.3766980309542287	0.3758802633113815	0.24742170573438987
0.37667776970101463	0.37588705365101893	0.24743517664796655
0.37667537276913743	0.37585861358412476	0.24746601364673793
0.37670272055592535	0.3758794316703832	0.24741784777369158
0.37668641384532914	0.37587340899049393	0.24744017716417704
0.37669569383885765	0.37590716241746963	0.24739714374367283
0.3766894683925707	0.37587657117045964	0.24743396043696975
0.37667666303129776	0.37586383047298283	0.24745950649571952
0.3766725130887948	0.3758673626643325	0.2474601242468728
0.37670443852901725	0.37589794590094944	0.24739761557003342
0.37669800061485825	0.37587700109250294	0.24742499829263892
0.3766760509237149	0.3759003814440421	0.24742356763224313
0.37666026091988575	0.37586936293386014	0.24747037614625422
0.3766769570655909	0.37586281349436257	0.24746022944004664
0.3766596816171144	0.3758914088318832	0.24744890955100252
0.3766757252313119	0.3758571395560027	0.24746713521268554
0.3766664517281299	0.37590336040990496	0.24743018786196527
0.37669400525512187	0.3758940677152389	0.24741192702963932
0.3766885911707911	0.3758777232548811	0.24743368557432785
0.37670610120901066	0.3758680145264933	0.2474258842644961
0.3766772640239109	0.3758671971796371	0.24745553879645216
0.3766607322892198	0.3759086839052641	0.24743058380551622
0.3766782420042812	0.37587479242335475	0.24744696557236415
0.3766971573938278	0.3758692697913795	0.24743357281479278
0.3766702844705726	0.37590547494001725	0.24742424058941026
0.3767031641624382	0.3758760769380472	0.24742075889951468
0.376670595830248	0.37590753179618924	0.2474218723735629
0.37666333812782526	0.37588668408142933	0.2474499777907455
0.37665490581387634	0.37588776154254266	0.2474573326435811
0.37665720090328486	0.3758637661795995	0.24747903291711576
0.3766951071478024	0.3758721402658823	0.24743275258631542
0.37669450555060735	0.37587763656733236	0.2474278578820604
0.37669463350586513	0.3758766005617732	0.24742876593236182
0.3766994017915315	0.3758638744702087	0.24743672373825992
0.37666283316129184	0.3758853117091361	0.24745185512957216
0.37667049220313675	0.3758660389542142	0.24746346884264914
0.3766852846986792	0.3758633738124342	0.24745134148888673
0.37666321925804874	0.37588080773817734	0.24745597300377398
0.3766543177002475	0.37587323804777695	0.24747244425197573
0.3766858021289967	0.37585345631584666	0.24746074155515674
0.3766540352586992	0.3758888401190496	0.24745712462225128
0.3767074844826178	0.37590069665175935	0.24739181886562295
0.3766793334095639	0.3758684030497305	0.24745226354070568
0.3766680528105848	0.37586927815699783	0.24746266903241748
0.37666482591333406	0.37589592000571176	0.2474392540809543
0.376705470509802	0.3758933768612705	0.2474011526289276
0.3767030278162101	0.3758638582418332	0.24743311394195674
0.37667774345824484	0.37587396898971737	0.24744828755203796
0.37668917590768436	0.37590787809492593	0.24740294599738982
0.37666845761453815	0.37586450630657253	0.2474670360788894
0.37666625493528316	0.37589620208912045	0.24743754297559656
0.37666648965560656	0.375899119461863	0.2474343908825306
0.3766679729573358	0.3758985895985203	0.24743343744414398
0.3766726947575867	0.37586783473746616	0.24745947050494724
0.37665332182461275	0.3759016283638348	0.24744504981155258
0.37666161924877783	0.3759035496534573	0.24743483109776496
0.37665743011234215	0.37588853486463825	0.24745403502301974
0.37665646083860643	0.37589748383424687	0.2474460553271468
0.3767012086873708	0.37587950365951744	0.2474192876531119
0.3766675832370831	0.3759008721309421	0.24743154463197492
0.37665409287588175	0.3759070993092448	0.24743880781487354
0.3766782719551224	0.375904332505529	0.24741739553934872
0.3766929263381002	0.3758596868695351	0.24744738679236483
0.3766708038138356	0.37589034749524575	0.24743884869091873
0.3766572761015212	0.37587696035017787	0.24746576354830102
0.3766679125651288	0.37586560588642337	0.2474664815484479
0.3766896703929573	0.3758813479220834	0.24742898168495936
0.3766709470527195	0.3758710515448168	0.24745800140246382
0.37665320286076714	0.37587297309186574	0.2474738240473672
0.37665110297333254	0.3759077433966214	0.24744115363004615
0.3766614700470321	0.37586019842522256	0.24747833152774545
0.3766809305264176	0.3758960910493617	0.24742297842422073
0.3766988653884529	0.37588847743433257	0.24741265717721467
0.37668944613889854	0.3758799604387959	0.24743059342230567
0.37669013289659076	0.3758828640097142	0.2474270030936951
0.37668917020252585	0.37588639641114835	0.2474244333863259
0.3767050437138303	0.3758713330745148	0.24742362321165506
0.3766998414128557	0.3758648940985554	0.24743526448858905
0.37667981214683227	0.3758695402798865	0.2474506475732814
0.376689421623499	0.37587877125791813	0.24743180711858298
0.376680525646856	0.37587723495070746	0.2474422394024366
0.37665727159545953	0.3758836375122154	0.2474590908923252
0.3766788955629954	0.375891212905737	0.2474298915312677
0.3766516517570391	0.37589492198748525	0.24745342625547573
0.3767021468348418	0.3758531641912222	0.2474446889739361
0.3766918107659155	0.37590184568039575	0.24740634355368885
0.37670113079597306	0.3759033133843362	0.2473955558196908
0.37668067035983366	0.37588034870767323	0.24743898093249322
0.3767065170158183	0.37587781175348683	0.24741567123069497
0.3767006425406757	0.3758748697463736	0.24742448771295086
0.37668029657963054	0.37586540630041276	0.2474542971199568
0.37669527176552065	0.3758842709189939	0.2474204573154855
0.3766515863015937	0.375881566302366	0.24746684739604038
0.37665685076007593	0.37588296367768725	0.24746018556223692
0.3766650482875775	0.3758738917473705	0.24746105996505208
0.37668642063241564	0.375855772057361	0.24745780731022354
0.3766984255828544	0.3759012756613697	0.247400298755776
0.3766997563926655	0.37585349568739046	0.24744674791994414
0.37669070198291593	0.37588918767449264	0.24742011034259154
0.3766595396943978	0.37585551795523925	0.24748494235036306
0.3766670497264121	0.3758593246371772	0.2474736256364109
0.3766630916892691	0.3758916437910657	0.24744526451966528
0.3766627017407981	0.37587112702317016	0.24746617123603187
0.3767037166293521	0.3758805140021375	0.24741576936851054
0.3766858001860107	0.3758902972072865	0.24742390260670288
0.37670461339423	0.375875346922005	0.24742003968376514
0.3766896822196173	0.3758979342783698	0.24741238350201306
0.3766621480499628	0.3758643122421563	0.24747353970788102
0.3766859301562205	0.3758760369847193	0.24743803285906035
0.3766673200248893	0.3758609409245145	0.24747173905059633
0.37666535011590163	0.37589143102339473	0.24744321886070378
0.3766977652979081	0.3758717826884964	0.24743045201359562
0.3766636795213365	0.37590234322964583	0.24743397724901775
0.37667780337438833	0.3758690173382464	0.24745317928736538
0.376687638817181	0.37586435460428247	0.24744800657853666
0.3766980741747627	0.3758799293877631	0.2474219964374743
0.37670713323096916	0.37585365883384825	0.2474392079351827
0.3766602711180698	0.3759030224420495	0.2474367064398808
0.3766843638592596	0.37585447023751684	0.2474611659032237
0.37668270288435474	0.3758564172933989	0.2474608798222465
0.3766989602239828	0.375859906028947	0.2474411337470703
0.3766596213516914	0.37589267457523035	0.24744770407307842
0.37665425747556164	0.3758805258156222	0.24746521670881627
0.3767010402003519	0.3758775618012314	0.24742139799841678
0.3766948475186772	0.37590812323124784	0.24739702925007506
0.37666021257293275	0.37588510988464746	0.2474546775424199
0.3766611069872951	0.3758786866517157	0.2474602063609893
0.37668762713074583	0.3758782861854293	0.247434086683825
0.3766848835461455	0.37589556467340246	0.24741955178045222
0.3766654645841389	0.3758824852782046	0.2474520501376566
0.376659157762642	0.37589644657493865	0.24744439566241944
0.37669352334984546	0.37589039328343055	0.24741608336672405
0.37666104081983864	0.37587711277391045	0.24746184640625102
0.3766802107147105	0.3758709406621693	0.24744884862312036
0.3766888159843452	0.3758656079085405	0.24744557610711432
0.3766527567518346	0.3758875572172423	0.2474596860309232
0.37667481063992414	0.37590373508423314	0.24742145427584278
0.37669704788350616	0.37586374592362365	0.24743920619287033
0.37669741308649385	0.3758670333748218	0.24743555353868446
0.37669469125765354	0.3759036375086451	0.2474016712337015
0.37670614699668825	0.3758586262147247	0.24743522678858712
0.3766917302278055	0.37589515024281006	0.24741311952938455
0.37670645661605534	0.37586258709250214	0.24743095629144263
0.3766781938651914	0.3758763351787542	0.24744547095605454
0.3766522306958693	0.37588283476769907	0.24746493453643179
0.3766836454622237	0.375896166252219	0.24742018828555745
0.37665477704904354	0.37588783115005187	0.24745739180090473
0.37669798207009797	0.3758898303877891	0.24741218754211297
0.3766805098623203	0.3759054646801451	0.24741402545753471
0.37666198874707607	0.37585805931589505	0.24747995193702899
0.37666767036995497	0.3759051229252906	0.24742720670475452
0.37665723148890834	0.375899548662925	0.24744321984816675
0.37667465432617925	0.3758906311108341	0.2474347145629868
0.3766519684282176	0.3758945742760955	0.24745345729568702
0.3766583193192718	0.3758744004929884	0.24746728018773992
0.37667459739852144	0.3758983227533615	0.24742707984811718
0.3766728528014317	0.37588488614716264	0.24744226105140577
0.37665838440944316	0.3759081017646685	0.24743351382588846
0.3766768145642275	0.37587896201520477	0.24744422342056777
0.3766863248970119	0.3759080278027545	0.24740564730023368
0.3766934098289289	0.37589827325901115	0.24740831691206006
0.37666226531950164	0.37588465894585316	0.2474530757346453
0.3766541792085114	0.3758747571583158	0.2474710636331729
0.37667800549379926	0.37587315862769877	0.24744883587850203
0.3766738409937749	0.37587435725771223	0.247451801748513
0.3766689594710327	0.3758982154259429	0.2474328251030245
0.37670490718669136	0.37587996399176554	0.24741512882154323
0.3766956073819957	0.3758714338553137	0.2474329587626907
0.3766756419365052	0.3758996115184868	0.24742474654500812
0.3766835003668284	0.3758760854145774	0.2474404142185943
0.3766584121372345	0.3758869708355082	0.24745461702725735
0.37670052859346925	0.3758709155292377	0.24742855587729318
0.37670168554123273	0.37590330861135907	0.2473950058474083
0.3767039780049741	0.3758762540252775	0.24741976796974846
0.37670106469650777	0.3758571060593533	0.24744182924413907
0.37666979592377337	0.37589988860027823	0.2474303154759485
0.37665615058469043	0.37588737452477866	0.247456474890531
0.3767021704761539	0.3758830365106344	0.2474147930132118
0.3766715021903655	0.3758766855331206	0.24745181227651403
0.3766843275494111	0.37589816398049913	0.24741750847008986
0.3766952013966423	0.3758943495170245	0.24741044908633328
0.37668094861067614	0.37585233480245755	0.24746671658686648
0.37669563153453306	0.3758585106879003	0.24744585777756672
0.3766852170934975	0.3758624315921067	0.24745235131439594
0.37669884827533817	0.3758761985446085	0.24742495318005342
0.37666591836552954	0.37587667284886	0.24745740878561057
0.376662598753438	0.37586115731275704	0.24747624393380505
0.37667833360542996	0.3758957344538332	0.24742593194073698
0.37666598905589105	0.37587054454795943	0.24746346639614963
0.37669211788384244	0.3759067763179874	0.24740110579817023
0.3766784413860638	0.37586811173239987	0.2474534468815364
0.3766906381740078	0.37587576164752934	0.247433600178463
0.376707805418217	0.37586488239056604	0.24742731219121702
0.3766618577441948	0.375872404627049	0.2474657376287563
0.37665144058286176	0.37585812304331	0.24749043637382834
0.3766689066037662	0.37588939300364466	0.24744170039258934
0.37670295328101716	0.37588204302761075	0.2474150036913722
0.3766725276899325	0.3758684074968019	0.24745906481326574
0.3766624983640327	0.375874833197526	0.24746266843844134
0.37665995252430967	0.37589928419871776	0.24744076327697268
0.3766879456079077	0.3758800934486737	0.24743196094341868
0.37666387251239764	0.3758919107179815	0.24744421676962103
0.37667756896799653	0.3759025068993964	0.24741992413260716
0.37667965766241546	0.37590747781284933	0.24741286452473532
0.37669334971185703	0.37586926575052426	0.24743738453761882
0.3766616937132303	0.3758902758819552	0.24744803040481464
0.37667607330966907	0.375873029886903	0.24745089680342805
0.3766804216594759	0.3758891244325941	0.24743045390793014
0.37665967572745396	0.3758601885981535	0.24748013567439264
0.37667770032269854	0.3758891135332415	0.24743318614406007
0.3766811108424061	0.3758856065030436	0.24743328265455042
0.3767016004165551	0.37590658133925453	0.24739181824419051
0.37669986439962905	0.3758873608739056	0.24741277472646545
0.37669188864643977	0.37590644547181457	0.24740166588174578
0.3766677033973913	0.3758752369193375	0.2474570596832713
0.376686982905936	0.375856362268736	0.24745665482532814
0.37666698013980304	0.3759039923460818	0.2474290275141153
0.3766673569751704	0.3758810673666102	0.24745157565821954
0.37667824778214326	0.37587706789616027	0.24744468432169656
0.3766716950731913	0.3758616494254329	0.24746665550137592
0.3766794330822525	0.37590608647693335	0.24741448044081427
0.37669929108994404	0.375871190019029	0.24742951889102704
0.3767025853263216	0.3758741537660769	0.24742326090760158
0.3766586066584093	0.3758650563478576	0.24747633699373323
0.37668954249433045	0.3759084197918427	0.24740203771382696
0.37668924878915067	0.37588399891954555	0.24742675229130387
0.376654635789512	0.37587843851955177	0.24746692569093634
0.3766758265350626	0.3758661590953611	0.24745801436957646
0.3766684722058964	0.3758816457640898	0.24744988203001397
0.3766749667669971	0.37589838700495626	0.24742664622804683
0.3766865332522315	0.37590473982017714	0.2474087269275915
0.3766695015419473	0.3758811327619381	0.24744936569611475
0.37666079883259596	0.3758988493599751	0.24744035180742907
0.3766578573246926	0.37588686754766903	0.24745527512763849
0.37669201171520167	0.3758761093852482	0.24743187889955026
0.37669472165978357	0.37587016701807524	0.24743511132214124
0.3766590964085225	0.37587309170847705	0.24746781188300054
0.37669225370399806	0.3758609373149875	0.24744680898101457
0.37665860517991423	0.3758965791241057	0.2474448156959802
0.376675559650241	0.37587069016576447	0.24745375018399463
0.37666654887401885	0.37586629963300044	0.24746715149298082
0.3766976545450677	0.37589509007292315	0.24740725538200925
0.3766601072310872	0.37587450264114564	0.24746539012776725
0.3767049546454062	0.37590729627521935	0.2473877490793746
0.37670321753259045	0.37590861154191	0.24738817092549967
0.3766988812496815	0.3758544145173293	0.2474467042329893
0.3767067542447529	0.3758990952977859	0.24739415045746124
0.37668026263438065	0.37589677886924855	0.24742295849637097
0.3767064151747742	0.37587857399172253	0.2474150108335034
0.376665483357364	0.3758699739803556	0.2474645426622805
0.3767057099184266	0.3758830592150579	0.24741123086651562
0.3766787420131999	0.37589777790521695	0.2474234800815832
0.3766557803569311	0.3759053140494288	0.24743890559364023
0.37669361872082957	0.37586520867565765	0.24744117260351287
0.3766543220057683	0.3758993217281307	0.24744635626610112
0.3766733014146768	0.37589636168845847	0.24743033689686486
0.37669780380148166	0.3758561255738233	0.24744607062469512
0.37669626159319686	0.375868442065855	0.24743529634094824
0.3766693232495811	0.37590813883565327	0.24742253791476576
0.3766996969417006	0.37588974200335545	0.24741056105494408
0.37670650408647405	0.3758693340663707	0.24742416184715538
0.3767037074435965	0.3759068228989631	0.24738946965744052
0.37668195513441194	0.37585420980516704	0.24746383506042113
0.37667431524651573	0.3758700794931876	0.24745560526029675
0.37670030743322486	0.3758581647082931	0.2474415278584822
0.3766969117176922	0.3758946010129083	0.24740848726939962
0.37665960451458025	0.37590641311816764	0.24743398236725217
0.3766903254650404	0.37585783385754207	0.24745184067741766
0.3766838249833075	0.37588324841372023	0.2474329266029724
0.37667958654106354	0.37590490893478384	0.24741550452415273
0.37669581079935455	0.37586241236802853	0.24744177683261703
0.37669250729365134	0.37588511228123894	0.24742238042510983
0.37665757758437396	0.37586932794474004	0.2474730944708861
0.3766905154069151	0.37590497979335724	0.24740450479972775
0.3766511777623841	0.37589431618429797	0.247454506053318
0.376667644062327	0.3759043584539533	0.2474279974837198
0.37667085634626907	0.3758936239222284	0.2474355197315026
0.37666718595336174	0.3758784021558319	0.2474544118908065
0.37669188858383995	0.37585920767403386	0.2474489037421263
0.3766602121686104	0.37585518204427176	0.24748460578711795
0.376673841372978	0.37585327407930985	0.2474728845477122
0.37665573718188977	0.37590509800803007	0.24743916481008027
0.37667771318992477	0.37590407608608256	0.24741821072399278
0.3767075788766907	0.37587026634673987	0.2474221547765696
0.3766982215141287	0.3758683946682808	0.24743338381759056
0.37669435298100007	0.37587909417658094	0.2474265528424191
0.3766574323186507	0.37588317432050233	0.2474593933608471
0.3766852849140469	0.37587443494365547	0.24744028014229774
0.37666009995115207	0.37587181712223483	0.2474680829266132
0.3767055499885986	0.37587432734986803	0.24742012266153346
0.37667684428856874	0.3758520644909962	0.2474710912204352
0.3766905900976089	0.37585437874360456	0.2474550311587866
0.3766529864117655	0.3758635819908656	0.24748343159736902
0.37670519853105067	0.37589736523377937	0.24739743623517005
0.37668806046558806	0.37588008071642626	0.2474318588179858
0.3766921517671005	0.3758520672728878	0.24745578096001178
0.3766899110416638	0.3758895412911074	0.24742054766722893
0.37666248030077853	0.3758844794963526	0.24745304020286896
0.37667995043778213	0.37587142119579436	0.2474486283664236
0.37669485072167785	0.37590847508459824	0.24739667419372396
0.3767044393065385	0.37587233733149095	0.24742322336197067
0.3767037395470166	0.3759074472396022	0.24738881321338135
0.37667557782512173	0.3758832639795445	0.2474411581953338
0.37665113792946364	0.3758916288866286	0.24745723318390786
0.376705297571423	0.3758916596822062	0.24740304274637087
0.376697186070588	0.3758646160972649	0.24743819783214724
0.3766994398667188	0.3758631198254202	0.2474374403078611
0.37668963964413554	0.3758540799492224	0.2474562804066422
0.37669424920468325	0.37587769091427714	0.24742805988103972
0.3766590275298286	0.3758908590487606	0.24745011342141093
0.37669669818733953	0.3758643061031078	0.2474389957095528
0.37670242895423645	0.3758839999037953	0.24741357114196832
0.3766873482639508	0.37589483181075933	0.24741781992528997
0.3766789312888488	0.37585497329679163	0.2474660954143597
0.3766542439448255	0.37587539481884397	0.2474703612363306
