0.13125970375936197	0.048283979023858836	0.22428511994908923	0.14020100823145992	0.03792418368555105	0.05299233075190554	0.24577026224342974	0.1192834123553435
0.12795597697983824	0.04730027978047244	0.22404515221206311	0.14032694775671462	0.03861118487016779	0.05708295482709187	0.24614942603360668	0.11852807754004505
0.13342144775959833	0.04679802753627202	0.22264276141586892	0.14032032514737322	0.03937804673079408	0.05071304645547957	0.24791895777732292	0.11880738717729072
0.13437650178772328	0.047223160454172644	0.22431162704784485	0.140002942458639	0.03848412925606573	0.0479111366012579	0.24953567678263494	0.1181548256116614
0.13168612559101678	0.04628265257346256	0.22360584836796113	0.14146103094964954	0.03877217471339105	0.05494996670954763	0.24647906591370106	0.11676313518127002
0.13006438084130761	0.04555757680226283	0.22207512687085884	0.14060059255087673	0.037908747824534614	0.05325606914439476	0.24794279987993978	0.12259470608582461
0.12771279997997384	0.04752849576144237	0.22249690190399252	0.14039481786614003	0.0372900446774036	0.05582784092168215	0.24811359422624266	0.12063550466312262
0.133219784842671	0.047252920919950855	0.22404259763067627	0.13961428957584565	0.0385879431821748	0.05406570175762715	0.24677608680452065	0.11644067528653342
0.128416688273906	0.04649987178694559	0.22305975830043795	0.13991717965305117	0.03931398432079422	0.05750357861422946	0.24615608335068934	0.11913285569994606
0.13432435113629695	0.04679256197263068	0.22381326431685616	0.13949658866376966	0.03772932945201661	0.04338725589634537	0.2495476655970542	0.12490898296503014
0.13304213796769082	0.04936738594358615	0.22215023149889307	0.14108299658034254	0.039595285819697554	0.04724683310277955	0.24675165102140872	0.12076347806560139
0.12954259357335796	0.05049259425779397	0.2249953746566245	0.1406847081699131	0.038032235565151284	0.050533211211320275	0.24592007001673893	0.11979921254909973
0.13404992774144	0.04984945977745514	0.2238800933499353	0.14108181216952634	0.0398577204803226	0.04421364029464503	0.24605954304890562	0.12100780313776972
0.1320309556434147	0.04765727232324468	0.22234311143404006	0.1403630494407625	0.03976760244131812	0.05302869352019357	0.2461337017470288	0.11867561344999736
0.12941018530476492	0.04627235761815432	0.22262536481147244	0.1415248540697717	0.03818109330433857	0.0555927059868892	0.24597861376295416	0.12041482514165451
0.12919410435776948	0.04842926989985974	0.22446950951787284	0.13984673518853602	0.03777815772413477	0.05029409969244007	0.2487883233285702	0.12119980029081653
0.13442531990378004	0.05014400533036728	0.22420560024281969	0.1403796186597459	0.03735698695874781	0.04444235696802161	0.24699297200121284	0.12205313993530453
0.1324321674508049	0.047770164815958846	0.22497039852863374	0.14025950617249044	0.03906973969620817	0.047698246390962845	0.24797422317906748	0.1198255537658734
0.13120207758150734	0.04779069299813596	0.22459787003944384	0.1409773604634953	0.037776767681159645	0.04840224211958445	0.24892176809234579	0.12033122102432744
0.130451384958125	0.04832509461998591	0.22401535478119422	0.14092360452803035	0.038480021716307336	0.04969370720575221	0.24763298279865653	0.12047784939194824
0.13217148244566398	0.0490205120143105	0.2231735335936128	0.13973596766930815	0.038349422854279364	0.049754994129246916	0.24760565227231296	0.12018843502126512
0.1327214526554047	0.045888288475658304	0.22490370659387365	0.14007683541948648	0.03928431088715614	0.04670722946235613	0.24667629440668393	0.12374188209938045
0.13189522321320693	0.04678081867425414	0.2235084513791139	0.1395206946529087	0.0391240606635046	0.05326244529169512	0.248949941974812	0.11695836415050441
0.12788463742678166	0.046183032290976214	0.2233202007426805	0.14115798456040818	0.039419988078452456	0.05078143504003706	0.24895307591348415	0.12229964594717956
0.1274104003662208	0.049274783014400164	0.22441418248355433	0.14086733001800372	0.03766945086232246	0.05696480218382509	0.24741330146920806	0.11598574960246516
0.13105105112519772	0.050008813632406904	0.22330423667800756	0.13990243000528632	0.03907129257077399	0.042558809628991126	0.24924180048517927	0.12486156587415688
0.13050887474774675	0.049406534131366614	0.22218089826120974	0.13949808790015908	0.037481627771389026	0.050409719455760865	0.2479554472418997	0.122558810490468
0.13258791185925362	0.04718082237174749	0.22298947180938167	0.14092794379439522	0.03791277848175442	0.04739310216996857	0.24981434991192766	0.12119361960157114
0.1314695231696772	0.05050196070325548	0.22318692664796091	0.14027311520811359	0.03890752190433762	0.05045496946201859	0.24892969781391722	0.11627628509071922
0.12840733456845904	0.05077237056294809	0.2239950094351097	0.13973597718959993	0.0396192328742742	0.04715291023446071	0.24984293865361962	0.1204742264815285
0.1292221936774628	0.04748853108032805	0.22331799869261765	0.14102864936235432	0.03789343942967452	0.05424829814246762	0.24685377209424975	0.11994711752084507
0.12776074393039405	0.04569492345371626	0.22389730213106163	0.14157731440959326	0.03874329809654849	0.056334359904013684	0.24939129777459165	0.11660076030008076
0.1277754939664519	0.04668024826674019	0.22378188132805069	0.1411368162635399	0.037714133009150705	0.055091265778870246	0.2497066961532356	0.11811346523396052
0.1325916191642691	0.04586060305201746	0.22393327587529915	0.1399842944509945	0.03724733283298838	0.05371126240405505	0.24696728196169487	0.11970433025868124
0.12779311364360263	0.047695943890048775	0.22459410672717278	0.14105790686455671	0.03976345593158334	0.0533689444230777	0.24954292678983955	0.11618360173011831
0.13213140678114244	0.047722026926794836	0.2220569246558194	0.14126026663573976	0.037767878646633266	0.05026517190503908	0.24685154367804335	0.12194478077078762
0.1337697493692139	0.04837121857397306	0.22466908086859091	0.14134791314457767	0.03794428109355244	0.05061535046148241	0.24703694046999672	0.11624546601861263
0.13041986307755116	0.049703401025899194	0.22376220308540062	0.14144997100270587	0.037956738030595266	0.04670660306494162	0.24592211085744103	0.124079109855465
0.12783511766582165	0.05048263249238635	0.224393032205574	0.1400999375865779	0.037788942306817896	0.0533723421762706	0.24747656581592925	0.11855142975062213
0.13235040918286922	0.04903623461020777	0.22316259612756487	0.1408337897024593	0.038927929479525544	0.04976168678525984	0.24933030925456243	0.11659704485755079
0.13439801963726503	0.04836459572250304	0.22369730436729443	0.14110407476521222	0.03756858205892666	0.04351608358737594	0.2470771629428859	0.1242741769185365
0.12867513366269864	0.04640166330142753	0.22216516887866247	0.14128315479139836	0.03803799807071957	0.05425608395734703	0.24859098746575864	0.1205898098719875
0.13332428983831365	0.04807487095126138	0.22389487509123188	0.1400843548698925	0.039188400658567574	0.04741484026654154	0.24679494021845802	0.12122342810573322
0.12917579478905553	0.04579100047143486	0.22244351676484073	0.14095385853766673	0.03872052371512097	0.05243546051656625	0.24693211611621876	0.12354772908909592
0.13023983731713168	0.04694645181636509	0.22429471166576853	0.14033000869494125	0.03728352788981719	0.050411627563606495	0.24584718391884278	0.12464665113352671
0.13217624681918394	0.04823762951200894	0.22263592518265285	0.14071564858890873	0.039135866404437405	0.04537497451218418	0.2467829223844214	0.12494078659620235
0.13236959147599098	0.04724181462365393	0.22211733730476127	0.1402916235520793	0.038534135463490604	0.05284835615934999	0.24710052744363042	0.1194966139770433
0.12997518128408178	0.0506895541262124	0.22386656865977267	0.1412516887058685	0.03855491710769089	0.05092854558931931	0.24560779812249606	0.11912574640455813
0.13114417427883096	0.04838018070773967	0.22312410993608525	0.1406059715677829	0.037779531177939335	0.05136043476986073	0.24719401833359947	0.12041157922816147
0.12974151201720802	0.04563773763408041	0.2243881506059069	0.14037924033428428	0.039787241276607724	0.05441690203477985	0.2484617855270835	0.11718743057004909
0.13018355191934522	0.04942206837505482	0.22391259379673506	0.13985731128308804	0.0389725976433984	0.051692458053179915	0.24678453522371557	0.11917488370548276
0.12995019673373231	0.046706689565109996	0.22321346095525316	0.14144554850494923	0.039456701266774766	0.05073351125988601	0.24616603907679518	0.12232785263749907
0.13326695485938359	0.050793339777132074	0.22469978501884497	0.14098173367017466	0.03821916185529606	0.0432959770361242	0.246363532353438	0.1223795154296062
0.13403881467315598	0.0458283816959353	0.22461338863610497	0.14084125053973828	0.03833136496989431	0.04974624730338578	0.2475700842193186	0.1190304679624665
0.12958964583724478	0.04670189389322647	0.22394392518514816	0.141416439104343	0.03731697866832499	0.04605230429247824	0.24980998860941755	0.12516882440981658
0.1316849034613876	0.050735299421484095	0.22429924522086475	0.14032235163795073	0.03934959483353247	0.04817680824554124	0.24676839813104762	0.11866339904819131
0.1341248836079006	0.04602576479733059	0.22361762807965796	0.14091188127795382	0.03813677267529943	0.04399730078059268	0.24826143310866203	0.12492433567260275
0.12922727611728552	0.048256167406311085	0.22314205442245694	0.14076517443274106	0.03841101468619498	0.04960657213561136	0.24671135420740117	0.1238803865919977
0.13243677697626657	0.04590782446159626	0.22432184318875015	0.14057621907190546	0.03799653028684874	0.056325647936542406	0.2463287653018838	0.11610639277620644
0.13063118713900623	0.05000247195431266	0.2233158380987077	0.14011680395499812	0.03850731331026286	0.047080056914747134	0.2463689446506087	0.12397738397735635
0.1344738733165295	0.04952499777078315	0.2245640564381068	0.14125456215022028	0.03779620533900892	0.0445735713156427	0.24647782771667506	0.12133490595303335
0.12999650408726213	0.048874131478778116	0.2244835128411116	0.13949984496221204	0.038387721790186555	0.05502589618187856	0.24565741098929647	0.11807497766927427
0.12738673120099356	0.050581021617982364	0.22245529575154696	0.13967856240087428	0.039127641324983434	0.05066593022245755	0.24740945717913826	0.12269536030202341
0.12983502856403417	0.04945207074068034	0.22206175108621856	0.13978489712110223	0.0381221373839348	0.05707544769202602	0.24615436258568218	0.1175143048263215
0.12939813218398777	0.049780755093275134	0.2224429241488788	0.13971179334768524	0.03894761416613661	0.05487028083516994	0.2478574869896144	0.11699101323525192
0.12880388714782956	0.04661124112506519	0.22304293198597575	0.14091134427111507	0.03895658771052769	0.05514146499493283	0.24904633143207566	0.11748621133247798
0.13350843429641046	0.05023257691300019	0.22307364368861565	0.1407631322278314	0.03799136135714881	0.04938917985461383	0.24689861186348422	0.11814305979889521
0.13031493338111805	0.047870502725525094	0.2223977241679042	0.13975098883683448	0.03962798252413352	0.04786068459280547	0.24722947989238414	0.12494770387929476
0.12990540538813558	0.04791234535648728	0.2226294053456448	0.14031585498261154	0.03957084557117896	0.05058999641969711	0.24652220317054926	0.12255394376569527
0.1343582332663744	0.04625226911646668	0.222541786658603	0.14021039233487773	0.038660458890197244	0.05061373095950687	0.2486214240020435	0.11874170477193034
0.13466651103844748	0.04887527989452724	0.22264860105711565	0.13962982050819295	0.03968861668181352	0.04460459827145087	0.24804187836878933	0.1218446941796628
0.12943145164253117	0.04573064102066704	0.22492153931080433	0.13966067385490497	0.03857436860161664	0.0561020189210782	0.2476770471120185	0.11790225953637895
0.129718856381023	0.04902953818855346	0.22282690060822513	0.13956123366456813	0.03822031093503686	0.0561674243752799	0.2457040704506897	0.11877166539662358
0.12979384983334885	0.04777980248628573	0.2248291140210858	0.14108719788309926	0.037989448650425015	0.05262866928275804	0.24626210859433123	0.11962980924866587
0.12917218869698494	0.050239328355944704	0.2236475720693571	0.1412658532650647	0.03962237917156965	0.04683225343261048	0.24755322375764904	0.12166720125081922
0.12996179256852922	0.04971661238112324	0.22320273851537442	0.14120668215949897	0.03889263888677756	0.04764607704221237	0.2475056211206852	0.12186783732579881
0.12790433218128586	0.04740516677031635	0.22411798280658513	0.14124463145645344	0.038011406604590445	0.04980933337185123	0.24677017784029315	0.1247369689686243
0.1347396654430304	0.049823684513708485	0.22419365719917211	0.14053828392099585	0.037897445133465865	0.0433675607249563	0.2489840150739464	0.12045568799072438
0.13489007088270982	0.04622400209304779	0.22473623855073405	0.1405722569839725	0.03785820746192291	0.04825041704058419	0.24595010118879435	0.1215187057982342
0.1320378112874642	0.04952945375931757	0.22403851396301594	0.14064236447591702	0.03753392395545582	0.0428804142857878	0.2486446489638167	0.12469286930922471
0.13437747659826899	0.049191161762547245	0.2247540538577651	0.1403699165159055	0.037449436188765645	0.04568451315488438	0.24700342030647135	0.12117002161539157
0.1290702625931604	0.04580089937553339	0.22499633042377415	0.1408423925138739	0.03811040863573305	0.05201586479233758	0.24944897367079516	0.11971486799479215
0.1277040822353633	0.05015005117556218	0.22219137318232482	0.1409578613602378	0.03981572044457006	0.05539186105535977	0.24676117085706523	0.11702787968951664
0.12996312955117612	0.05028226511169917	0.2250177779059352	0.14058490228262815	0.03908470691632676	0.0459147200318996	0.24740804899846616	0.12174444920186869
0.13382507894369627	0.04887424826006807	0.22269001197660823	0.13974947183109476	0.03892806142366835	0.04748012052164369	0.24782493001757064	0.12062807702564979
0.1288473679298245	0.050551763832005506	0.22320984085050638	0.14112861852279487	0.03984169689442217	0.04641980657660512	0.24662701788411429	0.12337388750972696
0.13224392007763563	0.04926016574180277	0.22346555735897417	0.14144014102464983	0.037560309024345456	0.053181350708053826	0.24656516236315107	0.11628339370138702
0.12808261313966007	0.045556624839748414	0.22473835779033613	0.14074659949314425	0.03940669182561604	0.04927408463610271	0.24682726986346357	0.12536775841192865
0.12836276804908692	0.05053367067055138	0.2222117057610588	0.14045051585924115	0.038410130220975836	0.054754588922926964	0.24760752390128632	0.11766909661487243
0.13439482364578612	0.04925186761123378	0.2236109047554799	0.14123178983606682	0.038753585383711195	0.04335693502608588	0.24965037886086422	0.11974971488077184
0.13461840950960513	0.050797556475192185	0.22350990871333823	0.1410721696570202	0.03895992738960952	0.04492611581613977	0.24878026237302525	0.11733565006606948
0.1327253676983671	0.0468764293568453	0.22421298850362054	0.139664474653574	0.03812446274512908	0.04573570750199313	0.2475547356231056	0.125105833917365
0.13416447864679637	0.04906390767082704	0.2239569235840729	0.14090830555333753	0.03733492578154175	0.045318433470354844	0.24688661375448867	0.12236641153858065
0.12985937876821782	0.05005568464738154	0.22201565137592483	0.14087296195387852	0.03798696918409977	0.04808629924241345	0.24689368361390224	0.12422937121418158
0.13004518070676863	0.04666839448783544	0.22467462768280771	0.14140610624639685	0.039722402024801734	0.048664531087446686	0.2474370685419986	0.12138168922194413
0.13244851605532215	0.04617589530140917	0.22328510581409078	0.14047363731439572	0.03948761515195015	0.05186468151687132	0.24709926438718377	0.1191652844587767
0.13108422321920682	0.048233760282190535	0.22264911285894248	0.14035849588495417	0.03875463555925743	0.05673080656720267	0.2461928162007906	0.11599614942745516
0.1314535051585879	0.04952976187059539	0.22231472190998638	0.14123370350461648	0.037453384664764874	0.044593508696132766	0.24801133353242033	0.1254100806628957
0.12813334210170446	0.04912215252107019	0.22436636084152856	0.14020653209847564	0.038222253859254235	0.05539203277982954	0.24571438028433956	0.11884294551379761
0.12998596281194327	0.04850440924785482	0.22375066565992252	0.14063611261296202	0.039758166092524944	0.046631933353106794	0.24848718794758679	0.12224556227409861
0.127380987087203	0.04599148921614141	0.22476772990282728	0.14086431042188552	0.039355186785371865	0.051579541192939074	0.24566311322379	0.1243976421698416
0.13046666660204037	0.04915269487940184	0.22452408095273674	0.14056026437004782	0.03960210060796045	0.05024104935662503	0.24989317829686863	0.11555996493431893
0.1348743582813445	0.04665416754537714	0.2230311985644824	0.14110886087589336	0.039308356489435606	0.0506268003661747	0.24703969861423591	0.1173565592630561
0.1286085980522967	0.04973688615746323	0.2234869894393648	0.1395563528492153	0.03843972499591304	0.055043771403687755	0.24817738165160896	0.11695029545045
0.12925599534945859	0.04910117123279338	0.22225369751907859	0.1413977906075936	0.03938422393042132	0.05148596421518105	0.24892983754105125	0.11819131960442204
0.13264943815036603	0.04983288789824453	0.22488172818721866	0.14021356354647324	0.03757667437463259	0.04505592641838628	0.2462779697628036	0.12351181166187483
0.13135901328068395	0.04923994544108182	0.22300978599282728	0.1404655510581456	0.03872680696382959	0.048907321684142094	0.2465060303479878	0.12178554523130165
0.13096698918825453	0.04932499782327063	0.2221745372390716	0.13948342982812145	0.03921304183779316	0.05253627425225123	0.24842452952952507	0.11787620030171206
0.13089625093012647	0.04816946885049042	0.22443853936434438	0.14075731567585026	0.037811498883941766	0.04733600753995515	0.24600244925459172	0.1245884695006996
0.13408795199189777	0.04648582640693272	0.22304019115331833	0.14137108822270783	0.03891017000171945	0.050488974481657095	0.24673997644159942	0.11887582130016718
0.12950482553475876	0.047041088136886844	0.2240026617466305	0.14006379583949394	0.0372743435875251	0.05053515474810705	0.24962251411015235	0.12195561629644523
0.13363454834362187	0.04605333375684728	0.22454064990522601	0.14025321948062605	0.03889487281425821	0.05259501632010148	0.2475371706579243	0.11649118872139458
0.12912868127395333	0.04678218108627734	0.22398197376698722	0.14046403005395122	0.038884311782376835	0.04998597171869651	0.24600493737323254	0.12476791294452479
0.13008746272802235	0.04754495472521508	0.2247901136734774	0.1414115424437333	0.03943263845517335	0.05157435146998175	0.24888937887247195	0.11626955763192458
0.13157484516644002	0.047451783746990384	0.2228905877768188	0.14017986246769185	0.038904562675329546	0.05455490728565612	0.24688034031559683	0.11756311056547625
0.13016707726789234	0.04782145592349009	0.22462359826168954	0.14100727666676482	0.03867029389284206	0.05329560974215965	0.24800865990026644	0.11640602834489473
0.12982907622116954	0.04753431916782998	0.2227864938261067	0.13966398617043346	0.03802528729382822	0.057813850399349664	0.24891139568549214	0.11543559123579011
0.13378035212411493	0.048476647485815316	0.2247268540579842	0.14025182787352172	0.03980761082682606	0.044837702591738374	0.24985568178513368	0.11826332325486547
0.13159540159827512	0.049224539938826126	0.2242633690249634	0.14073938806084652	0.03854686726894459	0.0418550868423236	0.24855301744204433	0.1252223298237761
0.13412635368318704	0.047497719522945486	0.22221903654934502	0.13996837611903531	0.03763082736176712	0.04489148519473714	0.2484906120474255	0.12517558952155708
0.13341090966678862	0.04823577039994645	0.22264870234523246	0.1395629811981148	0.03873175955659541	0.04795667638850844	0.24559650801834576	0.12385669242646784
0.1282523087338331	0.04710571773451948	0.2238155356427819	0.14106470847570038	0.03793694918314103	0.0505686303764582	0.2465117401534163	0.12474440970014941
0.1313133841714637	0.04947161905046167	0.22285690805775082	0.1412824820377132	0.037296784076958675	0.05085972415399376	0.24680173756087426	0.12011736089078372
0.1349099971972987	0.050489415214242994	0.22275984497652696	0.1408101465833797	0.03873411043444583	0.045893461798001495	0.24974374753275866	0.11665927626334542
0.12802510136855588	0.04771913677130904	0.2233707722597177	0.13948615874696543	0.03946796223403454	0.055553232914724165	0.2471077344270774	0.11926990127761566
0.12931358708382046	0.04962789575735743	0.22216255167469595	0.1413131968607896	0.03852929239681713	0.05285074068257403	0.2456213160904827	0.12058141945346242
0.13479225924879448	0.04760304639027495	0.2220406404279218	0.14033638570502302	0.03779459148330988	0.04755980852166017	0.2476591687411676	0.12221409948184785
0.13469739950754453	0.04614102181026693	0.22299106573210686	0.14136844953617045	0.039589117746434074	0.04967025632235407	0.24832479608366181	0.11721789326146104
0.13150449142798834	0.04657030138770038	0.22475381078670958	0.14106975065462862	0.03736652511284462	0.050830353551341884	0.24727649500859872	0.1206282720701876
0.1333001002339832	0.05038734812099324	0.2230942742101835	0.14118920572278593	0.038836106782246915	0.04589827320952074	0.24911698760555143	0.11817770411473486
0.13456956830913236	0.04652182928487608	0.22407706042567105	0.1410981552622597	0.03893524570019556	0.050620313475867	0.24779957822084686	0.11637824932115122
0.1297539372229328	0.04897800928350532	0.22317148862406458	0.14105882244310652	0.037857409329972086	0.05581927834192893	0.24768463571606603	0.11567641903842357
0.13153405491866527	0.046369762201438805	0.22429167920098114	0.14124014074223687	0.039296295968142575	0.045417960144075606	0.24905022273488336	0.1227998840895761
0.13009487845370774	0.04923285141635378	0.2221043386465214	0.14088564461407968	0.03987932405377738	0.04660782090334581	0.24726291126687294	0.12393223064534108
0.1287788217661987	0.04725749319379044	0.22494762099916385	0.1395724457773182	0.03772089931566014	0.05609684892574686	0.24655640914648658	0.11906946087563502
0.13129613537100734	0.049173961566264954	0.22304931785526141	0.13976251698098652	0.038955871959576005	0.05179183128795126	0.24871385327948664	0.11725651169946567
0.12796761856328992	0.04784522439627005	0.22263984620346558	0.13972288646722558	0.03916549238831027	0.04906628933916077	0.24947610707445494	0.12411653556782269
0.1330762654677467	0.04609338330287516	0.2243831927278849	0.14148440098780365	0.038520856792269326	0.04465826201914566	0.24673790069673796	0.1250457380055364
0.1278991513886235	0.049165809048351966	0.22245927597758813	0.14078297723422728	0.03784762429546841	0.05472115650590344	0.24765973400397256	0.11946427154586452
0.1329242485576663	0.04574038700804664	0.22430109277589455	0.14093527980062873	0.03817553548723318	0.051625965745539765	0.24896698975337556	0.11733050087161506
0.13488243494662566	0.045719460728646924	0.2226277759876869	0.14117727762973561	0.03966577206962674	0.049873990812282026	0.2477835747127815	0.11826971311261435
0.1297253443841467	0.04569131095370842	0.22454780353592427	0.13976692185940684	0.03905270741659851	0.05372848616978923	0.2486020149397933	0.11888541074063247
0.1308966795623321	0.04929061792106264	0.22504717094629023	0.14073572370463472	0.037437685994006806	0.04527491630967806	0.24622972390288256	0.12508748165911265
0.13243171888171082	0.05012335468273381	0.22476767712501672	0.1402733351168905	0.03760288321439699	0.04460079351736357	0.2469227170987277	0.12327752036315966
0.1287389591484844	0.04907467526736539	0.2230673212757402	0.14023816482397938	0.038248073330369864	0.04945372720664981	0.24952729083403002	0.12165178811338072
0.13272843921753494	0.04878245335206724	0.22440193751394588	0.13972700895187612	0.03774367140432	0.049394790448047815	0.2472115804611456	0.12001011865106218
0.13047339770870078	0.04822941659047254	0.22442088825570594	0.13983811937610768	0.037811280453725296	0.053715656503802944	0.24777382466719833	0.11773741644428623
0.1288244413275533	0.049797096683435724	0.22381205410573213	0.14058005180983335	0.03906022668444724	0.05237270752730258	0.24906172127439496	0.11649170058730043
0.1290962393480973	0.047842812003696056	0.22315648587455572	0.14131605090039112	0.038629758579634035	0.0524971256115257	0.2495588497632032	0.11790267791889661
0.12916913419738982	0.04987470054835996	0.22458334057211066	0.1413628906493119	0.037678605109049634	0.052626183435376755	0.2465538242395438	0.1181513212488573
0.13433816259242448	0.05015668649018759	0.2246476047048698	0.14115754120510812	0.0389253550463288	0.04341292735119805	0.24762560066713823	0.11973612194274479
0.12920453306214286	0.048055352368085946	0.22265738529680207	0.14053816614243994	0.039465742642742066	0.05435903834595253	0.24969775658670795	0.11602202555512633
0.13330900959411485	0.048804151357552325	0.22438637150342994	0.1397263528268932	0.03875188240738553	0.046426490580010374	0.24580201237645222	0.12279372935416133
0.1324205945197024	0.048399511045769006	0.2229319039929915	0.14023339335329532	0.03937388397525682	0.055525561641447604	0.24567324146472824	0.1154419100068089
0.13284796152344688	0.04999504162374048	0.22211018255517728	0.1398975115937336	0.03886859668535597	0.044184458114330374	0.24689439474062325	0.12520185316359203
0.12738059859467896	0.04890287025344987	0.2243753033476088	0.14032943108240414	0.03813624698544475	0.05031611363830239	0.24657595430062665	0.12398348179748418
0.12939221955026445	0.04898219560753385	0.2249036098973784	0.14151118327288645	0.0375979802465357	0.04966555212760117	0.2467876542465579	0.12115960505124185
0.1300767908606235	0.04798118695336519	0.22444135759363998	0.14025410687951936	0.03777047331598514	0.04831101437468742	0.24751108049053216	0.12365398953164707
0.13169623655493154	0.0470435513193915	0.22462170605249493	0.139523536646646	0.039014221208012734	0.04551487566843032	0.24943423928423825	0.12315163326585453
0.12825696150304994	0.04670367964079876	0.22403995146502653	0.14130943921761588	0.039513900950640696	0.05188462350776023	0.24886169724795415	0.1194297464671536
0.13370538154949158	0.04754086440999582	0.22437686108483895	0.14104051266085094	0.03931040228130843	0.04500325478824897	0.24897840831997825	0.12004431490528683
0.13195558446728683	0.04704403047937372	0.22505346771591483	0.1397905434987204	0.038378905635713306	0.05234590044307165	0.2483125036784809	0.11711906408143812
0.1327764908108739	0.04649220207132049	0.22487325544643946	0.1413584615228007	0.038138100008886316	0.04700388585989097	0.24906845406617578	0.12028915021361222
0.13161640068800107	0.04908596414030386	0.22402474319819854	0.1415549560928052	0.0386974753632737	0.044742951606390594	0.24667337015056356	0.12360413876046329
0.12947478233022883	0.04666716269405466	0.22404026073246894	0.1408543970495979	0.03864701057598478	0.05041742497215676	0.24607108253979756	0.12382787910571035
0.12758265094718366	0.04608453383375617	0.22324938175015008	0.1395192450346515	0.0379906044097211	0.054305719544283704	0.24781301906719078	0.12345484541306283
0.13227217010426823	0.04826897720007746	0.22306259017550087	0.14022303141997017	0.03930236296241996	0.051375899742876194	0.2495608258676538	0.11593414252723311
0.12785073420816614	0.0457384510139745	0.22200860876953737	0.14126973400379922	0.03801883544173765	0.05439897719634118	0.24667604333052312	0.12403861603592065
0.13102475203284378	0.050268221631806984	0.22508170577575204	0.1397326575480847	0.03873581310396314	0.04769488758020847	0.24611610633073683	0.12134585599660375
0.1345385977988629	0.050248807838810014	0.22201807275844865	0.14068197194653748	0.038719896102628756	0.0458311887064327	0.24991228651840797	0.11804917832987133
0.12894858959875455	0.04843020150389572	0.2231524227918849	0.14153331143881787	0.03737319024804092	0.05208630081790683	0.2492380999480217	0.11923788365267726
0.13190901655735976	0.046308920846117624	0.2225506621642997	0.1402436585162426	0.03828153883505388	0.05451645374604454	0.24798868364893795	0.11820106568594373
0.12790196630664452	0.04675830132684412	0.22475654394363914	0.1410132173334975	0.03936053177944086	0.05219501808590729	0.2464349092434423	0.12157951198058399
0.131038256068219	0.049956653588069666	0.2236708425825311	0.14011284187109593	0.03947260406680114	0.054216673811930155	0.246033597277876	0.11549853073347677
0.13483886794643488	0.04657916036519849	0.2221095949369244	0.14057017076728542	0.03825780094448529	0.046423721876094254	0.24990876435813889	0.12131191880543817
0.13415414602155876	0.045687281025673473	0.2226519209256299	0.14148206335689817	0.03765627823620314	0.0451050553176732	0.24888621422149457	0.12437704089486858
0.132520235380844	0.047617632100198204	0.22298706545674982	0.14082074511351828	0.03738080324110847	0.054067822534339116	0.24910068612462416	0.11550501004861768
0.12766997249545853	0.04741290757912314	0.22417567645786957	0.13961083893430398	0.039361582821930044	0.05187372556177025	0.24768969913434147	0.12220559701520277
0.13087769462971646	0.0472484004133438	0.2242555280475684	0.14107164411090473	0.038218131464287264	0.05161883607157583	0.24567925642764032	0.121030508834963
0.13271032503711458	0.050228142340842274	0.22255171258656792	0.1396438946391593	0.0390197728241147	0.04475415385308107	0.2466083205794771	0.1244836781396428
0.13366783626226408	0.04806525812405485	0.22350336752507424	0.13975976717977273	0.03979625496597877	0.044596209992827984	0.24691530752575847	0.12369599842426866
0.13492925870020225	0.04662799852172238	0.2247470996033366	0.14028353366324817	0.038154309247222934	0.046354835135761455	0.24766932054389704	0.12123364458460896
0.13344311145923096	0.04602207988228778	0.22230416584830925	0.14128572017530827	0.038381671157813074	0.05527130319962795	0.24755506942652078	0.11573687885090164
0.1287981599798161	0.04853612832540086	0.22366817352772267	0.14128023908931683	0.03800027428286237	0.049928911927494574	0.24661079557695098	0.12317731729043539
0.13133418238011135	0.045874314435029775	0.22248967360156077	0.14135274575482895	0.03830878396718092	0.0553205130357252	0.24769483485262128	0.11762495197294151
0.13288669826175853	0.04839738074005266	0.22262541715788717	0.13976169216055437	0.03885793070751488	0.05050330411902143	0.2476998502698882	0.1192677265833225
0.12836941651945075	0.049340276426108484	0.22451406100157817	0.13993957266470988	0.03976636006335657	0.04587730807336533	0.24887082964659749	0.12332217560483316
0.13232626350620408	0.05033680835205327	0.22355958507695295	0.14019863813057254	0.037523662606132574	0.043956643560768116	0.2497060704037277	0.12239232836358867
0.1289012797849969	0.0464852333376278	0.22395621507024652	0.13999479945160487	0.037947954930036165	0.055979459014820016	0.2493243788756055	0.1174106795350621
0.13326449365556783	0.0464804297029458	0.22362383942088693	0.13970258667442792	0.03772847673920576	0.05621008314592643	0.24695240251518494	0.11603768814585415
0.13039184902741352	0.04785989221726189	0.2233012901177055	0.139514870257481	0.038495520238473094	0.05258913324020875	0.24882912915706884	0.11901831574438715
0.12883555632366894	0.04672755487545127	0.22342139819200732	0.1406787128415563	0.03946606075193289	0.054981980631925595	0.24904010394624335	0.11684863243721415
0.131417270672524	0.046066347108989436	0.22215844221072867	0.14019420942976094	0.037519974582847004	0.05735066769756199	0.24715020899256834	0.11814287930501952
0.12807958973360714	0.047978743384412895	0.224447272212448	0.1397978950551951	0.038658837894430656	0.05742144928474155	0.24730654139539804	0.11630967103976637
0.13293506717648856	0.04997932775831784	0.22423328363583106	0.1414069982062872	0.03904861212306601	0.042462255793034795	0.24785838234560453	0.12207607296136981
0.13382693318040464	0.04703351296651899	0.222022372152027	0.1407018639271654	0.039520013251676145	0.05328631653359707	0.2476125659681383	0.11599642202047228
0.12758572061266235	0.05069516189905657	0.22342689034642618	0.14082559030243136	0.0391138231278166	0.05613387213638413	0.24563621604003127	0.11658272553519122
0.13170156929565197	0.04641258907513342	0.2228498670994699	0.1398699442429617	0.03788533490180042	0.047247362044720825	0.24904148801769796	0.12499184532256355
0.12756769712192673	0.04622641490217254	0.22457627022651933	0.14018096896384394	0.03776180630360536	0.054557992668324284	0.2470450689173728	0.12208378089623483
0.1299086736280681	0.04886053350810271	0.22378623884655152	0.1414172933763913	0.03972250326387822	0.043812142694574105	0.24979722327831516	0.1226953914041187
0.13339371827731697	0.04726272274720958	0.2238319893493524	0.14118394949270685	0.03837819237756193	0.04474534786810554	0.24859363474695495	0.12261044514079154
0.13228334262010608	0.046540484712015565	0.2229493868257934	0.14003525340641976	0.038474200964371166	0.05694174111559139	0.2461604597660151	0.11661513058968731
0.1319825459609201	0.04739242907544161	0.22337142786672443	0.14095670689258166	0.0382016955675363	0.05435286985575519	0.247662458827807	0.11607986595323352
0.1327579020311851	0.04766091556524206	0.22238579024401064	0.1414393862228414	0.03921612490081859	0.05385710418324369	0.247160967127685	0.11552180972497329
0.128376249178986	0.04843828947068163	0.22373161149992604	0.13965202870106713	0.03884862926008767	0.055782863795013043	0.2467465311827525	0.11842379691148579
0.1299416907333603	0.04941863243208976	0.223148477063831	0.1403928222292474	0.03725052040947788	0.04953811287010586	0.24982592175464208	0.12048382250724551
0.1338498095145944	0.04789836168160763	0.2247793343447974	0.13952353269449355	0.03736924066254518	0.04470447540236008	0.24737203983081568	0.12450320586878579
0.13369797110189657	0.04677819924980292	0.22436288845482305	0.14036814592246152	0.038208783164894594	0.04817317500809687	0.24719128946413768	0.12121954763388657
0.12801168607740904	0.04679784228010747	0.22361874893058425	0.14148488159379335	0.039052766665738065	0.05649015931127081	0.24728030382281246	0.11726361131828436
0.1323065810724839	0.048109295344703415	0.22482193208918816	0.14025660440385954	0.038525507044438925	0.049858116701390884	0.24789116913293038	0.11823079421100448
0.13427815695675152	0.0488434586843374	0.22305920902469326	0.139513555263577	0.03755032967260474	0.04570064910053925	0.2491938030340402	0.12186083826345642
0.12993023197637216	0.04676904182904745	0.22284459468942586	0.14137102141583413	0.0398737958991259	0.05458539153393542	0.24562741679626693	0.11899850585999187
0.1326022404527523	0.04697314203501493	0.22347644357553376	0.14070518693465764	0.03819707538757554	0.055305394510564265	0.2472099419954545	0.1155305751084468
0.13188752568559914	0.0484004308191362	0.22464949259901834	0.14128250544567011	0.03977253023166652	0.04882626281297078	0.24932224403352907	0.11585900837240964
0.13439114851557968	0.0485294276113819	0.22437305353504888	0.13986222193481163	0.03814613078397294	0.047206622107535526	0.2494296348212324	0.1180617606904368
0.1287908471190779	0.04737044986011124	0.22477123840683674	0.14043040254732245	0.03952698633981516	0.04830611368627104	0.24907718254584804	0.12172677949471719
0.12970857555556728	0.0462860282073357	0.22337089164040624	0.14083798836493872	0.03903415734190416	0.04917097307005357	0.24982093662822638	0.12177044919156772
0.13238212744150327	0.04986738671967324	0.22340633016036576	0.14130121491705766	0.039874392247930074	0.043279709946407174	0.24881538536815498	0.12107345319890761
0.13428741156620586	0.0494636759733172	0.22506850968668207	0.14129913503141955	0.03914834277840201	0.04443938374828606	0.24904046207745464	0.11725307913823231
0.12947043052974994	0.0485696780092279	0.22471079992429882	0.14114103898193872	0.0388023004675514	0.053435504159841815	0.24709682938878513	0.11677341853860605
0.13233292453261913	0.047193060894480235	0.22323469758544556	0.13960471554439927	0.038167805201873226	0.05310596918377464	0.24582657981921804	0.12053424723818972
0.131475549042066	0.04604462226698275	0.2224484095574806	0.14047996190369133	0.03841322178334122	0.05415989317596362	0.24865497522536797	0.11832336704510632
0.13265060467985415	0.04576015873887661	0.22255289823934793	0.13961101471250084	0.037412258527373995	0.05373776930779019	0.2492348093683911	0.11904048642586494
0.13114098052334705	0.05006051342792421	0.2239032450203976	0.14102647044130953	0.03874353098986662	0.04442497014511937	0.24842985325622238	0.12227043619581303
0.13116230798663897	0.046346950813294194	0.22462920565559005	0.14072357867556687	0.03819037722951611	0.05130676975836229	0.24693840726796074	0.12070240261307057
0.13160995274766227	0.049065797136310194	0.2241290168626182	0.1406423225141514	0.037496866845791246	0.0483131879644758	0.2482986614997314	0.12044419442925923
0.13475379324897552	0.048150382025255484	0.22345555463515	0.14009983831898112	0.03781208921648793	0.045606301258843185	0.24698078731483425	0.12314125398147228
0.12969316251146673	0.04886972042408505	0.22204004311934536	0.1402807065857215	0.03858730123048448	0.04904207561822643	0.2466123617155107	0.12487462879515945
0.13253978362561733	0.0480349664752588	0.22415454210901437	0.1408631032779271	0.03749687889630206	0.055452414695578225	0.24593484117345343	0.11552346974684849
0.1294599390530752	0.04628514402677364	0.22349112081555939	0.14016945020137414	0.03904866526163464	0.04974963448861186	0.24709669309562632	0.12469935305734459
0.13307445146940583	0.049628529504908855	0.22260628328422033	0.14112486288681353	0.038035147736698416	0.04777194945188974	0.2478397069178913	0.1199190687481717
0.13023804270433384	0.05006915795135644	0.22331635520066134	0.14113018581485076	0.03813633360759015	0.04831873615065431	0.24858380144208145	0.12020738712847147
0.13466204899129078	0.05024047598558384	0.22437160844835735	0.1398936332334319	0.038334481585076616	0.04665276513617854	0.2498840994950666	0.11596088712501412
0.1346612759775365	0.04794782125524896	0.22501727726763704	0.1405884341851044	0.03733892816541583	0.04352619509773438	0.24785389306673566	0.12306617498458705
0.13251247309231845	0.04883092937317571	0.2245070041825244	0.1403034586128064	0.03879624043763347	0.04241493284179773	0.24797343637056934	0.12466152508917426
0.12921779082237878	0.04795651327311791	0.2227686983926157	0.1403797669198802	0.039035573389836584	0.056854956620043307	0.24779196203950757	0.1159947385426197
0.12972761141600997	0.04896528042539422	0.22220542862612405	0.14125720664354185	0.03726538348054734	0.05034434747181857	0.24607798928939856	0.12415675264716522
0.13203856737361971	0.047185994250369914	0.2231513533094674	0.141093960670605	0.037611823534646247	0.04738443118753949	0.24959596628910924	0.12193790338464278
0.13187721219065074	0.04750732526885637	0.2227765311492677	0.14069982339745035	0.03913972107696802	0.049799791826523346	0.24950551110267394	0.11869408398760929
0.12885818698918822	0.047230285012896	0.22467744545134943	0.14031245121898847	0.038849189469214646	0.05061956983025105	0.249600855154625	0.11985201687348693
0.13027315965819425	0.04597552685188874	0.22432786110415998	0.13962768229064024	0.03850392302205856	0.05650677389072031	0.24643806620260847	0.11834700697972929
0.13087884142709016	0.05028937125061331	0.22217664792996467	0.14083730115101906	0.0386822374544661	0.04659592580649127	0.24616941669030745	0.12437025829004779
0.1293825442900357	0.04766597075634961	0.22398686163952383	0.13996490354079968	0.03985028357144152	0.04821980089858614	0.24848912962142994	0.12244050568183329
0.12756658388525988	0.046207244862573216	0.22297795587405142	0.14061156333198369	0.03850714527185557	0.055775683547773625	0.2487443160891784	0.1196095071373239
0.13456888088709848	0.04766283873146443	0.22417179643400909	0.14062830571069362	0.03906273796552508	0.04812220555798008	0.24621229293460772	0.11957094177862124
0.13076822589146778	0.049119976392648396	0.22438493716857782	0.1400749732467762	0.03868997345152428	0.048517828050568715	0.24572012782374136	0.12272395797469525
0.13205796652213703	0.049009582232511534	0.22330189187317762	0.1401920271044773	0.03935918922887216	0.045734659784700274	0.24583756578120602	0.12450711747291784
0.13206287766825775	0.04775678293591179	0.22359718249770727	0.1398915009605397	0.038730356310159586	0.05239153427494153	0.24921675501390572	0.1163530103385764
0.1308707666603472	0.046571388546464726	0.22300147460008976	0.14060880700611414	0.03725599643550062	0.05325705550398277	0.24610574224766216	0.12232876899983842
0.1346134731992669	0.04802550104685485	0.2246169914801014	0.13952372052805564	0.037746004874472744	0.04719125042048407	0.245769489412051	0.12251356903871313
0.13312604352261	0.04626449109294446	0.22389396896110636	0.14015186346412173	0.038151624297946315	0.04750778778346666	0.24875365963450352	0.12215056124330076
