0.16695623378685037	0.1678008248915086	0.6652429413216412
0.17022897980403737	0.16796460737027807	0.6618064128256846
0.16487571707639503	0.16843880071119627	0.6666854822124089
0.16950957839473627	0.16590167636986491	0.6645887452353989
0.16780935201793654	0.16776339569311685	0.6644272522889467
0.17033712862654807	0.1678803734509314	0.6617824979225206
0.16794586344194315	0.16570830982675375	0.6663458267313032
0.16580642206194002	0.17017007907883586	0.6640234988592242
0.16647074366962783	0.17006903223825556	0.6634602240921167
0.16500939372505197	0.16847731991760018	0.666513286357348
0.16686489158689982	0.16629700445119683	0.6668381039619035
0.16665976375334207	0.16615008118380742	0.6671901550628507
0.16817690114963765	0.17028081652559135	0.6615422823247712
0.16958786218017724	0.16878724469488576	0.6616248931249371
0.16504008735643078	0.16578895633367893	0.6691709563098904
0.167724490157602	0.16673279985392034	0.6655427099884778
0.16491374168443737	0.16723634452760364	0.6678499137879591
0.16765505407609885	0.16814277663153307	0.6642021692923682
0.17094879439088578	0.17121643185921712	0.6578347737498972
0.17178627841978872	0.1701619861600798	0.6580517354201316
0.16505959937192086	0.1671353176118347	0.6678050830162445
0.1661272423072914	0.17019411573276602	0.6636786419599428
0.1665241739471969	0.16696851179698002	0.6665073142558232
0.16534092691988153	0.1661700074878328	0.6684890655922857
0.16639400924900263	0.16573077062776104	0.6678752201232365
0.1699110131595437	0.16958125746142144	0.6605077293790349
0.16500609783196254	0.1675854956982637	0.6674084064697738
0.169466780534933	0.17059869650634166	0.6599345229587255
0.172210532454614	0.1692613193029135	0.6585281482424726
0.1724666731582822	0.16725899842053993	0.6602743284211781
0.16555366861971405	0.16697168444166394	0.6674746469386221
0.16999793138878347	0.16596662465125273	0.664035443959964
0.17194844065958936	0.1712630508582268	0.6567885084821838
0.16617335275005277	0.16746039214333913	0.6663662551066083
0.168815243932704	0.16641004105244633	0.6647747150148497
0.1685363194137662	0.16857817632693894	0.6628855042592949
0.17086751740720263	0.1699439682767135	0.659188514316084
0.1671749969775648	0.1664387728371109	0.6663862301853245
0.16648598819276478	0.17105163659308217	0.6624623752141532
0.1672958403619653	0.16604551756725155	0.6666586420707832
0.1668399670796374	0.17116440263744642	0.6619956302829163
0.1670875497112631	0.1706581280364045	0.6622543222523325
0.1700909820488499	0.16868597323648019	0.6612230447146701
0.16978480251114603	0.1669138573750649	0.6633013401137893
0.1669932488917183	0.16912876460194293	0.6638779865063389
0.16572939093894626	0.1698284716751673	0.6644421373858866
0.16873108121461294	0.16703399344561443	0.6642349253397728
0.1693247640814208	0.16880147107038906	0.6618737648481903
0.16775552600279192	0.16730464222779667	0.6649398317694115
0.1663543314978707	0.17070559330701007	0.6629400751951193
0.16499319957595793	0.1707433042241626	0.6642634961998797
0.17086890821266268	0.16735582677282915	0.6617752650145083
0.17170308474065815	0.1659392109328664	0.6623577043264756
0.17083903530039296	0.1677034749311682	0.661457489768439
0.17125210484984618	0.17042847976797493	0.658319415382179
0.1658852969808186	0.16808385583221963	0.6660308471869618
0.17008203181402637	0.16730021633573028	0.6626177518502435
0.17038163673609164	0.17131180749694025	0.6583065557669683
0.1682997567797059	0.16816225249362576	0.6635379907266685
0.16918836755115385	0.16920483836181283	0.6616067940870335
0.1665905754304666	0.16807818644056205	0.6653312381289715
0.17156934838593152	0.16728532322251477	0.6611453283915538
0.1668365211317931	0.1664884172067398	0.6666750616614672
0.16836856126533453	0.1663636332036136	0.665267805531052
0.16697354347844245	0.16889681454840072	0.6641296419731569
0.1710216907152165	0.16832333631089164	0.660654972973892
0.16896711261673147	0.1697898075103461	0.6612430798729225
0.16628047440810687	0.1683704347661718	0.6653490908257215
0.169314358975562	0.16937982374312616	0.661305817281312
0.17071391130072908	0.1707694288068346	0.6585166598924364
0.16824564794028182	0.17105726796697457	0.6606970840927437
0.16871633868444197	0.16633623786542134	0.6649474234501368
0.16495798151894087	0.1661713084378765	0.6688707100431828
0.1654208011615473	0.17111093959226026	0.6634682592461926
0.1699266348302979	0.16590322625223716	0.664170138917465
0.1680043338186605	0.16655046445721214	0.6654452017241275
0.17076203168547627	0.16880662357237952	0.6604313447421444
0.17057766746451597	0.16906342498549887	0.6603589075499853
0.16648699435305922	0.1707960437255352	0.6627169619214057
0.16589949798229592	0.16606344234511602	0.6680370596725882
0.17246695300966508	0.16602641192361656	0.6615066350667185
0.17190227274576875	0.17134359606803728	0.6567541311861941
0.17231107828866954	0.16650014477468372	0.6611887769366469
0.16504174563658117	0.16707952845181598	0.667878725911603
0.17205938251687214	0.16810495030658207	0.659835667176546
0.16772031655726677	0.1694842213131869	0.6627954621295464
0.16756147186469678	0.17063856710864278	0.6617999610266605
0.16801674634376612	0.16627728112641255	0.6657059725298213
0.166637785957778	0.16933936521527876	0.6640228488269433
0.165210970917961	0.16833970897364664	0.6664493201083925
0.16473769030002286	0.16632114878284868	0.6689411609171285
0.16621125233162545	0.1672255657788252	0.6665631818895494
0.16930194535094376	0.16813597493594698	0.6625620797131093
0.16858691391691816	0.1661585433494443	0.6652545427336376
0.17050129974069772	0.16846016587248464	0.6610385343868177
0.17224684173585098	0.16689772838437406	0.6608554298797751
0.16648210953826964	0.16748647037125708	0.6660314200904733
0.1691685424216558	0.16796098150774297	0.6628704760706015
0.1714555363291632	0.16606497720564212	0.6624794864651948
0.16819139405778555	0.16781303981094753	0.6639955661312671
0.16573827766134674	0.1698334463367424	0.6644282760019109
0.17044047082054295	0.17056166935789863	0.6589978598215586
0.17221072743563567	0.16952014065761173	0.6582691319067526
0.16709529317701155	0.1674424343461547	0.6654622724768339
0.16746816310236462	0.16856659064975862	0.6639652462478769
0.17096376094610494	0.17040829004827487	0.6586279490056204
0.1648971985366783	0.16941774920899275	0.6656850522543292
0.17041181245892226	0.1684771514699971	0.6611110360710808
0.16928899289273955	0.1662712909743637	0.6644397161328969
0.1693394258903072	0.16790778651657146	0.6627527875931215
0.1694818959747479	0.16606544407578075	0.6644526599494714
0.16590200946949835	0.16952495132651424	0.6645730392039875
0.16512463955647208	0.16682892988626186	0.6680464305572662
0.17093614764907264	0.16999891749870144	0.6590649348522261
0.1656876567780145	0.17012274129862065	0.664189601923365
0.16490260937272802	0.1659873012044544	0.6691100894228177
0.1660493458805164	0.1705168872549518	0.6634337668645318
0.17056701122454	0.16706213644360446	0.6623708523318557
0.16546873388498362	0.16696631397166573	0.6675649521433508
0.16703752432576957	0.17040133119364315	0.6625611444805874
0.16761632396490395	0.1668154219231696	0.6655682541119265
0.1683227322008885	0.16688966838090133	0.6647875994182102
0.16772913521107877	0.16967818621397196	0.6625926785749494
0.1695200605474996	0.16720061639443984	0.6632793230580607
0.16497890407137725	0.16700561277250187	0.6680154831561209
0.16740442499069783	0.169002633283647	0.6635929417256553
0.16976302778250116	0.16614799878615583	0.6640889734313431
0.16979034138500781	0.17047921154904488	0.6597304470659474
0.17229100333894115	0.16812653415744816	0.6595824625036109
0.16941208081337983	0.16693357237021067	0.6636543468164097
0.1718311916647748	0.16819220894847478	0.6599765993867506
0.16740682477330562	0.16675130999328122	0.6658418652334133
0.16525668692197168	0.16574791419456225	0.6689953988834662
0.16520685016990738	0.16838932041637644	0.6664038294137163
0.16506477077504894	0.16757572466299608	0.6673595045619551
0.16695698469699208	0.16935913689309548	0.6636838784099126
0.16603862017955764	0.16967172931149066	0.6642896505089518
0.1650248053502386	0.16607074750870085	0.6689044471410607
0.16671871808108657	0.16739957094992367	0.6658817109689898
0.16945418795321732	0.1667612867281867	0.6637845253185961
0.17067747913452921	0.16837637421063562	0.6609461466548353
0.172319721246444	0.17014112257513947	0.6575391561784166
0.16967285368370447	0.16682014907133974	0.6635069972449559
0.16550786654120314	0.1708343145672228	0.663657818891574
0.16811125463460982	0.167083625338395	0.6648051200269953
0.1665823803652495	0.17143426660552008	0.6619833530292305
0.16588567285678907	0.1663165311367627	0.6677977960064483
0.165442281295339	0.17137426019948665	0.6631834585051745
0.16521358088105545	0.16642812189472278	0.6683582972242219
0.17033228838696002	0.16849414644405253	0.6611735651689876
0.17017862456706184	0.1700858575572064	0.6597355178757318
0.16912132289351908	0.16877523181546727	0.6621034452910137
0.17070762674104414	0.16595882836349168	0.6633335448954643
0.16489546430041846	0.16937231865297786	0.6657322170466038
0.16535835892198536	0.16905609567752738	0.6655855454004873
0.16503646833607855	0.16808841118132165	0.6668751204825999
0.16764403491039467	0.1663766977264587	0.6659792673631468
0.16649741568304416	0.16852309759969744	0.6649794867172585
0.1657275677770879	0.165711706570924	0.6685607256519882
0.1675152248454544	0.16928643131303286	0.6631983438415129
0.16549250608252575	0.16845055546346632	0.666056938454008
0.1690014366755073	0.16866524292968882	0.662333320394804
0.16804151022460956	0.16929861737705307	0.6626598723983375
0.1694791934996926	0.16666105937448622	0.6638597471258213
0.1702240890730576	0.17107874929034725	0.6586971616365953
0.1675681592234291	0.1707869115005441	0.6616449292760269
0.16784007314037663	0.1711037856316886	0.6610561412279349
0.16646629052360196	0.1674430637807966	0.6660906456956016
0.16522817157354686	0.1687784579708683	0.6659933704555849
0.16920582308587723	0.16964059905774445	0.6611535778563784
0.1663971635799379	0.16794470966551134	0.6656581267545509
0.16501394640974892	0.16759518431590942	0.6673908692743418
0.16937909458584527	0.1682682053400782	0.6623527000740767
0.16501462606095044	0.1677748320638632	0.6672105418751866
0.1673768555887329	0.16574161223660966	0.6668815321746575
0.16592561712898357	0.16797092828545002	0.6661034545855665
0.16915898010975683	0.16734859445471034	0.663492425435533
0.16876886260304552	0.16971015033900738	0.6615209870579473
0.1659566709015849	0.1686211735391879	0.6654221555592273
0.1697858803679543	0.16648439904708978	0.6637297205849559
0.16537339205752005	0.17071897992127272	0.6639076280212073
0.16672385034293055	0.1710660203285513	0.6622101293285183
0.16866211156044353	0.16683090579838736	0.6645069826411693
0.16484489424255122	0.16944079098736747	0.6657143147700815
0.1665787083074866	0.16813474451562643	0.6652865471768871
0.1700973599731071	0.16663775523012814	0.6632648847967649
0.16949523830317614	0.1689339771540645	0.6615707845427595
0.16509455360895336	0.1670419329313897	0.6678635134596571
0.16838678733193685	0.16646087901102352	0.6651523336570397
0.16953034118145724	0.16662414925406932	0.6638455095644735
0.16826382380616206	0.16895600544631945	0.6627801707475186
0.169484478365517	0.16932002545797353	0.6611954961765096
0.17031822265484486	0.17005854694134426	0.659623230403811
0.1686659587075217	0.1662397267589899	0.6650943145334884
0.16929486808268815	0.16833630809030936	0.6623688238270027
0.1671842428998089	0.1686413246052339	0.6641744324949572
0.1653376543231605	0.1675085803929666	0.667153765283873
0.17075856882256718	0.17044142114968963	0.6588000100277432
0.1706295546203204	0.1708443876465638	0.658526057733116
0.17057954753947047	0.167344531964288	0.6620759204962416
0.16760393151709158	0.16638893764099175	0.6660071308419168
0.16486603146394305	0.16955823360106143	0.6655757349349957
0.169922240295107	0.1712925818149047	0.6587851778899885
0.1677880588164896	0.16650152245003025	0.6657104187334804
0.16855313377098458	0.1690236674278458	0.6624231988011697
0.16737445887853475	0.1673678447469385	0.6652576963745269
0.16867090383774613	0.17131460331275059	0.6600144928495034
0.167776386173336	0.17060826596873338	0.6616153478579307
0.17180355444816228	0.1693776257215471	0.6588188198302907
0.16815120700766079	0.16743381204157964	0.6644149809507598
0.16813940375578687	0.16784763537644048	0.6640129608677727
0.16952296202283296	0.16773030456313695	0.6627467334140302
0.170541749007131	0.16814653269513102	0.661311718297738
0.16645669717983075	0.17094174474855456	0.6626015580716148
0.1692913362451966	0.16882823083746631	0.6618804329173371
0.16630138329120583	0.1673992261284668	0.6662993905803274
0.1676608401060695	0.16654592275660915	0.6657932371373214
0.17133283437393948	0.1675885637738159	0.6610786018522448
0.16683269466082568	0.17010668194209294	0.6630606233970815
0.16553014346616904	0.16897428890438126	0.6654955676294498
0.1704148718954196	0.17094938821594494	0.6586357398886356
0.169316835888564	0.17141818131767736	0.6592649827937587
0.1662365859653014	0.17088315050861608	0.6628802635260826
0.16602672202524021	0.1678082777216776	0.6661650002530823
0.16886490669997706	0.16812896217603202	0.663006131123991
0.16628442781559005	0.166299572031494	0.6674160001529161
0.17240345483624986	0.16925583928325555	0.6583407058804948
0.17162799454467415	0.16689827707474164	0.6614737283805843
0.16874401942871853	0.16862842592766208	0.6626275546436196
0.1718068479152195	0.1678790406045189	0.6603141114802618
0.1684856841593284	0.16665780672560312	0.6648565091150687
0.17124967828781093	0.16951351965186934	0.6592368020603199
0.17198326553961438	0.17115503079879987	0.6568617036615858
0.1693107343324948	0.16813754516818644	0.6625517204993189
0.17070693204099674	0.17046635406582034	0.658826713893183
0.16814678860506443	0.16576139178891275	0.6660918196060229
0.17132709342763625	0.1669676247583623	0.6617052818140015
0.16502478225880568	0.16655346446370295	0.6684217532774914
0.16783326504831572	0.16778545819256785	0.6643812767591165
0.16977156362460163	0.16792351623462873	0.6623049201407698
0.16532278944272694	0.16799380857393986	0.6666834019833333
0.16881826263250316	0.16870768597213032	0.6624740513953666
0.17001727952769458	0.1668683026873416	0.6631144177849639
0.16942166784409907	0.17092769279244505	0.659650639363456
0.16759424943499052	0.16713204108770507	0.6652737094773045
0.17103376908727702	0.1667327978222411	0.662233433090482
0.17219813836546471	0.16644610594796047	0.6613557556865749
0.16990177653538768	0.1663329384486912	0.6637652850159212
0.16649040230603088	0.17107190943675463	0.6624376882572146
0.1650141734902302	0.16728795220553783	0.6676978743042321
0.1718739078766073	0.16946098092401865	0.6586651111993742
0.17026720535376252	0.16714424474202677	0.6625885499042108
0.16503332897096656	0.16699613494929913	0.6679705360797344
0.17014090909544244	0.16614556413270437	0.6637135267718534
0.16833308286090964	0.16627313962279403	0.6653937775162965
0.16578067486713602	0.17042126454362427	0.6637980605892398
0.1653758373424674	0.17111763241200956	0.6635065302455232
0.1652301064503929	0.17113601407968843	0.6636338794699188
0.1709734859587266	0.16972866336434295	0.6592978506769305
0.16768701969778665	0.1699183070166177	0.6623946732855959
0.17036178894787488	0.16618306014802742	0.6634551509040978
0.16627249912612882	0.17082552130414003	0.6629019795697313
0.1658765948752117	0.16830819391293844	0.66581521121185
0.16530832282452337	0.17063508640953445	0.6640565907659423
0.16764235755677004	0.17097678515356013	0.66138085728967
0.17104995048314992	0.1677001265832237	0.6612499229336264
0.171040432793796	0.16808678402400035	0.6608727831822037
0.17076362531638944	0.1679477572251955	0.6612886174584152
0.16475393748853018	0.16936209727043663	0.6658839652410333
0.16837261462366415	0.1704424697076635	0.6611849156686724
0.17237994924827332	0.17006148639323768	0.6575585643584891
0.1658304239149427	0.16703134872630834	0.6671382273587491
0.16614395484152344	0.17018569260525013	0.6636703525532266
0.1709296640333762	0.17007365747117312	0.6589966784954508
0.17060685315593369	0.16894349258649433	0.6604496542575722
0.1681445961364406	0.167877406338707	0.6639779975248525
0.16630091383434792	0.16722388074667238	0.6664752054189799
0.16495341883579673	0.17091368052011097	0.6641329006440925
0.16591460912005382	0.16790512739924218	0.6661802634807041
0.16866190820850616	0.17113657639464028	0.6602015153968537
0.16821561005096444	0.1706675071093993	0.6611168828396363
0.17113683554101142	0.1672882398102548	0.6615749246487339
0.1678532061206887	0.16669479611483007	0.6654519977644813
0.17180364903688755	0.16578686846981291	0.6624094824932997
0.17111123572109047	0.17010808595716292	0.6587806783217467
0.17123822186670598	0.1701868048024029	0.6585749733308912
0.1693722162313495	0.1691325742509772	0.6614952095176734
0.16663028745631447	0.16803007504294865	0.665339637500737
0.16836910288819568	0.1705741659263241	0.6610567311854804
0.167079785578987	0.16946929185524218	0.663450922565771
0.1718333901678421	0.16775492622505744	0.6604116836071006
0.16811272874249797	0.16665494851234175	0.6652323227451604
0.17187948399923653	0.17109447045905718	0.6570260455417065
0.16482660516924055	0.16722247059604206	0.6679509242347175
0.16980885662320203	0.16605038300218872	0.6641407603746095
0.16505923549066084	0.17103826892782678	0.6639024955815125
0.16478714164646355	0.16795394131532698	0.6672589170382096
0.17052009976245014	0.16801530997435454	0.6614645902631955
0.1711845026258158	0.16932520215987037	0.659490295214314
0.17091032040796605	0.1706119727664671	0.6584777068255669
0.16846621735710604	0.1657056829934177	0.6658280996494763
0.1683354741777825	0.1678691031064915	0.6637954227157261
0.1680913343324658	0.16845701673505187	0.6634516489324824
0.16475163268584447	0.16780150106563235	0.6674468662485232
0.16840630855265293	0.17030778148669046	0.6612859099606567
0.17182445585468992	0.17049286148164963	0.6576826826636606
0.16974144212553913	0.16839188714025582	0.6618666707342051
0.1679365491312073	0.16850968006743267	0.6635537708013601
0.16480295249297494	0.17075411124602244	0.6644429362610027
0.16852529004366254	0.16706897988566075	0.6644057300706768
0.16496481444994193	0.16813414740621094	0.6669010381438473
0.168093775975381	0.16708399959561285	0.6648222244290063
0.17202448654936536	0.16594136107584476	0.6620341523747899
0.16989016177139665	0.16791875002783752	0.662191088200766
0.16611528221777289	0.17037126891833057	0.6635134488638966
0.1696815674635608	0.1687897918754851	0.6615286406609542
0.16936311719304342	0.17113253948897822	0.6595043433179784
0.16985917537531034	0.16640176794555944	0.6637390566791304
0.1652652190991431	0.17000358526560477	0.6647311956352522
0.16744764309268956	0.17002107519319717	0.6625312817141134
0.16715368371215078	0.1659207066689422	0.6669256096189071
0.1656813273661214	0.16621471605689664	0.6681039565769821
0.1688813499195112	0.16858443138280155	0.6625342186976874
0.16829721368926362	0.17013019117913347	0.661572595131603
0.16609999138468312	0.1699348759802441	0.6639651326350728
0.165751877942827	0.16771705021432667	0.6665310718428464
0.1683449558680379	0.1708178215211603	0.6608372226108019
0.17021847949325108	0.16718416156345506	0.6625973589432941
0.16674390574563916	0.1699011638831372	0.6633549303712238
0.16586154828341543	0.16641437538518472	0.6677240763314
0.16955002671477504	0.17032508805834423	0.6601248852268808
0.1684499724450305	0.16847609128714075	0.6630739362678288
0.1650945560261906	0.16609382303115525	0.6688116209426542
0.16560070556908402	0.16709603018369917	0.667303264247217
0.17018326721181126	0.16985245685024392	0.6599642759379449
0.1722857074040421	0.1687968037425685	0.6589174888533895
0.17207876815443995	0.16804608026003004	0.6598751515855301
0.1711260965145042	0.17108665374802584	0.6577872497374702
0.17132353711242482	0.1660733685870639	0.6626030943005113
0.17144704127154664	0.16744412352065496	0.6611088352077985
0.1717881208870549	0.16783396238421966	0.6603779167287256
0.17111889711233877	0.1704413250335442	0.6584397778541171
0.17130011945782958	0.17136766058803254	0.657332219954138
0.16609047794876325	0.16819404144262629	0.6657154806086106
0.168085691434075	0.171393351409755	0.6605209571561701
0.16485919852786168	0.16816328313652684	0.6669775183356117
0.16958442841179364	0.16961448476812485	0.6608010868200817
0.17029101457024054	0.1709497188826642	0.6587592665470954
0.16899213044785208	0.16659521743524097	0.6644126521169071
0.17143668355559394	0.1706587263557101	0.6579045900886961
0.16988279631142497	0.16883760883466165	0.6612795948539135
0.16825519600794786	0.16740316717914483	0.6643416368129074
0.170415985086701	0.16673830004005863	0.6628457148732405
0.167002151375999	0.16809014818806683	0.6649077004359343
0.16628152802231436	0.16751464719732395	0.6662038247803618
0.16987943328153743	0.17126334004242494	0.6588572266760377
0.16837097784092342	0.1664522187702499	0.6651768033888268
0.17013306841360337	0.1679796505100434	0.6618872810763533
0.1717100182288927	0.1707678857683787	0.6575220960027288
0.17140693703068863	0.16687610819971915	0.6617169547695922
0.17111282708534775	0.17135248528770486	0.6575346876269474
0.17121633116671342	0.17114852930100033	0.6576351395322864
0.1649940736400507	0.1698281434769907	0.6651777828829587
0.170267436531346	0.17109131235507796	0.6586412511135762
0.17069234494013155	0.1710235512265612	0.6582841038333074
0.1723732156578192	0.16714697423388775	0.6604798101082932
0.16990899939281118	0.16615026375947595	0.663940736847713
0.16834068980829806	0.17123904154303207	0.66042026864867
0.1677214402772475	0.16922353160732317	0.6630550281154295
0.1686411031892387	0.16849270751395984	0.6628661892968015
0.17131739457638662	0.16897530729161742	0.6597072981319961
0.16972289424871698	0.16903131362346552	0.6612457921278176
0.16574158159184707	0.16976689849001692	0.6644915199181362
0.1690614636353372	0.16601806673959252	0.6649204696250703
0.16832291441600392	0.16783184799579037	0.6638452375882058
0.16623972754657315	0.168686185566905	0.6650740868865219
0.1661390604651435	0.16842067824434093	0.6654402612905157
0.1657298520329818	0.1686221502733441	0.6656479976936742
0.1695482893735606	0.17043104344609145	0.6600206671803481
0.1714942452579566	0.16677378850439167	0.6617319662376518
0.17135506218494542	0.17109456013800928	0.6575503776770454
0.17080518562207953	0.1702190255939467	0.6589757887839739
0.17174196822161522	0.1683491747276597	0.6599088570507252
0.16657209705616416	0.16899118091030324	0.6644367220335328
0.16878785437877303	0.16821353243313378	0.6629986131880934
0.16638784259793463	0.16580740145236395	0.6678047559497016
0.16752704615048075	0.17059312960031447	0.6618798242492048
0.16910229634906573	0.1708479126932898	0.6600497909576446
0.16966225030833948	0.16838170971344163	0.661956039978219
0.17196906061400688	0.1667552493036897	0.6612756900823036
0.16782835827429646	0.17003370047409055	0.6621379412516131
0.16964202297880793	0.16647598451665685	0.6638819925045354
0.16922705739319993	0.16863927233817766	0.6621336702686225
0.17179697891528276	0.16831601304032467	0.6598870080443927
0.16985081188905946	0.16713066756183786	0.6630185205491028
0.16657952085052447	0.16668154980138455	0.6667389293480912
0.17096910921292938	0.17109690481393602	0.6579339859731348
0.16517285428091338	0.16636846563882424	0.6684586800802625
0.16977248526631347	0.16961666304030115	0.6606108516933855
0.16616153255518357	0.16922142821932057	0.664617039225496
0.16610213991952247	0.16809573648295065	0.665802123597527
0.1652867673503769	0.16660178421100894	0.6681114484386143
0.16632744196080285	0.17051968734930495	0.6631528706898924
0.16476834786409716	0.16914142317529798	0.666090228960605
0.16609119484904886	0.16703871818749483	0.6668700869634564
0.17151968026252207	0.1692944151129852	0.6591859046244928
0.17107630259397275	0.1696209667244738	0.6593027306815535
0.169232097035797	0.1699633278531876	0.6608045751110155
0.1674334432121416	0.16586378961902082	0.6667027671688377
0.16743009390900354	0.17028895321025567	0.662280952880741
0.16735775652974086	0.16910095205222136	0.6635412914180379
0.16674272785275057	0.16817627129794438	0.6650810008493051
0.16987343630586224	0.16949677416793393	0.660629789526204
0.17173760193826915	0.16799431346437257	0.6602680845973583
0.16948441594448965	0.1707287227562086	0.6597868612993019
0.16494189655733282	0.1663034016072992	0.6687547018353681
0.16664152216370912	0.1667701530309879	0.6665883248053031
0.17138333308310483	0.1662040041535628	0.6624126627633325
0.1678906855225658	0.16728340225664529	0.6648259122207891
0.17159477240154486	0.17066329524984802	0.6577419323486072
0.16845170191964343	0.170966360167803	0.6605819379125537
0.16531146684827763	0.1678069169172766	0.6668816162344459
0.17160463289318828	0.17136792036323661	0.6570274467435753
0.1657815621112747	0.1686995717103003	0.665518866178425
0.1698077233991411	0.1699254687266717	0.6602668078741873
0.1669114034816677	0.16740609946686624	0.6656824970514661
0.16816914221156637	0.17068479430818478	0.661146063480249
0.1702085413302749	0.1668469902079463	0.6629444684617789
0.16823025663204533	0.16763409700794296	0.6641356463600118
0.16625098230674062	0.1675836610901359	0.6661653566031236
0.16665833199425295	0.1704442324899366	0.6628974355158106
0.17208445306911263	0.16613557413667446	0.6617799727942131
0.17018728021697882	0.16608671019186425	0.663726009591157
0.1688955464704501	0.1665089438859137	0.6645955096436363
0.17131064036251026	0.17098324551649433	0.6577061141209956
0.1664811673059846	0.1660482486283011	0.6674705840657145
0.1678835159893397	0.16998091382785452	0.6621355701828059
0.16952542044131463	0.16838672000679689	0.6620878595518886
0.16621322971732821	0.1701790349977158	0.6636077352849561
0.16837648239115766	0.17081727174262867	0.6608062458662138
0.16485217006575184	0.17024311752206267	0.6649047124121856
0.1704554082356069	0.16726774995244686	0.6622768418119463
0.1703769761973113	0.16599432660040053	0.6636286972022882
0.1668827906373752	0.16936255818735196	0.663754651175273
0.16709012118381467	0.1690349438500923	0.6638749349660932
0.16654273960511626	0.16631773345452042	0.6671395269403635
0.1676956596894842	0.16760676615254877	0.6646975741579673
0.16913112497510416	0.17110556227055634	0.6597633127543396
0.16659401098568954	0.16748193455027285	0.6659240544640377
0.16530616295421036	0.1708219451507319	0.6638718918950579
0.16633370117821933	0.16653178688068748	0.6671345119410933
0.17046277059434017	0.16576646326102806	0.6637707661446319
0.17143273586538452	0.1687083911866753	0.6598588729479402
0.16729081428480086	0.1701872026684961	0.6625219830467031
0.1702524865542157	0.1676972861954324	0.6620502272503521
0.16858886507809645	0.16718554510649491	0.6642255898154087
0.16669598318393025	0.16737957464591424	0.6659244421701556
0.16507682340269839	0.1677463521671351	0.6671768244301667
0.16569255210866876	0.16853543496436846	0.6657720129269629
0.16878877494672093	0.1694925164083217	0.6617187086449575
0.16590894934947456	0.1686418293022163	0.6654492213483092
0.17146393206784186	0.16964940515750693	0.6588866627746514
0.166573141924581	0.1664487381269122	0.666978119948507
0.1672478303890527	0.16891758768878334	0.663834581922164
0.17143990419242422	0.17084128077490773	0.6577188150326682
0.16739502657540492	0.1669222877942771	0.6656826856303182
0.1707760192431538	0.16860533857208293	0.6606186421847634
0.1692129983726711	0.16802121950885052	0.6627657821184785
0.16742815387230991	0.16780585769651707	0.6647659884311732
0.17005421305205393	0.16767775422481815	0.6622680327231281
0.1718492379472045	0.16661786764775627	0.6615328944050394
0.16943323566371454	0.1695643005234786	0.6610024638128069
0.16900826863390572	0.166706304470375	0.6642854268957195
0.16781642627739127	0.17044319273980502	0.6617403809828037
0.16795142960494058	0.17014162305002317	0.6619069473450363
0.164771578659397	0.16646140543475843	0.6687670159058446
0.17025265097296655	0.16946413844124675	0.6602832105857868
0.1711014629438834	0.16869923698127537	0.6601993000748414
0.17181462347441195	0.1679142258806432	0.6602711506449449
0.1714902975670837	0.1659842300405307	0.6625254723923857
0.16892535982546988	0.17030478222371576	0.6607698579508146
0.16602645993505083	0.17037730204525056	0.6635962380196987
0.17205865080980576	0.1709972364142625	0.6569441127759319
0.16990838102366312	0.17132019540866544	0.6587714235676716
0.17056077795887495	0.16682485035103795	0.6626143716900872
0.1701567395105288	0.16723431078803314	0.6626089497014382
0.16644793906355027	0.16814375473934917	0.6654083061971007
0.16732021145331463	0.169896894695907	0.6627828938507785
0.1670989663724507	0.16746538394768262	0.6654356496798668
0.16705723573127224	0.1708173011387054	0.6621254631300224
0.16533671510522432	0.16624757804813856	0.6684157068466372
0.16747797860320504	0.16858946838065125	0.6639325530161438
0.167576587024969	0.170044484079302	0.6623789288957291
0.17109266666548828	0.16802630373228616	0.6608810296022256
0.1723552735517775	0.16936838998407988	0.6582763364641427
0.17136452036641842	0.1658277651892876	0.6628077144442941
0.17149142286973978	0.17094877759074342	0.6575597995395169
0.16883900680467284	0.16598127249570516	0.6651797206996222
0.16692372449116943	0.16597728601549758	0.6670989894933331
0.17154431083862776	0.1703244562796204	0.6581312328817519
0.16952094925912892	0.16707603927120154	0.6634030114696696
0.16940788706028537	0.16880285722640323	0.6617892557133116
0.16968068386488375	0.16880969270664986	0.6615096234284665
0.1723938565336015	0.1679295928090776	0.659676550657321
0.16637599299486727	0.17068893787958572	0.6629350691255471
0.16476952999139166	0.1669859530527963	0.6682445169558122
0.17116886615224144	0.16717913217420732	0.6616520016735514
0.16929826146054072	0.1693054379155734	0.661396300623886
0.16669314325425072	0.16753142150879224	0.6657754352369571
0.16575875941158436	0.17036863855558865	0.6638726020328272
0.16928834352132704	0.17045113231054265	0.6602605241681303
0.16649506676165587	0.17137193292119068	0.6621330003171535
0.16683137848518206	0.16807427351708143	0.6650943479977367
0.17105977805789713	0.1664370061052273	0.6625032158368757
0.17219752276122302	0.16947106881767487	0.6583314084211023
0.16579935311522684	0.17082901489681762	0.6633716319879557
0.1679980723457693	0.1710909089659261	0.6609110186883047
0.16737398153250435	0.16872068579605112	0.6639053326714446
0.1649852755306869	0.168833472910957	0.6661812515583563
0.1648919534281768	0.1667522370862487	0.6683558094855746
0.16937041010934673	0.16906996298342966	0.6615596269072237
0.17210158775533094	0.16943120507427098	0.6584672071703982
0.16495117375417845	0.16861077602038996	0.6664380502254317
0.16977812486150468	0.1702027624341177	0.6600191127043777
0.1721794501840712	0.16713373847718724	0.6606868113387416
0.1684534310966162	0.16950727210988276	0.6620392967935012
0.16748780124685142	0.1671403801765636	0.6653718185765851
0.16482219018325808	0.16601192770822876	0.6691658821085132
0.17154910472638263	0.16794983125133445	0.660501064022283
0.16677010432836892	0.16745160669504452	0.6657782889765866
0.16791333724178936	0.16589972459399846	0.6661869381642123
0.17034121521307677	0.16592551889808294	0.6637332658888404
0.17193036928041866	0.16771327344371034	0.660356357275871
0.1704413573248465	0.16671934497827814	0.6628392976968756
0.1650953194463045	0.16907926384906827	0.6658254167046274
0.17179521978836665	0.167018864854044	0.6611859153575894
0.17209138243093908	0.16924000726952582	0.6586686102995352
0.17229842963107392	0.1661877467892492	0.661513823579677
0.1662953024162616	0.16664413276670226	0.6670605648170362
0.16502955647093173	0.1700773290770699	0.6648931144519985
0.17019451121188003	0.16619559764205666	0.6636098911460634
0.16765583546993207	0.1678938322882469	0.6644503322418212
0.16861704437796138	0.16795343579412506	0.6634295198279136
0.17047989515094414	0.17034149874021237	0.6591786061088436
0.16570659635000956	0.16812536475965906	0.6661680388903315
0.1723049408654257	0.17057864094523673	0.6571164181893376
0.17036211969717427	0.1660630196379908	0.6635748606648351
0.1686734248924295	0.16671314977292406	0.6646134253346465
0.1697987652823822	0.16707144126768178	0.6631297934499362
0.16698752058905456	0.168583059185959	0.6644294202249865
0.17175205641933317	0.16840097050461683	0.6598469730760501
0.1697585393410392	0.16925885380313582	0.6609826068558251
0.17090719291160958	0.16761146261535292	0.6614813444730376
0.17116422368930323	0.16942261456854957	0.6594131617421473
0.17089027010325913	0.1681978889846617	0.6609118409120793
0.1707122392371369	0.16684632348340395	0.6624414372794593
0.17079131198838232	0.16759883694577082	0.661609851065847
0.16908913709641313	0.16737827276579503	0.663532590137792
0.1723212528659756	0.16762163405077368	0.6600571130832509
0.1666399439137207	0.1679628632403201	0.6653971928459593
0.16715825355757188	0.16596389329920344	0.6668778531432248
0.17162837340617043	0.17031582227230124	0.6580558043215284
0.17136072193751858	0.16752140383477748	0.661117874227704
0.17145039552179872	0.16759248485203454	0.6609571196261669
0.16806850847068666	0.16700543785637323	0.6649260536729402
0.1666374536027481	0.1694070683680603	0.6639554780291917
0.16571972120432188	0.16828712521934153	0.6659931535763367
0.17143215824167052	0.1695426431815667	0.6590251985767628
0.17017792728060907	0.1707492951394205	0.6590727775799705
0.1713600733842215	0.167060887183473	0.6615790394323056
0.16494199480565627	0.16790724434194967	0.6671507608523941
0.16525511671795057	0.16617898699448333	0.6685658962875662
0.16534717169289984	0.171204622434152	0.6634482058729483
0.16741798259113985	0.16807829625847193	0.6645037211503884
0.16689983190473295	0.170358771524513	0.6627413965707541
0.166773443117813	0.16884320429650457	0.6643833525856826
0.17135577785549633	0.17138170022406873	0.6572625219204351
0.16960966415301496	0.17057834004053504	0.6598119958064501
0.17058499005843236	0.16770254188878303	0.6617124680527846
0.16846432603484968	0.17105154235836692	0.6604841316067835
0.16865261692514455	0.16775438813922205	0.6635929949356335
0.1684653772911245	0.17132103785050418	0.6602135848583714
0.16797215928660353	0.16887230896414734	0.6631555317492492
0.17098606298274494	0.16975714442173068	0.6592567925955245
0.16842185034889032	0.1686954502362748	0.662882699414835
0.16979468798950917	0.17112801355012652	0.6590772984603644
0.17164731928002164	0.17065525823203342	0.657697422487945
0.16806757807058437	0.1689313440920674	0.6630010778373483
0.16558780565600445	0.17020297844513962	0.6642092158988561
0.16602391692792734	0.16699570585181434	0.6669803772202585
0.16637169417222306	0.16588555678818223	0.6677427490395949
0.16750321782833955	0.17126731881764745	0.6612294633540131
0.16999286572041822	0.1710283440057463	0.6589787902738355
0.17101987063757437	0.17115632894377183	0.6578238004186538
0.16928515409707673	0.16575454107076493	0.6649603048321584
0.17066556967796043	0.16918999690882425	0.6601444334132154
0.1713378574888129	0.1669794618472164	0.6616826806639708
0.16634975379985528	0.1662126593381721	0.6674375868619729
0.16804582990679073	0.1688490254259008	0.6631051446673086
0.1700816651669996	0.16942927250699866	0.6604890623260018
0.1720538682423737	0.16894611932423026	0.6590000124333961
0.17112876882735292	0.17044203895313767	0.6584291922195096
0.1653900647150205	0.17045857013511495	0.6641513651498647
0.16975243746948623	0.16645881714011113	0.6637887453904028
0.16808339087023338	0.16969036832261114	0.6622262408071555
0.16646128804328117	0.16800718096064393	0.665531530996075
0.16923943380018727	0.1700747413845234	0.6606858248152894
0.16836243702390746	0.16697788768231028	0.6646596752937823
0.16609752141860973	0.16727649769872513	0.6666259808826652
0.1671234619995523	0.16943208791857828	0.6634444500818695
0.17073958386344704	0.16806788507910192	0.6611925310574511
0.1649492301084237	0.16745220653783607	0.6675985633537403
0.1682018461231165	0.16766483439481938	0.6641333194820642
0.1706529567328229	0.17120619440479906	0.6581408488623781
0.16809692793927408	0.16687330079628665	0.6650297712644394
0.1661022792865329	0.16818415688753335	0.6657135638259338
0.1674030545226572	0.16627828145761184	0.6663186640197312
0.17150578476923975	0.17020578214694554	0.6582884330838148
0.17044766348633855	0.16796800490387426	0.6615843316097874
0.1709818845585943	0.1663747884753739	0.6626433269660319
0.16611299489470016	0.1683510157219106	0.6655359893833893
0.16729016501913968	0.16886548232679854	0.6638443526540618
0.17087698491836473	0.16592757972917577	0.6631954353524596
0.16806626715790257	0.16974644592573343	0.6621872869163641
0.16745826439108968	0.16651136930260044	0.6660303663063101
0.17123144088430545	0.16598489798809954	0.6627836611275951
0.1653468906008781	0.1690250951615258	0.6656280142375963
0.1714625513724658	0.167870203510243	0.6606672451172914
0.16518406924669626	0.16893287036927618	0.6658830603840277
0.16703037816233465	0.1670204897743956	0.6659491320632698
0.1668001142716964	0.17095117281927436	0.6622487129090293
0.1713354346116409	0.17103521656107717	0.657629348827282
0.16669978792009083	0.1687887644008698	0.6645114476790395
0.1715556913109644	0.17026780446456347	0.6581765042244723
0.17022772042514595	0.167997349389851	0.6617749301850031
0.16507167996275662	0.16909619658775005	0.6658321234494935
0.17202780246436017	0.16825994712045295	0.659712250415187
0.17236125131741598	0.17068208580961317	0.656956662872971
0.17119965316591126	0.1693649069226143	0.6594354399114746
0.16520950239538146	0.1691859984313865	0.6656044991732322
0.1668314207511342	0.16674570969506558	0.6664228695538004
0.1656501995384932	0.16861923222197156	0.6657305682395354
0.1696306120964391	0.16963316204026546	0.6607362258632956
0.17170213764441822	0.16739068288266645	0.6609071794729154
0.17171191771776873	0.16976249011539515	0.6585255921668363
0.16894727328399267	0.1684633063395575	0.66258942037645
0.16495602925915132	0.1705405452219924	0.6645034255188564
0.17131449700204587	0.16671352411364493	0.6619719788843094
0.16741061038458793	0.16710683409538107	0.6654825555200311
0.17145987590174971	0.17058717579498767	0.6579529483032627
0.16840708935382176	0.16834789998478134	0.663245010661397
0.16816419999304394	0.1665972922657914	0.6652385077411648
0.17233523762692457	0.1689143769104438	0.6587503854626318
0.16963645740285527	0.16741978754605602	0.6629437550510888
0.16717982664392314	0.1706325351381591	0.6621876382179179
0.16754337456059107	0.17053250129102998	0.6619241241483791
0.17164786881640892	0.17006953348619475	0.6582825976973965
0.16499694253621355	0.17088157313544494	0.6641214843283416
0.1698541866195965	0.16961625710964842	0.6605295562707552
0.1708835974806226	0.16844930184419285	0.6606671006751847
0.1712086864964292	0.1659127283001705	0.6628785852034005
0.16811125869144414	0.16842798866968944	0.6634607526388665
0.16878304004276168	0.1686154429269891	0.6626015170302493
0.1652002653984259	0.16958551037091868	0.6652142242306556
0.17089368263936888	0.17057511179077758	0.6585312055698537
0.17087652247000923	0.1680166122707668	0.6611068652592241
0.16635320036242185	0.16667379902946394	0.6669730006081143
0.1668848729912629	0.16738327299539302	0.6657318540133441
0.16962138749065497	0.1704888195596406	0.6598897929497045
0.16769642821598965	0.16894130259040108	0.6633622691936094
0.1723772522572556	0.16999870013361737	0.6576240476091272
0.1654687133394077	0.17099735823496476	0.6635339284256276
0.1650596005772355	0.16973150141415486	0.6652088980086097
0.16623675477609173	0.17058372071064792	0.6631795245132605
0.16705162371296817	0.16834487093935802	0.664603505347674
0.16797149943943804	0.16685244523359372	0.6651760553269683
0.17235204959281983	0.17007516872928502	0.6575727816778953
0.1721398776210304	0.16647935073075265	0.6613807716482171
0.1703370280047173	0.16718786001729657	0.6624751119779861
0.16987523548225938	0.16596832031284198	0.6641564442048987
0.1704917323943734	0.1674535274144729	0.6620547401911538
0.16512702230831572	0.16599897377854128	0.6688740039131431
0.16653459715696034	0.17128058339869212	0.6621848194443476
0.16920185339814656	0.16683306530644307	0.6639650812954105
0.1686552051976021	0.17065375150163387	0.6606910433007642
0.1714332629167829	0.1692380524719841	0.6593286846112332
