0.15046764832860862	0.05715502345489486	0.2256158387590199	0.12222598407130711	0.036751150258543655	0.06448276963139891	0.2098539565674967	0.13344762892873005
0.1459215255888485	0.051465507720635226	0.20823314865552633	0.13022956588981696	0.06180189183470208	0.06615741892701404	0.2073011699424819	0.12888977144097472
0.14178253412185784	0.0603889654175786	0.24002036950121436	0.1242153853318849	0.0489498996377635	0.05501430367460158	0.20848301829653001	0.12114552401856893
0.14972224466206172	0.0631462587129932	0.210388440087308	0.1347174500177237	0.056977180195377564	0.04772041875088705	0.2082038461078889	0.12912416146575964
0.1777767470917459	0.04890392373858428	0.20892272199543427	0.12133499067023298	0.05046411624489938	0.04563014976441891	0.21942929434717115	0.12753805614751282
0.17290603203919447	0.05981231333080074	0.21490154113118154	0.1341822978569191	0.039065608282989384	0.06919980640373302	0.19906177215463228	0.1108706288005492
0.15620972852274223	0.062384273971520965	0.20432384554640382	0.1363362988147636	0.03940963397618771	0.0678820407667373	0.20009269290811635	0.13336148549352778
0.1483493263004624	0.056426323136892595	0.1924237456482046	0.12387523604283374	0.05473058371758342	0.06621308980133545	0.22269429844309904	0.13528739690958852
0.157286377020201	0.06338830300106177	0.1984797256502448	0.12963697915051736	0.0612393421918922	0.07385511321195337	0.1886219124379908	0.12749224733613848
0.15622932409345172	0.0547910800518667	0.20428161996742802	0.13715650975717758	0.0663490617684662	0.06955120300936331	0.18855697708545224	0.12308422426679397
0.17714101674248106	0.05931076263362897	0.19279386610987886	0.11791563817034827	0.06183915431008044	0.05035022046977815	0.21509202036245167	0.12555732120135232
0.16275899449058623	0.05255990814396322	0.19810084564887165	0.12483020269234252	0.03202886752875683	0.06413375491906415	0.22654930997317002	0.13903811660324517
0.1644649629564942	0.060513089788559696	0.2042829142573041	0.1280657945967399	0.05919971275857969	0.06224707943035758	0.20851746935694968	0.11270897685501496
0.16766141076972252	0.05407184146205905	0.2224682406477188	0.11770595304360318	0.036507315515974734	0.06977724425467549	0.192357497132514	0.13945049717373198
0.18116316047603445	0.05320599455968289	0.24052077093973967	0.11519058666726417	0.043711039927612855	0.054758620232871785	0.19906021959976383	0.11238960759703016
0.14459842234404194	0.058044304545307346	0.23511666138445897	0.13723845660781464	0.04898497227808213	0.04842038389957437	0.2192439666831817	0.10835283225753871
0.14429474234440687	0.065358999999474	0.22835669842807035	0.11624524902758326	0.03484126003229092	0.06990101522380479	0.20496655844577377	0.1360354764985958
0.1657724380154405	0.05606956937735112	0.20929583227129273	0.126903111842271	0.05189944753011265	0.049660039123161	0.22709736477091996	0.11330219706945079
0.15231731123938025	0.05738259779321969	0.24113907994083772	0.12574549166890162	0.0371996612114075	0.06106385652995691	0.2011879374113027	0.12396406420499341
0.15658179499146718	0.05427574528689903	0.20356611176827855	0.135102142548985	0.04527902421412196	0.05642888734260883	0.20148174508556504	0.14728454876207417
0.16298677094852176	0.05112835138184679	0.23399881902531494	0.13524907259267205	0.04364279493064724	0.06076532446143766	0.2042535095777055	0.10797535708185384
0.14286105719439623	0.05427867069505039	0.20811136439869005	0.13226460404740967	0.06723395315466571	0.06278388108319351	0.22179226470280378	0.1106742047237904
0.1632407732759266	0.058221740323256055	0.19720606917382966	0.11408990690677406	0.05880136254754517	0.05856935589072994	0.229148099903989	0.12072269197794933
0.16781233566482082	0.04949905229780306	0.21665672050768586	0.12559479391120737	0.059477188607198805	0.05704801794151951	0.19765851151970204	0.12625337955006227
0.16487896129864982	0.04917389366537388	0.21370493783091776	0.13619267233626486	0.03709355739288328	0.07474138729265008	0.20319458545209168	0.1210200047311684
0.15290239349821566	0.061524652489090684	0.22296784022687988	0.12810877489694977	0.05234070362360721	0.05982084639529797	0.2040801098883348	0.11825467898162385
0.16617080510082133	0.06395144209168685	0.24109693252136621	0.1318489562529236	0.04490417767694935	0.04755535706248676	0.1882181235821876	0.11625420571157807
0.15097175059803825	0.06509118334566244	0.198859722208414	0.11874496525046042	0.06033186528880477	0.07635940018657128	0.21618208069754508	0.1134590324245035
0.1398181152291741	0.05047688489761516	0.20845636910744442	0.11849707751113853	0.032668839861754895	0.07752074512578289	0.22394818261193145	0.14861378565515834
0.15124117813726104	0.05636138398208884	0.19617836732988667	0.12441508264629943	0.05560890876718795	0.07019682985547496	0.22210918487145603	0.12388906441034482
0.1566720328407516	0.05789475941905706	0.2134485751924387	0.127993633447607	0.0579709467783195	0.05788686368201734	0.21341350665994252	0.11471968197986608
0.1664491794507911	0.04939767884178553	0.21733404689258068	0.13163232840171257	0.043357886060114315	0.0568602834178146	0.20013040617764694	0.134838190757554
0.17869987590001252	0.05261336583015895	0.21696285821937417	0.11414722226544188	0.0513326416973071	0.07382841932290367	0.19053715067231708	0.12187846609248441
0.14285265591665583	0.049650865845918116	0.23251504647754767	0.11388805164261728	0.062072989793379746	0.04874675157343074	0.2111315303290555	0.13914210842139493
0.16365981023577114	0.05376651150540057	0.20106209187721547	0.12651742591984233	0.03945042712230737	0.06249663196275809	0.2094793629738173	0.1435677384028875
0.15113503636369183	0.0625946359281003	0.23442000105690391	0.13684948753387163	0.039510515361917145	0.06255237104307117	0.1932268009393798	0.11971115177306398
0.18082412879910037	0.0563009890955251	0.20558324559861893	0.12837974137004962	0.04932863737749031	0.04687093958790943	0.19760200941294034	0.13511030875836558
0.16015345616643017	0.062348539918159473	0.2158714059537995	0.13535680458527585	0.05790011439623191	0.06940472870003186	0.189969124008339	0.10899582627173193
0.17515209961985587	0.05377740083085346	0.21589779902378065	0.11498465754516188	0.05431025176531096	0.048911709046869103	0.18921864543658998	0.1477474367315779
0.15044726184534846	0.052184971481519266	0.2376281126901031	0.12768557248388807	0.0603185190182281	0.05404130079546231	0.20358627325710096	0.11410798842834953
0.14448928759294413	0.05979112847800991	0.20676721060297748	0.12601025157625373	0.037582464911844596	0.07806678253101032	0.22594461602695626	0.1213482582800034
0.1430481442703203	0.06419792790816087	0.231824435584163	0.12727026686254017	0.04387475009948265	0.0725242441925235	0.2049521467349843	0.112308084347825
0.15168605858923515	0.05120124668018805	0.22889561204166387	0.13429193229064748	0.0354305413782334	0.06951141226123594	0.19201770009984367	0.13696549665895225
0.15520081468596814	0.05788726446702662	0.20442269295978763	0.11413246526008353	0.05577633413402719	0.06835853085022381	0.2254194763612813	0.1188024212816015
0.15507005067491728	0.05633386888386532	0.19393546321339894	0.1257192936563962	0.06536926253796718	0.05420799170543389	0.2136490056972749	0.1357150636307461
0.17401012610197794	0.05461119531416628	0.23622559339220836	0.11884298123521787	0.03280328659097834	0.04808953898504002	0.20247627339271468	0.1329410049876963
0.16151548365424076	0.050208391415614076	0.1965648598757689	0.11452207610106309	0.0543265563811824	0.0752962473989987	0.23248604597454398	0.11508033919858783
0.1396353990868624	0.05033382112298132	0.2238538003958945	0.13325260231095712	0.06490021507856827	0.05562422350839143	0.19329888010661453	0.13910105838973014
0.16357050684826216	0.05066511570179921	0.2037327163082705	0.1214351242521934	0.06657227988956577	0.0515992174234218	0.21111196219152178	0.13131307738496514
0.175750595733089	0.06114483019670597	0.20394477180601298	0.12202366251173169	0.04214554540021284	0.06138657490028995	0.21761914212847167	0.11598487732348567
0.14528927863914903	0.06534572367096897	0.21132728468288492	0.13374482584173436	0.057413182911384836	0.046510058772045726	0.2313933772191509	0.10897626826268098
0.1427530716133828	0.060175838416876126	0.23475272806358802	0.12450256175228766	0.03396413975301976	0.060401997515866404	0.2084227478936581	0.13502691499132086
0.16547682570647385	0.051105533772375325	0.20491467978071212	0.13426142985198458	0.05070155051294391	0.06515062358584905	0.21455301720043468	0.11383633958922623
0.15940440295863928	0.05121648645122985	0.23107432115304616	0.11543083340406943	0.05716376258746993	0.0764145489882326	0.19608524682102807	0.11321039763628453
0.15182370726206526	0.05613490360215069	0.2256297828994843	0.1276139761404757	0.04021008817957654	0.05870458496342931	0.21529433736372988	0.12458861958908803
0.16087869456776133	0.0607140478824818	0.20211265408453596	0.12865790983354491	0.05959015041592	0.053711284493878284	0.227109854284812	0.10722540443706542
0.15129924442590492	0.05161542468648214	0.2324210621338163	0.1303635896675667	0.05296649675075081	0.04579026435567764	0.2228046522443668	0.1127392657354345
0.15030652422690335	0.06133478138330602	0.22365305365270294	0.1338289072946966	0.04696325653944396	0.06745618717933502	0.20425809888789814	0.11219919083571375
0.15905718223798396	0.05663779654265717	0.21325692487068748	0.12995186116437793	0.06421831515583977	0.054838912699557665	0.20572059750671956	0.1163184098221762
0.14278111040230257	0.05925689150263194	0.21244135658709562	0.11692582262505091	0.05049978219529391	0.07677330582584763	0.2223851290708524	0.11893660179092481
0.1688908622893533	0.05426155716568104	0.215367289753632	0.1259948226699046	0.040714723824508886	0.058372666681494975	0.19769544193487165	0.1387026356805533
0.16288404234930837	0.057086802703814665	0.21133004132606484	0.12034982854229476	0.03916517584023327	0.07228203992283745	0.19303677363052063	0.14386529568492581
0.1455661320784096	0.0522912981690699	0.2058210292078208	0.12113168474201094	0.055406344884099026	0.06398245035217559	0.21408715675117465	0.1417139038152392
0.14644371860174055	0.059856098069793445	0.22395434716485574	0.13422365957025637	0.037946278543227505	0.06249588580128086	0.21174790674486044	0.12333210550398484
0.14955838991006498	0.05478521845445969	0.1954528944704777	0.12803972465221947	0.060569596645369234	0.06550102733257315	0.19789164348917943	0.1482015050456561
0.17097493516471451	0.048981764814894566	0.22231339348788365	0.13086045039905053	0.06021840429443105	0.0660564066761453	0.19252070184102554	0.10807394332185452
0.17066355791443225	0.056258396595704516	0.19391761035864447	0.12084970120015995	0.06167934164023006	0.05596557341581959	0.21640982600804332	0.12425599286696555
0.16150880984937807	0.05729750669489693	0.22791017814783027	0.13324005680631354	0.050853751629296534	0.0587138485618363	0.19153135610236866	0.11894449220807947
0.14279466601079682	0.05745674905940361	0.22666542711128018	0.11991199192426828	0.052247796973163285	0.06590647563373822	0.20708945356535977	0.12792743972198953
0.14740875112693086	0.05195881552803727	0.2135636251861644	0.12225260934207119	0.06250515782945079	0.07721925356485859	0.2181240386807991	0.10696774874168752
0.17041989571157007	0.052304119948017605	0.20275116758007938	0.12654408803433254	0.0562046150120907	0.05067417946762871	0.19584771353356242	0.14525422071271835
0.14561956009438073	0.055768894535519156	0.21199241105546446	0.13205203170490043	0.04921012480775233	0.06723991539500979	0.21851968673599864	0.1195973756709742
0.16457735335605223	0.06302308315347312	0.21258045329303227	0.13458020533665654	0.03628680317229893	0.06163529108667963	0.21388362807947725	0.11343318252232984
0.1660050107855487	0.06145096093632384	0.20034339013903493	0.13404517743657585	0.037548130816229014	0.0638380308842639	0.21521304808138705	0.12155625092063649
0.1698847583889227	0.06380074369314823	0.21753772991226336	0.11891168378746776	0.05610170834150502	0.051599071067256655	0.20061204854598885	0.12155225626344718
0.17514284674953487	0.05548607997263463	0.2038638460622631	0.11786926426659858	0.0636739094840357	0.06279242240023028	0.20975174758403178	0.11141988348067079
0.14420652916667542	0.0641456255388629	0.227565862790085	0.12800156569310878	0.06028752748212281	0.06523531048388129	0.1933893752929615	0.11716820355230213
0.15200620267423207	0.05306293538058093	0.22843169915053163	0.13753468378578484	0.04053551232220047	0.06165508927147524	0.22055849386575985	0.10621538354943472
0.17252347910810414	0.05913525388044272	0.21541095372448146	0.1156531295317471	0.03552780641787094	0.05239440464345918	0.22891126949510401	0.12044370319879018
0.16160410844163614	0.05635502484383108	0.19518467345472043	0.12743608808376855	0.06653467524266453	0.05826608665359259	0.22355644177417353	0.11106290150561288
0.18122592186723963	0.04936326323404881	0.19204212681919328	0.1343340615417448	0.06212826950095786	0.046337990982662225	0.22222518543197173	0.11234318062218143
0.16339574188417022	0.050356770232986306	0.1950718086891169	0.1220982560992946	0.0640346480119793	0.04620967110904438	0.22040197706221376	0.13843112691119436
0.14291238328680866	0.06335833872837629	0.1969540622465783	0.1180674206069366	0.06646455877162494	0.06870563213645606	0.221337265643807	0.12220033857941191
0.14236083095314989	0.06254707319319247	0.20130002711537606	0.12288825801023413	0.05924262426590268	0.07463994140889552	0.2203658877988398	0.11665535725440919
0.16273939098403573	0.06372217464199989	0.2022378185937347	0.12782233908073606	0.04392765442166019	0.050015734274461945	0.2118866550402882	0.13764823296308307
0.17163555233673253	0.057918946180143926	0.20798369511531983	0.1162082163845101	0.04717909690378026	0.06623449690915253	0.20506857826387814	0.12777141790648247
0.16302197241348992	0.0644963656134358	0.22376319620889962	0.12125891929440377	0.03836493435343459	0.05070061124337334	0.19995526895279653	0.13843873192016615
0.1514519042936949	0.0561972467721705	0.23047259200708603	0.12246385812621144	0.04071878820171225	0.0660647893089811	0.20223402399478413	0.13039679729535947
0.17594419432434386	0.06038435109199776	0.1947867617447932	0.12690361396935793	0.060485576569267105	0.049478453962590166	0.20133553106214175	0.13068151727550806
0.1648468158344173	0.05808935897135452	0.2422776024097117	0.1150299694800842	0.035923287134070364	0.05431004544327603	0.21206314041034335	0.11745978031674231
0.154806675898536	0.054461547864111934	0.2191370057837588	0.1249796925040321	0.04826300720445888	0.06790504352595783	0.18951081337557452	0.1409362138435697
0.16260076906684606	0.056553214064973725	0.20900771662172868	0.1343240233150282	0.048169418166131225	0.04898533254743852	0.2293880070695692	0.11097151914828417
0.17037087406872758	0.06367070714113597	0.20938266424655463	0.11470332858792238	0.047054561371132536	0.04956920707146087	0.22382216221518655	0.12142649529787924
0.1442963318098868	0.05114178769955689	0.23082545185871375	0.1281929994903854	0.06734004973624552	0.04978215568382485	0.2165230218483084	0.11189820187307817
0.16793884407518814	0.05439599428206879	0.22419022714897252	0.11609082577645129	0.05066886331530959	0.05983868993979233	0.1948615677504819	0.1320149877117352
0.1668791201860735	0.06065076133567893	0.21282022509957457	0.13526640780421728	0.033672308096138595	0.045838990026597484	0.19975727224510764	0.1451149152066117
0.14516721674688313	0.06325853831791702	0.22976527300121014	0.1231285419707324	0.054306624030869735	0.05226108947237873	0.20603366987051192	0.12607904658949667
0.1554985918576672	0.05807555224229245	0.24051873338415614	0.13003748747714905	0.05026092083211678	0.04656688088113711	0.20219367827254897	0.11684815505293204
0.1572741081079321	0.05699642740103869	0.22702777196396	0.1348552805073175	0.058092687411241364	0.06045120489489349	0.18920533675408122	0.11609718295953543
0.1534698898505511	0.06383854904234054	0.21326417967407543	0.11775837009778824	0.06489228893488397	0.0750745858223148	0.1924415652792631	0.11926057129878259
0.14773543871630296	0.062367980110075424	0.23234728056594206	0.11433968296415806	0.04025171269367167	0.06125287957816811	0.22039528346000903	0.12130974191167243
0.1478680941997451	0.0549445855471655	0.20693106470272138	0.13724466130151605	0.047069233898732105	0.060528850100850046	0.20433550233863615	0.14107800791063346
0.17709241028458766	0.05856182328119823	0.1960666900006239	0.13545122474840177	0.03261296017797996	0.07008744370592038	0.22271680496049215	0.10741064284079563
0.1816690356018281	0.05465701103714994	0.20991391501452816	0.11628080708223537	0.03739703231534064	0.048772358137762886	0.21446648737012725	0.1368433534410274
0.16939591796528725	0.06409168489439482	0.20091605887384006	0.12600116247993332	0.04118567123666929	0.05010233548713133	0.20553664826167972	0.14277052080106395
0.15580647118155133	0.05995488621398119	0.20154745730945062	0.12061473168446482	0.06298899027475749	0.07688995179886605	0.20623437024378277	0.11596314129314551
0.16562148712771102	0.05349708680160217	0.23559791756909945	0.13563266825160514	0.04080966093317573	0.05415640923168086	0.18901557008001377	0.12566920000511161
0.1726829350028765	0.061496194733954165	0.2230001685605169	0.121162390233529	0.049678922716114196	0.04707491546682238	0.2120996534387214	0.11280481984746527
0.16900933698757115	0.05731185954491198	0.21197540105113755	0.12052440423010909	0.04031879708029072	0.0542759553490455	0.2110780029899848	0.13550624276694898
0.1614475358571745	0.0558009976426283	0.22951335887826718	0.11887609632931619	0.03327897613026799	0.060342619042699275	0.23085758234147685	0.10988283377816943
0.1576323103557093	0.0542527754019525	0.21588601242064898	0.12688754324420337	0.039889920553510705	0.04603347731099709	0.2146223348713174	0.14479562584166036
0.13980455194654992	0.05401113445187643	0.21457740194085256	0.12193244328166444	0.0675265806726296	0.07647512941416623	0.18770358265074089	0.13796917564151975
0.17266210989375114	0.056589430366566745	0.21694627611923345	0.11559087138004663	0.03369149971335028	0.04615224628796252	0.21692832817294078	0.14143923806614825
0.14600793421606426	0.052014313338469384	0.2066930931362459	0.13319829878103923	0.03323693761948476	0.06932547764617683	0.2269525744947488	0.1325713707677707
0.14919562430794064	0.05488684050404555	0.20282164830387714	0.13365213856756042	0.04835986576074858	0.07790298915727517	0.2021309269687463	0.13104996642980596
0.1502274084759493	0.06099123642166944	0.196909280464831	0.11756333335579822	0.06217818934159054	0.06155370563609237	0.209726228672639	0.14085061763142998
0.17247640373409656	0.06476777878993092	0.19337331971924412	0.12645965856374725	0.04780663567648173	0.05043131258519637	0.22891196825686153	0.11577292267444125
0.18096012452224147	0.06263408153982637	0.20467665145137537	0.1159873869554434	0.042487781379344766	0.06298829508861344	0.20150311065458953	0.1287625684085654
0.17831855907011873	0.0527669621747124	0.20666995681431882	0.1332235055369225	0.056881682191364344	0.04578481461896332	0.2039050230512679	0.1224494965423318
0.14945276831405446	0.05934567534496345	0.21646341093643465	0.12614507918557602	0.041474393217484015	0.07110670478521806	0.19053695974428767	0.1454750084719815
0.1671816475203675	0.05155197578978059	0.23937166310947272	0.12789050088833848	0.03566555576077017	0.060364890498004725	0.18803696454360472	0.1299368018896609
0.16416995457916922	0.06211022736654859	0.2136367856280159	0.12124722190457707	0.05220634053046724	0.06254942709812836	0.19540642037809786	0.1286736225149955
0.13938561483701592	0.06132126973591162	0.20332198945137192	0.1341595348739747	0.03576046167756673	0.07759950514454433	0.21553979376585586	0.13291183051375868
0.16435487457770698	0.054542304339087855	0.22116723985299425	0.12108800033718904	0.05095325053346336	0.06465412550382343	0.20213465593799293	0.12110554891774195
0.1526024827090529	0.06054727997030507	0.2160797199686047	0.12325861925447075	0.05214070545518909	0.05291070600281188	0.19796291871035604	0.14449756792920926
0.14808089530565216	0.05700833486256977	0.21233955291683274	0.13138033407009242	0.05357947494329193	0.05662422136012282	0.19430282225839224	0.14668436428304568
0.14324440163500604	0.05668902605225454	0.2206651582570315	0.11770801278777537	0.06190019517187381	0.06140848796886739	0.20712852488514416	0.13125619324204693
0.14435110313020388	0.04944782900739851	0.2068237452112054	0.1365378688957877	0.03250858700706109	0.07568556372368641	0.2107474862829849	0.14389781674167196
0.1799561705461628	0.0495876993683395	0.21674332419895764	0.12586106992135734	0.04672755391642516	0.07186064709436327	0.20050288969794947	0.10876064525644458
0.16802780833868602	0.06159345900936333	0.23319952067372585	0.12259720380460004	0.042867161270659426	0.04652536997840194	0.20726984021381112	0.11791963671075209
0.1485295092246094	0.05848740587240785	0.21066577092923433	0.12187226032040874	0.05225702933331122	0.07385307765057315	0.22770334840682058	0.10663159826263449
0.1481893594171683	0.053987931750343665	0.22722836015591574	0.12827858510335632	0.06306519645091735	0.046170519155410567	0.21597712431322721	0.11710292365366057
0.17936639360735168	0.050697718396315775	0.22618445641251952	0.12487443702072401	0.05300456520055491	0.0560759658011107	0.20023831660382796	0.10955814695759526
0.1717740548129933	0.05341846754919513	0.21119189196656377	0.1210058450325062	0.037441516178386564	0.07033453751031685	0.1903675298305213	0.14446615711951666
0.16015993627764158	0.05132734044272372	0.20380876838969075	0.1263995388033272	0.06184172110536053	0.04551267324128812	0.22368992664924037	0.1272600950907275
0.1597171227372471	0.04892727279623192	0.2297349724363712	0.137715846977844	0.04312829534293251	0.057667372439620085	0.19278971920745602	0.1303193980622969
0.17214200535591231	0.05308385260511175	0.20418168283285978	0.11858846521613997	0.05501873941179106	0.0469018563473603	0.21761783605447602	0.13246556217634858
0.18112707407738568	0.0508712061097025	0.21181462648261853	0.13492683462757168	0.06356003509930261	0.04727961151851423	0.20341349465274725	0.10700711743215735
0.16332116078853753	0.06272735150511999	0.19447394179463126	0.12409600788055476	0.03642415338474586	0.06801144606324253	0.21288338953323493	0.13806254904993293
0.1486077868217419	0.061225059950545946	0.22970011975018664	0.1159824315197147	0.048149541225920425	0.06962212711374285	0.1987752920743978	0.1279376415437495
0.1603717797090369	0.05798028460451449	0.2225809640219562	0.12463341840494692	0.03285285140842531	0.06596930471422158	0.2122201982643162	0.12339119887258211
0.14505293909245712	0.06515871403997568	0.2029279106818949	0.11954004863705886	0.06233080612125609	0.047122606719788795	0.23211282583036916	0.12575414887719918
0.17791451547905976	0.06466710152424185	0.23296136544840151	0.12526528101494483	0.034816175579273384	0.05673960633042367	0.1962620131969659	0.1113739414266889
0.16317303272886408	0.05367665815812586	0.21659828311630552	0.13562870668143365	0.04480186582413562	0.04970763735376514	0.2159814617908015	0.12043235434656835
0.1519907262272595	0.05816028459796099	0.23000542118751	0.13154846792035577	0.04502528327082836	0.04966952228406389	0.19596213744744725	0.137638157064574
0.15595497869424363	0.05712181412682191	0.21701583705292868	0.11685495076518618	0.053335143997994175	0.05956730173073321	0.2223849637980774	0.1177650098340146
0.1557185621529587	0.06420369857036498	0.1978333498528092	0.11685787051280955	0.05195169821646582	0.051976973921271166	0.22211059095441749	0.1393472558189029
0.1525420574949041	0.06233134973080491	0.2146932464259564	0.11376458591916826	0.06359277926189075	0.06308107009791095	0.2100294268794794	0.11996548418988501
0.1572176376910866	0.05132404209273858	0.21122703617430896	0.12407215229250523	0.04289073445734504	0.07639509905403605	0.19026380095230222	0.14660949728567707
0.1481414102557509	0.054684719688064404	0.2108725043201763	0.12876995551096934	0.0543677197643162	0.07082119720217386	0.22465544142346722	0.1076870518350816
0.14944523947138483	0.052881634566670915	0.22067798075517137	0.12369739310755463	0.05032585928923311	0.06542070287851269	0.23180652389851836	0.10574466603295382
0.1674108798700436	0.05083471109473697	0.20841242052970288	0.12273464880403295	0.04839033927476337	0.05988978765225619	0.19327551520501504	0.1490516975694487
0.14007710994444583	0.05827722732572499	0.23529002889306716	0.12733363854312688	0.046693110235714125	0.057693774651266794	0.19701893691100064	0.13761617349565333
0.16335551403371706	0.060607755865027826	0.21961940508968336	0.12158430345494153	0.05501229203171988	0.0528308634284789	0.19458416191454586	0.1324057041818853
0.14870851069126706	0.05435715001206881	0.19799744633068533	0.13718360863033469	0.05781991638289492	0.06629317518168706	0.22958047842360924	0.10805971434745265
0.15206085078827655	0.06419074879958372	0.1976448444661108	0.12184369030844551	0.03256913667416568	0.07252565198565941	0.22432300213795303	0.13484207483980507
0.15416222787522843	0.06410500289464878	0.19552411595362146	0.13476722618693748	0.04996831303711305	0.05060421402284303	0.22555355745054206	0.1253153425790655
0.14304546820158393	0.05018912204684327	0.23321892485201423	0.12550293835523008	0.05752203995266754	0.06666122326832466	0.1993460715421166	0.12451421178121952
0.15233586590903161	0.05751950812328914	0.19877272075655736	0.12896499981894088	0.04924467178979336	0.06683571375274665	0.2289572314072541	0.11736928844238663
0.16124270807266253	0.06104966532999895	0.19498388130778954	0.12622588367254026	0.05536946088782292	0.07176491980540656	0.21808960804082644	0.11127387288295254
0.17517645022032124	0.05936068250629639	0.2039954991940755	0.12021676655433938	0.03345991845349658	0.07684495625358925	0.20334438229888538	0.12760134451899605
0.14279287145871697	0.06427773871532053	0.21809813909988793	0.11682311803991569	0.061620851116274994	0.06665198211601381	0.2092034882669622	0.12053181118690766
0.16304737235581615	0.06481114825802303	0.2023304729537156	0.1213089091004219	0.05610217820331452	0.06037723917719545	0.2061194563236874	0.12590322362782577
0.1407575998430021	0.05405160624555233	0.23494993309938175	0.11613980860203453	0.0664974551225037	0.04667350891655403	0.19735650866120108	0.14357357950977023
0.1561870535975628	0.05366518543306582	0.21388394283989576	0.11740799207018808	0.05753007017317649	0.05883932859490584	0.21442179597820676	0.12806463131299828
0.16923873640722115	0.053290047449495975	0.24085509412592698	0.11536529014494355	0.04872869102579522	0.04691162620715225	0.195798264374782	0.1298122502646826
0.14540415523682643	0.0614667158042765	0.21216173531345597	0.11862935580435234	0.04584350688494308	0.07339096231537788	0.23069236550281846	0.11241120313794911
0.15689125688120942	0.06389076801735175	0.22350928869979458	0.13607473519392654	0.053356855145865426	0.04576536435106569	0.20339439157987332	0.11711734013091307
0.14160850322809562	0.05129692471731079	0.2123382876567336	0.12368835408562977	0.0419350201248561	0.057058133415426315	0.22473155678973722	0.1473432199822104
0.181066853508337	0.05078111482321572	0.20329638066957897	0.12063127217840669	0.05728556406137317	0.05454624308468044	0.21946483006337586	0.11292774161103192
0.15032620856794848	0.05590724583590942	0.21153517825378487	0.13581487807040757	0.03616276405055273	0.07600490166405431	0.19940415287954094	0.13484467067780148
0.180699494985183	0.052508507525941495	0.2182344451447456	0.11515567093016948	0.04942342040148322	0.066705133321442	0.2061302540476314	0.1111430736434036
0.18136301055601048	0.054196514451663555	0.1997454036013564	0.12965586699565104	0.0626176699252145	0.06434969770594917	0.19727824087489004	0.1107935958892646
0.14081284680860073	0.06063461037996283	0.2037691468141553	0.13722795656593426	0.050511629260284935	0.04847810764361951	0.21413452981020878	0.1444311727172335
0.15982862722265925	0.06538858700275288	0.21338757546096943	0.11893555682131719	0.03684275078457365	0.05752233431584099	0.21426467103460678	0.1338298973572796
0.1399586175958374	0.053834199985407005	0.19658601267049627	0.1348008801163984	0.05098729871004429	0.07523709192540205	0.21226104129699513	0.13633485769941925
0.1671105554031318	0.049224419293032964	0.22050177717349717	0.11834040562886229	0.055116627266056026	0.07246665545074447	0.206114086705377	0.11112547307929804
0.15739374024461666	0.05227264345786434	0.21585916260649002	0.11747630842791229	0.05155374957130823	0.04666642093594242	0.22158041888846958	0.13719755586739618
0.15253203986877736	0.0627891535451324	0.19326902651515165	0.12249455774024796	0.059609306511522325	0.06363222216054051	0.20025928032580625	0.14541441333282132
0.14348035049319066	0.05338804889061771	0.24127626797408191	0.11543101227500648	0.06543015751364684	0.06544705501631817	0.20322822342626612	0.11231888441087183
0.16687437292260396	0.06058380105489504	0.209978947590495	0.12015365286274926	0.03734512928081539	0.07620877082232294	0.2027836532540027	0.12607167221211546
0.1422172281453471	0.05085850511042972	0.2352669649556286	0.13577902134987604	0.04551971435423363	0.07398230497722164	0.20795778821600472	0.10841847289125839
0.1508760709409709	0.050474453371353104	0.22969546529255352	0.13039709215528666	0.04147111704109592	0.06273807222505691	0.21180240379758347	0.1225453251760993
0.1407161545831769	0.05659684004508243	0.2310424132146852	0.1249097631088446	0.044551537348098386	0.06616349781218445	0.196114699705811	0.13990509418211688
0.16673229672502551	0.06515162353194737	0.19698338150277733	0.12265593451584102	0.04826898685118172	0.061833776921197986	0.21745333308834347	0.12092066686368533
0.17314615461445948	0.05227794853755373	0.21390034632467503	0.12411347480176847	0.05233493847617961	0.0581276802934791	0.19866861995033566	0.12743083700154867
0.1820810956475449	0.06383205414923497	0.23945696393324156	0.12667268216904773	0.03357240697602501	0.04578534203389813	0.19802076726005238	0.11057868783095506
0.17825448561633594	0.06349146133837813	0.20183521079174477	0.11842512343866127	0.045397802994423544	0.06291684900885006	0.20276563240218948	0.12691343440941663
0.17239935685764726	0.05169334231189096	0.1939894119520384	0.13035554827819595	0.04061853262416133	0.0750938853325499	0.1938130102079062	0.1420369124356097
0.17593702996517258	0.05732357439104521	0.20801618900869484	0.13137514141052078	0.05413453188469479	0.04589259335881564	0.22077569404647351	0.10654524593458244
0.14149831698252013	0.05846851126450239	0.21378934088373858	0.12045068929067593	0.0510266632053611	0.05247160631655902	0.219206377345569	0.14308849471107363
0.1557120899881077	0.05432465401574864	0.23752453413004268	0.13280861337138714	0.037206560107848216	0.05096434010117931	0.2197950207457647	0.11166418753992145
0.1721710986123747	0.05377337174923581	0.20466567559595078	0.12566173891343374	0.061110251401496354	0.05875016531033035	0.20384925830651252	0.1200184401106656
0.16585527528922983	0.059120206233957334	0.20979722360825678	0.12454447627751784	0.0357871844096955	0.07575086874337383	0.21334425105107413	0.11580051438689451
0.16194108099814453	0.05401186614679443	0.21646233169329818	0.1286340812803523	0.03882581520773527	0.06689906666796319	0.21161354365863627	0.12161221434707557
0.13989383440351422	0.053159605896879986	0.22969621844490795	0.13219964326275369	0.04251856259225012	0.06224759544070335	0.19390918002428648	0.14637535993470394
0.16860729464608984	0.049687492152651294	0.22045827052183897	0.1281863858143146	0.03391907836189283	0.05501587460054776	0.1993881414478439	0.1447374624548206
0.15627775545554767	0.05736965753541662	0.2307410056651682	0.12081031413804695	0.038069229224852105	0.05635928671010276	0.20723959445244583	0.1331331568184196
0.16873398295687142	0.0648444545181725	0.21348615903764856	0.11920161103238427	0.0469546803907452	0.06558805646596785	0.21392486680923234	0.10726618878897763
0.1481208299844238	0.05891528469283648	0.21107759092169293	0.1376040546591312	0.04380566715528865	0.07535664775054209	0.21015820860657974	0.1149617162295049
0.15236400997091198	0.05633170641652788	0.22316294283405072	0.1273432980344263	0.06173111820449795	0.04980715919017771	0.19770261455621885	0.13155715079318842
0.14547231388129198	0.059609498761344304	0.22474265555956713	0.11951155785611392	0.045746720427235016	0.047500863326998405	0.20788528789924676	0.1495311022882023
0.15441725250969524	0.06463680275571118	0.21318309259295296	0.11729750912314138	0.052112971388995816	0.04826902442893756	0.2133877226091777	0.13669562459138793
0.18120034124342868	0.049441075532119294	0.2162462821458503	0.1258238250873661	0.04335195683140093	0.06348820911303023	0.21306134108001326	0.10738696896679092
0.16942697081932326	0.057767053109818126	0.19502680849634596	0.11633352444436641	0.06607432850584374	0.059066251778986875	0.2068820167258088	0.12942304611950653
0.1643113524002834	0.06433224867324033	0.23785922455493536	0.11602206440140937	0.04100012715005731	0.04758658099537799	0.20888509698176932	0.12000330484292669
0.1442961533522829	0.052542681686159345	0.2018616519112923	0.13609971286649614	0.03494993177082431	0.0724640436299361	0.2275813018482018	0.1302045229348069
0.14411464314771857	0.06485005200838367	0.23830840954503302	0.1226378826780405	0.060316108289163645	0.06508468090176642	0.19071899663394998	0.11396922679594398
0.14517264788984285	0.061983784521387045	0.22996288599550513	0.12011991658330354	0.056372311855494864	0.05480777930014606	0.2244660536729815	0.10711462018133874
0.1420251214603614	0.05459122062397033	0.20611115272174313	0.1288430266643997	0.0425395776410543	0.07600494238455704	0.2116042129146254	0.13828074558928852
0.1526717764267318	0.049936953501397555	0.20204385419764948	0.12867160367983002	0.04508505044545037	0.05933706161746456	0.2272477426149354	0.13500595751654065
0.15376089600162718	0.055693137325818626	0.19292196151748808	0.1271786345999579	0.06469399781875254	0.05538137665967782	0.2221638605801994	0.12820613549647816
0.14818878225315796	0.06120727509387397	0.21186999366755158	0.1244244477661796	0.05212439916261495	0.058437770035771455	0.19875017660289568	0.14499715541795452
0.14727915595547406	0.052081808911774635	0.23021769652319765	0.12112778119317029	0.05946111046971461	0.05151925770415938	0.1953309699330409	0.14298221930946822
0.16649613047759748	0.05584990459288636	0.1920735112845366	0.1365982474013674	0.05292978151952343	0.0626783305132181	0.21273881669647626	0.1206352775143942
0.1487925349938738	0.04938855824645655	0.22881031951404354	0.12975984085408301	0.04054744621226336	0.05623359238621976	0.2120313916257135	0.13443631616734628
0.17498654924025453	0.06203733467844183	0.20385743928757452	0.12052257121388214	0.06186972361653581	0.046961469714348794	0.18816216109659295	0.14160275115236923
0.16466626333110107	0.049537503343839634	0.21406713258185894	0.1297817660935202	0.038093650457451736	0.057673275339415755	0.22900103045736236	0.11717937839545005
0.15531652856625566	0.05929300581683265	0.21908425755255223	0.1215504933320501	0.03760904046016228	0.06416774552907412	0.21618483316795817	0.1267940955751146
0.1745597047361407	0.049674254575495375	0.1983233260418082	0.11722366313943931	0.04830622039921195	0.059256777233723745	0.2302743964099872	0.1223816574641933
0.17699084472965682	0.057294829156733645	0.20563761137724923	0.12441909360784703	0.04406059680371924	0.06951213018435262	0.1880746594496424	0.13401023469079876
0.1806625905013734	0.0607903573439528	0.1930250901020769	0.11552191326555655	0.04570204783053361	0.06581901769559101	0.22588777722405026	0.11259120603686518
0.17716748826531786	0.05423643629332889	0.2136700212364347	0.1250431804064219	0.04087187592397239	0.06347477544733321	0.2192409553184969	0.10629526710869394
0.17106071569629808	0.05687488568496518	0.2115351442998762	0.12487866497443151	0.06252292085991706	0.07659360432638787	0.18894920643412827	0.10758485772399566
0.14746367149800105	0.05088596818408739	0.21958105455385013	0.1303190424449277	0.044640180300407215	0.06885792813168737	0.2311009598389981	0.10715119504804084
0.15997055644859326	0.055285013325063526	0.19857321623139812	0.12050776914842797	0.059927366463868745	0.04771067415984971	0.22358644109862635	0.13443896312417206
0.15716811402647327	0.05644450644990147	0.22334341272316388	0.12390223443886027	0.034634533395748346	0.06916011274655744	0.21515219892488868	0.1201948872944064
0.1673352281637015	0.06269317262352345	0.19248971199225	0.12435555987128873	0.06637502241643957	0.05615365258886135	0.2129850921458006	0.11761256019813457
0.14408309215956444	0.06312293708961345	0.20901215996060013	0.11871195777585133	0.03324232511296965	0.05848963556950863	0.2270698659032419	0.14626802642865022
0.15784147938134035	0.05186357001003111	0.19830791173030715	0.13170544278142146	0.05937386853485657	0.04592671581499534	0.21533174527095456	0.13964926647609324
0.15669722358279178	0.05980645833400994	0.19640589633803313	0.12187040035589006	0.06365512816619885	0.06442037476045133	0.19644927658840797	0.14069524187421673
0.17421900146343525	0.05769261793819602	0.21764576085230042	0.1374573437917319	0.041862078925605437	0.05816889843485806	0.19905449286933086	0.11389980572454178
0.15184268426568207	0.05121466701966934	0.2014069472233844	0.12481583645618956	0.0604613852344808	0.04686290061654337	0.22347235537928795	0.13992322380476224
0.17496929545303494	0.053339837525460565	0.19451041655934895	0.12046587750731745	0.059848009899632404	0.06630020458738167	0.19055461846332128	0.14001174000450248
0.1394095865527172	0.05733224372546408	0.21771697020173858	0.13642230235065256	0.06683114834229893	0.0641465544190626	0.1953349586406011	0.1228062357674647
0.16716791347974733	0.058238162470358124	0.20863652310593606	0.11986535699599805	0.04779849095555838	0.06455994640567839	0.1934089553293098	0.1403246512574136
0.15045845316111092	0.06344144253637446	0.2205356457729339	0.1299609010040724	0.0389432197142555	0.046291847818829335	0.21366399356389504	0.13670449642852825
0.14559569705885544	0.0535894777814406	0.21069290747021502	0.11819276548595548	0.05356548902677635	0.07627503746916232	0.21330751820384056	0.128781107503754
0.16495154949967306	0.06183013374747427	0.20647763204578903	0.11542980979676201	0.05799422152549946	0.06552191595391033	0.21141698761305705	0.11637774981783455
0.17479691953324772	0.04904934289715081	0.23354328088529236	0.13409337460307805	0.04469010629961079	0.05282534722306263	0.20482647810829524	0.10617515045026221
0.17778548136254696	0.05604120661228035	0.2027650510653206	0.1247163530785435	0.05964337387847346	0.04646716876207552	0.22104276507995407	0.11153860016080538
0.1514433569592583	0.05118421026741542	0.2218440671041752	0.13265377183706648	0.04923761151389394	0.06520454413339526	0.20148397373890176	0.12694846444589342
0.1514936073717663	0.04901134859198017	0.22742888993715965	0.13271734518417644	0.046892235614804864	0.05897720287470859	0.2115191736195463	0.12196019680585746
0.15137191912632492	0.04920846016721722	0.2079943562897033	0.13651979948746648	0.043565960420386574	0.05373616020906227	0.21306095449220058	0.14454238980763845
0.14307979491687367	0.0650902878225629	0.2045654516477977	0.12625997555284774	0.05432241638304741	0.04992674955760147	0.21928438313831516	0.1374709409809536
0.1563228118196817	0.06162862267502854	0.19302202928134293	0.1353410184104349	0.04356120245117233	0.06177843734342943	0.22006262587167016	0.12828325214723973
0.1777022931487065	0.06536100457604521	0.19642264800616394	0.11752571778108055	0.05340999010172408	0.05036336280577686	0.21442432601312827	0.12479065756737436
0.1748438358065954	0.05978596612302044	0.20575261781904225	0.1137904463034281	0.051333245178519796	0.062324171355493924	0.2138150041963658	0.11835471321753402
0.165388791468097	0.062164290379008544	0.22123982549605498	0.11662335109170698	0.05069171520659571	0.06885401026024619	0.20074737699846362	0.11429063909982676
0.1393732133323699	0.058869137795182394	0.22133192586185538	0.13179750864775708	0.06254290979757648	0.06175438819951273	0.21358171868865555	0.11074919767709025
0.16973492785361838	0.05522300139666292	0.1981543870619591	0.11760800324602633	0.05133309796094622	0.06791751413477592	0.20725668138170372	0.13277238696430715
