0.15552562122073768	0.3827617122398953	0.46171266653936716
0.15229879044567485	0.38525118492086663	0.46245002463345863
0.15365842853910788	0.38260638195265656	0.46373518950823567
0.15314619758532444	0.3838205781849841	0.46303322422969156
0.15365138968113756	0.38307147430448224	0.46327713601438025
0.15219377292528963	0.3853725391340949	0.46243368794061557
0.15402203571674067	0.38419921103846333	0.4617787532447961
0.15317740289063758	0.3833828324105568	0.4634397646988057
0.15459873859574086	0.3825186937819091	0.46288256762235014
0.1525625173113463	0.3849316016739294	0.46250588101472445
0.1551216581619267	0.3816720419748792	0.4632062998631942
0.15459947003206856	0.38200831930391355	0.46339221066401803
0.15623217078814364	0.3815049085974683	0.46226292061438823
0.15263485026917878	0.38399082023089937	0.46337432949992197
0.15520967908409017	0.3808395189781896	0.4639508019377203
0.15551911707774047	0.3809966312437908	0.46348425167846885
0.15338953384859294	0.38307641222844024	0.463534053922967
0.1561023602934634	0.38156406533126824	0.46233357437526845
0.1554868091461351	0.380715298399922	0.463797892453943
0.15432531371454114	0.38067195119933517	0.4650027350861238
0.15255940474681323	0.38424666211391073	0.46319393313927615
0.15561330227159548	0.3806557209577662	0.46373097677063846
0.15420826331195794	0.38260536306435367	0.46318637362368853
0.15493592624175878	0.38276839831016973	0.4622956754480716
0.1553734670933342	0.381092863106227	0.4635336698004389
0.15523789477262737	0.3816429725475934	0.4631191326797794
0.15589180028064736	0.3830564149325963	0.46105178478675646
0.1547193343314482	0.38296977631697726	0.4623108893515747
0.15234731173440766	0.382990836375894	0.46466185188969844
0.15565889114169867	0.3821726279385739	0.4621684809197275
0.1522138663012077	0.38440905476399556	0.46337707893479685
0.15373507043096996	0.38389327613134505	0.4623716534376851
0.15407215390828577	0.38367562926013227	0.46225221683158213
0.15404784694255408	0.38221995399293607	0.46373219906450996
0.15533087706966164	0.3819216220858077	0.46274750084453076
0.15639403333866866	0.38156588108409106	0.4620400855772404
0.15529774109436936	0.3820274847992408	0.46267477410638996
0.15361750084399556	0.38319503985047926	0.4631874593055253
0.1550753811484799	0.3813382258899078	0.4635863929616124
0.15346229482084342	0.3847199513312125	0.4618177538479442
0.1533818832187986	0.38365903929830314	0.46295907748289833
0.15443712932918618	0.3838857092500554	0.46167716142075854
0.15307809212057352	0.3847491488500678	0.46217275902935884
0.1549007752867697	0.3835184878899695	0.46158073682326095
0.15264607732955116	0.3846768413054461	0.46267708136500285
0.15506332426876274	0.3813651676152825	0.4635715081159548
0.15227607739084822	0.3834006199432885	0.4643233026658634
0.15418214988123263	0.3824747668026241	0.4633430833161434
0.15460944467682555	0.38458889592594203	0.4608016593972325
0.1549609974146966	0.3804885536906772	0.4645504488946263
0.15237742510237345	0.3829810754984728	0.4646414993991539
0.15242830449790074	0.38331618352384783	0.46425551197825154
0.15457361035390424	0.3815788663345998	0.46384752331149603
0.15354970362619935	0.38403850034497455	0.4624117960288262
0.15449435556963487	0.38329762545906304	0.46220801897130226
0.15275509585339436	0.38540683842258866	0.4618380657240171
0.15468372372863906	0.3827063791159852	0.4626098971553759
0.1547648517959921	0.38275794320457407	0.46247720499943396
0.15386702813286274	0.3847653034127173	0.46136766845442007
0.15353787343034697	0.38158377465843946	0.4648783519112137
0.15546557791270343	0.38255299578623764	0.46198142630105904
0.1531710053864026	0.38480153222956015	0.46202746238403736
0.15270934316063903	0.38279274681468695	0.46449791002467417
0.15598903722646218	0.38137784513378775	0.46263311763975024
0.15442889564500856	0.38404235531630415	0.4615287490386874
0.15589647248580088	0.3814424056230077	0.4626611218911916
0.1534295887712594	0.3816301336432595	0.46494027758548123
0.1541208762479851	0.3819643506129782	0.46391477313903684
0.15622998066323296	0.3829104768742345	0.46085954246253263
0.15616281075033522	0.38302373901672637	0.4608134502329385
0.1543695344593286	0.38319884696591117	0.46243161857476034
0.15553506228143527	0.381639231490456	0.46282570622810887
0.15370929643017717	0.38296251320865404	0.46332819036116896
0.15236748061155153	0.3831040621717927	0.4645284572166559
0.15367901978303825	0.3848935334934503	0.46142744672351155
0.15266718272913277	0.3823881854683097	0.46494463180255763
0.15578146743899968	0.3820601166936017	0.46215841586739875
0.1544476578738242	0.3826935747499728	0.46285876737620313
0.1553397706888237	0.3817031610663235	0.46295706824485294
0.1549213234454627	0.38313433097194755	0.4619443455825899
0.1547692508024684	0.3810648788717791	0.4641658703257526
0.15536405477234144	0.38207691938478583	0.4625590258428729
0.1533198050334193	0.3819889401387407	0.46469125482784013
0.15382226374343042	0.38350616363197365	0.462671572624596
0.15438646192147792	0.38097267001512575	0.46464086806339644
0.15382685327164686	0.3849060850320455	0.4612670616963077
0.15235792628860334	0.3826364716121379	0.4650056020992589
0.15456314558497025	0.38095009413675923	0.4644867602782706
0.15321068978840818	0.38383110253226643	0.4629582076793255
0.1535080508385976	0.38407012264004275	0.46242182652135977
0.15261737369481881	0.38341928375963596	0.46396334254554533
0.15303643707289444	0.3829508319771957	0.46401273094990997
0.1532792284760917	0.3846825271285723	0.46203824439533614
0.15532110057607298	0.3820072843368353	0.46267161508709187
0.15388701178700603	0.38270527643069496	0.4634077117822991
0.1560926271893514	0.3824340613962856	0.4614733114143631
0.15312031895813338	0.384744265294337	0.46213541574752975
0.15478481174381847	0.384047131109531	0.46116805714665066
0.15444745081021616	0.38300908220919294	0.462543466980591
0.15598196207361031	0.3821455248027225	0.4618725131236673
0.15433031501751754	0.38473376762903566	0.4609359173534469
0.15417810422627115	0.38424124633852597	0.461580649435203
0.156191475907272	0.3810727874319497	0.4627357366607784
0.1544043000137701	0.3809114691892047	0.4646842307970253
0.15234541109353777	0.3836511568719717	0.4640034320344907
0.1542150635135351	0.38426777759561775	0.46151715889084727
0.15478537778661855	0.3818594484110948	0.46335517380228675
0.15440593435588185	0.382600547322811	0.4629935183213073
0.15348263958245897	0.3839736675300256	0.4625436928875155
0.1555650988851796	0.3806520080674849	0.4637828930473356
0.1536894991379209	0.3813878080455935	0.4649226928164857
0.15327002534749257	0.38320758064243104	0.46352239401007655
0.15526562826788903	0.38320440049501714	0.46152997123709394
0.15356867556969067	0.3838721574876087	0.4625591669427007
0.1541926396245965	0.382118393945447	0.4636889664299566
0.15227384843127253	0.38278001575480686	0.4649461358139207
0.1558322549782879	0.3832717588912369	0.4608959861304754
0.15433879822408886	0.3846887597414358	0.46097244203447546
0.15481659119494418	0.38106512415757227	0.46411828464748367
0.15604274888758302	0.38249126696756724	0.46146598414484985
0.15232753243042513	0.3832397809103257	0.4644326866592493
0.1542201124197476	0.38296983364679515	0.46281005393345737
0.15303174513183618	0.3841860491603167	0.4627822057078473
0.1540061534855184	0.3810062179002549	0.46498762861422677
0.15253474040635462	0.384077051832091	0.4633882077615544
0.15486088574185797	0.3830403564724147	0.46209875778572745
0.15582256312442022	0.38309586349104624	0.46108157338453365
0.15572932796594524	0.38086601149527965	0.46340466053877527
0.15355358043440753	0.3826265755603145	0.4638198440052781
0.15373943206448382	0.38280531395907086	0.4634552539764455
0.15250208180121738	0.38483263786313715	0.4626652803356456
0.15484780098911086	0.38229692814507704	0.46285527086581224
0.15270441119929523	0.38468251574937046	0.4626130730513345
0.1554483475464961	0.38100585941096043	0.4635457930425436
0.15367995160769965	0.3835817122696594	0.46273833612264104
0.1547166219591701	0.3806005593607679	0.4646828186800621
0.15489663620068217	0.38319811687030514	0.4619052469290128
0.1554351315273229	0.3809542237983976	0.4636106446742796
0.15367816418124278	0.3833484394082069	0.4629733964105504
0.15476796514450436	0.38140065732813533	0.4638313775273605
0.15341777629960118	0.38493251565944003	0.4616497080409589
0.153635425031313	0.3851831039997228	0.46118147096896434
0.15555533625628112	0.38215534141829466	0.4622893223254243
0.15436691776532424	0.38301438968309137	0.46261869255158455
0.15610497243170474	0.38169593509526034	0.46219909247303503
0.15262595749925392	0.38337130747338377	0.46400273502736245
0.15469656460404313	0.3828671413682113	0.46243629402774566
0.15237013631408935	0.38308775903537373	0.4645421046505371
0.15430294152390825	0.3833000806753326	0.4623969778007593
0.15547993434815438	0.38050935103518974	0.46401071461665605
0.15449793612308937	0.3835884079865055	0.46191365589040523
0.15432789617527906	0.38197560162527605	0.463696502199445
0.1524111855911967	0.3836548917231213	0.4639339226856822
0.1555764242535398	0.3812091036423941	0.4632144721040663
0.1527779861082559	0.3830281111602617	0.46419390273148253
0.15584068812699564	0.38200998483413395	0.46214932703887046
0.15321270252939195	0.38430296528542757	0.4624843321851806
0.1557115980464077	0.38128296272675893	0.46300543922683346
0.15401812248792818	0.38344237118617774	0.4625395063258942
0.15377330838164072	0.38319777854700626	0.4630289130713532
0.15626005710549667	0.3805025679928066	0.46323737490169686
0.15528674205403503	0.3829283963516482	0.46178486159431686
0.15540778420613083	0.38376757303045983	0.4608246427634095
0.15501382902142444	0.38317122876119425	0.4618149422173814
0.15267236607780246	0.38503718272081383	0.46229045120138385
0.15317015302102643	0.38203805353089243	0.46479179344808125
0.15338761391630054	0.38368777074527216	0.4629246153384274
0.1523910548193291	0.385242916178959	0.46236602900171203
0.1528215661832697	0.3852700844838683	0.4619083493328621
0.15323779136960386	0.3852337244632025	0.4615284841671938
0.1559575114630125	0.3825541663504411	0.4614883221865465
0.1541590457826392	0.38221124032248366	0.4636297138948772
0.1540016959511991	0.38319201283695287	0.46280629121184813
0.15313435898154962	0.382302969915402	0.4645626711030485
0.15421687772732912	0.38328700593360243	0.46249611633906856
0.1541345725483874	0.3810854735608802	0.46477995389073257
0.15456628562041108	0.38062261214501375	0.4648111022345753
0.15245779082384095	0.38456056919644455	0.46298163997971464
0.15615362639408004	0.38284540788184124	0.46100096572407884
0.1548644850188663	0.3810091404422074	0.46412637453892647
0.1548684405759204	0.38066520168321233	0.46446635774086736
0.15261151904916193	0.3835424590217195	0.4638460219291186
0.15373749572928808	0.38437490055164314	0.4618876037190689
0.1538869225294901	0.38303086990866897	0.46308220756184104
0.1552938754926005	0.3816575023116733	0.46304862219572634
0.15419723218559378	0.38100151638748925	0.46480125142691714
0.15532854604459123	0.3817203729731593	0.4629510809822496
0.15465197350564397	0.380624398863061	0.46472362763129516
0.15455356969120684	0.38157680528111915	0.4638696250276741
0.1550953380081262	0.38296220914354384	0.4619424528483301
0.15486019460051792	0.3840752044797633	0.4610646009197189
0.15600576077743095	0.382481079591318	0.46151315963125117
0.15360723430024692	0.38504047360794746	0.4613522920918057
0.15377442716412149	0.38249934336904207	0.46372622946683656
0.15575296460929	0.3818767283599361	0.4623703070307741
0.15587876487266236	0.3822464955074011	0.46187473961993664
0.1554511334843721	0.3822853753274714	0.4622634911881566
0.15517963540067406	0.38151569163431165	0.46330467296501443
0.15396428765806094	0.3838883558311518	0.46214735651078737
0.1546646342248194	0.3816479511246658	0.4636874146505149
0.1553341292917006	0.38047391952394105	0.46419195118435846
0.15513662496107877	0.38067533048783403	0.4641880445510873
0.15441548505066888	0.3815121759095579	0.4640723390397733
0.1561948406170235	0.38156651807852326	0.46223864130445336
0.15554710141234562	0.3822452457324173	0.4622076528552372
0.15506673829269219	0.38249118718796743	0.4624420745193405
0.15237863732807372	0.38403331468672713	0.46358804798519926
0.15323259242536252	0.3821562062001158	0.46461120137452183
0.15387622738400503	0.3844640999779544	0.46165967263804075
0.15390909740675396	0.3815590321719944	0.46453187042125177
0.15451035191834872	0.3842822875732584	0.461207360508393
0.15532427334186974	0.3829534439270312	0.4617222827310993
0.15426748484704378	0.3832908563357169	0.4624416588172394
0.1529223302276923	0.38284810971159594	0.46422956006071187
0.15434599081401257	0.3848733436404927	0.4607806655454949
0.1549933733600527	0.3826565259597647	0.4623501006801828
0.15573649322435074	0.38163657344727764	0.4626269333283718
0.15296133438764692	0.3834832779507772	0.46355538766157595
0.15549378971642497	0.38346480117700277	0.4610414091065724
0.15407568769077934	0.3842404857875702	0.4616838265216506
0.1545841222045593	0.3835036037203559	0.4619122740750849
0.15381405986332855	0.38344442575722865	0.4627415143794429
0.1542032859932359	0.38081897367530126	0.464977740331463
0.15508694087691852	0.38296866977866945	0.4619443893444122
0.15519919815588512	0.38061437867533526	0.4641864231687798
0.15306633454845653	0.3838107510880285	0.46312291436351505
0.15243611325620376	0.38459064669067533	0.462973240053121
0.15411526282722782	0.38337173720834844	0.46251299996442385
0.15642572313039693	0.3815199637722806	0.4620543130973226
0.15405665987882664	0.38463183195832834	0.4613115081628451
0.15366876291171327	0.3850310942857394	0.4613001428025475
0.15270387918671358	0.3829337185583958	0.46436240225489067
0.15410966674983362	0.38105022171190217	0.4648401115382643
0.15268513473880713	0.3842265858026182	0.4630882794585748
0.15595358222657563	0.3810573147544044	0.4629891030190201
0.15222622857304474	0.38490354043770375	0.4628702309892516
0.152797573815329	0.3849539003384395	0.46224852584623166
0.15558631708316145	0.38093646045208196	0.4634772224647567
0.1547486686185079	0.3808356534057825	0.4644156779757097
0.15342499109766294	0.38427237183679624	0.4623026370655409
0.15379306555138014	0.38338515718181754	0.4628217772668024
0.15356279424113067	0.3826056250624485	0.46383158069642094
0.155388024161429	0.38196697389568407	0.46264500194288705
0.15420028822074014	0.383022005893496	0.46277770588576395
0.15627075639195942	0.3815529588826347	0.462176284725406
0.15474562125524005	0.38189235851195497	0.4633620202328051
0.15349772374868326	0.3821621318094348	0.46434014444188204
0.15363586239841315	0.3813525918971903	0.4650115457043967
0.15309620894421105	0.38426164437159	0.4626421466841991
0.1543383755300359	0.3845268612780889	0.46113476319187535
0.15607531769963978	0.3830308518025057	0.46089383049785465
0.15265055436464775	0.38475697502201023	0.46259247061334213
0.1531830958236745	0.3832913007300731	0.4635256034462525
0.15460900350190068	0.38194539711901165	0.4634455993790878
0.1527155447223372	0.3834825250341771	0.4638019302434858
0.15591947618454208	0.38319160374013256	0.46088892007532545
0.15484976146780882	0.3820599542652625	0.4630902842669288
0.1536316566673231	0.38455952174819846	0.46180882158447856
0.15302996274449324	0.3837053025943449	0.463264734661162
0.15580358314479703	0.38053347308698815	0.46366294376821493
0.1525545770895319	0.3853410812254968	0.46210434168497144
0.15467625727920592	0.38396504461755226	0.4613586981032419
0.15490810641453923	0.38055803750797623	0.46453385607748465
0.1562853538613053	0.3823214721898974	0.46139317394879736
0.15399172483159768	0.3839896997780411	0.46201857539036134
0.15390672386811927	0.38115205193056123	0.4649412242013196
0.15237097931107835	0.3852266252722033	0.4624023954167185
0.1533710259477838	0.3848302437722763	0.46179873027994006
0.15486425099426243	0.38425926568411495	0.4608764833216228
0.15479420483151896	0.38213060618285843	0.4630751889856227
0.15394373283624335	0.3835949824823198	0.4624612846814369
0.1550001120636441	0.38047792511423706	0.4645219628221189
0.1523136668827467	0.38458711029037834	0.4630992228268751
0.15581930299446498	0.38062409249635426	0.46355660450918085
0.1547780383151911	0.3808128441612756	0.4644091175235334
0.15250748694681918	0.38369427681955837	0.4637982362336226
0.1529157499953809	0.38331181819181737	0.4637724318128018
0.15608928885785223	0.38180311848869086	0.462107592653457
0.15489452823543898	0.38159571341267284	0.4635097583518883
0.15478095248221352	0.3818682449461923	0.4633508025715943
0.15628518043569872	0.3811295190482312	0.46258530051607016
0.1548058189583174	0.38147570420207455	0.4637184768396082
0.15491135878652956	0.3832643662521054	0.46182427496136513
0.15640808868299572	0.38194746625982967	0.4616444450571747
0.15390344473604178	0.3826284234776801	0.46346813178627827
0.15446213235634898	0.38442678602052416	0.461111081623127
0.15491040560289837	0.38145916273169017	0.4636304316654116
0.1552320102817949	0.38392658750608	0.4608414022121252
0.15276012724514343	0.3842604843295758	0.4629793884252809
0.15366451804394954	0.38487504882372153	0.46146043313232904
0.1533643524833274	0.383766702657939	0.46286894485873376
0.15360540460916097	0.38466342559541816	0.46173116979542095
0.1550771641583374	0.3806256394037884	0.46429719643787437
0.15221040548727635	0.3841722013291075	0.4636173931836163
0.15376673125832577	0.3830750787637481	0.4631581899779263
0.1549106701002183	0.38227138356312623	0.4628179463366555
0.1553854160454456	0.382093307387777	0.46252127656677744
0.15369940913631866	0.3814290654002442	0.46487152546343724
0.15524116259619875	0.38225648133134144	0.46250235607245993
0.15420674460684586	0.38081282879209993	0.4649804266010543
0.15537970852475666	0.3832926039771702	0.46132768749807324
0.1547382225185469	0.38356839145247973	0.4616933860289735
0.15440681487631636	0.3846620024403855	0.46093118268329825
0.1540668942746093	0.38142186238717707	0.4645112433382138
0.1540696709050194	0.3828248918024767	0.46310543729250403
0.15355011466974103	0.38185320896123537	0.46459667636902374
0.1534687553697422	0.38187716020843415	0.46465408442182377
0.1559186959721159	0.38220609253436666	0.46187521149351757
0.1547679438382248	0.38204084268227567	0.46319121347949965
0.15529308076373993	0.38167858353905204	0.46302833569720814
0.15279840457571708	0.38378948410873237	0.46341211131555066
0.1541369190278551	0.38108609989257436	0.46477698107957066
0.15386033833795243	0.3817363758901656	0.46440328577188206
0.15485985568562682	0.38383537748749963	0.46130476682687366
0.15527170627477144	0.38300112361899075	0.461727170106238
0.15235843262207294	0.3854589275517127	0.46218263982621444
0.152772418339514	0.3822696211575196	0.46495796050296656
0.15512765444278667	0.38289744228812833	0.46197490326908514
0.15406689938498047	0.3820273552072323	0.4639057454077874
0.15361705625392416	0.3852083944059216	0.4611745493401544
0.1559587674682169	0.3823085538694814	0.4617326786623017
0.15249604315724086	0.3825081218542338	0.4649958349885255
0.15500111688985752	0.38318856015021735	0.46181032295992525
0.15449921553025003	0.38177599822836167	0.4637247862413884
0.15369864383794823	0.38497218668538385	0.461329169476668
0.1523635140866732	0.3829241923090596	0.46471229360426736
0.15615117311872087	0.38213665351752146	0.4617121733637578
0.15623941882568643	0.38052479721017063	0.4632357839641431
0.1547333689763246	0.3844103187708264	0.4608563122528492
0.15454140818126674	0.3834959614281671	0.46196263039056623
0.15480322682227232	0.3840004658041452	0.4611963073735826
0.15573197487320128	0.3828659774064568	0.461402047720342
0.1556839192929721	0.3815298388847584	0.4627862418222696
0.15286101758490583	0.3834207124033353	0.463718270011759
0.15296629344661797	0.38235628193190424	0.4646774246214779
0.15456150198561852	0.38104194591319235	0.46439655210118924
0.155315051973193	0.3822392676711475	0.4624456803556596
0.15335351554912652	0.38319905623858186	0.46344742821229173
0.15362727708184087	0.3832108725166334	0.46316185040152585
0.1561035848912365	0.38089407002306647	0.46300234508569715
0.15402055689087002	0.38500252996306344	0.46097691314606665
0.1540930781523248	0.38287183485833237	0.4630350869893429
0.15519096268195975	0.3809653875487145	0.4638436497693259
0.15532894381889822	0.3815048518777819	0.46316620430332
0.155305619281578	0.3837791592112846	0.4609152215071375
0.1557297567756918	0.38077144913301725	0.463498794091291
0.15472476403353586	0.38148542611822495	0.46378980984823936
0.15509921239695823	0.38296102768932283	0.46193975991371905
0.15356976403376882	0.3842029704758525	0.4622272654903788
0.1533768989428283	0.38517496708861443	0.46144813396855744
0.15365129410889408	0.38283822813761076	0.4635104777534953
0.1542193187429058	0.38391311670732853	0.46186756454976574
0.15399882638140813	0.3841266318487033	0.4618745417698886
0.1537028005733025	0.38201233556010034	0.4642848638665973
0.15423936122317428	0.38176802778329416	0.46399261099353173
0.1550328653773655	0.38254409048041443	0.46242304414222024
0.152945855153859	0.3828647437223029	0.4641894011238382
0.15336769423495433	0.38439003167372066	0.4622422740913251
0.15312195832085856	0.3819085364282947	0.46496950525084685
0.1538754771923333	0.38143079702597066	0.4646937257816962
0.15382187226812255	0.3831050175826888	0.4630731101491888
0.15413458744929254	0.3825258114950125	0.46333960105569505
0.15237202501891145	0.3843669072815956	0.46326106769949305
0.15447765566234734	0.3818141341374373	0.46370821020021546
0.15250748644567086	0.38338666383273795	0.46410584972159136
0.15387503708428585	0.382240182936402	0.46388477997931227
0.15259907970093187	0.38266763213909566	0.4647332881599726
0.15416049607851673	0.38394401175870807	0.4618954921627753
0.15263943806590885	0.38235734968214297	0.4650032122519483
0.1531228697352478	0.3833323551602197	0.4635447751045326
0.1543199935177409	0.38164120998711876	0.4640387964951405
0.15509097514237385	0.384049010799823	0.46086001405780325
0.15645554049902943	0.3816713753080679	0.46187308419290274
0.1555816180325279	0.38285713469804394	0.46156124726942827
0.15325620900802706	0.38549838601694797	0.4612454049750251
0.1554257012314808	0.3817461438275858	0.4628281549409335
0.1557806945772276	0.3830430175759604	0.46117628784681214
0.15637641956919832	0.3816302108977409	0.4619933695330609
0.15482717191641132	0.3843227487778365	0.4608500793057523
0.15332801752113343	0.3824253298302079	0.46424665264865883
0.1543820789852111	0.3847101208897509	0.4609078001250382
0.15406422430400335	0.3822210533854699	0.46371472231052685
0.1530449125272756	0.38321346817352986	0.4637416192991947
0.15414687299537502	0.3829306813286018	0.4629224456760233
0.1541454779412848	0.3815771103567275	0.4642774117019878
0.1542670357793314	0.38399414003563426	0.4617388241850344
0.15298375939717967	0.38345466452129917	0.46356157608152126
0.1558139685089222	0.38051961866498174	0.46366641282609616
0.15514131558843497	0.38253376755187113	0.462324916859694
0.15437950689836444	0.3821918981264488	0.4634285949751869
0.1534384337430838	0.3819128568874815	0.4646487093694348
0.15512489498844073	0.3804434712463147	0.46443163376524466
0.15412292414873405	0.38178296676594115	0.4640941090853249
0.1546721091696287	0.38279851330550857	0.4625293775248629
0.1542578790463989	0.38378818468183096	0.4619539362717703
0.154378061786266	0.38124214863734524	0.4643797895763888
0.15524107835923762	0.3818493921872939	0.46290952945346864
0.1531436485801558	0.3836145172458377	0.46324183417400666
0.15549370440203103	0.3809747889624211	0.463531506635548
0.15562076182679496	0.3813315399827516	0.46304769819045355
0.15310735602467485	0.38229417492611895	0.4645984690492063
0.15578191946542583	0.3811935367887496	0.4630245437458247
0.15501891194543949	0.38150063100768433	0.4634804570468763
0.15606641750226258	0.38195380307905413	0.4619797794186834
0.1537269781073642	0.38501517160606047	0.46125785028657545
0.15319127178178088	0.3828719377429449	0.4639367904752743
0.15640991088771672	0.3825503709293737	0.4610397181829097
0.15601857354181023	0.3826983796054325	0.46128304685275734
0.1533467753267868	0.38495622392796774	0.46169700074524556
0.15461592748498437	0.3806965354317633	0.46468753708325244
0.15463419680463378	0.38422493956924103	0.46114086362612533
0.15394213921987487	0.3851310546530096	0.4609268061271156
0.15595972841967548	0.38231629566821657	0.4617239759121081
0.15621035230485109	0.3813623610553073	0.4624272866398418
0.1557714471224607	0.38056212714030163	0.4636664257372378
0.15608553659730873	0.38099500117299306	0.46291946222969826
0.15267660224035517	0.38515356217846497	0.46216983558118
0.15303024724834036	0.38543856760947914	0.46153118514218056
0.15491229165061943	0.3834702270704577	0.461617481278923
0.1525384844962745	0.38483737644701826	0.4626241390567074
0.15526607135262166	0.3805360974505549	0.46419783119682356
0.15391042445388137	0.38298221742978583	0.4631073581163329
0.15437663597810347	0.3815118835357814	0.4641114804861153
0.15445656898237664	0.3846567172176279	0.4608867137999956
0.15222122688432235	0.3828490446354527	0.46492972848022507
0.15542392862821452	0.38140617971216134	0.46316989165962424
0.15445071118716935	0.3812200930069377	0.46432919580589305
0.15351429770041788	0.383363439648802	0.46312226265078027
0.154325564032616	0.3825237314417776	0.4631507045256066
0.1545726725318453	0.38236427887238494	0.4630630485957699
0.1527449317751578	0.3850943418547457	0.46216072637009664
0.15507256556204807	0.38347381722767093	0.4614536172102811
0.15575475985439236	0.38248036574860417	0.46176487439700364
0.15622634880424952	0.38297529365182326	0.46079835754392734
0.15364015803579684	0.38492757895657675	0.4614322630076265
0.15482165377136042	0.38424434482545516	0.4609340014031845
0.15325044072954275	0.3839737010218471	0.46277585824861034
0.15343789311266426	0.3835834335767814	0.4629786733105545
0.15264753429720057	0.3829265204454742	0.46442594525732533
0.1551638390584793	0.38252482831867307	0.46231133262284774
0.15608038424034137	0.38080183575769166	0.4631177800019671
0.1554306593646009	0.38268480671070326	0.4618845339246959
0.15589767794314685	0.3820897413846727	0.46201258067218054
0.15236665314849523	0.3834750577071012	0.46415828914440366
0.15452848341197795	0.3822674544072275	0.4632040621807947
0.1552952247902051	0.3805899925559527	0.4641147826538423
0.15432262121609513	0.3835481285488498	0.4621292502350552
0.15492472429898335	0.3813667147199379	0.46370856098107893
0.15614065130433138	0.38130550840640265	0.46255384028926605
0.15368095640799534	0.38315678101720096	0.46316226257480386
0.15420733597843597	0.3836432312466125	0.4621494327749517
0.15291630960330832	0.38489148279458074	0.46219220760211105
0.15281725494609522	0.382625693012214	0.4645570520416909
0.1561026476067801	0.3829339974222419	0.4609633549709781
0.15483325746172272	0.3810106254176483	0.4641561171206291
0.15532145012263848	0.3827783421570722	0.4619002077202895
0.153959107887781	0.3843884774792648	0.46165241463295437
0.1538697640021304	0.38479162538734824	0.4613386106105215
0.15534759771077364	0.38248668878886005	0.4621657135003665
0.1545096387778676	0.380726821845608	0.4647635393765245
0.1538688288272997	0.38316010084569646	0.46297107032700396
0.15292329497394191	0.3831373191127894	0.4639393859132688
0.15369674387732646	0.3849757953896973	0.46132746073297637
0.1522029196974445	0.38400410416480757	0.46379297613774806
0.15348689909724078	0.3820235697171222	0.4644895311856372
0.15323068977244925	0.3823768321182597	0.46439247810929124
0.1562016546416224	0.3816650162962309	0.4621333290621468
0.1532844981791464	0.38180711318725535	0.46490838863359835
0.1550755009194399	0.3818501019896969	0.46307439709086334
0.1546709030298331	0.38368943807356587	0.4616396588966012
0.15518434105896184	0.38065991310706226	0.464155745833976
0.15440568035791868	0.3845259606861323	0.4610683589559491
0.15262739322419216	0.3829540931407639	0.46441851363504405
0.15286317690984802	0.38515609340663315	0.4619807296835189
0.15284665433803757	0.3837200167775409	0.4634333288844216
0.15298458988014338	0.3827682616425862	0.46424714847727055
0.15523242577587945	0.38342367466414057	0.4613438995599801
0.15569382679308047	0.3835143235861935	0.46079184962072617
0.15302613268107193	0.38523216407415994	0.46174170324476826
0.15239619748106106	0.38516535210426295	0.4624384504146761
0.15625101771117378	0.3827174702614284	0.46103151202739795
0.15372321099969782	0.3821362368891061	0.4641405521111962
0.15324096059541203	0.3837218509465031	0.46303718845808506
0.1537367180125702	0.3846130693722562	0.46165021261517375
0.15421221429732349	0.3829550908212234	0.46283269488145323
0.15570967499946997	0.38301746046326196	0.46127286453726823
0.1540701611437347	0.3850885685204846	0.4608412703357808
0.153349142655889	0.38273308754529856	0.4639177697988126
0.1555964552715165	0.3811137500736729	0.4632897946548108
0.15236263588566773	0.38539551126608085	0.4622418528482516
0.15232646281069012	0.38319713146850143	0.4644764057208086
0.1525391991819008	0.38485631767373774	0.4626044831443616
0.15442325158404416	0.38437661276216534	0.4612001356537906
0.15437946093339697	0.38207551021306957	0.46354502885353355
0.1524990712825126	0.3829453889842341	0.46455553973325336
0.1531006288807838	0.3838827943757144	0.46301657674350194
0.15607688416744717	0.3808741943283641	0.46304892150418886
0.15338689445780748	0.383395104225975	0.4632180013162177
0.15390442029150322	0.38136853032511775	0.46472704938337916
0.15272433748852865	0.38443273939714534	0.46284292311432607
0.1543737870871934	0.3810048185139897	0.464621394398817
0.1549870167833307	0.3842534669825171	0.4607595162341523
0.15482822615337605	0.38098093158826224	0.4641908422583618
0.15346477372549788	0.38225748715972063	0.4642777391147816
0.15402268850991774	0.3834666255366967	0.46251068595338574
0.15278522923735216	0.38338379186308036	0.4638309788995676
0.15223490360172715	0.38293241332711914	0.4648326830711538
0.1533018094197724	0.3836935527019208	0.4630046378783069
0.1522295868172518	0.3845039757025617	0.4632664374801867
0.1537863683858165	0.38439196976750967	0.46182166184667395
0.15286692379679728	0.38370236034928484	0.46343071585391793
0.1554696950120582	0.3819166404469898	0.4626136645409521
0.15368002047027585	0.38189600853814165	0.4644239709915826
0.15279628533723216	0.38262023978585624	0.46458347487691176
0.1552469794551608	0.3816697044837049	0.4630833160611344
0.1558672406791845	0.3831084196109478	0.4610243397098678
0.15562463744417104	0.38207253100604094	0.46230283154978813
0.15322613501139232	0.383282802740793	0.46349106224781483
0.15393267960013712	0.3816379720992836	0.46442934830057936
0.15231817265397574	0.3831814781552508	0.4645003491907736
0.1547178569741558	0.38436433238318024	0.4609178106426641
0.15596839740056928	0.381940591642349	0.4620910109570818
0.15365226764847	0.3819752816294373	0.4643724507220929
0.15295868487695163	0.3853132353255426	0.46172807979750585
0.1543665557961672	0.38235328773086846	0.4632801564729645
0.1540776537882172	0.3838601148267814	0.4620622313850015
0.15383687136160445	0.3816306809658932	0.46453244767250246
0.156430567251452	0.3826932284375737	0.4608762043109744
0.15238220445413625	0.38326721700705857	0.4643505785388053
0.1549430665108103	0.38332619910145854	0.46173073438773127
0.15569122964385013	0.38051492461604325	0.46379384574010674
0.15258141385149454	0.38302038974229635	0.46439819640620916
0.15314266220543632	0.38372291822696214	0.4631344195676017
0.1537087946693719	0.3837861470619026	0.46250505826872557
0.1537624563296413	0.38185015546868534	0.46438738820167347
0.15246410701886975	0.38462640386546804	0.4629094891156623
0.15523961587399748	0.3829278400486518	0.46183254407735086
0.15384341916922145	0.384532341811952	0.46162423901882665
0.15315863779133454	0.3818617300812536	0.464979632127412
0.15306498728067822	0.3835220375614183	0.4634129751579036
0.15418430983931858	0.38443921424437416	0.46137647591630737
0.15299324004994938	0.3833405707073768	0.46366618924267394
0.1553812122012213	0.3836634042355851	0.4609553835631937
0.15589045554966874	0.38141811698489486	0.4626914274654365
0.154666818647911	0.3831031964353123	0.46222998491677686
0.1548978171582445	0.3842602600622247	0.46084192277953095
0.1549404229450917	0.3831864284749542	0.4618731485799542
0.15464877279870426	0.38381901572581845	0.4615322114754774
0.1535955374576687	0.3821227345601852	0.46428172798214623
0.1553124433665674	0.38188795514150364	0.46279960149192906
0.15357582933915795	0.38303304232503194	0.4633911283358102
0.15375550842324515	0.38201213248139054	0.4642323590953644
0.1543366600796939	0.3833180184612124	0.4623453214590938
0.15361139952157832	0.3844591115237501	0.4619294889546717
0.15459383310581593	0.3839939703259963	0.4614121965681879
0.1523096132197252	0.3833277208083036	0.4643626659719714
0.1534779964932433	0.3829105253136322	0.46361147819312465
0.15610388322314545	0.3828700143022363	0.4610261024746184
0.15270005575444634	0.38318874749609577	0.464111196749458
0.15559987322778604	0.38172915854077627	0.4626709682314378
0.15536959016023502	0.3812632874394472	0.4633671224003179
0.15397468835969774	0.38499375552915327	0.4610315561111491
0.15298262688288644	0.38213546939931897	0.4648819037177947
0.15286036035217437	0.3842487083129714	0.46289093133485437
0.15278520831620102	0.38267519580135234	0.46453959588244675
0.15296744136816046	0.38357798855842706	0.4634545700734126
0.15477256406504766	0.3824837627333454	0.4627436732016071
0.15423817228245712	0.38124671004594773	0.46451511767159526
0.1551427142854206	0.38318519945685897	0.4616720862577206
0.15568061820508827	0.3833518143178801	0.4609675674770317
0.1535892602518873	0.38270993768190037	0.46370080206621245
0.15421246844309286	0.38429217429140217	0.46149535726550506
0.15498500604283663	0.3823199870227654	0.46269500693439813
0.15246959206842356	0.38522599774021743	0.46230441019135915
0.15482078283611406	0.3818477740587313	0.4633314431051547
0.15580851291679654	0.38341168618990473	0.46077980089329884
0.156400496086758	0.3816819688526557	0.46191753506058647
0.152210257911985	0.38522464893061026	0.4625650931574049
0.15303843003128906	0.3826728809002178	0.46428868906849324
0.15355460364438145	0.38347376581987314	0.4629716305357455
0.15251109425259018	0.3829612639537684	0.4645276417936416
0.15554390825237713	0.3826606680841097	0.4617954236635133
0.15339939563542956	0.3848193610929209	0.4617812432716496
0.15255530891360014	0.383144045036942	0.464300646049458
0.15437074601436462	0.38104562915533835	0.46458362483029714
0.15343246590562382	0.3842035456018739	0.4623639884925024
0.15591299854757187	0.3809257465103115	0.4631612549421167
0.15273552786097871	0.3854335427548893	0.46183092938413206
0.15418873388842502	0.3826156661364975	0.46319559997507764
0.15261420783390967	0.38451632117002993	0.4628694709960606
0.15368408893574215	0.38394787780154016	0.46236803326271786
0.15643389397567292	0.38187313280001633	0.46169297322431085
0.15326209913752548	0.3835166000782526	0.463221300784222
0.1560589434142	0.38045092959828086	0.46349012698751924
0.1555733560331029	0.3824116299258328	0.46201501404106443
0.15440950756094046	0.38123371902572367	0.4643567734133359
0.15583455450547123	0.3833853308712482	0.46078011462328067
0.1539595995793701	0.3842013594796605	0.4618390409409695
0.15274855016556466	0.3842329698597034	0.46301847997473206
0.15558427653675197	0.38105426703708356	0.4633614564261646
0.15306453407264486	0.3828648931370841	0.46407057279027114
0.15620876308898646	0.38142840417946955	0.4623628327315441
0.15342208628211393	0.3845136578981496	0.4620642558197366
0.15334071501566965	0.38208002933550556	0.46457925564882496
0.1536553339695473	0.381847961997246	0.46449670403320686
0.15224889616865453	0.3831600014719638	0.46459110235938184
0.1526649737564047	0.38310510343202325	0.46422992281157216
0.15475995286106298	0.3835466144921464	0.46169343264679075
0.15567642468321713	0.382742871670479	0.461580703646304
0.15477596686123912	0.3811967879146638	0.4640272452240972
0.15313220273101225	0.38253159484262855	0.4643362024263593
0.1553537488320062	0.38087033949534493	0.463775911672649
0.15244593296055792	0.3835581224380717	0.4639959446013705
0.15393417226371414	0.38329367768354144	0.4627721500527445
0.15513256464346697	0.3830252950299196	0.4618421403266135
0.1527115175981904	0.38400594863967014	0.46328253376213957
0.15473164235212705	0.3809813342541736	0.46428702339369954
0.15328458897988492	0.3819652884775631	0.46475012254255205
0.1553788502587627	0.38340485940221675	0.4612162903390207
0.15632295791236583	0.3824534400488682	0.4612236020387661
0.1537926780729871	0.3816590267546706	0.4645482951723424
0.15516834298171	0.3833973808332657	0.4614342761850244
0.15301216287499358	0.38353228694608305	0.4634555501789235
0.15324178158044788	0.3819393504116556	0.4648188680078966
0.1560740342204529	0.38144576201149616	0.4624802037680511
0.1552466537143249	0.38051947549437476	0.4642338707913005
0.15396318833992578	0.38476120770016314	0.4612756039599112
0.1530245575844476	0.3842905421182119	0.4626849002973406
0.15619770300452845	0.3811330450917371	0.46266925190373454
0.1555593713085271	0.3836268507521039	0.4608137779393692
0.153788266184537	0.38395685629963244	0.4622548775158307
0.15380359167593732	0.38176927779622394	0.46442713052783885
0.15487872471631886	0.3823702301621981	0.4627510451214832
0.1536652779113981	0.3852653681251011	0.4610693539635009
0.15414405490728567	0.3819072949013895	0.4639486501913249
0.15356261013698563	0.38172006034689154	0.4647173295161229
0.15366823659805376	0.384655281276476	0.4616764821254703
0.15288259656905112	0.38412603950493823	0.46299136392601076
0.1546349507809408	0.3806418431094736	0.4647232061095858
0.1553267423764941	0.38337220649762027	0.46130105112588576
0.1543809385707697	0.3816303427256054	0.463988718703625
0.15617998186756904	0.3819585966755526	0.4618614214568785
0.15502380591682202	0.3836938050983308	0.4612823889848473
0.15245462408128702	0.38420329507808126	0.46334208084063183
0.15593276590242805	0.38314860565217806	0.460918628445394
0.1552669972191883	0.3814744042137089	0.46325859856710294
0.15380806703019145	0.3840321194307844	0.4621598135390243
0.15372953641249132	0.38339948189759043	0.46287098168991836
0.152563121095641	0.38327741300870827	0.4641594658956509
0.15269164296598225	0.3846500290917263	0.46265832794229156
0.1543375214733675	0.38455360761201707	0.4611088709146155
0.1550395189206581	0.38402485170475736	0.46093562937458465
0.15583585069860872	0.38184800890446585	0.4623161403969256
0.15570494581913658	0.3824156867566298	0.46187936742423374
0.1526783004416366	0.3826847779478244	0.4646369216105391
0.15428880563767589	0.3821358343190886	0.46357536004323563
0.154145183900818	0.38186876094833877	0.4639860551508434
0.1531649899537601	0.38345777064940745	0.46337723939683256
0.15430965689381548	0.38223554069990984	0.4634548024062748
0.15294646928453118	0.3823802341286693	0.4646732965867997
0.1530984111274582	0.3854084857202089	0.46149310315233305
0.15536530655536507	0.3827315909317089	0.4619031025129262
0.15503188249108601	0.3829725252878178	0.4619955922210963
0.1544601305613455	0.3821228884735287	0.46341698096512596
0.15534539403922626	0.38142633454382474	0.4632282714169491
0.15241219769296838	0.3844390740710728	0.4631487282359589
0.15597472920177466	0.3810023180065586	0.4630229527916669
0.15334220171226381	0.3845401913876561	0.4621176069000802
0.15559673313411315	0.38324411232940947	0.4611591545364775
0.1533707205074385	0.3838971214283531	0.46273215806420853
0.15512212980986528	0.38250855267237	0.46236931751776483
0.15514842299098014	0.3825609983096693	0.46229057869935064
0.1522986451138546	0.38547244395940927	0.4622289109267363
0.1547036729826161	0.38429245189121236	0.4610038751261717
0.15473511315928629	0.3841554294589158	0.46110945738179804
0.15531746613424668	0.38062718174361604	0.46405535212213744
0.1531412801400653	0.38517308808350037	0.46168563177643446
0.15402118562717235	0.3825827936467802	0.4633960207260476
0.15509323043501722	0.3837471532884459	0.461159616276537
0.1546278530245832	0.38248680039009963	0.4628853465853173
0.15287112744820736	0.3843892649146447	0.46273960763714805
0.1538377386216298	0.3820046756077306	0.4641575857706397
0.15292586372806294	0.38335791729635693	0.46371621897558024
0.15308679609406045	0.3824939170126478	0.4644192868932919
