0.1664893119636685	0.16607002843228652	0.667440659604045
0.1661437794461496	0.16632441051114752	0.667531810042703
0.16706975082612624	0.1663208627052586	0.6666093864686152
0.1672993180357909	0.1659071878548104	0.6667934941093988
0.16681456883956466	0.16613713345452358	0.6670482977059119
0.16695969813713935	0.1667914723235151	0.6662488295393456
0.1670571110116052	0.1659134379841568	0.667029451004238
0.16661442645006558	0.16578648664771634	0.6675990869022181
0.16645108774192197	0.1663800966226976	0.6671688156353806
0.16627627903795214	0.16637153857431	0.667352182387738
0.16705471801060406	0.1664031279974188	0.6665421539919774
0.16729872328666023	0.16586020182590883	0.666841074887431
0.1668906489644631	0.1666374200782088	0.6664719309573282
0.16701260577967095	0.1667181384882508	0.6662692557320784
0.166993490668485	0.16581077909213912	0.6671957302393761
0.16659396930842604	0.16670586644827579	0.6667001642432983
0.1665703310341639	0.16681222810887802	0.6666174408569582
0.16617948848417266	0.16645920225435962	0.6673613092614679
0.16723702886199715	0.16596783438235657	0.6667951367556464
0.1666599865352174	0.16654763537785428	0.6667923780869285
0.16658532374155277	0.1667306205141747	0.6666840557442726
0.16675324993768406	0.16680349698482766	0.6664432530774884
0.16685110688023377	0.16659785090723414	0.6665510422125323
0.16667990878652986	0.1660592511481905	0.6672608400652797
0.16668693871068269	0.16638190213249782	0.6669311591568196
0.16663754634197955	0.16664797229223352	0.666714481365787
0.1665325980861549	0.165970141429706	0.6674972604841392
0.16640729448087774	0.16622127082230836	0.667371434696814
0.16651394838209338	0.16604611525776472	0.667439936360142
0.1661586247251819	0.16636269315622604	0.6674786821185922
0.16613493994454276	0.16623824012102012	0.6676268199344373
0.16694706349653887	0.16621182749755664	0.6668411090059045
0.16633537603673204	0.1665177918687032	0.6671468320945648
0.16688898751002346	0.165737457379417	0.6673735551105596
0.1661494092142013	0.1664070450877628	0.6674435456980361
0.16622155791407456	0.16621509870197892	0.6675633433839466
0.16712641277465096	0.1665513463244649	0.6663222409008842
0.16659340974303846	0.16580574676550416	0.6676008434914575
0.16653973151087134	0.16659640634542291	0.6668638621437059
0.16695898976765866	0.16677691557417157	0.6662640946581699
0.16699677580851796	0.16657387012343905	0.666429354068043
0.16702698256246415	0.16665425716909762	0.6663187602684384
0.16626907008058742	0.1664875209725062	0.6672434089469066
0.16682011409519273	0.1663766184218901	0.6668032674829173
0.16612188287939736	0.16632301781755343	0.6675550993030493
0.1664136069392053	0.16632963211250218	0.6672567609482927
0.16627473398180506	0.16665106554965997	0.667074200468535
0.1670405590613942	0.16598564144263056	0.6669737994959754
0.1667300508133024	0.16669913787625332	0.6665708113104444
0.16644516654704553	0.16629703329122725	0.6672578001617273
0.16657012275799687	0.16666189180334418	0.6667679854386591
0.16626906217237758	0.16674950468531677	0.6669814331423058
0.1667062567544059	0.16648547213295367	0.6668082711126405
0.16620620696213137	0.16629243768483254	0.6675013553530362
0.1666164403663032	0.16580587970470992	0.667577679928987
0.16628859785501174	0.16640864515899423	0.6673027569859942
0.16732897050685994	0.1663552066577945	0.6663158228353456
0.16731863056003113	0.16585051810637075	0.6668308513335982
0.1667235487428762	0.16596653573163295	0.6673099155254909
0.16652410863952977	0.16662955076822808	0.6668463405922422
0.1663733317461606	0.1659877644675726	0.6676389037862669
0.16717203178897777	0.16640649677226127	0.6664214714387611
0.16691073258028932	0.16660079576438563	0.6664884716553252
0.16705683651240102	0.16665463334975011	0.6662885301378489
0.16624432859763716	0.16627756264087665	0.6674781087614863
0.16715592205321197	0.1659601815969847	0.6668838963498034
0.16651822551699685	0.16675523484243834	0.6667265396405649
0.16647662059723264	0.16648583587580118	0.6670375435269663
0.16713946927083037	0.16660820111511074	0.666252329614059
0.16624774437798964	0.16678882125892003	0.6669634343630904
0.16660642792284955	0.16649181256615656	0.6669017595109941
0.16621748101832917	0.16652087401557694	0.667261644966094
0.16717278136396196	0.16671031070857673	0.6661169079274614
0.16719286781693396	0.16565836763479008	0.6671487645482761
0.1663514695996248	0.16637201547094077	0.6672765149294346
0.1671660669514547	0.16579260483007957	0.6670413282184658
0.1671337452723616	0.1660298530301691	0.6668364016974694
0.1672740054956025	0.16660836945386803	0.6661176250505296
0.16720297436114517	0.16596489558261845	0.6668321300562365
0.16659505604921257	0.16592749129041656	0.6674774526603711
0.16645207493228775	0.1663908275607744	0.667157097506938
0.16639755597793932	0.16612311144236636	0.6674793325796944
0.16704794983816107	0.16638243924501905	0.66656961091682
0.16637438981705888	0.16613595012968996	0.6674896600532514
0.16687501483250103	0.16619514530067814	0.6669298398668209
0.16660263696265076	0.1667471163546826	0.6666502466826668
0.16648947216679133	0.16592965214159483	0.667580875691614
0.1666090939298565	0.165857060023633	0.6675338460465106
0.16699459425280327	0.16653434262000583	0.6664710631271911
0.1666739947302065	0.1666972533915368	0.6666287518782568
0.1665294513042175	0.16598027109464164	0.6674902776011409
0.1666537754814783	0.16674290365145916	0.6666033208670628
0.16610542311731843	0.1662448972126736	0.667649679670008
0.16690244097356882	0.16577606473495954	0.6673214942914718
0.16648048546634378	0.16676826689548174	0.6667512476381746
0.1667606730548935	0.16637543493872398	0.6668638920063826
0.16712237430414298	0.1667896534645178	0.6660879722313393
0.1672702156505749	0.16648563680781622	0.666244147541609
0.16657865050850396	0.1666583762713092	0.666762973220187
0.16684468474904057	0.16676427599164376	0.6663910392593158
0.16620588480727902	0.1665541202547214	0.6672399949379997
0.16662127191419113	0.1664609760091974	0.6669177520766116
0.16717419838347394	0.16577544761497282	0.6670503540015533
0.166343811998454	0.16659011686223962	0.6670660711393065
0.16633701079402513	0.16625076003032194	0.667412229175653
0.16674698381224037	0.16615378999036806	0.6670992261973918
0.16682832623153612	0.16616882096192293	0.667002852806541
0.16731545191412647	0.16650064675015835	0.6661839013357154
0.16676503038974547	0.16652512420773313	0.6667098454025215
0.1667903249186171	0.16673395675021613	0.6664757183311669
0.1663135294630036	0.16653312600439169	0.6671533445326048
0.1669927234010629	0.165977168419407	0.6670301081795302
0.1668093882210874	0.16668116056471077	0.6665094512142019
0.16649402937928365	0.1663656406631794	0.667140329957537
0.16717119296920901	0.16622482438725192	0.6666039826435392
0.16663577350422182	0.16621910307711563	0.6671451234186627
0.16658695748283148	0.16654943641106618	0.6668636061061024
0.16689835597346592	0.16620780873255117	0.666893835293983
0.16675843116515876	0.1665374322097256	0.6667041366251157
0.16710049101902893	0.166371204031538	0.6665283049494333
0.1666851046869902	0.16655442927717629	0.6667604660358337
0.16685613708600028	0.16642847961294016	0.6667153833010597
0.16703623940338255	0.16597023645236597	0.6669935241442515
0.16681096603715467	0.1656976227093357	0.6674914112535097
0.16634413259751846	0.1660243776640764	0.6676314897384052
0.16718261444655877	0.16661858194027987	0.6661988036131614
0.1670277316468069	0.16644443290059965	0.6665278354525935
0.16690483376426005	0.16573679944569275	0.6673583667900473
0.16667741602136135	0.16624442031585882	0.6670781636627799
0.16724389463612993	0.16575506555223934	0.6670010398116308
0.16616653222368213	0.1661823746537795	0.6676510931225385
0.1662981678615716	0.16650894615626585	0.6671928859821626
0.16671209811805046	0.16564562551726514	0.6676422763646845
0.16729421245618517	0.16645215347268322	0.6662536340711318
0.1670886029904732	0.16576087129868833	0.6671505257108385
0.16700997350169916	0.1658209804141882	0.6671690460841129
0.16681465284649527	0.1667800364926012	0.6664053106609036
0.1662447284441761	0.16643073571424327	0.6673245358415807
0.16622231006076293	0.16624150104072352	0.6675361888985136
0.16676036593398905	0.16587221705222216	0.6673674170137889
0.16703816886659484	0.16571140589737335	0.667250425236032
0.16719045332669139	0.16605293957105394	0.6667566071022548
0.16613630322246034	0.16620728141347185	0.667656415364068
0.16628504183576812	0.16637568286281934	0.6673392753014127
0.16696443678349338	0.16567989895742605	0.6673556642590807
0.16649261504205343	0.16632264984149203	0.6671847351164547
0.16707631964719755	0.1664999877267737	0.666423692626029
0.16612659039075306	0.16663513467332686	0.6672382749359201
0.1667933129967365	0.16669911468269683	0.6665075723205667
0.16731610230597704	0.16662098272005357	0.6660629149739695
0.16672436238501884	0.16678781091887207	0.6664878266961092
0.16686317718937352	0.16648886546615876	0.6666479573444678
0.16634856529902026	0.1665242527825734	0.6671271819184065
0.16661823577016646	0.16655763485281747	0.6668241293770163
0.16703996627488493	0.1658463095649933	0.6671137241601219
0.1670788679834228	0.1657182535863283	0.6672028784302491
0.16662955548821723	0.1660575668319381	0.6673128776798448
0.1662820937599083	0.16656865199973253	0.6671492542403593
0.16716818569937353	0.16604291479396974	0.6667888995066569
0.16669221456894187	0.16625896004057505	0.6670488253904832
0.1668963655958625	0.1662966059857871	0.6668070284183505
0.1664471619172497	0.1666768681920688	0.6668759698906817
0.16671248669725977	0.16636712267560122	0.6669203906271393
0.16707916447428273	0.1659709046974816	0.6669499308282358
0.16691228880572853	0.16628965185732683	0.6667980593369447
0.1672468251495207	0.16593012452490022	0.6668230503255792
0.16655770889022223	0.16612751898014427	0.6673147721296335
0.16637695306813108	0.16634253005496138	0.6672805168769076
0.16686420950759445	0.1660662201963511	0.6670695702960545
0.16667032622854402	0.16645468965471572	0.6668749841167403
0.1670596106752073	0.165720744830617	0.6672196444941758
0.16682863956234067	0.1661146570570796	0.6670567033805799
0.16688277245198174	0.16663086942264524	0.6664863581253732
0.16671839278261819	0.16590428572250376	0.6673773214948782
0.1667097000218442	0.16565871771355384	0.6676315822646021
0.16635464164712876	0.16603807674602694	0.6676072816068443
0.16641161462245746	0.1667427666544975	0.6668456187230452
0.16690586962169396	0.16593093871870412	0.667163191659602
0.1663272068675144	0.16601495743574968	0.667657835696736
0.16664776642647106	0.166004540828743	0.6673476927447861
0.16670756234049086	0.16582890219793694	0.6674635354615723
0.16717166168779987	0.1660101883999426	0.6668181499122576
0.1672630397840455	0.1664993309933657	0.6662376292225889
0.16612953818955145	0.16621906002005435	0.6676514017903943
0.16624722415758963	0.1664362017818976	0.6673165740605129
0.16723328231992687	0.1666635251386659	0.6661031925414074
0.16652086751264983	0.16630193507300323	0.667177197414347
0.1662734207953846	0.16622644825487104	0.6675001309497445
0.1670589090628262	0.16668540013374217	0.6662556908034317
0.16664915071687336	0.1663286111018366	0.6670222381812903
0.16647513489634175	0.16635523027822607	0.6671696348254323
0.16660657756764635	0.1664781575283668	0.6669152649039869
0.16669470025886385	0.1667961501892105	0.6665091495519258
0.16710058092974522	0.16670565763490908	0.6661937614353458
0.16657679544474877	0.16610212434159358	0.6673210802136578
0.1662912975574321	0.16612872328999595	0.6675799791525721
0.166296927261158	0.16637825663713596	0.6673248161017062
0.16695700083305676	0.16597740124633836	0.667065597920605
0.16703652127275898	0.16679002878282345	0.6661734499444176
0.1666595349156459	0.16684299645054507	0.6664974686338092
0.1669939792840578	0.16667794128179353	0.6663280794341488
0.16674990542258422	0.16600135972006572	0.6672487348573501
0.1664395096399402	0.16664188589168014	0.6669186044683798
0.16695384798837495	0.16670679805121408	0.6663393539604111
0.16721843521353558	0.16651333226831727	0.6662682325181473
0.1670703277216279	0.16629229272975127	0.6666373795486209
0.16611210446967495	0.16628440693731844	0.6676034885930067
0.16634464608379212	0.16667575804614496	0.6669795958700631
0.16717264344544192	0.16639110051731779	0.6664362560372403
0.16701057081390905	0.1665122175186013	0.6664772116674897
0.16675414216682816	0.16576778790539043	0.6674780699277816
0.16645769622677392	0.16629807711331487	0.6672442266599112
0.16616746696975443	0.16682534457629705	0.6670071884539486
0.1668549215778436	0.16640797854718878	0.6667370998749678
0.1669368220280864	0.1658480805538913	0.6672150974180224
0.16702364317935886	0.16598366741358433	0.666992689407057
0.16630497212737716	0.16631971115512262	0.6673753167175003
0.1670728126773759	0.16657233339835575	0.6663548539242684
0.16687473961270446	0.16595078165833793	0.6671744787289577
0.16723418792380065	0.16610475723356727	0.6666610548426322
0.1670371165358848	0.16591348532248634	0.667049398141629
0.16707172930366437	0.1658947917313405	0.6670334789649952
0.16709894716728857	0.16579518195081572	0.6671058708818959
0.1666215375046692	0.16597994103365055	0.6673985214616803
0.16665956247409058	0.16601705142415057	0.6673233861017589
0.16682925762338485	0.16622867814808934	0.666942064228526
0.1670327813023332	0.16666256320205797	0.6663046554956089
0.16715800810104361	0.16655910194021745	0.666282889958739
0.1666631145607282	0.16574035093962908	0.6675965344996428
0.16610747683008592	0.16666708453268858	0.6672254386372256
0.16724606099083722	0.16565424603791762	0.6670996929712453
0.16707939424648788	0.16649497578111117	0.6664256299724011
0.16701750492138873	0.16627886238355552	0.666703632695056
0.16706823019556483	0.16601734132814833	0.6669144284762869
0.166146501054297	0.1665542529542658	0.6672992459914373
0.16685328924048382	0.16610049007862154	0.6670462206808947
0.1671245439953531	0.1657188520581137	0.6671566039465333
0.16724973830555598	0.16653328095349357	0.6662169807409506
0.16670089683725484	0.1665003073959208	0.6667987957668244
0.16678739561903422	0.16605790772362572	0.6671546966573402
0.1671685448366061	0.16671970963361937	0.6661117455297747
0.16616019672327667	0.16620630115872895	0.6676335021179945
0.16631696199229376	0.16683423862198826	0.6668487993857182
0.16629562256204866	0.1660549311225304	0.667649446315421
0.16711638040390633	0.16640927307472547	0.6664743465213683
0.16682612535727273	0.16631561596721628	0.6668582586755112
0.1668842536653452	0.16681162735803856	0.6663041189766163
0.16667442523488823	0.16620722602570304	0.6671183487394089
0.1665430589954442	0.16634168060252358	0.6671152604020323
0.1661911432830677	0.1667227156883259	0.6670861410286065
0.16716768220989786	0.16633353873388024	0.666498779056222
0.16628113322693366	0.16673348669413535	0.6669853800789312
0.16690624177336894	0.1659438707294859	0.6671498874971453
0.16688237690742277	0.16577455979816902	0.6673430632944084
0.16648270132167206	0.16642072205727745	0.6670965766210506
0.16685224741112917	0.16607584726228475	0.6670719053265862
0.16715557869896458	0.1658465637911381	0.6669978575098974
0.16617716455522907	0.16646376665438722	0.6673590687903839
0.16611541933192567	0.16642068910950372	0.6674638915585707
0.16685759361928842	0.16649897496958044	0.6666434314111312
0.16679590301118166	0.16625535819782705	0.6669487387909914
0.16651073846436024	0.16645361575834755	0.6670356457772924
0.16676307588779246	0.16608942496744777	0.6671474991447599
0.16697376116175888	0.1658640728066364	0.6671621660316048
0.16628578267090793	0.16666998177784806	0.667044235551244
0.16669170218667212	0.1662358701848763	0.6670724276284516
0.1669741732524616	0.16583130080941466	0.6671945259381239
0.16660647336788184	0.1665530523534235	0.6668404742786949
0.16687568510708362	0.1662018585617943	0.6669224563311222
0.16693480473020184	0.16617365722881458	0.6668915380409837
0.1669544581372296	0.16589950536307763	0.6671460364996928
0.16710438547313275	0.1656925993934934	0.6672030151333739
0.1667492724193983	0.1662690675988286	0.6669816599817733
0.1671636574417762	0.16626105068122898	0.6665752918769949
0.16728284093798917	0.16589044798853955	0.6668267110734714
0.1669288853351603	0.16579507337241461	0.6672760412924252
0.16663970488382523	0.16667239886469715	0.6666878962514777
0.16682827896457192	0.1667347953603795	0.6664369256750486
0.16701537448325524	0.16588587798183624	0.6670987475349086
0.16650915398262373	0.1667440290852854	0.666746816932091
0.16728673810516254	0.16610078450792548	0.6666124773869122
0.1671294131874402	0.1663415480184982	0.6665290387940617
0.16659796748341396	0.16638335524457534	0.6670186772720108
0.1672018834113403	0.16637307067339493	0.6664250459152649
0.16712165717476946	0.16567165351508106	0.6672066893101496
0.1671196001942403	0.1661753634796434	0.6667050363261164
0.16706541838267358	0.16575084501630782	0.6671837366010187
0.16706122723867456	0.1660546699076415	0.666884102853684
0.16641818481213036	0.16684368392275	0.6667381312651197
0.16711824627438948	0.1660167974654998	0.6668649562601108
0.16651969506025505	0.1662902093204868	0.6671900956192582
0.16728212471228832	0.16563574273716708	0.6670821325505447
0.16642928554114023	0.16626566089300163	0.6673050535658582
0.16656721506810487	0.1659896289205861	0.6674431560113092
0.167284895388333	0.1664795070795423	0.6662355975321248
0.1669955442280451	0.16656912708619404	0.6664353286857609
0.16728203477917422	0.16661214346023207	0.6661058217605937
0.16649719035309674	0.1658341272085414	0.667668682438362
0.16691431634309617	0.16617009475218097	0.666915588904723
0.166476745084826	0.16620386267106624	0.6673193922441079
0.1664548028248739	0.1667697426592938	0.6667754545158324
0.16659183669777777	0.16621623714363254	0.6671919261585898
0.16649462977061355	0.1665360600254111	0.6669693102039755
0.1671773379908524	0.16610736491576045	0.6667152970933873
0.16657778319039246	0.16584118848381163	0.667581028325796
0.16655037518834007	0.16591320248537328	0.6675364223262867
0.16690052394967742	0.1666329344168282	0.6664665416334945
0.16667970355445777	0.16666064060221414	0.6666596558433282
0.16699201876706427	0.1665492142266459	0.6664587670062899
0.16685227955117538	0.16671053983300146	0.6664371806158234
0.1662523465815777	0.166272365210627	0.6674752882077954
0.16654843873311734	0.16644980357647343	0.6670017576904093
0.16646208195218398	0.1663388202969573	0.6671990977508588
0.16642523231705392	0.16602384832290906	0.6675509193600371
0.16646604444238192	0.16597321991527167	0.6675607356423465
0.1668280566550458	0.16677840150363638	0.6663935418413179
0.167077444550992	0.1665403514924772	0.6663822039565309
0.16731805574262018	0.16655704874563818	0.6661248955117418
0.1669356339273254	0.1659082676847768	0.6671560983878979
0.16669753549334165	0.1656756121223354	0.6676268523843231
0.16655451763130535	0.16658548021013286	0.6668600021585619
0.1667592022309436	0.16642312074366236	0.6668176770253942
0.1661932508891962	0.16658461304738154	0.6672221360634224
0.16672609925831028	0.16569760507471737	0.6675762956669725
0.16691174316203042	0.16595831016890228	0.6671299466690674
0.1663581437484732	0.16630169677145407	0.6673401594800729
0.16668362171594453	0.1663047454433156	0.66701163284074
0.167091702921192	0.1667118880973839	0.6661964089814243
0.1671837755456857	0.16666230027069526	0.6661539241836192
0.16664341350560535	0.16591244624019535	0.6674441402541994
0.16643573379528276	0.16650506625727324	0.6670591999474442
0.16714666641263465	0.16661817470857715	0.6662351588787883
0.16675326859645057	0.16673576594340261	0.666510965460147
0.16724317870089309	0.1662214643865021	0.6665353569126049
0.1663676498974307	0.16642405062169272	0.6672082994808768
0.16712487383861055	0.1658146146339568	0.6670605115274328
0.16688177531675488	0.16635622034519076	0.6667620043380544
0.16703975453915684	0.165666857659298	0.6672933878015452
0.16729974959879296	0.1665340120650238	0.6661662383361833
0.16677548061661998	0.16628578711356645	0.6669387322698137
0.16727237350472018	0.1660713889384137	0.6666562375568663
0.1665282787994579	0.16612882757800806	0.6673428936225342
0.16668687951983002	0.16680287959783624	0.6665102408823339
0.16712078432663918	0.16678580076987148	0.6660934149034894
0.16709079610080685	0.16638312331414706	0.6665260805850461
0.16618009512716014	0.16681136283869005	0.6670085420341499
0.16612207226069942	0.16655384445878407	0.6673240832805165
0.1670819462741806	0.16586417045798404	0.6670538832678354
0.1668038933201108	0.16651931084693145	0.6666767958329578
0.16731533164549542	0.16614476936492012	0.6665398989895845
0.16672549503142636	0.16676327674404834	0.6665112282245255
0.1665337291973964	0.1658155131133216	0.6676507576892822
0.166309948148458	0.1668455345408284	0.6668445173107137
0.16710803247049674	0.16597756238096	0.6669144051485434
0.16733084644223273	0.16604015367982278	0.6666289998779447
0.1671220709309019	0.1656511091384127	0.6672268199306856
0.16725356935580005	0.16660404398449696	0.6661423866597032
0.16659219718523124	0.16653953562733698	0.6668682671874319
0.16713695532679015	0.1661308745795343	0.6667321700936757
0.1663824416243984	0.16620961465078715	0.6674079437248146
0.16655693193447546	0.166639779660982	0.6668032884045427
0.16632261719844652	0.16629963629045935	0.6673777465110942
0.16724897992692028	0.16577847850805644	0.6669725415650234
0.16664438459594894	0.1656764437100926	0.6676791716939585
0.1671119564731442	0.16677210866352749	0.6661159348633284
0.1666808415793178	0.16579323002315655	0.6675259283975257
0.1668497244913582	0.16589046305224125	0.6672598124564006
0.16728495892664005	0.16593866943578667	0.6667763716375734
0.16706165316290647	0.1664256616583531	0.6665126851787405
0.1670713663129051	0.1663648027453751	0.6665638309417199
0.16719075433373837	0.16643228551551126	0.6663769601507505
0.16642144503184028	0.16659253110369898	0.6669860238644609
0.1672716229737734	0.16582900391799427	0.6668993731082324
0.16661685823854247	0.16591564177575238	0.6674674999857053
0.16628393085537943	0.16605721440407623	0.6676588547405444
0.1663696212974311	0.16616165703727703	0.6674687216652919
0.16649055378001557	0.16646882116023343	0.6670406250597511
0.16611785115428962	0.16669212308293258	0.667190025762778
0.16656459440477567	0.16679721025316696	0.6666381953420575
0.16662231325372392	0.16683538636639894	0.6665423003798773
0.16672163392382822	0.16651477332097397	0.6667635927551979
0.16709337249512948	0.1664029727958065	0.6665036547090641
0.16690140468498607	0.16653365820748606	0.666564937107528
0.16653853180890243	0.16579080601807072	0.667670662173027
0.166282772384043	0.1667399033578277	0.6669773242581294
0.16615729962715112	0.16631088124134125	0.6675318191315078
0.16723326857368567	0.1662897037303825	0.666477027695932
0.16692482745740703	0.16632991091964233	0.6667452616229508
0.16705717743567594	0.16678458857602702	0.6661582339882972
0.16632527936729358	0.16659687535277856	0.667077845279928
0.16690931192759362	0.16592513064346376	0.6671655574289427
0.16636591480344734	0.16617084087241066	0.6674632443241422
0.16676021128735521	0.1667199111748037	0.6665198775378411
0.16716736443021887	0.16597140892022505	0.6668612266495562
0.16706342156402032	0.1658066190847518	0.6671299593512279
0.16675353977397864	0.16567420769038388	0.6675722525356376
0.16727139412586117	0.1658178585605246	0.6669107473136143
0.16725926680778494	0.16594077081585124	0.666799962376364
0.16681722797010684	0.166479523295063	0.6667032487348303
0.16638519730490198	0.1661084524347995	0.6675063502602986
0.16712145691096733	0.16676654734923546	0.6661119957397974
0.16689392162168498	0.1660904337457474	0.6670156446325677
0.166930784980423	0.16565723865216475	0.6674119763674123
0.16638411536023975	0.16645241275001907	0.6671634718897412
0.16733705601765111	0.16635551201212262	0.6663074319702263
0.166717543136294	0.16579900500591316	0.667483451857793
0.16691670184988003	0.16649516098986006	0.66658813716026
0.1669195502012688	0.16615411441618566	0.6669263353825456
0.16696212433310922	0.1666371878222861	0.6664006878446047
0.16654894796646838	0.1668486569366911	0.6666023950968407
0.16686925909927927	0.16563818881773973	0.6674925520829811
0.1671247327024626	0.16571575123231297	0.6671595160652245
0.1665631678597382	0.16589604391830576	0.6675407882219562
0.16633098574087296	0.16620376436122739	0.6674652498978998
0.1662799041311108	0.1660546280578934	0.6676654678109959
0.1666101994868685	0.16574522659629076	0.6676445739168408
0.16656286636561235	0.1667484175407955	0.6666887160935923
0.16621432880018602	0.16648032913914335	0.6673053420606707
0.1667695746570479	0.16633483583701603	0.6668955895059362
0.16642006090039935	0.16678329606655912	0.6667966430330416
0.16668787047229144	0.16579641167384704	0.6675157178538617
0.16656639586339622	0.16663453257785843	0.6667990715587455
0.16715052614200274	0.16636080583742346	0.6664886680205739
0.16695017055170652	0.16643924635010504	0.6666105830981885
0.1670646557248669	0.16619665880477852	0.6667386854703548
0.16675178561925907	0.16669901166908926	0.6665492027116517
0.1664925608499081	0.16656325418927503	0.666944184960817
0.16665024717053653	0.16574348933320768	0.6676062634962558
0.16642470509564178	0.16616846674943994	0.6674068281549184
0.1664846962073152	0.16677092575189192	0.6667443780407929
0.16685544118231327	0.1661991155408295	0.6669454432768573
0.16667067971470223	0.16576794947263612	0.6675613708126618
0.167027886207407	0.16631831646168876	0.6666537973309044
0.16726120701957836	0.1660126915616214	0.6667261014188004
0.16695972317023933	0.1666303421738191	0.6664099346559418
0.16707492822873823	0.16619053234524253	0.6667345394260193
0.16651671305293686	0.16682045224722483	0.6666628346998384
0.1669801293193304	0.1659021924871678	0.667117678193502
0.16691529989627302	0.16644764059067355	0.6666370595130535
0.16704150898588646	0.16614545707876713	0.6668130339353466
0.16638591919934567	0.16607178675921502	0.6675422940414395
0.16694728580598017	0.16657289646362222	0.6664798177303977
0.16668661597187504	0.16575605305919772	0.6675573309689273
0.16623820948425955	0.16621605698739275	0.6675457335283479
0.16719471696587795	0.16647992429917471	0.6663253587349475
0.16681933202920082	0.1667230297868661	0.6664576381839331
0.16673883541801862	0.1657795511324972	0.6674816134494843
0.1662567430652665	0.16617917610067587	0.6675640808340577
0.16733573067282245	0.1658666970617732	0.6667975722654045
0.16727820200531587	0.1659250678613271	0.6667967301333572
0.16623027959219983	0.16616650538461392	0.6676032150231864
0.16609943321745074	0.16632766479336925	0.6675729019891801
0.1668691679836055	0.1660948067864519	0.6670360252299428
0.16705626462598447	0.16664564293101614	0.6662980924429995
0.16710032430046712	0.16674289818801785	0.6661567775115151
0.16639733346828806	0.1662054201172442	0.6673972464144678
0.16717282427470923	0.16646370472902838	0.6663634709962625
0.16663138076635095	0.1667280533333227	0.6666405659003265
0.1663358385710673	0.1668056242170608	0.666858537211872
0.16628935787499655	0.1664052274956504	0.6673054146293532
0.16730675743881945	0.1663079405424897	0.666385302018691
0.1668366537881698	0.16644099146295574	0.6667223547488745
0.166645219938925	0.16650488212063194	0.6668498979404431
0.1666610630269374	0.16570418830128117	0.6676347486717815
0.16653214112436587	0.16675442568490612	0.6667134331907281
0.16698380840841287	0.16565878843502668	0.6673574031565606
0.1673233178130801	0.16584626682173698	0.666830415365183
0.16663994904333385	0.16626932418677787	0.6670907267698883
0.16647146929293782	0.16608559620293256	0.6674429345041297
0.16674285844369152	0.16615432487104476	0.6671028166852638
0.16683528107400414	0.1663984533545236	0.6667662655714723
0.16711552490992793	0.16608808492963587	0.6667963901604363
0.16657489370416947	0.1661822054656788	0.6672429008301518
0.16714453015211495	0.16649049083050416	0.666364979017381
0.16674514236473414	0.16564180958953795	0.6676130480457281
0.16722696263739978	0.16636369821430302	0.6664093391482974
0.16706562982084014	0.1666615820876216	0.6662727880915384
0.16667167670435779	0.16631747535783453	0.6670108479378078
0.16727446550726277	0.16640618394361184	0.6663193505491256
0.16677581586766874	0.16627135522035077	0.6669528289119806
0.16712557671158096	0.16562540997251401	0.6672490133159051
0.16631535800556077	0.1663973746684676	0.6672872673259718
0.16669060436180858	0.1666658753111218	0.6666435203270697
0.16620884946101053	0.16650741292895643	0.6672837376100331
0.16653653754532316	0.1662314405053499	0.6672320219493271
0.16712869942918	0.16659565935283988	0.6662756412179802
0.16704921350972754	0.16655145921411763	0.6663993272761549
0.16683178006068844	0.16574199150833818	0.6674262284309735
0.16708836281851616	0.16670153123127412	0.6662101059502099
0.16655451072630303	0.16619200331525125	0.6672534859584458
0.16644959790626745	0.1668098823960516	0.666740519697681
0.16652410537565196	0.16640513964078582	0.6670707549835624
0.1671334987249133	0.16587916897578753	0.6669873322992994
0.16621715687095026	0.16665742602108463	0.6671254171079652
0.16693435171342338	0.16610903231951735	0.6669566159670595
0.167273282773672	0.16589382090388932	0.6668328963224388
0.16664935648898294	0.16614932048907957	0.6672013230219376
0.16668420534886288	0.16584874914183606	0.6674670455093011
0.16714417382378594	0.16565675857165255	0.6671990676045616
0.16646063693571433	0.1660611610387556	0.6674782020255301
0.16687792226223486	0.16577963817699465	0.6673424395607706
0.16625690654293554	0.16678361734809666	0.6669594761089679
0.16714864332966806	0.16591662081284936	0.6669347358574826
0.16702487476193303	0.16627907880643644	0.6666960464316306
0.16643018852006208	0.16620969690945803	0.66736011457048
0.16709894340031323	0.16631327668012244	0.6665877799195645
0.16694696704687595	0.16591649217096466	0.6671365407821594
0.16647959520690414	0.16613828149471405	0.667382123298382
0.16691916571364465	0.16577730905443372	0.6673035252319217
0.1672371138526742	0.16646246929602954	0.6663004168512964
0.16683658131606985	0.16648900648115944	0.6666744122027708
0.16677251777143304	0.16625694693049042	0.6669705352980766
0.16676679663152272	0.16595650611419627	0.6672766972542812
0.16617408438164422	0.16643434658373957	0.6673915690346164
0.16723887178795824	0.16666435734040902	0.6660967708716329
0.16674284021207875	0.1662066645069133	0.6670504952810081
0.16635798496543636	0.16660754997738314	0.6670344650571806
0.16693236134018716	0.16575871155077787	0.6673089271090351
0.1668228011001862	0.16576515462386077	0.6674120442759531
0.16713783986056144	0.1665668627272798	0.6662952974121589
0.16656422594344766	0.16586092459621368	0.6675748494603387
0.16645462610293982	0.16595455564140674	0.6675908182556536
0.16637884006575787	0.16641781076466672	0.6672033491695755
0.16688353583960083	0.1663478259400512	0.6667686382203482
0.16659610840238148	0.16585224682974767	0.667551644767871
0.1669972399807593	0.16632807141569	0.6666746886035508
0.1664345032755484	0.16594978235648367	0.6676157143679681
0.16613440611750957	0.1662447861463689	0.6676208077361216
0.16681029598306096	0.16658549404970957	0.6666042099672296
0.16690046305497916	0.166380516283139	0.666719020661882
0.16670658128288815	0.16643783406996182	0.6668555846471501
0.1663661922140294	0.16611042502907314	0.6675233827568976
0.16689079188375466	0.16598783644956033	0.6671213716666851
0.1668817536659182	0.16573376546821936	0.6673844808658626
0.1664344444564451	0.1665071609441647	0.6670583945993904
0.166428503731295	0.16669378733869017	0.6668777089300149
0.16691834785021623	0.16641930842352048	0.6666623437262634
0.1670159190879917	0.16660682623630074	0.6663772546757076
0.16726216623151385	0.1665128026935575	0.6662250310749288
0.16647571241545372	0.16616435486319908	0.6673599327213473
0.16636904185275037	0.16634922444254638	0.6672817337047035
0.1670700058272794	0.16679350248278652	0.6661364916899342
0.16716072647140093	0.16611779504301133	0.6667214784855879
0.16733080319522423	0.166223036074748	0.6664461607300279
0.16646489575581105	0.166528441914899	0.6670066623292901
0.16723320096886563	0.16586735240477657	0.6668994466263579
0.16695017242641794	0.16603136846830707	0.6670184591052751
0.1662735864755845	0.16621390005259745	0.6675125134718183
0.1668399485441741	0.1667053352616618	0.6664547161941642
0.1669178627288691	0.1662046066034099	0.666877530667721
0.16722260880048623	0.16580842374696358	0.6669689674525503
0.16675811206460997	0.16666168617678262	0.6665802017586075
0.16729102857545378	0.16614535632994754	0.6665636150945988
0.16726417450697936	0.16642603260988792	0.6663097928831327
0.16719007551620732	0.16612515229767186	0.6666847721861209
0.16725207080058124	0.16586943073628124	0.6668784984631376
0.1664564365831673	0.16660671926860215	0.6669368441482306
0.16707800074128343	0.16593959827677396	0.6669824009819427
0.1671912192557406	0.16628889978405098	0.6665198809602086
0.16645464060766876	0.16609366465515135	0.66745169473718
0.16691024516372227	0.1659833966585489	0.667106358177729
0.16671901133195213	0.166317882420851	0.666963106247197
0.16696690068268139	0.16662138738541754	0.6664117119319012
0.16655671390102575	0.1667030262333225	0.6667402598656518
0.16641798056213408	0.1659491059734628	0.6676329134644032
0.16676742218932017	0.16592759593026918	0.6673049818804108
0.16716882860122367	0.16593319388592065	0.6668979775128558
0.16654258213111073	0.16680088965717277	0.6666565282117167
0.1668285189715554	0.1664972026221272	0.6666742784063175
0.16667211508175822	0.1658122241394227	0.6675156607788192
0.16610915177417745	0.16633802234561054	0.6675528258802121
0.16634303111980825	0.1660084141907254	0.6676485546894665
0.16718006840078403	0.16577119396195766	0.6670487376372585
0.16682040899106337	0.16578944263114712	0.6673901483777896
0.16685357374206372	0.16601824304098867	0.6671281832169478
0.16723014074372086	0.16607733339565262	0.6666925258606267
0.1670359845670362	0.16602499120365727	0.6669390242293066
0.16695197276009205	0.1667909210274694	0.6662571062124387
0.1669582758719093	0.16675516916270477	0.666286554965386
0.16663391732438673	0.16674899880790917	0.6666170838677041
0.16690611870999866	0.16622457511193545	0.666869306178066
0.1666859719662765	0.16577621505707396	0.6675378129766496
0.16720235887169313	0.166137392627983	0.666660248500324
0.16618827546444026	0.16666142168960701	0.6671503028459529
0.166289350045083	0.16611833357060005	0.6675923163843172
0.16733210671829363	0.16643117551034026	0.6662367177713663
0.16709854473603425	0.16649517060101832	0.6664062846629475
0.1664220890179079	0.1663767349427437	0.6672011760393486
0.1667101881476103	0.16657491897782128	0.6667148928745685
0.16696205572350284	0.16618187157307523	0.6668560727034221
0.16703289226857865	0.1661296950265601	0.6668374127048613
0.16658635924592496	0.16641472361764545	0.6669989171364297
0.16703532327978465	0.166167133886146	0.6667975428340694
0.1663148629696316	0.16675962234019445	0.666925514690174
0.1665914018934147	0.16654000341318664	0.6668685946933988
0.16675119090123633	0.16673325072285894	0.6665155583759048
0.16715911475114198	0.16584465122239345	0.6669962340264647
0.1670613378968633	0.16609321306446428	0.6668454490386726
0.16680166245770733	0.16646290174704315	0.6667354357952496
0.1671419535972763	0.1663148803308653	0.6665431660718586
0.16705862648936423	0.165940704111897	0.6670006693987389
0.16673255014179814	0.16668979216220586	0.6665776576959961
0.16677112563805574	0.16599649786535695	0.6672323764965874
0.1663383885669277	0.16660951723264864	0.6670520942004238
0.16701619350014493	0.16682581896243642	0.6661579875374187
0.16655998712766953	0.16646843826102709	0.6669715746113035
0.16732962669791354	0.16568524854371253	0.666985124758374
0.16612759934327187	0.16670369839598656	0.6671687022607418
0.16723066403688483	0.166429752344385	0.6663395836187302
0.16716043598272962	0.16600032998476405	0.6668392340325064
0.167090251124555	0.16569074144971335	0.6672190074257318
0.16668707517156328	0.16683286180230084	0.666480063026136
0.16627628487349494	0.16619382862386395	0.6675298865026412
0.16690655732096854	0.16608397201768194	0.6670094706613496
0.16643706717045353	0.1659554918767404	0.6676074409528061
0.16612013215616966	0.16648860062316131	0.6673912672206691
0.16651771200746812	0.16647696381509686	0.6670053241774352
0.16693560585454476	0.16590775958561882	0.6671566345598365
0.16674189968468375	0.1658326876278075	0.6674254126875089
0.16678668397063373	0.1664235081718407	0.6667898078575256
0.16680896527295352	0.16567813493425068	0.6675128997927959
0.1663141861352209	0.16673206608667612	0.6669537477781031
0.16719717781262333	0.16646524951895086	0.666337572668426
0.16615522827656615	0.166421653894445	0.6674231178289889
0.16645722603551605	0.1662929245354234	0.6672498494290606
0.16651516714468956	0.16621154968288773	0.6672732831724228
0.16685553825972743	0.16584718286102934	0.6672972788792433
0.16672714116283785	0.1660209667377473	0.6672518920994149
0.16621541237448	0.16673537609490913	0.667049211530611
0.16628340066983924	0.16637693428675038	0.6673396650434105
0.16652411371559925	0.1667469777887733	0.6667289084956276
0.16723933570388577	0.16665396007423328	0.6661067042218811
0.16631799210841175	0.16682434656637635	0.666857661325212
0.1670482343485406	0.16582192855512623	0.6671298370963332
0.16684601581127217	0.16581853161094007	0.6673354525777879
0.1668919471939741	0.16591224310223765	0.6671958097037883
0.16662147074171815	0.1658346850237593	0.6675438442345227
0.16612313594614225	0.1662668440613503	0.6676100199925076
0.16634145949744938	0.16610533086544277	0.667553209637108
0.1670688246008712	0.16589979781860809	0.6670313775805208
0.16710813554841933	0.16643842220714195	0.6664534422444388
0.16667767045568924	0.16636165977725184	0.666960669767059
0.16649026739071388	0.16624879074678994	0.6672609418624963
0.16701770181388648	0.16670874145805342	0.6662735567280602
0.16666563505563392	0.16673639257521478	0.6665979723691514
0.16733760260695119	0.1656510303449062	0.6670113670481428
0.16727794075640862	0.1658099927375113	0.6669120665060801
0.16634388352340293	0.16683591161354788	0.6668202048630494
0.16613407051453322	0.16680655534864544	0.6670593741368215
0.1665350712696942	0.1658119950312591	0.6676529336990469
0.16705987872674158	0.16595151151964166	0.666988609753617
0.16631651993075552	0.16609672812172638	0.6675867519475183
0.1668778133606938	0.1665488014413134	0.6665733851979929
0.16723796039194572	0.16588284734046718	0.6668791922675872
0.16686696345319982	0.16578351780432382	0.6673495187424765
0.1667611730300778	0.16582913566551247	0.6674096913044099
0.1664697590429182	0.1661294694987926	0.6674007714582894
0.1667902297442927	0.16625416510624155	0.6669556051494658
0.16713360576039554	0.16606837224018883	0.6667980219994158
0.16698126199145702	0.16644736910066132	0.6665713689078818
0.16705442560414976	0.1657630526798724	0.6671825217159779
0.16694609974454175	0.16662464807928778	0.6664292521761706
0.16694143283024906	0.16633696416445776	0.6667216030052933
0.16651172878325804	0.1668327991518224	0.6666554720649197
0.16724274253139992	0.16652451278882924	0.6662327446797709
0.16676828689913664	0.16657967333618745	0.666652039764676
0.1666494975312008	0.1656862114764837	0.6676642909923156
0.1665851304762473	0.16684840703552514	0.6665664624882277
0.1662660922715849	0.16678652737949912	0.6669473803489161
0.1671063692563828	0.1656602535987151	0.6672333771449023
0.16623856469272516	0.16626917624959392	0.6674922590576811
0.166826711818822	0.1658713694945545	0.6673019186866236
0.16727947317783606	0.16610275891316115	0.6666177679090028
0.16698723011841954	0.16592438274623794	0.6670883871353426
0.16643930188866102	0.16636662298362295	0.6671940751277161
0.1667313170412857	0.16663463519305083	0.6666340477656636
0.16645540028405503	0.1661959020418073	0.6673486976741378
0.16722406559065134	0.16653465107051885	0.66624128333883
0.16616860915555673	0.1667042597603159	0.6671271310841275
0.16650977486091004	0.16580950557790308	0.667680719561187
0.16674094099482129	0.1659102452727778	0.667348813732401
0.1663323810257284	0.16654414116553007	0.6671234778087416
0.16639767420751445	0.16655739548573234	0.6670449303067534
0.1665308662232715	0.16582990695434222	0.6676392268223864
0.16669601648119703	0.16590605992222318	0.6673979235965799
0.167184687564042	0.1665980793455169	0.6662172330904412
