0.16235294302598988	0.15899172316941654	0.32301179147014325	0.25861629320042623	0.0970272491340239
0.1620454178032802	0.1616466811678765	0.32274451094803225	0.2578031520662143	0.09576023801459654
0.1615024447212446	0.16148491599453735	0.3229017406609044	0.25703575940736273	0.0970751392159507
0.16055428665257276	0.16067847029188403	0.3234698800135646	0.25840566775196766	0.09689169529001077
0.1610870683078534	0.15942483416164152	0.32232489712159607	0.2575022191959075	0.09966098121300129
0.16155067315898064	0.16127129875078397	0.32186030578602803	0.2569300391304528	0.09838768317375435
0.16100357750679037	0.16095345451757165	0.32332732797629493	0.2572116479356791	0.09750399206366381
0.16073823501553197	0.1595061673362566	0.3236373935116693	0.25701752297083275	0.09910068116570919
0.16308131674765272	0.1614753888557113	0.32143080341602637	0.2568501844547575	0.0971623065258519
0.1632665857558646	0.15907874330226646	0.3214390200744367	0.25864204532023505	0.09757360554719695
0.1621988943802818	0.16035248530687626	0.3224629360815159	0.25859584647799344	0.0963898377533324
0.16301245526449576	0.16119104342458537	0.3219145559286254	0.25830423128388025	0.09557771409841298
0.16316971463742666	0.16055890170940496	0.3228080868018127	0.25710747055825384	0.09635582629310163
0.161267368781376	0.16248254529538625	0.3232577376857977	0.2582998337704072	0.09469251446703264
0.16095994832577137	0.16199963928956282	0.3230530921126531	0.2572988815415027	0.09668843873050983
0.16331847745301867	0.15983848167642778	0.3223698655321599	0.2583470255471157	0.09612614979127776
0.16076046305571412	0.15965870632601883	0.3226783817517853	0.2577712683453722	0.09913118052110936
0.16077108723525224	0.16035766780810537	0.32149044330715937	0.258346761812428	0.09903403983705485
0.16283877706681876	0.15984216658295816	0.32315618924789286	0.2586230509427927	0.09553981615953733
0.16280741608871327	0.16111289565906994	0.32126768929865945	0.2580661226031405	0.09674587635041665
0.1631487753161529	0.1616086276171375	0.32260317517834775	0.2576913763870353	0.09494804550132632
0.1623984462112742	0.15975664145066526	0.3223490878374482	0.2580257513102334	0.09747007319037876
0.16213153907423267	0.16037512454664143	0.32316675262417327	0.2587015431533235	0.09562504060162896
0.16088011370590952	0.16180294801235576	0.323018850493441	0.2569414143603562	0.09735667342793729
0.16151836858837287	0.16163619332664764	0.322662704343066	0.2568103463193295	0.09737238742258386
0.16122702028757893	0.1602963043238656	0.32164585095197684	0.2587578785725685	0.09807294586400993
0.16281655974666917	0.16089549467897535	0.32128300447168234	0.2580527220936649	0.09695221900900802
0.16053019973209082	0.16230029524436962	0.32274793449116973	0.2569235692685799	0.09749800126378971
0.16176280199012866	0.16031564386766103	0.32141762986808	0.25859773420923426	0.09790619006489586
0.16322945717144888	0.15999384521194657	0.3216576895667528	0.25715011492315054	0.09796889312670107
0.1609979898360674	0.16051688901837213	0.3225853365508173	0.25750933846047486	0.09839044613426812
0.1634141137260841	0.16038148456066442	0.322312410273798	0.2581436335942409	0.09574835784521238
0.1608867023549666	0.16199887804791013	0.32347055469110647	0.2571536910946728	0.09649017381134375
0.16127692768639215	0.16157575633622007	0.3237136173223166	0.25853668816281444	0.09489701049225657
0.16280840470026453	0.15933856677325153	0.32162565374646945	0.2580854192201547	0.0981419555598595
0.1622560632635976	0.16249095612956663	0.3215229425727417	0.2569240761965359	0.09680596183755792
0.162826176560402	0.15899594181658902	0.3226799894584963	0.25855417822595195	0.0969437139385606
0.16224139057121706	0.16064349974617764	0.3215227748377423	0.25752179111331974	0.09807054373154311
0.16133527732400277	0.1618652970218148	0.32263074977900796	0.25747874922883174	0.09668992664634257
0.16119401111522777	0.1621916869250669	0.3212760935314932	0.25777096324902904	0.09756724517918283
0.16317888934187968	0.15902934077450342	0.3223048005493747	0.2573533918516556	0.09813357748258644
0.16141389263317835	0.15964044194317967	0.3222024096957109	0.25841382037192145	0.09832943535600944
0.16354868771358538	0.16065313242533502	0.3216672924077607	0.25696613617811687	0.09716475127520183
0.16308945789118875	0.16146252772048375	0.3231678750987008	0.2575437082740722	0.0947364310155543
0.16122531697080325	0.16264732869908727	0.3221630246664465	0.2578736620252222	0.09609066763844054
0.16255632613151272	0.15979570876252394	0.3218577443721685	0.25771976733317614	0.09807045340061847
0.16253018410364786	0.16145143093993264	0.32326323011122327	0.25693495158159124	0.09582020326360483
0.16186072366383145	0.16182455915279909	0.3228558658858979	0.25850055366977875	0.09495829762769259
0.16324137289935703	0.16002591977254477	0.3212222837794865	0.25839572227944824	0.0971147012691633
0.16327763912337467	0.1591829430058503	0.3236947573094317	0.2570477776572361	0.09679688290410704
0.16297181814334466	0.16093847057502492	0.32236741240984246	0.25698241064387695	0.09673988822791084
0.16171796316108938	0.16032514873225806	0.32365522157634846	0.2579482075457138	0.09635345898459013
0.16223384820360412	0.15952610558533142	0.3228803344574297	0.25710427015549797	0.09825544159813658
0.16288888920991584	0.16016579775479328	0.3220360172868864	0.25709186991705213	0.09781742583135214
0.16140574114722117	0.16191114586114186	0.3236558128486373	0.2573948880496675	0.09563241209333197
0.16303472560614052	0.1601109827721649	0.323204725584657	0.2581954049999603	0.09545416103707714
0.16144138224320578	0.15987657833796212	0.32238663141612417	0.25709933653330735	0.09919607146940039
0.16140373633212715	0.15917493696692744	0.3225822973900707	0.2575358373519742	0.09930319195890033
0.1627568380916652	0.1592926734424223	0.32299347115727	0.2582004915649667	0.0967565257436756
0.16159578595190824	0.16212900467915267	0.32185618829536644	0.25789031480723434	0.09652870626633807
0.16215940231682796	0.16063350560020576	0.32323859809092803	0.2569450713541792	0.09702342263785879
0.16113416981372428	0.1621471764941976	0.3220177076617054	0.25863130307855836	0.09606964295181414
0.16206911536897645	0.1604277224233701	0.3237102969469289	0.2581582028284508	0.09563466243227355
0.1606202917001549	0.16053815446501693	0.3229980094190938	0.258425223712873	0.0974183207028611
0.1613628410127068	0.16034413562995092	0.3224265123678179	0.2584005090000953	0.09746600198942897
0.16118931156979988	0.16093955277029223	0.32161662051646867	0.2571546500246302	0.09909986511880879
0.16208802792382138	0.16123679458329615	0.3221788871668736	0.25823299956200235	0.09626329076400628
0.16246400320602084	0.16182800993186852	0.321389688317468	0.2576868938303642	0.09663140471427825
0.16259998572830656	0.160918353584828	0.322594200826676	0.2584938690840287	0.09539359077616054
0.16159672761684774	0.16008822632917796	0.3221738971526527	0.2580114832543825	0.09812966564693887
0.1631482395093878	0.1603377460687206	0.32205205480750143	0.2584348207108684	0.09602713890352166
0.1616367583376727	0.16070008721669857	0.32299395261212516	0.257714043042846	0.09695515879065739
0.16158485013643886	0.15942017744795434	0.322820538894786	0.2574162915844573	0.09875814193636334
0.16117126981234622	0.1625785490506942	0.32301778524428043	0.2584754584408715	0.09475693745180747
0.16243448494602505	0.16130207244703393	0.3218166865085675	0.25859065270378984	0.09585610339458346
0.16159112286820562	0.16118660476627256	0.32332948149181756	0.2587397389820696	0.09515305189163445
0.16164379786881125	0.16212182897857275	0.3223506462855435	0.25701038314440783	0.09687334372266446
0.16148203646202747	0.15942658468655704	0.3234272267707979	0.25740117244720206	0.09826297963341533
0.1625082608468325	0.15980098809177679	0.3236013901132631	0.25677261707151045	0.09731674387661694
0.16140215617727735	0.16229009626562954	0.32217885904690646	0.2582986149575341	0.09583027355265232
0.16348515322434928	0.15987148247824856	0.32206713149489596	0.2572030641774327	0.09737316862507327
0.16059249527277358	0.16133288306937793	0.3234011746659922	0.2580563420196983	0.09661710497215781
0.16222146568612092	0.15932825104205683	0.3229210897091147	0.2573898666345543	0.09813932692815305
0.1613140231937545	0.16043451972960274	0.3234986401849922	0.25805969887202884	0.09669311801962151
0.1634453108994428	0.16131622834307144	0.3216704993304513	0.2581834615481856	0.09538449987884863
0.16051783554646545	0.16229014109341416	0.3224382207600563	0.25732099186420987	0.09743281073585405
0.1618586315142384	0.1590045508156953	0.3226605796162201	0.25722386753152715	0.09925237052231886
0.1615440034214351	0.16000898388289506	0.32343587635555754	0.25769311728396443	0.0973180190561477
0.16345474793356707	0.16025125370790283	0.3215486895115608	0.258181384402941	0.09656392444402803
0.16261424250564327	0.1599781163773563	0.3222200855027519	0.2586799554257821	0.09650760018846621
0.16109781502238157	0.16243372737461173	0.3228899653371047	0.25825206721785626	0.09532642504804556
0.16214180105109843	0.15982508915678095	0.32197421368982954	0.25830747466376475	0.09775142143852611
0.1606223137936747	0.16211443866144878	0.32375151884007686	0.257769006824815	0.09574272187998445
0.1610273594024668	0.16158984779780344	0.3230909294886528	0.2570291151475764	0.09726274816350029
0.1623911146893701	0.16183232267949488	0.3214656046947678	0.25757431210116294	0.09673664583520401
0.16194858930635225	0.15911618804024513	0.32367244841215753	0.2585570595445272	0.09670571469671771
0.16256407042982074	0.15908760831754865	0.32357686420344456	0.25833906895750436	0.09643238809168152
0.16350914732589278	0.1592035253798724	0.3225549947405801	0.25684785099980423	0.0978844815538503
0.16092652790491524	0.15928967789276846	0.32304847973870754	0.2578199666161519	0.09891534784745665
0.16170097549800422	0.1621780553130513	0.32330145771095725	0.25682850189099804	0.09599100958698906
0.16146407352603187	0.1603300422475058	0.32245434410142154	0.25790915678565923	0.09784238333938139
0.16089737672517684	0.15965452683594636	0.3232881207585807	0.2581786993640629	0.09798127631623303
0.1609042578341398	0.16113617108176245	0.3215219738756563	0.25762802064671325	0.09880957656172794
0.16343450384622218	0.15984496742247722	0.32174990347193855	0.2574417715792557	0.09752885368010614
0.1623103414415045	0.16120581125961495	0.3214087655801231	0.2567737894348926	0.09830129228386471
0.1627576514628166	0.16230348175159792	0.3212565365254374	0.25782805955508137	0.09585427070506652
0.16045694198980268	0.16207080728748335	0.32152033301795285	0.25840889659882155	0.09754302110593932
0.1621866172919001	0.16120498709925632	0.32352523168800057	0.25730629801900085	0.09577686590184203
0.1619824620619434	0.16065262261213298	0.32294021037727594	0.25876470281194347	0.095660002136704
0.1626214776851323	0.16199987419309667	0.3212448065008313	0.258527689402222	0.09560615221871757
0.16085869805227898	0.15991361181419592	0.3229384484931883	0.2571222226044009	0.09916701903593575
0.16234156984331188	0.1597530939768743	0.32128421013112973	0.2576849782608933	0.09893614778779061
0.16094435168936294	0.161536165866707	0.32301482745663207	0.2582757489254248	0.09622890606187297
0.16137340414492538	0.1623043502270215	0.322013490138503	0.2575190037421331	0.09678975174741682
0.16068075153979133	0.16162814804031175	0.323375230874866	0.25804232417349815	0.09627354537153256
0.16064441949407907	0.16148218266689573	0.32360950523746584	0.25751508414983487	0.09674880845172432
0.16149778924282143	0.16235875635400954	0.3229879759604184	0.2577199897338008	0.09543548870894966
0.1613908724421289	0.1614881552772998	0.32196526486206833	0.257876828821125	0.09727887859737774
0.1623861624903812	0.16110786071326505	0.32347265139467907	0.25785985551296664	0.09517346988870788
0.16177945598522264	0.1614909364348928	0.32253674725908565	0.25731992969949585	0.0968729306213029
0.16357786400414098	0.1593589620033426	0.32318771054591977	0.2578617386095956	0.09601372483700082
0.16183342476543136	0.1616920784589753	0.3215326311727214	0.25744948534070533	0.09749238026216636
0.16083940808427202	0.1622731203327348	0.32209122971750537	0.2567966938515031	0.09799954801398446
0.16092181525813926	0.1610152567945431	0.32237292145395924	0.25739970590639216	0.09829030058696608
0.16140911555852328	0.15939296276762244	0.3217444287919847	0.25842442114695585	0.09902907173491346
0.16047866204242064	0.1617875323652175	0.3230202910091417	0.25839153292890554	0.09632198165431441
0.16289146018617248	0.16243316168100258	0.32176503914874627	0.2573798467106512	0.09553049227342729
0.1630131975795471	0.15902270614428293	0.3225040797045736	0.2572557322275166	0.09820428434407957
0.16127232667954078	0.1609919882691166	0.3233663995037502	0.25797448070691376	0.0963948048406785
0.16097326199310732	0.16126466834622655	0.323712097364687	0.25825061833568486	0.09579935396029411
0.16162025100280264	0.1609657444357233	0.3217797348380972	0.2576111240520863	0.09802314567129043
0.1626169875475131	0.16122722711906473	0.3227530581862461	0.2567438325229858	0.09665889462419006
0.16233783381353373	0.16147972283443154	0.32302330821657943	0.25841097586690853	0.0947481592685466
0.16132075300789372	0.1625558891354703	0.3212177033660587	0.2573124894537083	0.09759316503686873
0.16324091940443486	0.16133564900638972	0.32151281048267444	0.2570593462703282	0.09685127483617256
0.16082709760416458	0.16192634163263936	0.3234717891896488	0.25822149565521385	0.09555327591833324
0.16122423882984993	0.16056549783449142	0.32206533212007127	0.2580631576403109	0.09808177357527625
0.16213271283793107	0.15908741012893363	0.3230752295468323	0.25781272103948116	0.09789192644682168
0.16191037724202226	0.16133335388159276	0.3228212290553795	0.25858726242299235	0.09534777739801291
0.1624880270680591	0.16145967981476755	0.32158001891677224	0.25729016284861445	0.09718211135178649
0.16181475007282145	0.15984134911659817	0.3229531240942839	0.25863563316010296	0.09675514355619336
0.16128321324113676	0.15980153966403438	0.32204334367585297	0.25750686518981136	0.09936503822916433
0.1618352930310366	0.16046364706534655	0.32168182963175584	0.2583966892895208	0.09762254098234002
0.16310331343325873	0.16135304934065844	0.3216542334801138	0.25859184716715805	0.0952975565788108
0.16178835424101665	0.15980682834645327	0.32154230482694957	0.25856351316827725	0.09829899941730309
0.1630485477585551	0.16158027388209245	0.3226911865557766	0.25693864245292675	0.09574134935064887
0.16174727607303938	0.15970834960581856	0.3227336250865766	0.25779671513641744	0.0980140340981478
0.1633003352296375	0.1603021419986299	0.3229751971679495	0.2584614273135759	0.09496089829020704
0.1612775483509219	0.16212871471462975	0.32223018404209974	0.2569163243004571	0.09744722859189132
0.16074830479579072	0.1618480882188963	0.32292173128057844	0.258087454080385	0.09639442162434932
0.16314607660260336	0.16170989681919512	0.32161344219993315	0.2576042216902552	0.095926362688013
0.16081680065261741	0.15974950028192575	0.3230624043313699	0.2567774571879092	0.09959383754617758
0.16152430929373518	0.15988156780191398	0.3223909244195504	0.25760031228750985	0.0986028861972904
0.16357451447251342	0.15943704970487554	0.3223275466158913	0.25700114839612476	0.09765974081059478
0.16251896161278004	0.1590028859039483	0.3217442190475109	0.2572682120632522	0.09946572137250842
0.1632894146406616	0.1616727548084766	0.3217333625079594	0.2582713896611804	0.09503307838172176
0.16339847632291726	0.15959047769190893	0.3213103298767137	0.25859897300265966	0.09710174310580028
0.16302136461181688	0.16172625583830502	0.3214417391791892	0.2583856855109329	0.09542495485975577
0.16320765164677264	0.1599831621307986	0.32350752684311035	0.2583636436568261	0.09493801572249208
0.16293949413510211	0.160278896377406	0.3220687972829178	0.2570437874991259	0.09766902470544803
0.16352949480970577	0.16039125287403982	0.32247491949832074	0.2570942300672633	0.09651010275067023
0.16085922477733422	0.16100601173084617	0.322325867983159	0.2584697910901322	0.09733910441852828
0.16303922801021853	0.15983477971298704	0.32245639821404526	0.2569386678871983	0.09773092617555065
0.16080823446168574	0.16258653236073933	0.32236800805614513	0.2569255628096096	0.09731166231182001
0.1606901695531297	0.1614086899595107	0.3215341650499298	0.25866242155032987	0.09770455388709975
0.16289978266688465	0.15911502881867973	0.32295271224676436	0.25866028261867013	0.09637219364900093
0.16264946763484625	0.16121228973267104	0.32170853432050395	0.25707793478565566	0.09735177352632282
0.16284388014239773	0.15948856605382433	0.3218436390159235	0.2574264565815148	0.09839745820633944
0.16099998616524436	0.16094275245448197	0.32259286835464185	0.258391651218603	0.09707274180702857
0.16213936041379534	0.1598230075337415	0.3236222804232507	0.2574937695158128	0.09692158211339941
0.16229313934879114	0.15971288317020588	0.3230342198395735	0.25820121473772834	0.09675854290370098
0.1619538081394751	0.15921835658748773	0.3230939718767527	0.2586500870197169	0.09708377637656734
0.16290250767074776	0.1600215185819529	0.32207764716344756	0.2583111385206457	0.09668718806320586
0.1629517171126042	0.16066612720007886	0.3236755416974074	0.25724910123495437	0.09545751275495497
0.16196670102510496	0.15954531379862444	0.32150557373621275	0.2573836987196302	0.09959871272042743
0.1630134404544188	0.15976571455339966	0.32358172528634294	0.258509971444721	0.0951291482611174
0.16076406653244632	0.15964756412378575	0.3232898638442784	0.2583232587722185	0.09797524672727081
0.16339588688159518	0.16093835699643635	0.32241610275273486	0.25717020630586523	0.09607944706336817
0.16079922260508597	0.16133846278227268	0.32227457674829685	0.258194441211575	0.09739329665276937
0.16081359236559903	0.15917885394261694	0.32368948957508215	0.25856330422684254	0.09775475988985914
0.1616746026183081	0.1616683704768746	0.32129769651549417	0.25677223754820144	0.09858709284112147
0.1619532090277089	0.1613004411344001	0.32330389069047827	0.25692203038637773	0.09652042876103477
0.1610540968685329	0.16067864092366946	0.3227647498681807	0.25691220224904626	0.09859031009057045
0.16349486933970508	0.15933687713176198	0.32297690815940183	0.25861900410142097	0.09557234126770997
0.16187324778533194	0.16125306103083287	0.32282483684689073	0.25807514580149127	0.09597370853545299
0.1610032934971333	0.15902289681164516	0.32364554389487465	0.2587146619852233	0.09761360381112338
0.1635099973151775	0.15989412920169438	0.3234084248324132	0.25823199957460286	0.09495544907611184
0.16274239008780317	0.15925246645196708	0.32214868572796296	0.2584926942540281	0.0973637634782385
0.16169640441752917	0.16235248251129009	0.32281431226970075	0.25721750102687246	0.09591929977460728
0.16271258205266492	0.1601068891254685	0.32121651435386567	0.2577113501968653	0.09825266427113546
0.1619203587366591	0.16011901653792748	0.32221110312103973	0.2570461382596827	0.09870338334469081
0.16127169722595386	0.16264969933745307	0.32212357797884283	0.2571240139667521	0.09683101149099792
0.16146039649385696	0.16139437492273082	0.32361550716366677	0.2567561133256129	0.09677360809413237
0.16278433139002568	0.15973800088698326	0.32363117085089765	0.25798332610794894	0.0958631707641443
0.16294247371006967	0.16220847612287165	0.321971257708545	0.25783510634073836	0.09504268611777511
0.16100168508823193	0.16254006312259145	0.32205996327753633	0.25718449947232497	0.09721378903931514
0.16218942239470033	0.16193770915270042	0.3226682739548982	0.25776671429344855	0.09543788020425231
0.1621131445799539	0.1608557221756304	0.32269066840286575	0.2582242774329502	0.09611618740859956
0.162446631388023	0.16084168096717014	0.3215118973594603	0.25697354878456097	0.09822624150078538
0.16278865794313097	0.16056467081716397	0.3228199977215313	0.25801701799216625	0.09580965552600733
0.16174513925081357	0.16220660369183346	0.3221944263357932	0.25748938893786216	0.09636444178369744
0.1622867306780245	0.16033655577703593	0.3230927055764013	0.25746401587800366	0.09681999209053442
0.16129640621082447	0.1591861587907426	0.3225886848754616	0.2572127598453444	0.09971599027762668
0.16237081913709098	0.16111929750337928	0.32126398107721044	0.2576967585625879	0.09754914371973128
0.1635549999481327	0.16022250495331405	0.3214690559313955	0.25871937192386196	0.0960340672432956
0.162561336519406	0.15923240169592445	0.32249522363168015	0.25727653814145	0.09843450001153917
0.16092009404592209	0.1611045112674552	0.32243331352292837	0.25815832856479254	0.09738375259890164
0.16101826760330715	0.16205548127840805	0.32336908982729284	0.2585268185592375	0.09503034273175429
0.1623409125994683	0.15925542132321313	0.32201339927166406	0.2567714023332376	0.09961886447241669
0.16246272051436791	0.16176634633761164	0.3221304329627545	0.25865531604665537	0.09498518413861037
0.16151691956593445	0.16128026339693563	0.3220320833926647	0.2583902694701844	0.09678046417428066
0.16228602021330085	0.16151892466373693	0.32255455592548127	0.25824194034236697	0.09539855885511375
0.16303095855266608	0.1608537016980317	0.3233241306370652	0.25764600630421985	0.09514520280801694
0.1619312141829416	0.16092489655256778	0.32303295178949487	0.25704708564990913	0.0970638518250864
0.16236271904648258	0.16075814644182748	0.3233673625922535	0.257673675630389	0.09583809628904721
0.16214005177679341	0.16220103877078643	0.32299163095263983	0.25692058799380946	0.09574669050597065
0.16072476612498077	0.16249169281009374	0.32349499900172307	0.2585444383271678	0.09474410373603445
0.16319306953094703	0.1601784800982487	0.3232339187975352	0.2568826978761751	0.09651183369709378
0.16303303504217131	0.15914268863447295	0.32164175823603575	0.25719191036436756	0.09899060772295222
0.16259929700688033	0.15940496666729576	0.32329759504626443	0.25775214401165425	0.09694599726790502
0.1629750898119568	0.15969771584537593	0.32209453797453175	0.25802666020486886	0.09720599616326646
0.16213028849753286	0.16064381413782053	0.3220071526570144	0.2569101526965388	0.09830859201109324
0.16180524198068474	0.16043771730230824	0.3234826233212092	0.25832612135048644	0.09594829604531119
0.16236296545481882	0.16128105364535736	0.3220248493556477	0.25873792872273726	0.09559320282143866
0.16067674889188188	0.15914817249806418	0.3233353289113872	0.2580028758575043	0.09883687384116224
0.16288625054933137	0.15972306202273812	0.32279208429800976	0.25697305614953375	0.09762554698038678
0.1615216576023594	0.16154515278856926	0.3237226270915642	0.25682631337728	0.0963842491402269
0.1619634762930305	0.16162655373772242	0.322122483154036	0.2578201318590179	0.09646735495619294
0.16258443545437584	0.16194451735459453	0.323051050607475	0.2567736626459722	0.09564633393758219
0.16155979079779398	0.16168251579149878	0.3236575544000707	0.2570577990600959	0.09604233995054043
0.16353088515171985	0.15959310689944772	0.3222893466858431	0.2586931108532133	0.09589355040977587
0.16307309177991994	0.16242376139396397	0.32190678059368305	0.25758329151782927	0.0950130747146036
0.1606975882200979	0.15899792118958064	0.3224203476727553	0.25871225301944906	0.09917188989811695
0.1623044793355085	0.1621418597645798	0.321857461265203	0.25865217663042595	0.09504402300428258
0.16248516985409173	0.1619382848318708	0.3218858093689125	0.2575580680684006	0.09613266787672417
0.16132282271825826	0.16108942889204506	0.32187390254736553	0.2587401588841521	0.09697368695817885
0.1614918282774887	0.16124896965804242	0.3217525572783203	0.25711759103015464	0.09838905375599372
0.1621051624596834	0.16076123129576564	0.3217158166442198	0.25683791402181144	0.09857987557851958
0.16155700274821333	0.1595625521152913	0.3217081569556567	0.2582571363370374	0.09891515184380101
0.16290889487268737	0.1596359031381817	0.32356551582637305	0.25811545012890813	0.0957742360338496
0.16080684421971103	0.15984894355970947	0.3226051375116751	0.25765480671660324	0.09908426799230095
0.16234157656217166	0.16024647742278209	0.3234447090310576	0.2576479532818496	0.09631928370213888
0.16110143545629615	0.1612916062372288	0.3233400007416767	0.2571564661972908	0.0971104913675074
0.16323593401115064	0.16110507198716417	0.3218744648460971	0.2568148943921625	0.0969696347634254
0.16334964487568024	0.15955642286375427	0.3227902881321378	0.25785395434585456	0.09644968978257296
0.16132766585112776	0.16217633821518507	0.32342585034363874	0.25764743864821044	0.09542270694183777
0.16276542448171136	0.16109491700398448	0.3223166136957806	0.2585510043795337	0.09527204043898968
0.1620624508735105	0.16178983023662516	0.3236387712536907	0.25770245910942613	0.09480648852674728
0.16152147572614142	0.1594094728365757	0.3229129444549155	0.2584206015643816	0.09773550541798559
0.16077932416700155	0.1599942251087541	0.3234039821963299	0.25693187164341996	0.09889059688449432
0.1612007859248155	0.16129297825434336	0.3217148884315349	0.2583187687501802	0.09747257863912584
0.1609384701494157	0.1614840850218367	0.3236199488722954	0.25801274773949057	0.09594474821696145
0.16197650594033164	0.1600149546304296	0.3226938115778171	0.25738954905064226	0.0979251788007792
0.16136278635708556	0.1611443896425816	0.3223281456019259	0.2578254030124867	0.09733927538592002
0.16148887434863451	0.1617688453395889	0.32344086750912515	0.25814673194170656	0.09515468086094467
0.1628147089361406	0.16183065477791508	0.321516424759008	0.25683039983364236	0.09700781169329378
0.16341263237319387	0.15902981461537075	0.3223203409876415	0.2582451521757506	0.09699205984804306
0.16355381938504787	0.15989515900135018	0.32280018382457415	0.2586259450807026	0.09512489270832504
0.16315607310772523	0.1609953058702046	0.3221681457847352	0.25693635263928283	0.09674412259805198
0.1632027550442099	0.15957355475525764	0.3220211517576336	0.25857118903022946	0.0966313494126692
0.16105263392347585	0.16160493070393472	0.32271028963286374	0.2585770938972753	0.0960550518424502
0.16234909574511494	0.15999297226034587	0.3227536975717824	0.25766811117658084	0.09723612324617578
0.16259375790844482	0.15916837703003028	0.32262337180209755	0.2570454627942169	0.09856903046521023
0.1620988553549295	0.16179842126892402	0.32192421870600035	0.2570218133969851	0.09715669127316082
0.16300056539207108	0.15932499377264692	0.32242040748135836	0.2586951194499037	0.09655891390401974
0.16199173708681122	0.1626445014916096	0.3214049617056705	0.25751622550227393	0.09644257421363453
0.1616999849276057	0.1611807019954552	0.3220201013818423	0.2567418164085771	0.09835739528651952
0.16077778988125363	0.15923420875078498	0.32330193591762113	0.2586071340621217	0.09807893138821835
0.1607533862170432	0.16176587069136453	0.323182640305249	0.25748917553957107	0.09680892724677201
0.1605563424663492	0.1600647903932822	0.3218933832669876	0.2585940849203907	0.09889139895299012
0.16148398489405894	0.1618816163778946	0.3215598850794485	0.2575698348303418	0.09750467881825599
0.16129921548515969	0.1605697261732929	0.3221467537440051	0.2577100704620222	0.09827423413551992
0.16354783956463398	0.15949151253017702	0.32183543973992523	0.2582370418750049	0.09688816629025868
0.1632432164218171	0.1598022263515054	0.32161959470235674	0.25874008281752914	0.09659487970679138
0.16238999852083036	0.15999659092955074	0.32261122690421634	0.25690956301003004	0.09809262063537232
0.161329645979219	0.16180288797582898	0.32270093203050537	0.25799454374980024	0.0961719902646462
0.16276916495458682	0.1593718957577277	0.3226941694227362	0.2570708755777466	0.09809389428720247
0.16044941879531735	0.16183366257070766	0.32345355552354144	0.258661852271151	0.09560151083928237
0.16253734820481547	0.16021517954406417	0.32258651974314295	0.2571402785767518	0.09752067393122535
0.16151850080605812	0.16206765484512578	0.3232559674312558	0.2572427787747488	0.0959150981428113
0.16325420575028485	0.16153439795784502	0.32347075074988807	0.2571373514996396	0.09460329404234225
0.16239046574863222	0.162650067294586	0.321517589831829	0.2575821304214092	0.09585974670354343
0.16150636496084136	0.1617225526441417	0.32271303505060184	0.2584380828578336	0.09561996448658129
0.16159214398837116	0.1597925689363167	0.32262897657472767	0.25862331838364483	0.09736299211693947
0.16114885938253654	0.1621037499043324	0.3220378466490325	0.25693881196993507	0.09777073209416325
0.16189173187604472	0.1594529831652398	0.32280179798376024	0.2577465391748801	0.09810694780007491
0.16290581889798897	0.16150734484411727	0.321660662110307	0.25749835301227075	0.09642782113531581
0.1622260571512869	0.16180853090671868	0.3216738807816819	0.2575744835679327	0.09671704759237959
0.16064551187491485	0.1605534685787079	0.3224781485591311	0.25777127993841753	0.09855159104882844
0.16247872760152557	0.15971935876864696	0.3228467588845982	0.25789026576956187	0.09706488897566723
0.16246635702680456	0.16219669102982662	0.3224029832162128	0.25714717697253575	0.09578679175462007
0.1619715880637764	0.16095706331040693	0.3217879640353199	0.25747951074195313	0.09780387384854348
0.16334216592673428	0.15900689221496184	0.32179925697161155	0.2572281281597877	0.09862355672690445
0.16052157312664458	0.1595054597376636	0.3222434169016677	0.2585252991589354	0.09920425107508857
0.16194544904648528	0.15925453808057866	0.32262068230206653	0.25810381867926535	0.098075511891604
0.16356990456389586	0.15913857659323782	0.322907494991405	0.25850846375400804	0.0958755600974531
0.16051632921309894	0.16103378637839924	0.3219040461166529	0.25687780152243017	0.09966803676941853
0.16270549291384165	0.15957168715762404	0.3225955043345936	0.2584963948943039	0.09663092069963657
0.16089808918509588	0.1619048969515755	0.3217386831125227	0.25863661365819457	0.0968217170926112
0.16045995910851038	0.16140422362372792	0.3230846491059583	0.25728951403944345	0.09776165412235971
0.16125758206128998	0.15897861817715636	0.3228565426600106	0.258265587800211	0.09864166930133182
0.1615087131210384	0.15944638826128216	0.32256057607056854	0.2577372040497381	0.09874711849737264
0.1604808265313495	0.16107690903758276	0.3214265799715039	0.2572580798836404	0.09975760457592313
0.16072960056366364	0.1605210020228337	0.322105959864338	0.2585875199001669	0.09805591764899757
0.16301203350276527	0.16217096821631577	0.32149349567574714	0.2580572440306968	0.0952662585744748
0.16061710411706964	0.1625580399332375	0.3221586924715166	0.2579529492483619	0.09671321422981426
0.16074125052084576	0.16110915181791827	0.3214407986766207	0.25763696757844184	0.09907183140617329
0.1626048304190074	0.16195637625250714	0.3230995699631438	0.2577416287593714	0.09459759460597006
0.16223940559366182	0.15953757320941414	0.32188968304048804	0.2585094571271751	0.09782388102926065
0.16073439112365137	0.1614809463074042	0.32225107831099675	0.25873985886092427	0.09679372539702319
0.16354387656491814	0.16058427612374265	0.32301954731434157	0.257634894308843	0.09521740568815444
0.16144899697596096	0.160320108181203	0.3231296101207055	0.25685362385375665	0.09824766086837364
0.16213393864606435	0.16038537019078547	0.3227713338042361	0.25865733634017324	0.09605202101874072
0.16237987244858887	0.15982016623919204	0.3219953912893714	0.25677913475916586	0.09902543526368171
0.1616264032105637	0.15963541354619376	0.32373943815203143	0.2584556396025415	0.09654310548866947
0.16087161217232626	0.1612865790910945	0.3223414268420097	0.2582840123253965	0.0972163695691728
0.16143021224403303	0.16249056466527156	0.3216313498322713	0.2579485100357569	0.096499363222667
0.16161194720388627	0.16105735236118146	0.32312828678401273	0.2586206448527333	0.09558176879818606
0.1609647098802534	0.16118700078653847	0.32275188646758624	0.2581222350815404	0.09697416778408129
0.16336845257398702	0.16176884200354938	0.32214642743030464	0.25776108863104297	0.09495518936111584
0.16269174855334687	0.16115250827841937	0.32271233060588767	0.2571018851302698	0.09634152743207605
0.16055634996935558	0.16176936891974367	0.3231758076417766	0.2567244482554134	0.09777402521371051
0.16183839952277396	0.15959604966693214	0.3229866714738551	0.2585625475275549	0.09701633180888362
0.16345640471472658	0.16189756624353974	0.3217532846139386	0.2577925463179628	0.09510019810983208
0.16292246246675227	0.15986096187207294	0.32227978184614375	0.2579162199475365	0.09702057386749433
0.1606605708798639	0.15989419965860652	0.3230165933441015	0.2573624808265741	0.09906615529085373
0.16307589244259085	0.16214447942562896	0.3225018801062163	0.25729719356270797	0.09498055446285576
0.1607603901506669	0.16005478068262885	0.3222082393831124	0.25852056311030003	0.09845602667329165
0.1625296105370217	0.16071851216335392	0.32169880778245163	0.2573894430469643	0.09766362647020824
0.16344858363975848	0.1621109768682331	0.32194801417757735	0.25794574025859374	0.09454668505583712
0.16279108408412624	0.1612695693212279	0.32217309594891064	0.2582946502701957	0.09547160037553931
0.16276618056123826	0.16099172696101585	0.3222550446429912	0.2580572524510164	0.09592979538373808
0.16312914665072265	0.15940584608653993	0.3230540170313161	0.25712677408681894	0.09728421614460224
0.16045666804157332	0.1614034899209061	0.3215235639235835	0.258521003059365	0.09809527505457186
0.161900769476919	0.16022674910022364	0.32301760124517936	0.2575097579225891	0.09734512225508865
0.16073128039208207	0.1615068992864982	0.3229005671751588	0.2575110786723368	0.097350174473924
0.1614796444417619	0.1606792746215303	0.3220035964101999	0.25773081750103743	0.09810666702547031
0.16265366049132127	0.1598610283788781	0.3222764376720228	0.2586373396716473	0.09657153378613033
0.1625691071978612	0.16197940664723637	0.32276668283220344	0.2568966704946754	0.0957881328280234
0.1625776173976128	0.16037291955434863	0.32304903346112557	0.2584838898819067	0.09551653970500612
0.1623710443263014	0.1614667793322005	0.3224921886544705	0.25734052244413397	0.09632946524289346
0.16353655520679594	0.16042843994462117	0.3229119772762016	0.25728623065168305	0.09583679692069808
0.16184377579041642	0.1592731823376321	0.3224126469939851	0.2578424179405396	0.09862797693742659
0.16270486376637827	0.16193884999794472	0.32220946328834354	0.2583610970053244	0.09478572594200882
0.16106418143726964	0.16033203110152366	0.3230261620133684	0.25734333886709326	0.09823428658074482
0.16121704846153595	0.16137859340180294	0.3214311366534821	0.2584801255308925	0.09749309595228627
0.1630609489024791	0.15979434715985047	0.32314758088123186	0.2575340056466447	0.09646311740979364
0.16063680952586262	0.16254444230481707	0.32214220321032094	0.2573672531125837	0.09730929184641551
0.16193002539771056	0.15947708907712232	0.32323342162814006	0.25735699367712817	0.09800247021989865
0.16071919801270454	0.16211768184825273	0.3226358178522475	0.2585324484600042	0.09599485382679082
0.1633295822774223	0.15996485010378228	0.32373299758630153	0.2571216501426895	0.09585091988980414
0.16219046957960975	0.16053687148560566	0.32141272795149817	0.25681752929773777	0.09904240168554843
0.1618390086603802	0.15914935078353448	0.3221637355964768	0.2580198110143661	0.0988280939452422
0.1609415244346159	0.16240912708654962	0.3218348795304468	0.2585531707302831	0.0962612982181044
0.16168216002959795	0.1624656880654444	0.3226829740387235	0.25764859647400007	0.0955205813922339
0.16219118839724586	0.15913534415444316	0.3225459060125967	0.2583711173751886	0.09775644406052546
0.1625457934575542	0.16048364542781035	0.322233924643346	0.25784136949115394	0.09689526698013531
0.16136621240991816	0.16230449410746117	0.32237655280853406	0.25802064893119603	0.09593209174289037
0.163115246968915	0.16098234334691566	0.32174070992574927	0.2585860909982255	0.09557560876019441
0.16340354327942586	0.15937326540538133	0.3234748108546873	0.25693972293761824	0.09680865752288707
0.16338981261086408	0.1614314884593186	0.32212920511543863	0.25693619485451724	0.09611329895986118
0.16132336099970712	0.1594805082813066	0.3218689660017102	0.25864191643768397	0.09868524827959185
0.16167365460454022	0.1610933499144256	0.322655885763947	0.25825991729652975	0.09631719242055722
0.16092450061000885	0.16161427810764475	0.3213177770302701	0.2583457864741842	0.09779765777789193
0.1605958428454203	0.16216075539858557	0.32153357315666975	0.258635595367424	0.09707423323190023
0.16257696104149252	0.160940969327811	0.32150588140422537	0.2583228080044646	0.09665338022200633
0.16071903195089815	0.16175883674742758	0.32125601430547246	0.25862399827945076	0.09764211871675091
0.16076545572844697	0.16264981897945147	0.3225261311280557	0.2583810863225225	0.09567750784152314
0.16123075855861194	0.16125523139449865	0.3234757145053757	0.2575114715888634	0.09652682395265008
0.16120622315270644	0.1622013179896378	0.3230960614083404	0.25781802087933336	0.09567837656998188
0.16110872641805252	0.15940236094028665	0.32175670142957813	0.2586305948516472	0.09910161636043532
0.16205095920165824	0.1595697885007838	0.3236157228231521	0.2579171833893697	0.09684634608503595
0.1610380460590876	0.1610621781917306	0.32178399867562957	0.2570336459314324	0.09908213114211957
0.1618588955660719	0.1601040925563339	0.322277447269969	0.2576356783215823	0.0981238862860428
0.1622345895585914	0.15907295021034232	0.32264198138990285	0.25873784017354745	0.09731263866761576
0.16290836609898152	0.16215276645194487	0.32266751363665525	0.25690761470772605	0.09536373910469206
0.16101320911463035	0.1599668270733951	0.32263006151414925	0.2568222338703342	0.09956766842749087
0.16110908504824262	0.1622641231817974	0.3221679365278791	0.2576138756452643	0.09684497959681637
0.1618444338307062	0.16001181566622721	0.32139452879059416	0.2584421260535835	0.09830709565888872
0.16127421612452217	0.15974819350067235	0.3227570403937738	0.2584160037936118	0.09780454618741968
0.16275443634331987	0.16085908613817002	0.3215855271285103	0.2583635725552487	0.09643737783475087
0.16056419650915738	0.16119558926491978	0.32130275411666454	0.25831689919501355	0.09862056091424462
0.1612477102965017	0.1608648015211293	0.3226106481226332	0.2577518428581309	0.09752499720160467
0.16053517083375712	0.16257265823656555	0.32366584360951256	0.2583881614940506	0.094838165826114
0.16110997142441308	0.159430953620356	0.32171382714307023	0.2585122757065204	0.09923297210564007
0.16073297426799016	0.16051988698210998	0.32160796374713846	0.25836283676232574	0.09877633824043547
0.16278018106021824	0.16023876670131326	0.32161903335716924	0.2572254815727113	0.09813653730858773
0.16137133469324083	0.16076352527491625	0.3221262903377712	0.25866333145062553	0.097075518243446
0.1626244194467952	0.16090790687231699	0.3216875592696789	0.25849013133433213	0.0962899830768766
0.16068463700184216	0.16100231093713938	0.32244160326847826	0.25673152266075905	0.099139926131781
0.16068744737125643	0.16106954732012607	0.322719821089843	0.2570262139295701	0.09849697028920419
0.16056571594609328	0.1617853636079075	0.32210550617170686	0.25809101046328214	0.09745240381100997
0.16312200864146567	0.15948770351888794	0.32244697502571584	0.25703406827004166	0.09790924454388873
0.16355422325979316	0.15981196918479573	0.32195597356006733	0.25748354341050306	0.09719429058484055
0.16149769618110785	0.16196248528313156	0.3225958143084299	0.2582825473526398	0.09566145687469074
0.16330985785976398	0.16000068892174904	0.321846209778444	0.2574459987252048	0.09739724471483789
0.16189034098833138	0.1621622349824535	0.32239960321866357	0.2574214310053511	0.09612638980520025
0.16177616945395037	0.16077484197107642	0.32328130082810674	0.2575897778953955	0.09657790985147074
0.1618670723769728	0.15917235539064192	0.3232773637815237	0.25799707890165924	0.09768612954920207
0.1607440165758033	0.1600711498657765	0.32214148515961644	0.25730033049459405	0.0997430179042095
0.1609752276758297	0.16201430542620635	0.32219943148276975	0.25684160740018097	0.09796942801501299
0.16178451012647418	0.15977964548040596	0.321674972907964	0.2581680427084446	0.098592828776711
0.16217861456378455	0.1621817947051587	0.3235532948968316	0.25710995092532496	0.09497634490890006
0.16289169737678166	0.16041328672807809	0.3228781298433099	0.25688197953876657	0.09693490651306358
0.16078840913795145	0.16136477750546044	0.32184106677937635	0.25864059124454125	0.09736515533267033
0.16088036440948722	0.16129249990942124	0.3236040169351224	0.2576423493799836	0.09658076936598535
0.16252120161510555	0.1618396868277025	0.3223570294048867	0.2567636759610543	0.09651840619125074
0.16286473548894648	0.1605292014168725	0.3228188592618747	0.25808925880605105	0.09569794502625507
