0.23611388545174772	0.053577355911581775	0.2591351089073421	0.12948902072858293	0.32168462900074524
0.24853218506374772	0.09579483524722299	0.2988900839140479	0.1791904254718681	0.17759247030311304
0.1857558684485837	0.06356256327537432	0.24326357176166508	0.16974967976466343	0.3376683167497132
0.1929462775341086	0.06654137222736162	0.37306050590608086	0.12117835554442406	0.24627348878802463
0.2415880633244787	0.07952568437079476	0.24235311161438883	0.17412540478032826	0.2624077359100092
0.15532634320639369	0.07527575000733905	0.2757097904229634	0.19756751561550873	0.29612060074779495
0.27280545330314887	0.08648420434755962	0.3595212988048868	0.15905587546056393	0.12213316808384053
0.20826479728142452	0.07389959908015578	0.32474204344714547	0.12749998295775844	0.26559357723351557
0.272345957071286	0.05644896133008598	0.22995236542682768	0.17432297010525102	0.26692974606654907
0.18067855516231157	0.07775456737001524	0.29510903559376667	0.11032826262025308	0.3361295792536532
0.25968169271319247	0.08484101271993903	0.25729591979727096	0.17907874656523254	0.2191026282043647
0.25569844276515175	0.08176862871468836	0.2014433450747931	0.1598283742394753	0.3012612092058912
0.15357425824932794	0.06915655326040979	0.3682439184981703	0.11586871737051646	0.29315655262157536
0.26552369176960733	0.05993019029228333	0.2743321146467717	0.13958357603058838	0.260630427260749
0.21120508023456225	0.06889840195589125	0.2665591479392652	0.1769207352929765	0.27641663457730453
0.17606664719662626	0.052278445573341714	0.20204674874054762	0.12175285816907291	0.4478553003204113
0.25222152015696897	0.0724380291937588	0.23470810599409664	0.1570159949561878	0.2836163496989875
0.19144663365943038	0.06769661069526825	0.37590599352476417	0.13025580822832955	0.2346949538922074
0.20956701492052623	0.09479390001813738	0.21759736873712532	0.16980874861035172	0.3082329677138591
0.20456893159824438	0.08684805544978308	0.2726455315685737	0.1513521643776892	0.28458531700570944
0.25512132144549515	0.08604352176280732	0.28260573312565496	0.170289584843708	0.20593983882233433
0.24891840044204183	0.09002584318498835	0.25179894709299955	0.19110255988272598	0.21815424939724404
0.23346881442069237	0.05821308409946091	0.35680098181466	0.13296647916546167	0.21855064049972478
0.17449688936276064	0.0718282058704239	0.2709304474002323	0.11380068213267758	0.3689437752339053
0.26140739000092783	0.08948350163672786	0.31950197281523385	0.13010118091432865	0.19950595463278153
0.2890364558052021	0.06504271721382937	0.36083566582518456	0.13605109030712628	0.14903407084865744
0.29130992806255795	0.08928274491347958	0.2809838946286486	0.13248306285473285	0.20594036954058073
0.18815530486008752	0.08713498327477294	0.3325981155343612	0.17003105137430735	0.2220805449564708
0.15658036316160245	0.07587216513359078	0.2141614978392892	0.19428458882245928	0.3591013850430581
0.18041836854678905	0.05916707031020271	0.36884452923180977	0.16320576782183835	0.22836426408935986
0.26644438293402495	0.0778142770705376	0.36297491717582864	0.10970396407013229	0.18306245874947621
0.25046132884395944	0.09280745656784499	0.2406436118511796	0.11730839079563458	0.29877921194138113
0.22966225466219406	0.05976586380238372	0.3683335462603149	0.16410015197718758	0.17813818329791953
0.24803418007216285	0.05819457896308694	0.3249242887995321	0.12193168789862409	0.24691526426659377
0.21623750867893168	0.07881935844147972	0.28775446833030227	0.1521151865596858	0.26507347798960024
0.2674944604897667	0.06825645913768724	0.24935324211830526	0.19440943113139872	0.22048640712284182
0.24092978140277393	0.07445990997843013	0.3554846967060058	0.14347867285186344	0.1856469390609264
0.18747105167286907	0.08058047385911041	0.21688557907563497	0.1831741754709344	0.33188871992145097
0.19607649717258285	0.0880662660843207	0.22107698666810077	0.1229285775886823	0.3718516724863131
0.18142584496263198	0.06386809707259877	0.27045286085980236	0.17185900723555658	0.3123941898694101
0.15954137022308557	0.071676332731136	0.28227368371066686	0.1943834638019103	0.2921251495332011
0.2419338332283303	0.06653889856330386	0.22325999891412632	0.1772678460417299	0.2909994232525094
0.20610423475167158	0.07805113551998308	0.34110602480771446	0.1536780527888444	0.22106055213178624
0.1667441440835582	0.07295842309564662	0.3497863778910738	0.16971438965287045	0.24079666527685076
0.27108123215616664	0.06618344528736214	0.3710347344774445	0.1414343433549909	0.15026624472403557
0.16069721172994128	0.05908624949022781	0.33950596282368883	0.1666175077956666	0.2740930681604753
0.17860322468534678	0.08089434005686737	0.3293527940500248	0.132260830623816	0.2788888105839448
0.21906065363421384	0.0576663415169561	0.2586740953022643	0.18164926066669482	0.2829496488798706
0.20264860956463485	0.058780712480982295	0.37695511597129694	0.17712266082265027	0.1844929011604354
0.21939769187527217	0.05260323772866654	0.36878882732684415	0.18640675290809622	0.17280349016112068
0.1615613600215926	0.055485566541319364	0.3705165731535601	0.14572460471504944	0.2667118955684782
0.18999256901873313	0.07351649091276063	0.348056180014529	0.1764850770438222	0.2119496830101548
0.2795176082053999	0.08827720504947487	0.2803423842360143	0.18914479573393905	0.16271800677517162
0.2282831191255855	0.07249173157406685	0.2029279745942854	0.11822920750486468	0.3780679672011973
0.17434968483391347	0.0823090554207625	0.31709274088140604	0.13250560178680929	0.2937429170771085
0.26174194603276685	0.056695481707456113	0.3772367701140746	0.11207995507946844	0.1922458470662337
0.21182260127487457	0.05756788029692261	0.2061861845787779	0.14677875718017583	0.3776445766692489
0.1771799920758604	0.0924055460533145	0.28126683476939496	0.11529840278480666	0.3338492243166232
0.15339271511361915	0.0849024928085485	0.3107515411266723	0.15308762356321964	0.2978656273879402
0.1642554563073767	0.07856632867144162	0.32988608187984547	0.10966012545446432	0.31763200768687166
0.2100928819926295	0.090686973175684	0.27944693922139074	0.1902351767039866	0.22953802890630892
0.26879286058639545	0.06697595168524129	0.35518690273118536	0.18096796639489135	0.12807631860228627
0.2704128382374401	0.07968110269691672	0.3616308503735062	0.1142163519576862	0.17405885673445054
0.16116567894086486	0.09259221216818352	0.23751542002743303	0.16065279093617824	0.3480738979273401
0.24451085360314348	0.05161921222685267	0.33510499079146155	0.18149614327020697	0.18726880010833505
0.18466657898391586	0.07726726571938485	0.21863200870038257	0.1322274342869062	0.3872067123094103
0.26347418214570645	0.05836046405290812	0.2612772542659961	0.10983778933015177	0.3070503102052373
0.1562075458987472	0.06228342186153202	0.19989750988103666	0.185536070135962	0.3960754522227219
0.25020363699959275	0.06627205974144038	0.3699751515599774	0.14211540583918658	0.17143374585980264
0.2594315109474789	0.07302779312702917	0.3588446320182557	0.17819409957670534	0.13050196433053063
0.24671250440878362	0.07318526989218371	0.2975949979824337	0.1180136377685928	0.26449358994800587
0.16800752188732537	0.09619964311324739	0.36537667245772965	0.15417890484489982	0.21623725769679758
0.2556041232484012	0.05412337006070006	0.3476858703473382	0.12293521047212384	0.2196514258714365
0.20624829536903327	0.06870219325774973	0.328963399080034	0.11928529166752248	0.27680082062566025
0.26748738196851396	0.09361324284473677	0.36407618706790057	0.16992434030592432	0.1048988478129241
0.22961244149110657	0.07369719185775547	0.2301629098567351	0.19187189410610378	0.2746555626882988
0.17602762547380132	0.09023843739855944	0.2656438450067371	0.11570563172143095	0.35238446039947097
0.25904388682674223	0.08895276135762246	0.22375531964549047	0.15516162536568434	0.2730864068044602
0.21105484844946684	0.09269089617133258	0.21111864294903218	0.1437061127180593	0.3414294997121089
0.25423468806390603	0.054666696372980494	0.2561028752891668	0.112468240028643	0.32252750024530347
0.2756143585967928	0.08274802340728263	0.251683068306461	0.17693435231746504	0.2130201973719983
0.17450441007651918	0.09503892132610367	0.2621985831377259	0.10363544140119987	0.36462264405845113
0.2701434113321768	0.05263627962104189	0.2776646326500114	0.13072773370431973	0.2688279426924499
0.22898448854285258	0.07301348564945145	0.24239177781554483	0.18969354017765344	0.26591670781449744
0.20213059255896365	0.07897363455340758	0.24030380584187033	0.1082237353038232	0.370368231741935
0.2611023047609373	0.09107153088374871	0.299337358058378	0.14357834920641907	0.20491045709051664
0.1878346434061924	0.0836949566250106	0.3201421497726959	0.16569930383581244	0.24262894636028845
0.1966180576477434	0.070888048248398	0.32061412992633204	0.12908719901972546	0.28279256515780093
0.1673723377957807	0.08756881487835719	0.23331305566276248	0.144376913917795	0.36736887774530447
0.20214016570630128	0.05983955172279623	0.27487438699750044	0.17553529927151604	0.2876105963018858
0.2882057499740381	0.08520214787917907	0.37334327521009264	0.12720016023012143	0.12604866670656847
0.17307776525941249	0.05676003537597776	0.30039019541453754	0.19178343544965337	0.2779885685004186
0.24950953147226448	0.05985872542528878	0.34283773983076943	0.1718538440017271	0.17594015926995
0.17869550569451925	0.0922442470396572	0.2762906728676994	0.1377639543986317	0.3150056199994922
0.17655192923087182	0.06493096366019602	0.27962176782229287	0.12134598257492477	0.3575493567117143
0.20086925543161324	0.05624701600871748	0.30450508382314795	0.1379996795956369	0.3003789651408842
0.24859743843274665	0.07850506712429625	0.21729029613821368	0.12702730955118258	0.3285798887535606
0.23885694005279162	0.06460245015218999	0.2546729086631171	0.10531000093494368	0.3365577001969574
0.25166065280969435	0.07626957720838524	0.2115548433909576	0.16220299706910218	0.29831192952186036
0.17642068703406213	0.07356742865363752	0.2571760029897413	0.17070131488053564	0.3221345664420232
0.1793099896186719	0.08901782179437144	0.2173280117457251	0.141968654799774	0.37237552204145735
0.18758144201508878	0.07566588067391558	0.2163479061343647	0.1667065764898545	0.3536981946867762
0.1744041984924856	0.0907334893463976	0.24768541514261455	0.1234160914925746	0.3637608055259274
0.22095059091539282	0.07192365630720521	0.28657261921108473	0.14900999599398324	0.27154313757233384
0.2139661830085478	0.07302683048064273	0.24015166367892452	0.19185474043068326	0.28100058240120146
0.21448469773463097	0.08397226671162192	0.31547523726183446	0.13400094853320219	0.25206684975871024
0.21567334825465748	0.07482355514217262	0.30072115625397366	0.1406230134915373	0.26815892685765874
0.24837594359561926	0.08756879154477304	0.34224374513193523	0.17903584997038602	0.14277566975728623
0.19923006220780126	0.0847464135859291	0.24471726935548882	0.11088872891097531	0.36041752593980525
0.22917699693325047	0.0523486499159701	0.22561972079105944	0.10896967461860287	0.3838849577411169
0.2607684663818279	0.05227193752609621	0.34958221574998166	0.1444583890553117	0.19291899128678233
0.24956891602310072	0.06793217812246388	0.26825650719491567	0.11790185485659033	0.2963405438029292
0.2811251099258381	0.05841912785534614	0.21958384722565816	0.1878101672007348	0.25306174779242246
0.22351123208995013	0.08412733206945869	0.23121485792473542	0.16477723774408923	0.2963693401717663
0.15744417741357986	0.06297013478162877	0.22512610843687908	0.15746277330565045	0.3969968060622616
0.17136071893457977	0.07846923436588638	0.31645160354035545	0.17939357040525541	0.2543248727539228
0.25501019803044345	0.06638822402747088	0.26102739339917624	0.10629634639897996	0.3112778381439292
0.25703143698264685	0.06804587752598842	0.3310243515970478	0.18514212406374364	0.158756209830573
0.1615093109197489	0.08207307176780733	0.3316232761948554	0.17224720236984753	0.25254713874774065
0.20428852753516527	0.07861977908570132	0.27880474763551205	0.17874909881853768	0.25953784692508347
0.2323729705297471	0.06479213297008282	0.26921568117768263	0.15937034052439072	0.27424887479809645
0.1925007327461098	0.0767433338528573	0.1994342793855676	0.16514945622524257	0.3661721977902226
0.23236114003576697	0.07745817449918484	0.22363520128842715	0.14463390301399565	0.32191158116262514
0.2399286770762779	0.08557074434117734	0.2441742120479963	0.1411456645885579	0.28918070194599027
0.25008384744329476	0.07962809555290727	0.3321270468505416	0.17238271416793394	0.16577829598532223
0.2666017964123357	0.07092701505597279	0.3272263538156259	0.1550130763933506	0.1802317583227147
0.1967349190328327	0.05309088469835341	0.36247854089936216	0.19492407175289414	0.1927715836165574
0.21954509134500885	0.08819689751567207	0.28608731060397363	0.1324449026021488	0.2737257979331964
0.19240139314904414	0.07091853410716295	0.2417416691798684	0.12905879864249828	0.365879604921426
0.187326730249179	0.06719920852564065	0.24540174614951688	0.12067199372342416	0.3794003213522391
0.2812529610307457	0.07482268209163423	0.24859351008836095	0.19117582204802921	0.20415502474122968
0.16036376452392526	0.09567359692176919	0.321871842688361	0.1960306474769475	0.22606014838899685
0.23946375459900696	0.055830083824065124	0.23848501358770996	0.19557821628071156	0.2706429317085061
0.2343119336800033	0.057224277346388686	0.2067232332334002	0.14685014319802242	0.3548904125421851
0.22258336300138662	0.05267493876694607	0.2199863539768438	0.17933108629794142	0.32542425795688185
0.19845075774657112	0.09154259262742406	0.24225211088616982	0.14516415063317062	0.3225903881066642
0.29126955929854476	0.0671231406955824	0.3621136078850168	0.13917937841713576	0.14031431370372002
0.1579542978828681	0.07759537504499256	0.3705390020877699	0.19690963691039456	0.19700168807397467
0.2076785784547197	0.09121188474512637	0.23799479404664484	0.11868790454173533	0.34442683821177356
0.15527154838151333	0.07346969513850188	0.3289185995744181	0.1727156069519318	0.2696245499536347
0.16782050732896836	0.09630494278412823	0.3551937208533651	0.14506614460594935	0.23561468442758873
0.1881789519280023	0.06782939770841631	0.3642500575416086	0.10792230926657459	0.271819283555398
0.2862154256119747	0.09025640745792575	0.3158177246441318	0.1772042018364823	0.13050624044948517
0.2840000383277817	0.07949499937108619	0.33830202276188825	0.18965068331186374	0.1085522562273798
0.2836148979285546	0.0710949166657473	0.22193746005011916	0.13790622192578408	0.28544650342979455
0.2568306539264398	0.05905390494630866	0.3068533655421186	0.1710423637301691	0.2062197118549636
0.28688478511741095	0.08298954902500755	0.329697509727611	0.15286182467421172	0.14756633145575848
0.22058351869751272	0.06916386025371993	0.36909109985660693	0.12617702871411043	0.21498449247804974
0.1830844030210622	0.07973005526847776	0.31544136358204256	0.18112910540942626	0.24061507271899107
0.2712541215596407	0.07435699384971908	0.3362555357688642	0.1687347388606272	0.14939860996114857
0.1653486577498403	0.08876820870862726	0.2982980489118731	0.13208296490562033	0.3155021197240388
0.289784464929335	0.0666314547991714	0.3171821827858856	0.14366345492663732	0.18273844255897043
0.15585461335457046	0.057189548421636066	0.3134860442789578	0.15845368112776276	0.3150161128170727
0.2143019031561683	0.0598135501603112	0.3424949880741981	0.1736809085135972	0.20970865009572492
0.2284760100782837	0.07403324777974063	0.3567396548581262	0.1379675911080926	0.20278349617575664
0.28700102706190506	0.059132468772777336	0.2715026221476733	0.17484522265430374	0.2075186593633403
0.2862809034417499	0.05440032851138882	0.20031828288714099	0.17785669327052223	0.28114379188919775
0.21958908217881107	0.0523103033393858	0.25423606514272945	0.10459096589539463	0.36927358344367883
0.15728518741116534	0.06836715605957036	0.3149194223043911	0.19286480897950375	0.26656342524536925
0.2723188426020337	0.05275063208430025	0.28331959234389614	0.13159298715511514	0.2600179458146545
0.15562880286188913	0.05821397233887965	0.30702078889623613	0.14927085277815103	0.32986558312484393
0.2432360047154113	0.07416652337245522	0.3611032510361221	0.16761413514709803	0.15388008572891307
0.2851049567077337	0.09591012791462167	0.28215570923304023	0.16948635050074767	0.16734285564385643
0.2386516857845396	0.06939595632688758	0.29034581602729154	0.10317021647451706	0.298436325386764
0.2571588994968462	0.061086389031124455	0.32599744882570325	0.14875965162375202	0.20699761102257377
0.2283527365771119	0.06265426262866089	0.3121026804735833	0.16867394833102542	0.22821637198961828
0.2099112693412008	0.06742659419530656	0.24397906076456893	0.1200180923379535	0.35866498336096997
0.2849212870901694	0.051442430068086936	0.3128119464342556	0.19004199053924722	0.16078234586824056
0.20870388520195465	0.09198223551832012	0.3602849679620891	0.12239966981493317	0.21662924150270274
0.2103274861060326	0.06759084229933432	0.25979374411284206	0.14926081984898182	0.31302710763280894
0.1886333097562441	0.061161028280523166	0.2872179295945783	0.1842725894337885	0.27871514293486566
0.20597683952519433	0.08211803176985587	0.23766974166556792	0.19254535693622302	0.28169003010315863
0.27727214648356413	0.09194979687497694	0.28482782782263183	0.10853991780736759	0.23741031101145926
0.17988255849942855	0.05236808055814779	0.2807759534814043	0.11865613265467839	0.3683172748063408
0.22868143436819957	0.07830157755909496	0.3525814683903408	0.1689634613676504	0.171472058314714
0.21421291179068763	0.05340968456125156	0.21365791642734783	0.18174402770623052	0.33697545951448227
0.17896121903922788	0.054930905372220784	0.2719612303581639	0.12395529629853516	0.370191348931852
0.16978757171812486	0.07086261762838245	0.2946002115676064	0.18038866315206326	0.28436093593382283
0.15295330174038618	0.06075399692406602	0.3331807911645791	0.19134968474219216	0.26176222542877636
0.20236845989516017	0.06780907846397694	0.24782601381512798	0.11289831966350775	0.3690981281622269
0.1795526772509003	0.07903512730669272	0.2523376265044537	0.12582157149704418	0.3632529974409089
0.21556023876247357	0.05234474786930346	0.25763750922059186	0.17177099189143377	0.3026865122561971
0.20927503237493558	0.0966558787604912	0.28722929743244585	0.1360447438398427	0.27079504759228445
0.19795355744773996	0.05830968137447606	0.33062664793650803	0.16994411853333197	0.24316599470794376
0.2767522762460462	0.05218136410615648	0.2731090434618211	0.19868022921827927	0.1992770869676967
0.28033258627884095	0.06662185779914173	0.23660801174786938	0.11523004630685237	0.3012074978672953
0.2557154922714944	0.09179143434717478	0.22919978403159866	0.17325465329098422	0.25003863605874765
0.15863687972068652	0.09088972224686173	0.34813178064995776	0.19430051339862198	0.20804110398387185
0.2365349675443164	0.08219757367238095	0.19812564706856325	0.15762649177733756	0.32551531993740157
0.24454862068863387	0.08980012513740072	0.32164789916811043	0.13389066183967047	0.2101126931661843
0.20988670989394304	0.057525688651225815	0.2321626088113718	0.1637356400779996	0.3366893525654595
0.1596288273096097	0.06534230913402472	0.34461401220684895	0.12187521986361452	0.3085396314859019
0.15908495921264942	0.0734461012193387	0.3114717598986929	0.19487952596928623	0.26111765370003254
0.2246963716305315	0.09479865718990961	0.2183742394505459	0.15187934258487448	0.3102513891441383
0.1813173208286157	0.08892560721206894	0.2512073283428583	0.18044460596813677	0.29810513764832003
0.1860231824724608	0.07255853338301074	0.3358162823346283	0.13814312531426454	0.26745887649563543
0.19327075638196656	0.06625527404880041	0.2944931827317923	0.17722018362561093	0.2687606032118296
0.1897371172243003	0.07349128765844828	0.321572407301816	0.10771968276990089	0.3074795050455343
0.22130764561413424	0.0679762235452602	0.29244318217508475	0.11663984896489421	0.30163309970062635
0.1760215865455138	0.05328188113991833	0.24205971666860104	0.1959998927202232	0.33263692292574343
0.2546175735868432	0.05451439592078994	0.34595875303772883	0.14449982761240424	0.20040944984223355
0.2757468523706871	0.05701470744869616	0.36699548781538993	0.18865335451411608	0.11158959785111047
0.24962007649436607	0.08165920188278492	0.2511292029692639	0.1196219980536413	0.2979695205999436
0.18068284165038515	0.06285303967282471	0.20304242009589749	0.1382590087929862	0.41516268978790627
0.21279874255426162	0.06312661278738879	0.345478029784721	0.11229970437008938	0.26629691050353904
0.25893011195242766	0.07808100641706037	0.29724065799427996	0.1881381886939109	0.1776100349423208
0.28936081783870554	0.08221218184201899	0.30232417076292445	0.108236770133234	0.21786605942311676
0.15603403071892097	0.09345233698159654	0.21510926313910234	0.1647936819819427	0.37061068717843726
0.1973982065135003	0.0584926890927113	0.28998538792722595	0.17760447068703658	0.2765192457795257
0.25309564154290753	0.09057322279506476	0.29200103002336997	0.13554478035336992	0.22878532528528756
0.18380407971318038	0.07060485872931463	0.21341007457225727	0.15922264089419924	0.3729583460910483
0.2833598205609973	0.08550268866738607	0.3577114168087285	0.18941392336257884	0.08401215060030903
0.1633948381959469	0.0820077589270723	0.24900122350349796	0.11109404108030357	0.39450213829317904
0.2428050667880896	0.06177522003468314	0.2032279779653881	0.17656978739801688	0.315621947813822
0.18945563282943664	0.05631996088726976	0.3474292879995037	0.15997789503555862	0.24681722324823102
0.2749299750219106	0.05603052309219608	0.33494706881914466	0.1709666016644911	0.16312583140225734
0.19742689674084252	0.09115754992941333	0.3056042580504169	0.14762379498746891	0.2581875002918581
0.2443721498234584	0.07717382685418206	0.24168183679752903	0.1679341035036132	0.2688380830212171
0.273548245360007	0.08936995136151567	0.2689255548627658	0.1890411111266264	0.1791151372890849
0.18036544028285562	0.07771044077119732	0.2043803446546121	0.11207884439892085	0.4254649298924139
0.1697335536174065	0.07553285101177111	0.3080191048318779	0.1321656893812504	0.3145488011576939
0.23046368521732902	0.06639262145744268	0.25209044980571815	0.136879987258553	0.31417325626095693
0.1864167328311045	0.08212360513412387	0.32659215478638515	0.1874917376796068	0.2173757695687795
0.1654703297258147	0.08647486249167666	0.2751422021049267	0.13213678092431896	0.34077582475326285
0.28838718270104324	0.07967179107660442	0.3206567808239238	0.11833144613301166	0.1929527992654166
0.24099123563567193	0.06509235494530155	0.3613430698019931	0.1258441800214527	0.20672915959558047
0.29091674978478677	0.06164284480275489	0.25642279773930776	0.17515449674301656	0.21586311093013372
0.15629501712357652	0.0659278845558244	0.2388165433380248	0.17182225124784914	0.3671383037347249
0.22864139494887684	0.05567212319115314	0.29816542742717334	0.1680705836312902	0.24945047080150629
0.24011123940210044	0.07491989829355189	0.3101861968515055	0.1802499560266107	0.19453270942623122
0.2096883687007337	0.05982873439452305	0.3457561369709101	0.16092192404153904	0.22380483589229386
0.18496561738161338	0.08102205088054797	0.32309444395189413	0.134563875046457	0.2763540127394873
0.23736007188969793	0.06034740786450202	0.2052549446578054	0.18760245351939675	0.3094351220685976
0.2312981365278912	0.09290499798499008	0.265982533711568	0.17310043005482056	0.23671390172072992
0.1984118513179141	0.06015038195709299	0.30949367908034203	0.11397855106905733	0.31796553657559334
0.26170205911351274	0.062232551293576965	0.36970816427102793	0.1821496414801318	0.1242075838417503
0.2162520900682684	0.08783755846264157	0.2390396050146678	0.17736815743654288	0.27950258901787906
0.20298185269265115	0.08927302316967052	0.35475782191721583	0.17804590413310895	0.17494139808735332
0.2292362834813606	0.08402462442056016	0.3576877775702194	0.12986585604507228	0.19918545848278738
0.2905270954905096	0.07444306857687641	0.3144258124715562	0.11827085738505645	0.20233316607600108
0.2377549591570923	0.05558443154688256	0.254408106459928	0.15125323416593228	0.30099926867016463
0.17723854250806792	0.08880407720230507	0.2059204980981131	0.19551523571622506	0.33252164647528865
0.16997852688365697	0.06718126374022809	0.25479670892173295	0.13091531309594973	0.3771281873584321
0.23073302145620223	0.05876244802654515	0.3627947871526619	0.16778794946581105	0.1799217938987795
0.2114915349549641	0.0839376855808589	0.2334385231402641	0.14212708742240782	0.3290051689015049
0.27701452716047015	0.055818287381379506	0.3762694701311875	0.17818528901893813	0.11271242630802442
0.2708071367674289	0.09453717222414686	0.22562568930412816	0.19791911747828828	0.21111088422600754
0.20073341471335074	0.09168592462042413	0.36751162207349813	0.15418069105040827	0.18588834754231853
0.15813376046980096	0.05276819016243006	0.3275509747359564	0.12153235745194581	0.34001471717986653
0.17683632245935682	0.08240116884420762	0.30665759246936897	0.12612138185176486	0.30798353437530146
0.2849327891390385	0.05958428955923298	0.33067852091584893	0.14937853030410053	0.17542587008177873
0.2694633617982683	0.08791716193593042	0.3308177517660361	0.14034856782671912	0.1714531566730458
0.2705557758311552	0.05590282761122045	0.20117677657430758	0.194455567501047	0.2779090524822695
0.17723151174809335	0.06835461225002715	0.32008908781089807	0.19760338088130938	0.23672140730967184
0.1678268114747541	0.08627855588755169	0.19827523157527976	0.18741245127753392	0.3602069497848803
0.170640702772089	0.06753487079047335	0.3600314144065431	0.13205235071300991	0.2697406613178844
0.2206641966439583	0.066684217097702	0.23691144629253516	0.18291301313315483	0.29282712683264944
0.284244818852869	0.08242283646632609	0.2717573339727314	0.10370455752436016	0.25787045318371316
0.26335733238830106	0.07228806032510282	0.20905078054378196	0.14195862159366887	0.3133452051491451
0.22742001247250881	0.09295666487182777	0.35174020837606584	0.19818393690195873	0.12969917737763859
0.1708030901069355	0.0754351685888878	0.30924586006081883	0.15807528948039545	0.28644059176296216
0.19325652861226447	0.08241836379432514	0.2168305502168529	0.16138999947773275	0.3461045578988245
0.16812426519200604	0.09641121546506039	0.328692519404053	0.13592568185916526	0.27084631807971515
0.181377487556246	0.07919712553204206	0.328646515139988	0.16273391316426505	0.2480449586074587
0.19452666870279256	0.061440208588202705	0.2289215389931211	0.17403406591528303	0.34107751780060036
0.2517265808296967	0.07537376893525982	0.2822749577763711	0.16794413154480528	0.22268056091386687
0.24918658538810962	0.09121866662342014	0.24154884198710738	0.10506604619623071	0.3129798598051319
0.17687908206465794	0.08149128199022511	0.24506708877223596	0.1679301771314718	0.328632370041409
0.271931346398847	0.06633063439151748	0.21935327351265171	0.12856788784633816	0.3138168578506454
0.1543134370452417	0.06657230057857491	0.33978762206124735	0.1747966918658454	0.2645299484490904
0.17903707916444758	0.05328521015747659	0.30738362835378735	0.17483234396947275	0.2854617383548155
0.1822880964881782	0.06572797440878883	0.313723716388834	0.17523090322425544	0.2630293094899433
0.23279978424137565	0.0907891067027664	0.3220359455324796	0.1290834473691202	0.22529171615425791
0.25590983225157077	0.06088596338598623	0.2940021509571114	0.15482386932458164	0.2343781840807497
0.24751500816394897	0.0687310075435742	0.31442190870827647	0.19423703602683676	0.17509503955736339
0.24190662101786908	0.05324145010647213	0.24887918944066914	0.12995754551347416	0.32601519392151523
0.17882331805558077	0.07240160554716973	0.2363259363760246	0.13504332407512573	0.37740581594609895
0.17764574819244136	0.08442445227241811	0.30765997643645926	0.13878468844428707	0.29148513465439396
0.1787765540492202	0.08303090414796187	0.32695883648872215	0.1319020884346865	0.2793316168794091
0.16500715851041314	0.07107414956005581	0.26331120734603874	0.11723835469818353	0.3833691298853086
0.28337294384757794	0.09264840648755494	0.2444796004884565	0.17131300709636213	0.20818604208004818
0.22728422637380297	0.07612632503907547	0.2076962506890364	0.12766306930808857	0.36123012858999637
0.1845523533355043	0.09319056568387526	0.271641281151313	0.14498466216076394	0.30563113766854333
0.22946467909914814	0.06935045724785013	0.25105511015517995	0.15645711866873918	0.2936726348290824
0.2282677056820442	0.08079272262546296	0.28008217915283956	0.13941116500390272	0.2714462275357503
0.22602074170758757	0.09630369699708895	0.2634957522511452	0.18798685452570318	0.22619295451847485
0.1732413157759536	0.05616666070871906	0.20685407210687362	0.16846917885683177	0.39526877255162174
0.19253035025978715	0.07111780338968557	0.24700137217278081	0.18744815806285398	0.30190231611489227
0.21303579941000672	0.05982678393172727	0.22974181747213088	0.18738218581218116	0.3100134133739537
0.15297210950432968	0.07575884791630316	0.3132247695732354	0.1557412400141564	0.30230303299197514
0.2396542735815143	0.06462102595414251	0.26346224128820034	0.13551659296045598	0.29674586621568666
0.2809887327726048	0.07136346300137142	0.3745313325735868	0.11056573583623179	0.162550735816205
0.2003829410679336	0.05167176599456866	0.3284274545708683	0.13856073402324726	0.28095710434338206
0.2750111074622352	0.06399999841044124	0.3582904178195305	0.10804141185006935	0.19465706445772343
0.17564646659938415	0.07334868948498002	0.30199877609481485	0.15478399466223336	0.29422207315858745
0.24063299986740094	0.09335535412791376	0.34271621194373414	0.1530628146513974	0.17023261940955353
0.24582365575293336	0.08049548770040134	0.244087458067579	0.18190966886335572	0.24768372961573037
0.2605625893530553	0.05667427394084859	0.27430613424487593	0.18308388153110117	0.22537312093011874
0.19071613909904145	0.07611214722388839	0.20647601749630204	0.13318720378431964	0.3935084923964483
0.16643339928881168	0.08246356316362388	0.22876947912221618	0.1428949953377215	0.37943856308762663
0.2814231187989453	0.07090630365355866	0.37038423442184504	0.18462267919864847	0.0926636639270022
0.2711499886431399	0.0784784590226196	0.2663852405450583	0.12467215579017582	0.2593141559990061
0.27975135126872225	0.0898648121789534	0.3660101932774774	0.19796700045925517	0.0664066428155915
0.23068290723692197	0.05997404449075627	0.21399524077259624	0.17671041777062688	0.3186373897290984
0.1801363612104841	0.07271819090571793	0.35303191464922745	0.1415294409283485	0.2525840923062218
0.1936558137479169	0.08479635372983635	0.3666595422250472	0.17343500109401594	0.1814532892031834
0.1947398155496717	0.06877474881074239	0.25670429456389543	0.12421672391524147	0.35556441716044884
0.23191785991830896	0.06367108016701639	0.37575374043458765	0.10802949407767837	0.22062782540240836
0.15342499687245276	0.06496631016904125	0.2658575108837684	0.1668233166733932	0.34892786540134424
0.2138084333280598	0.09108170782850734	0.26856813054355494	0.14714199540962863	0.27939973289024905
0.28862293798125316	0.08037587915683274	0.24954917645260305	0.19837854192104215	0.18307346448826864
0.24432196444178259	0.05164599509795709	0.21661598044064811	0.1393356699699237	0.34808039004968827
0.27999534805651893	0.07845447720721464	0.19953860287721967	0.1245546517539664	0.3174569201050801
0.23529169252939353	0.08405032794944126	0.3030425958319559	0.1296217805056657	0.24799360318354333
0.1926709870261254	0.0754343766573471	0.20939595502823233	0.178361456155922	0.344137225132373
0.15476190636401738	0.05904421786939318	0.3710534190882806	0.13874701862883304	0.2763934380494756
0.26986786708075117	0.06455926209865301	0.31560310363458066	0.1813039470595238	0.1686658201264911
0.2507047297796759	0.09408001817310283	0.35275180376775883	0.16678891904293638	0.1356745292365258
0.26515718207293104	0.0954819216983226	0.2774711666205342	0.1469723675748338	0.21491736203337808
0.21546839722045177	0.06161154847407904	0.1969350944274571	0.17926966407618164	0.3467152958018302
0.2721115477658695	0.08348967453622404	0.2702838720038882	0.19040556196916616	0.18370934372485184
0.25483808260347063	0.08908164204841713	0.22429708030849985	0.15982844521998965	0.27195474981962253
0.18378618781365394	0.06099320323042412	0.27327385918937275	0.16417029021908705	0.3177764595474619
0.2675824401869855	0.0700122203649447	0.20307623539234118	0.15120276190673343	0.3081263421489949
0.20485623992425223	0.07581449613918098	0.28370294416228803	0.14345162589546967	0.29217469387880884
0.23103295875316615	0.0939149819337416	0.2737233135938343	0.18858829325093449	0.21274045246832324
0.22724250925547373	0.06493654699888565	0.25191877717743577	0.12463988746791492	0.3312622791002897
0.22733850436777353	0.06421206150188205	0.3654718473158935	0.17949371858878724	0.1634838682256634
0.18936801062306644	0.05207857556476758	0.36640004943424953	0.1221225639417988	0.2700308004361175
0.1786358542380416	0.06739877283111037	0.3501790911064956	0.1738241433746968	0.2299621384496555
0.26843045593826004	0.092876493230529	0.22319859316537574	0.17360001645502446	0.2418944412108105
0.26632858706196577	0.07108239450011855	0.272784788054673	0.13748276893675873	0.2523214614464837
0.2569777161222048	0.08368484193008906	0.3077395993171515	0.1285901084525043	0.22300773417805006
0.19657890056515082	0.07034169602637114	0.3652281330316208	0.15546051785869067	0.21239075251816633
0.2549048862886729	0.052125807317850575	0.2367326350033126	0.19267778607537914	0.2635588853147845
0.16996577112457464	0.08722318793854462	0.3033058737983825	0.1681356707718505	0.27136949636664753
0.18648770753295307	0.05364481281365854	0.316398189369104	0.19539574938481855	0.2480735408994656
0.24660228939257106	0.053909063283128805	0.2124914265892162	0.13777738107406778	0.3492198396610159
0.18090183437928883	0.08834858267943649	0.28495161018932447	0.15015307601123584	0.29564489674071415
0.28936535332812685	0.06824375421369502	0.23306082698077482	0.1923389260401699	0.21699113943723317
0.15814756238815275	0.07497998350473584	0.34403306577369736	0.19808931525104173	0.22475007308237213
0.281508239556996	0.06950588093499274	0.36955828531936696	0.14794888511774446	0.13147870907089948
0.18862690714530617	0.07784096602866328	0.3131403625947979	0.10461712552380473	0.3157746387074277
0.24256606671463551	0.08696472318885995	0.3273611114214243	0.11141723357574085	0.23169086509933912
0.17299331331690915	0.0715180038146229	0.37536981006326897	0.16420298482280105	0.21591588798239778
0.19745755446091773	0.0584952868175076	0.278361734802259	0.12108330288332761	0.34460212103598786
0.2913842282947997	0.06263384921485513	0.31684057725067244	0.18608139525627543	0.143059949983397
0.1794931990883763	0.0554579099700063	0.28380209623667974	0.11215556878012005	0.36909122592481736
0.1578960673050288	0.08967473688747328	0.2972401149812035	0.19159004705224467	0.26359903377404953
0.23752524965749477	0.08630331884680512	0.3571590177636502	0.12871722355047915	0.1902951901815705
0.23403735717527369	0.06618092367922962	0.22305083146496107	0.18224251136177647	0.2944883763187589
0.21043330770395485	0.06899565019167897	0.20210342946660878	0.18784558995242584	0.3306220226853313
0.22099870839839114	0.08072300234759655	0.21325726831191283	0.14531893286690728	0.339702088075192
0.20477617020048855	0.05896342753102257	0.20191132967747683	0.1640150973499459	0.3703339752410659
0.16582728122790186	0.09242860062086436	0.2242908216499976	0.16965018069658042	0.34780311580465556
0.19256927417479044	0.07602628899632545	0.2637996586172505	0.19341722239044293	0.2741875558211904
0.1854088562432747	0.08146023341735513	0.25787705423740526	0.16382079831670038	0.3114330577852643
0.27419661030420345	0.08277473369914115	0.23700922694585538	0.12899311351126558	0.27702631553953416
0.2635243025056917	0.0678411359745626	0.2027424728563894	0.16902676686250442	0.2968653218008516
0.2418722621727764	0.08993993780947039	0.2124965033179777	0.10630396188581295	0.3493873348139623
0.28738410451213614	0.059663575067193136	0.31954380783159053	0.11634765345510178	0.2170608591339781
0.2737314740546817	0.055313417402576975	0.24683980111721424	0.19351496265985407	0.23060034476567276
0.2395520121901506	0.0657093875524313	0.32067204152184825	0.1534399688831803	0.22062658985238928
0.2780254269142878	0.06018412885178395	0.26841110562095793	0.1644238334917486	0.22895550512122143
0.24339817971589628	0.07552542538246136	0.3683621712390562	0.1722854938080982	0.14042872985448765
0.23421560825287624	0.08551017094241538	0.2388074823771163	0.17734675485133858	0.26411998357625327
0.2813323100504401	0.07734047408892887	0.3623303039438337	0.1371422615759904	0.14185465034080663
0.28703502790162316	0.05164508895857478	0.33385948610031724	0.11451096642337229	0.21294943061611224
0.2033388156926968	0.07399185703610245	0.3159734098205003	0.13864400471612653	0.2680519127345737
0.2304364218376064	0.0816711129987703	0.2508548401041015	0.10221888254272779	0.3348187425167938
0.255792991036112	0.07940181796458967	0.2897916113504693	0.11630470331308196	0.2587088763357467
0.18801307373552645	0.08760757596976494	0.35944167537753957	0.15032724112975976	0.2146104337874091
0.16569179977047854	0.0741786526073257	0.35168729353137573	0.1652477313786677	0.24319452271215206
0.19623182722437554	0.06226432236061341	0.2459754581723704	0.11636093579227225	0.37916745645036815
0.2491684725729918	0.09188911267479359	0.3537497698204638	0.19585024562664988	0.10934239930510072
0.15584010595223413	0.0724701572104974	0.3512960473897342	0.18367609549052644	0.23671759395700767
0.24540115983336896	0.0888622871161752	0.23790082947001628	0.1620112784428309	0.2658244451376084
0.19690948283307438	0.05677725351946725	0.2754671219375766	0.19190338669932921	0.2789427550105523
0.265899984137957	0.07442685926854228	0.2592980928475619	0.11644434433651862	0.28393071940941983
0.17752080437639306	0.08367391762007194	0.199459487145687	0.18271898364562217	0.3566268072122256
0.2394541526045353	0.08781127099801449	0.3481018735636502	0.18902071348570346	0.13561198934809632
0.24144295980573954	0.07973664705697348	0.3211818204525758	0.18366900514085793	0.173969567543853
0.27990078522134354	0.08442565364735155	0.2815646773783895	0.11524519724461522	0.23886368650829992
0.16284874488467593	0.06348636421691126	0.2827230346007129	0.16575015143242597	0.3251917048652737
0.17811254012458982	0.0951490490330569	0.30158722395140425	0.11680773219418747	0.3083434546967613
0.18840885284327624	0.07013934390390816	0.2785251112175249	0.14942784807021414	0.31349884396507643
0.26951711703425457	0.09646742294682566	0.2481735291973558	0.16000526143482544	0.22583666938673824
0.22303738650462213	0.058309695044752724	0.24929317480402424	0.18026950317051726	0.2890902404760834
0.2339903009580906	0.08258477816472536	0.26864486950679084	0.1736979191474357	0.24108213222295727
0.282725842442114	0.0531710232082549	0.37078087726334763	0.14268606473346646	0.15063619235281672
0.16505043572437605	0.0728522897233708	0.21513795442428404	0.16354720309685403	0.3834121170311149
0.15302960635792096	0.06587055685985652	0.22848922778420155	0.10366362664329429	0.4489469823547265
0.18814731388323705	0.052654980841479126	0.2133575193681468	0.17458657671272731	0.37125360919440953
0.168378964703872	0.05651441826707221	0.31465556618410473	0.139844502471895	0.3206065483730558
0.1748881250655307	0.05173618063091681	0.3287006537386021	0.1285037939918293	0.3161712465731209
0.26300070686714294	0.05198282787564065	0.299311012675178	0.13578304638687738	0.24992240619516073
0.2889447712004359	0.09419123843256971	0.36282771833873884	0.13061665266349876	0.12341961936475655
0.15749723864906	0.07786604795435231	0.30553590342763415	0.12190524223548038	0.337195567733473
0.2641582201430542	0.054679951464204485	0.2210847899718651	0.15058674894338936	0.30949028947748664
0.24746176531250394	0.09506562756103035	0.3283211630976753	0.13290165554502192	0.19624978848376823
0.28204715988265255	0.09563253097137792	0.2744763136787103	0.19122449600808425	0.15661949945917475
0.19869557054204998	0.05849493329102512	0.3559510789922109	0.1441396378283692	0.2427187793463446
0.2132263794131708	0.05235699846112182	0.24023503576332017	0.14574766319457927	0.3484339231678077
0.19412487415412852	0.06195131810605323	0.19915302583244093	0.15997951415186065	0.3847912677555164
0.27405263435429605	0.0835498373752983	0.3757873455293035	0.14313483386053422	0.12347534888056769
0.22923146253760782	0.05778655523871806	0.3460948117072166	0.13395261166703895	0.23293455884941833
0.26292015100853267	0.06543389972731742	0.20459826717052643	0.1951362547087338	0.27191142738488944
