0.18186387086112216	0.0909162381105877	0.09093958837764388	0.27268144268802585	0.3635988599626202
0.18187830517613393	0.09087755463089107	0.09094147286302702	0.27264226577849887	0.36366040155144885
0.18183516045634388	0.09094652092196594	0.0909793545747198	0.27261676584420025	0.3636221982027699
0.1818613651540222	0.09084894078756968	0.09097714356314615	0.2726527066959584	0.3636598437993033
0.18190713330789274	0.09084786138348386	0.09092159630204982	0.27264950898951845	0.36367390001705485
0.1818370566158635	0.090897403635078	0.09098492945766548	0.27266099174351865	0.36361961854787417
0.18185779896167342	0.09087404184555929	0.09097140447251086	0.272699249034536	0.36359750568572025
0.18188863495675497	0.09083267341488428	0.0909685230102321	0.27269966075574426	0.36361050786238414
0.18190459416407026	0.090903227998888	0.09092866573273232	0.27258495834454877	0.36367855375976044
0.18189367921398233	0.09087564789811364	0.09092041836857116	0.2726838508922852	0.36362640362704746
0.18187562686089112	0.09091497625374	0.09098032028121342	0.27263970336390797	0.3635893732402473
0.18186394609715117	0.09090580368608853	0.09092660746848477	0.27259314462823003	0.3637104981200453
0.18189064417608355	0.09083836810992578	0.09093260757876169	0.2727068027699795	0.3636315773652493
0.18184365642803818	0.09094426187606236	0.09097387637838705	0.2726090874782034	0.3636291178393088
0.18190348124005284	0.09083734139307036	0.09097743593928391	0.2725951319653718	0.36368660946222087
0.18188343000583318	0.0908881289324592	0.09098175145763425	0.2726452553518276	0.36360143425224556
0.18185243428720535	0.09082008022880995	0.0909823026626559	0.2726775982169444	0.3636675846043842
0.1818792973016359	0.09089067352688451	0.09098059924180185	0.27261582756320296	0.3636336023664745
0.18183177009337376	0.0909462376568742	0.09092821571354479	0.27268400222564165	0.3636097743105654
0.18188331429084403	0.09088371696811665	0.0909767101869664	0.2726154172481	0.36364084130597263
0.1818342358799019	0.09092984535348486	0.0909489082911995	0.27262474996905595	0.3636622605063576
0.18187249912488615	0.09081230557430142	0.09092938959062101	0.27268017794036264	0.3637056277698286
0.18189071305531268	0.09086784903662926	0.09094487261856624	0.27260111427357503	0.36369545101591666
0.18190683463336083	0.09093669514427159	0.09098302330014686	0.272584447768642	0.36358899915357856
0.18183592508287727	0.09086946231086201	0.09095452092515938	0.2726769493418565	0.3636631423392447
0.1818578519290039	0.0908418473633778	0.09092897769386822	0.2727001479021241	0.3636711751116257
0.18189320838446008	0.09087832207513566	0.09093247284122025	0.27259381879850453	0.3637021779006792
0.18183742814650192	0.09086880014899715	0.09097865563066299	0.27265630986775297	0.3636588062060847
0.18186855256402001	0.09094060015601038	0.09094622300338809	0.2726041598813125	0.3636404643952688
0.18188793636403805	0.09081358752221087	0.0909456650940901	0.2727659992604213	0.36358681175923946
0.18188540570512282	0.09080580603815132	0.09097596720565862	0.2726363055093452	0.36369651554172183
0.18190068367878193	0.09094687465445085	0.09093319199642232	0.2726286948039003	0.36359055486644437
0.1818776599094119	0.09085604592103083	0.09092594430224962	0.27274435131905594	0.36359599854825153
0.18189702334410746	0.09087700223652323	0.09096773428278544	0.27264843491406765	0.363609805222516
0.18187192587792056	0.09083401582736506	0.09097096989960765	0.27272359706852345	0.3635994913265831
0.1818441698698306	0.09088061159123596	0.0909347316354875	0.2726798109092457	0.36366067599420004
0.1818417939375147	0.09083858359256901	0.09098181078336087	0.27268204440466676	0.3636557672818884
0.18190198385051873	0.09088728753199973	0.09097448001408712	0.27261512869686755	0.3636211199065267
0.18187032443312265	0.09082506889508385	0.09096978437603845	0.2726908043229651	0.3636440179727898
0.1818309510933542	0.09094766336379632	0.09092515597620049	0.27267260611880306	0.3636236234478457
0.18183275832661658	0.09094137686816772	0.09094779459209688	0.2726017052214994	0.36367636499161915
0.1819038424714255	0.09094616071095914	0.09095295624214987	0.27260194105881724	0.36359509951664803
0.1818451456652253	0.0908266262798077	0.090951008342851	0.27276791658479305	0.3636093031273228
0.18183632751275303	0.09092591029333993	0.09093466290487665	0.27270650703601074	0.3635965922530195
0.1818614170133862	0.09090244677909476	0.09091705394078264	0.2727260867521001	0.3635929955146361
0.18185879281151904	0.09083108001362306	0.0909639072486987	0.27266284819423753	0.36368337173192145
0.1818341381348662	0.09086410880736609	0.09097025327189454	0.27271268407140037	0.36361881571447263
0.18189448958096677	0.09089971838987937	0.09092745952190913	0.272645461243911	0.36363287126333355
0.18183287688223687	0.0909037583028447	0.09096811656564804	0.2725989572312745	0.3636962910179957
0.18190255188840204	0.0908226105001548	0.09095647572966345	0.272713817372696	0.36360454450908347
0.18183296070032476	0.09091691246211739	0.09091840910722793	0.27272634509908406	0.3636053726312456
0.18187576613200587	0.09093316244781774	0.0909289773352675	0.27259552219689365	0.363666571888015
0.18185115989701686	0.090841170275557	0.09093822947170416	0.2726816252202414	0.3636878151354803
0.18189757551427538	0.09089236547611992	0.09096081413085103	0.27260760675965656	0.36364163811909683
0.18186258078331283	0.09085973767937687	0.09095248828371463	0.2726210334416675	0.36370415981192794
0.1818991969732328	0.0908993278463881	0.09093579276209368	0.272650559542078	0.3636151228762072
0.1818552008778054	0.09085823190760589	0.09095923389306998	0.27266189953196013	0.3636654337895584
0.1818555273613588	0.0909092024618568	0.09098124737432545	0.2726429134575954	0.3636111093448634
0.18185675308332494	0.09091033985045412	0.09094590986070866	0.2726114962092685	0.3636755009962436
0.18190795178380248	0.090895419167261	0.09092881530326576	0.272596475226929	0.36367133851874156
0.1818713136209494	0.09081658647532004	0.09094018720414988	0.27265939217599944	0.363712520523581
0.1818518277489451	0.0908362701099987	0.09092198334658794	0.2727436895864305	0.3636462292080376
0.18183297226451794	0.09090863538141392	0.09093805648202395	0.27260958199659346	0.36371075387545054
0.1818429283549209	0.09086268032792415	0.09095183915476121	0.2726759860090633	0.36366656615333026
0.1818886901043851	0.09081349358736282	0.09095017328319964	0.27264474735916194	0.3637028956658903
0.18189674428817013	0.09084028361229703	0.0909370133031083	0.27270586714806	0.36362009164836434
0.18186979357185282	0.09081825589261722	0.09097553200754635	0.27269011747081573	0.3636463010571677
0.18188795775678454	0.09084836001895769	0.0909488762270833	0.2726212166029289	0.3636935893942454
0.18186744152897028	0.09080827112739295	0.0909371793582192	0.27272397954755895	0.3636631284378584
0.1818413516438306	0.09087334665013476	0.09095772407188056	0.27264979148424656	0.36367778614990726
0.18185388872145558	0.0909096465847543	0.09091847125799705	0.27262440757891987	0.36369358585687295
0.18187699896014575	0.09088567596796812	0.09094750261805959	0.2726323946829221	0.36365742777090426
0.18187565331487177	0.0908997844936989	0.09096628951167646	0.27264730888993166	0.36361096378982105
0.18184605047738983	0.09087686347882315	0.09093765334570769	0.2726696106300087	0.3636698220680704
0.18186652996070313	0.09082835052660918	0.09092639228932012	0.2726702972917146	0.3637084299316528
0.18187774266245135	0.09080804337580928	0.09096699121770527	0.2726407046122721	0.36370651813176186
0.1818487394144341	0.09085575221079684	0.0909182080029656	0.27267915971529477	0.3636981406565085
0.18187101420216023	0.09087196314875287	0.0909704947992985	0.2725994366019879	0.3636870912478003
0.18185086674181922	0.0908729950204693	0.09096268828548149	0.272679763383179	0.3636336865690508
0.18184599862306294	0.09091404569915452	0.09093656972933511	0.2726938830486219	0.3636095028998253
0.18184467472343271	0.09085993662675737	0.0909297317576283	0.27269772081574595	0.36366793607643544
0.18183444933557016	0.09086510384581027	0.09095418947839619	0.2726373538847403	0.3637089034554829
0.18188616689965406	0.0908685566863597	0.09096023769156779	0.27262809517882003	0.36365694354359823
0.18188294861597398	0.09085661502213703	0.09097207138872804	0.2726484046748969	0.36363996029826384
0.18186826301064846	0.09082234099899367	0.09097829544225147	0.27264982215949546	0.36368127838861075
0.18184960769011768	0.09084875901651523	0.09097569122192653	0.27266708099939985	0.3636588610720405
0.18185340179217122	0.09091051112815288	0.09093624458823274	0.27262973142867003	0.3636701110627729
0.18188953630404792	0.09083099993543171	0.09094456800572404	0.2726702993113309	0.3636645964434652
0.18186688109494942	0.09082460165152119	0.09098364909131751	0.2726300342205351	0.36369483394167657
0.18189672922892847	0.0909132229555009	0.09091980439675618	0.27259000502655434	0.3636802383922599
0.18183163399245622	0.09092665441938638	0.0909259005113628	0.27269114148280066	0.3636246695939937
0.18185603892495122	0.09091859572084313	0.09092992386326057	0.2726354967091191	0.36365994478182584
0.18184696556083765	0.09091688596135282	0.09095658505041418	0.2726066005904587	0.3636729628369364
0.18188948003207797	0.09089831594290437	0.09092390225781562	0.27268043166843187	0.36360787009877
0.18185643349658553	0.09088126778009561	0.090960957341532	0.2726023554336474	0.3636989859481392
0.18184930075120717	0.09084606415355237	0.09093622513232046	0.2726747459462015	0.36369366401671827
0.18184081714504158	0.0909253665797646	0.09094121657630487	0.27270226765479	0.36359033204409874
0.18188698271359263	0.09083355386043826	0.09096118422497051	0.2726350497249586	0.36368322947603976
0.1818639667708779	0.09088324263015594	0.0909355927174639	0.2726218523230429	0.3636953455584591
0.18184934661915336	0.09092998897259172	0.0909348249338455	0.2726040408063109	0.36368179866809835
0.18189643880197803	0.09090427751419305	0.09093502621943225	0.2725878538727391	0.36367640359165737
0.1818879071971033	0.0908642699695554	0.0909717775675767	0.2726699161634666	0.36360612910229784
0.18189802993301318	0.09080310810623757	0.09093627635642018	0.2727008802218495	0.3636617053824793
0.18186837422121765	0.0908076166651993	0.09094267338614064	0.27274952680898945	0.36363180891845276
0.18185829906516876	0.09092264278400236	0.09093883406299583	0.27268791965173256	0.36359230443610024
0.1818512985669123	0.09092820238438791	0.09095546596851052	0.27266899370349384	0.36359603937669527
0.181852882730162	0.0909350684614822	0.09093945594853331	0.27260301616379695	0.3636695766960253
0.1818798309167814	0.09086815833087655	0.0909296373711069	0.27269071392402805	0.3636316594572069
0.1818348041424724	0.09089185848961405	0.09097171612089003	0.2726378701660811	0.3636637510809422
0.18188616576964864	0.090845896571466	0.09094568060695543	0.27269043452052955	0.36363182253140014
0.1818635317546223	0.09090285385112544	0.09097130650351178	0.2726394343253378	0.36362287356540246
0.18186318545887967	0.09083945186693015	0.09095248433330122	0.27268166105914765	0.36366321728174106
0.18188322172383747	0.09080664604574723	0.09098346618253993	0.27273277448499184	0.36359389156288335
0.1818899536264823	0.09080029841471562	0.09095532963833117	0.27271726362294757	0.3636371546975231
0.1818694742554281	0.09087720278061391	0.0909247716538973	0.27265153154993194	0.3636770197601285
0.18189944240731326	0.09081079099511914	0.0909411523993476	0.27267177092628947	0.36367684327193034
0.1818653969677016	0.09089932069813908	0.09093767468232294	0.2726687381332467	0.3636288695185895
0.181877467201924	0.09087096129789814	0.09098465550467402	0.27262093405146864	0.36364598194403497
0.181845679330354	0.09093510550688318	0.09096323126087566	0.27266429679267035	0.36359168710921663
0.1819025894428941	0.09090106224977365	0.09098263123105232	0.2726078850587005	0.36360583201757923
0.18185231469321766	0.09088832696800045	0.09093462973597875	0.27263937828142837	0.3636853503213746
0.18185508186270316	0.09083660676292912	0.09095005426121347	0.2727568549457446	0.36360140216740944
0.18187345792803694	0.09084270295852091	0.09096575879418686	0.2726911998537047	0.36362688046555036
0.1818465353625652	0.09086076164276333	0.0909297466762006	0.2727016861791539	0.3636612701393168
0.18188747414477685	0.09093364150702175	0.09093993335283639	0.27265274059244093	0.3635862104029239
0.18184048396617544	0.09094142438606344	0.09092608194081711	0.2726980875631918	0.36359392214375197
0.181879031240276	0.09081937812525187	0.09098326991286479	0.2726917991329183	0.3636265215886888
0.18187458699338258	0.09079996568673161	0.09098137864083415	0.2726644705814799	0.3636795980975715
0.18188690839464633	0.09080760214479175	0.09098464663871395	0.2726934624379437	0.36362738038390413
0.1818338240892176	0.09094432904682251	0.09094826927623842	0.2726523941233867	0.3636211834643346
0.18188168559671564	0.09087730183790535	0.0909464792871594	0.27266783889751034	0.36362669438070905
0.18186569154936963	0.09092933657392202	0.09098033573892175	0.2725883203500669	0.3636363157877195
0.18189568086717472	0.09092977780331252	0.09093848014448022	0.27264412446064756	0.3635919367243847
0.18183095155276485	0.09087968222828492	0.09092128364516802	0.27271509790954246	0.36365298466423956
0.1818959280287593	0.09094059594698348	0.09095973085311554	0.27260065400185135	0.3636030911692901
0.1818347055301094	0.09090893529995295	0.09092959000536448	0.27263966961868696	0.363687099545886
0.18189117562304027	0.09092829251977219	0.09094097441136798	0.2726309602468009	0.36360859719901845
0.18184927282441046	0.09083116075335691	0.09095863390157702	0.2727619362381992	0.3635989962824562
0.18185381778625417	0.09089115611258453	0.09094481725170947	0.27262037790496485	0.3636898309444867
0.1818698464051147	0.09085394037504728	0.09096026364634427	0.27269025786526035	0.3636256917082332
0.1818813800917834	0.09092302821802961	0.09093949962318067	0.27264093876190143	0.36361515330510474
0.18187101450767323	0.09081480034260622	0.09097159008426697	0.2726436358183547	0.3636989592470986
0.18183286811622185	0.09089679435063634	0.09095638064180797	0.27260150273700745	0.3637124541543262
0.1818310771249769	0.09084249859264301	0.09096372662449917	0.2726830584262201	0.3636796392316606
0.18184773792234327	0.09091892016752699	0.09092230024827556	0.2727009042356213	0.3636101374262326
0.1818306302815234	0.09088539314003613	0.09094570804495467	0.2727437655660958	0.3635945029673897
0.1818947973561954	0.09093143846861322	0.0909704722191605	0.27260315996538653	0.3636001319906441
0.18184433069266265	0.09086719751649622	0.0909736415428867	0.27271500164385165	0.36359982860410256
0.1818588595368737	0.09088608044523638	0.09094214588698482	0.27263963178639145	0.36367328234451346
0.18183845284517738	0.0908824101539127	0.09093773187213132	0.27272214229390446	0.3636192628348739
0.18183745976130306	0.09085565419541682	0.09092942840086404	0.27266532392516823	0.36371213371724764
0.18187325913695662	0.09082513850428563	0.09094876151359527	0.2726843881288057	0.36366845271635656
0.18187401087190677	0.0908889630059108	0.09093923744588656	0.27262388931952397	0.3636738993567717
0.18183872075286023	0.09089125763607384	0.09096703385517496	0.27263191812070775	0.36367106963518303
0.18183477583800212	0.09093459233242047	0.09092804791725408	0.2727043994180447	0.3635981844942784
0.18185217848996094	0.0908929872883427	0.0909227108011762	0.27264290377957845	0.3636892196409415
0.1818409213544261	0.09086480318988392	0.09096859961788924	0.2726873519127341	0.3636383239250665
0.1818669117522288	0.09090288385186684	0.09097643771102262	0.27263688819157017	0.36361687849331137
0.1818516432959158	0.09089918715463582	0.09095230712444047	0.27263364206110663	0.3636632203639011
0.1818798272367686	0.09082616259572165	0.09093273311619854	0.2726888109778226	0.36367246607348835
0.18187292808093955	0.0909451628857442	0.09096990056773589	0.27261295802273156	0.36359905044284857
0.18190033414869192	0.09091892768097226	0.090953813046496	0.27260465948540297	0.3636222656384367
0.18185563238490182	0.09093819009252749	0.09093158349633845	0.2726413091655143	0.36363328486071766
0.1818808107881046	0.09083232689139643	0.09095504470484823	0.27271597459477737	0.3636158430208731
0.1818952859337682	0.09090711601398038	0.0909181713360239	0.27259489464306375	0.3636845320731636
0.1818950075307802	0.0908327468645333	0.09096677530694179	0.27260993201249284	0.3636955382852517
0.18185687604293754	0.09083943557693784	0.09096056219892598	0.2726772150584199	0.3636659111227785
0.18190536011823538	0.09086310622533297	0.09094234196421308	0.2726671081620624	0.36362208353015596
0.1818710242606506	0.09084533423227195	0.09095537846395496	0.2727176768727395	0.3636105861703828
0.1818927473099794	0.0908087753727922	0.09098022809246768	0.27269787700215653	0.363620372222604
0.18187513475249484	0.09092270692780643	0.09091897450240884	0.27269523449042576	0.3635879493268639
0.1818953208197015	0.0908016347893024	0.09092252312940809	0.27277558321955653	0.36360493804203126
0.18189344248978848	0.09084567281789713	0.09095548434140603	0.27269278098609384	0.36361261936481437
0.1818650314835954	0.09088219252169619	0.09095804886780112	0.2727016372848258	0.3635930898420813
0.18186916254532567	0.09083023868120234	0.09095907786179591	0.2726764445639678	0.3636650763477081
0.1818354542294323	0.0908854975564315	0.09092878516021025	0.27266492806703635	0.3636853349868894
0.1819079950770822	0.09089955780747794	0.09092950311600692	0.27263454136394766	0.3636284026354851
0.18186604485514563	0.09084963111194212	0.09095548668908479	0.2727006312488077	0.3636282060950195
0.18186225589381014	0.0909161110885464	0.09096148708786417	0.2725877233628513	0.3636724225669278
0.1818869605800473	0.09090136758677939	0.09094388641711203	0.2726747802597761	0.36359300515628495
0.18185371714538026	0.09081969613709635	0.0909170623247929	0.2727499859592918	0.36365953843343857
0.18190277108854383	0.09082920061914382	0.09094050528243071	0.2727096279862982	0.3636178950235832
0.18186691757023246	0.09080824262794501	0.09095261280323921	0.2727133416929259	0.36365888530565726
0.18185264863207243	0.09084998069449092	0.09097764772205681	0.272659230156161	0.3636604927952186
0.1818879971895723	0.0908071123879986	0.09095713344393398	0.2726356827570795	0.36371207422141544
0.18190596007818352	0.09083279724056012	0.09094439043998001	0.272685008936439	0.3636318433048371
0.18187371174870282	0.09081454039104547	0.09092667075309863	0.27270491264669094	0.3636801644604619
0.18189345315919686	0.09088089738428093	0.0909269133390212	0.2726375090294167	0.3636612270880841
0.1818933382882892	0.09080595835614927	0.09092045133031494	0.27273548999835884	0.36364476202688756
0.18184791965901825	0.09092825093399517	0.09094504247669606	0.2726282664930934	0.3636505204371969
0.18186993879190672	0.09080561441183982	0.09094655767348292	0.2727032919701539	0.3636745971526164
0.1818457585899252	0.09083909896162008	0.09094169666586775	0.27266666010879625	0.36370678567379044
0.18190555400746447	0.09088229496951349	0.09092964716157158	0.27269403839551987	0.3635884654659304
0.18184315103603124	0.09080375322292876	0.09096471998484344	0.272755518906379	0.36363285684981733
0.18189808716843514	0.09089021103008464	0.0909631807988687	0.27265436240646634	0.36359415859614497
0.1818705331615667	0.09080683456344704	0.09092789120347676	0.27274771731137093	0.36364702376013835
0.18183715746538373	0.09087069293196547	0.09093268097262558	0.27266948605929897	0.36368998257072604
0.18184889071326835	0.09089837147007263	0.09097859520998053	0.272625197032502	0.36364894557417626
0.18185382481240353	0.09084992923096177	0.09096533483480117	0.27265749537156037	0.36367341575027295
0.18186688260494982	0.09084021853053491	0.09096207574163954	0.2726441199055428	0.36368670321733265
0.18186107285469555	0.09086981488174259	0.09092121721704685	0.2727256837142532	0.3636222113322616
0.18189270819247016	0.09081873469175641	0.09097252018654671	0.2726660927212845	0.36364994420794206
0.1818432742716153	0.09091880362267132	0.090984447035279	0.27258476783954555	0.3636687072308886
0.18186197890183084	0.0908243888252347	0.09095629146641461	0.27265605053848374	0.36370129026803594
0.18188386750788121	0.09092967367236827	0.09096956918547727	0.27261197346181043	0.3636049161724626
0.1818830089774131	0.09083154416050916	0.09094645337244207	0.2726609772982051	0.36367801619143036
0.18188495185880127	0.09091552037967089	0.0909775298241156	0.2726182998830221	0.3636036980543899
0.18189690303107733	0.09082728700306898	0.09094783458992067	0.27263176803331657	0.3636962073426162
0.18186386723684575	0.0908744607292282	0.09098341823611229	0.2726552416186702	0.3636230121791434
0.18186466953857905	0.09083205773004303	0.09094179328659865	0.27268747962824674	0.36367399981653237
0.18190694722216122	0.09089469847469073	0.09093511442051047	0.2726162753211032	0.36364696456153417
0.1818845983082933	0.09084856469729911	0.09094670965850535	0.2726613839493005	0.36365874338660154
0.18189523066992327	0.09084795549054847	0.09094039424248794	0.27261151205331996	0.36370490754372015
0.18183243788269607	0.09083467814991038	0.09092105186600664	0.2727004510432719	0.3637113810581148
0.1818595201893438	0.09084171085258909	0.09092876156917352	0.27276693675014835	0.3636030706387451
0.18190594388318032	0.09083285942458488	0.09096799004274003	0.272612273867976	0.36368093278151853
0.18186530257064237	0.09081620759344132	0.09093278016618869	0.27275120163628597	0.3636345080334414
0.18190059999629277	0.09085876682759497	0.09096401093193814	0.2726594775747372	0.36361714466943673
0.18188921524480345	0.09081316779416626	0.09095934239577749	0.2726522639743296	0.363686010590923
0.18184947543364957	0.09080103511165659	0.09094031361270902	0.2727317846291901	0.36367739121279447
0.18184308457921167	0.09088172048646778	0.09096277289996255	0.2727017816652711	0.3636106403690867
0.1819075074124113	0.09088550554197421	0.09095139701080139	0.2726300902457121	0.3636254997891008
0.18184055505302738	0.09083528707995805	0.0909337547810554	0.2727267065305805	0.3636636965553785
0.18187172245526673	0.09081842126176717	0.09095808360760924	0.2726387720095743	0.3637130006657824
0.1818463891402553	0.09081531538640122	0.09098435091288683	0.2727313847560344	0.363622559804422
0.18186101485200445	0.09080552336125974	0.09095597639044692	0.2727721514277709	0.36360533396851774
0.18186867182627414	0.09086672003453349	0.09092328161811111	0.27272324837244033	0.3636180781486408
0.1819024705402783	0.09086368371947309	0.0909516883669392	0.27269669208100833	0.36358546529230085
0.18190080140624248	0.09089295124303017	0.0909168690278795	0.27261199536470393	0.3636773829581437
0.18183365255523515	0.09087482839558667	0.09098013408761242	0.272721084921366	0.36359030004019954
0.18184941471402583	0.09083292760894132	0.09092431361303957	0.27269785412379904	0.363695489940194
0.18190377001769847	0.09092594059442317	0.09094159236096074	0.2725893643293919	0.3636393326975255
0.18189602372625724	0.09081674898097036	0.09092112435937709	0.27269898704415635	0.3636671158892387
0.18184210647277496	0.09090961832574855	0.09092576771396765	0.2727272622634962	0.36359524522401243
0.18190039448053338	0.09087175397165877	0.09092275105559366	0.2726581219237843	0.36364697856842965
0.18183372092113437	0.09088540154089829	0.09098161471418698	0.2727094200743887	0.36358984274939143
0.1818429724979924	0.09080198711472687	0.09098419422957763	0.2727374402033265	0.36363340595437643
0.1818524907361065	0.09084727223340049	0.09098010247217789	0.27260643308420995	0.3637137014741049
0.18183986540496871	0.09087091312439108	0.09091873557931279	0.2727296115606762	0.363640874330651
0.18189361920345015	0.09080580400062685	0.0909646615354062	0.27266368325152857	0.36367223200898807
0.181875106811075	0.09089682023983457	0.09093744503464511	0.27264869605752107	0.36364193185692395
0.18190443659616967	0.09083298791408284	0.09093122389874625	0.2727152881788118	0.3636160634121892
0.18188365434157605	0.0908104826606733	0.09092685641663328	0.2727065046352247	0.36367250194589246
0.18183241067591888	0.09090221087219877	0.09094551968045439	0.2726231158969068	0.363696742874521
0.18185526119642964	0.09083131672065917	0.090957523565874	0.2727661278499963	0.3635897706670407
0.18187545259409937	0.09086517315020609	0.0909560178415782	0.27271111472811704	0.36359224168599913
0.1818379923624716	0.09080574602157115	0.09095956580838092	0.27275705193969185	0.3636396438678843
0.18183239823177663	0.09080549674383173	0.09093177043027988	0.27271855846743	0.36371177612668154
0.18186187343360838	0.09089631991807368	0.09094241191920913	0.272623312361002	0.3636760823681066
0.18186598799879589	0.09081461695417235	0.09096150664369253	0.27268532700552445	0.36367256139781456
0.18183162228654293	0.09092419707401216	0.0909733811657008	0.2726594573430551	0.3636113421306888
0.1818479700113823	0.09083349435810469	0.09093610292788072	0.27275376881719565	0.36362866388543647
0.1818649558861644	0.09088808052450544	0.09097836169421519	0.27264686803832344	0.3636217338567913
0.18186109805157552	0.09084286842221562	0.090940856102676	0.2726741473958321	0.3636810300277006
0.18189261953705296	0.09083265997186515	0.09097751907647406	0.27268045116317485	0.36361675025143275
0.18184620653964712	0.09080955017679128	0.09093528731203743	0.2727237911234768	0.36368516484804725
0.1818737490719746	0.09086783016333534	0.09094020569908082	0.27270878974520874	0.3636094253204003
0.1818819849453153	0.09081689583881329	0.09093939868819242	0.2726838835992921	0.36367783692838673
0.1818635019358622	0.0908310706823695	0.09096935872024606	0.2726784299239297	0.36365763873759227
0.18189011319380932	0.0908066542330408	0.09092186720940332	0.27270019804641144	0.363681167317335
0.18189246545961418	0.09089818088632542	0.09092319959138634	0.2726822538233874	0.36360390023928646
0.18187450903853938	0.0909461005391706	0.09091670101664355	0.27264666596081033	0.3636160234448359
0.18190472303315078	0.09093186522536789	0.09092211060491032	0.2726349887242141	0.36360631241235664
0.18185144490266306	0.09089042302837962	0.09096647253379041	0.27270064628262464	0.36359101325254206
0.1819041770488699	0.09086008072467015	0.09097781293590504	0.27261749018090076	0.3636404391096539
0.18189128853063022	0.09081098969073095	0.09094051028698498	0.2726826401170078	0.3636745713746458
0.18183890577367853	0.09087833909010654	0.09093520867851698	0.2727553066480491	0.36359223980964867
0.18188541263376884	0.09094861334397104	0.09096596227897101	0.27258346257815147	0.3636165491651374
0.18190584267825577	0.09086097659708417	0.09092635219619351	0.27269239166163006	0.36361443686683625
0.18183319434919015	0.09090424247219786	0.09095574783451546	0.27268225906839927	0.363624556275697
0.18188191187225472	0.09081702073244832	0.09093401790651573	0.27271668565002305	0.36365036383875793
0.18183965932187068	0.09094163618971544	0.09094152604089067	0.272617398518551	0.363659779928972
0.18185101832431433	0.09086118995177031	0.09092739698435567	0.27273761738768565	0.36362277735187387
0.18189185355184503	0.09083261258104616	0.09092319460427754	0.2726595091124336	0.3636928301503975
0.18187790696976253	0.09085208522880361	0.09096570230755745	0.27269176497263387	0.36361254052124237
0.1818491009621509	0.09082985848242636	0.09094969046141106	0.27266422754096237	0.36370712255304916
0.18185109054740234	0.09092975571462299	0.09097338199691585	0.2726253899562182	0.3636203817848404
0.18186846368245135	0.09087254113541984	0.0909682819703279	0.2726190703844026	0.36367164282739817
0.18186413417206496	0.09080889364821718	0.09095860340621778	0.2727207032941903	0.3636476654793096
0.18187678227554993	0.09081260872229094	0.09092588327680931	0.27276142776135026	0.3636232979639994
0.18183551488257751	0.09092546129936047	0.0909218519058883	0.27271378359657955	0.36360338831559397
0.18183975715694195	0.09089217254442439	0.0909690620647882	0.2726816893026926	0.3636173189311527
0.1818518065942082	0.09084681492299727	0.09097277362193815	0.2726934938291072	0.363635111031749
0.18185598924170254	0.09085563452473455	0.09092007007407066	0.2727688286680691	0.36359947749142296
0.18183964828587218	0.09086160498071699	0.09096248134749291	0.2727269236605924	0.3636093417253253
0.18189396849397	0.09093285964459483	0.09097642918725164	0.2726108495204736	0.3635858931537097
0.18189627952185317	0.09086412958323056	0.09092226794293845	0.27267153067885885	0.3636457922731188
0.1818620640420365	0.09084788280532369	0.09093587170309675	0.27273056234535165	0.3636236191041912
0.18184524610703154	0.09084354105973498	0.09094445072030492	0.2727258760357282	0.36364088607720024
0.18188175420025715	0.090930434297919	0.09097523023256493	0.2726273818199922	0.3635851994492666
0.1818532604299643	0.09080239304688652	0.09095076978278537	0.2726898498503831	0.3637037268899805
0.18190593740831584	0.09090092645755171	0.09096912785668418	0.27263450284740687	0.3635895054300412
0.18187396610828388	0.0908125353286844	0.09098366764210765	0.2726351233583019	0.3636947075626219
0.18185535431245214	0.09080415915347573	0.09098119946172073	0.2726603033128269	0.36369898375952425
0.18187652158494702	0.09082764267916332	0.09093086827867178	0.2727066628889543	0.36365830456826337
0.1818546699707479	0.09091744716592495	0.0909304665323049	0.27270330255590425	0.36359411377511774
0.18190074334694095	0.09085133733425133	0.09096450941013473	0.2726592452205145	0.3636241646881583
0.18186049185618575	0.09089734088498984	0.09094998475409603	0.27260405071452215	0.363688131790206
0.18190704634161195	0.09093620311795034	0.0909659190955682	0.2725829718862962	0.3636078595585731
0.18187047710990145	0.09088765007861711	0.09096631099884127	0.2726552182456231	0.3636203435670168
0.18183161851670993	0.09093964436057757	0.09098520521142953	0.2725870082126307	0.3636565236986521
0.18184623037897113	0.09081337149145866	0.09097491130079374	0.27274297230014866	0.3636225145286276
0.18183963908377906	0.09088293919332197	0.09094344949840205	0.27271563359149936	0.36361833863299736
0.18186146923877322	0.09084590369622876	0.0909609019343099	0.272663278475216	0.3636684466554719
0.18185064410130572	0.09080120716072951	0.09093291577949311	0.27271515515751715	0.3637000778009543
0.18184124086593617	0.09089812107926616	0.09093269533616677	0.27268715142150846	0.36364079129712223
0.1819075970811917	0.09091374458200835	0.09093167592875662	0.272654386493782	0.36359259591426113
0.18186938409764883	0.09085698661592001	0.09093889079701176	0.2727169250795781	0.36361781340984106
0.18184783880364386	0.09093931355910026	0.09092194057990821	0.27262753746067664	0.36366336959667084
0.18183692234388762	0.09081986528186535	0.09092471242095652	0.2727606708216087	0.3636578291316816
0.1818608575391305	0.09087374831841091	0.09092558555944465	0.27270847037556756	0.36363133820744614
0.18187487767432986	0.09081079744244225	0.09095161443875983	0.27273373408866836	0.3636289763557995
0.18186959120173035	0.09094207468528036	0.09094795531449952	0.27261470298289275	0.3636256758155968
0.18185132453447422	0.09088243963837404	0.09092683358889624	0.2726938495940286	0.3636455526442267
0.18188619131426884	0.09090455296562286	0.09095228231915448	0.2726159109582992	0.3636410624426545
0.18184844640861458	0.09090493717616427	0.0909763439185225	0.2726809760992319	0.3635892963974665
0.18190760010610593	0.09081724779879266	0.09094176510045043	0.27264723339151137	0.3636861536031394
0.1818416655480068	0.09080256834067887	0.09094241077161169	0.2727084115250407	0.3637049438146618
0.18183988761878964	0.09086889108144094	0.09093808804376999	0.2727036887214095	0.3636494445345897
0.18190788380377385	0.09085888772221784	0.09093201566723814	0.2726203346876195	0.3636808781191504
0.18187523039636386	0.09092831166189465	0.09092831982681478	0.27268080350131685	0.3635873346136097
0.18187281379307418	0.0908071950614414	0.09094380920808766	0.2727380761253435	0.363638105812053
0.18186270457951048	0.09090185811823791	0.09091874600480898	0.272666338258737	0.3636503530387054
0.1818445235951549	0.09082099849273198	0.09092760455203482	0.2727438356751625	0.3636630376849156
0.1818324508922431	0.09093272169868094	0.09095268386590215	0.2726373987097592	0.36364474483341436
0.18184788405369143	0.09086102467879945	0.09097572187151015	0.27264820763309905	0.3636671617628997
0.18184216626584238	0.09085571826275902	0.09096422440174326	0.2727373604158093	0.36360053065384573
0.18187949599514633	0.09084659121105282	0.09094068351147898	0.27262351947160646	0.3637097098107152
0.1818355810135793	0.09083272189909347	0.09093364558911782	0.27271732076366256	0.36368073073454665
0.18184107524172116	0.09083044471973636	0.09095896457028851	0.27272214464357514	0.3636473708246786
0.18183148894127837	0.09086009360460288	0.09095576705742832	0.27265843612759133	0.36369421426909887
0.18185204823723242	0.09081607479147909	0.0909274441048306	0.27270922598656344	0.3636952068798942
0.18186794838516357	0.0908779999170356	0.09094318137916185	0.27264767245011484	0.3636631978685239
0.18184193509628008	0.09095030295165925	0.0909212158504333	0.2726205667453155	0.3636659793563116
0.18184604783349856	0.09083443253224043	0.0909641602113565	0.2726981170682816	0.3636572423546227
0.18186519291156406	0.09083629219254716	0.090960644089921	0.2726358629491874	0.3637020078567802
0.18185321628529594	0.09090942080840388	0.09093567370955016	0.2726534764940556	0.36364821270269426
0.18186613438924432	0.09085428552517512	0.0909513438584854	0.27267837704827325	0.36364985917882175
0.18185795030740246	0.09091070927614911	0.09096253843965238	0.2726564192428934	0.36361238273390245
0.1818300747934339	0.09087920453365067	0.09098164244557273	0.27259866683997186	0.36371041138737065
0.18186375642555633	0.09086701719874185	0.09092450595010748	0.272725942666795	0.36361877775879914
0.18190722190173095	0.09089506920241895	0.0909730695428996	0.27260354652150254	0.3636210928314477
0.18188417534450668	0.09083479228515882	0.0909429706044547	0.2726434110115883	0.36369465075429125
0.18186223442583474	0.09080047480191804	0.09092811613145567	0.2727772900438792	0.3636318845969121
0.18189553247676937	0.09081225356637102	0.09096265473395093	0.27264128770018214	0.3636882715227263
0.18184465320668133	0.09086937331820004	0.09094597915011289	0.27268055081046233	0.36365944351454327
0.1818573988002688	0.09088906668479807	0.09097068624255635	0.27268605000071416	0.36359679827166247
0.1818453269122548	0.0908982159864708	0.09094308257536396	0.2726324378987612	0.36368093662714907
0.18183608523443284	0.09090113654330029	0.09093013929131769	0.2726700310477098	0.3636626078832391
0.1818810330614301	0.09090543062392606	0.09094827799506697	0.2726683347508652	0.3635969235687114
0.18186212583444825	0.09088834172460897	0.09092657651024544	0.27264388777293486	0.36367906815776224
0.18187671192114324	0.09091640684359922	0.0909406674549306	0.2726400541881434	0.3636261595921833
0.18183958206848608	0.09090878784868758	0.09094052000409072	0.2726185130243495	0.3636925970543859
0.18184126920914243	0.09082709912199527	0.09095337835991463	0.27269749723717385	0.36368075607177364
0.18187243673316197	0.09092576072892433	0.09094413686928668	0.27263795032494764	0.36361971534367915
0.181833999840332	0.09088284676777922	0.09096948031559539	0.2726013998781602	0.36371227319813304
0.18189599067628515	0.09086279026575064	0.090928539903982	0.27262774859861605	0.363684930555366
0.18190405460234627	0.09084961611252575	0.09098502985603123	0.27264298901108946	0.3636183104180071
0.18186037136152325	0.09084727155327203	0.09091905018443705	0.27268835679644227	0.3636849501043252
0.18187960572049727	0.09084161670647581	0.09093308536745766	0.2727576257599398	0.36358806644562924
0.181833124754205	0.09087299541690137	0.09094662269434164	0.2727196633782373	0.3636275937563145
0.181840249797719	0.09084783945046879	0.09096972412611659	0.2726988306583693	0.3636433559673261
0.18187250619898865	0.09083057715131725	0.09093788354096517	0.27266811653039635	0.3636909165783324
0.18190134120111473	0.09086546733376134	0.09093157336293968	0.2726318205462958	0.36366979755588824
0.18186916583015342	0.09088710862051354	0.09095566364053521	0.27269427122158063	0.36359379068721703
0.1819067144208957	0.09080480803430281	0.09095695488084099	0.27267247031133995	0.3636590523526203
0.18184462915089503	0.09085790577050021	0.09097604491941688	0.27261679101176933	0.36370462914741836
0.18189518972494806	0.09088477163077381	0.0909655771123165	0.2726189014151842	0.3636355601167772
0.1818814091364299	0.09093551378599737	0.09092544588620352	0.27260010448937766	0.36365752670199136
0.18187111112861076	0.09091220035562818	0.0909431190538748	0.2725967651008241	0.3636768043610619
0.18184391130038693	0.09081288118072163	0.0909556545439551	0.27277380309782423	0.3636137498771119
0.18190549830649277	0.0908360060174645	0.09093318517305576	0.2727024455946424	0.36362286490834433
0.18184750663829505	0.0908332151183568	0.09097900258968333	0.2726457994052599	0.36369447624840473
0.18190723502315556	0.0909514498055336	0.09093063706445159	0.27260970815700253	0.3636009699498565
0.18186655988267075	0.09092703991926203	0.0909722093970241	0.27260234264064187	0.36363184816040106
0.18187152153214753	0.09085524308379553	0.0909694372211709	0.2725902580937557	0.36371354006913015
0.18190251503807897	0.0908418580341873	0.090969332254342	0.2726574368934298	0.3636288577799617
0.1818560264840891	0.09081861757281869	0.09095713021856901	0.2727256141362812	0.36364261158824174
0.18187324755648832	0.09093301726323043	0.0909683262333163	0.2726018358653238	0.36362357308164095
0.1818726786738539	0.09091222091228149	0.09093729641572766	0.27269038044441707	0.3635874235537197
0.1818721202987522	0.090851743899065	0.09094472682196394	0.27264712065589924	0.3636842883243194
0.1819021315958606	0.09090282822701526	0.09094380580646605	0.2726610580559554	0.3635901763147025
0.1818429987063478	0.09081859585361668	0.09092911797304548	0.2727489788272082	0.3636603086397816
0.18187448521246388	0.09086354777021613	0.09096116723673489	0.27268011956394983	0.3636206802166351
0.1818469305646311	0.09080389091921115	0.09098416588438307	0.2727017472581891	0.3636632653735854
0.1819035168144043	0.09093718118358099	0.09093562252467177	0.2725968636508385	0.3636268158265042
0.18183098579255136	0.09092633106199124	0.09097356492132068	0.27263942436685146	0.36362969385728505
0.1818792084777012	0.090834408805249	0.09094362904080651	0.27265729914501735	0.36368545453122575
0.18184645045634684	0.09091964518912543	0.09095110445487214	0.27267318898457676	0.3636096109150786
0.1818849815371052	0.09085820087371008	0.0909239485011201	0.2726285402088373	0.3637043288792272
0.18188791503161525	0.09088473989004589	0.09093244347089516	0.2727057442369445	0.36358915737049907
0.18185295308695737	0.09091760827269631	0.09092720852985951	0.27262358032817413	0.3636786497823124
0.18188620600741362	0.09086181619285161	0.09092280695886822	0.27266623899168896	0.3636629318491774
0.1818372010009565	0.0909037208373707	0.09093582983787735	0.2727189398208284	0.3636043085029668
0.18188412228372358	0.09090356885464682	0.0909786484161138	0.2726432874800497	0.36359037296546587
0.18183692679451421	0.09081992420398821	0.09093604833479792	0.27271840207077735	0.3636886985959221
0.18189550585636394	0.0908400781233344	0.09097854263053122	0.272597076183162	0.3636887972066083
0.1818910282617634	0.09090208581151603	0.09092244595396863	0.2726182983557975	0.3636661416169542
0.18185001828199995	0.0908164325891261	0.09094500499315053	0.2727075934756912	0.36368095066003203
0.1818653420539328	0.09087654026348406	0.09097155761722221	0.27267328574694344	0.3636132743184173
0.18185015054367873	0.09090015976730254	0.09094430095191525	0.27262498572251126	0.36368040301459204
0.18184854655835186	0.09081575413186986	0.09096481964786136	0.2726980287827828	0.36367285087913387
0.18184750133373617	0.09084364339986363	0.09096730604572931	0.2727550345067509	0.3635865147139198
0.1818391971639489	0.09091763379648644	0.09096299993075564	0.27259581371624086	0.36368435539256794
0.18187793315874462	0.09081090484147683	0.09091683834973492	0.2727220464470257	0.36367227720301776
0.18183178456473154	0.09082400009202021	0.09097607560528645	0.2727448300454676	0.36362330969249396
0.18186964876313919	0.09082572446596124	0.09096463272871393	0.2727053870318424	0.36363460701034306
