0.13690034890518527	0.043090467864187285	0.146688792698459	0.11495324435637896	0.06287600539496213	0.10075790804741684	0.22213014048024338	0.17260309225316697
0.12560728896775394	0.06386214033638636	0.116693461988011	0.15093361034538408	0.05775122284789079	0.08690603210403228	0.26626788461399153	0.13197835879654976
0.17911151559620225	0.08118576115879975	0.1326464008969782	0.09260814270347918	0.04843973537610985	0.07760427412306589	0.2041031794808656	0.18430099066449898
0.1832658325298897	0.08570051122781963	0.0561076468765665	0.1443355041517897	0.06001956377415772	0.11363458263871848	0.2064596388806547	0.15047671992040335
0.1390608306558641	0.13165221584288161	0.06439566460701504	0.10817640654178279	0.06912908412663904	0.08333483698711969	0.2695517439459324	0.13469921729276513
0.12713460256428213	0.06863962263673978	0.14944617321247297	0.14499995198607263	0.05445518345330384	0.10425301746364421	0.20027285789839216	0.15079859078509203
0.12668773370349418	0.04730731045742774	0.05650885204572141	0.22483427018538182	0.04778929922475299	0.08735570932456913	0.23537805471142453	0.17413877034722794
0.15008922055502671	0.10767199072917688	0.07082534808636787	0.11663799537438639	0.060402043876460615	0.11326635523633748	0.24400059758637443	0.13710644855586937
0.19187419298115765	0.04948093578863896	0.10253977448961263	0.14740864814782514	0.04813491763888782	0.10271675253006725	0.20979708248975018	0.14804769593406014
0.12012165242840857	0.14968476962043648	0.07970653670977748	0.14164975987642825	0.0493147462463409	0.08624882484120654	0.24455578365020816	0.1287179266271934
0.1581484628200507	0.04555059470474743	0.09707856078714472	0.18727156513281645	0.05218335468968398	0.10866486666980224	0.2237208498987831	0.12738174529697116
0.1507877142752237	0.036852645608215356	0.1357372802847716	0.1187582637435774	0.0475354684217566	0.09448802771276539	0.24676226337024926	0.16907833658344043
0.12862606377614771	0.10225237663573816	0.08198470086960002	0.13793131972259523	0.05301297109446218	0.0948086741862609	0.2656664271345251	0.13571746658067044
0.18497395770959404	0.04433073012294775	0.11401569813411712	0.09517438720504254	0.06549551602320482	0.09542315884459811	0.2447691746376343	0.1558173773228611
0.1205975650006267	0.07818627360717087	0.12219040726297646	0.18313469851829886	0.0688366763251736	0.08703474959303881	0.21151152866943457	0.12850810102327992
0.14333741418595647	0.13819976981041263	0.10607112280230525	0.13082629743248173	0.04848404086408249	0.093794420483117	0.2115075280254139	0.1277794063962303
0.12233761133309615	0.11025719669330433	0.060325328633312636	0.12739967600342356	0.057930704016778106	0.11056036068619468	0.25266159597184135	0.15852752666204895
0.18792624020927126	0.09045925489057757	0.09572278433079467	0.09598813031461696	0.05970020877162931	0.08104407621398654	0.2193099504047814	0.1698493548643421
0.13116599030313691	0.0849705261585624	0.06863515002706258	0.17345819098754342	0.06224955366184329	0.09321758945971031	0.21163954852965272	0.17466345087248816
0.20309769946729478	0.07239099138234212	0.09077178633838673	0.09488392642770253	0.0651847787039237	0.09151192124030955	0.25250795819533356	0.1296509382447068
0.13601083932649588	0.09424949054074575	0.12860847254254146	0.11045777419952504	0.06408185520628856	0.09579541263143175	0.24476125512721636	0.126034900425755
0.12261236821026905	0.07948934923760796	0.0670351489957648	0.22916064814897646	0.06462150753536368	0.08119817991858365	0.22123419987973472	0.13464859807369947
0.17550853276235018	0.08742129677988406	0.05149977214500169	0.13366195985314475	0.058435095491895545	0.10179771905434679	0.25526205688596243	0.13641356702741433
0.18052590420705533	0.04835900490532964	0.06786782841059315	0.149708587420892	0.05242076487120381	0.1035852944917379	0.2655399963907138	0.13199261930247416
0.15376821709323393	0.033017846094749684	0.06335143882044583	0.24429751668956856	0.0511163115389968	0.08886510316861779	0.23494728082772526	0.13063628576666192
0.13071001710960942	0.03823067776410216	0.06873797004950094	0.1804142890891152	0.051322955524171376	0.10533543955191507	0.2901777385761134	0.13507091233547217
0.16702287332091104	0.06200694522132362	0.07577078386498934	0.14215419050017883	0.06217550961782213	0.09302581979090345	0.21266356951888474	0.18518030816498662
0.17577315427423165	0.11152696520843967	0.1018718734680267	0.11378475173061775	0.05868036795677256	0.09985400708295872	0.20069851227442626	0.13781036800452648
0.16467928329421094	0.12207664320020065	0.06509601290758338	0.17327465699833372	0.06289665868030969	0.08246487615430387	0.2009407781595467	0.12857109060551078
0.11959812468909242	0.1477437491646206	0.04029260018788894	0.1040730216963846	0.0590220921864999	0.10760195900791886	0.2615651954954157	0.16010325757217872
0.13283340065689309	0.11818823174820665	0.06535467129603043	0.13131794645717695	0.052777928942812594	0.08067078685369897	0.25494268918862417	0.1639143448565569
0.14078540168237913	0.07688785292604966	0.052167400278951837	0.20917677729345233	0.056074164636866625	0.11043850972184348	0.21027611254758163	0.14419378091287505
0.13001656815537124	0.09759829804742212	0.12564307382194462	0.1211317345811841	0.06839429349915696	0.08156583650298474	0.21427915750038917	0.16137103789154683
0.14153720070229936	0.05580039230610198	0.07060442246236534	0.18700266484283193	0.049780989819363075	0.10994458361416733	0.21644550790397749	0.16888423834889324
0.1673103351639531	0.13320046202859495	0.05494017263063694	0.10921365248961526	0.05334733459304164	0.08913163742194997	0.21488714570087963	0.17796925997132823
0.14859145333285825	0.13664249047015442	0.05906611897831242	0.17503870643560057	0.05596682016186946	0.0936732443329073	0.2032860612721576	0.12773510501613977
0.17251295928166133	0.0690595179179602	0.05416273645106515	0.20962343338029016	0.049168646949360115	0.09849474399852626	0.21527802579515515	0.1316999362259814
0.145086866904001	0.029119142890286692	0.14200365362660883	0.18762497793756167	0.05386237029201388	0.08955884352770492	0.21133619028881728	0.14140795453300553
0.1682598957625991	0.05939929604231066	0.06180781415902287	0.12721031672574284	0.05540931868409278	0.08301911468861653	0.277070077786184	0.16782416615143098
0.164138065414323	0.027828998768745866	0.1136489664786635	0.16205298055087652	0.06577053156865265	0.10413631521010093	0.23040506112611292	0.13201908088252434
0.16185066708044216	0.06796152773613459	0.05341060384020581	0.148493714258933	0.05343542954451019	0.08912047436608528	0.29309626336290234	0.13263131981078644
0.1296750658796455	0.08801845266519955	0.107439192861936	0.10302993107725361	0.04815825992450594	0.0772838396989601	0.26611802490616465	0.1802772329863344
0.15267664434563927	0.08744258128167902	0.13112283995864982	0.09347175016029363	0.05690953537539227	0.0805663441096878	0.25899254915049597	0.138817755618162
0.18056632372330134	0.06346331679197531	0.059029760212113286	0.14316514638474204	0.05968004724855269	0.1107068796263525	0.21582098419113133	0.1675675418218312
0.12560178605879505	0.1405075501545747	0.06597019396147148	0.19746957424032519	0.053909077883494	0.08400920828949184	0.20425383535183345	0.12827877406001414
0.14783014608683956	0.044156669360222625	0.1327984077061122	0.14186619569469286	0.048638720338524274	0.08201770368591944	0.2334801721273057	0.1692119850003831
0.1717586184244401	0.058756537024409236	0.04110576323901381	0.1934707588783311	0.04865310435887535	0.09829988487385219	0.20076472930543296	0.18719060389564504
0.12520723743555232	0.11716059308713557	0.04374606833861221	0.12716291437761754	0.060498471633034484	0.08724484188335	0.2790544250832561	0.15992544816144158
0.19196679217673976	0.03779435497836198	0.10650339012788816	0.12534698245437761	0.052496682009415	0.08014689854076162	0.2614782887232903	0.1442666109891653
0.1337570203940103	0.12326078693946665	0.08799011293438516	0.11294994471207971	0.06572896395246777	0.08796416942009885	0.25943773285548366	0.12891126879200765
0.14064819667321815	0.06371582553411265	0.06304695124755264	0.14694961071157267	0.05228143205464557	0.08112634724797348	0.29453960851243066	0.15769202801849402
0.16497299885448977	0.028377876189302598	0.09020456943151522	0.14983467040264214	0.04742932878291581	0.08209447987135146	0.28667490468145485	0.15041117178632793
0.1261786579302763	0.14074889801915863	0.10754402750967126	0.09120207391545293	0.06607024779915507	0.09588882944209517	0.20302115805749665	0.16934610732669375
0.13049964799963315	0.07361934852913049	0.058267205564356175	0.10824385658028549	0.07038325004609111	0.10578716850848459	0.2709625185802782	0.18223700419174055
0.1325006399853196	0.10580272278785767	0.05005680453813453	0.12357447379605006	0.04968694455511086	0.09563633643526583	0.26157542877964585	0.18116664912261538
0.1443477013795719	0.04515397956562468	0.06600358656182592	0.11169194089085224	0.06431783814798059	0.10209431839068177	0.28862370318500263	0.17776693187846002
0.14880268124485577	0.0645819786416115	0.08328953188301931	0.14044780686305028	0.04700640632978699	0.10699169266888069	0.26425967101537645	0.14462023135341875
0.13623720803062497	0.06115877144535531	0.1057349086056038	0.12025674968387415	0.06595137702391654	0.11090541216645773	0.23119720947459937	0.16855836356956788
0.1472014142139833	0.09786880115382016	0.0649973966925263	0.12961089576468662	0.05757678012481708	0.0997247471549054	0.23594232875817472	0.16707763613708618
0.11886168074384246	0.0599552247717441	0.15984211779350863	0.13883396934157202	0.06065216838468983	0.09034182128940188	0.24174634624062646	0.12976667143461443
0.1750184643893607	0.053528791577272	0.11161820646763897	0.14476082908356383	0.04744019173695335	0.08800164284277981	0.23457116710919512	0.145060706793236
0.12130634513279556	0.12635564208470296	0.09815826204587677	0.10592186079082164	0.060142044775847	0.08955189562778879	0.2350340047837595	0.16352994475840754
0.13028002036261346	0.07408068994129835	0.1527833508614935	0.09832153837624477	0.052503278862691766	0.08870318905968748	0.2633693976480017	0.13995853488796872
0.13880480698543132	0.03730090408697215	0.11760347376398457	0.15813547370345316	0.051383643561188144	0.10313971695133585	0.26157758095234507	0.13205439999528948
0.12445346187642428	0.07557728753518049	0.1439511795064543	0.09891676154636828	0.06875491030844269	0.11201787263084843	0.20606231845022843	0.17026620814605287
0.16133735547642788	0.12370761005377456	0.05338423586659845	0.13361097518108833	0.05510277053737937	0.0940421604196209	0.22318972029326983	0.1556251721718404
0.17185548256066868	0.05690593500041946	0.06774170056358382	0.16594102685997414	0.061332575757470795	0.10351453535639973	0.24306799760893744	0.12964074629254568
0.18656040169456073	0.04126866366638267	0.11571572727507709	0.1201011105940962	0.053063880970412494	0.09449922774178082	0.24186582425095954	0.14692516380673015
0.15152418566372092	0.04921498071406072	0.13855062756655184	0.1721318385254239	0.06005153083488331	0.07691051115765012	0.21642481768423835	0.13519150785347067
0.13648161133618641	0.07310888287930867	0.11000536937354813	0.10913184966153928	0.04747078393811675	0.0899702901686247	0.25256824259335897	0.18126297004931682
0.17099486517911933	0.06575513441203319	0.0426941966384342	0.16529672090024372	0.046694735031214005	0.11318144388242984	0.237265075559413	0.15811782839711244
0.14732121823444028	0.035042838803884105	0.0995585191283056	0.22982740695421833	0.06391898346866223	0.08166802305724083	0.21580232446922232	0.1268606858840261
0.1274239177955234	0.05113249443264756	0.15894822950488313	0.10983222068073056	0.056745686576514076	0.09741595609219142	0.2546336944143349	0.14386780050317477
0.1989136616376972	0.039770544357380685	0.08987138649915488	0.17984499126636289	0.05268023851718037	0.09056041617862134	0.22004949163375398	0.12830926990984845
0.1224333794905659	0.08648831384321493	0.13572136420523453	0.10197155536226166	0.06319452932745456	0.09704963029984731	0.2513121075107212	0.14182911996069975
0.16817585960803277	0.11700185489692097	0.0810371447437575	0.09691635009167548	0.056756295731919995	0.07908382922533899	0.2509940677504021	0.15003459795195193
0.1608251123882191	0.031996958629466915	0.0671007380583625	0.12742038542680217	0.06608840987528102	0.08651521859424194	0.2742231273176033	0.18583004971002282
0.1575557647720614	0.03081913474330779	0.12210149148411767	0.16288481721181902	0.0605087421676951	0.08655991985218081	0.21330219051155003	0.16626793925726796
0.1552803458205837	0.12746274810581115	0.05994107617865614	0.11372703627907987	0.060572593705720296	0.07495336905010559	0.23366298567801264	0.1743998451820304
0.1740620003280422	0.06977207483937664	0.10768939198737422	0.12538257444191334	0.062336567472708895	0.09624802442085928	0.2357310836524169	0.12877828285730827
0.19732444507851	0.037449785717148576	0.13174708747471978	0.11988907802823906	0.05844552951482737	0.08567809978617288	0.21211217875656643	0.15735379564381569
0.18346083051197373	0.06847250809333132	0.06376552689917565	0.1120444804590754	0.05225985943339226	0.09343263125123318	0.2833707647543583	0.14319339859745994
0.15973955972255513	0.11569332619491447	0.047429554183190156	0.13301079629333515	0.04735570260882606	0.07519481766852901	0.24412348894410174	0.17745275438454805
0.1585329430373808	0.08601587457715879	0.09026039048707335	0.1095156715704076	0.05686821593548917	0.1089943472506533	0.2546516618184864	0.13516089532335038
0.19646201283024667	0.05378643798938436	0.055148247787871474	0.13342720734180177	0.05602527869757161	0.09695407196827471	0.2551161594407018	0.15308058394414736
0.14536350084673355	0.030871142951173672	0.08055838002209098	0.18253450862755355	0.05991231539441082	0.10686286311375325	0.22869032534326206	0.16520696370102195
0.1308474362600651	0.11411352989025421	0.0629331795067557	0.13065468201762215	0.06586442321502253	0.10944430610861343	0.20832660390133592	0.17781583910033072
0.17296007518347434	0.034061201680154585	0.18810252128609362	0.11593688541481448	0.058692286349602954	0.09481858821022413	0.20365039570998994	0.13177804616564576
0.13458151428814724	0.04005855368100762	0.09586859204473297	0.23804373145507648	0.05993100944571078	0.09178708729046631	0.207023171756338	0.1327063400385204
0.13389913126479625	0.030494554036499325	0.04398782305918429	0.25468425779296733	0.0616134699315741	0.07774550870500524	0.2251877573456431	0.1723874978643301
0.12637741716943432	0.10190354724179755	0.05509517596624934	0.10271355139838532	0.06422852665349049	0.10727800973476079	0.259601382761078	0.18280238907480395
0.14408273557735235	0.09868638200649354	0.051807122956109425	0.18910703418401864	0.046751251765354065	0.10446092929127679	0.22147640714958272	0.1436281370698122
0.17585105329611614	0.14067184152743867	0.11164859237021575	0.09259124222081913	0.06163016257870012	0.08086205648261133	0.20290724282320344	0.13383780870089515
0.1472717596982688	0.055672684060687816	0.04297331320967443	0.17364854704769628	0.05045661002223681	0.08202080802382686	0.27225014738008946	0.17570613055751935
0.13678151694566615	0.031888890879006176	0.08512257938067716	0.15701629100981213	0.06979801998314893	0.09309161296684401	0.28941755315017254	0.13688353568467265
0.12477554715312479	0.08855101057806569	0.12187749605063519	0.11106365083040959	0.0661103849810322	0.11250867797457603	0.20962737155474842	0.16548586087740783
0.12415319339662441	0.09183775174981733	0.06251710832145513	0.11465297653470931	0.06355234817129715	0.08404446875624798	0.2740148232714015	0.18522732979844703
0.1277535518508351	0.05631310228248204	0.0579907793834957	0.21873765946260842	0.06888780422999567	0.08002359129406207	0.24370229252010375	0.14659121897641703
0.16769254016334523	0.08018062060954166	0.12723260831758826	0.10232260409253727	0.05145656836272114	0.08979240818311665	0.23341824438798325	0.14790440588316633
0.15354314223466223	0.06641938869001537	0.04856999477760697	0.11740280958130075	0.0665360867083292	0.09167818997899149	0.27675168636248104	0.17909870166661274
0.19327646335163878	0.05643161368929357	0.0639176929825698	0.10925303866038501	0.04808717364098519	0.09380083144304996	0.27778728071960723	0.15744590551247026
0.18976096968190104	0.04309030263289271	0.18097426809644127	0.10060303413490945	0.051664702232450344	0.08232518848212758	0.2181556959876299	0.13342583875164749
0.13124786515864312	0.0882884344136323	0.14126256853388008	0.159568343091164	0.054502866197430166	0.09011352301566863	0.20787104260478673	0.1271453569847948
0.19251977147198146	0.053982131552167745	0.040995862957728155	0.1285242694909838	0.05031878967486496	0.10418684426369662	0.29123892233826143	0.1382334082503156
0.14563894608762787	0.10996665025358542	0.1037114414290536	0.11333747242274272	0.06257898678759691	0.09159990293198017	0.2458573739899308	0.1273092260974823
0.1207093306397535	0.12171596493970788	0.09233375782457556	0.1586268629628408	0.05196607341132589	0.10001238213611999	0.22431985405188903	0.1303157740337871
0.14356141662894523	0.04580872156543339	0.051584052800116506	0.17931757170070686	0.054988894430211	0.08730720580597948	0.25209082822344764	0.18534130884515965
0.13703541476383063	0.0609196855904373	0.07420388662022095	0.20656285906807603	0.050095603591371704	0.10695654090816648	0.2075698203044261	0.15665618915347057
0.16090961723787775	0.13308043503469077	0.04075656693170117	0.0933998047082	0.06751246685727637	0.0866040911134898	0.25030522729698373	0.16743179081978016
0.19311690418738603	0.10660999175152665	0.04460384082024976	0.15443769232017188	0.0679739807850035	0.08765089966019557	0.20682697920858106	0.1387797112668853
0.20179412410861625	0.03159905806456895	0.04054482420738831	0.19299332507393785	0.06222313421349522	0.09497633502246675	0.24597954269855613	0.1298896566109703
0.16386661522736506	0.07556583992163984	0.1523944916922381	0.12444401658215859	0.057125200744780905	0.08136050314966226	0.2165262984934902	0.12871703418866484
0.14221580807571174	0.045967536617066304	0.06459127553621077	0.2098042021021772	0.06149935871704003	0.07805170289215003	0.2510660206817399	0.14680409537790376
0.14204362790547864	0.029525533685719238	0.1266741850872552	0.15270760278143242	0.054948593785302535	0.10889307926672417	0.25400290565810746	0.13120447182998013
0.1554574211176829	0.14151281964308887	0.04124843031928002	0.09146530411363155	0.06926120483073463	0.09690923931715645	0.25963972043074124	0.14450586022768416
0.13546432214766477	0.04925406749774926	0.14582634663190533	0.1522113584981739	0.048976497353240805	0.08706556351260647	0.21417711970503361	0.16702472465362567
0.14358763060265728	0.06717673473702777	0.07372315653506405	0.22374133549631003	0.048550582922485375	0.09903832540050567	0.20946633910798584	0.13471589519796373
0.15017961946770347	0.09414575378023558	0.053286216136048545	0.15029495458200348	0.06091078458452941	0.0786492673382751	0.22729144509808122	0.1852419590131229
0.15292094007278317	0.04975908537890876	0.14653421484193366	0.12370292156439658	0.053031458200589826	0.07755342375011805	0.25538771261659954	0.14111024357467017
0.13498039655034716	0.06486203831207493	0.06274954974342936	0.18011736033469605	0.0696516489998712	0.09388599910221655	0.21394081687198938	0.17981219008537516
0.14051221076581558	0.1214362564625902	0.060503974272812136	0.1237131076031518	0.06185537827335681	0.08393362388124376	0.25815047457201523	0.14989497416901426
0.15525411405339923	0.07574104660113565	0.041014832512768135	0.13690889340816956	0.048170495712684766	0.09073578578320037	0.2727219722708467	0.17945285965779537
0.18947081147238404	0.045487489906873596	0.09445631845748034	0.10332671160892935	0.04764858740504614	0.07505354603453375	0.29939409114781307	0.14516244396693948
0.1748034311281233	0.048828127429654616	0.07063657170108291	0.20782462352743916	0.05756927278133685	0.0893615257285745	0.203337788339652	0.14763865936413645
0.15221687149160695	0.09513335534731858	0.08406199333618797	0.13756108041802037	0.05026043789484526	0.09698264148793452	0.20480442238156235	0.17897919764252374
0.17549791022191863	0.025814737748202282	0.05611104281630276	0.11073518455879336	0.06447268220328756	0.1084503872770107	0.2803540804323245	0.17856397474215993
0.132960297042334	0.113078591806835	0.11662092687221579	0.13327671820627215	0.06843313379739024	0.07597093052067105	0.2179274593401171	0.1417319424141644
0.12065963642968414	0.08565875505761372	0.09785199093428189	0.12599657637484624	0.05164431594841068	0.10032800768820077	0.237737362169206	0.1801233553977563
0.13715952066510073	0.027943275585898902	0.1692467980005314	0.10901418782720916	0.06524004779386161	0.08738095013373365	0.22276346901864386	0.1812517509750204
0.1257106175889633	0.06972585060395668	0.1824610110261774	0.10428124449609552	0.05636949071997288	0.09589337889806546	0.2160737338991262	0.14948467276764238
0.13006242492427	0.1035915020128626	0.07761198770406591	0.18256978197156049	0.05541320401490284	0.09117315761048334	0.21468299634131172	0.14489494542054288
0.1276137611484588	0.063710454172629	0.10678292870923944	0.1608897896439403	0.059377193165963224	0.09004280945277562	0.2557003810952966	0.1358826826116969
0.14616858060934007	0.1161493200731117	0.052854096984073534	0.11936215292121666	0.06529788954614182	0.07956418666993048	0.26406989851971413	0.15653387467647145
0.18096545809716086	0.029176076633990883	0.10950868096197958	0.10989712218173464	0.06390882779218413	0.10175251691634662	0.22237528429899245	0.18241603311761057
0.15009875673585782	0.06218783649497517	0.10566647312856363	0.10569812844270002	0.0628120743855038	0.10078438998630879	0.27436672262449213	0.13838561820159845
0.16964226195533763	0.12642442652793467	0.1270576031236932	0.10447744728586916	0.04961895863034005	0.0841533885771584	0.21176077172892765	0.12686514217073896
0.17793651362305196	0.06225933574372629	0.052213454856946215	0.11414088620792306	0.05344757144197844	0.08524220521345297	0.27173754620100143	0.1830224867119194
0.13983614017894713	0.05096217732103947	0.10408388659010967	0.17826180140671377	0.050350058871273015	0.08496350963866078	0.24127550319635446	0.15026692279690146
0.14227079732792275	0.1067119552992621	0.07157662490757803	0.17891735065619097	0.0603674801905445	0.10449283430669437	0.20177823187239322	0.13388472543941385
0.1621723971203895	0.0416615934893311	0.08756200418306025	0.09366532858931464	0.06828876145807777	0.09570896635239504	0.2705992049699791	0.18034174383745236
0.1485420973229969	0.06194101552034971	0.04317715117477672	0.20916344935466985	0.0695638915425611	0.1057994249569519	0.2144688401388562	0.14734412998883742
0.11914701555982593	0.036175828016908385	0.1782719680553131	0.12834379839106264	0.04669034422730979	0.08158056293640037	0.23703983649719443	0.17275064631598516
0.14518099100064377	0.03307638188735405	0.047318197344418306	0.21917643074477544	0.05339420819326535	0.09882428221885123	0.2449453403152886	0.15808416829540295
0.1394483157380198	0.026574674737337253	0.1829215921953204	0.16622913689400676	0.05918771939815602	0.0764792409164903	0.20072523951054877	0.1484340806101205
0.15071587475916187	0.0886923408464003	0.18089232918574188	0.09220862093978015	0.07060765872358314	0.08286276730367684	0.2083971083896723	0.12562329985198328
0.19900198629627727	0.032219686412263526	0.13335302412236405	0.10991339907909023	0.06513423761934652	0.09243443423227829	0.2121235242678346	0.15581970797054528
0.14507825012331374	0.09380774991435742	0.08703999779452966	0.09708373929276502	0.05227294140069168	0.10448810123874726	0.24050582635906673	0.17972339387652825
0.16427233737136154	0.10980340758861223	0.050259963445966976	0.13054636831689864	0.06910442529956937	0.10225102346211427	0.20841118356108226	0.16535129095439444
0.13495294421883466	0.055611504256346145	0.12234688268506534	0.126432069329136	0.06720345253954034	0.11098377437150103	0.25138554905848953	0.13108382354108675
0.17188925329542362	0.08788939612185372	0.0925045278862004	0.11625776641693389	0.04742212104636788	0.08718379093950004	0.22127282826852543	0.1755803160251948
0.15537819878972817	0.09121117801794648	0.09929079095899275	0.0920011243134766	0.057290844765030116	0.08149465603320014	0.29276905218016236	0.13056415494146315
0.12464859801416261	0.03165359056913629	0.04116644336955841	0.21675500197857267	0.05564925207710904	0.10703002328611913	0.28713752759779443	0.13595956310754723
0.17501409842372512	0.06504479542939401	0.05632426801485023	0.0935686058446174	0.07041687186608603	0.09984471774764266	0.25358508579845124	0.18620155687523304
0.1340424047192054	0.10195282438579388	0.12908660103942174	0.12221861079652752	0.0477045475087388	0.10777818794310368	0.20745712126544083	0.14975970234176794
0.13173873420239432	0.048616408089633245	0.06195240531434067	0.23364002559091993	0.06648984915135935	0.0770887697156244	0.2210970708117037	0.15937673712402417
0.17529933085914134	0.04796283892113676	0.16832158985233814	0.12991184581318235	0.0537652969710333	0.09344873036048273	0.202126508329334	0.1291638588933512
0.1623054593243614	0.07231473813917118	0.06937204582276954	0.14677359772162468	0.04917392194574681	0.09675619974452351	0.21807175868015946	0.1852322786216432
0.12399585555879339	0.05456979232783378	0.1272380535932053	0.1123764087819849	0.05400920737459186	0.10323490533461128	0.28556173976035026	0.139014037268629
0.18939041809114324	0.032466417887920596	0.06995756243086465	0.17223994995814856	0.05087229266006796	0.09779933782010627	0.2512632856276209	0.13601073552412754
0.15991965649222528	0.042502319926353324	0.059931747525347204	0.14580662742757086	0.0686959772233845	0.10339440355811572	0.23563576478658294	0.18411350306041993
0.13744822570949666	0.06262644838351214	0.1377844120051036	0.13711984457449783	0.05343723517571741	0.08456389207300158	0.20014137297874868	0.1868785690999219
0.15998822850708028	0.06980499038866611	0.08168522987336892	0.1781732348619282	0.046723323083146515	0.08552209531923878	0.2230052809575256	0.15509761700904537
0.1346435252403631	0.1282321321283339	0.09317732573639698	0.1251334626472543	0.06012701148317989	0.07732924206467043	0.20898942633351936	0.1723678743662818
0.13098301775788254	0.037220169628714855	0.17549323903130715	0.09339592203245897	0.04778973851642415	0.09860576829803325	0.23890335631366247	0.17760878842151637
0.1716324325063675	0.055290821540294785	0.09912223593041683	0.1266367917437215	0.057871090018065924	0.10198452209017463	0.20368672343424193	0.18377538273671667
0.1620472230212594	0.0283787086616049	0.07872535878535314	0.16493673015270546	0.06938308365615173	0.08304681963820598	0.25321592711912244	0.1602661489655967
0.18227366235776565	0.04342714834002674	0.11338923131793963	0.13712095822193532	0.06580370190449032	0.08653865807653485	0.2098882435436265	0.16155839623768076
0.1422103281957255	0.0792456757956764	0.09356730123152693	0.10289224080036345	0.05547726173419834	0.07836641875791003	0.2909479815844478	0.15729279190015133
0.13001946364814732	0.05618859897470793	0.06491804053010225	0.13023205530442747	0.07011419357908844	0.10879138842807236	0.29437575961718465	0.14536049991826944
0.12930390467181285	0.053867109915618605	0.13462879365553987	0.15970665124023084	0.06322145870822718	0.08859837568695175	0.20454725222581227	0.16612645389580644
0.14894333865146764	0.10614185605839846	0.15898438617220118	0.11821769424480197	0.04963197595288463	0.07685553655988986	0.20300898455675914	0.13821622780359685
0.1435695513503262	0.05279716961840686	0.12120298083072173	0.105839827853992	0.06160750172685167	0.08146486501866204	0.2808602660964752	0.15265783750456405
0.1656163088386825	0.15519953116158003	0.07898118288572323	0.1020783262323626	0.047991729878222325	0.10959068200005309	0.2002847068805793	0.14025753212279668
0.19277188254489647	0.05088464337362672	0.041072524171040806	0.12704223525950337	0.0674837636827334	0.08567025074658152	0.2766322293322203	0.1584424708893971
0.17119794589866438	0.06644310221079626	0.11564398810634041	0.12216023567275752	0.057897370644689805	0.09618034710685927	0.20446194328259365	0.16601506707729846
0.1220584492715773	0.12312821385556326	0.08206280120947182	0.13856468189001003	0.047939914250862886	0.07796484990245942	0.22506467877336242	0.18321641084669266
0.14080240674087374	0.08939623456313033	0.11171365188490043	0.14943252912027777	0.05142649608758	0.09890939466534496	0.20786530369726408	0.15045398324062847
0.1313883472430615	0.03446429502145899	0.12104452626389411	0.15848105406576551	0.051785251602265533	0.09152617387078042	0.2688856860232074	0.14242466590956632
0.1950921322893982	0.06346129660872472	0.041235336404748135	0.16197467576997232	0.0543425899704342	0.07791870434111396	0.23889706845625633	0.1670781961593519
0.17756850028855264	0.02924853574087377	0.17257943104065676	0.09648289882643829	0.0498986728654045	0.08913972389992361	0.2248336669589906	0.16024857037915957
0.17899893938579467	0.031137017562683098	0.0950371257517493	0.10927896157242244	0.06691536397518472	0.0856410059723491	0.27244302411848265	0.1605485616613338
0.16131090973993595	0.04375884086861552	0.05652778410519613	0.20194407024105218	0.06305553504829127	0.10380705652987379	0.20878706634642658	0.16080873712060834
0.13550861509861697	0.11382248842958595	0.07005268583400209	0.10290878158368519	0.061437245443445115	0.11034952046265661	0.24181865040384393	0.16410201274416394
0.1522679354099989	0.052779131900937665	0.18519147681859735	0.09332604080976967	0.06983909362091752	0.08908978878717885	0.21092883124352674	0.1465777014090731
0.12222888469790043	0.05477521996068449	0.15572488189127623	0.1117458277356225	0.05452562572908935	0.10097470490246116	0.2696238331186298	0.13040102196433587
0.14201364075011638	0.04846396891954205	0.10082773042138758	0.14937911012623203	0.0646175916996717	0.07765929831677235	0.2564231674856725	0.16061549228060515
0.12037770135786657	0.02894131131576165	0.17354762416703634	0.1409127259438417	0.06958282179445732	0.1075664297875496	0.2032450080268469	0.15582637760663975
0.12877255078249247	0.09349463195780572	0.15429784232568788	0.09418894463966104	0.06592459703744803	0.07750658647362994	0.25105448286033333	0.13476036392294133
0.12388313476978272	0.10495774230497756	0.06312442336481879	0.10855802180644485	0.06168876080955679	0.11197920649215724	0.27125037134459273	0.15455833910766903
0.17980841529681463	0.026968501051207794	0.12553888240297745	0.13935513014922138	0.06034309817789339	0.0885670232015778	0.20815706321681027	0.1712618865034971
0.16681225361053592	0.05207602035742484	0.09195862103106778	0.1057494773621768	0.05313016676798987	0.10298446113069781	0.2780138467085127	0.14927515303159403
0.12889526553779937	0.09573028912291941	0.13914756650860838	0.10681630517146264	0.0596917762735074	0.09508979998465411	0.22815342562192625	0.1464755717791222
0.13571503566053217	0.0466624672121862	0.15187681024596464	0.1549531058177169	0.05108700868544269	0.11353835361668367	0.21434676001150985	0.13182045874996365
0.11904480714017623	0.13040246625412655	0.08602376917010118	0.13029818709306465	0.04740017739997883	0.086857042619441	0.2443583913037365	0.15561515901937487
0.19176813314077673	0.06570712711969615	0.09739990952323063	0.11340324952765	0.04979259738406648	0.08931145169142374	0.23823682280422806	0.15438070880892796
0.13404926463121877	0.035028172486287645	0.08766403234404657	0.17876340485137343	0.05741774618759675	0.09725614985709749	0.23257723281242138	0.17724399682995776
0.17005911690151645	0.0293186009581992	0.03977280558635214	0.20963735989249005	0.04806770891254632	0.10967956847906046	0.22857505891957836	0.16488978035025678
0.18677688556413755	0.02580213143334907	0.09836202920730772	0.2043600233270439	0.047545451323506904	0.07477407703433478	0.2139947394603503	0.14838466264996955
0.1704056588225518	0.10885674292020944	0.1306367257818674	0.10456580575159849	0.06053787857377893	0.08182758012310645	0.21495960469636394	0.12821000333052332
0.1520890872978763	0.06507260222748319	0.12100298870410056	0.10391836013449392	0.06748162008621571	0.10661248620741905	0.25099524682287067	0.13282760851954037
0.1453673673730826	0.0412969201675953	0.14263090668770312	0.16009484382800815	0.0669889683276923	0.07736742581032921	0.21145892895416257	0.15479463885142652
0.15069440163378717	0.055850673235930764	0.057841352777555824	0.12014746768246315	0.06606160430014069	0.10741043771243565	0.2769497531857844	0.1650443094719021
0.12477216645767837	0.05230920070560893	0.16458993998189572	0.1234974147968839	0.0478700230699991	0.08989372856020394	0.25239489117339076	0.14467263525433904
0.19344999821411	0.06380995630501457	0.053547300872125725	0.16081583184347584	0.0560627409600296	0.08431479824353982	0.21681241042027463	0.17118696314142956
0.1394932639431424	0.07750856994841822	0.04908135850664193	0.13868544997272028	0.05126173457449602	0.07881845894212622	0.28022570260010715	0.18492546151234754
0.12564064584448836	0.14060705679318083	0.08193293950791943	0.15036286448162678	0.05094362626876199	0.09844095301197148	0.2098323693810048	0.1422395447110461
0.1342124924799473	0.1550521945611432	0.053973191274904825	0.1253691616953732	0.07064336066146687	0.08044854678192681	0.2098212582946469	0.17047979425059068
0.14419719568027137	0.04566860819111164	0.0831681598693447	0.10789105794072437	0.048858866735425624	0.10933113174891686	0.2849553779078918	0.1759296019263134
0.13236460837844816	0.09937023228819049	0.1005550437176957	0.12297036631131683	0.06849963905943285	0.07647675965315806	0.23878473139799355	0.16097861919376413
0.12494289336054198	0.05212216170404051	0.12391013642086711	0.1380221616067628	0.06894896128595233	0.07691107338165898	0.23021767496680134	0.18492493727337472
0.16525191866589392	0.03493295422010195	0.0778234278300653	0.19902861553517598	0.05785993947465656	0.10986370348654324	0.2125001577849597	0.14273928300260308
0.14816701647048358	0.11183191771434542	0.04817683273144187	0.14393906566265552	0.06754755557732915	0.10110241588627203	0.25102823475594266	0.12820696120152952
0.12563113769261677	0.13281663276321515	0.09942262454551971	0.09499681837270205	0.05641134437851408	0.08242569526944336	0.2671101315215938	0.14118561545639488
0.1494033177565651	0.11519581530924657	0.08774118475178008	0.09927064238606711	0.06715193158282567	0.10665370161812406	0.22466030879067517	0.14992309780471602
0.11986958359581562	0.0262935753433884	0.08178818004227437	0.24385553054040948	0.05408794655627208	0.09670926830069103	0.24526642356358413	0.13212949205756463
0.17743522312412147	0.0361722693564127	0.05828299394608759	0.16066516425259855	0.0640794563559012	0.09471270987548985	0.25780909753017783	0.15084308555921058
0.11949378809531563	0.1384429446108834	0.049419613100302115	0.15768063208550362	0.060156591402309126	0.10305444491781748	0.23519887066053863	0.13655311512732973
0.14163496169545323	0.04267334761436646	0.10645209927125153	0.2034596172671992	0.05598207311816421	0.08174851150439347	0.2112513737804752	0.15679801574869653
0.14434091053584214	0.08792286918104045	0.05093878768142723	0.17769229353395657	0.05012190402897003	0.08814387131332793	0.2490856437524175	0.1517537199730179
0.13967154585113667	0.03896055070612729	0.17097162116431486	0.10802716328690536	0.06373200922926427	0.10126630445923132	0.24771759713364305	0.12965320816937698
0.13913945269811043	0.07274142308814897	0.09777725480019311	0.1539089707043886	0.05794637708163218	0.09899043984631166	0.20023101130494342	0.17926507047627135
0.15373183044670755	0.0802809366697285	0.03944043912180077	0.16235237539333908	0.05762481612553062	0.10613556631676849	0.27235412642868495	0.12807990949743986
0.11911265658419815	0.08309571274053093	0.07434696832656656	0.1458928424307274	0.056959747539265734	0.11039269136726043	0.23902038914280188	0.1711789918686487
0.1708878109308175	0.14962702216990809	0.05604696218040035	0.0929884534183738	0.04844957765928358	0.08476555119221588	0.23012825968183243	0.16710636276716814
0.12568528231371287	0.04374815846613021	0.08579103550456123	0.14612780616942306	0.05556643755213832	0.1103977756946964	0.2860583609605769	0.14662514333876076
0.14013608076706624	0.04253178845535094	0.11082475563384883	0.11369150684413272	0.055155142734611	0.102518305189892	0.27520303824422254	0.15993938213087547
0.18914430562894896	0.04544208875804802	0.11614466060332768	0.14226723781466424	0.06649821432883275	0.08740606576533722	0.20435605811546007	0.14874136898538087
0.17724514488995013	0.03751418128660597	0.11321039070463396	0.10040652791640681	0.06514881313988152	0.08394282834773237	0.23520854832034557	0.1873235653944434
0.1798486407020878	0.07517429129339831	0.12887796341495542	0.09945317611567266	0.06442488606722621	0.10016310370076761	0.2149485627013169	0.13710937600457485
0.163888969191791	0.12814663396459164	0.0693949244191683	0.0939887152002577	0.054018392726288555	0.10598578409415642	0.22050420819308636	0.16407237221065984
0.12257840149675854	0.0282500277262398	0.15984302100337494	0.1854399074374533	0.06116878131255371	0.09008373884059373	0.21801438076938262	0.1346217414136431
0.14275844535495824	0.057585294286151056	0.13937215719648235	0.13080459409293824	0.061094341719629464	0.07632884558771737	0.22406178349152817	0.16799453827059488
0.16256111652151575	0.05615698467672332	0.1054328583730277	0.1856317934539219	0.05709832182933941	0.07581709245787172	0.210296465381852	0.14700536730574804
0.1951261613568059	0.05291679629946042	0.13468078750362938	0.12443686913698312	0.06049120843070385	0.09767669163471576	0.20392758771979738	0.13074389791790392
0.13436353714049054	0.06772683549880848	0.13838980275064147	0.10842546332365141	0.04697776632983665	0.09749594411443538	0.24016918606448975	0.1664514647776461
0.13879058264399516	0.03572094752312506	0.12462303593410123	0.11737464406106587	0.05910847543354407	0.08509853610344306	0.26790392319422884	0.17137985510649645
0.13781996271818706	0.06705947411778806	0.07552672206085254	0.1680260073281548	0.05519598584211653	0.0833313721379535	0.24650532848516304	0.16653514730978425
0.13070630713955833	0.1571277763386178	0.054416460257542335	0.11255535613934062	0.055670680679156884	0.07624820112746653	0.23786177867947442	0.1754134396388429
0.18353384482082036	0.08695006303927977	0.057468507100342445	0.1187861403063063	0.05202656274399388	0.07782270448462147	0.23894314863417726	0.18446902887045827
0.13696053411570802	0.12959245312888193	0.055848846813585346	0.11091595516361932	0.053906865762876954	0.10864482849763825	0.2576011418638838	0.14652937465380617
0.2032913776460122	0.038895978861139754	0.07150422359877198	0.16540932619738286	0.05805729696427589	0.08470199248314883	0.24364509084779773	0.13449471340147048
0.1576499692165294	0.02823974233544839	0.04876064555514607	0.2547700628929215	0.06457718756442477	0.08489329075291374	0.21976363351310738	0.14134546816950855
0.18638235576901602	0.08530202457432617	0.10059174322073922	0.09193885351614003	0.06542796478348792	0.09327922738190936	0.24765838842174523	0.12941944233263586
0.12463029762535399	0.039337056021363545	0.11906461784260557	0.11839703121843675	0.07035329722038439	0.08914369910657435	0.28308223309259506	0.15599176787268618
0.12023306332938176	0.13534266394292127	0.07151936297399611	0.15857802883535982	0.062780047893246	0.07995890861264389	0.2383645713962342	0.13322335301621677
0.19330345340166896	0.05128586750063609	0.08906680747595613	0.10226140694696985	0.04964473538752623	0.07880017179782003	0.27091580800741233	0.16472174948201013
0.2024665374925553	0.0970376735548229	0.09862668175081367	0.108180790147182	0.05602124567098156	0.07464544501524698	0.23030138852340465	0.1327202378449927
0.19539330109178416	0.04069745580015584	0.08968815091181333	0.1344825571240118	0.0678857631410636	0.08060421293389293	0.22107428449410793	0.17017427450317013
0.18910707208280583	0.0902035106775486	0.062128099222863886	0.1038781171306198	0.06213325363492865	0.08876328155469479	0.23302832197831214	0.17075834371822607
0.13679357680955206	0.040940778852803214	0.08062825226654091	0.17164556102417663	0.051183160847752415	0.09930317665756025	0.26827089984629604	0.15123459369531822
0.1997530924616307	0.09210615534724927	0.06512918489230828	0.16271640283412658	0.06334907419262009	0.07485496538969191	0.20492365241280694	0.13716747246956598
