0.5201342275747995	0.28889548006531174	0.19097029235988885
0.5049186674277318	0.276214915286596	0.2188664172856723
0.5026973985285424	0.28436569969878633	0.21293690177267133
0.5187520329521843	0.272981112733541	0.2082668543142748
0.5143708100171125	0.2584752223570858	0.22715396762580173
0.5280951050639967	0.27826827851736247	0.19363661641864088
0.5274144476756617	0.26894762697200375	0.20363792535233466
0.5277006015693313	0.2630913203284839	0.20920807810218495
0.5198284961769691	0.2752864403623602	0.20488506346067076
0.5409626142140274	0.2609594364141327	0.1980779493718401
0.5184689165908583	0.27460553587510683	0.20692554753403503
0.5274281375450295	0.2796236213067889	0.19294824114818168
0.5031609109030462	0.2756642512190026	0.22117483787795136
0.5353225925950067	0.2680412264412484	0.196636180963745
0.5151722894542095	0.26038815913735713	0.2244395514084335
0.5273005734194925	0.28268356698402686	0.1900158595964807
0.5038480448154545	0.28377868938134365	0.21237326580320198
0.5153116183123778	0.25798165584804916	0.22670672583957313
0.5275540681086236	0.269468258717676	0.20297767317370047
0.5143773530437992	0.27741142696408533	0.20821121999211564
0.4992721154214843	0.2837843074589674	0.2169435771195484
0.503709790943575	0.2719332907264081	0.2243569183300169
0.5138255857176048	0.27744168358668203	0.20873273069571327
0.5340515842471901	0.2714430583486451	0.19450535740416486
0.5376360070961881	0.2585968496312856	0.2037671432725264
0.5317311426050979	0.27640315055858733	0.19186570683631485
0.5376205278764965	0.26164638571151133	0.20073308641199225
0.5075819828784572	0.2788480312485261	0.2135699858730168
0.5125265623915493	0.2893244475757658	0.19814899003268513
0.5167863935240855	0.2852853491165614	0.1979282573593532
0.5039026133294954	0.2846575151464654	0.21143987152403934
0.5405425696905708	0.2665830202813479	0.19287441002808137
0.5370469233898559	0.27169529462459824	0.19125778198554594
0.51684421049543	0.28295310713048927	0.20020268237408084
0.523356219085044	0.27894919867596474	0.19769458223899136
0.5315074836651853	0.2599839930435488	0.20850852329126596
0.5175106434221733	0.2744999874437173	0.2079893691341095
0.5051799215224754	0.2755040269979651	0.21931605147955963
0.5333571229187859	0.2677930482035561	0.19884982887765806
0.5024685539720112	0.27351553670715273	0.22401590932083623
0.5335988083074421	0.26356462780626766	0.20283656388629023
0.5260514714569793	0.25651720408306944	0.21743132445995145
0.5103935256242309	0.2866978684253592	0.20290860595040994
0.5428711939517092	0.2605473153206937	0.19658149072759712
0.51505225654241	0.2574129176949528	0.22753482576263723
0.530260959410472	0.2641005626630025	0.2056384779265256
0.5048255826822059	0.28542109082209555	0.20975332649569872
0.5317217701188707	0.2652409404843099	0.20303728939681948
0.500321489355081	0.29239079589542416	0.20728771474949487
0.5220623487003615	0.28675707434415243	0.1911805769554862
0.5157977064137421	0.2630775791575726	0.22112471442868536
0.5336255434695121	0.27607885658622167	0.19029559994426626
0.5051223745406577	0.28611429939372174	0.20876332606562065
0.5163792984813396	0.29033053843448425	0.19329016308417635
0.5054578946142707	0.2796331479205062	0.2149089574652232
0.5070599540838348	0.26611800941863084	0.22682203649753457
0.527718328950572	0.26476481149686715	0.207516859552561
0.5010073905925739	0.2889976691205195	0.20999494028690674
0.5237715880475791	0.2759625491747123	0.20026586277770878
0.5135994723067088	0.2735266967890603	0.21287383090423107
0.5108067901419131	0.26660022699097663	0.22259298286711043
0.5097293646071621	0.28270826856165704	0.20756236683118087
0.5311989603534747	0.2757519532783889	0.1930490863681365
0.5250729083864157	0.2566203732516209	0.21830671836196347
0.5349402218291517	0.2677981168300533	0.1972616613407952
0.5399742515471418	0.26088214386683983	0.1991436045860184
0.5340346332895753	0.2736481894066	0.19231717730382467
0.5205362536867362	0.2859917529972806	0.19347199331598336
0.5178026521423331	0.2897262688260762	0.19247107903159077
0.5372123331173246	0.2561719850102159	0.20661568187245952
0.5242728332450718	0.28208184626105515	0.1936453204938732
0.5141523002004276	0.2889691303467573	0.19687856945281518
0.5199879573751127	0.2646945185244598	0.21531752410042765
0.5099927522141424	0.2862397312170461	0.20376751656881162
0.5347634212625716	0.27295214166354975	0.19228443707387877
0.5305654266303458	0.2567072685980446	0.21272730477160967
0.5371080169851801	0.26665555974100585	0.19623642327381424
0.5121214270270932	0.2670194598915952	0.22085911308131173
0.5297408221519945	0.2591837247752634	0.21107545307274217
0.5367269369823682	0.25621349723181386	0.20705956578581813
0.5329737210339816	0.2750122922012302	0.19201398676478834
0.5027067729890513	0.285938593013417	0.2113546339975318
0.5185857171252464	0.2577382515848572	0.22367603128989655
0.5176049990688044	0.2788744781369747	0.20352052279422098
0.5091604928728162	0.2878505836168593	0.20298892351032471
0.5246211990941165	0.2713244708870269	0.20405433001885667
0.5256157040602646	0.27516157756586856	0.19922271837386696
0.5247969975688566	0.2560050445084078	0.21919795792273578
0.5139853773640722	0.2756126987319934	0.21040192390393447
0.5369152032471256	0.2749989182183839	0.18808587853449066
0.5364949912740111	0.27459042259782246	0.18891458612816642
0.5348061978814156	0.26767890996607624	0.19751489215250836
0.5239862620352782	0.2669285642743562	0.20908517369036564
0.5138078877011448	0.2589278750408032	0.22726423725805206
0.5390047073179149	0.27073923636701336	0.19025605631507175
0.52393829755921	0.2714335638505235	0.20462813859026674
0.5184288684293137	0.25950782239083103	0.2220633091798553
0.5041191881241416	0.27397583826532446	0.22190497361053407
0.5227585541333031	0.25694539284135365	0.22029605302534344
0.5199114295846876	0.25639809284791204	0.22369047756740038
0.5102011135684561	0.2875283364179794	0.2022705500135646
0.4991567973873423	0.28950105552674255	0.2113421470859152
0.5237157006743682	0.25729501764872653	0.21898928167690535
0.5200564298583177	0.2606019851256578	0.21934158501602471
0.5153527593934337	0.2670959214281981	0.21755131917836823
0.5201765541506919	0.2668149772423731	0.21300846860693518
0.5058734425495365	0.28258902496339955	0.21153753248706403
0.5066806746688755	0.2703511818985629	0.22296814343256185
0.5215354020466807	0.2722122342699301	0.20625236368338928
0.5351954064083377	0.2639916630926309	0.2008129304990315
0.5306759915561023	0.2803339461168437	0.1889900623270541
0.5347826199485652	0.26019940372202766	0.20501797632940721
0.5417698114830782	0.25681336084966944	0.20141682766725238
0.5033000768691527	0.27086280431003995	0.2258371188208074
0.5138507470563669	0.26476949122434923	0.221379761719284
0.519632259241022	0.2851096308593497	0.19525810989962844
0.5243531493636713	0.27840030303639035	0.19724654759993854
0.5242526385644439	0.26972082027452815	0.20602654116102803
0.5081240307546184	0.27483240057790226	0.21704356866747937
0.5243089105596123	0.2744861154103668	0.20120497403002102
0.5120743090706916	0.26904094613233	0.21888474479697853
0.5353057759501075	0.2574600941980336	0.20723412985185893
0.5072390808152135	0.28798705991760093	0.20477385926718572
0.536840552911702	0.2566453917185897	0.20651405536970846
0.5083164728948084	0.28003163491035443	0.2116518921948373
0.5347123069921287	0.2571766603420672	0.20811103266580416
0.5269423695748887	0.27228943091755364	0.20076819950755773
0.5113648361204967	0.2721004388846302	0.21653472499487325
0.5166016238746339	0.26347180493136324	0.219926571194003
0.5217045449910023	0.2609162964490399	0.21737915855995787
0.5278261097502374	0.2601311997594389	0.21204269049032384
0.5108790110476621	0.2856382196218646	0.2034827693304734
0.514007139250338	0.2729813351163497	0.21301152563331244
0.5088902573410394	0.26683085508672494	0.22427888757223574
0.5339215774838526	0.26210477413418076	0.20397364838196674
0.501032221763002	0.27914449373331485	0.21982328450368327
0.5208460075812004	0.2794252410422351	0.19972875137656465
0.5367133404874511	0.2575472500555056	0.20573940945704344
0.5205730522698129	0.26204202399857157	0.2173849237316157
0.5071531382109128	0.2750820445999014	0.217764817189186
0.5096706823338645	0.2830329944008587	0.20729632326527694
0.5241555380753221	0.27054571425392904	0.2052987476707489
0.5239437957644797	0.25834420975308026	0.21771199448244005
0.5137507811063471	0.2740299985577459	0.212219220335907
0.5192272133673659	0.2579243279985064	0.2228484586341279
0.5197089923580704	0.2819143042080463	0.1983767034338833
0.503319870321947	0.2889193926241787	0.20776073705387432
0.5270656759160928	0.2730987487517708	0.1998355753321365
0.5111404156228109	0.2920419442827819	0.19681764009440736
0.5031155732908872	0.2915698825162946	0.2053145441928184
0.5115149427508163	0.2871039007085654	0.2013811565406184
0.5190278214510048	0.2690367194969921	0.2119354590520032
0.5301949823057908	0.27472480752461953	0.19508021016958976
0.5147320552931521	0.2597172131049911	0.22555073160185687
0.5199572523983507	0.2543432231993067	0.2256995244023427
0.5309007993933545	0.26430077762188564	0.20479842298475998
0.5303146914317136	0.2704497819717412	0.19923552659654534
0.5173834813435293	0.27158706063736215	0.2110294580191086
0.5223335178223185	0.25916447581806445	0.21850200635961714
0.5076375370206219	0.2674015364164601	0.22496092656291816
0.5024505597008533	0.2811178002990713	0.21643164000007564
0.5368949213130276	0.27020429214511976	0.19290078654185272
0.5080000176748178	0.28774541097190975	0.20425457135327243
0.5249341270663265	0.2657920657628305	0.20927380717084318
0.5204489815829422	0.27525463468824996	0.20429638372880793
0.5092876286852284	0.2803453613033524	0.21036701001141936
0.5082069337947536	0.274256261886623	0.21753680431862354
0.5374942119666921	0.27136487734841613	0.1911409106848919
0.5043309992171332	0.285131116354947	0.21053788442791999
0.522011652055716	0.27796652952364664	0.2000218184206375
0.5171055647422029	0.26690501990658616	0.215989415351211
0.5250043446073498	0.2660750075807038	0.20892064781194652
0.5367713412705831	0.26571059285462817	0.1975180658747888
0.516212012600662	0.2724631318993771	0.2113248554999611
0.5225230476399348	0.267212322094779	0.21026463026528625
0.526441357652313	0.28366993209162134	0.1898887102560658
0.5369725901376868	0.2557335668494711	0.20729384301284218
0.5409919840293675	0.2614698394575502	0.1975381765130824
0.5318897642675149	0.26462506977975325	0.20348516595273197
0.5086638423309419	0.26738575892627436	0.22395039874278394
0.5178792498875784	0.2579720035372319	0.22414874657518985
0.5079153575332298	0.26854590479149176	0.22353873767527851
0.5286930503494306	0.26728515645517287	0.2040217931953966
0.518804078011615	0.27272614448280474	0.20846977750558035
0.500060509448051	0.2788652681523887	0.22107422239956037
0.5231600988300138	0.265601123362989	0.21123877780699724
0.5334569469192594	0.2755370102433028	0.19100604283743802
0.5179758506708689	0.27303790035245207	0.20898624897667908
0.5278335269886251	0.28104431166784494	0.19112216134353008
0.5143597153325494	0.26215910331002723	0.2234811813574235
0.5210478843020157	0.28239734770906577	0.19655476798891872
0.5197679943007572	0.2554509221197138	0.22478108357952914
0.5304104036814088	0.27565425004630023	0.19393534627229103
0.5113699107379491	0.284060150426195	0.204569938835856
0.533030832512087	0.27166120948943007	0.195307957998483
0.5075735950511902	0.2753585598641942	0.21706784508461577
0.5000905452965978	0.28025569729517846	0.2196537574082239
0.5301018888248932	0.26374643021769734	0.20615168095740954
0.500901127935238	0.27863653842100145	0.22046233364376064
0.5301667659496365	0.27556856445127087	0.1942646695990927
0.5371383302133814	0.26230512488246005	0.2005565449041587
0.5016942362151264	0.2803545613602928	0.2179512024245808
0.528363235588835	0.26347090604508033	0.2081658583660848
0.5308306108756644	0.27879450210421486	0.19037488702012087
0.5324301984871391	0.2747165649156363	0.19285323659722475
0.5157060009076326	0.2839869409000797	0.20030705819228783
0.5375001323100225	0.25521173883574516	0.20728812885423245
0.5163649200463742	0.28499165977802315	0.19864342017560271
0.531329152478852	0.26381966095860343	0.2048511865625446
0.5188261605830709	0.28644393408826113	0.19472990532866816
0.5129446108056901	0.2711767631446945	0.21587862604961552
0.5208350327997431	0.2573625824557376	0.22180238474451935
0.5149329433135357	0.2869094254244111	0.1981576312620533
0.5153619987106506	0.2687028273497603	0.21593517393958928
0.4984491139503985	0.2800280702830926	0.221522815766509
0.5341615967794002	0.27360813470605244	0.1922302685145475
0.533771391945318	0.26709798141577307	0.19913062663890904
0.5262360151584734	0.28079042569082846	0.19297355915069822
0.522182419283303	0.2721389737151817	0.20567860700151536
0.5197794005904218	0.2785597768367666	0.2016608225728117
0.5027433544090907	0.27381850991076423	0.22343813568014514
0.5282786872670393	0.2718666273668985	0.1998546853660623
0.5071424566299487	0.2823305109701213	0.2105270323999301
0.5082752732665836	0.27757564827999764	0.2141490784534189
0.519640190711189	0.27379704709894526	0.20656276218986575
0.5263639229374969	0.2591794350315436	0.21445664203095954
0.5185542062908273	0.27018304872443055	0.21126274498474235
0.5333132145808892	0.259803714497001	0.20688307092210978
0.5227024532527669	0.28711277193251705	0.19018477481471613
0.513227275271654	0.28076619093839655	0.20600653378994946
0.5099014485401239	0.283537152595622	0.20656139886425418
0.522240941727991	0.288026394110385	0.18973266416162418
0.5190055303959932	0.25484666458536653	0.22614780501864035
0.5233626889126388	0.2776490922925184	0.19898821879484285
0.5229397149746698	0.26579777732114873	0.21126250770418153
0.5368057494333884	0.2652921849759065	0.19790206559070514
0.5365764090324789	0.27391692998851214	0.189506660979009
0.5199118310460795	0.2771728405337733	0.20291532842014723
0.5010528515602042	0.2731044743571269	0.225842674082669
0.51393394639708	0.2851183486186103	0.20094770498430975
0.5239105307373638	0.2670838586249331	0.20900561063770318
0.5100574908571713	0.289068322766512	0.20087418637631674
0.5163589017274741	0.27186042713109354	0.21178067114143245
0.5250180956034732	0.28610561716549204	0.1888762872310348
0.5407932703353107	0.25747706084128047	0.20172966882340898
0.5215764785330045	0.26196464160905447	0.21645887985794116
0.5111258228956957	0.27604500123319226	0.21282917587111205
0.5132816936355358	0.2873140830992708	0.19940422326519341
0.5379533199742367	0.2698682450008343	0.19217843502492918
0.5183026258951726	0.283710114689679	0.19798725941514855
0.5040335101290601	0.2772385678336444	0.21872792203729555
0.5010424078538864	0.2724064442547084	0.2265511478914053
0.5171062421122385	0.2830878068985595	0.19980595098920198
0.5254352924060175	0.26611150862300553	0.20845319897097708
0.5369603581130425	0.2681040312780836	0.19493561060887396
0.5198256003158994	0.2600727503481066	0.22010164933599408
0.512773624521369	0.2676131306167966	0.21961324486183462
0.5350052109576162	0.2575710158543185	0.20742377318806532
0.5139205465174022	0.2669193329551991	0.21916012052739886
0.5155342434207771	0.2636131168425677	0.22085263973665525
0.5419174492203124	0.25992561791399804	0.19815693286568972
0.5410974151210065	0.265470503871567	0.19343208100742665
0.5148978468728769	0.26066066689344636	0.2244414862336769
0.5216117686334236	0.2676773847306148	0.21071084663596168
0.5150862958826622	0.2691923375589628	0.21572136655837507
0.5032598850179049	0.27796411235887186	0.21877600262322344
0.5222326258693263	0.25975570226870204	0.2180116718619718
0.5176529147180466	0.2605984653740699	0.22174861990788353
0.5232962830264836	0.2861952662269421	0.19050845074657446
0.5086241741572011	0.2890215526297738	0.20235427321302518
0.5316808587776582	0.25618707459870066	0.21213206662364126
0.5010248699660389	0.2887689627590111	0.21020616727495017
0.5213408264412807	0.2893779274057668	0.18928124615295264
0.5387894858914798	0.26130735900701363	0.19990315510150666
0.5342005583022095	0.2560014727876543	0.20979796891013627
0.5125415733060522	0.28294225616449314	0.20451617052945473
0.5031405705879319	0.2907855563119863	0.20607387310008182
0.5120786977444409	0.2819307718318731	0.2059905304236861
0.51670723815192	0.2870723079885741	0.1962204538595061
0.5259663501195484	0.26805757740945524	0.20597607247099642
0.5143815064027681	0.27512610693088424	0.21049238666634773
0.5121626026903099	0.27913329059317343	0.20870410671651682
0.5233717070421725	0.28132908060745604	0.19529921235037156
0.5127534485910019	0.263456534717791	0.2237900166912072
0.5247591843604892	0.25526427129130114	0.21997654434820982
0.5120422879870171	0.2651872236147962	0.2227704883981868
0.5027697084774811	0.2700508863948792	0.2271794051276398
0.5266369515118028	0.2723483261921638	0.20101472229603345
0.5142133018314939	0.2901718764200146	0.19561482174849157
0.5384048980309185	0.25712935658383584	0.20446574538524576
0.5087434580747675	0.2753000238556204	0.21595651806961216
0.5125515797184522	0.29255623481061044	0.1948921854709374
0.520234464582972	0.2710117315973654	0.2087538038196627
0.5298362711554261	0.2790495091865062	0.19111421965806782
0.517546688700544	0.2723408607600302	0.2101124505394259
0.5102131808438062	0.2760662198617339	0.21372059929446002
0.5185001224180844	0.2570095591741952	0.2244903184077205
0.5157041848944306	0.2590003170676842	0.2252954980378852
0.5199166000477804	0.2543164904926779	0.2257669094595418
0.5072775849033889	0.27580473757788876	0.21691767751872243
0.5073551636449135	0.29205059594375904	0.2005942404113276
0.5366162306862317	0.260131039002077	0.20325273031169147
0.5352854162263392	0.27533543442946035	0.18937914934420064
0.5142091339322188	0.2720606366048237	0.21373022946295767
0.5167161993968278	0.28520199171689886	0.19808180888627347
0.5299496997280042	0.2784100143784506	0.19164028589354534
0.5236427547783641	0.28484098958432413	0.19151625563731187
0.5252069863160812	0.2630957177574252	0.21169729592649372
0.5286978587400303	0.27901390875532717	0.19228823250464266
0.5015162602110881	0.27833513063038645	0.22014860915852547
0.5333089842183341	0.27426406219200694	0.19242695358965917
0.5183526949920086	0.28905027275874595	0.1925970322492455
0.5108685702046942	0.2706585160829415	0.21847291371236433
0.5107338837814617	0.2706290597952521	0.2186370564232863
0.5206446800934756	0.2635891633884455	0.2157661565180789
0.5103645678939297	0.28998086036290144	0.1996545717431689
0.5039488224294421	0.2862758943800898	0.20977528319046823
0.5181987389849521	0.2642388287729184	0.21756243224212962
0.5183104492318218	0.2852710061220117	0.19641854464616668
0.5066512707319821	0.2815508261411126	0.21179790312690533
0.527082570336384	0.28095913839606995	0.19195829126754616
0.5077208217957575	0.28358427053650637	0.20869490766773624
0.5001271703187874	0.28723319898787053	0.21263963069334213
0.5148550111419755	0.27520197533611024	0.20994301352191438
0.5085608777505608	0.2683316135291155	0.22310750872032378
0.5095352551680749	0.29009121955179074	0.20037352528013444
0.5302664570022613	0.2569541360935041	0.2127794069042348
0.5173294098350549	0.26545094843258	0.21721964173236524
0.5220159786075398	0.2817656714295237	0.1962183499629366
0.5053463687349734	0.2794840448848942	0.21516958638013248
0.5076618172831974	0.28363555587726214	0.2087026268395406
0.5304479563640283	0.2584944557032621	0.21105758793270968
0.504663119350822	0.2817702007646429	0.21356667988453518
0.507195243222722	0.2870395635546228	0.20576519322265535
0.5306953835589681	0.26001043552601527	0.20929418091501675
0.5031911125821931	0.27108117837449913	0.2257277090433079
0.506265120363703	0.2852305007496802	0.20850437888661694
0.5127736558487508	0.28529495799501586	0.20193138615623335
0.5186802617263371	0.25603150279095843	0.22528823548270463
0.5269879857991538	0.26323110356178436	0.20978091063906196
0.5186457868845494	0.28066278198987915	0.20069143112557153
0.5041812491331314	0.28900856168244277	0.20681018918442592
0.5059559746310927	0.29182953826607366	0.20221448710283374
0.5071413866213634	0.2744788636719253	0.2183797497067114
0.5125788423566491	0.26243939710784686	0.22498176053550423
0.5071411050755389	0.2687536833307419	0.22410521159371927
0.5259500718462994	0.2837003878137703	0.19034954033993035
0.511762179144928	0.2783039593238297	0.20993386153124244
0.5251522822469306	0.27294746215370164	0.20190025559936786
0.5305271717062159	0.27160232729471145	0.19787050099907277
0.5375172439126391	0.2672298245544921	0.19525293153286885
0.5152153369047492	0.2729009278910119	0.2118837352042391
0.5053808409007029	0.2701005371292955	0.2245186219700017
0.5207071019111853	0.25604470032073273	0.22324819776808202
0.5143223541757062	0.26954405746731414	0.2161335883569798
0.5164893192221665	0.2693127273530518	0.2141979534247819
0.5279577636623801	0.2652904141187252	0.2067518222188947
0.5340293073829887	0.25601284602178837	0.20995784659522304
0.5343612274407904	0.27462153464976935	0.1910172379094404
0.5116740419800547	0.2876449483108999	0.20068100970904545
0.5078496144952214	0.2808795799960401	0.2112708055087386
0.4987979796154323	0.29260811928934083	0.20859390109522696
0.5273253739933443	0.27406543800787325	0.1986091879987825
0.5356825365950818	0.27558927900460367	0.18872818440031464
0.5280440257571251	0.2802231715355752	0.19173280270729975
0.5137066569732631	0.27233552410427997	0.21395781892245694
0.5009048474385039	0.2730869703805883	0.22600818218090785
0.5201767565459916	0.25673113742860604	0.22309210602540241
0.5027079403616466	0.2752161564388916	0.22207590319946205
0.5397475461006447	0.26777183434835694	0.19248061955099854
0.5165507925057647	0.28405880206629774	0.19939040542793762
0.5267441463880176	0.2752580695913487	0.19799778402063378
0.5262527043546033	0.26659768257722566	0.20714961306817115
0.5356848219085846	0.26827045848189635	0.19604471960951927
0.5382154787474424	0.26677392360459157	0.19501059764796622
0.5337729687953543	0.2583061274866886	0.20792090371795718
0.5130729161805373	0.28762501415789976	0.19930206966156308
0.49939607969164634	0.28155412767447724	0.21904979263387653
0.5298249935028684	0.2629849807414061	0.20719002575572562
0.5340223050105092	0.27204826948444444	0.1939294255050465
0.530054838605168	0.27657745814859275	0.19336770324623934
0.49905267417926885	0.28997577902211763	0.21097154679861363
0.5277099212699161	0.2693602451517884	0.20292983357829558
0.5172645377236185	0.2828892286009608	0.19984623367542084
0.5095783050875142	0.27429583230114307	0.2161258626113427
0.5356856187185431	0.27533231247600887	0.1889820688054481
0.5171359064570334	0.27488681263100334	0.2079772809119633
0.5297993092435598	0.2763524997506054	0.1938481910058349
0.49976552740291097	0.2748854709224318	0.2253490016746573
0.5155906977273507	0.26399209786298383	0.22041720440966556
0.5077414102265371	0.2798229556940258	0.21243563407943722
0.5130892027376258	0.27232438942072135	0.2145864078416529
0.5175012091493806	0.27661430118466956	0.20588448966594997
0.5068934267610514	0.2689837006688149	0.2241228725701338
0.5381372231881026	0.2544934532733828	0.20736932353851464
0.5129886772137456	0.2801475396182765	0.20686378316797796
0.5202627274875862	0.2782300330171726	0.2015072394952414
0.518629735316743	0.27716209293741273	0.20420817174584444
0.5201421085499742	0.25909402740269816	0.22076386404732767
0.5187948620022785	0.26584024370026116	0.2153648942974604
0.5111266863712831	0.27976830744730974	0.2091050061814072
0.5325018113368207	0.2746428198176645	0.19285536884551496
0.5311729015614732	0.2598096384729758	0.20901745996555116
0.5069044818065447	0.2665721123497024	0.22652340584375302
0.541531289329353	0.2683946837859279	0.19007402688471917
0.5214351639857937	0.27457324161459407	0.2039915943996123
0.5331328677555227	0.275255250974638	0.1916118812698395
0.5345912668091202	0.26170974785525775	0.20369898533562225
0.525964403747782	0.28063690314267437	0.19339869310954375
0.5371997664455521	0.27277844588997074	0.19002178766447717
0.5282881906531716	0.2606589753883836	0.21105283395844487
0.5218627020766866	0.27036245014329224	0.20777484778002125
0.49931486529339536	0.2790296961126981	0.22165543859390663
0.5360991397387826	0.26672871672796	0.19717214353325752
0.49954733046490846	0.28550234980389483	0.21495031973119683
0.531383513151558	0.2642368441783778	0.20437964267006437
0.5079334791104682	0.2892561548860642	0.2028103660034677
0.5134463830238312	0.29244909283289794	0.19410452414327106
0.5138941072031253	0.2670371082211828	0.21906878457569198
0.4986106703214484	0.2918647735738728	0.20952455610467893
0.5345915677157416	0.259984930057403	0.20542350222685563
0.5338644927638698	0.27009018869866686	0.1960453185374634
0.5290261171669828	0.28297749219756857	0.1879963906354487
0.5091826563621866	0.2845645238911123	0.20625281974670107
0.5020566285671527	0.2875339436931122	0.21040942773973514
0.5280236052367869	0.25662203916757503	0.21535435559563815
0.5041979079654837	0.27387075382511006	0.2219313382094064
0.5227827727993737	0.2839280110191162	0.19328921618151024
0.5103207575877725	0.2795863487099224	0.2100928937023052
0.5374684575619718	0.2562833119708687	0.20624823046715957
0.5230766109886448	0.261055878413702	0.21586751059765336
0.5177637407670543	0.26548793722850855	0.21674832200443717
0.5246517821680403	0.27565312023638555	0.1996950975955742
0.5290743794418176	0.2616590754911505	0.20926654506703207
0.5216971651344305	0.2686437546711354	0.20965908019443424
0.5141339599678098	0.2619877648766711	0.22387827515551928
0.5299376692617721	0.28189499811767293	0.18816733262055518
0.5378058715931262	0.272086584033567	0.19010754437330693
0.5096132976155612	0.2854265364847922	0.2049601658996467
0.5012271329579826	0.2903218415630846	0.2084510254789329
0.534740787193565	0.2588411244512104	0.2064180883552247
0.4996876995574867	0.2868898386038118	0.21342246183870164
0.5023994657573246	0.2910796640441912	0.20652087019848422
0.5414633868658152	0.25606667680746475	0.20246993632672006
0.5282254794628074	0.283415897244044	0.1883586232931487
0.5218320968334931	0.2802013258583711	0.1979665773081359
0.5139741575130181	0.29148973591734656	0.19453610656963538
0.5142897165694207	0.26365751698609236	0.22205276644448713
0.535656222355844	0.26745485486483084	0.1968889227793253
0.5259615289706916	0.280166497285549	0.19387197374375958
0.5108897024347901	0.2891981143446087	0.19991218322060123
0.5343979204668897	0.2725975697847472	0.19300450974836314
0.5115655819008436	0.26364615265786556	0.22478826544129094
0.524327523650159	0.26126637456904234	0.21440610178079877
0.5100753698013876	0.2881357446065125	0.20178888559210012
0.5140201258254202	0.27106479739305145	0.2149150767815284
0.5195084126607228	0.2901861668827925	0.19030542045648485
0.5205977371846898	0.26116567190204404	0.21823659091326625
0.5216594500497451	0.2749577662757851	0.20338278367446988
0.5352617854476054	0.27640130274738894	0.1883369118050057
0.5129674750859361	0.26118520764073094	0.22584731727333304
0.5309052243040719	0.26194419752081277	0.20715057817511545
0.5102522937034056	0.28164540498349383	0.20810230131310065
0.5059897593428345	0.28231783639974195	0.21169240425742364
0.5390042636649833	0.2622577337497269	0.1987380025852899
0.5333234633362558	0.26113764089737024	0.20553889576637396
0.523930141087541	0.2641932892429468	0.2118765696695123
0.5290263137286284	0.2666487606389657	0.20432492563240606
0.5014401082272792	0.2825244473885479	0.21603544438417294
0.4985469516804489	0.2756719130659151	0.22578113525363616
0.5010240583981769	0.28089302035904856	0.21808292124277467
0.5347264224832098	0.2620332121597452	0.20324036535704507
0.5327239766013421	0.2753866300844319	0.1918893933142261
0.5225850399890554	0.25558834539446207	0.22182661461648268
0.5373614921568854	0.26079489041939585	0.20184361742371887
0.5056688540614203	0.27654484177559235	0.21778630416298755
0.5032485018177884	0.2710474206836254	0.2257040774985864
0.5187404770730621	0.2662533212975613	0.21500620162937664
0.49972719488680506	0.27813169756706346	0.2221411075461316
0.5122760569785193	0.29141186664794294	0.19631207637353784
0.531778934269985	0.273315792311287	0.19490527341872807
0.5036196838050357	0.28271890393599514	0.21366141225896923
0.5255557319027819	0.280523879718172	0.19392038837904624
0.500733966026127	0.2921134873851152	0.20715254658875792
0.5175117908023494	0.27802048170268734	0.20446772749496328
0.4983153147818737	0.29035233027315227	0.2113323549449741
0.5343978089696858	0.27067050891976446	0.19493168211054987
0.5177195947602976	0.2637853739951976	0.2184950312445049
0.5159855695283455	0.2707094964754614	0.2133049339961932
0.5269807282595461	0.28084884284317846	0.1921704288972756
0.5115418009361417	0.27577794505002484	0.21268025401383367
0.5168450975436321	0.2760809590438017	0.2070739434125664
0.5217919527957173	0.28311413084696074	0.19509391635732193
0.5308699077035834	0.2758895439558119	0.19324054834060472
0.5425888926046503	0.2675516472070761	0.18985946018827382
0.5219686577832376	0.27135124642735314	0.20668009578940932
0.5149274945084473	0.2614998853561149	0.22357262013543788
0.5136884155560131	0.26098667277994425	0.2253249116640428
0.5277359775288781	0.28190372759478066	0.19036029487634135
0.5027723864060469	0.27992091985955236	0.21730669373440087
0.5229981442727445	0.2568526843714325	0.2201491713558231
0.5093788664649088	0.2911629383260644	0.19945819520902697
0.5304384461544955	0.27925343593387814	0.19030811791162636
0.509658374753338	0.2729381126353281	0.21740351261133406
0.5194893331968213	0.26740309447225397	0.21310757233092475
0.5311057579624561	0.25825004424338227	0.21064419779416177
0.5178834661767704	0.2754559972243145	0.20666053659891515
0.5168221044284695	0.2747377300636287	0.20844016550790176
0.5073169776681787	0.2683972784000148	0.22428574393180647
0.5127976577687257	0.2616710657608219	0.2255312764704526
0.5155735675147677	0.27820171380745795	0.20622471867777448
0.508286056180342	0.2770751778193666	0.21463876600029158
0.504490217161257	0.28782295224335075	0.2076868305953924
0.5268212717979769	0.2675187571672801	0.20565997103474312
0.5135202284340293	0.2753996502643431	0.2110801213016277
0.5163578790982655	0.2887134223148857	0.19492869858684897
0.5370402621462953	0.26296526895918315	0.19999446889452166
0.5122046724905556	0.28144610429434086	0.20634922321510363
0.5269960117333866	0.262047241460286	0.21095674680632748
0.5107509793936666	0.2836007668113696	0.20564825379496385
0.5154933532095436	0.2595766339078265	0.22493001288262998
0.5167582208006443	0.2900524529668922	0.1931893262324636
0.5292454571328015	0.27894684161799993	0.1918077012491987
0.5151665783773147	0.28364173657489056	0.20119168504779475
0.5116999742414378	0.2681982981138713	0.220101727644691
0.5027659278628943	0.2739764053485546	0.22325766678855116
0.5298290515916824	0.27374437275271557	0.19642657565560212
0.5224002562149597	0.2659546285976757	0.21164511518736476
0.5004239039051268	0.28438934272632527	0.2151867533685481
0.540475295265713	0.2665115375758743	0.1930131671584127
0.5147536464970954	0.26359950569317897	0.22164684780972568
0.5059476278754113	0.2743879229819948	0.21966444914259406
0.5285481249886482	0.2585145180090721	0.21293735700227973
0.5139142118791314	0.26897058290634307	0.21711520521452557
0.5100819411883823	0.27076551126528225	0.2191525475463355
0.526191440499025	0.2827188220741963	0.19108973742677884
0.5160548944053398	0.2857330423033135	0.19821206329134677
0.5184561761718864	0.25596976172728136	0.22557406210083236
0.5068450815501991	0.2864495861275378	0.2067053323222632
0.5361266351737375	0.26580187117447585	0.1980714936517867
0.5424672947651127	0.25489059768045697	0.20264210755443046
0.53707152020609	0.2630432474412489	0.19988523235266126
0.5200607597221947	0.2687499928188985	0.21118924745890694
0.5249350436140683	0.2675007096355203	0.20756424675041155
0.5187302618403803	0.26687972821035977	0.21439000994926
0.5293214981448637	0.27909843555357794	0.1915800663015584
0.5333367819114951	0.27463091021488084	0.19203230787362416
0.537091706983506	0.259915509294434	0.20299278372206006
0.5127471585375358	0.28670259942044835	0.20055024204201585
0.5214168459555626	0.2559954340751956	0.22258771996924184
0.5062767925204041	0.2790380445850218	0.21468516289457418
0.5360791724305112	0.27572752414513485	0.18819330342435409
0.5246052850528269	0.2597447916273099	0.21564992331986327
0.511820655072038	0.2821603644436336	0.20601898048432848
0.5087872480321592	0.2708557025807707	0.22035704938707013
0.5334351063639213	0.2599232807096571	0.20664161292642172
0.512442987304196	0.2824367857468387	0.20512022694896542
0.5106873330406333	0.2925572809267305	0.1967553860326363
0.5051554563707346	0.2675351837131573	0.2273093599161083
0.5191362504458459	0.2871257142699289	0.19373803528422542
0.5125144940370263	0.26666515925369916	0.2208203467092746
0.5253339062165974	0.2638609464635141	0.21080514731988859
0.5061457989318519	0.2856031685725743	0.20825103249557397
0.538575279621182	0.26550690262542526	0.19591781775339287
0.5208364500753071	0.26893467868339777	0.2102288712412952
0.5086877120770659	0.2675458124471477	0.2237664754757866
0.5371722829293243	0.2653288142292888	0.19749890284138705
0.5392978461670281	0.26925963274010833	0.19144252109286353
0.5022132010536116	0.2925217830755635	0.20526501587082513
0.5149539122701181	0.28240746772370046	0.20263862000618144
0.5365304303624999	0.2601071575885145	0.20336241204898567
0.5124873690058999	0.28911795192332934	0.1983946790707709
0.5359286530035915	0.2553837332453678	0.20868761375104086
0.5352091064926989	0.25841470031124486	0.20637619319605635
0.5080942097769343	0.26577496254736954	0.2261308276756963
0.527389900236543	0.2800448512478944	0.19256524851556264
0.5239440434016355	0.28252898797695764	0.19352696862140703
0.540521431215287	0.2609295928779446	0.19854897590676857
0.5289537996949963	0.27027091085501015	0.20077528944999362
0.5270584542479151	0.25483777478363756	0.21810377096844746
0.5117784613063279	0.27275929074886207	0.2154622479448101
0.5007683816965572	0.27763370931108855	0.22159790899235426
0.5173362828423	0.2640825901857788	0.21858112697192136
0.5003871758265815	0.2873421853034734	0.21227063886994518
0.525243193902659	0.27452371488604643	0.2002330912112948
0.5111683863685308	0.2877895030176979	0.20104211061377142
0.5177827184167949	0.28289643025689276	0.19932085132631244
0.4985367816226072	0.28982060955325895	0.211642608824134
0.5182620531219962	0.26914429072441715	0.21259365615358672
0.5227401453867004	0.27958331730277336	0.1976765373105263
0.5289940695896722	0.2803258331368691	0.1906800972734588
0.511768043146855	0.2835832552650238	0.20464870158812126
0.5086006561589604	0.27556554544685835	0.21583379839418126
0.5096945803683035	0.2735872032677599	0.21671821636393668
0.5245836716424294	0.2555878340688631	0.21982849428870765
0.5270808646768744	0.26987996444676865	0.20303917087635706
0.5248425850753893	0.28045664450788194	0.19470077041672892
0.5183853732631323	0.2871275844446183	0.19448704229224956
0.5222448341676414	0.2566577937249209	0.22109737210743774
0.518731344125544	0.25870727133342103	0.22256138454103505
0.5137156844866366	0.29261592022856364	0.19366839528479982
0.5089627223966601	0.27396676132832243	0.2170705162750176
0.5185940084116205	0.2556120790109546	0.22579391257742493
0.5422551371875279	0.26081956466693446	0.19692529814553775
0.5206274595287222	0.28515967946189136	0.19421286100938653
0.5121335424191105	0.2829636215844012	0.2049028359964885
0.5347579312824717	0.27646779835423757	0.18877427036329078
0.5271663225071576	0.26067348467030993	0.2121601928225326
0.5238958209535518	0.2777617095556447	0.19834246949080367
0.5345208696396799	0.2706528889956987	0.19482624136462146
0.535463472148781	0.2700967051829776	0.19443982266824153
0.5153715192509604	0.2670677417709978	0.2175607389780419
0.5116041364390382	0.2907739122260187	0.19762195133494306
0.5182406573315752	0.2593619523789824	0.22239739028944241
0.5262293427176037	0.2758388909338322	0.19793176634856427
0.5082928969938605	0.26728499569913067	0.2244221073070089
0.5224668484957808	0.27914938796021643	0.1983837635440028
0.4994492467448682	0.29141827435657824	0.2091324788985537
0.520878561266956	0.26991798815697365	0.2092034505760706
0.5337873708799306	0.2629951372772945	0.20321749184277507
0.5215236464360552	0.2712951012435022	0.2071812523204427
0.5305240567031376	0.255491146393688	0.21398479690317457
0.5091654457804514	0.28461673880299226	0.20621781541655645
0.5142883966626555	0.2730959269982846	0.21261567633905998
0.5215849030147832	0.2544125506518029	0.22400254633341404
0.5333574341174363	0.2585543961515391	0.20808816973102465
0.5111842718472382	0.27441663741206224	0.21439909074069963
0.5112493744390336	0.2838693032461323	0.2048813223148342
0.5255675167365055	0.27247825520872865	0.20195422805476598
0.5292104116847753	0.2593804393734611	0.2114091489417636
0.5355603367496002	0.2694164282578934	0.1950232349925064
0.5117024270618866	0.2616876944251353	0.22660987851297815
0.5028212282455055	0.27717526715466057	0.2200035045998341
0.512473125357942	0.29062702977674665	0.1968998448653115
0.521177197548133	0.2681036200907373	0.2107191823611298
0.5197156904917735	0.2761512651929429	0.20413304431528373
0.5013825744359328	0.2751234799583238	0.2234939456057435
0.5412400655172718	0.25469620641232815	0.2040637280704002
0.5278684584588484	0.26130251141567173	0.21082903012547993
0.5028888298807684	0.2826913829798643	0.21441978713936738
0.5057857091704714	0.287910864444089	0.20630342638543978
0.5122633332758217	0.2849885261192024	0.20274814060497598
0.5026116025323918	0.27651171614136116	0.22087668132624713
0.5181366521561659	0.26789276997426326	0.213970577869571
0.5077939054891144	0.2700554982780274	0.22215059623285835
0.5269872449864668	0.26467461882719534	0.20833813618633795
0.5316626877590473	0.25579730007484647	0.21254001216610632
0.5382985863001307	0.25939862811217707	0.20230278558769227
0.5293192320919708	0.2801080248753339	0.19057274303269536
0.5158760116575585	0.272467230223733	0.21165675811870857
0.5390311494894147	0.2592262869980614	0.20174256351252412
0.5118391771735264	0.27837420604881935	0.20978661677765434
0.5293150005796141	0.27784404917111105	0.1928409502492749
0.5244012854026963	0.25809963372300726	0.21749908087429656
0.5230023657197094	0.2597637630458147	0.2172338712344759
0.5246324239662752	0.2561056460271657	0.21926193000655925
0.5001623688645961	0.2887575210231733	0.2110801101122307
0.5236223708865497	0.2784466141568034	0.19793101495664703
0.5287856930003487	0.27378536878026005	0.1974289382193914
0.5385246361891483	0.26288943626417866	0.19858592754667323
0.524133360491496	0.27358698007696636	0.20227965943153775
0.5062514266845359	0.2825675630218192	0.21118101029364494
0.5070029786167388	0.2790021608251141	0.21399486055814718
0.5191706755758346	0.26096135771379214	0.2198679667103733
0.5135710561598011	0.26445962256223976	0.22196932127795915
0.5248620497676503	0.2594892569274646	0.21564869330488523
0.5152579416895691	0.27272888964953845	0.21201316866089254
0.5413162666960509	0.26894744472566023	0.18973628857828895
0.5184430846364066	0.2636259983251783	0.21793091703841516
0.5069890666741369	0.26961095025337134	0.22339998307249187
0.5057364006080574	0.2875508598696005	0.20671273952234215
0.5248919216061078	0.27835378974658104	0.19675428864731134
0.5121584850059651	0.26156793055931266	0.22627358443472234
0.5143327682513442	0.2784365336925815	0.20723069805607436
0.5205367272765651	0.25706822789698197	0.22239504482645303
0.5254496375778375	0.281888410077908	0.19266195234425462
0.5347512301385184	0.25978244020738656	0.2054663296540951
0.5013709308548231	0.2874191844652343	0.21120988467994278
0.5362308928776646	0.2718079112045747	0.1919611959177609
0.5182982020097783	0.28939853826683815	0.1923032597233837
0.5238791133808223	0.25809998013798396	0.21802090648119382
0.5134594434332682	0.28017023546652614	0.2063703211002058
0.5320939426334481	0.2551012055014199	0.21280485186513207
0.5164789015077824	0.28798060918045965	0.19554048931175794
0.5053514876245359	0.2875609874700266	0.2070875249054376
0.5174849741793102	0.26278291546674026	0.21973211035394968
0.516522492927548	0.27627034777023496	0.2072071593022172
0.5110792807949391	0.283277380249449	0.2056433389556119
0.5065813553462948	0.28162438516134003	0.2117942594923653
