0.18589466249611117	0.0748796818243018	0.04496318726354477	0.21333875246508432	0.05240129061627975	0.09505279153441315	0.15452706445778489	0.17894256934247993
0.07534539816148143	0.08000649280142416	0.16760690854736782	0.16238097813677338	0.05845862018002622	0.07388907839340138	0.23548328153977544	0.14682924223974994
0.12930577262498344	0.08577322060330783	0.03358310565981314	0.26273158224032467	0.05441380027035439	0.10651438385313604	0.21589923206745498	0.11177890268062529
0.09219366455976907	0.11870715586980547	0.12100142793217673	0.18061627943477138	0.05453664825706003	0.05422254304981117	0.20875709071282234	0.16996519018378353
0.19301197728969433	0.03802272354735825	0.1592598860734246	0.18268918642531834	0.06742958789239832	0.08154756405503633	0.14568736529503928	0.13235170942173036
0.22641415195376852	0.10053615681893562	0.11179688815023514	0.1579249362270615	0.03986616233722243	0.10364084527546481	0.16202352206877801	0.09779733716853373
0.1689571917579491	0.11496108703752016	0.08902398087199531	0.1407216104639919	0.05466089721598234	0.10216829127055056	0.1810313063590559	0.1484756350229545
0.16774184084944135	0.12664894495675186	0.12119409008554087	0.1920201035871144	0.0382650606552722	0.07464150868914105	0.15072656472204415	0.12876188645469383
0.12159208461023083	0.14151285241820571	0.16335615356275002	0.11485068625501026	0.04458066782160315	0.06037059601315453	0.23172092866686458	0.12201603065218068
0.14127329636759017	0.18402905232984912	0.17579075856028992	0.12405075505792627	0.03614252074157101	0.07481272537727354	0.1603651942943506	0.10353569727114911
0.08904994929707584	0.0598842548707583	0.045771489381929625	0.20647142760537274	0.040280079931815524	0.11036485577716271	0.28496308719731456	0.1632148559385705
0.07473797266963597	0.06365706816166386	0.19490329483115892	0.1324490443777115	0.05293019845804292	0.06082504945651043	0.29430466804854416	0.12619270399673202
0.15551646310345818	0.18837084114096847	0.13860268579587812	0.1313692033432818	0.06649810800681388	0.0677427657911049	0.15628277252363465	0.09561716029485974
0.11780601114899775	0.11277738583920871	0.04319541213790071	0.18579986471598206	0.057711766952816754	0.07412689081691748	0.2274043148953764	0.18117835349279995
0.2581600140027491	0.12928758108827026	0.0667416106667896	0.10956778448259855	0.03860475786470832	0.05980318857306033	0.1831943357331154	0.15464072758870817
0.16658977824186966	0.13577746252466344	0.048938031586835365	0.13017353935836942	0.043782954537142454	0.10995490604204551	0.26081716027040414	0.10396616743866978
0.2728039063757829	0.09791075572387699	0.068053659101066	0.15427694819506038	0.036319596857842223	0.08139498419343472	0.15875854186766458	0.1304816076852719
0.091419105824338	0.11863972440788612	0.14589149088118683	0.19516889135413024	0.048083165484043	0.06502556968758633	0.17385009828694398	0.16192195407388535
0.14596129185422002	0.08517396068819037	0.13042365472662426	0.14303429198183248	0.06531390557611882	0.1098203967488014	0.1542712796681006	0.16600121875611182
0.18176648264588618	0.20559084834836566	0.03246253283409123	0.1078670793133186	0.0661962601714626	0.0826440117912059	0.22124703478244145	0.10222575011322813
0.12824621030891917	0.04924670457227259	0.1558878712018206	0.11419324435857303	0.06763481925950585	0.08099137143611965	0.26361053195790063	0.14018924690488824
0.186388266523769	0.06211649617437043	0.05014519093243795	0.14835489996704734	0.06265870967602627	0.08342822042000911	0.2640288084589473	0.14287940784739242
0.22146509170747253	0.08219072925901191	0.038331922071912314	0.18898532798619672	0.04038736647042926	0.11029331637332848	0.14732326048337693	0.1710229856482716
0.12873923619385613	0.19484478578778186	0.031885833221365484	0.1885021330198762	0.035165559214747344	0.06535851119011471	0.1716651378020191	0.1838388035702389
0.18111347448686282	0.09602850561384654	0.15158721066765046	0.1617021810747736	0.050562479322267345	0.061356503850788946	0.18524271246210705	0.11240693252170297
0.09386683403601195	0.1596862868954949	0.07841333028976655	0.22932609527301942	0.06484941393144286	0.0665825873855779	0.16135095542185254	0.14592449676683367
0.07789178800439212	0.21370349431789223	0.04649498945808564	0.16325666143542983	0.07010048840599055	0.08890262943106367	0.1687574332302953	0.17089251571685043
0.11934040831140513	0.24833303182445784	0.040355592669860565	0.11595754402205694	0.06028654186881589	0.08687708348765172	0.23767451196826928	0.09117528584748241
0.1655459776728582	0.09212654977245394	0.1720939542390908	0.161750943826769	0.054198767733060454	0.06376465530561966	0.150624959513326	0.13989419193682176
0.12007166130649188	0.07340460404110605	0.08159246605765663	0.23479845933528437	0.06634309524828413	0.0950727503686728	0.22937045480824625	0.09934650883425766
0.06667290871357903	0.17821735667642458	0.09963593469212081	0.22836263535555673	0.05191721412787119	0.1007006318035116	0.18178875995541208	0.09270455867552378
0.2354454381738737	0.06372448654013416	0.1463655657403902	0.1307302684306863	0.05934086343473015	0.08390642420187594	0.18561004363995198	0.09487690983835732
0.1001833693001464	0.07573292270173239	0.1782231830628607	0.11016840412563214	0.06601904222583962	0.09987867105224044	0.24480311310656017	0.12499129442498792
0.09405321365512415	0.2770006699691586	0.05519810469690446	0.15860644880376454	0.05787146174776324	0.061411773108533255	0.15426822387416067	0.14159010414459086
0.06917575261610423	0.029832820439578814	0.12230368772289643	0.22364948455254335	0.03636978263386363	0.06223137509154816	0.2730254986435049	0.1834115982999603
0.09207210958755727	0.04291892884934388	0.16752272586439462	0.17504168148728164	0.05085921197159238	0.09611954732604736	0.21849397534630977	0.15697181956747286
0.12080672662955508	0.11777264155937245	0.12577091621491365	0.1671874623124081	0.05982413032141724	0.1040953040719226	0.19811742488180295	0.1064253940086077
0.20178669337911298	0.1741066174716588	0.1296791456334763	0.1130458515514889	0.044132406297839044	0.08789643452269438	0.15467053386484694	0.0946823172788824
0.10378667033472216	0.21961570153732363	0.10151465630114442	0.18765882827603528	0.05059047079600924	0.06750889711903892	0.14451285046271062	0.12481192517301556
0.07336916965152679	0.14036767666810201	0.08411031510867756	0.1945449135721004	0.06548811674595109	0.10048970695372114	0.16771363582494425	0.1739164654749766
0.09710416349107123	0.10929246280795318	0.04413587389421522	0.2259610116069936	0.06916414568189105	0.054568235287943745	0.25780670083790813	0.14196740639202354
0.1838717978281305	0.10477485130807607	0.17443084835315664	0.10880597177173694	0.06863478567397491	0.09615659535074345	0.1589479788156125	0.10437717089856878
0.09463937585183144	0.10948850463889558	0.052025471751773994	0.22503972451415005	0.03970424109028407	0.1029646557288183	0.25070893184629317	0.12542909457795318
0.1637298778724571	0.0731453967212411	0.17046995482444124	0.18110221368673804	0.03607091481560866	0.07290726891425969	0.19124577204927792	0.11132860111597602
0.16344159715531908	0.061509390473777834	0.16010616820592183	0.10871067729619456	0.0693031054179376	0.08320220739930664	0.16937586351414252	0.18435099053739967
0.23681024778963877	0.033590441188082576	0.07960601267054467	0.1337425425176253	0.06487164975542424	0.06108461559670589	0.22750926818386985	0.16278522229810843
0.26664533137134333	0.060832569562083244	0.13500922113163819	0.12321704063006828	0.039170998988201575	0.07117630141210943	0.18609332190238254	0.11785521500217319
0.2699428471308666	0.08375441399592427	0.03262752066172364	0.15533359944262715	0.03524554324829411	0.09280678313075037	0.23671725523987747	0.09357203714993613
0.08932230723153389	0.2571014850037757	0.10319695871664664	0.14633726345938555	0.05590995726638785	0.05473978238848572	0.18220354645637055	0.11118869947741389
0.2329202196009939	0.028762119673416076	0.17672928082756337	0.146790559216744	0.03511133739483989	0.07602787789175297	0.16938316518300775	0.13427544021168175
0.19231599926483364	0.18863661643415763	0.07655043024198854	0.14401671061527582	0.050121448681093944	0.07757722288076888	0.16598440995783387	0.10479716192404742
0.22188545109786198	0.034270879741831545	0.06603291098771902	0.13869671663782052	0.03553502250948483	0.06162682872803234	0.28172009666017783	0.1602320936370717
0.07862396247763603	0.24823384894529854	0.0388885604257586	0.12447012972747803	0.05567300379331212	0.059488506141008354	0.20852684896975845	0.18609513951974962
0.13161283905840798	0.15060750002616233	0.10976106772835849	0.16415688255096955	0.05171828682345957	0.0977050572618196	0.14883528311372657	0.14560308343709566
0.11668199532629484	0.03023713825189106	0.06468089033304364	0.22603726030346977	0.03634742458535155	0.09432015992566542	0.2978858423838274	0.13380928889045615
0.07927518913337142	0.1915840794918868	0.1444059499170121	0.13220422258040945	0.03598057673497855	0.06033876416479561	0.2591437460725434	0.09706747190500248
0.25808790577282775	0.038112751657646105	0.12391712050827719	0.1256506085471065	0.05339439469880236	0.09383281014581696	0.16749026171671616	0.13951414695280673
0.12753052214101146	0.09461288401069733	0.06134981081621313	0.1601477233105678	0.06472527387150935	0.09707164533475615	0.2621440604269679	0.13241808008827657
0.2168523468860794	0.03939330917545249	0.17352571477039266	0.11115046423620716	0.04157255156128688	0.09377342034294567	0.14904930931767146	0.17468288370996404
0.2162862295212422	0.07794624023298297	0.18698434972560968	0.12058241368087134	0.05117402459905687	0.07072483380517551	0.17957756648992898	0.0967243419451322
0.18717325134814677	0.11531081186999184	0.047598533994165526	0.18239903286155304	0.06868258897233995	0.10626205786170612	0.1575065139637977	0.1350672091282988
0.07118320943561113	0.16949690666617703	0.05406546947172802	0.2615974180238519	0.05818188882078003	0.08554721672923102	0.19057055961145508	0.10935733124116559
0.09792620770661059	0.20240418761166268	0.10778103763880227	0.1263697199557726	0.057367948413107064	0.09576044222841401	0.19835306200573832	0.11403739443989232
0.1951653022802584	0.16589912315071792	0.041618149595783305	0.13562701765822405	0.04724774244330178	0.07805543033950599	0.244012223872899	0.09237501065930934
0.1756158528095319	0.09847385603774203	0.08383300780068734	0.19158461602092547	0.04130460926072446	0.08173966681838565	0.19207114394421412	0.13537724730778877
0.07804522005409423	0.20763440931991217	0.04072967965091388	0.23568917018250396	0.05501514700822609	0.06974485755679283	0.2151917245113436	0.09794979171621301
0.0890584258464169	0.12702478719973426	0.06952045352104923	0.24176671633377145	0.06268639771376039	0.06983219053344206	0.18672178248563226	0.1533892463661933
0.08518972391432142	0.12457912588357567	0.15368349607148424	0.25439850330271585	0.0456874521459934	0.06434737123868628	0.16169224265175564	0.11042208479146733
0.2219246991600768	0.09805852178193172	0.1092790169715273	0.14144885030830087	0.04559948703340955	0.09508698090690935	0.1518882273576828	0.13671421648016138
0.19824714817282074	0.13701125003677408	0.08008649448750499	0.1501753154915943	0.04290504095785026	0.08714782709979604	0.16733627736925258	0.1370906463844067
0.09661074915761877	0.19864125167225727	0.045847494912426554	0.1652637595392974	0.04552224082208302	0.10248990483676756	0.21617893714358177	0.12944566191596743
0.15044418539786703	0.16056316988332878	0.028921801085611265	0.15813996803203917	0.06554248009343247	0.05877417627926215	0.2389129755800963	0.13870124364836264
0.0771939769743017	0.1171499121166257	0.11624417289691025	0.15844427454189805	0.03989174789870262	0.07791636664969567	0.27374654575731383	0.13941300316455196
0.07368897783730341	0.14845592375278946	0.15693778106424153	0.1297056747917575	0.06865083029628938	0.06957851764686096	0.2560767044988508	0.09690559011190673
0.18478604736793422	0.02991066384071467	0.10948933857958526	0.14207363944951598	0.056711880815995735	0.05997369957627474	0.28697762547280964	0.13007710489716948
0.19560274776917375	0.14699992238489668	0.03548214056102533	0.13229053473750163	0.052054447327862824	0.06335331551328482	0.22471739055675366	0.14949950114950109
0.0769414398708276	0.1521309699691297	0.15167595196868183	0.18444110171122707	0.042740169348644025	0.086876661983635	0.1835597114647378	0.12163399368311681
0.1460655634633704	0.20970962114093233	0.17562355875670288	0.1115021520685457	0.048890230328989356	0.0553351541836095	0.15264538625601184	0.1002283338018377
0.23540075806797217	0.08109955851087661	0.030154050440731647	0.15353663700435785	0.05772929126405525	0.08982207834206131	0.18267778412886537	0.16957984224107953
0.1506377488490373	0.24235284280815833	0.037433546719927394	0.18649067858875215	0.03657998255580015	0.05469675214691125	0.1988443377953497	0.09296411053606352
0.19745899412483514	0.048538747029449714	0.06762043533133863	0.23214542232825425	0.05852478268779919	0.09988423344658469	0.17690209856066574	0.11892528649107238
0.13989178795392332	0.027327065633956704	0.17748367765949136	0.1520371958962389	0.04124319351495713	0.07973939240446211	0.20432843777784387	0.17794924915912633
0.23863806024587594	0.06172999026979516	0.06669741613577033	0.2037534223220434	0.04992744878724206	0.08852940226178538	0.18096115539907676	0.10976310457841072
0.16421099037609527	0.0511600316614117	0.17774239174813203	0.21034718079146092	0.057565492221399256	0.08024291947507067	0.16119991194528976	0.09753108178114017
0.2637936137447846	0.06926427903971866	0.06766865501572791	0.13406205031561866	0.058814172966263234	0.0670795786270498	0.17747663572531053	0.16184101456552638
0.191219587428342	0.05898493399135371	0.09663438333041147	0.2131886199776274	0.04782786471474332	0.07589777581463102	0.17199442071778676	0.1442524140251041
0.244814555478347	0.05943431522534508	0.051608117368935225	0.12265203818398929	0.0428092178081074	0.06299640764815229	0.2745691214776632	0.1411162268094603
0.2361937265461586	0.10613588645719019	0.0963970809536582	0.148704810451664	0.051113343593128344	0.0639420318043916	0.18403339260931384	0.11347972758449495
0.10999784258118066	0.15772629304634767	0.029178426807359367	0.21920583889239645	0.06270180186687051	0.063095413196359	0.26104547397972555	0.0970489096297606
0.09165441043803223	0.027519979822965793	0.03218755188827169	0.2563745866262826	0.048281625874177045	0.09441307564358488	0.2897290666471908	0.15983970305949474
0.13300535140172914	0.16426409309326592	0.07796097005453387	0.24848125855705352	0.0396837291406624	0.08706730597142465	0.15523114271612076	0.0943061490652095
0.10664892232404305	0.1005000932087759	0.08854966308623015	0.25770925863572025	0.05009746310629991	0.07140046479755546	0.16123576679964302	0.163858368041732
0.15530830951309155	0.06247290020509849	0.09361223213601041	0.12936186808909936	0.06327036825541271	0.060543632638754064	0.260556266611587	0.17487442255094615
0.26044689823845324	0.1014241831533131	0.08395783688698398	0.10933340242927951	0.04646443852304272	0.10351414261181831	0.15828530246920308	0.13657379568790579
0.26031698607350495	0.04693768647440301	0.05114424142684133	0.13645888357500008	0.04938907008350937	0.11031244511853638	0.21236187320702368	0.13307881404118094
0.14273248300076782	0.034836550459606624	0.14023652985876559	0.1456540556350837	0.05964632592897058	0.07327245366985392	0.23395988619182773	0.1696617152551238
0.20297363393179452	0.12677633327372145	0.06843122367533877	0.20179246802197595	0.04203570879614649	0.10648494701058953	0.1564645209479066	0.09504116434252644
0.2671624587824754	0.02870144180247089	0.1334796643286509	0.17922844459746598	0.04993557265075679	0.07395561387373328	0.16533826763540854	0.10219853632903791
0.12023393034992684	0.12421927641174219	0.03294917084766262	0.20779414776710198	0.06166232217139678	0.09466956624025304	0.21234239100044366	0.14612919521147272
0.10260547765561612	0.1059154471396709	0.07262491033099489	0.20388120356004125	0.050039707086700275	0.10341305562709392	0.24193893792274349	0.11958126067713896
0.1628252176616875	0.23631241161854927	0.03421292139270592	0.13695361825298813	0.03699403122328093	0.05918311464870586	0.2181143849733344	0.11540430022874774
0.140068299441544	0.026271753117812296	0.11362960584175681	0.2259165028504439	0.06364092673023213	0.06051848609321002	0.2346411998762059	0.13531322604879467
0.10703858489226024	0.20184169605872554	0.08320882044517333	0.24665085069137568	0.037787363981309954	0.06774713935029841	0.15045424109909666	0.10527130348175995
0.18660000950201433	0.08077429395757817	0.06908949745088447	0.13462704852365326	0.06931983484539919	0.08085927176432897	0.19526141688215867	0.18346862707398276
0.12335807608545216	0.15268621856530068	0.04570648090534003	0.17382470634111627	0.06034078057318831	0.10312792599110987	0.20418670520398466	0.13676910633450778
0.07132184281177928	0.11024520435789843	0.19234950524789093	0.24800962325982187	0.052570597376278755	0.05859032098881421	0.17179851133530258	0.09511439462221369
0.20489863322085228	0.13035727576181766	0.06326013745022142	0.1098507793338297	0.038886666901439645	0.07651153914637894	0.24727016877054475	0.12896479941491545
0.10633598747910503	0.18501745432950134	0.15102263084536838	0.13815590498938968	0.04834108275791418	0.07466289514447005	0.1615414321179256	0.13492261233632552
0.2841563911832314	0.05502324635869772	0.12770080564457922	0.14424764543724658	0.04635330267387135	0.08023213825165743	0.14830253184956033	0.11398393860115566
0.1306940380775631	0.04717495033398929	0.1247327792719348	0.15143038720509028	0.037514897970892316	0.10480382938900695	0.2469894423885246	0.1566596753629984
0.11635749125161692	0.11508215752203384	0.035201108747682064	0.1391510320181322	0.04673583922957843	0.09693672668705289	0.26554718831550117	0.1849884562284023
0.20840559316603302	0.08857104661398799	0.09319888163245843	0.1528695817795367	0.04032900672728107	0.07032565735315835	0.2305074579544954	0.11579277477304882
0.11321021990825969	0.2715389778161188	0.11657276411987355	0.13371444097350027	0.05415248008613681	0.07193914131373383	0.14699673725405307	0.09187523852832377
0.09197044712577551	0.268766989810327	0.07765979340928783	0.15777883774278817	0.06198330083560774	0.06964133966936203	0.1542222331198662	0.11797705828698542
0.1399042228151764	0.16378866717132676	0.028972371432554114	0.161213092338183	0.04453770387504245	0.08476625010886185	0.27077991988063754	0.10603777237821764
0.14130584192761808	0.16176122513323082	0.08401224163216942	0.12612220557614529	0.06252095689868328	0.07313457916309837	0.2089396616670337	0.14220328800202087
0.0971696873393228	0.06714368423759254	0.14467032233162785	0.2608897501138928	0.04298271838320342	0.1041098920910771	0.19093905053605742	0.09209489496722585
0.1673015590373017	0.032487017498217655	0.12323244339443382	0.13090328421655995	0.03593027763561918	0.10640909111122976	0.28962663690521084	0.11410969020142692
0.11685618042547524	0.16970168263483978	0.039893729541294415	0.20760999632624005	0.04506884020461245	0.10480013040725662	0.17297794434680272	0.1430914961134785
0.15211485926696228	0.1997276314016383	0.11194674707240673	0.1559084489410721	0.03685887665300297	0.0953620509212893	0.14694602535106904	0.1011353603925591
0.13360720384264022	0.06126339869112922	0.06637118348359575	0.14151763613616866	0.05348842922710899	0.10836596469982737	0.2789203634752667	0.15646582044426285
0.2572478623149074	0.06929598454631629	0.07578120739839483	0.21303274566279595	0.048691905690771434	0.08536616038212502	0.14321557784234393	0.10736855616234492
0.18022184798870727	0.09951022714420925	0.11112020700141174	0.11888929087925858	0.04279096278223288	0.055663309658815316	0.268163203226463	0.12364095131890174
0.24497939773248645	0.04780095117666629	0.12260270865681945	0.15600273470383325	0.06667308033809494	0.10134467065957316	0.1536567467795934	0.10693970995293282
0.1417176085610851	0.09592426126291005	0.16366030489337663	0.13956787661547798	0.049778465830069146	0.08516874230898674	0.232774239612823	0.09140850091527108
0.1098694312808642	0.05972301124252312	0.13353194567501142	0.15162734840567277	0.03655657341887304	0.09459271565048848	0.25471107624951417	0.15938789807705261
0.2815204212552675	0.0999918446904395	0.053275767302809474	0.14445139306928	0.05661768351801416	0.08990516778385763	0.1694314870602078	0.10480623532012365
0.06933678048838943	0.04349358349052225	0.17742021187552248	0.11904781585704861	0.06512434946967025	0.10866598388442568	0.2867993856814879	0.13011188925293318
0.18012272288568976	0.06384251998635744	0.07114613579847878	0.25127835380783115	0.045063315498706305	0.055113449712479154	0.16282699106374615	0.17060651124671106
0.06802600488491195	0.16822160954869123	0.15811651832050105	0.14355797200048598	0.04519226692944313	0.06578247678816211	0.214769064619773	0.13633408690803134
0.07824034703138857	0.21662296478796148	0.07696075480736128	0.16286129944111666	0.05944767542682736	0.08691274831517293	0.20640409516823918	0.11255011502193231
0.11476944259637922	0.14700489651395235	0.09431001278686388	0.10864903174227385	0.03718735265512077	0.09569600945741977	0.22079706488005213	0.18158618936793786
0.07380049599392088	0.2564094829291462	0.05561264334349081	0.2098221384555551	0.06085430151938494	0.056152380527617424	0.1658978456980743	0.12145071153281009
0.20839636129415315	0.050009147059998996	0.07695760922261069	0.2565515730115062	0.05870306229584846	0.07060050309900881	0.1717742618869484	0.107007482129925
0.11880825101964855	0.05511154868747316	0.1786519342096558	0.166376865924131	0.06214737210595897	0.10512541774861225	0.19453879994611672	0.11923981035840336
0.1499784298736786	0.19107705024830318	0.03009806296529305	0.2005861747983804	0.046136286618944436	0.08332531294847229	0.14481070365774315	0.15398797888918467
0.21922004724265837	0.034063347609757905	0.17046152382587865	0.14989415356827596	0.045833912619422074	0.09017432627094706	0.1954722843838735	0.09488040447918628
0.1211626756761297	0.23040608443287003	0.08507806135456991	0.10844122895637283	0.06003759666230406	0.09418814948239213	0.18564508552037745	0.1150411179149837
0.23212678120641933	0.03541757622694097	0.13314592724738203	0.14324484289509917	0.05106686958522713	0.08318100238519821	0.1657819119470447	0.1560350885066882
0.20277089249123176	0.030914865931514893	0.13733687159245053	0.1524561971843514	0.04729683254695127	0.06256768729419605	0.21101342164682774	0.15564323131247612
0.11736156876771828	0.05747100547185455	0.19159129849783005	0.18882823483800285	0.06841205988906024	0.11029899728288231	0.16229519986149993	0.10374163539115155
0.12741649048879833	0.08495685885813897	0.10683525487363438	0.21891222466520574	0.038026870620815154	0.10979308826300618	0.1950543848209853	0.11900482740941574
0.12769430940683268	0.12807730891578084	0.13623073501097466	0.13386689906911237	0.06913926030305047	0.08352768308216056	0.2106278927083202	0.11083591150376804
0.07264099373157716	0.2833543361650509	0.10218348947910608	0.11083004557920555	0.06332716804777266	0.08773802527487075	0.17088602550264032	0.10903991621977643
0.10793529374321194	0.13822986492029452	0.04050544472478736	0.1611358753508562	0.06966502324939372	0.09342987753650746	0.2169764364953207	0.17212218397962792
0.2761495204014498	0.026721859195789482	0.048062485483054834	0.19886952800183283	0.05409333607441488	0.07517516271475054	0.17357018086401327	0.14735792726469407
0.16371556213063898	0.12966609669382775	0.07606148630358338	0.19392150896885071	0.04372133570364363	0.10928073940357405	0.1852012217274461	0.09843204906843515
0.2687935363151377	0.04126281747001169	0.08513594687617028	0.17951343947052834	0.05791160067790538	0.09450563478439028	0.16872141746076005	0.10415560694509599
0.1708380695861129	0.22990106539703337	0.035310561470667384	0.12403552786044815	0.04085217387940432	0.05467526982099191	0.2465047008271657	0.09788263115817608
0.11060029063309726	0.14025687644026946	0.05902151073265419	0.24070230074294008	0.0458935020408881	0.07491074855533422	0.1467777132842263	0.1818370575705902
0.2125310008937919	0.0986981056412583	0.033816349115291716	0.1359488920351129	0.06465722947319494	0.07624861538100955	0.2170488360121231	0.16105097144821734
0.24745670825672522	0.10481547737669496	0.07011991953965836	0.16649114751757954	0.054080357744401716	0.08510959482300967	0.1744094859364699	0.09751730880546039
0.12579534763668024	0.08450404139462642	0.049369246760969335	0.19476816580874676	0.04572245027637972	0.07837612913990258	0.2818384129001853	0.13962620608250945
0.17624561949589757	0.048739722742103184	0.12873611351557943	0.18147001568618962	0.03692304921432138	0.06265180325298249	0.23697765242216212	0.128256023670764
0.1105288861400575	0.046833796417084	0.14667124479586463	0.19859523456603712	0.06576100351363146	0.07133242882446744	0.2581160936201786	0.10216131212267905
0.11944260477989939	0.10981094294520062	0.1636008643528277	0.12236074280641929	0.03475231266462696	0.06899590981863758	0.1964861392443015	0.18455048338808674
0.1294323181927118	0.1194240685171681	0.031594145151392444	0.1979010224454688	0.05146345314364566	0.05452388365710811	0.29081389624923615	0.12484721264326866
0.0914125398425336	0.1569844007091511	0.02946893897114891	0.2105280553530643	0.061430116747307126	0.08534571242166877	0.22716171760350856	0.13766851835161747
0.19740306811561445	0.039140270077162115	0.033393825433371924	0.1706257617367064	0.05089948602858728	0.09862473586876966	0.2881722846175423	0.12174056812224565
0.13557454502836933	0.22281606262046733	0.05200129145892558	0.137694418507045	0.06780055949659267	0.08159485376124574	0.1823356548149116	0.12018261431244254
0.125937399894851	0.09077150827756482	0.1418815372738063	0.14383931039304104	0.0424310871234516	0.07851502452816762	0.23497210634944368	0.14165202615967368
0.1910913191968302	0.12173602586685865	0.030981513984774736	0.1444991961552599	0.04935519159038762	0.07594727296259624	0.23691842353234924	0.14947105671094316
0.25432448545604186	0.06182748839577712	0.045149596238481	0.18916266043347368	0.0401185881543987	0.0717880086552144	0.1616570063676655	0.17597216629894752
0.11193313192446414	0.17745611428356425	0.09950572049975484	0.15686208623629233	0.04857351512002796	0.10465943033872759	0.1617369075583035	0.13927309403886518
0.12234961881890076	0.10102037034369568	0.10165813878841294	0.2348486834703674	0.06135836061435368	0.090524450024314	0.15151619581041426	0.13672418212954107
0.20034710675156842	0.10295627365176603	0.14244493941451913	0.17022226948513786	0.04601340573610614	0.07644458808635979	0.15714890907633663	0.10442250779820574
0.17163136263362921	0.045647087883297494	0.07176210804240915	0.22369284294562616	0.045804521302042045	0.08799936724496178	0.23534265684682038	0.11812005310121348
0.1895632118367814	0.1000573232879417	0.14816649402353196	0.19744171354620632	0.04608174074810177	0.05586409211954421	0.14749614157425078	0.1153292828636416
0.07856576980127426	0.11468200829612507	0.054183036430116724	0.2295106063195049	0.06365046018068626	0.10304781052213483	0.21651869151139186	0.13984161693876584
0.10198004640340863	0.2145344346836721	0.029954437598483707	0.25659456193752184	0.03803716701205573	0.05448521873779408	0.1441586224255769	0.16025551120148682
0.25707142674342565	0.034809888873831685	0.08278428845621995	0.20180718578412615	0.06751304918927925	0.06821704059300696	0.15575121352621638	0.1320459068338938
0.09348665524810275	0.0384403848358382	0.16458022146415874	0.1924639605712513	0.055167650120025696	0.07630461267803251	0.2519989187846662	0.12755759629792443
0.1253298739864185	0.15731411148653593	0.16332834591210144	0.15873792869438233	0.040234970144382196	0.0894044254384026	0.17401725234837434	0.09163309198940242
0.12097644203634193	0.14795131187914962	0.05990575343942289	0.17441788230645783	0.06416104995444541	0.10882024114189148	0.18068214940549476	0.14308516983679587
0.22467282794869262	0.03601314054437632	0.0901996607600914	0.14136588605160638	0.062330044370246654	0.08788436345750536	0.2564183664845366	0.10111571038294447
0.11749820771033184	0.16911557060213728	0.1729799440297334	0.1203240445103412	0.050589400901413756	0.05953990009698831	0.1777350279799586	0.13221790416909537
0.13266417444715953	0.10466513790081405	0.06169717402155683	0.1265068857533718	0.06739556839990293	0.1021744077151511	0.27455053019222964	0.1303461215698139
0.07671514454981075	0.13027883465730994	0.1937258114245583	0.13763926141204996	0.04257312743044549	0.06151396678957276	0.258095656268343	0.09945819746790953
0.15512622518058272	0.1595134382874689	0.05004561464376785	0.15024293888589346	0.03905411647189819	0.09790806951145833	0.17561943811790773	0.1724901589010226
0.1046158149339146	0.044415820671378434	0.10408023426210368	0.1831843427450974	0.03600177574727377	0.09465970576831562	0.2952867671591025	0.13775553871281376
0.10694406212556375	0.14666195597835227	0.172039301129816	0.14798660504447528	0.03944227133021627	0.08158777567121955	0.21029922148786503	0.09503880723249167
0.24549854147801375	0.1774838419675795	0.03762257965749079	0.1357810011422743	0.04052320778580627	0.07764485177141196	0.18215724650513324	0.10328872969228994
0.15877391384826048	0.16572336011708386	0.03600737024581231	0.11862956676890883	0.05350551452616785	0.08069537983681088	0.20005626017183353	0.186608634485122
0.07015854484628684	0.0704382127965239	0.14078297777126383	0.12509626446294475	0.06949331945270407	0.07633042803256485	0.2761853137233197	0.17151493891439185
0.27838646570037995	0.025294273203961534	0.0864326922836216	0.14865308545792197	0.057609407877320634	0.1027158489679705	0.20417234171550525	0.09673588479331831
0.08642683386314648	0.02523610334831705	0.09397030822801876	0.20770652523580274	0.047129661920930405	0.07032298420523596	0.29464870950352173	0.1745588736950267
0.22830361464508692	0.04846959579353391	0.08892930496831479	0.1740377016765628	0.034917996020946626	0.08946103662614298	0.23506206788090114	0.10081868238851059
0.11018882935168173	0.08306332024593048	0.08861199391298097	0.12321283916757166	0.04946543980158942	0.09759174421619482	0.286098371069899	0.16176746223415167
0.09690550286538388	0.20864599966571368	0.0568877536008847	0.17534389416981805	0.04561512070178465	0.07382972006178573	0.18908392879378036	0.15368808014084873
0.08313947346720965	0.24403928465681535	0.053018137112684036	0.21163759079352867	0.05179809662290891	0.09799070997059721	0.15793858516655349	0.10043812220970251
0.07876553566904895	0.11790109405785308	0.19336529587279389	0.13354069563943174	0.058440832362205125	0.09451915038266093	0.19344574586965468	0.1300216501463514
0.11486998217287302	0.14930139522100336	0.154940961031566	0.10897867627196073	0.06021456257746331	0.07926432272130195	0.2136303157726444	0.11879978423118705
0.12229504958987931	0.11283200965472824	0.11062578908187179	0.13138347173050088	0.03528024586130023	0.08390638143713179	0.2652544548464153	0.13842259779817226
0.15606967051939288	0.0641665345665113	0.09265173382860298	0.15376339574451214	0.05580609321339981	0.07655866651673614	0.27743230789390827	0.12355159771693627
0.12491925089065473	0.07593010029642626	0.06180820182846977	0.25624836187106226	0.05892884549703256	0.07143758279019193	0.20368423824463994	0.14704341858152228
0.08048749663094457	0.28693455322534756	0.07594129375104182	0.1375002156692342	0.06828309065822576	0.09308282933219586	0.15634660277647316	0.10142391795653685
0.27130651577930365	0.06563186818442279	0.03262328772751685	0.16627128743938935	0.06147010053316486	0.08588667575757615	0.14895552302180168	0.16785474155682445
0.16115597780575525	0.12184630917536479	0.10455943911433718	0.2271524501843906	0.04104799837721258	0.08229101434633235	0.16740736437402234	0.09453944662258468
0.24379663404958973	0.0696597822657064	0.029790821971571277	0.25003062910440266	0.06486070800582103	0.06398015342747407	0.14654619287801038	0.13133507829742427
0.15677934228169488	0.03324347053675335	0.054897988087288005	0.21851797842609716	0.05212303390082121	0.06894094244023247	0.2307723432116063	0.1847249011155064
0.16833196248179816	0.08742126090824329	0.06788840910840442	0.2078222083305663	0.05230949371260779	0.07786735085481669	0.1614225987824524	0.1769367158211107
0.0757444050186613	0.23382708279600523	0.05019325365859541	0.21460174806913968	0.047610086673095534	0.07808056187334428	0.15426857663380802	0.14567428527735038
0.12241157120413422	0.18242303316489802	0.07279647995661223	0.14860740616674806	0.06005899967990458	0.09279103615380377	0.2167036097641984	0.10420786390970053
0.11525307890738883	0.18818933172210273	0.09835417669757056	0.15091380483315212	0.03797677454788624	0.10245012382838006	0.19450379413295377	0.11235891533056548
0.07078958764019729	0.27348682766426363	0.07503918863552833	0.11136859046087416	0.046011587943364726	0.10051672148472339	0.19872421365510476	0.12406328251594355
0.19475066553020043	0.024557066205162972	0.1774563431981586	0.16649441427596923	0.05432665968219745	0.059496990135932445	0.22607039140387503	0.09684746956850362
0.11181578112870502	0.025128511256097122	0.12543561828783856	0.19992405378306255	0.06003334784179609	0.0940140731197814	0.21177893917335897	0.17186967540936013
0.20019991193301334	0.04803862809760562	0.11522622097334045	0.17623679392345892	0.06893036533151095	0.07910057938260287	0.20714075522017406	0.10512674513829356
0.18341670328742427	0.11327755760031832	0.1920447119382686	0.11618483429941064	0.06861725155761461	0.08083981346539197	0.155998223129378	0.08962090472219333
0.12507781333377335	0.11169839413974711	0.06589902519122387	0.21108199757851115	0.03483214189753489	0.05790550736491536	0.26915103507747096	0.12435408541682309
0.14543947429191073	0.15345810806438137	0.05312601597900392	0.11847093581079561	0.05048598453338299	0.10040048266225164	0.21110567716158107	0.16751332149669246
0.06907680553862042	0.09286359022133958	0.16096246689236182	0.1755064466239731	0.04727982800964091	0.08640594205964973	0.2574966343036591	0.11040828635075514
0.09761271706230969	0.1581393984430107	0.09858269439190973	0.22838962172850136	0.06220052274529647	0.08025741912679832	0.17565005755233387	0.09916756894983964
0.1337637667361911	0.03061805260263116	0.17529804845655064	0.1715641998528136	0.05165586976710293	0.10252585283135632	0.16407190505538227	0.1705023046979718
0.14094668248305106	0.09708168279924528	0.06267602287795238	0.20958238434684381	0.05933051602870179	0.08987770247092519	0.20734009111216797	0.13316491788111226
0.14595919993762188	0.029982555750388634	0.1925084404055408	0.19638763270762657	0.0424475058355612	0.06378993783559803	0.1450509617818524	0.18387376574581032
0.12510620203629916	0.15674002726886793	0.06794597396080936	0.22499138390809692	0.06287707227258721	0.06975429667054107	0.18800930986684816	0.10457573401595002
0.12814384089958783	0.04554279331783756	0.055948888883938605	0.25875614691037174	0.039847879272528336	0.07855844030523415	0.2775087471251758	0.11569326328532571
0.1593638062165222	0.1026293422695802	0.07564224104074352	0.18441805023361646	0.055965637017200504	0.06417939437444786	0.17592713387762648	0.18187439497026253
0.15882506728127002	0.12050811274055588	0.029826095701205355	0.21393907887836927	0.054197991338634746	0.06106828192638482	0.26005089209297655	0.10158448004060314
0.1423681787716066	0.15132436780516312	0.1145682643512933	0.14807047667962567	0.05730247857006815	0.07906110363783685	0.19677502336962532	0.11053010681478073
0.11357667012843785	0.05959113413415837	0.15778997752706214	0.21939914074199554	0.04704795700772291	0.09775891965888467	0.15038379952622244	0.15445240127551585
0.09979939759810544	0.1658910319288569	0.07163826814200952	0.14788735321695745	0.05374472701682133	0.07919835307245715	0.24289866803556803	0.13894220098922394
0.09891113790980027	0.22032389642713068	0.06057340401635816	0.14458694611546793	0.037883119550301894	0.0634454493462525	0.2186294123392545	0.15564663429543382
0.08245100511330504	0.11178077814451512	0.03404862667370907	0.18878095829969743	0.06596305263876345	0.08275824336753324	0.25048071095851654	0.1837366248039599
0.1762030030455557	0.10678268683192091	0.02959152289175135	0.21349613585954147	0.05489889903362946	0.07202676149584411	0.22364810023063786	0.1233528906111189
0.11721196858747025	0.14274582013366982	0.05103535888314602	0.17337949685116577	0.0396985964607636	0.09470253699243258	0.2412430710570081	0.1399831510343436
0.09201006320749448	0.17768260990901885	0.09590873223089105	0.16512613559811182	0.04453955242819049	0.0680278109395692	0.19955621006307225	0.15714888562365165
0.12171401815251935	0.12054136807598871	0.03317715714902805	0.2540342630056741	0.05786030202286446	0.10017808858535426	0.21942197879383107	0.09307282421473972
0.0836567428529863	0.19666581087963422	0.17618002046452994	0.1085804805551078	0.0647214686460619	0.08457060183105833	0.18139919891435746	0.10422567585626383
0.09642774104252211	0.15893814447357985	0.1322139981159365	0.1963677739809771	0.03746577127253206	0.05584444327208295	0.14616008625913557	0.17658204158323362
0.18060387027694694	0.02642223884522235	0.18508264732828722	0.13302455269410965	0.050474414489976235	0.05577205329842126	0.22680652716408495	0.14181369590295115
0.12458001418395812	0.10841695303985557	0.1211781552715504	0.17561328691297773	0.036918875006822255	0.07538042646240888	0.19005849343975592	0.1678537956826709
0.08663539085945075	0.27845979894668327	0.12089026461420463	0.13134056277999104	0.05536705834035513	0.0657331642511889	0.15791896404728786	0.1036547961608382
0.1565103261608053	0.07204994821879102	0.06229238246922944	0.14740515781413055	0.06889099768518857	0.07131025179611367	0.23623804942657767	0.1853028864291636
0.15178310357045374	0.10684778367959305	0.07888521790263199	0.24972064187007945	0.04533724424349182	0.07798823367653546	0.18976634016131597	0.09967143489589829
0.07804321815398052	0.08084128068552668	0.06919074633134759	0.2156532936097226	0.04468815450163628	0.07428055509785145	0.2548416908428319	0.18246106077710275
0.225107141824614	0.13562728621258024	0.14687370463422034	0.11494966579653079	0.040579811457755466	0.05771600922090446	0.15791896607434744	0.12122741477904701
0.0718471535179929	0.09277161146816557	0.10016800032531317	0.24789267821585034	0.042513366892964616	0.0837215584285051	0.25765321610084047	0.10343241505036763
0.07194464602680925	0.0662308509472036	0.12744245981735244	0.17481857872694617	0.0520018459796137	0.10873791478769174	0.2653578681780501	0.13346583553633276
0.21571349395320483	0.06579639683519034	0.058139628521505574	0.11655173641071838	0.06042248811061428	0.07878673515555441	0.2924944718458563	0.11209504916735563
0.12354304273531726	0.08686868898225088	0.06261261369727666	0.1930635554788404	0.049352419621343666	0.08404923609379208	0.22007660235646365	0.18043384103471516
0.0770261823302436	0.21917604012752684	0.03191221192708356	0.17511491509051758	0.04945842328133808	0.09915306149718878	0.20436135825085266	0.1437978074952487
0.1747982909040474	0.06331769390790068	0.06653444721566641	0.2308564133018664	0.05769213326626234	0.07867770927907937	0.21169112460408304	0.11643218752109412
0.07037697633895527	0.08813681844060742	0.17796568981167277	0.2143999673509733	0.04157182536428802	0.08820516181043377	0.2133908058896873	0.10595275499338189
0.09505084148753948	0.0492173569368764	0.09093173825764801	0.17670421357441585	0.05635577478701018	0.08455942693390506	0.279437560474324	0.16774308754828077
0.15677048324508563	0.11483683903945016	0.04730258775798371	0.11075409988714165	0.04882270649738618	0.09578637352468328	0.29027830212696437	0.1354486079213048
0.28439455215020315	0.04638933569233933	0.06586510213973881	0.2338199045312941	0.041733578519057485	0.07009251948672351	0.16536026593125946	0.09234474154938385
0.06793754195582076	0.15971675024628246	0.16227554324016694	0.10878683132827632	0.03742843242009576	0.0694489596549982	0.2533490900850007	0.1410568510693586
0.06868271964939987	0.2371388958366233	0.050444513066209645	0.1417808855376643	0.055829322220526376	0.08752187925313555	0.22990514326856276	0.12869664116787802
0.1410416777115942	0.08752938792334808	0.06941165023986316	0.23841976378835	0.04866702912653757	0.10622254694557778	0.1581586577041948	0.15054928656053418
