0.2549160280886597	0.1367545824824845	0.06879832213957193	0.25854298414760457	0.280988083141679
0.25508804852783473	0.12852594787191346	0.06776815304721351	0.26375560540722287	0.2848622451458152
0.264433280385041	0.134240432339294	0.06815201066596183	0.25393598805816353	0.27923828855153937
0.2653888397005205	0.13287878012240859	0.06805542825221997	0.2543969828846617	0.279279969040189
0.2643411546967465	0.12556523786856388	0.06858010612285537	0.2617404280473402	0.27977307326449374
0.2576312332338534	0.13545475714975114	0.06740899901024391	0.25864605503028293	0.2808589555758684
0.263643505996911	0.1284771560172117	0.06785188507049955	0.2601550642900286	0.2798723886253488
0.2642438836005315	0.12873136015154585	0.06845295260792916	0.25889211293734093	0.2796796907026523
0.2633529985943773	0.12674956816269622	0.06860501373836203	0.26475090870108425	0.27654151080347994
0.25630408369094637	0.1343896732066539	0.06757712165020441	0.25920057821261966	0.28252854323957544
0.25409204172160194	0.1329450567122556	0.06723700273150673	0.2648459620870205	0.280879936747615
0.2529392351905999	0.1374008968367886	0.0677427743644266	0.2577499598144362	0.28416713379374847
0.2630301135916155	0.13119085662779983	0.06792487121001048	0.2566235494608692	0.28123060910970477
0.2597085914668301	0.1302599908505554	0.06781879657799714	0.26096330433906373	0.28124931676555337
0.26005843050609456	0.13615179267975605	0.06809592830128658	0.2543593495320529	0.28133449898080964
0.2632812468028437	0.12687778536707484	0.06745503567370212	0.26576356776790594	0.27662236438847315
0.25715229389915345	0.1275721901443621	0.06708296184980386	0.26739739146077657	0.28079516264590376
0.25893604820316835	0.12504711679031266	0.0685522970510194	0.26451014201626855	0.28295439593923083
0.2597264489554155	0.1372906703316565	0.06751771480988628	0.25402183174782944	0.28144333415521205
0.2581406525273271	0.13412899433667774	0.06831277091628757	0.2581319718825313	0.2812856103371761
0.2525458008634379	0.13738236713685328	0.06729253965411072	0.25830270292334806	0.28447658942224974
0.2610788361473319	0.12794589707977075	0.06852421149223761	0.25849714684274455	0.2839539084379149
0.2544350054730638	0.13296153859061066	0.06842442173053229	0.2639930822009774	0.28018595200481566
0.2517365991811133	0.13768945087969411	0.069006939213136	0.2573786062414265	0.2841884044846299
0.25854134795340444	0.13111674925717787	0.0671390886674414	0.265443826502435	0.27775898761954104
0.25555411620039536	0.1279879094694732	0.06864824328865618	0.2670165335143112	0.28079319752716375
0.2615907355779783	0.13065514676132203	0.06768810093726721	0.25608628908362124	0.28397972763981094
0.2589417315040312	0.13038171869842044	0.06713825828404738	0.2662662490894333	0.27727204242406744
0.26573503712778695	0.1346366906151787	0.06758996554832913	0.2541931044368314	0.2778452022718736
0.252687004871187	0.12978007802057756	0.06846018186566771	0.26702297287584653	0.28204976236672086
0.2630353569463432	0.13376946796806813	0.06807557689323637	0.25753531534969176	0.27758428284266023
0.25758428009809303	0.12838201525609602	0.06715785207260214	0.2650013924027722	0.2818744601704363
0.25843696504893365	0.12894870706657338	0.06916852010862035	0.2621962487553817	0.28124955902049065
0.262628552930838	0.13022469970655265	0.06737053381038455	0.25477406625327764	0.28500214729894696
0.2623827245897888	0.1321771058256408	0.06762694185444731	0.2598612146026014	0.27795201312752144
0.25652787105479596	0.12524298174048287	0.06848084961923326	0.2661040704979367	0.2836442270875509
0.2558996496017218	0.12758231718690302	0.06915929150714822	0.26495017292331385	0.2824085687809129
0.26338791882458445	0.12906578229421545	0.06890892983308322	0.2581666682659265	0.28047070078219016
0.26635371539512637	0.12699809113187727	0.06744023347511616	0.25661176709224504	0.282596192905635
0.2566032493231053	0.1306971003717326	0.0688497914476503	0.2628945203949494	0.2809553384625621
0.26131571115018043	0.13195694392567733	0.06891972496017593	0.2611378832797417	0.27666973668422434
0.25945485086746933	0.13127824919853887	0.06845428146111132	0.2574449618637469	0.2833676566091333
0.25569363735242245	0.133042363974286	0.06832282542779192	0.2595532861959851	0.28338788704951423
0.2539598852336955	0.1369713906959144	0.0691300863732808	0.25696304245852186	0.2829755952385872
0.2596280357691445	0.13510709105541546	0.06744012593822374	0.2584958548825745	0.27932889235464153
0.26134428251634256	0.1340699774485838	0.06871637691822391	0.25805117788551035	0.27781818523133917
0.25782424729853043	0.1336176945752179	0.06736231513648358	0.2605814145956743	0.2806143283940935
0.2578536678172712	0.1268811975223471	0.06858127817393303	0.26518788047069664	0.2814959760157517
0.25843550052665765	0.12554252160905588	0.06768482730868566	0.26564249971408893	0.2826946508415116
0.25526555723852906	0.13482344429249962	0.06862891008634395	0.26129799890097993	0.2799840894816472
0.2652402911972789	0.1256032168678655	0.06811492824067455	0.26139415382062736	0.2796474098735535
0.2650125747083756	0.12628797296688166	0.06723795310951602	0.261184336881532	0.2802771623336945
0.2527302636288389	0.1323406380993917	0.06861802555730914	0.26140059450380104	0.28491047821065907
0.256226008668143	0.13481448114688338	0.06796677561607681	0.25993165872136165	0.28106107584753487
0.261963980183937	0.12889404394090398	0.06910749766323421	0.2563671725202576	0.283667305691667
0.25148897188334424	0.13077200319783097	0.06728587348994966	0.26757525887859335	0.28287789255028156
0.25657536691075405	0.13171657601596473	0.06781677830522378	0.2654967955283445	0.2783944832397127
0.2581853588992299	0.13092787721936713	0.06911535662645224	0.25886272222902984	0.28290868502592065
0.2619300961982057	0.12730902161242796	0.0672533514898925	0.2625466360274453	0.2809608946720283
0.2563065185146125	0.13216454109478032	0.06841478984258398	0.2592738939522333	0.2838402565957896
0.2555454699272459	0.13764735701501796	0.06844710435249982	0.2555075336823863	0.28285253502284974
0.25389195603166714	0.1338528489204357	0.06846765212749828	0.26072836144497785	0.28305918147542075
0.2610549371926188	0.1250987168168216	0.0671668393587217	0.2662200964715541	0.2804594101602835
0.25520136056639237	0.13338310367041215	0.0675387344964061	0.26420592016439004	0.2796708811023991
0.2548913346836413	0.12979999217172383	0.06755848664553138	0.2674125997405019	0.2803375867586013
0.25467738009602214	0.13478112506808254	0.06851826748971312	0.2568498796557149	0.2851733476904671
0.2529999014650526	0.13352357467718665	0.06755327112775869	0.26108000740056575	0.28484324532943606
0.25668696962107324	0.13633636495726476	0.0678032044556868	0.25970373835943333	0.2794697226065417
0.25681075307666545	0.1350168946812087	0.06807477647695742	0.25549751675449917	0.28460005901066904
0.2621648830256712	0.13122147117321548	0.06741214363435255	0.2563730317109011	0.28282847045585935
0.2608491903982679	0.13201812645928945	0.06790550813742588	0.2573964597324122	0.2818307152726043
0.26031682066272105	0.1365937029893865	0.06795990917852565	0.2562296080874725	0.278899959081894
0.26212218855367103	0.13015375214346653	0.06728374762386849	0.25709404998179225	0.28334626169720145
0.2586052570581506	0.1260101353400549	0.06797316601863107	0.26659078518232127	0.280820656400842
0.2655299787955354	0.1255032105683645	0.06906255151870228	0.25666166913263905	0.2832425899847585
0.2553741827498678	0.13064143147149002	0.068112297544344	0.26234960239925	0.28352248583504797
0.2565345192172699	0.13606212775658366	0.06863712690855633	0.25405944509138806	0.2847067810262017
0.25877428319770174	0.1361361007822256	0.06847701107367901	0.25542165243226606	0.28119095251412735
0.26045471747219956	0.12754823862051637	0.0689171643722371	0.2581553162200482	0.2849245633149985
0.2560236923181798	0.12760327214270384	0.06777851599880194	0.26471586094740507	0.28387865859290906
0.2555431417562263	0.1252813651099698	0.0681849653606004	0.26661608756205024	0.28437444021115305
0.2619502306716942	0.13000562478856265	0.06919506266208297	0.25584497211399654	0.28300410976366336
0.25680116462969416	0.1368553941203992	0.06854756479641921	0.25624661135582183	0.2815492650976654
0.25378319049671083	0.13493713867093268	0.06860208409504345	0.2621341378406799	0.28054344889663285
0.25742048212800483	0.1336563524362913	0.06882613616626537	0.26152117085663384	0.2785758584128044
0.2623304611034161	0.1319624646732746	0.06851008420322505	0.2549882023156108	0.28220878770447316
0.25560073114160936	0.13716562392245046	0.06779344893982359	0.25612138797600514	0.2833188080201112
0.2524664383346923	0.13235727929815827	0.06817868774156399	0.2654459114992625	0.2815516831263227
0.26173135893000354	0.13487169427159504	0.06735552496239797	0.2561352997232937	0.2799061221127095
0.2576598525460455	0.1366502635304705	0.06815845316192667	0.2564585872534675	0.2810728435080896
0.25935321506154196	0.12590069051245564	0.06729896279641936	0.26634470025109563	0.28110243137848717
0.25950396892751026	0.1362272170985498	0.06858068933536021	0.2541261044942434	0.28156202014433607
0.26212381541349583	0.127663032876198	0.06825484220057149	0.2588918845414001	0.2830664249683343
0.25934586803565085	0.13579108745693796	0.06725809638397787	0.2544600513290294	0.2831448967944037
0.252317323008865	0.13676715975979625	0.06829063085992096	0.264062146980844	0.2785627393905735
0.26579913732204996	0.12680567814092303	0.0680628639440933	0.2611857194977324	0.27814660109520106
0.26045755737552573	0.12977849516279677	0.06870684242669059	0.257778286685207	0.28327881834977964
0.2650290943554714	0.13449758797028094	0.06706320475652758	0.25415463327324067	0.27925547964447917
0.2625567979946546	0.13045359954326557	0.06920194319981937	0.25712004908624053	0.2806676101760197
0.2625146067189532	0.13042182273147518	0.06763981480464043	0.2606885131451538	0.2787352425997771
0.261764544187848	0.13095859353449532	0.06755502322778137	0.25931519299988076	0.2804066460499942
0.25297457135689816	0.1317858096241396	0.06702761050874964	0.26651798184155107	0.28169402666866133
0.2561595195796339	0.13178294722736766	0.06860375984407871	0.26635608834306185	0.27709768500585763
0.25516373229149214	0.1350654663920942	0.06829243323585185	0.2619921488920737	0.27948621918848787
0.25836986831227926	0.12917868723756365	0.0680320771217639	0.2661564618140091	0.2782629055143838
0.2560341360680401	0.1340297824608217	0.06804950561011117	0.2579035966416599	0.2839829792193669
0.26291721646312116	0.12788282680073165	0.06791050167836082	0.2566022466498048	0.28468720840798123
0.2567599482919425	0.1265511676010348	0.06781057714141472	0.2649185759115768	0.28395973105403094
0.25442186053530147	0.1290168411478626	0.0682721354801473	0.26427792668659833	0.28401123615009005
0.25717676677744195	0.129888573469357	0.06823592665035219	0.2598429415514855	0.28485579155136315
0.25825951242186634	0.13158835913009273	0.06771459082809442	0.2570731812827096	0.2853643563372366
0.2615863559671009	0.13255467894977252	0.06705456795709955	0.25874651547948235	0.28005788164654444
0.2648984847303273	0.12572163050441693	0.06856011550574731	0.25835795879496554	0.28246181046454266
0.2629592355355152	0.1263588225260937	0.06804170822737463	0.2645331552989481	0.2781070784120681
0.256600330443829	0.1355447306664131	0.06814712706191481	0.2630634891324387	0.2766443226954041
0.25684868088225893	0.13767548178306208	0.0677755032307285	0.254597742626661	0.2831025914772892
0.25163229639565393	0.13326796846902744	0.06859634538581841	0.26722874776836747	0.27927464198113255
0.25476557692333557	0.12910568367138214	0.06811975692553168	0.2653148671406966	0.28269411533905386
0.25566421969623965	0.13044283548339075	0.06727740988958181	0.2658278629153498	0.28078767201543775
0.26197458528565587	0.12851412502364343	0.06829352597403274	0.2592920914130807	0.281925672303587
0.2627461317449259	0.13514167354150747	0.0680656455777558	0.25419797409862865	0.27984857503718197
0.25288390989424325	0.13180523300732336	0.06850658215775376	0.2630023295970901	0.2838019453435893
0.25125228366007674	0.13602595889358182	0.06748526565187019	0.2626579905417141	0.28257850125275685
0.2661971410479072	0.1250647586974072	0.0690949097496498	0.25971356102242094	0.2799296294826146
0.26645468788280097	0.1301439730221898	0.06796209522841179	0.2568791516863697	0.2785600921802275
0.26323819122368386	0.1265169898457306	0.06878076617507267	0.26403179229380824	0.2774322604617043
0.26492526219200263	0.12593129991186477	0.06852941896199874	0.25829809300897033	0.28231592592516325
0.2596305422727118	0.12814879102601565	0.06851359438418045	0.2662961509923188	0.2774109213247731
0.2665656993026005	0.13038279363564914	0.06748162635923888	0.25865859993728674	0.2769112807652245
0.25279182013835166	0.1377180985026372	0.06908296062963401	0.2572564491471251	0.28315067158225177
0.2603929159661331	0.12773990135617352	0.06875929969027025	0.25996687696394666	0.2831410060234762
0.25754444219362793	0.13456582257406471	0.06847969936270976	0.25985210784578444	0.27955792802381285
0.2573958619460625	0.13005273865934325	0.06907372032602346	0.2608804296478196	0.28259724942075093
0.25517784739095506	0.1315568782897326	0.06865981311306593	0.2593779965914817	0.2852274646147645
0.26468202061474944	0.1267832054855083	0.06822294977409032	0.25525124465534216	0.28506057947030955
0.26638178489087994	0.13074305859370475	0.067972569142117	0.2565713952169081	0.27833119215638996
0.2632626721464373	0.12914628532272016	0.06814611243898269	0.2551943305615144	0.2842505995303452
0.2610128268607583	0.13153277060459778	0.06886820261643925	0.25881032962127815	0.2797758702969263
0.26565893502145466	0.13300307353071564	0.06896514845340379	0.2540927265002689	0.27828011649415674
0.2594940115895628	0.13260081507847932	0.0689906976514843	0.2592779311150678	0.27963654456540554
0.2607433627841305	0.13611737902630416	0.0678627066722716	0.2556994239224305	0.279577127594863
0.2565474675335956	0.13274069068811944	0.06801654344143976	0.26377379990826405	0.27892149842858094
0.2591812545157475	0.13210877019886547	0.06826142800252924	0.2578970470607875	0.2825515002220701
0.25510088790773694	0.13042305380708655	0.06908246643303212	0.26057054002439545	0.28482305182774864
0.2611577297021105	0.12632822229025809	0.06707224003491899	0.26298520891289967	0.2824565990598125
0.2573409019878351	0.12998212871220488	0.06786697935296648	0.2607297745760749	0.2840802153709183
0.2638417780996065	0.12915271215244875	0.06752602610775119	0.2600169565373361	0.2794625271028572
0.2598623419333166	0.13305059135147532	0.06714305757589242	0.2616996742503689	0.2782443348889465
0.2537118890868086	0.1341434098785112	0.06727094416408991	0.26635623473885484	0.2785175221317352
0.2609371407975252	0.13166889994993008	0.06876897944833901	0.25615198185772864	0.28247299794647684
0.25469212670079827	0.13531622961473538	0.06899842970057316	0.26311085164131176	0.2778823623425811
0.2555124913918435	0.13245377746216047	0.06756477904088212	0.2652374714848215	0.2792314806202921
0.2644696218885948	0.1329897524996767	0.06778008875029043	0.2554285681031213	0.2793319687583165
0.2608038010009608	0.12830947205256038	0.06712465691052971	0.26627829445983164	0.27748377557611725
0.2559597798751613	0.1326240933528082	0.06709615163471938	0.2624788546860015	0.2818411204513094
0.25885212175564276	0.13276670649874697	0.06746082784902124	0.2595087333947622	0.28141161050182656
0.2580036125485021	0.13747956412884538	0.06916586019849968	0.25708746669080473	0.2782634964333478
0.25889836599967114	0.12970951896975697	0.06774515521308372	0.26157115009009585	0.2820758097273921
0.2547922049328779	0.1347474213715264	0.06914344179095303	0.2609225321410664	0.280394399763576
0.25394725169231736	0.13122534640118716	0.06813091134457208	0.2647079952044181	0.28198849535750503
0.25504426600826896	0.13281264486934627	0.06753840165420907	0.2659157141481079	0.2786889733200676
0.25800924874145836	0.13225295072599438	0.06793642233959588	0.258540332005033	0.28326104618791814
0.2570538743557629	0.12518994703537667	0.06767066731537266	0.2667296967642092	0.2833558145292783
0.2654760655458014	0.1337529972196998	0.06720493760846102	0.25705045932461107	0.27651554030142644
0.25314472088743234	0.13670689141306785	0.0683433518545899	0.26059763270662767	0.28120740313828196
0.2604036397856948	0.13303391837580325	0.0678356085130368	0.25389815903458257	0.2848286742908823
0.2577036314286228	0.13057982359591155	0.06742450348115944	0.2676175473444727	0.27667449414983325
0.2628273320088294	0.12687703310046927	0.06768638918526193	0.26346057142286433	0.27914867428257484
0.2573259417079424	0.12841719268804788	0.06812344997825445	0.26659009913618176	0.2795433164895732
0.26074421045929785	0.13309632048144365	0.0678990266920689	0.2610657786120386	0.27719466375515067
0.25368972066598194	0.134872632047921	0.06742888289866683	0.26455865343676255	0.27945011095066746
0.2636575706825679	0.12695524255375618	0.06733147533502606	0.25910532443234685	0.28295038699630276
0.265751084144634	0.127592779268177	0.06827415395221367	0.25905602697439994	0.27932595566057516
0.2647365988257112	0.12525935952221512	0.06774350950323058	0.26478978345949666	0.27747074868934607
0.2597750951250716	0.13353799642543257	0.06813081777510938	0.2603411854251898	0.27821490524919645
0.256492423292992	0.135923596152494	0.06805337597175082	0.2600381072649911	0.27949249731777187
0.2650962357426309	0.12605140905118126	0.0677764978267261	0.26340332299697067	0.27767253438249084
0.26001486692267006	0.13358003742254312	0.06840934566620954	0.25826437949837433	0.27973137049020264
0.2568749804148443	0.1350849389555392	0.06899865446520626	0.26202823902467937	0.2770131871397306
0.25625106325215335	0.132371221295123	0.06836958273063981	0.2656127175769982	0.27739541514508537
0.25328649141704146	0.13425380249708305	0.06805512297860367	0.26782529932897137	0.2765792837783002
0.2624028575168433	0.12510907296638588	0.06877955157196045	0.2665943644510622	0.27711415349374785
0.2610753395840526	0.13078354329436853	0.06787155801521766	0.25841605973367693	0.281853499372684
0.25995706807250724	0.13231381025942043	0.06774227371874925	0.2555140082450009	0.28447283970432186
0.2664740805656437	0.1275279571464973	0.06737480608188881	0.2570749958312337	0.2815481603747361
0.26057680894986995	0.1330606315883741	0.0670814242271392	0.2552245431111909	0.2840565921234256
0.26629642522192865	0.12854122578039578	0.06728522299598041	0.2585550447754847	0.27932208122621016
0.2566380399436202	0.12796872218655225	0.06831724061004465	0.26387732814885945	0.2831986691109232
0.2561255534648702	0.13292030444896405	0.06744946212811434	0.25816728600578553	0.28533739395226565
0.2590485913635468	0.13343442826393154	0.0688497149137797	0.2547178114489838	0.2839494540097579
0.2663785494248705	0.13102490069123818	0.06895567677726402	0.25603679606359253	0.27760407704303447
0.26396792347278736	0.12699565008710229	0.06812284539340938	0.2589770670127283	0.28193651403397235
0.25159161234432864	0.13742590349318423	0.06833284092952507	0.26016872466991076	0.282480918563051
0.25517892201779735	0.1331214967519485	0.06895584689221851	0.26256355727411873	0.2801801770639166
0.2662823495345512	0.13140121922118841	0.06783134260501097	0.2557110363007465	0.2787740523385026
0.2620179638558746	0.12780698636976667	0.06773157416608042	0.26030897757519783	0.2821344980330802
0.25930149095651867	0.12930431620548077	0.06820830703255812	0.2663658453261146	0.2768200404793276
0.2645182623426612	0.12753118575784575	0.06880800738640744	0.25621490831118937	0.28292763620189587
0.2593609838299292	0.13337152103455563	0.06754604304816952	0.2574591936940551	0.28226225839329033
0.26110302666008567	0.1307788066981464	0.06890676866689632	0.25716813053931264	0.28204326743555863
0.2601859812099201	0.12608045101974458	0.06821894361743894	0.267615490508036	0.27789913364486013
0.2585297743714311	0.13148341928476193	0.06848469020907871	0.2593691551745757	0.28213296096015233
0.25115807664070366	0.13396619288567518	0.06767577293976257	0.26726396746742676	0.27993599006643155
0.26202821737333715	0.1302667237746576	0.06721239748813079	0.26153343025660664	0.2789592311072676
0.2591509639973831	0.1376072621165944	0.06898673098248967	0.2559897856161513	0.2782652572873813
0.2618855271617484	0.12932796490495227	0.06892816180597686	0.26253137584997444	0.2773269702773477
0.26206450154238287	0.13255573388138578	0.06713482651054375	0.2549758056549086	0.2832691324107787
0.2620975814027873	0.13436890710246496	0.06826674547248252	0.25729746950476445	0.27796929651750046
0.2606104990612678	0.13041937323633243	0.06737442528343582	0.26473048544307554	0.2768652169758881
0.26170735020093344	0.12927098347957244	0.06793624952014557	0.2630902737920011	0.2779951430073472
0.26117127630587655	0.12674844599208157	0.06911120590580758	0.2659153869333881	0.27705368486284593
0.25949153289663895	0.13015911574272326	0.06773286784876156	0.26544919850801074	0.2771672850038652
0.25413251764720873	0.13669018138982653	0.06713133706657104	0.2611864748381629	0.28085948905823055
0.2579910795929615	0.1299308805506696	0.06845110107690061	0.2591160573512708	0.28451088142819714
0.2572933576487162	0.12881552265408036	0.06790197630755043	0.266916600826666	0.27907254256298675
0.25534891187001	0.1283952660150376	0.06854885261448149	0.26728951941855217	0.28041745008191854
0.2539272209590683	0.12864028490193066	0.06756823109490026	0.26601691147773543	0.2838473515663651
0.25837638538932395	0.1323687128830682	0.06886907171614723	0.25705081354771975	0.2833350164637407
0.2561101445165288	0.128713425001921	0.0683783660113016	0.2626117206625339	0.28418634380771446
0.25587367686618434	0.1258661451664305	0.06869869463840891	0.2677084503391801	0.2818530329897959
0.2661200347351691	0.1263550784643594	0.06740895832256022	0.26054200165220476	0.27957392682570625
0.2571848122943357	0.13571096533191315	0.06898663984354031	0.2597456637857193	0.2783719187444913
0.2625236246230762	0.1269019704204729	0.06780523425090829	0.2649056096232614	0.27786356108228094
0.25778019471729413	0.13591950324523366	0.06811333178518994	0.2592662186514052	0.2789207516008768
0.2590197758572335	0.13073005605867644	0.06720127624968872	0.25787654049887	0.2851723513355311
0.25449712109258127	0.12530859105119613	0.06874824994142778	0.2668391738789623	0.2846068640358323
0.2579352030810152	0.13234805598053873	0.0690748956036352	0.25745245710692577	0.28318938822788486
0.26457380960315385	0.13222093603610063	0.06741463397769565	0.25582091998051315	0.2799697004025365
0.265496956647019	0.12772566483727185	0.06872367133760646	0.25617465676594603	0.2818790504121564
0.2641825365583905	0.1339510754325803	0.06911447205623653	0.25486178802645915	0.2778901279263333
0.2587916022491162	0.13043899768705786	0.06872146902318321	0.2576948926960201	0.2843530383446224
0.2549363325772609	0.1367618940996278	0.06890787558653111	0.2614091700965969	0.27798472763998305
0.25959339432113104	0.13323877266857734	0.0686796023174871	0.26104153548108466	0.2774466952117196
0.2613311102874995	0.13533685235454426	0.06742606347801816	0.2564367694529176	0.2794692044270203
0.26273139778017973	0.12914708591527083	0.06768391937422305	0.25943177562453335	0.28100582130579277
0.2590371315614795	0.12907360576330434	0.06705393891744393	0.2595745609377791	0.2852607628199929
0.26210776481890097	0.12533714871966395	0.06882640160524453	0.2672015328061856	0.2765271520500047
0.2622317876943435	0.13384518262229714	0.06792195661564077	0.25522163405984777	0.28077943900787056
0.26224783267009627	0.12627930729870357	0.0684237153727974	0.2575942805769028	0.28545486408149967
0.26324710326399614	0.13051509840178957	0.06887119606292541	0.2537946580648598	0.2835719442064288
0.2593626819195176	0.1309449925412552	0.0671276441030374	0.25714787850021326	0.28541680293597627
0.2659836182582201	0.13047008031120902	0.06797778396824	0.2568874775382718	0.27868103992405885
0.25490149750695784	0.13626844363968954	0.06916635062366838	0.2594723936752211	0.2801913145544629
0.2599096826479406	0.13298484386893838	0.06901755871755635	0.2568133714497377	0.2812745433158267
0.2602153466785203	0.13432470074205585	0.06718793273683965	0.26162350069817986	0.276648519144404
0.2525955469856789	0.13148742423736737	0.06897488405854743	0.26557631391817577	0.28136583080023037
0.25509770533683973	0.13264100680571828	0.06713841669809337	0.26699283112809025	0.2781300400312581
0.2573002454683072	0.13248131649539385	0.06716341225492495	0.2608869643910796	0.28216806139029416
0.2530203451533077	0.12959088134591712	0.06841965248802517	0.2642199167350612	0.2847492042776886
0.25499832935549877	0.12902865690118998	0.06724869484063939	0.2678124274545507	0.28091189144812095
0.25910347248843985	0.13166252829784902	0.06782023870886494	0.26389924713720914	0.27751451336763683
0.26396251426920214	0.12845314595746393	0.0680441606745889	0.2623432183162655	0.27719696078247924
0.2542168211017425	0.13538666732598675	0.06783946651325548	0.26348509864892894	0.2790719464100861
0.25530810134911447	0.13473756811765358	0.06753119802864424	0.2611075615986627	0.2813155709059248
0.25457443614215924	0.1349627664265799	0.06789277183078635	0.2581413594863197	0.28442866611415457
0.2632846749525419	0.1303773559345166	0.06719125052780323	0.2605108740786213	0.2786358445065168
0.25777786916122036	0.1273029699042294	0.06886543928683031	0.2661562699854007	0.27989745166231894
0.2523063100461106	0.13062365282412927	0.06818211705143021	0.2652151082056245	0.2836728118727052
0.25273736165280936	0.1309818505869362	0.06740128532984724	0.26360885448469473	0.28527064794571216
0.25958402291721616	0.12896516168841873	0.06787997562904208	0.26160554102592215	0.2819652987394006
0.26554265827418877	0.13000788277912037	0.06919449630195668	0.25707927973965466	0.2781756829050793
0.25440647075767536	0.137472540609678	0.06894903060156546	0.25390845225582265	0.2852635057752583
0.25376226946452646	0.1269749671073253	0.06890909139128307	0.26647988274318835	0.28387378929367657
0.25431977310599	0.13377096762788246	0.06732392957491357	0.2595855068874573	0.2849998228037564
0.2563243003351781	0.1333125238002769	0.06705448445295675	0.2630794080935038	0.2802292833180842
0.2622680151052883	0.12527892139068975	0.06871726563192321	0.26543766598270113	0.2782981318893974
0.25682737958043694	0.12858991982240536	0.06890860673703031	0.2678675257226676	0.2778065681374595
0.2589954049888965	0.1322286439116952	0.06872151525695783	0.2594813049011702	0.28057313094128
0.2590012524965237	0.1267827283896964	0.06849258740137418	0.26424268715837473	0.2814807445540307
0.26450271073683357	0.1262651130810325	0.06707804134715581	0.2600837779759905	0.2820703568589874
0.2566063165159653	0.13593498205768373	0.06806008532969315	0.26065149135303517	0.27874712474362234
0.2547290273194529	0.1325900810906149	0.0684660223914744	0.26561985302306335	0.27859501617539423
0.2532869958079547	0.1353839731024814	0.06908125441816779	0.2612453239078084	0.2810024527635875
0.2519842923941532	0.1357937834478303	0.06734156715968984	0.2646593887148943	0.2802209682834321
0.26143735399166707	0.12542803864130667	0.06857898620406822	0.26467060331831554	0.27988501784464226
0.2589492857545126	0.13092645157778462	0.06741358989220611	0.25873854730104445	0.28397212547445194
0.25809554625004966	0.13090750489234998	0.06808172057780429	0.26349406678499215	0.2794211614948036
0.2599272966004774	0.12997801865877442	0.06756211524663666	0.26055591894464836	0.28197665054946286
0.25679063767902244	0.12705484515743048	0.06809927556070863	0.26672914216098115	0.28132609944185705
0.2522491649780181	0.1293133110848561	0.06760254853969985	0.2658031855678731	0.2850317898295527
0.25334944336996507	0.13246677258343253	0.06842019540658531	0.2621505151995667	0.28361307344045006
0.2571719206179	0.13194545845584082	0.0676355980519859	0.25921112092706294	0.28403590194721007
0.2544112381375202	0.13690340516160066	0.06739971461561667	0.25811102279695897	0.2831746192883033
0.2652072971960468	0.13175731388990664	0.06781989311036113	0.257763828504314	0.2774516672993712
0.25714391819021176	0.1308931345020699	0.06832214720353344	0.26092001082885113	0.2827207892753335
0.25757410217913873	0.12592770035977136	0.06721555982511357	0.2662924099447896	0.2829902276911865
0.25970694296144364	0.1338188968447931	0.06796078450991777	0.2558678813588068	0.2826454943250385
0.26476773064853565	0.13191035443338403	0.06748884358249027	0.25421355910098253	0.2816195122346073
0.2633397159911376	0.12788078632727745	0.06821161436081405	0.25976383261352826	0.2808040507072424
0.2660191463573621	0.12850750408341516	0.06739045224800155	0.25480148551518716	0.2832814117960337
0.26200183568294066	0.13435126090380706	0.06897248457634989	0.2547065842033476	0.27996783463355457
0.25905218862222995	0.13032903412802543	0.06837515116753076	0.26149620491029274	0.28074742117192086
0.25737323056687994	0.13339718163361475	0.06882419000600651	0.25986961085527566	0.28053578693822284
0.25145177234812527	0.13476117975395352	0.0680642389768984	0.26556292119454683	0.2801598877264757
0.25124916906458716	0.1376052730992509	0.06896571576889393	0.2568666951925579	0.2853131468747099
0.2578470684063974	0.1281127257554272	0.06749449253593992	0.26284601066816066	0.2836997026340745
0.26314277426675514	0.12938600345866502	0.06837321086380524	0.260207367309777	0.2788906441009973
0.2556816052429908	0.13633176399530234	0.06818742510174383	0.260312312273983	0.2794868933859798
0.26312032026570054	0.1274004836106504	0.06842417843725637	0.26355498614133094	0.27750003154506153
0.2611568736528581	0.13017967103809697	0.06746692429966997	0.25613543040929715	0.2850611006000775
0.25686814963388027	0.13353351505747663	0.06912496321556794	0.2588278734345686	0.2816454986585063
0.2619821501255016	0.12677229794153172	0.06844524792384304	0.25922075433319225	0.28357954967593113
0.262235365995996	0.12599427366362195	0.06887174383606764	0.2645146813310501	0.27838393517326404
0.26444260656667506	0.12504505262785176	0.06753978418934173	0.2652461388304864	0.2777264177856448
0.25556950478035334	0.1327469694200962	0.06904816342974082	0.26427570036132936	0.27835966200848006
0.26487798230881315	0.1303467025654989	0.06837492438346263	0.25599410379176435	0.28040628695046077
0.2515650403037395	0.13768261008550872	0.06821322285596182	0.25726591365924906	0.28527321309554066
0.2661409862538745	0.12628909169963676	0.06759017380833385	0.25931340232743183	0.2806663459107228
0.26518021190968044	0.12745821827446238	0.0677558630743417	0.25890109993999655	0.28070460680151865
0.2530850596817782	0.1334921525683512	0.06881382508322093	0.2671070430060377	0.2775019196606118
0.2640730139317896	0.1283679038550058	0.06834372144075171	0.2545194079955884	0.28469595277686416
0.2657387040639392	0.128671326299222	0.06737876087994663	0.26162643137631325	0.27658477738057863
0.2524112429821998	0.1343968093837088	0.06890078659715285	0.26207080281702977	0.28222035821990854
0.2652032689535472	0.12671270557625236	0.06904013507257087	0.25895920889803964	0.28008468149958976
0.25527034887018607	0.13046672254727598	0.0688408772998689	0.2649999539639182	0.2804220973187506
0.2575401287883849	0.13587266990507077	0.06831198729249369	0.2596972102855541	0.27857800372849634
0.2515236135623294	0.13713066780967986	0.0686303903464113	0.2580304516833946	0.28468487659818464
0.26611365582152935	0.1278430885899417	0.06866286200800328	0.26076814427802747	0.2766122493024979
0.25859141886965376	0.1258616085533128	0.0685093643202754	0.2618273125596801	0.2852102956970776
0.25596846190127903	0.13094235455300746	0.06713727605769071	0.2606893612052246	0.28526254628279796
0.25617265911449644	0.12914957269921573	0.06749122137950822	0.2626219034376934	0.28456464336908593
0.2567672742483851	0.1348422734390462	0.06918221249578393	0.2561813118628286	0.2830269279539559
0.2614749475027796	0.12955358530183023	0.06784123359320726	0.25573077118883103	0.28539946241335157
0.25283592515308995	0.13685985076684892	0.06707801153643167	0.2616728440735408	0.28155336847008844
0.25286388847333174	0.1296883114756317	0.0676198013374569	0.2654852319242441	0.28434276678933523
0.25505495241190324	0.1281054896724616	0.06879414833209782	0.2636882242615416	0.2843571853219955
0.25771869769687206	0.12582172282489107	0.0674692275887781	0.26608681903347	0.28290353285598857
0.26279655341835556	0.1317997891068358	0.06781042683167018	0.25942451318976956	0.27816871745336863
0.2638071744666292	0.1268985508912599	0.06762638171464255	0.26023569220558834	0.28143220072187974
0.2623484124788967	0.13326591983738567	0.067464404259199	0.2558215437346681	0.28109971968985026
0.25160706989976706	0.13731680679735703	0.0689230752330546	0.26506214745025547	0.2770909006195656
0.25879258939278293	0.13243853469512223	0.06894291383493137	0.26184744935082155	0.27797851272634166
0.2524436599340917	0.13517918332110063	0.06829517994144998	0.2669864956050842	0.27709548119827326
0.2592505720258143	0.1369545120595672	0.06862310925578569	0.25395417710589063	0.28121762955294194
0.25205774234590783	0.12726986477218	0.06873762381660617	0.2665230539174975	0.2854117151478083
0.261425802752964	0.13585973240252602	0.06744784826406827	0.25806617236135976	0.27720044421908163
0.25987795349464793	0.13389943342683003	0.068282226511517	0.25778173784939956	0.2801586487176052
0.25474503620413147	0.13488188270774115	0.06921066575041063	0.25847465982470585	0.2826877555130106
0.2588171097718546	0.12860930729165929	0.06816827992224472	0.2641869703438368	0.28021833267040436
0.25973045321295146	0.13454114308700652	0.06718043794666995	0.25957653517718543	0.27897143057618634
0.2652588894555127	0.1272215054412262	0.0682913115973997	0.2545312681289794	0.28469702537688174
0.25451231666728924	0.13498261896256392	0.06853067060068482	0.25677520555050287	0.28519918821895895
0.26594456406692424	0.12990487608848528	0.06835543093608487	0.25591829464753546	0.2798768342609699
0.25328834901372216	0.13544815603417185	0.06758915259865497	0.2629364661543397	0.28073787619911106
0.2655980009820357	0.1315622087521418	0.06742137904266474	0.2544646897098902	0.28095372151326725
0.2605870348566485	0.12897384036005766	0.06888868025443101	0.2618395914940322	0.2797108530348304
0.25205548094507746	0.13087104403648017	0.0689278948683261	0.26298647538282205	0.285159104767294
0.2532367080541114	0.13585456739993915	0.06881771781532586	0.2652788570984411	0.27681214963218226
0.2581308327850446	0.12540733123122694	0.06918714071358026	0.2656334863877945	0.2816412088823534
0.26179599153936395	0.12657160368702436	0.06750316749857757	0.2599808846460504	0.28414835262898347
0.2627991164793858	0.13408042244690316	0.06720616445657512	0.2544638003458742	0.2814504962712615
0.2606179874941934	0.13227171131578985	0.06906750373165263	0.25468236236420005	0.28336043509416375
0.2517517273150564	0.13446538321969734	0.06916553749079762	0.26177695009787905	0.28284040187656934
0.2619138268195671	0.1311095074211712	0.06896965610227385	0.26102749771418116	0.2769795119428064
0.26606376129806525	0.1258871931344135	0.06887735081420779	0.2549057547699484	0.2842659399833648
0.25835039657721737	0.1352370460038062	0.06900863620062386	0.2591589190953628	0.2782450021229895
0.26468014863069167	0.12604905962070959	0.06849967707055385	0.25593515621202784	0.2848359584660168
0.2583303792668499	0.1317980486140663	0.06852748576281237	0.2615720365796921	0.27977204977657916
0.2622210836469961	0.13316897364855051	0.06709642813569958	0.2545700099733784	0.2829435045953751
0.25870523179159105	0.13250841599573557	0.06750786969146777	0.2637419905499683	0.27753649197123703
0.2508980571779784	0.13529294121348007	0.06896845106065999	0.26563048689953966	0.2792100636483416
0.25870086548247223	0.127286292333069	0.068589881763434	0.2603534510376327	0.2850695093833918
0.2656704544053098	0.12849205034829575	0.06745051396913751	0.25544686237811925	0.2829401188991374
0.26587606123018703	0.1289064386671917	0.06747775233683004	0.25840948150082055	0.2793302662649704
0.2610966351322046	0.13174894750823674	0.06864969999170917	0.2607330520814928	0.27777166528635655
0.2593386183985753	0.12611236136425952	0.06823081638900114	0.2627385347811513	0.2835796690670125
0.2564676691859336	0.13464004702951898	0.06845161232699426	0.26377304313396066	0.27666762832359226
0.2562317355615557	0.13623586542874078	0.06846425644332499	0.2616829259933042	0.277385216573074
0.2557942519820595	0.12735830094980777	0.06909291064432477	0.2641633455225726	0.2835911909012351
0.26354673902008663	0.13012537035873942	0.06786262015998368	0.26095527368218796	0.27750999677900207
0.25250813591773014	0.13253623057174568	0.06847308459832632	0.26505719549657014	0.28142535341562747
0.26003851323302807	0.12955663581741206	0.06884692048169991	0.2630017961339411	0.2785561343339186
0.2508649827551748	0.13738263577553303	0.06788792081492995	0.26068016431134255	0.2831842963430194
0.26140704974548257	0.13462552634207597	0.06872626553252661	0.2558585090086907	0.2793826493712239
0.2556523038518053	0.12947642204763604	0.06740984747499651	0.26312875034767164	0.2843326762778902
0.25832260327196976	0.1290697814733918	0.06802390547212059	0.2652487664503759	0.2793349433321417
0.2617256386332568	0.1298149209260519	0.06828302917352636	0.25710418451792194	0.28307222674924276
0.2664427016376534	0.12532325356563762	0.06881261123312413	0.25856845565053643	0.28085297791304814
0.2626127824964277	0.131347450414525	0.06718045228351821	0.2589141108395743	0.27994520396595457
0.25110693061750766	0.1376987244136736	0.06733569686950364	0.2599288825279733	0.2839297655713416
0.2534991980434105	0.1377506739657058	0.06822688923012496	0.26248147490951473	0.2780417638512438
0.26288524572524996	0.13301988108939888	0.06750453706427617	0.2584076598823949	0.27818267623867987
0.25927768070615054	0.1289036357737996	0.06779057209111577	0.2652599520846468	0.278768159344287
0.2559158654282535	0.12654222613057364	0.06825696956648225	0.26702725766378993	0.2822576812109004
0.2545667085994025	0.12881284964487577	0.06839691553377208	0.2629256703628708	0.28529785585907863
0.2579124761561855	0.1357528400784505	0.06831468059756712	0.26099110864740704	0.27702889452038953
0.2559148284587915	0.13556850089356864	0.06736886076683293	0.26082104936135403	0.28032676051945266
0.2615668919215489	0.1318098548677964	0.06704249352739966	0.2616568385945989	0.2779239210886559
0.26482459903794436	0.1257095748948116	0.06870908843116039	0.2638428059203938	0.2769139317156896
0.2597365802859485	0.1342229208295893	0.0676128426009795	0.2578961123710848	0.28053154391239765
0.25342866433711464	0.13768202563745482	0.06830476063551333	0.2562249705666334	0.28435957882328355
0.25270261771541036	0.13154625157932537	0.06919900013281327	0.2666875489039324	0.2798645816685183
0.2576211798033113	0.13075052503569173	0.06743992484796502	0.2634783267029098	0.2807100436101219
0.2597711153766408	0.1347003754243209	0.06789348996814795	0.2563280316261913	0.28130698760469874
0.2546921086484657	0.12586152704351145	0.06872341600109061	0.26524917632999	0.285473771976942
0.2661395432393767	0.1269590502525807	0.06855101394241278	0.2611265895436388	0.2772238030219907
0.2659611476180479	0.1306095773399486	0.06787346086481413	0.2590482600576181	0.27650755411957106
0.2633216326202096	0.12766451995903724	0.06912999439204423	0.26274073265232334	0.27714312037638533
0.2515960366380651	0.13449516453100113	0.0685293041264784	0.2650667912397837	0.28031270346467135
0.2590045792429404	0.12800189584803123	0.06807314423052188	0.2640932208949787	0.2808271597835275
0.2639798303598926	0.12990378820543155	0.0689784080498361	0.2596470723014907	0.27749090108334873
0.2662397061977174	0.12774567342422466	0.06812335562490784	0.26111307230557024	0.27677819244757956
0.2631133173344863	0.13595350229397463	0.06736184048861815	0.2569448154738701	0.27662652440905056
0.26655778525955176	0.12610597857568412	0.06761324685710171	0.25841132565542174	0.28131166365224036
0.2614072099822214	0.13264378077424893	0.0683584112225532	0.25653833800521103	0.2810522600157652
0.26426415619147225	0.127645377529754	0.0686570858202665	0.25894815687598244	0.2804852235825246
0.2584315835678854	0.12511952782693764	0.06835470731180981	0.26757217920613957	0.2805220020872273
0.2529816181747393	0.1348017148481196	0.0690659643870487	0.26502645495795146	0.27812424763214066
0.2601630949149105	0.13067477235269764	0.06874607235210087	0.256786098804841	0.28362996157544973
