0.02045097061244569	0.045547415832279864	0.1514824263117718	0.03179345020324187	0.11717135293707044	0.3799782032615434	0.2344390516875843	0.019137129154062474
0.0180982679610264	0.043045981854733684	0.13096692895474712	0.048878026204105335	0.11674065285748612	0.4005506874856485	0.2140573645420103	0.027662090140242304
0.023498319389918337	0.10073817759006676	0.13481376520070315	0.030038996342643884	0.11827409616107941	0.34403197707168276	0.22552679502419243	0.02307787321971308
0.025647000724875677	0.06601511755218112	0.15354666141361673	0.04035459759799273	0.0852752895367304	0.3709907151250077	0.23953852222123873	0.018632095828356676
0.016253068367624857	0.10278211325806622	0.12441222351417484	0.04868092937863318	0.10936401411623918	0.35420907584001027	0.21543249428011974	0.028866081245131556
0.01995824553885113	0.1737778496637451	0.16470453327063034	0.04746335002488805	0.10724783426169937	0.2743221751367044	0.19216719759257775	0.020358814510903683
0.01815490241552073	0.17867791218089785	0.10254592983920002	0.030864697499913718	0.08356080927152792	0.37777608135223417	0.19051374872284488	0.01790591871786054
0.025680858849860308	0.12331381389306095	0.14187162286482496	0.030501877363001625	0.12185638815610043	0.2959675880188108	0.2423682600450347	0.018439590809306045
0.016145661007467726	0.1673128902360978	0.15594730642160146	0.03397993404537086	0.10099123428586422	0.3140363014473439	0.19220104837936827	0.01938562417688558
0.02361532722693796	0.17244856484383572	0.1696639697207879	0.038227381171636404	0.10789279448295597	0.27699384712199093	0.1908206780200846	0.0203374374117703
0.01689818132038011	0.2108793273868917	0.12818617878650057	0.0470546018930684	0.09263111726652813	0.28819983604976396	0.18894453683760584	0.027206220459261146
0.023744309796834145	0.17043614392778586	0.13451662410874507	0.04396342734609003	0.12163709323976528	0.287985937820992	0.19979642668867892	0.01792003707110848
0.01842004424649074	0.2064967464524412	0.12459749487892739	0.03051446287142412	0.08948453042666571	0.28304801529460394	0.21897063629143773	0.02846806953800901
0.01979497953767209	0.14301691705091418	0.10658062718662112	0.045733775895711454	0.09780192272831309	0.3584177353802063	0.20409870160407942	0.024555340616482152
0.020200106982226046	0.12626847427409343	0.12240838463985788	0.033641165798694084	0.09860770217574488	0.33004904219088665	0.24259046051701857	0.026234663421478246
0.021276055111581538	0.16571381051261092	0.11923073650642688	0.036345102100085874	0.13230342306344053	0.2869704812078232	0.22011865822361745	0.01804173327441344
0.024385859504973573	0.14874954435421753	0.1416724629987407	0.0414353826849793	0.12640148815630117	0.2767784289255655	0.2164987966436891	0.024078036731532984
0.026391200209431254	0.14277178859838344	0.14322495525162135	0.04217779817010642	0.10447624931737656	0.2789383347443978	0.2450044678807105	0.017015205827972543
0.019910119112108576	0.1584973875969209	0.11541887208650674	0.04868398059979587	0.09869724670126252	0.3320305151962876	0.20157734396512167	0.025184534741995918
0.01936200741741645	0.17625563574980402	0.10387440010785699	0.04804900228845113	0.12319345746435814	0.2977536112161894	0.21227979167859184	0.019232094077331868
0.016183803712410696	0.15464648307685627	0.11793347881438764	0.0330590873791384	0.08056410137205697	0.332601356666909	0.23767543228509924	0.027336256693141547
0.024451594873180202	0.10730911943623105	0.11608051210208774	0.03103077168980338	0.08641339840104272	0.41233997897307617	0.20079052002233047	0.021584104502248125
0.019884866669115098	0.1131388750755631	0.15929240287384722	0.0350481350196753	0.12299139094614232	0.32229273002529957	0.20461191380576207	0.022739685584595132
0.021117571195100507	0.2102181252001778	0.10123468318057076	0.04680522875938488	0.10586495933858851	0.29134923142666014	0.20076362216953486	0.02264657872998238
0.018569080432111112	0.15711272133460205	0.11875186183534853	0.04110070028825516	0.11992054380528891	0.32236765067164597	0.2011959170829961	0.020981524549752023
0.021459629882405656	0.0690770498923768	0.16958490384495212	0.037885389432226774	0.10864674793009049	0.36714557751302973	0.20155608479074028	0.024644616714178003
0.02194280239795493	0.06980838387906245	0.11259160660122258	0.042045164440479024	0.0951856193753191	0.38964612030568757	0.23934315354658497	0.02943714945368918
0.02051516787252869	0.17027574640034865	0.10326777118676003	0.03258173668000765	0.12812476725001884	0.31495697048845017	0.21298881197552427	0.017289028146361435
0.02050915171617526	0.14009371454643296	0.1479541722885976	0.029629940324081866	0.12199399503523252	0.2825920952580897	0.23595277720878213	0.02127415362260779
0.01945594902229819	0.16755876157215768	0.16116307311439812	0.029152368427565342	0.12784286449311796	0.2773780138366567	0.19955714277697845	0.01789182675682735
0.024508591989674533	0.14990178261094259	0.13770003825523378	0.03037514141516938	0.13483454410859824	0.28092203747744515	0.21593654593569797	0.02582131820723818
0.026327915195685225	0.14578910921410954	0.14074254613270915	0.043275721196413514	0.09139837957383226	0.3453608567156401	0.18959158270316656	0.017513889268443425
0.017211200818657	0.12772112505996006	0.13368875315959183	0.034054320893340276	0.09978780756281366	0.3322977759630673	0.22824485384671883	0.026994162695850824
0.018467711020796	0.12835482915229732	0.14848432019691177	0.039224448589809585	0.08519376512373532	0.33785527234086343	0.2207463826648853	0.021673270910701092
0.024283025784208656	0.07125381449959983	0.1454365244791007	0.045465664176891185	0.08495436495199732	0.3595239503286131	0.24210629090761784	0.026976364871971206
0.01780151524733567	0.048273108539171064	0.17283572208251688	0.047974939820994975	0.11348810114266095	0.36720603426664256	0.2152694801178881	0.017151098782789642
0.02402142397956525	0.0486133962676919	0.16992027001620488	0.04621658780052701	0.1301304487662578	0.34013913048520694	0.21660681367559126	0.024351929008954762
0.025430291691215023	0.07421532372637996	0.1632490309190674	0.04419519409252305	0.11322503747825781	0.36221823367831263	0.1925886277095977	0.024878260704646257
0.020229778338225812	0.1246080071876989	0.12820874919126724	0.0373960228526323	0.13062328855596683	0.2969164179073801	0.24086158634324567	0.02115614962358299
0.021517134622343864	0.19520193907744948	0.149228271487196	0.043985368245987394	0.08472076804919759	0.2851673472462736	0.19254519428072786	0.02763397699082404
0.020292348619121436	0.1595449622236097	0.13275286401504444	0.04508141614676427	0.07845407548782107	0.3237565902287314	0.21098142250698487	0.029136320771922644
0.020027841710916386	0.09839413565070074	0.15128347972815964	0.04648449493294819	0.12297266644744431	0.3419573416421348	0.20092103890100327	0.017959000986692494
0.024793908368082818	0.03351516725295832	0.164192002491712	0.03427639571546781	0.11744790127109121	0.362510297048829	0.23744951444112655	0.025814813410732163
0.021318515407604377	0.09071359598625145	0.1497907465151628	0.03669706906706992	0.09528650895643279	0.36907058082267885	0.2166757281560407	0.02044725508875893
0.02040853569067194	0.09132489870160315	0.14175679556507403	0.04076468275778555	0.11675325463036001	0.3751136417771763	0.18935077506603212	0.024527415811296638
0.023796846368624308	0.05458794120767696	0.14294529963508118	0.04827085596482321	0.11785294343938417	0.37945075894387215	0.2071389103841919	0.025956444056345937
0.018978996046742524	0.07626284697165803	0.1354148245681745	0.029125297525575564	0.13046786179775244	0.3555837827028392	0.22914852922769247	0.025017861159565113
0.022795791558427286	0.1289329920156468	0.15365782496959832	0.045453287367609715	0.1273482464326731	0.2794536296699992	0.22086872151799852	0.0214895064680469
0.02261208530729572	0.1587915900456235	0.10510964287970215	0.03470885758371285	0.1301310555173759	0.29106220821638495	0.23921252962538692	0.018372030824517896
0.022029932692142484	0.19576094726447585	0.10322416572360352	0.032091387277406805	0.12213467899316027	0.30937334646379616	0.19811600641783078	0.017269535167583894
0.025449825802819792	0.16758757029387	0.15010601207791222	0.04643694194235988	0.08315608213892285	0.2838220382680652	0.22291877122884432	0.020522758247205536
0.018837659208200075	0.08740229378593145	0.13068649783129108	0.031790708163018294	0.11059853902468164	0.38068407486112543	0.21475122582585454	0.025249001299897267
0.02679291182423564	0.07207927850820318	0.1265842964582121	0.040923212049838426	0.1260140166447661	0.33547798124762934	0.24571419398425165	0.02641410928286339
0.022587405474436953	0.20634522975414699	0.11254707017008758	0.03115336656676046	0.13139440673020233	0.28234147256760533	0.19627559695712243	0.017355451779637737
0.02209884849206055	0.16633122660856847	0.15473412262649217	0.04463451813471053	0.08192820127030491	0.3065537494898706	0.2018179400891482	0.02190139328884444
0.01727627763485691	0.14945876425436516	0.15385766866867268	0.040628444188035115	0.10365303414735273	0.28738962396879003	0.22201243992494052	0.025723747212986703
0.01994543126167142	0.19054538876556568	0.11887415849318171	0.04004153537652498	0.12008345875012628	0.279316879546349	0.21397094522303275	0.017222202583547966
0.01681851505446763	0.1213565391314056	0.16608624115586884	0.04894018844305159	0.08283359193772587	0.3431583185703396	0.19649055106220126	0.024316054644939356
0.02166116137089065	0.08810697380885824	0.1446783394905835	0.042093521758435753	0.09929510923551414	0.34433267427109554	0.23301879164851996	0.026813428416102028
0.019650260003624465	0.05530435387786474	0.16750333285583177	0.03631125684352168	0.13506899731862448	0.3254163928970185	0.23662742519168087	0.024117981011833295
0.026236335365620464	0.07236420365763649	0.14915012789204257	0.030136274303539795	0.11821346665691075	0.3588032380215712	0.22418640800129558	0.020909946101382942
0.018444820370072626	0.186835642266565	0.12612966943514015	0.03857756324499015	0.09331470867702014	0.3203919074723559	0.19914912339690577	0.01715656513695009
0.019610568939483514	0.07244225650547984	0.14356977473146887	0.045887569149044974	0.11814092151896273	0.36411805388988017	0.2175983157841356	0.018632539481544183
0.02594358020647182	0.08276009100945025	0.12143338879674907	0.03875650956485217	0.09173370079101684	0.36967889360967	0.2409425397436864	0.0287512962781033
0.020417465184606326	0.11023028454710875	0.10949619391290352	0.04037989572348864	0.1229569802203327	0.3302869568131803	0.24262370135710593	0.023608522241273605
0.021942811905279552	0.1516619910004653	0.1397030235208268	0.03725077095150793	0.086847559725058	0.32704924742712316	0.21805754135786673	0.01748705411187229
0.01638066337939345	0.13523193966339297	0.14764051500343184	0.04603536354358183	0.08437687532141117	0.3029707615737531	0.24382502940324363	0.023538852111791853
0.02150563304749452	0.14083633750984575	0.11457131441304878	0.03262487870102064	0.11196760521458657	0.34355946372000945	0.21101591203818404	0.023918855355810065
0.02618439761906599	0.0408991192103067	0.1706877638311339	0.028786277724074175	0.13502711912629858	0.37532173302892535	0.19692248274874205	0.02617110671145309
0.018350814580269117	0.17521054405483655	0.13172495192753914	0.03344162682975978	0.11313571155091043	0.28650839241645965	0.220109371477423	0.021518587162802222
0.018201190054857	0.10926297914862201	0.14919978342735146	0.04292518348245088	0.1155506979643651	0.3070287175906226	0.22883635239264377	0.028995095939086973
0.016813990516628588	0.13333542253077757	0.1473056300577819	0.03166193475549145	0.07908389875572866	0.367508761216208	0.20015446274925208	0.02413589941813153
0.01739252790592534	0.09667913978728443	0.13430526967023138	0.0420472171177806	0.0809320569992018	0.4013931819940565	0.20728104430497113	0.019969562220548687
0.023826052306550688	0.05100638534137608	0.1425049781480759	0.03889775370202486	0.10634678611571526	0.37591150292377407	0.23324269063707606	0.028263850825406805
0.01786610721881013	0.07177946593891665	0.13222586250394472	0.03450707562612765	0.12676982768507603	0.37044006950485064	0.21835616619328577	0.028055425328988248
0.024142673990051836	0.11165083955822584	0.12798267700166524	0.039979443995011216	0.13300792965985359	0.3076375143915455	0.22596787701255727	0.029631044391089267
0.016483378923227626	0.1816776330847421	0.1273501453124834	0.03838052106128598	0.09240186396456547	0.33250401365315096	0.1899458051672981	0.021256638833246147
0.018082147358316217	0.21821258855706865	0.12406321262843478	0.04209721879722626	0.09428087268776528	0.28459806887375844	0.1947141287210899	0.02395176237634028
0.020667884961415306	0.2256833962349299	0.13573049764765105	0.03766376545177884	0.09437591272913184	0.27213117156692923	0.19438308554634723	0.019364285861816405
0.0240718359550513	0.19094585287836008	0.11476837977239855	0.04556224112095139	0.10996940058470905	0.29355859434575826	0.19759661598569023	0.023527079357080982
0.016829574831684194	0.19664811929080772	0.1055868361578744	0.041878614956338184	0.12635260482578084	0.28975944500770145	0.1983263436855861	0.024618461244226897
0.02203549378749814	0.10960418960469309	0.1437193054197115	0.04673792240930337	0.13309036434393062	0.2732009990964748	0.24576726711183705	0.025844458226551306
0.020334736783552562	0.13292583742566572	0.1582856545377777	0.04573074225113993	0.09316916314072238	0.29341509979299907	0.22967664336212695	0.0264621227060155
0.018288797005609314	0.09372423301197717	0.15907461934622508	0.046795996093896675	0.09110765570218088	0.340467610251022	0.2227722148309767	0.02776887375811199
0.02456446764944624	0.13677071734053903	0.16672146129344045	0.044710727520547	0.08904477768294614	0.32341107019833304	0.1927860529955347	0.021990725319213256
0.018256893792471432	0.09477154350111665	0.16313312051052659	0.036669991316893635	0.10434412221195125	0.3475071532135127	0.21436354243059652	0.020953633022931017
0.02097213239774448	0.14268580166376066	0.11508604296300402	0.04549307887304213	0.10025642405174293	0.36496204974342966	0.19265751971376815	0.01788695059350777
0.020816636441229983	0.0824402404493351	0.17572753919343043	0.04228396377559179	0.0853250822698069	0.38257795545047535	0.1877706412548599	0.02305794116527035
0.02640667998333021	0.032961947534308686	0.13663885246954235	0.04067502116843033	0.11401676330902016	0.3886322693198574	0.23848207565355137	0.022186390561959382
0.022596653717144116	0.07046101965659474	0.11672033514756633	0.037892160297491	0.12391316446858223	0.36700095733543003	0.23588347578109137	0.025532233596099962
0.022532930398434126	0.08669940440512665	0.149524631192892	0.0385140497804813	0.13435562425638495	0.33690735209319894	0.20790823181487814	0.023557776058603708
0.023711894564185015	0.06909211952602844	0.10219096563565243	0.042031938847952297	0.10302749682566435	0.3977006429388873	0.24013741443975528	0.02210752722187466
0.019544536343551328	0.06429119932576052	0.13082998663279383	0.033795002411295516	0.12268768404342859	0.38680752281543485	0.2126343635181149	0.029409704909620388
0.023200539655163693	0.16507477377487811	0.1516112026317104	0.028919382865644286	0.08229264278065972	0.2844138343778517	0.2378843944008141	0.02660322951327769
0.019227358405752293	0.1644679397976234	0.1555477055371627	0.03254306761761348	0.07939983480157912	0.33146622101258316	0.19594659315911697	0.021401279668568668
0.02096557805561068	0.17407028150237155	0.1432515349348613	0.033231101983524136	0.10817750741425439	0.2937667568946953	0.20491338772844306	0.021623851486239395
0.017565738797633068	0.11440801838830789	0.11924098960127207	0.038940673970973616	0.13336134467650612	0.3546975731763978	0.19459451284996535	0.027191148538943943
0.016312602940609294	0.18962650703823386	0.11696534631732478	0.036548116549706605	0.09287139902427209	0.3384708619522431	0.1902404434298966	0.018964722747713533
0.01872974836653421	0.12706041848517788	0.13266169100849723	0.03404302077614643	0.10122577994787517	0.34296687528159164	0.22389822729463804	0.019414238839539175
0.021659770173670254	0.18868880727430648	0.14231043883302158	0.029928326527496246	0.09952719281279529	0.27482283297648813	0.2219078973926143	0.021154734009607448
0.018861252913811966	0.13652619457016021	0.17051893578904193	0.04234220250271685	0.12228152223856781	0.28724680989932133	0.20317831334565992	0.019044768740719767
0.02624995369777064	0.08709253956828775	0.17021732597011188	0.03607112972306213	0.13572334743748654	0.30401495126264866	0.21384975865493927	0.026780993685693033
0.02092350382300094	0.14594854140803143	0.11832770108419635	0.033458762430439284	0.09264689203811308	0.3504593078328945	0.21815287220429283	0.02008241917903139
0.02315231728268627	0.19635663676578546	0.10953753706499045	0.041833087001448985	0.10924850278923103	0.3065271195088767	0.19055246568751968	0.022792333899461212
0.02352206730318203	0.057220836834929456	0.15442696720318372	0.038027243870145014	0.12017137451267892	0.342626695221492	0.24315879336492185	0.020846021689466823
0.019192024453653936	0.14608556645499965	0.16463771580078324	0.047194996582960336	0.08390412876573988	0.32608643000167714	0.19391155069023738	0.018987587249948285
0.020919548099049307	0.13754204774161624	0.13392636258466348	0.04459481709607106	0.12636427338898223	0.3163446476959473	0.193812881437246	0.026495421956424195
0.018343315032201213	0.06489149722337194	0.12700733079469106	0.044498064077327884	0.11903568430268816	0.40336793372068647	0.19906035223827273	0.023795822610760353
0.022074791077322714	0.07681420629164813	0.12210846805342067	0.0448028456712177	0.10751148571172742	0.36400426645920353	0.23308175424292638	0.029602182492533324
0.02233887966496706	0.07935363739533638	0.10238535658210718	0.036164100777651406	0.135824532436811	0.4101415503525456	0.1911000942443985	0.0226918485461826
0.025339310976692647	0.05691264381648349	0.15050925848113741	0.0348274367388217	0.11842691371899909	0.3812144451220304	0.2066079035720355	0.026162087573799522
0.025495394935186655	0.07458954342653644	0.13243227739573926	0.0460325353713819	0.09304134693333393	0.3714175440749221	0.23388232752124233	0.023109030341657177
0.019908916498550103	0.04770401398102957	0.1403327607790019	0.04046899793288582	0.12490541103980962	0.3826089113724186	0.222918711516905	0.021152276879399218
0.019442099207654967	0.16065621316598278	0.10184587278418986	0.043753412219122836	0.08729654380353274	0.35373592230444606	0.21127127699650158	0.021998659518569025
0.02153100192150828	0.04523022015561204	0.14467058978140862	0.031129792228102915	0.10135393726493629	0.3911075112962542	0.2427855606068453	0.022191386745332164
0.020997418852081243	0.042915347467129564	0.10911322205480747	0.041225515626305276	0.13315024206385082	0.39472746769469447	0.22928652025413257	0.028584265986998425
0.020148149118067518	0.039660040500425514	0.16256146778633807	0.03509379801430104	0.13012300938991442	0.39665152182424823	0.1900514095442051	0.025710603822499872
0.02502395057195865	0.06561926212252138	0.13844966382933926	0.03633436267917797	0.0843181544823817	0.39478346993275326	0.23397968844132794	0.021491447940539754
0.026291557949728817	0.11044038168382979	0.1127335483855634	0.04908450591208241	0.12897060369639687	0.3248040373183747	0.22452203828519957	0.02315332676882423
0.021989439524005172	0.162872429316	0.11692357764827417	0.045750248622454054	0.10533310318465873	0.28712725882153634	0.24292006500327193	0.01708387787979937
0.017513139708609543	0.19686763469485208	0.11076432117906967	0.043689015599577316	0.12031996600911314	0.2955140041482316	0.19019228562156126	0.0251396330389852
0.025567612460720687	0.1379571949897567	0.15010901788275685	0.04054630075653594	0.10503375160350442	0.29704357809698767	0.2193582207225196	0.02438432348721796
0.016286518384068915	0.045844181462567135	0.1431189480981348	0.03656641891047398	0.08523038068967276	0.4121846326788422	0.23991725765134703	0.020851662124893006
0.017041431619782416	0.07463708724906892	0.15040431651821282	0.04372781031924612	0.1271825009008429	0.3463568563802709	0.22341577188248019	0.017234225130095607
0.02532322730048743	0.143541582113568	0.11131506275226383	0.04697383552059682	0.0995576039475623	0.3210537005285452	0.22950085443467982	0.022734133402296436
0.017720229607477794	0.13696152058702976	0.15336246417158075	0.034182962804128095	0.13558258426637787	0.3000584201726655	0.20416294476762453	0.01796887362311557
0.026308430835960447	0.09294148624761256	0.1132534897870999	0.04508312772699802	0.11110249746533887	0.3683928211086503	0.2182583791434031	0.024659767684936634
0.020972816631561447	0.09788958533842777	0.1269289797395003	0.04862697353293857	0.08560850932721478	0.4040963186519757	0.19222055614997843	0.02365626062840276
0.018854312584962757	0.062264287451419556	0.1369375989108529	0.03758922693484962	0.11898866430900094	0.37067539876156985	0.22877645152582837	0.025914059521515848
0.025797566922853093	0.10223968925063875	0.16740151059195074	0.030562594149684874	0.12696615479354081	0.3278201368169874	0.19882832603065417	0.02038402144369003
0.021045068385684346	0.14486894318164428	0.1500854975791032	0.03928374071852313	0.07924563109952135	0.3476956645129412	0.18935601783412853	0.028419436688453842
0.026472145485510287	0.039956149477443956	0.1322398266360362	0.040138248266030074	0.1209088968770135	0.4023555858174259	0.21061511226210705	0.02731403517843277
0.01906365171126645	0.05134023295855193	0.1583649191268693	0.03283568945943205	0.07949576751475551	0.40051168091292955	0.22971588644830226	0.028672171867892726
0.022215854229490156	0.03862722475741584	0.14907993709157438	0.04865581430309113	0.132815351463079	0.3720056450418532	0.20816396295488665	0.028436210158609476
0.024333671680519225	0.10788660739364078	0.1040055301663604	0.04340142614957407	0.13094122007338932	0.33378723400410243	0.23037005673418226	0.025274253798231325
0.01695017679252034	0.06685940079039043	0.15204173331784399	0.03529796111306392	0.11558789197158276	0.36212418631437027	0.2336997387073309	0.01743891099289724
0.023087324513658913	0.07157111821347215	0.16804550848521607	0.03428788145228816	0.1311680097950427	0.33792620076651525	0.21549261812266973	0.01842133865113682
0.023797845658520375	0.06621033251823867	0.1520368402299019	0.04378448184474938	0.12560278191170776	0.35928215526606055	0.20189980726335827	0.027385755307462872
0.016876203718294278	0.07299036701241143	0.1554598939894619	0.0408760347740665	0.13382276642870267	0.31404807443961624	0.24017802798842675	0.02574863164902015
0.021988974303119968	0.0895395597585644	0.15625600759569297	0.028585185342736796	0.09122482696476225	0.37835809171765555	0.2076909026468938	0.02635645167057403
0.01634667499052235	0.08305782466149964	0.12298292637577957	0.03624722546201142	0.1297447589685904	0.37097002141953084	0.21511592087104336	0.02553464725102217
0.02607489099994062	0.08596779886915659	0.15877221605213404	0.04872224039729989	0.0979615704232959	0.3387973494081583	0.220744364661269	0.02295956918874542
0.024793751335364572	0.14095350232125292	0.15371244193076247	0.031067414003075472	0.1322730861898148	0.29660646279053593	0.20205216574795912	0.018541175681234506
0.02036428245367962	0.06963517576412259	0.1742220770731353	0.029865766000235244	0.08211943002996913	0.3545585623761707	0.245000962750453	0.02423374355223415
0.024686399772471543	0.06027524207530774	0.12793790280020806	0.04638460429711731	0.12347041491651733	0.3497398780596811	0.24741306990920214	0.02009248816949459
0.021262564239527534	0.18333694313631563	0.14431179005762107	0.04510604019294108	0.10050440267535697	0.2923223832149128	0.1901918905186262	0.022963985964698508
0.023120891748070693	0.1770778519533034	0.16731269846168997	0.036200753690076304	0.10378055950823036	0.2732444564534915	0.20132938624188026	0.017933401943257377
0.02076554143577493	0.07187457779413713	0.17512064547797568	0.039403576277054306	0.08284818178227135	0.3539709674699013	0.23110777615833414	0.02490873360455091
0.019020721721212955	0.08846281667203021	0.15681112306356684	0.04288261676797933	0.09344654479067266	0.35936417686667554	0.21615257639320581	0.023859423724656367
0.025684853785217718	0.1047220300178466	0.12087981176280232	0.03480642849607042	0.10802190705101167	0.3459426163316268	0.2344689966994316	0.025473355855992585
0.017588253297115858	0.12152962234492966	0.10546285984367496	0.04341198882693857	0.09202298644110493	0.35166210214635585	0.24758501613980705	0.020737170960072923
0.017518433318702106	0.05051170603052561	0.1444629441747176	0.04622329879611749	0.10669170152809776	0.3943055905007853	0.21311127819895487	0.027175047452099033
0.022267512042661974	0.050027335661198394	0.12347223430651234	0.030748134954051196	0.10823552305646506	0.3917172062285009	0.24695859425664207	0.026573459493967846
0.023386526894985077	0.05543673276292628	0.16764640637488265	0.031107428146130947	0.10852780941378266	0.3910861128678076	0.19693962901316764	0.025869354526316973
0.021594420361612618	0.11877245244722684	0.10885297057237081	0.03203368179476747	0.09429840724494862	0.3717642333399812	0.23521096755687446	0.017472866682217786
0.022603968620068415	0.11937215798291365	0.13154980558966653	0.02959665663235586	0.09474936324887465	0.3769705212194403	0.20414482744538082	0.02101269926129956
0.022434610689535187	0.11116644653929177	0.1474166709768198	0.04686202329359643	0.08469820532121305	0.3302565236075272	0.23370456340497647	0.023460956167039818
0.023203260176189927	0.08547039886272013	0.16517871941942056	0.032913860866127825	0.09016485901730562	0.3719622038153533	0.2133879182158912	0.017718779626991255
0.018500358891256327	0.0775533905857464	0.15618308868563008	0.044834695125846744	0.08203330697407785	0.40501621240437646	0.1945017300094111	0.021377217323654857
0.01959232000368913	0.09675268955429027	0.17077341453092199	0.03096803869374068	0.10943175732825906	0.31100202265333143	0.23972833875634664	0.021751418479420692
0.026532269583686596	0.03411774758985843	0.1578282417273923	0.03660342599880545	0.09191746662988526	0.3980679236534256	0.23190237655310128	0.023030548263844958
0.02449410604147932	0.07382293991657396	0.14971493973474662	0.04259368359760224	0.10962106002782049	0.3587340524290054	0.22353622808318402	0.017482990169587723
0.020143142324564822	0.047377189043204065	0.15668094048210607	0.03531961280658755	0.08663846115523283	0.38292600452185743	0.2432257961486212	0.027688853517825865
0.018600665909138128	0.051508837221759	0.1624582125974196	0.03798816969033683	0.1092502993254869	0.4034820977233946	0.19551283833340163	0.021198879199063075
0.023138155317551784	0.08782984195588789	0.1394604567470732	0.041500710590994624	0.08251788260496974	0.3672349038054705	0.23316024704125368	0.025157801936798355
0.023658405535264243	0.045716399434362454	0.14305407031455206	0.0495735694257317	0.12539320372182614	0.40096214485317183	0.18785339089555886	0.02378881581953249
0.02555767478912166	0.032864867912467496	0.17419300209078703	0.03581186408860228	0.11427265643792979	0.3749355621520164	0.21870286317305246	0.023661509356022667
0.023105313962086413	0.10833819665446603	0.108471118774676	0.0365528751762694	0.10557935723719482	0.3810669138884243	0.21501503939674405	0.02187118491013884
0.02099608461138043	0.13055687288726728	0.10948244757571196	0.03942462483164459	0.11162748873568097	0.36361204640852635	0.20020501323288203	0.024095421716906235
0.018637956775298115	0.032670689260633545	0.17357819762655372	0.03281756095722295	0.1284431860260084	0.360090554208508	0.224545513726222	0.02921634141955312
0.022837323748412422	0.04091889769998737	0.17388249699260624	0.03666333936050538	0.09499968780938836	0.39689489830771163	0.21056590559756427	0.023237450483824085
0.02281764700276767	0.08790196665862746	0.15299330732201383	0.04257311949630668	0.08867588617451905	0.38280754725909505	0.20165784175024137	0.020572684336428726
0.019462514776720424	0.09031328347464945	0.16328964925315562	0.044566673675303675	0.11639473759798216	0.3295471313972957	0.21416006254498154	0.022265947279911213
0.024145452725982133	0.09702549020987994	0.10228621028617761	0.03900475185149896	0.10962399923283113	0.4012845298738261	0.20491110201336543	0.021718463806438548
0.020461035254235246	0.06791673077633889	0.13042873325227913	0.029925410719044573	0.1152769636820528	0.38455701441973633	0.2334188751386844	0.018015236757628506
0.024017184787099716	0.08823078311281786	0.13855992848741486	0.04078852839730948	0.08888718021559983	0.3461195451057341	0.24561747491603725	0.027779374977986743
0.020153960196312493	0.08376315724196823	0.10126457248831848	0.029037545593169373	0.10407748463235647	0.4022390944222518	0.24026611192294384	0.01919807350267913
0.022432594148107027	0.16061110179572047	0.10514812532291891	0.04234924928087547	0.13612149663630216	0.2997508902380016	0.21349009359993631	0.020096448978137865
0.02264369053102505	0.15354479278641314	0.15709484045441485	0.047516907238068326	0.11210314495429281	0.27957393454926566	0.20133395321342318	0.02618873627309677
0.017378241320831003	0.11921052116902345	0.15546407690830097	0.03732932703391874	0.1085401162085369	0.2977003528312717	0.23785168069763404	0.02652568383048301
0.02213617709619793	0.14767199048226315	0.1687188623000867	0.04568669389715729	0.101289368049777	0.293386563632668	0.19260405669335046	0.028506287848499304
0.017396221672066975	0.15584176137354483	0.16480571795251223	0.04112916786334701	0.10492120105188937	0.29251165639531507	0.19449866530721138	0.028895608384112897
0.02582705540675817	0.10912973528540827	0.15966025225295163	0.04839329503050714	0.11487005142043401	0.28917870376896293	0.23541929210816614	0.017521614726811574
0.016933029577680336	0.1476945796059148	0.1270076952794696	0.03293252385941811	0.10110037698479846	0.30865783167112815	0.23985007352226506	0.02582388949932532
0.01623973558942793	0.17862339214560569	0.13300990322022116	0.03796975731902319	0.10725517711513252	0.2831701258804919	0.21778713878955497	0.025944769940542484
0.01639441121673646	0.19830431874825474	0.10311951826793328	0.030179017505480854	0.09012812701147495	0.31471372091355904	0.22804249937935211	0.01911838695720844
0.021525426882998328	0.15815908355890465	0.16637896436692273	0.04214969461067847	0.10045356851152072	0.28359912993512887	0.20995368005530402	0.017780452078542036
0.016621381539944288	0.17733341444103318	0.13540502504547536	0.030976561504049205	0.09717483981094033	0.33030134768307484	0.19226307459395753	0.019924355381525094
0.01903752683346807	0.19087338306221927	0.11442799095491354	0.03092561539196924	0.11202164958535002	0.30977747557407626	0.20215321826410249	0.020783140333900954
0.019219882902132848	0.1781945616399569	0.1757434948229759	0.03997594929967274	0.09884368673237641	0.2764671842470928	0.18670387063391514	0.024851369721877015
0.020611140095329356	0.1217834292423232	0.17387586776415484	0.044240850177540286	0.10766451167574856	0.3129968634455156	0.1974263807615811	0.021400956837806906
0.02143702622741739	0.08363580493694805	0.16940241184088115	0.03086233991685733	0.12152889698941412	0.3124181442118806	0.24176125626956096	0.0189541196070402
0.018768451826740765	0.08056247944500516	0.10318242194215968	0.02879918405285578	0.11776332733111051	0.3960904889396192	0.23081297703474377	0.024020669427764943
0.01655127911374296	0.07679249037259626	0.1547008116727586	0.03089260142444271	0.08294585260201807	0.36910542956675	0.24232065783187556	0.02669087741581562
0.020161871673974457	0.09743600879628897	0.1255550256119037	0.029863008570974833	0.10539319453667077	0.37539020787653365	0.22829611745848682	0.01790456547516661
0.020809047366810468	0.18144967347786428	0.12331630755918128	0.02990626772921376	0.10144498571214966	0.3112087055686276	0.20853332134495617	0.023331691241196578
0.0253670961448334	0.06638114451455066	0.14088129736696367	0.03679623767633608	0.11252075774275419	0.3587617526597603	0.23542031703718563	0.023871396857615856
0.020332193085100425	0.14319143510427054	0.16378327646676327	0.04867111448785841	0.0842130003810218	0.30697484906647776	0.2068361849278163	0.025997946480691272
0.020801284513951843	0.1008679664168982	0.1384182488739088	0.04749237882906926	0.12369685715437706	0.3645767157546125	0.18711117215076625	0.017035376306415953
0.02585120278294209	0.05940379671493827	0.1750554486341468	0.040979870113378156	0.08898076733704813	0.3789942918393501	0.20516756211784856	0.025567060460347707
0.02289393823834783	0.0898134308908872	0.16760095344249365	0.0435878905659199	0.1056428163901961	0.345517957343155	0.1957445938552106	0.029198419273789522
0.021747963633515555	0.15110966090862266	0.1579788488638894	0.034598938751107144	0.09904849934142425	0.3287768948336157	0.18698810908952013	0.01975108457830499
0.024395467046833125	0.14523800801760603	0.13553407030742867	0.04738883014361654	0.0798979036467118	0.31588071588862576	0.2346553764910216	0.017009628458156206
0.018950479525794692	0.07795343292669055	0.12380647047239932	0.03859366876200378	0.12280772693558818	0.3776243663007892	0.21225221784528642	0.02801163723144759
0.016498162114982312	0.11005848694305337	0.12393272881013506	0.04380669237667886	0.08047409022796263	0.41129068048535056	0.18827018996783354	0.025668969074003456
0.024449139382391447	0.06264508300738253	0.10951231325880308	0.04926305663697031	0.08771804053287618	0.4161406882971901	0.22624817999201824	0.024023498892367892
0.01985171629228999	0.10085497944924975	0.12270766014968397	0.04820146254023101	0.12371338009078711	0.37132268414681924	0.1909553810250077	0.022392736305931055
0.016944567218412587	0.15496167427410357	0.11669062991448517	0.039955715912633305	0.09862375822238037	0.3383404244445289	0.20925221484792172	0.025231015165534165
0.023157581757352802	0.07489340939874706	0.13537281089358671	0.03596163276753733	0.13509500386189469	0.3299057228706227	0.23982497127099678	0.025788867179261724
0.025162785931080886	0.12472373689866764	0.14927848057797252	0.03536821653064803	0.07939946774096734	0.346731664195185	0.21400215686870688	0.025333491256771534
0.021643947374679923	0.21921285885799463	0.1284577539784063	0.02970492646744473	0.08520130191198044	0.2970686755952979	0.18949275996721415	0.02921777584698168
0.02557123177653292	0.19081964662687428	0.12622305863251157	0.035811329309179574	0.1295418912182961	0.2735632193328195	0.18985949674915148	0.02861012635463428
0.026000927195103912	0.12203492360179649	0.13315311240577907	0.048450204894044016	0.09513686301989735	0.3093506865463018	0.2388023110928268	0.027070971244250328
0.019599920816020994	0.042992247293797914	0.17456823640751623	0.04775194756346175	0.10798721279760806	0.34369032600575355	0.2344146579453503	0.028995451170491016
0.019135320243251888	0.0380794536552308	0.12417673618407578	0.04887796177079334	0.10696739369839062	0.3930481142652088	0.24190611111281712	0.027808909070231355
0.02560825229225773	0.17160707758230576	0.10212717800810987	0.03323473577172065	0.1361970427001744	0.28232841865909575	0.22514585609039783	0.02375143889593781
0.026658594381816086	0.12219226004833032	0.14471686744815612	0.03036635945943164	0.07949945129860664	0.32833549518746313	0.24069661610658855	0.02753435606960733
0.016260092159648645	0.16901660758268477	0.1670599663461373	0.04785970041258014	0.0854063741894045	0.27864022700393437	0.21822331759245767	0.017533714713152404
0.02395679730638331	0.1396131958873078	0.11280348927472651	0.036704036206895344	0.10190349153245568	0.37322438794172996	0.1943887565771568	0.01740584527334446
0.023824376713684148	0.13066200198418276	0.10268885755367751	0.03147756617824325	0.09174152164905754	0.4048658948195215	0.19066663787300536	0.024073143228627664
0.02548084457433583	0.05053236968361009	0.14078289983357706	0.04740286719247497	0.094177116588805	0.406909564314488	0.20989935171128318	0.02481498610142563
0.01876543685820102	0.07553348731730386	0.1580276524199008	0.028932425210037624	0.10598339273480503	0.39839548683426473	0.19090953182313056	0.02345258680235611
0.01764816113491574	0.107443075257862	0.11075356725131774	0.036662550762760926	0.133883583854663	0.3600286702992952	0.2164491459865802	0.017131245452604985
0.024430985397628488	0.07447928842766492	0.11724217244448311	0.04044223482252268	0.10044445153579505	0.4119574507881666	0.21287045493927312	0.01813296164446583
0.022327575816757234	0.09881725232666486	0.11065965715517738	0.03614007468197908	0.09724672493985564	0.4023451489922203	0.21302297616130492	0.019440589926040433
0.01742631614252936	0.15601196345401627	0.13242555956693564	0.043881252063592474	0.11149353567808677	0.297309259104923	0.2212440455574639	0.02020806843245243
0.021858852028524722	0.11704896965496464	0.11030613269467658	0.03650124463972096	0.08541215245647832	0.3924524506166719	0.21816035036580766	0.018259847543155044
0.021647418867152213	0.09722509772133413	0.10066611355775112	0.032768826339505924	0.12950205429317244	0.3513072785228598	0.24267539254559867	0.024207818152625432
0.016424212202154426	0.15528479819236252	0.12621414239068257	0.04350123443204007	0.10542614867993756	0.3003621884368327	0.22591401321177507	0.02687326245421487
0.021613708553997954	0.11202788641229225	0.1324010612778268	0.036271024235283236	0.08102184038059194	0.352642564411344	0.24475750908262817	0.01926440564603546
0.022781260684620497	0.10110896025990197	0.14592021431175745	0.04261118186108849	0.09181266895216358	0.3280448595545641	0.24546292685517923	0.022257927520724488
0.025170914598729693	0.12310718880763187	0.10305039799291077	0.03832846340487665	0.13598923902669952	0.32102454665927976	0.2355360362382154	0.017793213271656116
0.023002407974179392	0.08216291087990035	0.1263047663023081	0.04009955348208755	0.09700117417032844	0.38279410930250923	0.21956668094947585	0.029068396939210928
0.016458573708409696	0.10148594144823689	0.14498991283250942	0.042403554585813796	0.09414621912637702	0.3587851971541949	0.22338935704134458	0.018341244103113524
0.02546152370244366	0.08859829022861149	0.13012776932033499	0.04166297103371548	0.09605872032388396	0.3783975437535755	0.22255865599772706	0.017134525639707673
0.021445611739189893	0.041843622963022575	0.1628682764300632	0.03283427669078198	0.10946594134903603	0.39034723475525046	0.21737711984747066	0.023817916225185073
0.019910647593121347	0.14052449888781282	0.15040512248460491	0.04354269954925494	0.12017794686054771	0.3154317102968816	0.1905000060717473	0.019507368256029167
0.026242226222276496	0.11838667180204612	0.12369777286440357	0.03843311836148701	0.09268284832663869	0.33914851401218615	0.23256752469766262	0.02884132371329913
0.02560374198597376	0.15964032990375096	0.13594241640938692	0.03164857938088836	0.11076855623502274	0.2972461045802841	0.21587226303872184	0.02327800846597114
0.01867935904097083	0.15797517641577508	0.1603862476548255	0.03831886828578912	0.11128704484023794	0.29926910523895284	0.19569988886843845	0.01838430965501002
0.02534409130211729	0.07795764320340576	0.12359660368430518	0.031588330789683206	0.126402711901747	0.3659314001409618	0.22019453566565045	0.028984683312129056
0.026357783290053782	0.1290342544541612	0.10730842225383547	0.03264220283793111	0.10745367311401083	0.3819370925886906	0.18799217580778194	0.027274395653534872
0.020114569824023945	0.245873281144948	0.12203316477253595	0.03703863420115143	0.08325279068107949	0.27494195619833484	0.19134071852960188	0.025404884648324244
0.024528116449916898	0.2048513227746387	0.10548995867468172	0.04864185668951963	0.10784257481745492	0.29195115262571236	0.19387609957278318	0.022818918395292404
0.023407832682211138	0.166574861001813	0.14109202300372198	0.028779506762280152	0.12249198805079146	0.2853906597764433	0.20647717230903057	0.025785956413708275
0.02199096623336741	0.2350589586997111	0.13135926169858958	0.035335616115396	0.08336531446989541	0.28285857526554326	0.18865006048151867	0.021381247035978365
0.022790910111964713	0.17111818423891945	0.1652438416278522	0.043973281944676465	0.09082642005815741	0.2938534678934682	0.19141602273629826	0.020777871388663077
0.018302015089912582	0.16147088474918525	0.12894790737083836	0.04664733600078065	0.08297437192014578	0.29838791207069487	0.24285601364579593	0.020413559152646366
0.020128895386431686	0.22295137064989518	0.10334012087609747	0.029505581804059933	0.10967922059366722	0.2911581963208557	0.19742463226700802	0.025811982101984654
