0.15597933854257198	0.6213249768851752	0.22269568457225292
0.20998810376484336	0.1431598343718871	0.6468520618632696
0.0438498814127497	0.053732372596076994	0.9024177459911734
0.05023263324574623	0.568939072319845	0.3808282944344089
0.2529653654957341	0.19548074549113884	0.5515538890131272
0.110692724273104	0.4112501047132291	0.478057171013667
0.07809103056939065	0.6705709209346924	0.25133804849591707
0.19412919866722048	0.459984161136234	0.34588664019654564
0.2304457531843874	0.5758423108637022	0.19371193595191055
0.1998385873856987	0.3101208682808214	0.49004054433348
0.11599853896624798	0.28821787723842784	0.5957835837953243
0.05021291442060338	0.35128308955157356	0.5985039960278231
0.09368014517503398	0.3184645727784081	0.587855282046558
0.24227356987008405	0.7040563483802447	0.05367008174967136
0.07571907271664435	0.41391593395313153	0.5103649933302243
0.08390225542625662	0.4443915853852508	0.47170615918849274
0.06212210302021237	0.5013271594114382	0.43655073756834956
0.1248542201584032	0.5111171748723292	0.3640286049692677
0.15856671994840982	0.3353078151963553	0.506125464855235
0.1748089827860671	0.19853866076168464	0.6266523564522484
0.09007610746784081	0.20741778584193693	0.7025061066902223
0.018267797606971614	0.5036446423535837	0.4780875600394447
0.16091596464722466	0.5710887901324223	0.2679952452203531
0.12760853194422847	0.6761309890602283	0.1962604789955433
0.21650469966990235	0.2452450567715991	0.5382502435584986
0.1821945471487046	0.31150870372710526	0.5062967491241903
0.12373174576415474	0.5333292612772176	0.34293899295862773
0.13346003005577006	0.3036567784333215	0.5628831915109085
0.2549114496018484	0.3782356450988627	0.366852905299289
0.08649025436250793	0.4583450121958726	0.4551647334416196
0.021723007980322562	0.4797161487112522	0.49856084330842537
0.17412234344298963	0.2608142062189059	0.5650634503381046
0.019772149153048257	0.5786228469451649	0.401605003901787
0.283109479933029	0.6639424734863427	0.052948046580628405
0.21731485284533333	0.49674377680203696	0.28594137035262984
0.14568324805127675	0.17171402909212247	0.682602722856601
0.013365475126398407	0.5089010023431695	0.4777335225304322
0.2632599358183691	0.17117780492615495	0.5655622592554761
0.1604840984119074	0.599849108864616	0.2396667927234768
0.2807968576019719	0.18219420184496404	0.5370089405530641
0.02647397353137415	0.16158325904312754	0.8119427674254984
0.14433131789962123	0.35302051441639964	0.5026481676839792
0.09946415429429994	0.42248605006656537	0.47804979563913486
0.0541286819079666	0.6332704524148325	0.3126008656772011
0.1748048148310944	0.6231871362443393	0.20200804892456642
0.05977090775307037	0.5312788890633093	0.40895020318362035
0.27118952902480215	0.39697856329219827	0.3318319076829997
0.1652801737735757	0.533954388532276	0.30076543769414843
0.04918082905940724	0.33288238973924067	0.6179367812013522
0.20656955687190653	0.3715202238760168	0.4219102192520767
0.2714323982699114	0.5512148511035289	0.17735275062655986
0.11699393496081359	0.20212779861447888	0.6808782664247076
0.26899764064814224	0.05542037803069472	0.6755819813211632
0.21164008753137448	0.10148102603835918	0.6868788864302665
0.07692550364706391	0.2581569546439586	0.6649175417089777
0.26674551674200864	0.28025777911349337	0.4529967041444981
0.27231192900413903	0.2664035795531432	0.4612844914427179
0.08526884518048292	0.08414593555552707	0.8305852192639902
0.017504264895567223	0.4928379373834105	0.48965779772102236
0.10263440782120253	0.40186160706724633	0.49550398511155125
0.14994322438405108	0.6905809413155967	0.1594758343003524
0.2707793966083765	0.4121602973955424	0.3170603059960812
0.24062249216589338	0.6292023913160465	0.1301751165180603
0.1453630177267731	0.6140803392414339	0.24055664303179308
0.12496956227420236	0.09384764892491249	0.7811827888008853
0.05583862598307299	0.5831513283233166	0.3610100456936105
0.2800309927622249	0.03835361697600137	0.6816153902617739
0.22523378926266335	0.42379225400914966	0.3509739567281871
0.03129718116249269	0.03981967692124144	0.928883141916266
0.24403099030984648	0.25958533782484117	0.49638367186531246
0.13860598891596282	0.05603917795353269	0.8053548331305046
0.04303436348756401	0.38581770310220953	0.5711479334102266
0.25988800710264903	0.6332800450224114	0.10683194787493971
0.02090431256263675	0.3569376178314994	0.622158069605864
0.19702598354759293	0.3321958981400337	0.47077811831237354
0.09123618270046929	0.18114021568151953	0.7276236016180113
0.031345682702551	0.41115761476352175	0.5574967025339275
0.1363891588847071	0.33907365079670965	0.5245371903185834
0.10151545364089307	0.3603498269742993	0.5381347193848078
0.02793305336492502	0.35953832497549	0.6125286216595851
0.16282834158466522	0.5921016641942729	0.24506999422106193
0.1839897108935954	0.5157372092021648	0.3002730799042399
0.11019827899819379	0.7013869617375071	0.1884147592642992
0.24776200993341604	0.05417248232521904	0.6980655077413651
0.26298025811154585	0.34039454503445155	0.39662519685400277
0.14550450730106052	0.29771990231685297	0.5567755903820866
0.08628605757921876	0.44372664486554037	0.46998729755524093
0.07908412766066075	0.3555766947993585	0.5653391775399809
0.2363875779551502	0.23363920209866257	0.5299732199461873
0.015627978219275973	0.37780467369572174	0.6065673480850025
0.1687825902540463	0.17347488721993248	0.6577425225260213
0.1904499699075887	0.18342738998450875	0.6261226401079028
0.1380567311194918	0.3099849467050686	0.5519583221754397
0.06559686471405635	0.11657716886486677	0.817825966421077
0.06006390328909783	0.11744384005112135	0.822492256659781
0.038407848387803534	0.2686207513649703	0.6929714002472263
0.08788939597008488	0.060058168874046414	0.8520524351558688
0.2599804295945555	0.702282526024589	0.03773704438085568
0.04843401519646062	0.1877666139944263	0.7637993708091133
0.13212962556781865	0.40339320221012814	0.4644771722220533
0.049517613964905505	0.560994819478834	0.3894875665562606
0.269265168931792	0.2832641773531084	0.44747065371509975
0.0628863418454258	0.6019838861940491	0.3351297719605253
0.2699866604504231	0.04409874704069244	0.6859145925088845
0.01548560583338282	0.24069331002714855	0.7438210841394688
0.15343019386832416	0.30726447726622413	0.5393053288654518
0.2716422096767766	0.6139680023890316	0.11438978793419191
0.22674983927281644	0.37372573703238554	0.3995244236947981
0.08219913715631422	0.4901469567598099	0.42765390608387593
0.07273822915088035	0.12428909248663761	0.8029726783624822
0.2355266763140368	0.2570363936712279	0.5074369300147354
0.06607962129711797	0.3882770579498083	0.5456433207530739
0.20264665739012128	0.5788261032462455	0.21852723936363336
0.07955214257650334	0.7023876848908832	0.2180601725326135
0.1985004946070726	0.5755263411956562	0.22597316419727131
0.23871224567693347	0.5094605102134919	0.2518272441095747
0.16187797031008755	0.19896333520553133	0.6391586944843812
0.023130975476112536	0.5512950870858888	0.4255739374379988
0.08661158789308523	0.4844361170153149	0.42895229509160004
0.15286424980659602	0.4652315393583023	0.38190421083510173
0.08530508975755277	0.1257697032710961	0.7889252069713513
0.03218199399086208	0.6612082951189251	0.3066097108902129
0.16841746658143697	0.6759030761044482	0.155679457314115
0.01858804088955951	0.5240546558490231	0.45735730326141744
0.20011045536881708	0.5318297966371005	0.26805974799408255
0.1508249380029171	0.2757756672763505	0.5733993947207325
0.2772046669335241	0.144001001593361	0.578794331473115
0.16720318484636812	0.3056161357060649	0.5271806794475671
0.18872973259359394	0.2151318030335053	0.5961384643729009
0.020335404656033673	0.48508350832221825	0.49458108702174824
0.060193540591329975	0.5763392105280556	0.36346724888061455
0.06010905148334983	0.6495142027555784	0.290376745761072
0.14312821251514363	0.12869815732339385	0.7281736301614626
0.21256884029567652	0.4931353581247203	0.29429580157960333
0.24987709301295732	0.1695483745701743	0.5805745324168685
0.1822350475662352	0.6193562922855893	0.19840866014817565
0.2548064160649167	0.5028662825568314	0.24232730137825204
0.1621164749264822	0.6773695181161996	0.16051400695731827
0.20471247248608723	0.3715169077406696	0.4237706197732433
0.20525495361565968	0.28356347335047444	0.511181573033866
0.11112500771511155	0.5725537528650562	0.31632123941983237
0.21057508894540478	0.11276192462959955	0.6766629864249958
0.12354646421514126	0.153308293166133	0.7231452426187259
0.27818899598367536	0.39508255131201786	0.3267284527043069
0.17341033376228665	0.1110795006194909	0.7155101656182226
0.16566715515191777	0.35892449872641646	0.4754083461216658
0.08759817463101655	0.5527373137630032	0.35966451160598045
0.27931531203685356	0.18141681560412853	0.5392678723590181
0.2354864634897837	0.2756092751677205	0.4889042613424959
0.13278268083670508	0.44889295494522774	0.4183243642180673
0.25566034461162435	0.6560885680057577	0.08825108738261817
0.1783750899130772	0.0939691212917606	0.7276557887951624
0.22501975243298164	0.17284101891430648	0.6021392286527121
0.22546118366293436	0.04225567597068103	0.7322831403663848
0.21807018869547223	0.6865624082832045	0.0953674030213233
0.2053337943638067	0.4485879750356467	0.3460782306005467
0.06297059313524483	0.30242587323739273	0.6346035336273625
0.16400791120853841	0.4748876948880019	0.3611043939034598
0.15511234118792144	0.42399721407922114	0.4208904447328575
0.05269713553510463	0.2534904338930117	0.6938124305718838
0.26229086250722866	0.38713586300468344	0.350573274488088
0.2738091460356693	0.19854962864973774	0.527641225314593
0.15086149593002093	0.44427062158084857	0.4048678824891306
0.013791015351861724	0.41752881107308726	0.5686801735750512
0.23439297866278982	0.5312482274167788	0.23435879392043155
0.13926464543727674	0.42700923645104577	0.4337261181116776
0.06328501843652751	0.3828010466306171	0.5539139349328555
0.215098189400623	0.1676409728235692	0.617260837775808
0.2500288942653916	0.6411701118225754	0.10880099391203299
0.1701502814215602	0.5457679610509152	0.28408175752752485
0.06968313272742344	0.050739839555122956	0.8795770277174537
0.28056844461906366	0.4010904563440898	0.3183410990368467
0.190473887897748	0.6640637473343629	0.1454623647678892
0.04419611100182985	0.11200357393907623	0.843800315059094
0.16175567627852372	0.14269890427639745	0.695545419445079
0.2641921233626914	0.29227405783588134	0.44353381880142734
0.20245045210990947	0.4980641907316227	0.2994853571584679
0.15151005221303115	0.10238660438109176	0.7461033434058771
0.1446716243854858	0.6081084837087521	0.24721989190576218
0.16621206179311232	0.5035804164309579	0.33020752177592994
0.15580572454962213	0.36426278464417344	0.47993149080620456
0.040468405043618816	0.0480110236343943	0.911520571321987
0.05689438399718305	0.6834523461125027	0.2596532698903144
0.09972474069162715	0.4039344574350742	0.49634080187329876
0.20406717401025468	0.12439934343618064	0.6715334825535648
0.049127046889899995	0.3869544140501029	0.5639185390599972
0.21769636056187128	0.3992277638676971	0.38307587557043177
0.021551337955894923	0.1983965114807849	0.7800521505633203
0.019599680718176415	0.5164809447673617	0.4639193745144621
0.1250070058785957	0.5023345984378901	0.37265839568351433
0.2119094502450139	0.6982436311090943	0.089846918645892
0.061168343173048756	0.5890571910618956	0.3497744657650558
0.042252627494296646	0.3525001267202985	0.605247245785405
0.2829397220179607	0.04895309533568731	0.668107182646352
0.2287907147619772	0.18449791925874517	0.5867113659792778
0.22964043098031228	0.05000758984766751	0.7203519791720203
0.050885138311799305	0.565407169777002	0.3837076919111988
0.0763893274249447	0.0504265331934034	0.8731841393816521
0.26936493825638097	0.4276738975080024	0.30296116423561675
0.08507627088685404	0.06535552130364619	0.8495682078094998
0.17935190124861386	0.1464000562838583	0.6742480424675279
0.18920781596107045	0.3543502004934075	0.4564419835455222
0.1800648579768904	0.5647790735075078	0.2551560685156019
0.24285284758507064	0.052803223734879334	0.7043439286800501
0.15281780596751393	0.35786602379105825	0.48931617024142793
0.2654212818062205	0.41638545824490925	0.3181932599488704
0.07080179652078733	0.48481163789381587	0.4443865655853969
0.25616130970030343	0.21910887230335876	0.524729817996338
0.06620139488830867	0.23004480333876448	0.703753801772927
0.10089215683986391	0.38418599155370964	0.5149218516064266
0.1091411862295211	0.5951558123593857	0.2957030014110933
0.04203078566452206	0.28080900323943125	0.6771602110960468
0.08087869882142618	0.33295070057637716	0.5861706006021967
0.08307104537756527	0.10071183587140456	0.8162171187510303
0.023764781382179856	0.3137303711722876	0.6625048474455326
0.20366756793414462	0.19021863473007997	0.6061137973357755
0.157970615936985	0.5558861211562891	0.286143262906726
0.08999043719574676	0.6147759471199941	0.29523361568425927
0.17620377453634	0.17034707861125667	0.6534491468524034
0.1278621021140286	0.26035577685397676	0.6117821210319947
0.1938562282446323	0.06476763738494751	0.7413761343704204
0.1565435977131545	0.25378488695456014	0.5896715153322856
0.024466387647736232	0.6545506150485872	0.3209829973036767
0.17012642340049383	0.3189782137376624	0.5108953628618439
0.2115444451602816	0.5066085430596006	0.281847011780118
0.25760700475450693	0.1684001890081564	0.5739928062373367
0.21552033238615836	0.6103161758615714	0.1741634917522704
0.26412707953661446	0.6722581597046826	0.06361476075870309
0.04845497527191012	0.6108239085407678	0.3407211161873222
0.2618017324725489	0.6851753677790087	0.05302289974844254
0.2633777497966671	0.5532921940040942	0.1833300561992387
0.26496433094765415	0.6227097097972352	0.1123259592551108
0.26837288452951724	0.10031994576881836	0.6313071697016645
0.12500235315937427	0.6046206907840039	0.2703769560566219
0.2639695629382055	0.18767843665298695	0.5483520004088077
0.16429395795456447	0.40257513989616944	0.4331309021492662
0.07961865315752586	0.5541925618581376	0.3661887849843366
0.15100171088216735	0.706189683636715	0.14280860548111785
0.047631554132618714	0.33792480267375546	0.614443643193626
0.15051090439522358	0.06597610083784211	0.7835129947669344
0.14492326244578585	0.26535479590631617	0.589721941647898
0.19753792965056122	0.6449406008445383	0.15752146950490056
0.1772783434414798	0.13986395695320286	0.6828576996053175
0.18103514016271355	0.49701848521575637	0.3219463746215302
0.1930115965497212	0.3142675250392237	0.49272087841105516
0.13968350799698473	0.6645174791991452	0.1957990128038702
0.10254363840088401	0.6611117920096005	0.23634456958951566
0.22124030996141048	0.5555923311768466	0.223167358861743
0.12033205461090901	0.040945988230795705	0.8387219571582955
0.20866593625168547	0.05645950681707951	0.7348745569312352
0.17143479713201332	0.27730223224379497	0.5512629706241918
0.16420557794345841	0.16717679903060995	0.6686176230259318
0.2728434183532144	0.3259692669662729	0.4011873146805128
0.049932801231548696	0.20765473322746958	0.7424124655409818
0.1745394819892635	0.23175808269385145	0.5937024353168852
0.08834231117398011	0.03940902034414834	0.8722486684818717
0.07475504603536753	0.11526396336874115	0.8099809905958915
0.24088640819071772	0.4585754591220369	0.30053813268724544
0.11585204593567827	0.4121565740072595	0.4719913800570623
0.060282969065055036	0.6889720254664112	0.25074500546853384
0.14783649292335638	0.2539581146548286	0.5982053924218151
0.06617821141491559	0.5728228956144457	0.3609988929706388
0.2373846667497009	0.309171116749979	0.4534442165003202
0.11229153511262768	0.16888873957851977	0.7188197253088526
0.0826856437673461	0.4794768094380607	0.4378375467945933
0.26797255920271135	0.38516338930986427	0.3468640514874245
0.11625759922411064	0.2906722750470538	0.5930701257288357
0.21099559893630737	0.4815559136820597	0.30744848738163305
0.24726676666629627	0.1389031806142756	0.6138300527194283
0.05437646936644547	0.5087662111326582	0.43685731950089646
0.07828107131843298	0.43067045566535506	0.491048473016212
0.2501398941917299	0.303818864300354	0.44604124150791624
0.15279154018942132	0.6747025749305033	0.17250588488007546
0.07094328123240046	0.3285461051352921	0.6005106136323075
0.2371985449573585	0.31705310762947636	0.4457483474131652
0.04685005066149539	0.24219107305503776	0.7109588762834669
0.17430008362688518	0.3851836167534977	0.44051629961961725
0.07447947004576244	0.39685556902526203	0.5286649609289756
0.20689540297457232	0.6218076093058764	0.17129698771955143
0.0666163288230478	0.7044691636336775	0.22891450754327478
0.20388455970456265	0.5784837030832457	0.21763173721219176
0.017899059588897426	0.6567628287599883	0.3253381116511145
0.0673189689536215	0.09572440337883054	0.8369566276675481
0.17203396887757968	0.5402177703945067	0.2877482607279137
0.024550542988917956	0.11649854381067959	0.8589509132004026
0.0555450809261826	0.3900278593339212	0.5544270597398964
0.02044409324711971	0.0625243640633818	0.9170315426894986
0.02333131359297813	0.644046642448264	0.33262204395875794
0.18295758909262247	0.552617326288246	0.2644250846191316
0.0683267891688838	0.35530842189502565	0.5763647889360907
0.24642313681953673	0.466347161768879	0.2872297014115843
0.13501237389744405	0.24564587111900515	0.6193417549835509
0.14609989397593065	0.12629744138405502	0.7276026646400144
0.07240386184856679	0.1684237496635398	0.7591723884878936
0.18981956929031052	0.20049994082772732	0.6096804898819623
0.05057313553658477	0.21946421824760423	0.7299626462158111
0.26822884078330994	0.42330706033877763	0.3084640988779125
0.19654376936322693	0.15650755414879047	0.6469486764879827
0.1521515787268433	0.2031640181470492	0.6446844031261076
0.01991136318190284	0.7006420212937472	0.27944661552435013
0.2165442837620049	0.19383646027287757	0.5896192559651177
0.1977432847922138	0.595271844935736	0.20698487027205026
0.27356064243609446	0.4290184511273569	0.29742090643654867
0.11656673097289735	0.06899594080212729	0.8144373282249755
0.06997586337911121	0.4869471754293462	0.4430769611915427
0.04372427302106091	0.5247622537344151	0.4315134732445241
0.055865581265271635	0.6168890753604153	0.32724534337431316
0.13063918232382304	0.6148348702671371	0.2545259474090399
0.11123846759394171	0.5131876979166603	0.3755738344893982
0.11684701967081676	0.13690022469582344	0.7462527556333599
0.035861909760656896	0.45747756498537356	0.5066605252539697
0.245652246863794	0.268629340849812	0.4857184122863941
0.1291461202502143	0.0374251678073777	0.8334287119424081
0.018960082278293933	0.05002982132039291	0.9310100964013133
0.22927306048321386	0.5464465745047311	0.2242803650120552
0.055927725127465355	0.41505128618304316	0.5290209886894917
0.021937724797103098	0.19088496326029308	0.787177311942604
0.2772211589531487	0.439119617366614	0.28365922368023744
0.08825346846963739	0.3100987437649743	0.6016477877653884
0.16548075457330969	0.44600994671995675	0.3885092987067337
0.19586812992991337	0.41303286407012785	0.3910990059999589
0.13074176600463766	0.13143463282717116	0.7378236011681913
0.19822560642745377	0.2929073884531623	0.5088670051193841
0.26638049756994836	0.33467343081395834	0.3989460716160934
0.04530822199491985	0.18004991070905862	0.7746418672960217
0.13116569752418344	0.637740022717384	0.23109427975843283
0.03811475393669472	0.3724838442107574	0.589401401852548
0.1889776345079577	0.5609466856332364	0.25007567985880597
0.2585148506978824	0.2846971812335005	0.4567879680686172
0.2429580218562848	0.1466147178577228	0.6104272602859926
0.2770204230123908	0.034239919209999525	0.6887396577776097
0.020207453946914145	0.4817665932603591	0.4980259527927269
0.120763998443073	0.21922801759715072	0.6600079839597763
0.14689274882400302	0.22335976004107383	0.6297474911349233
0.016767755359506586	0.5398379583960927	0.4433942862444008
0.0272837432912047	0.3838646677054648	0.5888515890033307
0.12156062516260241	0.34835328158115014	0.5300860932562476
0.020879486922973367	0.3198016665368593	0.6593188465401675
0.24702415504241793	0.3506061752650347	0.40236966969254756
0.09031616200293757	0.41693595761839847	0.49274788037866407
0.18147945347938488	0.4287725214273165	0.38974802509329876
0.11747665713546304	0.5339622659528287	0.34856107691170846
0.21044143809366644	0.27179593020107534	0.5177626317052583
0.2067579880301426	0.3729075207943342	0.4203344911755233
0.23757553612614318	0.34415960086283076	0.41826486301102617
0.13085851679091037	0.4612718032846522	0.40786967992443757
0.10043068311830858	0.6438820666710539	0.25568725021063765
0.15316940013011193	0.12454313715525656	0.7222874627146316
0.20736545461971198	0.3222823254859665	0.47035221989432163
0.07186426772796972	0.6052237872261982	0.32291194504583226
0.11788749637105964	0.349103773626905	0.5330087300020355
0.2041319494980639	0.1519805782606069	0.6438874722413293
0.031578788127404556	0.5895263512941762	0.3788948605784195
0.07816452574056126	0.5275541207820817	0.3942813534773572
0.24885695978225827	0.5586953135246577	0.19244772669308413
0.21076130212063268	0.4899899475670793	0.2992487503122881
0.07312733110367275	0.45008621966254364	0.4767864492337837
0.18806086751273976	0.6256133637282686	0.1863257687589917
0.28120061793148454	0.5698571219111832	0.1489422601573323
0.19129529798069014	0.6083100821948644	0.20039461982444565
0.24218542759969341	0.12027630540814294	0.6375382669921638
0.022952346100706622	0.6264977530578462	0.35054990084144744
0.16358392558594775	0.3042104657884052	0.5322056086256471
0.14073739809359703	0.055415560748691584	0.8038470411577114
0.05448582440290911	0.21834948914969748	0.7271646864473935
0.1013387755285981	0.2614645597426477	0.6371966647287544
0.23353465010933758	0.6977273835695307	0.06873796632113183
0.21277920964482952	0.0837735433479353	0.7034472470072353
0.2821760307180786	0.07501119220163993	0.6428127770802816
0.18597834265134197	0.4980347615800324	0.3159868957686257
0.15514279388701788	0.48892227300408536	0.3559349331088969
0.03562022812354437	0.32693128954794104	0.6374484823285147
0.03543960974228483	0.03272814150228309	0.9318322487554321
0.12612515443697814	0.556638741210012	0.31723610435301
0.14741948990135628	0.4778941362906395	0.37468637380800435
0.08948677257278798	0.08723791319139454	0.8232753142358176
0.0723697632834095	0.5971965268612986	0.330433709855292
0.24583229808652018	0.1704362203874806	0.5837314815259993
0.1351566519068111	0.6133273448167624	0.25151600327642665
0.22616986248309437	0.633847673859641	0.1399824636572648
0.2331442380149322	0.5244260585063327	0.24242970347873524
0.23455708296338995	0.07591966826664265	0.6895232487699675
0.03164363351167032	0.5987247612465945	0.36963160524173544
0.02508704531753858	0.3566632543397639	0.6182497003426977
0.10202870189680002	0.5050311804830695	0.3929401176201306
0.039791126366870155	0.4048233434796127	0.5553855301535173
0.19022030967575954	0.6170232889561342	0.1927564013681064
0.09308539872950702	0.6710661153622319	0.23584848590826124
0.22341242289536906	0.12407063467218826	0.6525169424324428
0.05302187295990263	0.2813588131853018	0.6656193138547957
0.0756532116227176	0.06280541382315741	0.861541374554125
0.17092605793844712	0.3148929150431444	0.5141810270184086
0.15774025690891685	0.5466893155125885	0.2955704275784947
0.06542310502227894	0.0722578434375285	0.8623190515401927
0.10005451710885782	0.6345146400978736	0.2654308427932687
0.23486375031801635	0.7006118853601969	0.06452436432178693
0.2111338408591133	0.6568600982617305	0.13200606087915626
0.031472501055959334	0.11471389850506977	0.853813600438971
0.21578256004666768	0.12556077569133806	0.6586566642619944
0.17019703255544394	0.06373454140180979	0.7660684260427464
0.04867020277342449	0.06670537051225278	0.8846244267143228
0.15101817777846263	0.20390556531633972	0.6450762569051978
0.24171939165514514	0.2593731412621747	0.49890746708268024
0.11456555333617041	0.6575100797889277	0.22792436687490195
0.1937955386211612	0.05093880915762544	0.7552656522212134
0.07301558069577807	0.29509645791700634	0.6318879613872157
0.2244305684342687	0.3854794268925988	0.39009000467313265
0.0684410846917447	0.6886131801149382	0.24294573519331722
0.01952548378718333	0.07832679536822551	0.9021477208445912
0.058106992033917115	0.4199067907636241	0.521986217202459
0.030413691518450303	0.40528521890995883	0.564301089571591
0.2553505404604953	0.6299770908150158	0.11467236872448894
0.08892647091096512	0.20881712094372343	0.7022564081453115
0.05366017888866653	0.5051262632290514	0.4412135578822822
0.07602737550371363	0.6018047488335235	0.32216787566276306
0.14339662860038369	0.2938590189367621	0.5627443524628544
0.18527207948601132	0.1500589412912122	0.6646689792227766
0.04317415210819958	0.15740526062927976	0.7994205872625209
0.23232619436041213	0.32309313690700514	0.44458066873258284
0.03510097121740119	0.5871538868220798	0.3777451419605191
0.21722781595278973	0.6644272744017561	0.1183449096454543
0.1900213476798628	0.12028352297748052	0.6896951293426568
0.13973523737935614	0.1649924601049494	0.6952723025156946
0.07376044101151502	0.4431881743708863	0.48305138461759883
0.07647477849061673	0.46620891420059446	0.4573163073087889
0.060374014541501764	0.6276221879931643	0.31200379746533413
0.23553907504226584	0.3683379025741985	0.39612302238353575
0.21675620471184331	0.5537706133835845	0.2294731819045724
0.11475616336321726	0.6308591734280286	0.2543846632087543
0.06673906907391108	0.3105882444549521	0.6226726864711369
0.1952531318451915	0.06739594932593956	0.7373509188288692
0.09751416034825114	0.5203795610151988	0.3821062786365502
0.25268191523161687	0.5315411453111726	0.21577693945721066
0.15258864336638311	0.4264447952186786	0.4209665614149384
0.024068833860501515	0.17084332134972152	0.8050878447897771
0.14033457447002118	0.17359507431322427	0.6860703512167546
0.053638438335311234	0.32615405865133285	0.620207503013356
0.2683229183330852	0.48539826715755413	0.24627881450936082
0.21690237903480092	0.4314537311394781	0.3516438898257211
0.12350458886260973	0.6056922160316756	0.2708031951057148
0.15355218070115584	0.3973970055454632	0.4490508137533811
0.049121093528875226	0.3458883595659549	0.60499054690517
0.1567197142498021	0.46825916395218553	0.3750211217980125
0.10607965225365623	0.3633975016545154	0.5305228460918284
0.1890151345660727	0.6302263057020876	0.18075855973183982
0.09500951873101568	0.6072505834440142	0.2977398978249703
0.1609846655980049	0.06922091075647596	0.7697944236455192
0.09928676035213702	0.6859451262346432	0.21476811341321994
0.13106968229367688	0.6410743863979399	0.22785593130838336
0.05612966522989887	0.17854171779179784	0.7653286169783033
0.15980941385655728	0.17274294829134806	0.6674476378520948
0.022088899435354026	0.12738330661442093	0.8505277939502252
0.18451558718979683	0.33377481979890006	0.4817095930113032
0.03086148342949291	0.03567929886962262	0.9334592177008846
0.22149508408083732	0.11486655844050206	0.6636383574786607
0.13298168456657383	0.1525950797666797	0.7144232356667466
0.04310360281427972	0.6515290960550246	0.30536730113069577
0.05334402436993663	0.5947726665142081	0.35188330911585536
0.18053924503975333	0.687702110626742	0.13175864433350476
0.1921841269624004	0.6059707290188348	0.2018451440187649
0.16601340486065652	0.6873116327705449	0.14667496236879873
0.09358300309526535	0.7033996411713519	0.20301735573338286
0.03705996930258437	0.6893157107173102	0.2736243199801056
0.11530993262361997	0.6706693220468849	0.21402074532949528
0.23613821955082043	0.5530066227832533	0.21085515766592644
0.10922357423155618	0.6498102895121497	0.24096613625629426
0.21149420589040296	0.6532372947542273	0.1352684993553699
0.11085645135164884	0.16442945513510537	0.7247140935132459
0.07626275631479312	0.06197161003135365	0.8617656336538534
0.04071220004156251	0.5108830919012046	0.448404708057233
0.2501153366485376	0.5809543049430879	0.1689303584083747
0.01401489826308866	0.48124604425927636	0.5047390574776351
0.11261282358498065	0.41490752133824144	0.472479655076778
0.22202900897230587	0.14899821547274655	0.6289727755549477
0.049883215180661966	0.6452999285753618	0.3048168562439765
0.1872799062139146	0.3125393612480628	0.5001807325380228
0.033411689682129764	0.10483741235119115	0.8617508979666791
0.2277049887491221	0.24374608578838922	0.5285489254624889
0.1572894002883587	0.6340688668296537	0.2086417328819878
0.23182395202221537	0.5963996661988975	0.1717763817788872
0.16669883615167744	0.6156453964107456	0.21765576743757709
0.04207084171052661	0.64575508278322	0.3121740755062535
0.18445432077273594	0.17067119079358567	0.6448744884336784
0.14122033583848992	0.49447445486870845	0.36430520929280175
0.06851443362659781	0.601862209911695	0.3296233564617074
0.16529123338948987	0.4038383641070514	0.43087040250345887
0.26628743701128055	0.531117147120677	0.2025954158680426
0.018485946977562617	0.2860509083360027	0.6954631446864348
0.07192007498243141	0.35789717263857723	0.5701827523789915
0.17310009345675523	0.5273451751793771	0.2995547313638678
0.2139603560380272	0.5738247879141014	0.21221485604787158
0.1925190516852685	0.652155051159496	0.15532589715523556
0.013042510594562073	0.5436429107542426	0.4433145786511954
0.025296145413157944	0.42710276968218297	0.5476010849046592
0.10142386974819051	0.22003663907790325	0.6785394911739064
0.09388751356451042	0.5449302079418813	0.3611822784936084
0.21674723509879243	0.6029464506780671	0.18030631422314064
0.23676226659262134	0.3323486518428416	0.43088908156453715
0.16234485147943117	0.4818360490046648	0.3558190995159041
0.13311205026995176	0.7006572736775015	0.16623067605254682
0.112087664078552	0.2615471136648316	0.6263652222566165
0.16914824425564315	0.5732592298095555	0.2575925259348015
0.13359135044172288	0.149850359451206	0.7165582901070713
0.08976476582795673	0.4376126781730618	0.4726225559989816
0.05161532207776881	0.5603722168778762	0.38801246104435516
0.2172056363872562	0.700844279714979	0.08195008389776492
0.22422914376496628	0.4302624300379668	0.34550842619706695
0.14136300028929658	0.12516758650485443	0.733469413205849
0.25706953804494004	0.19103463042808155	0.5518958315269785
0.15960281607531637	0.5009740826838043	0.33942310124087954
0.25498679438987526	0.5196176713863581	0.22539553422376674
0.1040925091099662	0.6765187437453438	0.2193887471446901
0.07087540579158458	0.10114973927072202	0.8279748549376935
0.18496906923282638	0.23760972846410114	0.5774212023030726
0.18848126231222537	0.6095276652881607	0.20199107239961406
0.13826329817664673	0.3421616323205837	0.5195750695027697
0.2714425950931195	0.10549561287701698	0.6230617920298636
0.21549603082933436	0.10445851460140199	0.6800454545692638
0.1974598223271627	0.13153843217170944	0.6710017455011279
0.0779939967589503	0.49140007957453613	0.43060592366651373
0.050865714249400895	0.270775921482707	0.6783583642678922
0.18507097015789928	0.3956259042383893	0.4193031256037115
0.15495288204011298	0.47200838108868026	0.3730387368712068
0.07133106130640837	0.21253789711405996	0.7161310415795318
0.03284018686747553	0.037011320811530246	0.9301484923209943
0.18916982375725694	0.4312914578274543	0.37953871841528886
0.0699145633143955	0.33062697762795695	0.5994584590576477
0.06454609475405781	0.6234144592836377	0.3120394459623046
0.1283289662762424	0.22615507819176986	0.6455159555319878
0.09329141633917257	0.12460030601969665	0.7821082776411309
0.15926912755435646	0.15071371886189144	0.6900171535837523
0.1517305195626839	0.2054535605242797	0.6428159199130365
0.22533309904082968	0.4558852128340608	0.31878168812510965
0.17864508168482907	0.6750659672739483	0.14628895104122266
0.0779350783367514	0.4630014268152019	0.4590634948480468
0.103579656075558	0.29332198579978647	0.6030983581246556
0.16925249951784288	0.6759328462153874	0.15481465426676982
0.04877931952949366	0.46271009736729085	0.4885105831032156
0.23883225511600167	0.34630023903877716	0.41486750584522125
0.17697930302581916	0.557348503711164	0.265672193263017
0.18232552300957536	0.4160714744725992	0.4016030025178256
0.15713052796864432	0.4514863769244375	0.3913830951069183
0.21221671138929427	0.5515379343411659	0.2362453542695399
0.11808731392200544	0.5042296943184211	0.3776829917595736
0.1836764055155719	0.05095582281229305	0.7653677716721352
0.08613941086844848	0.20486497383443295	0.7089956152971187
0.2500175543329882	0.1448610289804647	0.6051214166865472
0.12422989794830328	0.14989044699221704	0.7258796550594798
0.19876837513753742	0.5087532341821157	0.2924783906803469
0.22646708370052704	0.45860360563268365	0.3149293106667894
0.12988312631511156	0.28085609336744366	0.5892607803174448
0.17561149528459907	0.14679930253705986	0.6775892021783412
0.2552037056431967	0.3462729417729227	0.3985233525838807
0.21861593698222004	0.17471654936943115	0.6066675136483489
0.18340935011621565	0.18765869053597709	0.6289319593478073
0.02948877591854321	0.5388034649444662	0.4317077591369908
0.1820091901054391	0.40124283896408514	0.4167479709304759
0.15255017547056274	0.5375215474188335	0.3099282771106039
0.14247338241244986	0.261178067245687	0.5963485503418633
0.12327640683115426	0.19847858165797144	0.6782450115108745
0.029611489668055324	0.6664659177844634	0.30392259254748144
0.2474458122037461	0.22158883711144514	0.5309653506848089
0.2224936879772992	0.14113519830344995	0.6363711137192509
0.016773651917655785	0.22509312853616142	0.758133219546183
0.28214425204546667	0.44024034139940177	0.27761540655513167
0.2324387186628891	0.6719951037314564	0.09556617760565453
0.23401229558752912	0.3970599907705945	0.3689277136418765
0.19702248494090896	0.6781855538511908	0.12479196120790031
0.016049528195399954	0.6465280064334633	0.33742246537113685
0.13621146348549218	0.2924336198373927	0.5713549166771152
0.05118021122391342	0.3294296924617929	0.6193900963142938
0.21367312032437596	0.5994502921740383	0.18687658750158587
0.15390489561736442	0.43804708842569695	0.40804801595693874
0.04728681943321461	0.1935433606771372	0.7591698198896484
0.23287531393960303	0.4143595523172472	0.3527651337431499
0.0802825484986554	0.6241062336927443	0.2956112178086004
0.24281921853722654	0.28386235416667654	0.4733184272960971
0.18150746119750233	0.05460544645610521	0.7638870923463926
0.14018677965125606	0.6327111271968116	0.2271020931519325
0.2188009660435997	0.059836042963354485	0.7213629909930459
0.14715727292241143	0.5646455751985107	0.28819715187907796
0.15070977632735227	0.5981610204547877	0.2511292032178602
0.19036784730017248	0.3904562626979278	0.4191758900018998
0.2696068590353045	0.08157316740135157	0.648819973563344
0.08280510089480403	0.10361567679802558	0.8135792223071705
0.24654829674101694	0.7004321042622221	0.05301959899676112
0.1523483390825302	0.6717101917520953	0.17594146916537462
0.19449373042350193	0.3205256870646577	0.48498058251184045
0.22390262397594501	0.4146044972624488	0.36149287876160635
0.24864077775801682	0.05649336421190809	0.6948658580300752
0.10544024343683428	0.2635009156437971	0.6310588409193687
0.20614858015420695	0.48667422351151646	0.3071771963342767
0.08082985804204651	0.5707642687501654	0.34840587320778815
0.023650800790722515	0.6029041888570565	0.373445010352221
0.13897910293689322	0.09109632420274127	0.7699245728603656
0.23633336751332248	0.19597550475791717	0.5676911277287604
0.2464075868039819	0.4167580874829248	0.3368343257130934
0.14974813313928356	0.48284153346436637	0.36741033339635015
0.2287598191836458	0.34257197888485175	0.42866820193150257
0.2231134556287673	0.25107513111958796	0.5258114132516449
0.18472347213471452	0.5016275068127191	0.31364902105256653
0.03220688542921568	0.5103140062098939	0.4574791083608907
0.03867819692419072	0.2724720865718002	0.6888497165040093
0.07413035269103957	0.3412901547750725	0.5845794925338881
0.06800013382310716	0.5639112593316721	0.3680886068452209
0.20827192519021068	0.46766337166154204	0.3240647031482474
0.17003929065301993	0.4691722178486187	0.3607884914983615
0.18875176749533584	0.2705830677836567	0.5406651647210076
0.10702373143325616	0.11142414739853165	0.7815521211682124
0.054737045003585894	0.38734794404047673	0.5579150109559374
0.20415750776996058	0.06371365174635962	0.7321288404836799
0.11845683764545017	0.08830669417992493	0.793236468174625
0.0184002449956846	0.6010346844017209	0.3805650706025946
0.1250331961919905	0.3657873036417947	0.5091795001662149
0.16575165979467746	0.10822797146373281	0.7260203687415898
0.1806291054823349	0.4592463978435422	0.360124496674123
0.23141119794328818	0.15514707576591813	0.6134417262907937
0.06248249781039916	0.17780795046544476	0.7597095517241562
0.277530417667228	0.4669760875465243	0.2554934947862478
0.026684509298112447	0.183968074123592	0.7893474165782957
0.26523362890410274	0.6851566691790056	0.04960970191689179
0.02225959240098685	0.43468879507551217	0.5430516125235012
0.06257363661715926	0.2960081723167082	0.6414181910661327
0.1623054907124735	0.22006577931604607	0.6176287299714806
0.26539835175789295	0.20271375183602802	0.5318878964060791
0.030467037035679045	0.40556883385629283	0.5639641291080283
0.26934594740201157	0.46565619116735313	0.2649978614306354
0.1659202867509638	0.4338258620007203	0.40025385124831603
0.059341225481220394	0.17658711552774242	0.7640716589910374
0.03023387896721036	0.22474705146315138	0.7450190695696384
0.23159997955564862	0.1412354403838182	0.6271645800605333
0.10815127219107148	0.6509627600743839	0.24088596773454468
0.14817492376064342	0.08686152825219637	0.7649635479871604
0.03391991599293909	0.29296665011100753	0.6731134338960535
0.18371547674160485	0.5336590828455192	0.282625440412876
0.08715346311529343	0.30058889689933055	0.6122576399853762
0.09515446724153445	0.5923801078536604	0.31246542490480533
0.14758952381906515	0.13657445656613132	0.7158360196148037
0.2372969186313103	0.1301647167710691	0.6325383645976208
0.147233237708487	0.5564497102435414	0.2963170520479717
0.15758841133575793	0.30620167005092536	0.5362099186133169
0.14704991022755814	0.259881254023636	0.593068835748806
0.17180488750482834	0.033059878219526107	0.7951352342756457
0.024483996019130927	0.10643199117426302	0.8690840128066062
0.2658877218423436	0.24143753281714267	0.4926747453405138
0.1975719477326778	0.5818026746591859	0.22062537760813644
0.143509292680705	0.6644699618890761	0.1920207454302189
0.15281235862539932	0.6919155901413789	0.1552720512332219
0.28091923464217866	0.25895017569287426	0.46013058966494724
0.06491785078772017	0.09085099721816708	0.8442311519941128
0.0736025678762966	0.607011782720832	0.3193856494028715
0.02644806817276113	0.524104312125728	0.44944761970151104
0.14846443368722145	0.6183298656926717	0.23320570062010695
0.10670622695980392	0.6606511136941817	0.2326426593460145
0.01726467020905409	0.6081134496063665	0.37462188018457954
0.20867261047446772	0.4047849049910863	0.38654248453444606
0.25880816140400387	0.18819034699038872	0.5530014916056075
0.25546385456046955	0.47496028792626377	0.2695758575132668
0.09583803647503372	0.37554250066554834	0.5286194628594181
0.0913840381731284	0.06031722022701658	0.8482987415998552
0.0459596268618071	0.42819651810690385	0.5258438550312892
0.14183150220072194	0.10270199036304489	0.7554665074362333
0.2461391920492182	0.40965319312740306	0.3442076148233789
0.20911801028018046	0.3650965038746087	0.425785485845211
0.125217004319433	0.0498881446009255	0.8248948510796417
0.06562962565176184	0.3589527330502721	0.5754176412979662
0.09938983579134578	0.15180322227636545	0.7488069419322889
0.18513299012565446	0.06868370146897457	0.7461833084053711
0.10183779935793569	0.21615136942636268	0.6820108312157018
0.07759453099381419	0.1567755505196205	0.7656299184865655
0.09952221207316764	0.27296971416915555	0.6275080737576769
0.23039316440425045	0.5747449264251739	0.1948619091705757
0.18107595918023472	0.445370625648005	0.3735534151717604
0.08596766531625721	0.5716385750333245	0.3423937596504184
0.1908202184709963	0.36210758754320393	0.4470721939857999
0.2041754581533154	0.2936257397120973	0.5021988021345873
0.032909305332871064	0.24256775838461186	0.7245229362825172
0.18276086139200687	0.43265884056628684	0.38458029804170646
0.1578220620193505	0.13724647719258493	0.7049314607880647
0.26990817223913366	0.620983135877289	0.10910869188357744
0.19437102092058464	0.17260875533579878	0.6330202237436167
0.07589279891547768	0.2517405367888488	0.6723666642956737
0.21150182655077177	0.07247934668517075	0.7160188267640576
0.26314104626660534	0.06210722657738632	0.6747517271560085
0.28009514353224185	0.5387947745132567	0.18111008195450157
