0.05501658670194983	0.07416184490673206	0.10330165085977218	0.107630887283858	0.06421743603070862	0.16591079825015723	0.19462524741233012	0.04927931614517745	0.0374297883791716	0.1484264440301429
0.052997647921586975	0.03536457077444771	0.11808270889198347	0.12660733051212014	0.05535466071536436	0.15122306835094537	0.2574958302564883	0.04140447140751859	0.006029431032049823	0.1554402801374952
0.04375820191559263	0.08741538945052113	0.11233297432878846	0.12295764257349404	0.07515261459436788	0.17716054744040277	0.0783858534141179	0.052500624329379145	0.1347702120415578	0.11556593991177821
0.032156450929287275	0.042476511360113385	0.10329316767547794	0.11901367467690971	0.07032644356015649	0.18351718736792166	0.1788181891483165	0.052768105062599206	0.07515955815493429	0.1424707120642836
0.033553177492576636	0.07669618608143722	0.10331836134187102	0.15812809113855456	0.07324507472060937	0.15359138722826798	0.052365563126913685	0.05780935858327309	0.14099619709877126	0.15029660318772514
0.030996788636584435	0.13513415103874424	0.10624000970161589	0.13344848758879746	0.03652619584171288	0.1434822802912868	0.15400929688652665	0.051295320547670546	0.08906863861197914	0.11979883085508201
0.05369134146792731	0.04292217971851135	0.09490875220010621	0.14961716516827545	0.05053610696468262	0.1489631128854666	0.22509508284189744	0.045028083356484845	0.011737189818357072	0.17750098557829114
0.03984360595823108	0.1511394409506422	0.10360083712187354	0.15056901646024912	0.04580395668860457	0.17335969655072492	0.1121254779029189	0.04785893581178871	0.019878628828110492	0.1558204037268565
0.04467790185762535	0.09934836983460943	0.0850886921965852	0.1299994691976474	0.04232998841904674	0.2019327820075515	0.09037211181591823	0.05581096323614858	0.1180949866883523	0.13234473474651526
0.05156741620939528	0.14233278616402886	0.08833493385503431	0.10716951382713517	0.03970244777400884	0.1791898323183166	0.1601683141162837	0.05479672776734158	0.06603929857418184	0.11069872939427383
0.05499659456091762	0.16292429350594903	0.12312730907990202	0.11203542596020248	0.05944629198418392	0.19093523195659715	0.09418158641998077	0.047606599954501144	0.006206095442745585	0.14854057113502026
0.04773941676715236	0.028988413996193327	0.11922183016877606	0.13816988366594185	0.03629396596820253	0.16865456200429763	0.19440634714503902	0.04227644816719628	0.06537668242396201	0.1588724496932389
0.027895251676642627	0.06876082098715561	0.11952411790275005	0.1425359134971394	0.04807783588207396	0.16585207862072165	0.23566451785125486	0.04864410528375988	0.006560524751525992	0.13648483354697605
0.027016747386427065	0.14478955255666	0.08608257149793912	0.12741438229852398	0.06809727698871602	0.13812361699964687	0.17939787555506465	0.04076099343426075	0.0742836578029583	0.1140333254798033
0.04023643194139103	0.049479476053885516	0.10102638302133522	0.12204990925919422	0.06665287986827018	0.1796360906793324	0.1943148039597223	0.04312001928361049	0.020521174177880436	0.18296283175537822
0.05419680206285067	0.17515348143203224	0.11475387673082643	0.1492335846239959	0.06029960040400005	0.15898294709713232	0.08013172903581081	0.04893180235907433	0.04595222372441264	0.11236395252986459
0.04308070689064541	0.14314294367497937	0.10841351689103855	0.11237689462169129	0.07034987436597445	0.16163375393569668	0.031297855938741154	0.04007521714383784	0.11637083401860995	0.1732584025187853
0.029062520074863235	0.08211250026616915	0.08456361220055948	0.14543327785322868	0.05373350433020929	0.17260531981502464	0.2602463971020934	0.04108897303877741	0.0048928676625250855	0.1262610276565496
0.03962956506830598	0.12509833116008268	0.12256325657865719	0.10675788282385625	0.06534641916632225	0.15695744468417544	0.04929959614261537	0.05156230697487325	0.10383758556586459	0.17894761183524704
0.041518577186071125	0.023428312513816676	0.1226190833716136	0.1316333887963876	0.07360577126959109	0.14922396873232507	0.19951155616449112	0.04836624241117317	0.0623305663907044	0.14776253316382615
0.051163490393392776	0.09455391984727318	0.10630274079893913	0.15103050634064843	0.05235879898564587	0.14514252195008032	0.20631834482849565	0.0587855689926754	0.020321796824015637	0.11402231103883362
0.028671797056608717	0.05233396353479329	0.09156624244695027	0.1287045760954465	0.06778302798349022	0.18426056728233725	0.12865085213472283	0.05186358861949889	0.1014366259983479	0.1647287588478042
0.05443242671933922	0.026280426172310897	0.12199931637270506	0.12243980837793769	0.05216748855502591	0.19794423019914403	0.17332506978671663	0.05107451582062558	0.0640595390754003	0.1362771789207946
0.03940119522523226	0.13204921833032124	0.11023208282606178	0.12585149671745272	0.04488945334434122	0.1646457712381021	0.03649878551378942	0.04054642446285951	0.14025427252168846	0.16563129982015132
0.03107296459079363	0.10905664640915846	0.08611896958890713	0.13550335055551962	0.04458964215630879	0.16456438680282331	0.13159727945551236	0.048710701262495215	0.08118785139376314	0.16759820778471834
0.0340485106409789	0.062337210709161275	0.10119132357037493	0.11241591169403628	0.051358988588515696	0.1926129063971068	0.21913383508154632	0.054799010035698106	0.010523934172611174	0.16157836910997056
0.053331025526272606	0.09582258067828853	0.1136228746378937	0.12630147227819397	0.03925489178257971	0.14152800332126875	0.1967048830458225	0.049199737568423794	0.011290302058989968	0.17294422910226645
0.058166940756904456	0.05901643787753942	0.0955088517021024	0.1519107977544791	0.07258026568862436	0.14165539358417154	0.10513148321095028	0.05868467484328283	0.13555441305903015	0.1217907415229155
0.05050307047513198	0.13711725734492355	0.1152830992091707	0.11502147743582089	0.04185151207734046	0.18434709096093627	0.02596376166378178	0.050986926244148155	0.10564124572182478	0.17328455886692146
0.03977675312876011	0.027061769331579666	0.12476584637997257	0.14180303603623562	0.037085330916967224	0.1827956998622927	0.20587564065738975	0.05629871555332017	0.036260009032725735	0.14827719910075648
0.05160103369435496	0.07945732834154201	0.08826023060452166	0.1408863259495263	0.05826218744322963	0.145719509442392	0.05305139527272001	0.04687903264916149	0.1591190875980722	0.1767638690044797
0.051570065569421994	0.06790170109605462	0.10399969647309168	0.16132489124620442	0.06551091238933279	0.13694686757262153	0.13919014752579711	0.05135701005813666	0.06144099968033797	0.16075770838900122
0.05393879597577156	0.12193523095017607	0.0945303084713293	0.10660752840635995	0.04862027681257639	0.15517241217466837	0.1956658296092309	0.053374671067278195	0.02117778114515309	0.14897716538745617
0.051438081701914565	0.0535684527867004	0.10374264096700717	0.14043383018990602	0.06815698270223594	0.19729965983705477	0.1457422363093181	0.044024603670299596	0.043360681242891407	0.15223283059267206
0.042748325631839876	0.1174792067308677	0.09876881628646651	0.126745665251251	0.06713027410524258	0.1578627171752525	0.060313684232839254	0.05978781212810202	0.09177319136723133	0.1773903070909072
0.044369660630676246	0.135265647802142	0.09211879532098576	0.14476550556217857	0.04235637051409323	0.20876107958563886	0.03744356207172901	0.04568250859298917	0.10083798545466904	0.14839888446489813
0.0515761570288994	0.16911887658967045	0.12646504317523694	0.10627699450190295	0.04515619935885615	0.14082545345799108	0.14031573910844858	0.04612475796658974	0.05287040140584694	0.12127037740655779
0.04797744136144828	0.05256553924071339	0.12345972326848464	0.12490179661352718	0.06690587851180742	0.1705757371106963	0.18832584466677083	0.057609187999461006	0.03078271281628757	0.13689613841080345
0.057934946755813996	0.10840872277537017	0.12289943982518636	0.12104417940217392	0.07496120701057915	0.19191622219864196	0.10692762837017313	0.05538400125254559	0.04934746340629499	0.11117618900322071
0.05894372206643715	0.07275538312194742	0.10074790713169576	0.10842658132415535	0.04592271683023589	0.14905594183535792	0.09250305391506468	0.0455553043126676	0.14862708484633938	0.1774623046160988
0.03496656089940796	0.11268334813389126	0.09500248581180655	0.15708753297112948	0.06278705177561104	0.15534745551067625	0.12162732314841526	0.040278725540514496	0.09159468843915133	0.1286248277693964
0.05525995281387118	0.11954197706164661	0.09422993091122547	0.1525025231304964	0.03828076545938884	0.16257576339210694	0.15373748268002574	0.0445066769608877	0.02094362004872559	0.15842130754162556
0.0396596285336351	0.06840306219743107	0.10923591642379488	0.13544878500699897	0.059628029051723784	0.1576312530849309	0.0921663903182019	0.059372875648704415	0.10598537563815355	0.17246868409642546
0.04212100247746389	0.09157293190464422	0.1081445578535303	0.12124773610210181	0.03720167152906073	0.20822983991859284	0.13310709635530998	0.04958795242182269	0.07581577082868177	0.13297144060879174
0.053336596655918146	0.07358510428908428	0.0901331616023094	0.15661749178636483	0.06961485651877172	0.18224005398113374	0.1583228804513882	0.040739018055001505	0.009823644365053591	0.1655871922949746
0.03394594810451801	0.16251139425705324	0.12481989596382442	0.13617119644773765	0.03722879958824807	0.13699865135998215	0.06577253964247323	0.06053402082343636	0.0747360311285036	0.16728152268422328
0.029250633367108522	0.06193164090261858	0.10662443428560252	0.11642214301998247	0.03782773357008606	0.1713341988880155	0.15172596719834075	0.043205993175891105	0.15566846969593776	0.12600878589641673
0.035328412531471357	0.07723121411084752	0.10226957874007644	0.15293636641314756	0.05621619724353023	0.17726077264102988	0.029519482530403915	0.05610644920530337	0.1469925266264313	0.16613899995775838
0.051659797737114516	0.07050524766395307	0.10978717976294405	0.12098198041373645	0.07407879778224687	0.19307053324831536	0.1431111040313643	0.046005483772071455	0.03364647983970302	0.15715339574855092
0.038163980506013793	0.031108427255165105	0.10547717948350228	0.1641515989861833	0.04831609294615718	0.18464173831630054	0.19111800381768257	0.04020638224828492	0.030616316838925975	0.16620027960178435
0.03127795877403923	0.059869241569234455	0.11278926506499491	0.12185246903489072	0.04831002191357721	0.1674540836470595	0.2672259945272795	0.05703115219428516	0.02369478282139481	0.11049503045324455
0.04941884360883376	0.11217353482272871	0.09993011824548982	0.13606160236874604	0.0527037811198032	0.20899575595668624	0.09936473486078826	0.047541135705690137	0.07204993085027028	0.12176056246096355
0.054367558258586024	0.13054117140822202	0.12308892513094799	0.11231965246425461	0.035730644027611086	0.17870933924742974	0.058603446382130824	0.04262060706293346	0.12520258354210356	0.13881607247578065
0.04855084217899666	0.1272820501889751	0.10788264941067852	0.13665820304388765	0.044445298042965625	0.14473050501384283	0.11678804132897372	0.05804101002973483	0.05178548673945728	0.16383591402248782
0.054318612707354746	0.12827044961447864	0.11582515853867349	0.11440380764510047	0.05559910905802262	0.1950041512171075	0.09727537058246721	0.04082079045083531	0.0335556674760302	0.16492688270992975
0.027013003537518246	0.1768305646342233	0.12362557607550329	0.14121611711872772	0.036198238826022786	0.15625909170579352	0.030154567664039664	0.0592538113629268	0.08735613170058838	0.16209289737465632
0.03907894259844994	0.034586354315226525	0.10734855281569745	0.11505293536078447	0.05030233800023364	0.20632975574953583	0.21431234101820973	0.04626065731027023	0.01265024596917709	0.17407787686241505
0.05906230885681714	0.07697426474768654	0.10095428496940533	0.12093951097197181	0.0412728155823347	0.2140447331082972	0.11292369001462062	0.052070278283755655	0.05351805201998824	0.16824006144512277
0.05623910519884784	0.0664935574863874	0.1069721913203292	0.14429441477765087	0.06125677558071862	0.16632098540500723	0.02020397370267639	0.0490575402638705	0.15399558644742747	0.1751658698170845
0.04843914524677933	0.06828263947039209	0.10865221453147371	0.16037845694691086	0.05738839464804315	0.18184131723960617	0.013720839818048586	0.040788676361319914	0.1550296977923398	0.16547861794508636
0.04285465235442826	0.17485467397807195	0.09849589900602004	0.1554500443935071	0.05283958684668869	0.14373993294103404	0.03668428929927271	0.05613629938722323	0.0955481060943527	0.14339651569940126
0.041146318473202576	0.06057982767501404	0.09990563191447073	0.14799695987505695	0.04781191029505503	0.15517053103750603	0.17922955715167588	0.061267955884168404	0.08716245878785091	0.11972884890599944
0.02716633915256307	0.034688003475829995	0.10766050655402667	0.1552414934977952	0.05151723486173757	0.15152148118418368	0.2823161061410378	0.04414150065332199	0.017835942514021402	0.12791139196548268
0.04716257302154589	0.10500917784159468	0.12248805391082271	0.1318944309231657	0.07522236668088599	0.1442008103809097	0.07503923616515518	0.05145478567472026	0.10176458559620945	0.14576397980499045
0.038494324943841154	0.16049338405163274	0.11769359783819856	0.1058467584192534	0.07371744018386382	0.14089191051320693	0.09861569025736448	0.045450124464126176	0.08580264482885717	0.13299412449965559
0.057104123907276975	0.12688000049493006	0.11067691054551988	0.15435967701287803	0.06590024789149598	0.15236020119812463	0.03190443216322711	0.04610108550917409	0.09026971952190224	0.16444360175547096
0.056782376070588586	0.10650197639091388	0.09617366490946762	0.1271656950669657	0.05623925129988942	0.13985903276157974	0.05127386013023298	0.05077037463903558	0.13779760185742715	0.17743616687389935
0.03837162385767175	0.13463596764907954	0.09368912452812315	0.1447208470297563	0.03991567048406616	0.21565312453493762	0.047628056110303324	0.052288294387619984	0.0719932738075855	0.1611040176108567
0.03612813652500291	0.15956311263778494	0.10973719608217149	0.1552354080375004	0.03855610468668731	0.1503665768905235	0.06947183815631607	0.05255237979545836	0.05391603124757843	0.1744732159409766
0.0501800640197283	0.1176651372270385	0.10449914001560172	0.13823206605776495	0.03700193248301038	0.16241076727531784	0.06436209367918098	0.044901878334256864	0.10121719816677682	0.17952972274132364
0.03163131182469607	0.0754028696498481	0.08652450184515921	0.15647879283148503	0.06587966726655364	0.20158452301534638	0.11229713697283476	0.049285153160431146	0.10551943207686203	0.11539661135678364
0.025585236622032312	0.0731805021661982	0.11802941741616693	0.15197610407778572	0.037194145677757015	0.16059417040662388	0.20254531352451616	0.04271614680586249	0.042172646703600616	0.1460063165994567
0.03644463860425222	0.042962579042247304	0.09510051913927854	0.1462184766031212	0.0623450495561479	0.13855827005064272	0.28879694981598875	0.06099229389187195	0.008359549132107652	0.12022167416434175
0.05347126229686788	0.056246579155247306	0.11872728764327832	0.121864583248566	0.05842175527148013	0.15586801758132662	0.1817232638653575	0.05985005362351187	0.04135536601692319	0.15247183129744118
0.036020834476793065	0.05553255934556655	0.08362831656882393	0.11862068634930395	0.04487357790431062	0.14758886927067658	0.24652492020940114	0.048314599638787724	0.09474861706708974	0.12414701916924667
0.05347277887739405	0.10860990107816944	0.11833072826779958	0.13121973548868365	0.055391634404171684	0.16661333632379022	0.04890114409052958	0.045319769832713026	0.1453427790950863	0.12679819254166255
0.055930828254605956	0.16918695490264501	0.12115636955047501	0.16097701805697537	0.04419912181490256	0.2034739822252961	0.026092134611122877	0.051406931944597785	0.029843204744270227	0.13773345389510908
0.03340811558735979	0.05831339949469036	0.09749085019643257	0.10837702644877895	0.06925002151583376	0.2013584266665956	0.1821159960403681	0.046521037336771216	0.08806631437405986	0.11509881233910982
0.04458407792991431	0.026794133174824764	0.08399840666975722	0.1562274917365541	0.036123635526526116	0.19528907557702185	0.13245143779756904	0.0530136923999165	0.11383449999100442	0.1576835491969117
0.039375370979918764	0.141088434655359	0.08981006819236532	0.13309202956907543	0.06812105504845103	0.14422291638950818	0.18298854821805038	0.05302221403510477	0.006343498928828406	0.14193586398333868
0.04086022919234364	0.05531844680514736	0.12573267236368044	0.1570239185465806	0.055232509572165266	0.1769582801445776	0.057402227735084736	0.04087492500209608	0.11613282648063518	0.1744639641576891
0.04031496120385633	0.06946952373624221	0.11840040018569739	0.14725545199707635	0.06455856110823824	0.16002236197321507	0.18666013409569826	0.060999545512007265	0.03153341529159921	0.12078564489636967
0.0469107470224865	0.10244870137908942	0.1246429900984879	0.11310567489130732	0.06639045949051718	0.16360509240202964	0.19184338972383358	0.04340304746725503	0.01258267762649791	0.13506721989849552
0.0390004167390508	0.11513245385155783	0.11093152543692585	0.10733203961101162	0.07297479824010529	0.16024485414735012	0.08602863358739381	0.052033293491467854	0.08917152122247933	0.1671504636726575
0.02894328638108848	0.12098298138804772	0.12657251781224968	0.11528791189528316	0.041628081914582664	0.19860990470717538	0.06962049081665642	0.055671254390673136	0.07032671234374402	0.17235685835049935
0.033488914521277946	0.1283848392465011	0.12385396501369703	0.16001553836501636	0.06342662428871626	0.1827228188349327	0.1117673819021326	0.04210711394154398	0.022030536110056217	0.13220226777612581
0.033195242790725984	0.10524068369252303	0.11209773479276254	0.1267540595313184	0.07196885440756726	0.19790848058944233	0.07728579760290835	0.04180528894168868	0.058848603861630586	0.17489525378943285
0.030272656441864373	0.07573058393541347	0.1136762931555789	0.14791872522030858	0.06607577615295132	0.1558697756105494	0.1813320654043559	0.0428065315647541	0.0606995215982258	0.1256180709159982
0.049645638200291484	0.0907931188447111	0.0858609777261103	0.14092781069565238	0.0588493450531127	0.20240090293613777	0.08016190455733595	0.05100855196304904	0.12908706216566024	0.11126468785793905
0.045544548320983716	0.0823087733502577	0.11630402490051674	0.1075781015788558	0.049881157634649176	0.21024775138980445	0.055500464102456085	0.059648496980447274	0.1349841855494436	0.13800249619258542
0.050284693382637455	0.11333819517310406	0.08590509614958575	0.13014804403427474	0.0523545395393713	0.14595392727181536	0.15260623013264948	0.04753028947905183	0.10589248087351062	0.11598650396399939
0.03071318366377558	0.15994586509436107	0.10007227438187263	0.1257267745790517	0.039335942235466166	0.13793302035703983	0.1190865571573935	0.04227819629650417	0.0830752116842566	0.16183297455027876
0.04140787157819869	0.11218747810933966	0.10764948764104991	0.11310276542462608	0.06747811030910054	0.13793242063838074	0.1978258391473745	0.04926943593026228	0.023216285020012717	0.14993030620165487
0.05641273145203691	0.15282897108340077	0.10207772093458434	0.12643697009366708	0.05155688474544406	0.1758722599423892	0.07802012392166044	0.04314247544264268	0.07809252589030108	0.13555933649387344
0.04224209693306669	0.07492664990709186	0.11264273470086705	0.12929843040606723	0.07483601615067566	0.1405387882815158	0.19043418909368004	0.05684538642081992	0.00877391180883981	0.169461796297376
0.025771908974864297	0.13967622624804993	0.09119334035108707	0.10935455982765177	0.050502082600055426	0.16860152377412302	0.10735155903462844	0.047666573429547866	0.12948500988363465	0.13039721587635755
0.03000114652733034	0.14396655565900554	0.11149979398631499	0.12983119013156086	0.07362843682221121	0.1453083481276998	0.10968244360492313	0.047572673105855855	0.05943999888488304	0.14906941315021527
0.036011495410943575	0.10788912961478117	0.0979348132662625	0.10716856421902811	0.06910776977176979	0.17735944243388935	0.08362788467269433	0.041437628324947094	0.11627539585218087	0.16318787643350324
0.05435467212908998	0.12742142815864735	0.08643265689984435	0.11225645558059186	0.046303592665044434	0.14618715659377077	0.17664525725411678	0.045180687871310875	0.04379411224754858	0.16142398060003504
0.04932422821705206	0.028165294151808837	0.10016183239884677	0.12917658920661468	0.06257512382536318	0.20268606713474385	0.170720888052957	0.06060629690263886	0.04308225738316666	0.15350142272680808
0.046874596279233766	0.15516447107605902	0.09695114934613153	0.13165022571676982	0.043434661521122256	0.14950186066404117	0.11960786310882561	0.045106329202489984	0.09768008589211752	0.11402875719320933
0.05165698468140526	0.12231928699589532	0.11071431864493568	0.1445010794628699	0.041804286299496264	0.1446759501863642	0.1307188475560573	0.05745766597906585	0.06036281095201415	0.13578876924189606
0.05888259197412134	0.046227920510439724	0.0916244414439836	0.12997216994338975	0.06223498186792348	0.21651296091351016	0.0992710217847725	0.048591000540494506	0.06847769508866061	0.17820521593270433
0.05860321968319782	0.045488521624477	0.10473044468636067	0.11271010406986438	0.0557733099960584	0.18911870281173443	0.22190149181818702	0.04055066998024772	0.060631555991754425	0.11049197933811808
0.037656361947473765	0.07243850046154536	0.09515248652126496	0.1548546582224515	0.06128662280148324	0.2068814982779555	0.11294586011087762	0.042935508777198525	0.07364815036490051	0.14220035251484903
0.028321952322877833	0.17626389685589633	0.09135495656699749	0.11373342969191257	0.054576065465295934	0.16199788423791103	0.09210012715988995	0.04572917055056404	0.0917910635628595	0.14413145358579538
0.05610299316221718	0.106688694275819	0.10036633585516438	0.10685588576406885	0.06808382969133556	0.19396029257771746	0.0814223352450781	0.04779252191498118	0.05538543021803094	0.18334168129558734
0.055934830147580834	0.10533035906939955	0.11226808513022979	0.11330238701613864	0.047195423084658926	0.16393579493837385	0.14250319889522245	0.04134941293391855	0.10659980605639553	0.11158070272808185
0.055055932489909226	0.09062275550511778	0.09409669700267494	0.13130798337613103	0.07438358827187942	0.1911411914026976	0.1403926949871714	0.05981470442391483	0.011398822111366905	0.15178563042913681
0.04494404242575972	0.15051864216282487	0.0893889068096161	0.15783746463015702	0.05427680247767785	0.1675089517232207	0.1081838890793074	0.04481162821871604	0.04423062606718905	0.13829904640553128
0.044806679501975366	0.12644242712862072	0.10614721897230868	0.1295891848893831	0.0559954037760906	0.15765271914029705	0.08588248729721265	0.05641128210338215	0.11772887729383896	0.1193437198968907
0.028183746885767663	0.13373983077965576	0.11052624123906235	0.10784575285102256	0.06078793192100057	0.18650890585073807	0.1698473987611868	0.04291102184182095	0.014476092479475178	0.14517307739027008
0.04204368851107547	0.062307710778388634	0.09200754064136067	0.14059036849356688	0.054260188800533765	0.1486544472147453	0.16101639898734565	0.0418653065687004	0.11278304073764027	0.14447130926664292
0.04559624417570623	0.10776816583815332	0.1109843020640795	0.1605432185771758	0.037104618596516925	0.1794755027388189	0.021194576116440336	0.059933245553627	0.1333747771682538	0.14402534917122817
0.044613923013325424	0.077176937290101	0.11929588570799853	0.12340576041098127	0.05324107099854398	0.2134704169992004	0.08940554283945736	0.05028210891227962	0.10474434602541273	0.12436400780269966
0.04374845946411823	0.09834888252923038	0.1036718530587523	0.1335813971028274	0.05968368762108828	0.19671451946501683	0.04079400387472719	0.05698651369369318	0.08733830745179173	0.17913237573875446
0.05249266589977808	0.08319568584726332	0.11619383171852188	0.10645908877148712	0.06801631384537604	0.14806014511802018	0.1402353230127933	0.041038738489180646	0.06893824561729524	0.17536996168028415
0.02866216115192921	0.09107469770050423	0.12211178900982507	0.13138887459798693	0.040887049514452774	0.20615558998624023	0.1193052757216074	0.059894494271832924	0.027284658497173514	0.17323540954844774
0.04434603174027646	0.035777973256939474	0.11436964622858439	0.1224725094805757	0.05591788807613279	0.16430181123364018	0.2079727422565621	0.05095211283538531	0.0910741372701838	0.1128151476217198
0.030515558701995585	0.14897139388827105	0.08848347553854054	0.1379693499908811	0.05245743788115887	0.18434540104799188	0.07584286528612133	0.05868108838528755	0.053066837293273786	0.16966659198647835
0.05339664401642052	0.06037265021028392	0.11207116764074442	0.15170600802632217	0.061287819816733494	0.15493173853051076	0.05860887078053645	0.05468464680118026	0.12220349460028922	0.17073695957697876
0.026544163469201826	0.08977505970730057	0.10938032695682244	0.15409737926009737	0.03629986138900665	0.16003760296530034	0.16825781203378304	0.0576078315602421	0.0715746736211841	0.12642528903706154
0.03557961329756168	0.024366684966315194	0.10624211686953132	0.10522072678395315	0.07075226047463318	0.20340710662143668	0.1556761434349615	0.055061674666693095	0.12553065569971594	0.11816301718519825
0.05152506075071497	0.14238568427825646	0.09448523619461417	0.12923659549899352	0.04179102699384664	0.21564352496727385	0.1250322069775951	0.04892759688127167	0.015572334777827337	0.13540073267960628
0.03808766299528937	0.044414895562965774	0.09216421829462931	0.12908687708874664	0.04577436985790407	0.19103485462618863	0.13198816551996545	0.05263644577983315	0.15432430795423285	0.12048820232024474
0.03834964045219459	0.06897609685813827	0.09558121712435004	0.13263065587253156	0.046696460209599416	0.14015673081391916	0.24786965819850287	0.05691608576042545	0.05281778922279319	0.12000566548754549
0.04840069086025127	0.1588378648340457	0.11267328215763911	0.1440456701571768	0.04682492805636538	0.16124249291122536	0.09805982816646161	0.04214224507312914	0.02410913170543047	0.1636638660782752
0.033574084588911104	0.08820030936305608	0.09567631277757957	0.12005885617478845	0.0665116448262199	0.21125107610133353	0.015815974070251412	0.0460232375156184	0.15375519449256714	0.16913331008967442
0.046622202770042184	0.03496868826792619	0.11051529247268257	0.1595670354490515	0.03769963948694579	0.1984478504692226	0.1973984826796749	0.04898182844445511	0.010120906817010972	0.1556780731429882
0.028097785111313875	0.09736939715894039	0.09100506140550414	0.10727933571384779	0.05188321143230479	0.18633714514843525	0.24798620900899898	0.046553512621694174	0.015085114024477486	0.1284032283744831
0.04500985812564607	0.0929075222308094	0.12059608162547221	0.15848945113597687	0.04295942890687314	0.16279160915505964	0.07537368066335404	0.04579772168400967	0.12474679783324974	0.13132784863954924
0.04275660058328805	0.15088810971200894	0.11001039263393411	0.15205660962287781	0.04574279014892693	0.21124255777519563	0.015588151876212361	0.04406079208404835	0.07039695259969378	0.15725704296381407
0.02964822808881333	0.12508345042790267	0.09782334002862829	0.1060860635666911	0.06455055864498263	0.20425040469795022	0.009748958240897401	0.040514676433114565	0.1394136533998629	0.18288066647115692
0.042793024622900196	0.06508303750671687	0.11741345345230057	0.12490682993159195	0.07262442231037247	0.16775917095758688	0.09331424990865429	0.04802686032908556	0.12657478700479183	0.14150416397599938
0.03339490651388288	0.09831133417055297	0.09777945142039192	0.10664460046580886	0.04060845288987993	0.1905290965379311	0.179655865753793	0.059369529276805	0.03430517455820642	0.15940158841274793
0.05313982744969126	0.03151072197269579	0.11534863800898829	0.13027766308776298	0.07440076848561235	0.21595212105746175	0.10949875772776439	0.04531343150297769	0.105384487969455	0.11917358273759052
0.0459625974873618	0.06417508308638695	0.12069495104981853	0.12017875204461054	0.046811621413095854	0.17741040600134383	0.123417626686604	0.04000286179582819	0.13290661816864113	0.12843948226630922
0.05090414478924066	0.05010891752968895	0.08928443632591104	0.1601322965015437	0.06255637116172348	0.19524137702973468	0.08774467024089141	0.050035665408032066	0.07051354254855954	0.18347857846467447
0.03803556028656353	0.06131251629277452	0.12263280350380004	0.10674648231742573	0.037540564217984095	0.2087552848924094	0.1365675148599369	0.05576326806821481	0.05842629439889032	0.17421971116200063
0.02776937733989275	0.0825041927236965	0.12035666818918994	0.12079262862077715	0.07158594623935176	0.18280992692784748	0.096681610746334	0.048574531037750716	0.114728806188035	0.13419631198712473
0.03926056561666741	0.0556246733565771	0.08815764896921655	0.1647480622629286	0.0734509887121729	0.1833136980579792	0.06736899107941058	0.05398509107758167	0.09219525611916522	0.18189502474830083
0.054440710619479526	0.10515680616863626	0.09992022127740889	0.12426403175214036	0.05432790799378796	0.14762839043351234	0.207249640425899	0.059497781885847034	0.00507036644634358	0.14244414299694505
0.0339158456649266	0.08450848633098608	0.10710454893718277	0.13257913629571444	0.0497878568077393	0.1512224426260116	0.1634356672538061	0.04496741788158377	0.11716546840879273	0.11531312979325666
0.04600492010915957	0.0928173818401413	0.09258407788728969	0.15691561637271573	0.06091911352582068	0.19556164237096668	0.0879848665413907	0.043665116171080195	0.11269908088812701	0.11084818429330848
0.04964936835582937	0.06260577942868589	0.10701131272693168	0.15882230039930556	0.07311549336141433	0.18535990012934356	0.07285905430597346	0.04204695007550118	0.11655902163446999	0.131970819582545
0.02895913739123071	0.06627058565579136	0.10141058359328416	0.1394040925445853	0.06209597918256403	0.20854781316953475	0.030797728231369656	0.05699532347544789	0.1578072489823295	0.14771150777386272
0.027317903138751737	0.11328412331383625	0.09559356372854202	0.1209480999094754	0.03837363475285416	0.13918957496803194	0.1733122944575723	0.055207590876709435	0.120366480298324	0.11640673455590278
0.04077079932156732	0.12297281035409607	0.08808708732277681	0.16383849685557134	0.07532081553469941	0.15771863478794657	0.06558689686737454	0.04324317595985108	0.09738125155003005	0.14508003144608683
0.04028600477099098	0.09247338750767495	0.11409620475882472	0.1531285422257454	0.04700631520537916	0.14190738166560035	0.09420185906945805	0.05147250486239533	0.15381100503230946	0.11161679490162162
0.02874120501918237	0.14360462392283865	0.11260676909577413	0.14727376614078785	0.046651672609584194	0.20083516761099296	0.018226927522159583	0.04242710474713491	0.09413202316948302	0.16550074016206234
0.03379600798144071	0.055115644542016035	0.09026372360627641	0.16147261937041077	0.0669148914980208	0.18942240287413503	0.15837994656766685	0.041830922849406454	0.05668451297887518	0.14611932773175182
0.038760654363573635	0.172049645724828	0.10765014061199957	0.14554961923052262	0.05357036455804912	0.1772795842161493	0.10853588653127658	0.0598064868125464	0.020538637971082338	0.11625897997997248
0.05153233277701291	0.14632867656626833	0.12099225423059402	0.1491860812408869	0.06572810384592176	0.19087609909662395	0.04642436068808401	0.052360661872385354	0.0635311850514892	0.11304024463073353
0.02585221434474462	0.08029882465330437	0.12208328673215388	0.12826156794116456	0.06624684842378559	0.14523192190872375	0.18946608691087014	0.05223561679682881	0.019835951782138372	0.1704876805062859
0.037784219358793704	0.1208371197146548	0.08801903641944209	0.13336635182419232	0.05859395947096581	0.15594320391251054	0.16282951901905546	0.05143114551743709	0.038618422761641506	0.15257702200130668
0.046756449265236574	0.03404402584984258	0.10303293185444867	0.13147074325798053	0.03591032326484124	0.1863455403953479	0.20511162456401222	0.04821680759155391	0.0943686494737341	0.11474290448300228
0.03177650460060885	0.09363088929915238	0.11431438460545873	0.1213802345949229	0.06261746653421012	0.20659501132621041	0.10590573591142625	0.04300934935338862	0.10599585567897271	0.11477456809564904
0.035406595511407346	0.02843608116178689	0.11930514784270708	0.12102109548660708	0.042386621549754165	0.16105138169155048	0.18403942093624448	0.04304447046421791	0.15018395820196212	0.11512522715376247
0.04029676837725009	0.1203455539939915	0.09060668951983145	0.1379482518431751	0.03927829572823441	0.20705984699158037	0.1189608250174292	0.057581524210736666	0.007112578915500947	0.18080966540227028
0.046863236775971664	0.03384707475119332	0.10516474403692017	0.10954236838163586	0.07042911136621491	0.1734605085311611	0.21626601537825713	0.040198091795452175	0.07208554937722018	0.13214329960597349
0.0382082463194051	0.06053885320632668	0.08620530401062512	0.1618345687040671	0.0640825421890826	0.17974191328865685	0.1640491970735266	0.04487428063185331	0.08414303071549761	0.116322063860959
0.04830954953299703	0.10860114258360865	0.08730505241774572	0.13453491746520918	0.060226706349503376	0.18159898780212275	0.04282292405352514	0.05992009282869824	0.15216221970319796	0.12451840726339192
0.05735801992235376	0.15535221416975564	0.1082278808510256	0.1461187103504738	0.05352438682813629	0.15234125291302567	0.02338566563940432	0.057177854119373525	0.08493515570577154	0.16157885950067982
0.04874386509806507	0.062169110765210714	0.125110126942481	0.11062598309864642	0.05286471313793455	0.18107689035508912	0.05460386424711564	0.04118594906226719	0.1566503578042138	0.16696913948897646
0.04233256518496276	0.1522462520059209	0.08897060391959866	0.15332381679131252	0.05503126953673182	0.21356352702465653	0.021334185455370372	0.051629226210652704	0.04193528986396519	0.1796332640068286
0.03240724609826581	0.10428251234743664	0.12204960180070921	0.11555156223044859	0.04191318026393613	0.15555120316123863	0.10999630587242125	0.054247536832152304	0.1096251472915378	0.15437570410185364
0.03178327318829621	0.14892551796381154	0.11402561529953935	0.13320085734580045	0.06783905465980185	0.16806996188904677	0.01559455714418767	0.04115418824613874	0.15329025864551712	0.1261167156178603
0.04736818346109871	0.1446032012973183	0.08762554172405626	0.14882498664089533	0.07007583576600562	0.2093388718506787	0.02704009920328536	0.053967974945068276	0.0752741757605423	0.13588112935105118
0.03671787217664628	0.07649297785768021	0.10924332225291002	0.13097751849474515	0.04633550967613195	0.17396199443748653	0.04864364754747322	0.0532054421402677	0.1558860535864549	0.16853566183020408
0.028155461071016546	0.05925898615439766	0.08960286791265196	0.13267056281849504	0.06044218679503476	0.17910648629395348	0.17393497076107056	0.04040394999733656	0.0867069503357526	0.1497175778602908
0.027379511222621195	0.03197583807670991	0.12607244686677266	0.11151968162751695	0.05446939206232792	0.17218669212132987	0.1744845008020431	0.04746933582657081	0.09628536407617459	0.15815723731793302
0.03243840171617586	0.16100248997963032	0.0840405435788652	0.10545120973009638	0.05275844410782213	0.14672365761171863	0.15319232543347258	0.0549483642975793	0.03187612906171636	0.17756843448292325
0.0513613826098623	0.16567493544278641	0.08480506368075053	0.13080587972427524	0.051501575032321494	0.1706879736898098	0.03579392902273379	0.04409040438267002	0.0870255701581719	0.17825328625661852
0.030322586901333645	0.03539418107233129	0.10485016974774962	0.1596971358031067	0.07336324767339619	0.16233981139924117	0.08715092454177564	0.05502807010481966	0.142765326659357	0.1490885460968891
0.05136332205205038	0.09957013632583303	0.10023289619058538	0.1433364429744699	0.07530174952089647	0.1475944499407527	0.11685563033201984	0.04192642652822393	0.05187641783914739	0.17194252829602097
0.04781092874731145	0.12526994823765358	0.09226328256310806	0.11322058439268522	0.07407300168241115	0.19505225396561654	0.1628733226278915	0.04460856824690414	0.022448123025924097	0.12237998651049424
0.05449863537519586	0.07708989240603041	0.1099012221047275	0.13811435171692393	0.04962356960604265	0.19201759172901373	0.11272069486022297	0.054260166290612734	0.08452151342831916	0.12725236248291105
0.03386904305098537	0.0970149303258554	0.08875161822772426	0.14872993052498445	0.03903301465765459	0.14402826549112374	0.12140401168540184	0.05086179983343321	0.14397842579150663	0.13232896041133055
0.04587366143126763	0.056450605968809305	0.0979453062668075	0.14657632370794008	0.05817936884561594	0.16098135226839372	0.19551318958827302	0.059268806064852304	0.028304637547069383	0.15090674831097112
0.03503083075375256	0.129278306253441	0.11704935632947872	0.10782147960049934	0.059236598644818006	0.2025798689607034	0.11224516073980718	0.05756576336269262	0.02988454675841762	0.14930808859638955
0.04013848719200786	0.139635689606509	0.0945838891222053	0.15573700773994767	0.06744978133358134	0.20203625471596426	0.03250225011158438	0.04620215479716008	0.09635117968415823	0.12536330569688187
0.05204967639309101	0.12370760994124452	0.106407374035084	0.1568247203274093	0.0672163133060858	0.14091627929704809	0.019554340901855385	0.05762914837745154	0.15521452871560332	0.120480008705127
0.03783419288726786	0.11876625046128195	0.10773439763450111	0.11152304193089671	0.07522037426164553	0.16136161644260658	0.07445156315693756	0.05782470297357926	0.12854284935660687	0.1267410108946766
0.057960170739921324	0.16895056312566942	0.11102627532660787	0.12750592253647652	0.04495578641879228	0.17375234224502406	0.14254227082940168	0.04919377022053645	0.005087148377747833	0.1190257501798225
0.03933341707226886	0.10580639496802537	0.09029476062218186	0.14140301868130892	0.05044499293039664	0.1817137398080279	0.18646274982660765	0.05502780724088311	0.030895350974103272	0.11861776787619643
0.05125532041986997	0.13571210365541758	0.11707644604429471	0.14106374591271503	0.052933840604896254	0.1409901993930602	0.03813861867407149	0.0593620808653222	0.1435909923047578	0.11987665212559473
0.05637798994906994	0.062409052981721024	0.09061152633334507	0.15452714034017023	0.05123993819789788	0.1401376510593348	0.18628232963219116	0.048728993120413754	0.05714079783770329	0.1525445805481529
0.05529528627926332	0.0655357574349889	0.11869373483100785	0.10703248622803328	0.04357542699213449	0.15312982794723295	0.13736755412516402	0.05665352022476122	0.12649210185882948	0.13622430407858444
0.047543449669389753	0.10017526274095943	0.10373702753249335	0.1559517217321749	0.054073502710330346	0.19911303954395976	0.01663249702430404	0.04836409902272875	0.1254907514174479	0.14891864860621176
0.05174325813059495	0.13795891561309442	0.12357689157013987	0.10708029850964376	0.07316258079985097	0.19620160417022028	0.09664964183667689	0.04813965265307666	0.022472401307977286	0.1430147554087249
0.05193887161771689	0.05421538860654196	0.12250655965004628	0.13729925615546756	0.05766625874312717	0.13874721900414028	0.07220875654653887	0.060548991755029966	0.1373040272279821	0.1675646706934089
0.03973287714928801	0.1409463058946942	0.09358346591837885	0.10635805744096984	0.053275133069618896	0.19652895136695736	0.1513164691768098	0.04251568506384372	0.030933855485885647	0.1448091994335537
0.03597972267960757	0.049231818718095045	0.10210222674190461	0.12690329966603667	0.06225245048406928	0.19309014652098855	0.11805593429253354	0.05132092692389543	0.11359978049743559	0.14746369347543375
0.056038960509576144	0.15343251674072933	0.10477282614438625	0.14844292639306542	0.043536414668040736	0.1550534022445435	0.1266919647159522	0.04523850703425506	0.02559826854441173	0.14119421300503962
0.03859023530147186	0.026886906221454995	0.10116097936828658	0.14135106630483862	0.0490766498392726	0.20328770633771487	0.18013856722648158	0.05597537013668983	0.04218361562085144	0.16134890364293766
0.03342917839716379	0.03397766557814291	0.1259656867604562	0.15117916789658487	0.04359377534352315	0.19793848018557214	0.045686238737174714	0.04765641566907883	0.16010667874200332	0.1604667126903001
0.03636193665674291	0.06039735031209022	0.12412684375096039	0.15674473226438895	0.03988389281703817	0.14260566601957536	0.08477448023160983	0.05080545206036104	0.14147303782887977	0.16282660805835342
0.04946328373625001	0.060789031210555775	0.1260313640105452	0.12161136078145374	0.04758121802546135	0.14787378762746817	0.22218364350765746	0.05869717937640385	0.0448441123451582	0.1209250193790462
0.04995836280093883	0.1775702961820064	0.09801617520448963	0.13491429174566497	0.04197149632552366	0.14491089875474542	0.07096959701582611	0.049201230460521383	0.06832467828210251	0.16416297322818119
0.036005459368929696	0.023229815001312687	0.11061215428792054	0.1641151936911285	0.05209966201164922	0.21200645582641958	0.08098035537326494	0.040034330758312774	0.11739254560296863	0.16352402807809346
