0.3500287657515905	0.400072776752682	0.24989845749572762
0.34969207564126936	0.4000598150069026	0.2502481093518282
0.35038634332385626	0.3995656482714483	0.25004800840469554
0.35011399158071377	0.39930419037794845	0.2505818180413379
0.3497516152814868	0.4003851286979552	0.24986325602055812
0.34990061758627844	0.4003008598668209	0.24979852254690074
0.35003209354852	0.4001604264434372	0.24980748000804293
0.34984628603177614	0.40042429702782506	0.2497294169403989
0.35055876809467884	0.399703831677112	0.24973740022820928
0.34945744857712163	0.4002258134193309	0.2503167380035476
0.3495745540376184	0.3997911246161887	0.250634321346193
0.34947820365820986	0.40029256944412633	0.2502292268976639
0.3505879903857344	0.399291143198727	0.2501208664155387
0.35062587961889036	0.39932565762569816	0.2500484627554116
0.35006853684161165	0.39984917983250357	0.2500822833258849
0.3499350553402464	0.399642241059146	0.25042270360060775
0.3494036543374783	0.4001085447074696	0.25048780095505224
0.34931517312698485	0.4000894142729965	0.2505954126000188
0.35008543107940276	0.4002435844940275	0.24967098442656982
0.3502416776565591	0.39962627700815667	0.2501320453352843
0.34977764713110004	0.40026883958644643	0.2499535132824537
0.34958369408418544	0.4001251146590251	0.25029119125678956
0.35008026295383815	0.39993138718180377	0.2499883498643582
0.34960735658121656	0.3998682354563324	0.2505244079624511
0.3502118577279069	0.39976296115307164	0.2500251811190215
0.3494040231167774	0.40009821955578484	0.2504977573274379
0.3497760726788659	0.3994977768840188	0.2507261504371155
0.3499177590250731	0.3992202406678293	0.2508620003070977
0.35031158556283704	0.39990742875730334	0.2497809856798598
0.35046386007108354	0.39908488658166313	0.2504512533472535
0.3495799077221584	0.3999232432110222	0.2504968490668195
0.3496920021105965	0.3998721129023337	0.2504358849870699
0.34962136330851346	0.4002911174885105	0.2500875192029762
0.3506304280481287	0.39917222225499666	0.2501973496968747
0.3500583856850409	0.4001928038737834	0.2497488104411758
0.35057988935271267	0.3993984079378702	0.2500217027094173
0.3493446074816895	0.399914701426536	0.2507406910917746
0.3499542982811589	0.39922637027846897	0.2508193314403722
0.349828998563889	0.4002481490435751	0.24992285239253603
0.349438019901428	0.400003615412469	0.25055836468610315
0.3504779853667177	0.399273640637375	0.2502483739959074
0.35046029862728695	0.39962306621724625	0.24991663515546686
0.35038395037869685	0.39917010086596677	0.25044594875533643
0.349890907254051	0.39949498191434313	0.250614110831606
0.3494206794082078	0.40032553856346303	0.25025378202832926
0.3502665412420766	0.3999429934748071	0.24979046528311635
0.3502219021424279	0.3997092255592781	0.2500688722982941
0.3500391534855413	0.40018165891925706	0.2497791875952018
0.34926176056489977	0.40008835446181557	0.25064988497328483
0.3492578737955154	0.39989585452155874	0.250846271682926
0.35009735288860366	0.3997997352067589	0.2501029119046376
0.3502585718355157	0.39975708966565454	0.2499843384988299
0.3503209629767096	0.3998583077311446	0.2498207292921459
0.34957346853547044	0.40038912260895	0.2500374088555797
0.35062235288599625	0.39950665124100104	0.24987099587300282
0.3501667311069765	0.39924146095303514	0.25059180793998853
0.34976096995251726	0.39966002983430426	0.2505790002131786
0.3496483307424338	0.4003890875673162	0.2499625816902501
0.34928846776076994	0.4001955851380864	0.2505159471011438
0.34974800902091274	0.3994970873997909	0.25075490357929653
0.3500988736075183	0.3997953620348954	0.25010576435758636
0.35022663636533113	0.39933967000528026	0.25043369362938867
0.3505739298196169	0.39926834195804217	0.250157728222341
0.3496495770910426	0.3997944789523118	0.2505559439566457
0.35047659614097265	0.39916232180903755	0.25036108204998986
0.3498301572046811	0.40014850260329765	0.2500213401920214
0.35034410534373417	0.3996409581128493	0.25001493654341667
0.3505138315137765	0.3994496516641101	0.2500365168221135
0.3498430453485182	0.40048178113408556	0.24967517351739638
0.35026480012144784	0.39945172584937216	0.2502834740291801
0.3499790362222329	0.40021650249981267	0.24980446127795453
0.34996099863562824	0.4001436389987541	0.24989536236561782
0.34948710750669437	0.3999330102711157	0.25057988222219
0.3501332614738174	0.39953861477628994	0.2503281237498928
0.34929592321002856	0.3998400256288978	0.25086405116107374
0.3501746490156557	0.39944870510080027	0.25037664588354414
0.34998870656030506	0.39916712564231754	0.2508441677973775
0.3503830398551764	0.39977941869139716	0.24983754145342657
0.3495109140591845	0.40027309856886584	0.2502159873719498
0.3494781098825006	0.40000808512246866	0.25051380499503084
0.3495867774854886	0.4004854276365745	0.249927794877937
0.35001327802766674	0.3995434627278793	0.2504432592444541
0.3499324706183849	0.3998335428692682	0.250233986512347
0.35021036158531266	0.3998861140012785	0.24990352441340896
0.350337064222191	0.39975257827270705	0.24991035750510207
0.3495874127334079	0.4004754532182203	0.24993713404837187
0.3499804012015192	0.39947262661297755	0.25054697218550337
0.34952132927179913	0.4004247466514039	0.25005392407679705
0.350142931829815	0.3996163628148883	0.25024070535529674
0.3493795047212596	0.3998228803887809	0.2507976148899596
0.3495439371420811	0.4003158089091617	0.25014025394875733
0.35061511158697606	0.39967895420276894	0.2497059342102551
0.3505474427918823	0.3992531098501883	0.2501994473579295
0.34929074259552245	0.400379247534963	0.25033000986951465
0.34982336978688466	0.40031088781854696	0.24986574239456846
0.3495197893294625	0.4002831592893033	0.2501970513812343
0.349806732724506	0.40010129238788605	0.25009197488760804
0.35005813922172396	0.39998107587978715	0.249960784898489
0.35020453251355527	0.399023474900269	0.2507719925861759
0.34937525841129186	0.40042913874074615	0.25019560284796216
0.35061584972984816	0.3990631885835665	0.2503209616865854
0.34939481375367176	0.4001372609077406	0.25046792533858775
0.35011525421404943	0.40001889859475614	0.24986584719119453
0.3493392689604801	0.4001143168458333	0.2505464141936866
0.34948685361462334	0.3998046092291625	0.25070853715621433
0.3497394213296244	0.4003187929076357	0.24994178576274
0.3499126388814053	0.3995631339817863	0.25052422713680855
0.3500102302008321	0.40010984771886915	0.24987992208029886
0.35013390203275657	0.39951913530862315	0.2503469626586204
0.3492733264695578	0.4003042491885166	0.25042242434192574
0.3497656379977219	0.4003717909475038	0.24986257105477439
0.3500388641870234	0.39917951920026307	0.25078161661271364
0.3497647816822423	0.4003355546912004	0.2498996636265574
0.350022926186846	0.39992575939946595	0.25005131441368816
0.3499127672482525	0.3998275710995787	0.25025966165216895
0.35061189572514245	0.39921557234832833	0.25017253192652933
0.35044971254419416	0.39915020699337056	0.25040008046243545
0.3498873830061568	0.3995161585360575	0.2505964584577859
0.3494715641476471	0.3997764272498682	0.2507520086024848
0.34996606348297676	0.40003902816848746	0.24999490834853594
0.34982160656251765	0.3997468985640741	0.2504314948734083
0.34938340568420184	0.39975738906086056	0.25085920525493777
0.34941344320167256	0.4003754353162475	0.2502111214820801
0.35060874835856526	0.39967300573462783	0.24971824590680702
0.3503061030849156	0.3990352900818848	0.2506586068331997
0.34998815049577525	0.3992185094109996	0.2507933400932252
0.3501860647779762	0.3998127007102915	0.2500012345117324
0.3498903778437476	0.40035471214748547	0.24975491000876704
0.34937918940702817	0.3997736182311882	0.25084719236178377
0.34999014394945727	0.3998894591810382	0.25012039686950466
0.3503123597064279	0.39987381342545053	0.24981382686812167
0.35047840354607496	0.3993923147964463	0.2501292816574789
0.35010228542053184	0.39970946791274264	0.2501882466667256
0.34936733311873347	0.4001220302355666	0.25051063664570006
0.3499770017806628	0.39985559332503273	0.25016740489430456
0.3502758686333457	0.3998883976316932	0.2498357337349612
0.3502745248321072	0.4000121449768099	0.24971333019108305
0.3495349065437757	0.4002277569695574	0.2502373364866669
0.3500313438656576	0.399468036688885	0.25050061944545754
0.3501065006278249	0.3997443872087903	0.2501491121633849
0.34978219461449184	0.4003517572064269	0.2498660481790814
0.3495970989981044	0.39999782947687756	0.2504050715250181
0.3493936862236811	0.3999520820271092	0.2506542317492098
0.34932610874720194	0.4004110051503702	0.250262886102428
0.34944435488275116	0.40018683101875246	0.25036881409849654
0.3497987444061067	0.3995301581460707	0.25067109744782273
0.350391168422995	0.3993908252556952	0.25021800632130986
0.3495368518440639	0.4000739848496425	0.2503891633062937
0.3504849080652966	0.3997789916936692	0.2497361002410343
0.34948187618691173	0.39982705888686165	0.2506910649262267
0.3502414953054702	0.39922772354446945	0.25053078115006044
0.3500127507070394	0.3994918759295375	0.2504953733634232
0.35037050535039405	0.39929145779810465	0.25033803685150136
0.350421487720201	0.39919834337216537	0.25038016890763376
0.3499004038282452	0.3997393375014836	0.2503602586702713
0.34985360457407827	0.39970011422127283	0.250446281204649
0.3500617247300907	0.39989525121769964	0.25004302405220974
0.3501498581135973	0.3994607380962565	0.25038940379014635
0.3506217303543403	0.3995516338781104	0.24982663576754946
0.349635889474458	0.3998813104941441	0.250482800031398
0.3501023549522038	0.399275220810192	0.2506224242376043
0.3504574603569663	0.39957181782044987	0.24997072182258395
0.35044036327977296	0.3994823892306467	0.2500772474895805
0.35045667509054274	0.3993640568658586	0.2501792680435988
0.3501063345036986	0.3993704057953449	0.2505232597009566
0.34925472759582565	0.4003780840620007	0.2503671883421738
0.349697138390453	0.399581109521094	0.2507217520884531
0.3502325478943659	0.39984786327573674	0.24991958882989748
0.35038629554532025	0.39994142800789734	0.2496722764467825
0.35028428218518215	0.39998031544160245	0.24973540237321548
0.3496579527599355	0.4003691973658536	0.24997284987421103
0.34997462225131637	0.40023438708376724	0.2497909906649165
0.3503200016134592	0.3994118064792084	0.25026819190733257
0.3499627225401706	0.39932680855518554	0.250710468904644
0.3499461230534448	0.39992598798386114	0.2501278889626941
0.3498362703719809	0.3995368717180466	0.2506268579099726
0.34949481488954653	0.39994486384379724	0.25056032126665634
0.3503216977533264	0.39902618111229565	0.25065212113437807
0.3504461160952629	0.39904390375358145	0.2505099801511558
0.3500555089952478	0.3999463421517652	0.2499981488529871
0.35013943332840547	0.39904263764114445	0.2508179290304502
0.34940363213648684	0.3999181032535667	0.2506782646099466
0.3498802691934552	0.39935531608749136	0.25076441471905353
0.34950069501550396	0.40027785422136797	0.2502214507631282
0.3505161936994345	0.39919576583224625	0.2502880404683194
0.34943488795720945	0.39984645167547817	0.2507186603673125
0.3499081256909985	0.4002393466891403	0.2498525276198613
0.3499651705808355	0.39942861337671404	0.2506062160424506
0.349464690640982	0.4003377032334137	0.2501976061256044
0.350318571475272	0.3993790399193341	0.250302388605394
0.3496849911513221	0.40005428843758956	0.2502607204110885
0.34959428368509393	0.3997212860568927	0.25068443025801346
0.35039061586711273	0.3996708639199755	0.24993852021291185
0.35008595868437814	0.3999903711039672	0.24992367021165476
0.34999615868332173	0.39950044957480896	0.2505033917418694
0.3499355511419548	0.39967826851894367	0.25038618033910165
0.35035623407846755	0.39906408872180543	0.2505796771997272
0.3501027746988307	0.39960911866604676	0.25028810663512263
0.3496096543089007	0.39958768362236946	0.25080266206873
0.34959111378174024	0.3995747990820281	0.2508340871362318
0.3502146020818039	0.3990583198670246	0.25072707805117156
0.3492701907291146	0.4001166460321155	0.2506131632387701
0.34960219894329725	0.39969608628072956	0.2507017147759733
0.34967455679741555	0.3996852448950852	0.25064019830749934
0.34945527420977796	0.3999561704496799	0.2505885553405422
0.3496495774828568	0.4002209882197009	0.2501294342974424
0.3502815071015071	0.39984710787719696	0.24987138502129608
0.34964835444250675	0.4003400380967039	0.2500116074607895
0.3496767067778952	0.39983683138736026	0.25048646183474466
0.3504051195605143	0.39989005242895154	0.24970482801053429
0.3498475470401729	0.39953696636595426	0.2506154865938729
0.35065170493431996	0.3995020254946651	0.24984626957101505
0.3499452175042267	0.39941586682866836	0.25063891566710506
0.35002939253727205	0.40003444951664946	0.2499361579460786
0.34968221258144144	0.4000145627851237	0.25030322463343496
0.3503388471013541	0.3997623542667975	0.24989879863184844
0.3497416538628443	0.39943323136122755	0.2508251147759283
0.350124544873313	0.4002116338167227	0.2496638213099644
0.3500388152770142	0.3991444689871406	0.2508167157358453
0.35066357181112257	0.3996555069009463	0.24968092128793123
0.34959712904496576	0.39974116859084724	0.25066170236418706
0.3501931225117072	0.39942105157034474	0.25038582591794817
0.34957546263204975	0.39960506542365737	0.25081947194429294
0.35040082609939815	0.39974680124571205	0.24985237265488996
0.349820542582718	0.39984925830158047	0.2503301991157017
0.35007928313513037	0.3990636360465095	0.2508570808183602
0.35005530069817653	0.3996115360428306	0.2503331632589929
0.34939243237651874	0.4004555706266738	0.25015199699680757
0.3497120621697377	0.3996670960032235	0.2506208418270389
0.3501356905289522	0.39904119420407236	0.2508231152669756
0.35048077234743646	0.3994056546874457	0.2501135729651179
0.34946483906684184	0.3997317171275978	0.2508034438055605
0.34971456303003745	0.40014027773804006	0.2501451592319226
0.3505868524214288	0.39942699304207846	0.24998615453649287
0.3497989069133801	0.3994330527629979	0.2507680403236221
0.3497132564784419	0.4003276909502949	0.24995905257126325
0.34943850695866274	0.3998166688884784	0.250744824152859
0.3500081588410966	0.3994304777952516	0.2505613633636519
0.3501763783895555	0.4000004219012433	0.24982319970920136
0.35024804548273847	0.3999885923892937	0.24976336212796799
0.34976691009081595	0.3996992897008582	0.2505338002083259
0.35022331651215516	0.3996381228995665	0.25013856058827844
0.3498147406545023	0.400163262589673	0.2500219967558248
0.3503598645904391	0.3991992699934275	0.25044086541613353
0.35013986137109	0.39952785130856927	0.25033228732034085
0.3505499219209628	0.3993629944024393	0.25008708367659804
0.3492350411235186	0.40022516468604674	0.25053979419043476
0.3498974386883952	0.39998389882956725	0.25011866248203773
0.3504073050321993	0.3990768578236431	0.2505158371441577
0.3501125891351969	0.3994715898123621	0.25041582105244115
0.3501174070430171	0.40012014793207207	0.24976244502491096
0.35031395430408696	0.39941471487401625	0.25027133082189684
0.3505662071208715	0.39902744661313533	0.25040634626599334
0.350336988764592	0.39971319446906095	0.24994981676634712
0.34950841506109265	0.39964413415605593	0.25084745078285153
0.3505163100121887	0.39965032297198155	0.24983336701582987
0.35011427392439776	0.4001919485078285	0.24969377756777383
0.3500093104658584	0.40016090342611954	0.2498297861080222
0.3496617297782066	0.40027257910727343	0.2500656911145201
0.35021083088317023	0.39955702186514774	0.2502321472516822
0.3503417148188569	0.39943256830132107	0.2502257168798222
0.34956635769360134	0.3999008613332212	0.25053278097317755
0.34994487905371574	0.39962243894210037	0.250432682004184
0.3495008956692586	0.3998889208292563	0.25061018350148523
0.3496695904195426	0.39969004216847115	0.25064036741198636
0.3496017071506219	0.3999009464869422	0.25049734636243604
0.3503710626730905	0.39903409976100507	0.25059483756590456
0.35022313428018786	0.3999852182861672	0.24979164743364507
0.3502944380356897	0.3994106625017768	0.2502948994625335
0.34990800378050074	0.39924080191978095	0.2508511942997184
0.35023044228084926	0.39914400587866605	0.25062555184048474
0.35011199159101875	0.3991563612551758	0.2507316471538056
0.3503318703944025	0.39965747155955855	0.2500106580460391
0.3505092352139501	0.3990763275148157	0.25041443727123425
0.34970179249151584	0.40023522041012205	0.25006298709836217
0.3494456825305182	0.39974678301108485	0.25080753445839704
0.3503283433773481	0.39994641496578975	0.24972524165686225
0.3497082199896018	0.39989787234772123	0.2503939076626771
0.35028217076620255	0.39987579242162785	0.2498420368121697
0.3504440113409876	0.39933596636641466	0.2502200222925979
0.34990617519309924	0.3996185951207521	0.25047522968614877
0.35007458982708844	0.39926778804592433	0.2506576221269873
0.3503237371646115	0.3994598240603645	0.2502164387750241
0.34983360296665583	0.4000408381181547	0.2501255589151896
0.3500119225524292	0.40008240803924255	0.24990566940832837
0.3502036132560763	0.3994996723122129	0.250296714431711
0.3503559344383645	0.3994831286215184	0.2501609369401172
0.34976075185031374	0.40045457228433434	0.24978467586535202
0.3502842027027728	0.39948006764274163	0.2502357296544857
0.35057725870641887	0.39959800498508175	0.2498247363084995
0.34990304788793025	0.4000398357131181	0.2500571163989518
0.3494343503689847	0.3999665513234977	0.2505990983075178
0.34996669305458916	0.39980259082441605	0.2502307161209949
0.35010474826528465	0.399030101608599	0.2508651501261165
0.34972209121846154	0.39964565906885374	0.25063224971268483
0.3505190128245734	0.39913017851720944	0.2503508086582173
0.35020898874229256	0.39970151435795453	0.250089496899753
0.3501788026762568	0.39943705931618995	0.2503841380075534
0.34930789090523745	0.39991111551616343	0.25078099357859923
0.3498468555733	0.3998724447825509	0.2502806996441492
0.35039947796581056	0.3990587444912678	0.25054177754292173
0.3505102968895153	0.39978536260087716	0.24970434050960766
0.3499873937567301	0.3998554570814076	0.2501571491618624
0.34931072182411504	0.40010203006580025	0.2505872481100848
0.3503315568576431	0.3999534361319992	0.24971500701035781
0.3505253778269565	0.39979919088956206	0.24967543128348157
0.3496044170389479	0.40027063033804783	0.2501249526230044
0.34934420003917954	0.40017236560695635	0.2504834343538642
0.3501411166625605	0.39933348220332476	0.25052540113411487
0.3499077168218086	0.4004004349100557	0.24969184826813579
0.34994601582642226	0.3995402535189153	0.2505137306546625
0.3497984785339017	0.39980511264609575	0.25039640882000264
0.34950465561167177	0.39985243359167344	0.2506429107966549
0.34966677681702724	0.4003625179349764	0.24997070524799647
0.3498029331603688	0.3993624612341403	0.25083460560549103
0.3501650918626361	0.3991493157760876	0.2506855923612764
0.3496042141866739	0.40016258601397714	0.25023319979934905
0.35024799477185625	0.39975862068785084	0.24999338454029302
0.3492975671635736	0.40035876406756343	0.2503436687688631
0.35002469737365627	0.3998698959959497	0.2501054066303941
0.3499508399272849	0.399902879179297	0.2501462808934183
0.35033552114991695	0.3991678772438587	0.25049660160622444
0.34947428606814607	0.4004302750946511	0.2500954388372029
0.34943383688869945	0.40044343577520447	0.2501227273360962
0.3503153238270407	0.39987214133914517	0.2498125348338142
0.35030873295236814	0.3994851438942401	0.25020612315339186
0.3496835945532529	0.4004661945856798	0.24985021086106743
0.350574448454864	0.39925603972480245	0.25016951182033365
0.349384497958644	0.4003365179008016	0.2502789841405545
0.34980202592300597	0.40035342220507664	0.2498445518719175
0.35017606978217874	0.40006429863426585	0.24975963158355552
0.34930821404709583	0.40043235393303345	0.25025943201987083
0.3501915347708652	0.39933927639410915	0.25046918883502584
0.35041006910985684	0.3990990001875741	0.25049093070256917
0.3502431646776754	0.39997377993987415	0.24978305538245055
0.3506049107009634	0.3994694012168053	0.24992568808223142
0.34956612321501485	0.3997268839988708	0.2507069927861144
0.3500906167985311	0.3998064135007925	0.25010296970067647
0.35038862566570617	0.3996514094618238	0.24995996487247016
0.34975242482188723	0.39975506678043404	0.2504925083976788
0.3503069872758454	0.39972386425769435	0.24996914846646032
0.3499731991460015	0.39919014218915416	0.2508366586648444
0.3494981018449294	0.4004187451469591	0.2500831530081116
0.3493986794177663	0.3997789677939878	0.25082235278824605
0.3496824993864902	0.4002468873802324	0.2500706132332775
0.3498805300134149	0.39999628942432536	0.25012318056225985
0.3505378086442993	0.3994604408196792	0.25000175053602164
0.34924873980890975	0.40040813309601975	0.25034312709507067
0.35001717850676095	0.3998800923540843	0.2501027291391549
0.3501822709386552	0.39954520185090026	0.2502725272104446
0.35018265323975695	0.3996246337397532	0.25019271302049
0.34996563346900794	0.3995539698242776	0.25048039670671457
0.34970538514733124	0.39999720143328704	0.25029741341938183
0.3496861319480686	0.40008518460404086	0.2502286834478906
0.3503687379284036	0.39979194284239195	0.24983931922920455
0.34937721013905876	0.4001105413942504	0.25051224846669096
0.3505999398310791	0.399225721010946	0.25017433915797493
0.35049942148366214	0.3991824900600751	0.25031808845626285
0.3495933672678411	0.3997332665361769	0.2506733661959821
0.3502825383320159	0.39940087432445653	0.25031658734352763
0.34989804048704265	0.4001305150270877	0.24997144448586978
0.34966534221048223	0.40029776019288676	0.25003689759663106
0.3494927727608655	0.3999449757922441	0.25056225144689054
0.34958261571644095	0.39970670351882226	0.2507106807647369
0.35066243514752266	0.39944341466286887	0.24989415018960862
0.35019574357426353	0.3993239743702858	0.2504802820554508
0.3502596110671313	0.40004510041802843	0.2496952885148404
0.3502871676406082	0.3999314433674419	0.24978138899195002
0.34995327675268284	0.3996956597487757	0.2503510634985415
0.3505726344858828	0.39967278123652383	0.2497545842775935
0.3494213617085417	0.400425221811459	0.2501534164799994
0.3499509133330013	0.39997959892280094	0.2500694877441978
0.35029961027289186	0.39990861702019664	0.2497917727069116
0.349819493603788	0.3999617933661694	0.2502187130300427
0.35006062511719893	0.39914795031098294	0.2507914245718182
0.3503900298695396	0.39968224837361854	0.24992772175684197
0.3504733042544206	0.3991976688875455	0.2503290268580341
0.3501538511666688	0.3997022675069075	0.2501438813264238
0.35020157189403767	0.400006021091539	0.24979240701442346
0.3496619371665649	0.3999269945812651	0.25041106825217
0.34954445777499393	0.4001724614243062	0.25028308080069994
0.34972887373248246	0.4002685904120785	0.2500025358554392
0.34994054237583583	0.39956906506088385	0.2504903925632804
0.35015046319300624	0.3991031666506743	0.25074637015631956
0.3503441038659139	0.3993944029546904	0.25026149317939583
0.3503265294496149	0.3997331795975967	0.24994029095278847
0.34989075841335693	0.3995687737028882	0.250540467883755
0.35046591558955015	0.3995670724611415	0.24996701194930848
0.3492874649695105	0.39996856833318223	0.25074396669730736
0.3493284309044187	0.4001818153627231	0.2504897537328583
0.3502704174852845	0.3990806425181202	0.25064893999659543
0.34974035214897525	0.3996250715653959	0.25063457628562896
0.3504410257425225	0.39929159525024366	0.25026737900723395
0.3493477842365057	0.40007844636154416	0.2505737694019503
0.3501104733873508	0.3992245623888745	0.2506649642237748
0.3499298746881911	0.399902426687177	0.25016769862463206
0.34993799716951524	0.3992095881622913	0.2508524146681936
0.3499775608974236	0.39945838614223683	0.2505640529603397
0.34986992496546193	0.39979960062842196	0.2503304744061162
0.35040474447212583	0.3995748982510277	0.25002035727684657
0.35012436078095616	0.39993919669863043	0.24993644252041355
0.349998875401518	0.3997237030441585	0.25027742155432364
0.3501489326692833	0.3995920453002811	0.2502590220304357
0.35026631554579774	0.3994851660428147	0.2502485184113877
0.3502039612807544	0.39903995826293853	0.2507560804563072
0.35028739596048675	0.3996916650141493	0.25002093902536404
0.3500276590906165	0.39930160798263115	0.25067073292675246
0.3493167193208759	0.3998689973922748	0.2508142832868494
0.35058804354754053	0.3996182176021855	0.24979373885027406
0.34946741585316504	0.3998594180230086	0.25067316612382645
0.3497639428098437	0.4001518105737965	0.25008424661636
0.3496453083122374	0.39974972150369653	0.25060497018406624
0.3505787176216118	0.39933533415839956	0.25008594821998875
0.3501325285889798	0.399931376823187	0.2499360945878333
0.3494102707151597	0.40021964720725556	0.2503700820775848
0.35044705537533233	0.39902920501389	0.2505237396107778
0.3505771948645646	0.3995008664234522	0.24992193871198332
0.3499466360267198	0.39979953941225643	0.25025382456102385
0.34969183184060787	0.39993184746061883	0.25037632069877336
0.34963088885228466	0.3995592594814931	0.2508098516662223
0.35045850957233626	0.3992455006720939	0.25029598975556994
0.3500951488670516	0.3998914263486488	0.25001342478429966
0.3495863598553217	0.4000024778338199	0.25041116231085847
0.3499978939103774	0.39936706584833936	0.25063504024128336
0.34982098292221153	0.3994105503364974	0.25076846674129116
0.34956684833311075	0.39959286960669294	0.25084028206019643
0.3497746009097239	0.3994768197618911	0.2507485793283851
0.3502822876103972	0.39974988119948185	0.24996783119012106
0.3505642535075814	0.3993397364747726	0.25009601001764614
0.3496694890432661	0.40002082479982726	0.25030968615690674
0.34948921918641984	0.40028797173874286	0.2502228090748374
0.3504676781386049	0.39928557479644095	0.2502467470649542
0.349595044664618	0.4003946495141293	0.25001030582125283
0.3499424387408852	0.3999302166228291	0.2501273446362858
0.34984364917561844	0.3994215338173727	0.25073481700700895
0.3503325816044558	0.39983595302420283	0.24983146537134152
0.34995707807951015	0.3997540380882667	0.2502888838322232
0.34976086084592495	0.4004920240654114	0.2497471150886638
0.34930512296046007	0.39986842475092255	0.25082645228861744
0.34955601795119906	0.39979299675663715	0.2506509852921639
0.34969485924669974	0.3997944809181275	0.25051065983517284
0.3494566389423269	0.40010235600889776	0.2504410050487754
0.35024874858504423	0.39978902451909304	0.24996222689586278
0.35038261144213567	0.39935379317435005	0.2502635953835144
0.35037436875522704	0.3996078939226798	0.25001773732209326
0.3500786653524781	0.39934313091828666	0.2505782037292354
0.3499284062686122	0.4003800532722464	0.24969154045914146
0.3503454632710031	0.39971078340164323	0.24994375332735386
0.3498091103215171	0.4001010658348645	0.25008982384361855
0.34961293092960594	0.39996146908089936	0.2504255999894948
0.34998009513412176	0.400022862576842	0.24999704228903635
0.34995601325250286	0.40016486524043615	0.24987912150706107
0.35048412362540643	0.3995941656835523	0.24992171069104135
0.35047443550700164	0.3995638592617407	0.24996170523125777
0.35015942164417996	0.3992732810750361	0.25056729728078403
0.3498894453784228	0.400264127676939	0.24984642694463832
0.35002095767720154	0.39970921386192404	0.2502698284608746
0.34934999722819116	0.3998576290559395	0.2507923737158695
0.3501905293380563	0.39963188685281437	0.25017758380912947
0.3494005856117606	0.4004551293255746	0.250144285062665
0.3501345040898925	0.3999844471712246	0.249881048738883
0.3500578270318199	0.3995990655219439	0.2503431074462363
0.3496208123547355	0.39957136687551903	0.25080782076974556
0.3492692471511435	0.40026648016450783	0.25046427268434873
0.349245512156823	0.4004082205974525	0.2503462672457246
0.35013608198275253	0.3998619961053354	0.2500019219119122
0.3495975704266465	0.3995881620293624	0.2508142675439911
0.3492903739857869	0.4003411792717232	0.25036844674249004
0.3504685930508231	0.3990380571199281	0.25049334982924887
0.3500541226309017	0.3991613063860199	0.2507845709830786
0.3500247572911041	0.4001129232447108	0.24986231946418516
0.34979655950430427	0.3998641267731916	0.2503393137225042
0.34976028463547626	0.3994658185895793	0.25077389677494455
0.34968786556260983	0.4003932094696718	0.24991892496771853
0.3504241507263812	0.39967074872898484	0.24990510054463408
0.3499983749152118	0.4003344797195073	0.24966714536528098
0.35006087171015826	0.39948386416440584	0.250455264125436
0.35047055040391384	0.39970280295464533	0.24982664664144094
0.35029926108444615	0.3992237642058878	0.2504769747096662
0.3499584065437134	0.3999790638948649	0.25006252956142183
0.3495907732731363	0.39988690926425874	0.25052231746260506
0.3506357668760965	0.39952931760847576	0.24983491551542789
0.3502751431321111	0.3994656918453824	0.25025916502250656
0.35065460522149317	0.39960609358840227	0.2497393011901047
0.3504076045708818	0.399430910471206	0.25016148495791224
0.35016831495011785	0.3992338153994816	0.25059786965040065
0.35045443145749355	0.3991760688619266	0.25036949968058
0.349470067199454	0.4003270399725959	0.2502028928279502
0.34988795106224335	0.3998938102324328	0.25021823870532395
0.3495544325705219	0.40023933170168713	0.2502062357277911
0.35007954619095943	0.4001185338703027	0.24980191993873796
0.35036112224542704	0.3990393007390567	0.2505995770155164
0.3495023328629218	0.39997848926188323	0.25051917787519506
0.35026401603863255	0.3997721532807068	0.2499638306806608
0.35016501249694504	0.399867799417287	0.24996718808576807
0.35028049348195733	0.39992532082469084	0.24979418569335196
0.34951732053884	0.40016077675442074	0.2503219027067394
0.35027733766131164	0.39971246348827677	0.2500101988504117
0.34962349140259147	0.399734861694913	0.25064164690249563
0.3503447113664361	0.3998618465201484	0.24979344211341567
0.34931546345175646	0.40044829658600467	0.250236239962239
0.34987202907648557	0.39973922374750315	0.25038874717601134
0.34967739862742436	0.39980447582632533	0.2505181255462504
0.34949332940523653	0.39980355232521503	0.2507031182695486
0.3496267909378646	0.4003704348546674	0.2500027742074682
0.34986616317675895	0.40045078126176537	0.24968305556147577
0.3503923096718875	0.3994303383600897	0.25017735196802293
0.34961169587095475	0.40025554663066626	0.2501327574983791
0.3506442877148296	0.3992013102867112	0.25015440199845934
0.3498994775757004	0.4000351702827478	0.2500653521415519
0.3496669856884375	0.39955917524089957	0.25077383907066303
0.3498290894824938	0.39979714934421984	0.25037376117328647
0.3497392586563701	0.39964796445256523	0.2506127768910647
0.3499842993432729	0.3994578715066487	0.2505578291500785
0.35014159475698686	0.39943542783016794	0.2504229774128453
0.34961429617688855	0.4001680891649726	0.2502176146581389
0.3497524777177561	0.39979312388518384	0.25045439839706024
0.3498031567198551	0.40028018662814846	0.24991665665199653
0.34928135647885095	0.40039772978493493	0.25032091373621423
0.3492826130040508	0.4002709043100736	0.25044648268587577
0.34984985626322795	0.4000436426364404	0.2501065011003318
0.3498329321664674	0.39968889759740356	0.2504781702361291
0.34924567451875194	0.40043844641877513	0.25031587906247305
0.3496623631553206	0.3995636355738403	0.25077400127083915
0.3500258659528113	0.40028201646568456	0.24969211758150422
0.3501649442969471	0.39928751344482694	0.25054754225822606
0.3505652194664289	0.39954378495926374	0.2498909955743075
0.3500163063046941	0.3999877498408128	0.2499959438544932
0.3493500979139605	0.4001088236498985	0.25054107843614104
0.3500392502595556	0.39986159286394957	0.2500991568764949
0.34966032688185983	0.4001678037689538	0.2501718693491865
0.3494089938316554	0.4002376334928298	0.2503533726755149
0.3499751901202541	0.40020253081879886	0.2498222790609472
0.34981395204320087	0.39961599205845455	0.2505700558983447
0.3498689430438564	0.399828601502384	0.25030245545375973
0.3505210327239119	0.3994078748565946	0.2500710924194936
0.3501582999070608	0.3993517732057266	0.2504899268872126
0.35018773998177316	0.3990343205433391	0.25077793947488786
0.35016070280325273	0.39997533116336575	0.2498639660333816
0.34946003328688496	0.3999135067587796	0.2506264599543355
0.34963564522350354	0.40024494614198236	0.2501194086345142
0.3494830137653414	0.40008402522829395	0.2504329610063647
0.3495848603166794	0.40027391697772474	0.25014122270559597
0.3494410031613171	0.40020202992143916	0.25035696691724385
0.34972963617488406	0.4005021239989405	0.24976823982617558
0.3503001356468946	0.3991991584176194	0.2505007059354861
0.3500502256292356	0.3994110419201499	0.25053873245061464
0.3501114568349118	0.3995611701137623	0.250327373051326
0.3503130439452264	0.39963597402260076	0.25005098203217296
0.35056401175723945	0.39958317121585857	0.2498528170269021
0.3496670214963164	0.39984919488721504	0.25048378361646867
0.34946766669551066	0.3997195347314549	0.2508127985730346
0.34937347804036634	0.4001736292572804	0.2504528927023534
0.3501405124709258	0.3991351892402825	0.2507242982887918
0.3499595135396706	0.400156010233245	0.24988447622708454
0.3500466287102139	0.3994558852650999	0.2504974860246863
0.3499755782187899	0.4002747490331795	0.24974967274803073
0.3506485189369303	0.3990229815163574	0.25032849954671244
0.3501203834434125	0.3996814418672341	0.2501981746893535
0.35051104972818076	0.3993108349304467	0.25017811534137263
0.3506464833555866	0.39924773700253935	0.25010577964187414
0.34962526287086676	0.39988786510573937	0.250486872023394
0.35007356462556544	0.3994451349365782	0.25048130043785655
0.3493438945095441	0.40025842336396317	0.2503976821264928
0.35018631739764433	0.3998683648080745	0.24994531779428136
0.3503312516735717	0.399949836728954	0.24971891159747436
0.3503110170433886	0.3996700151128588	0.2500189678437527
0.3497520927791427	0.39963043754763594	0.25061746967322146
0.3496446948040671	0.40018145766221147	0.2501738475337215
0.34935888037832785	0.4000876391258709	0.2505534804958013
0.35032341606342654	0.39995791604579145	0.24971866789078215
0.3506123203737326	0.39932362187814296	0.25006405774812457
0.3500795914126714	0.3991840133865665	0.2507363952007622
0.34955703813473116	0.4000122101783613	0.25043075168690765
0.3503301651181337	0.3997900025049154	0.249879832376951
0.35009569545843156	0.39989927049675167	0.2500050340448169
0.349955337482339	0.3996172238418377	0.25042743867582345
0.3493413432179535	0.40032815454601933	0.25033050223602726
0.34929206151433634	0.4003360168300159	0.25037192165564787
0.3504819040692525	0.3992659172580389	0.25025217867270877
0.3502039263061726	0.3996270356333809	0.2501690380604466
0.35025198692442894	0.4000298937094231	0.24971811936614807
0.3496733422533833	0.4001871315431598	0.25013952620345703
0.3497229801189048	0.39974047284966097	0.25053654703143435
0.34987800614651743	0.39977166381957463	0.25035033003390805
0.35024883390633377	0.39941252979606645	0.25033863629759984
0.3494565649857617	0.3999621655552375	0.25058126945900094
0.3501491169350728	0.39980900965323835	0.25004187341168904
0.34966901961844526	0.39987336060197387	0.2504576197795809
0.3499233387668842	0.3994913705933575	0.25058529063975843
0.3503593307615524	0.39995939808982595	0.24968127114862176
0.34946823781975195	0.39998228285536946	0.2505494793248787
0.3503107033232288	0.39965872423994375	0.2500305724368276
0.3505933798709422	0.399353177450704	0.25005344267835394
0.3497074928465728	0.3995418105775475	0.2507506965758798
0.35042842006106134	0.3996943153711635	0.24987726456777526
0.34956520595734725	0.3998058201806469	0.250628973862006
0.3505125213004039	0.3991025834288193	0.2503848952707769
0.3496237156622705	0.40032320219447687	0.2500530821432527
0.35065278286250495	0.3991989509551017	0.25014826618239344
0.3498161437460537	0.39993041006395136	0.25025344618999507
0.3496471718669145	0.40019729812039273	0.2501555300126928
0.349512241101648	0.4003282855110365	0.2501594733873156
0.34942388160258303	0.39973208056549153	0.25084403783192555
0.3502292743008286	0.39970380189138277	0.2500669238077887
0.34998858305751457	0.39986562790693647	0.25014578903554907
0.3493827098340931	0.39993306799707457	0.25068422216883246
0.3496983055910243	0.40037112196057445	0.24993057244840136
0.35026783316219123	0.3997467909986633	0.2499853758391456
0.3502076525358682	0.3992848413581386	0.25050750610599337
0.34981629898931754	0.4003206361301127	0.24986306488056992
0.350348817802986	0.39969503082971175	0.24995615136730237
0.35002570610804856	0.4002934796673149	0.2496808142246367
0.3498074384394018	0.40023100336966655	0.24996155819093174
0.3500977760779953	0.4001993706666962	0.2497028532553086
0.3505177349595594	0.3995800154217987	0.249902249618642
0.3495251018437928	0.39984234256628953	0.25063255558991776
0.34950321299018944	0.40009138854279613	0.25040539846701454
0.34955742682414537	0.39975267901867223	0.2506898941571825
0.350014629437766	0.39940914671824435	0.2505762238439898
0.34956960715038676	0.40000126626929355	0.2504291265803198
0.3505106459709796	0.39945335392753045	0.2500360001014901
0.35016473940950754	0.3990821464120396	0.250753114178453
0.35033652724861974	0.39954646437552377	0.2501170083758566
0.34943737746865877	0.4001361793016406	0.25042644322970076
0.3500570977417536	0.39931263483515006	0.25063026742309646
0.34927712392772814	0.39994405998137655	0.2507788160908955
0.3502583350983417	0.3999593465268905	0.2497823183747679
0.3505104899698261	0.39924477203619213	0.2502447379939819
0.35002638916162143	0.3991483365966938	0.2508252742416849
0.34974435765795925	0.4005051046080478	0.24975053773399308
0.349691828416387	0.39977694006214703	0.25053123152146606
0.3497003065183654	0.3995685784739699	0.25073111500766476
0.34981747080426373	0.40027447305493524	0.24990805614080114
0.3504534269253801	0.39982917357398995	0.24971739950063007
0.35004550498329756	0.40027793009767143	0.24967656491903106
0.34999807103298797	0.3998484964829604	0.2501534324840518
0.3495371126182991	0.399810914226751	0.25065197315494997
0.3497588825918356	0.39958960903024204	0.2506515083779225
0.35002441315546956	0.3992403594942374	0.25073522735029313
0.3501892673446002	0.39929523447397935	0.25051549818142055
0.3495689160063535	0.3999622983985598	0.25046878559508684
0.3498011105788012	0.39988984233180436	0.2503090470893946
0.34989606395744993	0.4001905004356824	0.24991343560686782
0.3503392835032934	0.3991910985936392	0.2504696179030675
0.34930841974734955	0.40005752169236364	0.2506340585602869
0.34938798901138324	0.39994267234298486	0.250669338645632
0.3506021813417692	0.39919386410003616	0.2502039545581948
0.34973871824803016	0.3994890047839872	0.2507722769679827
0.3505968913844463	0.3993253306046664	0.25007777801088743
0.35024816746084	0.399025286879561	0.2507265456595992
0.3505996424117032	0.3996975567744549	0.249702800813842
0.3501515511457246	0.3998253407792911	0.2500231080749844
0.3501667176529865	0.3990223803073144	0.2508109020396992
0.3500215599469532	0.39980154442565075	0.25017689562739615
0.350435316159565	0.39918032570488127	0.2503843581355538
0.3497228842693525	0.3997201498526796	0.25055696587796805
0.3500007590484386	0.39988311929258546	0.25011612165897606
0.3503505067590854	0.399768052404151	0.24988144083676372
0.35011313292633867	0.399296146398965	0.25059072067469645
0.3500510759132739	0.399094419829039	0.25085450425768724
0.34975548208421037	0.40031493078467173	0.24992958713111796
0.3504780230007154	0.39903523100264343	0.2504867459966413
0.3496804129346305	0.39973713427336033	0.25058245279200925
0.34969163137784925	0.40014598827150705	0.2501623803506438
0.35044192677705316	0.3991478929121831	0.25041018031076384
0.3495314956089317	0.3998728886336933	0.2505956157573751
0.3496148184411389	0.3998335286665551	0.25055165289230613
0.3499188769332024	0.3995769525015447	0.25050417056525304
0.3495534526340437	0.39995928596658453	0.25048726139937194
0.35025426554753686	0.3994877237823502	0.2502580106701131
0.3498522353492219	0.4003779842165203	0.2497697804342579
0.3505952166036065	0.3992181843393434	0.2501865990570502
0.3500021617199191	0.399328790263042	0.25066904801703904
0.34945284255817055	0.3997728217358989	0.25077433570593066
0.3493361020463487	0.3999295202204742	0.25073437773317725
0.3504315969262317	0.3991159464391426	0.2504524566346258
0.34987196956532407	0.4001243872824542	0.25000364315222184
0.35028522410040286	0.39972399405511644	0.2499907818444808
0.3499268003073637	0.39966269203163046	0.250410507661006
0.35061422860778213	0.39935999115164467	0.2500257802405733
0.34957683177290133	0.4000063758806678	0.25041679234643094
0.3504314717326469	0.39972156542629844	0.2498469628410548
0.35010999298510287	0.3994315970310784	0.25045840998381885
0.3493515860262625	0.40018700253944073	0.25046141143429684
0.3496615687286609	0.3995073141431611	0.2508311171281781
0.3498284970705955	0.40025852067303536	0.24991298225636926
