0.16600193131943244	0.3160485054046676	0.5179495632759001
0.173078268442291	0.3710295800760191	0.45589215148169004
0.1605318877822935	0.31811787667393754	0.5213502355437691
0.15695644191008268	0.37708729037619376	0.46595626771372367
0.15639013036262928	0.3613433480952195	0.4822665215421513
0.17333776293453784	0.3655618517615366	0.46110038530392566
0.16321209517101506	0.35390176750960234	0.4828861373193827
0.15921159307529514	0.3836470180212398	0.4571413889034652
0.14777335600942026	0.3767199216921263	0.4755067222984536
0.15788180985973677	0.38610325035934295	0.4560149397809204
0.16863289877306026	0.3236415976734748	0.5077255035534651
0.1543855825829721	0.36245650329966633	0.48315791411736164
0.17429646964333217	0.312111786342721	0.5135917440139469
0.15923491945619023	0.3252825484054785	0.5154825321383314
0.14807859604548781	0.33450847972402536	0.517412924230487
0.15098328918951373	0.3344681181180712	0.5145485926924152
0.16694277416285297	0.34274389185970733	0.4903133339774398
0.15422301142851777	0.3863093366245771	0.4594676519469052
0.1736375484418879	0.3683714709342546	0.4579909806238576
0.16249623989377576	0.35372791209804927	0.4837758480081751
0.1720030976134705	0.3482587415687543	0.4797381608177753
0.1561847533121803	0.3583706051399225	0.48544464154789724
0.15707358312355585	0.3849045074081056	0.45802190946833865
0.16799642310904458	0.35751768738413214	0.4744858895068234
0.16702128692180157	0.3613632022666295	0.47161551081156905
0.14930454413867655	0.35072398199364135	0.4999714738676822
0.17546508607798142	0.3669124628369236	0.45762245108509514
0.15682929743228674	0.36389628057299284	0.47927442199472053
0.17594279733000637	0.30643822992477776	0.517618972745216
0.16758687672382327	0.3528709196289738	0.479542203647203
0.1481045747425881	0.37958950167953825	0.4723059235778737
0.16513237215377966	0.3770217475878064	0.45784588025841405
0.1537074288744329	0.3402116015574666	0.5060809695681006
0.154713083977433	0.3299180227003479	0.5153688933222191
0.15622509421313419	0.3682193924307196	0.4755555133561463
0.15175640524511969	0.3907331228366355	0.4575104719182449
0.16247932536306253	0.3401370171440278	0.4973836574929098
0.17324066244363484	0.3689939859399454	0.45776535161641985
0.14867463905961156	0.37463310571505315	0.4766922552253354
0.1506256291172092	0.3250647329254567	0.5243096379573342
0.1538513101837098	0.34188286836586707	0.5042658214504233
0.16537294518296589	0.327703790395941	0.5069232644210933
0.15853351597263715	0.34386115820000535	0.4976053258273576
0.16203242726419545	0.3220841024510178	0.5158834702847869
0.1765249470457563	0.2901967913014468	0.533278261652797
0.1726328806217512	0.32519221960112016	0.5021748997771288
0.1691840108384376	0.3062323590054258	0.5245836301561367
0.1656844356640897	0.29770716378901374	0.5366084005468967
0.16325707744319537	0.34009275681817713	0.49665016573862764
0.15794947279667287	0.36127875582447	0.48077177137885724
0.17049735591255094	0.2977023396070134	0.5318003044804357
0.15983828666549066	0.338690093446231	0.5014716198882785
0.1765161906429769	0.33489236677494283	0.4885914425820804
0.15083418750719338	0.3342843485450756	0.5148814639477312
0.16786647177136804	0.2926990155536802	0.5394345126749518
0.17061801610205668	0.3569291865308672	0.47245279736707624
0.14778071999876036	0.3621143038063966	0.49010497619484317
0.174901042885438	0.33797176544695623	0.4871271916676059
0.15718405330714136	0.36154974667297357	0.4812662000198852
0.16109876421208236	0.3288956361011979	0.5100055996867199
0.1495131563115113	0.31230625849047394	0.5381805851980148
0.17465381574180452	0.3061767845448162	0.5191693997133794
0.15716391284577336	0.3268607889804408	0.515975298173786
0.15338319997147884	0.35409100072756877	0.49252579930095247
0.1727148710712652	0.3607356565950153	0.4665494723337196
0.17040483529147937	0.32769773088448134	0.5018974338240394
0.17617268804370254	0.35842703949605365	0.46540027246024396
0.1664595275734348	0.2950373514507723	0.538503120975793
0.1624305243736296	0.3583355935679245	0.47923388205844597
0.1573135117774146	0.3241002596484308	0.5185862285741547
0.1620196312529127	0.3809604091857399	0.4570199595613475
0.17160362636677254	0.3494055183998376	0.47899085523339
0.17224391376284748	0.2929852341190976	0.534770852118055
0.16253572586863502	0.3592934049991372	0.47817086913222795
0.17168115541377427	0.30370591455890467	0.5246129300273212
0.16462649575094424	0.3365269396617036	0.4988465645873523
0.17395583674669615	0.30533574606706093	0.520708417186243
0.1506894279759527	0.36606812671342454	0.4832424453106229
0.16155744960843482	0.36229892522553286	0.4761436251660324
0.15535011029773219	0.31933935475955577	0.5253105349427122
0.16671475971420321	0.2946993894435094	0.5385858508422876
0.15508809867715223	0.38907661016901507	0.4558352911538328
0.16229673629721708	0.3661223111638099	0.4715809525389732
0.16124972478572663	0.3842426672907368	0.4545076079235367
0.16301085705687884	0.33529695059005266	0.5016921923530686
0.16749341975346016	0.31763477819352887	0.5148718020530111
0.17555319014564488	0.3018848208185295	0.5225619890358257
0.16868878843549456	0.3137626011095032	0.5175486104550023
0.16716824951444598	0.3772310471264258	0.4556007033591284
0.16132225022353913	0.3870980816503124	0.4515796681261486
0.16200153131341902	0.3797497263656223	0.45824874232095875
0.14781830207012897	0.3756652961735063	0.47651640175636484
0.1494979661489385	0.34333240458295655	0.507169629268105
0.1499342525846838	0.31718971689330033	0.5328760305220159
0.17022971216920407	0.3324984887351468	0.4972717990956492
0.17655585136013072	0.35933744396208306	0.46410670467778636
0.16873801808511862	0.29956116774100794	0.5317008141738736
0.16023068604662422	0.3627149241916504	0.4770543897617255
0.15856596486435107	0.3072721585175759	0.5341618766180731
0.1747801989514593	0.35226931013287716	0.47295049091566366
0.1552333163748546	0.38340726955606486	0.46135941406908065
0.15169706673636468	0.3895561407512609	0.45874679251237455
0.1605961698293749	0.38801947208747667	0.4513843580831486
0.16288715174571206	0.35559669674869177	0.4815161515055963
0.17427902007363993	0.28617949807438187	0.5395414818519784
0.17590658823221883	0.28890836335784265	0.5351850484099386
0.17699233621986524	0.29950617477430674	0.5235014890058282
0.1664955979702171	0.3779029188472845	0.45560148318249855
0.1529772113367857	0.37627337706184916	0.4707494116013653
0.16446874655133356	0.3175811844446256	0.517950069004041
0.1649085300333962	0.3696086126997999	0.46548285726680405
0.15931953295767112	0.34035645482446597	0.500324012217863
0.17139297302831968	0.32775188489796814	0.5008551420737123
0.15396510881799866	0.3587308584782232	0.48730403270377826
0.14896411225290346	0.38706207767322004	0.4639738100738766
0.17669507435097262	0.2841647335823745	0.5391401920666531
0.15316892784420594	0.33639087468513373	0.5104401974706605
0.15652878847344404	0.31283990992551036	0.5306313016010458
0.150817618428238	0.37666555824048525	0.4725168233312769
0.14917775593354632	0.3730732898273504	0.4777489542391034
0.1603395668567622	0.3848733899908664	0.4547870431523715
0.17577994312660888	0.3634103202249822	0.460809736648409
0.15043200886638974	0.3623409011069953	0.48722709002661513
0.16765054922439576	0.3415337938471333	0.49081565692847107
0.16954936365300505	0.3287023212287899	0.5017483151182052
0.16788304932028003	0.37478414683876576	0.4573328038409543
0.16034282478515888	0.3616884855543866	0.47796868966045464
0.16021509944518825	0.3681450321790223	0.4716398683757896
0.1558626964506413	0.36411822767956575	0.4800190758697931
0.17189340029771027	0.3016395167252989	0.526467082976991
0.16017959321900832	0.348280924117453	0.49153948266353875
0.1522802479182631	0.39137051216141117	0.45634923992032583
0.15478166603574484	0.30678992676336253	0.5384284072008927
0.16335357079157292	0.3203931823833256	0.5162532468251017
0.15008832998524035	0.3266309735341626	0.5232806964805972
0.16567491428484118	0.3362095418872656	0.49811554382789336
0.16590221991376755	0.3178004241248778	0.5162973559613548
0.1483512213781366	0.3388100694304691	0.5128387091913944
0.16003810825473344	0.3737402867601862	0.4662216049850804
0.15020011865670235	0.3266773249737749	0.5231225563695229
0.16072025643305143	0.38040799167658434	0.45887175189036433
0.1532133653149855	0.3740862584617682	0.47270037622324645
0.17166461972527525	0.3203489749229472	0.5079864053517776
0.16499435811102509	0.35944720352388637	0.47555843836508865
0.16009763432381843	0.34710271037338036	0.49279965530280134
0.17124718988347537	0.35413272357944686	0.4746200865370779
0.15429390605820092	0.3311625949573579	0.5145434989844413
0.15764116572355513	0.36360827958307307	0.47875055469337197
0.16328986131341583	0.3599472807680462	0.4767628579185381
0.172024900765848	0.3407855662815089	0.4871895329526432
0.1638755425018371	0.37366432207251404	0.46246013542564895
0.1534723533439211	0.37251892205957615	0.4740087245965029
0.1600681592969201	0.32034804556542534	0.5195837951376547
0.16223335731688	0.3442398287440979	0.4935268139390222
0.1515066400075436	0.3311568881230955	0.517336471869361
0.1760706621385995	0.37302916723830776	0.45090017062309284
0.1627816142851482	0.381942549114391	0.4552758366004609
0.16928524574394893	0.3715975210942914	0.4591172331617598
0.15473616527954095	0.328133684823369	0.5171301498970902
0.16859518233077064	0.3147112735630135	0.5166935441062159
0.17172532120384798	0.33389656650459604	0.49437811229155615
0.16433273031285492	0.3468070078628864	0.4888602618242588
0.1651858820937076	0.3182693322912836	0.5165447856150089
0.174396130894813	0.32429846877914725	0.5013054003260399
0.149742405348171	0.3824198197527481	0.46783777489908107
0.1723969021813072	0.3743890615725108	0.4532140362461822
0.14913822817617295	0.35274849592016183	0.4981132759036654
0.15651962312734216	0.38418339436794585	0.45929698250471207
0.16321008928320213	0.32874586661289834	0.5080440441038997
0.1619409031207507	0.34563780401380223	0.49242129286544717
0.15806941776913397	0.333680319932842	0.5082502622980242
0.1724221395295053	0.3441571277307672	0.48342073273972763
0.15098460219637327	0.3428606799538596	0.5061547178497672
0.16909962602005946	0.2991879139771403	0.5317124600028004
0.17006137848186784	0.3321293510523197	0.4978092704658126
0.16124248312095674	0.3684121799652465	0.4703453369137969
0.14838435014629694	0.3523000118883795	0.4993156379653237
0.1723694393884823	0.298608237043325	0.5290223235681928
0.17467886132612165	0.3255217360870983	0.4997994025867802
0.15935338917902522	0.30771656165601785	0.532930049164957
0.15337193720445588	0.3939937264118065	0.45263433638373773
0.16067452650179612	0.36976533939779305	0.469560134100411
0.15694533534363847	0.31932218186173467	0.5237324827946269
0.17524846649763703	0.36437575945110384	0.46037577405125923
0.16006724466062522	0.3612611433950421	0.4786716119443328
0.17481491785592457	0.3090561100556711	0.5161289720884045
0.17688512702216122	0.29611549561661843	0.5269993773612205
0.15222944423496576	0.38477854290227625	0.46299201286275815
0.16958005491132466	0.34006032717556	0.4903596179131154
0.165013773331508	0.2986060168596135	0.5363802098088786
0.16402786246675122	0.373157516371114	0.46281462116213495
0.17158691023319134	0.37665549601123693	0.45175759375557184
0.1684266192893465	0.2928754615831443	0.5386979191275093
0.15074861243559273	0.3147517595107157	0.5344996280536917
0.16087153973060828	0.36919877628878855	0.4699296839806033
0.15976360130775463	0.3777795183202226	0.46245688037202287
0.15713196869287163	0.30407592823510227	0.5387921030720262
0.1511699614374468	0.33243840920511336	0.51639162935744
0.1615990627756881	0.3675177979447128	0.47088313927959924
0.16661543243948174	0.3554625826868179	0.4779219848737005
0.1667199599131905	0.29887792188940726	0.5344021181974024
0.17507293422169837	0.3169363587829713	0.5079907069953304
0.17070335079808335	0.36466615817980624	0.4646304910221105
0.17043819154913986	0.3039330242738577	0.5256287841770025
0.15834676461156882	0.34012527645294316	0.5015279589354882
0.14975817482124482	0.3436255030450503	0.506616322133705
0.17353706383671152	0.3221392317933037	0.5043237043699849
0.1575931669227791	0.331946895486921	0.5104599375903
0.16551977955254904	0.3303855600656682	0.5040946603817829
0.16798789297164404	0.3434160786923013	0.48859602833605476
0.15215095651363686	0.36964745273179056	0.4782015907545727
0.16263157758217	0.3425158922410118	0.4948525301768183
0.1748181094522844	0.3157667810667377	0.509415109480978
0.1622640723164617	0.38161336647983557	0.45612256120370287
0.15270148177562948	0.38165005950989506	0.4656484587144756
0.15770242641313073	0.3816107372781386	0.46068683630873075
0.15304858562381451	0.38612309334505396	0.46082832103113164
0.16776158580893807	0.31084704653084744	0.5213913676602147
0.17348527322859908	0.34067229058808807	0.48584243618331296
0.17188341435844762	0.3696091265497815	0.45850745909177093
0.15455160992695027	0.3701841422318164	0.47526424784123344
0.1478502153268716	0.37801911006876426	0.4741306746043643
0.15497315735906847	0.31250295944846457	0.532523883192467
0.15081064235152852	0.3134883992329698	0.5357009584155018
0.1619337136895596	0.36869232240463595	0.46937396390580455
0.16605241472022167	0.2986841446834332	0.5352634405963452
0.16398871617356311	0.3043275228248003	0.5316837610016367
0.17203627634924606	0.32236553030323895	0.5055981933475151
0.17432648743100737	0.3467988582319802	0.4788746543370125
0.15408806970115724	0.3579906085193161	0.48792132177952685
0.15347015687064675	0.39199486710138465	0.4545349760279688
0.17721390521151645	0.36874135336878944	0.4540447414196942
0.16617288428846735	0.3136890222436715	0.5201380934678612
0.17485006391882912	0.3678426122798496	0.4573073238013214
0.15628106927319388	0.3328584627330009	0.5108604679938054
0.16823979670520534	0.3723823908891218	0.459377812405673
0.16862631021019475	0.3115290493861093	0.519844640403696
0.17684497639061486	0.28850411416082467	0.5346509094485605
0.16243607259005416	0.3112293351713347	0.5263345922386112
0.15376417804030462	0.322862343272204	0.5233734786874915
0.1679306980494407	0.3118422846343218	0.5202270173162377
0.1509701463462481	0.3225972780736003	0.5264325755801518
0.15216542757400692	0.31570047214835323	0.53213410027764
0.17724345420860316	0.35613029932146373	0.4666262464699332
0.1651616772150516	0.3704567979053779	0.46438152487957063
0.16530339988930687	0.33334963294424313	0.5013469671664501
0.1704104030278327	0.35564787463458525	0.4739417223375822
0.1612934579941539	0.35632558321864655	0.48238095878719967
0.15529988691011312	0.38301897850877753	0.4616811345811095
0.1587010359052431	0.37589373111696006	0.46540523297779696
0.16995032018794018	0.3432515022643667	0.4867981775476933
0.1711209852693704	0.33667574451067295	0.4922032702199568
0.16420463575238844	0.31393876094104717	0.5218566033065645
0.16738829057804755	0.35171079892761514	0.4809009104943374
0.16121658605472525	0.352050543432049	0.4867328705132259
0.16778882601514514	0.34835080617295533	0.48386036781189967
0.15927736655284386	0.371023847280629	0.46969878616652727
0.15075122582689143	0.3551511624585311	0.49409761171457756
0.16392959027655288	0.32473929867004747	0.5113311110533998
0.1668366735185615	0.3248107949098576	0.508352531571581
0.17253325263590066	0.3622077673761529	0.46525897998794663
0.1623453645006748	0.3852671790261155	0.4523874564732098
0.15553769966136705	0.3552354966163849	0.48922680372224814
0.16344405315327457	0.3351552707822182	0.5014006760645073
0.1644128980142986	0.34204839254861386	0.49353870943708766
0.15634977298808078	0.3611683044708978	0.4824819225410215
0.15764135030306167	0.3593746327161587	0.48298401698077975
0.15683127474293584	0.37528494435930176	0.4678837808977625
0.16852105002853168	0.3669942864553499	0.4644846635161185
0.16865053197222635	0.37501752665047866	0.4563319413772951
0.15228239697758678	0.38153768408263294	0.4661799189397804
0.15812874414860276	0.3082629289580545	0.5336083268933428
0.16995050934267483	0.3309932013745025	0.4990562892828228
0.17523228954761438	0.2851221062394713	0.5396456042129144
0.16560562423146905	0.32343568215603197	0.5109586936124991
0.1719228964656039	0.30318491419143884	0.5248921893429574
0.16337941695035285	0.31332613001066245	0.5232944530389848
0.15987877911376375	0.32244784566472734	0.517673375221509
0.17697743947687455	0.30714662646264246	0.5158759340604832
0.17160529823965132	0.3299356340064097	0.4984590677539391
0.16572049315072124	0.31623927858700174	0.5180402282622771
0.1593176713758302	0.302665538019781	0.5380167906043889
0.16329799614209894	0.33807717837875456	0.49862482547914666
0.15559386454960655	0.3762476099621604	0.4681585254882331
0.1718822050962754	0.307096184892091	0.5210216100116337
0.1621213318995652	0.31007917453313677	0.5277994935672982
0.1766171198267256	0.33742645811310434	0.4859564220601702
0.1510638784128408	0.3418645741942777	0.5070715473928816
0.15757437514006786	0.36833142127301793	0.47409420358691434
0.16397699398476792	0.33953350091300055	0.4964895051022316
0.15023989011802547	0.3634528199619271	0.4863072899200476
0.15324679629094382	0.3328755459916115	0.5138776577174449
0.1626281945566419	0.32326657281400833	0.5141052326293498
0.16015575817759448	0.33501047852448373	0.504833763297922
0.17367663607872572	0.30266074657737274	0.5236626173439016
0.1512444088556676	0.3505872395136439	0.4981683516306886
0.16906883090343294	0.30609315423474237	0.5248380148618248
0.1690490596460974	0.32454955742780417	0.5064013829260986
0.16419486772264533	0.34133923348454165	0.49446589879281316
0.1728520942473319	0.31808507000573116	0.5090628357469371
0.15831403855626341	0.31411675930198346	0.5275692021417533
0.1719320611872246	0.37299331531546065	0.4550746234973149
0.15725587170797878	0.3912222236568137	0.4515219046352077
0.16052389720433796	0.3251748714406925	0.5143012313549696
0.15742794359099252	0.34274124578703297	0.49983081062197465
0.15720017845523523	0.36218760265305106	0.48061221889171385
0.17084172319116764	0.3623307170569398	0.4668275597518927
0.14811991005987796	0.35391944222972593	0.4979606477103963
0.17297918720961836	0.28829517386260595	0.5387256389277758
0.17187604301762846	0.33269307868628345	0.49543087829608823
0.17192625826107572	0.33661626282531304	0.49145747891361136
0.15843299105101405	0.3264279163365033	0.5151390926124828
0.154272709756542	0.3126422196995192	0.5330850705439389
0.1753650142613472	0.3128952393427623	0.5117397463958906
0.17405125348306544	0.3544152045256088	0.47153354199132586
0.1689439318651199	0.36895064004190553	0.4621054280929747
0.15793179591747877	0.35175709420315654	0.4903111098793648
0.15641832600034167	0.35373356683819224	0.4898481071614662
0.16696036734421021	0.3581012073760011	0.4749384252797888
0.17511106983351957	0.33018270724748744	0.49470622291899313
0.16950322610395102	0.3046922039681496	0.5258045699278995
0.1691754071309432	0.36410335502857505	0.46672123784048186
0.17689639860594106	0.3027499179273592	0.5203536834666999
0.15674465648373148	0.3192464783990641	0.5240088651172046
0.17633384517321252	0.2876631760405055	0.5360029787862821
0.14974518361382627	0.35216644440128086	0.49808837198489303
0.157061353578417	0.37263583641835224	0.4703028100032308
0.1523281157838671	0.39227366028393257	0.4553982239322004
0.1750485518040222	0.3457901202158977	0.47916132798008015
0.1736792853866606	0.3453505011124201	0.4809702135009194
0.1698380396325525	0.30960342199654833	0.5205585383708993
0.15623414431674573	0.36734645843371133	0.4764193972495431
0.15049497186687497	0.32590646490292946	0.5235985632301957
0.16814370720356508	0.33881680043427526	0.4930394923621598
0.1748425414315618	0.30996354055043895	0.5151939180179993
0.1678677625530055	0.33298130052656993	0.4991509369204246
0.1592590534834074	0.33572869412415385	0.5050122523924389
0.16900430467159344	0.377782988793256	0.45321270653515067
0.15680688440088653	0.34342839359211824	0.4997647220069954
0.16264934715111978	0.3150608613611403	0.52228979148774
0.1735485068153656	0.29303756897318306	0.5334139242114515
0.149378188083372	0.3507701450615996	0.4998516668550285
0.17258562576045644	0.37039178088517866	0.457022593354365
0.15170066630411483	0.34288429069825344	0.5054150429976318
0.16478795222787224	0.34011443071632425	0.4950976170558037
0.16025486467102895	0.3334984923680826	0.5062466429608885
0.1571130077808345	0.3432091301464444	0.49967786207272125
0.17461083705320454	0.3330425405090858	0.49234662243770977
0.16732763171975418	0.3069550971849564	0.5257172710952895
0.1672014225380174	0.3490536580183817	0.4837449194436011
0.14921070510264406	0.38030227628114976	0.47048701861620623
0.16835972795242338	0.3721866910874009	0.45945358096017586
0.15087356629152254	0.32465719057257886	0.5244692431358987
0.1558132835912402	0.3777157242556604	0.4664709921530995
0.15805245552532093	0.39015804057406334	0.45178950390061584
0.14797811516966253	0.37028830167950466	0.4817335831508329
0.1719352017572962	0.3646033824004578	0.4634614158422461
0.1732060045703647	0.37058397138532756	0.4562100240443079
0.1534510260015468	0.38970763983448276	0.45684133416397055
0.17407284187224542	0.32099969801400685	0.5049274601137479
0.15955267365327047	0.34494152998566835	0.4955057963610613
0.1582648940255238	0.3712897955690152	0.4704453104054611
0.17150241474596242	0.33753530136713616	0.49096228388690155
0.15245038238320868	0.3170449395676494	0.530504678049142
0.16371314877468163	0.3347213648417476	0.501565486383571
0.16600480830294304	0.34474177668526346	0.48925341501179365
0.17582903913873116	0.35027596869101374	0.4738949921702552
0.16279297319823086	0.3236406545615648	0.5135663722402044
0.1595906603428534	0.34012364418452884	0.5002856954726178
0.16979114043224092	0.3713899837255646	0.4588188758421946
0.16355419746858962	0.3500330927173093	0.4864127098141012
0.16623139042345017	0.37716933728120644	0.4565992722953435
0.17068376339479546	0.37232967197121547	0.4569865646339892
0.1529816713785712	0.36030765087616007	0.4867106777452689
0.15920407798662017	0.3542925613304699	0.4865033606829101
0.15392460168278385	0.38735639812563577	0.4587190001915805
0.17514456244953358	0.30961165604388285	0.5152437815065837
0.17387180034130784	0.3532651904971492	0.47286300916154306
0.15350662559481432	0.30985486242637444	0.5366385119788114
0.16989489816533743	0.37480879139088	0.45529631044378266
0.15797337946806106	0.32786554635706483	0.5141610741748742
0.1560138623405639	0.30518349245231435	0.5388026452071218
0.17442438263837134	0.2955668738890615	0.5300087434725673
0.17448789905337939	0.2878972346531589	0.5376148662934619
0.15843273254030935	0.3397101773416595	0.5018570901180313
0.16951065352172712	0.36134351095661454	0.46914583552165845
0.15657041210132214	0.35729781682493483	0.48613177107374317
0.15466811658872515	0.31802653165112604	0.5273053517601489
0.15892853344647173	0.36250345191557876	0.4785680146379496
0.16535135271005946	0.3684785493243422	0.46617009796559844
0.1564310330084335	0.32797962633467054	0.5155893406568961
0.16813645024226337	0.36135151328122567	0.4705120364765111
0.16340184142621375	0.3421804946970969	0.49441766387668945
0.17040251008823046	0.3117492720949328	0.5178482178168369
0.1754917849426274	0.3674963845028496	0.4570118305545231
0.15379229060811497	0.310575151944959	0.5356325574469262
0.15208516295216973	0.3155868476687925	0.5323279893790379
0.172227829343111	0.30222915605994394	0.5255430145969452
0.16124680984351736	0.36189238237546895	0.4768608077810138
0.15447256824120853	0.3676947664762262	0.4778326652825654
0.15840288937752217	0.38952388250577497	0.452073228116703
0.1734425144731159	0.30077942965725046	0.5257780558696338
0.16000101086980603	0.31859271786727783	0.5214062712629163
0.1505941419105603	0.3453980369847476	0.5040078211046922
0.1751758902295093	0.28749305936853015	0.5373310504019606
0.1604474942075426	0.3589895736623925	0.48056293213006507
0.16240073828722412	0.37314292583103614	0.46445633588173985
0.15636092578367428	0.3415816853791266	0.5020573888371993
0.1680060006138655	0.3084639158337985	0.5235300835523361
0.150148254790123	0.33675320033728845	0.5130985448725887
0.16132653069421177	0.3356856243957267	0.5029878449100617
0.1743260730921892	0.2886730238265629	0.537000903081248
0.16619877236320946	0.37055418733453044	0.4632470403022602
0.17519206261584178	0.3730889467276417	0.45171899065651666
0.15077792678405846	0.3501867950040134	0.4990352782119282
0.16213046477922635	0.3503058447589418	0.487563690461832
0.17393261237654262	0.3171311440976608	0.5089362435257967
0.14991815547390347	0.3520581809671445	0.4980236635589522
0.17685635027146268	0.3092448737440882	0.5138987759844492
0.16960134345728156	0.3429161150651735	0.48748254147754505
0.148771708729171	0.3345645963660273	0.5166636949048018
0.16867571263446693	0.30937284477401833	0.5219514425915148
0.17371225882948216	0.288998374111579	0.5372893670589389
0.15695416815477348	0.3349021384822437	0.5081436933629829
0.1618037028711612	0.3625256434606568	0.4756706536681821
0.16852162066956794	0.32854628950214587	0.5029320898282863
0.15400282210761743	0.3790976980644188	0.4668994798279639
0.1618373657698079	0.3559334386561094	0.48222919557408284
0.15014016840347996	0.35498448199276034	0.4948753496037598
0.16666998564773056	0.3292783640001904	0.5040516503520792
0.17347329619357418	0.3219883285441864	0.5045383752622395
0.15646919071979237	0.33084155017266337	0.5126892591075444
0.16482116965346075	0.3549964585030228	0.48018237184351653
0.1765331772905064	0.31930420990592406	0.5041626128035697
0.17518422548165058	0.31799965098245203	0.5068161235358974
0.14791274694386114	0.3899505598252119	0.4621366932309271
0.15053669125363872	0.3277736444583048	0.5216896642880566
0.1560081205481803	0.3271791504101045	0.5168127290417153
0.1732315867262634	0.29325390154494213	0.5335145117287946
0.1618661982775319	0.34290169858959757	0.49523210313287064
0.1522769388860901	0.325800729592515	0.521922331521395
0.17524556575869105	0.30665542668433143	0.5180990075569777
0.16825015464828016	0.29387319607929263	0.5378766492724274
0.14903447124193536	0.3206191046472105	0.5303464241108542
0.1655618367790156	0.32939738792219614	0.5050407752987884
0.17610857475275477	0.3043966714045331	0.5194947538427123
0.1767046159948479	0.3382190523558738	0.48507633164927844
0.16197468561213918	0.37239769080001467	0.46562762358784626
0.16248838666234477	0.3494140916340879	0.4880975217035675
0.14853174143621695	0.3460748626754304	0.5053933958883527
0.16543009388361501	0.3550528515096412	0.4795170546067439
0.17448769816991613	0.3142164455834529	0.5112958562466311
0.1732873019366481	0.29649558612353605	0.530217111939816
0.15298615654455577	0.37335815266023364	0.4736556907952107
0.16656491549962923	0.3586822779424681	0.47475280655790275
0.1753259018647374	0.3382809337176654	0.48639316441759733
0.14945421519296184	0.3407017832400214	0.5098440015670168
0.15852720055603564	0.3420796286957983	0.49939317074816625
0.17625711600922483	0.3501035683676931	0.4736393156230822
0.16550472029742247	0.37650377793601036	0.45799150176656733
0.15700389777659168	0.36277778528817056	0.48021831693523787
0.16237210214225015	0.38532244487512657	0.45230545298262337
0.1513407919029189	0.3931865955665447	0.4554726125305365
0.1697371001130269	0.3604897974838539	0.46977310240311937
0.16472065412703735	0.3758137619717204	0.45946558390124237
0.16239017802682476	0.37302595034427355	0.4645838716289018
0.1655114698885073	0.32832534860671414	0.5061631815047787
0.1637171493686856	0.3598677007278995	0.47641514990341505
0.15062991511477344	0.38814279021440956	0.46122729467081713
0.16352239393499773	0.36114962236056786	0.4753279837044345
0.16568098550815172	0.3239738028626394	0.510345211629209
0.14892272510009474	0.39451300070968753	0.45656427419021783
0.16590773274775067	0.36064521871644384	0.4734470485358056
0.1634315101166492	0.31769831895118905	0.5188701709321619
0.15693234138593426	0.3654307287605046	0.4776369298535613
0.1559508529583203	0.3884082457589813	0.4556409012826985
0.16138146207543752	0.32909468169038236	0.5095238562341802
0.15578581351549534	0.3868929829779878	0.457321203506517
0.17605794277806894	0.3277796955104845	0.4961623617114467
0.1638004806491071	0.35743073367056183	0.47876878568033115
0.1490719319687389	0.38200869323005104	0.46891937480121015
0.15748690588376804	0.3258983221549608	0.5166147719612713
0.17714348868767033	0.3671312160694656	0.4557252952428642
0.14804571558233862	0.3515564388906582	0.5003978455270033
0.15694980156376998	0.3464196743341587	0.4966305241020714
0.1748332984598307	0.31714816447908967	0.5080185370610798
0.1764819026873064	0.33008995657624823	0.4934281407364455
0.160643688421186	0.37292032930386265	0.4664359822749514
0.14858916844239045	0.360067367456048	0.49134346410156166
0.16763661851146514	0.3107958329936549	0.5215675484948801
0.1632465607000972	0.34124286180911667	0.4955105774907863
0.16180988407465915	0.3039645561635814	0.5342255597617596
0.15345252856732242	0.3122236487568199	0.5343238226758578
0.15926509636745909	0.3309819333108746	0.5097529703216664
0.15450270193997603	0.383531720407824	0.46196557765220003
0.16358552034281154	0.36776024834549176	0.4686542313116968
0.16712162236507422	0.34191367830168795	0.49096469933323794
0.17136329494740893	0.3532426675099741	0.4753940375426171
0.17271625500034238	0.37117723117285284	0.4561065138268049
0.16437990278840237	0.35171567847895985	0.4839044187326379
0.1702178734893046	0.3503290008479366	0.47945312566275894
0.1642900602731332	0.3104667440359802	0.5252431956908867
0.16896641065460216	0.29678340497770006	0.5342501843676979
0.16036196531443914	0.30045304446591964	0.5391849902196413
0.1611105805777237	0.3694457661527595	0.46944365326951687
0.17539806045570322	0.3555252457792689	0.469076693765028
0.15203727952683152	0.3534978028326165	0.4944649176405521
0.15107461518300208	0.31329781616741187	0.5356275686495862
0.17691839397198778	0.37181436854519534	0.45126723748281705
0.15415140812619024	0.32485072423007166	0.5209978676437382
0.1710268416381078	0.3181369169556012	0.5108362414062911
0.16558465956710333	0.3680289444026742	0.4663863960302226
0.16859634613436536	0.31110502263387213	0.5202986312317627
0.14885912685661887	0.34177327933829305	0.5093675938050882
0.17341477076782866	0.355491274613727	0.4710939546184445
0.14918771864969	0.36179726664807865	0.48901501470223147
0.16118761858826305	0.3260360508560648	0.5127763305556723
0.16949800636911408	0.31577842482383567	0.5147235688070504
0.15470491016595925	0.335101066629646	0.5101940232043949
0.16582038129491072	0.3824119775562522	0.45176764114883716
0.16569656546550374	0.3010328780668946	0.5332705564676018
0.17297270894775685	0.30087171536300983	0.5261555756892334
0.16422761354062823	0.30155245280567544	0.5342199336536965
0.16022210410715346	0.3180742689589701	0.5217036269338765
0.14938906011490072	0.39407790424444855	0.45653303564065084
0.1555586901632591	0.3613509733607305	0.4830903364760105
0.16798928506282215	0.3076874510697646	0.5243232638674133
0.163243421387164	0.383281580070579	0.45347499854225715
0.15787088749587466	0.35856980237748304	0.48355931012664244
0.17358567176409545	0.36983264964463103	0.45658167859127363
0.15367872753826084	0.3636824696646093	0.48263880279712995
0.16141200991944607	0.29886456972664804	0.539723420353906
0.1562246710646672	0.30501613840344327	0.5387591905318897
0.1755339789696067	0.3291989035930938	0.49526711743729956
0.14997832345243506	0.35569490694863604	0.49432676959892907
0.16816814486181644	0.3172423972379923	0.5145894579001914
0.17429939321596394	0.28765981941399976	0.5380407873700364
0.1707948000377762	0.35083472312974734	0.4783704768324766
0.1607001895395434	0.31341274764964483	0.5258870628108119
0.16537853724815443	0.33767962795011786	0.4969418348017278
0.17279401366361344	0.36359102286753653	0.46361496346885017
0.14907105878057578	0.35186506848561183	0.4990638727338125
0.1630856166926059	0.3602408094609313	0.4766735738464629
0.15179160754486662	0.31133244873177535	0.5368759437233582
0.14992048901621458	0.3892227242865359	0.4608567866972496
0.15273710889122022	0.3807794688353938	0.4664834222733861
0.17569645689684246	0.3065763206123746	0.517727222490783
0.15604584127791268	0.36784477282066713	0.47610938590142027
0.16919702124629396	0.35167868648608985	0.4791242922676163
0.17266090168973017	0.33876847442979685	0.4885706238804731
0.15970846388218216	0.32081123477467505	0.5194803013431429
0.1503195917370612	0.3714713022710713	0.47820910599186767
0.149513002288169	0.32921919437230884	0.5212678033395223
0.17458271246634344	0.3162720282892749	0.5091452592443817
0.1526526704150455	0.38209148470926774	0.46525584487568694
0.15431252540556578	0.37413390326753926	0.471553571326895
0.16016206266603059	0.307447775724837	0.5323901616091326
0.16981157967703867	0.3297393654812398	0.5004490548417216
0.16321538685573944	0.3846092943841698	0.45217531876009087
0.15593192325396976	0.3677728278075355	0.47629524893849484
0.1533027304011405	0.33112498665906903	0.5155722829397906
0.16602837125938322	0.30277460651154353	0.5311970222290734
0.1622623950557976	0.3098486930330123	0.5278889119111903
0.15999708502272486	0.36505179292292567	0.47495112205434953
0.1654611313067162	0.3274994640919487	0.5070394046013353
0.17142043130488757	0.3059824484324899	0.5225971202626226
0.16202137962753077	0.32617427110703545	0.5118043492654339
0.1668366815450933	0.3577643265985186	0.4753989918563883
0.15206242919628088	0.37476050218119006	0.4731770686225292
0.15052502727864897	0.3321340378225286	0.5173409348988225
0.16732602947231534	0.3637943956333449	0.4688795748943399
0.1662459220516613	0.3136354751668468	0.520118602781492
0.1741425546159781	0.3356639081748958	0.4901935372091263
0.1736426479082366	0.33217241175514023	0.4941849403366233
0.17091595769403273	0.29182496662910873	0.5372590756768587
0.15178487606576774	0.3251249744295188	0.5230901495047136
0.16279207120783432	0.30147801217444986	0.535729916617716
0.15707641297547736	0.37124931302905395	0.4716742739954688
0.16820965392533252	0.34434337081765065	0.48744697525701697
0.14947511769630123	0.3734519707915612	0.4770729115121376
0.1659595343710441	0.3698079083851881	0.4642325572437679
0.17695980897456245	0.30717313490677056	0.5158670561186671
0.14903846448801528	0.34170531724633546	0.5092562182656494
0.16640240250105287	0.34734275014706173	0.4862548473518855
0.15351537849143065	0.3750624448001067	0.47142217670846276
0.15016798118587005	0.38702198316110403	0.46281003565302603
0.17022271997480148	0.36344035083660986	0.4663369291885888
0.15288411111637906	0.3303103208320417	0.5168055680515794
0.1659325904854308	0.35407733034027766	0.47999007917429165
0.1489460856141088	0.37253429777572644	0.4785196166101649
0.1585147521020424	0.35559185388289	0.4858933940150677
0.176210647871591	0.3397842428101713	0.4840051093182378
0.15484563374926608	0.39153351310917406	0.45362085314156
0.15318321159199025	0.3127891578532519	0.534027630554758
0.15411108590346378	0.31257013520654303	0.5333187788899932
0.17724345686259965	0.3202333978928812	0.5025231452445192
0.17316679081843395	0.3723074148319544	0.4545257943496118
0.16507868621881427	0.3619274476502714	0.47299386613091443
0.16405435945886826	0.35962791967489416	0.4763177208662377
0.166463271037875	0.34361272261753495	0.4899240063445902
0.16683927990410446	0.3802566736906451	0.45290404640525056
0.14995653363798825	0.3397120565372463	0.5103314098247655
0.1573378146045367	0.340345912404176	0.5023162729912874
0.16542200917563324	0.38236286600252983	0.45221512482183707
0.17706168901127622	0.2865056401979575	0.5364326707907664
0.16098913171728416	0.33620137138632417	0.5028094968963919
0.15664007529495344	0.37718609946439074	0.46617382524065587
0.16390738895437862	0.3503583172672182	0.48573429377840327
0.14809365146137615	0.321164682457854	0.53074166608077
0.16402476733684798	0.30441318901942876	0.5315620436437234
0.14795917763523034	0.3337888811172513	0.5182519412475185
0.15358233132764376	0.3724781725755083	0.47393949609684805
0.15714648840786208	0.3558147352994942	0.4870387762926438
0.15611355392470735	0.3403895637251422	0.5034968823501506
0.14773468047243374	0.37283361853775066	0.4794317009898157
0.16696730052764408	0.3186777822040304	0.5143549172683256
0.16816178876701804	0.32274909757027154	0.5090891136627105
0.15832180973572346	0.3905554835755755	0.45112270668870114
0.15058789523254573	0.32596593992115963	0.5234461648462947
0.17483151595991822	0.3065564569529923	0.5186120270870895
0.15179226781270316	0.387380274341515	0.46082745784578194
0.15874199673655248	0.3025128030858324	0.5387452001776152
0.17490954377145482	0.29090888870732856	0.5341815675212167
0.1520101508544829	0.3188959054564865	0.5290939436890307
0.15558576894250195	0.362988578831989	0.48142565222550915
0.1494544687718497	0.3656099321605698	0.4849355990675806
0.1717809585573381	0.3250959338213923	0.5031231076212698
0.15441740667690676	0.379440277557371	0.4661423157657224
0.17422474925437828	0.36678381776646707	0.4589914329791548
0.15103663978944765	0.3456222002006128	0.5033411600099397
0.17233958271227	0.3141301931165551	0.513530224171175
0.14766256511570472	0.33491554246971383	0.5174218924145815
0.14904702410627435	0.3328732025440452	0.5180797733496806
0.1727114943646871	0.3638063217609452	0.4634821838743678
0.15712073083450145	0.37869930890709	0.46417996025840863
0.17604825659909562	0.2882478516058753	0.5357038917950292
0.17521617719392948	0.3288731812667928	0.4959106415392778
0.17421674430346543	0.35950468458635515	0.46627857111017956
0.1717618205536024	0.290376337083195	0.5378618423632028
0.1722450272992495	0.3062341092999492	0.5215208634008015
0.1761013711884094	0.3384103306373508	0.4854882981742399
0.15251119787094292	0.3397170741444903	0.5077717279845668
0.15242949931008015	0.3454004595323621	0.5021700411575579
0.14992377286373135	0.35695302060313866	0.49312320653313013
0.160893525744302	0.37305866492683093	0.46604780932886725
0.17256306836749546	0.3273959804938386	0.5000409511386661
0.15430452396225222	0.32081108117583945	0.5248843948619084
0.17465009835610834	0.31905307811794614	0.5062968235259456
0.16349265943149957	0.31234237962426803	0.5241649609442325
0.15355492695884398	0.3112978118138343	0.5351472612273218
0.17588245267135688	0.33646439588733335	0.4876531514413099
0.17481702882940736	0.3595708165504869	0.46561215462010586
0.1698602635047537	0.3690097087594833	0.46113002773576317
0.17297951564399028	0.36032225214650754	0.46669823220950235
0.15407726946611264	0.3834908409554315	0.462431889578456
0.15005045874093054	0.38667722575583013	0.46327231550323944
0.15778545148440318	0.327381478257024	0.514833070258573
0.1527758689756345	0.36971052441754687	0.47751360660681874
0.16008740376999414	0.32700310592747206	0.512909490302534
0.15969189983098625	0.302425418341471	0.5378826818275428
0.1569507803509792	0.3795544978332181	0.4634947218158028
0.14830256205244477	0.3560634548978427	0.4956339830497127
0.15706500440202054	0.31714261650612574	0.5257923790918538
0.1533659246650307	0.3184269699055582	0.5282071054294112
0.14850619428046508	0.31578214768930457	0.5357116580302305
0.16119734221957596	0.3157470845160354	0.5230555732643888
0.17232958329560186	0.3494895971174914	0.4781808195869069
0.16437786005365096	0.3198257410392492	0.5157963989070999
0.16705297294726007	0.29696860195402885	0.5359784250987112
0.15907835608401005	0.3304194130997175	0.5105022308162726
0.1496894883051669	0.3367610432097756	0.5135494684850577
0.17488121269860757	0.30310523078078416	0.5220135565206083
0.15622459354407298	0.33716060164941014	0.506614804806517
0.17213986078926016	0.3583302340570399	0.4695299051537001
0.1477250486139597	0.36458390945343644	0.487691041932604
0.1734118983832624	0.33631069959439336	0.4902774020223444
0.1739250994470573	0.3614960347095629	0.46457886584337993
0.17188638083422705	0.3738112942902396	0.45430232487553346
0.16844143946926038	0.3157992227074207	0.515759337823319
0.15929660405873144	0.3093188391651533	0.5313845567761154
0.16652661513428502	0.34494013203721263	0.48853325282850246
0.16143283825249727	0.3609942192997422	0.47757294244776066
0.15196529155890628	0.3902894285662954	0.4577452798747984
0.174045155857044	0.3309273079847579	0.4950275361581983
0.15779011972218554	0.33619968437380754	0.5060101959040071
0.1631347048283021	0.3527283895463248	0.48413690562537326
