0.07049705666278083	0.17325187331073974	0.10532644678608832	0.03535884090328649	0.08496763037739999	0.13617925934514957	0.05907289115649993	0.02429136644244015	0.23496131583017715	0.07609331918543784
0.07133142383576452	0.18572612486736112	0.10818532037867226	0.03762540816214429	0.07894933784364723	0.1312652223825177	0.05763927525523651	0.023810237485617267	0.22899187618567046	0.07647577360336863
0.07092871438667196	0.1841843008547025	0.10770394254453673	0.036845377702217214	0.08074203474917084	0.13614779511996	0.056324885998042036	0.024533135176080176	0.2322944433779648	0.07029537009065376
0.07808000750883345	0.1724043682967485	0.106279126312465	0.03682786368120669	0.08334271795687459	0.1383865645163977	0.056116700942151904	0.024394741134086198	0.23316759893973232	0.07100031071150363
0.06898359588385088	0.18109418541273437	0.11214991430061734	0.034744631716601734	0.08509744302210748	0.1324618056067262	0.05907707701099332	0.024230523593021303	0.22892784603856114	0.07323297741478622
0.0771251445101755	0.18605016851197292	0.10728073966631514	0.03547706614714137	0.07975079388458332	0.137028934565048	0.059608499197455846	0.02448508950383975	0.22337588976727452	0.06981767424619358
0.07463679627187325	0.18113943410766187	0.11461363335001701	0.03615454618830996	0.08280836732452998	0.13435163794843824	0.05700206509622355	0.024135804503066016	0.22139153810300194	0.07376617710687816
0.07774524223674027	0.1957535894011846	0.1096490720382029	0.03481005270107071	0.07795753079349166	0.13208664186824773	0.05919552342007785	0.023910180709665316	0.214303424327984	0.07458874250333503
0.07153911221349574	0.19896691365346408	0.10860216736137998	0.036456600267073355	0.08499633593858441	0.13249605252012323	0.05823932666582516	0.024218390237752754	0.20892760233732988	0.07555749880497145
0.07412428356997841	0.19475262865053428	0.10735751093330112	0.0369588758013103	0.08480592623864905	0.13336250788721585	0.05867961438519783	0.02400905762441767	0.20915287867213062	0.07679671623726482
0.07301243995326448	0.1945592380619076	0.10900279230158028	0.036989845695997156	0.07861723644009036	0.13779639308294106	0.057958902601480754	0.024336772788682487	0.21571137976371063	0.0720149993103451
0.07633672124687473	0.20808247818969472	0.10438631687439026	0.034916610200277406	0.07948050671507786	0.13434322748006536	0.056464258949358664	0.023803791662366514	0.207131139369788	0.07505494931210652
0.07169362200214512	0.20950104991336999	0.10395083565199248	0.03634167948287098	0.08237519871076075	0.13303293968120444	0.05637722252278854	0.024069694959320237	0.20854284002257323	0.07411491705297422
0.06631851774817257	0.19996858734502443	0.11380145542802252	0.03701229011470564	0.07764867722595312	0.13328758480567496	0.05733538868022376	0.02387737111416839	0.21838300711719189	0.07236712042086273
0.07632187552744396	0.20006853018208512	0.1107906520493114	0.0350009943263794	0.0808827149586129	0.13389463768765808	0.05984137156312085	0.024065287423885	0.2083251604457439	0.07080877583575933
0.06088698477161017	0.19288231597489114	0.11185667307481713	0.036032119585662714	0.08242114437444943	0.13362149394655404	0.060269192284547995	0.02448896337542357	0.22623639647305416	0.07130471613898967
0.07777886192470262	0.19198989583441273	0.1142956549260316	0.03699504121834535	0.08507287424495596	0.13446138708600092	0.05712973892964689	0.02395726327272467	0.20841554891925698	0.06990373364392222
0.07767209692711385	0.17590530483640437	0.1101014723461663	0.03583053255196089	0.07981518860843134	0.1369652656023431	0.059592111248393	0.023800002539036746	0.22630095882382134	0.07401706651632904
0.0708069932192154	0.1809662329805695	0.10513810629907736	0.03725577024491032	0.0806679726666707	0.1379898286722928	0.0581430595804367	0.02439597127772168	0.2345610138225096	0.07007505123659595
0.077335064398977	0.17330962174074577	0.10812527631573501	0.03502262642796973	0.0824106526982049	0.1362347223045435	0.058040831148084164	0.024160805306217656	0.22961366943340844	0.07574673022611378
0.07732061969269181	0.1705150098444758	0.11482195734024087	0.035109861725106994	0.08348212734264007	0.1387076860033923	0.05656945596612799	0.024091222228647347	0.22684110852250056	0.07254095133417625
0.08028767022078036	0.16610575144720108	0.1148241761879831	0.037179606228656834	0.07770268193158669	0.13793983908992358	0.057717589378313915	0.0243420445776706	0.2279645170716149	0.07593612386626886
0.07874214427892762	0.1718824874660835	0.1064955010596494	0.036540745197942676	0.07809577407457997	0.13818015142814788	0.057512998955038294	0.02392234689464412	0.23233866876765974	0.07628918187732675
0.0670193432951326	0.178845541302659	0.10646070145908698	0.03679767497808749	0.08492476816196333	0.13627888100748015	0.05847817541516154	0.02380800385179252	0.23201482387073613	0.0753720866579002
0.06893314630270458	0.17982208935152016	0.10882496910788528	0.037547708350380835	0.07850146009726602	0.13507129448469507	0.05837976527903592	0.02406459329566249	0.2345185935374937	0.07433638019335587
0.0622490325184554	0.19317685883439017	0.10642902567824732	0.035891220969768836	0.0827372848063086	0.13594367081797032	0.05722211346775604	0.024128237946273473	0.23216371076868098	0.07005884419214885
0.06603889183897249	0.18960453672046684	0.10475399607294492	0.03521984809092775	0.07979893605978336	0.1380949401014044	0.05975754642215728	0.024390962046726528	0.2299469554729342	0.07239338717368218
0.06485958338320072	0.19130781273778058	0.10844954632988998	0.03692606201907718	0.08225885732841415	0.1337146192461882	0.05824561659173001	0.024372397651495376	0.22518858982915824	0.07467691488306556
0.07017849754057526	0.20258511392724782	0.10922104274105372	0.03736160010295725	0.08407539878639458	0.13481408911574017	0.05808161251836411	0.024096537006623245	0.21014459155469972	0.06944151670634409
0.06813632099190134	0.18580964951108275	0.1044347751179377	0.03575294549996087	0.0831724313956315	0.13871767109797495	0.05910928314464003	0.0240874330510866	0.22670290674486704	0.07407658344491722
0.06540370384499866	0.18346439839154338	0.11137969645231686	0.03467186283682738	0.08365069631221753	0.13126629349981606	0.058418535008960666	0.024191718411156776	0.23576525105857776	0.07178784418358491
0.07078166147205928	0.19440522730361126	0.10854457795037989	0.037095694624274464	0.08163716794960177	0.1332549907713082	0.05804214653247021	0.023770766028870766	0.21709998026634075	0.0753677871010834
0.07194352359752698	0.2040679291893315	0.10671577920723946	0.03645533472898739	0.08253397368972569	0.13217917509823202	0.057807139422689426	0.024190438623725607	0.2094255312040183	0.07468117523852354
0.06441699968819607	0.18778674080583396	0.11019014633667676	0.03503918619665104	0.08460961310767731	0.13498482680470708	0.05661494434089537	0.02414479445084014	0.22867095476551846	0.07354179350300374
0.06675243995981417	0.20938893854427243	0.10684854264050717	0.036596299109873706	0.08497603038555149	0.1331125077462105	0.057649552203663045	0.023794294502274105	0.2110321724995216	0.06984922240831175
0.07802059090670999	0.19041256261008824	0.10597353677985373	0.03756043891492758	0.08214752179224259	0.1336544321154453	0.05814233978716771	0.024503968996420364	0.21671405847653075	0.07287054962061373
0.0611094666594552	0.20938350909421566	0.10946095099701555	0.034955383461886855	0.07963233245445668	0.13320019556503154	0.058372486581826394	0.02407888125573278	0.217390866564235	0.07241592736614434
0.07058524848968813	0.20337827157707913	0.1091766368872652	0.03628070673333736	0.07840133805311594	0.13623272915779244	0.0566856351862762	0.02408821666283592	0.21056166822248595	0.07460954903012365
0.07700013413888022	0.19709799969731767	0.11273526123715047	0.03485857444711707	0.07806444633959955	0.13225520082771686	0.05617878225390138	0.024483080928950865	0.2119646309187841	0.07536188921058179
0.07700272103963442	0.19217330862328236	0.10699254388285624	0.036942345357521555	0.08112302710301772	0.13173376484845692	0.056592170809173385	0.023840295304259865	0.22096114078655105	0.07263868224524646
0.07742943403052224	0.19269309247122057	0.1057743844959802	0.0347943895230817	0.08281954078984037	0.13619547183982292	0.05646598230329773	0.024260216814112334	0.21993007726620228	0.06963741046591965
0.07208688152819077	0.2004509099240826	0.10956336670691189	0.03730594961173199	0.07889995125859162	0.13111424286743192	0.058142393824559976	0.024572241711349932	0.2182274786943541	0.06963658387279523
0.06731580598117498	0.19300916794081555	0.11454624808921413	0.03616363961332292	0.08305030566332025	0.13771604619569405	0.05824986061158696	0.02408582617506219	0.21308641355997418	0.07277668616983476
0.06974566732110368	0.19095028606119863	0.10574588342496187	0.0365441725912697	0.07909416187275078	0.13781183314751297	0.057661274424926884	0.024513559859745085	0.2226101317397987	0.0753230295567317
0.06345642798266649	0.19064308739787167	0.1037697116224762	0.03646746791374378	0.08328481875463231	0.1352162959475357	0.05923299432928099	0.0244530569058575	0.22757234205263188	0.07590379709330349
0.07200337655375508	0.17359375327479012	0.10964745839119867	0.03617196612093719	0.0794675901909456	0.13744628444937756	0.05597097614289684	0.024275980205820696	0.23530195197054365	0.07612066269973455
0.07397663079020461	0.1707965481486514	0.11386566328371397	0.037691947712667914	0.08179350642247392	0.13787223019844147	0.059267906608887484	0.024455410428333144	0.2306664010813973	0.06961375532522882
0.0794256309552141	0.177205139862958	0.10585668738257871	0.037290473391027715	0.08129759407182341	0.1334918541305969	0.05905769687678652	0.024131383646896515	0.22562590893437073	0.07661763074774741
0.06292667923545106	0.19263572875162466	0.11043088295704634	0.03762163524567325	0.07834679912032788	0.13209270010575308	0.056622743181413845	0.023839086409562477	0.2332128550497926	0.07227088994335476
0.0653996889016214	0.19043658292707588	0.10751014483220625	0.036879130523781986	0.08329939478924053	0.1381739655447669	0.05894064613712507	0.024522248644298847	0.22503942460722137	0.0697987730926618
0.06458372324835082	0.1894952520401762	0.11296266989047848	0.036434818905115296	0.08133609516282736	0.13563330583228075	0.058517726677230576	0.023864574383977738	0.22109885607808927	0.07607297778147346
0.07111072070395084	0.18082621466452387	0.11166949496099361	0.034765428262038184	0.08216902197108195	0.13590915608049375	0.06013725636187534	0.024036850965692497	0.22271265217981337	0.07666320384953658
0.07386670872043652	0.1883985957590884	0.11037386486722738	0.03590301272279636	0.08202563658948211	0.13344066410642522	0.05613770275938657	0.02432077064822942	0.22542323431134792	0.0701098095155801
0.06636681216610825	0.17434930340709281	0.11275258438452719	0.03477035538845735	0.07781841927128194	0.13783635604781416	0.06010146647489318	0.02427212014748234	0.23572038417646862	0.07601219853587414
0.07971855223970532	0.16990521255280272	0.11082563359229644	0.03700326118877559	0.08207200073510748	0.1361806634729712	0.057025650141756715	0.02402909094119457	0.22941552006891303	0.07382441506647687
0.07743878642870322	0.1771365354721631	0.11229875406355169	0.03570865564835622	0.07968794331455642	0.13568428621817527	0.057428829158934144	0.02435869229886274	0.2267808384778643	0.07347667891883285
0.06328781538569678	0.18624708619230818	0.11391694135945982	0.03477768365393172	0.08089301216009509	0.136596913921153	0.05791211798187171	0.02380391861303477	0.2287041082049045	0.07386040252754444
0.061186932818449426	0.19279559620050807	0.10415397299603979	0.035975229358097535	0.085364468914771	0.13168428597549273	0.05969840570535106	0.02431691924668651	0.23340935321295303	0.07141483557165088
0.06049323938108837	0.2100136294679184	0.1048740796043296	0.03479448213023284	0.07878446126142392	0.13610460071828098	0.056547542877591776	0.024499145042036777	0.2242358449031303	0.06965297461396705
0.07533229360919713	0.20443742749305494	0.10689996819592917	0.03733854829058293	0.07837064274683905	0.13597629369187234	0.0566244993807053	0.02392280428573576	0.2073921601630629	0.07370536214302045
0.06039406932030512	0.20655499557514012	0.11062456052068721	0.03753994983085655	0.08477621955642092	0.1343241296488093	0.0595670862725384	0.024277314397420452	0.21144124538728137	0.07050042949054049
0.06094623353847476	0.22344693710658942	0.10922075197969927	0.03530436377789875	0.07884104635378181	0.13176977884387636	0.05761364775085746	0.02431187382996916	0.20847297176868324	0.07007239505016973
0.06434801388780606	0.20562363817789012	0.1092315203907	0.034890106212168426	0.07951386807963083	0.13255101666005226	0.05738392311517321	0.024030273304231464	0.21621589551469655	0.076211744657651
0.06455595632799598	0.2023073140466519	0.105602423368999	0.035320392032652595	0.0835824901023243	0.13325054202822298	0.059813950137187225	0.024124628168568446	0.21457210567559631	0.07687019811180132
0.06524085796756508	0.20421598941004895	0.10792669443929415	0.036181931238140466	0.07913831945924153	0.13185929047031195	0.057020685029142856	0.02444861524395167	0.22068715003413494	0.0732804667081684
0.0637689381012343	0.20806181689479025	0.10865884354238547	0.036891723350498826	0.08190867432445947	0.1355910241551792	0.058473008048967254	0.024208546270729797	0.21162531501400264	0.07081211029775278
0.07970645429015238	0.19774181664107565	0.11244731002602813	0.03658069381482175	0.077998227333551	0.13206805075034578	0.05666415593765076	0.02437463234143343	0.2096797617871184	0.0727388970778227
0.07389014953657351	0.20030893068058123	0.10418001824766483	0.03643022867713906	0.07930208478256816	0.13189840627002428	0.059105165705933146	0.02383047435718222	0.215296480027705	0.07575806171462854
0.07367476751275581	0.205199309854939	0.10414631988877757	0.035344760836427305	0.08435709642261391	0.13443106695996782	0.056207373673870326	0.024246473488892084	0.2072095177587738	0.07518331360298233
0.07140306096195997	0.20079329459204537	0.10439481101477821	0.03512135749531031	0.08012504839358667	0.13654711439232475	0.05762541687941122	0.02404021063301935	0.21410748401716723	0.0758422016203969
0.07392743973851704	0.19134963881506034	0.11101157681168869	0.03567870093106858	0.08462598497027958	0.1324068256923391	0.05635714830341849	0.024581040294988643	0.2141716419254126	0.07589000251722694
0.07291060205599281	0.19155128884103237	0.10533023189154066	0.03747606753976279	0.08310083803922011	0.13798121870849533	0.0573251372378482	0.02431362196060681	0.21659215868526926	0.07341883504023168
0.06722916963047887	0.202744785408951	0.10509956038753049	0.037278364873479616	0.0803117946489669	0.13626088662564173	0.056262066606165444	0.02396729596112296	0.2148122424883917	0.07603383336927128
0.06569605574062103	0.20104681565494284	0.1054221706611924	0.03635163985536792	0.07811826460321045	0.13512872000662027	0.05693036687300525	0.024481073347909915	0.22121035066398786	0.07561454259314204
0.07579788151582775	0.17841745655104374	0.10479970261452327	0.036423023151853515	0.07946973643416996	0.13766079000584663	0.057599349609150426	0.024436799033318496	0.2307432496581152	0.07465201142615097
0.07137455791824485	0.17767486467763657	0.11165927246732658	0.0366241776663028	0.0797852437251248	0.13366134046355435	0.05756674518751085	0.023853164489712128	0.2351830968541272	0.07261753655045988
0.07164396295057349	0.17984716522303337	0.11116654579767436	0.03495047356928385	0.07876157432807743	0.1358647712052665	0.057379365887366876	0.02413962926610376	0.2338710701344568	0.07237544163816358
0.07869261881554701	0.1688127140610384	0.1100717708033009	0.03663257611294679	0.080385229326128	0.1324796492403605	0.05734139508688072	0.02424215918604415	0.23586560765144965	0.07547627971630384
0.07659265496317946	0.17918628105416184	0.114711723444925	0.035084972189466074	0.07942424006812465	0.13857339692431886	0.05966241341764944	0.02425613867176661	0.22028077591060538	0.07222740335580263
0.06803572836847517	0.18380961639526297	0.10685434435673224	0.036597675344826996	0.08204890202729251	0.13342949642609903	0.05663572604739393	0.0240716979438189	0.23585705188818207	0.07265976120191608
0.07788310506590984	0.19034487246761828	0.10914037613285275	0.03538673669141533	0.0792855194957206	0.13415426803231073	0.060254134054790257	0.02457038323370131	0.21532663353000925	0.07365397129567158
0.07295629346945116	0.17708902968015172	0.11361140641100584	0.03707137193283794	0.07883107295501264	0.13325100807489562	0.05883294457212539	0.024454439771491518	0.2340226874971667	0.06987974563586145
0.07703299816324831	0.17243130165501636	0.10880317836838105	0.03774462056246235	0.08433729129311335	0.13368512043371644	0.057014737737532045	0.024157873344605688	0.23525826452556287	0.06953461391636151
0.0800719867867296	0.17283180230029777	0.11158355113707928	0.03475950319241179	0.07838240230500954	0.13699753758055994	0.05639109933837763	0.023777918385162564	0.23507827979521395	0.07012591917915786
0.08013764333687537	0.1640673697332304	0.10818874511195277	0.03604976365853385	0.08372723025939491	0.135589730945029	0.05813471552242274	0.02417300710156932	0.23442941683288715	0.07550237749810447
0.0746086856499449	0.17223955587721268	0.10731331396207645	0.03731537278730404	0.08300762537252583	0.1355807469665823	0.056286375072650115	0.02456899686840569	0.23348849253811227	0.07559083490518569
0.0650633971804511	0.18561982346885075	0.11400621693979243	0.035606333792474715	0.08449505412751146	0.13302860866170216	0.05819516656368622	0.024373098317350766	0.22590873137207484	0.07370356957610559
0.06285282624381625	0.17569931956765716	0.1119214164078954	0.03661736566973156	0.08460635322237242	0.13739601174655586	0.05950473739424407	0.024210013219939167	0.2351470799975195	0.07204487653026861
0.0805481250000449	0.18725259177292264	0.1042630462351324	0.03561099768783248	0.08146071850746615	0.13536820287929252	0.05757784177740693	0.023962108040943605	0.21869270824813167	0.07526365985082666
0.07953317238524227	0.1984434233786861	0.10512760769080462	0.035245750337562234	0.0825242001330993	0.13243203817416785	0.056375651345750316	0.023976667015321695	0.21040812383096602	0.07593336570839954
0.07337233893213915	0.18858968747349572	0.10815062685313565	0.03714850620018509	0.08175620651912371	0.13455612898930697	0.06018738687285945	0.024431789518763625	0.2187590440772821	0.07304828456370849
0.0642946316262302	0.20964219663603167	0.11351520893394368	0.03526793831349864	0.08321624148508082	0.13183498646881325	0.05703543231438979	0.023897051845701525	0.20777160815212953	0.07352470422418085
0.06356801481440022	0.21294549209170605	0.10436245466820628	0.0371227127908631	0.08326771029560018	0.13785620579319668	0.05723505229914594	0.024289275329351087	0.20955378198400473	0.06979929993352577
0.06356230489685427	0.22443643447100123	0.10653071777035263	0.034964121830048725	0.07829734156651799	0.13132277851676474	0.05705702735089201	0.024197178199201863	0.20838933971232682	0.0712427556860397
0.07712387987554334	0.18140885207580987	0.11127435011336317	0.03762839412176771	0.08369991851247191	0.13497334686473972	0.05831776309424092	0.024489513892073614	0.2193110550828105	0.0717729263671792
0.06837703771289808	0.18986701200725473	0.11415293055648965	0.03631498427080394	0.07819833587557176	0.13800013655479465	0.057131421857630205	0.024040413527771254	0.2225306961223185	0.07138703151446722
0.0787044641366299	0.17842529050435435	0.11427919014778917	0.03597883539620052	0.08125122661483003	0.13229154646930114	0.05887823921165213	0.023901555057859472	0.2252832281918815	0.07100642426950177
0.06695951911588818	0.16773495089530482	0.1137598552100233	0.03590052524281126	0.0842405323620938	0.13763462827915973	0.05907188380119641	0.02425683195454742	0.2353587393629174	0.07508253377605764
0.06449538488184853	0.17251971341544126	0.11434084959974977	0.03611158602995794	0.08247124585637185	0.13802064207381218	0.05974850546084636	0.024337342369717255	0.23385127235297454	0.07410345795928032
0.07237259641107593	0.19441937355454172	0.10403572201579545	0.03718148267662197	0.08099932067548939	0.13611552017171602	0.056551447138308314	0.024083254170909646	0.22163471646260177	0.0726065667229398
0.06586743135904743	0.1898847270941715	0.10678242530799996	0.035424671256784765	0.07842045662034897	0.13311937911685162	0.057342642088518775	0.02453311041343033	0.23319987817996107	0.07542527856288558
0.06028714423359202	0.18502847330602307	0.10988672758521165	0.036677131809088756	0.08443431250391366	0.1366844771169122	0.05885342101326263	0.024006598783622768	0.23033505861275222	0.07380665503562102
0.06942347046299771	0.1865415316429775	0.11317887892513587	0.034741089960675334	0.084823051047516	0.13176370390824335	0.056672493513607314	0.024050891636410276	0.22377370941589958	0.07503117948653704
0.07984359109074322	0.18640299874642619	0.10823619578227077	0.036930243375951716	0.0781849159031904	0.13873379648510023	0.05629472600691456	0.023776641216490646	0.22156212679208134	0.07003476460083086
0.07750373537402705	0.18485774180109704	0.10443828447001813	0.036836016656370985	0.07808235078511272	0.13471501157719462	0.05738909509509334	0.024297532078338235	0.229677227616212	0.0722030045465358
0.07474666363537369	0.18544505928656224	0.10865981748118357	0.03571122471058169	0.07863178500224084	0.13587106618886066	0.059221821854811424	0.024363288563481814	0.22167957281208517	0.07566970046481888
0.07542387198669301	0.20057031572963774	0.10926204068889796	0.03593871573548847	0.07947705542341167	0.13158257577145532	0.05817210594802275	0.02425291143280671	0.21480671597801249	0.07051369130557383
0.0762986419140534	0.19836245768118255	0.11002667199070194	0.036048472361759315	0.07861779126959725	0.1317839663832194	0.05809314213943004	0.02404006037372576	0.21526383449331224	0.07146496139301806
0.07651433176617907	0.1836158373016815	0.11386031953043535	0.03642582267988621	0.08424820315313172	0.13571336858204872	0.05688046629798947	0.024523268880482965	0.21672830412184335	0.0714900776863216
0.06650525913699917	0.1867585391132201	0.11083233434617082	0.036642994777700666	0.08082503650603813	0.13777601751547786	0.05607906562733118	0.02448933455584039	0.22325027614254467	0.07684114227867697
0.0736229340704787	0.1982751515558771	0.1139818151876263	0.03493528490358512	0.08302706775365491	0.13432198131528914	0.05726919000009071	0.023822830458323965	0.20746357462990625	0.07328017012516777
0.06332170982444324	0.2126801872854	0.10431537808276187	0.03510416017495037	0.08130813532774225	0.134396618919182	0.05973936925987462	0.024167363184013274	0.21397909511412266	0.0709879828275097
0.06412229872019634	0.20856783091632447	0.10553514960556348	0.037046883512218645	0.0776531646356701	0.134507173899783	0.05768835654821478	0.024521159673326576	0.21775666219162407	0.0726013202970785
0.07406400165788483	0.19708703579036196	0.11101868404348171	0.035569072285540015	0.0815582500935694	0.1327487830042557	0.05621820171998406	0.024443337980839946	0.21149862107589376	0.07579401234818857
0.070445160988023	0.19278237551497157	0.1113947080385284	0.03576092650528134	0.08053703010004992	0.1371209105496414	0.05793743917519157	0.024055815862615154	0.21718988066746459	0.07277575259823302
0.06845883413506312	0.1941319454268993	0.11272703326649287	0.03747894802166231	0.08038708176925445	0.13268893139434138	0.06025875526132532	0.024110360623764607	0.21772725968612697	0.07203085041506964
0.06427384030813266	0.20315323612286124	0.10940563949639369	0.03564441219767002	0.08172514723884092	0.13513885788893712	0.05761490046311208	0.024235103289436816	0.21913559544956224	0.06967326754505324
0.06466331328370942	0.205068751714666	0.11154228714543993	0.034670566654482815	0.08076745747125696	0.13506797183842784	0.059487355584373895	0.024534302395669977	0.2127132748142485	0.07148471909772462
0.0665129836225615	0.19485225880027257	0.11313708519421817	0.036466568743587266	0.0848113577687511	0.13190484270719766	0.05694301443564747	0.02445338549883759	0.21432772665526076	0.07659077657366589
0.0695062624222509	0.20010604063035353	0.10432556437420615	0.03617593210983909	0.08158316521799779	0.13582001183558506	0.056356266629348103	0.024400419931174616	0.21934732286128905	0.07237901398795567
0.07377183232343691	0.2000342864303863	0.10445585014294936	0.03652312797443162	0.0788819811014507	0.1334344879156278	0.0566155908291163	0.024258119351229346	0.22209007536048175	0.06993464857088988
0.07544497176545058	0.20291430858541443	0.10528282445153828	0.034823620198427094	0.08105989150169034	0.131096005772308	0.057611983607589755	0.02388062049613643	0.21461700524629498	0.07326876837515008
0.06781875856524755	0.19661971667519068	0.10650171608971853	0.035988131814647786	0.08538342525392169	0.13252491036802305	0.05618187511738973	0.024290843465178666	0.22295859373636745	0.07173202891431488
0.0737485335157549	0.18794571775715713	0.1148327735677976	0.0371417960513899	0.07764305622000546	0.135219204293824	0.05771321766178748	0.024555295625710113	0.22100193379765223	0.07019847150892117
0.06632867781903307	0.20240025461571778	0.10371115237212025	0.03739432682081088	0.0814852078663337	0.13326536502200323	0.05767872304789707	0.023775310148121828	0.2194209939510287	0.07453998833693351
0.07606904382054476	0.1958123548272499	0.11234437635329239	0.037001829557529856	0.08206227449675386	0.1334676074266572	0.05737724664684533	0.024171804334394184	0.20819796643925012	0.0734954960974824
0.07628978687180152	0.1887623119975318	0.11250740930554955	0.035440697990726966	0.07804511499347139	0.1377594806093651	0.058102243072614926	0.024492143350021908	0.21176619525106488	0.07683461655785195
0.07744609462044758	0.17664253305793895	0.11509954942792064	0.0350687202877662	0.080184059983786	0.13344883354038212	0.059419683078379006	0.024016813189372974	0.2230320007761045	0.07564171203790201
0.07305218948834619	0.19165975802652638	0.10935626555014327	0.03571558697253495	0.08441642573719192	0.13705831799235152	0.05747575139119062	0.024305458222498647	0.21183985537904665	0.07512039124016981
0.07468583018229125	0.19234932590739134	0.10815061624569075	0.036819967742902096	0.08228272814051585	0.13328895693579487	0.0580537054779446	0.023931605898411576	0.21719046650904306	0.07324679696001461
0.06260896676315056	0.20415738158488556	0.11006940821703476	0.03523839722422503	0.08143930105082943	0.13458588054087633	0.05904764155946358	0.024364240673143703	0.21646532681117453	0.07202345557521651
0.06236900128508849	0.1976629563663222	0.1129081730395591	0.035072078143144975	0.0788115559792229	0.1355942230970876	0.057223624294277395	0.02405689546758691	0.22109505020566442	0.07520644212204605
0.06912759827780883	0.1951720177895867	0.10868878147741937	0.0376166030816804	0.07861794588833802	0.1325406570705808	0.05608585613044828	0.024019231002187835	0.22323416798558243	0.07489714129636735
0.06654738079066562	0.1886452973779654	0.10562314737437192	0.035496820399788104	0.07934095324409104	0.1342023291687828	0.056108951606291806	0.023963395443285976	0.2349295376427306	0.07514218695202665
0.06555405685332538	0.19169773586658867	0.11298975554532875	0.035612329080636385	0.08421685430503319	0.13324619299636833	0.05990360913700192	0.023846361940635705	0.2178420174744684	0.07509108680061322
0.07661346222967372	0.17135973491221176	0.10863165101114865	0.03502736118321115	0.08315060438597677	0.13622373573696098	0.059272491345218795	0.02440290713317317	0.2352314969197566	0.07008655514266843
0.07912285616619848	0.17286164129633882	0.11251524694726822	0.03481069487604073	0.07951925987913078	0.1346716966307584	0.0571944219805944	0.024111034747641008	0.22873291320876882	0.07646023426726031
0.07483917082045433	0.1724041555188585	0.10381677688965825	0.03636988019515383	0.08500988802511335	0.1370740564630112	0.0579655936007455	0.024363588671124994	0.23423363264486424	0.0739232571710158
0.07849956369296109	0.18622761551535572	0.10686081256181515	0.03759698638063682	0.07786567040702344	0.13650617241981255	0.05655544704559904	0.023866008661340185	0.22430035484996153	0.07172136846549439
0.0807440995315545	0.17562801683369036	0.11290479829062078	0.03732135112393126	0.08120461909778814	0.1327167431713589	0.06020326194009113	0.024506775284017387	0.22367871983349394	0.07109161489345354
0.07639287536021433	0.1881037705407313	0.11070632752256349	0.036339002580632385	0.08252665096277832	0.13390669543201505	0.057025290559411385	0.02448490778526141	0.21437271798856755	0.07614176126782474
0.07896165560747823	0.18889895020118758	0.11188239613837302	0.03753308169044622	0.07782863808330778	0.1348734052746593	0.05774783934529854	0.024116815359828292	0.21763565756616415	0.07052156073325691
0.07598770627221162	0.18881377923718923	0.10529091347990198	0.034921682419513836	0.07872550321533027	0.1316893864014613	0.05865396614041734	0.024073377099545948	0.22491767071193558	0.07692601502249288
0.07587124613519645	0.18168863486352602	0.11037369559298371	0.036360645940703096	0.07898737846756831	0.13262509055240002	0.05892983443501346	0.02392566510864738	0.22468439591074418	0.07655341299321738
0.08043213862314934	0.17177294771133927	0.10939895571784228	0.03470564030545102	0.08433693498678373	0.13345708246766583	0.056048731452251366	0.023949690927410422	0.23204165386391024	0.0738562239441965
0.07013396506823374	0.18261097343210558	0.10760728394286884	0.03553331089924046	0.08101455610628107	0.13690979720303262	0.060025780975520505	0.023800624858874853	0.22864284543879293	0.07372086207504937
0.06691680246664895	0.19756994572074532	0.11288350507589764	0.03704203025045809	0.08202355405836192	0.13533451270412145	0.0580215118633185	0.024120461013617478	0.21483456396048423	0.07125311288634642
0.07725109807361721	0.18331460821601187	0.10868428079243482	0.03739485399709165	0.0826443051501953	0.1329415079824583	0.056321725185781726	0.023936849884541783	0.22129996322073187	0.07621080749713546
0.06865332670847774	0.1963765327256034	0.10861847138765568	0.0367369537542646	0.08510304059229651	0.1340272593246859	0.05953791582658275	0.023895801919090506	0.21372051024298094	0.0733301875183619
0.08080847128717261	0.1835982062628637	0.11278446994479356	0.03554251323185503	0.08281903601851982	0.13796059194520494	0.056169795531065825	0.024393988071555378	0.21395805235526982	0.07196487535169928
0.06308790275304565	0.2048979366506058	0.10542917568968682	0.03771016754585383	0.08338496921555777	0.1343602551174336	0.05968423366865402	0.024178516067790173	0.21675140219694672	0.07051544109442565
0.06750247070877913	0.19085020652934484	0.11059115803975356	0.03736945148918676	0.07962765101378565	0.13538238700499478	0.059882257011629164	0.023999438515287505	0.21927417902625412	0.07552080066098446
0.07121906607820513	0.17706367144825583	0.11226347711342409	0.03505597126068015	0.08174653855542897	0.13115550354414432	0.056103238498077315	0.02394973153168345	0.23579744436225958	0.07564535760784111
0.07759257078410203	0.17163497755136947	0.11447556848740954	0.03501638048502012	0.0784405662427679	0.13218225470863196	0.058255352569721044	0.024309699844900237	0.23327995446488398	0.07481267486119365
0.065229176631352	0.18318353436101972	0.11446271415347767	0.0363714496630831	0.078313135673414	0.13649865151750037	0.05772685036127301	0.023788644168974485	0.23384903784569794	0.07057680562420766
0.062438383539600864	0.18832604947280374	0.11029280127533841	0.035812220643959974	0.08218153138416634	0.13755955558693425	0.0575175261373824	0.02389055810259469	0.229404023584933	0.07257735027228635
0.06788290436728238	0.18994839608621006	0.10593296420163405	0.03514682915920406	0.08182128241547328	0.1381256668583904	0.05732280359388005	0.024383022061030865	0.22988408525432996	0.06955204600256493
0.0699358591666648	0.19618180388905573	0.10777230612035775	0.03484517623768542	0.0800866252868754	0.13466298110067237	0.057001882349932184	0.024493487349970047	0.2253623382551042	0.06965754024368204
0.07453897739904058	0.19285228033087948	0.11026058872945245	0.035097942444388144	0.08302319449992795	0.1385901083579724	0.05875479503889707	0.02377874588758498	0.20698781855639964	0.07611554875545729
0.060801023554953496	0.2113906927163432	0.105959500415459	0.03482981284178907	0.07783304105347567	0.13375214727722393	0.05840705241378923	0.024256379910638587	0.22158324717991548	0.07118710263641236
0.06494915813763667	0.21917869724935582	0.10803431152303233	0.0354505660202679	0.07953325705341313	0.13371465515428727	0.05695253531596973	0.024162674721431132	0.20698681558082876	0.07103732924377727
0.06450739313162525	0.20829270502487776	0.11118946743203303	0.037476631612364586	0.07768251388710692	0.1358760778539441	0.0598007396631733	0.024517420375270632	0.2095556135485555	0.07110143747104886
0.0759660174745207	0.1822170018884138	0.1104823131563611	0.03485472257843744	0.08256738120002927	0.13795884477886702	0.06006923921140066	0.024045287470791002	0.2176984209366586	0.07414077130452038
0.0664356100638098	0.20548994154742087	0.10488332980245627	0.035898678579360785	0.0826269368037087	0.13557156900795525	0.05891255763543812	0.024388677900968617	0.21460095597054107	0.07119174268834046
0.06916080034946888	0.20438756778274847	0.10925614169438555	0.0367377233369105	0.07862459810574873	0.13102934453101206	0.060287311991420366	0.0239438205287245	0.21210915499620392	0.07446353668337696
0.0743986812580719	0.20117952915063367	0.11447647720727848	0.035848272852452415	0.07970981971613969	0.13246079702020433	0.059133941181165446	0.023866399864229074	0.2073046224513338	0.0716214592984912
0.06838456410544022	0.20189540506047143	0.10375599404001647	0.03474237670755739	0.07807068516151859	0.13550430262191313	0.0589622195083632	0.023931186846430932	0.2238414587549673	0.0709118071933213
0.07183609923235183	0.18894239077946035	0.10874616572639796	0.03688866707229252	0.08142339026891299	0.1342652426831765	0.05767630379196909	0.023800130583065182	0.22238770278146708	0.07403390708090646
0.07780844319138115	0.19163680320665877	0.1090919048108025	0.036404556873566224	0.07973364735290109	0.13380699375167301	0.05857322669297268	0.02389028940891938	0.21603186690767043	0.07302226780345478
0.07732571638970073	0.16834949314565895	0.11106820691262577	0.03700657448095385	0.0807731352058876	0.13597988715209428	0.05771466040361607	0.02402565934607874	0.23511185522934586	0.07264481173403813
0.07564360989482656	0.18586208062363607	0.10826164785452128	0.03531961593055266	0.07975522481885058	0.13356208567165312	0.05817464784767746	0.024265698500496424	0.22495416111857572	0.07420122773921004
0.078671887403308	0.18382908319736438	0.11464812949341818	0.03744996577000875	0.0831595819383909	0.13864837560070284	0.056569343677483404	0.02438246970009182	0.20893212056608407	0.07370904265314762
0.07514186982391638	0.18039433243490471	0.11295730400948274	0.036895607067946465	0.08473476690937108	0.13544142309464938	0.05621813058904284	0.02435448636887945	0.2187484531624624	0.07511362653934456
0.07653558476913898	0.18358381493506637	0.10759968742724725	0.03574055092136447	0.08125619465555392	0.1387109736789473	0.059619414795890696	0.02450526199680053	0.21706518206971692	0.07538333475027348
0.06842230943313007	0.1991886214651143	0.10768284910890827	0.03499671643587848	0.08509521030220807	0.1372983690420353	0.05942906598551431	0.024194010209298872	0.20825677798249204	0.07543607003542029
0.0609401941914886	0.18438956871457968	0.1141528794865042	0.03635729479961122	0.08263795574589106	0.13824044127115204	0.057511538075497366	0.024240510605416876	0.2300813109758354	0.07144830613402356
0.07115628352102835	0.17787080708850106	0.11264417440555102	0.03563136569521426	0.07831125822399362	0.13387738550265865	0.0597632157787746	0.024054300883976046	0.23210597518995846	0.07458523371034391
0.07794565834222006	0.1770986509395152	0.10392806664386986	0.03603646682613863	0.08081544309324104	0.13856249064132803	0.05862190343882215	0.024424040805207964	0.23139796739772245	0.07116931187193458
0.0786108521404907	0.16893755311461345	0.11433994893505507	0.03553411693712341	0.08320653886369149	0.13854420160866848	0.0602590062538875	0.024233955821518396	0.22461526470690407	0.07171856161804732
0.06525016811732423	0.18711933567782563	0.11270701016883143	0.03656736954123213	0.08416489182146056	0.13464346288621443	0.058568520477545516	0.02386514610616755	0.2261024955611859	0.07101159964221265
0.06218048388942179	0.18715997815752197	0.11375776977417433	0.03777009612789155	0.07802971673338625	0.13438824570871533	0.05741832944562528	0.024402569239010435	0.23106880189433188	0.07382400902992123
0.06621376990022573	0.184802956061929	0.11151855947567788	0.03568937272861987	0.07839110207096832	0.13790599935520909	0.056636637122383586	0.02385144277850383	0.23016181184339557	0.07482834866308713
0.07690046060436308	0.18043739192522645	0.11369394094564023	0.034985605258642194	0.08238808843845488	0.13720369819199457	0.05615814543419707	0.024112283349812344	0.22432092310659935	0.06979946274506982
0.07085030349492032	0.20368407104231984	0.10580844510897433	0.036740118429520116	0.08349358913054168	0.1343981384337274	0.05718434276648017	0.02444219752043232	0.2102524371495645	0.07314635692351931
0.06386315799242592	0.1945209025205526	0.10930831338894918	0.0373719617622381	0.08511801571571698	0.1383509507456782	0.05928384751392207	0.024313020458213278	0.21383029020372438	0.07403953969857935
0.07157459484688512	0.2013415613309225	0.10501602110781924	0.03530240687233761	0.07953917035370195	0.1331493916406032	0.05596773195225982	0.024235862109843367	0.2201625669601427	0.07371069282548448
0.061975052504593106	0.21469629013712085	0.10729922807799032	0.035372433914521134	0.07861211755245484	0.13170664060134174	0.05638960182310205	0.024315925035783725	0.21606607421780483	0.07356663613528736
0.06587265295787148	0.2110567337049885	0.10545464342820302	0.03633122505662173	0.08253800973267585	0.13226008044166512	0.05981973873797281	0.023834760692051357	0.20990041907774465	0.07293173617020551
0.06022699070038129	0.203857159871303	0.10651326437786224	0.03497188607759766	0.08193148593214988	0.13557250276728802	0.05942427953442098	0.024019015060967264	0.21850972422745132	0.07497369145057835
0.07227287158293903	0.1995716024984745	0.10534614817806286	0.036283337624506945	0.07828352159494467	0.13482237092512167	0.05900622579476007	0.02446095858632917	0.21912028034355194	0.07083268287130909
0.062493755259309856	0.19548398488103066	0.10678261175415503	0.03468348402559912	0.08200386962968327	0.13703650873830278	0.059607567828787796	0.024482427625553194	0.22153653589701777	0.07588925436056046
0.07049340790065724	0.1994206830368055	0.1138909447669469	0.035854627022846364	0.07987909142726049	0.1356055119896083	0.056986931872774524	0.02397469911969964	0.20947960152537343	0.07441450133802763
0.07204166241597128	0.20084520412029774	0.1050099418787806	0.03570234311669372	0.07815169623765728	0.13340282741774256	0.06024779930930292	0.024330421392598098	0.21792146168371923	0.07234664242723661
0.06741224569796846	0.19344996321849967	0.1095309027096463	0.037218236559163106	0.08419954570375833	0.13509059470044507	0.057537103806314986	0.024397472971894832	0.21671291294611109	0.07445102168619817
0.07607630030841846	0.178499092957137	0.11087350972853766	0.03628325803289828	0.0811242981424177	0.13541944743410306	0.05835895115269883	0.024008469119700032	0.22788969506051043	0.07146697806357852
0.08077842424396342	0.17551609999642256	0.10548662772071105	0.035218244127086226	0.08284549229025073	0.1315922131170794	0.05860481699349395	0.0243525847656086	0.2313977949280802	0.07420770181730382
0.0799060364763899	0.16697646948906508	0.1079223109417715	0.0371424067312163	0.08168704293289705	0.13734267972922842	0.0576910346106529	0.02388599550232144	0.2356085056051611	0.07183751798129626
0.0804888069980034	0.16969008821876927	0.11099761568081909	0.03736915332832229	0.07977558087906172	0.1375166681373715	0.056122437956120645	0.024442873601704745	0.23219745550574383	0.07139931969408343
0.07219882401535986	0.18152233599963064	0.10631717652293558	0.03718166082208289	0.0780193790410027	0.13741161020218082	0.05648610424916964	0.024439378549226787	0.23188151601531498	0.0745420145830961
0.06329478940934247	0.18354341584930634	0.1049012580073932	0.036649545591714947	0.08331528378910097	0.13757602211638814	0.05860365106396012	0.02432093983558742	0.23140779755795865	0.07638729677924777
