0.15529897825787264	0.38607295986793994	0.4586280618741876
0.15567980624733846	0.3856885702642633	0.45863162348839837
0.1529821045421561	0.38642178992628573	0.46059610553155833
0.15280543801041788	0.3852510673230618	0.46194349466652046
0.15291156316090065	0.3868340193014283	0.46025441753767116
0.15495427781139054	0.385680218073257	0.45936550411535265
0.15649974313988774	0.38440081081863836	0.459099446041474
0.151932942127236	0.38571269810221614	0.462354359770548
0.1560671486986722	0.3835801245075014	0.46035272679382655
0.1562069484369343	0.3843013217128674	0.45949172985019837
0.1571788181479089	0.38425566121976246	0.4585655206323288
0.1542311795876572	0.386986621335023	0.45878219907731993
0.15635500270113853	0.3844404886324954	0.4592045086663662
0.15266836879257809	0.3865908025953545	0.4607408286120675
0.15434568728098702	0.3844327353102148	0.46122157740879827
0.15625147841193754	0.38393105354261825	0.4598174680454443
0.15420461309417913	0.3846025007717968	0.4611928861340242
0.1542988523152552	0.3866983440834892	0.4590028036012558
0.15725690035172973	0.38364883108175324	0.45909426856651714
0.15573934000237458	0.38574327225243027	0.4585173877451953
0.15604745054350785	0.384343797197524	0.45960875225896825
0.15210840314256469	0.38717690289435114	0.4607146939630843
0.15492036491229488	0.38521550584431624	0.45986412924338893
0.15346346848516856	0.3869783301276463	0.4595582013871853
0.15501988291665436	0.3851463326549058	0.45983378442844
0.15301343896202674	0.3847502028112866	0.4622363582266868
0.15598522509464863	0.38552488142215036	0.4584898934832011
0.15506644752673893	0.3838516974697259	0.46108185500353527
0.15442239642284028	0.3836567686064185	0.4619208349707414
0.1543922075587495	0.38507353502183933	0.4605342574194113
0.15566065990867034	0.3841712082207507	0.46016813187057914
0.1532107455820443	0.38636621751619177	0.46042303690176406
0.15411027183376666	0.386164730410549	0.4597249977556845
0.15401812247082858	0.38361666997664656	0.46236520755252497
0.15289736536597784	0.38606305100640553	0.46103958362761677
0.15479154231540082	0.384144128253835	0.4610643294307643
0.15403253766502545	0.38549078375865314	0.4604766785763215
0.15301406855711944	0.38709877706814527	0.4598871543747354
0.15409049285287257	0.38623595364202706	0.4596735535051005
0.1538377647673665	0.3844862535756104	0.4616759816570232
0.15400243379472267	0.38412832175506023	0.4618692444502172
0.15270731815107857	0.3857944379336841	0.4614982439152374
0.15493405916987435	0.3840532305616016	0.46101271026852414
0.1548880395010129	0.38555022443036235	0.4595617360686249
0.15399339148644878	0.3846320214641215	0.4613745870494298
0.1548898541325512	0.3855200149396772	0.45959013092777173
0.15569352016753712	0.38390645269155393	0.4604000271409091
0.15326698463530353	0.38644842050709505	0.46028459485760154
0.15515467338192318	0.38554083133059136	0.45930449528748557
0.15223093274151236	0.3864778694198091	0.46129119783867867
0.15629485957745426	0.38457577632146206	0.4591293641010838
0.1577516475769803	0.3837420957715551	0.4585062566514647
0.15460809566840322	0.38387789828821806	0.4615140060433789
0.15575236524534447	0.3839229345788555	0.4603247001758001
0.1559853023011496	0.385568116317377	0.45844658138147354
0.1548809242457918	0.38642082650810233	0.4586982492461059
0.15382395739264515	0.3850754889277391	0.4611005536796159
0.15457988629683275	0.3852288815676976	0.4601912321354698
0.1533092493602382	0.38696946067542476	0.45972128996433714
0.15418455561503197	0.3836502010784459	0.46216524330652226
0.1518627432137404	0.38563474535079756	0.46250251143546217
0.15455443186902265	0.38568922552393065	0.4597563426070468
0.15328705484622948	0.3870278456392917	0.45968509951447895
0.15443119919632375	0.3857800051788337	0.45978879562484265
0.15405238028534532	0.3858264925322442	0.4601211271824106
0.15371352578150937	0.3859160705391523	0.46037040367933846
0.15357578876096942	0.3857134903372775	0.46071072090175325
0.1540204811935269	0.3870231076196614	0.45895641118681185
0.15294624544432	0.385961503185428	0.4610922513702521
0.15151029351906425	0.38610727842800496	0.4623824280529309
0.15236939479760497	0.3859288312591499	0.46170177394324524
0.15467781822647259	0.3869355454683987	0.4583866363051289
0.15249021604231783	0.3865193135141336	0.4609904704435487
0.15663124971527664	0.3839057793851523	0.4594629708995712
0.15556218413488002	0.3848159840484416	0.4596218318166786
0.1547749154133761	0.3847919158011665	0.4604331687854575
0.15530270521670642	0.3858774860142446	0.45881980876904915
0.15685193626497632	0.38465927247852366	0.45848879125650016
0.15408185752369485	0.38483278832890877	0.4610853541473965
0.1540299757308937	0.3855692280709845	0.4604007961981219
0.15409311064237813	0.38376552887636833	0.46214136048125365
0.155320881626678	0.38371226254469765	0.46096685582862446
0.15309931899723828	0.38666609913697125	0.46023458186579064
0.15183082768669978	0.38603608239196896	0.4621330899213314
0.15369138712534142	0.3839624755597508	0.46234613731490787
0.15582005444945612	0.3839778662887034	0.4602020792618406
0.15198920229475937	0.3862397266312527	0.461771071073988
0.15362524076135187	0.3843262307820811	0.46204852845656713
0.15595417628020244	0.38399288851018015	0.46005293520961754
0.15268676553209368	0.3862796909365865	0.46103354353132
0.15306154879405318	0.3871186881147024	0.45981976309124456
0.1512365539375228	0.38698646431035527	0.461776981752122
0.15280257041891376	0.38708443934023995	0.4601129902408464
0.156424052264138	0.3852186569121456	0.45835729082371657
0.15427857693853916	0.3855785717467396	0.4601428513147213
0.15318244970938624	0.38674313348093314	0.46007441680968075
0.15373445628416782	0.38438642076778096	0.46187912294805133
0.15382802726373151	0.3842060158743304	0.4619659568619382
0.15386513500823962	0.3847705689535981	0.46136429603816237
0.15308433576423192	0.3854990170206032	0.46141664721516507
0.15582752236131375	0.38451200965325977	0.4596604679854266
0.15427797039030153	0.3845665691180095	0.4611554604916891
0.15131868339481225	0.3865299209176575	0.4621513956875304
0.1539320053312532	0.38463347134528264	0.46143452332346424
0.15348385115160018	0.3851820120685533	0.4613341367798466
0.15541639390192596	0.3860257157321511	0.4585578903659231
0.15433842674721038	0.3864657935096576	0.45919577974313214
0.15609356659881146	0.38475305369550133	0.45915337970568737
0.15456401047690155	0.38434646640913184	0.4610895231139668
0.15317426011201885	0.38654554321224477	0.4602801966757365
0.15671481421517885	0.3841092252614436	0.45917596052337767
0.15606797368411973	0.3854459240997645	0.45848610221611585
0.15238144942508247	0.3866252156632739	0.46099333491164374
0.15448859366479273	0.38484186601527903	0.46066954031992835
0.15367384250743465	0.3839657433180308	0.46236041417453466
0.15374984174733577	0.3863907907395805	0.45985936751308387
0.1539041236074611	0.3844737438654724	0.46162213252706663
0.152225861354766	0.38554431872587475	0.46222981991935935
0.15417347578694518	0.3854535238552043	0.46037300035785056
0.1555535942546652	0.38522221100417214	0.4592241947411628
0.15566852222500954	0.38506319075946394	0.45926828701552663
0.15153365356078072	0.3863717381464881	0.4620946082927313
0.15233331590895255	0.38632569733874494	0.4613409867523026
0.15499815978729226	0.3848081541155601	0.46019368609714784
0.15259235370372137	0.3867284290650429	0.46067921723123584
0.1536071906131391	0.38491156340073496	0.46148124598612605
0.15506892556090204	0.3839991636690217	0.4609319107700764
0.15434663517078637	0.38482834968055635	0.46082501514865737
0.1534023319607448	0.38479827528571964	0.4617993927535357
0.15053957995138323	0.3869610090209401	0.4624994110276768
0.15281520045577082	0.3866662264706697	0.4605185730735596
0.15413146919856643	0.38582881472866115	0.46003971607277255
0.15446760930233625	0.38476573740479714	0.46076665329286676
0.1527276394797583	0.3860183983474227	0.4612539621728191
0.15562653943023813	0.3859418979813571	0.4584315625884049
0.1538339337423436	0.3865767627357748	0.4595893035218817
0.15413157335154043	0.3845579738204243	0.46131045282803546
0.15484265203039513	0.3853321468301159	0.4598252011394891
0.15270535086172574	0.3851721948890099	0.46212245424926446
0.15197788145177427	0.3858346517266826	0.4621874668215433
0.15750807028188651	0.38394421946537133	0.45854771025274227
0.15721532498758073	0.3838321651960002	0.4589525098164192
0.1515772561548473	0.3866923676422909	0.4617303762028619
0.15471840504091383	0.3857013339446723	0.45958026101441396
0.15638896237435165	0.3840099661701881	0.45960107145546036
0.1535594632748381	0.38659823844125585	0.45984229828390616
0.15493001380958898	0.38443694573160436	0.46063304045880676
0.1532517850062973	0.3843007306075368	0.46244748438616606
0.15243039667561153	0.3860253252225782	0.4615442781018104
0.1515171501191503	0.3863890620985412	0.46209378778230864
0.15726430198805225	0.3838721433238848	0.45886355468806306
0.15775476605370342	0.3835880193591601	0.4586572145871366
0.1531713712033666	0.3859588833539172	0.4608697454427163
0.1551066886884918	0.3837802148893337	0.4611130964221746
0.15711551189335726	0.38392920344915016	0.4589552846574927
0.15248031381492083	0.38715458173295686	0.4603651044521224
0.15345583145966551	0.3870123278129535	0.4595318407273811
0.15368002669500375	0.38641252101437057	0.4599074522906258
0.15654618002683984	0.3846346790762991	0.45881914089686116
0.1540230453431003	0.38655195688678007	0.45942499777011975
0.15352010661767707	0.38501044317372907	0.461469450208594
0.15622321498301828	0.38386216641977533	0.4599146185972065
0.15303031243085843	0.38623526164319427	0.4607344259259474
0.15220144080518533	0.38535839301861485	0.46244016617619993
0.1555415149025145	0.3836354351879937	0.46082304990949197
0.15473911335945517	0.3861513044994179	0.45910958214112707
0.15608646042669494	0.38441939927324464	0.4594941403000605
0.15512208346893863	0.38600807324517583	0.4588698432858857
0.1530183612602316	0.38484129757964736	0.46214034116012115
0.15337020374372518	0.38703234540023135	0.4595974508560436
0.15287348172190762	0.3862809597795903	0.4608455584985022
0.15325006958625487	0.3852833629644834	0.4614665674492619
0.15728363679026636	0.38363162915873655	0.4590847340509972
0.15179277261510388	0.3865258807961409	0.46168134658875537
0.1549482869996131	0.384265797980024	0.46078591502036303
0.15356412496006655	0.3871546474855215	0.45928122755441214
0.1524952728779439	0.38559657949040615	0.4619081476316501
0.1557758990156188	0.3837074619868609	0.4605166389975204
0.15416706929576562	0.3866708577291728	0.4591620729750617
0.15282069847989244	0.3863733441921879	0.46080595732791974
0.15284825650480072	0.3853470072699003	0.46180473622529905
0.1536934020426932	0.38471747541268375	0.4615891225446232
0.15324880295774296	0.38455974024288697	0.4621914567993701
0.15489617038165177	0.386743954517784	0.4583598751005644
0.15493564938986387	0.38556517114517125	0.45949917946496505
0.15445338957675808	0.3867233723953617	0.45882323802788033
0.1572939319712048	0.38420977948484597	0.4584962885439493
0.15303413307675895	0.38531476553399	0.46165110138925114
0.15554271394463065	0.3847263482316566	0.4597309378237129
0.15324752647001028	0.38467282093694644	0.4620796525930434
0.1541536982543328	0.3868510492872697	0.45899525245839756
0.15408155872678786	0.3862945036155649	0.45962393765764736
0.15451426397574247	0.3865610472001873	0.45892468882407034
0.15457668979432013	0.38527200964261993	0.4601513005630601
0.15437363124490983	0.38384898827345587	0.4617773804816344
0.15621976910889077	0.3849027477902879	0.45887748310082144
0.1542040216335713	0.3867579926318475	0.45903798573458127
0.15630836577231844	0.3848975869587929	0.4587940472688888
0.15476259344661053	0.38423780897157617	0.4609995975818134
0.1552587117712565	0.3853153755582383	0.45942591267050525
0.15568670681165003	0.3848790486269181	0.45943424456143206
0.1551260255532849	0.3838989631901418	0.4609750112565735
0.15143896303233428	0.38635290074793527	0.4622081362197306
0.15636416737069703	0.3836100227268835	0.4600258099024196
0.1505376178814965	0.386953163623075	0.4625092184954286
0.15634769727575804	0.3842060700575097	0.45944623266673246
0.15544615629571013	0.38572236348049604	0.45883148022379394
0.1545964671615068	0.3866199012558768	0.45878363158261654
0.1523783223423126	0.38621724646972655	0.461404431187961
0.1535748111614019	0.38660343140957726	0.459821757429021
0.15437622493935826	0.3835743618120788	0.46204941324856297
0.15526929120953953	0.38443440293713993	0.4602963058533207
0.15440454249886154	0.38545959108565075	0.46013586641548787
0.15450473840998838	0.38566275108887726	0.45983251050113444
0.15403917554945912	0.38480095911232237	0.4611598653382186
0.1541128746975562	0.3861459068004328	0.4597412185020111
0.15081862659727918	0.38671428893120613	0.46246708447151474
0.15583192085608863	0.3847717459563863	0.45939633318752515
0.1543604818810064	0.3859955780514567	0.45964394006753706
0.1525753409962158	0.3852834628271756	0.4621411961766087
0.15499458596864946	0.38447557792753295	0.4605298361038177
0.15465326002595564	0.3863687132973399	0.4589780266767046
0.15520193408812819	0.3862246113906519	0.45857345452122
0.1537772642937209	0.38447756088902113	0.4617451748172581
0.1551817172213932	0.38537957783663324	0.4594387049419737
0.1509328416242272	0.3870186976968054	0.4620484606789675
0.15417850977510505	0.38610585108931017	0.45971563913558494
0.1526768498661174	0.38491594722808187	0.46240720290580084
0.1530974188522316	0.3856265147348217	0.46127606641294683
0.15421872027657207	0.3847636404428349	0.46101763928059314
0.15064793731804582	0.3871727591444836	0.46217930353747066
0.15600065115666018	0.38557937862930036	0.45841997021403963
0.15288377953014254	0.384748438256065	0.4623677822137926
0.15571064474075436	0.3859473015708875	0.4583420536883583
0.15387460223441363	0.38550070306697637	0.4606246946986101
0.1553250882359125	0.38452967443903757	0.46014523732505
0.15219428188609319	0.3856491948500408	0.46215652326386614
0.1507097602347808	0.38707910229935616	0.4622111374658632
0.15458070019427025	0.3864915376677596	0.45892776213797026
0.1555916335871506	0.38402166385131914	0.46038670256153036
0.15272586372560498	0.3853529898185704	0.4619211464558247
0.1534849599962489	0.38633135682526437	0.46018368317848685
0.1559059613361402	0.38514145309251235	0.45895258557134755
0.1558349496252756	0.3841077165989402	0.4600573337757843
0.15484837962592618	0.38406786983842267	0.46108375053565126
0.15203384905434325	0.3868512018223499	0.46111494912330697
0.1550743817562873	0.3843532792359974	0.46057233900771544
0.1515496661287904	0.38672736446194306	0.46172296940926666
0.15549478554416224	0.3843947913512823	0.46011042310455563
0.15179102308584475	0.38653588172052833	0.461673095193627
0.1555861008956485	0.38541501998653777	0.4589988791178138
0.15498448945100868	0.3837945508552309	0.46122095969376053
0.15173852796639659	0.3859129727341878	0.46234849929941574
0.1538569045793384	0.3863336582969113	0.45980943712375044
0.15310182600126832	0.38451201786163136	0.46238615613710043
0.15098731404441196	0.3865371719961306	0.4624755139594576
0.15296714988181204	0.38463198463667136	0.4624008654815167
0.15322520570335846	0.38483714549225007	0.4619376488043916
0.15391082590662375	0.38704827230243294	0.4590409017909434
0.15290604687789366	0.3846128240725975	0.4624811290495089
0.15078856205757585	0.38707419111623514	0.4621372468261891
0.15460702428091627	0.38602829808280686	0.459364677636277
0.15310699293427385	0.38519391597778196	0.4616990910879444
0.1530030704365311	0.3865749376827454	0.4604219918807235
0.15326773029708937	0.3852419528383124	0.46149031686459835
0.15548168961450937	0.3846451974560234	0.45987311292946736
0.1544753264509319	0.3860159117214242	0.45950876182764405
0.15325859005708006	0.38547100248703325	0.46127040745588677
0.15731497185825483	0.38412009523031293	0.45856493291143235
0.15515330082579407	0.3838484510721687	0.4609982481020373
0.15299539383336314	0.3851856613886755	0.4618189447779615
0.15575869362678335	0.3846390083832003	0.4596022979900165
0.15558856956308564	0.3850952894095569	0.4593161410273576
0.1534011796844736	0.3842853572055192	0.46231346311000737
0.15344131740571992	0.38682834690142515	0.45973033569285504
0.15489977382230508	0.3838594374466624	0.4612407887310327
0.15399056242067105	0.38568553535204736	0.4603239022272817
0.15499271448062962	0.3850200383400345	0.45998724717933603
0.15426753522125833	0.38384854051759076	0.461883924261151
0.1558309472508743	0.38452018343035965	0.4596488693187662
0.15474860805133542	0.38662429558620315	0.4586270963624616
0.15395209208761018	0.38380949321733315	0.4622384146950568
0.15521489762960533	0.3848290939699598	0.459956008400435
0.15088981497879125	0.38714496155798195	0.46196522346322694
0.15658946448251587	0.3849161268950382	0.458494408622446
0.1544185832277013	0.3862109175088166	0.4593704992634822
0.15537039795088542	0.3848354027045298	0.4597941993445849
0.1569963718660694	0.3842057929252298	0.4587978352087009
0.1548453867989773	0.3864353640276622	0.45871924917336065
0.15176455193944172	0.38704138809207467	0.4611940599684837
0.15157810567282878	0.38704711511893325	0.4613747792082381
0.1535980110358497	0.3867282144663906	0.4596737744977598
0.15133724385423358	0.38717255595874367	0.4614902001870229
0.15199360668447617	0.38652213174339783	0.46148426157212613
0.15415617345419103	0.3851656033858705	0.46067822315993856
0.1530820570572797	0.38638701106750056	0.4605309318752199
0.15282994655226825	0.3854847547256536	0.4616852987220783
0.15445331428141823	0.38707222572972627	0.4584744599888556
0.15183470710713726	0.3870882342775576	0.46107705861530524
0.15414676116155562	0.38442081040257253	0.46143242843587196
0.15195216405255846	0.38560265487873263	0.462445181068709
0.15544422558328125	0.3849987217166647	0.4595570527000542
0.1515787021006342	0.3860787942633261	0.46234250363603985
0.15457377854536583	0.3849372339920221	0.46048898746261213
0.15299765300521465	0.3852589944442996	0.4617433525504858
0.15396165648433474	0.38464787639773335	0.46139046711793197
0.15453312482940948	0.3836080040528224	0.46185887111776824
0.15539101594884025	0.3858705265856639	0.45873845746549596
0.156133580075776	0.3848532494673654	0.4590131704568588
0.15380204069454256	0.3869511159100388	0.45924684339541877
0.15479827099503862	0.38424379219263505	0.46095793681232644
0.15774234275252275	0.38378488819384665	0.4584727690536307
0.15340923661792719	0.3861177418153987	0.46047302156667425
0.1571313812880777	0.38390736908215944	0.458961249629763
0.15422822322203783	0.3844071544110718	0.46136462236689046
0.1564133391553603	0.3851615264891816	0.45842513435545823
0.15434630833277396	0.3846252951676033	0.4610283964996229
0.15689319348436956	0.3843935058607179	0.45871330065491267
0.1548943708474789	0.3853502388793646	0.45975539027315665
0.1558698125380271	0.3855740169865741	0.4585561704753989
0.15428163903264458	0.38656516721657946	0.4591531937507761
0.15464209836555032	0.3856741080187063	0.4596837936157435
0.15453303016483222	0.3839701870566103	0.46149678277855766
0.15247340101218845	0.3855357563679734	0.4619908426198383
0.15660623399212883	0.38455770780433535	0.45883605820353596
0.15584030993020642	0.3842532364625102	0.4599064536072835
0.15410883626966682	0.38520181043965385	0.46068935329067945
0.15272193093422506	0.38554934930193646	0.4617287197638386
0.15214050699163179	0.38666876365241054	0.46119072935595784
0.1511720000855578	0.38687998294000525	0.46194801697443705
0.15172980040700718	0.38625877909481526	0.46201142049817767
0.15340171656388452	0.38498643085409534	0.4616118525820203
0.15434113440883984	0.3851505556714919	0.4605083099196684
0.15470841695832138	0.3863578771281193	0.4589337059135594
0.15318392006161607	0.38548304368209185	0.4613330362562922
0.1532537562618223	0.38525476892602367	0.46149147481215413
0.1528673715190577	0.3863417640861279	0.46079086439481454
0.15411271839778204	0.38529278354357377	0.46059449805864433
0.15355352863815058	0.38614309069768016	0.46030338066416937
0.15227486712489519	0.38597799712995867	0.4617471357451463
0.1513014570363061	0.3868430854251332	0.46185545753856083
0.15600062513795998	0.38547425562848747	0.4585251192335527
0.15212583739021615	0.3853585696188612	0.4625155929909227
0.15588798068587023	0.3848963244093183	0.45921569490481157
0.15313848938880387	0.3865758568614652	0.46028565374973107
0.1560289788587857	0.3841804622697538	0.45979055887146064
0.15207992879505491	0.3867105338023787	0.46120953740256654
0.15590757771539507	0.38455771702007113	0.45953470526453394
0.15497947791801264	0.38364003504671507	0.46138048703527246
0.15415305342865632	0.3858947912140766	0.4599521553572672
0.15275125154867397	0.38582632755813384	0.46142242089319235
0.154122870937392	0.38497142477710083	0.4609057042855073
0.15444320914626425	0.3849600947066507	0.4605966961470852
0.15404757374710237	0.3840618766045615	0.46189054964833626
0.15538668654878285	0.3847129302228165	0.45990038322840077
0.15275097376587404	0.384843281257688	0.46240574497643805
0.15408869524272067	0.38422969870445	0.4616816060528295
0.15441947678535928	0.3840628855574598	0.461517637657181
0.15511118737906932	0.3863251321775988	0.45856368044333207
0.15357570729860837	0.385782082667761	0.46064221003363076
0.15316891926911785	0.38453819838001446	0.4622928823508678
0.1525774284876647	0.38714879988027906	0.4602737716320563
0.15120717648219895	0.3869591157316805	0.46183370778612065
0.1534733816461814	0.38708967343097034	0.45943694492284837
0.15601236985598166	0.3853873677890112	0.4586002623550072
0.1541594352981209	0.3837242008411139	0.46211636386076527
0.15460662644138506	0.3848025597742034	0.46059081378441163
0.15361059133540783	0.3860501289576315	0.46033927970696076
0.15378032336610922	0.3871241017873516	0.45909557484653923
0.1542039950617502	0.3842372674711461	0.46155873746710374
0.15123213207580982	0.38634989650460505	0.4624179714195853
0.15364991162044328	0.3850131979909333	0.4613368903886236
0.1539450670027443	0.38528989163311267	0.4607650413641431
0.1534920743179004	0.38511056139768624	0.46139736428441347
0.1566191415387253	0.3844374178188067	0.4589434406424681
0.15710707943032712	0.38416625748607935	0.45872666308359367
0.1523644162610292	0.3870177623734794	0.46061782136549156
0.15413822499950497	0.38467208409566933	0.46118969090482587
0.15517232367733383	0.3860769710291681	0.4587507052934982
0.15126734578788353	0.38671366051284156	0.462018993699275
0.15272400380834927	0.38624794035097065	0.4610280558406802
0.15237383767016194	0.3868782870938106	0.46074787523602756
0.1536053154925432	0.38399747501037407	0.46239720949708285
0.15668884409363884	0.38391418638158253	0.4593969695247787
0.15222422974443867	0.3862423421786205	0.46153342807694087
0.15656236113535388	0.384637093983456	0.45880054488119026
0.15444053670258417	0.38613732114763955	0.4594221421497764
0.15407912882882235	0.3850401645341366	0.46088070663704117
0.15547411436325234	0.3850224727385431	0.4595034128982047
0.15649480828506246	0.3847952401774253	0.4587099515375124
0.15575946049668332	0.38400844766784664	0.46023209183547015
0.1528144674515482	0.3865261363039595	0.46065939624449237
0.15140778460320758	0.3869703140425978	0.4616219013541948
0.15397939522018594	0.38490616008741596	0.46111444469239826
0.1546196915732841	0.3842245594886666	0.46115574893804945
0.15243154561584327	0.38669406040074894	0.4608743939834079
0.15240241259538279	0.38631421919245984	0.4612833682121575
0.15342883011941294	0.38490487464944856	0.46166629523113867
0.15721807761762074	0.3837724754174705	0.45900944696490886
0.15131190080376078	0.38693576552453024	0.4617523336717091
0.15213920041452872	0.38551248915966807	0.46234831042580327
0.1553762970805961	0.38424282620509376	0.46038087671431027
0.15467255201792462	0.38540228331318505	0.4599251646688905
0.1532465920451914	0.38680262508869157	0.4599507828661171
0.1522268194690961	0.3854067476483757	0.4623664328825283
0.15565428086532868	0.38511868408971994	0.45922703504495144
0.15435661884235474	0.3840006783515282	0.4616427028061172
0.156381002082633	0.3843713666537705	0.4592476312635966
0.1571233153034562	0.3843548915123673	0.45852179318417663
0.15397262353889282	0.38448443566678336	0.4615429407943239
0.15174350604089976	0.38682627036002437	0.46143022359907604
0.15058662508699389	0.3869265354698188	0.46248683944318747
0.1549583500390254	0.3843520652249435	0.4606895847360313
0.15515261003105701	0.38599832160338815	0.45884906836555495
0.15452078067578073	0.3839077094975363	0.46157150982668316
0.1528450936754981	0.3855458944135446	0.4616090119109575
0.15362102236158642	0.38545898477161655	0.46091999286679713
0.15369524476048668	0.38573417852673525	0.46057057671277823
0.15174971704086693	0.3868000890824616	0.4614501938766716
0.15276833484887015	0.3867333737622786	0.46049829138885134
0.15460908033350995	0.3854465857796543	0.45994433388683587
0.15211278109263482	0.3871253852209139	0.4607618336864514
0.1558741232631493	0.384156977427763	0.4599688993090878
0.15426100082672892	0.38360671349354053	0.46213228567973064
0.15226266644816638	0.38599407539092623	0.46174325816090755
0.15461718890829534	0.38507170046491707	0.4603111106267877
0.15414677580350808	0.38581958375122993	0.4600336404452621
0.15468094809910166	0.38556648523492365	0.4597525666659748
0.1532993205224748	0.3846173912037056	0.4620832882738197
0.1533150488185001	0.38537592049188474	0.46130903068961526
0.15424558696130947	0.3867929977545743	0.4589614152841163
0.1528540211935795	0.3848588418029808	0.4622871370034398
0.15566124947388993	0.38420320334779945	0.46013554717831073
0.1526140536500504	0.3865296790537648	0.4608562672961849
0.15591186562488762	0.3841331818738812	0.4599549525012313
0.15531560621880258	0.3835507733729973	0.4611336204082003
0.1524781219494381	0.3866087793666119	0.4609130986839501
0.15599105927024326	0.385277499929467	0.4587314408002898
0.15453958617422128	0.3839897083932774	0.46147070543250146
0.1509288575313074	0.38701557898788863	0.4620555634808041
0.15634106248914004	0.3846540950863583	0.4590048424245018
0.15343618115366192	0.384500944922801	0.4620628739235372
0.15244910859002134	0.3871528932765733	0.4603979981334055
0.15387219480682823	0.3856084757184238	0.46051932947474805
0.15346005638825194	0.38406130105339004	0.46247864255835813
0.15093016750426969	0.3870369275861819	0.4620329049095485
0.15223084539459059	0.3866838900212005	0.461085264584209
0.15614730911364388	0.3837501222379323	0.4601025686484239
0.15131152758721383	0.38678197398281894	0.46190649842996734
0.15677082483280264	0.38372584133636334	0.4595033338308342
0.1538115280079197	0.3863650901394891	0.4598233818525913
0.15476366627197713	0.38454179682900846	0.4606945368990145
0.1542041948520953	0.38588805660778214	0.4599077485401226
0.15368221254472905	0.38433860048924845	0.4619791869660226
0.1549148314824309	0.38386139624621174	0.46122377227135747
0.15503140971832133	0.3846546678759925	0.4603139224056863
0.15478068886792676	0.38605201888331164	0.45916729224876174
0.15414847759192152	0.3861375661850406	0.459713956223038
0.15469763714954365	0.3869176688345105	0.45838469401594595
0.15675131253096108	0.3840753872435967	0.45917330022544234
0.15334501274290252	0.3853346852914593	0.4613203019656382
0.1527826753495915	0.3867365850242362	0.4604807396261725
0.1556372094211668	0.38535889592388245	0.4590038946549509
0.15699871875620314	0.3836392748328098	0.45936200641098723
0.15355661669431725	0.38626397093393666	0.4601794123717462
0.15126033000134365	0.38706694366207206	0.4616727263365844
0.15738769198548214	0.3840561133972145	0.45855619461730346
0.15634875288022493	0.38472138508228604	0.4589298620374891
0.1536423721892191	0.38653725903159264	0.45982036877918836
0.1557364860148876	0.3850721757518365	0.459191338233276
0.15310671191950298	0.38641112485563506	0.460482163224862
0.15183954625187746	0.38712331058906146	0.4610371431590612
0.15557045322323731	0.38453271556848084	0.45989683120828195
0.1547969077360945	0.38378880016878364	0.46141429209512197
0.15277334898508732	0.38589278367612706	0.4613338673387857
0.15667685971958684	0.38361032502896464	0.45971281525144864
0.1550533707529981	0.3856181543791988	0.4593284748678032
0.15326962097348518	0.3857242497606197	0.46100612926589524
0.15460772013059665	0.3855552015837529	0.4598370782856505
0.1554544807071987	0.3855860584749877	0.45895946081781375
0.15278533391214544	0.38578736029015154	0.46142730579770314
0.15329074327563436	0.3861509720645692	0.46055828465979654
0.15395273549084332	0.38446607428840207	0.4615811902207547
0.15394069238398467	0.383759898983693	0.46229940863232244
0.15559432995451128	0.3851122651892983	0.4592934048561905
0.1529197790238102	0.3867513289565833	0.4603288920196066
0.15591707259003185	0.3841538858127164	0.45992904159725184
0.15149599474996067	0.3864548749571342	0.4620491302929053
0.15128300972768077	0.3868759630303135	0.4618410272420058
0.15568678024743723	0.3844647003614	0.4598485193911629
0.15631067381238817	0.38504446598687964	0.4586448602007323
0.156549809230564	0.38425005715491484	0.4592001336145213
0.1578729057085953	0.38355196525136115	0.45857512904004366
0.1530180622310932	0.3871643456121429	0.459817592156764
0.1547428413995508	0.385828981885876	0.4594281767145733
0.1546498062021604	0.3840222769210718	0.4613279168767679
0.15413747186639515	0.3841729241694488	0.46168960396415615
0.15491239504064014	0.38555368141013563	0.45953392354922434
0.15495132035269155	0.3849820378991824	0.46006664174812617
0.15393284254574915	0.38532811791426697	0.460739039539984
0.15282221017313027	0.38471811752339424	0.4624596723034756
0.1565339777891541	0.3837834038772582	0.45968261833358787
0.15354366265914535	0.384096372410298	0.4623599649305568
0.1559070659576523	0.3840381317644213	0.4600548022779265
0.15426844724481226	0.3859466832947454	0.45978486946044245
0.15744951443921312	0.38406087994308535	0.4584896056177017
0.1552833987785564	0.38536952993160617	0.45934707128983754
0.1551431541936126	0.38471869282740717	0.4601381529789803
0.15589246041106855	0.3851684743306476	0.45893906525828393
0.15281127832447586	0.38480419503760627	0.46238452663791796
0.15564369442088283	0.38486285102356255	0.45949345455555474
0.1533563751523428	0.3852321717849893	0.46141145306266806
0.15558982167456598	0.38379075975384136	0.46061941857159283
0.15323231314241612	0.38522873704319277	0.46153894981439125
0.1542003324237026	0.3842813943401708	0.4615182732361267
0.1546636393050666	0.38461501307005475	0.4607213476248788
0.15335242715637187	0.38488284751363605	0.4617647253299922
0.153899738021609	0.385597467070896	0.4605027949074952
0.154998168248452	0.3850950797196314	0.45990675203191667
0.15767572477802172	0.3837468559968212	0.45857741922515716
0.1555478022012472	0.38418060890147765	0.46027158889727526
0.1543444224734392	0.3862537978768282	0.4594017796497327
0.15137695078950072	0.38698906220598195	0.46163398700451747
0.15452644326525472	0.3838729605269754	0.46160059620777005
0.15223534827546337	0.3867491508791762	0.4610155008453605
0.15241802343353023	0.38643758345712403	0.46114439310934585
0.1543724455286995	0.38648646855925356	0.45914108591204705
0.15492303330579985	0.38489330302870145	0.4601836636654989
0.15262287125338686	0.3853305434561728	0.4620465852904405
0.1567957467856247	0.38448283194986516	0.4587214212645103
0.15758110966874928	0.3837442028280517	0.4586746875031991
0.15298533917523685	0.38681198984497234	0.46020267097979095
0.15168836374181158	0.38709545841534837	0.4612161778428402
0.1562540536494616	0.38362082537421194	0.4601251209763266
0.15325676076032718	0.3855917794151071	0.4611514598245659
0.1529666335657315	0.3857402063421439	0.46129316009212473
0.15304919896836938	0.3863652211646636	0.46058557986696713
0.1524771889528544	0.38598071939657896	0.4615420916505668
0.15468442391515858	0.38471593840265794	0.4605996376821836
0.15402912137055597	0.386323712800552	0.4596471658288921
0.154507073045686	0.3870084911041935	0.45848443585012066
0.15181992142003775	0.38615602604209	0.4620240525378724
0.1557727559694949	0.3854246261290966	0.4588026179014086
0.15554505128678542	0.38608215679338176	0.45837279191983293
0.1549089385112026	0.3835861065665133	0.46150495492228416
0.15687671245737006	0.3847264864842258	0.4583968010584043
0.15381259601688368	0.38463149483587455	0.46155590914724187
0.15333533292857934	0.38490237567399355	0.4617622913974272
0.15441900774630085	0.3854565255362716	0.46012446671742774
0.15684114374469488	0.3844995012305746	0.45865935502473065
0.15579298129433103	0.38548917133352084	0.45871784737214827
0.15445051034190777	0.38612870475978095	0.4594207848983114
0.15388438659930886	0.3860520675877622	0.4600635458129291
0.1530328508749152	0.3869714973523466	0.4599956517727383
0.1552262690986216	0.3859690770465974	0.45880465385478114
0.15577610442891646	0.385166045273396	0.45905785029768764
0.15175778276284774	0.38682886234986485	0.4614133548872875
0.15685349939476348	0.38477244180975284	0.45837405879548376
0.15485311969200938	0.38430078235102416	0.46084609795696657
0.15568502899316167	0.38465632074000017	0.4596586502668383
0.15450673054750672	0.3841518054398209	0.4613414640126725
0.1542834061790344	0.3857080277473183	0.4600085660736474
0.15577995759546578	0.3853297908599729	0.4588902515445615
0.15380660997368456	0.3863542083942448	0.4598391816320708
0.15464129801312304	0.3860343253380193	0.4593243766488577
0.15579748019595868	0.38530182976952454	0.45890069003451694
0.1518061089770982	0.38649637602501435	0.4616975149978876
0.15463967591648642	0.3836021283802072	0.4617581957033065
0.15445060309904424	0.3859970593960207	0.4595523375049352
0.1536876489923335	0.38691715991163184	0.45939519109603477
0.15357581193966685	0.3839604563187171	0.46246373174161615
0.1565761263639121	0.3841197191193495	0.4593041545167385
0.15430922835210753	0.3840123147936227	0.4616784568542699
0.1508629356736678	0.3866869638774735	0.4624501004488588
0.1532320581072577	0.38702603268057073	0.4597419092121717
0.15276897422631797	0.38671514285783687	0.4605158829158453
0.1540103455000229	0.3864672125546724	0.4595224419453048
0.15408028501993265	0.38439617423422223	0.46152354074584523
0.15403550741155386	0.386535434054518	0.45942905853392824
0.15609304285320108	0.3846717842967574	0.4592351728500416
0.1515700880725513	0.3860057970094565	0.4624241149179924
0.15403656734532856	0.38607337028656635	0.4598900623681052
0.15472808515239733	0.38388991974081205	0.4613819951067908
0.15620470546970147	0.3836110595800244	0.4601842349502742
0.15542941405580382	0.3840737384254753	0.460496847518721
0.15396805466108537	0.3856860869222535	0.46034585841666126
0.15365086925294205	0.38542092374604836	0.4609282070010097
0.15228812692241828	0.3865092957543969	0.4612025773231849
0.1533264010327018	0.38553661219919616	0.46113698676810216
0.1506897281603658	0.3870258870251435	0.46228438481449086
0.1514122198878214	0.38631955082695024	0.4622682292852285
0.1533177987759154	0.38693525364638864	0.4597469475776961
0.15095057565995568	0.3871434663611668	0.4619059579788776
0.15458597729665524	0.38662757517856056	0.4587864475247843
0.15769745537067942	0.3835548768511725	0.45874766777814824
0.1525105652359133	0.3871112779619008	0.46037815680218597
0.1530171186960534	0.3866275626126141	0.4603553186913326
0.15516656621904873	0.3848078954474902	0.4600255383334612
0.15620491137087797	0.3853758580643472	0.45841923056477496
0.15633089638851055	0.38443444765444573	0.4592346559570438
0.15568447578547587	0.3846001477948038	0.4597153764197205
0.15171562820635093	0.38680476953659404	0.46147960225705514
0.1531365148089639	0.38574329549584097	0.46112018969519525
0.15257582777043477	0.3868097073568917	0.46061446487267366
0.15355176090668426	0.38521230200786394	0.4612359370854519
0.15657898936498169	0.38465819993757056	0.4587628106974479
0.15573533945800452	0.38362397667846826	0.4606406838635273
0.1534222229474328	0.38658765668382705	0.4599901203687403
0.1562490261011531	0.38379092531127373	0.4599600485875733
0.15761533706184105	0.3835620924953571	0.45882257044280195
0.15350887434287627	0.38536842629185963	0.4611226993652642
0.15388571203411794	0.38591051722751574	0.4602037707383665
0.15367730857106007	0.384420968851781	0.461901722577159
0.15590747702477098	0.3848672291864253	0.45922529378880383
0.15509332702084255	0.385229547410857	0.45967712556830054
0.1533719074245678	0.3859035713963763	0.460724521179056
0.15240071836544244	0.38585989107604673	0.46173939055851093
0.15456514049870634	0.38557660153772677	0.45985825796356694
0.15615854513905242	0.3835480656677247	0.46029338919322305
0.15470993686469692	0.3862549629729076	0.45903510016239557
0.15340577875039868	0.38649226078017385	0.46010196046942753
0.1545991216219875	0.3859045866713892	0.4594962917066234
0.1541740145104934	0.38535927204736997	0.46046671344213674
0.1513713141274674	0.3864409086184954	0.46218777725403737
0.15373043599630162	0.3864643990472647	0.4598051649564338
0.15415975862897918	0.3846739905546047	0.46116625081641627
0.15732823140676044	0.3843270202706971	0.4583447483225426
0.15314256162669643	0.3848165706099314	0.4620408677633723
0.15204707168070541	0.3863816278154856	0.4615713005038091
0.15336227468484082	0.3871293364362914	0.4595083888788679
0.15572483289836136	0.3843660868789974	0.4599090802226413
0.15477758827610855	0.3868407601701531	0.45838165155373845
0.15575307015906992	0.385252322731514	0.4589946071094162
0.15455330995166494	0.3847188999633698	0.4607277900849654
0.1511106337862229	0.38690678864034755	0.46198257757342975
0.1554247582371135	0.38427791580576176	0.4602973259571249
0.15179592967252642	0.38609040318531934	0.46211366714215435
0.15761275711721787	0.38387147389819426	0.458515768984588
0.15256711319606686	0.3860850414517121	0.4613478453522212
0.15265867634974015	0.3854287429956681	0.4619125806545919
0.1546205752448861	0.3859962480864206	0.4593831766686935
0.15342844965550234	0.3859756865286956	0.46059586381580214
0.15155942745655415	0.38664937144876294	0.4617912010946831
0.15488030975202466	0.38447716377116115	0.46064252647681436
0.1556566906938643	0.3836986083601411	0.46064470094599475
0.15660311183183165	0.3844003055552014	0.45899658261296705
0.15433505824162577	0.38573886908282173	0.45992607267555263
0.15664497999400495	0.3836652353799522	0.45968978462604293
0.15329687204158798	0.38671792041300634	0.45998520754540584
0.15263329916157564	0.3863829187951228	0.46098378204330165
0.1512087825833831	0.38685906139303694	0.46193215602358006
0.1542412219294438	0.38474258169116116	0.46101619637939517
0.15251146332820364	0.38551535569472156	0.46197318097707496
0.1541240546651992	0.38414840569495834	0.4617275396398426
0.1531832526011224	0.3844522313723526	0.4623645160265251
0.1505544990911591	0.38709766320640726	0.4623478377024338
0.1545360220581516	0.3865695171295859	0.4588944608122626
0.1567726468100452	0.38412620550945553	0.45910114768049937
0.15536218159232368	0.38595367499810984	0.45868414340956654
0.15264937438696471	0.38715932058127406	0.46019130503176137
0.15480314630219716	0.38604491448425543	0.4591519392135476
0.15563748536535177	0.3844090385924301	0.45995347604221826
0.1544027223149737	0.3860871654125082	0.45951011227251826
0.15628046243560076	0.384380461445724	0.4593390761186753
0.15255854961040666	0.3859560184498377	0.4614854319397558
0.151431060038544	0.38715613051028314	0.461412809451173
0.15171054272782256	0.38661380548278057	0.461675651789397
0.15327734948556127	0.3848106618684459	0.4619119886459929
0.1537209114939807	0.38650779988185935	0.45977128862416006
0.15105141079367965	0.3870171019621127	0.4619314872442078
0.154685618273167	0.3837476943740759	0.46156668735275724
0.1537229262537611	0.38527893161898685	0.4609981421272522
0.15265976477915075	0.38648019996066746	0.46086003526018193
0.15637003812766442	0.3836032662789203	0.46002669559341547
0.1545353356830128	0.3837992693602451	0.4616653949567422
0.15491669896268268	0.38402092410479055	0.4610623769325269
0.15676758499323035	0.38438176202441715	0.4588506529823526
0.15139602078810543	0.387053034171131	0.4615509450407637
0.1532557351079219	0.3848920915776954	0.46185217331438283
0.15405964768052954	0.3861144185749271	0.4598259337445434
0.15380493789328603	0.38581019988344034	0.4603848622232738
0.15616171181188723	0.38418211621224824	0.45965617197586467
0.1559554146978815	0.383666678389989	0.46037790691212954
