0.24772673889777563	0.01712540762419973	0.03845180212305954	0.07988795190310574	0.026579228384003978	0.033361573247573204	0.022659206280976785	0.2808278571952882	0.25337672237600456	3.5119680124318098E-6
0.2476054489045726	0.017193259278918335	0.03846448870343601	0.0798702617692956	0.02661006540724943	0.03360588271263257	0.02261354386386981	0.2807063277073463	0.2533264643192262	4.257333452953316E-6
0.24718648286559491	0.01732869083559037	0.03855111624619356	0.07989834568337593	0.026752527968055828	0.03348427498837084	0.022883843721607844	0.2806195028168628	0.2532917288026213	3.486071726371831E-6
0.24690202459102206	0.01749531723981887	0.03846643939232203	0.07989297088099531	0.02658292038193663	0.03385710294248623	0.02333631588602618	0.2801332805417379	0.25332909332901127	4.53481464333938E-6
0.24678907453317533	0.017595762515758243	0.03846666994598926	0.0799095595905	0.026613363094590545	0.03388898540751166	0.023383926186482926	0.2800025894687413	0.2533476119803747	2.4572768759362207E-6
0.24634062833744175	0.017822489386836712	0.03872862024389648	0.07993861683556142	0.026711717756430844	0.033656524017670386	0.02325370591013115	0.2802669930074301	0.25327920526168957	1.4992429113735994E-6
0.245956454535678	0.017568697702707012	0.03867199083938892	0.08043724375201644	0.0272277460525389	0.033366746263531935	0.023790066928703044	0.2801398837387493	0.25283752762651457	3.642560171740472E-6
0.2472413434836902	0.0171721371522168	0.03901605452849422	0.08039714823663953	0.02685001372663598	0.033394561802147726	0.02531022002930669	0.27817978623235934	0.2524354836785695	3.25112993966592E-6
0.24669647128079147	0.017767228597626167	0.03834432916770908	0.08011703328665133	0.02679563007147509	0.0345466869421758	0.026545561556537228	0.2770193521464256	0.25216641312921334	1.2938213946184218E-6
0.2467845179425504	0.017374973698147847	0.038537210207510594	0.08003750046304961	0.026863208899959995	0.03436961683828291	0.026932130551539507	0.27717830326900306	0.2519207366711661	1.8014587898074197E-6
0.2454311189888984	0.01764666766196747	0.03932158570379285	0.08154566132316989	0.026675859472862343	0.034450472770639576	0.025563157494449915	0.27734591737655107	0.2520184708829385	1.0883247298226761E-6
0.2456735387030216	0.017680106169182072	0.039265192943904126	0.08102920230890275	0.026983401484757544	0.03495913369354248	0.025131448709963422	0.27690366552408496	0.2523695650051815	4.745457459334745E-6
0.2460591124963895	0.017679277241700084	0.039154475287429824	0.08034850382628243	0.026979033673316846	0.03452406266608431	0.025171258226493284	0.2771536237775998	0.2529259140694105	4.738735293122187E-6
0.24678376199289692	0.018735626909330907	0.03837513998470828	0.08032129898615996	0.0275664542549746	0.03387096389530185	0.02348872924953964	0.2788229925871243	0.25203315976065505	1.8723793083902374E-6
0.2461088472178357	0.01821443703658844	0.03864804041912348	0.08009313151161718	0.02678101656631253	0.0344335167349929	0.02435361927588607	0.27948284414361874	0.251880977548828	3.569545196771551E-6
0.24593871628342423	0.018888584214101098	0.0389272466768016	0.08024165632083054	0.026729988065457136	0.03427677971933768	0.024763143872232288	0.27864981950720996	0.25157964863123916	4.416709366045213E-6
0.2460348480935678	0.017567522496688123	0.03885518528511587	0.08020825373263152	0.027341057508127473	0.0338807578445144	0.024695475667169856	0.27902620659370986	0.25238877574467533	1.917033799633816E-6
0.246658986725111	0.01716429459387893	0.03936852679868438	0.08050482462521118	0.027924903216388283	0.03394364770340262	0.024116614800613514	0.27875743700105954	0.25155587833359955	4.886202050718991E-6
0.24856354524381757	0.017100424741182105	0.03858936982807427	0.08101172477045271	0.02812950898026205	0.033734309345744215	0.023031469637163224	0.2782357115848265	0.251601344327463	2.5915410141463813E-6
0.24851962971701858	0.017097075684662316	0.039499495929920025	0.08033607160524346	0.028075342920544616	0.03358520612375099	0.022764367099300187	0.27833066995722217	0.25178843358253483	3.7073798025144544E-6
0.2483275835589937	0.01752335534848863	0.039126179672731194	0.08002614610369446	0.027959909134261038	0.03404163183941701	0.02261982726467192	0.2787006482619186	0.25167151362584655	3.2051899767904235E-6
0.24819482664942588	0.018108961586065148	0.038465621151542354	0.0813781720391873	0.02688156211826588	0.0338867373556196	0.023001587226395323	0.27812655885021775	0.2519547002889429	1.272734337684489E-6
0.24734084506048015	0.01905688009878366	0.03839454233864578	0.08099466987709728	0.027727478710881756	0.033795623324937824	0.02262950430220488	0.2776061214917779	0.25245177047538714	2.5643198033747927E-6
0.24362028983990647	0.018100524539705662	0.03903470403057628	0.08073719806777997	0.02787453963267185	0.0353288341641015	0.022885831847832327	0.2790714072246953	0.25334146312100175	5.207531728695924E-6
0.2431723358413192	0.01767381234349462	0.04039369545683038	0.08089362951788821	0.02684408781758378	0.0357088674959566	0.023788131501973273	0.27948795664284987	0.2520338776428655	3.605739238465855E-6
0.243758936309454	0.017578328720686903	0.040121548556614255	0.08004984029767657	0.02709713914792229	0.037322115301373235	0.024114156446222265	0.2780890007270475	0.2518642270452608	4.707447741905679E-6
0.24284246041193802	0.0173349888923634	0.03999465518295957	0.08098787084201911	0.02696497288665145	0.035831957430242034	0.02498947720701669	0.2776388482741157	0.253409889495453	4.879377240793459E-6
0.24314864948208692	0.01721330888061466	0.0384733048069183	0.08097120836238333	0.029294116008938623	0.03433001600775444	0.026953359737979257	0.2773740647026668	0.2522369001988423	5.071811815068883E-6
0.24280347752881898	0.017576561200982874	0.03969484489669426	0.08060079323468171	0.028310094219845636	0.03475744755402575	0.02780152332006286	0.27530612759815787	0.25314432241132634	4.808035403480737E-6
0.24205800223005386	0.017288920657845694	0.03928763961204831	0.08129783235776546	0.02835108510628366	0.03426876115950725	0.02966506198199398	0.2748637746832546	0.25291374747866374	5.174732583240749E-6
0.24168764752181593	0.018149932277853553	0.03957961784997362	0.08100712300618915	0.028405399904149295	0.03376319731950744	0.029126681549670547	0.2764258723888426	0.2518495108515137	5.0173304840112065E-6
0.24062267972279405	0.018359732303250734	0.04071943432281172	0.08177871111421975	0.02978218963537259	0.03430441195458524	0.030316527797415935	0.27272051409086084	0.25139451509097854	1.283967710444256E-6
0.24171550368918365	0.019498489790990586	0.039928966487726356	0.08065864742680923	0.02992887296930527	0.03474727929428856	0.02889411456709172	0.27439749005786807	0.25022626429401457	4.371422721777263E-6
0.24369547981547035	0.01848474402445692	0.040430877088504166	0.0814107119270836	0.029929982465081204	0.033624589972228475	0.028650266779635614	0.2741962025872083	0.2495741921004328	2.9532398984205566E-6
0.24443161012542514	0.0172816534775396	0.04024246980593131	0.08121533947907807	0.028602967738001528	0.03519018159078356	0.02862578860504182	0.2749782374111805	0.24942685563300415	4.896134014151232E-6
0.24422918502868746	0.01918131433690283	0.04169885612488374	0.07997435897038276	0.028641395508402	0.03695806790691833	0.026484132978660355	0.2758913016989348	0.2469390746470368	2.3127991906762846E-6
0.24437776293129848	0.018586630225812015	0.042235802796104206	0.08014055790077679	0.028229488621961354	0.03665816319990596	0.026273304087792368	0.27629188570637997	0.2472030914886933	3.3130412753629157E-6
0.24668406785949332	0.017679003571952775	0.041177054561150755	0.0806316327214745	0.029492459674044944	0.03675341747120586	0.025966716699558898	0.2748409991458305	0.24676950740526404	5.140890024193934E-6
0.2466825805522641	0.01782404960130493	0.0415988838559343	0.08029263128242785	0.02980589713373963	0.03625298109647726	0.025344230903900616	0.27589740004885865	0.24629927195278944	2.073572303029625E-6
0.24695004889196226	0.01840517405938745	0.04166552493791236	0.0808254235789106	0.028953842701846214	0.035742783552504376	0.026314160266888917	0.27549734246128216	0.245641118038755	4.5815105505359055E-6
0.24774609002860454	0.01856760226219288	0.041929094098766176	0.08058692072056443	0.027434706990154725	0.03535330591635295	0.02711866935525309	0.27503720491869627	0.24622260839773263	3.797311682027238E-6
0.24768830932178698	0.018628158638067882	0.04181270021400869	0.08063715500719607	0.027259921651441893	0.03591606710729919	0.026757481638727543	0.27442928756795054	0.2468683929364065	2.5259171145819437E-6
0.24781825762144	0.01986599539713066	0.04640772030769866	0.08070956657526268	0.02776800280338479	0.03541043791530461	0.022913824726622928	0.2755327166913164	0.24356938431568054	4.093646158442876E-6
0.24820979864569465	0.020102992245800075	0.04632332767892045	0.08167270572848398	0.02717609073145251	0.035969945171563725	0.023068792122355228	0.27493491892436916	0.24253831808202958	3.110669330438909E-6
0.24744474522991539	0.019670696392820944	0.04571355235665801	0.08040464354175952	0.031895098313060935	0.03453165581834104	0.025771914495983414	0.2728042851334101	0.24176168029504314	1.7284230072189821E-6
0.24765429469406536	0.019013268456887722	0.04677484553039965	0.08065939863898938	0.0312930320070353	0.03390857470642282	0.02562300010727149	0.2733838107386809	0.24168790933454654	1.8657857006471046E-6
0.24682063467012433	0.018897004231090017	0.04563805928996871	0.08210777685332454	0.03162767649522122	0.03410683989561371	0.024765865075921267	0.27372233081400565	0.24231288647650712	9.261982231723032E-7
0.24582441490073348	0.02015873275751734	0.0460973046714879	0.08128049292212917	0.030481419218421943	0.034930682289120246	0.02578713370774427	0.27503571256497855	0.24040073092208203	3.3760457849307812E-6
0.24652791931838114	0.0204694177870217	0.04552968627526901	0.08184452817467378	0.030403700146999377	0.03444770351130293	0.025932897065532076	0.27440944855174243	0.24043064189117364	4.057277903687928E-6
0.24708375310469038	0.020540341116182192	0.045504833531855804	0.08142068270904129	0.030377715602388805	0.0336157581665148	0.02599622565382509	0.27557462453576337	0.23988534984701204	7.157327260032265E-7
0.24653666415589343	0.019301647425686616	0.04148934502683692	0.08001261311143548	0.032195438048550726	0.03694486440624435	0.023725423735048767	0.27732942072667355	0.24246296745689833	1.615906731547434E-6
0.24495468564722395	0.02079560941188839	0.04121873808323961	0.08019947868685945	0.033044594399965974	0.03548828190932023	0.024753227222320526	0.27668084615572625	0.24286076483058044	3.7736528749610088E-6
0.24782802124296638	0.018727443087628387	0.04471249975719828	0.08151150430886402	0.02676806824939626	0.03468851539359742	0.027115320915833532	0.27384701480020524	0.2447990934141855	2.5188301247813794E-6
0.2500589285069687	0.01712394289411308	0.04283341890784003	0.08014985659760836	0.026974564488217806	0.03468176752588818	0.026098062123964844	0.2760497800474948	0.24602522786859582	4.4510393080732236E-6
0.24988682344254404	0.017132715482298763	0.04244998412723811	0.08118314433909388	0.027965259164134157	0.03382557301381382	0.026160394061732997	0.2760261060799404	0.24536581204338126	4.188245822420167E-6
0.2502728345089193	0.017793060975226746	0.0425293968816176	0.08050452055363483	0.027601564368735912	0.03387674951900953	0.026293965134025613	0.2754303538778941	0.24569466407117446	2.8901097617606286E-6
0.24927008507998055	0.01795560800435053	0.04303172512774761	0.08119781378289094	0.02694984853627308	0.034300396985420034	0.026939058813772593	0.27521014096899965	0.2451421449952758	3.1777052889453428E-6
0.2478382295627179	0.01874747447311423	0.043076185190920276	0.08074717353869229	0.02847371591799759	0.03367331559311802	0.02645341771741276	0.27623898691230653	0.24474952500823677	1.9760854834821595E-6
0.24850901164613143	0.017572210140120073	0.04365291976442443	0.07997057092657509	0.03158126381463179	0.03462312191334292	0.024636089550848936	0.2780304347014227	0.2414213692051524	3.008337350021706E-6
0.24673409191026802	0.01824474866175442	0.04415202524564693	0.0799157709129264	0.03176623031432732	0.03476712306225059	0.022889912569191054	0.27689936685044353	0.244626007778163	4.722695028519519E-6
0.24567936078141506	0.01747447528221767	0.04505071980592517	0.07998372360199595	0.03264604132765177	0.03460219274521524	0.02354085576012964	0.2770348408366737	0.24398447979161153	3.3100671640445833E-6
0.24649036315519784	0.018635285470664717	0.04955621947082754	0.0808192612088539	0.02843532205107184	0.03529767746391775	0.022928786677544707	0.2749054313485318	0.24292679777029225	4.855383097468469E-6
0.24356356908402982	0.019736256852342704	0.044754462669977665	0.0816317276109291	0.031240030074682817	0.03803506068954035	0.024291724360736427	0.27451450689499	0.24223050329294615	2.1584698247228973E-6
0.22744550942431985	0.020848807959227236	0.04089876931361925	0.0820599999923681	0.030956238985217918	0.04828522647426036	0.029770582874693696	0.27773513056092075	0.24199492311342508	4.811301947543756E-6
0.22838955991473436	0.020763415434592217	0.03952293704482736	0.08318039678104093	0.02902299686218124	0.04912065471075562	0.02676780969095799	0.27998073590084627	0.24324691618131727	4.577478746645158E-6
0.22854473777696277	0.019947342821499847	0.03992920093637969	0.08389735801142024	0.028665693556281818	0.04838686598383343	0.026032488036013463	0.2807624451500204	0.24382909526969532	4.772457892723847E-6
0.2282034057284939	0.01996189537384202	0.04004848479136052	0.08412725430642665	0.028877946519766023	0.049352970769042506	0.025697204655111106	0.2805982657123011	0.24312975446246277	2.817681193215127E-6
0.2205834866450624	0.020473285584968845	0.04574327233322545	0.0937640514063459	0.033016807795186814	0.046757837474155364	0.027368214523361467	0.2740761533949772	0.23821593628719112	9.545555252482574E-7
0.21807818436406548	0.02268994924698027	0.04789647450773389	0.09447407860645575	0.026668852768786486	0.05061239009732902	0.026911512143812058	0.27397466186093855	0.23868952073451843	4.375669379858005E-6
0.21796349396467396	0.023041021786558327	0.048458591532087404	0.0946084040467079	0.026649599742932878	0.04903980050971026	0.027496450031260902	0.2742715730106848	0.2384692963698386	1.7690055447577846E-6
0.21779147956762945	0.022327668747086166	0.04832558489032119	0.09579467625792062	0.02690768363056166	0.04815246478057832	0.02812435315105126	0.27487526476819363	0.23769706320588935	3.7610007682098434E-6
0.21827936097888861	0.02606474994944577	0.04762271691191538	0.08995472324260231	0.02925263198136635	0.048368673773900035	0.02774228212453622	0.2757852155971932	0.23692554855742815	4.0968827238335725E-6
0.21502311936787738	0.029006949237173327	0.0528606301234055	0.08456464858302347	0.030135503901341135	0.04400058250759367	0.02613092852156361	0.27740458523098627	0.24086818880666372	4.863720371742208E-6
0.21540695776247193	0.023703991409880415	0.054477926693541824	0.08563139526713363	0.030582962685886922	0.044632965318460435	0.02858866612373355	0.2757638760388272	0.2412077641141992	3.4945858646828754E-6
0.2151120539729222	0.02493817058185932	0.055760110351395484	0.08485296000618885	0.030121221747671095	0.046109542326664255	0.028219197670388108	0.2756780301110411	0.23920779389982205	9.1933204736383E-7
0.21363918362262618	0.025025768826355793	0.055514756247870625	0.08416135898988583	0.029887807291362173	0.04644810075767371	0.030212274630222913	0.27475203486752153	0.24035437457344005	4.340193041033058E-6
0.21376940783209708	0.025810720225378656	0.05513493709317065	0.08457207418417317	0.029809248327251334	0.04703598016062908	0.03086202618419283	0.2729313675249854	0.24007264698659664	1.5914815249956638E-6
0.21324849034689042	0.02731740071192243	0.05576688180710031	0.08354449458968385	0.02953980299878564	0.046838271591721076	0.030485697190108615	0.27342522278861303	0.23983197906817688	1.7589069974816018E-6
0.21325348659736698	0.027649502548201074	0.05643125183761517	0.08402866317947759	0.029066516431270506	0.04675328390058045	0.032665650785670686	0.27166364165104046	0.2384833069633034	4.6961054735450425E-6
0.21562254310554474	0.023451043373324598	0.05483305196095902	0.0829858284118851	0.03177143425324429	0.046378513099595016	0.038392453705194056	0.2696052733660322	0.23695466930997988	5.189414240922008E-6
0.21493667921452475	0.02137136003980937	0.052814816957718655	0.08460944425831707	0.027710134219674443	0.04768899522462429	0.04155674773067583	0.2670203717773178	0.24228728655281478	4.1640245228152795E-6
0.21373192687566694	0.022137109326542975	0.053117779209521605	0.08475540489658194	0.027643750538519585	0.049836955278853734	0.04038218370290522	0.2663718289263144	0.24201898898130336	4.072263790053099E-6
0.21431033231961555	0.021316750736522505	0.05311130846380516	0.08332641753003138	0.02723575253086649	0.04964376380651454	0.04174490185009441	0.26653002830510203	0.2427764970545398	4.247402907900377E-6
0.21444670520886194	0.01984373222972985	0.05272892028095221	0.08311907059442636	0.027202030111551062	0.04974565631751007	0.0428568437429672	0.2668184976430005	0.24323357951250912	4.964358491552079E-6
0.21412528414589876	0.020324918769286465	0.054042142299484106	0.08415790167829504	0.027422105257007445	0.04891662489873894	0.041596501163483214	0.26527485511662374	0.24413650664562825	3.160025553936019E-6
0.21430775962145893	0.018430647118832577	0.05477001738986756	0.08305036076561867	0.03428936221176959	0.04940597071868574	0.04111856331045066	0.26445574892199675	0.24016712697937037	4.442961949055468E-6
0.2152637517044398	0.017657674170525148	0.053669324672238325	0.08331365230008098	0.036238939519053284	0.04849131583676725	0.0388480576722524	0.26638489741726884	0.2401299762210966	2.410486277207302E-6
0.21556876409706688	0.01816623049439703	0.054540443388264026	0.08235044722297352	0.03490771929722997	0.049537573453616285	0.03706382670172387	0.2667071763188347	0.24115703176096237	7.87264931079168E-7
0.21500171392377862	0.01815891972393012	0.053322578671645	0.08128798700733886	0.03391373258630337	0.051581610483457364	0.03949302622162314	0.2672752969580203	0.23996052400742424	4.610416478714741E-6
0.21462102344834044	0.01766865278607936	0.052858934219589045	0.08094915634851842	0.033997975876019715	0.05106053402569222	0.04018674245436705	0.2680742886718491	0.24058009742593234	2.5947436120415945E-6
0.21489486314463901	0.017399590020537217	0.0529083368926746	0.0812157127710787	0.03476407636795699	0.05264630611407506	0.040121779036778174	0.26650114920554957	0.23954315342348326	5.033023227282718E-6
0.2138422412622395	0.01896732681384211	0.051601261816011816	0.08232834369162818	0.03443287009257434	0.052553924355369326	0.03816648503803805	0.26539541502789965	0.24270911707534698	3.01482704975764E-6
0.21633327386145318	0.0205839761376886	0.05055641449479069	0.08306108708681939	0.03306917586222688	0.05106237902140161	0.03631202389298015	0.26649429432063715	0.24252465569194487	2.7196300573101295E-6
0.21522440413402605	0.02175915353262091	0.05232580814500681	0.08025530498977666	0.031718566881983865	0.04883835218373848	0.04040126120813035	0.2644876713646551	0.24498624382874795	3.2337313136954204E-6
0.21542725727464246	0.01855521697727222	0.050818918886528494	0.0808533503760748	0.03134309787145445	0.050410519561980706	0.0400906852946534	0.2656685527812445	0.24683138533557336	1.0156405753219966E-6
0.21742149590898024	0.019036136941957313	0.05015964541524649	0.08116136058936306	0.02989011307772277	0.050181241711891325	0.039689553055033786	0.26513267378430594	0.24732533629296366	2.4432225353560044E-6
0.21719820082866537	0.019170010657748343	0.05064029293461063	0.08098312655315858	0.03027510188790132	0.050523051271983754	0.038378976659906056	0.2658416609959758	0.24698601805992387	3.5601501261056656E-6
0.2174564988996016	0.01890500268087618	0.0491592087008932	0.082356282034895	0.029269694234102472	0.050976686823557965	0.03716364843611639	0.26677152595494236	0.2479364333275909	5.018907423673391E-6
0.21541379821770662	0.01783846800103306	0.04999499716432024	0.0798931879976956	0.03293593524310136	0.050424476344222466	0.0395984035453847	0.26633006490517297	0.24756856107191882	2.1075094440020647E-6
0.21524328770273637	0.01770433654250546	0.0491163732056685	0.08056331991175195	0.03411930301239846	0.048531360871476775	0.040077632655240725	0.26803723457229983	0.24660341362379162	3.7379021301520154E-6
0.21418795469148805	0.02158386935799203	0.044097797541470134	0.08290345285417419	0.03639535931585308	0.04413289646189548	0.03700190412962594	0.2714524692070799	0.24824341027902924	8.861613917665601E-7
0.214679178463467	0.021889631285359687	0.04550742646839936	0.08243324112672179	0.03470494592306332	0.042738720503487336	0.03843565109849014	0.27253442486688767	0.24707321149958178	3.5687645417586955E-6
0.21120874923483338	0.023147155830266053	0.04384971908797172	0.0846814135546888	0.03432036054764653	0.03489868820373032	0.051739400087318435	0.2715700674821934	0.2445834857148197	9.602565315125489E-7
0.20694822752057998	0.022146027750578265	0.046738865230988316	0.08163373848965635	0.03676642398112526	0.034021278097744995	0.05099163007135389	0.27446558792893344	0.246286745249506	1.475679533333163E-6
0.20651207097791918	0.02231699560863798	0.04665408175820922	0.08181730452114747	0.03800842009936334	0.033905786821776446	0.05119131463150198	0.27534680557490165	0.24424385755545835	3.362451084260032E-6
0.20723555869582538	0.02637711104632745	0.04303985038515334	0.08233519232343417	0.04255556775097246	0.03575241563239563	0.04832169244052772	0.27329607770725084	0.24108190733562151	4.62668249133491E-6
0.20634057360618413	0.02578356804291554	0.04416080847891058	0.08290783304120475	0.04229318096836324	0.034557633939213905	0.04840904512755636	0.2743255613051031	0.24121980280591904	1.9926846292206424E-6
0.20494755936203257	0.027467409624246722	0.042796644993983425	0.08195626429005146	0.04119818611058328	0.03450116289648407	0.050810420313410494	0.2745771779946775	0.2417428980918268	2.2763227035121902E-6
0.2035199838559229	0.028093405394507567	0.04311634345508132	0.08212636989423022	0.0404801960777655	0.035447627503628995	0.04990462040334655	0.27404253525682204	0.24326513847497988	3.7796837148162954E-6
0.20403599300484193	0.02993362344593392	0.04273700197611749	0.08303601240797193	0.035832875570507364	0.038813880948931234	0.04887457826535736	0.2750871247637628	0.24164614359836828	2.7660182074368267E-6
0.20502822357694367	0.03010441993101061	0.04158915090317982	0.08371244428829877	0.03412821577097193	0.04057412139555252	0.04880056102346205	0.27456637128822703	0.24149250393547306	3.98788688024676E-6
0.2047376530311925	0.026844951555011543	0.04211629696254837	0.09032552380956353	0.03651689535151523	0.04364610468354656	0.04066027180400926	0.27625864303471415	0.2388886180077544	5.04176014422264E-6
0.20448619380285935	0.02721636038086324	0.04434500767592364	0.08987496457285744	0.036086766493460584	0.043257090472563375	0.03990716875936633	0.27643376910715145	0.23839184332062802	8.354143264249769E-7
0.2059113475296141	0.027164700979831854	0.04418811836197563	0.08894261885199309	0.036135229240571526	0.04145865614888089	0.0410278601021348	0.27729809668119515	0.23787137154867755	2.0005551251978115E-6
0.20913804713646972	0.026511182266171288	0.043325999070383495	0.08928901166977217	0.03198099723328782	0.04248783332293317	0.041142721638282795	0.27805076717085814	0.23806888896532424	4.551526517029836E-6
0.2086104080275703	0.027070563861960134	0.040110972760402916	0.08878581664965968	0.03178473444396207	0.04306932283353769	0.040849334475042964	0.27951474615929395	0.24020159951915876	2.501269411384066E-6
0.2125748280869033	0.0298400533745158	0.047406234186989686	0.08469953743919614	0.031058850462773582	0.038533458539451934	0.039732480676129875	0.2774102496281098	0.23873954675158893	4.7608543408406145E-6
0.2135932904822208	0.04096117611972172	0.042648146933568096	0.08258546355443648	0.04192138872287371	0.06161097863999552	0.035886479839418325	0.2586611695592293	0.222130077335494	1.8288130418236959E-6
0.2132346079319719	0.040032211944660515	0.04334060001585721	0.08300630907646217	0.04161593869763186	0.06245464758948873	0.03708224938124777	0.2583377554233405	0.22089236732526757	3.312614071673825E-6
0.21332200511760468	0.036273462464311304	0.04377398142942865	0.08462551248541776	0.04499628027470691	0.06161311068535284	0.034579785276940694	0.25929669922554993	0.2215144576393479	4.705401339136217E-6
0.21100858869439432	0.033901651138591365	0.03846302030300007	0.08607012028208146	0.04426393404058704	0.05901863626025855	0.03744129638295916	0.2626160988626711	0.22721169972034427	4.954315112423724E-6
0.20908432236145003	0.03404464364868663	0.03914914801204472	0.0855624002401725	0.045647829845693835	0.059868070695157635	0.0363251829221016	0.26300958189431617	0.22730543223762328	3.3881427534548925E-6
0.2138174072966325	0.03252850139632389	0.04260184222681219	0.08505323094106901	0.04622197383449959	0.05157488957277113	0.03536655441988709	0.26102641849995517	0.23180601095053238	3.170861516882395E-6
0.2129642948399289	0.03333439102706308	0.04349945039265122	0.08396200508595425	0.047683417157728884	0.05156561179929999	0.03502667613603273	0.2564099801353446	0.23555334472139938	8.287045968197182E-7
0.21270136864578942	0.036251032176930056	0.04520588394467535	0.08411448869483182	0.04544186970921991	0.046790777521128944	0.030927741920701607	0.2556785291079155	0.2428850143745767	3.2939042305668575E-6
0.21349306110187188	0.03482497118972791	0.04345684654131447	0.08516116666817548	0.04481151007497679	0.04670302818344714	0.031890153786749226	0.25676756196464	0.24288995761610904	1.7428729878893323E-6
0.21291781484058903	0.03570881691521145	0.044434271340135334	0.08505380885620048	0.04334845794324757	0.04742679684589987	0.0314827579320837	0.25628796913360824	0.24333563562276367	3.6705702604750146E-6
0.21415313745220102	0.03958925102573976	0.04542528660608988	0.08486776327551211	0.04295072916591053	0.044357901247147474	0.032490881758413984	0.25300007215593684	0.24316033252153185	4.644791516392188E-6
0.21501973379727327	0.03902491922986213	0.043848226276981865	0.085975078730955	0.04608358868149464	0.04372599562908847	0.03195197962078479	0.25178271385800166	0.24258393023292757	3.833942630399045E-6
0.21284178696152015	0.04062154568104135	0.045464201942466996	0.08197648550668532	0.0454549526046499	0.04527023038318861	0.0320260906599376	0.2536594546329717	0.24268269384698127	2.557780556911027E-6
0.21350418710734706	0.04149557379479808	0.045149101216014606	0.08366151691795677	0.04708714153655631	0.04191941264661911	0.032540349991652284	0.2512569129918764	0.24338238202889967	3.4217682795684157E-6
0.21385394526598656	0.04255727578813398	0.043932695991264925	0.08358782502124923	0.047626440399556866	0.04133968649715425	0.032344521880256105	0.2513107565663851	0.24344449974302107	2.3528469918487893E-6
0.2141794971328106	0.04225504605384016	0.04400829014273354	0.08405988202411697	0.045980657518331636	0.04015250195648361	0.03383311866147279	0.25176735189505745	0.2437605854554083	3.069159744725769E-6
0.21584747633669443	0.037247333008253225	0.044111730220349574	0.08603510896871633	0.04945113699796243	0.03883229656635294	0.029212851155462363	0.24790598481773118	0.2513529536324052	3.1282960720885322E-6
0.21572883925570366	0.03733925939379713	0.04513581862007996	0.0857028472050673	0.04858607749276116	0.039014398456140194	0.029076854751938233	0.24773670777416712	0.2516782705948007	9.264555444060685E-7
0.2168232850092101	0.03771517225627833	0.0431377371498897	0.08695806566130726	0.04906246837875738	0.0398032304809998	0.030434138582872125	0.24758276080189334	0.24848062083952377	2.5208392679804126E-6
0.2176240642179544	0.0360947450229465	0.04610768417706467	0.0860684604405075	0.04907977624235115	0.038818593228848335	0.02916550925405899	0.24897772826151487	0.24805965662705814	3.782527695214699E-6
0.2246220023537534	0.0423717517753756	0.04776736984911577	0.08359773910806767	0.0467097003466018	0.041488605720849246	0.027453468703658793	0.24614662051442887	0.2398375256316419	5.215996506782727E-6
0.224944060397059	0.0418653283560194	0.049374603662461936	0.08341631961145415	0.04626768054887202	0.040910320517660664	0.026934254723182158	0.2462945927610906	0.23999192141316167	9.180090381477601E-7
0.22599373093261027	0.042522687055108234	0.04793739756823691	0.08304705041083632	0.046423803897340764	0.040403467614470105	0.02850601153622208	0.24567618902791627	0.2394873943652634	2.2675919954112667E-6
0.22714570757947367	0.04029601047143261	0.0452589539326298	0.08284908148636641	0.04511689540594971	0.04088015914142498	0.029024187033530144	0.24542779836337875	0.2440001835210095	1.0230648042758306E-6
0.22752441284276043	0.041343513174264324	0.04459326378389614	0.08284786996405599	0.04361376234471295	0.04047739880385509	0.02914919389408771	0.2454595586937257	0.24498770905012024	3.3174485212089655E-6
0.2200459632671447	0.04265643555229411	0.04604045203846257	0.0829428453021459	0.046015808102773705	0.037952673721093795	0.029642019113993237	0.2502472631580911	0.2444536684082011	2.871335799584096E-6
0.22302664719384485	0.04361405895708347	0.04301537430811072	0.09026818397230627	0.051441084277426635	0.03404038234998273	0.023135893553965156	0.24374894684892623	0.2477086894125311	7.391258225880604E-7
0.22425299730194448	0.04307067683327152	0.04326861642752494	0.0901010713597572	0.0522509909930035	0.03427740538183566	0.022716038173162034	0.24268388134161523	0.24737354660597055	4.775581914626126E-6
0.22486761436568048	0.043104878682412	0.04293165335289628	0.08937386693520241	0.05266758239276252	0.03350262182713003	0.022824473807198903	0.2435170640444687	0.2472072901186979	2.9544735505177E-6
0.22390600966133972	0.041016143945346265	0.042578791174743835	0.08809810844477525	0.05347939815417113	0.034883338890813284	0.02439289548672839	0.24475346307335227	0.24688874860992122	3.1025588084487854E-6
0.22372674719574903	0.040486849833908954	0.04295146756216107	0.08830805535208101	0.05333243838046705	0.03443294812406375	0.024094149697473533	0.24493882860947397	0.24772576942776536	2.7458168560950957E-6
0.22247971114628096	0.0429752680991726	0.04147079266590212	0.08520908306167854	0.05491391755430569	0.036283988307881515	0.024078594748641366	0.24483373519445517	0.24775078844168674	4.120779995106516E-6
0.22185347037831232	0.04381368467318575	0.04184116554398633	0.08533760389105291	0.05515688423466762	0.03587734423216628	0.022652710408786345	0.24542415800445666	0.2480378087126096	5.169920775968673E-6
0.2202353606612798	0.04598172090019588	0.04110357491124689	0.08720504480819073	0.0549311244944418	0.03550461756322293	0.022681558108876565	0.24441317049852895	0.24794083057773736	2.997476278979172E-6
0.22034346179967096	0.0462508191085559	0.04112505881731886	0.08783190769619126	0.05449088644196491	0.03500557976182321	0.023050801416561822	0.24442303115190717	0.24747562718323218	2.8266227735107563E-6
0.22038304075760218	0.046164876021793255	0.041565865742000635	0.08790469233291677	0.05504157911429776	0.03493643798709291	0.024071602773257136	0.24344419734061357	0.24648496490758698	2.74302283861938E-6
0.21966213122780204	0.04701171503603834	0.04187305189723565	0.0887512524342553	0.0551764777766064	0.03478641822714244	0.023109614840192264	0.24421254223385636	0.24541338608652968	3.4102403412977766E-6
0.21946671305017057	0.04695834814548487	0.041079329748647364	0.08954731644982773	0.055825872673908775	0.03570767768952676	0.02294142704549583	0.2441357826956183	0.244335043927491	2.4885738286045678E-6
0.22020025951502425	0.04853109408424165	0.041167430394825365	0.08888427152811829	0.05345666710692722	0.03583188704378004	0.023961729420319877	0.24398747337657833	0.243977884897424	1.3026327607690291E-6
0.22123537022698403	0.04933162368867342	0.04123512327778646	0.0887410617829923	0.05372610896247882	0.035073438587451974	0.02315522833853463	0.24462201444915843	0.2428776317771595	2.3989087801906672E-6
0.22100012162062058	0.049551733802780946	0.04176452451564424	0.08891018897353112	0.0533657233740454	0.034955441712605964	0.023755310147787187	0.24390477369034308	0.24278838790784407	3.794254797212515E-6
0.22026664582007455	0.04944001849523614	0.041647797141724605	0.08929982390999044	0.05516235927379775	0.03554039448071837	0.024741676776965232	0.24181998948202532	0.24207743194810005	3.8626713673578505E-6
0.219394397071781	0.04988214985888004	0.04163674654213209	0.08928825278466958	0.05672329203223664	0.035562231071873215	0.02487794825478197	0.24085125455255296	0.24178177044928806	1.9573818042656344E-6
0.22097277774750515	0.04554838549602007	0.042976035612747945	0.09731872798253818	0.05711970214228707	0.03608006007630975	0.02265283091807041	0.2365896461159231	0.24073886294655938	2.970962038731373E-6
0.22168803979749585	0.04635988862359236	0.04226479676467376	0.09835048820325197	0.05725233956918361	0.034755429910187	0.02278625420048258	0.23633730757028742	0.24020339916840372	2.0561924416045985E-6
0.21952452294946362	0.04644646729496147	0.04306374307030208	0.09733855933724174	0.0588461927440941	0.0353848277198196	0.023308205675560884	0.23561580524488157	0.24047005319927683	1.6227643978988793E-6
0.22000728447271528	0.045290553543005874	0.042965225331560164	0.09957690290525655	0.056636247461457415	0.035870449602693935	0.022787573850098858	0.235278738692403	0.2415837754532289	3.2486875798237724E-6
0.21231727939400208	0.04213795609326187	0.04003769058405269	0.10188863923196409	0.05662437677147552	0.0358232702170147	0.026655143656866068	0.2365992123051271	0.24791295595072554	3.475795510146651E-6
0.21216596279421587	0.03855665942637589	0.04665256605587786	0.1021079942127355	0.054884901714208685	0.04342667423614544	0.025040583613364628	0.22506512107373222	0.2520960218200443	3.5150532994160377E-6
0.2125882362971318	0.03753142384745346	0.04598810943985819	0.09979508360030785	0.05651887663041688	0.04372929008403065	0.028540068163566662	0.22420357276449626	0.251103625693188	1.7134795500389766E-6
0.21241770783483666	0.0382503502611128	0.04602390292047534	0.1004601833219193	0.05753232859707236	0.0423187823747099	0.028293256437753336	0.22424597531015206	0.2504534860249866	4.026916981411666E-6
0.21440873542900882	0.04316631323862923	0.0420323501870439	0.10301129348678897	0.055355026314535254	0.037651544766320315	0.024511819857249845	0.2281725773067313	0.25168556558280897	4.773830883167407E-6
0.21644051943984227	0.04145711759732273	0.04301746844864638	0.10211084355454637	0.057383595435047945	0.03666116532198366	0.023995344367154545	0.22676977027487766	0.25216176513585203	2.4104247262068945E-6
0.21665048977939208	0.040513307991097536	0.04314359593090131	0.1021975703457566	0.058150020448433884	0.036315570300407995	0.02482899914790873	0.22749242561461458	0.2507040392529895	3.981188497523269E-6
0.2130582500611895	0.04045944456428117	0.04010813411856496	0.10515831189930053	0.05435075746982306	0.040766563339022586	0.028030293533474568	0.22786212625908092	0.25020433323326535	1.7855219972273684E-6
0.21347490442313038	0.0409347782994613	0.042543598770269205	0.10199481781829911	0.056228012218931055	0.04105356169406619	0.027563630724173935	0.22624703024950293	0.2499551188385996	4.546963566165463E-6
0.2139569475713109	0.03951055093026612	0.04363543715956228	0.10120596717497063	0.05516011022881272	0.04255940731023075	0.03226921888782859	0.22213245498871184	0.2495668907704166	3.014977889362336E-6
0.21449625187358862	0.040623605655411926	0.04326442690575624	0.10096053619102402	0.05315779090518977	0.04428395251990955	0.03262301537403757	0.22245571185352225	0.24812992779208343	4.780929476408402E-6
0.21586596245651024	0.04089973016164152	0.042914488672344715	0.10038415450339912	0.05285507450387965	0.044746292236404896	0.032738138520785956	0.22196800384682142	0.24762663660472517	1.5184934871598221E-6
0.2158964646011849	0.043525232998173166	0.04190786215330208	0.09959937148524065	0.051941453237096195	0.04468613080752716	0.03421424224465508	0.2205468649062494	0.24767956737263758	2.810193933625027E-6
0.21731160628150475	0.042985030885484166	0.042065764733929145	0.09933949497197192	0.05379629450674498	0.0448051743242973	0.028819556332204593	0.2216556241664593	0.2492179927828782	3.461014525543704E-6
0.21648573018333916	0.04514844061801012	0.043294426727647696	0.09438344752286397	0.056567574066607014	0.04082717514125719	0.028137588577150305	0.22312187871941885	0.2520294207403152	4.31770339033577E-6
0.21623079853424038	0.044925763313158104	0.045324130653421876	0.09275785043136803	0.05442543865438136	0.041450307362680586	0.029527612100449505	0.22399354397382587	0.2513601513628295	4.403613644607396E-6
0.21621240011806603	0.04480183790523	0.043423767718418785	0.09230616446298892	0.055620748451617144	0.043575324665721005	0.028625905237443114	0.22444142392000105	0.2509901667919308	2.260728582989535E-6
0.21607425415464526	0.04537478316390342	0.042690037377927856	0.09195685094076848	0.05612684442730986	0.04392085863906428	0.027694502195474993	0.224662813771303	0.2514965455397157	2.5097898870146684E-6
0.21171681476830836	0.04503922399839966	0.04092466928182427	0.08905166597347625	0.05751154067437972	0.0431501835571102	0.029555424299403624	0.23158137571922666	0.251467614631787	1.4870960839824532E-6
0.21174860470951157	0.0448122989037642	0.04144739738796602	0.09063105256329138	0.05742365023085443	0.042585195712738305	0.028583792045819234	0.23093573932673034	0.25183150512631386	7.639930105080017E-7
0.21461794495941894	0.03969251174615636	0.0405043275317738	0.0930031265980301	0.05876685240712215	0.042199495324218156	0.032314040820308726	0.23217524199381218	0.24672550826818163	9.503509777325503E-7
0.21666855712941174	0.039453558363602106	0.04228146212051992	0.09561561066762474	0.05673335432281574	0.0386908086958484	0.030312877428162452	0.2271943971957071	0.2530466851207116	2.688955596005793E-6
0.2218170283021676	0.03504481640428701	0.041356127027286964	0.09694478987162845	0.055259890397553725	0.039253666907709935	0.03201081597111878	0.22739306560310457	0.2509182783344402	1.5211807025961033E-6
0.21968566952070384	0.038620586710333464	0.047273481445772154	0.09994850777050845	0.05737761179671317	0.03465326547918536	0.027742417583422982	0.22737433380020627	0.24731990209446408	4.223798690097813E-6
0.21819454370888636	0.03878339460713051	0.04717434964992219	0.09948949614123756	0.05803064059001597	0.03427115212062225	0.02848692981840946	0.22795922965200932	0.2476056044058514	4.6593059147975735E-6
0.22169597459171325	0.04178317902603095	0.0475722266880965	0.09719114084129248	0.05529771905825117	0.035575548094362905	0.02400906105589201	0.22738429764403384	0.24948832381287628	2.529187450403536E-6
0.22275327028113195	0.04099263990458925	0.047847803208074025	0.09768716394718235	0.0551448290878176	0.03528383624646998	0.023903600788069662	0.22753871566435613	0.24884733391812097	8.069541878041875E-7
0.22132707155217762	0.0404267107977264	0.04833451306999546	0.09811184120216519	0.055700426469208045	0.03650825496821107	0.02489598487375322	0.22737534100897544	0.24731601746014442	3.838597642927266E-6
0.22100770589943636	0.038952157971625	0.04986861745727382	0.09776605022919474	0.055863540408536146	0.03695215114637582	0.02372633361252717	0.22714206901018713	0.24872026072177822	1.1135430654646283E-6
0.21902516343740502	0.04037258093652811	0.05220570369141149	0.09789640800442664	0.05663298068026647	0.03751079832537303	0.023247577812058134	0.22470092549468773	0.24840490281829442	2.958799548771762E-6
0.21849249416683048	0.04207186841989982	0.052809518380299014	0.09629764260283621	0.05888444641880065	0.03570245395091133	0.02278660501601433	0.22416928566212324	0.24878117047809356	4.514904191163516E-6
0.22011563254676592	0.04186093821184506	0.0539375691134275	0.09403438056825154	0.0586458695546356	0.03488732436918725	0.023501743610701495	0.22338404858655914	0.24962899539213468	3.498046491662299E-6
0.22098215213687045	0.04130583176831511	0.05377817172312789	0.09435827568411097	0.058402864684881026	0.035404951503925794	0.023632137414024965	0.22345849164158327	0.2486730169851682	4.106457992161805E-6
0.22159448419354338	0.03987833951991607	0.05387290320597751	0.09498302587161046	0.059800062972733464	0.035159428685645464	0.024004780118554808	0.22252684935084827	0.24817527225693775	4.85382423258407E-6
