0.15493826221400903	0.38007482201934517	0.46498691576664597
0.1534554068707954	0.3806136389956667	0.465930954133538
0.15772583756914485	0.3785789234515237	0.46369523897933157
0.1552239599102932	0.38057319770089976	0.46420284238880716
0.15485552351688714	0.37926814213073184	0.4658763343523812
0.1587015178525943	0.37817708307194686	0.463121399075459
0.15590328975417203	0.3795020643952667	0.4645946458505614
0.158586475072572	0.37984892490032834	0.46156460002709976
0.15405867310154553	0.3828673493477474	0.46307397755070717
0.15616277278157498	0.37860302677756547	0.4652342004408597
0.15468085315325802	0.379761113328151	0.46555803351859115
0.15349800257035093	0.3828787101101845	0.4636232873194647
0.15479629131867362	0.38318667022328207	0.4620170384580444
0.1527690409456618	0.38388598009045516	0.4633449789638832
0.1545334636584535	0.3819440234337314	0.4635225129078152
0.1551986414659917	0.37930746173626234	0.4654938967977461
0.15899634525857453	0.3789200827145751	0.46208357202685046
0.15316160734841167	0.3821308482021111	0.46470754444947737
0.1592214892410429	0.3788997389211449	0.46187877183781234
0.1532472233386455	0.3811773427154826	0.46557543394587203
0.15575282976444116	0.37925959759725764	0.4649875726383013
0.15509520661673987	0.3813647343488895	0.46354005903437073
0.15593921155620682	0.3783661260949699	0.4656946623488234
0.15739786194671243	0.37968609374555373	0.4629160443077339
0.15677992090374415	0.38133816978938745	0.4618819093068685
0.15729205744442987	0.3810032342498076	0.46170470830576266
0.15329655006126058	0.3841858997360584	0.46251755020268115
0.15284343754264937	0.38425408845942444	0.46290247399792633
0.15371812178427663	0.3815959425041451	0.46468593571157846
0.15567898865819096	0.38279206154304823	0.4615289497987609
0.15449730321602823	0.380244307138342	0.46525838964562993
0.1569910947293255	0.38127550660147863	0.461733398669196
0.15619205074371784	0.37883353857756225	0.46497441067872003
0.15316183283969706	0.38390047888816886	0.4629376882721342
0.15920637752679748	0.37909574295538706	0.46169787951781555
0.15455113327868408	0.3834763318801987	0.46197253484111733
0.15539711140620457	0.37972651720623973	0.4648763713875558
0.1590888156609851	0.37815516409927186	0.46275602023974316
0.15767796262903333	0.379903672282336	0.46241836508863077
0.15476399853093364	0.381115854661267	0.46412014680779945
0.15683734419563194	0.379702528985903	0.46346012681846516
0.15455555271231158	0.38385269201177713	0.4615917552759114
0.15452950036672242	0.3806265008819401	0.4648439987513376
0.15518525795619037	0.3801778461233866	0.4646368959204231
0.15443122824515682	0.381381036518292	0.4641877352365513
0.15389903733620552	0.3835773817223149	0.46252358094147966
0.15586251188242867	0.3787720302564464	0.46536545786112504
0.15494476078710734	0.3803546518268818	0.464700587386011
0.15515291814648635	0.381966855330004	0.4628802265235097
0.15606368503157447	0.3818156326123339	0.4621206823560917
0.1532895531626554	0.3815557015102395	0.4651547453271052
0.15607274963625897	0.38237314588064003	0.4615541044831012
0.1573554696644287	0.3787743202265455	0.4638702101090259
0.1565194882223386	0.3781236525848504	0.4653568591928111
0.15505594795683697	0.3809183736648993	0.4640256783782638
0.15365656535868172	0.3842466488731545	0.46209678576816393
0.1539545383341857	0.38274840807184307	0.46329705359397133
0.15259621836401555	0.3840887131965542	0.4633150684394304
0.1546210605255704	0.3820722349907828	0.4633067044836469
0.1535981611829318	0.38424732091246466	0.4621545179046036
0.15947827902873868	0.3784482454223881	0.46207347554887335
0.1544777602225687	0.38304755915089805	0.46247468062653335
0.15428039096718604	0.3816533143447611	0.464066294688053
0.15499921990027238	0.3800868083445198	0.464913971755208
0.1585459707544589	0.3782431813539619	0.46321084789157935
0.15638783266972708	0.37841169439145284	0.46520047293882016
0.15377291623748307	0.38344991207823764	0.46277717168427945
0.15555950905847854	0.381562473643637	0.4628780172978846
0.15625267884840083	0.3812013103523017	0.4625460107992976
0.156780411262756	0.3812397713086817	0.4619798174285624
0.1575113669418683	0.37829731683056256	0.46419131622756926
0.15237652697865245	0.3836836310447251	0.46393984197662264
0.15943279648076258	0.3788769939112181	0.4616902096080195
0.15663630636587533	0.3792383061543189	0.46412538747980586
0.15892933412703636	0.3788824298930684	0.46218823597989533
0.1538755829851842	0.38187864443664016	0.4642457725781758
0.15309799530733775	0.38204633078812555	0.46485567390453675
0.15422736541895893	0.38162928329260576	0.4641433512884354
0.15512582799969854	0.3789929099243242	0.46588126207597735
0.15417502805099784	0.3796903919051272	0.4661345800438751
0.15519882210028743	0.3820463577952198	0.4627548201044929
0.15638574234433736	0.38137089344354014	0.46224336421212264
0.15672610661854863	0.37821882036196725	0.46505507301948423
0.15419784537842351	0.38166557962440817	0.4641365749971684
0.15503669888015434	0.3808241646862922	0.4641391364335536
0.15742678686721484	0.37903296891032545	0.4635402442224599
0.15356829697031937	0.38380285000264247	0.46262885302703827
0.15304344913360268	0.38362047773421704	0.4633360731321804
0.1527736342767733	0.3829785233242464	0.4642478423989804
0.15396959396445403	0.38270558765823964	0.46332481837730644
0.15382452767629204	0.38219677602284985	0.4639786963008582
0.15554944273729374	0.3790329093827099	0.4654176478799965
0.15785705243735862	0.37990548533203444	0.4622374622306071
0.15344578554647662	0.38088040327718653	0.46567381117633694
0.15703684472115587	0.3809338310265994	0.4620293242522448
0.15359235706668822	0.3811217882408036	0.46528585469250827
0.15358141133155073	0.3827316276966196	0.4636869609718297
0.15254799524659335	0.38108330751759556	0.46636869723581115
0.15469718753506514	0.38169843582325313	0.4636043766416818
0.15255587907418794	0.38412292499775025	0.463321195928062
0.15490929585461405	0.3802877315811221	0.46480297256426395
0.15628130995032438	0.38200606357220757	0.46171262647746814
0.15406485949229792	0.3829632052028657	0.4629719353048365
0.15487391973318082	0.382661995573524	0.4624640846932953
0.15411706846734174	0.3794982268728132	0.46638470465984516
0.1557873372596379	0.38184135708941813	0.4623713056509441
0.15499166735207653	0.3805967578910606	0.464411574756863
0.15775899189658985	0.37876831125786914	0.46347269684554115
0.1555867812094902	0.37823208616437687	0.46618113262613303
0.1541397225665403	0.3795176928488357	0.4663425845846242
0.15659743933458642	0.37878358161864245	0.46461897904677124
0.1538323945543113	0.38129581137813606	0.46487179406755275
0.15641825823145933	0.3819021114248086	0.46167963034373216
0.15497041268641842	0.38034924400946774	0.464680343304114
0.153140769104745	0.3809205819634278	0.4659386489318273
0.15688926111840024	0.3801606547230273	0.4629500841585726
0.15622066646066518	0.37954698577523327	0.4642323477641017
0.15936623552917137	0.3786194570373455	0.46201430743348326
0.15358599269949091	0.38079199499447547	0.4656220123060338
0.15443140504849234	0.3789974395793555	0.4665711553721522
0.15939379317905444	0.3781918335949775	0.46241437322596823
0.15259661689822018	0.38100581341165374	0.46639756969012625
0.15275291164652244	0.3807800322653814	0.46646705608809624
0.15800048409012768	0.379792951664746	0.4622065642451264
0.15752168220438054	0.37938390868557736	0.4630944091100422
0.15351648223321732	0.3838563327034368	0.462627185063346
0.15806574181788974	0.3796267294431247	0.4623075287389856
0.15789300879381643	0.3792650214024728	0.46284196980371084
0.158292838813349	0.3785529612584302	0.46315419992822093
0.15597448675701364	0.37961899822663014	0.4644065150163563
0.15721076040673101	0.3791699906513488	0.4636192489419203
0.15786817657057534	0.37977538196539123	0.46235644146403354
0.15486288740265197	0.38152282534106424	0.46361428725628384
0.1542642155242769	0.38087980560361767	0.4648559788721055
0.15932511845752315	0.37868179209627995	0.46199308944619705
0.15626920000368125	0.37964005060483563	0.46409074939148326
0.15432436166701863	0.3825028960640756	0.4631727422689059
0.15712257829566628	0.37821633128649923	0.46466109041783465
0.15624574452413126	0.3807181536737443	0.4630361018021246
0.15540870551536293	0.38297466577831923	0.461616628706318
0.15405879588882543	0.38344655265470023	0.4624946514564745
0.15302430181484195	0.3832371283823995	0.46373856980275874
0.15447539695621565	0.38086254263258784	0.4646620604111966
0.15704810732937888	0.3781211776023652	0.464830715068256
0.15617237870051515	0.3788966366664634	0.4649309846330216
0.15405557491472616	0.38142657891472265	0.46451784617055125
0.1537677394637984	0.3829538247264609	0.4632784358097408
0.1553672536166661	0.38314451724007237	0.46148822914326165
0.1553757952327576	0.3828727662052755	0.46175143856196704
0.15754783760751517	0.3787780691299811	0.46367409326250386
0.1523090251885432	0.38255037446099	0.46514060035046695
0.15713221622671772	0.3805900942081357	0.4622776895651467
0.15545577635168187	0.3827884380746016	0.46175578557371666
0.15341435844314394	0.3814887231306728	0.4650969184261834
0.15575687297751142	0.3798344809762119	0.46440864604627674
0.15722710799611012	0.37957446710238507	0.4631984249015049
0.15694122905031088	0.379315728291326	0.4637430426583633
0.15610103780323137	0.3791031093142977	0.46479585288247105
0.15334098332450577	0.38141464907689615	0.4652443675985982
0.15539685420149524	0.37981278652299244	0.4647903592755124
0.15231793001343663	0.3828553739177919	0.4648266960687716
0.15427244665833878	0.3834976542343295	0.4622298991073318
0.1542094726943034	0.3832580796773777	0.462532447628319
0.1555887853978113	0.3789620151786185	0.4654491994235703
0.15432412019546296	0.38307090786249626	0.4626049719420409
0.15377804584641933	0.3839952203645136	0.4622267337890672
0.1547103970906994	0.3817850893280756	0.46350451358122513
0.15683184827810887	0.37974279193095856	0.4634253597909327
0.1549648661039631	0.3813639497978908	0.4636711840981462
0.1548762395174197	0.381069551287302	0.4640542091952784
0.1568014315531226	0.3806290103632322	0.4625695580836453
0.15560199590297125	0.38091610214732446	0.4634819019497044
0.15877106896785476	0.37899740141528915	0.4622315296168562
0.15416693396304137	0.3822854277233518	0.46354763831360696
0.15385576963561226	0.3806704138764052	0.4654738164879827
0.15606658395820586	0.37895378185413336	0.46497963418766086
0.1525975848070798	0.38203684983666314	0.46536556535625717
0.15302001146366545	0.3820361826061534	0.46494380593018125
0.15605681532479926	0.3782142643218649	0.46572892035333596
0.15465692356277871	0.38214328561462735	0.4631997908225941
0.15494310929878707	0.3825534570633435	0.4625034336378696
0.15658623643608915	0.3810043928526524	0.46240937071125854
0.15421787037036813	0.38042638335202367	0.46535574627760834
0.156489443096942	0.3804631543681664	0.46304740253489174
0.15418252948177796	0.3806683451086063	0.46514912540961584
0.15715817459327186	0.3793672879952774	0.46347453741145084
0.15507279172006191	0.3811745414294419	0.4637526668504963
0.1557601501224718	0.379358135466143	0.46488171441138537
0.15570340463640375	0.3790091936681336	0.46528740169546273
0.154819389477089	0.3789828279525545	0.4661977825703566
0.15947021172991555	0.37834859519386366	0.4621811930762209
0.1562070124070548	0.378215402079785	0.4655775855131603
0.15820740989080395	0.37925693359474083	0.4625356565144554
0.15232411034415372	0.38393236427874505	0.4637435253771013
0.15291276841423507	0.3806377711888924	0.46644946039687263
0.1540483457023158	0.38276108432433853	0.46319056997334584
0.15870413670164774	0.3796670912490169	0.4616287720493355
0.15589633928446645	0.37974192023753944	0.46436174047799417
0.15873077937491858	0.3781114180489692	0.46315780257611233
0.15271121997562534	0.38151406371287155	0.46577471631150325
0.1524535566562908	0.3814550679329816	0.46609137541072776
0.15386091081497683	0.3797937704642862	0.46634531872073703
0.15414670031839478	0.38336412759275657	0.46248917208884877
0.15351694012931577	0.380735337077455	0.4657477227932294
0.15560836227721242	0.38274947491491534	0.4616421628078724
0.15343416041623262	0.3838837128718571	0.46268212671191045
0.15491758902194908	0.38057072998789987	0.4645116809901512
0.1586972757978659	0.37942605393126616	0.4618766702708681
0.15405466858535183	0.3835947787771615	0.4623505526374867
0.15790670545250637	0.3793748431652081	0.4627184513822857
0.15374196742777535	0.3834295621477903	0.4628284704244345
0.15700988000277039	0.37899868914517537	0.46399143085205435
0.1552576711641694	0.38066102821905323	0.46408130061677744
0.15748637818422426	0.3808776016923897	0.46163602012338617
0.15456466117895803	0.38102869127790406	0.464406647543138
0.15701982349297536	0.3807683574101576	0.46221181909686715
0.155197607040242	0.3787689182726872	0.46603347468707096
0.15401239671537315	0.3840112678259861	0.46197633545864086
0.1522007143598379	0.3835885313917509	0.4642107542484113
0.15369089414910828	0.3821922982651638	0.46411680758572804
0.1565600324552499	0.3819579813898675	0.4614819861548828
0.15709414417224712	0.3789097622898519	0.46399609353790106
0.15736541194043294	0.3795430332611988	0.4630915547983684
0.15659586396742128	0.3815127054994542	0.46189143053312465
0.1524460844870531	0.38239567299387295	0.46515824251907406
0.15710531790529053	0.38041933868346534	0.4624753434112443
0.1549953014711743	0.37991386449360404	0.4650908340352218
0.15744947263397183	0.37826773882124376	0.46428278854478455
0.15509275474836987	0.37905397156226184	0.46585327368936846
0.15612387280267032	0.3812734818229363	0.4626026453743935
0.15343465950952354	0.38138808834927473	0.46517725214120187
0.1550266236051951	0.3823030088058339	0.4626703675889711
0.15681114256694456	0.3793398455823893	0.4638490118506663
0.1522226917186537	0.382681576993675	0.4650957312876714
0.1543318396374868	0.37967485481973057	0.46599330554278273
0.1538884366463218	0.3806296423461907	0.46548192100748764
0.15731128513299386	0.3811752818778145	0.46151343298919173
0.15486346226807532	0.3810494676380095	0.4640870700939153
0.1573505180512662	0.3800913326349126	0.46255814931382133
0.15613256660870606	0.3782000930894481	0.465667340301846
0.15300549989347006	0.38067616804938953	0.46631833205714057
0.15745399234681073	0.3784141299264687	0.4641318777267206
0.15500486165609473	0.38340438409776934	0.46159075424613605
0.15556027208111187	0.38128635735968897	0.4631533705591993
0.15645102106134678	0.37825057552387065	0.4652984034147827
0.15230533193542684	0.38411554648394247	0.4635791215806308
0.15509889848020403	0.3809341408675703	0.46396696065222576
0.15505488704467724	0.3807736891703116	0.4641714237850113
0.15347472463164857	0.3835558543862725	0.46296942098207905
0.15570122697183436	0.38193518705047586	0.4623635859776899
0.15649857629880443	0.3815128590500603	0.46198856465113536
0.15429887416697166	0.38004089388093265	0.4656602319520958
0.15792939441035214	0.38038223658627096	0.46168836900337706
0.15637611682712066	0.3786570273799819	0.46496685579289754
0.15933592910363065	0.37856050307170236	0.4621035678246671
0.1537686711527216	0.3797403208731012	0.4664910079741773
0.15722399913028706	0.37831478087534015	0.4644612199943729
0.15712868703482263	0.379793561099085	0.46307775186609246
0.1541243875065938	0.38154329025295314	0.4643323222404532
0.15347391876083222	0.38264472643904035	0.46388135480012754
0.15595058974731135	0.3816426361698713	0.46240677408281744
0.1548673842193756	0.3835280455463204	0.4616045702343041
0.15509508291617702	0.3798932004192718	0.4650117166645513
0.15696454660228648	0.3781120220229599	0.4649234313747538
0.1586552221809143	0.3790604450557796	0.46228433276330627
0.15799546051277902	0.37970611681504307	0.462298422672178
0.1545645655216431	0.3814643555448778	0.4639710789334792
0.15339052934041486	0.3842579962705438	0.46235147438904145
0.1534236655692507	0.38395079575864244	0.46262553867210704
0.15855258454512344	0.37951133257819786	0.46193608287667887
0.15909893328770064	0.3780598449990516	0.4628412217132478
0.1592625756363203	0.3784578720218616	0.46227955234181817
0.15679206092548653	0.37820760877603377	0.4650003302984798
0.15717423920890905	0.38059434567786643	0.46223141511322463
0.1575681213896114	0.3794558997685276	0.46297597884186115
0.1543574963078588	0.3806052291462797	0.46503727454586163
0.15476975962960515	0.38241890444928506	0.4628113359211099
0.15708765197569088	0.38068657593518107	0.4622257720891282
0.15661694096346013	0.38111234767128027	0.46227071136525977
0.15789439964356164	0.37897995017421315	0.46312565018222535
0.15384719129019883	0.37963072224951067	0.46652208646029064
0.1569449957160402	0.3812230956038277	0.4618319086801322
0.15297609210756746	0.3834468648879327	0.4635770430044999
0.1556604355987673	0.38062419270420256	0.46371537169703025
0.156862712590486	0.38061185636414024	0.46252543104537386
0.15922488530609127	0.37834288515360737	0.4624322295403015
0.1537218099744213	0.3811854726303859	0.4650927173951929
0.15756515274169863	0.3801585348873742	0.46227631237092726
0.15730064117311707	0.3787355311781298	0.46396382764875327
0.15321344480257434	0.3809602206600311	0.46582633453739464
0.15569950689644402	0.38220758136697186	0.4620929117365843
0.15354969468470736	0.3837148026615531	0.46273550265373964
0.15670603588306814	0.3793126262289538	0.46398133788797824
0.15585390766127466	0.3788700058794323	0.4652760864592931
0.15217172688735664	0.38422624451075565	0.4636020286018878
0.15459537479216284	0.38357524675768623	0.46182937845015104
0.15439838146239865	0.38269914128609595	0.46290247725150546
0.15572134438400298	0.3805625835890746	0.46371607202692255
0.1543686719021271	0.3825336581551345	0.4630976699427385
0.15521180920165326	0.38151955722561814	0.4632686335727287
0.1541970659102296	0.38077220912796533	0.4650307249618052
0.1530292015322776	0.3836522530610108	0.46331854540671175
0.15529783507587275	0.38102506121398083	0.46367710371014653
0.15373852957563705	0.3838182893656444	0.4624431810587187
0.15330846010916493	0.38206157333953056	0.4646299665513046
0.1567558471627437	0.38153151287425224	0.46171263996300416
0.1568603034044632	0.38068747932855157	0.4624522172669854
0.1547838931747182	0.38170778063016764	0.4635083261951143
0.15273592182557816	0.38085116589928364	0.46641291227513826
0.15429051956791356	0.3793160306594871	0.46639344977259944
0.15765118496288938	0.38020363635704296	0.46214517868006777
0.15878351969498034	0.37809880143532293	0.46311767886969685
0.1578694653516932	0.3790988562220112	0.46303167842629567
0.15874330821105403	0.3793946124238572	0.4618620793650889
0.15575235774243731	0.3801296189180194	0.4641180233395434
0.15370676401881336	0.38372691621414395	0.4625663197670428
0.1562598079823455	0.38072485495508673	0.46301533706256787
0.15773918870257392	0.38065874740529215	0.4616020638921341
0.15264889223277173	0.3818904030288259	0.4654607047384025
0.1583396355261071	0.37861609078349817	0.4630442736903948
0.15606067019117786	0.3792302669581646	0.4647090628506577
0.15766557452764335	0.3804976170970647	0.46183680837529206
0.1579783886781423	0.37913401380256007	0.46288759751929776
0.1559610654838129	0.3808187964670422	0.4632201380491451
0.15425847638164197	0.3825096815147273	0.46323184210363083
0.1553558623221048	0.3829572465545251	0.46168689112337025
0.15423595013311087	0.3800389208832311	0.4657251289836582
0.156662348972016	0.3789313887666143	0.46440626226136983
0.15595079622161762	0.3808060174635052	0.4632431863148773
0.15270754790691946	0.38304789944700046	0.46424455264608017
0.1557117656307264	0.38181217594701894	0.4624760584222548
0.15588449109942398	0.3803504209486007	0.4637650879519754
0.15324307414784097	0.3811436766823679	0.4656132491697912
0.15627574038694464	0.3818392252379548	0.46188503437510064
0.154615885437336	0.38067763868436866	0.4647064758782955
0.15593019171318895	0.382526232043951	0.46154357624286024
0.15769183725972874	0.3797728784944495	0.4625352842458219
0.15809690997275844	0.37951317317050054	0.46238991685674113
0.1527020826279119	0.383714331653216	0.46358358571887226
0.15325585383526602	0.3818166523466606	0.4649274938180735
0.1563845461524882	0.38093369367999735	0.46268176016751456
0.15390957074248063	0.3803078783390288	0.46578255091849075
0.15460195441615276	0.38351291031003654	0.4618851352738108
0.15512116198652837	0.3793171475748041	0.4655616904386677
0.15837587128272404	0.3797888273626103	0.4618353013546658
0.15434154024910884	0.38233278541179916	0.4633256743390921
0.15921203337920428	0.37871929682630673	0.46206866979448913
0.15358861217704745	0.3802063186304162	0.46620506919253646
0.15785632923354173	0.3799253818011281	0.46221828896533024
0.15591426304010259	0.38239489092477286	0.46169084603512467
0.155772417636775	0.3800360876713802	0.46419149469184495
0.15520225438916052	0.3790892986856817	0.4657084469251579
0.15455849315875803	0.38133412314119125	0.4641073837000508
0.1541170950694421	0.3842470577744025	0.46163584715615547
0.1549939927105663	0.3825468664907137	0.46245914079872014
0.15678765124434013	0.379331973220049	0.463880375535611
0.15864196725137591	0.3798504246201453	0.4615076081284789
0.15582395935505977	0.38244003951748856	0.4617360011274518
0.1535216961353389	0.38331499646176703	0.4631633074028942
0.15250181068782526	0.3826508872860095	0.46484730202616537
0.1537641388598664	0.38014419463898913	0.4660916665011446
0.15483638518062406	0.3827062541990001	0.4624573606203759
0.15398574136807364	0.38058754103642406	0.4654267175955024
0.1579527468271587	0.3804305673274832	0.4616166858453582
0.15669907306283343	0.3789916498312059	0.4643092771059608
0.1547257923632649	0.38076281335248263	0.4645113942842526
0.15528505247869126	0.3802573681611323	0.46445757936017656
0.15315795113115344	0.3827433032522572	0.46409874561658954
0.15705983306109356	0.37976901809959485	0.46317114883931176
0.1582453195900887	0.3799899310874979	0.4617647493224135
0.15449531224629023	0.38094158582134796	0.46456310193236194
0.15619163966406477	0.38161932093802314	0.4621890393979122
0.1550248142712315	0.38182219732610917	0.46315298840265945
0.1581249449911852	0.3803706295384624	0.46150442547035253
0.15247200597661623	0.38381159396049286	0.46371640006289105
0.15706571291119478	0.37811452288959796	0.4648197641992074
0.1523989559464908	0.3833045188089539	0.46429652524455545
0.15374035810272463	0.381265549085415	0.46499409281186055
0.15296388630656388	0.3816810150905336	0.46535509860290264
0.1559432452189485	0.3787425208948567	0.4653142338861949
0.15429492572271358	0.3804711712085823	0.4652339030687042
0.158507438854008	0.3783720089456583	0.4631205522003338
0.15257226490029824	0.38262640883693544	0.4648013262627665
0.15556077428203166	0.3794235424517644	0.46501568326620407
0.1537479950994276	0.3818815762581903	0.4643704286423822
0.15604898978783138	0.3814445905090754	0.46250641970309336
0.15308989537643453	0.3835936238824668	0.46331648074109877
0.1556152735191472	0.37895225604621385	0.4654324704346391
0.15475693862815537	0.3832993567369188	0.46194370463492596
0.15379088000119212	0.38143285778417446	0.46477626221463353
0.15433425783551358	0.3821443712838197	0.4635213708806669
0.15495642497219908	0.38213594739891005	0.4629076276288909
0.1527659505576187	0.38251374458846055	0.4647203048539209
0.15470595638832918	0.37948966381644184	0.4658043797952291
0.15465944141732973	0.3806399948311283	0.46470056375154206
0.15358430497066433	0.3838365906617194	0.4625791043676164
0.15325564746059372	0.3803373243991943	0.46640702814021207
0.15537826987064213	0.3796828396554822	0.46493889047387577
0.1522487427541326	0.38263132466602523	0.46511993257984224
0.15458465631674778	0.3814621394035793	0.463953204279673
0.15719777805280594	0.3800236223544369	0.46277859959275736
0.15360364243638164	0.38052746848444524	0.46586888907917323
0.15587071946685516	0.3794810020058198	0.46464827852732515
0.15807899203131354	0.3792206113928751	0.4627003965758115
0.1589280244859785	0.37812542012506223	0.4629465553889594
0.15356204214454783	0.38294007065162244	0.46349788720382984
0.15445197988485707	0.3810015746399875	0.46454644547515556
0.15494800550591384	0.3811467587273105	0.4639052357667758
0.1582509027159967	0.3782516592462696	0.46349743803773386
0.1553506985012974	0.38037603562669153	0.4642732658720112
0.15692748909123308	0.380215521079465	0.462856989829302
0.15387608883639134	0.3821191452047453	0.4640047659588634
0.15731503511938494	0.378539349335288	0.4641456155453272
0.1553941959871391	0.3801860586250402	0.4644197453878208
0.15281680116616245	0.38206482024255545	0.46511837859128224
0.15507624095293282	0.38283362261769505	0.46209013642937224
0.15746423915801366	0.38071157540733475	0.4618241854346517
0.15705003721231015	0.381060237801148	0.46188972498654196
0.1570325029589057	0.3783948180008385	0.46457267904025595
0.1564678344694323	0.3803983337836792	0.4631338317468886
0.15638173149451962	0.3790499833002178	0.4645682852052627
0.15619415813210158	0.3806578382516238	0.46314800361627473
0.15703001847969408	0.3794827798420787	0.4634872016782274
0.15571104653595663	0.38113113085425426	0.4631578226097892
0.1551659617969309	0.38215794799208397	0.4626760902109852
0.15880169860056137	0.3784213439811456	0.46277695741829317
0.15733771073048552	0.379022190161577	0.4636400991079376
0.15426319386481196	0.38325991256128245	0.46247689357390565
0.15269420974003758	0.38390277506674786	0.4634030151932147
0.1524324620101699	0.38180000393945873	0.4657675340503715
0.1529387370177263	0.38249853763105696	0.46456272535121684
0.1587755398484011	0.3786727274588579	0.46255173269274114
0.1537213018565433	0.3805441621908219	0.4657345359526349
0.15423248582274704	0.38258418839441627	0.46318332578283683
0.15649311720044337	0.3787302410555644	0.46477664174399236
0.1575339828580305	0.38056018826595905	0.4619058288760106
0.15566593868960682	0.3826323319142713	0.461701729396122
0.15933550162963406	0.37880573794949973	0.4618587604208663
0.1594787869974292	0.3788485619191439	0.46167265108342703
0.15456109029150894	0.3807792786080337	0.4646596311004575
0.15445733067911402	0.38188203885932	0.46366063046156614
0.15588358949208092	0.3802428815112942	0.463873528996625
0.15636197292034654	0.37967896293407694	0.46395906414557664
0.1539327134954941	0.38345229083977933	0.4626149956647267
0.15780559180050957	0.3790570225354254	0.46313738566406515
0.15747209336386153	0.3784773315095929	0.4640505751265457
0.15619291174018324	0.38207408266307347	0.46173300559674335
0.1537253124761691	0.38077443052839377	0.46550025699543723
0.1544970744726445	0.3820337890548199	0.46346913647253574
0.15805529406844815	0.3786708701781405	0.46327383575341147
0.15787985037426	0.3784752732926063	0.46364487633313384
0.153218374848554	0.38194960307406195	0.46483202207738417
0.15669121468085445	0.37853725622407125	0.4647715290950744
0.1549902484611232	0.38254448622282183	0.4624652653160551
0.15583579835280276	0.3793392697546913	0.46482493189250607
0.15606261234093793	0.38233541935306625	0.461601968305996
0.15739575035551995	0.3802731269470851	0.46233112269739507
0.15494148902215238	0.3835556621009499	0.46150284887689785
0.1546674704452229	0.3830874394184844	0.4622450901362928
0.1586620976658766	0.3793284112910841	0.46200949104303946
0.1541246103941089	0.3803540959131607	0.46552129369273054
0.1583008796865391	0.37967517097218106	0.46202394934127994
0.1543682179515487	0.38211830354698734	0.46351347850146407
0.15790748038735825	0.37955921076356675	0.4625333088490752
0.1572197648049214	0.38103994461907736	0.4617402905760013
0.15270858042055951	0.38384977763354894	0.46344164194589166
0.15539339584060988	0.38144442861246436	0.46316217554692585
0.15299884659982954	0.3842242631906191	0.4627768902095515
0.15265465451371668	0.38144719820216283	0.4658981472841206
0.15403610178806387	0.38111198407410085	0.4648519141378354
0.15243948337575725	0.38140372766011144	0.46615678896413143
0.1585365686232136	0.37943682513780763	0.46202660623897884
0.15418240591253163	0.3795607051757925	0.466256888911676
0.15440236106414962	0.3830817046933697	0.46251593424248083
0.15413893203356127	0.3829342324017276	0.46292683556471126
0.15551854649663222	0.3820451285710255	0.4624363249323424
0.15571736317253665	0.37954753467540636	0.46473510215205704
0.1530847144806674	0.3840525027889795	0.4628627827303532
0.15300678839316545	0.38101223758221614	0.4659809740246185
0.15434129787784714	0.3820671038844763	0.46359159823767665
0.1528743008839763	0.38313741844350735	0.46398828067251646
0.15264803536477384	0.3809863488927148	0.46636561574251145
0.1541048619579504	0.38319206309759607	0.4627030749444536
0.15460199262877025	0.3838733433890423	0.4615246639821876
0.15619610130023887	0.38025081951520884	0.4635530791845524
0.15397798339360297	0.38011217970826044	0.4659098368981367
0.15270981634205935	0.3809133899295144	0.46637679372842644
0.15315877971809821	0.38283711143453775	0.46400410884736415
0.1578392925101545	0.3781456730481866	0.46401503444165904
0.15865762402345202	0.37828797442131734	0.4630544015552308
0.15740266605865305	0.3806531359189226	0.4619441980224245
0.15738545479958865	0.37818836122528743	0.46442618397512403
0.15512027079673432	0.38244316301611014	0.4624365661871557
0.15705320401380557	0.3793396748751502	0.4636071211110443
0.1578847428832148	0.37851686522822214	0.4635983918885632
0.15293653413282896	0.3842418905405153	0.4628215753266559
0.15482599756865978	0.3817149752572642	0.46345902717407617
0.15770426752179784	0.37931684669996985	0.46297888577823243
0.15300490680467338	0.38253286625404587	0.4644622269412809
0.15304930035204986	0.3814989506914243	0.46545174895652597
0.153329650485163	0.3826766226556209	0.46399372685921614
0.15576451727123736	0.38234515621195436	0.4618903265168084
0.1545103914493518	0.3838099098123761	0.4616796987382722
0.15511464333585664	0.3821246504903035	0.46276070617384
0.15608934078550313	0.3797364810441445	0.46417417817035256
0.1590536616658214	0.3783666894650706	0.4625796488691081
0.15516596626624196	0.37987035484390563	0.46496367888985257
0.15791971512490238	0.378857164647609	0.46322312022748874
0.15731615065519755	0.3788333766186115	0.46385047272619107
0.15288026316805242	0.38132622804497057	0.4657935087869771
0.1521471212872441	0.3830390673413072	0.4648138113714487
0.15389300421138197	0.3842193414318929	0.46188765435672524
0.15434808706774775	0.38222635597740584	0.46342555695484655
0.15865280635957107	0.37879269223774403	0.46255450140268506
0.15799039967368272	0.37836439386323584	0.46364520646308155
0.15613621478441783	0.381119881142326	0.4627439040732563
0.15608241941861875	0.382374307180534	0.46154327340084733
0.15519453476909617	0.38060454787809284	0.46420091735281116
0.15640297167293865	0.37931776387624105	0.46427926445082035
0.15282130983392275	0.38378489942181315	0.46339379074426423
0.15840673089140342	0.3784132908160262	0.4631799782925705
0.1567771154942158	0.3801654968836988	0.46305738762208554
0.15602159354617512	0.3804627515722769	0.4635156548815481
0.15227227087814144	0.38425545640511144	0.4634722727167473
0.15287781029570288	0.38245695358022774	0.4646652361240695
0.1546980262417494	0.3804922905077624	0.4648096832504883
0.15255160841675125	0.38122304299934784	0.466225348583901
0.1522957020981181	0.38223504086243293	0.4654692570394491
0.1552395882111271	0.3801336357274398	0.4646267760614332
0.15662809069107014	0.37956431972507704	0.46380758958385293
0.1567794372692441	0.38101868152193463	0.4622018812088214
0.15479933887198194	0.3835578138656102	0.46164284726240795
0.1569400584408819	0.37973353618735917	0.46332640537175906
0.1580377551143416	0.3780896671327964	0.46387257775286206
0.15488162427737773	0.3792832699581481	0.4658351057644743
0.15883392618386932	0.37828028035466427	0.4628857934614665
0.1573852023786712	0.3786213465261888	0.4639934510951401
0.15330843440094083	0.38409056396778013	0.46260100163127915
0.1557096985345649	0.3825699913024075	0.4617203101630277
0.15669913751978232	0.381180890923444	0.46211997155677376
0.15873941257680146	0.3785730491138739	0.46268753830932474
0.15403358357153446	0.38363437142023665	0.462332045008229
0.15834522594548522	0.3799781091106054	0.46167666494390946
0.1549390289972118	0.3813471317782643	0.463713839224524
0.15375796232205158	0.3796816891748613	0.46656034850308725
0.15532176319295984	0.38157505145315945	0.46310318535388084
0.15827803556863396	0.37967533621149335	0.4620466282198728
0.1576416121659403	0.3783751021405262	0.4639832856935336
0.15744441839483153	0.3788536450471802	0.46370193655798836
0.15479089721648598	0.38312366138343107	0.46208544140008306
0.15482083238196223	0.38072633646177356	0.46445283115626435
0.1582278354861668	0.37872240851691136	0.46304975599692194
0.15463596629694845	0.3821312367281434	0.46323279697490827
0.1553730413969046	0.38304597787790284	0.4615809807251927
0.1525727924381187	0.38204294813472145	0.46538425942716
0.15511162686912588	0.38327867809345306	0.46160969503742116
0.1532861720674369	0.38272502965401684	0.4639887982785464
0.1551887365142734	0.3819312674591176	0.4628799960266091
0.1574180322288919	0.38053967414979684	0.46204229362131144
0.15416520968907532	0.3805662947783707	0.4652684955325541
0.1554046527575494	0.37848302832549413	0.4661123189169566
0.1539089710117722	0.38001395517377584	0.46607707381445207
0.1525944733262788	0.38109083637847535	0.46631469029524597
0.15567317677560966	0.38201693942005377	0.4623098838043367
0.15472825035014898	0.38182019981922044	0.46345154983063075
0.15529840743908968	0.37869570604095343	0.466005886519957
0.15498021276549795	0.38044653823143193	0.46457324900307023
0.15597662766451212	0.3823792062203736	0.4616441661151145
0.1548233464568072	0.3828985635218575	0.46227809002133535
0.15488377449777413	0.38140782603736256	0.4637083994648634
0.15342652595747203	0.38326048359531406	0.46331299044721397
0.15219912279479086	0.3817703755967969	0.4660305016084124
0.15428214942833313	0.3842610399750232	0.4614568105966438
0.1574839922067924	0.3781467457618958	0.4643692620313119
0.15213075400741183	0.38290877931342604	0.46496046667916224
0.15287510815342242	0.3831365639444184	0.4639883279021592
0.15240359659608912	0.3828964268119969	0.4646999765919141
0.15573149416792553	0.37928659390010155	0.464981911931973
0.15481376164242044	0.3796033843361003	0.46558285402147936
0.1547541345124465	0.37928390128768624	0.4659619641998674
0.15813802776683852	0.3784221476612762	0.4634398245718854
0.1568412395269374	0.3783118023032946	0.4648469581697681
0.1542571496191033	0.379512534594443	0.4662303157864538
0.15853582306507474	0.3781726313050347	0.46329154562989067
0.15729343343894225	0.37899408011152336	0.46371248644953444
0.15795941690582996	0.3794316149809215	0.4626089681132487
0.15902236178397788	0.37908554484846524	0.461892093367557
0.154309222888999	0.3828906085087149	0.46280016860228623
0.1544405879801344	0.3812927784696468	0.4642666335502189
0.15320813251416543	0.380700705697805	0.4660911617880297
0.1567322039668424	0.37916844944501354	0.46409934658814417
0.1569471649990475	0.38118668552193247	0.46186614947902016
0.15372176561349282	0.3816673012425146	0.4646109331439927
0.1564468264611006	0.38146133909301666	0.46209183444588287
0.15405990570362793	0.3832369609911758	0.46270313330519636
0.15431248020544436	0.384064479276102	0.46162304051845376
0.15333737730912933	0.38202283870077886	0.46463978399009187
0.1566909265356483	0.38090173724663834	0.46240733621771346
0.15423025983929103	0.3817035149825089	0.4640662251782002
0.15338341169083042	0.3816139965203689	0.46500259178880077
0.152237427184984	0.38396354545144973	0.4637990273635664
0.15253231841836468	0.38274200375648093	0.4647256778251545
0.15596154347903335	0.38070451293875657	0.4633339435822102
0.1534815747608561	0.3806660412041935	0.4658523840349505
0.15765723358694353	0.3785777299441079	0.46376503646894873
0.15751054783410787	0.37947551961532083	0.4630139325505714
0.15405789175127874	0.38130562832256987	0.46463647992615154
0.1575682548579566	0.37907143660589276	0.4633603085361508
0.15401536027589646	0.3828704022605121	0.4631142374635916
0.1588085113922056	0.37949136822668217	0.4617001203811124
0.153656943671312	0.3807845423114838	0.4655585140172043
0.15259616303488943	0.38201413832881986	0.46538969863629087
0.1530141917796867	0.38357781452310735	0.46340799369720603
0.15399476594980407	0.38210886042361186	0.46389637362658415
0.15510143949717528	0.38227485349377865	0.4626237070090462
0.1555583633383803	0.37911120007971294	0.46533043658190687
0.15322579002960687	0.3820282191362015	0.46474599083419177
0.152814885709311	0.38343324875459434	0.46375186553609477
0.15252432014876188	0.3810699176361812	0.46640576221505703
0.15519269297660065	0.38112484835995664	0.4636824586634428
0.15252261961661828	0.3827907524873407	0.4646866278960412
0.1573082183591129	0.378930762259745	0.4637610193811422
0.1564657242472106	0.37837051223625434	0.4651637635165352
0.15858970945708167	0.3795006231576594	0.461909667385259
0.15590372570592548	0.37914128910653255	0.4649549851875421
0.15679451256208607	0.380694106134856	0.4625113813030581
0.1588260744249671	0.37953868011120895	0.46163524546382406
0.15273533841941067	0.38188498417204664	0.4653796774085428
0.1533908898039159	0.3816584116859662	0.464950698510118
0.1544111961455638	0.38081061173837194	0.4647781921160644
0.15539174957146878	0.3816658857587581	0.46294236466977323
0.1539459115816757	0.38094642957068103	0.4651076588476434
0.15447270390677867	0.3805747426773833	0.4649525534158382
0.1590241944390575	0.3791861228798391	0.46178968268110354
0.15393686817338828	0.3796753180750843	0.4663878137515275
0.1524480904032565	0.3830297503017873	0.46452215929495627
0.1590819953613709	0.3780812950326456	0.46283670960598366
0.15259841954910186	0.38108728148975846	0.4663142989611398
0.1543404176715622	0.38382521393848285	0.46183436838995506
0.15337925966807175	0.38391598660909587	0.4627047537228325
0.15238664969441734	0.3819645736858401	0.4656487766197427
0.15509846446061737	0.37922608942017116	0.4656754461192116
0.15729887020294858	0.3809528776702114	0.4617482521268401
0.15552718497469534	0.3812566303590068	0.463216184666298
0.1539585518930166	0.3801017232552985	0.46593972485168506
0.1564159868571685	0.3797115542794189	0.46387245886341266
0.1544817564154393	0.38174531449352433	0.4637729290910365
0.15924190393135046	0.3781602016678309	0.4625978944008188
0.15409659645310253	0.38170492461107136	0.4641984789358262
0.1563251013394225	0.3785903035400851	0.4650845951204925
0.15609658169798352	0.38133476470769034	0.4625686535943263
0.15350748559769348	0.38205089533667275	0.4644416190656339
0.15359565672577435	0.3828186695738895	0.46358567370033626
0.1589422410778662	0.37939177097419435	0.46166598794793956
0.1542261793373171	0.3832463514738744	0.4625274691888086
0.15382873190789947	0.38127805121536934	0.4648932168767313
0.15371636841532874	0.3821355633577865	0.4641480682268849
0.15477657870076486	0.380993988291295	0.4642294330079403
0.15386747753945762	0.38309567764369845	0.46303684481684404
0.15370344840421654	0.38335877282477	0.4629377787710136
0.1523703992303793	0.3811142145025946	0.46651538626702627
0.15829597743686424	0.3795378886475289	0.462166133915607
0.1576091226741148	0.3789125749508301	0.4634783023750553
0.1578435611056535	0.37880619912064684	0.4633502397736997
0.15724827567483934	0.3788295498097247	0.46392217451543605
0.15782732171926472	0.37964467499555604	0.46252800328517935
0.15779113600320185	0.3793801209753168	0.46282874302148147
0.15262895462707304	0.38291480906562325	0.46445623630730387
0.15428308501281365	0.38250695058158246	0.463209964405604
0.15252582591909541	0.3827526193572719	0.4647215547236328
0.1534723677944403	0.38202201312174067	0.46450561908381915
0.15731349258379634	0.3787933902681375	0.46389311714806625
0.15391848483422776	0.3822422820963967	0.46383923306937563
0.1592699661953068	0.3784133692357088	0.46231666456898457
0.1537609379493201	0.38119568982586177	0.4650433722248183
0.15231453132011202	0.3813864639224419	0.4662990047574461
0.15288082989511287	0.38272703061580066	0.46439213948908664
0.1554580973648041	0.3780170546187994	0.4665248480163966
0.15320375943736175	0.3834198722158906	0.4633763683467478
0.15220952991543324	0.38211454201471323	0.4656759280698537
0.15324146936141037	0.3840961394997096	0.46266239113888014
0.15236250254002173	0.3839528197416072	0.4636846777183712
0.15378944054000804	0.37993626228212674	0.46627429717786534
0.1556673720617193	0.37950920814920985	0.46482341978907094
