0.04594939574752156	0.034867045318388065	0.19022410800605544	0.13980077052182222	0.13144756396275756	0.13857828189427834	0.16357403756031416	0.055089658974486456	0.03861473342076977	0.06185440459360642
0.0420372443287647	0.03507015195533551	0.19280746642831556	0.14089268747132047	0.1301050202379038	0.13716765228706318	0.16565744855555714	0.054512807685192656	0.03796852598975812	0.06378099506078885
0.04410986973514436	0.03427135582412161	0.18916299455397398	0.1418581736321533	0.1347069701722967	0.1374006748662488	0.16260153507085445	0.05537583044058428	0.03728652075429713	0.06322607495032542
0.04291783471064364	0.033873044134037536	0.19370889205680264	0.13951745752561623	0.1316600350214203	0.14064884894959795	0.16067082640389763	0.0548748899404682	0.039681260105855334	0.06244691115166058
0.04359524263000086	0.03444634627146145	0.18980728563926164	0.13997051613759706	0.12877675367726743	0.14210143068347092	0.1642321529191368	0.05625796173589616	0.03957108906750764	0.061241221238400034
0.041939564385674095	0.03394805433767578	0.19052101103875907	0.14119538632729187	0.13232158178338455	0.1416951434066202	0.1599140342374958	0.05679637308448628	0.03984680800282566	0.061822043395786654
0.04253260106601979	0.035131964665989945	0.19090672308338402	0.14070395812427117	0.13132956709008908	0.1404259465781047	0.16275109945699498	0.05561255182182749	0.03949507791256869	0.06111051020075012
0.042676285003554665	0.03448613235406686	0.19236202053133045	0.14016917834922626	0.1295659593609102	0.14299562023415535	0.15986593876776545	0.055495529810303215	0.03811012654442268	0.06427320904426492
0.04515706074874166	0.03538096361016495	0.1912786714869928	0.14132458679879506	0.12921496420360826	0.14268918495059882	0.16099000871810115	0.054600170306228754	0.037257578651632775	0.062106810525135815
0.04446786465980498	0.03384738940244675	0.18990949584700131	0.13906867071043172	0.13589001882626667	0.1400279117602296	0.16182227709631666	0.05645289415508215	0.037229133205998244	0.06128434433642195
0.0441746391888005	0.03410452944396351	0.19121484559524826	0.14095840455099712	0.12876598726906502	0.14066029312499453	0.16537783513213733	0.05485435702135395	0.03807129289303748	0.061817815780402324
0.04144717843011189	0.03541013115084864	0.19042142552825964	0.1413425083895927	0.13034415612254754	0.14038199792560502	0.1629190263646359	0.05690763152184997	0.037623946860418464	0.06320199770613023
0.04598833754587405	0.034364982120893256	0.18808192227405646	0.1401301818245566	0.12876028239529336	0.14099852440589195	0.1634291108585281	0.055155116498968766	0.03871958387956911	0.06437195819636836
0.040988798526605454	0.03453034752471158	0.1944938878915059	0.14051852775292742	0.1318688422123773	0.1381498996334133	0.16295335933784996	0.05669277223285107	0.038624859555801985	0.06117870533195609
0.04453746953266925	0.03373089014156991	0.19352616538635758	0.14146620500126905	0.13108011210885398	0.13714799294113325	0.16287198714638734	0.056497022147473645	0.03791208006120676	0.06123007553307924
0.0423412769288956	0.033748367129276244	0.18851921772143404	0.1404865353496026	0.1365338884223977	0.14119762044558568	0.16178736488766757	0.05511267419636485	0.03845734003995713	0.06181571487881854
0.045827678602946315	0.03516356352911358	0.19159525843993636	0.13961876685666857	0.1299235404122267	0.1371931540043072	0.16613303472608024	0.056067632302667314	0.03736231565927518	0.0611150554667785
0.0415170601855699	0.03415430306715979	0.19344752671710272	0.14140280342442654	0.13350476985794413	0.14025401717686076	0.16115932118771328	0.055485623365050266	0.038200196030586483	0.060874378987586075
0.042997916687276365	0.03391507366020907	0.18830195420477747	0.1413276735478589	0.13578674522059864	0.13946483645158358	0.16231298242170888	0.05585019757106246	0.03783021666684874	0.0622124035680759
0.04177977310840142	0.0350568599271114	0.1924641951200723	0.13998100692497994	0.12978168402445128	0.1399505128858199	0.16461123534766564	0.056591731592581025	0.038264486389428275	0.06151851467948888
0.043735715601906915	0.03553671316975997	0.19159016286621974	0.14177672654614737	0.1286530255657869	0.14084059902862048	0.1616624788608324	0.05451054967420601	0.03861944422824837	0.06307458445827187
0.041678293784881915	0.03396400972049024	0.18969079920109172	0.13937644644291752	0.1319835575063379	0.13884907566203827	0.16505089580505627	0.05591192078163729	0.03988797798148953	0.06360702311405936
0.041240576665918106	0.034216942367377226	0.18803179099710388	0.1402534371903548	0.13421164349628695	0.1429502225549991	0.16454405007388698	0.05493032060010193	0.03836974821690602	0.06125126783706501
0.043042492408772656	0.03405693349350744	0.19207172882458495	0.13964894881843148	0.13553907829263118	0.1395087516403352	0.1616148436937681	0.054647678359800986	0.03797098217157151	0.061898562296596495
0.04319159713017644	0.03504321979430207	0.1916091221550347	0.14071734706696798	0.13154758923515628	0.13949391666154634	0.16460257266776798	0.05527977303899107	0.03754723884683088	0.06096762340322624
0.04363852254657584	0.0355834785037943	0.19273674716614358	0.1414262151503015	0.13066401218569762	0.14280327410403848	0.1598691167791842	0.05463543988923778	0.03756967340789584	0.06107352026713085
0.04389560661350875	0.03529022469899118	0.19105122811314573	0.14091364688398067	0.13529450239090973	0.13735320878275198	0.16232853481246012	0.05506986176406741	0.03782744459819545	0.06097574134198892
0.041381520010023445	0.034468068148007014	0.19151477218606316	0.13972883123671986	0.13554267640283338	0.13814327941501786	0.16382816824423013	0.055561607730250144	0.038649114313955006	0.06118196231289998
0.042520417025460916	0.035386976552671465	0.1910425979755647	0.13931738482429068	0.136394594940808	0.13720605078710518	0.162830793484068	0.05471121420708519	0.03752504761188957	0.06306492259105634
0.0411123201222212	0.03404048887431847	0.18916732891117083	0.1412422317463572	0.1367738806814981	0.14246156663124512	0.15988097273050397	0.05585071315867232	0.038233041403555115	0.06123745574045769
0.04462228530921152	0.03531214382579656	0.18890847306187786	0.13942885918753933	0.13186878141672154	0.13945877546461397	0.16116214312283061	0.05679750501938477	0.039292283023238006	0.0631487505687858
0.043455759763461346	0.035130659925631746	0.19075771668926197	0.1398353247410939	0.13611613973832043	0.13727485863663325	0.16037009552887685	0.0565620622304007	0.03790149044153718	0.06259589230478262
0.04393040386620055	0.034212113939945055	0.19090736528890495	0.13990234808229685	0.13468445990343395	0.13744484076625343	0.16427797665714752	0.05484083380277474	0.0383742699109004	0.061425387782142564
0.044871512627431845	0.03535150376138983	0.19068651777529855	0.13976201226737012	0.1342669141874256	0.13788682155384543	0.1596949501072977	0.05527517398395041	0.04003074590814849	0.06217384782784205
0.04607564470299845	0.034909157725287854	0.1909303087476592	0.14076762910402052	0.13369423412989664	0.13914644483019434	0.1605171365397393	0.05452596719535525	0.03865665935551402	0.06077681766933439
0.04200071018300594	0.03379364692565795	0.1927136307225223	0.1414733490002025	0.12997004868785927	0.13801374686333387	0.16342004785845515	0.05545120770550048	0.03900710955105479	0.06415650250240777
0.0411549057922339	0.034050282808581495	0.1899691078492302	0.141182466811492	0.1368597994244138	0.1381811243851585	0.15999709862975092	0.05579589984901303	0.03910704046070272	0.06370227398942341
0.046371240893091706	0.03536106727379111	0.1880826652373964	0.14156260519827377	0.12999655139752325	0.14306505303596692	0.16019688432531254	0.05545622139548939	0.037461422289488774	0.06244628895366612
0.043570146250198796	0.03527935256978884	0.18877136818289217	0.1416429771484971	0.1308556449487578	0.14113400301291457	0.1633116330011022	0.0547013034244655	0.03921180166871421	0.06152176979266883
0.04634450618536252	0.034116400119027515	0.19312447898998072	0.13932141582472762	0.13182855681609607	0.13779363455415172	0.1603544175652632	0.055479597498023704	0.03852178994367434	0.0631152025036926
0.043415399066757294	0.03494716354043921	0.19217771596726246	0.14172887969445072	0.13190234749131685	0.13827201048264864	0.16111314195261647	0.05611076974658557	0.03878643322881777	0.061546138829105
0.0452411511067663	0.035018929419017644	0.1896864645327443	0.1392573037132706	0.1298223776444077	0.13998343610209063	0.16336316538457812	0.05579200859450362	0.037679670880596226	0.06415549262202483
0.045281877415549614	0.03496230990646877	0.18968811245890313	0.14175991633911314	0.13006270335499673	0.13921226206982523	0.16178401758240274	0.05503132672498881	0.0400506368238226	0.06216683732392919
0.04258698822153006	0.03455308832128422	0.19061244630889063	0.14176372899523348	0.13055823579504316	0.13797479454363104	0.16533009281998773	0.05562868875390552	0.03874523273621504	0.06224670350427915
0.04125812081816369	0.03485930105304853	0.19381326687781025	0.14033878067992545	0.12870004415026218	0.13818296962102858	0.1652174544912064	0.05447968918892848	0.03915387552338027	0.06399649759624615
0.04115923529953039	0.0345545602642707	0.18854026603581586	0.1391487897805947	0.13468704011523416	0.14291144807338488	0.16382954240511785	0.05519646311557967	0.03812996187829739	0.06184269303217435
0.041796923662620285	0.034391250045024455	0.18910267413559784	0.1410324513652858	0.13362416562059418	0.14125077384022186	0.16445957775394704	0.05507924811008709	0.038243161154785626	0.061019774311835764
0.04305177332063957	0.034948377144018064	0.1941343698178572	0.13995543903862487	0.13529212064040025	0.13726232790322085	0.16178037485037206	0.05471073586855782	0.037564864287633726	0.0612996171286756
0.04379449532406646	0.03436994957921678	0.18843508171432688	0.14095240838488454	0.13050146217190775	0.1432164113059791	0.16350411467365578	0.05456205423065532	0.0396304934483666	0.061033529166940804
0.0427843740151383	0.034017128771225064	0.18931635616104353	0.13968985734541015	0.13642214044111212	0.13870691612151467	0.16467751822472776	0.054599941426493964	0.03754406400163807	0.062241703491696415
0.041838121002143625	0.034190675553890396	0.1944761543671538	0.13919947728976856	0.13349530630934467	0.1428160041560181	0.16105483567042278	0.054494220229707666	0.03744510581392746	0.06099009960762291
0.04225075149063014	0.035065602921364694	0.19324965288511897	0.1414075913305627	0.13064164519792343	0.14205916713389072	0.1610828074260222	0.05494945484542091	0.03855092522165306	0.06074240154741318
0.043017098969637964	0.03556291573240279	0.1901959649007423	0.14079707855179485	0.13328708714962334	0.1371248195705275	0.16183614857868386	0.05659769949373665	0.037226009952597075	0.06435517710025371
0.041825310776755	0.03570554382036291	0.1901082593668615	0.14117914979932314	0.13086916606705457	0.1433784458443485	0.16244915719602868	0.05483386676098375	0.03843145858562269	0.061219641782659276
0.0418925823455601	0.03431635515538112	0.18991918063781327	0.13916976710012938	0.131330681649491	0.13993320298208545	0.1661890352408186	0.05530606060666407	0.0393734388425894	0.06256969543946764
0.04123367894781432	0.03376193968195941	0.18921152950434372	0.13974873580571426	0.1300036625457569	0.14325131848705244	0.16338163043989626	0.054941137573505945	0.03997553966138385	0.06449082735257286
0.044211884607462865	0.03372450960155292	0.18928092815413922	0.13979144210456784	0.13319380859577473	0.13778720012730275	0.16339180152352878	0.05461530931268555	0.03986414956820309	0.06413896640478225
0.04115437996627394	0.03401621253289361	0.1934639440358495	0.14086231004837246	0.13499228664897236	0.14038325483516462	0.16087973157140792	0.055220708352253005	0.0378389832256763	0.06118818878313627
0.0448036472338528	0.033796614217750404	0.18884293819180736	0.14062337496444832	0.13453700840215457	0.14086659865177234	0.1596752245308963	0.056595879125327	0.0394525633320197	0.060806151349971194
0.04567136789366299	0.035186497470545	0.1884508674275055	0.1396035339919523	0.13408687714364453	0.1385475118173827	0.1612266467925343	0.05564739123990631	0.037575173404767376	0.06400413281809898
0.04109148202903498	0.03405295823824342	0.19072275589371512	0.14076718056047885	0.13263417257463195	0.13827536083529315	0.1642766638013377	0.05566852396129373	0.03814949829459691	0.0643614038113742
0.044161362271129205	0.0344113868814306	0.18913735570664403	0.13913607707640885	0.13538692637856029	0.14161073880354877	0.16005858281481472	0.05696262966107721	0.037937343719878856	0.06119759668650749
0.041956584732832584	0.03465772059805816	0.19446114685495658	0.1403905747446118	0.13003749734707937	0.13981724840099347	0.16353946015774717	0.055819800943395975	0.03849013699531728	0.06082982922500762
0.04633775462385016	0.034731780334984294	0.18820572492598095	0.13995898934033743	0.13019824376578645	0.14188451918552553	0.16238044550392372	0.056385775350761475	0.037403097201223784	0.06251366976762619
0.043404153879422105	0.0355106647765628	0.188612124537908	0.14022409195548682	0.12938788602741502	0.1389032134648637	0.16585502194420554	0.0568535218480749	0.03868908293768248	0.06256023862837863
0.04281862842345955	0.03407780479917327	0.19305363467256684	0.13952553415740404	0.13612047641414562	0.1388348161450773	0.16100551385866474	0.0546176939106192	0.038548318454399814	0.061397579164489624
0.04499453123558483	0.03436744986392881	0.1888374078247686	0.14027951126867083	0.1312677877157224	0.14267897767713933	0.15993694496834987	0.05658596800913227	0.037373460002765355	0.06367796143393767
0.04156032361858736	0.03511200821417747	0.19002467444449134	0.14069894717081408	0.13259722137458912	0.13844749946572127	0.16576001652707772	0.054905803458694176	0.039808271012085956	0.06108523471376148
0.04210113009024499	0.0344398756476791	0.19143871638287835	0.13905331624818276	0.13101673269859554	0.14034217477075894	0.16576070288324382	0.05511744108174325	0.037746835292045144	0.0629830749046281
0.045067510393233305	0.03401076281903907	0.18917168048115623	0.1396978375400063	0.1287042882691076	0.1427924418726016	0.1605148556323227	0.0566621891082439	0.03911420944926765	0.06426422443502165
0.044738048031815185	0.03406347288852425	0.18996833367440502	0.1390845970284084	0.13041102529702073	0.14004090021787535	0.1657984729282319	0.055381507807313025	0.039654352009850236	0.060859290116555914
0.04140840276929274	0.03447501664879524	0.19234411624766012	0.14124207368761785	0.12876087318367405	0.1418422153307118	0.16168874058427563	0.05685774703454244	0.03906227119610838	0.062318543317321756
0.04373603482658412	0.035528429296463576	0.19254977206287305	0.13905124675681999	0.13365302556074143	0.13981103347156784	0.160233897867898	0.0561667478603431	0.03761975993205023	0.0616500523646587
0.041857893942441465	0.035593505077704035	0.19033305747997137	0.1397328806653198	0.1294686435721326	0.14211312752009297	0.16434732080773864	0.054651931232493234	0.03973655169785983	0.062165088004246055
0.04191084205599856	0.03509426781762566	0.19113428945365354	0.1392412938205205	0.1294711326887544	0.14279377918497144	0.16325109850861508	0.056680263657918166	0.037883590566724856	0.0625394422452178
0.041631206265515565	0.033777999062524405	0.192223575383469	0.1413876791588446	0.1365210509585024	0.1394370160442976	0.1598232019657483	0.05501052694085771	0.039265224627496174	0.0609225195927443
0.04164283685384944	0.035178984941830055	0.1918643065552349	0.1395860627577456	0.1351457257963063	0.13817270070035848	0.16066242492733157	0.0548280809656948	0.04004116538253681	0.06287771111911204
0.04349458573692941	0.034199745464086787	0.19034661272943826	0.14150053743469357	0.13336179880012716	0.13943884960023883	0.1600612204498466	0.055921502140700546	0.0382493277621897	0.06342581988174908
0.04251126290611749	0.03468596382194755	0.18840841378426965	0.14160109511981353	0.1320681891458811	0.13986742112169084	0.16483654225734887	0.05459310277412505	0.03980471135591944	0.06162329771288652
0.04155362770981017	0.03539368111872852	0.1893772539279279	0.14075435775615158	0.12931018728687235	0.1429523813085068	0.16554878186788718	0.05564204846529905	0.03775494858254973	0.061712731976266796
0.04227795057645025	0.035212778760480304	0.19238354253651846	0.13931616638223876	0.13140694554209548	0.13870588546930007	0.16294421070291049	0.054640490240807436	0.039710939381547364	0.06340109040765142
0.04270682741830122	0.03451688051393795	0.18845634151443066	0.14076799770296236	0.1349701452895859	0.1379065811059023	0.1626645914900951	0.05576663221359568	0.03947634045022487	0.06276766230096406
0.04098558134054378	0.03398034291543747	0.19152934169630592	0.14160492770423067	0.13305209779666943	0.13695938236292554	0.16597900086906914	0.05466183482943101	0.03841332164015683	0.06283416884523021
0.04530791889461939	0.034593758096565896	0.1884521958366526	0.13913132804470923	0.1311291540130281	0.14048905458122413	0.16183986229926606	0.05691637388675701	0.03947534354274629	0.06266501080443126
0.04453136040732561	0.033803863308155574	0.19357111232897478	0.1399071505069503	0.1288051962561406	0.13791217912047593	0.16094122172718103	0.05693387197204271	0.039600952439449964	0.06399309193330353
0.04109253029687492	0.03558770746840194	0.191730364571696	0.1410632009964564	0.12919721094818518	0.13862060381353708	0.16281018575296122	0.05658534159575817	0.03956253528665027	0.06375031926947883
0.04111243420560647	0.034258334052663694	0.19115147070987543	0.13968534786450076	0.13386095165745926	0.13924316516675234	0.16280768031061912	0.05547887604146412	0.038834127915936524	0.06356761207512228
0.04205133203008323	0.03407557249393603	0.1907957807649177	0.14184132738303695	0.13134697615276425	0.13763397729152071	0.1650203035478508	0.05510088739810788	0.037772047303582815	0.06436179563419957
0.04248595752828706	0.03516878681689639	0.18962134885360757	0.14090944913918696	0.1292897883016946	0.14119221779111713	0.16573602953709674	0.055280611890094464	0.03819719989491223	0.06211861024710688
0.04597052701547026	0.034070220180457564	0.1901811518214429	0.13950869495817603	0.12871947985433446	0.13766688152756218	0.1646106041714121	0.05698915626337569	0.03872090358745039	0.06356238062031846
0.04412255288507569	0.03378401525819884	0.193468485367098	0.1390418075701855	0.13014804652530654	0.14325338011003297	0.1613862844135165	0.054748010287126135	0.03845174634519438	0.06159567123826549
0.04299185953804809	0.033849630285012325	0.1930054056259366	0.1395733216944829	0.13145437112543354	0.13797826915403869	0.1623823299399132	0.05474454650567499	0.039979763729669514	0.06404050240179013
0.04317796092773656	0.035377180657058846	0.18882486211800958	0.14028316450120054	0.12929762523922764	0.1443858151410355	0.16311364264270262	0.055073418487496126	0.038865742804369316	0.06160058748116328
0.04391448734127864	0.03466168891683166	0.18839729716567424	0.13912302446992228	0.1327510165696395	0.1420832997258371	0.1631239226536266	0.05458062410204554	0.03879445261720237	0.06257018643794207
0.04130103081425133	0.035105141596135744	0.1885995468592661	0.14184981433810956	0.13256928081602773	0.14171121275351534	0.16107825671862602	0.05665315814227586	0.03887162073925288	0.06226093722253946
0.040983825448728556	0.034641278734791336	0.1916653006652901	0.1396441268199407	0.13149746444138694	0.1417973424886385	0.16392601233761772	0.05560620562509969	0.0384333139041824	0.06180512953432402
0.04228557435169897	0.03519203253394934	0.19252354013513234	0.14178410711226663	0.12920179875786328	0.1418590382433069	0.15974967192333803	0.054523682048917055	0.0400372513358224	0.06284330355770508
0.0463228253095155	0.034201348658891864	0.1893825428730067	0.13925724285601526	0.13135364686982062	0.13730040103620772	0.16586784951228722	0.05576432739478892	0.03955128058484536	0.06099853490462082
0.04452892930170745	0.034513700745269396	0.19076511361934806	0.13921625834621454	0.13076563690674775	0.1400734165502915	0.1633996657901065	0.055096259492432194	0.04005641486484186	0.061584604383040684
0.04245854179392486	0.03464790885682614	0.19289539781761378	0.14049324178943862	0.1302235144845237	0.14184529463283643	0.16258556686331244	0.05513981355599853	0.037814258455618845	0.061896461749906616
0.046163274006649255	0.03488914559041904	0.19200921172326635	0.14074476605010705	0.12890426929560114	0.13764704483211954	0.16169921534408532	0.05690655452378659	0.037177289860194265	0.06385922877377143
0.04227176737797355	0.035705034332106575	0.18991520114444815	0.14070905644367687	0.13291771278726439	0.14001244315225403	0.16136630863968532	0.055551715879300696	0.037825909616595675	0.06372485062669474
0.04181740498371502	0.03501955042384988	0.19373554145687838	0.1407097363080448	0.13449132939521044	0.13712942856512603	0.1632235673432386	0.05479818312096376	0.03779260657575364	0.06128265182721945
0.04596253160470529	0.034834267929291646	0.18926541235052077	0.13961821409203373	0.13208481399632924	0.13833056052231804	0.16121932198816974	0.05565548525753105	0.03915191128080015	0.06387748097830037
0.044449093593058306	0.034443977200056736	0.1894834770589144	0.14067275106967747	0.12876869095848062	0.13943533987016396	0.1651851696772766	0.056056320561971316	0.03943149773664441	0.06207368227375618
0.04635681399818789	0.035639393669113895	0.1909017744539977	0.13919225655265566	0.132095067507543	0.1385649302881868	0.16190915073469447	0.054829384993525646	0.03828653064699904	0.06222469715509592
0.043214877014527336	0.0346319638348314	0.190095480267015	0.14075224075366308	0.13076555700674655	0.14020748603034372	0.16538651477531505	0.05467337067761694	0.03791207616001926	0.06236043347992162
0.043362830130169006	0.034038429177516136	0.18824978989597135	0.14099494846940722	0.13507735575341923	0.13904373507179985	0.16395547016241147	0.055222062031993355	0.03860462215677537	0.061450757150537064
0.044891572134188804	0.03474707333817681	0.1936658146063566	0.14043106945118192	0.1299547990151471	0.13770124188852217	0.16035364827423565	0.055925090050800395	0.038705118949437074	0.0636245722919535
0.045063893121565196	0.03457776178194895	0.18894370511546477	0.14095725170381163	0.1325821815010042	0.1388094895038534	0.16232790379943923	0.056798396737591	0.038479205826993115	0.061460210908328414
0.04553449040836144	0.03486184908970079	0.19342248222423408	0.13983764077064426	0.12934844097264311	0.13765004322770233	0.16337297935527856	0.056131139502504646	0.037528308254030994	0.06231262619489978
0.04102558991789848	0.034296418527597336	0.18962573646122338	0.1405453336649029	0.13236154375369888	0.1407914615583052	0.165279136774431	0.05450326456563605	0.03872021905003338	0.0628512957262734
0.04607675353304522	0.03493260483779845	0.1926815981574164	0.1410939099383081	0.13052198339418714	0.13704458806284806	0.1608384033004746	0.05471068365825782	0.03963510896878395	0.06246436614888027
0.044031407646038426	0.03506703288159439	0.18883526216216207	0.14085268754185304	0.1335863217740715	0.14300845645672186	0.1604807986494592	0.0545068316658955	0.037420564103109816	0.062210637119094206
0.04258224080387925	0.03484235314239385	0.19208800547063493	0.13983427984160937	0.13051593670844164	0.13775711580248218	0.16621008816558935	0.055769023957653534	0.03850312036294018	0.06189783574437574
0.041818766929546565	0.03370992015470434	0.19103419162912055	0.1396342383898509	0.13450298970977645	0.14143598949626301	0.1627119198797436	0.05564518963212432	0.037357304545961034	0.062149489632909186
0.04206269752056677	0.03416399052781886	0.1931710370763175	0.14100682405578208	0.1331139494154325	0.13753464369568819	0.16322377197498278	0.05643470308087254	0.0385326092368584	0.06075577341568031
0.04414987221077948	0.03386814793794783	0.19174136929805025	0.1396420393058511	0.12933099936951836	0.13867317068126458	0.16577726231655115	0.0552169514092143	0.03860051207132205	0.06299967539950094
0.04439099332084185	0.0354785926493489	0.19368136641453387	0.13908971242671242	0.131696700212216	0.13852809750816886	0.16281117409328913	0.054633676813414134	0.038666709914764126	0.06102297664671069
0.042166059696995876	0.03448005443887629	0.1909623315122408	0.14109992009698882	0.12896017313494304	0.142284742892258	0.16218386290759468	0.05576081503738392	0.03767645611702862	0.06442558416568994
0.04409793328023781	0.03510712351222749	0.18850729198725757	0.14119750979867546	0.12993799062138014	0.13817762778637754	0.16507580340842345	0.05688585530598641	0.03991064681985608	0.06110221747957801
0.04198950965979653	0.03488442479561764	0.19256209177284306	0.13929956772397595	0.13671528358046686	0.1385245746895202	0.16115967079209512	0.05621209757164231	0.0376872731931105	0.06096550622093181
0.0417832556224909	0.03501856591881172	0.1916512494079024	0.14090193446459331	0.12905220847904858	0.1417690952439821	0.1631310073895248	0.05537272209008459	0.03862708747436019	0.06269287390920142
0.04638738691194104	0.03479149393647822	0.1894865056001271	0.1400685324504645	0.1290134586574733	0.13910760770574743	0.1623732910376668	0.05684876895413004	0.03758798881174034	0.06433496593423126
0.04176188394708665	0.03516035582811915	0.18812842152393172	0.13993171715829028	0.13026787656322988	0.1421642907182461	0.16358469727480013	0.05600639762781665	0.03970689290903359	0.06328746644944584
0.042952565129605054	0.03428116634879602	0.19354123143176538	0.13929763286574703	0.13219518359581817	0.1395998386325175	0.16136950978886846	0.05499616378430496	0.037517709653721	0.06424899876885642
0.042417265612741145	0.034024673774535066	0.1900621944434715	0.1403112767203022	0.13172398008448125	0.14248456322915826	0.16234328749040214	0.05588595538239868	0.03742566554232016	0.06332113772018956
0.04406523028777918	0.035212541902361505	0.19430874216236652	0.13954462929794087	0.13229515095792793	0.1377245720065396	0.16083448616606344	0.0550164178627878	0.03748901383267482	0.0635092155235584
0.04565205169715741	0.03510248883246185	0.18950005644729329	0.13984875743555203	0.1291764691760946	0.14366186952289733	0.16345928474922433	0.05539120141879976	0.03718945315592094	0.061018367564598455
0.046027272481401905	0.0348767068525799	0.18947330572042898	0.14085289648773666	0.13248891193716775	0.1371340069742663	0.16051250741808565	0.05703044571648969	0.0380837747038939	0.06352017170794924
0.042270408865539885	0.034178160792816936	0.19332143088069392	0.1413937602967837	0.13125391438834028	0.13715000089290127	0.16422022635616224	0.055337012262417516	0.03844176736935723	0.062433317894987024
0.04215649053404465	0.03533353869114754	0.19272033356514257	0.13928528421767705	0.12981421721058325	0.1418534814991092	0.1624738209693992	0.055599352092966334	0.03813478482704589	0.06262869639288436
0.04125844395001085	0.03439656919189969	0.1885533919187427	0.1391926103052604	0.13207188269666345	0.14223902330248184	0.16426522863307846	0.05644719360923369	0.037932775601500296	0.06364288079112866
0.04406328418565403	0.03459983431522659	0.19296456791972008	0.13904532586765808	0.13424753668514308	0.13855047783898883	0.16034953080992206	0.05542912364415752	0.03870449426212151	0.06204582447140821
0.04103112237618953	0.03421435621544104	0.18924718513969568	0.14188955025896977	0.13670916139851833	0.1383202431887931	0.16341833389822957	0.05662058429901787	0.03778350209652697	0.06076596112861815
0.04236483753540925	0.03416081548758401	0.1895294629234476	0.14022322114932678	0.13319907042519807	0.14079819514002045	0.16348013717409934	0.05585252150863817	0.0387221297354544	0.06166960892082189
0.04464135816034872	0.03471829211815257	0.19212362968952051	0.14041936209064937	0.12890960143192234	0.14119782162887246	0.16272494861605513	0.05609230310330412	0.03811229378228645	0.06106038937888834
0.04201424987514313	0.03447972225911018	0.18947382183245098	0.14174203914406952	0.13459538177849376	0.1382452234618759	0.16325439944750797	0.05493517115718975	0.037659394285058476	0.06360059675910036
0.04249288001557393	0.035745927377614145	0.19191227010876355	0.14029791681946238	0.13401588419719695	0.13767277289546187	0.16009556416421508	0.05598524142099668	0.038328168457056236	0.06345337454365914
0.04500159455566587	0.03442638987574782	0.18971832310464215	0.1403926342822006	0.12982994576844453	0.14176293823855446	0.16115609994632774	0.05475839607901865	0.038697980752929156	0.06425569739646902
0.04190567607857776	0.035116732605195225	0.18948928098595824	0.14174293094734028	0.13210567828421982	0.13729365966647775	0.16554565276371025	0.056896538086735005	0.037349543507687974	0.06255430707409772
0.04297151851784529	0.034980117844547576	0.19098260018813	0.14101468959098346	0.13225094237886614	0.1386846243071484	0.16491698013874556	0.05465484353873206	0.037716403866464444	0.061827279628537096
0.04500472629911232	0.03456130657171112	0.19181959784016805	0.14010940394858662	0.12868060644772458	0.1395265535793471	0.16494096609463532	0.055766082862277216	0.03875401608311189	0.0608367402733258
0.04119497332739485	0.03439724782227259	0.18882111039683241	0.1396426487391112	0.13586745719220542	0.1397379651410291	0.1630644274463115	0.05453399654543129	0.03901593757266982	0.06372423581674184
0.04561055378981654	0.033843730473826356	0.18860041054457202	0.1391330024269604	0.1287769703890207	0.1407508410302442	0.16351480388496462	0.05650088057411877	0.03956749585380493	0.06370131103267151
0.0410227714468608	0.03464822556632592	0.1916739529853391	0.1398123573617385	0.13310192719193958	0.14137597585362494	0.16044494986851848	0.055320683392189034	0.038995762327086944	0.06360339400637678
0.041800713766892844	0.03442855478346922	0.19163131250949655	0.1395002396031063	0.13467462353866091	0.13726094720739823	0.1656233466489649	0.056543413415839225	0.037184992084939805	0.06135185644123203
0.04138515641413752	0.03550255748172555	0.19164330706451926	0.13996786009863033	0.12986692331622796	0.14226162677199666	0.1613116673395259	0.05638693832047612	0.039666730391230705	0.06200723280153001
0.043114009606739376	0.03556562258860729	0.19214065605594288	0.13928088632167707	0.1307021185929511	0.1378686906200729	0.16334686651615854	0.05553272755956115	0.04006529497120256	0.06238312716708715
0.04321291772335234	0.03433623678175046	0.19407709538874718	0.13979064362465182	0.1291644571202993	0.1391878026997798	0.16470261230615063	0.055118537892677184	0.03933975197255221	0.061069944490039045
0.04504022129659714	0.035625596128479584	0.18871125556597015	0.13943068717861223	0.12890374452711287	0.14429856165923216	0.16327642355708	0.05572801752183911	0.03773126539200621	0.061254227173070525
0.04296547774802147	0.03385837642789302	0.19262964901304902	0.1408490691389105	0.13257005909025218	0.13734612653722444	0.16001891388478234	0.05537505097130962	0.039927542203064284	0.06445973498549318
0.041104202307100574	0.035694173470894	0.19440941702902498	0.14090616624434876	0.12978738607969856	0.13772281325520952	0.16399303754545036	0.05448008668241708	0.03918750132274456	0.0627152160631116
0.04109050005960408	0.03457549868029526	0.1898365943872683	0.1394868827701341	0.12978619832975366	0.1446414097082463	0.16169875828335012	0.0564193833298378	0.039968895180969716	0.062495879270540615
0.04528545487249513	0.03384612803619254	0.1928538995271844	0.1394519882974144	0.1306071514623695	0.14072005711405897	0.16083970765984695	0.05498842099181118	0.03906453026788569	0.062342661770741284
0.042123047272398254	0.0355437577949768	0.19131399785008085	0.14091259305190007	0.13174214987665483	0.14245587528878895	0.16134895745780448	0.05536400838689208	0.03846368966944847	0.06073192335105521
0.042205420121489576	0.03393437553404219	0.18979911622799533	0.13927303903479915	0.13195362982670666	0.14208953006559438	0.16120399420767528	0.0564053749350324	0.04000896932109971	0.06312655072556532
0.04325104031079939	0.03428563101234057	0.18843523148761332	0.14088859940030124	0.13137906154824097	0.1386222995361695	0.16474217987075898	0.05496237066583574	0.04007116174352423	0.06336242442441606
0.0429306986580249	0.0357058311387089	0.192008460127155	0.1392569107633715	0.13151543570164315	0.13694160323742957	0.16591210042884047	0.054938724461565204	0.03827170283659797	0.06251853264666334
0.04494362057850856	0.033926550472891004	0.1895872855204075	0.14170657261550315	0.1298693052543174	0.14003347744192524	0.16471377840952178	0.055236627224307104	0.037390188054995555	0.06259259442762274
0.04120533632918109	0.035479645445433056	0.19257050187711572	0.140878293080682	0.1301008508427523	0.13704406307475997	0.16632988506096563	0.05530762494778417	0.039707221669741874	0.06137657767158422
0.041870257619608074	0.035666873142549085	0.19090885137152575	0.1390914396760935	0.13222013447974945	0.1388322630915355	0.16305389517015034	0.05665314926604204	0.03794641151712237	0.06375672466562393
0.04198923785543623	0.03388208097248807	0.19075001090986024	0.14088518472152398	0.13385670615341105	0.13788843442308274	0.16482768007737886	0.05658699851416901	0.03786121234426432	0.061472454028385574
0.04238982435101583	0.035406118602743036	0.18799596611723574	0.14140056180003624	0.13418375926441622	0.1406452289406983	0.16168045066106354	0.056843748987200446	0.037857537685838404	0.06159680358975222
0.045796027975552975	0.03412609178895336	0.1909761304913274	0.14043520313390878	0.13677388004498703	0.13740036476530265	0.16012561522765523	0.05531062991665971	0.03776877579830435	0.06128728085734848
0.045192087993164785	0.03401539400331095	0.1896535689486636	0.14102083415584127	0.12982956574046312	0.14101758847750917	0.16018922151718717	0.056854903046650765	0.04008229284936274	0.06214454326784648
0.0442958495631011	0.0347119590106206	0.19044456223562467	0.14080198760411122	0.12948196438036608	0.13991288452456774	0.1637265727533036	0.05455275311372708	0.03786894423567928	0.06420252257889868
0.04404752449127766	0.034036629814343536	0.1894832200218159	0.14104959869569342	0.13699914767162502	0.13730942130481769	0.16349810605528498	0.0549433681405349	0.03749792588332952	0.06113505792127739
0.04145102887998351	0.03384872119627344	0.19072953338650867	0.13937645643082633	0.13335979016258723	0.14382113885222012	0.16102186861642653	0.05527628283669954	0.038348434459543314	0.06276674517893131
0.044893016350060745	0.03570294956898182	0.19291221585803717	0.1407996963009563	0.12918368586249548	0.13731421513154018	0.16241747456190203	0.0550971160319542	0.03898484352001777	0.06269478681405435
0.04431430372029693	0.034027705035468744	0.1887015193952883	0.14126231747904502	0.13061217186582028	0.1419004350056463	0.1602831313390005	0.05698473429272254	0.03791197745745937	0.06400170440925201
0.04115048143421746	0.03387966457242905	0.18868648466879798	0.13949096953509213	0.13589437810155278	0.14437967541547653	0.1611051304660387	0.05449592735594671	0.038337504368058085	0.06257978408239065
0.041820569001362336	0.033858933549007805	0.19178588809858044	0.14017712930279905	0.1314278428790461	0.1432489785443429	0.16321845055642034	0.05496694673585225	0.03872324975093381	0.060772011581654996
0.04627519725459216	0.034845780826960535	0.1889503513808244	0.13930204232700333	0.12875697967338798	0.14266251872436694	0.16075277987168382	0.05514644552342646	0.0388303943711083	0.06447751004664604
0.041367225115173975	0.03497626542215121	0.1904733096687899	0.140312253652854	0.13508390289587013	0.13707500200434994	0.16373047230550095	0.0567948089402347	0.03767478335431883	0.06251197664075642
0.04504615293183305	0.03449433261320148	0.19314551017685572	0.1414035734316978	0.1297176418990501	0.13707562833231385	0.16199235615899174	0.056273316328262456	0.03971914553500338	0.06113234259279044
0.04113853803904895	0.035302135306772495	0.19334013178056741	0.13946995569746387	0.13029896656356982	0.13916285704578055	0.1638112500787696	0.05688202280812172	0.03819547527012775	0.06239866740977787
0.04343487305030891	0.034797039359835816	0.19044229964457132	0.1416616743503316	0.13134720953808246	0.14132079377224865	0.16035868279634807	0.055208923910253394	0.03957158089233676	0.06185692268568299
0.044886068219338146	0.03393331476161429	0.19259975625030906	0.1405593609903661	0.13342345806865896	0.13935598982455466	0.15998849590553305	0.05473306037025912	0.039082857013824114	0.06143763859554251
0.0441408836098245	0.03462747442926037	0.18997279908177417	0.14011793082437224	0.1320510257278504	0.1380925844994507	0.16135434893184153	0.056093016616174336	0.03934196132497078	0.06420797495448101
0.042575072262275075	0.03514477895164102	0.19272681944764153	0.13945171400811746	0.13289068010275978	0.13949159144867937	0.16196825008123353	0.05688604175116533	0.03759935231982784	0.061265699626659065
0.04509269600319904	0.034121433395462336	0.1887698117593895	0.13961790816919684	0.1286631547426735	0.1420566195137455	0.1647946244421738	0.05678738391870207	0.03815753669297434	0.06193883136248303
0.04435277311142375	0.033714453273462786	0.19137912909483396	0.14113323230803917	0.13163153878370754	0.1424491892731355	0.16081876008320645	0.05574507413488924	0.0373139958098684	0.061461854127433255
0.04228780572622755	0.03553712241128858	0.1883335796973874	0.14163772855049467	0.13363451190021855	0.1376465175548602	0.16334590140012095	0.05530307619452923	0.03983503552103036	0.06243872104384253
0.04289017034338989	0.034871645823721195	0.18930531753241364	0.14058176823627652	0.13524558463917108	0.13812861031051582	0.16077113848073316	0.055654090916189176	0.0400254888614076	0.06252618485618192
0.04443243652696964	0.03474263293786857	0.1889162073890721	0.1413507169400059	0.13313428186337115	0.14231559689006545	0.16147939514273846	0.05484428356814799	0.03750141357124557	0.06128303517051511
0.04102469066539476	0.03571081837521736	0.19157519723838812	0.1406851225233424	0.13293933999710486	0.13699941999230428	0.16465309032432152	0.054591076441342465	0.03947101864323516	0.06235022579934908
0.04100118042267826	0.034883058866794395	0.19152661055088469	0.14122456222963706	0.132998705339621	0.14269819252770033	0.1600924734230409	0.05628085069002543	0.038562551628294854	0.06073181432132312
0.0455271547134624	0.03512547533835851	0.19152697808979027	0.139934648010423	0.13151851282436533	0.13874968403221644	0.16130650377410158	0.05458364564085473	0.038043120329489165	0.06368427724693859
0.045453384792993386	0.03380799263432932	0.1905838925236553	0.14055360808038683	0.1291652513054365	0.14272634823803387	0.16123827584347344	0.05538714914999788	0.039473646395089525	0.06161045103660395
0.045431980032879314	0.03571172889149013	0.1895342005623211	0.13951127617002454	0.13350540300112407	0.13752440429177826	0.16200362774209529	0.054511198476901813	0.03959473686199605	0.06267144396938944
0.043837332784414	0.03371773984578115	0.18904025923771073	0.13974825621962564	0.1355379194875466	0.13713831090617734	0.16258389715661037	0.05527295324516155	0.03982375294682405	0.06329957817014849
0.0426662886620141	0.03442328346131973	0.1922418249886611	0.1402217981859799	0.13160919147899053	0.13777455003533237	0.1641872377587708	0.05627655134365513	0.03803765935645916	0.06256161472881719
0.04243008923526305	0.034528056428260165	0.19101089100918792	0.13904955127698282	0.1319082371127563	0.1408848834930242	0.1652492462934672	0.05682349561879585	0.037287293443535305	0.060828256088727176
0.04128376985277297	0.034723154727811	0.18927936787223587	0.139113456703076	0.13343988508892674	0.14174681822726026	0.16602855866697808	0.055610583157440295	0.03773125770012439	0.06104314800337442
0.04445612686263956	0.034387746901758415	0.18859415706995675	0.14156461370473597	0.13427618829111373	0.13726183517486823	0.16334710542868677	0.05469671750243473	0.03831496952398708	0.06310053953981873
0.04529190852887663	0.03428641105357473	0.19407634020763198	0.14161741683939338	0.12988572194477138	0.13846193371625587	0.15987365002701043	0.05449832438726943	0.037621454497053085	0.06438683879816312
0.043332529038709065	0.03563095772645651	0.1906103479912788	0.13937996571322492	0.13093971261109844	0.14349336351898437	0.16064222821440263	0.05482034986020203	0.03723722887190434	0.06391331645373893
0.04219248033105212	0.03523586364117236	0.19072093522708733	0.14020453021890836	0.13005580334455058	0.14126289051638313	0.16335796382459433	0.05669772938029524	0.038867738551906145	0.061404064964050376
0.04536886478556096	0.03415694357719849	0.19269640923894799	0.14007320172092852	0.13350720775442443	0.1394184593958293	0.15989150606708075	0.05658655121387744	0.03736492517157668	0.06093593107457543
