0.24148428034949218	0.20681595990871263	0.10344739723635378	0.27593351230185514	0.172318850203586
0.2414858081604824	0.20687813917609138	0.10339429920609616	0.27592510112692276	0.17231665233040708
0.2414806320907375	0.2068395720746271	0.10343614235492116	0.275929736697015	0.17231391678269897
0.2414916421025847	0.20689195598597654	0.10338028237010961	0.2759233071065884	0.1723128124347405
0.2414747630482501	0.20682551366462246	0.10344636724849483	0.2759432323762451	0.17231012366238724
0.24149575527993283	0.20680619118565594	0.10344582970297425	0.2759429591337575	0.17230926469767924
0.24149174372700144	0.20682108487631273	0.10343209978610435	0.27593275340301837	0.17232231820756289
0.2415080658628269	0.20686096712241797	0.10337461505313905	0.2759471746178152	0.17230917734380066
0.24148981730768224	0.20689297320012745	0.10335148196551898	0.2759450790912603	0.17232064843541073
0.241492974470162	0.20682009336127927	0.10344459761722513	0.27593272107348066	0.17230961347785267
0.24147315625454885	0.2068121642139074	0.10346740056279871	0.2759249081176619	0.1723223708510829
0.24147671881588462	0.2068002040500284	0.10346807527228337	0.2759360471940952	0.17231895466770816
0.24150440420210634	0.20681802534429228	0.1034151929597193	0.275941144123536	0.17232123337034583
0.24147075588264028	0.20682143592182625	0.10345249018463726	0.2759342436488149	0.17232107436208102
0.24150229248977745	0.20681216068601238	0.10342546418385412	0.2759408239977383	0.17231925864261752
0.24147440142185853	0.20687183907029985	0.10341119464110639	0.27593056376499886	0.17231200110173614
0.24149023953383833	0.20685741848391279	0.10339280465667204	0.2759380664925602	0.17232147083301638
0.24149436482977873	0.20688190086945904	0.10337402674504254	0.27593673699631066	0.17231297055940878
0.2414959635161532	0.20681237273558487	0.1034318818216234	0.27594683440663276	0.1723129475200055
0.24150418702633297	0.20680356667946836	0.10344879715271173	0.27593467254773274	0.1723087765937539
0.2414827927252277	0.20683771582715996	0.10343265466260833	0.27593711449017555	0.1723097222948282
0.24150252614437	0.20681404034600961	0.10343363439977452	0.2759298526477332	0.17231994646211246
0.24146880818790803	0.20680626776224578	0.10347608872123269	0.27594058635241037	0.1723082489762029
0.2414709694618384	0.20688292028987273	0.10339860224885572	0.27593266316731546	0.1723148448321174
0.24149488081130166	0.20681935657128944	0.10344189967965298	0.2759311589665018	0.1723127039712539
0.24146843377249966	0.20683983764300504	0.10343108522275413	0.2759465932488475	0.17231405011289339
0.2415075681022784	0.20684389371275116	0.10338990993789648	0.2759461469819227	0.17231248126515097
0.24150039699745957	0.20681765854627313	0.10344122678541823	0.2759259147505303	0.17231480292031853
0.24147851215880967	0.2068416769929423	0.10343302528455013	0.2759333372409605	0.17231344832273712
0.24150927843323472	0.20686221885147174	0.10338013336549648	0.2759326055454174	0.17231576380437943
0.241494785716322	0.2068907967074266	0.10337226022562847	0.275930270359344	0.17231188699127872
0.24149539224574507	0.20689148296691007	0.10337259896547923	0.2759232432786464	0.17231728254321899
0.24148177017107636	0.206805565822137	0.10346238114790275	0.2759377972160615	0.1723124856428222
0.24148183233879258	0.20682490022250558	0.10343223944892609	0.2759386801643493	0.17232234782542616
0.2414749921038466	0.2068699298197129	0.10341168356619226	0.27592995578146384	0.17231343872878416
0.24150655705842916	0.20680509937532532	0.10344083453218386	0.2759321042921037	0.17231540474195772
0.24147478233205483	0.20681417248995843	0.10345836596804622	0.2759322026311849	0.17232047657875538
0.24148613362745708	0.20681121483805368	0.10345516553692889	0.27592942273062954	0.17231806326693055
0.2414884574511315	0.20682587357976479	0.10342822585462552	0.27594676146131236	0.17231068165316557
0.2414910667255289	0.20683674173782915	0.10342199599428421	0.27593009001916236	0.1723201055231951
0.24148978463124238	0.20681323216957986	0.10345392752635821	0.2759325874380983	0.17231046823472101
0.24148344049073062	0.20685110923603206	0.10340837536887963	0.27594144905736795	0.17231562584698948
0.24150224910104878	0.20682945747746928	0.10340945236193032	0.27594192545813456	0.17231691560141682
0.2414971216186683	0.2068079462871849	0.1034364706639574	0.2759434400553409	0.17231502137484825
0.24146827601361978	0.20682490058737907	0.10345593927209197	0.27594076296218567	0.17231012116472325
0.2414917033949818	0.2068018528777771	0.10345323286554149	0.27594307232015036	0.17231013854154897
0.24147521637150152	0.20684226376394188	0.10341650921037615	0.27594608788197283	0.17231992277220737
0.241507229344468	0.20686233761940567	0.10339331137958821	0.2759234886528545	0.17231363300368338
0.24150684197090888	0.20686613587681915	0.10336347323747047	0.2759473507586333	0.17231619815616792
0.24149102258021612	0.20683325144359502	0.10342039142248413	0.2759389469838922	0.1723163875698123
0.24150369460461588	0.2068654940792166	0.10339111758826988	0.27592360782517444	0.17231608590272296
0.2415018040762814	0.20680594466103747	0.10344209650715386	0.2759272732392	0.17232288151632702
0.2414889004142128	0.20680544962209088	0.10344669070532288	0.27594096514859767	0.1723179941097755
0.24150574703063238	0.20684860042132827	0.10338649551763697	0.27593726339086583	0.1723218936395363
0.24147636467647132	0.2068583797901618	0.1034222040602934	0.275923864973916	0.17231918649915723
0.2414833804239046	0.20684486448501654	0.10341557492651703	0.27593717824451525	0.1723190019200463
0.24150331751925805	0.20683233516652139	0.10340605256284682	0.27593598492406635	0.17232230982730717
0.2415049348354954	0.20687265654451398	0.1033758580139653	0.2759244735815576	0.1723220770244675
0.24149994394405228	0.20685926533399152	0.10338307358774444	0.27594544449053765	0.17231227264367385
0.24147505200937294	0.2068299735712678	0.10343277306810378	0.27594520703762637	0.17231699431362885
0.24147774745286843	0.20683571160207165	0.10344055564601155	0.2759375911611662	0.17230839413788196
0.24148441481347765	0.2068428406650986	0.10343381179167331	0.2759270657438865	0.1723118669858637
0.24150313252572309	0.2068440463872475	0.1033983121655851	0.27593995558816153	0.17231455333328255
0.2414788544242287	0.20684091906707694	0.10341479422606929	0.27594275536465374	0.1723226769179711
0.24148285456126523	0.20688931199080335	0.10337622170285102	0.2759367887386954	0.17231482300638473
0.24150123571285137	0.20686567459997413	0.10338291084954068	0.2759361543354246	0.17231402450220898
0.2414897689169257	0.20684097647282373	0.10342324626498589	0.2759369280921547	0.1723090802531097
0.24149282954725335	0.2068923542489489	0.10337310679405433	0.27592869775486445	0.17231301165487878
0.24147121703544333	0.20681404734720865	0.10345652786767608	0.27594486024590825	0.1723133475037634
0.24148192651877304	0.20682094877921714	0.10344746264155176	0.2759283294944818	0.17232133256597595
0.2414957540650562	0.20686653319123055	0.10339005866787095	0.27592482843255706	0.17232282564328505
0.24148999612746203	0.2068652123711346	0.10339289891638474	0.275933573539065	0.17231831904595335
0.24147927533750851	0.20682633360766717	0.10344669281474761	0.2759306323018736	0.17231706593820284
0.24149505964785736	0.20683554613598593	0.10341667167187492	0.27593642504115	0.17231629750313154
0.24150341747821932	0.20685671086641086	0.10339112612588519	0.2759288362932885	0.17231990923619586
0.24148428658910104	0.2068588996447606	0.10342197851331184	0.27592472647589417	0.17231010877693206
0.24150542397177027	0.2068063474695153	0.10345043247198138	0.2759288628154731	0.17230893327125973
0.2414836274566452	0.2068618011639751	0.1033994923926649	0.2759402509806441	0.17231482800607043
0.24147875961224452	0.2068586282094514	0.10340049519214886	0.27594645740184953	0.1723156595843055
0.24149700621262357	0.20689286009362984	0.10335582708273648	0.2759382523523711	0.17231605425863877
0.24147119813389462	0.20687710417822902	0.10339686885738318	0.27593824302456493	0.17231658580592807
0.24148807907819853	0.20688247392035997	0.10337459549096967	0.2759439671806616	0.17231088432981004
0.24147610146238885	0.20688861130010058	0.10338733773928803	0.2759363424999301	0.17231160699829218
0.24149373621620576	0.2068636828937794	0.1034061369248073	0.27592429172532357	0.17231215223988375
0.24147658027983535	0.20685909036084876	0.10340982498815678	0.27594182151964564	0.17231268285151322
0.2415025808962139	0.2068415111488401	0.10341132939984318	0.275936481198209	0.1723080973568935
0.24149958237884467	0.2068150772636985	0.10343025358799396	0.2759394623695258	0.17231562439993675
0.24149555248578375	0.20683080798313327	0.10342470530164043	0.27593740810499345	0.17231152612444886
0.2414980863888323	0.20683119709841993	0.10341659869575386	0.27593452792769807	0.17231958988929552
0.2414986421257099	0.20682465178459883	0.10341532640901524	0.2759396067096837	0.17232177297099205
0.24147571106049326	0.20680400145743602	0.10348316024283102	0.27592675939733713	0.17231036784190235
0.24150175434096505	0.2068243079505993	0.10342584420071278	0.27592816013286425	0.1723199333748584
0.24149088920805112	0.20686630709736606	0.10339961678725443	0.2759304440316398	0.1723127428756884
0.241478843790443	0.20686485795172152	0.10339558296813195	0.2759438402000861	0.1723168750896172
0.24147974086710725	0.20684214034938003	0.10343719596047288	0.2759323246525176	0.17230859817052208
0.24149846321867274	0.2068235146302696	0.10343242966797811	0.27593159128474115	0.17231400119833812
0.24149957466242739	0.2068332080012999	0.10341927117769782	0.2759260904236168	0.17232185573495784
0.24150774442568956	0.2068236401015863	0.1034016406194173	0.27594645715429317	0.17232051769901344
0.24149781041820054	0.20684281023973172	0.10339703875851866	0.2759464699792757	0.17231587060427317
0.2414835939352431	0.2068545694925486	0.10340571726070569	0.2759390966110449	0.17231702270045748
0.2414702060647187	0.20680297410699264	0.10347743226640854	0.27593740090779356	0.1723119866540863
0.2415060697935198	0.2068270111923049	0.10342027958239648	0.27592924067302055	0.17231739875875804
0.24148810148078054	0.20680866291009253	0.10344522059793856	0.2759420904758711	0.17231592453531702
0.2414943838811854	0.2068865567876537	0.10336802694137112	0.2759379886627458	0.17231304372704373
0.24149425468197633	0.2068036257192689	0.10345290631231105	0.2759323677823291	0.17231684550411433
0.2414791045425033	0.20680033201033193	0.10345869894678437	0.27594762637646486	0.17231423812391533
0.24147509249212654	0.20687443560467414	0.10339049512661341	0.2759457683300994	0.17231420844648632
0.24148349744521014	0.20683654761190626	0.1034261986062394	0.27593500617569366	0.17231875016095027
0.2414893629277542	0.20686457942111386	0.10341189048462031	0.27592456558848083	0.1723096015780306
0.24148390072448694	0.20685724051967339	0.10340714677492915	0.2759420037768092	0.17230970820410102
0.24147942095258582	0.20685189756196798	0.10341784792418506	0.2759309528120302	0.17231988074923077
0.2415024928350623	0.20684465441350947	0.10340449465507169	0.27593494971042254	0.17231340838593381
0.24150494982540488	0.20682649615850615	0.1034043982574523	0.27594523767745316	0.17231891808118324
0.24148289772058093	0.2068704191768539	0.10339247657673228	0.2759316642142961	0.17232254231153651
0.24149676110049387	0.2068849535880445	0.10337143793962744	0.2759262384080272	0.1723206089638067
0.24150570466769716	0.2068369808092172	0.10339265651187994	0.2759469154856478	0.17231774252555762
0.24147892429491302	0.20685613192665467	0.103415767904358	0.2759330931339558	0.17231608274011825
0.24149994198177976	0.2068100316423815	0.103452801431274	0.27592661567372795	0.17231060927083652
0.2415053097016866	0.20685521083535222	0.10337367448145904	0.2759474049063379	0.17231840007516402
0.24148558890742783	0.2068807701583113	0.10339183840815126	0.27592534149235415	0.1723164610337552
0.2415040412359166	0.20688447985256075	0.10335701858658634	0.27594064387510975	0.17231381644982632
0.24149690856037143	0.20687808015120224	0.10336461450729764	0.27593868737324284	0.17232170940788563
0.2415046214299893	0.20687429409750577	0.10337300000484488	0.27593849706111595	0.17230958740654384
0.24150061938995487	0.20688002747661835	0.10335851075296063	0.2759394349677014	0.17232140741276447
0.24150853277374162	0.20680790493833914	0.10343520614369124	0.27593535887370924	0.17231299727051855
0.24148591816509757	0.20682766299766142	0.103438324413711	0.2759284274702066	0.17231966695332313
0.24147606857179543	0.20685140076380584	0.10342669931340749	0.2759307875770242	0.17231504377396673
0.24150015241763986	0.2068417401914868	0.10339653136109546	0.27594258005731653	0.1723189959724611
0.24149963457249832	0.2068003798995231	0.10346276859463517	0.2759258444489532	0.17231137248438996
0.2414930071710313	0.20688830084089324	0.10337512619514398	0.2759345666197835	0.1723089991731477
0.2414801761902675	0.20687175264541546	0.10340417951491916	0.27592881880192366	0.17231507284747397
0.24147470610827718	0.20683888874583467	0.10344325753421352	0.2759231843171836	0.1723199632944908
0.24148363749211824	0.20682650072195555	0.1034403918989824	0.2759370502391605	0.17231241964778304
0.24148284240055262	0.20681369536534627	0.10344543681375423	0.27593872528590485	0.17231930013444174
0.24147186348194366	0.20681506859490797	0.10347626187469088	0.27592803056946247	0.17230877547899479
0.24146837461580845	0.20685451549185033	0.10343025721904478	0.27593158185153643	0.1723152708217598
0.24146855142168241	0.20683042383908962	0.10345708539549571	0.2759327856327491	0.1723111537109829
0.2414923436925751	0.20680477532715166	0.1034356884596781	0.27594470529067283	0.17232248722992205
0.24148467157965686	0.20680051072098218	0.10345763878533357	0.2759470634051607	0.17231011550886646
0.24150390106203823	0.20683892666934703	0.10342246128570244	0.27592433637611635	0.17231037460679574
0.24147259116375155	0.20683271395281833	0.10345436534567581	0.27593133261081987	0.17230899692693416
0.24149160481983079	0.20687766057316656	0.103376063546893	0.2759405033219618	0.17231416773814762
0.24147117766534276	0.20684351319273897	0.10341788197126676	0.275945575868226	0.17232185130242525
0.24147543246809444	0.20680171443967188	0.10346966539120792	0.27594129444467935	0.17231189325634616
0.241475848228943	0.20685080924023663	0.1034088978440499	0.2759467887797563	0.1723176559070139
0.24147053349433792	0.20684589642393902	0.1034432796404188	0.275931672237721	0.17230861820358298
0.24147535882933271	0.20683895208753061	0.10343107231489808	0.275945334932046	0.17230928183619237
0.24148463775946793	0.20680806707635294	0.10346392370195483	0.27593448389413244	0.1723088875680916
0.2414710019388402	0.2068302917603633	0.10346107532465193	0.2759283660390248	0.17230926493711948
0.2414774907500255	0.2068591617561476	0.10341518376947945	0.2759266234153402	0.17232154030900704
0.24150761364332873	0.20689371069150356	0.10336336160842613	0.27592689590038594	0.1723084181563554
0.24150222428458323	0.20683294614121436	0.10341762363752316	0.27593857936103056	0.1723086265756484
0.24148155530105334	0.20688039212389173	0.10339081431141312	0.2759374349741297	0.17230980328951187
0.24150747215032503	0.20687749059853905	0.10335308728104686	0.27594290787993164	0.17231904209015714
0.24150876897028145	0.20684085634785748	0.10340101386250677	0.2759316641066053	0.17231769671274877
0.24149523563208516	0.20682261130111962	0.10342380718909328	0.27593571613203094	0.1723226297456708
0.2414873163258639	0.20684103321207165	0.10341478049205495	0.2759428427019247	0.1723140272680845
0.24148895114070118	0.2068476802080301	0.10340996619645436	0.27593463539509944	0.17231876705971466
0.24147986096409824	0.20689117845859814	0.1033717111519457	0.27594266787540156	0.17231458154995613
0.24149377678392503	0.20689193960568614	0.10335132386412355	0.27594604749649265	0.1723169122497724
0.24150725846440046	0.2068888568140888	0.10335445007558743	0.2759355297051814	0.1723139049407416
0.24150404993975838	0.20684077544391444	0.10340096324163298	0.27594459663817544	0.17230961473651854
0.24147786173971048	0.2068521585410582	0.1034202811790417	0.2759411551499662	0.17230854339022314
0.24150835584480246	0.2068441325478662	0.10338285767878409	0.2759459661572849	0.17231868777126208
0.24150764606123376	0.20684293716956414	0.10340568871500448	0.275925130772984	0.1723185972812134
0.24150643013126183	0.20687652610570226	0.1033596982188373	0.2759345303842433	0.17232281515995507
0.24146802173542464	0.2068477242585542	0.10343404644678258	0.2759349299165903	0.172315277642648
0.24148046739696388	0.20682907314808782	0.10342539612516882	0.2759434416837403	0.17232162164603887
0.24150239205972387	0.20680272760454127	0.10343044937234913	0.27594312082144984	0.17232131014193564
0.24149989934759425	0.2068547118002241	0.10338833293135706	0.27594568007561726	0.17231137584520706
0.24150843867577004	0.2068756308524427	0.10337004757518138	0.27593181029471264	0.17231407260189296
0.24149630523845933	0.20682084604107176	0.10343523110160324	0.27593288582573766	0.17231473179312778
0.2414809466508686	0.20680783788985765	0.10346036674806602	0.2759404049097855	0.17231044380142196
0.24148330180015778	0.20682649928782643	0.10344615235641817	0.27593199009292557	0.1723120564626718
0.24149611057416728	0.20689177434026712	0.10334945668647541	0.27594611909990674	0.1723165392991832
0.2414680367941077	0.20681248251932932	0.10346702561119579	0.2759428439417514	0.17230961113361554
0.24149228677908482	0.20685725621290124	0.10340107116697098	0.27593069594774905	0.1723186898932937
0.24147233355685174	0.20688633664766246	0.10340035139072616	0.2759321354744476	0.17230884293031176
0.24150855645581454	0.20687785566465933	0.10336279926983424	0.27592890169185164	0.17232188691784
0.24148827973936704	0.20687895808828946	0.10338294659296605	0.2759331888529127	0.17231662672646453
0.2414944636695145	0.20685452903009313	0.10338778263227659	0.27594365378303964	0.17231957088507588
0.241470816072192	0.20682606222489316	0.10346720859269781	0.275925719865903	0.17231019324431382
0.24148292764967658	0.2068248205703099	0.10343111069615193	0.2759470272949044	0.17231411378895695
0.24148332768987582	0.20686399096994376	0.10340072109682191	0.275937472544368	0.1723144876989902
0.24147050750686705	0.206847271250785	0.10342929748267964	0.2759315862965217	0.17232133746314637
0.24149784044217604	0.20687109329215175	0.10336630250365929	0.27594195956770196	0.17232280419431073
0.24146964677093746	0.20681418579610666	0.10347430002018441	0.27592333055507506	0.17231853685769616
0.24149951579625056	0.20687508312331476	0.10336600643716477	0.27594258538681493	0.17231680925645473
0.24150806531259572	0.20687953300671277	0.10335830606594945	0.27593521342845184	0.17231888218629
0.2414953235475667	0.20680081221677693	0.10344692755003275	0.27593492704195693	0.17232200964366645
0.24146843022384878	0.20685470106904297	0.10343998349868312	0.27592878002452764	0.17230810518389722
0.24148446855380515	0.20680773360094895	0.10346752686592425	0.275928672165817	0.1723115988135044
0.24150218306669713	0.20683732911787137	0.10342567418598848	0.27592319611228555	0.1723116175171572
0.2415047443076989	0.20681570335931926	0.10342427204283508	0.27593765610400167	0.17231762418614488
0.24148461921351264	0.20681437224454324	0.10346315254213573	0.2759286635707345	0.17230919242907364
0.2414858016688964	0.2068502925552644	0.10340976831723563	0.2759411252253254	0.1723130122332779
0.24147707484194675	0.20687503641948368	0.10339918593324075	0.27593195249330005	0.1723167503120285
0.24148451261234877	0.20682700792861267	0.10344841898623477	0.2759243039215712	0.17231575655123232
0.2414911822405746	0.20681664307394904	0.10343071871370133	0.27594480829940704	0.1723166476723678
0.2415036869682733	0.2068154274490888	0.10341803483889883	0.27594092385697366	0.17232192688676515
0.24148283527155628	0.20687987451569184	0.10338421846251863	0.27593086925853716	0.17232220249169586
0.2414773801034053	0.2068655223165994	0.1034015096778385	0.27594136579868433	0.1723142221034722
0.2414768785744516	0.20683657227407723	0.10343864049152898	0.2759366636960432	0.17231124496389874
0.24147546595566555	0.20685991588186387	0.10341113163660012	0.2759450494890907	0.1723084370367795
0.24147848293835558	0.20680451388165189	0.10347337116915838	0.2759237574751896	0.1723198745356443
0.24150848037716244	0.2068134571138856	0.10344188771851405	0.2759237399739788	0.17231243481645891
0.24150408476221913	0.20680507392024314	0.10345288953453571	0.2759230734306169	0.17231487835238488
0.24147610522275229	0.20689355535427048	0.10337921947316017	0.27593086483163487	0.17232025511818194
0.2414806796361966	0.20688444318208155	0.10338423757205834	0.27593570338448625	0.17231493622517702
0.24147167031653827	0.20681160319736272	0.10345771296343387	0.2759423583079026	0.1723166552147623
0.24148271349243655	0.20681840449210045	0.10345356965115186	0.2759336008792672	0.1723117114850436
0.24147341815415319	0.2068313365037346	0.10346025234058136	0.27592608689099274	0.17230890611053792
0.24148263351255828	0.2068397985567749	0.10341260280139035	0.27594697365241544	0.17231799147686083
0.24149252997135176	0.2068084697347653	0.103457803187117	0.2759300551859315	0.17231114192083424
0.24147021874239621	0.20680554690511704	0.10346799969302864	0.2759453840869076	0.1723108505725502
0.2414818590626764	0.20681293534866838	0.10345746404391724	0.2759273974878266	0.17232034405691113
0.24147974422230675	0.2068420378239858	0.10343553835959701	0.27592311347994775	0.17231956611416244
0.2414680268217053	0.20682542975052484	0.10345748043663751	0.2759266509634526	0.1723224120276795
0.2414925757582364	0.2068558675665602	0.1033904548963774	0.27594163835882246	0.17231946342000332
0.24146992614536544	0.20680329721122526	0.10348374712998187	0.27593295718994804	0.17231007232347914
0.24147341705490655	0.20686779951150433	0.10340011727365196	0.2759467384481399	0.17231192771179707
0.2414804347970278	0.2068264874837335	0.10342598160570539	0.2759451132457704	0.17232198286776262
0.24147660005850433	0.20687170346398293	0.10340877309668993	0.27592647120184066	0.17231645217898192
0.24148126412422943	0.2068373533238816	0.10342427834112387	0.27594346339752673	0.1723136408132381
0.24148679648745802	0.20682429018852702	0.10342707383104041	0.2759408034171197	0.17232103607585464
0.2414785321528854	0.20685849574624907	0.10340809262321324	0.2759379334321769	0.17231694604547515
0.24150601029170454	0.2068272866235978	0.10341787252912586	0.2759351537368197	0.17231367681875184
0.2415107717683882	0.2068851896296592	0.10335824550645256	0.2759298649708343	0.17231592812466548
0.24146810404218538	0.20686182703537198	0.10342292135029886	0.275928810373244	0.17231833719889947
0.24147827003400257	0.20688475554300056	0.10337391136809207	0.27594010815072856	0.172322954904176
0.2414860588255265	0.20686636063226152	0.10339370031616753	0.27594247276442174	0.1723114074616224
0.24147967916980548	0.20684326684896964	0.10343224957205312	0.2759266784838683	0.1723181259253032
0.24148555540726788	0.20681533374315098	0.10344088181972368	0.27593668040879626	0.172321548621061
0.2414967742700792	0.2068661650937614	0.10338767186934177	0.275933415635838	0.17231597313097935
0.2414769938814452	0.2068885952562145	0.10339087875840236	0.2759339387847869	0.17230959331915077
0.24150401534301413	0.20686641413194864	0.10337633515341482	0.27593189518712047	0.17232134018450168
0.2414727561558875	0.20683139020420066	0.10343871397627259	0.27594002886049873	0.17231711080314027
0.2414693841882936	0.20688272898102314	0.10339701904686457	0.2759360446212805	0.17231482316253793
0.24150612219853404	0.20687296390571477	0.1033770060161882	0.27593021735298195	0.17231369052658077
0.24150923710779537	0.20686693880754395	0.10337907843345034	0.2759241872233447	0.17232055842786537
0.24147072196907074	0.20687616434069553	0.10341024038592096	0.2759300954416475	0.17231277786266505
0.24149078219141878	0.20683912980626898	0.103406970530764	0.27594755684878736	0.17231556062276063
0.24146931597348528	0.20684167225044628	0.10342645896708534	0.2759399197473272	0.17232263306165568
0.2414957809192326	0.20684218145327649	0.10340633878582989	0.27594432819815173	0.17231137064350904
0.24149633690194222	0.20685869865834375	0.10338299187809406	0.2759452118645566	0.17231676069706314
0.24147642417110798	0.20685444253699223	0.10341497372899436	0.27594434780885724	0.17230981175404794
0.24150895237860384	0.2068456455409194	0.10339795567264115	0.2759254437409262	0.17232200266690917
0.24149972341405662	0.20685266190736185	0.1033933528733841	0.27594023927245426	0.17231402253274292
0.24150764988875956	0.206812672805419	0.10342449319612707	0.2759416620319678	0.17231352207772638
0.24146848879208543	0.20685959034933868	0.10340941850166165	0.2759440642568721	0.17231843810004185
0.24148606295169145	0.2068355227923112	0.10344115082983811	0.27592782423750206	0.17230943918865696
0.24150347141730752	0.2068172817314813	0.10341864087408939	0.2759474141416784	0.17231319183544314
0.24149525945747236	0.20682743930869688	0.10343102308226067	0.2759240229022623	0.17232225524930753
0.24147088989580723	0.20684545235795743	0.10343513245622506	0.27593896429855863	0.17230956099145145
0.24148159927759685	0.20685024818384098	0.10340939935313335	0.27594009314213364	0.1723186600432949
0.24147147343291647	0.2068818984247102	0.10338691652078626	0.27593781751272	0.1723218941088668
0.2415021163426789	0.2068857586921262	0.10336133672120561	0.2759302270620638	0.1723205611819252
0.2414844834586522	0.20688985217487169	0.10337279276298078	0.27593178969910626	0.17232108190438886
0.24147836874474554	0.20687645274346916	0.10339817475974927	0.2759289352145107	0.17231806853752515
0.24149171349241166	0.2068427448205556	0.10340901831433065	0.2759478765178546	0.1723086468548473
0.24147601064381397	0.20688810991254158	0.10338982732580597	0.2759235054444107	0.17232254667342756
0.24148557472723442	0.2068579879520271	0.10341012746859954	0.2759301245800119	0.1723161852721268
0.24148184245080853	0.2068885880139894	0.10337455516088782	0.2759407787371999	0.1723142356371141
0.24150522777848496	0.20687309206493973	0.1033791156353569	0.2759233987388806	0.1723191657823375
0.2414724339543306	0.20689296820916103	0.10338374115958085	0.27592974163977224	0.17232111503715503
0.2415038260419139	0.20684436582405255	0.1034077314550421	0.27592485536624545	0.17231922131274574
0.2414977745341398	0.2068112537601709	0.10342642799991135	0.27594683248648616	0.17231771121929162
0.24149763190870632	0.20684832776618087	0.10340441876377023	0.27593953174902497	0.17231008981231732
0.2414822441978483	0.2068813676812634	0.10337183025244721	0.2759449076857504	0.1723196501826904
0.2415030869102761	0.20686716136993447	0.10337422121007703	0.2759372240090817	0.1723183065006304
0.2414914070509783	0.20681649869470697	0.10345557595402793	0.2759271330950605	0.172309385205226
0.24148018185701264	0.20680284301093893	0.10346981004324053	0.2759292405003939	0.17231792458841366
0.24149284178473193	0.206829784100773	0.10342583857411791	0.2759312217466758	0.1723203137937011
0.24148824513095904	0.20683594133905422	0.1034411812906868	0.27592343057259944	0.17231120166670028
0.24148736110871993	0.2068487266171293	0.10342289423007676	0.27592494250063376	0.17231607554344
0.24149760862375252	0.20686075791033426	0.10338523413763531	0.27594719410318086	0.1723092052250968
0.24148128996344065	0.20684120871737402	0.10342772034264419	0.2759326275612129	0.172317153415328
0.24148301834476965	0.20688407187276425	0.10338808904398436	0.275927413359743	0.17231740737873844
0.24147540529481537	0.20681401619856396	0.10345787245435713	0.2759331120350591	0.17231959401720418
0.24150222396031015	0.20684864800996655	0.10340681271321307	0.27593277347537515	0.17230954184113487
0.24149960256626146	0.2068172322703869	0.10341371671834945	0.275947684999855	0.17232176344514694
0.24149368602393573	0.20685655713573525	0.10340390290205569	0.27593125401070806	0.172314599927565
0.24150968745823817	0.20686230389294694	0.10338011372920548	0.27593524671637826	0.1723126482032309
0.24149277976083774	0.20686850439067148	0.1033752343655612	0.27594302276958227	0.17232045871334709
0.24149410228073476	0.20680747101020058	0.10344285805683515	0.2759377452816063	0.17231782337062296
0.2414782043136282	0.20680791567253504	0.10346278483488008	0.27592870204937103	0.17232239312958542
0.24149845882425514	0.20684502099553614	0.10340454023776327	0.27593365786650814	0.17231832207593709
0.24149454535615428	0.20680671158229957	0.1034504109138105	0.27593764485739186	0.17231068729034357
0.24150950974523339	0.20683647025567511	0.10341736690474186	0.27592301131185437	0.17231364178249506
0.2414931619195302	0.20686985319069157	0.1033845413724295	0.27593166730939467	0.17232077620795377
0.24147789156535363	0.20680978408549192	0.1034651002569292	0.27592851018226267	0.17231871390996237
0.24149317276312074	0.20686984631388636	0.1033798775610157	0.2759382420032556	0.17231886135872132
0.24147872256707612	0.20686597167473436	0.10339924462300432	0.2759417847329202	0.17231427640226477
0.241480470882739	0.20683917887933503	0.10342156816069668	0.2759403132750211	0.17231846880220794
0.24150063566002444	0.20686202203368947	0.10339421526012556	0.2759277641354377	0.1723153629107226
0.2414923439896041	0.20685330402870034	0.10339803936632694	0.2759476483954049	0.17230866421996346
0.24151012400903743	0.2068711136262976	0.10337738595208437	0.27592911152473326	0.17231226488784704
0.24147571957047959	0.20686623988696937	0.10342152943922796	0.27592621754622637	0.17231029355709646
0.24149407766445471	0.20684287298533302	0.10341957856883265	0.2759249110034594	0.17231855977792002
0.24148796586566568	0.2068353155326264	0.10341391549431479	0.2759407158832343	0.17232208722415854
0.2414859193950621	0.20681618178768285	0.10346119311130642	0.27592839010459697	0.17230831560135143
0.24147232734115825	0.20681156973519665	0.10345985153874118	0.2759479563900789	0.17230829499482475
0.24148448768846406	0.20682301266222758	0.10344832536650436	0.2759305156035307	0.17231365867927304
0.24147035405616457	0.2068381045045738	0.10344171193944068	0.27593612519701877	0.1723137043028019
0.24149834469081477	0.20683812686803002	0.10340483541768772	0.2759399553107501	0.1723187377127172
0.2414872576651183	0.20686121351638267	0.10339414484461823	0.27594008289453636	0.17231730107934418
0.24149249807054196	0.20689006339055474	0.10336706487398192	0.2759401371681959	0.17231023649672522
0.24149640234613917	0.2068892422108202	0.10335397164625755	0.2759433100644097	0.1723170737323731
0.24149223184135626	0.20686403334035866	0.10340124783132705	0.27592564527257235	0.17231684171438538
0.24149862367698643	0.2068891035600699	0.10337342340388467	0.27592937730126066	0.17230947205779812
0.24148549612575337	0.20686180741283985	0.10338744537112186	0.27594284594797	0.17232240514231467
0.24149427090981246	0.20688133625899427	0.10338113045707335	0.2759282476211043	0.17231501475301536
0.2415018166428043	0.2068597832579918	0.10339649482293894	0.2759246957275593	0.17231720954870544
0.24147249520478153	0.20685750282982096	0.10340693411641758	0.27594384043516657	0.17231922741381314
0.24151036226424222	0.2068808046480245	0.10335752237272725	0.27592981191227217	0.17232149880273356
0.2414687201044329	0.20688612455070896	0.10340508791852894	0.27593047338458476	0.1723095940417442
0.24147888554738353	0.20689325240526335	0.10336858193504876	0.27594417104359287	0.17231510906871125
0.24147609029151218	0.20687410150382216	0.10340033587692372	0.27592727942005035	0.17232219290769132
0.24147669384129464	0.2068073538674938	0.10346624255361378	0.2759376766713641	0.17231203306623344
0.2414681589905452	0.20682530891540143	0.10346904054982206	0.27592890035876333	0.17230859118546776
0.2414868548643858	0.20680762522046914	0.10345760170383908	0.27593862458709617	0.17230929362420952
0.24148227471502387	0.20682466774498473	0.10346015090305063	0.2759241094530519	0.1723087971838886
0.2415099403780543	0.20687365276316524	0.10337484278022668	0.27592791105921605	0.1723136530193375
0.24149285420856897	0.20685230814949956	0.10340954890701022	0.27592568131845524	0.17231960741646576
0.24149745681228535	0.2068239652221179	0.10341968457176814	0.275937501563863	0.17232139182996536
0.2414965198407643	0.20685067979121236	0.10339673787437935	0.2759431156765819	0.17231294681706183
0.2414883044490811	0.2068022801420828	0.10345439419470571	0.2759423794246867	0.17231264178944347
0.2414776421429027	0.20685821113236272	0.10343108994956661	0.2759233768742185	0.17230967990094925
0.24148752687612554	0.20683848173366845	0.10343222919703847	0.27592576899806787	0.17231599319509944
0.24148964275541399	0.2068405432562982	0.10342837811548947	0.2759239089947667	0.17231752687803137
0.24150721567734598	0.20682003729284887	0.10340934873031196	0.27594217103428764	0.17232122726520532
0.24148847324234024	0.20684141024261812	0.10341957888142564	0.2759318586917909	0.1723186789418249
0.2414826336800418	0.20684240556150127	0.10341898320169726	0.2759348971285843	0.1723210804281751
0.2415012185100787	0.2068538008766405	0.10339847754686812	0.2759240051184009	0.17232249794801158
0.24149491907834988	0.20684812771752129	0.10340370148841552	0.27593040156815113	0.17232285014756193
0.24147331629966515	0.20682364881542492	0.10346076169757104	0.2759339248021514	0.17230834838518727
0.24148434745941483	0.2068061970355231	0.10345784696567974	0.27593217759110056	0.1723194309482815
0.24147500791497495	0.20680847161334176	0.10346257890340253	0.2759392345578624	0.17231470701041812
0.24151038886231987	0.206818024842921	0.10341727443774475	0.27593326999602197	0.1723210418609922
0.24150539166193952	0.2068701710057505	0.10336626933689734	0.2759369269699138	0.17232124102549862
0.2414956152808948	0.20687892110831296	0.10337711452344271	0.2759269779369046	0.17232137115044466
0.24148632341564413	0.20689104867408104	0.10336488273809527	0.2759437894772332	0.17231395569494617
0.24146876494134706	0.20686574673505886	0.10340545323848106	0.2759394939143845	0.1723205411707283
0.24150935694813136	0.2068174317168721	0.10343744101033263	0.2759233046218805	0.17231246570278316
0.24149053829032052	0.20680120664730597	0.10346434011437183	0.27593127356021774	0.17231264138778365
0.24150414166618545	0.2068510341974469	0.10339840476960577	0.2759319534258039	0.17231446594095778
0.2415017603748296	0.20685881884542368	0.10337282873913463	0.275945720114096	0.17232087192651582
0.2414864357538148	0.20684804380076321	0.1034126093190331	0.27593633171316606	0.1723165794132226
0.24147983402077977	0.2068651799812344	0.1033873545485814	0.27594644767727877	0.1723211837721254
0.24149511061939272	0.20687025850284319	0.10338595306778639	0.2759282048937056	0.1723204729162719
0.241470822696174	0.2068076405803377	0.1034739805046566	0.2759323638301966	0.17231519238863482
0.24147185264826138	0.20680495673232158	0.10346424525124277	0.2759426340194497	0.17231631134872433
0.24146979248158354	0.20686875453207124	0.10340854254174765	0.27593381230499675	0.1723190981396006
0.2415074243242608	0.20685302123419902	0.10339527907217369	0.2759267760724892	0.17231749929687704
0.2414993964298807	0.20687448309970066	0.10338566699321211	0.2759245860274191	0.17231586744978722
0.24147239219786498	0.20685505554975891	0.10342403688754877	0.27593848202535165	0.1723100333394754
0.24149069628487274	0.20688019325598087	0.10337300691728313	0.27594346201263087	0.17231264152923215
0.24147961479533142	0.20689036713372205	0.10338196778237474	0.2759319083579962	0.17231614193057535
0.2414813697734228	0.206854204853281	0.10342213755056649	0.2759245489578697	0.17231773886485974
0.2414681365563885	0.2068336580258932	0.1034581816001243	0.27593141550874534	0.17230860830884845
0.24149925357497343	0.20683791529176387	0.10341559468123068	0.2759389626705326	0.1723082737814992
0.2414858094162154	0.2068747127432076	0.10339826621333092	0.275928416806724	0.17231279482052192
0.24148837271751328	0.20681127532267232	0.10345215126254888	0.2759326943464172	0.17231550635084808
0.2415081080367557	0.2068105355304619	0.10342409639661948	0.2759444113473881	0.17231284868877456
0.24149279349335745	0.2068441189559985	0.10341407966580973	0.2759334227359208	0.17231558514891332
0.2414896430593934	0.20685076219798493	0.10340441261978996	0.2759410890917082	0.17231409303112322
0.24150485123218285	0.2068095594382149	0.10344389450985061	0.27593336914816846	0.17230832567158294
0.24147818551870023	0.20681721566885758	0.10345874349465645	0.27593696795834743	0.17230888735943806
0.24149318579378073	0.20680338553618427	0.10343459718381007	0.275947688591765	0.17232114289445968
0.24148432454226296	0.20687992378745157	0.10338146209278712	0.27593993852243043	0.1723143510550677
0.2414990831007045	0.2068632745852143	0.10337723729151344	0.27594143255386083	0.1723189724687067
0.24150159587747283	0.20683126333091906	0.10341805124969325	0.2759291520534008	0.17231993748851385
0.24150617087638482	0.2068765056417451	0.10336193545115072	0.27594007711730706	0.17231531091341207
0.24149187744962752	0.20686080598264117	0.1033880803795305	0.2759443141887454	0.17231492199945517
0.24147893676387328	0.20681131501677508	0.10346505060227058	0.27593182952064543	0.17231286809643542
0.2414802245252642	0.20687023555493772	0.10339745087167611	0.27593355813360065	0.1723185309145211
0.2414798560726537	0.20682717619448984	0.10344327266908261	0.27592998192754825	0.17231971313622535
0.24149156912186553	0.20680626580745423	0.10344703029949431	0.2759340309562447	0.172321103814941
0.24147067771189462	0.20681654696020788	0.10346888798672084	0.2759239570508685	0.17231993029030795
0.24151075206626776	0.20686455265276354	0.10337306155302846	0.27592920539665733	0.17232242833128264
0.2414879930625858	0.20689106575644564	0.10337494375227169	0.27592902593556	0.17231697149313663
0.24148729725285165	0.20687111315973383	0.10337722497022658	0.275946725149712	0.17231763946747566
0.24147863246057494	0.20685248165217857	0.10341854169454354	0.2759422387887579	0.1723081054039448
0.24147149912879767	0.20684312389920947	0.10341857836544868	0.2759464388724431	0.17232035973410087
0.24147442733044916	0.20681258512119122	0.10347052748579884	0.27593087180205356	0.17231158826050696
0.24146817524855874	0.20686786877312466	0.10340873244793668	0.27594703917965235	0.1723081843507273
0.2414753857863825	0.2068722800150309	0.10339646239509795	0.27593572807684463	0.17232014372664373
0.24148052776237205	0.2068208403840822	0.10344243732463139	0.2759464456333887	0.17230974889552536
0.24150870840203267	0.20682924107349906	0.10341758590354685	0.2759244642865149	0.17232000033440628
0.2414923129996676	0.2068758953145361	0.10336762581703153	0.2759432803703375	0.17232088549842703
0.24150441032231995	0.20688864091261272	0.10334914115935988	0.275936937609122	0.1723208699965852
0.24150627405912117	0.2068820681143335	0.10335642719314488	0.2759431929241911	0.17231203770920908
0.24147096358825748	0.20687008414433955	0.10340231424674148	0.2759364679358378	0.17232017008482342
0.2415036558418751	0.20681632863127936	0.10342944962891198	0.275940943235792	0.1723096226621413
0.24147419458754796	0.20684191462488266	0.10343326062435115	0.27593839714056323	0.17231223302265478
0.24147540236236384	0.2068474232607555	0.10342984419026766	0.27592715276198576	0.17232017742462702
0.2414977667937592	0.20686766152772212	0.10337643880452879	0.27594733438693175	0.17231079848705788
0.24149114781855158	0.20687380579476392	0.10339106956646557	0.2759265236138337	0.172317453206385
0.24148510907789839	0.20685686402799386	0.10341871180431968	0.27592749925623306	0.1723118158335548
0.24150585686654746	0.20685642514312405	0.10339756557558698	0.2759312228467767	0.17230892956796456
0.24146840903303057	0.20681715171448625	0.1034742017801393	0.2759246772343822	0.17231556023796143
0.2414745532232032	0.20681973945607565	0.10346982291981809	0.27592701465422975	0.17230886974667303
0.24150037867334026	0.20681237467415853	0.10343824795004701	0.2759296248301369	0.17231937387231708
0.24148676262260638	0.20681737374405978	0.10345579819177904	0.2759268803329925	0.17231318510856206
0.2414861111804831	0.20682097371327154	0.103441853329138	0.2759330943355092	0.17231796744159789
0.24149978073601452	0.20681959825687152	0.10341612458867899	0.27594371791766814	0.1723207785007666
