0.019912030179045623	0.041709469484196064	0.10198106273287802	0.16664330208628975	0.08236970037947511	0.18427459887915315	0.11459900943310813	0.07628793567500221	0.019336512496039904	0.1928863786548121
0.03160430265222071	0.2228897156677795	0.11814064751900427	0.22369989426339593	0.07008304489190706	0.04622465329786865	0.10006877895823209	0.05453929205536811	0.014218815826745154	0.11853085486747864
0.04087480662229768	0.04567640318390501	0.09195720605851494	0.10463134436840944	0.09731058916522026	0.31064285680666415	0.11366802422277268	0.0602796152210598	0.01582132941700934	0.11913782493414671
0.040266019763045766	0.03943404911532128	0.23005443689740301	0.20411454834805587	0.05950392054222722	0.01076979814222423	0.0870422606109982	0.09124600116359634	0.03204364409892631	0.20552532131820178
0.016242598852737197	0.12003473877021129	0.11275043469380117	0.1419705217586053	0.10226834437071775	0.11622965631649335	0.11672641607870074	0.05479409536474496	0.024532524144461304	0.194450669649527
0.01748084333121587	0.21494713073378377	0.014890946869219962	0.16203208338154015	0.06711949137594724	0.10926032124578629	0.10368998935900324	0.0878800000475727	0.03963947408362362	0.18305971957230716
0.022589790200649426	0.1919675945898915	0.21751504566866542	0.10700273778921507	0.06817039156797965	0.05128031949418233	0.07914060205321669	0.06143629800948162	0.01785302045828402	0.18304420016843428
0.014819861299930626	0.1017571382951463	0.06357739778476501	0.18002002395722733	0.05640636696547302	0.2064129556978597	0.12738762778851986	0.07043347386936225	0.020977465430298187	0.15820768891141773
0.023178335472451614	0.1538390734524398	0.200193023824674	0.11512724490661962	0.06441706620802906	0.054563988769845584	0.07940841479254987	0.07941475678654177	0.03237603762255353	0.19748205816429526
0.023376812736261923	0.02679459979938227	0.21193336188725942	0.10681144590526896	0.05900510384097858	0.13903932008554565	0.08940725884893153	0.06568232204914515	0.059334935621096124	0.2186148392261304
0.018143109150728073	0.1002782416549648	0.08359495771291389	0.12825722614486668	0.10853562946714668	0.2482328043221435	0.06760462814576002	0.049482506761835354	0.04025256681838715	0.1556183298212539
0.014047610692779502	0.05380113118970785	0.1275605509726137	0.2219710967854631	0.0783005765948099	0.12285677691266171	0.07134163861495214	0.07304632249316041	0.01654132579709898	0.22053296994675273
0.0416360885727653	0.11217648723379514	0.047782728365251305	0.17493143374992048	0.07538495014036464	0.1523949460922323	0.13738637673132154	0.07433193515732761	0.050297747548307736	0.13367730640871395
0.015545127884169438	0.16683729745956588	0.08969888712796958	0.16624572749101363	0.05058425264738884	0.06401791848572555	0.1400035906949834	0.06923789739154092	0.039294847395799276	0.19853445342184356
0.017456206710807234	0.18344280735469554	0.039328255868691805	0.1940428311106676	0.06716420303315668	0.07966263495065477	0.13230192796039103	0.07762221959152747	0.04762889867886046	0.16135001474054744
0.02365597944454781	0.0889284651274713	0.04812877158002335	0.14451918364244992	0.08159064333272037	0.1910298235378054	0.06727075009074833	0.06530697408955288	0.028352935185669087	0.26121647396901154
0.03451598138432237	0.014269476938066086	0.06321014759817284	0.14639453207973427	0.095161989855064	0.2533023039225622	0.0807254322090589	0.07986270418654214	0.027972906714345866	0.20458452511213138
0.032285616099432465	0.10882848741349352	0.12669676875991925	0.14361629616417904	0.05333949622159401	0.17753830398748827	0.07646171760937423	0.0775668577355072	0.03096040284497767	0.17270605316403442
0.01792636440548466	0.05711215705778306	0.1614912804097786	0.12795576903907235	0.10578577762247116	0.0861516907828582	0.11973643775727964	0.08268958190760292	0.051598642348199115	0.18955229866947038
0.03838074629126982	0.1709936990912572	0.18385337308326996	0.11078012497065552	0.06724319084305053	0.09946889884138586	0.10418004361855587	0.04763493934623129	0.046515423266607674	0.13094956064771626
0.024524645560641614	0.07588036419889153	0.06869803082653839	0.2098222721355295	0.07345507981714958	0.1691944789512753	0.10799691157095662	0.08215795005106398	0.01667450341967905	0.1715957634682745
0.02550749549701363	0.07300340201629778	0.12174856342077721	0.15278594644082025	0.0726970881094078	0.17631561638917836	0.07454516475873113	0.07071591644865068	0.03606022066773393	0.19662058625138926
0.033584569485668125	0.20998972729158627	0.08379890222019956	0.13473314446297396	0.10075891735524642	0.13060839419230635	0.08140573119524447	0.04305024202243201	0.049869809992528	0.13220056178181483
0.03488078625534757	0.1662358241131474	0.03854780621993054	0.2055490882004098	0.09299013480115334	0.10306454416907825	0.11281869828365364	0.08580620403343102	0.02267476577606456	0.13743214814778393
0.017335648761703473	0.05167249319819289	0.21706291150974	0.11652873962774375	0.05428172490282812	0.10461383415724884	0.1276862394750972	0.058493836050784315	0.05463310729186148	0.19769146502479998
0.024539063357463822	0.18337797296901812	0.032792017818358804	0.10719062257952323	0.09297172962961253	0.15770147529828643	0.09914545745310364	0.04350153812357763	0.03130465144026191	0.22747547133079388
0.025388922614794585	0.02379799925993091	0.02199547629625581	0.11818253672778005	0.09847036278822938	0.30446600718805356	0.11583700419682164	0.07500960863891512	0.05309971799291936	0.16375236429629958
0.03615513369141525	0.22469604214168878	0.027644667052013613	0.17567045021542332	0.10168621599607684	0.07724009665694703	0.11784438681784945	0.05118056949021394	0.01322468244095193	0.17465775549741977
0.02893667511202977	0.28654040476154213	0.020268976769530753	0.11632484915458172	0.09451832928012038	0.07486152456432163	0.13641915804253116	0.07452739426247891	0.02156635859957584	0.14603632945328773
0.03767770282374686	0.04268616779314934	0.15789637095800724	0.2184508849533502	0.09070573392269828	0.06630402899528684	0.07936688588533483	0.07104515742255531	0.0402314180490429	0.19563564919682824
0.0369756295693546	0.25097338517184753	0.11463265506488518	0.13473103524064173	0.06016964222949588	0.08469673043039602	0.10327793348464749	0.06106086755206434	0.025816887086854146	0.12766523416981312
0.028262741045281994	0.17465247881536197	0.07694089779042709	0.20123197416221758	0.07694350801916593	0.11637692919270468	0.11688319134779068	0.055499008763365436	0.022344100964354824	0.13086516989932975
0.03700541347913276	0.053239618667317815	0.16300429676698508	0.18622595679390547	0.0755167173428552	0.1543953485083242	0.0698640355305833	0.0827675772987119	0.017551118052461886	0.1604299175597224
0.038829087978268416	0.24306004978286566	0.07498845422782059	0.1528137028288561	0.06519652670366255	0.021884308149635587	0.12143417958279593	0.08219288578185227	0.043224656375965655	0.15637614858827725
0.03902808187781699	0.19642748445971825	0.046218636065227955	0.21833863990831703	0.07951193502240517	0.10722713267574574	0.11245294487327456	0.04613270746127348	0.014228588678398199	0.14043384897782274
0.031192204481024652	0.17396999178593348	0.05322744869504333	0.12769054366155314	0.08896261939065894	0.1595132636104595	0.1245736975699898	0.0617942130762363	0.03525609728900363	0.14381992044009723
0.02473153342173308	0.26295581397950407	0.0624451264391203	0.1404190108167655	0.10715534413571026	0.011147253550462644	0.14141176239558556	0.08539533043139778	0.03169794618049558	0.1326408786492252
0.03516848824130317	0.18020099249547486	0.06286377242834282	0.1765027155575754	0.10205056248565135	0.06988215517129179	0.13703819436464754	0.051966250612487885	0.046805915262700726	0.13752095338052447
0.023766822484242875	0.09694304972791074	0.046533353026056	0.12358166202166893	0.06668786527241596	0.15445115164585316	0.11921171755204656	0.07461972668806333	0.050923677946695306	0.2432809736350472
0.030859950875617922	0.08538136015554579	0.24574694000133918	0.10942166548484714	0.10766964618829919	0.07855635406808577	0.08060001882672943	0.054702333464208414	0.0542258077533762	0.15283592318195094
0.03945360336825926	0.04545412504161637	0.2991162116704312	0.21482114004250644	0.08889421300107918	0.02172324152592027	0.06529049014852294	0.053512885052947816	0.04376460676241955	0.127969483386297
0.02148873597059074	0.11480247721458846	0.25897841147491263	0.1803041294787178	0.057404854994791164	0.015575413446988581	0.08224098493286051	0.06071732450009857	0.038459656220417554	0.170028011766034
0.03371041423046263	0.14132516635174816	0.01536620488350289	0.19718193774813741	0.07219131530643202	0.1593134738768789	0.1320316083969341	0.06410552810485022	0.026810872950725123	0.15796347815032857
0.03777512176427704	0.11484380810842391	0.19635965127382204	0.1311421103020447	0.07131565942435819	0.1154386234482672	0.10302865019265861	0.07547745012114415	0.04321044550998302	0.11140847985502111
0.020641537236873883	0.07657997112188022	0.06731445967730014	0.15003460643646013	0.05716606724383015	0.25301407195720627	0.10539735504595447	0.053023846186105505	0.03481294317158144	0.18201514192280782
0.018612847981044164	0.20884368846369386	0.13455450903806754	0.15657485212697222	0.0669393320401302	0.01650431203422882	0.1330070815333146	0.0767531525594983	0.03131031789559663	0.1568999063274537
0.0304684180802081	0.02611739238958212	0.09252982018997213	0.20589558493452836	0.10698956843822383	0.13275466728430313	0.0730419458409996	0.06891767216464201	0.03091936409455999	0.2323655665829808
0.03454026842271794	0.015147107798842485	0.29960059782892184	0.1318534357465564	0.10624777646007362	0.035075137178093324	0.08586264498457409	0.05943106071391735	0.04787875304075486	0.1843632178255481
0.0393916520068058	0.0352519548339781	0.13418723971192764	0.13293766495185977	0.10644310001888493	0.1544926013912141	0.07581884276884775	0.0557317320350606	0.01826131830000445	0.2474838939814169
0.014433831718610915	0.10927576476325904	0.17208195033285967	0.20505193906676358	0.09116247229267503	0.04450666746709946	0.12683270346077113	0.07521400574936929	0.038148920311185636	0.12329174483740626
0.03173947674944848	0.13795080841067686	0.0720245047613994	0.12209607602800474	0.05940976873640215	0.08107444031332668	0.13670229548503238	0.08255377717058199	0.040849852731878744	0.23559899961324865
0.03729760745409537	0.17360678111462952	0.06881571475928777	0.16279783443538487	0.055794914109183504	0.13720271573827303	0.09563598652377775	0.06094796676734696	0.048523810101557936	0.15937666899646336
0.041448964464988414	0.16552178115020375	0.10054038330927495	0.17118915230867124	0.10377156219538619	0.07564519674205235	0.07091711354716222	0.08703780226270795	0.03522341445523304	0.1487046295643199
0.01824500203137988	0.09609951443805562	0.22810029416204902	0.16035296457446502	0.057579156579552676	0.09726296755293781	0.06816533334633033	0.08212620790434881	0.05928583037457413	0.13278272903630672
0.028550684692992143	0.08572270675432567	0.28298619180643336	0.17958431334932143	0.060174760279378944	0.02984846685570211	0.10429331073995264	0.07522659086273187	0.013629168871948219	0.13998380578721362
0.01821135932776209	0.06800439188411028	0.1351133697895991	0.1815588350744484	0.06146135574945197	0.05671508859444106	0.11085293734189904	0.055112638363823095	0.05583465387760218	0.2571353699968628
0.025768891870857957	0.10266999592212533	0.15359923986891053	0.12399757817177143	0.08574913335177137	0.18984092760950286	0.07522671436474043	0.08717829427303606	0.038109536764026765	0.11785968780325727
0.01427170557256184	0.21905178801059438	0.015507184014669828	0.11167706883521247	0.05234091128857603	0.2028000987163594	0.07099868546977417	0.08015832387682377	0.037943898287397665	0.19525033592803048
0.0420712438262322	0.10145573248886039	0.2541339016514763	0.126624507476774	0.05293271557095997	0.07969981615376592	0.07402071470355871	0.07910825552119718	0.03134508477903701	0.15860802782813832
0.017843716642521837	0.19946560294250598	0.03244086595748104	0.11444369434510493	0.10542488621644855	0.21511936728249537	0.12003390792501993	0.06577607083809664	0.01946186054160967	0.10999002730871599
0.014039860659825446	0.05616511106298554	0.050873577639129655	0.11038839158687112	0.0800569349913327	0.29972015949859454	0.1407519283483412	0.08535387900445802	0.045765160718327175	0.11688499649013466
0.015532484788624304	0.04775791941638018	0.1816843088102918	0.16531743663642312	0.05264649910718666	0.020870208949764615	0.12967250682870604	0.09205203488727341	0.05882832885739521	0.23563827171795465
0.016227818082245313	0.05980653496531516	0.30687296944974407	0.11059033240744365	0.06883703517803243	0.12474975991114537	0.07010703172206695	0.057839560331382565	0.0353639117429389	0.14960504620968565
0.014828989885699514	0.08313080366808737	0.16794206686290197	0.16554535232924683	0.07790121652446132	0.19889008628014476	0.08802758661348987	0.053841356113418753	0.01613751496998797	0.13375502675256162
0.034882306932800644	0.019289000903776707	0.25958686282249754	0.18357527432736048	0.08953322364705986	0.08789639624849307	0.07946587960367914	0.0920509101134146	0.030964664505536296	0.12275548089538166
0.028684428707357143	0.2010285556661282	0.03020902795774913	0.10922903866727164	0.05613229780599349	0.2062827228608667	0.06826027685859273	0.08531244824522433	0.030241458567503945	0.1846197446633127
0.03214474450553971	0.23129617832969335	0.08740298533430021	0.21728122121370735	0.08056404191201536	0.060331164846170224	0.06762994848586268	0.06036677762697594	0.013164777712160486	0.14981816003357468
0.04181132240514018	0.2389248943728593	0.08148728985823948	0.1693175716789367	0.05042050756696784	0.04676042183610504	0.07619691549378292	0.07391114282964549	0.03628132697363888	0.1848886069846842
0.03418762000001037	0.2155408450243	0.024246043492521574	0.20473670694157348	0.0838746218830445	0.10980104663424359	0.11636292256422004	0.06666367424750125	0.023389423023931682	0.12119709618865357
0.038413883409063716	0.2283882978659731	0.0909231094522627	0.11045601480604038	0.09104102025653761	0.13320856065303088	0.06915395152250009	0.05749838302885562	0.015704594860524612	0.16521218414521133
0.0321012211362956	0.10741518587617722	0.22877650242257114	0.22548927372069377	0.0823612715494255	0.014629615060034046	0.0893550840749775	0.05675801770204474	0.021016871102632367	0.14209695735514805
0.022834411417968978	0.040755895374945506	0.24080701771986018	0.10192964245676459	0.08430142163709675	0.15509062257965525	0.08673422622828536	0.06403486740559022	0.05150592092060534	0.15200597425922785
0.039454619572287575	0.23550749300582308	0.037810264670032886	0.1171010539088774	0.09480082776027789	0.08374392039650985	0.09556005507558574	0.051230093486625855	0.018637017647301454	0.22615465447667826
0.03253835977102207	0.3188505256955338	0.015356524936533	0.12553285031526007	0.04978759844978348	0.15582776824137767	0.06895172158260277	0.04701576090891851	0.022722186203322337	0.16341670389564633
0.014271936983653366	0.06282158414705762	0.18277372836960154	0.11147719816435403	0.09895785285213596	0.16365006822368533	0.09368226192362966	0.06886750834474425	0.03460889230177494	0.16888896868936332
0.04174242320406714	0.18339292464419482	0.0931469797316834	0.11115480957242271	0.08293104646021719	0.10967815842356728	0.11107328275069515	0.05755792553053615	0.05332353038081591	0.1559989193018002
0.02852779551799811	0.11209096932585744	0.09526816436453356	0.1000085839572002	0.06660604327452535	0.19049887591620723	0.13470459169372095	0.08745540692621562	0.012826134953713	0.17201343407002856
0.022485472400311776	0.27350745439549234	0.0798171722624588	0.10119637964577259	0.05934172141363218	0.09637994351923014	0.1103781751227198	0.046817793069467276	0.05652447125663588	0.15355141691427926
0.03372339546645166	0.049478290217237604	0.2809323340077721	0.1352519270337486	0.08066355297531175	0.06753302347457452	0.08294305470852864	0.04455108613373602	0.055678540607367245	0.16924479537527182
0.014484392547603794	0.26293460636717114	0.1113151700314158	0.13914073372690466	0.059552652022198505	0.14306686519890033	0.0706724303522726	0.04628199990406453	0.04254815434631285	0.11000299550315587
0.031532456080527904	0.10802573331463378	0.20320687158061884	0.09981569345336525	0.07221279547161727	0.08758239978072899	0.07001422833563768	0.05563940386452487	0.05082716752985774	0.22114325058848766
0.040502297286029124	0.13081734186464114	0.04448249931684177	0.1824780264368736	0.060798697626710654	0.1776569199400468	0.11584526092800411	0.07133988520870074	0.03450797643484112	0.141571094957311
0.03299536175293297	0.055424092994981806	0.17224609570578053	0.18258776717313718	0.08535321743944262	0.11522218362464932	0.07984273456398445	0.0825945717647332	0.03133103450565007	0.16240294047470785
0.017260936664630258	0.2353451251720785	0.09921285360670137	0.09967372004321896	0.0940975938947114	0.07628002818351293	0.0638232798183611	0.06129471283161393	0.05198611043271453	0.20102563935245701
0.036349294880811414	0.04579587600502799	0.2645328487064537	0.10525768520963714	0.0892319123235499	0.08521322591827288	0.07151866289029567	0.06904948694910552	0.02306018747526993	0.2099908196415759
0.014746127041410803	0.05705131079953845	0.28186748669859196	0.11616734952253727	0.09460560228000563	0.04757776192302838	0.0997253416924707	0.06121188961993051	0.058406662749988646	0.16864046767249768
0.037503980371625764	0.05615070407449229	0.19196358740355438	0.18494095977722352	0.0774400595205384	0.10023285961864112	0.06460000677238892	0.07641165812196571	0.03144306098281523	0.17931312335675464
0.03288425343399215	0.06487246367849503	0.18588082637197978	0.1699851218061516	0.08923845722912725	0.14017157131553337	0.07784338417627225	0.05675175604899666	0.017098911747397402	0.1652732541920545
0.020116707821231275	0.09644053223122505	0.15355362636992656	0.16024911150748802	0.051572392510618695	0.17317684606247313	0.08621355108962371	0.0671537667299926	0.03862786742591292	0.15289559825150806
0.036556617013080175	0.010975171500215666	0.2611468779976558	0.1511888813017028	0.08126103381936811	0.0245920474384429	0.12053404886965143	0.09194177698959678	0.04938175043960875	0.17242179463067756
0.039125892998902304	0.04482089545595236	0.1400279824469124	0.1793228991031265	0.0625158163943531	0.22354382468871847	0.07425072646088655	0.06676857857374377	0.01636497227295032	0.15325841160445422
0.02656766200536792	0.2567073250190289	0.016100713854845558	0.18867441539522173	0.09445320791480573	0.10896870074613207	0.074282897157885	0.07100047255544949	0.015242968783409125	0.1480016365678545
0.03679829560097905	0.024173010283976046	0.035536521129850174	0.20526468283368066	0.09069980725362749	0.19483308232826185	0.08273095315007734	0.060904499314927696	0.017583559950838018	0.25147558815378174
0.027750654572016933	0.17464182711004034	0.013413088644506174	0.1734945351924505	0.09547148227890859	0.13026973672921244	0.06922274976364744	0.043692411008588804	0.020601659737446043	0.2514418549631827
0.024586790032738545	0.06612063416444744	0.11425696450933323	0.15091285586883707	0.05260552316037761	0.17069552035495344	0.06826546155994746	0.0708622891979647	0.030649398077898182	0.25104456307350237
0.024383629827183756	0.11350259369289739	0.1968057844850965	0.18029573521606157	0.055114841552348776	0.04586299863616952	0.08878335131374743	0.05071354095944866	0.05128427315145785	0.19325325116558856
0.024487586759096874	0.20370607126626872	0.1987119332893667	0.1196352200555143	0.062119077131796464	0.10761175838603648	0.06702754620463755	0.04321385263317063	0.04390893959846635	0.12957801467564595
0.022880467199819662	0.2691408093438194	0.07515181643860067	0.1729626011095194	0.08554557368715199	0.03868745503113224	0.07048956759828601	0.09589444263726649	0.02121458378331266	0.14803268317109156
0.03268553906404116	0.2175128054050175	0.20143936142634478	0.12508735169711785	0.06665293417590892	0.026972251331319766	0.07616111525294085	0.07892270385765893	0.02517406459445172	0.14939187319519853
0.015657872163458333	0.0832585026142624	0.19255473639531306	0.19851932648445345	0.08478583394047488	0.07851755703184277	0.10910912568504608	0.06258564501182404	0.021352775241665206	0.1536586254316598
0.041330595901396136	0.20628342290388432	0.083437624903371	0.10066149919209139	0.06311216506147449	0.13159128824105898	0.101705789186813	0.09723580038213007	0.040194484109281066	0.13444733011849952
0.03093544585854975	0.15412085592703098	0.14364875858611262	0.1142736528756631	0.09097730128781172	0.1015143374914532	0.13462793451374888	0.08012081217119953	0.023957899712199818	0.12582300157623041
0.01750822020158445	0.13769444410672985	0.06210963188831942	0.14112125872802292	0.09476168331926418	0.23802531434275082	0.10748056968504797	0.05794546709921853	0.019941439275394074	0.12341197135366781
0.032688695831023365	0.08756692863784726	0.16844924695925795	0.21293192261617097	0.07147387327041843	0.08355339715062526	0.06628680368019256	0.06584343393144956	0.024725160468496363	0.1864805374545183
0.018735182358670027	0.1278583435134928	0.05623797880094908	0.13339296408885476	0.05356023474956324	0.26288476086963747	0.08682064838961365	0.0743820973309293	0.015761798489803414	0.17036599140848627
0.027859199703466078	0.2427514252551919	0.06847961702829033	0.16447023441437303	0.10718341637226292	0.08708575845746357	0.0829755033336762	0.06066903776884051	0.029447152122648756	0.1290786555437867
0.021797925007276828	0.07328449512593845	0.11854137045039279	0.15726504152560056	0.058045940518556854	0.23971461851974396	0.10728431939315941	0.08525398389835423	0.024324892305447557	0.11448741325552939
0.028474121132174957	0.0663627059035391	0.10854323915577013	0.13211780366080722	0.10492471085490351	0.2530128945359436	0.08930781783862353	0.05212751459749949	0.0426440192425268	0.12248517307821163
0.03650416747329728	0.2388421194177568	0.08286325194094951	0.220899338648424	0.07061203072567002	0.018416106837768745	0.08088197957020163	0.06932654610551145	0.022773347957727175	0.15888111132269342
0.023847444448453478	0.15459142590629985	0.04820399264858066	0.1318777639712574	0.08146041923201289	0.1662342867690516	0.0990279538182935	0.0763751683416737	0.03381151269803069	0.1845700321663462
0.02760752873078795	0.1203751706160397	0.07257663503605592	0.20834935465172502	0.059000226691245806	0.13100722778496457	0.1238058399596355	0.07637363061883731	0.015890560225283054	0.1650138256854252
0.018552262182696594	0.06863400260562182	0.1177084721063367	0.17525219461204816	0.09358894228086927	0.1935186286739467	0.13755699604430394	0.04884503866112068	0.018026099882683652	0.1283173629503725
0.03570304485957433	0.34154634256728794	0.013703552660853074	0.11370042624993283	0.07585818252936563	0.09387756863699839	0.09178611323732491	0.06724636340208821	0.05624730252083403	0.11033110333574067
0.03987066654893966	0.22478514479911274	0.037107911972250135	0.16033100188673138	0.07504141987926637	0.041908428634242816	0.08627197932788956	0.0881475757664193	0.05118486209118166	0.19535100909396638
0.014084984596794262	0.13183759662175365	0.0945257608074083	0.16362294820971485	0.10452070231672826	0.11058957117659544	0.1310772647722402	0.07421507403406132	0.015728526188444295	0.15979757127625943
0.04226542528155701	0.24593620107490688	0.060463386077820695	0.11446494794338948	0.09270924516471722	0.062213949677499804	0.12945071575217085	0.0512437396607573	0.0413502864263627	0.15990210294081805
0.04137857249630077	0.23637270865915966	0.06327639394989402	0.16023101961649167	0.05326886278100159	0.1603677313227383	0.06550048133272693	0.09105688995644753	0.01709884180053181	0.1114484980847077
0.015774423627539128	0.09074755655779657	0.21027084333659946	0.21962679794467443	0.050031629742215915	0.01128669600503654	0.13360502728648468	0.04981944185954123	0.05168967459678122	0.16714790904333082
0.02332995749272354	0.04690697199948804	0.1816450775896832	0.12074949095185139	0.06396721694446605	0.13761085255967836	0.08956501004341079	0.08956486033456496	0.030372191449053218	0.21628837063508047
0.01702665621513398	0.16421996441835232	0.25523368172016137	0.10094532880102118	0.07548366676921005	0.043501596548772635	0.07840633560892447	0.07462730080894397	0.04877991813520708	0.14177555097427288
0.0171864517466188	0.12665480992847478	0.29874921110442254	0.21069973783510754	0.058490061925340675	0.01955142167851101	0.0756267901821109	0.04864141122571798	0.031853244626777605	0.11254685974691819
0.023696697009166837	0.13221477126220207	0.06037912637161649	0.15971377380757643	0.09642457947537979	0.041975433628207395	0.11905739438601286	0.08265736620460606	0.032431274524511694	0.25144958333072037
0.029786548901666335	0.23448945681909816	0.08247159906800938	0.18596799048696416	0.09094612781648577	0.024001425669466656	0.10864952341017667	0.07655326207640359	0.05219153520405377	0.11494253054767549
0.0336904114915296	0.015813430285433153	0.13354608582043406	0.11658920161926334	0.10734765351450107	0.23119270153428462	0.07889535026685542	0.04618051192917049	0.020828052439932687	0.21591660109859556
0.021907827155594944	0.23041020246412325	0.0512268400596512	0.17373711181161725	0.09596364767702077	0.028491043680449663	0.1365444238437959	0.07017361151833097	0.057074013781072484	0.13447127800834358
0.023426260279017536	0.02132361160425024	0.11617915137709699	0.1518977058379163	0.08621409925807103	0.25884006903925305	0.10957642827346192	0.05062869102894647	0.059630202910073614	0.12228378039191287
0.02958690799873749	0.08691252016000982	0.18563029378260448	0.18713616919038323	0.05935715341556055	0.046184735833850535	0.10772895729686457	0.08084400200044688	0.043892464837157356	0.17272679548438508
0.029728243951589198	0.120010133067966	0.05958568699526573	0.1306853429823724	0.10898054122075151	0.142878271444068	0.11499931440964789	0.08879674940926122	0.03575608916267965	0.16857962735639845
0.020918548461091244	0.11806047762479106	0.018416844720391276	0.2085139854287562	0.05886770095880869	0.1985782246175636	0.1149484287180162	0.07076020754448603	0.03568505231616077	0.155250529609935
0.018504806889603778	0.10425535555742377	0.31577637720995544	0.11935654044409139	0.05760282436890198	0.015749230600775266	0.09062799379494693	0.06732977696022663	0.02530647226790407	0.18549062190617077
0.020676841713498414	0.19865820689264443	0.0456026594711205	0.18705872927678582	0.061478190447811526	0.08631605630579882	0.11309545573738347	0.08424467234255993	0.055177284769622435	0.14769190304277469
0.03940632608665066	0.013261795035031623	0.13687842020667834	0.18877720119554908	0.08646274040283816	0.06906826134271374	0.10670935196398096	0.09510553548480448	0.021154432836020268	0.24317593544573263
0.016870568669967903	0.14660303370225503	0.01734897096515238	0.17069876457607985	0.0810480561262153	0.18139619945494956	0.08443853970427015	0.068443755722761	0.03721206917068082	0.19594004190766806
0.03695153041258126	0.059509647021473946	0.16992085004309743	0.21576424421628315	0.0637990869469229	0.0552915855381408	0.1295364537486279	0.08479868087346001	0.027696246410785025	0.1567316747886276
0.01901114136820574	0.15842434918225165	0.2156935095917124	0.11101490697561651	0.10453594511827724	0.012675187704929328	0.1357645148205939	0.05232828016096495	0.031179199580862835	0.15937296549658547
0.02296867938380219	0.06491834734342994	0.2691920984963674	0.13803275157458295	0.08334741786258804	0.11432164603983247	0.08399138475728496	0.060325916137579566	0.018357812975631493	0.144543945428901
0.03578193175666415	0.07876966445173697	0.07175584836386642	0.22289252247339542	0.05445563589075895	0.1973815199134011	0.07229227151533704	0.08796835785354092	0.02621104124359895	0.1524912065377
0.030471876022740887	0.03940754291347289	0.08693890932216067	0.20962499521296357	0.05972196232415932	0.24677435594457436	0.1377582036614395	0.057369926812347004	0.022326759521702197	0.10960546826443963
0.01402547885566835	0.12897147381547772	0.08276235686290008	0.198019553171429	0.10299570882416965	0.031224068423874013	0.13646669247827503	0.08460393855682942	0.032074700915241824	0.18885602809613494
0.023976824675731465	0.2640705311571539	0.11335185762067113	0.13942279163906723	0.09749570411389984	0.03253796139104005	0.10766081727254403	0.048945769790824274	0.014865417126231878	0.15767232521283625
0.025809984825283502	0.011517564647404457	0.24397009581016105	0.12441577449150766	0.06196297050877088	0.11280036531470634	0.06882953143781066	0.08291274873757773	0.053541206078197415	0.21423975814858032
0.023707914491553822	0.1358324944486068	0.038543673048333664	0.1843594585424468	0.09014430920006311	0.17816935681408175	0.09454581674692931	0.05843454339845871	0.043274960430699096	0.152987472878827
0.02008837957345773	0.2722869217637744	0.0290770277808802	0.16529986136390418	0.06580519985114491	0.013809442316792833	0.06482157298096608	0.0597170261604051	0.048330734896541924	0.2607638333121327
0.02398274688254555	0.19152283169001094	0.09270789484114168	0.1512310544870579	0.10833833678418794	0.09653430974055252	0.12059884221013796	0.05745984192583359	0.01946644772648766	0.13815769371204423
0.034288623744149566	0.1662618944156266	0.11242257607728112	0.18201544384253832	0.07972634440456879	0.05049093668489438	0.07541241900339726	0.0502615582735903	0.015924425120458816	0.23319577843349487
0.02433673030951901	0.11768238110171583	0.14283923496642553	0.153041901054927	0.07391992490364076	0.05297868216265787	0.09004619550282726	0.07178767041011457	0.017961587576853982	0.25540569201131824
0.03433505065209426	0.02999106089013022	0.1764100148009788	0.17147167808761934	0.06819437652097678	0.11052700047410968	0.13410746397593795	0.08359769802943404	0.049630240225252614	0.14173541634346642
0.019083958096010364	0.33496304955343637	0.031028247403581385	0.13670704465190966	0.10446584644113988	0.0344848684196771	0.07357823528151133	0.055754872765422646	0.046414528046646746	0.1635193493406646
0.01603007029268083	0.21381270615647877	0.06358093036249221	0.1424677754947066	0.09951372538548207	0.1314113823795285	0.09740637766086266	0.06571192035623388	0.046248409639797435	0.12381670227173708
0.035549553133290085	0.18227969406395117	0.06181001282154919	0.21664066967821	0.06576287528718797	0.13853195093258863	0.07735014799765329	0.04742354453750906	0.053714009976052426	0.12093754157200819
0.03060465689880651	0.0168921347549527	0.2626338111985803	0.18574036079623346	0.05915278106633706	0.07723301660542237	0.11441163576746918	0.05647841855587726	0.05387095804030423	0.14298222631601698
0.03630738456665307	0.19806909759602753	0.04606307583888462	0.1317013476625091	0.08863179727204919	0.08836287234504497	0.12243893364505526	0.06479518220903321	0.03794366536052266	0.18568664350422037
0.02696446047387717	0.01743972808915531	0.28745976548609387	0.13253693617868953	0.0823078963638329	0.0897973522461621	0.14094127949132026	0.07984810283182203	0.03311853103700747	0.10958594780203938
0.021782675343681834	0.28993266362006787	0.07740891015937014	0.1633598348874635	0.061513485697193365	0.039152179617076475	0.10171776833246139	0.08256063546190326	0.052147298866448574	0.11042454801433366
0.03183111826982071	0.29232480623510276	0.06146327033266731	0.19055567925576894	0.07620298517081155	0.029322465462442618	0.06945498733901567	0.04861866161957315	0.05505237855917858	0.1451736477556187
0.040348982017977236	0.05320908019773356	0.17411381599243275	0.17959720307010069	0.05519298234020071	0.1546580652294038	0.1208461875290068	0.04746675794988113	0.046394811559072054	0.12817211411419127
0.038332610841888826	0.15156092246253666	0.0710523935284758	0.10776676109528265	0.10238296654198312	0.12522706918926757	0.10607636864171728	0.05569062233516277	0.05415050015922898	0.18775978520445635
0.0418333668053185	0.016438069382378726	0.2238663888187421	0.14233352011764144	0.05888191951064189	0.14658998190775083	0.1290676775889806	0.06882196484907821	0.018369057580484058	0.15379805343898362
0.02307624975427662	0.06534019927446881	0.1817544720956737	0.14898474928388505	0.10205890480559397	0.11265514751251561	0.08012823192029933	0.06487838770373941	0.03887032496820177	0.18225333268134578
0.022567416534406567	0.1622361631013242	0.19942104215343034	0.10880958840877132	0.06742761708526915	0.10453662788334586	0.08029267057234374	0.07597949040287161	0.03656547876639073	0.14216390509184654
0.02574040260872644	0.16424712013570986	0.10066902144659291	0.17176903470359844	0.0971975862105815	0.009859989155284743	0.13000616784315505	0.07555132196915461	0.02029695124402983	0.20466240468316665
0.016420368051756784	0.03820970684294156	0.14407649756930188	0.14511550727735734	0.07991888119170139	0.09495382036060694	0.12040225483220657	0.08483643190821462	0.03796941289010172	0.23809711907581121
0.029213509341031604	0.15542159665509675	0.02445678309546509	0.15494866352634348	0.07714513388601449	0.2687064647187484	0.08032292698058124	0.06620121498971195	0.03242458375354697	0.11115912305346011
0.029071146712724844	0.24238187299784897	0.10513634169018152	0.15095344203735198	0.10195248489378803	0.05523289908425543	0.07415993216358113	0.06192352414546196	0.0438010707518239	0.13538728552298224
0.040305053936572334	0.08602581171682502	0.16224110940817826	0.15699093355792898	0.08144758499363641	0.14821592796133587	0.10603533981013812	0.05893742501644997	0.027812966170841363	0.13198784742809366
0.02975476427853023	0.07916834965210791	0.0229243385941041	0.22324898539557847	0.05971200835198204	0.1848068516933653	0.0868609151509618	0.06620178956989922	0.02294770057867107	0.22437429673479986
0.0168777333645434	0.042454036389482294	0.1654578847085629	0.1550053101045537	0.10410990224595544	0.03704096595474385	0.11612943053324207	0.04744335749563963	0.055171115484184255	0.2603102637190925
0.0325059465469226	0.0775496698442334	0.06539183397018226	0.11546863158806718	0.06167002639309816	0.1739636721485108	0.1236430140895701	0.07424653426832248	0.054136792646442826	0.2214238785046502
0.024659722404596615	0.23323389115277843	0.17350703406207044	0.17965984035108595	0.05444787275411861	0.025621539498926357	0.08418629747269545	0.058048467962957206	0.029297483464461843	0.13733785087630915
0.03472327328556084	0.039809199774225174	0.10203624862903637	0.15505639365203983	0.08666421182588184	0.16625291662997316	0.06491331054610561	0.07231639951815734	0.03184723246667548	0.24638081367234438
0.014468079442992401	0.0897539542235842	0.2254848222540976	0.21428654693708293	0.06107525198209967	0.009736066116267372	0.09475045101464394	0.08900877498894932	0.030524177351254456	0.17091187568902813
0.025913475511271974	0.0749639562297161	0.06696785157221996	0.11948217978979034	0.05980541637176306	0.20608802029725676	0.13687759189446458	0.08411231614551544	0.033830489235685254	0.19195870295231654
0.015616818620894937	0.12572564968798616	0.27534429631483304	0.14521639469572709	0.1020894380064645	0.034898801501254684	0.07536487954395787	0.059888936891187634	0.024194260116216545	0.14166052462147755
0.030666126742256328	0.05827668977001851	0.31418853510283684	0.12124411717430386	0.06583658755818739	0.07672449527024816	0.13005193072777382	0.047108115503140466	0.04228077120847989	0.11362263094275478
0.02522206937031303	0.0679956838730494	0.2525043017425412	0.11376070799299759	0.05771740332458074	0.11948490223387852	0.1032288010685786	0.05862409950298634	0.0438940642181367	0.1575679666729379
0.03808335334679751	0.048912104355253	0.15928312782160925	0.1285858361739385	0.10115059590329567	0.20229705604416526	0.06746648466886601	0.05503069367008958	0.0418951226586619	0.15729562535732333
0.028790925141909132	0.18407036562758933	0.03913739701966958	0.19828166650877357	0.08101816376289381	0.07300331760294715	0.10139097771390286	0.07936348340778064	0.055532491153126494	0.1594112120614074
0.038667199947061956	0.16151235978652895	0.087753952329421	0.1639723315583579	0.10567677288752732	0.09973995470207456	0.06591427317428819	0.09656762585245766	0.04264273794661494	0.13755279181566754
0.02628994777640982	0.2016796223945324	0.14043845820062956	0.11376206388974942	0.09920182277541462	0.10002544138336249	0.07265566923478232	0.05235544459363852	0.04692684552088804	0.14666468423059278
0.021584357989977418	0.17594814323029834	0.04969001746669186	0.16915288011592539	0.059371254205385145	0.13060302230549065	0.0926488798289959	0.05127508508003337	0.020045540843753373	0.2296808189334486
0.018390558927762965	0.1818063558875689	0.014265114843469512	0.224160617604107	0.1046098206952862	0.11143319472250568	0.12254903872149772	0.04332370137857097	0.020927243727256156	0.15853435349197495
0.02961247217217304	0.05239763496691895	0.09184340072615998	0.20138379700349046	0.09445222236671362	0.1419501461605206	0.07973436756176283	0.048675058826722364	0.016572315810025204	0.24337858440551297
0.026790290726010038	0.09578860657792801	0.06495928995508872	0.2141434965546778	0.09439722424530131	0.09541350812788991	0.10623476677695369	0.0931381190424156	0.029737979642659396	0.1793967183510755
0.030609231540310408	0.04487408171663005	0.0311071648746621	0.17683073099522095	0.096998863986937	0.26653298947305143	0.1331743121128765	0.06285792642757895	0.04046595561548971	0.11654874325724296
0.01904612332457696	0.1818516123290514	0.09554960017307972	0.11309290968977907	0.05464208029198101	0.12110436197970902	0.1150964815541469	0.05572409059366615	0.054468352645845895	0.18942438741816392
0.015506864506967852	0.253440045021224	0.022365874565101543	0.1325326253189884	0.05745569990246736	0.19782272417106228	0.08039163651583381	0.07173982569796118	0.03306167647680418	0.13568302782358937
0.03200771306085236	0.14304251968944542	0.06676789149227028	0.11039563468317048	0.06497758132650999	0.16818634813383068	0.08778615883013818	0.054803029362683706	0.02968604212759303	0.2423470812935059
0.03548284894221719	0.13912137037756594	0.2622793179404911	0.12459612578399269	0.07359505347489718	0.025727072317555014	0.110686247695287	0.0593885389793681	0.03170883351818499	0.13741459097044084
0.02685554515227677	0.07495574174538575	0.08959908115212772	0.13062643268250335	0.09710345250465474	0.23362037636265792	0.0719825389991278	0.07267124436199933	0.050921637157015545	0.15166394988225104
0.03220371949482417	0.041966355145197046	0.043267526302782425	0.1653840425982257	0.10631193792580969	0.2215328004308842	0.1126306930800899	0.06006636188803899	0.0428485595668527	0.17378800356729518
0.027323744712003495	0.1111729384522343	0.024720188099485604	0.13100861323024213	0.054168931219026065	0.23466301332826045	0.10491698247933247	0.049220480874202346	0.01519650880378004	0.2476085988014331
0.022651387668084028	0.017791471346150473	0.09207928955735772	0.1995470782201104	0.1057345124339633	0.07901344290935806	0.11629717895672473	0.08156770365893135	0.05043583186154655	0.2348821033877735
0.013827536416255531	0.06371065795435607	0.12106399579841957	0.1375713565691136	0.0643813031050828	0.2550119215650539	0.11721034971586616	0.0707523850502959	0.04529528621435894	0.11117520761119759
0.03687561721539498	0.05809817918558786	0.060268299217603453	0.2102619131845222	0.08915727379092406	0.19429617683118777	0.10010814993235899	0.09172190998588152	0.01735264150307822	0.14185983915346098
0.019144321546128523	0.13648118502502488	0.031108904348752547	0.1788385027778583	0.06462368156616688	0.19012609617317006	0.10849990699315076	0.08352734592393132	0.021492440355427328	0.16615761529038942
0.015861080636369332	0.15895058962154468	0.036742180616381764	0.15256911999309491	0.06165557902081753	0.2115094568413587	0.11713105854779719	0.07649611802203415	0.03696801597211305	0.13211680072848872
0.04112352479758611	0.1108946489444232	0.12682739143864064	0.1622202974079923	0.0727248636897514	0.1381997929013336	0.13221900931886538	0.08756704618222452	0.016102312412684422	0.11212111290649847
0.0218791345180228	0.3011942180870739	0.0634128355649837	0.10601029600998756	0.08169693333611114	0.1464525729997406	0.06416654446736783	0.06514634490945168	0.01916834570570007	0.13087277440156067
0.02887663959276024	0.23604812716097845	0.04891106919848593	0.16228038597884256	0.05205863914046506	0.11153980265116249	0.12437200623164814	0.047494519781549324	0.039863324183025996	0.14855548608108182
0.030475691891258025	0.05556042678938541	0.2848628801644267	0.18238715089095456	0.06532281471072096	0.05037947092638976	0.10765454632719197	0.05553876245519963	0.04019213141272041	0.12762612443175253
