0.27682688454550297	0.2483718215006334	0.13341565426958535	0.1760498359513659	0.16533580373291212
0.2788761011389883	0.2483335313710544	0.12155665851291769	0.18639372178569336	0.16483998719134593
0.30664978908813795	0.26513390880867693	0.11569187719497384	0.13595468594294352	0.17656973896526748
0.2693495840373265	0.2320026008142867	0.12007624725495064	0.13605770420732843	0.2425138636861074
0.2962479947781064	0.23832578603180585	0.12257260947209135	0.14082410629123318	0.2020295034267629
0.2844751505647474	0.23533708195345213	0.12442413259395814	0.13430168954732863	0.22146194534051344
0.28192499535758575	0.23428002609384807	0.11430064170763242	0.11741403813182207	0.2520802987091114
0.2678483796193496	0.2459366945922414	0.13173355724845803	0.1201189453875431	0.23436242315240757
0.2714498748210836	0.23975825493802172	0.12235299032015992	0.1609108930227554	0.20552798689797908
0.30837864004198257	0.24671605235572303	0.12512360638917078	0.1317710998059213	0.18801060140720202
0.2733436993796372	0.2270085251356369	0.11775405366871476	0.15035740631390637	0.23153631550210446
0.2946193507998376	0.23936362182816495	0.1335477126827977	0.14118833628228958	0.1912809784069099
0.26253015692116877	0.26507436235780313	0.12051836357243702	0.186042645042025	0.16583447210656577
0.27469466816851024	0.23823462729557285	0.12669195299436106	0.16618925696589537	0.1941894945756602
0.28724364976120825	0.2270493090767379	0.11520674779340769	0.19247668272255486	0.178023610646091
0.2901151859797349	0.24183514363508368	0.11812902696907711	0.11927783515449251	0.23064280826161151
0.2961763739884742	0.23056912865145443	0.13038866054339343	0.1792275804941736	0.1636382563225041
0.28627299921465715	0.2240083075213214	0.1145833054939752	0.1779579974899518	0.19717739028009415
0.2921246963735759	0.24801948858213588	0.11383098341924826	0.1240636873480728	0.22196114427696692
0.2814154767911135	0.26139629213955307	0.11790174791186503	0.12084847494789655	0.21843800820957152
0.2962017635679679	0.25418240236195366	0.11943998578642973	0.12658225737687828	0.20359359090677018
0.3023484985051105	0.253167830172342	0.1139340756895833	0.1730554608096545	0.15749413482330937
0.31046650726879516	0.2416907592780268	0.11267753636095744	0.1246542360304025	0.21051096106181785
0.27527748962304155	0.2413953060603346	0.12731986279214808	0.1557939530519579	0.2002133884725176
0.26668554812164513	0.22730723485142346	0.12809591173592358	0.19439936765084753	0.18351193764016002
0.2887621836197164	0.2252240888946254	0.122262465202657	0.1162059480466202	0.24754531423638074
0.2971323514989155	0.25130421341404063	0.12901525506713163	0.1191921084663399	0.20335607155357208
0.3066561708336576	0.24847800533126144	0.11326792923124537	0.12208095465970965	0.20951693994412565
0.2849753337230861	0.2538870656477119	0.1131494881501324	0.12055486767414489	0.22743324480492444
0.27434498043905153	0.2342583074873695	0.12007655644865022	0.20282562094428214	0.16849453468064635
0.28601408598838635	0.2534848934829571	0.124790991182231	0.1633643237468978	0.1723457055995275
0.29753632693627863	0.2514031245032008	0.12654840224316793	0.1544213678182701	0.17009077849908225
0.29905311649600663	0.2505835081968673	0.12283355317018646	0.18012419444266672	0.1474056276942726
0.28916244442488526	0.24890558572653135	0.11751843789207879	0.12646697925316003	0.21794655270334432
0.29132672647082714	0.23201830844491758	0.11194214761421283	0.17767103871604206	0.1870417787540001
0.2848125723593514	0.23957376953063467	0.1171686837240256	0.19879434907790572	0.1596506253080823
0.3045154878702079	0.24310646737483002	0.11784881277039488	0.1594459134439668	0.1750833185406001
0.2955425262329926	0.22894130255293876	0.11257154154214287	0.13424472483306302	0.22869990483886252
0.28778933055766887	0.24556195041840864	0.12985096122286494	0.1619389470555746	0.17485881074548268
0.26197524422839674	0.24274848288820083	0.11710648881894277	0.16585789966453274	0.21231188439992668
0.3120889132074739	0.24224913913483118	0.1271653552455846	0.13113099582370552	0.18736559658840454
0.3054273594486729	0.2255504708434832	0.13313935329185925	0.18425945772749924	0.1516233586884851
0.2810979844248201	0.2262537311230702	0.12296361552877616	0.14291333626481628	0.22677133265851698
0.2831089379972349	0.25999546752014663	0.13369324526967827	0.1234559156208295	0.19974643359211036
0.30074026980970675	0.24386931834045952	0.12760193594189911	0.1375390599090377	0.19024941599889664
0.27905634845897487	0.2633588091715493	0.1289964808092967	0.1687888580017869	0.15979950355839195
0.2840757303491901	0.26278245070889966	0.11436896772927055	0.162041392984874	0.17673145822776543
0.3091730386607743	0.2471247378409535	0.11625742020135824	0.14713693938485506	0.1803078639120586
0.29645556523935845	0.2263185844271418	0.11300072485752628	0.1174581708963508	0.2467669545796224
0.26347330559246596	0.22515631404485284	0.11821549565171133	0.1479591469150914	0.24519573779587822
0.2685595064904591	0.2663605012407277	0.12690547138264752	0.11776158591028227	0.22041293497588313
0.307569007205788	0.22677112469842825	0.11782558104089043	0.16365403770646902	0.18418024934842403
0.2797310144161092	0.25697883008456124	0.11941477056979422	0.15838234647184424	0.18549303845769086
0.29301982416350203	0.23889946136185466	0.11816681636850979	0.16704726833696587	0.18286662976916737
0.28796842070600814	0.2448325944596524	0.12718283284214194	0.129760390314963	0.2102557616772342
0.29599072589659653	0.23137613346735775	0.11466741098349502	0.1230099825447124	0.234955747107838
0.27663948860224635	0.2515635683954335	0.1329145928634416	0.1906939456381001	0.1481884045007782
0.312596588394324	0.26340028941023963	0.11950305021070705	0.1453040381489652	0.1591960338357638
0.2858626318259917	0.23396512019544144	0.13217619733143632	0.16942093007018663	0.1785751205769436
0.30721436107352873	0.2484523691950079	0.11634264507979719	0.14045221526880297	0.18753840938286293
0.3020949319806954	0.23008005359622674	0.12193647831220919	0.17708341846921932	0.16880511764164904
0.29195004180458073	0.24695873394652673	0.11741652002642543	0.15855904137810645	0.1851156628443604
0.27961815288146474	0.2287196625259724	0.12830047461142352	0.16419777208697323	0.19916393789416587
0.3078974492328761	0.2609734768052921	0.11368586361852345	0.17022112059607503	0.14722208974723303
0.2704256772597248	0.24025409127171599	0.11617012892787243	0.1500443605634461	0.22310574197724042
0.26152990686985306	0.23336496465033543	0.13089419556289666	0.1703984285323502	0.20381250438456436
0.2900448413165507	0.24982568370124641	0.12660234500441858	0.18051941821698375	0.1530077117608003
0.281715168196116	0.2486676521576224	0.13014818102163153	0.1570696620224908	0.18239933660213903
0.3048041139526523	0.2490811367131358	0.11811609339880498	0.14718071718031325	0.1808179387550934
0.2790203241380284	0.2520700368517501	0.12543996905826207	0.1257226709966237	0.21774699895533542
0.3015671993943115	0.24376778038846703	0.11935386001825371	0.1259829139321716	0.20932824626679586
0.3023889731577727	0.2516941116814293	0.12237272923138003	0.15667076886076786	0.16687341706864983
0.2845586520107186	0.2269762771183458	0.11909944668917471	0.12733208769884022	0.24203353648292034
0.2652379342700605	0.23784975409885037	0.11397586856765334	0.11663067640227301	0.26630576666116257
0.2838715140735093	0.24237129524698556	0.13305712733911687	0.1544432639681321	0.18625679937225592
0.2689798954554718	0.24726941281073053	0.12605406963380694	0.1930968036931687	0.16459981840682175
0.278806294998451	0.24707251070957037	0.11215450045148057	0.1456325839662114	0.21633410987428642
0.2979573770529061	0.2397952048292415	0.13051553237232286	0.1766843647468498	0.1550475209986795
0.2861004477593725	0.2547615199575152	0.1254425926279622	0.11895269838065023	0.21474274127449955
0.26565817758709676	0.2371455765786148	0.11298136719856726	0.1263524054902616	0.2578624731454593
0.2660002106418313	0.2601526214981649	0.11526859843129823	0.18475611868211206	0.1738224507465932
0.26676662200012374	0.2626763790395604	0.1126915696685122	0.1766496187265953	0.1812158105652081
0.30234658342311393	0.22747339019235702	0.11707745069609263	0.19900333782941812	0.15409923785901802
0.27817817862282007	0.2665261624869131	0.1259066652139937	0.14093667109273897	0.1884523225835339
0.27001911996490635	0.25157207446925856	0.1218590430893883	0.16783537103769855	0.18871439143874796
0.296346275622828	0.2495095194869259	0.1278490668634229	0.14254507985532922	0.1837500581714937
0.2810591059849433	0.23337666963826897	0.12281851584912441	0.1677831273887539	0.19496258113890913
0.26117212429239983	0.24970530146501993	0.11721250319246544	0.1228504596410247	0.24905961140908983
0.2696552315495092	0.23197613819042073	0.12302979926885707	0.13743104840646553	0.23790778258474718
0.2666183513112692	0.2639658396232387	0.12666590128225785	0.15514148305565761	0.1876084247275763
0.30864066582669	0.24500490062255623	0.11985322098144714	0.15417289136415369	0.17232832120515265
0.2914684089002836	0.24757367939595895	0.11854260085634856	0.14677614078800197	0.19563917005940665
0.3052673473000794	0.2328539114171916	0.12590157169081256	0.11640763552592952	0.21956953406598664
0.28700424257987056	0.2617570987311932	0.1273697147857712	0.168420339577946	0.15544860432521876
0.28051006499570175	0.25514316614954313	0.12836550994483065	0.18374400113028422	0.15223725777963998
0.28064578621102837	0.22924321452702978	0.12622571543789465	0.20478100318147555	0.15910428064257137
0.31205357841353654	0.24248512570877767	0.12943026799687934	0.14926051694245374	0.16677051093835243
0.27412452426255923	0.23711321382380146	0.13029679120261506	0.14796689947978411	0.21049857123123983
0.2821221803090229	0.2541767868559432	0.11267418345416214	0.20359249985733796	0.14743434952353351
0.3029109524795215	0.24832432247690228	0.11608796662535466	0.12027089013375684	0.21240586828446445
0.2756887805059328	0.23136908222284397	0.1182572633880059	0.19273106985774893	0.18195380402546807
0.30237143244811104	0.2591838054028386	0.12462266823076774	0.1517954005343471	0.16202669338393527
0.2695099159866199	0.2328544222133278	0.11507530118925102	0.15689569993663338	0.22566466067416768
0.2730753408013562	0.23846180109742127	0.13010147984696535	0.18785810532688912	0.1705032729273678
0.2887984413987984	0.2646883476769343	0.1198659103614032	0.1622161778365962	0.16443112272626761
0.28819588389636774	0.23526147882029888	0.11688292134195405	0.14553530251194302	0.21412441342943606
0.2859822580362547	0.2611157646368434	0.11875445946387045	0.1461239655815979	0.1880235522814333
0.28513772301539586	0.22846684960587393	0.12374754374236029	0.12126422703093107	0.24138365660543856
0.2975317420428209	0.2653985856784104	0.11962622831065456	0.15231796108910414	0.16512548287900972
0.29760654308947054	0.24189245871437112	0.12667450754705903	0.1284299241439582	0.20539656650514085
0.2867778403871508	0.24991871025524645	0.11798030044492262	0.15895301158179598	0.18637013733088387
0.2656625710354532	0.23683800475751413	0.1175054283499527	0.18495159087832747	0.19504240497875225
0.29811578100518105	0.2270565931309876	0.12947079958928798	0.12870917207930033	0.2166476541952428
0.2927362760790643	0.26559029567200787	0.12218210014952752	0.1346979302486395	0.18479339785076054
0.26947815461953156	0.25617447118271364	0.11421294932235804	0.13636546990119364	0.2237689549742029
0.26316268409309923	0.22960403004861915	0.1314075822433931	0.18120519644723992	0.19462050716764834
0.26839617314404507	0.25596930068090773	0.13297154511108417	0.16972950346402088	0.1729334775999419
0.26558139870868147	0.2590693401635112	0.12352021680516209	0.13042779255665926	0.22140125176598574
0.274282477473383	0.2468384190612894	0.11930977027923516	0.12576522721210243	0.23380410597398973
0.2754756549502533	0.22776870075357544	0.12663990178109436	0.12528398185696404	0.24483176065811257
0.26905379916374816	0.23106504646758244	0.13348323313297378	0.20659838864119223	0.1597995325945031
0.2777925320243061	0.247513094384157	0.12031075545079757	0.14403824403503232	0.21034537410570672
0.289371334956241	0.25180799058637515	0.12436970299912219	0.1609432320003381	0.17350773945792325
0.30214055054889327	0.2378617898898788	0.1318930556952796	0.1334776290846874	0.19462697478126065
0.30911104677827095	0.22533740378081124	0.1137109577957015	0.1481234864037774	0.20371710524143863
0.2791199583709264	0.23318836164879816	0.12796335229644265	0.17550111976499633	0.1842272079188362
0.2744200918188518	0.25508155035274493	0.13058697409254194	0.14356794852434748	0.19634343521151357
0.26753375859385664	0.24852097632422737	0.12647075397623625	0.19217586659886007	0.16529864450681936
0.29124870973521366	0.23321744595600652	0.12088363202830539	0.19412149613976473	0.16052871614070946
0.27879071839317776	0.2534377942355169	0.11945012499249943	0.19476217763583564	0.15355918474297003
0.2971057448081287	0.24415004274224078	0.11647954517953013	0.16609993207149554	0.17616473519860457
0.2762899340207231	0.23085999672418786	0.11338863972880936	0.19400137065956377	0.18546005886671563
0.2747748430626926	0.2283563240066756	0.13216502687860376	0.11631056026195703	0.24839324579007074
0.2674405382819187	0.23282940235079672	0.11773864293811541	0.12073634463765463	0.26125507179151425
0.26710760475881856	0.23030906194225043	0.11936227673231829	0.15877824870331694	0.2244428078632955
0.30293908684058235	0.22997125053023137	0.1216898756750383	0.13509188518808646	0.2103079017660612
0.3076979922808514	0.23773893143770958	0.11895469475979512	0.13687231376284575	0.19873606775879785
0.29259626681122947	0.24859315046920766	0.12669468358890965	0.16574435806089943	0.16637154106975352
0.30039865470246285	0.23384957294159897	0.11467181165836982	0.1396256325958396	0.21145432810172848
0.2862563673485975	0.2525049280600175	0.11461865551411814	0.12128286978310329	0.2253371792941633
0.2864080886705389	0.2606831196082283	0.13170101635493076	0.13544492898715918	0.18576284637914256
0.27433154139574667	0.2536371478337977	0.12373437873175044	0.16413098692828915	0.18416594511041576
0.2844303690304275	0.26639435550748725	0.13323004838085772	0.16009987650955881	0.1558453505716684
0.26990964881230717	0.2549516682657429	0.11744525658534376	0.15327152369879693	0.204421902637809
0.26607830520943254	0.24436944421167198	0.11378671442030039	0.15031246048772584	0.22545307567086892
0.2822334320044701	0.2285294564950206	0.1199892869759857	0.12990448011139027	0.23934334441313304
0.30864431841304285	0.2309573857756706	0.12280485697334598	0.17084684595030675	0.16674659288763352
0.2647630281111356	0.25658518157287175	0.11671246126117464	0.17381853816371662	0.18812079089110106
0.3087058081345698	0.2375315863369406	0.11985055057301898	0.1662696302726808	0.1676424246827895
0.31203369683317644	0.25489656822952866	0.12118622297787082	0.13279062280426518	0.1790928891551586
0.29991316628444725	0.26430108868821717	0.11606571539319643	0.1417352199210531	0.1779848097130858
0.2945520212830617	0.25052569443553946	0.13219202870933516	0.15632674432521737	0.1664035112468461
0.2896063681113107	0.2415801528036537	0.13363033299100438	0.1731482263864964	0.16203491970753456
0.27215397666344987	0.24105820527423943	0.1295500041534401	0.17362327935368124	0.1836145345551891
0.297905078811567	0.2557124698436269	0.11257843063052095	0.12856796059432218	0.20523606011996265
0.26767432151181203	0.24411783154541694	0.11816555871761504	0.18812691891000283	0.18191536931515295
0.26133291704309214	0.25474474622303617	0.12287150404051457	0.20465074011084933	0.15640009258250753
0.30810221419718825	0.24574818598244202	0.11980221238741476	0.16138839135591815	0.16495899607703657
0.2930571933770424	0.24432462667677196	0.13036978009619582	0.16984280088571824	0.16240559896427129
0.28520443546970486	0.26017617279430744	0.1297262907176439	0.14531123148417074	0.17958186953417282
0.276314941028483	0.24909095687716315	0.12759964416067412	0.15120644886717804	0.19578800906650137
0.30837726309778124	0.26653942233970496	0.1237256220592779	0.15539097151226638	0.1459667209909692
0.2823930703937292	0.2668902138162665	0.11403617898470354	0.13374807223820812	0.20293246456709235
0.2851692181975169	0.26012916561168536	0.12083961646007738	0.12298577134342302	0.21087622838729705
0.28644873707457563	0.2329118899439349	0.12401060835839013	0.1798908078169616	0.1767379568061375
0.2691187208733259	0.2558767238008498	0.12957955580947386	0.1616735796878282	0.18375141982852197
0.27945991983030927	0.2533890740614	0.11622338865291233	0.124686105901392	0.22624151155398609
0.2761402615363041	0.233328403066062	0.11481773726225206	0.19843091898903434	0.17728267914634727
0.2860472846499224	0.2309953325872215	0.12074359255350636	0.1951657765400791	0.16704801366927038
0.2659792547347553	0.2628083997025972	0.1258991022831532	0.14719249030991452	0.19812075296957954
0.2957861463568834	0.23985808675633952	0.12371087807336306	0.15502109823687368	0.1856237905765401
0.29438067653231514	0.25707665956036085	0.11977916816952115	0.11680998780472661	0.21195350793307596
0.26381736626666397	0.26455356284781273	0.11629476087971673	0.1851429910400315	0.17019131896577472
0.27155383694098495	0.22999709843986016	0.12830124025842357	0.21017626237434248	0.15997156198638862
0.29270089485052375	0.2248325621867227	0.11428536457201804	0.18548808470956682	0.1826930936811684
0.3083347966815719	0.2247451588125149	0.13314233763125347	0.17067264032990348	0.16310506654475598
0.2822994396773356	0.2290492381614973	0.13042917179790467	0.11675005704311435	0.2414720933201478
0.2944225962339172	0.23272695060536536	0.1310939799035285	0.15713740281606312	0.18461907044112552
0.3094548247398692	0.23541391210322937	0.11994559059639472	0.15723887825438185	0.17794679430612453
0.2735897598926237	0.2610838745114532	0.1280926358854257	0.18011928379732614	0.157114445913171
0.2719181219083523	0.25477992713120096	0.12065895425630788	0.1769664500902262	0.17567654661391238
0.2819729243903657	0.2289790293876176	0.1177952091616945	0.20599733564947825	0.16525550141084366
0.31024020624518567	0.2517466918256979	0.11824193324409729	0.1717285130633868	0.14804265562163207
0.2905572569407757	0.25861298041479913	0.13005996398491604	0.16123481463262124	0.1595349840268876
0.3003651198136932	0.23047668574260557	0.1294701831388374	0.16851244695582185	0.1711755643490417
0.2825841755833796	0.24583021901992014	0.12191536280206361	0.12259820037486438	0.22707204221977198
0.2999277096989189	0.23258712881093394	0.11642257658822941	0.20058038584997784	0.15048219905193957
0.30614833735683555	0.23886600354734	0.11509629705289283	0.16371430594008624	0.17617505610284506
0.26765124527396483	0.2253138501572805	0.11638135266763563	0.16537373211320128	0.2252798197879175
0.27616331536335637	0.23272406481622887	0.1156081607265909	0.12376049785072497	0.25174396124309867
0.2731674601224888	0.24199486161054173	0.11418753573362378	0.12669314694055	0.24395699559279538
0.26930193743021213	0.2622007630538807	0.1145590017065581	0.13957104908772902	0.21436724872161977
0.3086611951853495	0.2387887463135457	0.1296059980332127	0.17602075143064033	0.14692330903725143
0.26239690266408916	0.23968038313859089	0.1331840424044912	0.19047186611031366	0.17426680568251485
0.302172022063254	0.2395970026475091	0.12431631419506242	0.17614718328063916	0.15776747781353503
0.30048583034874427	0.2352996944621022	0.13041736489412983	0.14987426816744856	0.18392284212757487
0.3075033963110539	0.22600329445383283	0.1159541526667387	0.15395215291595843	0.19658700365241588
0.2912354299423113	0.22770223471063494	0.11620049394345718	0.15454343259549064	0.2103184088081057
0.28702049210820235	0.25815131287297366	0.12303375374616604	0.16847322899000045	0.16332121228265728
0.26520116769686997	0.24649614386891167	0.12484884090066786	0.1173345533681808	0.24611929416536948
0.2802305576350698	0.24897685486149562	0.11314820259879889	0.19440758759677884	0.1632367973078565
0.2813051246627617	0.2418134280287811	0.11627719807627927	0.16576212618513403	0.19484212304704365
0.2642233352734389	0.24236835599929618	0.11460159510921364	0.14811848674597095	0.23068822687208007
0.29797322450031355	0.24165508509886569	0.11615552702713054	0.13418189472479908	0.21003426864889083
0.2787501409219705	0.26170565687358976	0.12656278336276097	0.13041640829154785	0.20256501055013065
0.2698680632321797	0.2308815184555857	0.11759783561447959	0.12642218443118547	0.2552303982665693
0.30106263446146053	0.23300971612873822	0.11699367565057527	0.202429020308932	0.14650495345029368
0.3007542043963777	0.23301686643040978	0.11492709087448368	0.12865980980150576	0.22264202849722278
0.3038274415858234	0.24262652200337412	0.12028256938107766	0.1779359977665134	0.1553274692632111
0.2764351182919602	0.23129929326026	0.13263182084099917	0.1593701374010612	0.20026363020571916
0.2722835389903481	0.2298454325961766	0.1224315083316019	0.20742500432909683	0.16801451575277632
0.2957797438779258	0.22675714296598826	0.12574757890609242	0.20486202629403052	0.14685350795596266
0.29684909796217396	0.25699638463300595	0.1135946275822779	0.15993779996136093	0.172622089861181
0.30394735628654757	0.24155064811063326	0.12982960479114286	0.15533720897930497	0.16933518183237106
0.310235075117719	0.23555757309191466	0.112974393117336	0.16611827225391745	0.17511468641911268
0.28630640453138584	0.23728810921236693	0.12760624666125858	0.1729613984949647	0.1758378411000237
0.27206805730470496	0.22545548149766031	0.12731056545480396	0.182775499857084	0.19239039588574647
0.28198706576492916	0.23654564268208766	0.1287116856142037	0.19592741992231985	0.15682818601645937
0.272461228581238	0.238494444593986	0.12088273265972511	0.17580673707754063	0.19235485708751
0.2836297261109734	0.24236221559646534	0.11412044434112617	0.19206738379774288	0.1678202301536919
0.29893224794146717	0.23797520486856727	0.11698878472054615	0.14786463917259	0.1982391232968291
0.2924591586923553	0.23045846664929454	0.12430391345498532	0.160698515883503	0.19207994531986156
0.29541609167621585	0.2542684789841988	0.11520055478311915	0.13272755455321383	0.2023873200032521
0.31062889738063426	0.2670605228666272	0.11272351401496769	0.16226354226538828	0.1473235234723823
0.3075050263612426	0.22664821751155287	0.11935341844001292	0.19224676611360197	0.15424657157358934
0.3073155316698648	0.25047983107974225	0.11300216552567593	0.16942025265503116	0.15978221906968557
0.2867832124451032	0.22552106567293026	0.1189208881705924	0.12265546482204107	0.24611936888933283
0.28051400856852793	0.2571211541715159	0.13058187236637175	0.11960558187526588	0.2121773830183183
0.2913894886496238	0.22978881129381284	0.13340600572957295	0.19498080433177034	0.15043488999521984
0.29375479180176645	0.25442534042132675	0.12738528533460616	0.17637094940638778	0.14806363303591258
0.2645288120651104	0.24504977402357808	0.12647991781559922	0.20292310093427382	0.16101839516143818
0.27138575957594757	0.2325813436999219	0.12150585063938871	0.18879691564416873	0.18573013044057288
0.29818175701412997	0.25581508876171255	0.11560535085288905	0.15495941369467345	0.1754383896765947
0.3003765174609844	0.2329853920526605	0.11714988816043664	0.12411089426805369	0.2253773080578645
0.2899555939739876	0.2538271383231326	0.1308949314309131	0.1339787576673141	0.19134357860465234
0.2678356292154481	0.23712765485763415	0.12108905414277439	0.12698146822471695	0.24696619355942606
0.27062371922771594	0.2247836992315349	0.11725486381750587	0.15148320033162782	0.23585451739161514
0.30786182773052007	0.26012838323404536	0.11951466546690098	0.11647939560935047	0.19601572795918284
0.31142086926622725	0.2560803776804255	0.12330701784347216	0.14267883008364413	0.16651290512623068
0.27067360544479036	0.2636942823073829	0.115431697407478	0.15708771057438964	0.19311270426595886
0.30187146945774246	0.23257060379795141	0.11929964014453154	0.192717383230506	0.15354090336926834
0.2839570959290056	0.2352529796197323	0.11607366324503296	0.1521056266096773	0.2126106345965516
0.27859009995314676	0.22759349883851687	0.13131183326498158	0.13332971828358042	0.22917484965977405
0.27446282934892574	0.2354422084865457	0.11575279841338844	0.15363465367276177	0.22070751007837808
0.27008257350391696	0.23808900840310926	0.11240824352496302	0.18370864077674312	0.1957115337912674
0.30030691399432147	0.23936008322511243	0.11534171387345421	0.17997481155910922	0.16501647734800237
0.29569519099117486	0.2404633352637884	0.12002918794159209	0.1839589630222808	0.15985332278116357
0.268233868191997	0.2616267275879737	0.11363062906045887	0.1726223504016154	0.1838864247579548
0.26835576232566466	0.23656113634295467	0.1217772916188958	0.17913288149191406	0.19417292822057056
0.2856877559276211	0.25993177273172047	0.1133912112863525	0.11941243415755474	0.22157682589675093
0.28258047876107767	0.26088387562056187	0.11421660942221236	0.13796945383818376	0.20434958235796408
0.30504556422562323	0.24305393123908464	0.11378612683036614	0.17504994962170545	0.16306442808322028
0.27521918758573816	0.2561105816662891	0.11411344086363572	0.14284901023983232	0.21170777964450455
0.2676141083451228	0.231445922511728	0.11931419635530725	0.11800587830879095	0.26361989447905076
0.2694828968387594	0.2587532117695721	0.12201050875329468	0.12989123839602876	0.21986214424234476
0.3112116010885995	0.23743457601726406	0.12457077297532347	0.15133227143931283	0.17545077847949983
0.2744570912834784	0.24964184804116687	0.11553621819462599	0.12597146140302806	0.23439338107770044
0.3093042695021959	0.23799994651056333	0.1126926927973994	0.11966209769516699	0.2203409934946741
0.3056575534443235	0.233964496917369	0.1136579677632725	0.16919446509349792	0.17752551678153683
0.2763808924637262	0.2334035544554633	0.11476306294809713	0.11764946829309526	0.2578030218396178
0.26981641460646744	0.2462972807732932	0.1323809027193953	0.1354561406734488	0.21604926122739507
0.29807606584462	0.25434700396045273	0.1271868029439666	0.12499604398500046	0.19539408326595997
0.2683022298050383	0.24231495557367796	0.12840334876440812	0.20619906881727182	0.1547803970396035
0.3022881959582871	0.23611634129778303	0.12239685397435271	0.15029496232334424	0.18890364644623264
0.2656859325886514	0.2643768957805815	0.12432974368087536	0.16236987453281798	0.18323755341707346
0.272567765846331	0.24175059087635625	0.11919763197647733	0.1428312696815755	0.2236527416192596
0.2932093551835276	0.22956498767521474	0.12139195268873529	0.20722529885202515	0.14860840560049696
0.30550483306645054	0.24085736024753765	0.11627699153909646	0.18251977270354125	0.15484104244337382
0.2747878827188276	0.23718282989056816	0.12107685790130183	0.14821908595490593	0.21873334353439625
0.30143100069345663	0.22540539737847512	0.12547468270575637	0.14559542048101054	0.20209349874130106
0.2640543349329453	0.24088108642178538	0.1224977537687122	0.16595338581926244	0.20661343905729443
0.3029828808728973	0.26539684303062056	0.11773793942704214	0.15398620888407116	0.15989612778536852
0.27641974360249477	0.22843619895217493	0.12189555787555818	0.19378975337697846	0.17945874619279337
0.277996663076747	0.2257472849975806	0.13273178702909427	0.14491693951568627	0.21860732538089164
0.2689493100712942	0.2582305087655988	0.12582481903090062	0.19424592351090786	0.1527494386212982
0.3118829176049027	0.23393235704411333	0.12096647661559337	0.13305914797775734	0.20015910075763296
0.3104338671155975	0.22706850994294425	0.1338759169290841	0.17961247915032713	0.14900922686204673
0.295875974937872	0.26521509248630926	0.12547605170361525	0.11813467816479113	0.1952982027074121
0.3034891317912163	0.2268066825413821	0.12816674818994594	0.1909777412466109	0.15055969623084448
0.2843175747736527	0.23087036627488536	0.11683207126465076	0.187993518636006	0.17998646905080493
0.2729753231406318	0.24308392774777518	0.11773700075970883	0.15563142685633932	0.21057232149554464
0.26423072848790474	0.252689543064008	0.12376967485009047	0.14477385836958817	0.21453619522840836
0.26734310769907654	0.25116095000571415	0.13128606340405266	0.20108049979076056	0.14912937910039575
0.26689145996438385	0.25778448753694294	0.12042947022344634	0.16956640074778045	0.18532818152744615
0.2983932200129862	0.23497668823380755	0.1310761020973797	0.17512218876450755	0.16043180089131873
0.26334531377346027	0.24672205576707737	0.1275981072850606	0.1786822897654275	0.18365223340897407
0.2918725840649746	0.2508888368014891	0.11986190625611785	0.14223608350068837	0.1951405893767298
0.29983953579077977	0.2598534236174379	0.13340431967793925	0.11647085525211032	0.19043186566173248
0.2979477698867933	0.24218979700017154	0.1272726721230527	0.12471169023364616	0.20787807075633602
0.3000469808439318	0.26006447325226056	0.13260425546399607	0.15584423661412064	0.1514400538256907
0.26806055424092634	0.25896138111013	0.1304893018379089	0.1864626838038864	0.15602607900714804
0.2687237345561922	0.2266303740635091	0.11889712239175526	0.13263985125770417	0.253108917730839
0.2771357908789903	0.23395544206503685	0.11942675395532819	0.14119605049209327	0.22828596260855105
0.29522281459567096	0.24174106893388003	0.12227236322308928	0.14904944341415488	0.19171430983320453
0.2649126531828993	0.23111413539624132	0.11804886637361625	0.14240786500186578	0.24351648004537707
0.2654112672399753	0.264033156738915	0.12349160177528433	0.17813722292551953	0.16892675132030557
0.30171385693204006	0.2625658286039149	0.11529174039959464	0.17211526184376863	0.14831331222068145
0.3013935229354208	0.2650545709994802	0.12992180159242406	0.1386526919647505	0.16497741250792414
0.3038545475411155	0.22579674143732945	0.11801839781319139	0.15457668117352508	0.1977536320348383
0.3125402483855581	0.23718496986929227	0.13292623147266336	0.12887935556975494	0.188469194702731
0.28175938099164033	0.25819861660378596	0.11740688990857286	0.18819480841006736	0.15444030408593326
0.3100559502997163	0.22768713533163626	0.12532598839625497	0.1576853378672719	0.17924558810512028
0.27337602647667975	0.2601606097598799	0.11905904114232019	0.11941203194749742	0.22799229067362242
0.28372385929305916	0.23208026667299858	0.13394921308034427	0.11936200267927687	0.23088465827432086
0.30322410370374164	0.23293971805038727	0.12563563430556865	0.174752819948088	0.16344772399221413
0.26908895943631983	0.2608859138571029	0.12941062697940636	0.17559688866386186	0.1650176110633088
0.27166045471280614	0.25424973568185383	0.13229621891974785	0.12773762355421803	0.21405596713137387
0.2696822358458052	0.22409938379249267	0.11872284659460204	0.16853422538653673	0.21896130838056313
0.26463080875439127	0.24188746100438044	0.1234174112779549	0.1447295588782544	0.2253347600850187
0.26451987511216535	0.23934237344187975	0.12000356989623284	0.1767249802565137	0.19940920129320805
0.2885192146148624	0.2516613996411642	0.11188587794212426	0.1266747461431531	0.2212587616586957
0.3076312544490472	0.24748268920760458	0.11949944410622651	0.1364205566356913	0.18896605560143015
0.26339759939716	0.2512589844690672	0.12831053911646506	0.12958409521973363	0.22744878179757386
0.28577221153231763	0.2405900593248758	0.1305849327591453	0.15200203096402592	0.1910507654196351
0.28044906247964807	0.2314361585947844	0.1289748500927398	0.19200418471222602	0.1671357441206015
0.28499165420331407	0.25815403998857606	0.12652348242217673	0.17890306270870698	0.15142776067722585
0.2754775992938706	0.24299896108801178	0.11888398665872292	0.16986132361203318	0.19277812934736124
0.3007448333520324	0.25147087346578684	0.12709492152910679	0.13770230663457506	0.1829870650184986
0.279197829326846	0.26508470276276025	0.11538667729458997	0.1840111952205889	0.15631959539521462
0.28315317361765674	0.23511125438691355	0.11952305911668114	0.12075123759202885	0.24146127528671946
0.2778435744067104	0.2314554689159559	0.11595964732714437	0.16733715291057502	0.20740415643961402
0.2727766219578025	0.2514584372904677	0.11959754837299075	0.14036277713619266	0.21580461524254618
0.28963583292672146	0.22729153761778886	0.11593694958825852	0.20721626623409276	0.1599194136331381
0.2877355608484722	0.26520936432140463	0.11770318958212744	0.13386028865617267	0.19549159659182275
0.2663233755793717	0.25054249359135783	0.12787276072239598	0.15083239976137428	0.20442897034549998
0.30292927918948315	0.25293502853641514	0.1181216262720845	0.14801980179776164	0.1779942642042553
0.29340263813160417	0.24602371063682912	0.11199603590587204	0.13804460406874453	0.21053301125694984
0.3031069942807714	0.255481010177588	0.11619606942794865	0.14580292503078202	0.17941300108290964
0.29388760824661	0.24088692028952888	0.11234035733440256	0.19803237530281398	0.15485273882664433
0.2738222103260225	0.23890924167786026	0.12266930375399582	0.15945564129965567	0.2051436029424655
0.29026958049771856	0.23388016512914572	0.12328834889756267	0.12213218793859158	0.23042971753698116
0.2818459937892778	0.22843763882971857	0.1238182246965484	0.14423294938246586	0.22166519330198906
0.27687015614924215	0.2528607753754267	0.132260041606742	0.1318567665334841	0.2061522603351047
0.3000234640941555	0.23005158951839344	0.13021697841593802	0.17569077526179908	0.1640171927097137
0.28301825317189955	0.2518295779827111	0.13206838289508258	0.15726176620242863	0.17582201974787792
0.30053493140577875	0.2572928671456425	0.11520221202723592	0.1808937386547854	0.14607625076655714
0.29790635689107237	0.2564497327063909	0.11903651228760581	0.1607318509698671	0.16587554714506358
0.2765364093887997	0.26071591292105845	0.12171237650831747	0.13591757059208967	0.20511773058973445
0.26728945397709597	0.264261417466601	0.1206365594016409	0.15341094820758377	0.19440162094707814
0.2802078219911164	0.23994324883733603	0.11279849239025917	0.1453860855696444	0.2216643512116437
0.3116145825319571	0.25883708063231814	0.11880492077959975	0.11707054824040748	0.19367286781571716
0.296201092421753	0.24637287913848763	0.11347510525487654	0.16768661370682847	0.17626430947805405
0.28727715931878584	0.24893331213409248	0.12454292497456536	0.17113301210331378	0.16811359146924226
0.2618944805984309	0.23384609782105442	0.12301742625084622	0.1853235548526027	0.1959184404770655
0.2919649365779615	0.22814594801348725	0.12985407853598224	0.19299971079643605	0.15703532607613263
0.3008258135601385	0.23255680477599866	0.12791646775458915	0.13538097722061476	0.20331993668865864
0.2882123169933837	0.2552245191949213	0.13285079343744977	0.12207213263621572	0.2016402377380292
0.2858023733461724	0.22871528544638492	0.11986437153979397	0.12616294281819793	0.23945502684945053
0.2766150532162027	0.2634329641378824	0.1339587538909671	0.11821586700763649	0.207777361747311
0.2989561698478975	0.22917498448312854	0.11551546310742765	0.12380206144395212	0.23255132111759386
0.2892245453661546	0.2377557526065043	0.11836486034397187	0.2023649897973812	0.1522898518859877
0.2709998291445925	0.22529749417372644	0.12489384907378685	0.1749317374937718	0.2038770901141222
0.29315980787010687	0.26445762930686284	0.12274954778263832	0.16926034249405245	0.1503726725463393
0.26844494146465314	0.2602640616455217	0.12068130527657642	0.18745695611932728	0.16315273549392123
0.2715346676628324	0.2610256379323162	0.11887976861812588	0.18004654081225957	0.16851338497446566
0.3103070770477031	0.2523918604531315	0.12135492823871191	0.1540983326591538	0.16184780160129944
0.27906967589343207	0.227037790252985	0.1307862930466466	0.21143894751866543	0.15166729328827058
0.28728053031121614	0.24652927822139847	0.12816727812031048	0.11974948154320647	0.21827343180386816
0.3059169776953632	0.23166072944826216	0.13009791771676082	0.17729212747013184	0.15503224766948168
0.2745627923556158	0.22639082008477102	0.12944995776986928	0.179110871703002	0.19048555808674159
0.27787089883276334	0.23428902627351222	0.11241897796272292	0.16862563745008693	0.20679545948091435
0.27949400514234224	0.24009973914834304	0.1166899849322289	0.16109317461744796	0.20262309615963758
0.2742124446419565	0.23849162100140528	0.12982549404396804	0.17614509458131633	0.1813253457313536
0.2782327963351873	0.2246064273594512	0.1305624189833839	0.1598187160403967	0.20677964128158063
0.27248085888719387	0.2355220855782071	0.12304202792614789	0.18180047103180355	0.18715455657664737
0.29851342794547225	0.2620415468036148	0.12591133785426356	0.13163393690288117	0.1818997504937679
0.2644730852672477	0.2400567941733001	0.12315367370361967	0.1621178280293109	0.21019861882652138
0.2860841513933209	0.22893707731244675	0.11660415829201765	0.16089281696680371	0.20748179603541078
0.27871808931274455	0.2625533195494358	0.11477697600858305	0.15364905471695917	0.19030256041227717
0.2768777771228533	0.2259983842736852	0.12049216918466331	0.20022800563366577	0.17640366378513214
0.3091737268753848	0.24803869319955654	0.12254690634272537	0.12798052409219654	0.19226014949013642
0.3101882964324674	0.2571630336991457	0.1291787959269779	0.14587824640229893	0.1575916275391097
0.2803482530617056	0.23182459466649213	0.12244280663991783	0.1237387734092871	0.24164557222259708
0.2915442406393808	0.24248694774559493	0.12083409836314123	0.15559789288973816	0.18953682036214461
0.2746603251619358	0.23277081654622722	0.11538076844454255	0.18447717293305874	0.19271091691423545
0.28506768857655285	0.23680746139700687	0.11736354015342833	0.2067436352092861	0.1540176746637256
0.28649872835441237	0.23357568518081648	0.1307391131699842	0.1755949941764551	0.17359147911833156
0.26393269888827864	0.2450261873914129	0.12827094769139294	0.18895120141495378	0.17381896461396146
0.26837972857272996	0.2503010857294813	0.11732726522748013	0.20503296337627763	0.15895895709403068
0.2665876911562189	0.2554912572236626	0.11953992090775188	0.18468685695870726	0.17369427375365906
0.2882556567812696	0.23673674635251324	0.11757483788548169	0.1321016437530662	0.22533111522766897
0.2917399446080484	0.23846850823734297	0.11285636251982853	0.14662981025300237	0.21030537438177746
0.26489074347069247	0.23189861660622077	0.1223121748035377	0.1915339580149118	0.189364507104637
0.26110665479385814	0.25032678606186165	0.11294836926739364	0.17363807919553037	0.20198011068135596
0.2877517499189451	0.2535700745531239	0.13082366055718744	0.13022341590132175	0.19763109906942153
0.2864169624248124	0.2506305082317938	0.12825308770306673	0.16847077406768857	0.1662286675726382
0.28455121671411304	0.2401756256548171	0.11943705549244847	0.12376912745282073	0.23206697468580034
0.27050668809350004	0.2367450346190441	0.1255679091201203	0.13618596432655095	0.23099440384078435
0.2943701881972747	0.23015299733933445	0.12739182817414751	0.14290726540908005	0.20517772088016306
0.2784248884748724	0.23630769639596755	0.12544697635612606	0.1281635643495923	0.23165687442344143
0.28119141100077344	0.2365557891885645	0.12283566850116699	0.15897145849834998	0.2004456728111448
0.2815604121264302	0.24001025592500022	0.11289100748167878	0.1480268781435518	0.21751144632333874
0.2868139995713539	0.2579732447718738	0.12043238354081931	0.1786443754872188	0.156135996628734
0.2649520301873589	0.26072567728975343	0.11536118206713462	0.15498767563366897	0.20397343482208383
0.27157937746200006	0.2513240875860965	0.11195827771839985	0.13868375329226798	0.2264545039412354
0.31113513565500084	0.23045200109649805	0.1264516781550934	0.1406631365604687	0.1912980485329387
0.2833339543922456	0.2250588528479777	0.11537622507714637	0.16662198042537044	0.2096089872572596
0.29069830097576727	0.23585517555739002	0.11909258142026043	0.1830512377073598	0.1713027043392222
0.31116880936667457	0.23606796527586804	0.119747802865414	0.13115034029041228	0.20186508220163085
0.2933804926905068	0.24273457041959073	0.13035219071484894	0.13703997038667182	0.19649277578838142
0.2944625496632947	0.2549627864143949	0.12241309442845075	0.13268691427243628	0.1954746552214231
0.27312604657216344	0.23411083781382427	0.1312992957857823	0.13128325815785635	0.23018056167037335
0.2959921619290648	0.2251627843152434	0.13008223387425522	0.183716471136945	0.1650463487444913
0.3107012394800716	0.2419372090959864	0.1316441480652512	0.1683889099177248	0.1473284934409657
0.26710297657032317	0.24761433699077162	0.1190393998754987	0.19115715511930687	0.17508613144409937
0.2875994794435734	0.22899750743528363	0.11638400527748141	0.164190884659668	0.20282812318399332
0.26973894381487806	0.24435969874427566	0.12013168983301797	0.11952824078319675	0.24624142682463127
