0.34934266704270917	0.4002595905048728	0.2503977424524182
0.34956670271906576	0.4001225084884775	0.2503107887924569
0.34906487353168103	0.40101586985429954	0.24991925661401954
0.34921874871682534	0.40119923559361403	0.24958201568956073
0.34902470685561227	0.4015600632392465	0.24941522990514137
0.34886624433290814	0.401499535603344	0.24963422006374797
0.3497748758919093	0.4009491151565977	0.24927600895149316
0.34878874300294477	0.3998975144896144	0.251313742507441
0.35003755090490374	0.40024911838612354	0.2497133307089729
0.3495773082533474	0.40138261769965355	0.24904007404699918
0.3500335417932727	0.40134303706384544	0.248623421142882
0.3495422213625713	0.400616178883618	0.24984159975381087
0.349329056257835	0.4010439589873812	0.2496269847547839
0.3498063732388151	0.401739747224419	0.248453879536766
0.3484346379534598	0.4003587717086796	0.2512065903378607
0.3490975149322908	0.3996761283288987	0.2512263567388106
0.34994620072574234	0.4007264563445831	0.24932734292967465
0.3500853610679664	0.40056086724547635	0.24935377168655737
0.34913602072686983	0.4008740928319051	0.24998988644122513
0.3493261081670543	0.4008131060268066	0.24986078580613924
0.3492498831087858	0.40111837229955555	0.24963174459165877
0.349937297676282	0.4008010855831108	0.24926161674060732
0.34966718141734937	0.40066978522881097	0.24966303335383977
0.349501109450591	0.40003632649564935	0.2504625640537598
0.35012741456339347	0.4001371682588388	0.24973541717776782
0.35006241510819563	0.39978020050783003	0.25015738438397445
0.34932852316342294	0.4002840015212277	0.25038747531534944
0.3483505569529385	0.4014494901634881	0.25019995288357355
0.3488932281472599	0.4011468529758394	0.24995991887690075
0.3483467355054242	0.4003971905836748	0.25125607391090116
0.3485946950941936	0.3998680499274569	0.2515372549783496
0.3489652990508121	0.4017555088199803	0.24927919212920777
0.34975964515349345	0.40035975575811217	0.2498805990883945
0.3497548977045331	0.3997411251246092	0.2505039771708578
0.3488905661001723	0.4009431820465773	0.25016625185325053
0.3497511553296277	0.399880655438706	0.25036818923166637
0.3500698014683764	0.40075565516027495	0.24917454337134876
0.34993694381099694	0.40093099319644393	0.24913206299255924
0.34867834262013503	0.4017013010350943	0.24962035634477073
0.34980480652751567	0.3999870436987504	0.25020814977373407
0.3483284713253811	0.40056522719155024	0.2511063014830688
0.3488546423051559	0.3999372356308937	0.25120812206395055
0.34938737339657433	0.4008982119310821	0.24971441467234365
0.3489913088979231	0.40170444753145346	0.24930424357062356
0.34911216168726356	0.4003614667796387	0.25052637153309787
0.34958389242304067	0.40141278774069694	0.24900331983626253
0.3499190075310874	0.4004702496871895	0.24961074278172324
0.3483191366117995	0.40040890922086875	0.2512719541673319
0.3498421191605632	0.40143550567965336	0.24872237515978357
0.3494445472077183	0.40070562804019294	0.24984982475208894
0.3495152113452382	0.39975127164782065	0.25073351700694124
0.34940983918318397	0.4003801949204809	0.25020996589633526
0.3500991810621864	0.4001186903180344	0.24978212861977928
0.3499921704974285	0.4000101235501053	0.24999770595246634
0.3499362509783127	0.4003248593752793	0.24973888964640814
0.34985732564333016	0.400134908177953	0.25000776617871695
0.3497403257140539	0.3997892577948675	0.2504704164910787
0.34831923536965187	0.4014897011902965	0.25019106344005176
0.3496936691661313	0.3998522831577996	0.2504540476760692
0.34962485041728497	0.3998087310314772	0.25056641855123796
0.3485770164863872	0.4013267093194731	0.25009627419413977
0.34972502154900753	0.4005055602055955	0.24976941824539703
0.3499850221573337	0.4004302381210159	0.24958473972165052
0.3489812947836529	0.3999001303314787	0.25111857488486855
0.34989246004826313	0.4015700929476562	0.24853744700408079
0.3497864750741059	0.4005982968349908	0.24961522809090336
0.3485141606383569	0.4010602881790732	0.25042555118257004
0.3493553756107701	0.40105468672087763	0.24958993766835236
0.34931764052320374	0.40174826898955257	0.24893409048724383
0.3501543636886605	0.40030812656047743	0.2495375097508622
0.3490873810037788	0.4017421637723986	0.24917045522382275
0.35011597423674273	0.40098688301593943	0.24889714274731795
0.34902160804386007	0.4008435656714522	0.25013482628468786
0.3496467036783065	0.40121625600700805	0.24913704031468553
0.34911415603583285	0.3997019473095297	0.25118389665463753
0.34906792465610614	0.3997730155637522	0.2511590597801417
0.3491735172383538	0.4009155322515134	0.2499109505101329
0.34839900260601186	0.40046875866622933	0.25113223872775897
0.34942651984541895	0.4008494457285906	0.24972403442599056
0.3494427977960857	0.40163798462665956	0.24891921757725485
0.34971631496511685	0.40015433664666894	0.2501293483882143
0.34878877762272964	0.39993141951884403	0.25127980285842644
0.34908805377154245	0.40062300949041885	0.2502889367380388
0.34902780171560505	0.4008789098854997	0.25009328839889544
0.34850614901968285	0.4007655606991073	0.25072829028120996
0.3491018790617254	0.4000402122124576	0.2508579087258171
0.3485711716726179	0.40064472397155454	0.25078410435582765
0.34966327979122713	0.4000430477628139	0.25029367244595907
0.3501450372665648	0.3996948886485447	0.2501600740848906
0.3488291724135397	0.39970367408111496	0.2514671535053455
0.3490944625855235	0.40152358345717754	0.249381953957299
0.3499828522838977	0.3996266604865132	0.25039048722958923
0.34915269483395484	0.39984164052098353	0.2510056646450618
0.3490134738392355	0.40093875816882407	0.2500477679919405
0.3494905251264853	0.4001765034666425	0.2503329714068723
0.3497166326377026	0.40167575585881976	0.24860761150347777
0.3486065286659413	0.40019270199888035	0.2512007693351785
0.3499741805464581	0.4007637093904376	0.24926211006310442
0.3484260357626419	0.4016028512062402	0.24997111303111805
0.34932669428072943	0.40061048922135467	0.25006281649791606
0.3484020953579714	0.40012448165158804	0.2514734229904407
0.34921773071137807	0.40059167016673575	0.2501905991218863
0.34983206382091064	0.40089103987815816	0.24927689630093133
0.350095869547862	0.4001850706187377	0.24971905983340043
0.34963765109915124	0.4006046420481338	0.24975770685271512
0.3500747398721339	0.4000867280413375	0.24983853208652873
0.34910316988466855	0.40105937954035004	0.2498374505749815
0.34932184350389556	0.4010211888362911	0.2496569676598135
0.3488773520750573	0.40135941838414935	0.24976322954079344
0.34940672759150354	0.40031878865858617	0.2502744837499104
0.3494224238348873	0.40100891627854174	0.24956865988657106
0.3494670994541283	0.40112431021288675	0.24940859033298504
0.34872620184674485	0.40068524714457715	0.2505885510086781
0.3501470379220792	0.4012342815448231	0.24861868053309782
0.348894023663895	0.40036358977929337	0.2507423865568117
0.3494455902158448	0.40015656374197317	0.2503978460421821
0.3486118769839486	0.4000749152881644	0.2513132077278871
0.348777017198124	0.4015871853541273	0.24963579744774883
0.34913736078508695	0.40068102974381964	0.2501816094710935
0.3489575016845389	0.40036605591628505	0.2506764423991762
0.3493847586404139	0.4002821676755637	0.25033307368402247
0.3484217533132475	0.4006983349439211	0.25087991174283153
0.3483573588122235	0.40024275497705514	0.2513998862107214
0.34942291967662387	0.4012688864763411	0.24930819384703512
0.3491601076338129	0.39981588883283775	0.2510240035333494
0.349400462724784	0.40097816321420765	0.24962137406100848
0.3487636898658443	0.39973586105760994	0.25150044907654595
0.3497786067937532	0.40040857587379997	0.24981281733244692
0.3488221500372157	0.40014518861718706	0.2510326613455974
0.34917431344191513	0.3997798868596465	0.25104579969843854
0.3483611656547111	0.4010374524138329	0.2506013819314561
0.3487657579084093	0.40061252854890916	0.2506217135426817
0.3499092796427744	0.40015504419893877	0.24993567615828693
0.34987353617459627	0.4013173580975976	0.24880910572780623
0.3499177628250147	0.4007053762525567	0.24937686092242872
0.349002974447469	0.4000989531943247	0.2508980723582064
0.3494403862436266	0.40048765325381414	0.2500719605025593
0.34962256490914445	0.39982797208466747	0.2505494630061882
0.3486343491402379	0.4014974152787415	0.24986823558102078
0.3485575754466523	0.39977709779156634	0.2516653267617815
0.34972323455922383	0.40141345969178927	0.24886330574898702
0.34913908018409057	0.4003980795774324	0.2504628402384772
0.35012438119430794	0.3996780272461344	0.2501975915595578
0.3498508219180143	0.40040464772879153	0.24974453035319427
0.3486218832860439	0.400317322266227	0.2510607944477292
0.3491774880930387	0.40004670383248664	0.25077580807447475
0.34837407597904824	0.4010155834657453	0.2506103405552066
0.34901181917355156	0.39991598812297613	0.2510721927034724
0.3492519663895939	0.4002901109509953	0.25045792265941086
0.3485480600442964	0.40114841201977636	0.25030352793592736
0.34987774163460506	0.40063278590784424	0.24948947245755088
0.3497448658034407	0.40091504455948634	0.24934008963707305
0.3496944956409336	0.3996131225932583	0.25069238176580827
0.34894351280747093	0.4011752574684474	0.24988122972408172
0.3488700871994074	0.3996398579276365	0.2514900548729562
0.34944247256796446	0.4008558957158909	0.24970163171614473
0.34858493419679737	0.40050539548572084	0.2509096703174819
0.34935627246928064	0.4017699099648457	0.2488738175658738
0.3486218174043818	0.4002811186660229	0.2510970639295954
0.3496549195007455	0.401233206077403	0.24911187442185162
0.34850788665317045	0.4016777156482658	0.2498143976985638
0.34917787689511076	0.40098660915830175	0.2498355139465876
0.34905978058071946	0.4015228596152988	0.24941735980398183
0.3484247890603303	0.39993435504889097	0.2516408558907789
0.34983642785403213	0.40099645030748843	0.24916712183847955
0.3483467656814633	0.40167321440758685	0.24998001991095
0.3488063940024368	0.40145228002103844	0.24974132597652487
0.34917806859334555	0.40106747194238	0.24975445946427455
0.34872123472240024	0.401012197920504	0.25026656735709585
0.3486812007415704	0.40138462755496473	0.24993417170346496
0.3490011245725044	0.40099651666762437	0.2500023587598713
0.3486864051972589	0.4010698276438756	0.25024376715886565
0.350071293916915	0.4013929175590469	0.24853578852403824
0.34881428188506547	0.40172133900894696	0.2494643791059877
0.3488863957063533	0.39964761938705745	0.25146598490658933
0.3491991482621194	0.4016670541031655	0.24913379763471521
0.3501625251179256	0.40031462505473986	0.24952284982733464
0.3486945973110716	0.3999751870398622	0.2513302156490663
0.34965013989149407	0.40107597784468163	0.2492738822638244
0.348448002890676	0.4016934580011641	0.24985853910815994
0.3494041152600409	0.3997155467274914	0.25088033801246784
0.3489268466759621	0.40100436565407016	0.2500687876699679
0.34989575155391806	0.40168048577624993	0.2484237626698321
0.34959889743356626	0.4002781753300688	0.2501229272363651
0.34912792477793303	0.3997481519175619	0.25112392330450517
0.3483141792374048	0.4009445612326875	0.2507412595299077
0.3484123080190897	0.3999350127576858	0.25165267922322465
0.3483717531134212	0.40001746769727275	0.2516107791893062
0.34832272330750497	0.40070310963223954	0.2509741670602556
0.3491404858243876	0.4010998293430028	0.24975968483260966
0.3497248559328321	0.4006650742872333	0.24961006977993475
0.3494757715202204	0.40072875451454293	0.24979547396523674
0.3498443911740677	0.40162634404988273	0.2485292647760497
0.3492391999183621	0.40036081211186797	0.25039998796977003
0.3496408268675292	0.4004385182712586	0.24992065486121234
0.34934733017590514	0.39976738984924537	0.2508852799748496
0.3493757877061406	0.40043122454689134	0.2501929877469682
0.34932292797495323	0.3998917956962115	0.25078527632883535
0.34899998105408825	0.4001950541240617	0.25080496482185016
0.34912091210341595	0.4016582392807844	0.24922084861579974
0.34959502356266925	0.4001378347361151	0.2502671417012157
0.3493130864617621	0.4012552463276551	0.24943166721058288
0.3492253343788647	0.40048508244910314	0.2502895831720322
0.34897864800949896	0.40037691984300927	0.2506444321474919
0.3488813606813133	0.4014825704613866	0.24963606885730025
0.3492235240156709	0.40111381769131715	0.24966265829301204
0.34974181918033476	0.40084974765115733	0.24940843316850808
0.3491416005370065	0.4015349692135581	0.24932343024943554
0.3490581167066573	0.4012625349021039	0.2496793483912389
0.3488411844406065	0.3996059302803839	0.2515528852790097
0.34911422583903606	0.40004522511631996	0.2508405490446441
0.3500951817351271	0.3998745686300355	0.2500302496348375
0.3493966182242464	0.4012632917135439	0.24934009006220983
0.348365605640363	0.3997476074954178	0.2518867868642193
0.3490946269370428	0.40117012476673575	0.2497352482962215
0.3491624777103331	0.4017562569442513	0.2490812653454157
0.3496257243650981	0.4009954734575445	0.24937880217735758
0.34914400295768216	0.40013098606086717	0.2507250109814508
0.3487582221268675	0.4001944802931958	0.25104729757993677
0.34912591951846195	0.400797668175731	0.2500764123058072
0.34910441221760274	0.4006574591383425	0.2502381286440548
0.34963800768079156	0.40159815834151946	0.2487638339776891
0.3483121121847829	0.40155602159029946	0.25013186622491773
0.34916589520460595	0.40172934454238646	0.24910476025300768
0.34831047996427683	0.4006148490386074	0.2510746709971159
0.3493696220583348	0.40078578127131326	0.24984459667035205
0.34866494705703577	0.4008468072241578	0.25048824571880657
0.34962852424229374	0.401074144081304	0.24929733167640236
0.34921346328663816	0.3996921657666239	0.25109437094673803
0.3487123693219884	0.3999791953408841	0.25130843533712754
0.3498717336600621	0.3997523636347353	0.2503759027052027
0.3494047894528883	0.3998854091990128	0.25070980134809906
0.34866226248332	0.4000459547519988	0.25129178276468134
0.34987834441420257	0.4012782426142457	0.24884341297155188
0.3488461000574468	0.4003671839741997	0.2507867159683536
0.3484532464474372	0.4008484203149973	0.25069833323756563
0.34992612042870647	0.4013702117691273	0.2487036678021664
0.3488275418424711	0.4010056120406236	0.2501668461169054
0.3498422358905836	0.4014154361160577	0.24874232799335882
0.35005656456044437	0.40098999899034937	0.24895343644920637
0.3494386793055485	0.4012095873448896	0.24935173334956204
0.35010566950096833	0.4015387395119658	0.248355590987066
0.34948214459240623	0.4006202504621068	0.2498976049454871
0.3492005724329186	0.4008565513738877	0.24994287619319386
0.34961844050799473	0.4006921534811365	0.24968940601086886
0.3501536953534136	0.4008789070963883	0.24896739755019823
0.34981019573298733	0.4010013532508019	0.24918845101621093
0.34886029003472285	0.4008475298126956	0.25029218015258164
0.3483442639494049	0.4001096992540543	0.2515460367965409
0.34941335348894703	0.4017341217951076	0.2488525247159455
0.3499909561259402	0.4012756795904669	0.24873336428359297
0.3488529712289627	0.4010213293284438	0.2501256994425936
0.3485088006181557	0.40121266856910004	0.25027853081274437
0.34987333037313206	0.401272219966244	0.24885444966062403
0.35008259491130006	0.4012194479387085	0.24869795714999154
0.3495228571898771	0.3997729847002891	0.25070415810983393
0.34863666951819383	0.3999741872072339	0.2513891432745724
0.34943030713477485	0.4010519310782402	0.24951776178698507
0.34978392489487764	0.4009796513691868	0.24923642373593569
0.3493605145134086	0.4003424900869984	0.2502969953995931
0.34997903146306625	0.3999333295834879	0.250087638953446
0.3491844006281512	0.4002024660889605	0.2506131332828885
0.3490899758349584	0.40167526134607917	0.24923476281896262
0.3501352907079128	0.40143978702444083	0.2484249222676465
0.34954451026600236	0.4010762016011637	0.24937928813283405
0.3494044335358155	0.40161837077644813	0.2489771956877365
0.3487757262005968	0.4007959356059121	0.2504283381934912
0.3492162899239447	0.40176096782833576	0.24902274224771964
0.3492548124493149	0.40118983307253336	0.24955535447815186
0.3491623341403699	0.40103285494554813	0.24980481091408208
0.34851299893034904	0.40090400017555816	0.2505830008940929
0.3492374686030665	0.39961677223385483	0.2511457591630788
0.3488945642412585	0.4014832443088693	0.24962219144987235
0.3495910915321132	0.4011769289097526	0.24923197955813425
0.34919980623920777	0.3995858923665192	0.25121430139427314
0.34873380311096996	0.4010867922586435	0.2501794046303866
0.3484006702861623	0.4003624680814495	0.25123686163238834
0.3492352610805123	0.40025880050359547	0.2505059384158923
0.34844114745479393	0.40056411149891824	0.25099474104628794
0.3484771353274959	0.40014705497945713	0.25137580969304707
0.34950069656868865	0.4014966736659571	0.24900262976535437
0.3484931826030987	0.4017673056087047	0.2497395117881967
0.3495217316616697	0.4001068838985409	0.25037138443978946
0.3493102599913639	0.4001039402932319	0.25058579971540434
0.3501599824574498	0.39966392185935457	0.25017609568319576
0.34967538972233364	0.40020231678527335	0.2501222934923932
0.3484006055300554	0.40099855910029236	0.2506008353696524
0.34893804386157046	0.4015246866822599	0.24953726945616975
0.34919883348206665	0.40125396128167345	0.24954720523626
0.3491045479561412	0.40162290393676703	0.24927254810709187
0.3491688006413597	0.4005573925014243	0.2502738068572161
0.3492736478370848	0.3998381938592609	0.2508881583036544
0.3500963828279504	0.39985310656112216	0.2500505106109276
0.3484045636207561	0.40078757827150124	0.25080785810774275
0.34866368148400323	0.40114245859627745	0.25019385991971943
0.3491956598576138	0.40014004894204547	0.25066429120034084
0.34872527366867034	0.40114703594215795	0.2501276903891718
0.3497936775794619	0.3997386151006843	0.2504677073198539
0.34856152794715123	0.4012454899010336	0.25019298215181535
0.3492840614645171	0.4016098811230874	0.24910605741239555
0.34860701922733384	0.4006610854863636	0.2507318952863027
0.3495362421931375	0.39986364978485556	0.25060010802200705
0.35010666267980445	0.40011860821425743	0.24977472910593823
0.3496329438449961	0.4006587551205496	0.2497083010344544
0.34920295748702135	0.40056818359230306	0.2502288589206757
0.3501146522035755	0.40012007164397123	0.24976527615245336
0.34902055544638616	0.40086356048342875	0.25011588407018526
0.34902085587099607	0.4014223294092285	0.24955681471977553
0.34849732942755357	0.4007636870421217	0.25073898353032487
0.34840145393700894	0.3998146195081781	0.2517839265548131
0.3492519356368509	0.39970675184596255	0.25104131251718664
0.35002409583989663	0.40100788617843997	0.24896801798166351
0.3484039417642164	0.40149623994308925	0.25009981829269445
0.3487613342038557	0.40072327344205855	0.2505153923540859
0.3500139713510449	0.39970914205582164	0.2502768865931336
0.3489041111786755	0.40130729507782725	0.2497885937434974
0.34861198662196446	0.4010538202546271	0.25033419312340854
0.3484291046776544	0.4014458533365	0.2501250419858456
0.3485362022043631	0.4008645757199413	0.2505992220756958
0.3484786774336388	0.40164011053421883	0.24988121203214247
0.34882712484272405	0.39994217627651724	0.25123069888075883
0.3488507234993378	0.3998754514837512	0.2512738250169111
0.34919832956783337	0.40055804231504566	0.25024362811712114
0.34949611236171896	0.40173312316017934	0.24877076447810179
0.3495955479997029	0.400986507691982	0.24941794430831518
0.34877440772262713	0.40159758416560937	0.2496280081117636
0.34859980512570615	0.4009190567828442	0.2504811380914498
0.34963790148241125	0.40164572647144464	0.24871637204614422
0.3488342150484232	0.4005887382065693	0.2505770467450076
0.34900218985256415	0.39998101681813064	0.2510167933293053
0.35008139537307675	0.40028985225852737	0.249628752368396
0.34943026893130347	0.4005772536008788	0.2499924774678178
0.348759698109464	0.4015508437385322	0.24968945815200388
0.3494124051552995	0.4012210140162982	0.2493665808284024
0.34889948219602274	0.40144603293871994	0.24965448486525743
0.3486340101085196	0.4013132079059035	0.250052781985577
0.34946316298037494	0.40020832783567106	0.2503285091839541
0.3485527318338047	0.40061837550139345	0.250828892664802
0.3486468980822009	0.401165522515496	0.2501875794023033
0.3498867273511015	0.40094537378774364	0.249167898861155
0.3484818627487912	0.4012454113811119	0.2502727258700969
0.34938448096545055	0.40029461874587924	0.2503209002886704
0.34889418090904456	0.40063665432716355	0.25046916476379194
0.34881534357776905	0.40135491900503534	0.24982973741719572
0.34850655979375367	0.4008373358875631	0.25065610431868335
0.34916282941683424	0.4012134503591743	0.2496237202239916
0.3498726069220777	0.40174523008547147	0.24838216299245092
0.34896525464241857	0.4002730878751128	0.2507616574824687
0.34971030549976284	0.40006370238312344	0.2502259921171138
0.3493901241329207	0.4005914713109764	0.250018404556103
0.34923877136647064	0.4008649274858754	0.2498963011476541
0.34900137146132465	0.4011906726516661	0.24980795588700935
0.3500719984666885	0.40110560751119595	0.2488223940221156
0.348879995871642	0.4000863545708982	0.2510336495574599
0.34863082794083844	0.40023459573614945	0.2511345763230122
0.34997978049240275	0.40165196238997547	0.2483682571176219
0.34964613362714564	0.40165987100757855	0.24869399536527592
0.34848316299141946	0.40080594154267657	0.2507108954659041
0.34899357785892393	0.40053061082945657	0.25047581131161967
0.34863534502456595	0.4012420549922301	0.25012259998320413
0.35003215668206156	0.3997314473530191	0.2502363959649195
0.34864547061839035	0.39983662749202753	0.25151790188958223
0.34866530614281765	0.4016161545217636	0.24971853933541893
0.34933772833384674	0.4013673911207023	0.24929488054545104
0.34845453008790733	0.3999217528728708	0.25162371703922193
0.3490974917610904	0.4005771467326708	0.2503253615062389
0.3500027498038558	0.4013929771443944	0.24860427305174987
0.3496502171878153	0.40093901155847966	0.2494107712537051
0.34908474014877494	0.4005330596621151	0.25038220018911006
0.348437529519828	0.401664135188999	0.2498983352911731
0.34948983842223275	0.4005363140595284	0.24997384751823898
0.34894839793965066	0.4015494201212449	0.24950218193910456
0.3497374145182921	0.3999566173150479	0.2503059681666602
0.3500397157361161	0.4009316587232525	0.24902862554063154
0.349273898676413	0.4007613407957905	0.24996476052779654
0.3484414694993403	0.4015392930899881	0.2500192374106718
0.3487821371062256	0.4004237543214475	0.2507941085723271
0.34941182221927836	0.3996367391310517	0.25095143864967007
0.34917716390692016	0.399966917269235	0.25085591882384495
0.34846318061604487	0.4010770296911424	0.2504597896928128
0.3489695013614373	0.4013069465350804	0.24972355210348235
0.3496612283434756	0.40171755273251286	0.2486212189240116
0.3493432949429572	0.399837480835702	0.250819224221341
0.3498836002261981	0.401771316654729	0.24834508311907305
0.3488582929073555	0.40022659923188875	0.25091510786075594
0.3489098257468441	0.40010553672697835	0.2509846375261776
0.349664114163351	0.4004346473838586	0.24990123845279053
0.3488220232767088	0.40111197983132396	0.25006599689196735
0.3492127928491146	0.40006319597664314	0.25072401117424237
0.35004352871368744	0.40113955015691205	0.24881692112940057
0.34946209631729397	0.3997406378649221	0.250797265817784
0.34952811378951937	0.4003320229155509	0.2501398632949299
0.3497414775017802	0.40038776886540395	0.2498707536328159
0.349931318746184	0.4000298538145282	0.2500388274392879
0.34908827478046806	0.4002793104428623	0.2506324147766698
0.3488618465664792	0.39989243939422003	0.25124571403930096
0.34911508144698356	0.39970580256791255	0.251179115985104
0.34922442922379504	0.4003202951098882	0.25045527566631687
0.3500648261381951	0.40050032326062146	0.24943485060118353
0.349937560224463	0.40029760497158506	0.24976483480395212
0.34897685894800656	0.4002147435746565	0.2508083974773371
0.3500210446826828	0.4003308876537619	0.2496480676635554
0.34951176827300084	0.40136225584164203	0.24912597588535723
0.3498505227131229	0.40124534482950486	0.24890413245737236
0.34992093170030253	0.40151667990973283	0.24856238838996472
0.34853482286579757	0.39991273338333155	0.251552443750871
0.34847766495506627	0.4008028855629441	0.2507194494819897
0.34967774945422614	0.4000400449395873	0.2502822056061867
0.34854389143416387	0.40118698606157815	0.25026912250425803
0.3489700654015828	0.40125081050663636	0.24977912409178088
0.3495947884134138	0.4011155434100294	0.24928966817655693
0.3492683042575408	0.40071220258406715	0.25001949315839217
0.34948155096399003	0.40057205261793816	0.2499463964180719
0.3483485115752492	0.40147925010764357	0.25017223831710733
0.3501355785995453	0.3999489198262457	0.2499155015742091
0.34915661953290744	0.40177279298447566	0.249070587482617
0.34903716804588514	0.39986865198599064	0.25109417996812433
0.34886618632950134	0.4016045137722216	0.24952929989827713
0.3501169050410663	0.40084694317027014	0.24903615178866367
0.3499693717333056	0.39980924019315783	0.25022138807353667
0.3493664357799504	0.4011377702575938	0.24949579396245591
0.3483932063357629	0.401233417977866	0.2503733756863712
0.34902780475029294	0.4004403769793371	0.2505318182703701
0.348902713629904	0.40054673086344467	0.2505505555066515
0.3494686097718397	0.4008168718609493	0.24971451836721115
0.34955472263545967	0.4011856228173548	0.2492596545471856
0.34902181500808555	0.39986092225516245	0.2511172627367521
0.34994729142778935	0.39991455465700654	0.2501381539152042
0.34956839007801843	0.4002388450977613	0.25019276482422037
0.3496893478725044	0.40010388451273937	0.2502067676147564
0.3499764544904832	0.40118736762181817	0.24883617788769877
0.34915408305125156	0.39963299784414597	0.25121291910460253
0.34886958045178534	0.4011482351229262	0.24998218442528858
0.34964385180382207	0.4015614913270736	0.2487946568691044
0.3499134615753986	0.40090760410678256	0.24917893431781896
0.3498434538213196	0.40130777296930564	0.24884877320937485
0.35012578864430893	0.4011164806371993	0.2487577307184919
0.3496811477722956	0.4001610094275062	0.2501578428001983
0.35000471846685094	0.3999683422369258	0.2500269392962234
0.34953398757617155	0.4014044603305882	0.24906155209324038
0.3497124156005978	0.4014046827625091	0.2488829016368932
0.35000629816252	0.40093045661825977	0.2490632452192203
0.34968122206027913	0.40087727534683165	0.24944150259288933
0.3486523770838019	0.400623936442398	0.25072368647380017
0.3492194552271044	0.4000576638528027	0.25072288092009304
0.348629305045895	0.4007578234365503	0.25061287151755485
0.34911955353640717	0.40121495686712944	0.24966548959646356
0.3487234471653056	0.39965596379883644	0.25162058903585804
0.34967881569862824	0.3998146408673575	0.2505065434340143
0.349606975149927	0.40015025990056263	0.2502427649495104
0.34844027657077775	0.40010552037381675	0.25145420305540556
0.34949638705805813	0.4003596213366321	0.25014399160530987
0.34971803387947265	0.40113533321514533	0.24914663290538214
0.34935987944395064	0.3995861057612366	0.25105401479481293
0.3497380900960265	0.4006862260049535	0.24957568389902007
0.3498404858130927	0.39985367844404596	0.25030583574286147
0.34997801952515367	0.3999408820421726	0.25008109843267384
0.3498987712627103	0.4005688836212304	0.2495323451160594
0.34997926126244794	0.4013433900963849	0.24867734864116725
0.3483276202432241	0.4007870566217137	0.2508853231350623
0.34954900623053814	0.4009738830072995	0.24947711076216247
0.3494073889140425	0.40040935794321936	0.25018325314273826
0.3488430714630534	0.40061973348846003	0.2505371950484867
0.349433200379953	0.4004162527414564	0.2501505468785907
0.34883108570958976	0.4002346286779581	0.25093428561245223
0.3499901658519729	0.40086277746910626	0.249147056678921
0.3489567772041711	0.4007521338249085	0.2502910889709205
0.34907798583558036	0.399866088319259	0.25105592584516073
0.3501419268023039	0.39985425137108227	0.25000382182661396
0.3492291091480101	0.40046277298452526	0.25030811786746476
0.349863585213419	0.4005131296830711	0.24962328510350998
0.35002634042355774	0.4015321188992476	0.24844154067719476
0.3486707264499517	0.40157819261805455	0.24975108093199394
0.34895920408802367	0.4002378965926364	0.25080289931934
0.348727942120455	0.40113837858980206	0.25013367928974306
0.34969144621520964	0.3997739720043254	0.250534581780465
0.3494991446147607	0.4015221161984833	0.24897873918675606
0.34928557084562756	0.40080356041111787	0.2499108687432547
0.34882444088675085	0.40174112500997494	0.24943443410327432
0.34941160441003016	0.40131383522381125	0.24927456036615872
0.3489884954453071	0.40076615564790496	0.25024534890678807
0.34889976386504723	0.40108194743728	0.25001828869767295
0.34915798018831007	0.40162522321022986	0.24921679660146018
0.3498796054722718	0.39999555705622303	0.25012483747150527
0.34850601277609106	0.40124927900947405	0.250244708214435
0.34931246432755075	0.39996986672708534	0.25071766894536396
0.34988099085492136	0.4017259298079844	0.24839307933709434
0.3497726543535952	0.40043482010929343	0.24979252553711145
0.35009741345143897	0.3996953034225646	0.2502072831259966
0.3491749151949886	0.400506740830271	0.2503183439747405
0.3498884176516718	0.40041595932507407	0.24969562302325427
0.3494577243874239	0.4015548327088646	0.24898744290371164
0.3490421699698707	0.4006414567511447	0.25031637327898476
0.34914603706793595	0.40151047533746254	0.24934348759460162
0.34967694294142465	0.4011473846571865	0.24917567240138894
0.3497215998109735	0.39982262502866517	0.2504557751603615
0.3489301368495859	0.40142782265315485	0.24964204049725935
0.3494471234705294	0.40090982094848715	0.24964305558098351
0.3497854139312644	0.4017436491521787	0.248470936916557
0.34903265861436894	0.3999350913132949	0.25103225007233626
0.3489472433471947	0.4015211662559729	0.24953159039683254
0.349826505426619	0.4001930475443232	0.24998044702905786
0.3490051132159876	0.4000517629632856	0.2509431238207269
0.34847360377679587	0.40030860772591054	0.2512177884972937
0.3495798069935431	0.40048434310032754	0.2499358499061295
0.34926191772414106	0.40122062757428417	0.24951745470157488
0.34930639547825104	0.4009439915098514	0.24974961301189774
0.34957556810197365	0.40083663793301116	0.2495877939650153
0.3500349222569048	0.4002267745452913	0.249738303197804
0.34873907484577477	0.40065595774412976	0.25060496741009564
0.3493195525030066	0.39977875285241604	0.25090169464457746
0.3501382823864315	0.4012781670010901	0.24858355061247853
0.3489040839349348	0.4003284298429843	0.250767486222081
0.34838116839625605	0.40114059518013806	0.250478236423606
0.3498822430980342	0.40132708413636037	0.24879067276560557
0.34857605205374187	0.40120925867572554	0.25021468927053275
0.3485420978190721	0.40158178733968714	0.2498761148412409
0.34992657417767675	0.40093463004801005	0.2491387957743133
0.34928160071342246	0.39994764735806676	0.25077075192851095
0.35004619666610354	0.4014368407115962	0.24851696262230039
0.3484598248096935	0.40163997715286975	0.24990019803743685
0.3500910041156819	0.4001846958073976	0.24972430007692062
0.3497373877712656	0.4015744293039917	0.24868818292474282
0.34937468143069866	0.4004206065165507	0.25020471205275074
0.3500682246670419	0.4007408848989983	0.24919089043395992
0.34968116333735744	0.3998135636346164	0.25050527302802633
0.34922963260439155	0.4007538894974863	0.25001647789812226
0.3501082855309588	0.40069745482052593	0.24919425964851538
0.3485053112414111	0.4016654685855815	0.24982922017300746
0.3491086975856221	0.40118457190280854	0.24970673051156955
0.3486581963781163	0.401285860221046	0.2500559434008378
0.34953475998499856	0.4008950727087281	0.24957016730627346
0.3494381116338221	0.4001742402525419	0.2503876481136361
0.35008477774018987	0.4009782059765743	0.24893701628323592
0.3498249145860881	0.4005340479574025	0.24964103745650948
0.349828312038412	0.4003066795504693	0.2498650084111188
0.34916818055941523	0.4016770361176021	0.2491547833229828
0.3500669173772205	0.40114405631950434	0.24878902630327532
0.3491130505053744	0.3996143988223508	0.25127255067227494
0.34946414122640324	0.4003987175179382	0.2501371412556586
0.3485763427625908	0.40080972371943635	0.25061393351797295
0.348790259697937	0.3999823526365456	0.25122738766551755
0.3494806681176422	0.4013328217741504	0.2491865101082075
0.3490791332625782	0.4009138969552345	0.2500069697821874
0.34992485523817224	0.4006060102294725	0.24946913453235536
0.3501172871593804	0.4010304848246582	0.24885222801596152
0.3493153426768531	0.4009334329872281	0.2497512243359189
0.349927493963063	0.4008808046232121	0.24919170141372504
0.3489441329970537	0.3998722796172902	0.25118358738565627
0.3494139641324077	0.40102805735539715	0.2495579785121952
0.3487730789079594	0.40008485997418003	0.25114206111786064
0.3484657494242318	0.39999211372237853	0.2515421368533898
0.3500660195138127	0.4015003457010575	0.24843363478512986
0.3488169979561181	0.40120043511333153	0.2499825669305505
0.34900344891775337	0.4002693260393602	0.2507272250428865
0.3500971056550935	0.40135330209189934	0.24854959225300727
0.34843074784856404	0.4007827219307586	0.2507865302206775
0.3494143890938296	0.4000328592027813	0.2505527517033892
0.3492424838381266	0.399704710595521	0.2510528055663525
0.34866529548081776	0.40110382071994644	0.25023088379923586
0.3486013787595385	0.40156401332725744	0.2498346079132041
0.349417473671661	0.39975284905292313	0.250829677275416
0.3485580542041169	0.39989225392010713	0.251549691875776
0.3499902535594434	0.4009660782529092	0.24904366818764753
0.34928108831836513	0.4002409973608527	0.25047791432078226
0.3495968411599808	0.39983592586845246	0.2505672329715669
0.3486901613650892	0.4016297047640449	0.24968013387086602
0.3495474061782845	0.40069216199452606	0.24976043182718954
0.35000814804861224	0.3999450335198487	0.2500468184315391
0.3483078573455416	0.4011364199195157	0.2505557227349428
0.34972318482637116	0.40058738728493026	0.2496894278886987
0.3493659251564858	0.40157304661984966	0.24906102822366466
0.3501534334103415	0.4010610602021929	0.24878550638746577
0.34882227405439425	0.4000594591346404	0.25111826681096544
0.34945105215131606	0.4011649392904969	0.2493840085581872
0.34975593480449507	0.40036174101563576	0.24988232417986925
0.349607197668212	0.40147085698767476	0.24892194534411335
0.3498956677065314	0.4002071183914044	0.24989721390206432
0.34977432827189714	0.4005117060187575	0.24971396570934548
0.34991366430770376	0.4001308334636763	0.24995550222862004
0.3489126918776772	0.3998107400064562	0.25127656811586674
0.3498570744565166	0.4008986749559725	0.24924425058751104
0.34981958045723777	0.40139500020976365	0.24878541933299864
0.34923810415877476	0.4015657984070302	0.24919609743419513
0.34941446490619893	0.3997344291833738	0.25085110591042736
0.3495932799711854	0.4014953514187227	0.248911368610092
0.3499468064023197	0.4010589998102215	0.24899419378745896
0.35002478647126517	0.40070663167126336	0.2492685818574716
0.3492017168811747	0.40013583367124134	0.2506624494475841
0.34993611817852793	0.40092038417532316	0.24914349764614901
0.34860892711315283	0.4015719837374897	0.24981908914935752
0.349807780319637	0.4003152926434691	0.249876927036894
0.34963819085430814	0.3998258752547466	0.25053593389094536
0.3483691686041908	0.40042399430752945	0.25120683708827984
0.34837297351317775	0.40010292134047654	0.2515241051463458
0.3498747398272822	0.39985632729781884	0.25026893287489915
0.3493417939703643	0.40148998350971715	0.24916822251991863
0.3489539119018885	0.4004584480183856	0.250587640079726
0.34974729024198026	0.4006662407607364	0.2495864689972834
0.3494953134928246	0.4009390788821373	0.24956560762503824
0.3494170370019356	0.40060123062596154	0.24998173237210292
0.3493183081145943	0.40127649939713045	0.24940519248827533
0.34900870713749016	0.401591539474327	0.24939975338818296
0.34923378293272417	0.3999353736361556	0.25083084343112033
0.34852399150089225	0.4013327648460655	0.2501432436530423
0.3495472556816841	0.4012079002992055	0.2492448440191105
0.3498798138597	0.40077529816953295	0.2493448879707672
0.3496417009746432	0.4002994817261644	0.2500588172991925
0.3488840101119746	0.4013072847856794	0.24980870510234607
0.34991359428816193	0.4012891123499873	0.24879729336185086
0.3498306401077977	0.3997043569082308	0.2504650029839716
0.34874373171850687	0.4010213543053382	0.25023491397615505
0.34986227436560985	0.4011629617198814	0.24897476391450885
0.34937643060994206	0.3997716528566281	0.25085191653343
0.34952134874780294	0.4004707131696419	0.2500079380825553
0.34907299668562347	0.4004368003431895	0.2504902029711872
0.3483864830823319	0.40135114940070515	0.25026236751696307
0.349690790118772	0.39962516374618895	0.2506840461350391
0.3486493143846666	0.4014797539196387	0.2498709316956948
0.3494609293073352	0.4002767936147889	0.250262277077876
0.34958767157324255	0.4013602086713033	0.24905211975545427
0.3488398897599889	0.40005269883250194	0.25110741140750925
0.34923262776440017	0.4015055868862625	0.24926178534933746
0.3495244808506492	0.40052294134591626	0.2499525778034347
0.34916151743302976	0.40113090788779776	0.24970757467917262
0.34951269386164835	0.4010045972961457	0.24948270884220608
0.3488839627209842	0.4003367502468923	0.2507792870321236
0.3492199323093794	0.40087994402540944	0.24990012366521125
0.34846643399031046	0.4010624928111737	0.2504710731985159
0.35009281328930175	0.4011862764641373	0.248720910246561
0.34944530121452866	0.4008614003499132	0.24969329843555824
0.34852299308088	0.40116000129409723	0.2503170056250229
0.3490251227111452	0.3997860861357172	0.2511887911531377
0.3497226287083023	0.4003803942040372	0.24989697708766062
0.34983095360648975	0.4010881109535606	0.24908093543994975
0.348793064947175	0.4000592903351655	0.2511476447176596
0.3497608212584358	0.39978479166482894	0.2504543870767354
0.34946071681259444	0.4012042000770757	0.24933508311032998
0.34888602022481363	0.40083580291291787	0.2502781768622686
0.3500228309900425	0.3996984928993781	0.2502786761105795
0.3484655676759135	0.4007445568018888	0.2507898755221978
0.3498921133165718	0.400701539792622	0.24940634689080632
0.34977116147991194	0.40048626558850053	0.24974257293158764
0.3494560558449079	0.4000605171382414	0.2504834270168507
0.3485556283369747	0.40175159207051403	0.24969277959251143
0.35000191808321285	0.40089863141507714	0.24909945050171017
0.34904140399968264	0.40096856276981485	0.24999003323050267
0.34832991205912484	0.4015077697882092	0.2501623181526661
0.3498798075564751	0.4017329149585595	0.24838727748496553
0.34986349188182664	0.40094605465645816	0.24919045346171526
0.3488331838878	0.40139233222035725	0.24977448389184287
0.3491494648904205	0.40085860763315895	0.24999192747642068
0.34957368225660734	0.401721037988663	0.24870527975472978
0.3485541511638698	0.39983730910451853	0.2516085397316118
0.35002789111709964	0.4016544998233449	0.24831760905955558
0.34927212561773646	0.40172575988487097	0.24900211449739273
0.3488463292254116	0.40147919070583477	0.24967448006875376
0.34909371006934165	0.3996316094823308	0.2512746804483277
0.3486671408368871	0.40043060592495705	0.25090225323815596
0.35001911952740217	0.4014187751892474	0.24856210528335054
0.34995721090540793	0.40085256384588647	0.24919022524870574
0.3500547337069583	0.39991558533891125	0.2500296809541306
0.34983231948445537	0.3995968034924965	0.25057087702304826
0.3485267531721336	0.3996086061860989	0.2518646406417676
0.3486394070320425	0.40001766543954764	0.25134292752841
0.34945516018178124	0.40033415220233776	0.25021068761588106
0.3497091556374308	0.399726316630681	0.2505645277318883
0.3486016907363421	0.40007963299282	0.251318676270838
0.3487589673053566	0.4005526110480368	0.25068842164660665
0.3493016526194034	0.40083764726926313	0.2498607001113336
0.3495053758782241	0.401704431919353	0.24879019220242293
0.34977246167825876	0.3997647648481219	0.25046277347361945
0.35012307570267026	0.40033737963568927	0.24953954466164058
0.3499399763850495	0.3998314982809489	0.2502285253340018
0.3498537787163721	0.4002328018513681	0.24991341943225992
0.34885087513148616	0.401717172386895	0.2494319524816189
0.3501504957545128	0.4008804149799171	0.24896908926557015
0.3494122591416666	0.40074431693313295	0.24984342392520056
0.34993964589306004	0.4015724154157515	0.24848793869118851
0.34976710822576584	0.40118358618797134	0.24904930558626293
0.3491725699460679	0.40153655818107353	0.2492908718728587
0.3489307856432532	0.39998571593509646	0.25108349842165045
0.34864039177379347	0.4009712977315105	0.25038831049469606
0.3496256312219798	0.4017390174773021	0.24863535130071823
0.3491300064600966	0.4002821629061576	0.2505878306337459
0.3490433085404146	0.40109653694980696	0.24986015450977855
