0.10353504397899617	0.10367213286683354	0.13135072173957213	0.08577954880949361	0.23086757753287368	0.06414766700368907	0.21228277184762256	0.06836453622091902
0.10276105345635107	0.0691215031488758	0.18661946890257977	0.07574602481863929	0.27623745334932964	0.047664402936417535	0.12567569562705555	0.11617439776075111
0.15208003551563648	0.2186987940962354	0.1320408790709838	0.1358299496384308	0.023608642281743572	0.03778554143118562	0.21980064554143944	0.08015551242434465
0.132269508946387	0.08714509915938756	0.1428022658231644	0.09764550327093034	0.1604316362866725	0.07219361769810258	0.19244691650989837	0.11506545230545699
0.1218073946430875	0.04819739663863459	0.16020423089938277	0.07928732526021054	0.24384115196713438	0.05318017908464989	0.18300113088546	0.11048119062144009
0.18708610825479177	0.17669054804518883	0.21189407394887932	0.1084213429516028	0.007582897991322141	0.06810843064054047	0.15588723476991895	0.08432936339775547
0.17536112613206578	0.16975799758335602	0.24228250019544287	0.10205361897887606	0.009180290948156616	0.06802653825556403	0.15027881740916496	0.08305911049737341
0.09977462977779086	0.012692442419032252	0.1742379782924678	0.08266429979921727	0.2984323560182444	0.06790524448618182	0.18595702848028478	0.07833602072678061
0.11544501542872948	0.13897760398930908	0.19493947112235419	0.10918971149826227	0.05731734644053381	0.06303430268235297	0.2345493553481334	0.08654719349032458
0.1035465670943013	0.015622475301940705	0.22487490541778365	0.08606655005849974	0.2823542952266525	0.06147454249206763	0.13058078514812566	0.09547987926062859
0.11021857661951294	0.1137286865980416	0.1954089867216594	0.0745703876027915	0.14071842422863814	0.06223924028831161	0.20981735386256894	0.09329834407847562
0.17352072675022567	0.050385860739732835	0.20188975862991398	0.13773195355081838	0.12369606584117389	0.04308442025418997	0.1551872779917171	0.11450393624222792
0.11098679808248871	0.1864248093501921	0.16249160555672276	0.10375438453285402	0.05085927441269297	0.05108158871328296	0.23026769958505242	0.10413383976671384
0.10322218888494401	0.35851585109411943	0.1642881015395242	0.11710613960630939	0.008112968844655108	0.04016001966208141	0.12774241689844038	0.08085231346992588
0.09479904354348966	0.046335823412890415	0.17452201024270905	0.131031061200705	0.19339485195313605	0.0699884143582779	0.2222850265589137	0.067643768729878
0.150582143192637	0.15757703626472333	0.19221656516607216	0.11337932266904109	0.07606362399257521	0.07070470199640883	0.13204052722950765	0.10743607948903451
0.15224868400961497	0.24315391298256595	0.12492907594165552	0.10948757088484015	0.07356731037358215	0.050789473877350125	0.13983744114039096	0.10598653078999994
0.185178749443986	0.04571592646443065	0.23966890159903143	0.11320909655945112	0.03141674066031956	0.07025785274261412	0.2388386723656747	0.07571406016449225
0.13242372654626244	0.17716723180856392	0.14311717509716618	0.13502763423155623	0.13645973521228866	0.06145656255486749	0.12481286081264219	0.0895350737366527
0.10488886232204764	0.28579277650378276	0.15383221502298808	0.10116773196683103	0.029022169250567262	0.05919774717706977	0.1672038383146291	0.09889465944208412
0.13181655455243552	0.07423564640578505	0.2278842194864936	0.09637603242019152	0.16824626160650807	0.049291130172303216	0.1641420076929924	0.08800814766329046
0.13441480701427086	0.11941588660550974	0.135264494786823	0.10730551830760197	0.1345551617858749	0.055168218910224456	0.20934213265739907	0.10453377993229575
0.12443699000360896	0.18128056356478128	0.13995181240349153	0.10366770994485204	0.19569740711072847	0.03788875575205916	0.1422204578400763	0.07485630338040195
0.10613914374687854	0.10347977599367725	0.13488077479707664	0.09160614758123953	0.15872233865223798	0.05089649025468353	0.2361078573243053	0.11816747164990103
0.10141562412062036	0.12451879424456878	0.21061265187413175	0.08869339369381787	0.12323225345537969	0.03502208468858638	0.21110625966435154	0.10539893825854343
0.15800195104384304	0.1139106520645961	0.2361225547621978	0.08775074344434464	0.1515460296501396	0.0531600328748537	0.13407011593736526	0.06543792022265964
0.16395470222144076	0.222063702842877	0.1519610539123967	0.13331617849337707	0.036222911537120636	0.0453089152662353	0.14223153097981775	0.1049410047467346
0.09757582363538968	0.1871481068029731	0.13385223672255991	0.13961286698390798	0.01751173896030879	0.07307135794258014	0.23470058867492094	0.11652728027735919
0.14721947646263117	0.17106443198278296	0.1660906748871064	0.11763487945988922	0.038660164266576355	0.0672254420566336	0.1850687979961062	0.10703613288827386
0.18695129279702105	0.06847403669802783	0.15090266614377312	0.08418461127589061	0.1961648737259786	0.05266495367404374	0.1841013733922964	0.07655619229296838
0.13800751652049098	0.026046466121370807	0.19954649512458883	0.10163535305892346	0.14994026416800071	0.07270913747278887	0.22993686050611006	0.082177907027726
0.14742463252513663	0.10471118949894026	0.20163319046728495	0.11232836918368054	0.045488854715279914	0.048685614771961996	0.23626429722483971	0.10346385161287573
0.1568989394734272	0.14752662717933412	0.13957204854381197	0.10937944741510043	0.09190054509120975	0.04607809759316346	0.22832951716648897	0.08031477753746388
0.12428134169605967	0.07978016925075937	0.23362393074837995	0.09936273268863702	0.19524025925368832	0.03500391397543916	0.1425453403811625	0.09016231200587375
0.14303090643981492	0.1907175566109034	0.16236126964365027	0.07842824455612585	0.15211091069906332	0.03464108095258091	0.1525143201857496	0.08619571091211149
0.13465784093676833	0.16548459245783992	0.13018575547689545	0.1204252443660547	0.11142166697220357	0.04321647577534937	0.1795534065977929	0.11505501741709553
0.14524962706842018	0.2120755055498917	0.15909917268848184	0.0992722639778355	0.01016985409742173	0.03609676776529952	0.23452724035244837	0.1035095685002009
0.1810793612915586	0.09672059235607648	0.15721548697638713	0.10973364156798898	0.18358390320590515	0.04946223151253909	0.1283903107555541	0.0938144723339902
0.15192575855747636	0.1298832670811267	0.18830498281618946	0.13439421342857844	0.11871088902005099	0.06446226038349352	0.14325357358688395	0.06906505512620031
0.10879708119029569	0.15897203112056296	0.19946368521753394	0.11078440836957011	0.07943125106765617	0.05890352391500209	0.21165774552732014	0.07199027359205865
0.16901305140016185	0.006856693307492792	0.1350036219895225	0.13596600034313203	0.17367264166569735	0.059637190260885625	0.23469793386386015	0.08515286716924747
0.1862945940310008	0.07664842823237983	0.21428797244091796	0.0898797196695107	0.12568301006288024	0.05230896720183728	0.14628496462517646	0.10861234373629651
0.14455957542014208	0.2748506294856973	0.15975968804918472	0.09590092627110233	0.01803315372796728	0.03645098337825553	0.18965927455246884	0.08078576911518177
0.09986576480551533	0.07293903720379616	0.14685033029549974	0.09855444042882505	0.24512048744520448	0.07014031824539185	0.17787544938904384	0.08865417218672333
0.15297121504425845	0.010782498482850691	0.23133040171331296	0.07852838357363312	0.2761394755415274	0.048279328779081906	0.13331955155077027	0.06864914531456492
0.1190917187270746	0.149566883526003	0.14663956047241997	0.10378824786520224	0.1982083708428138	0.03507083037178661	0.17637939116235735	0.0712549970323422
0.12387384603623629	0.10252478805863122	0.23531958697435032	0.13160560750752037	0.14208101960398511	0.06622123414833334	0.12413279376435842	0.07424112390658474
0.14240464676498032	0.15583621955139276	0.1835575278417365	0.08153507705762741	0.037539132960710056	0.05684891125600075	0.22676243632297927	0.11551604824457266
0.13439267156861842	0.11718254050986197	0.12586549325777135	0.09671066758793084	0.16664813446103371	0.05309275222728149	0.22816053008648934	0.0779472103010127
0.10996642367482504	0.29528567154499097	0.1800780922806569	0.1171440425568338	0.02524833292077669	0.04464152416627787	0.14561877997987163	0.08201713287576688
0.12371061394818345	0.19922352883111516	0.2412146711880942	0.08788041924513751	0.009504335613251202	0.03714453266334547	0.18966905126396455	0.11165284724690833
0.09717315322332995	0.2196913906728608	0.14772670361737966	0.09013466943009724	0.14597591887801342	0.057766635228844385	0.14409422588287832	0.09743730306659601
0.09714147247566653	0.03139041717553537	0.19666659402529701	0.0921978670506925	0.26913985192897993	0.04946738686754483	0.16042945965853872	0.10356695081774488
0.18787979814749955	0.04208059799974005	0.2362948469065853	0.13524899884021538	0.08881875420105334	0.05283591521624022	0.15050826778246326	0.10633282090620266
0.18474840123563652	0.14530279203207225	0.21933730965640336	0.12858853015948649	0.0042252409175012745	0.05299258120955251	0.16042502768717382	0.10438011710217357
0.136078852062808	0.19915826849492468	0.19049963281273435	0.08722312384649714	0.06440260490863872	0.06471861114560279	0.17155925705632563	0.08635964967246847
0.11826960765817206	0.011286577420102514	0.2068198502927352	0.09342749150187024	0.20896267940395527	0.06277604043196108	0.2149016302646991	0.08355612302650428
0.14560200210130525	0.10681332784657684	0.16061978365978805	0.08777375041529195	0.12617283634980647	0.06786588317428198	0.2398581981921933	0.06529421826075595
0.10675257039085817	0.30611017498439325	0.15365624816885418	0.09614604838048842	0.05023622809116718	0.0416793188039383	0.16660132468109728	0.07881808649920301
0.1705957463539819	0.14153631520197263	0.19791778032942126	0.09366203467832265	0.06812829946170457	0.03515799047746737	0.2046745869551402	0.08832724654198917
0.14830627633291282	0.12371247078136607	0.23485240851287503	0.13917322084162165	0.08935942316157806	0.056978504072841274	0.12903205811169163	0.07858563818511322
0.17563000160636447	0.19303889813974096	0.1619729296429468	0.10075018008730047	0.03150811611184619	0.07149153525886223	0.15453402180397452	0.1110743173489641
0.09477483564559591	0.1228968299375774	0.158925759332656	0.07637917744866964	0.12409644843586064	0.07053057997854836	0.23888097544261788	0.11351539377847394
0.13805636732587853	0.20393171233715063	0.2110548698721747	0.11885482090425672	0.03241408574632204	0.06256266465503968	0.16807641014420602	0.06504906901497147
0.1262809056049772	0.1594055896632326	0.21708758546366025	0.0962466308091903	0.06444844677534353	0.05823085756004884	0.18626940312875995	0.09203058099478717
0.1224743512781099	0.15308602214001296	0.1929109431100936	0.10417637275096955	0.11023738929759264	0.054608987426303726	0.1741152693220889	0.0883906646748285
0.14643010875907114	0.12752379494658533	0.210605375215335	0.09976824055866158	0.018173998641036596	0.05334361216653609	0.23527718961142122	0.1088776801013528
0.11074876404223497	0.2021690927346954	0.1797274715938817	0.0929217844832204	0.1114892590266164	0.04863069464707215	0.18302818081483174	0.07128475265744699
0.12933175807990227	0.2296527306098599	0.18127816962302454	0.12726085837727802	0.058103234565036715	0.0592116812690934	0.12602929100293117	0.08913227647287378
0.17876520658984657	0.15521733265754845	0.15259565270592632	0.11825510997385849	0.08355092475525358	0.055187719345628605	0.1729373806489408	0.08349067332299696
0.09952484856161607	0.053938818450029305	0.23274491891326882	0.08493529387128151	0.16548103456818894	0.04763260390699131	0.21942986221711674	0.09631261951150706
0.1630953061550264	0.12520082600908622	0.16218725017401667	0.09348225002025592	0.18517201772074837	0.06773641630164731	0.13455500387577465	0.06857092974344421
0.1649630520707715	0.045861525970426614	0.18669826509770704	0.08911285307750914	0.14691032176416127	0.04811202949756671	0.23576225324267258	0.08257969927918488
0.14705468296523727	0.30232920005342234	0.18793603935831082	0.07953604874802199	0.016227868252262967	0.0634145626788726	0.13334116984048272	0.07016042810338904
0.1363660984539531	0.1888993774928302	0.12893428763995532	0.08783418029017384	0.14826518864159421	0.04676686961054542	0.1776931569872533	0.08524084088369435
0.09759191521472532	0.31130531068148876	0.16591292416160813	0.08155636783957937	0.020220993453088823	0.07117223011887121	0.142246002652266	0.1099942558783722
0.09406658868123466	0.13363136924811636	0.18366238539790147	0.12791804392299602	0.16364754256337116	0.05912597655950129	0.1557205007134329	0.08222759291344589
0.10116378741531903	0.195473603786239	0.12824102151656	0.12562318703280778	0.10003354613682622	0.0635706574279798	0.2166220852055533	0.06927211147871466
0.13797023372794853	0.15876050548898174	0.16660693109349334	0.14229528774511865	0.011331867536781129	0.06211185254910083	0.22067822591297725	0.1002450959455983
0.11782568350134415	0.027674196124633232	0.23791336268805213	0.12385556521568143	0.17845055090640413	0.04355379994132408	0.17901819997799776	0.09170864164456288
0.17316559836903414	0.17109055002619067	0.15878229835468763	0.12777637386862142	0.05163759551160839	0.051667212695355555	0.17374578625431977	0.09213458492018219
0.11238696736420654	0.256345952904849	0.18106802307308154	0.11733938847039947	0.009987381419431743	0.06814601489297276	0.1580984358950499	0.09662783598000875
0.1159300673384061	0.2676081748293011	0.16348189028696022	0.09063403692920347	0.062459919342594095	0.0701681968763215	0.12529599595522684	0.10442171844198643
0.1591750480590911	0.03893653676539775	0.20061386094525557	0.12582682575911808	0.11942610969935877	0.07319796865030082	0.2139456934143435	0.06887795670713415
0.17274105735628822	0.046557991360313494	0.17038573307807736	0.11956825773474414	0.15013170185427127	0.042213843119510264	0.1919879523079874	0.1064134631888076
0.09947149701093083	0.1096926000903402	0.2273176635064052	0.14309768949178595	0.0496176087932295	0.06534634075478243	0.21890028221152114	0.08655631814100453
0.1083109822292776	0.22132510117253135	0.21366647513973303	0.09850741087793925	0.010547765112214669	0.06967903865011776	0.1713680105812283	0.10659521623695788
0.1739526301055902	0.20637795637744422	0.12622397303509805	0.10051466705992092	0.11169567060104925	0.03941922079506466	0.13874138377190695	0.1030744982539255
0.1753853902611338	0.08562442365106931	0.13564532856754932	0.11945007594239082	0.11847732165618279	0.06333723599020408	0.2138335881725697	0.08824663575889992
0.13998958639805895	0.16008757919771682	0.21864783849044078	0.09604602066405225	0.10976016011921297	0.06388066573006701	0.13511802041460397	0.07647012898584701
0.12761681597327076	0.12264923682626148	0.22562158018776873	0.08997740879117536	0.05366343171294459	0.04724636646188583	0.2268390775082521	0.10638608253844092
0.09605599347860358	0.20564873000044284	0.14199962663218593	0.10524979414549138	0.1640534979706049	0.05519233948019596	0.13672677438609512	0.09507324390638006
0.09531687470278229	0.19284663602323798	0.21704447580927316	0.09599279158576408	0.05093938094712097	0.04285697211055298	0.20410753821139493	0.10089533060987342
0.18592540241244207	0.09742847861437479	0.23048861998671466	0.11973358237270876	0.028147087406004898	0.06738233786285161	0.17142602205505492	0.09946846928984808
0.0954400966013066	0.258532759171336	0.2007664795226125	0.1313989209761899	0.022624262929797717	0.07223573130206101	0.13260640313666347	0.0863953463600326
0.1223262646594631	0.17215255067169824	0.2286468720814694	0.08176650438129618	0.06919425236952934	0.05015129144263751	0.17328374793115614	0.10247851646274989
0.12687387903597483	0.10188487356547074	0.18368430284664033	0.10360272194261483	0.17961630261576478	0.07361798217909943	0.13654343868414265	0.09417649913029218
0.1539822594506519	0.08294823035255938	0.15731807094432881	0.1050310201896649	0.21214816197318237	0.06366280305157891	0.14423173586904045	0.08067771816899302
0.14511873595376046	0.1511867945433305	0.2362935986619814	0.12637060041505271	0.09106540784493196	0.04308146418872662	0.13831835751879065	0.06856504087342546
0.17519084875931895	0.014146092877108343	0.19989623166504988	0.08916634651387137	0.12915468480679404	0.07072973380367295	0.23567002159336958	0.0860460399808146
0.17163333338878	0.02924810388456925	0.16920523080020367	0.1188419314530247	0.18071857443782768	0.0419117692743942	0.1957362343400293	0.09270482242117094
0.14267182275220586	0.06880331203197507	0.23384640093787779	0.08225438477818388	0.12624382289716946	0.04475679964324686	0.1983786127048962	0.10304484425444466
0.15497081254612755	0.23629066281742425	0.14930486162523043	0.09067929926986379	0.06340307341929871	0.06675153939124742	0.13367757456226434	0.10492217636854326
0.13666534702972374	0.15910651281539862	0.21389849183724613	0.11060177186599997	0.018203885791659227	0.04195930568443294	0.23464196117305558	0.08492272380248359
0.09421318936016126	0.22187446258077448	0.18153678311558116	0.1421878280366735	0.01801556493551365	0.04153762618305119	0.21067551223859018	0.0899590335496543
0.11766856153059288	0.22553937426607773	0.14401904133337906	0.11269709456667082	0.049084865628472	0.07214115704149379	0.17000796889435424	0.10884193673895928
0.09413069123732326	0.07212308717688135	0.14645834309999348	0.11001477604467039	0.2873650299175326	0.04491326343442449	0.16437846943728707	0.08061633965188714
0.1320195885344197	0.048594616860099416	0.19318662843467727	0.08503791494492269	0.2663566750706968	0.060287502481968624	0.14714213338646248	0.06737494028675278
0.09766008341216134	0.023052915568088223	0.2401167513339565	0.08252554035410432	0.2802757530188318	0.04921153960258402	0.13581641498280111	0.09134100172747245
0.15166271916137322	0.03764191313609315	0.14992193141768087	0.12289815583457317	0.22998465100604465	0.05639541688565329	0.16044988864622434	0.09104532391235708
0.1773358366724239	0.18535636177574205	0.17512152670989964	0.07607530331660783	0.034385763681562084	0.07363004717458688	0.1727138741487012	0.10538128652047618
0.13463206405465167	0.056728241704699575	0.2115102488153835	0.10373899528925369	0.20461282714343917	0.035385871144659534	0.137574236448439	0.11581751539947363
0.11937266922301795	0.15181127559506555	0.2245670059010273	0.11072826623399658	0.057938844748170445	0.07035113859068608	0.1688315749980607	0.09639922470997518
0.15904900750810308	0.03750034718676706	0.21258631918671803	0.109004576405164	0.16520451470264003	0.07088407494817556	0.126947663236547	0.11882349682588501
0.10945627778377003	0.1616363436818743	0.2278535688215768	0.11715420997043637	0.14489586175909802	0.040457728461205766	0.1288069214928332	0.06973908802920527
0.10323253571121492	0.1133626315050873	0.23222908911381374	0.11931820165417542	0.04929417905189133	0.04534145225741479	0.23558819984080026	0.10163371086560202
0.14784569491723204	0.17870436391011935	0.14294956416478016	0.11342162228947276	0.13233772104358216	0.04833731974836171	0.16661664945204324	0.06978706447440836
0.10441990092665687	0.03160109296309996	0.20347434081275528	0.11375662039273934	0.219973457609116	0.06756080436091616	0.14155799872026706	0.11765578421444914
0.12445498583048166	0.050499178497803734	0.1630951313861503	0.09866340942635929	0.2523057802706459	0.04593263191877178	0.1603811517132257	0.10466773095656146
0.1872632624894634	0.0998023533304651	0.1322771019339574	0.11016101156730396	0.12998708484714872	0.0353575757333755	0.23089031741711336	0.07426129268117236
0.14037221132282365	0.13876808770513632	0.17215417644911477	0.10396780417425591	0.11645089301854254	0.06388272773695833	0.16254463723852672	0.10185946235464152
0.11883225599973604	0.0813379499330105	0.1503938650960076	0.07637392375076515	0.19782139071491356	0.03689502048298028	0.22962671551122632	0.1087188785113603
0.10415298476199357	0.30906976488995686	0.136337398839565	0.07787507661366574	0.012893227621526435	0.04176318139261996	0.2033955117904409	0.11451285409023129
0.18281446468448437	0.2009197368213917	0.18879557720002538	0.09436487754336917	0.0593160258699276	0.041597654352884775	0.15146893454049493	0.08072272898742186
0.17532280053881305	0.1427451145080859	0.21589880457631397	0.11004070602108741	0.004312931926057348	0.035842785707997454	0.21361825881497487	0.10221859790666979
0.11885590920320942	0.014185529366779748	0.1891094266124709	0.13502380468463857	0.25051760957391245	0.05294899969520221	0.1563514523322607	0.08300726853152582
0.1756980447983848	0.09507921001222427	0.13428309776398445	0.07562644919055259	0.22934485208619654	0.04523945040286885	0.15993196516334343	0.08479693058244485
0.15191855881833138	0.1077713610023879	0.12819491444825434	0.12170316942630632	0.18713749006997799	0.06443441984681358	0.15671558806946645	0.0821244983184618
0.13892141622510343	0.10539774715155106	0.17485458104234902	0.10189576909844392	0.23068773813763455	0.0376546278822381	0.13627540482706707	0.07431271563561262
0.1060799663192281	0.13645508966943826	0.2183299456260422	0.12237454264646348	0.09213467011567342	0.0592180855497432	0.1714047202874643	0.09400297978594682
0.17055163104332327	0.2574339524923974	0.1770817454992202	0.07720992698124993	0.022657181874065624	0.0615512912791088	0.13052322859240392	0.10299104223823059
0.16088770554428738	0.12504740148506288	0.1599080288767734	0.11355501559760857	0.04678173529189898	0.06451961814486208	0.22558471680152536	0.10371577825798106
0.15626453185210193	0.07467836848558584	0.1848443469556117	0.13520738600829424	0.12397318490298227	0.06118706324748126	0.18882550729383085	0.07501961125411172
0.1529239692356566	0.21314655273202204	0.19781438191767592	0.08841931944858655	0.018341088477986156	0.06786385046786382	0.1539066322962143	0.1075842054239944
0.1089878383188406	0.14768194476317673	0.17371939134986492	0.13081671882151732	0.06632316066473418	0.03619315992670963	0.21748386313979867	0.11879392301535775
0.0944107667572776	0.015260637167863106	0.19106128099693342	0.08154710174368623	0.23977198155238072	0.05556262720568361	0.2401459446333402	0.08223965994283482
0.13433645095006264	0.08085151231666782	0.17548695027199784	0.12958671195601462	0.1625896878864892	0.07032740141903149	0.14599586712007448	0.10082541807966172
0.127633902833404	0.2422142499398265	0.1396930878282034	0.09769658425824165	0.04916924341870001	0.0695682956899848	0.1730653077750683	0.10095932825657117
0.17306672296455558	0.21245301533999078	0.16247745042704306	0.09316309518270444	0.08431957363649092	0.05035422829837956	0.14083863499078791	0.08332727916004753
0.11923269491104549	0.09949451704131962	0.2235264460864877	0.07658997813263188	0.1508100461611564	0.05865078129514509	0.19709622152093917	0.07459931485127447
0.143945148742284	0.2574481204972263	0.13632113620642658	0.08473232710764109	0.012904976369551971	0.05217944448303152	0.20937367623712072	0.10309517035671756
0.10013215244952166	0.10826225137644917	0.20981201210426997	0.07643049704481117	0.16830263586287028	0.04362591131648666	0.18345455476216938	0.10997998508342145
0.11420274588604164	0.20524408256379537	0.15001694682351896	0.07511211249093092	0.07538086135320907	0.045300036919132106	0.22655965488071966	0.10818355908265198
0.09874044899372408	0.10810479520688498	0.21777474233853528	0.12607616058078183	0.1493650920184339	0.047854349154999004	0.18102177159848373	0.07106264010815695
0.11519380447371488	0.16853723452432814	0.2393864934185428	0.08424536365516734	0.0443014125424899	0.06803941794925977	0.1936829648668384	0.08661330856965849
0.15524539436811197	0.05140126769855484	0.20841866222978683	0.13112675627221118	0.13874025865019182	0.06972427110056797	0.1437309055342084	0.10161248414636674
0.1570186741435754	0.205027504206373	0.13459850936628956	0.0802313381757534	0.11656869969509709	0.05379429139514491	0.17890746772676439	0.07385351529100206
0.13933686236724183	0.3140099273269219	0.12902931216920022	0.1006243765527703	0.034113713729417655	0.06480634840427117	0.14105679396487153	0.07702266548530515
0.17576056685594738	0.16766536278432587	0.18210411072082472	0.0864693285939035	0.043130985864345314	0.061371814503047184	0.17601561091635898	0.10748221976124686
0.1874821783922118	0.0036870073601521086	0.15473799910708833	0.08203291690605173	0.22549289867334749	0.04775866038831697	0.19493035280683269	0.10387798636599865
0.12285317180288394	0.13047962865512502	0.17053438199217855	0.0866762254215486	0.25003600452867625	0.04178298846434793	0.1329055564776837	0.06473204265755578
0.1564421360269984	0.19240408217405375	0.15321640428125288	0.08274006078861885	0.034251575398783485	0.062487048008830065	0.20383186911155718	0.11462682420990514
0.10693574218898405	0.17573571862315226	0.15193231450600803	0.0989894317695528	0.1085018284951945	0.052722078732591604	0.2268575923242776	0.07832529336023893
0.13375250514008807	0.01521853662826636	0.1636481562035646	0.11603587006176777	0.21911384177127136	0.03962293390460374	0.2155136312898558	0.09709452500058213
0.1631064787138308	0.02135786154755427	0.14132940736822147	0.09370672777115908	0.22823275029803453	0.059325433855735785	0.17897205687357726	0.11396928357188657
0.14268890463975734	0.2094754201238372	0.13990756258133252	0.11579578474390018	0.14320477006785584	0.04480427691367024	0.13632373505318776	0.06779954587645867
0.16414362870009058	0.03897723579253114	0.2290389963411926	0.1342110080791111	0.08872190110276842	0.06330396276218743	0.1889217483249841	0.09268151889713436
0.1696888829994633	0.010886848491876905	0.16583746921419779	0.13907032238136918	0.131964319037946	0.0620864131855975	0.22776338030709986	0.09270236438244928
0.1859239505203767	0.24272180089078016	0.12768464638391236	0.09288304814011086	0.07490064010363512	0.06958438060946914	0.13828727415204775	0.06801425919966765
0.11483884460224988	0.12178986931099794	0.15429267233860253	0.1421061153034628	0.08581667572294258	0.057166458789964125	0.23246912831489877	0.09152023561688116
0.15115230562981297	0.04786743979040475	0.2162201732062251	0.0864960565409939	0.19962528489798056	0.039169553961618045	0.1799615710989103	0.07950761487405412
0.15387320019117193	0.02971840608852061	0.15959929336880435	0.08863574892731985	0.25001532046836344	0.04158251862557652	0.19789248624159733	0.07868302608864572
0.14425106406703841	0.11392602157834013	0.1684981152734557	0.08225129870263849	0.18743021193373427	0.044201206046105584	0.18800876066067673	0.07143332173801045
0.1390860979072246	0.1307824957604634	0.16442659034289311	0.11999564814722274	0.15263317389652747	0.036587237811792406	0.16888514448620168	0.08760361164767431
0.17057898857541992	0.11735040864356873	0.2027067760413791	0.13452698368699936	0.03342158549089344	0.04372201495284056	0.21182781998424338	0.08586542262465527
0.1331976112585881	0.0696530666389619	0.146992095513286	0.07808007968683724	0.2935104314663139	0.07018884954960875	0.13047191242684397	0.07790595345955997
0.15841917060999638	0.08552271692993972	0.16316856156893322	0.08960616239700984	0.2470947025519633	0.05330065339325522	0.1245367873114881	0.07835124523741395
0.11835896952171596	0.1680735348948656	0.20776775544685344	0.13635717585540771	0.11718864512083674	0.053108195284412366	0.12482469451956024	0.07432102935634773
0.18635059246341767	0.19687052947695818	0.13556475240300422	0.10232282151743269	0.053115924845999196	0.05331881493024335	0.15845095396823183	0.1140056103947126
0.10420175535874504	0.052623540169943306	0.16710006426228405	0.10344299593284348	0.24386760714407163	0.05669789569424678	0.2068480599811081	0.06521808145675738
0.18203519695942108	0.14547430529285568	0.18406019946812935	0.08533911357787856	0.09489358287588931	0.07061147849690186	0.17277224048540146	0.06481388284352249
0.12151579716336064	0.06117448313134169	0.14140556368158036	0.1086025312829399	0.2462946810693244	0.03617681021037619	0.17451252611676477	0.11031760734431181
0.17981031155449728	0.042596899255409604	0.15526337543768218	0.10242295106764397	0.1732489211658093	0.07345726415440601	0.2010504082184176	0.07214986914613378
0.12457953742138254	0.13678937418369688	0.1263708700088398	0.13078307369297185	0.1960729232841062	0.06463421348355403	0.13064547291792367	0.09012453500752479
0.09364073169339662	0.009601326797598508	0.2222664311524948	0.0985459906146389	0.2450592289585683	0.051724278617934785	0.17255207996222588	0.106609932203142
0.12010568924600248	0.023246819954869186	0.21756220535308735	0.09984474779886887	0.2609818738038351	0.04419908594973532	0.16224661636911136	0.0718129615244901
0.14036761092672895	0.03843031242572305	0.18390518882843945	0.11710863019926532	0.23357754471558256	0.03924094411022162	0.15402339655437008	0.09334637223966877
0.16723969929849775	0.06345358000480705	0.14432975960488953	0.11477655011928212	0.20860035613426758	0.06039409099492277	0.14911052247013717	0.09209544137319582
0.14197682182530547	0.22635027502151356	0.1356765852833058	0.08193299130642652	0.09864213078636054	0.03858021795242776	0.20110933352896368	0.07573164429569645
0.14524484718494593	0.25501860188101333	0.1690513666704591	0.07585987824604148	0.02248593538588338	0.04440917973811362	0.19705354936200795	0.09087664153153499
0.1672588219583811	0.030929816321808454	0.22679769750974654	0.13316853251856473	0.12387261744668852	0.04001436538019559	0.20874597876112977	0.06921217010348507
0.12642953459923795	0.06341812211742658	0.19871831299917986	0.1415334901091721	0.16790703085104353	0.06058384288032252	0.1594117382124685	0.08199792823114867
0.18355554286347658	0.08467054077342956	0.1313430536041925	0.12686207557686244	0.1334566302897311	0.07337756439036223	0.15236101045424993	0.11437358204769543
0.10468730352697107	0.1251759901974638	0.1821313020170651	0.09788900202037976	0.09887325572888417	0.0710411563291144	0.2340713439750585	0.08613064620506299
0.146086641280459	0.2532117195294735	0.17978863834966705	0.10592979897897106	0.047888866505301636	0.057200458206349586	0.1262369634830839	0.08365691366669409
0.1733171582537869	0.11773486226413175	0.20542779984073403	0.12126855818801394	0.014647326049533047	0.053846704565923095	0.20817151504501913	0.10558607579285786
0.124980031410497	0.13331818488191763	0.14009556898479683	0.11765935685353245	0.09634349802007544	0.06263012403641499	0.2219562138702484	0.10301702194251705
0.13136879354343525	0.07898546163833825	0.17097728894567893	0.09396105623660275	0.21669957260405537	0.03596840239391652	0.1907668955001947	0.08127252913777802
0.1311904985825518	0.18861070304137129	0.12828022868084893	0.07478552892372542	0.11372289046858979	0.04080583316845972	0.22902225326236897	0.0935820638720839
0.17312203072040583	0.05497732465765465	0.22547227247156465	0.11846425466480662	0.039826421566634254	0.06379189809497106	0.2158773048610901	0.10846849296287266
0.1427704381309141	0.25516585028280825	0.18891660955705677	0.12228087417786511	0.04036277734681332	0.04233340865809038	0.12831966246919774	0.07985037937725412
0.09947251923184147	0.2787247889812362	0.18343901803650953	0.11323444027119646	0.009308141264809083	0.04874437817174833	0.15944967861004983	0.10762703543260889
0.16716649369110625	0.1671498233325482	0.17717208527297643	0.1365748288222581	0.037095860468457975	0.061507066482285405	0.13789282156273597	0.11544102036763142
0.16016973116096297	0.07082402497753859	0.19466962651524217	0.1265403298842326	0.1280869367211258	0.037450135846104404	0.18060854380774113	0.10165067108705206
0.11436255869129562	0.10443456124761237	0.13336820796596205	0.12312369193191107	0.13459822397175605	0.04699957006833912	0.2355904041164105	0.10752278200671299
0.17125630582490153	0.08767015552918506	0.12653644843847114	0.09095325575476816	0.19049430959028543	0.046725728463031135	0.17227619947244996	0.11408759692690736
0.13655060676869796	0.057305480565252434	0.14689929251246092	0.11134069409365788	0.21597986187407608	0.049075274978146496	0.19635674536871967	0.08649204383898837
0.1410904937762509	0.21663231183295872	0.1317677178324886	0.10770531790924426	0.1444771946864976	0.035526654905561436	0.127708304391413	0.09509200466558518
0.1722156124422586	0.09038834329841464	0.21080013658669605	0.1092503515095766	0.03085993300717854	0.07265465956532191	0.20635330621040687	0.10747765738014657
0.11655393223097046	0.27252416570622284	0.14961982103442148	0.14262711085372687	0.021931061962530737	0.053649575158986496	0.1677696497745287	0.07532468327861215
0.13744656816513098	0.032285918203517394	0.1577310959026769	0.12449648847949976	0.2660677635289661	0.04479688542760853	0.15053575273886421	0.08663952755373586
0.1541838807754482	0.1635037334017323	0.1275990645736243	0.11733703199311024	0.04324934106943586	0.06919154323096943	0.22338626129002434	0.1015491436656551
0.12999006687529366	0.13812700959567567	0.1559524906367781	0.12039960714145345	0.12402595343186182	0.04795462313824052	0.18071355094158026	0.10283669823911629
0.16974904007839267	0.01834912118404991	0.1251101504850941	0.12586004559826391	0.25015556851441423	0.043180996301623614	0.19172269183243948	0.07587238600572188
0.15056272985640815	0.17078550539164944	0.13425889015647924	0.10149903193229912	0.11504889339668183	0.04776998781752914	0.16367261846344497	0.11640234298550792
0.12596380385080863	0.09055444544693975	0.1677947593741049	0.09853744295951038	0.11559378789109115	0.06452085209253947	0.2328827326580425	0.104152175726963
0.11598504744867812	0.23135867323915926	0.15283672186482478	0.13071065831340684	0.06158333491694458	0.0699140657478803	0.1445114708386563	0.09310002763044962
0.12309565249917714	0.13032272433528178	0.12492687763020552	0.14098925230488468	0.1485227829015496	0.06457135563990972	0.14992413223233012	0.11764722245666119
0.10738996575712452	0.21173138844759376	0.21857492546848	0.08770018657623957	0.04074881987646782	0.04288526089650811	0.1768457117158061	0.11412374126177985
0.12851379486732206	0.21350832402306325	0.14461471862294742	0.10119472966646856	0.11497528571519403	0.03960072539098734	0.1635253187655274	0.09406710294848973
0.16773947058709687	0.05611457266265785	0.15156003541502308	0.1291006058585309	0.17939194711933992	0.054459138802251644	0.18869377313125885	0.07294045642384067
0.10748422571140333	0.10872059320370549	0.20842161370430812	0.09931419190249366	0.06251411885013564	0.06853125889888081	0.22619544228200575	0.11881855544706699
0.1781553549558572	0.09349592596096165	0.1842235551778919	0.1414016921126934	0.10365931630902556	0.05020681610622221	0.14831593923090006	0.10054140014644782
0.169230409278964	0.19449186637952276	0.1923957581479237	0.1325259605694162	0.032672583779923645	0.0500444730070643	0.15552463268030625	0.07311431615687888
0.10408000824686879	0.24603988718631187	0.18727353670612282	0.12183456807669042	0.0037429691627849093	0.04830585334642523	0.21659565866903485	0.07212751860576089
0.10223228426991524	0.3638670163674307	0.12999892172679248	0.10436613211757759	0.004405242512226432	0.05293006039274707	0.15345942741886615	0.08874091519444413
0.09426077903103894	0.23574240063262653	0.23168010209712397	0.11634133556265944	0.0652426798208832	0.04705120403771905	0.14221409720019854	0.0674674016177501
0.10077860286266627	0.06482068931920473	0.2181775971127055	0.12766554020874082	0.12791734345625166	0.04025698541244137	0.238399028558548	0.08198421306944143
0.13699173469085282	0.26161823535437506	0.1338161855378656	0.12009258189266118	0.04567507176458899	0.07273136580316197	0.12610802986924108	0.1029667950872531
0.10687691717190252	0.2779008421329091	0.16857846935277537	0.10132809756267151	0.07077484583284643	0.034554045840362965	0.17016164175204057	0.06982514035449136
0.13603615096735147	0.10420417323923153	0.17808575729244244	0.11489532563713296	0.13701181417691224	0.06643701417979464	0.17230203771291983	0.09102772679421467
0.12025791570265705	0.049342845255253134	0.172975980732963	0.12288630270935469	0.20925695903904068	0.06722403034378252	0.18348872541199387	0.07456724080495482
0.17042321316838632	0.040887544198334305	0.17900533451094974	0.12954520393442998	0.14019706970407345	0.060329722405803546	0.2042782999542645	0.07533361212375794
0.12741589790940455	0.1788182610051745	0.1578680685164212	0.11922461518920587	0.06142896792830245	0.06170932540566677	0.1948853601548339	0.09864950389099054
0.1565540778651116	0.16152577502658827	0.17935692905421438	0.10562285748448816	0.10637921652401865	0.05376083361950153	0.1306192893218014	0.1061810211042758
0.18533689673050902	0.15867511059157371	0.18350832986688964	0.10311651498271723	0.01605588596411582	0.0652381446057315	0.1893755575583068	0.09869355970015603
0.16648764135610356	0.011370612913415748	0.1846831859588572	0.07743886706196086	0.24544489392601854	0.06931864219752462	0.1363470221785924	0.10890913440752684
0.1708301867599077	0.058934693255984674	0.18916675356609292	0.13061348129113984	0.11258777503632594	0.0649044876162326	0.17044884912489158	0.10251377334942452
0.1253777233427596	0.10220297779742382	0.12950727698956238	0.08655469408141608	0.1741511591965412	0.05803179503991625	0.22975135971347968	0.09442301383890078
0.1548202321504146	0.014475523361383857	0.18228166665584927	0.13401675957978934	0.18058611126453583	0.0392462637069068	0.1859682782109695	0.10860516507015056
0.17581516916731788	0.10589404164178602	0.16442500693820106	0.0876204587574859	0.12119692996322858	0.03887742672241111	0.22569644774299708	0.08047451906657216
0.18786358154705732	0.013409165728411152	0.1321578441624977	0.07733248500084636	0.28519175397326324	0.05649323799089587	0.16491807173135162	0.0826338598656765
0.10288849860297555	0.011699123691878463	0.23672458830721965	0.09994091285670745	0.29109334418420396	0.060847835338318085	0.13156426543231833	0.0652414315863783
0.09385350513001317	0.14109781693637855	0.21411259958468976	0.10591114472492116	0.11214601236122029	0.04707223953198146	0.21324527834722273	0.0725614033835727
0.11194772261888344	0.19021144240962606	0.18308708821416927	0.11017789572543628	0.08836407701389495	0.03741753698168568	0.1714960901865284	0.10729814684977569
0.10359883102614736	0.2963616043626158	0.18632630248155457	0.1181876436651305	0.006273558806223781	0.0555567756597464	0.15932399372840025	0.07437129027018104
0.14471151198018134	0.2407131567285964	0.1472946545123524	0.07896054053538437	0.0764952946722725	0.06453049708884176	0.15731712714030965	0.08997721734206135
0.16872080142993226	0.17051319949998453	0.15115442693129855	0.08112338426814145	0.1471667879379229	0.05955627055179004	0.15225996343488968	0.06950516594604036
0.12945693496766145	0.21394730776612636	0.16005381701378207	0.13991573074169228	0.10244468856218766	0.03521263239268274	0.15235123544799284	0.06661765310787435
0.09606453057227662	0.3210868652396309	0.2077638790833003	0.09743652316533169	0.03549073872760197	0.036451508805290286	0.13489326104549923	0.07081269336106871
0.14568984237352697	0.17326840401582586	0.164729579480929	0.08353926146579743	0.1719337513222536	0.04783237910132494	0.14094381380283416	0.0720629684375078
0.18273788016666506	0.1330938091498936	0.16476859635854027	0.11594774761288401	0.09397352494535414	0.05283735335388205	0.17980531957989374	0.0768357688328869
0.155261570032506	0.07116450390866519	0.186290532480791	0.12413202991896671	0.11415188388638424	0.04642410424111584	0.21201835061542984	0.09055702491614095
0.10442772506134164	0.10485291603200865	0.13249580185400475	0.10926522309739849	0.18729324118032126	0.05753581525120369	0.1895111464059221	0.1146181311177992
0.10280676022329151	0.05680169121007729	0.12682906001962235	0.11678653470079622	0.22290093153470986	0.06379074380601865	0.1922699773917145	0.11781430111376935
0.16414068601089243	0.09101660039701068	0.22906873032753788	0.09447924598296914	0.08299420064297648	0.04033480244952514	0.20893463172755433	0.08903110246153362
0.14487747223748965	0.21380020168464137	0.13782155123796322	0.11989215480089584	0.08764016892099033	0.07173883051850166	0.1492296668411474	0.07499995375837032
0.16614557628154855	0.08975833424291696	0.16385812788147658	0.08847983031664833	0.1673339776669909	0.056666882891497766	0.1764060288314093	0.09135124188751137
0.16230870628717486	0.13838329100858868	0.1748541093165037	0.1265594368291861	0.093635076024869	0.05703676420230637	0.14292989778617776	0.10429271854519326
0.09405629874875827	0.30525284455834856	0.20563260048596627	0.09124793479836922	0.04570384258117553	0.04775769127071318	0.14075440261293215	0.06959438494373663
0.1263225665501862	0.14869451333093966	0.1851381514563567	0.12529580598764814	0.08984014922977636	0.06266003368108153	0.17473288452332847	0.08731589524068274
0.10511835051526994	0.05022348479605698	0.19338303088959352	0.07607728483941686	0.16591524123139806	0.06931810291370691	0.22675224600432498	0.11321225881023253
