0.03197289263280169	0.28830309681348454	0.06833897488815682	0.033823214240627675	0.11290896054786334	0.1683269344786419	0.05357506549275052	0.019732136613575563	0.15976822540073765	0.06325049889136028
0.24390560996265626	0.14152572056590232	0.061887771597438086	0.034309517572395365	0.03230768230716817	0.13008414789641037	0.08762141010882499	0.03200805949963728	0.15131419163829388	0.08503588885127303
0.15687983478551676	0.14321092999265145	0.04152247946892122	0.03771336664343915	0.12107450557109112	0.08402624750553088	0.06285242986203218	0.03637978785147558	0.23775770672030527	0.07858271159903629
0.1695462492930565	0.060402426921855434	0.038740568465513006	0.05029765994706102	0.0997374261568039	0.1428254997965898	0.04992086935973327	0.03654579266665273	0.25623882207631943	0.09574468531641477
0.037126226677177215	0.04387323151076019	0.06217921363633005	0.04232052769505238	0.11933204429877517	0.15696263326959545	0.06967269118026351	0.015460608521023558	0.3490994725443264	0.10397335066669611
0.09378874260487281	0.3223750260610464	0.08872993814886786	0.0332285592276451	0.04646299907867514	0.09959809336623451	0.051693701775231055	0.019437490139755223	0.17034746391382694	0.07433798568384485
0.13443282529234551	0.12177874990061913	0.02137594662471118	0.05733610062991398	0.13187858462870933	0.1445643015272602	0.039584709724594665	0.022564630624987647	0.2219406216401285	0.10454352940672974
0.013767963068167355	0.2010102320091416	0.17765502762881322	0.07232890166205808	0.06785398584800095	0.10451786049127444	0.08475767118809129	0.03285878236259743	0.19559047323693915	0.04965910250491655
0.019298618841509768	0.11123289975882467	0.020899802487115607	0.06056677056280943	0.09679220023534212	0.15354333252344948	0.08492011132105964	0.033260795198509996	0.36898612757440163	0.050499341496977615
0.1721216661239488	0.020614634196397974	0.04168132701750524	0.07366781042308372	0.12672362818835983	0.1311684628781287	0.05463425370659253	0.02237093546864133	0.25211350127633503	0.10490378072100671
0.15719394898225686	0.07530933913344733	0.1582963968567145	0.05614176666800384	0.030025258895721635	0.11797903808275265	0.05189706804631842	0.014594355840901171	0.23177706665246445	0.10678576084141911
0.020375874925209633	0.26771837105362584	0.03788045399382089	0.05327493218049942	0.0597760282201839	0.17129484776713272	0.07269973098878238	0.03971425236137498	0.17172079815884717	0.10554471035052315
0.043482800442492114	0.11668415291538863	0.029648009070785755	0.07520604156624074	0.0939487420199117	0.18204758441903743	0.04107361116403076	0.015053518057266	0.3435223658425513	0.05933317450229559
0.18047717874284236	0.023560477990979337	0.11847317457639217	0.03345542909852807	0.10994272454865035	0.19685565254820042	0.047434136544438295	0.03297825953367692	0.16236033341892375	0.09446263299736815
0.01604397267371703	0.1647618703294655	0.1101445832966046	0.048777799851123405	0.06827479763367422	0.18305530883525772	0.06023421738048192	0.034829585769116905	0.26168541917660515	0.05219244505395356
0.1312601737675247	0.0991928248439145	0.12068968652069866	0.030205931886154502	0.06328479074702552	0.15559786671314596	0.08498989950165535	0.03110834899838974	0.16964945299626022	0.11402102402523079
0.10716274413404009	0.18744056421756963	0.0533488503564469	0.06693617396110856	0.10565250620664707	0.14369109702146296	0.06358711307273086	0.033526390382431076	0.17139003735662214	0.06726452329094065
0.1716236490440462	0.1302643192953929	0.14981383628752382	0.059562610374669145	0.06472521297463513	0.08764044559249654	0.07016177347298364	0.022673985791333617	0.15166264791550937	0.09187151925140959
0.02418738978402929	0.030128052165246333	0.1695973169035785	0.07479720993036186	0.11728859524655962	0.12032352867131281	0.0657179972942098	0.02691924286688123	0.31405002018821426	0.05699064694960631
0.14924066316931903	0.15535825976025405	0.07482531445451136	0.028877621765539332	0.07065820349821178	0.14756871344992825	0.08795879795844606	0.028164845683085624	0.17110217060441285	0.08624540965629152
0.029840634165426413	0.11673099336700582	0.047930621888754465	0.051704892802820715	0.088109796188885	0.1415726933946213	0.08725145114084995	0.037463901141564296	0.2959104113948058	0.10348460451526628
0.11257378166648563	0.2036931868034131	0.13018117217443903	0.07061364168173885	0.028951530208974077	0.1026118124476471	0.04295954169511569	0.033405391820887656	0.1620039151561169	0.1130060263451819
0.1936335222611038	0.0755947328009922	0.16776858670884665	0.03100361794169726	0.03313815905741441	0.0844172704160991	0.0924660896455111	0.030883406004273833	0.19181800597703913	0.09927660918702232
0.19792900483114934	0.04516406628182475	0.05478571362607132	0.06388555279563117	0.08869426070479507	0.18271542146345976	0.07008260845325558	0.015410981295527218	0.17532352573336357	0.10600886481492201
0.18068971668321693	0.1282558948358915	0.0949568180174813	0.04400315298461948	0.057718905042269876	0.15552579095819222	0.05738781872364431	0.02255116139655318	0.2028288107922771	0.05608193056585394
0.06972050465852321	0.18863134628296735	0.09055644106999207	0.0770015905638782	0.10317934298149252	0.08993519000306488	0.040538522540792515	0.014633433323852724	0.23373844517450193	0.09206518340093456
0.20953518702307422	0.07059050773156568	0.1473867563395262	0.04162790187561154	0.03479435464273796	0.0791882449374725	0.07516727867127937	0.020037416206689973	0.25631379693444206	0.06535855563760035
0.043719166859491204	0.028655422290275664	0.15125337964108337	0.07440000388099134	0.06712824339783736	0.17641310884689138	0.07573093258961505	0.01619311920730987	0.2918428805658279	0.0746637427206769
0.12595739743225515	0.07857167825748598	0.1722194959186272	0.04868848300384911	0.06413547051068993	0.1016227412011566	0.08081832939734793	0.015283661428228346	0.19995058676173766	0.11275215608862196
0.006394295829143179	0.13696608624803852	0.16994898406285402	0.08161113752017635	0.0425682842797068	0.09184957798991011	0.04755363420285026	0.02465063602567054	0.2958319762393816	0.10262538760226864
0.05247900650342427	0.16579318531483098	0.031795702176074817	0.05173158654571959	0.12400310404498487	0.17136520437767339	0.057909138994969356	0.023325319071394512	0.2643571556337882	0.05724059733714002
0.006665853742783653	0.24160194357371773	0.05300918260707337	0.043614503585646086	0.0765595378154422	0.1282135023150398	0.08485534720947543	0.0406149981803671	0.21207825918243894	0.11278687178801573
0.010053348073843185	0.14112481912554226	0.12607285296192053	0.05876674832468858	0.0378842549782064	0.10973788788171314	0.06511619645497438	0.03585905733587401	0.3039905818624792	0.11139425300075839
0.12434708104475575	0.04799217110288394	0.12465793369826271	0.037860618666395285	0.03730224398138578	0.19529909195445266	0.06010316918763259	0.019451057767407853	0.25474176163929557	0.09824487095752774
0.019468618646916486	0.047144577362971944	0.3096810922035402	0.05273461757127943	0.0659822941818235	0.1483152612939558	0.06623127713179709	0.014035225768778484	0.19706099175642497	0.07934604408251207
0.20363785904430476	0.07614736279825439	0.08824659719741873	0.06392886747718475	0.07355301077467177	0.1791209215000461	0.05597298394891273	0.017111060827193617	0.17113911811875565	0.07114221831325733
0.03234860146477904	0.10837547769442349	0.15730428235606359	0.032290951654432784	0.07938075165145683	0.11581598975941226	0.06220700890962651	0.015032609288746585	0.34299126365629773	0.05425306356476123
0.18950938000720266	0.11337558987034813	0.06746064405424969	0.07213756826635248	0.05919102261485522	0.0967410953188863	0.03768432083024441	0.015852696525969434	0.25624093908134415	0.0918067434305474
0.079045868053461	0.022732485288059615	0.2422306769875175	0.05620705386123363	0.058001408229417975	0.1766247988359098	0.07534431044826884	0.01598088047900277	0.17095794054689445	0.1028745772702344
0.16030856087001327	0.11282104529715364	0.15665098529893753	0.061812313585358415	0.05186586294445497	0.10774952670333135	0.08070282222123597	0.03240848316446132	0.17906221381330772	0.05661818610174568
0.2113263181939357	0.11903790917682319	0.07348386664860732	0.04223257690875079	0.06574692573257819	0.0918024057494707	0.06201741835290342	0.021446551298194963	0.2152287672424345	0.09767726069630107
0.03723899243487605	0.13366896391319158	0.1431367213301964	0.06210547148991024	0.08478344727140856	0.09417298293399391	0.08480318101566023	0.02855250861522815	0.2540904088214639	0.077447322174071
0.10381657250632731	0.1947430556910013	0.14650753364844385	0.03589609494766298	0.030638097404875636	0.1046387995261871	0.03756157260644062	0.01501508007949802	0.2521427650988223	0.0790404284907408
0.17732689545475777	0.04839774700860103	0.04583009711495678	0.045328455041655766	0.10621160128332338	0.11389739044372854	0.07910142483840069	0.022790561969294548	0.26613048753937246	0.09498533930590891
0.19576127287926992	0.147746670273432	0.080318668096415	0.04461599596807644	0.03508068617220525	0.11918480087796168	0.08295751871227891	0.01850417802981745	0.2172884074775839	0.058541801512959346
0.11375085400103518	0.20901073636232753	0.03197246706075116	0.03483155822822058	0.06549505960388381	0.11192988904022372	0.0440857882239462	0.03609155557489997	0.2516742407007922	0.10115785120391955
0.08832105847275207	0.031205415769263736	0.23508456942979722	0.06811887064239494	0.06687889315433332	0.18265331123532816	0.05812015199257037	0.0390416422025752	0.1677294968714133	0.06284659022957165
0.23515588072650373	0.08348025921442193	0.06878607009540527	0.06752811578647258	0.08652875315819457	0.1476331725134219	0.06217430911590451	0.029473463065433983	0.1572035220196111	0.06203645430463027
0.05184029951023894	0.19713968814397403	0.037849876881455476	0.051375694266631765	0.13134911483549266	0.1476190735495452	0.07704439029665583	0.0355551906593011	0.1635181778534405	0.10670849400326446
0.014672772420037186	0.2881469784935984	0.060014990884886814	0.03538683392927078	0.12949646030505274	0.12168840438698986	0.07346672701322958	0.027848938441682625	0.17702303415016296	0.07225485997508907
0.017390560412180456	0.16534028124751943	0.026354283355346397	0.06289374207957371	0.048057375023180554	0.10985532995220686	0.08104992182323487	0.02304492027170485	0.3587480995561684	0.10726548627888458
0.024196376726187116	0.051223539979582886	0.1346910946643966	0.08003569869513129	0.06852616811086636	0.14855926641017775	0.08754537325526043	0.017123315027287173	0.32192643037682206	0.06617273675428834
0.015414670463983343	0.20271778591086792	0.19006449445500062	0.07751351735522466	0.07373131532597543	0.11178134731844569	0.049906999683212175	0.028017504795601167	0.15745885108186836	0.09339351360982069
0.07410223235757628	0.03357115239813144	0.14746628639848286	0.04490370731889353	0.11140123902350327	0.09822949035351117	0.04769109015419258	0.038151771590729765	0.3531643447532443	0.051318685651734794
0.18692028704165625	0.04003511238798225	0.03809808745563343	0.03054228436937978	0.05747670753942259	0.18816096261740273	0.051284348687805015	0.022776547205125064	0.31491212558231657	0.06979353711327616
0.07273653573988484	0.20876992901620953	0.09320066996262658	0.03220929238658815	0.04251507778903549	0.10510279561039432	0.0740814675686626	0.01731867253209174	0.2567259374785553	0.09733962191595137
0.2199299909082284	0.05069952552568222	0.05745555644288324	0.055791984276125035	0.09307206422736873	0.17153621652229906	0.07098198318606647	0.02661850181327015	0.1991046018061033	0.054809575291973264
0.16712792388833755	0.11332393978547721	0.10603937623488684	0.06918401608948456	0.049600647103451745	0.119214559030219	0.08347891059670012	0.022831437791584863	0.1900964794215225	0.07910271005833548
0.1945485469438984	0.09417949387829402	0.1435239628168666	0.04010667732460102	0.10815702042634705	0.1305767153313137	0.05118914449518505	0.01867101489777334	0.1653670704434575	0.05368035344226319
0.14309498041052948	0.08059697729759192	0.24228577065777912	0.033196835640548886	0.07812528051054136	0.11353160955105862	0.06733975211148491	0.02297927252083158	0.16121145620228158	0.0576380650973524
0.2649876751548081	0.01958446887681313	0.05517194509318152	0.04968036210834684	0.10084837568975268	0.08077254333310227	0.06378823443292701	0.02517438980573039	0.2794188613602146	0.060573144145123284
0.05585543335032289	0.07377479057500122	0.19634962137327494	0.06718549442260592	0.11031461137615466	0.12625199285458416	0.049931077487541754	0.01620286935863066	0.20998318998368504	0.09415091921819874
0.2526256744338806	0.10129379345918402	0.030747124667147588	0.053212947802472765	0.0728303006328667	0.08914330424248476	0.057327973944620365	0.026565922898875285	0.20477972618418944	0.11147323173427823
0.0396008712369975	0.06642177929590976	0.26573544462698384	0.04381893752646252	0.09631376875753496	0.17390597713249112	0.05989465712421136	0.03631274830035919	0.167810065628163	0.050185750370886725
0.1254748480892875	0.09439308602625389	0.03707345124828966	0.05730728401959283	0.03973802012250578	0.14268421332916575	0.0897353041010121	0.02916331954388665	0.3064691892875605	0.07796128423244528
0.14594895202745095	0.23474535837524885	0.1098845908411524	0.03315103935208712	0.034316803525991646	0.07711798687176938	0.07133862885731106	0.034344977690413905	0.14974729214999946	0.10940437030857508
0.05697224012744952	0.06604820181195846	0.16374232513238168	0.061106789814401444	0.11139813896656757	0.12045367401408943	0.09043139517722133	0.030979613358415037	0.21122815951509072	0.08763946208242478
0.029526850908806163	0.271615161607328	0.05436068317671158	0.026733455313646112	0.08723549860504483	0.17809138322787132	0.05754142601962911	0.021970661014644774	0.19731420796251653	0.07561067216380157
0.09810553190426728	0.1681800591786753	0.09509134302784852	0.038829172877397504	0.10825249438859896	0.1590027629714512	0.05303987382413817	0.02283611861878518	0.1507497195886076	0.10591292362023023
0.04194707343530394	0.1387432613602087	0.1763752117792376	0.02759401552191762	0.09560370976103472	0.08543032722533608	0.04304270999984117	0.027063059139316448	0.2626884390173429	0.10151219276046086
0.07426270004352437	0.07361207467916926	0.06310158013071808	0.03529724615976858	0.06389389989228675	0.15831264652231128	0.0877315921030651	0.03432831588602868	0.3539404202906901	0.05551952429243773
0.041214927239735466	0.10509232460506462	0.13271107767478257	0.05000053992564609	0.061534638046839896	0.12278469729169571	0.055423280701807354	0.014643565848189544	0.3539387614236378	0.06265618724260096
0.07470946532047759	0.14194042596464385	0.12487850982430575	0.053376753466420505	0.03398646878432099	0.1513111152726172	0.07478821456466173	0.015674144066933696	0.2569751772400762	0.07235972549554244
0.1134427084305467	0.0285517777363926	0.3018772952535246	0.041311220481765394	0.05408726231674011	0.07716490755766511	0.061940863519013144	0.03232958104333887	0.2221175681072475	0.0671768155537659
0.01978091107624419	0.14051863746645557	0.18929282777952225	0.08138594367587806	0.10087867287502221	0.16516719976501607	0.03788589892043279	0.026470886260675203	0.15053471368730992	0.08808430849344377
0.24843706966594498	0.04863447652627407	0.18143034972593286	0.07094553231885661	0.07028582489972374	0.08539029265892345	0.04996808780157672	0.03906582326626365	0.15012614431458637	0.055716398821917326
0.1431544621479099	0.06829061319254057	0.09161937291553862	0.057638647332548115	0.0588759123514738	0.0779918741139356	0.040542971156567256	0.029640293432042636	0.36931101833461616	0.06293483502282725
0.0433265587793506	0.11108543371483486	0.06331112879440996	0.046765251739157285	0.12309024076892694	0.11533261761990822	0.07707211863238439	0.04100412346896927	0.29932682994494014	0.07968569653711836
0.047372079593604434	0.12456375754067352	0.20369855483728574	0.04363541408528142	0.05545557583685154	0.09444485804680586	0.05858306346071377	0.030715574909321655	0.2719844198466619	0.06954670184280021
0.2476513082666465	0.059419397043225235	0.1328426987744353	0.047999177182063084	0.06693192909515422	0.13000566619357812	0.043328339489955826	0.038506243906060354	0.18158075047919767	0.05173448956968349
0.009789371268516298	0.1769859848101717	0.0767871463577899	0.0565704008135424	0.043655407968272324	0.12137401430598939	0.04161848817845574	0.03952904058298013	0.3724891875608278	0.0612009581534544
0.006143645507000098	0.0846717111441955	0.25888709452498293	0.07337579477983724	0.05592912574606652	0.10498118456018352	0.05701738384463418	0.02104733360367962	0.23937346333192827	0.09857326295749216
0.1493076732290164	0.08315186059256693	0.030980335021295963	0.07070068381532549	0.10960285843989986	0.08760900635950211	0.0874329110541376	0.04098089573905291	0.2886261978098875	0.05160757793931511
0.011292442473958109	0.2480817754553462	0.02080129495579737	0.040023086690195046	0.11876497393318144	0.1089024063651825	0.045494656796314224	0.028464945041270687	0.3114539928490881	0.06672042543966634
0.25135279760037543	0.1509185864602971	0.0760816661696708	0.02752366198889092	0.04994259690916066	0.08971743453794137	0.053665353525344885	0.01575378553712585	0.18573970907732598	0.09930440819386671
0.10884596741328044	0.01536957045226188	0.27669992159499623	0.03605875720733247	0.09392952130815779	0.1267375922929728	0.058753885008139654	0.03855421840302806	0.1760212436191782	0.06902932270065239
0.06714187569580915	0.06407259204608076	0.23647960530612694	0.048335118649211646	0.03769434697052256	0.09894888622086098	0.05044802861843262	0.014786462342987514	0.29493103918651004	0.0871620449634578
0.2039274340332523	0.12774038516464678	0.0557632171104017	0.06499115656908658	0.07800834871914025	0.10524155431041683	0.06309420570169263	0.01615315478291851	0.2343632400012387	0.05071730360720553
0.1638928974305834	0.15772248863818816	0.027093272387084602	0.0425113230815013	0.03394996656500135	0.1378205855553184	0.07044222527920431	0.03593026459814104	0.27835606796318374	0.05228090850179352
0.04085060285980306	0.039301866577070056	0.21211523572159996	0.04285834231784632	0.10746323717713015	0.08777827838104846	0.08742816872987896	0.01619995245997291	0.3160376265010191	0.04996668927463106
0.07574822262767295	0.10269617104424096	0.042107436892120244	0.054039000204379344	0.09350348205185828	0.14419145599454203	0.05161477367136106	0.0262211900029201	0.3358540859440165	0.07402418156688848
0.12735083041519096	0.10726483547049598	0.08467745875107938	0.051616057659486264	0.08798669372553566	0.09930184127133582	0.08405009320007173	0.028606206418607408	0.22952047681618476	0.09962550627201193
0.07877038768372102	0.11591639135538051	0.13249497256953124	0.06307069740793769	0.12477474544669254	0.09363821749112908	0.08790093019073299	0.02051880415688888	0.17015260062151086	0.11276225307647517
0.19594320291134054	0.03633142672303581	0.08607802355349996	0.04256324219632733	0.1155832825403911	0.09123345208634676	0.05794850545676131	0.026771665281186505	0.26062638382530084	0.08692081542580969
0.22234297718461135	0.11685731788956687	0.07637436883405627	0.07881337470100751	0.08462501086278226	0.10473101045745455	0.06904128964628266	0.02742659217577574	0.1681146956649075	0.05167336258355513
0.22495020409480904	0.16776462964695243	0.07753169218467795	0.048245867480922314	0.02854486275415896	0.09663870829447474	0.04161877723852224	0.030290967336297006	0.1710175238271237	0.11339676714206143
0.006699429275300928	0.10977821316230307	0.09268492512907511	0.07692782353650983	0.11567560055802349	0.15164011041667558	0.08459485813173385	0.02157473331768124	0.2588226179132745	0.08160168855942246
0.08568551513721008	0.053878449285736554	0.08867384184941157	0.06798841394106465	0.029218949255251203	0.16594310489692154	0.07265931334087639	0.041073174210958366	0.3198623246187253	0.07501691346384427
0.10482988432640987	0.0851766621433347	0.09700066126929352	0.03888358087709612	0.05599853248337167	0.18953776169750322	0.05206956915547303	0.02474066908007297	0.2853448732681203	0.06641780569932451
0.2525150147672963	0.056849572541033254	0.053020962957029884	0.052215389968507255	0.06443580658063613	0.18580884551295274	0.048191033947085675	0.01472908569588463	0.16294999242022912	0.10928429560934472
0.13029822241404118	0.11366136290866016	0.1849905803413241	0.05032505408542471	0.05991058607661132	0.15015662216687134	0.04211112924966814	0.018622029763263742	0.14966995791643922	0.10025445507769605
0.0711373427536586	0.052633592183587596	0.15113014813436731	0.07743410077936892	0.03935804015040766	0.10316926475890834	0.09016976263147783	0.028027089024292046	0.32759548783161413	0.059345171752317585
0.10611636127160447	0.10969100019837427	0.18495506364535566	0.06690193127925553	0.03750119337803532	0.13857940944371358	0.06961012989741508	0.01851724605467553	0.18746093860611385	0.08066672622545669
0.2681974530743351	0.0524050493375574	0.04099393134051104	0.03737924636473046	0.12401863387817749	0.09569604827212826	0.07613653445974464	0.020131167973048286	0.18379285833485018	0.10124907696491683
0.04226751920159113	0.11496680309746388	0.19394124597717174	0.06345605224757697	0.07995865183895107	0.09014707416125857	0.058708788980142194	0.01765088367604263	0.25155759230085484	0.08734538851894694
0.03669688271124939	0.1980544715247135	0.17338897278150311	0.05063692988982565	0.07532993447798947	0.07798173080264698	0.06311343138334963	0.02398977447589333	0.2159830335423563	0.08482483841047261
0.14546620653098713	0.0734363819256416	0.08116624276695071	0.044161256383161894	0.13191050511868674	0.1931035087993175	0.05273665006152457	0.04107782032131827	0.18264406314372342	0.05429736494868806
0.12107191210868065	0.060679984712545224	0.11389286825720249	0.04043178015856078	0.07467675198078974	0.1094425712794648	0.06411183684944205	0.018705456834203035	0.28344675580343015	0.11354008201568101
0.1103448995443423	0.16071231767740068	0.07237097581982246	0.03362625323756388	0.07169028619890518	0.14671978446734502	0.07698027418895348	0.03251526929725239	0.18391589144971363	0.11112404811870089
0.14757511125115386	0.08279900703477164	0.053781531200916353	0.038343983104993457	0.10972329555636887	0.17796857208983122	0.04598152424947882	0.032569481224477004	0.23113842371012794	0.0801190705778807
0.10662528404078626	0.06956600176658743	0.2055317090473628	0.07802041281102148	0.04276951675967792	0.07772460794309352	0.04297032108275004	0.03894439957458091	0.27001916084038896	0.06782858613375062
0.11548327026228718	0.11035172505141107	0.2365856812269616	0.028092215562546152	0.07528073830651642	0.09285558072566347	0.07768359732319798	0.026560221444808962	0.17249379663573555	0.06461317346087152
0.043518816530899035	0.05426631426723451	0.18120801976150225	0.05315988149476586	0.04174113822964766	0.1196034707003517	0.06268110435173675	0.03302130778317716	0.32156444176677523	0.0892355051139099
0.04113120191982658	0.02390430213980528	0.25566747143579294	0.040147678111528314	0.05160282332307231	0.13993982329069737	0.05218512313981685	0.017568075496532318	0.3110142735247849	0.06683922761814316
0.08742689884183384	0.2214756056541783	0.10889272066571314	0.03813891603495912	0.04135432556970896	0.1638836727680658	0.07828628843353726	0.03250554605666765	0.16266350820400322	0.06537251777133266
0.2025215373875126	0.15065443182098062	0.0743558175481613	0.027701145152262685	0.05911912708986392	0.14733640721000754	0.08851752135897853	0.019789652131311064	0.1636914336129317	0.06631292668798984
0.17648345883710437	0.15131097445905942	0.02308628400620942	0.03573599464551715	0.052150161831938394	0.16750673590376391	0.07347673221493743	0.035766663772091825	0.2144993211585322	0.06998367317084571
0.018553152569621187	0.15995544208628149	0.16094949124433502	0.07809907619470904	0.041378307051700265	0.19669150929451645	0.05087157063856464	0.032222409500800506	0.16580717570900977	0.09547186571046161
0.2453029059694941	0.04918951925422811	0.05822671707945948	0.04383493844487861	0.11080109880801245	0.07645039084336328	0.04493063877629988	0.02821403546521979	0.24139476374320146	0.1016549916158426
0.12025788291485628	0.042137225032844845	0.11299310686818984	0.03759712585411211	0.04173085628111323	0.11055151137405692	0.057835268264086186	0.01710446883518589	0.3526591328927941	0.10713342168276048
0.19445482865845104	0.05500072859564313	0.06809999176877266	0.06899526309217703	0.09861819285762258	0.19337246882275422	0.04758120033064501	0.031413735591839645	0.18898012236415182	0.053483467917942756
0.10765632219129703	0.12930224275670532	0.08240353381026892	0.07828747404430839	0.12368287688092404	0.07699331417468559	0.0907862536070598	0.03241802927270927	0.1967455827477122	0.08172437051432935
0.17913425280575185	0.12138816817391065	0.05152912609404304	0.03333592633205949	0.08299124449154854	0.14452767824834603	0.044381703589297015	0.023638179920001903	0.20605719119763533	0.11301652914740598
0.07907385652984365	0.03488751303670179	0.23678970423202716	0.04530908634598718	0.056778796104102046	0.12923357346433273	0.09025648932263626	0.04151343933408915	0.18238861082234145	0.10376893080793848
0.24813449409941346	0.07899645652993811	0.02910107112887908	0.04165907129445133	0.038172804445553724	0.12140611526957773	0.06259902799847232	0.03843751798804107	0.2863307549924574	0.055162686253215555
0.050050188878568116	0.1972514765279497	0.07591859390911979	0.07465371197983343	0.08497381119224914	0.08892147732343612	0.08285929085224751	0.017558388080332485	0.25508074958746935	0.07273231166879437
0.04051750433855391	0.17026611574730388	0.0731382721245788	0.037648339343147944	0.09723139173558813	0.16746853676058004	0.07992359978364402	0.024493796951756158	0.2034125222901758	0.10589992092467126
0.22258102772478527	0.027951148639682497	0.0748725232116942	0.04375783138950895	0.12628427913536525	0.09354105717935945	0.053498801173822	0.03610259963048719	0.2623344851081265	0.05907624680716851
0.06702954880270981	0.07489868558102131	0.23652894105565064	0.050921052876002224	0.11299850459711164	0.10708459550054819	0.06106618775071145	0.028946564208534947	0.15657345926284455	0.10395246036486523
0.20726503080663425	0.1170700576750192	0.032519249718986065	0.06827860260118793	0.0964037229769487	0.11234960383909684	0.07021206342969323	0.034192646810542376	0.15572332552535828	0.10598569661653295
0.16782864700499556	0.04071485850649285	0.025554964688821832	0.051978976560299976	0.08703351648878245	0.13004680362205664	0.07364431971823127	0.03328239300364029	0.2903127922181861	0.09960272818849286
0.0871248398630509	0.12274976688788948	0.03315299686076775	0.06717520426005424	0.09903817781447366	0.12820321801981058	0.04944724328386742	0.03150168062656426	0.3085354764751098	0.07307139590841183
0.03615986006286476	0.1293474130398508	0.08981873388496667	0.059740764148176674	0.03436524276457306	0.198536425930104	0.06844332748220586	0.030223689717308086	0.2632192331437034	0.09014530982624672
0.021561074783779485	0.11572698111732398	0.1455628959240946	0.059399456269765886	0.08473955228307224	0.19950555910242665	0.07798816491600437	0.03705641861336731	0.1480737896935623	0.11038610729660321
0.17835482819968235	0.024412026314395888	0.12972985474116183	0.02988398519781918	0.12123377814113867	0.11337243448104807	0.06830550208835587	0.04196483992188637	0.1809779170932002	0.11176483382131137
0.016146353217341383	0.21557664605432258	0.1884409850232866	0.03371999714905441	0.0319814484641385	0.09220044239714452	0.04391236345636149	0.02597292689011324	0.29965779434265033	0.052391043005586946
0.020641223768706418	0.324530621240335	0.03875849402917126	0.0531980817335651	0.11791745213010582	0.08222289426142165	0.07061169751341051	0.02654605581601975	0.18409903221672907	0.08147444729053549
0.07588303382762251	0.2640717371292526	0.051856406566249305	0.06276632444017809	0.05640720116460267	0.10332569995943522	0.04343450468897754	0.03213364478247609	0.22731930081007906	0.08280214663112692
0.11736435369123413	0.09222667890144025	0.06665287928757634	0.07682282693831591	0.13217427138899074	0.18000933008073566	0.07576078284229888	0.03747548703949176	0.1475033209414474	0.07401006888846882
0.08334363621370869	0.05785232795884335	0.12740888543876172	0.03064744717452922	0.08837591993213427	0.17361297241587667	0.05467053443708167	0.038178311680145544	0.2524520120507401	0.09345795269817876
0.024347296597632143	0.027384930648550743	0.16221095696713633	0.03817280445458447	0.12049222825876668	0.1642214223158736	0.052275815570915894	0.04179844424390191	0.26043795922174195	0.10865814172089633
0.038457610351285705	0.043004878738523246	0.28702618479629005	0.03966686250564023	0.08527869107968603	0.08737673006824448	0.08355757049458339	0.021581286156445265	0.24885586435485135	0.06519432145445032
0.013346020995240793	0.16029212317629532	0.09265042979573283	0.05193935577485464	0.10932077094323206	0.10996164045068114	0.0890643274356895	0.01924943431518318	0.27926572138258476	0.07491017573050583
0.023964351834646846	0.08754411533134128	0.035300854961336475	0.07927296430868505	0.10700286189300666	0.19547073903952733	0.044034109638831496	0.01729490594059596	0.32648103120600946	0.08363406584601951
0.058792857951526986	0.10572533589667944	0.10444751188368692	0.053614686948362245	0.04723208298211562	0.08714831480981197	0.0907723158323289	0.028014297443032993	0.35088541338822193	0.07336718286423298
0.04293843172941876	0.16776097238528123	0.05184465989966059	0.037530764084403014	0.04874290866735869	0.14642164932075644	0.08666091811767464	0.027698883409111003	0.31282463770464447	0.07757617468169124
0.1670264094093519	0.13655421074143498	0.09549876526914705	0.03178759658512445	0.11360433256497023	0.0981451595974654	0.05392378823039909	0.03479714955010285	0.20769133653842947	0.06097125151357445
0.03187765901608379	0.16064933942967685	0.15681742872858673	0.058448138125753814	0.12858721185988928	0.1085883976029679	0.04146922459019988	0.028570353164568504	0.19671651932885884	0.08827572815341443
0.056414048564979405	0.04259619024287067	0.14544140732927824	0.0773075443484617	0.1034198160702097	0.12130268814744258	0.09124188704332979	0.03223904363403561	0.2598773592430465	0.0701600153763458
0.007848085113371053	0.020409604622396424	0.30085611936805834	0.07897473669441868	0.04258200730227895	0.1401445549381099	0.08104113174141808	0.03456099855376983	0.21459071809441427	0.07899204357176451
0.05486188445444988	0.16791816304212742	0.1123368872244704	0.06470814395782298	0.10425814398270997	0.15594437538928002	0.06517975017605698	0.039610424343300706	0.14829341074910155	0.08688881668068005
0.07156653278353839	0.2170446000676712	0.05604357169832189	0.052528533314165946	0.06064367690258126	0.0792694998446898	0.06163870206187022	0.0322449742696662	0.31537588553912865	0.053644023518366425
0.059125395697149974	0.14004872405688612	0.19518911368144232	0.07145302645666647	0.08121034696340189	0.09485935997194965	0.04975514576820823	0.018058352152955592	0.23724338182312066	0.053057153428219074
0.013665899070028575	0.17506050937975964	0.11761592192802012	0.046830658862713	0.12445027327399624	0.1719175682632913	0.08302388140797491	0.02295765815120969	0.1828184186829837	0.06165921098002289
0.04783826664938844	0.03196271939995976	0.2243479937857563	0.07952016538211992	0.07576790176423329	0.16167252081256253	0.05781677329570516	0.022412318771246928	0.19066216263121377	0.10799917750781389
0.03465924883074285	0.13726281847628757	0.26497727381152164	0.0514952511895444	0.034327514337883	0.14213417285404664	0.06937547967694752	0.015773769543333052	0.19307886577213346	0.05691560550755989
0.24426243124658092	0.0317489956362008	0.026997496788160602	0.04279658463455589	0.0765041707212157	0.1013111306410406	0.09183947023314096	0.035182366583724436	0.2763185246445145	0.07303882887086532
0.04856577480982393	0.030063127088344202	0.2568847328531434	0.04428117802325736	0.03963506105189886	0.178710832872379	0.08827967455494916	0.030122765773470436	0.19467806751613875	0.08877878545659486
0.20578577854961227	0.015425535318016922	0.11252463376063501	0.04298120899292063	0.05584037409797286	0.18220110411405688	0.08272396324285633	0.015767280630820765	0.21236429765914966	0.07438582363395857
0.0675826885044424	0.0570275073831232	0.2111751324084427	0.04670222343517074	0.0322545048234613	0.128125240006719	0.03786279069113486	0.01828134646032324	0.3291947765054793	0.07179378978170323
0.04808721150882691	0.14108045140799932	0.22655165134986882	0.07854863083628177	0.0869478886751358	0.08583362264578125	0.06525518939543173	0.03943665315121594	0.17090644125795423	0.05735225977150422
0.18159915377936448	0.0909203097959149	0.12262617328230718	0.07260938881362042	0.08051998337237562	0.13623898382743577	0.04297523211087849	0.028030022937166166	0.17708834655001118	0.06739240553092563
0.04506570889748354	0.03669329249878947	0.10429459771672211	0.060479921683994166	0.07738970292270567	0.1625888117993914	0.05361266664927424	0.029079049303964613	0.3182392808292491	0.11255696769842567
0.23473979510100246	0.09203103244108972	0.12575888970433355	0.029653397274686993	0.0409040959620288	0.10506781747182699	0.07134834148297257	0.021502494744186487	0.17874779661422835	0.1002463392036439
0.21238963664331068	0.15506681320499355	0.030149462323444495	0.05179017715288725	0.06533067659918698	0.0969239888334268	0.03964163132809176	0.028866624529239354	0.21816364353042184	0.1016773458549971
0.14944096517613362	0.12969049859963133	0.08088993400724714	0.058134503613013984	0.10283707137045041	0.15321057853030587	0.06678222996076064	0.03584174741444272	0.14987134710808073	0.07330112421993343
0.07209156267716613	0.05020309260932467	0.2393742890252536	0.03947025940163996	0.03845328412575153	0.1522299055692408	0.060087030039291424	0.01617095731644666	0.23283436664950397	0.09908525258638119
0.08682726184342557	0.12385966693068823	0.1446354415669013	0.05620124710724317	0.11979463334042101	0.09677144430448406	0.07708455036282272	0.021747542134435083	0.22042514453643047	0.05265306787314837
0.19367283664956852	0.034496969453208154	0.24382556838566272	0.04666870035461652	0.03202245731004065	0.08808990164197886	0.04080483071884063	0.03183701902422796	0.18523103769226604	0.10335067876958977
0.014588435177954592	0.029663466202976663	0.3467396241047924	0.061340360385399036	0.12587058935693984	0.08430314587439432	0.06039926961579055	0.030530456734724237	0.18373268742605223	0.06283196512097619
0.1574911946748619	0.04874573102717932	0.11336385890157887	0.06891823388895517	0.08186434047330922	0.17568822531288286	0.04776177257759134	0.028613608258996934	0.19227359545043904	0.0852794394342053
0.17716050567495936	0.09328973007725654	0.08065289217045088	0.04425437566340297	0.0413836683058367	0.19761472605813002	0.04379685557332086	0.018056058828872082	0.23936181872361006	0.06442936892416039
0.02141113478191141	0.32220937944873657	0.10120684009058453	0.0267058387573698	0.04940590252930809	0.0863796778122518	0.06100777526667724	0.021054504820296457	0.20352781955522004	0.10709112693764401
0.011638662978615696	0.25680224054722234	0.06241212652705274	0.05862462963040276	0.07841341404557618	0.12949220710392756	0.06294128933245077	0.02826021172886864	0.24917710898122708	0.062238109124656264
0.1152485870315008	0.10439179307002125	0.09949604783893749	0.036242439856141964	0.0760217723879825	0.19811296198733952	0.043693680765725544	0.03959232172598015	0.21442146372038204	0.07277893161598864
0.0852470457155872	0.11947629718019395	0.1810220898704224	0.03444425516659176	0.04704295654674784	0.07827517011885443	0.08484594953578241	0.034200935074423275	0.2834392548298064	0.05200604596159024
0.04839328915227517	0.2906888203608144	0.040859944670930466	0.025969995388923015	0.1185684653572279	0.1135199785315021	0.05672910720776208	0.015103103283325411	0.238638945497967	0.05152835054927241
0.08633945534409122	0.06683244954153775	0.1908110938819116	0.035420101647721317	0.03120009993901833	0.11957205117664557	0.08855253804358681	0.04074388634908984	0.2855680967159926	0.0549602273604049
0.020627440938780453	0.18416038523313388	0.10326418815838972	0.031917907241085536	0.12573540172233627	0.11543833569249173	0.04127204803145034	0.03882854924866883	0.2628228080425901	0.07593293569107314
0.02224448607605592	0.12621652947020168	0.048755841586267334	0.03238633557385148	0.1066403990230187	0.18957521829799867	0.08314445900086442	0.04083972851198192	0.29522804696916655	0.054968955490593364
0.1395348918777516	0.07521489587143665	0.22846068834542532	0.0579940473493618	0.07814870161562723	0.08412215603427245	0.06972818072301071	0.03032700471191914	0.14822482164605144	0.08824461182514351
0.019441293569810447	0.12946811428570895	0.041062543121391105	0.08157843690803762	0.03331056708735111	0.1857622327597766	0.0580433572858309	0.01980532366452628	0.35163541497770895	0.07989271633985807
0.1911696561838322	0.07454899565582751	0.13804631286626357	0.06323821210470185	0.03981385096945761	0.12885850069321297	0.06419736435903806	0.02005359563797114	0.18170326728082037	0.09837024424887457
0.10288486331525303	0.06172684560230427	0.2189120033561297	0.03419415682204556	0.08542436879729984	0.11984870424773758	0.09055550737538645	0.040888215721676544	0.18481355595775728	0.0607517788044097
0.08511139040302884	0.14968908947707943	0.13098098112902587	0.05664066210655701	0.037496001216910074	0.19128503592386592	0.07112278800486362	0.01795567055989028	0.16733668866950668	0.09238169250927225
0.165097368287414	0.03743291690767689	0.06259544228792922	0.04279335527193274	0.029521132304291417	0.12137321315035964	0.04795588507357434	0.0348537659594797	0.3717082336435617	0.08666868711378023
0.07570346434763178	0.22752822602745254	0.14508347796607074	0.028822734734760852	0.0982700418637876	0.07719523861969517	0.07928446178934064	0.03337494507365117	0.15344086274876725	0.08129654682884223
0.1280560248719841	0.08418920786478208	0.07122905891097511	0.0666630162685439	0.04774408106136715	0.1341448355100058	0.04923068834346587	0.016365913732038218	0.32394358824097436	0.07843358519586334
0.1675002098645048	0.06984472119381763	0.17019398768596228	0.05193530159562383	0.04648889046991364	0.11271650253464377	0.04680868844318692	0.030543676186018318	0.24841655568825194	0.055551466338076734
0.13113325009241403	0.20686726333863842	0.10167615914362424	0.036356725659620184	0.11817495156905253	0.07879176890216368	0.06016368651068757	0.0193041733875393	0.17765675565141104	0.0698752657448489
0.12074204707585048	0.1629588022631402	0.05966509614315856	0.07560061156429679	0.09215056260342	0.10177831470390251	0.08328218091937178	0.04087813381281213	0.2035659360356073	0.05937831487844017
0.25833255300269503	0.03398523406677341	0.0992866191180893	0.07931590609453071	0.0371733120066543	0.11003559108310841	0.040041496608947826	0.03187212287717042	0.23492259732659776	0.07503456781543258
0.07900593865820155	0.05410029469983855	0.09828808733564436	0.03779749885063276	0.035763739844537165	0.1920019247000648	0.0915321898737344	0.03580656481737807	0.29110238562930607	0.08460137559066223
0.04068914887718416	0.030873231903521953	0.21761888115871736	0.05727457992267245	0.029835004665897474	0.12750806910407592	0.04364800360928254	0.019693601654512866	0.3719067866863133	0.060952692417821995
0.13837090603675062	0.12944054144391495	0.06810307066130673	0.05241870469097469	0.03913279086196306	0.1913062186040891	0.09072138542317836	0.033813562747940173	0.1990094959978969	0.05768332353198534
0.15395624445234257	0.026048250533443576	0.06393747966253002	0.062192598885889204	0.10230626756546403	0.16833191520543916	0.07128097665532553	0.029605488421649936	0.26848084864668853	0.05385992997122732
0.06204579944676776	0.10510078875089214	0.10897382620337391	0.03986147468784733	0.11621226623194346	0.15268776608853507	0.0755806664837998	0.03449860218871584	0.22135434039477325	0.08368446952335142
0.0614533960947844	0.09241245008918669	0.14188383373979607	0.03004552515503653	0.08367790912390541	0.09864927280952104	0.06762427643662808	0.02761559040825172	0.33903082983236715	0.057606916310522824
0.025210248193579102	0.031248043936189296	0.3497424657418708	0.06554288080762004	0.03764087765142483	0.14491708351052718	0.07682753303776371	0.02421278014628435	0.18167661233368626	0.06298147464105441
0.13491557256677256	0.0763190672795081	0.0373777310617469	0.07197463932081499	0.08197455899877874	0.18563290752860195	0.06543640269529202	0.03183133459179924	0.2641254273433546	0.05041235861333078
