0.16710746367260876	0.032647424959494964	0.20428445053772407	0.1088959477543044	0.0619788107266394	0.09909468188714096	0.2089041868819973	0.11708703358008989
0.15394048801595372	0.036679622700755116	0.19740905070777875	0.09187661709127895	0.05401838280885769	0.1134080143666078	0.1882872630745999	0.16438056123416786
0.1285254485732387	0.028756565386816965	0.2183970008519483	0.07636305946138261	0.07860472737111555	0.12272199152172843	0.19451567526209335	0.15211553157167587
0.13845750263193388	0.043547953749294974	0.21276174897387673	0.09208047852679466	0.056530293648173455	0.12337169406723934	0.1911648538980066	0.14208547450468012
0.17963020932648643	0.04072593407494644	0.25503777649325415	0.08489758319949334	0.05092982451171647	0.06771988344983815	0.20169905650704395	0.11935973243722083
0.1572708069011387	0.04562190540140541	0.19492443850238433	0.10203029242841131	0.04222596472847982	0.11961893081461658	0.2268371687760119	0.1114704924475517
0.17962952149038158	0.03182457420157621	0.2226375461409224	0.08108699759595703	0.07994620494632201	0.075736803792079	0.21983806238479175	0.10930028944796977
0.15173711818079597	0.03447825263506714	0.21837003944378552	0.09678975063183178	0.04650998688311782	0.08404115798426609	0.24117106839942065	0.1269026258417148
0.14005764982734134	0.026811110839581	0.23882484644653057	0.08409921362463393	0.04299770393868858	0.1049090083910259	0.20511498071893453	0.1571854862132639
0.16817143149509856	0.026178830796472263	0.233028846811314	0.08669934079320347	0.07303322607267437	0.09519699930847567	0.1948763679537359	0.12281495676902551
0.16357870594370016	0.04158773024951659	0.197136102952987	0.1246306655331819	0.037904024353781623	0.0872750752309368	0.1964422735467795	0.1514454221891162
0.16745756014211502	0.025742658766494134	0.22410532722960008	0.06831524814774638	0.06773566529616862	0.10351811794517732	0.17667449376557706	0.16645092870712114
0.17141077063469473	0.03695754924573667	0.21084367482947597	0.10370037041546999	0.04074422900585341	0.079868094392707	0.23807418212422754	0.11840112935183442
0.15898541036432512	0.04641823418519404	0.25578111361135375	0.0759433036734998	0.04534252733622922	0.0894490626864446	0.21786527772116693	0.11021507042178627
0.19198769973111124	0.02639501445330121	0.2078892045554681	0.0685514654593852	0.040339776988463125	0.08149842130794185	0.22460964747251994	0.15872877003180902
0.12953187041770736	0.046699596994089015	0.24219935483743543	0.06959007955504559	0.0436448582723363	0.10391780249390115	0.20920143167340266	0.15521500575608227
0.12764197229247132	0.039490837503631096	0.23049392088754878	0.08738578903436077	0.04617444242079184	0.11982638052854558	0.17940086300230657	0.16958579433034388
0.16898822195724889	0.02506160497001786	0.21144512169658947	0.13821608780494532	0.04603466342398112	0.070221607219767	0.18338409249621726	0.15664860043123285
0.13734494763989216	0.047814922869472476	0.19947899714728978	0.09195925534564954	0.03521415891281389	0.1151590205166853	0.18059471528960014	0.19243398227859645
0.13733281133684552	0.03926306568796639	0.2034091758095001	0.09082215274556454	0.06422848354236958	0.11926967008171914	0.23480347981665392	0.11087116097938053
0.13411416353600064	0.03963247338796555	0.2150906861048533	0.08506102898593072	0.047175788087830295	0.12441060277616488	0.18926071365807345	0.16525454346318097
0.17852709374018388	0.029611943043678188	0.21602883701635606	0.09386317433176737	0.03899438371060346	0.08213801217022756	0.1903609027369309	0.17047565325025238
0.1298594085161498	0.04574365747660107	0.22922723354345137	0.10235501298600516	0.03992146799085475	0.07358210418628665	0.1861942643372188	0.19311685096343217
0.14846636655968426	0.03479428246155064	0.22061385282936002	0.09223415426819356	0.04274972475558092	0.0868419671701262	0.21480748647240194	0.1594921654831022
0.14604655781977727	0.034836433347576176	0.22912410381408338	0.13601007987201658	0.043986060193334744	0.0877714027128566	0.17527411030620582	0.1469512519341492
0.14459200184939647	0.02761868709238398	0.2044921024527419	0.09604767117250289	0.051409070318394465	0.133166307420325	0.18661088901626466	0.15606327067799036
0.1537628151993871	0.032571186612635264	0.1956814570285171	0.09847188193569725	0.06997368655992255	0.08253354514923605	0.20562114496914224	0.16138428254546222
0.18130046340571582	0.02855368324694281	0.19586649243511345	0.0720807166528567	0.08154923337710579	0.08880430556519966	0.20302864904942153	0.148816456267644
0.1828334880341213	0.03503103601268881	0.24331573566686132	0.08227817394438315	0.03930768153114267	0.06678620760933977	0.1794334810387239	0.17101419616273883
0.14788843830349874	0.04088767554503636	0.22332983878756194	0.10458554170535546	0.051921927445892066	0.07481435925372346	0.24091928898908138	0.11565292996985037
0.13679225665217054	0.03304117515463098	0.24380386500374962	0.11955260432239255	0.06886354682429968	0.07064959810769791	0.2033512305847364	0.12394572335032207
0.18562210446271643	0.038328500627180684	0.24269452124235263	0.09166361927527895	0.03619008153201876	0.07974992884234718	0.20565339007399033	0.12009785394411474
0.14533784383678067	0.03436540674064628	0.22092234247241122	0.09705145358657602	0.04304879125030914	0.13005532516975118	0.2099983283164988	0.11922050862702649
0.16979229161888953	0.04372687483845608	0.23906538939585864	0.08054291643938759	0.044104089038853364	0.07890278014246283	0.1764374507458475	0.16742820778024414
0.15235759119633185	0.02785966881579613	0.2253541781763489	0.12803719457105123	0.0437379333821985	0.07198774038413124	0.21704197419355487	0.13362371928058703
0.17424124166850002	0.036434413043578376	0.2012695433390141	0.12191272932522809	0.06167091044723233	0.0913009436416574	0.1979072859990564	0.115262932535733
0.13681225124899998	0.04213292531620781	0.19557575823278717	0.10962965702148751	0.08144498106074405	0.08232448006197392	0.20943097030815805	0.14264897674964128
0.13121819380653185	0.04168659094361572	0.20197542544695324	0.07379366335366136	0.06027225231803665	0.11949034025415584	0.1770513956913474	0.1945121381856977
0.2006996130193121	0.026379531371517703	0.2114361719871652	0.10794676975792858	0.05430537887055356	0.07590251488571478	0.1772157018466664	0.14611431826114143
0.18763275006022961	0.04829292490734323	0.22243817700170104	0.07042971850707905	0.04747681698991586	0.09398451246352747	0.17996753369271073	0.1497775663774928
0.1515525868970985	0.02687347843753518	0.2201895416250402	0.1276694843734184	0.07162515014161279	0.08375505024587279	0.20514216651089554	0.11319254176852636
0.16451327937215354	0.04334070891497489	0.2189447095421468	0.07487851824364639	0.044996529290262585	0.09815751050989532	0.22131089731003148	0.1338578468168888
0.138061525021968	0.028695113246700807	0.20980731616732276	0.09982179939652285	0.04393279618543135	0.11266238304478735	0.2116958353220868	0.15532323161517986
0.14929460706252393	0.03592558349481002	0.21724243396206816	0.12549337526775248	0.0721829194426143	0.06720479513145025	0.20860260152138185	0.12405368411739875
0.15760064955886927	0.02983228636017897	0.21747452411753904	0.11949898071860361	0.056995516312199776	0.07544718131569704	0.18663595233436392	0.15651490928254821
0.19903447594227597	0.030935231474448002	0.21874840802713957	0.11203233979960915	0.04037871266387663	0.09403541042340169	0.19786985207294208	0.10696556959630671
0.1714548424078225	0.028714894528656013	0.19978712541751853	0.09319809711387941	0.07608655133291493	0.1207264755460665	0.19603716588774717	0.11399484776539467
0.14422623270985988	0.03201608853645728	0.23721952034541288	0.07830542848811514	0.03589291383374006	0.12204192022771763	0.2280755727595224	0.12222232309917454
0.15309751424606713	0.04309551304299533	0.20370323685984718	0.09474413577433094	0.04209889300163977	0.10376447350084811	0.1896382560197901	0.16985797755448123
0.1712965819835638	0.02975571242842294	0.19706221744283553	0.06672923505878846	0.07478104723690962	0.10024023208607558	0.20488384842403579	0.15525112533936813
0.14414138238476107	0.03985565666327222	0.20038351837684631	0.13474249115361858	0.05168985866371792	0.09155178635776573	0.21231670090742594	0.12531860549259197
0.19065081318459376	0.03226091357646224	0.2210883020590841	0.08757668573796937	0.04961190181436578	0.06543982391412341	0.21707990902048632	0.13629165069291474
0.17992885445110454	0.028648765010778898	0.21076567470635094	0.06565111015535152	0.04692495776333512	0.07391151933895786	0.23569090882887195	0.15847820974524898
0.18511112186550663	0.042352642191188256	0.21496614157738447	0.08895796584113395	0.048596087346249914	0.10720055477442113	0.19394334299064317	0.11887214341347226
0.17179166287398234	0.03561972288693331	0.23514441387455415	0.07367887379257052	0.03550954045892267	0.10407707720498	0.17871820205105457	0.16546050685700225
0.13231910436700867	0.026900741660494568	0.1946462219805023	0.11850229957231313	0.042621413097329267	0.08539885533405733	0.23816975627486375	0.16144160771343077
0.15512439735511918	0.029114743932357523	0.2008029264421589	0.10832315575186054	0.04561992472705488	0.08913996682654386	0.22301144225327696	0.14886344271162794
0.15666647210528187	0.036013309526963105	0.21805004132712283	0.10255167445332626	0.04657139521240397	0.09071322078202217	0.1949329322219614	0.15450095437091815
0.1560095343867936	0.027743762990521822	0.24054742828343517	0.07750712648294633	0.05986682330285116	0.09586162532309037	0.1950177270668399	0.1474459721635214
0.12951232928262718	0.04201348811074078	0.2258782559220649	0.06893484969120443	0.0473910192414814	0.11577456620627638	0.22203681561291647	0.14845867593268822
0.17314168642101563	0.027721377535445457	0.236661953949709	0.08249717900025394	0.042745755508021274	0.06948279420948245	0.21702176430947379	0.15072748906659822
0.12913240472901766	0.044747787136753064	0.19560612495347124	0.10504684131897797	0.07446152501093568	0.10268378207262024	0.23874550187114985	0.10957603290707407
0.1354228146979931	0.039287043124333634	0.2011503035045391	0.12534630698593163	0.03686331106536224	0.06740005016086442	0.22248653409131178	0.17204363636966383
0.15520379919601981	0.029977240079899464	0.20407313891522255	0.134236758979051	0.04169191571212372	0.10103324443960787	0.20376736647223628	0.13001653620583906
0.15039775692011054	0.040025701735912786	0.19719874694604167	0.12677743989976797	0.05720388638200992	0.11192095442713662	0.2013699244072379	0.11510558928178238
0.15238728444415528	0.03151436608649286	0.23811313521850208	0.10573951596935126	0.03728247773994328	0.07913132380870942	0.19782193940951526	0.15800995732333034
0.17547594615805448	0.04936245625758506	0.20106883368347817	0.10460461510708118	0.07226411114412773	0.07522217462640768	0.21207254857621366	0.10992931444705184
0.13736280081678123	0.03336267891543866	0.20683941772506237	0.08761896414613685	0.06930503862444626	0.10462414264511648	0.22547885234022433	0.1354081047867936
0.15644291655431872	0.03210081421600261	0.19505070465174953	0.10046714615681608	0.0748135435739581	0.08290994298016557	0.23290163060474184	0.12531330126224732
0.1651767960816447	0.04118795418802142	0.2524183064766623	0.08970803951602457	0.04578475625924852	0.06693092151280805	0.22846347669875566	0.11032974926683445
0.13246244016189773	0.03536020261334674	0.202345477128921	0.0915686467057992	0.06016792091257468	0.08725252295996538	0.2178574621634497	0.17298532735404534
0.19249524242199506	0.02977597001364872	0.20787256490667005	0.08757031378202769	0.06261637950124806	0.08349006711929634	0.2106245047460244	0.12555495750908946
0.1469241012569513	0.04924073795950082	0.20650590224336576	0.0749287950424904	0.07714817165350396	0.0824353935165419	0.21902981445113168	0.14378708387651395
0.14527333501099188	0.0350156156763414	0.2478104325673372	0.10383223032645433	0.04555590599289036	0.08490604143304195	0.17618967718295864	0.16141676180998402
0.15647653205980186	0.03459449262073007	0.23690454429680335	0.08834623736797231	0.05537650155133644	0.06939903311765064	0.17648619801532273	0.18241646097038236
0.1794815739167704	0.027795692573093764	0.2436223274162233	0.08249664143891225	0.07452745307345779	0.06689013593511521	0.1759913669704118	0.14919480867601526
0.16680858789339392	0.03393248437467397	0.2231416423584147	0.07395584779979776	0.064847128708308	0.08730902825411552	0.17719950402426832	0.17280577658702756
0.15545485700722914	0.035896971535905556	0.19477014663644815	0.09743866621579342	0.0590481622606424	0.07581893328537256	0.24079640737092797	0.14077585568768053
0.13645327567500232	0.03901327525755503	0.20739295448085293	0.06707016971804186	0.0810063798882548	0.07270660034998079	0.23955805124257196	0.1567992933877401
0.18107036771199336	0.02504317805582354	0.23313552996258666	0.11468887468284177	0.04879182497545345	0.08407357841287708	0.17915446059293305	0.13404218560549094
0.1456496427711314	0.03529623159324849	0.2332455771891886	0.07774559637393491	0.042607298312790254	0.07922425713807082	0.20536763802196512	0.18086375859967013
0.13386027459200195	0.037830181212903574	0.2119092532724541	0.13631681770704734	0.04934899451837503	0.06869641348612783	0.20769379571894275	0.15434426949214725
0.17967816859325428	0.03173173699374496	0.23822545559788888	0.07721457424324864	0.07839205251555095	0.10337357036090583	0.1817869398678108	0.10959750182759548
0.16364505333372872	0.04426277817409091	0.20765323296501734	0.11185047478283741	0.04174698217686709	0.12661454819793083	0.18219350015214744	0.12203343021738002
0.1630041558205223	0.02798675116481883	0.2069315816839151	0.07027803315490457	0.047684874437802324	0.07731041136805135	0.22449695819768323	0.1823072341723021
0.1680517787906092	0.03758016787054774	0.20963270365331385	0.11955028423830384	0.0657544165364944	0.06769544265776725	0.20733018718789653	0.1244050190650669
0.16531967043174833	0.03832783632528332	0.2234580122342717	0.09252898491531067	0.049384052684192534	0.07902404009260841	0.1878212921519034	0.16413611116468135
0.15011786829041163	0.029766718776515724	0.2244318534008405	0.08983222622169476	0.03505725046409129	0.1021872166924049	0.22044382916009336	0.14816303699394764
0.1443256858598379	0.027077038774510828	0.2113994956711662	0.0994911027115147	0.06127381664759342	0.10547152817547731	0.2129977047038969	0.1379636274560025
0.19766202591680598	0.02656779429557171	0.21697245608311716	0.10116059760343449	0.06341543796602864	0.07110432268978342	0.1766773142157101	0.14644005122954826
0.1807395807772926	0.0433613020468499	0.22092390029055137	0.07591165759198806	0.07779242232562232	0.0639117010245839	0.21302563738017	0.12433379856294163
0.14056510917868528	0.03865180617404873	0.2011380979291747	0.09021739023253787	0.07102637333370743	0.10325184672968321	0.24012929061221402	0.11502008580994853
0.13020379222627307	0.04875753287209368	0.2169489251407103	0.10791467201885217	0.038027320163835726	0.07741269807194498	0.2382131559185682	0.14252190358772168
0.1559073542198914	0.03758160948367717	0.22537974603596428	0.09688733318553211	0.04520772841194122	0.1208864634787127	0.1953035102759652	0.12284625490831574
0.17397803406217557	0.027276425906734028	0.23713781799001987	0.10908417313550572	0.0627463938021944	0.08069432710374247	0.18504069104436857	0.12404213695525908
0.19122007524579715	0.04325940049570533	0.22586460045145468	0.07237676343513519	0.03534633494372502	0.08714975299661332	0.22241810369323806	0.12236496873833104
0.13143788258672406	0.02689103427984814	0.2371659410096142	0.09472988880711176	0.05480289297746738	0.0863040121910476	0.24151956306986147	0.1271487850783252
0.16107925070551393	0.03975131885651556	0.20887263577038845	0.08073524661978893	0.05134392730723565	0.10158167223595183	0.2007170844690505	0.15591886403555494
0.16975561345939166	0.036793088102034896	0.2267598602991784	0.11988013178963945	0.07182036516655285	0.07035472391141295	0.19676748995100485	0.10786872732078473
0.19080833099564148	0.030295024971297366	0.20896345408390493	0.0816281598112717	0.07627164500067833	0.07650101600672901	0.17540156507456672	0.1601308040559102
0.15728116260790018	0.028925790632098644	0.204979888698063	0.06911541416619178	0.05230709980560069	0.1190666698486413	0.18052486795659084	0.18779910628491336
0.1750446999265428	0.027376796555420163	0.24991890489058788	0.0806755013920863	0.04823573385014204	0.09585156208229709	0.17791185556537617	0.14498494573754725
0.18968291271198376	0.046038543017711944	0.22158209237952195	0.10091052933385165	0.04267122139423345	0.06882387407517696	0.19365419843390902	0.13663662865361104
0.15033284148134418	0.025060547748942633	0.22810976507245284	0.09291244231135383	0.06427524038318058	0.1290213500477778	0.19798537026885893	0.11230244268608894
0.15661842882423255	0.04583126120569905	0.20481745987107355	0.11246216207828756	0.0724588274245336	0.06676736338626782	0.21397594647173945	0.12706855073816617
0.16886182889053347	0.041377727677646414	0.22554249760952721	0.12269856446362573	0.042652383519135376	0.06399600204559816	0.22097170385418607	0.11389929193974734
0.14456200758320725	0.049408278762155394	0.2169172075928166	0.0889536762105662	0.05917833293050176	0.08338971755115936	0.23475257453859485	0.1228382048309984
0.18422829001832464	0.026812189949491527	0.1966793889981593	0.09987680522920356	0.051638044538949116	0.0725573503244056	0.21566274103862412	0.15254518990284188
0.13056715356087065	0.04413927521240467	0.20277911009445065	0.10516549228897719	0.08097879998189128	0.07277088359219636	0.18754157915912045	0.17605770611008853
0.1526664137072525	0.03684343550572343	0.21526994113420778	0.09306478413170352	0.06121341878700157	0.11780264899129729	0.18662317903584136	0.13651617870697236
0.19190893294774253	0.03754336437742266	0.22965111153247503	0.07465301631913754	0.03924090605352126	0.11320625337584125	0.19091589300423878	0.12288052238962069
0.1334603553837316	0.047571000355307355	0.22178707945258241	0.07253269481208516	0.06580828964135993	0.09040155450513751	0.20171881744713435	0.16672020840266144
0.1392751577893467	0.0280940946515372	0.19819800666817836	0.06549586260429918	0.05010169786845006	0.09283345687978231	0.23367496823023892	0.19232675530816704
0.15577141066137817	0.04106264440299312	0.20475040894175917	0.11747549815326552	0.06827402184026378	0.11170034562086968	0.18161215267581157	0.11935351770365878
0.13524708364084922	0.026287228857483635	0.2458655293021561	0.12446333248117492	0.03521714035002865	0.07605027068724377	0.2197197990147096	0.1371496156663539
0.1791692203561172	0.04183644323372271	0.20366982038600068	0.08262594867482959	0.08244380392331378	0.08719501277574104	0.20944222111972527	0.1136175295305495
0.17732453411699348	0.025680239476878197	0.19928435869928948	0.10459378406520514	0.047009165773599496	0.09176221046253259	0.1806286210973126	0.17371708630818877
0.13210279041733805	0.047939687280481286	0.2525804270131514	0.07113307470114263	0.04138332226110407	0.09494858643611481	0.19928554660153386	0.1606265652891336
0.12824759849018522	0.04051572534048392	0.23469107858159374	0.0798021472157259	0.06169543325476076	0.09569162326409171	0.23784522292622517	0.12151117092693338
0.13041583543703292	0.048523763487311564	0.2234898020465519	0.1118878694576547	0.03829306338622858	0.09747281323473339	0.2405952632635459	0.1093215896869408
0.16271314020053618	0.04904124382090948	0.2160752247546563	0.11307585872645501	0.03992075862348661	0.08144702012323148	0.2077928286062975	0.12993392514442725
0.1634594519865053	0.02878024946246663	0.23193165668397944	0.08141709597770976	0.08164265315228428	0.0735682939663159	0.21387773346869485	0.12532286530204362
0.13300966921609964	0.029317219263635008	0.22523590593933288	0.0915815241995607	0.062179181024570845	0.12581984818661796	0.2016308869760775	0.13122576519410525
0.17574763759723055	0.0385101202006697	0.23028982279005855	0.10098197099130647	0.07307369730325067	0.09382374991459956	0.176230720246162	0.11134228095672222
0.20039728563718723	0.04839790237116838	0.21427220315556997	0.0760000514652065	0.03973841191796049	0.09540662455693787	0.20635181616016393	0.11943570473580534
0.15269295195646443	0.04650131747084764	0.21228705055246233	0.08827390293478668	0.05840562351926837	0.10478954874275778	0.21421450429376104	0.12283510052965152
0.16351126812146713	0.04058043615803919	0.20211735531383362	0.07123884405774773	0.0648298256067113	0.06581299196054716	0.2420101263510184	0.14989915243063526
0.1359642023324543	0.028436249354057988	0.19646432545617842	0.08162449983298929	0.04108693756105128	0.11737575680068935	0.22876422093419668	0.17028380772838247
0.19608145391635984	0.025267111045162563	0.22649417990194415	0.07977956891951526	0.03723386680145442	0.09903181015893507	0.20590338748763945	0.130208621768989
0.14695342089562274	0.029493710841870968	0.24356381296215435	0.10609638625325428	0.06812804849641255	0.06356196690386101	0.21815889584166032	0.12404375780516347
0.14279453189380256	0.04793962326517348	0.1975553052009858	0.12001914828012256	0.07354117543742351	0.06692365198479655	0.18482225721853549	0.16640430671915982
0.1829131182997416	0.04169865985919895	0.2044892665198321	0.08042363773818575	0.054955986197272336	0.1030145693286493	0.22381283050604184	0.10869193155107784
0.13187521319628578	0.03891004329448579	0.23833033905338014	0.12306404983342378	0.0688470021875292	0.08837045659458137	0.20483806112362102	0.10576483471669271
0.12925338078194082	0.031123265513323478	0.20756230958550517	0.1300651565902421	0.05437449122402262	0.12836632324443176	0.19330721509662763	0.12594785796390617
0.13429386074751182	0.04762484436862406	0.2172193263436799	0.11904077954344464	0.03645779859778772	0.11657291886363683	0.1932830762132866	0.1355073953220282
0.2021881350944037	0.026805171914662557	0.24126793714957745	0.09520174011908364	0.046905176434875434	0.06845612538222517	0.2107734281656985	0.10840228573947329
0.16144579313024876	0.03180283842329909	0.22425058481242804	0.08039942584590724	0.055786748394009225	0.12763113448019323	0.2053212951094687	0.1133621798044455
0.12751388572915517	0.029416612706473028	0.22189619717498074	0.11151409515094089	0.04715990267525569	0.06550293295485772	0.2438660558854538	0.15313031772288277
0.13652640514835634	0.04890159122817338	0.21903949743714146	0.12991616432252703	0.0510311555193694	0.10241107801158447	0.20537759246124215	0.1067965158716055
0.16082316411919378	0.0407026259921556	0.23807379926652314	0.07328526299858136	0.058720781751022716	0.07238722014091009	0.19850635203769418	0.1575007936939189
0.16414128516147902	0.025640208645445042	0.2219494482282267	0.12732805017714116	0.06928674860609849	0.07063819180825226	0.2022326183015073	0.11878344907184978
0.13085975515268444	0.043397391806469995	0.19602499265467127	0.08456507488807746	0.054818984670700524	0.09608630768468585	0.21787905578952388	0.17636843735318636
0.19428731257083065	0.028107836178439982	0.25438359925133847	0.07235699818798406	0.0515079087144588	0.06356591809406857	0.2295419020054133	0.10624852499746591
0.13045809798587266	0.02519348315269307	0.21948231422984474	0.08776336205779403	0.067196278945163	0.08017663331343594	0.24235321305141458	0.14737661726378176
0.1744528512803923	0.03132857855466327	0.20629404183503225	0.08415041740650224	0.036051245507626034	0.08943010895159809	0.19034428749471025	0.18794846896947529
0.20356940204930368	0.04684088770044986	0.2047268580624597	0.07162773155132862	0.047506006031943465	0.08596393172515823	0.2274237945656024	0.11234138831375381
0.12859616448990624	0.03955274793677023	0.2355327446717167	0.09066630759261528	0.054264865113964555	0.08967821352577117	0.20528142750970754	0.15642752915954808
0.19018623889228625	0.030928006965509347	0.2090208468800781	0.1183213326690342	0.08077987491192329	0.0759774475732605	0.18083097071984838	0.11395528138805967
0.2023506699763414	0.031048453283512717	0.2371743973714127	0.08602790989787987	0.055412206738901154	0.0750988696147776	0.18143228834982034	0.13145520476735395
0.18891899069182375	0.0493425607844262	0.20781048333881932	0.06846036977010286	0.07448493443417153	0.06623543288302589	0.18451552252670933	0.16023170557092087
0.15329997532606615	0.02616832841031652	0.20356424052185262	0.09968338909356142	0.08101302400719504	0.10088458184170124	0.19222792355118767	0.14315853724811908
0.17383693734331174	0.038893822142696766	0.2147684066432674	0.07021631574533112	0.05012680158170661	0.09556859489862549	0.2163489452547987	0.14024017639026193
0.17164100669585716	0.02795379318492422	0.2333189591291529	0.07595648373569802	0.04117997874130999	0.10604347453585945	0.22430914916879766	0.1195971548084003
0.13373716809948552	0.04045080990339285	0.21624083088920698	0.09527060218998414	0.0652992834202327	0.0729370528412272	0.191586341773005	0.18447791088346538
0.14762764818588522	0.0464423975735688	0.20765863723702105	0.10218872554933489	0.036356944990416806	0.07799326003428432	0.20861449655754552	0.1731178898719432
0.18359481889574733	0.035513877786268244	0.2271749638340331	0.0893981579308116	0.07435957491092669	0.06923129965099176	0.2060533993230339	0.11467390766818714
0.20111202452309546	0.03594980916959571	0.25522464216914675	0.07243774361398533	0.04285542488969525	0.08239466271873949	0.19937876245009434	0.11064693046564747
0.1609879817466134	0.03471995627471211	0.2552629454286247	0.0728466150228015	0.04843679377894361	0.11839265850454457	0.1757040469416456	0.1336490023021142
0.20395543939368838	0.0264416944382575	0.24374355155101032	0.08079240793725476	0.04334514210436967	0.07239224295601132	0.21497453841161296	0.1143549832077948
0.14438861742176104	0.02733091793167393	0.2473123393095423	0.09519388390648498	0.0534093304459692	0.09493525454172876	0.22903509071068615	0.10839456573215345
0.16075919530088853	0.04850926028120654	0.21950433025336963	0.08052085938139081	0.04210955046630782	0.08128093574222227	0.20411819781680038	0.16319767075781375
0.14811705107914985	0.026928729295114334	0.2011774380598199	0.09039526292742983	0.06392512109069576	0.08746005488370578	0.20463575125286987	0.1773605914112144
0.13549554450950893	0.045366692799333516	0.2325151721549551	0.08122256648302434	0.07341752216328443	0.1130712829342121	0.19576213545330934	0.12314908350237203
0.12945851368720834	0.040894982782980135	0.21439513764465962	0.09985965344909008	0.06884248653671961	0.0683920753286325	0.22527591673652883	0.15288123383418065
0.17834333444663492	0.037811137739245215	0.22564249408188145	0.07188372566358471	0.04087894563637556	0.07856289230272931	0.17887897492262	0.18799849520692852
0.1472689602318622	0.03908060819249236	0.19734025043976294	0.08761217771695856	0.076316824370504	0.08864913820021832	0.22115784056637877	0.14257420028182266
0.1392828745112989	0.04047449040539304	0.2141508264984533	0.10915358423504629	0.07610037621727395	0.10377130604805426	0.1962023714572851	0.12086417062719494
0.14359284302844805	0.025574727137661804	0.25128005184997315	0.07177346754054131	0.07963857525043055	0.08211604955287603	0.237901483155664	0.10812280248440484
0.19458535649605305	0.04145722201043993	0.2306178933034021	0.08098692917925118	0.03545132458903376	0.07468008270943575	0.23519183715125658	0.10702935456112746
0.157118567470431	0.04928885634828635	0.20665475423274327	0.08600005489832543	0.06128638154899593	0.07854536217259712	0.240893892163048	0.12021213116557264
0.17686372652813087	0.02754105548134403	0.2169879939294066	0.13321544054430323	0.06904133036709519	0.06900836778235908	0.19393692417255098	0.11340516119480983
0.17570302100546362	0.04137796105408169	0.24580887888776204	0.07325111818905651	0.04229462078861798	0.0990797167740409	0.2126443280972785	0.1098403552036985
0.17405551261450514	0.0448899761708646	0.19820780985373282	0.1169891532113513	0.04779893074059617	0.08350461464317674	0.19483614315472841	0.1397178596110446
0.13105225397880377	0.03354107578891073	0.24838109823718996	0.11141231689598854	0.06048238539733407	0.07603350302176673	0.2033271320196015	0.13577023466040447
0.17063791302070735	0.04622997528460866	0.22023425444258912	0.06849094015321941	0.03885617667680255	0.10276585363695159	0.22385441163344516	0.1289304751516759
0.15920361491584406	0.04233916290988711	0.2162288108829407	0.07024673168776437	0.0755797312401971	0.12041265157958418	0.17574038841883782	0.1402489083649444
0.18702398313071106	0.047834092189951785	0.23869561189862348	0.07738073239752183	0.04207007737086178	0.07677787916566281	0.2045549015536483	0.1256627222930186
0.20222014557137216	0.04507269421657675	0.20074186829611354	0.10412716526805209	0.05525861723480699	0.07612477623074217	0.20470379346550963	0.11175093971682641
0.19623545151394367	0.048237437867519536	0.2180643406558852	0.07812604999493178	0.05839940706458514	0.0859023557994664	0.1779765179490457	0.1370584391546224
0.1350692325682404	0.027844844073671673	0.23600385872776042	0.10616020750858915	0.038441437860117195	0.06969296797930363	0.24336426983585663	0.14342318144646066
0.17727956092241598	0.04213541793738787	0.19586813564665626	0.06543416195360957	0.06060507828728279	0.0889163959835067	0.18468972428885294	0.18507152498028762
0.19347319999481372	0.04550303385575871	0.23304875872227843	0.0958573963523177	0.06563390251865395	0.0688938024423176	0.18520401612568738	0.11238588998817227
0.1503279873348401	0.0352467192110537	0.19792331556114115	0.08341376200956363	0.0820187625627203	0.0943800147355988	0.19540622789695278	0.1612832106881293
0.19259437610737706	0.03294276809151768	0.23429139272818106	0.07945812360895779	0.0374919305671912	0.1306214329268741	0.1836674782728015	0.10893249769709937
0.18052911691869217	0.03486782064408826	0.21692669877656062	0.08797907376304254	0.07203025525162304	0.09739111560800216	0.1856045475110134	0.1246713715269776
0.1341398711921771	0.04704326346180335	0.23001915880713114	0.07651143077040409	0.06839682606651984	0.07936462042184238	0.17839548859069598	0.18612934068942585
0.14836813950714545	0.03549813328807869	0.21999675577696426	0.06725043028017635	0.03595921806377016	0.10311295085186847	0.23677097830455202	0.15304339392744434
0.1908779161661182	0.03233317066868191	0.21794313745213406	0.06736937548070357	0.060365975354247425	0.12305982761260492	0.1892902375644575	0.11876035970105212
0.14912651102119578	0.04404030864640979	0.21908212502997856	0.13436704566008148	0.07828562956264887	0.07545915279998269	0.17605193890799087	0.12358728837171179
0.17632021337324544	0.03534287016515433	0.2140463864348334	0.06928890887972369	0.07350820567169399	0.09642634793254418	0.1928437700237487	0.14222329751905607
0.1427452305227601	0.027354691146364504	0.23161504990639145	0.1127918001524981	0.04077253855212848	0.08093460113939067	0.20465754187765733	0.1591285467028091
0.128145476289066	0.027214064204330313	0.22397569438213388	0.11960274355774636	0.053275808367563765	0.13157370228240503	0.19131190502831996	0.1249006058884345
0.16117208183229353	0.04847623975731824	0.19689742148233208	0.11484521084350577	0.05942579159772601	0.11274853681821738	0.1892342928810534	0.11720042478755337
0.1600285418792035	0.026772036800086302	0.21672528551671097	0.06578010362431266	0.049894752929713154	0.11858718253432557	0.17555099050617157	0.186661106209476
0.16944379741476961	0.04217356515467799	0.20204282565806703	0.08737052449957494	0.053132129734313346	0.07747762177930062	0.23763415165091029	0.13072538410838588
0.13827972610774497	0.04899800711374311	0.2202269450923897	0.11289437816616023	0.06224826481242356	0.07713229018285184	0.18134715148181108	0.15887323704287534
0.153828346247938	0.04793214924114082	0.21245506600095732	0.08032029020070248	0.05978084443570092	0.06431244885916251	0.2103492345686501	0.1710216204457476
0.13134999602893632	0.04775624918729662	0.23313320216731043	0.09185816038352006	0.06820654703865558	0.06781988550276051	0.19179804078807933	0.16807791890344093
0.13731755987151714	0.04291745131703732	0.22625183238331473	0.09768695713944683	0.05245458626266533	0.07866778770229219	0.2072923522384737	0.1574114730852525
0.1393377810765204	0.04330103032535107	0.2483099100313539	0.07563826673755801	0.07035681816817213	0.07545249403297344	0.18947807160404606	0.1581256280240248
0.16265261406246942	0.024901451419077694	0.2303741994502653	0.09893164808550306	0.057281640131445724	0.07200147538619242	0.1918244574646143	0.1620325140004319
0.17982191102097744	0.036930624465900966	0.24178259183074802	0.1312615752918142	0.048401065185803505	0.06961098639196983	0.17973057588430197	0.11246066992848384
0.15177201306631488	0.029666666370435524	0.2278565388353806	0.07105812048961561	0.060327173453394445	0.06921545774271487	0.22081144747739528	0.16929258256474855
0.14377040949277425	0.04330069649641638	0.2105633262344526	0.07612369400834519	0.0743245881890305	0.09204754944405251	0.21477851416837312	0.14509122196655524
0.13727705710062535	0.038925512859520686	0.21063070714980614	0.11858362167928961	0.03686158969409602	0.09876657123560857	0.18001058955975263	0.17894435072130083
0.14386268062224167	0.03864022877542975	0.2125653978410563	0.12909203763389343	0.07182994932991155	0.08114256158199734	0.19341945956395984	0.1294476846515099
0.13103979450244213	0.03685420933200527	0.22181238026313516	0.10469231822841801	0.04277408153664271	0.1266223242915438	0.18663122667789012	0.14957366516792256
0.1692860158718814	0.03600819218985431	0.20922038735932402	0.09401170676511189	0.05272597490112366	0.10596193477558787	0.22122800744068843	0.11155778069642824
0.13507455271685725	0.03274421772869689	0.24304156798920085	0.07761730569140377	0.03975291507886394	0.10398596147060517	0.20600670996212356	0.16177676936224836
0.16432726519588298	0.02530170032063131	0.247123430123035	0.10285375501194852	0.06197977786422511	0.07319066458248435	0.21639617990772203	0.10882722699407046
0.13116775353634264	0.02740473178580531	0.20218959202201975	0.10409334238341772	0.05039679558798803	0.1288227199516826	0.22668447685889292	0.12924058787385084
0.153743341505593	0.027109251368832035	0.19574617535664202	0.10187908782413616	0.04081149587763738	0.07938288773438193	0.20431983504583362	0.19700792528694366
0.18270182233889978	0.04442981874799175	0.24613052837192345	0.09211812759278398	0.04574376108148001	0.06500876299661684	0.1841978660938542	0.13966931277644978
0.1893867002441278	0.036125556556316926	0.22782730420571534	0.07256533980479873	0.04440829015023727	0.13195236478605965	0.19122442406190376	0.1065100201908403
0.1315165619117578	0.0418226538873889	0.19629036644635445	0.12336826006814097	0.07363967146380264	0.11696334797194345	0.1925092254050906	0.12388991284552095
0.1344773009549759	0.02677891050084444	0.23953432967276717	0.10562143487307603	0.07167165301847925	0.11169135638694697	0.17599952983718475	0.1342254847557253
0.1924947800137517	0.03118770600405274	0.19773709282983273	0.08091476689860763	0.06847648548704219	0.06859059067712266	0.1959384046540642	0.16466017343552591
0.16642913548591592	0.0322944344807895	0.2018179764432661	0.11608572242220574	0.0620264486933835	0.0634274066864385	0.22370811698575302	0.13421075880224753
0.183206625437788	0.045901404207587676	0.20129398848764835	0.11811695642209855	0.03856025497975246	0.08262144262342001	0.19416318401483246	0.13613614382687228
0.14568074824123697	0.044247989706474075	0.21531748030693787	0.09543432951454665	0.05428203058113856	0.0734801372937964	0.2386477230914575	0.13290956126441172
0.17984326068699988	0.028826559933511423	0.2203044584161638	0.0971925367924979	0.0623127318790465	0.09864984909842908	0.18892248901007092	0.12394811418328025
0.17667058792344165	0.02802573982152258	0.22231869463504156	0.09689216344020274	0.05569305271848114	0.07140031467411034	0.23889893188645417	0.1101005149007456
0.20035205170888654	0.04266134684367269	0.21254551695037244	0.07259434211897829	0.04669924393622195	0.10340627415208542	0.17831060229931245	0.14343062199046994
0.14076970760382385	0.027904087096638233	0.24610080225869208	0.09460084440862757	0.06673185191762046	0.07173173527167244	0.240875456379861	0.11128551506306421
0.13349615940859944	0.026631510153295374	0.22493229440971474	0.09221172907202638	0.04965694008178921	0.10244718910196343	0.21319791895227946	0.15742625882033173
0.15946191983976613	0.034419099220600366	0.22883344111210585	0.13427343261498584	0.04322371842535895	0.07053769936553905	0.20042504290256177	0.12882564651908182
0.16129471228604284	0.04585691730923658	0.23291844417960794	0.12293958302706536	0.056620401676577004	0.08595623066389128	0.18075324821391728	0.1136604626436615
0.14844717544243705	0.041104842408871106	0.21084065848414166	0.08639920165039158	0.03878945998338351	0.1028080663307317	0.23245417397307588	0.13915642172696732
0.14607991592169478	0.0294736918758456	0.22543436991049887	0.10158579898823694	0.06757601484508291	0.0660299248070211	0.2240522684169673	0.13976801523465227
0.13843263153370172	0.04258094458433237	0.2556910359119149	0.10212829360292823	0.06391267926523693	0.09118456770099945	0.18036965806548227	0.12570018933540394
0.13647389559047213	0.03406355847026622	0.24949270563272052	0.13656796011947733	0.06201438850801953	0.0658854681712463	0.17972952697337524	0.13577249653442255
0.14283120597903495	0.04714189085709675	0.21645388547425498	0.12763391948632083	0.03689473435974029	0.09548485837129775	0.2179984429296284	0.1155610625426258
0.17061853629999407	0.03754023629617917	0.2058247689533681	0.07867105110403805	0.04626853328885948	0.11881565194352509	0.2171189826745927	0.12514223943944308
0.1532131288609653	0.03995187784105719	0.20574612594641872	0.07596817842593834	0.03537799892076418	0.12911350878004885	0.20223715223120353	0.1583920289936037
0.13726377991958266	0.02813297954245117	0.22073400809318466	0.06850956490742903	0.06271185003213334	0.10027387923638646	0.20678226258477167	0.17559167568406076
0.12919418095057855	0.03929828507457993	0.22905220090912495	0.10599494260090225	0.06078552402515233	0.12957336864955413	0.19905479946939833	0.10704669832070932
0.1774121159873787	0.027118905254960024	0.21275957861918915	0.10268869181000302	0.06605180334583857	0.06739064494482624	0.23952847287947443	0.10704978715832962
0.18905314962070593	0.03132160813843678	0.21273012339398747	0.09072281394525397	0.05737053707614388	0.08583284309793732	0.18140233493299238	0.15156658979454207
0.13811392619916024	0.049403776216845455	0.19477016029260655	0.09310625210259274	0.04538846734899332	0.06362116927136335	0.22685772667734755	0.18873852189109055
0.19971040604278767	0.03169669560904351	0.20817375554027293	0.08803202284878345	0.04252251844932614	0.077547995415573	0.21635884062343344	0.13595776547077956
0.14420491217035403	0.04001902080760321	0.20623015870472414	0.12836523364272806	0.045983803509717286	0.06365073916898448	0.233300643503067	0.13824548849282156
0.16632139993681996	0.04514353922984378	0.2032982432240793	0.0901589998825292	0.06972983740167132	0.07138111084353191	0.2196154683809994	0.13435140110052488
0.13192427644351393	0.03601345605169544	0.19688168239468734	0.10795070057377835	0.03877672520870709	0.12985693736512646	0.17549137547056398	0.18310484649192715
0.13864164886118985	0.04247982850887483	0.1986299073353773	0.11450930006845286	0.06531649216149146	0.12447424005927184	0.19240885977477043	0.1235397232305712
0.20001076099824847	0.042156206918655834	0.19883655583429707	0.08886424518399627	0.049919761197072934	0.10788939079899917	0.1780375796394718	0.13428549942925824
0.15469580074120823	0.03390295146889982	0.20066751199915725	0.09842014938747201	0.0367439221515652	0.1051908740500039	0.17691313490764607	0.19346565529404725
0.20058947605861532	0.03830096111240239	0.23566134184595866	0.08192760940038504	0.04802084207373948	0.08071255754849038	0.18687818933578013	0.12790902262462833
0.12804968674075315	0.03245282139213192	0.2033164008934146	0.1105270163581086	0.06862429173981154	0.11312219275916455	0.213543248757382	0.13036434135923342
0.17350873940077666	0.044361084594359584	0.20446250049055809	0.07223520411789508	0.036191779603386084	0.08764192602084048	0.2181280369347203	0.16347072883746355
0.14769657016803578	0.046293897792076266	0.23228243540221583	0.12036054569693676	0.03686289801125074	0.07711815824697554	0.21094166458387947	0.12844383009862942
0.15320317330900096	0.025755256267376028	0.21175499224756897	0.06589878447825692	0.08081421191057801	0.10873780432280566	0.18721703895962608	0.16661873850478712
