0.5672968001813293	0.31681684351497447	0.11588635630369631
0.4103459413229055	0.20542960740556337	0.3842244512715312
0.5200724235387357	0.23613618281856857	0.2437913936426958
0.1529731490478783	0.49714359074996495	0.3498832602021569
0.29800413756149696	0.5785262783691572	0.12346958406934597
0.5079697874986923	0.3030757421927482	0.18895447030855966
0.5646300827592399	0.08746092845366513	0.3479089887870951
0.4380630611708032	0.4138466794290976	0.1480902594000994
0.17008448864221548	0.49786879908261106	0.3320467122751736
0.49728620854679245	0.17202611350665564	0.330687677946552
0.39115779984943005	0.4052656283190223	0.20357657183154776
0.10904109455722208	0.5870748182625292	0.30388408718024895
0.4442877489554871	0.05103335856845276	0.5046788924760601
0.45067412925360384	0.41100617187022376	0.13831969887617254
0.3082417799400121	0.5424711902545666	0.1492870298054214
0.538843849579962	0.3593634640317343	0.10179268638830377
0.40618069758293907	0.4236761360332324	0.17014316638382862
0.18854188042035575	0.6521824349542074	0.15927568462543706
0.2840664911384065	0.40447059257388973	0.3114629162877039
0.41117172111048034	0.19347727216700666	0.3953510067225131
0.4845556435153362	0.306606652774778	0.20883770370988586
0.166503565791166	0.4378044096558777	0.39569202455295643
0.428098739390394	0.04407136570031611	0.5278298949092901
0.1455881315853571	0.46986154556627235	0.38455032284837065
0.28269146910598847	0.39633936908964895	0.3209691618043627
0.4858415235045994	0.3187793171068576	0.19537915938854308
0.41072134884588385	0.049513515113985274	0.539765136040131
0.2181739289473782	0.42851614150006395	0.35330992955255797
0.7392820802903057	0.058058108917185436	0.20265981079250886
0.12088022640360327	0.5109066005708419	0.36821317302555495
0.17132148928694552	0.2555987367252358	0.5730797739878188
0.45217972272536566	0.09617116075862386	0.4516491165160106
0.49692464514712	0.34275329080968403	0.16032206404319616
0.4711985374849926	0.06118714627914218	0.46761431623586536
0.7240692581023338	0.1701971253616657	0.10573361653600061
0.21584433804147374	0.5671174348828415	0.2170382270756849
0.13817495776294517	0.6436149489545726	0.21821009328248234
0.3709940487340598	0.2752569951710123	0.353748956094928
0.4763451422977617	0.07926680375159101	0.4443880539506474
0.8145506588640979	0.05343133777439629	0.13201800336150582
0.5688328558796176	0.05933964407369435	0.37182750004668813
0.1004799674510378	0.35241805263994763	0.5471019799090147
0.4021390381208871	0.2894595940595971	0.30840136781951594
0.2908895344540858	0.16941289890366756	0.5396975666422468
0.2526155650386866	0.387057685058298	0.3603267499030155
0.5618431750841514	0.16017313018222964	0.27798369473361906
0.1789098283655209	0.4312143188782165	0.38987585275626274
0.14343567401699625	0.289342192162899	0.5672221338201049
0.862757492587384	0.03440128629439232	0.1028412211182238
0.18228993207994532	0.3654832367622512	0.45222683115780354
0.34813518417362926	0.27295220800557307	0.3789126078207978
0.8389521044987455	0.04875185977773788	0.11229603572351676
0.4738896755216393	0.3443332933324009	0.1817770311459599
0.3278990671092839	0.5327938946551973	0.1393070382355188
0.12677128103870933	0.7520040662642796	0.12122465269701121
0.6668020751214223	0.21416318090008993	0.11903474397848787
0.6813610921018478	0.2013177102035798	0.1173211976945725
0.06818710564941843	0.5238222662390528	0.4079906281115289
0.389373725487636	0.45742279243469036	0.15320348207767376
0.8169304223980515	0.060088345880659866	0.12298123172128875
0.41856618652979427	0.18519491206864847	0.3962389014015574
0.2099105035261828	0.2419022530376782	0.5481872434361391
0.4283302784323468	0.4014020959189582	0.17026762564869513
0.562142745038908	0.3186048787596883	0.1192523762014038
0.3918826875437517	0.3472340611354124	0.260883251320836
0.6713935049813469	0.1685094624240296	0.16009703259462363
0.4238846307862296	0.29838590078286775	0.27772946843090274
0.7863039546190962	0.08311461256203612	0.13058143281886775
0.6744500421369222	0.07917522795513715	0.24637472990794068
0.3833661780214206	0.07884075979075333	0.5377930621878262
0.36097753471778327	0.47208218308147987	0.166940282200737
0.6445979186436295	0.20582817907875683	0.14957390227761383
0.40973626925174206	0.13242011419808092	0.45784361655017713
0.3989616206288279	0.41788146652913755	0.18315691284203464
0.051369887890714505	0.7943613984225488	0.15426871368673678
0.28071081082538785	0.3228218354316132	0.3964673537429991
0.1490723238590104	0.34201890710873134	0.5089087690322583
0.06907708575351618	0.5615802505291716	0.3693426637173124
0.13993569362528263	0.6407759391193985	0.21928836725531908
0.42209827800366784	0.24951874589261605	0.3283829761037162
0.3896626844980192	0.1755324303842699	0.434804885117711
0.22806367819854853	0.44229339279371765	0.32964292900773395
0.4790618959651736	0.046823711910346955	0.4741143921244796
0.24119894479475457	0.2227213210006176	0.536079734204628
0.7053289249313068	0.13999442029315629	0.154676654775537
0.7577855453311224	0.09510458817953865	0.14710986648933905
0.45862466947765335	0.04111613094558686	0.5002591995767599
0.24175276365582543	0.5840776660670366	0.17416957027713803
0.1330424228746641	0.4018921666944896	0.46506541043084637
0.10946511086339938	0.725962439450688	0.16457244968591278
0.06495941202549216	0.3735737460804908	0.5614668418940172
0.16906805881238682	0.6785976408737759	0.15233430031383735
0.1832349015031653	0.4409882249420993	0.3757768735547355
0.18049986404975174	0.5128931346400578	0.30660700131019064
0.2546747275984664	0.28295044268918124	0.46237482971235255
0.29541254568701286	0.214867517242152	0.4897199370708353
0.4745530470066894	0.40655945178796526	0.11888750120534541
0.15520537897166503	0.2595603659056107	0.5852342551227243
0.43648226017666164	0.4645237678187142	0.09899397200462429
0.5946912232760329	0.05651612400517414	0.348792652718793
0.2592886201855885	0.24516665166790336	0.49554472814650824
0.264916585605384	0.2958550506442398	0.4392283637503763
0.08312314216515737	0.32661332423110945	0.5902635336037333
0.49257467261275867	0.36490804630393137	0.14251728108331002
0.5241774700085183	0.033339662035079765	0.442482867956402
0.3562183563057221	0.4034205007322452	0.24036114296203281
0.3774099422077142	0.2611962661225636	0.36139379166972235
0.3073895083536902	0.12130173009632658	0.5713087615499833
0.2636956342997178	0.5933212847415212	0.14298308095876106
0.15538065130228298	0.6927934222477021	0.15182592645001503
0.5363449432543277	0.27822908208006386	0.1854259746656085
0.4740081123559231	0.39170148626782114	0.13429040137625592
0.724643590278422	0.16534304448196924	0.11001336523960889
0.20568236339302368	0.626888809789117	0.16742882681785948
0.2474771112735408	0.5096398040752059	0.24288308465125338
0.5425675504909134	0.23181408642998744	0.22561836307909924
0.14359042108679268	0.5458555155469	0.3105540633663074
0.6319367563433748	0.06881853350229883	0.2992447101543265
0.1372239318568113	0.4796277533606831	0.3831483147825057
0.3972001966940743	0.1783407791197137	0.4244590241862121
0.5839003129067002	0.12800336324049824	0.2880963238528017
0.3597359131450975	0.22895754507011162	0.411306541784791
0.17367807896374646	0.34923541979097444	0.4770865012452792
0.7187301281401737	0.1267721844926612	0.15449768736716524
0.5092447501889262	0.2485537101792931	0.2422015396317808
0.47359866757904207	0.18834092738844238	0.33806040503251567
0.12144376807269941	0.758125800425676	0.12043043150162469
0.15669600926307595	0.6459716869678606	0.1973323037690637
0.4092256922478763	0.4264154832749288	0.16435882447719505
0.5257306817125341	0.10462162712898415	0.3696476911584818
0.23125975903990886	0.3430512628820341	0.42568897807805717
0.4257695775560847	0.24616751143776466	0.32806291100615076
0.6564739036705756	0.21473571367407945	0.12879038265534504
0.3808849809222901	0.4143755246065131	0.2047394944711969
0.1984094063177993	0.48412884467089057	0.31746174901131025
0.5263412855029452	0.15016805887652745	0.32349065562052737
0.7820589470496195	0.06644376672202351	0.15149728622835712
0.48491291620194454	0.2565968951234016	0.2584901886746539
0.6298255790637766	0.1086906014166063	0.2614838195196173
0.3873765636866916	0.4290502496433301	0.18357318666997838
0.31088733703238614	0.14504999251433343	0.5440626704532805
0.19447919116834436	0.4755657777182801	0.32995503111337565
0.4423718517053482	0.44596867683713715	0.1116594714575147
0.2610955544026912	0.6148745437875608	0.1240299018097481
0.245842167071944	0.36556894236075144	0.38858889056730467
0.5201841566827948	0.24384947233567986	0.2359663709815254
0.700869093783774	0.15535216660261858	0.14377873961360754
0.21069324262016426	0.5060430209031621	0.2832637364766737
0.16201652627510374	0.5608732606112328	0.2771102131136636
0.2998130650345687	0.5710035157230677	0.12918341924236365
0.22997470901158243	0.5596609424151375	0.21036434857328012
0.2585709301693205	0.5547414315825504	0.18668763824812923
0.25634886003265656	0.5415942994713767	0.2020568404959669
0.09117960463534172	0.3526710763017386	0.5561493190629198
0.05508566329486331	0.6988752109445815	0.2460391257605554
0.14284513207843078	0.5292905553603955	0.3278643125611739
0.6051673675423886	0.06651439619767396	0.32831823625993745
0.35056630756966933	0.4760289442640985	0.1734047481662323
0.25266336309140347	0.43914434062465496	0.3081922962839417
0.06482229170284581	0.3771540891975571	0.5580236190995972
0.6836640455574927	0.10811154161018952	0.20822441283231782
0.3669479776841087	0.5337210836477941	0.09933093866809733
0.20813063542613197	0.22739966459534539	0.5644696999785228
0.6457732382436838	0.047889245484402376	0.30633751627191397
0.25650416825468625	0.5742220554588129	0.16927377628650103
0.11202683976312744	0.2985212892670262	0.5894518709698464
0.4280351588412282	0.2121450297763134	0.35981981138245844
0.43101038646637974	0.22375997897691263	0.34522963455670774
0.48927122853675376	0.3243206989252797	0.1864080725379667
0.3098790072551664	0.14948919400109034	0.5406317987437435
0.2211518116891056	0.46303285357864965	0.3158153347322449
0.41887302575316043	0.2847598914496731	0.29636708279716656
0.3218526524593696	0.5391908296929377	0.1389565178476927
0.2921249638265971	0.24208511987344017	0.46578991629996286
0.23450896136042865	0.3625426127179191	0.40294842592165236
0.28501161861563407	0.4535591642555957	0.2614292171287703
0.6038080015147853	0.2324922192995299	0.1636997791856849
0.11725372948611645	0.34442590040930826	0.5383203701045755
0.10626278878316545	0.7468393584749523	0.14689785274188236
0.5405548395592255	0.20656449761679507	0.2528806628239796
0.2752784448103299	0.5448566977586392	0.179864857431031
0.12705637385945398	0.5924391903074282	0.2805044358331179
0.6942241982161957	0.19472749493277955	0.11104830685102476
0.2671975973901798	0.47500827844076565	0.2577941241690547
0.6392164402028415	0.0753720862470818	0.28541147355007673
0.34735771313889907	0.21683317053590595	0.4358091163251951
0.09657328901401896	0.4596647283801343	0.44376198260584687
0.08184787686657691	0.494674792250076	0.42347733088334716
0.7068524347461839	0.06036794409768659	0.23277962115612966
0.627428784968879	0.23033687172650286	0.14223434330461823
0.5185988286708155	0.29169753003963084	0.18970364128955375
0.2880765536627453	0.5894486412691395	0.1224748050681152
0.18677226270802008	0.2340448896336323	0.5791828476583477
0.8091613551543616	0.03578950172035483	0.1550491431252836
0.3310532509406727	0.5008357009826314	0.1681110480766959
0.13680298795993165	0.5864784989023408	0.27671851313772766
0.5692738445510522	0.19207442769472904	0.23865172775421883
0.4278056666812603	0.39083120539832955	0.18136312792041026
0.14262721872791578	0.7111607500464987	0.14621203122558557
0.30168304578866184	0.28061126191922525	0.4177056922921131
0.3988290012794812	0.45931400363232217	0.14185699508819682
0.27240411334534387	0.33650928629751165	0.3910866003571446
0.12747264469767278	0.41537116108699373	0.4571561942153336
0.4795996831386126	0.03471943806712657	0.485680878794261
0.8011049084342622	0.0738186541681447	0.1250764373975931
0.21343767833411498	0.20425385659720183	0.5823084650686833
0.1010384404037854	0.5426841887344332	0.35627737086178146
0.23762930733245274	0.5117061054535372	0.2506645872140101
0.3754687850724102	0.40707933070284075	0.21745188422474915
0.15717318061192753	0.36351286712276154	0.47931395226531104
0.4433188016220323	0.33673800671404336	0.2199431916639244
0.243841657120203	0.26645087161815506	0.48970747126164205
0.18237436224011966	0.6539224644405914	0.16370317331928902
0.1460046298677332	0.5845587783903284	0.26943659174193846
0.37134972553891743	0.4620395862969995	0.1666106881640832
0.453718338886304	0.21937240085119963	0.3269092602624965
0.53270927935546	0.07880317368008377	0.38848754696445637
0.30304387552624557	0.4144090828070024	0.28254704166675215
0.40833087510142846	0.3406239441245116	0.2510451807740601
0.1938864903143469	0.5083095924786258	0.2978039172070274
0.8335101345299604	0.05660597132505685	0.10988389414498284
0.5138661601767188	0.2638962393714749	0.2222376004518064
0.4135973230762439	0.44714535402898414	0.13925732289477205
0.520804773173881	0.31950874118794714	0.1596864856381721
0.5497101818816036	0.3147785460395517	0.13551127207884484
0.35047427567183614	0.3507765882897077	0.29874913603845626
0.37623379491701237	0.09836041689548053	0.5254057881875072
0.0704005829732085	0.7690368824587311	0.16056253456806052
0.126864620533138	0.3257356997097405	0.5473996797571217
0.26522026454893133	0.1760914360258186	0.5586882994252502
0.19807763708495918	0.49052818835741674	0.3113941745576242
0.33003904338554513	0.2364336948233039	0.4335272617911511
0.3804193012288473	0.09472513773177121	0.5248555610393815
0.08580218753672123	0.7404995032398314	0.17369830922344745
0.2348420660790243	0.6384150904877008	0.126742843433275
0.6057996992658702	0.2942570117224371	0.09994328901169278
0.6169199498289222	0.25251331032012725	0.13056673985095069
0.7921305844968646	0.07394003497374124	0.13392938052939424
0.341934379481421	0.547267251633066	0.11079836888551306
0.06739946983555073	0.6238230276824164	0.30877750248203295
0.7107217209899752	0.0419768253454641	0.24730145366456083
0.5763782583307251	0.1336924273349471	0.2899293143343279
0.36341959362665754	0.33782363473597327	0.29875677163736936
0.6570163256472585	0.10079373985885307	0.24218993449388843
0.29338067827868647	0.504660035553681	0.20195928616763262
0.21378834986118472	0.38330576989410825	0.40290588024470714
0.6797604382939266	0.19685752864872674	0.12338203305734669
0.8044954454235853	0.06708258592598865	0.1284219686504261
0.21279269632595899	0.29664074835888	0.4905665553151612
0.40661881969053787	0.4794546545917726	0.11392652571768966
0.06920798259362054	0.588395518630061	0.3423964987763186
0.06953653538630755	0.42570436500848424	0.5047590996052083
0.0958955956744304	0.3154504842677493	0.5886539200578205
0.511517239353602	0.3879052831152115	0.10057747753118648
0.15610606193831678	0.4235974183806243	0.420296519681059
0.43778847921555375	0.3172958552130126	0.24491566557143377
0.1456923534390747	0.2770701101572369	0.5772375364036886
0.7763229001074428	0.06504571200707543	0.1586313878854819
0.6753136779730791	0.0695781533569137	0.2551081686700074
0.3186297981630144	0.45730434832545525	0.22406585351153044
0.37449949214717887	0.23104212057274665	0.3944583872800746
0.07295733074856992	0.45971559983893895	0.46732706941249125
0.23604650547293682	0.17845874474915657	0.5854947497779067
0.48107583784867647	0.1397567707944365	0.37916739135688715
0.1853217127575769	0.3212259933979725	0.4934522938444508
0.3646014689111901	0.49985806008206257	0.13554047100674743
0.6226250975240005	0.13866220752171887	0.2387126949542807
0.6701944542332092	0.14528155777690588	0.18452398798988498
0.08894715627324831	0.5896211561846524	0.3214316875420995
0.3524689264316827	0.46900748028337125	0.17852359328494619
0.14238483297935098	0.41274850072045355	0.4448666663001956
0.43327777487631963	0.2464377800507329	0.32028444507294757
0.3728635873803954	0.43502732761757446	0.19210908500203022
0.11147207073926046	0.5174327857692382	0.3710951434915014
0.31662167655420675	0.3956455032012194	0.287732820244574
0.46025483106599474	0.27930376726731676	0.26044140166668855
0.11211326808563032	0.497367286060403	0.3905194458539668
0.529576954564917	0.31109634476301623	0.15932670067206686
0.3339042355659021	0.19586674251877498	0.470229021915323
0.5191766120546042	0.10329883673340728	0.37752455121198863
0.46674121890651005	0.14329302924762896	0.38996575184586113
0.3509341707961564	0.3580326711083145	0.2910331580955292
0.33443146311099203	0.5108130526491979	0.15475548423981017
0.06297815444761828	0.5431639422457843	0.3938579033065974
0.16342798258782737	0.6641904188558831	0.17238159855628954
0.16684260113965296	0.3284217786905176	0.5047356201698295
0.2816883414923331	0.5076901127764434	0.21062154573122363
0.15857814728116315	0.5072085661420288	0.33421328657680816
0.6126141690679048	0.061917884060132766	0.32546794687196257
0.22953215704079974	0.4166688376589623	0.3537990053002381
0.39934643435751427	0.40930981984001935	0.19134374580246644
0.5634545684032017	0.08680965430442511	0.3497357772923734
0.07640376623534217	0.7650775825414109	0.15851865122324696
0.3298723331699668	0.2207725671196771	0.44935509971035625
0.2358669799356501	0.4416195992594053	0.3225134208049447
0.054013590215931884	0.59250778251307	0.35347862727099816
0.39552337341813526	0.31432421803448024	0.2901524085473846
0.1066211114940811	0.60648118476654	0.286897703739379
0.09986014325341253	0.6811417126882305	0.2189981440583571
0.2483075606692785	0.46194534657742875	0.28974709275329286
0.72277211151677	0.0746261741158934	0.20260171436733665
0.7809475508421935	0.08246143167418907	0.13659101748361752
0.057566126386323635	0.4877066574015237	0.45472721621215284
0.11624982215713114	0.7076633006400841	0.17608687720278485
0.6057171644367416	0.1381336312990239	0.25614920426423454
0.625701193887805	0.08512135406312596	0.28917745204906914
0.6009146188953282	0.22308031787165572	0.17600506323301618
0.531482040162853	0.3462489561221721	0.12226900371497498
0.5144482412458711	0.2428294323157957	0.2427223264383333
0.2941562695716406	0.4763745593563363	0.22946917107202322
0.5736672048202331	0.21574915538210082	0.21058363979766606
0.4499766078142883	0.12723732893850076	0.422786063247211
0.4362848466852774	0.18333730214758134	0.38037785116714135
0.41921705727026004	0.0734502764855442	0.5073326662441959
0.22794923352873112	0.3002909205427108	0.47175984592855824
0.33364500789463303	0.14781740888193282	0.5185375832234342
0.1420953891967518	0.6854970100209389	0.17240760078230946
0.5300280400688695	0.31840921009422657	0.15156274983690404
0.19855603860062634	0.5964118765849143	0.2050320848144594
0.08515517198740602	0.4508027583345642	0.4640420696780299
0.0823510792940898	0.518225244115173	0.39942367659073735
0.5426524262341207	0.263799128300792	0.1935484454650874
0.5613912665786065	0.08212788720230979	0.35648084621908377
0.15119735560008826	0.36295221350962414	0.48585043089028773
0.2565324007842549	0.30105721059761675	0.4424103886181284
0.05740814379083592	0.5869460375774309	0.35564581863173333
0.5496041118723209	0.1350012887237968	0.31539459940388237
0.0931559954297253	0.36217858934387775	0.544665415226397
0.43398957186313636	0.28280345054680633	0.2832069775900574
0.3750426708591167	0.4721405354802168	0.15281679366066667
0.6315308039588415	0.10817743091549056	0.26029176512566804
0.2655577418325226	0.6156300020105736	0.11881225615690388
0.27802895751702783	0.14369393507045425	0.578277107412518
0.6449353103974211	0.11224584362368917	0.24281884597888975
0.5329420654758532	0.3232758849526355	0.1437820495715114
0.06527019049801991	0.3552262636047018	0.5795035458972785
0.36373866588434883	0.12099121043347161	0.5152701236821797
0.08455854062009888	0.32300673465298874	0.5924347247269126
0.6841147414597238	0.0819329779440669	0.23395228059620932
0.05410568322148057	0.7381153185989332	0.20777899817958634
0.20050099230422758	0.687864710663014	0.11163429703275854
0.6077646977874664	0.12795276840161	0.2642825338109237
0.06541125817826016	0.35151475385426695	0.583073987967473
0.5290681534124457	0.053167521894206204	0.41776432469334823
0.5227985203656837	0.22277524653654296	0.25442623309777335
0.34700395126728645	0.17353541059517416	0.47946063813753953
0.2731438121547215	0.3268773786513354	0.39997880919394313
0.2736572332834162	0.49407392754640866	0.2322688391701752
0.2648166839566883	0.16971288604709361	0.5654704299962182
0.5377944886238027	0.22222208210124175	0.23998342927495564
0.6354891952502504	0.15435094700779878	0.21015985774195095
0.36978928059075516	0.2500703127761095	0.3801404066331354
0.5002247668269234	0.27106990879844745	0.22870532437462923
0.483814430036377	0.2123794774985952	0.3038060924650279
0.11990945015078419	0.4169074574341118	0.46318309241510414
0.709407619211796	0.07349832954890845	0.21709405123929568
0.3958995863162873	0.32341126919657165	0.2806891444871411
0.21916597722959674	0.31399463493778346	0.4668393878326199
0.1554170564926187	0.30431472819790645	0.540268215309475
0.6720772427799839	0.05631991789673063	0.27160283932328555
0.23416918854418006	0.5897016730698021	0.1761291383860179
0.3255869171629265	0.4574699782336095	0.2169431046034641
0.715703205458584	0.15505456118317734	0.1292422333582387
0.506036857555376	0.09200153815475859	0.40196160428986555
0.5360682974770684	0.3460277178527033	0.11790398467022839
0.1613182389312617	0.7212602948324489	0.11742146623628946
0.563613699857965	0.16570910452897158	0.2706771956130636
0.3104483904796391	0.1048049718607015	0.5847466376596595
0.6124852321515855	0.18867461952368436	0.19884014832473035
0.2119287386483751	0.5675138624755429	0.22055739887608208
0.41127696515127776	0.12331697333605801	0.46540606151266434
0.3539167903081853	0.10034184419319969	0.5457413654986151
0.5767192941385665	0.08897732432159722	0.3343033815398364
0.16303346447188635	0.7188776155717305	0.11808891995638329
0.18189899876941482	0.3916378375413484	0.426463163689237
0.554987225355269	0.1806338479804623	0.2643789266642688
0.68229792328461	0.035878120600047136	0.2818239561153429
0.1525179119538525	0.6099878446345356	0.23749424341161202
0.11596769622652164	0.5091690097324837	0.3748632940409948
0.3685427900798848	0.34650410066469267	0.28495310925542267
0.15954687430684084	0.27544038928151027	0.565012736411649
0.0872670122111075	0.6438230900909163	0.26890989769797635
0.48545982716910174	0.12559289021508582	0.3889472826158126
0.5634529477038939	0.05458111826119055	0.38196593403491563
0.3618319122739516	0.36905728536764726	0.26911080235840124
0.507166898171479	0.13459172224658045	0.3582413795819407
0.60701320073383	0.28089294745575577	0.11209385181041437
0.13139011308059184	0.49178659779110323	0.376823289128305
0.3991839486430883	0.21830510518204432	0.38251094617486747
0.5329918593479681	0.334106481512705	0.13290165913932703
0.3017629072487934	0.49278276400036347	0.2054543287508432
0.20212435824421632	0.683283473995559	0.1145921677602248
0.07180866032568539	0.7374434424601619	0.19074789721415292
0.13366259558575583	0.41726572495811765	0.4490716794561267
0.36916986882983616	0.43159227073559286	0.1992378604345711
0.06216120871614983	0.46452374567572324	0.4733150456081271
0.7428524182615881	0.12733407466679253	0.12981350707161943
0.07629127749098286	0.5802646436766934	0.3434440788323239
0.464476622216747	0.06689419073852282	0.4686291870447302
0.15573631374923597	0.6608656413324799	0.1833980449182842
0.4490390043631528	0.37967520750306627	0.17128578813378104
0.40935021035751534	0.08663685749268193	0.5040129321498028
0.5349477265732568	0.06553191301778277	0.3995203604089605
0.6058773292913618	0.10780294658865025	0.28631972411998796
0.1770257498711892	0.6214639712126475	0.2015102789161635
0.27729284743958227	0.42980112106400886	0.292906031496409
0.6321648754908247	0.20333982723719857	0.16449529727197687
0.5207363520686215	0.14446130595290246	0.33480234197847614
0.29101851020311326	0.2678090894021703	0.44117240039471656
0.16082117814723323	0.5077040062836058	0.3314748155691611
0.06259715561905144	0.5625491457777851	0.3748536986031636
0.3397033204014807	0.30506954257588864	0.35522713702263076
0.1256479898660523	0.33078622452373535	0.5435657856102125
0.27925322051118323	0.5032698819460921	0.2174768975427247
0.30104224206551655	0.1677525836704302	0.5312051742640533
0.12269292970701395	0.7665212718053966	0.11078579848758952
0.3850820812692559	0.08851121258864986	0.5264067061420943
0.4458093788277979	0.26078259893178324	0.29340802224041895
0.7511111198883031	0.07021650730733209	0.17867237280436488
0.8116157972323316	0.07854784784890423	0.10983635491876434
0.5088371150216102	0.26463641371003704	0.2265264712683529
0.06235433466151086	0.6981557073286969	0.2394899580097923
0.300356105050664	0.5796969631083843	0.11994693184095184
0.4810040761418234	0.2245843139345779	0.29441160992359877
0.270612265738154	0.26582618270285063	0.4635615515589955
0.29613947433911336	0.18921585797627716	0.5146446676846096
0.6724927993882619	0.1789527201910799	0.14855448042065825
0.43905283708155496	0.12207945980702406	0.4388677031114211
0.1695881459673378	0.39303112235523463	0.43738073167742775
0.15199515000397268	0.41182132912101577	0.43618352087501167
0.5032239880450308	0.3832704640514214	0.11350554790354792
0.29185360187513554	0.6058178918334828	0.10232850629138174
0.5639080241901857	0.3028847844414889	0.13320719136832548
0.34617156293308404	0.3559670521029377	0.29786138496397835
0.3325741908181603	0.4523241601405732	0.21510164904126666
0.18718363555283662	0.49237761332316343	0.32043875112400005
0.4510938024679919	0.08553121244169964	0.4633749850903085
0.09381235788604092	0.7836622774862858	0.12252536462767347
0.6452319354950155	0.06565854076431221	0.2891095237406725
0.4541010895135758	0.08067896433901567	0.4652199461474086
0.3606516727945881	0.1359218791216054	0.5034264480838067
0.2795791586262343	0.24075857211538515	0.4796622692583807
0.12955502432725927	0.394621198074321	0.4758237775984199
0.18430037724227447	0.5382347295350088	0.27746489322271684
0.24680143164189425	0.6308694156757223	0.12232915268238359
0.5770337940236401	0.1131905408950562	0.30977566508130383
0.567846649439725	0.3033287120981182	0.12882463846215692
0.3509466883605262	0.5070444556868147	0.14200885595265927
0.32431966887523733	0.18150921600543216	0.4941711151193306
0.33280324121582644	0.5678383379908688	0.09935842079330487
0.14579532103512563	0.3932227508032111	0.4609819281616634
0.6077314141937522	0.1931812784589984	0.19908730734724947
0.31210791805838933	0.09479160302659537	0.5931004789150154
0.22211378388096714	0.4959716210236305	0.2819145950954025
0.08872360588260336	0.4537500317046236	0.45752636241277317
0.2504415496387192	0.4140137011599202	0.3355447492013607
0.24150135249558224	0.5300594406599943	0.22843920684442356
0.24613943283809547	0.33113636330108903	0.4227242038608156
0.7215205823953409	0.10416757901993057	0.17431183858472865
0.2554870286191601	0.19070394262725454	0.5538090287535855
0.17489994815329277	0.554030255680348	0.2710697961663593
0.1802048939624528	0.32874809434121194	0.49104701169633536
0.08201441995162179	0.7569431988410048	0.16104238120737352
0.05157015566107109	0.741406235240859	0.20702360909807002
0.4896317028727555	0.11198057444871296	0.3983877226785317
0.162353510571285	0.6742378797626014	0.16340860966611365
0.508153746245356	0.16235457751633822	0.3294916762383059
0.05064350182319022	0.762714321288774	0.18664217688803586
0.06614790843874796	0.6824571857297999	0.2513949058314524
0.2573644406077052	0.45215932700574935	0.2904762323865456
0.5068268618023793	0.13016916300942602	0.36300397518819477
0.6396306961796597	0.08636076522236133	0.274008538597979
0.3139737180502818	0.11530633290121456	0.5707199490485038
0.32069662424733725	0.40191758837153313	0.27738578738112973
0.528264607564894	0.22692693529167532	0.2448084571434308
0.23885308127128738	0.5651214334167459	0.19602548531196676
0.23446680076781437	0.2748390274437223	0.4906941717884634
0.26197539410818543	0.28942791969715453	0.44859668619466014
0.08045099047081072	0.42106341525120095	0.49848559427798844
0.6519477633274677	0.20868357446245928	0.13936866221007305
0.5729662261858848	0.13211288096149917	0.29492089285261613
0.4394549749205442	0.45176807824247367	0.10877694683698222
0.48164026264200727	0.3033454009940613	0.21501433636393152
0.47395377936392613	0.1518936016080536	0.37415261902802033
0.2781382211086563	0.15926691993581554	0.5625948589555283
0.6509502999393421	0.14912672134157123	0.19992297871908676
0.37515891318939953	0.03784363311675054	0.58699745369385
0.16766770591189314	0.6557829590341486	0.17654933505395842
0.29202448996414093	0.15666588455244268	0.5513096254834164
0.2603185535151575	0.5845610247038387	0.15512042178100394
0.5425171459231903	0.35413750132478355	0.10334535275202628
0.07572478788431791	0.7244486369643985	0.19982657515128374
0.14457301114053595	0.5214304273538533	0.33399656150561086
0.7174675818019288	0.07600422882372965	0.20652818937434167
0.227966828447354	0.48334883409017076	0.28868433746247535
0.2994672338606695	0.2827919655367971	0.41774080060253355
0.12929578157931565	0.3465382784027067	0.5241659400179778
0.39144666644252385	0.4164120539413012	0.19214127961617505
0.06797816360719688	0.3963216561917105	0.5357001802010928
0.31759978544389805	0.22604209082977814	0.45635812372632395
0.42633674177032016	0.13872625182342324	0.43493700640625665
0.26869131178121547	0.17851785368282452	0.5527908345359601
0.2705886035407455	0.5037418579672003	0.22566953849205432
0.3180441381619062	0.505678703178797	0.17627715865929697
0.08474851803805372	0.5862279819494112	0.32902350001253516
0.43568482183507556	0.3284167732251236	0.23589840493980097
0.07141612168912914	0.46158692210502883	0.46699695620584214
0.8061302168855505	0.0900883290786772	0.10378145403577232
0.189081285032965	0.2809951416459478	0.5299235733210873
0.38684351066154504	0.15856242813950477	0.4545940611989503
0.34286050725990286	0.0682188930814075	0.5889205996586897
0.11435070822888083	0.3039896910225106	0.5816596007486087
0.37783019295224746	0.27280473441225805	0.34936507263549466
0.12459507435378622	0.670845023614075	0.20455990203213892
0.33003472363683883	0.3928455561790747	0.27711972018408654
0.21580378242343443	0.3767297858476259	0.4074664317289398
0.7151018189782729	0.08814239023109821	0.196755790790629
0.21515974352084855	0.6019308005593412	0.18290945591981034
0.19032106057213968	0.3443196253781225	0.46535931404973796
0.3023667042463436	0.19361416562164954	0.5040191301320069
0.4633740932386578	0.11442221701247454	0.42220368974886774
0.18631571684595202	0.6308917074884814	0.1827925756655666
0.538062342304155	0.1962134136484802	0.265724244047365
0.25372674502709086	0.2131373493312425	0.5331359056416667
0.32400517363086023	0.3837948090762775	0.2922000172928624
0.566965970806225	0.07617994511732396	0.35685408407645114
0.37593022925890984	0.5103052912215398	0.11376447951955049
0.7111094038009237	0.05715320024621939	0.23173739595285694
0.46040704914315367	0.27908470685924736	0.2605082439975991
0.3564908510307458	0.20092695335447278	0.4425821956147815
0.6884144588587868	0.04169601895513381	0.2698895221860795
0.5447344202212965	0.35062090818308067	0.10464467159562296
0.430887622725986	0.39381277791209746	0.17529959936191666
0.18106702798957058	0.3444012432130214	0.4745317287974081
0.1136507247491148	0.764323317673452	0.12202595757743334
0.4875300604223526	0.1721727071599621	0.34029723241768545
0.31766295172850717	0.21020757168715518	0.4721294765843378
0.17757876422230906	0.4688518274386657	0.3535694083390254
0.46708146691339514	0.34918072873545764	0.1837378043511473
0.08072450593727387	0.541685055014289	0.37759043904843725
0.5590966033137889	0.0601896651810957	0.38071373150511556
0.1386921452458194	0.38265065472450766	0.47865720002967305
0.48988669146697644	0.180037518972099	0.33007578956092465
0.2993458563389252	0.3208853518270619	0.379768791834013
0.674586938018279	0.06065750841615969	0.26475555356556146
0.5045159216722996	0.3006353610935504	0.19484871723415012
0.1492948404103532	0.2994489453964354	0.5512562141932115
0.27554511899068485	0.1385799913172777	0.5858748896920376
0.4792113438540049	0.15166443714402436	0.36912421900197084
0.3490589600755759	0.17627974169221694	0.47466129823220726
0.36012902861146256	0.20046793258538584	0.4394030388031517
0.12532694745900794	0.5759390913892294	0.2987339611517629
0.2513784179928622	0.5387894600610552	0.2098321219460827
0.10028122353103619	0.4104017943059801	0.48931698216298375
0.3094895838535453	0.302957789623835	0.38755262652261985
0.05421756265274358	0.6604876040852452	0.28529483326201144
0.05872205236247108	0.43956235530146426	0.5017155923360648
0.13830010275456062	0.2839695875722783	0.5777303096731612
0.171923554434093	0.456145516190507	0.3719309293754001
0.7801227239429938	0.11314241337314734	0.10673486268385896
0.5665268625289832	0.3179382074408544	0.11553493003016252
0.37194041720506515	0.08215776688104642	0.5459018159138885
0.5901655216325248	0.19887527169711494	0.21095920667036033
0.1760586863704258	0.6105138235850067	0.21342749004456768
0.41323769526704035	0.403541904122818	0.18322040061014178
0.2006852900098835	0.4034885748234539	0.3958261351666627
0.12121205627672874	0.40416086482261576	0.4746270789006556
0.11575975193441768	0.5167611003080192	0.3674791477575633
0.46421588990366197	0.2365728629070432	0.2992112471892949
0.4040644798184884	0.19188029729933864	0.404055222882173
0.0992228095861171	0.7294771819167344	0.17130000849714863
0.1540343832802607	0.440758926683542	0.40520669003619747
0.3722486310518554	0.17164520546012954	0.4561061634880152
0.40397962751612815	0.4597091281301102	0.13631124435376168
0.3011334279950577	0.5885656605587157	0.11030091144622664
0.6360619850320981	0.18646381608305454	0.1774741988848475
0.18137589587652725	0.6470262484351872	0.17159785568828564
0.7263583871338483	0.0841230553049806	0.1895185575611712
0.20744399206143044	0.5742355888639433	0.21832041907462638
0.43066352346246733	0.42495636978642104	0.14438010675111174
0.23403683068109585	0.3732768652911885	0.3926863040277158
0.4218952431279227	0.15318701360916784	0.42491774326290954
0.1836923262296395	0.4342779381421025	0.3820297356282581
0.24565254594776734	0.17135161462821163	0.5829958394240211
0.40883849035709874	0.184731955048326	0.4064295545945754
0.5211969322680639	0.26925013792780583	0.20955292980413043
0.6847936503317134	0.18136476064739132	0.1338415890208954
0.18798172917768383	0.6300372051263821	0.18198106569593417
0.18993915881904658	0.5577781130991163	0.2522827280818372
0.33946314509580955	0.16799711759915426	0.49253973730503625
0.4739242577712458	0.24290446878907268	0.2831712734396816
0.2573883558077569	0.4366562123596276	0.30595543183261564
0.38084292420662624	0.39467497188109985	0.22448210391227402
0.6616529460492847	0.21449905514499273	0.12384799880572267
0.2895043842486146	0.1569596200812392	0.5535359956701463
0.4639998530490008	0.11314025225505886	0.42285989469594043
0.2922732427296221	0.2009435672344206	0.5067831900359574
0.05680903488306216	0.6306763438434111	0.3125146212735268
0.5913073418471182	0.058902698163746214	0.34978995998913565
0.11512485297590494	0.3127398215354008	0.5721353254886944
0.41093887155394765	0.239474911001066	0.34958621744498647
0.28976554018135364	0.5640333704015508	0.1462010894170957
0.2831536525939488	0.1396592754262032	0.5771870719798481
0.31692402238843675	0.11071975859213795	0.5723562190194253
0.3449613026091359	0.3570647682662008	0.2979739291246634
0.35939087480325216	0.45571471964315335	0.18489440555359463
0.0960989175507524	0.38423834429684556	0.5196627381524022
0.2830551017610548	0.4499087356306369	0.2670361626083084
0.30188110827438064	0.18364882841022245	0.514470063315397
0.2558334712963387	0.5656773036006959	0.1784892251029655
0.313154888513083	0.1018188604803135	0.5850262510066037
0.26570714651903166	0.6261550416674515	0.10813781181351695
0.15419393989567023	0.36943717353598204	0.47636888656834786
0.26733742072022365	0.20930667760437469	0.5233559016754018
0.41077387428205736	0.36575104197516617	0.22347508374277655
0.4235111232194373	0.322021723767653	0.2544671530129099
0.27497648820228726	0.6105693304809343	0.11445418131677848
0.35136745308862005	0.1503888516872996	0.49824369522408046
0.14275349530071096	0.3082512568305089	0.5489952478687802
0.1262729562213143	0.3648499019417927	0.5088771418368931
0.5932696712533947	0.18233479094229002	0.22439553780431531
0.16690905771291065	0.6080436847139474	0.225047257573142
0.10631627556976564	0.5872888499705954	0.3063948744596391
0.1573968372371276	0.45083898149581264	0.39176418126705986
0.38689886533228535	0.47569427498674555	0.13740685968096927
0.45574281236552083	0.3918949101043102	0.15236227753016907
0.3350637722628277	0.4012985492606593	0.2636376784765132
0.5201486292241627	0.08250164819462902	0.3973497225812084
0.5944918661497826	0.3061172517525065	0.09939088209771102
0.4642841585671983	0.16371926306421888	0.3719965783685829
0.2920144328559915	0.4055714017971282	0.3024141653468804
0.636814981893843	0.18615328897385008	0.17703172913230697
0.5987619710586165	0.267538059212318	0.1336999697290655
0.4331998111571167	0.0507461783978827	0.5160540104450008
0.2800398683080326	0.38963960915548096	0.3303205225364865
0.08264383848955553	0.4180970159291011	0.4992591455813435
0.3960031356335641	0.42497297960094427	0.1790238847654917
0.6046287997027131	0.28815146337205044	0.10721973692523654
0.27789456215263847	0.4776060182615276	0.24449941958583404
0.5645057631158874	0.13135666750507224	0.3041375693790404
0.4415171381494126	0.2092437866868408	0.3492390751637467
0.5758104705827709	0.28457927308221465	0.1396102563350146
0.12754266841447953	0.7049475255121933	0.16750980607332738
0.6348414116030324	0.06699374088577426	0.2981648475111934
0.5813860012598455	0.297038932587827	0.12157506615232769
0.243652077803709	0.1860442645408681	0.570303657655423
0.05512108712730868	0.6077159284974485	0.337162984375243
0.3646093886834654	0.1555097063169662	0.4798809049995685
0.0919149497667634	0.4325543319646252	0.4755307182686115
0.06117443141920914	0.7109481785411123	0.22787739003967875
0.3663375646731218	0.38960565378659684	0.2440567815402815
0.14909384091792613	0.5489246583500773	0.3019815007319967
0.4814054495428853	0.32687551899307	0.19171903146404487
0.4569024052327374	0.22452131909708073	0.318576275670182
0.7046134883583854	0.08122740723853994	0.21415910440307478
0.18771873517616028	0.25546819385039976	0.55681307097344
0.6795104337770264	0.0341120464556906	0.2863775197672832
0.19960674109984342	0.5654974866173685	0.2348957722827881
0.3984666333697785	0.45939594331798095	0.1421374233122407
0.17091328139346929	0.5832466897581963	0.24584002884833456
0.668097528761229	0.07026929383487185	0.26163317740389935
0.38001933970943097	0.13503632493644963	0.4849443353541195
0.22616343435486086	0.6249672882875019	0.14886927735763736
0.6411472291087883	0.07108603744970216	0.2877667334415096
0.4558711970018412	0.24340618697129496	0.300722616026864
0.45899147560854514	0.09216125703695377	0.4488472673545012
0.4269498687448128	0.39420762789092956	0.1788425033642577
0.10930507375272494	0.6517673955616475	0.2389275306856276
0.12746450676478055	0.5163656222495396	0.35616987098568
0.4377063740169623	0.403701483505583	0.15859214247745482
0.29176499558951585	0.5798171563412393	0.12841784806924494
0.5268179218704943	0.19655501878221324	0.2766270593472926
0.26392911808506575	0.23274775900437278	0.5033231229105616
0.2838557433305075	0.5179225023260334	0.1982217543434592
0.062459051987933334	0.5791866990600467	0.3583542489520201
0.12921682224172037	0.5221466441652453	0.3486365335930345
0.42098420939281855	0.1474835160040268	0.43153227460315474
0.3948877272717115	0.46997703241517774	0.13513524031311086
0.24905423308271046	0.258182520665834	0.4927632462514556
0.19524435484550912	0.30833042451694237	0.4964252206375486
0.19922053466232312	0.5433990002927226	0.2573804650449544
0.08650937060788644	0.4481512196815107	0.46533940971060295
0.11610604180922734	0.4505474031700909	0.43334655502068187
0.17109260846457935	0.5522665392042998	0.27664085233112096
0.1088583325313176	0.5544705151381752	0.3366711523305073
0.38555313276319775	0.42840718818711265	0.18603967904968968
0.5161568233135108	0.3545938557757432	0.1292493209107461
