0.34858136290539943	0.4021856791159439	0.24923295797865677
0.3492929002461095	0.4017545436880069	0.2489525560658837
0.3489417774893167	0.4020539166696452	0.24900430584103825
0.3503713916412722	0.4000744697845866	0.24955413857414138
0.349232959316219	0.40102797554496206	0.24973906513881908
0.34958323289806514	0.40144752387756827	0.2489692432243667
0.34927927476477677	0.4007974069449137	0.2499233182903096
0.34940574902625926	0.40125579891371077	0.24933845206003014
0.3488583145995161	0.4012977248470932	0.2498439605533908
0.3498025209717674	0.40121142585117314	0.24898605317705957
0.3488158110913083	0.40130151172668793	0.24988267718200385
0.34936287709813385	0.4015124810029279	0.24912464189893835
0.3485149522068305	0.40207128962382377	0.24941375816934583
0.34964337957141034	0.40124960970272266	0.24910701072586713
0.34966062514363955	0.40132149871431944	0.2490178761420411
0.35004705053747454	0.400970466481807	0.24898248298071857
0.3493412076028194	0.40049477660910165	0.25016401578807906
0.3495961168872689	0.4005725364201167	0.24983134669261453
0.3486559065304721	0.40211872943673055	0.2492253640327974
0.3495274829283655	0.40028869011118445	0.25018382696045016
0.3488677850573411	0.4009153011041817	0.2502169138384773
0.3493617903850176	0.4015223195644913	0.24911589005049117
0.3491214724406588	0.40116416168024005	0.24971436587910129
0.34973052455622045	0.4014174308707382	0.24885204457304144
0.34884259172335735	0.4018115374797743	0.24934587079686849
0.34968219334077155	0.4001950866487705	0.25012272001045804
0.34895302267862627	0.40157740545995946	0.24946957186141436
0.34938859219116325	0.4016592437276544	0.24895216408118245
0.3498388708777287	0.40124880464885837	0.24891232447341305
0.3495320548658013	0.40034881327127303	0.2501191318629258
0.35003401143680984	0.3999338304680277	0.25003215809516255
0.3486559747015521	0.4014624569184541	0.24988156837999395
0.3500611987189973	0.3999514615360136	0.2499873397449892
0.34886182252065767	0.4015055257251735	0.249632651754169
0.34906167472611954	0.4009466068566647	0.2499917184172158
0.34945182368315625	0.40085308637631456	0.24969508994052933
0.3495243002591816	0.40147605160715044	0.2489996481336681
0.34948709565561975	0.40129658060318196	0.24921632374119837
0.3493908772266378	0.40166758898733274	0.2489415337860296
0.349573304293225	0.40026874034834303	0.2501579553584321
0.3503670519527016	0.4001360817923275	0.24949686625497097
0.350057399006879	0.40102160122350267	0.24892099976961846
0.34907746757988123	0.4008892308507527	0.2500333015693662
0.34926686385152206	0.4016048030177841	0.24912833313069394
0.34978700390888323	0.4001023186481444	0.25011067744297244
0.34883829484672163	0.4011111689126714	0.2500505362406071
0.3486970062604426	0.40111238807451666	0.25019060566504087
0.3499115811199323	0.4010383595194115	0.24905005936065625
0.3490197380734288	0.4016080689538969	0.24937219297267438
0.34984619783372756	0.4008112680043868	0.24934253416188576
0.34990392616398813	0.4003137296662262	0.24978234416978579
0.3499627137984379	0.40014357104624576	0.24989371515531644
0.3497800040489677	0.40012974473487073	0.2500902512161617
0.3492857241651031	0.4012941907427466	0.24942008509215038
0.3491006096223339	0.40088361520729193	0.2500157751703743
0.34973514631963604	0.40108227272742125	0.24918258095294282
0.35013550848267083	0.4004253617497739	0.2494391297675554
0.3501997659373443	0.400117584777775	0.24968264928488082
0.3490584502769585	0.40087235523769943	0.2500691944853422
0.34872063714264356	0.4021203586099079	0.2491590042474486
0.34901410661164944	0.401341113151529	0.24964478023682168
0.3503650796101682	0.400429544059169	0.24920537633066286
0.3486271798748516	0.40155762569957576	0.24981519442557276
0.349346749794117	0.4010296754914058	0.24962357471447735
0.3493745055988111	0.40148857743061145	0.24913691697057758
0.34957126110832754	0.40076107075390593	0.24966766813776664
0.35016620407139576	0.4005240784096393	0.24930971751896502
0.3497528641375109	0.40040867951119763	0.2498384563512916
0.3496175586747248	0.4003505815659154	0.2500318597593598
0.3494931101151486	0.40099466009207496	0.2495122297927765
0.34999610516373525	0.4003310773374961	0.24967281749876874
0.3500542608230384	0.4010466271946639	0.24889911198229778
0.3501238545115883	0.4005586859351825	0.2493174595532293
0.3495998745658373	0.4014109133574203	0.24898921207674252
0.3496506444208779	0.4014407937682382	0.248908561810884
0.3496879694754648	0.4005945032606423	0.249717527263893
0.34944881635351865	0.40112837742764673	0.24942280621883473
0.34886428808884723	0.4020098274555178	0.2491258844556351
0.3494944199645626	0.4007843801435007	0.24972119989193686
0.3490078683450287	0.40121311623981726	0.24977901541515413
0.34925180207893114	0.40059837955057453	0.2501498183704945
0.3486584964185816	0.4014446807332008	0.24989682284821774
0.35025538828334396	0.40021384808915683	0.24953076362749932
0.34954377358464905	0.4003552171667736	0.2501010092485775
0.34889082645571856	0.40160964410851735	0.24949952943576414
0.34871612577413763	0.40110226034612845	0.25018161387973403
0.348992626353803	0.4014908068192666	0.2495165668269305
0.35005857994401857	0.4003222107685429	0.24961920928743864
0.34947370228853497	0.40139921675974555	0.2491270809517196
0.34948891506019303	0.40126684251290345	0.24924424242690363
0.3486012627385989	0.4015975448638398	0.24980119239756143
0.3486814956713052	0.4011262623482659	0.250192241980429
0.3490155573836866	0.4008226911310988	0.25016175148521463
0.3498630034613407	0.4010533189193467	0.24908367761931277
0.34978303366646896	0.40060221162710075	0.2496147547064304
0.34970744301449785	0.40075452350213964	0.24953803348336256
0.3487534480626463	0.4010877841355839	0.25015876780177
0.3500106366374215	0.39975015302450845	0.2502392103380702
0.3490387173798005	0.4019044810756923	0.24905680154450732
0.3500338227857628	0.4009954508412693	0.24897072637296802
0.35019111585450036	0.4004908134389986	0.24931807070650114
0.34853764431231915	0.4018231914394855	0.24963916424819546
0.34908066168661983	0.40143160225737384	0.24948773605600644
0.34861520632089454	0.4014726642593021	0.24991212941980345
0.3493926763042523	0.4014154580208331	0.2491918656749147
0.34896628682488007	0.40090702672930156	0.2501266864458185
0.3491183363927926	0.4019376439398096	0.24894401966739793
0.349933749747385	0.4007074629281568	0.2493587873244583
0.3502344200705939	0.40079282064092037	0.24897275928848583
0.3496216365849689	0.40106194410946544	0.24931641930556572
0.34959501591261855	0.4004058548479841	0.2499991292393975
0.34962073292664503	0.4010913177336793	0.24928794933967585
0.34873744452121275	0.40140907322151276	0.24985348225727463
0.3485686686150698	0.4021249720237325	0.24930635936119783
0.3503733779212222	0.40005687517915595	0.24956974689962197
0.35033772799662594	0.40081077126905323	0.24885150073432094
0.34927257673773043	0.4018735884188341	0.2488538348434356
0.34915474231032084	0.4014996343720073	0.24934562331767196
0.3496510508448508	0.40105021478610325	0.24929873436904604
0.3484908615973872	0.4017289847735597	0.2497801536290532
0.3497756140615689	0.40009532093124867	0.2501290650071826
0.3488609422937577	0.4013802274836901	0.2497588302225523
0.34883211577067635	0.40166528639533483	0.2495025978339889
0.3498004875667381	0.40069988036990767	0.24949963206335435
0.3494582519645849	0.40111798767293416	0.24942376036248104
0.34913599302953674	0.4015047393057583	0.24935926766470504
0.3488115925630954	0.4020558517027943	0.24913255573411042
0.349267400143406	0.40145003452808314	0.24928256532851092
0.35010095283999054	0.3998427634419279	0.25005628371808164
0.35028946328547783	0.39987447731811987	0.24983605939640244
0.3497115156694937	0.40053908940479643	0.24974939492570997
0.34877107601261564	0.40127863831956034	0.24995028566782418
0.35017527077122745	0.4002881019978411	0.2495366272309316
0.3490118854615329	0.40201384904020193	0.24897426549826532
0.3489863931621694	0.400763747524539	0.2502498593132917
0.3492332114182344	0.4017372487597898	0.24902953982197595
0.34874900339239673	0.4016962658765282	0.2495547307310752
0.3490056028369209	0.40120866828969637	0.2497857288733829
0.3489065382044588	0.40132179763568915	0.24977166415985214
0.3495708014063253	0.40103523817567516	0.24939396041799966
0.34870754363192713	0.4018119329622936	0.24948052340577934
0.350249541058106	0.40009336561876285	0.2496570933231312
0.35006627029212556	0.40031546012570707	0.24961826958216748
0.3499904925984066	0.4002351354805551	0.24977437192103838
0.3492570383446051	0.40086365590495265	0.24987930575044243
0.3495335144314028	0.40109433470382544	0.24937215086477188
0.34944301736831196	0.4015936372007368	0.24896334543095133
0.34992340026316604	0.40033515017327426	0.24974144956355981
0.349218481956864	0.400918967544303	0.2498625504988331
0.34873187210360357	0.40178088060909	0.24948724728730656
0.3485646048273775	0.401415504808555	0.25001989036406763
0.34876279287540224	0.4023377487709021	0.24889945835369578
0.3490064092492491	0.40198352523957404	0.249010065511177
0.3494188371482623	0.4008170268329851	0.24976413601875275
0.34994226692821107	0.40092867703130886	0.24912905604048025
0.3491735777133347	0.40182981092597725	0.24899661136068812
0.350252036666561	0.4005964907040368	0.2491514726294023
0.3493901275558541	0.4009616672530507	0.24964820519109537
0.35020500007536315	0.40078590651889145	0.24900909340574554
0.34935284371666775	0.40164447876027404	0.24900267752305832
0.348783858422506	0.4014510791086329	0.2497650624688612
0.3498440152131487	0.400388957063205	0.2497670277236465
0.35018294285550966	0.40040485193481024	0.24941220520968022
0.3485752435941915	0.40133153478359307	0.2500932216222156
0.34970349120433986	0.40109030308612165	0.24920620570953858
0.34887827662162624	0.401021108341967	0.25010061503640685
0.3499408442285324	0.4000147276560838	0.2500444281153839
0.3501356954955684	0.39982953563332746	0.25003476887110426
0.3498552895551874	0.40119999920219396	0.24894471124261872
0.35001722567318305	0.4003125369381392	0.2496702373886779
0.3486932014075989	0.40147786008172326	0.24982893851067794
0.34919202756391077	0.40092747947443147	0.24988049296165787
0.3494626298397958	0.40096085640367995	0.24957651375652432
0.3503716486586549	0.3998267747497575	0.2498015765915878
0.3491521952609832	0.40130303746178897	0.249544767277228
0.34945152165470683	0.40142317927065096	0.24912529907464226
0.3503430189625114	0.40075010903719477	0.24890687200029393
0.34911826746449093	0.40194129527255634	0.24894043726295284
0.3490330610804507	0.40163250196222616	0.24933443695732324
0.3499118173449568	0.4002978596924138	0.24979032296262949
0.34943787674009796	0.4008258815280243	0.2497362417318778
0.3501246589102646	0.4004810581835453	0.24939428290619023
0.3502363980839296	0.39980478738578173	0.2499588145302888
0.35012935098413406	0.39973338561769667	0.2501372633981694
0.34956109883537906	0.40086876729823984	0.24957013386638122
0.34979546981774323	0.40005282000320935	0.2501517101790476
0.3486766016347966	0.4020443996153221	0.24927899874988135
0.3494251570400744	0.4003656466487322	0.25020919631119354
0.34858706363622205	0.40121290966630196	0.2502000266974761
0.3501814072527326	0.3999218925052448	0.24989670024202273
0.3500655180591611	0.39973397021329105	0.25020051172754804
0.34973482482251167	0.4008360522961808	0.24942912288130759
0.34941871979439704	0.40051791918519153	0.25006336102041155
0.3496811936599645	0.40089151509495247	0.24942729124508314
0.3499815925328236	0.3999692445609655	0.250049162906211
0.3501589536509726	0.39974005709586674	0.25010098925316077
0.3487774823499556	0.40214773282470717	0.24907478482533738
0.34979179767354096	0.3999626368708452	0.25024556545561394
0.34957920862821074	0.4003532845980057	0.25006750677378364
0.3503218815125152	0.39988799321478374	0.24979012527270117
0.3490548799086927	0.40207614991344176	0.24886897017786563
0.3491510268999522	0.40060132287708633	0.2502476502229616
0.3497914017685297	0.4002998975720961	0.24990870065937432
0.3499913076235861	0.400201106472471	0.249807585903943
0.34971589470146786	0.4007840787293696	0.24950002656916265
0.349466038239401	0.40153491367188215	0.24899904808871698
0.3499973370369234	0.40001406903064046	0.2499885939324363
0.35003314858502993	0.40079424570258043	0.24917260571238972
0.3499910224131232	0.4010676498356693	0.24894132775120767
0.3500605786077165	0.40092870138158376	0.24901072001069985
0.3500815687682555	0.3997992295842132	0.2501192016475314
0.3487544619764275	0.4022453723627	0.24900016566087257
0.3488551309124934	0.40099397480225135	0.25015089428525533
0.34946536579119053	0.4003155781479929	0.2502190560608167
0.34909940300235975	0.4015318553454108	0.24936874165222958
0.3486524145734721	0.4016926685939538	0.24965491683257418
0.3486621875098076	0.4018685011126823	0.2494693113775102
0.34991530633999884	0.4004459960248366	0.2496386976351647
0.34882487699543097	0.4018561514565855	0.2493189715479836
0.349526763925615	0.40117691903172925	0.24929631704265587
0.3488798266843499	0.4010027346115042	0.250117438704146
0.3497927353734511	0.40064460106277755	0.24956266356377144
0.34898551713690174	0.4015642780564485	0.2494502048066499
0.34947548304628867	0.40089448880905315	0.24963002814465826
0.349203927535393	0.4008595450446635	0.2499365274199437
0.34896015643209977	0.4010752054763312	0.24996463809156916
0.34998271084084365	0.4006352051037715	0.24938208405538498
0.3500274600936655	0.4009830436063342	0.24898949630000045
0.34924794377238794	0.40061636601262235	0.2501356902149898
0.3494654553561532	0.4006889875574571	0.2498455570863899
0.34947586511529166	0.4008425570207641	0.24968157786394435
0.34929376384680644	0.40137772942253747	0.24932850673065624
0.3498621939163486	0.40107822550670735	0.24905958057694413
0.3489303467034174	0.4021577523120754	0.2489119009845073
0.34989833810402465	0.4010574641059478	0.24904419779002773
0.34968769803253513	0.40107414424951005	0.24923815771795493
0.3492324726780234	0.40180758016663154	0.2489599471553452
0.3491487808116847	0.4018956443241864	0.248955574864129
0.3496746772108672	0.40061706002818476	0.24970826276094815
0.35031244165049125	0.400552201022097	0.24913535732741188
0.3501024752929056	0.40013326590257176	0.24976425880452272
0.34889830609250305	0.40196225210102876	0.2491394418064683
0.3497647595260739	0.4008425369099271	0.24939270356399912
0.3501434758701767	0.3997108528565166	0.2501456712733068
0.3495419071992128	0.4015715635044147	0.24888652929637267
0.34988755499547	0.4000983882489694	0.2500140567555607
0.3485686653861774	0.40207430467225946	0.24935702994156317
0.3494474373623753	0.40074118090425925	0.24981138173336556
0.35028263840468943	0.39974173232120946	0.24997562927410116
0.3502506996648999	0.4002097231439027	0.24953957719119757
0.34998990507043537	0.40073077244182365	0.24927932248774115
0.3491492224017834	0.40165650612187426	0.24919427147634243
0.35023088452161394	0.39983540693516834	0.24993370854321784
0.3493952440943166	0.4010726906921809	0.24953206521350257
0.34877537115565854	0.4011408770694965	0.25008375177484504
0.34918662747055035	0.401913808432802	0.24889956409664776
0.34904085014668007	0.4007554028364228	0.25020374701689724
0.34922933694149955	0.4010918741196785	0.24967878893882206
0.3494599453209801	0.40152395605443414	0.24901609862458585
0.34981755484012905	0.3999385015443609	0.25024394361551017
0.3493182848104135	0.40127715492503985	0.24940456026454677
0.3494908242512804	0.4015101588427708	0.2489990169059489
0.3500317183799482	0.40016753955461093	0.24980074206544106
0.3492919262040846	0.40054944782990276	0.25015862596601274
0.34853183951937433	0.401503958457798	0.2499642020228277
0.3490933774675329	0.40176960310755366	0.24913701942491356
0.34992953917488767	0.4010206567796897	0.24904980404542282
0.34848871002788046	0.4020724167673021	0.24943887320481758
0.35019963850056995	0.39997555881394253	0.24982480268548762
0.3503250112278339	0.3997278620858843	0.24994712668628194
0.34974892326901397	0.40060324388742585	0.2496478328435603
0.34913603271646043	0.4012590300125827	0.249604937270957
0.34905500781880994	0.4011085822210829	0.24983640996010725
0.3485517569792679	0.40201375419202945	0.24943448882870273
0.3500790991926076	0.4010092643805528	0.24891163642683972
0.34856709645634054	0.40159154064492786	0.24984136289873168
0.34929573972038597	0.40091333135490265	0.24979092892471147
0.3492934722797037	0.40156650906801317	0.24914001865228325
0.3491196446789859	0.40148074948940915	0.2493996058316051
0.3489802165800688	0.4009307512687498	0.2500890321511815
0.34974667230568507	0.40069028147192354	0.24956304622239145
0.3495585980981971	0.40036201427653484	0.25007938762526816
0.3487992058821035	0.4016826290017115	0.24951816511618513
0.35025851550091314	0.40052577799733763	0.24921570650174935
0.35015249559455164	0.40080334344291746	0.249044160962531
0.3502125370857503	0.3999550006130479	0.24983246230120193
0.3492815839799779	0.40157423183439356	0.24914418418562867
0.34849509982418697	0.4021430739579114	0.24936182621790176
0.34928622239837326	0.4004984543098692	0.2502153232917577
0.34946314736292433	0.4014410816690159	0.2490957709680599
0.35037773733477523	0.4001150215826163	0.24950724108260863
0.3492120181180983	0.4008944532418285	0.2498935286400733
0.34949485661647467	0.4013143430310938	0.2491908003524316
0.3487154464341947	0.4011620110667842	0.2501225424990212
0.3503368691821853	0.39996157182426323	0.24970155899355156
0.34943801745866293	0.4016114404510162	0.24895054209032097
0.34967937177765174	0.4009257387771007	0.24939488944524768
0.3494873906725066	0.40165977625073207	0.24885283307676143
0.348920704730201	0.4021056548707257	0.24897364039907344
0.349213693900114	0.4015201592513673	0.24926614684851883
0.3502993150957275	0.40059361719573383	0.24910706770853874
0.35035698077044647	0.3997015069013131	0.24994151232824052
0.3498583738942821	0.40036929909477287	0.24977232701094518
0.3502970191723571	0.40044717254338175	0.24925580828426122
0.3498111255707866	0.4009642297825856	0.2492246446466279
0.34994384592878647	0.401145926811674	0.24891022725953965
0.34968098241741835	0.40040507534807185	0.2499139422345099
0.35035012676717586	0.399873608175788	0.2497762650570362
0.3497108577530249	0.4003558504676833	0.24993329177929194
0.3502575041029131	0.4006752052983271	0.24906729059875987
0.34956942491562193	0.4012612010784985	0.24916937400587963
0.34929842951336687	0.4014610640626852	0.24924050642394804
0.3496381815696087	0.40108580247221803	0.2492760159581734
0.34892125557613923	0.40138819833844824	0.24969054608541263
0.3503463523511576	0.4002996136156262	0.24935403403321632
0.3500481424887327	0.4002076903124706	0.2497441671987968
0.3490184769293379	0.4007595679688103	0.2502219551018519
0.3502851364617038	0.39990982173956097	0.2498050417987354
0.3498035667514689	0.4003558927598988	0.2498405404886324
0.34965314085141147	0.4009943961187209	0.24935246302986777
0.3487220974817085	0.40181549107404635	0.24946241144424522
0.34886074801383554	0.40128902045479997	0.24985023153136462
0.3491795289268874	0.40178433683299547	0.24903613424011722
0.34902433444236913	0.40177383510090076	0.24920183045673022
0.349515639603596	0.40120869408706267	0.2492756663093415
0.349334840030914	0.40151937077250954	0.24914578919657654
0.3500152498566068	0.40101473824217804	0.24897001190121523
0.3493875408089691	0.40041131777299094	0.25020114141804006
0.34917539912163875	0.4010552014056191	0.24976939947274224
0.34856529860704166	0.40224821199695854	0.2491864893959999
0.3495843342867855	0.40020803939834326	0.2502076263148713
0.34960425103440956	0.4009418861357993	0.24945386282979126
0.3500333545894339	0.4000704415923658	0.24989620381820035
0.34962715728141947	0.4010168517735137	0.24935599094506697
0.3493248889480391	0.4017657529682257	0.24890935808373532
0.34921413471158586	0.40112183271536406	0.24966403257305025
0.34916681695127655	0.4008137053715854	0.25001947767713817
0.34883922245960275	0.4015106406947521	0.24965013684564527
0.3484913120350851	0.40195118680833175	0.24955750115658323
0.34866218033222074	0.4022414199236413	0.24909639974413805
0.3503479198898553	0.3998087950041585	0.24984328510598633
0.3495475132512656	0.40159476389835125	0.24885772285038332
0.3499965522945295	0.40008498511169593	0.2499184625937747
0.34855382613030683	0.4013688242671153	0.250077349602578
0.3490718605111105	0.40202182838822553	0.24890631110066413
0.3499315103086036	0.4005578254737053	0.24951066421769125
0.3502481676490518	0.40016217687361577	0.24958965547733256
0.3503230373227088	0.4006451766140653	0.24903178606322596
0.3491254870187392	0.40154339283917295	0.24933112014208797
0.3490300317284043	0.40148218344916337	0.24948778482243242
0.34964571322333404	0.40068924901679326	0.2496650377598728
0.3490010196825043	0.4012130334288391	0.2497859468886567
0.3492281626069022	0.40157499722536616	0.24919684016773175
0.3489415542937617	0.4016701361045821	0.2493883096016563
0.34888117370604665	0.4011988635046643	0.24991996278928907
0.3498865331924762	0.4011572161558962	0.2489562506516277
0.34852013109039487	0.401861830212887	0.24961803869671828
0.35006486592139985	0.40099426952124706	0.24894086455735318
0.3497577440076472	0.40112170811970077	0.24912054787265214
0.3502704568686105	0.4006226134316265	0.24910692969976309
0.3486499129415238	0.40208226628786714	0.2492678207706091
0.34959530509540876	0.4005156524087841	0.24988904249580723
0.3496513369790038	0.4006133508765245	0.2497353121444718
0.3502796101466989	0.4004668525063625	0.24925353734693872
0.3486626443667422	0.40221405570888114	0.24912329992437676
0.3490156523742334	0.4015419035148817	0.249442444110885
0.3498719019981866	0.4009560300843241	0.24917206791748944
0.34979560563403794	0.40079632166351836	0.2494080727024438
0.34960840165097595	0.4003538664003106	0.25003773194871354
0.35014504565954196	0.40025201696951185	0.2496029373709463
0.3494129579430098	0.40113638595223144	0.2494506561047588
0.3485170585022997	0.40216418467691584	0.24931875682078458
0.3499688542835412	0.4006445413817845	0.2493866043346744
0.34957503864495837	0.40152059883288094	0.2489043625221608
0.34937703174614604	0.4008651465508221	0.24975782170303196
0.3488176374964947	0.4012585822400934	0.249923780263412
0.34875045370732316	0.4017329183511085	0.24951662794156843
0.3488135418476699	0.40226276795979166	0.24892369019253857
0.3492663503499399	0.4013023579879354	0.24943129166212483
0.34929887516770874	0.40124879906327365	0.2494523257690177
0.348502931326552	0.40219406814586284	0.24930300052758528
0.34849737465904107	0.4014771363581823	0.25002548898277677
0.35012566568148856	0.40067079368208863	0.24920354063642292
0.3500574983126522	0.3997071883019214	0.25023531338542654
0.35007634208528793	0.3996949470439254	0.2502287108707868
0.3502704463165955	0.40063848678694	0.24909106689646465
0.3494674249955875	0.40078352323902844	0.2497490517653842
0.34857219011301555	0.40150833672541053	0.24991947316157398
0.34960749231610394	0.40028901806468975	0.2501034896192064
0.3496038792556813	0.4009953364160471	0.24940078432827173
0.3487037175081615	0.4022523197350452	0.2490439627567934
0.34944602892431165	0.4004304471824741	0.25012352389321435
0.3487350596984705	0.402292948794598	0.2489719915069316
0.34866575934826205	0.40231697903709385	0.24901726161464416
0.350076851979782	0.4006843927846282	0.24923875523558997
0.3490047786132044	0.40155018657871644	0.24944503480807934
0.34926552704321173	0.401042484471331	0.24969198848545737
0.34953123067709163	0.40050459254376536	0.24996417677914315
0.3487159991422483	0.40144420042848816	0.24983980042926363
0.3491480432913221	0.40173415802283247	0.24911779868584555
0.34922058384596144	0.40134164157113494	0.24943777458290375
0.3502209678664445	0.3998321864611183	0.2499468456724373
0.3487234888867812	0.40236389515168325	0.24891261596153566
0.3496310000035056	0.4002754340630727	0.2500935659334218
0.34996241547446877	0.4007290045928374	0.24930857993269392
0.34848893221995353	0.4017110775163196	0.24979999026372696
0.3499817751603552	0.4004072704062673	0.2496109544333776
0.35010958727470826	0.39988612528773493	0.2500042874375569
0.3501261311308526	0.40010056285981016	0.24977330600933734
0.35023921247436096	0.3997681178443936	0.2499926696812455
0.34863164976388367	0.40218351052938994	0.2491848397067265
0.3500016604942019	0.39990692229515346	0.25009141721064476
0.3488717475989502	0.4016361655126657	0.24949208688838426
0.34942708725794086	0.40064238789462125	0.24993052484743805
0.34954397005116056	0.40071675398123763	0.2497392759676019
0.34893843210850045	0.4013369061448901	0.24972466174660957
0.3494240367055956	0.4013378050407997	0.24923815825360487
0.35027314408727245	0.3998684626678452	0.2498583932448825
0.3502718413805202	0.3999126951644405	0.2498154634550394
0.34974200594939336	0.401303146502946	0.24895484754766073
0.3486219435909326	0.4016825087992322	0.2496955476098353
0.349211707664548	0.4012502486748795	0.24953804366057258
0.3495451218596699	0.40069702110546124	0.2497578570348689
0.3495110080052407	0.4012868005210128	0.24920219147374661
0.34966697393566487	0.40129484716418196	0.24903817890015328
0.34982286811980257	0.4003419312103159	0.2498352006698816
0.34973156040517517	0.4003139853164404	0.24995445427838453
0.3487376562053196	0.4014754275629456	0.24978691623173493
0.34911998081222795	0.4007229347076121	0.25015708448016005
0.3497407650218468	0.4008801132231965	0.24937912175495677
0.3489691777631664	0.40159362874707405	0.24943719348975968
0.3500782414073402	0.4004036212259339	0.249518137366726
0.34983928757511995	0.40010706562994974	0.2500536467949305
0.3499186850280455	0.4004968215161655	0.2495844934557891
0.3489630501208381	0.4011255313852288	0.24991141849393322
0.34985619355988234	0.400969130074723	0.24917467636539478
0.3488764925106951	0.4017449756020894	0.24937853188721565
0.3485279570907596	0.40159680031504325	0.24987524259419722
0.3497608082935123	0.40028360707981364	0.24995558462667417
0.3489024126658047	0.4014901347162338	0.24960745261796163
0.35012356378621323	0.4002288299356871	0.2496476062780998
0.3503025225206654	0.3998185229791339	0.2498789545002008
0.3492229498442391	0.4013800584055641	0.24939699175019692
0.3489851510807437	0.40142937317196226	0.24958547574729414
0.34870531611728894	0.402253011174502	0.24904167270820915
0.34955959925466784	0.4010474103291873	0.24939299041614504
0.34987508050657484	0.4011748069600869	0.24895011253333837
0.35009962305940073	0.39994881712778274	0.2499515598128166
0.3497408670152287	0.40135811658597476	0.24890101639879664
0.3490797416956813	0.40138069149105493	0.24953956681326386
0.34911512499352515	0.40125472185598854	0.2496301531504864
0.34886117336448924	0.4015147158561627	0.24962411077934815
0.34867588920070525	0.40178092830985834	0.24954318248943647
0.3485990180323007	0.4015539620142598	0.2498470199534396
0.3486809335599435	0.4011085225851928	0.25021054385486385
0.3487188933177661	0.40219337430972213	0.2490877323725119
0.3497219334517152	0.40006359320661977	0.25021447334166513
0.3490963668697711	0.4014517083874585	0.24945192474277056
0.34886250184292045	0.4016854167179454	0.24945208143913428
0.34977097902344095	0.4013658710603595	0.24886314991619968
0.3500395624982347	0.4009755054265497	0.24898493207521566
0.3492976437744706	0.40140116388942026	0.24930119233610926
0.34916440236244	0.401630317204645	0.24920528043291512
0.3495789354199271	0.40034679712517207	0.250074267454901
0.34944548790753155	0.4006241787101878	0.24993033338228077
0.3492076265740221	0.40167852677678484	0.24911384664919314
0.34922556993307446	0.4016052073598526	0.2491692227070731
0.349320166433408	0.4012623175386768	0.2494175160279153
0.35002725135031587	0.4004021131124319	0.24957063553725228
0.349007120058092	0.4021086316200751	0.24888424832183306
0.34996002562814055	0.40025701400160296	0.2497829603702566
0.35022942840941074	0.4007609160926449	0.24900965549794446
0.34862408389269967	0.4016344614850301	0.24974145462227035
0.34928146021851475	0.4007353450525787	0.24998319472890668
0.3493332896614033	0.40138383526327787	0.24928287507531888
0.3496940162149785	0.40014126115660625	0.2501647226284154
0.34931706743859764	0.4016612218263331	0.24902171073506935
0.3503296236704644	0.40063488719013984	0.24903548913939585
0.34849043648360045	0.4019025582439893	0.2496070052724104
0.34902804666464043	0.40157522896630815	0.2493967243690515
0.3496161381650304	0.40074553289292103	0.24963832894204865
0.3499849428429527	0.4007781021545039	0.24923695500254356
0.34991260450376777	0.40090013129356045	0.24918726420267193
0.3499456632889892	0.3998118579601679	0.25024247875084304
0.34947098063027715	0.40121836252674475	0.2493106568429782
0.34966001780692824	0.40054726222220194	0.24979271997086994
0.3497987571750741	0.4008294779117512	0.2493717649131748
0.349142854367622	0.40090742257573203	0.2499497230566461
0.34897020572386755	0.401280471092875	0.24974932318325752
0.3488434605514748	0.4018882599342284	0.24926827951429698
0.3495626717966482	0.4002648383813699	0.25017248982198204
0.34900954236363446	0.40170297151877554	0.24928748611759008
0.3499692896839578	0.4011071464169734	0.24892356389906894
0.3493572261639084	0.4013481034072085	0.2492946704288832
0.34996774322633206	0.3998182438307546	0.2502140129429134
0.348747258480121	0.4014395866233985	0.2498131548964806
0.3502298438275131	0.40090104162872	0.24886911454376703
0.34970274022471565	0.40046748541718635	0.2498297743580981
0.35006470857767685	0.40096529195285163	0.24896999946947163
0.34917782819608956	0.40173159871792624	0.2490905730859843
0.3486823180642695	0.40177129803752576	0.24954638389820483
0.34961183381431793	0.4008676002337418	0.24952056595194036
0.34852432387823934	0.40139852481199656	0.25007715130976427
0.3487819101708014	0.4019709116425033	0.24924717818669537
0.35024232978696446	0.4005268143098179	0.24923085590321775
0.3499542936107411	0.40053550314833397	0.24951020324092504
0.34903457620761524	0.40132684607625	0.24963857771613485
0.34906101879927676	0.40111554792361725	0.24982343327710604
0.34863437391777174	0.40125967089716225	0.2501059551850661
0.3487650865164193	0.40114395696146865	0.2500909565221122
0.34925382169414876	0.4015620708545072	0.24918410745134417
0.3487958458692298	0.40228651942677895	0.2489176347039914
0.34914483421046216	0.4011057395545316	0.24974942623500632
0.34995531332773927	0.40014380753289536	0.24990087913936548
0.3489232259366411	0.40184257613376767	0.24923419792959134
0.349343740691433	0.40106712147752244	0.2495891378310447
0.34899401044920075	0.40153203929631	0.24947395025448937
0.3496428806457871	0.4005386973968181	0.24981842195739493
0.350083978487999	0.39995143488645235	0.24996458662554882
0.3492677364989684	0.4018556991592017	0.24887656434182998
0.3492666369876718	0.4016151147447365	0.2491182482675918
0.34999023224165027	0.3999193121148584	0.25009045564349147
0.34925646348649164	0.40101298492731163	0.24973055158619686
0.34859753401787236	0.4023221412124294	0.24908032476969838
0.3502036846189784	0.40058150068455767	0.24921481469646406
0.34961302181257414	0.4014441416038816	0.2489428365835444
0.34973994981263695	0.4010332241763197	0.24922682601104346
0.3503526484838531	0.4003484830214404	0.24929886849470662
0.3493112480611427	0.4007977365143284	0.24989101542452902
0.3491853318531386	0.40177362156076835	0.24904104658609322
0.3501752059286645	0.4007305950141863	0.24909419905714936
0.3485819882755813	0.401957924294446	0.24946008742997283
0.3485347181749582	0.4012366033043601	0.2502286785206818
0.34964944630136313	0.400572279246687	0.24977827445195003
0.34873464282492395	0.4015672324122717	0.24969812476280445
0.34923909599524106	0.4009609783642385	0.24979992564052056
0.34971958198994857	0.4007836426714556	0.24949677533859593
0.35003128902535124	0.4000501075214139	0.24991860345323494
0.3501333257634295	0.4006762105703784	0.24919046366619224
0.34862854766978185	0.4013820807708602	0.24998937155935808
0.3494132045231041	0.40100542471457246	0.2495813707623235
0.3500992451853758	0.40012803340329717	0.24977272141132711
0.3487319754966624	0.4012391553972854	0.2500288691060523
0.3496983029881785	0.4007904891665767	0.24951120784524486
0.34857179498489244	0.402150125362794	0.24927807965231366
0.34952387182573286	0.4002787701100883	0.250197358064179
0.3500652167012273	0.4004553675011361	0.24947941579763666
0.35034228318260474	0.40038234413770757	0.2492753726796878
0.3486368849659788	0.40144314887883226	0.2499199661551891
0.3499699711914074	0.39984899234129134	0.2501810364673014
0.34985318352578954	0.40125975452244356	0.24888706195176707
0.3499478914814719	0.40013081045595794	0.2499212980625703
0.3501839581371279	0.40050377469840337	0.2493122671644689
0.34895755489929314	0.400824861901587	0.2502175831991199
0.3502323163112949	0.3997623001708689	0.2500053835178363
0.3502921250396744	0.3999747437803843	0.24973313117994142
0.34851176896394626	0.40187465660542226	0.24961357443063162
0.349088744415083	0.40080381694053946	0.2501074386443777
0.3496190271788421	0.4011047484025295	0.24927622441862846
0.3488604826598831	0.40190859345603336	0.24923092388408358
0.3496832366071602	0.4006727907710771	0.2496439726217628
0.34970570208723867	0.40038542179881975	0.24990887611394172
0.34989375292773267	0.40016199213466164	0.24994425493760578
0.34999559498538096	0.40029394704892984	0.2497104579656893
0.34860974323087623	0.40186408071272384	0.24952617605640004
0.3492321034431195	0.4014333522234449	0.24933454433343574
0.3491869742386966	0.40113814215227817	0.2496748836090253
0.3501710686478714	0.40049809851390317	0.2493308328382256
0.3496712780343328	0.40010194085405726	0.25022678111161006
0.349844667478006	0.4006728005567378	0.24948253196525624
0.349669754119345	0.4003643040592034	0.24996594182145176
0.3500573626506145	0.4008476714848007	0.24909496586458496
0.3494149339520721	0.40148678101931573	0.24909828502861225
0.3498876347243891	0.40125875458463145	0.24885361069097955
0.350200155514385	0.40030388977399867	0.2494959547116164
0.35001189049804976	0.40077930811839446	0.2492088013835559
0.3496797657668401	0.4004505517140858	0.2498696825190742
0.3493113568301699	0.40111419185233244	0.24957445131749778
0.34917650639962833	0.4018357430376794	0.2489877505626924
0.3496963647492168	0.40137650531355884	0.2489271299372245
0.3493148512542182	0.4011250811975155	0.24956006754826643
0.3490414293033819	0.40084801618529203	0.2501105545113262
0.35026822386402606	0.4008802806952708	0.24885149544070323
0.3503482375737381	0.3998294730457047	0.24982228938055728
0.349578055601321	0.4010257008724244	0.24939624352625467
0.3500303786640721	0.40096646328890484	0.2490031580470232
0.3492488685668129	0.4011833593307336	0.24956777210245354
0.35014660284906984	0.39978706378335943	0.25006633336757084
0.3495290439128813	0.40136607518714673	0.2491048808999721
0.34890360505174955	0.40102345636138836	0.25007293858686225
0.34903138834641045	0.4011906771475828	0.24977793450600688
0.34928217573609366	0.40184630012378664	0.24887152414011982
0.35029137462106646	0.4002014407885387	0.24950718459039495
0.34965083625277477	0.4003263074860444	0.2500228562611809
0.34902122459990254	0.40077697938279805	0.2502017960172995
0.34912175926763606	0.4007506475274344	0.25012759320492967
0.34881783126357	0.40170852953827696	0.24947363919815316
0.3493632152577903	0.4006693619471705	0.2499674227950393
0.3487321127045481	0.4023364424875059	0.2489314448079461
0.35018920425127475	0.4002246818736479	0.24958611387507745
0.34918216308903716	0.4012156366588224	0.24960220025214053
0.34965194031252544	0.4014429803246211	0.24890507936285355
0.34860419589385055	0.40214849551294607	0.2492473085932035
0.3496501131127487	0.40060830850789586	0.24974157837935557
0.34998269823802025	0.40051246222732484	0.24950483953465502
0.349119204223713	0.40110641696236066	0.24977437881392645
0.3489488783073576	0.4022009908353095	0.24885013085733299
0.34918839988166994	0.4019332121506831	0.24887838796764708
0.3498432133172845	0.40123627111105487	0.2489205155716607
0.34889384449945576	0.4010495231910871	0.2500566323094572
0.3502790177301763	0.3999069496745312	0.2498140325952926
0.3495305926928922	0.4004845342247329	0.24998487308237505
0.3485857637741359	0.4012726439744882	0.250141592251376
0.3494262620990724	0.4007502497317697	0.24982348816915795
0.34909617442822777	0.4012580215358925	0.24964580403587983
0.34860371588260547	0.4023299449343606	0.24906633918303406
0.35001220740471545	0.4006860154613475	0.2493017771339371
0.3498351758138107	0.4011876155777738	0.24897720860841563
0.348823367607645	0.4012647880666096	0.24991184432574554
0.3494538639041658	0.4006822829955292	0.24986385310030507
0.3503759906967229	0.39975276386480496	0.24987124543847222
0.34924856795415	0.40170954834150435	0.24904188370434577
0.34997534962653487	0.4011578181671558	0.24886683220630945
0.348674640154984	0.40209698873711774	0.2492283711078983
0.3489948046428343	0.40093988995266705	0.2500653054044988
0.3492296479702279	0.4010138606375155	0.24975649139225675
0.3494463550527928	0.4014378836487736	0.2491157612984337
0.3493143424262902	0.4005783435729164	0.2501073140007935
0.35000016198341166	0.4011064150271255	0.24889342298946293
0.3502055222731731	0.4008716789169908	0.2489227988098362
0.3489088981698895	0.4015790541896844	0.24951204764042617
0.3495638826752783	0.4012281222029947	0.2492079951217271
0.34903108853706255	0.40098102038879413	0.24998789107414346
0.3494681682446927	0.4005814283157575	0.24995040343954994
0.34982883881379145	0.4008676678884128	0.24930349329779583
0.3489442146170873	0.4018963965718347	0.24915938881107813
0.3498391740291889	0.40117652739671167	0.24898429857409954
0.3500525407394891	0.40094422939094426	0.24900322986956674
0.35008105926664834	0.39983075523049505	0.2500881855028567
0.350040595913912	0.40076738435293413	0.249192019733154
0.3488800928136492	0.4016189633994971	0.24950094378685386
0.34913768156456404	0.4008673552916464	0.24999496314378966
0.349122609751563	0.401901870931313	0.24897551931712403
0.3493686227023073	0.4014787187058333	0.2491526585918595
0.3499224528704181	0.39995974671298185	0.2501178004166001
0.34931199578298044	0.4005335245911092	0.2501544796259105
0.34940363871441943	0.4009485267064241	0.24964783457915654
0.3501417298482761	0.40011201527939505	0.24974625487232902
0.34924600297863284	0.4012160115059939	0.24953798551537337
0.34992701332487663	0.40071845449980137	0.2493545321753221
0.3491954193613528	0.4013845872210343	0.24941999341761303
0.34864097719765896	0.4021763239857146	0.24918269881662652
0.34977693697726975	0.40114209181991434	0.24908097120281605
0.34915971488572617	0.4010774015349154	0.24976288357935852
0.34971616028554475	0.40136683008506574	0.24891700962938962
0.3496877700152628	0.40028777921096126	0.25002445077377605
0.34999932892814956	0.4000062308436732	0.24999444022817735
0.3489350517766222	0.4010358664248992	0.2500290817984787
0.3491286450570023	0.4020137720331072	0.24885758290989057
0.35027245215271713	0.400223451366148	0.24950409648113503
0.3489812988582436	0.40183431988137897	0.24918438126037756
0.34922252566766365	0.40137508329574434	0.24940239103659206
0.34945097198573016	0.40057329299354627	0.24997573502072368
0.3495105146664409	0.4006259929343562	0.24986349239920302
0.3490191581305067	0.40077505594295637	0.2502057859265371
0.34946747873074907	0.4013987643686241	0.24913375690062692
0.3500573067038625	0.40071604116756904	0.24922665212856865
0.34968441583467086	0.40111779522353286	0.24919778894179642
0.3486484576667303	0.40225735774516724	0.24909418458810256
0.34974503367666826	0.4002294816545343	0.25002548466879754
0.35014089603090076	0.40068496899475214	0.2491741349743472
0.34945813329351355	0.40105067797765004	0.24949118872883652
0.3499226410008425	0.3999304765113796	0.250146882487778
0.3490808643963736	0.40157911369384514	0.24934002190978144
0.349881422991035	0.40061704765695155	0.24950152935201364
0.34893284466184604	0.4013570122334153	0.2497101431047388
0.3493352799420684	0.4017892588696472	0.24887546118828446
0.3488149437381913	0.4018168326824534	0.24936822357935545
0.34977260937912036	0.40059756270839264	0.24962982791248706
0.35018479918030926	0.4009372874537356	0.24887791336595527
0.3488562782140579	0.4020735954606288	0.24907012632531345
0.3488894497328169	0.40086963878951853	0.2502409114776647
0.3500647504861655	0.4009834574854463	0.2489517920283883
0.3488184793810279	0.4015495612216273	0.24963195939734492
0.3500047729123824	0.40113452725258336	0.24886069983503437
