0.8024519375245436	0.04939619631773978	0.14815186615771667
0.1695389472358922	0.7202057166211016	0.11025533614300631
0.4882622918818996	0.15632392210168794	0.3554137860164126
0.5896516873309317	0.12194332691446111	0.2884049857546074
0.0736192610467547	0.4509597554830097	0.47542098347023576
0.5569187618861331	0.14346354393528252	0.2996176941785846
0.7114963312206698	0.1863681980274072	0.10213547075192314
0.13111030116915853	0.3975624080645946	0.471327290766247
0.46727657165308023	0.07500089053863157	0.4577225378082883
0.2845559356221037	0.4218097000569605	0.2936343643209359
0.3005960497418819	0.5697291004277316	0.1296748498303866
0.47640317078924255	0.3109475581973135	0.21264927101344405
0.5889593592777531	0.05583525372075837	0.35520538700148857
0.3568912034611781	0.3069137295594251	0.33619506697939694
0.5948681441830925	0.05835032212720753	0.34678153368970005
0.10119267640475457	0.5554649508603556	0.34334237273488993
0.3523948547847764	0.549861729129206	0.09774341608601772
0.4498998761323304	0.15314206433745461	0.3969580595302151
0.5024959022019346	0.27136582979317203	0.22613826800489348
0.4442341033860967	0.3453858534266684	0.21038004318723502
0.2056564339562895	0.26394561238234876	0.5303979536613619
0.5426994169215188	0.034864749280196394	0.4224358337982849
0.30131319072216595	0.3925540677179864	0.30613274155984777
0.28035234613752263	0.4559979610960696	0.26364969276640793
0.03738071128763487	0.6185656862967783	0.3440536024155869
0.45678242512149725	0.4075821383803691	0.13563543649813373
0.1764796473393782	0.5930623885059796	0.2304579641546424
0.5734434649438673	0.08183229327231123	0.34472424178382155
0.6346028297688833	0.14797541077802615	0.21742175945309067
0.2762786129584676	0.20697300362317356	0.5167483834183589
0.29188668530976125	0.4098274036999424	0.29828591099029644
0.11428343062677199	0.7028629071954993	0.18285366217772894
0.29776628392958804	0.5470653816626019	0.15516833440781025
0.759006944292547	0.04300492206579243	0.19798813364166068
0.5264913329398965	0.32687608345210195	0.14663258360800166
0.4544180379281829	0.06996881124657112	0.47561315082524613
0.4727282651267849	0.10196196463185803	0.4253097702413572
0.27752332568265464	0.25971155939453255	0.4627651149228129
0.4695328813926558	0.42153950787465466	0.10892761073268958
0.5244781539858769	0.35934042635148794	0.11618141966263523
0.1660192934217132	0.6211963248038302	0.21278438177445663
0.13531038457243144	0.5210547794529538	0.3436348359746149
0.4799538649402334	0.37450591271936884	0.14554022234039787
0.5936552881527969	0.25874532570667785	0.14759938614052537
0.35413858882010024	0.4355476262785096	0.21031378490139024
0.4806565984686658	0.21039742412772805	0.30894597740360624
0.18510478582953355	0.5108969301536055	0.303998284016861
0.03518326732048371	0.5605646666797508	0.4042520659997655
0.571846937575476	0.2413860611479824	0.18676700127654175
0.15478559825949376	0.4916896021163279	0.35352479962417843
0.26138507927847804	0.18287798773073455	0.5557369329907875
0.12660727527787782	0.5075725576675775	0.3658201670545448
0.4543619176619483	0.3176417378659029	0.22799634447214892
0.21075696232812943	0.656046134507507	0.1331969031643636
0.05594775309485239	0.5964777655592832	0.3475744813458646
0.2598400823546767	0.6387941735753877	0.10136574406993576
0.27302988841672504	0.19834855379509042	0.5286215577881846
0.1484469887961542	0.39232428455774593	0.4592287266461
0.2947958024705279	0.13231185821024366	0.5728923393192286
0.2439511889447134	0.6265311765156512	0.12951763453963555
0.15043477986691128	0.5074311374032339	0.3421340827298549
0.5771196609532044	0.2520673948944636	0.1708129441523321
0.4405552609429356	0.33218772958110954	0.22725700947595495
0.3260010423690178	0.15029709156373466	0.5237018660672477
0.3999689324258451	0.09371960188606224	0.5063114656880927
0.2956748956222846	0.5893704934944581	0.11495461088325742
0.1360094446712641	0.584973473539521	0.279017081789215
0.2622803483606975	0.3329463964325514	0.40477325520675117
0.32736197014669444	0.21310333650702956	0.45953469334627606
0.20879187238938088	0.37912436597329113	0.4120837616373281
0.4203220682307868	0.15922153742746006	0.4204563943417532
0.22244352468133974	0.48120756968536615	0.29634890563329425
0.494747303148836	0.3539646238441293	0.15128807300703476
0.09472199233930739	0.361622836185538	0.5436551714751547
0.41542657306031033	0.20966320386430376	0.374910223075386
0.7337925471463027	0.13862012993658315	0.12758732291711417
0.12250396978352146	0.31135043254585704	0.5661455976706217
0.3618301901884872	0.36529064051043825	0.2728791693010746
0.6220387677673557	0.289549047218809	0.08841218501383541
0.39157401153105686	0.2976583017733187	0.31076768669562455
0.11744236913433587	0.49083767438067216	0.3917199564849921
0.15047918408091493	0.7239280029920921	0.12559281292699304
0.30486380154231213	0.2127915713650446	0.4823446270926434
0.6628925367151604	0.07055209967864828	0.2665553636061916
0.30311453686547746	0.45571864799199857	0.24116681514252414
0.22409669332422122	0.311461660684182	0.4644416459915969
0.20309671314144292	0.701988466285513	0.09491482057304418
0.13748505125642638	0.29876627510509546	0.5637486736384782
0.7510552330511647	0.12859283308461456	0.12035193386422072
0.12984938370674376	0.3726233190613654	0.49752729723189093
0.2036408122103384	0.3795848551359655	0.41677433265369623
0.11965074901790901	0.4263065381853238	0.4540427127967673
0.32894726522903184	0.5072061874591876	0.16384654731178067
0.042481703349338096	0.4863496847733101	0.471168611877352
0.13522726297755336	0.6909270175835207	0.17384571943892607
0.052971962565674546	0.4931493054002226	0.453878732034103
0.033619170302413126	0.8375445462131489	0.128836283484438
0.03196946406010176	0.8744572243658248	0.09357331157407353
0.3687026561154853	0.13619321450281643	0.49510412938169834
0.4505133399250446	0.21041224084056123	0.33907441923439424
0.8578874870679795	0.030309231377755708	0.11180328155426483
0.34192560019929463	0.44828364501811624	0.20979075478258927
0.2273231391603537	0.27892388140978996	0.4937529794298564
0.26228178769349864	0.3222080522627508	0.4155101600437507
0.06635519662741773	0.4554299549759553	0.47821484839662703
0.5659295921089179	0.14760468605668722	0.28646572183439495
0.6190246740929815	0.045331760139174504	0.33564356576784415
0.3911862695293138	0.09234465484866675	0.5164690756220196
0.46103282540182255	0.10667810191408386	0.43228907268409367
0.551551784034836	0.15754461492841698	0.2909036010367471
0.22901480772483046	0.3660806598385506	0.40490453243661906
0.2992981334943509	0.1801250944277748	0.5205767720778743
0.2917369087200811	0.395039481601632	0.313223609678287
0.2652276807500941	0.40348838579300234	0.33128393345690366
0.22698272015312357	0.452932832351974	0.32008444749490256
0.36415526496441275	0.537988803193581	0.09785593184200636
0.48962741195807197	0.2155103617676779	0.29486222627425024
0.05265046051326394	0.4741513443583712	0.473198195128365
0.3054025973268373	0.44901971098576066	0.24557769168740218
0.06925185755101665	0.435120410105912	0.49562773234307145
0.1378135253655014	0.6968271687219434	0.16535930591255527
0.10490863864167907	0.6400441691999404	0.2550471921583806
0.3998887417599438	0.17326636557680378	0.4268448926632525
0.07635474210480903	0.3768275426059266	0.5468177152892645
0.2043230983991726	0.45564962849945895	0.34002727310136854
0.7045014313274855	0.16272430767749577	0.13277426099501882
0.28994047250083377	0.24128881181310224	0.4687707156860641
0.41704275198368107	0.43612579584768685	0.14683145216863216
0.350025651030033	0.1179505698067678	0.5320237791631992
0.6907774562865562	0.04220966976234575	0.26701287395109813
0.1704477224680732	0.6718557609643867	0.15769651656754013
0.4240634037382429	0.12834629698447197	0.4475902992772852
0.25550576770004474	0.6469249670574126	0.09756926524254272
0.1271703492906145	0.7161937404230783	0.1566359102863074
0.34805496941022207	0.558138989295323	0.09380604129445497
0.11113944986864172	0.44860271765236315	0.4402578324789953
0.1945337233324831	0.6844110032199002	0.12105527344761685
0.2974770555153357	0.4973556102667285	0.20516733421793593
0.4604617769674064	0.10631200778405789	0.4332262152485358
0.3397603585646501	0.34519182460913606	0.31504781682621397
0.46899079061021487	0.33821710816844575	0.1927921012213395
0.16513394158711794	0.36056878642083934	0.47429727199204286
0.3738920310843062	0.1294642939602307	0.49664367495546324
0.23627770793504688	0.6339981069348265	0.1297241851301267
0.2460397372355584	0.4588631272925064	0.29509713547193533
0.1466478453894857	0.26168126739100717	0.5916708872195071
0.5190184416209183	0.09595973310827402	0.38502182527080786
0.21696384861441267	0.37674567112376506	0.4062904802618224
0.051621582357504636	0.42823945028000576	0.5201389673624897
0.03200685428280331	0.38461112513531026	0.5833820205818865
0.2274612629677778	0.4205937101991364	0.3519450268330859
0.13441397269144661	0.7098189933366799	0.1557670339718737
0.5492171625061752	0.05292993059129997	0.39785290690252484
0.09277271542888849	0.41099321700390073	0.4962340675672109
0.11167778027647629	0.42496656801732846	0.4633556517061953
0.3536224866091284	0.33952350444789803	0.3068540089429737
0.3861960859598638	0.18313820072730086	0.43066571331283543
0.6709908130177887	0.18628558544262208	0.14272360153958932
0.2337603348347883	0.6225441751754561	0.14369548998975568
0.6696831888859953	0.1399347676486553	0.19038204346534943
0.2915007421768573	0.4041425528784318	0.304356704944711
0.3963775589396791	0.03734155688292157	0.5662808841773995
0.633664830267402	0.23076758483761017	0.13556758489498796
0.08357097803440616	0.5320771964613468	0.3843518255042472
0.14017381204341978	0.564211190692817	0.29561499726376333
0.16377816004967444	0.6083064310756425	0.22791540887468317
0.24381595252899899	0.2030113182539633	0.5531727292170379
0.6614105781472045	0.06339667043625574	0.27519275141653987
0.5819168864100371	0.32581954531208834	0.0922635682778746
0.06292844508778445	0.5667513655966945	0.37032018931552113
0.1444175593586099	0.5131618912876665	0.3424205493537238
0.11063133182362289	0.5683258979021426	0.32104277027423467
0.2395016792022136	0.3985179125470446	0.3619804082507419
0.17236411958445358	0.34278690862275657	0.48484897179278996
0.08698144421090864	0.4037107502427968	0.5093078055462947
0.4751540392659549	0.17732096994194563	0.3475249907920996
0.3416304478144215	0.08681957298078455	0.5715499792047941
0.23431036512054176	0.6640682878451661	0.10162134703429221
0.41544192994961326	0.2047905782847968	0.37976749176559
0.19834334064956902	0.2480271281093095	0.5536295312411217
0.5719413955286949	0.04947219843761019	0.3785864060336949
0.1452630500871325	0.6326959144130212	0.2220410354998464
0.45299529419476	0.17481399199864367	0.37219071380659646
0.5674727473306496	0.17512093473263335	0.25740631793671714
0.21141233833311285	0.5954116930809066	0.19317596858598063
0.6038175302221338	0.16663612577067133	0.22954634400719504
0.7870393092674866	0.11644196240434071	0.09651872832817288
0.6942098371850165	0.17848632985496765	0.127303832960016
0.4367064171169422	0.23576006444566983	0.32753351843738804
0.4522589135742767	0.4453393154904747	0.10240177093524874
0.5234202955553325	0.21472431424873223	0.26185539019593534
0.4899160548961235	0.39224818960259755	0.11783575550127906
0.5305672425321051	0.220461975757091	0.24897078171080406
0.719626426886937	0.1364948436205968	0.14387872949246627
0.7043905827838364	0.0713127769722921	0.22429664024387164
0.629385285155994	0.09717460589172922	0.2734401089522769
0.1957149426647545	0.6511432397198906	0.1531418176153549
0.2999919749376849	0.12442379294892211	0.575584232113393
0.3928498261735516	0.42110036326120504	0.18604981056524347
0.24336318693430947	0.5103677496997796	0.246269063365911
0.3429822906317872	0.2072557852758016	0.44976192409241134
0.24800250321784123	0.19107375642661095	0.5609237403555479
0.6352402822088166	0.20643059888152213	0.15832911890966142
0.4323090611073849	0.43694164995619683	0.13074928893641835
0.4049595685642451	0.3991981078284893	0.19584232360726575
0.24232033358238175	0.5943549038699965	0.1633247625476219
0.568451540956477	0.22289737866323478	0.20865108038028835
0.18605839816779685	0.43246893281993687	0.3814726690122664
0.06109553656199551	0.7661989672892523	0.1727054961487523
0.6969023217275473	0.19953004135260327	0.10356763691984955
0.7435267298242225	0.13932827051745675	0.11714499965832084
0.06552669701497565	0.5127223673163979	0.4217509356686266
0.20120705908908804	0.2865717152619983	0.5122212256489138
0.22491040895186917	0.3544447990931291	0.4206447919550018
0.27645452577458984	0.3166347246957241	0.40691074952968614
0.3456574377995327	0.5405689907027104	0.11377357149775708
0.25623289981753883	0.4440053621788657	0.29976173800359557
0.5380744863374249	0.07590569045033613	0.38601982321223904
0.7274472255451141	0.1494785193926226	0.12307425506226333
0.48535521563656986	0.17843104041039518	0.33621374395303505
0.2268099550215045	0.18787732278583866	0.585312722192657
0.10298181220299288	0.674964315414827	0.22205387238218022
0.07782678271102034	0.5384110971517115	0.38376212013726824
0.268091222045144	0.2765383956634309	0.4553703822914252
0.7298960824045272	0.03594969931154329	0.23415421828392957
0.44603107308133916	0.06336466789649509	0.490604259022166
0.531419531751065	0.2640832664305314	0.20449720181840358
0.07215047049390766	0.764958431671479	0.16289109783461347
0.32411468410252114	0.15527530328701686	0.5206100126104621
0.6491049791745903	0.056637726332403715	0.29425729449300614
0.050137717074343835	0.5548043374150031	0.3950579455106531
0.2165567511216579	0.38532354610828756	0.3981197027700547
0.41668058303630623	0.3262179426182674	0.2571014743454264
0.6025165319046181	0.30521875178880065	0.09226471630658142
0.09942107027264441	0.5854919557972535	0.3150869739301022
0.531098185821827	0.13141474889412152	0.33748706528405154
0.21676585231392173	0.551965918933963	0.23126822875211547
0.5199085106141701	0.10316088687338745	0.37693060251244254
0.14094094112481567	0.31985089941545986	0.5392081594597246
0.25212229962814375	0.26591266679555114	0.48196503357630516
0.5187995783020626	0.21311715941366724	0.26808326228427026
0.5736571272995369	0.190796272602728	0.23554660009773523
0.35491932516963054	0.1310653423698879	0.5140153324604817
0.81826156142517	0.07872086894120578	0.10301756963362435
0.5335596367724919	0.3123269393555824	0.15411342387192584
0.5254677041304141	0.13294940633114616	0.34158288953843985
0.6051388431904683	0.16068521577887648	0.2341759410306553
0.4791727638534887	0.3725281294128115	0.1482991067336999
0.49803613436282956	0.35339670206115803	0.14856716357601255
0.1611556438799508	0.3752462885034877	0.46359806761656164
0.1086846077066155	0.5377595968787208	0.3535557954146639
0.18395555395492566	0.49560350259654384	0.32044094344853064
0.8088108971455357	0.05601615179881059	0.13517295105565386
0.20484171186081435	0.5119173236350886	0.2832409645040972
0.4351108862075515	0.171527930807343	0.3933611829851056
0.31555946849296257	0.24740670594021746	0.4370338255668201
0.2811028585372177	0.3771636897341292	0.34173345172865316
0.6079872250419347	0.12126643538572018	0.2707463395723452
0.2207128538434391	0.49830490450661	0.28098224164995095
0.36389230817481255	0.09821660828040737	0.5378910835447802
0.21456113993752843	0.2307431065595066	0.5546957535029651
0.6055311934251778	0.03655357907795864	0.3579152274968636
0.43742462831176854	0.3249089652403065	0.23766640644792503
0.1072024153570417	0.5854056214214369	0.30739196322152146
0.7306977302946597	0.046010497571146725	0.2232917721341937
0.7296975939516344	0.06386092349804495	0.20644148255032074
0.39258821591081294	0.2249718705821807	0.38243991350700646
0.3626454635991523	0.42642291123851594	0.21093162516233188
0.4030419676666262	0.320687375576075	0.27627065675729884
0.41785806096387323	0.07373057938689903	0.5084113596492279
0.37600125650887245	0.2381262805852492	0.38587246290587845
0.3650688339579796	0.3804173857713389	0.2545137802706816
0.44242657583291506	0.11059380917815789	0.4469796149889272
0.2985187818429102	0.573212880409066	0.1282683377480239
0.3243484098479076	0.5556292154251056	0.1200223747269869
0.21492082692838044	0.19068934340080035	0.5943898296708193
0.06795392726320615	0.4938075430225709	0.438238529714223
0.12617343760560162	0.7411670980092366	0.13265946438516182
0.36730455764973036	0.3965464333032233	0.2361490090470464
0.6096805851497973	0.2817801584296664	0.10853925642053647
0.3791065004393564	0.29644411157216555	0.32444938798847817
0.39156509522680244	0.08480088150084628	0.5236340232723513
0.18296832595174148	0.2645166555178988	0.5525150185303598
0.19509271852613558	0.6156343236550372	0.1892729578188273
0.2684842791582682	0.24305858144385495	0.48845713939787694
0.10663171072562919	0.5790959784785712	0.31427231079579976
0.16985613189886134	0.5699224036943327	0.2602214644068061
0.29584783239472096	0.38912088584325505	0.3150312817620241
0.11631816527540098	0.32096358077233494	0.5627182539522642
0.4414748401276618	0.22320154921731777	0.33532361065502053
0.2576566140773863	0.36641119566658537	0.3759321902560284
0.2154789528740388	0.509341353819198	0.2751796933067633
0.4223645572378641	0.43024134552385734	0.14739409723827865
0.10814880656358788	0.38192114314949516	0.5099300502869171
0.22454078680249742	0.6394214926833477	0.13603772051415494
0.10837554744027034	0.7821424558826024	0.10948199667712727
0.04593038374309488	0.5879761813851969	0.3660934348717083
0.4354946569696948	0.39619097122915675	0.1683143718011485
0.08209231594754224	0.5959077535273745	0.32199993052508347
0.8030005587751124	0.09805346865237652	0.09894597257251109
0.4882613632199687	0.28885067809310483	0.2228879586869265
0.34674692850955585	0.46946908043891944	0.18378399105152485
0.16047073152012267	0.26857572099504673	0.5709535474848307
0.7036630435748905	0.0722643497108979	0.2240726067142117
0.5220632376757337	0.11339278175049572	0.3645439805737707
0.05711909298058382	0.6392015376233743	0.303679369396042
0.245885997856092	0.1781875660658072	0.5759264360781009
0.4130082983056549	0.20961361715661203	0.37737808453773314
0.33350225126568056	0.16275874455497813	0.5037390041793414
0.7176774977186912	0.08543171448190687	0.19689078779940206
0.3932202341622547	0.21674148850604041	0.39003827733170504
0.16529250536842904	0.2626495334182578	0.5720579612133133
0.4736781779853106	0.37660595209777437	0.14971586991691518
0.512942583590379	0.16622495113070035	0.3208324652789207
0.37381498088414733	0.1708525614164214	0.4553324576994314
0.2673279282301247	0.6318534218457985	0.10081864992407685
0.10748864851751738	0.6039632975709641	0.2885480539115185
0.19325105083121846	0.5724442141918668	0.23430473497691492
0.741709215262999	0.1332975180457185	0.1249932666912825
0.20281680816041844	0.4699834003981602	0.3271997914414215
0.0967026547099255	0.6283914750738995	0.2749058702161752
0.06201737951126851	0.7232569261182449	0.21472569437048666
0.42658265147507	0.10510798647276093	0.4683093620521691
0.49383864578175896	0.12423293277344272	0.38192842144479844
0.4334749175557304	0.4212847999021266	0.1452402825421431
0.32948681133288793	0.21242900419175234	0.4580841844753598
0.5497603563368011	0.10758389416859257	0.3426557494946065
0.1142208011082812	0.5666194943125844	0.31915970457913445
0.6390608728304279	0.16616434714811396	0.1947747800214582
0.6225383476173703	0.2886115937855317	0.0888500585970981
0.6923193320836121	0.20220016244431266	0.10548050547207533
0.055290219722461065	0.6955699086962476	0.24913987158129153
0.3743795883724809	0.4685250282844735	0.1570953833430457
0.11016574126026385	0.7639232755150172	0.12591098322471914
0.23902495147404915	0.17301864344359483	0.5879564050823561
0.5018843440058405	0.30361159781622005	0.19450405817793956
0.2509317355060021	0.4870288680106717	0.2620393964833263
0.04250298842716105	0.3919243568083539	0.5655726547644853
0.6593517599954051	0.06083031249202536	0.2798179275125696
0.20137875744083464	0.6181227261732745	0.18049851638589098
0.27080464343633565	0.5686488818036669	0.1605464747599975
0.4700480245842732	0.1465502340329362	0.38340174138279065
0.2679700067455693	0.3534095152003518	0.378620478054079
0.029991317231616077	0.863055005638682	0.10695367712970205
0.10571507938526986	0.5597828884062425	0.3345020322084878
0.49558932349602586	0.41481183156204626	0.08959884494192796
0.09237703393274621	0.499786501004709	0.40783646506254495
0.2694244718076686	0.1512119948808632	0.5793635333114683
0.09089566521914794	0.8057744278047809	0.10332990697607128
0.64790780290825	0.20486247631160492	0.1472297207801451
0.42933104705259084	0.3458431084740724	0.2248258444733368
0.13747691581549765	0.6338041102276835	0.228718973956819
0.1851842080582215	0.34015686828504305	0.47465892365673557
0.3582040510448691	0.1536144836082862	0.48818146534684487
0.07501046390234867	0.5993399776686948	0.3256495584289566
0.0841651798937827	0.40718611556725376	0.5086487045389636
0.05217812839018121	0.3673766176452301	0.5804452539645888
0.32052762331057877	0.09438329623779629	0.5850890804516251
0.42274772110235914	0.18245108510812838	0.39480119378951256
0.1911572213164664	0.3777950029878851	0.43104777569564867
0.21031597265809038	0.4157471742326051	0.37393685310930463
0.3051760454319216	0.5445699830503272	0.15025397151775122
0.10942760602150894	0.580259939410104	0.3103124545683872
0.4357692404913509	0.41014728779590154	0.15408347171274764
0.14699506381614358	0.7559470675939517	0.09705786858990492
0.22332870336697275	0.46186119463897773	0.31481010199404963
0.6000155267687635	0.28441087416148475	0.1155735990697519
0.036819695525342366	0.6305182445775536	0.33266205989710423
0.04861279286243658	0.5230567889866167	0.42833041815094686
0.3052214063594925	0.25074251077677884	0.44403608286372875
0.42207695524343997	0.16643955755655993	0.4114834872000002
0.06445902190876773	0.6940565932513638	0.2414843848398685
0.2547269344380144	0.6261662692192257	0.11910679634276006
0.5797810059562314	0.23948466984652403	0.1807343241972446
0.23365341818578592	0.5814706309419685	0.18487595087224565
0.45896110230407505	0.03803528411849588	0.5030036135774292
0.33228685129773106	0.5450081028295015	0.12270504587276754
0.15587079872816018	0.42830361985056525	0.4158255814212747
0.4661341284474008	0.3536979780931853	0.18016789345941397
0.2590325906673929	0.34008374923495327	0.4008836600976539
0.4509692080633966	0.14927505278143105	0.3997557391551725
0.16579932790483543	0.5201607991996775	0.3140398728954872
0.4065079522525614	0.3074420024731432	0.2860500452742955
0.37424074475197344	0.4430159823511861	0.18274327289684056
0.703105261021552	0.1358715688414498	0.16102317013699827
0.2584976919176307	0.27261004894201896	0.4688922591403504
0.47064097039427727	0.0939258703779507	0.43543315922777215
0.21615317005363138	0.6839080228551117	0.09993880709125708
0.6322292004753667	0.05766870867939988	0.31010209084523355
0.09465166480230458	0.81090730349454	0.09444103170315554
0.5731967819938317	0.08299779836423299	0.3438054196419354
0.7628112843240872	0.15022055733973116	0.08696815833618171
0.5710651072424798	0.20880498197733563	0.22012991078018462
0.24778120891295086	0.5493134411936454	0.20290534989340384
0.43221877807343706	0.34585579874881217	0.22192542317775088
0.21575787614424766	0.5118145751438664	0.272427548711886
0.15127250242146287	0.6468193886400645	0.20190810893847277
0.15587804473651368	0.5934553106676219	0.25066664459586446
0.5406325089678978	0.11034771941830002	0.3490197716138023
0.30284355792406603	0.30260739371921985	0.3945490483567143
0.5270288417778727	0.11456167356706154	0.3584094846550659
0.26999472900305843	0.22127538064875035	0.5087298903481913
0.5305266432928017	0.11162121042335049	0.35785214628384776
0.500407279180387	0.23923751171394905	0.2603552091056641
0.6782462304953805	0.13724295218827973	0.18451081731633995
0.548324768453236	0.12125513048097539	0.3304201010657887
0.6831623925547945	0.040540893728396366	0.27629671371680925
0.39861004761607427	0.5032518899071239	0.0981380624768019
0.33526637880136484	0.2482075041464359	0.4165261170521994
0.08921793134449973	0.5233068488398975	0.3874752198156029
0.3199081357935548	0.10438787842541142	0.575703985781034
0.2766210961942017	0.4632810360169708	0.2600978677888276
0.3688678370329486	0.4555171904168625	0.175614972550189
0.09570293079056097	0.6720060381090598	0.23229103110037935
0.5958488923944101	0.2849449586130009	0.11920614899258908
0.15074444685700844	0.506447973791084	0.3428075793519077
0.10206681303590487	0.5049390921958735	0.3929940947682217
0.3366875585758077	0.3550547604689521	0.3082576809552403
0.4541327684696536	0.4586295915406145	0.087237639989732
0.578276245128445	0.1965807280014107	0.2251430268701444
0.34056795430918585	0.1737267155401929	0.48570533015062134
0.7985432016372187	0.10025422124531205	0.10120257711746938
0.31900285311981297	0.3922667291000728	0.2887304177801143
0.38431386745534846	0.1878010540335555	0.4278850785110962
0.2144360714913479	0.3139082806584703	0.4716556478501819
0.5323412482846586	0.22642050070318678	0.24123825101215482
0.07143969729197802	0.4459668830263855	0.4825934196816366
0.2667773996112584	0.5410355679220162	0.19218703246672544
0.42130287483452694	0.29045513325215166	0.2882419919133215
0.3784626846071657	0.09958678610341218	0.5219505292894222
0.6145094005135279	0.09941671629524873	0.2860738831912235
0.18610401571383434	0.3544619388818491	0.45943404540431665
0.5646717255275804	0.1819806870426873	0.2533475874297324
0.43179348488139313	0.12592669212735116	0.4422798229912558
0.2734922562199837	0.5097955435801439	0.2167122001998725
0.13692844996025558	0.5814397416691078	0.2816318083706368
0.5082037667597308	0.07452021436532491	0.4172760188749444
0.31686780809980075	0.2823762060390891	0.4007559858611103
0.23872717744594352	0.1900028944081409	0.5712699281459157
0.32363897789490914	0.4677186046966455	0.20864241740844547
0.45879582729525076	0.20780475678812563	0.3333994159166237
0.24677024197821745	0.5495635358809805	0.20366622214080218
0.3373133346455843	0.26489296181784594	0.3977937035365699
0.572333764568445	0.31703950639323597	0.11062672903831913
0.42804938961568856	0.2920779239598714	0.2798726864244402
0.31310918333664783	0.5402933153084881	0.1465975013548642
0.30881452929395803	0.5315283198238239	0.1596571508822182
0.32797430954048984	0.13660517998021746	0.5354205104792928
0.40018119972332145	0.1361059277262088	0.46371287255046983
0.58230871511859	0.2951893295294088	0.12250195535200134
0.04777860276185841	0.5366899786323766	0.41553141860576515
0.3478721482403145	0.3128630007736127	0.33926485098607295
0.04940752988369679	0.4627820876143111	0.48781038250199227
0.02968467644870476	0.6606731968278745	0.30964212672342084
0.15852038446580544	0.6256985431957269	0.21578107233846783
0.21127586450649224	0.21296841001939504	0.5757557254741128
0.3752429618670892	0.4326637367032409	0.19209330142967
0.14050736398990976	0.5017086288749634	0.35778400713512704
0.2150201580905898	0.5417710618367271	0.2432087800726832
0.13879274354430837	0.7648138975942412	0.0963933588614505
0.3332935730550962	0.298534051399287	0.3681723755456169
0.713646911394067	0.06999542938824749	0.21635765921768557
0.6657036157542987	0.24676941266114005	0.08752697158456135
0.02982976072661825	0.4164925902099958	0.5536776490633861
0.5830834320428566	0.30507386676611814	0.11184270119102538
0.10214701172579727	0.3660344662541655	0.5318185220200373
0.25528284116583755	0.18040760695927854	0.564309551874884
0.2292296821156764	0.2597886503046423	0.5109816675796814
0.21248036849446428	0.4522444315934157	0.3352751999121201
0.14743468358001768	0.3864801617632853	0.4660851546566971
0.4164991963986895	0.1875212039129948	0.39597959968831586
0.23656665215268033	0.5730057145410339	0.19042763330628587
0.22400451084840228	0.63081726681725	0.1451782223343478
0.5992128986325671	0.06035256389010757	0.3404345374773255
0.12588468500333078	0.7249756726743029	0.14913964232236648
0.2653200583395153	0.47069980812280166	0.2639801335376831
0.6214266721452593	0.24607447381059855	0.13249885404414224
0.21250432278096248	0.6154481279634709	0.1720475492555668
0.44404256260362907	0.406470671206445	0.14948676618992612
0.7836401777694935	0.08878324645682978	0.12757657577367687
0.383377455598668	0.24953421932178388	0.36708832507954825
0.56141247731	0.18859681456653662	0.24999070812346355
0.29262382936661235	0.44345108549320084	0.2639250851401869
0.4059801107791817	0.4597981652715559	0.13422172394926243
0.259674866744855	0.19524154618243647	0.5450835870727087
0.07888803975220365	0.7387160406691118	0.18239591957868473
0.25706690419448	0.6391535620963069	0.10377953370921322
0.6396533933653575	0.1856558661889433	0.1746907404456992
0.545271030536651	0.1687734948047469	0.28595547465860216
0.6367339133324772	0.17538994786492984	0.1878761388025931
0.47327602317589024	0.17796929499256844	0.34875468183154146
0.2331960191335148	0.5860473033485045	0.18075667751798086
0.3101137267328908	0.5278823851654648	0.16200388810164446
0.35436494168516797	0.20116929421504695	0.4444657640997852
0.34537731648834136	0.36742103255885494	0.2872016509528038
0.5040135008386082	0.2296021054955016	0.2663843936658903
0.22064150920938197	0.2476952789561202	0.5316632118344979
0.4184180941121025	0.06417291012668364	0.517408995761214
0.07425462525925375	0.8150089796116375	0.11073639512910877
0.563978743317727	0.30337342974620346	0.1326478269360697
0.2654329766391888	0.21785923314179506	0.5167077902190162
0.3636249592917607	0.14525000568176388	0.49112503502647553
0.4060480385263808	0.4310751111543354	0.16287685031928395
0.15157509882198728	0.3798504499359568	0.46857445124205604
0.14991519005422488	0.6225149494334475	0.22756986051232764
0.12530714626947959	0.7133488221455626	0.16134403158495786
0.25232416585193507	0.4668695080839227	0.28080632606414235
0.10111342887844038	0.7890958432271444	0.1097907278944153
0.19689813823270907	0.4156368966039805	0.3874649651633105
0.24419245109597587	0.34089067603715995	0.4149168728668643
0.5659150380871337	0.2573714082263905	0.17671355368647584
0.38920469591587337	0.17927434230069528	0.43152096178343147
0.069902070231606	0.6229199570978015	0.30717797267059277
0.2974886601636837	0.34289035318682326	0.3596209866494931
0.0986378107007741	0.45440238889145496	0.4469598004077711
0.2752262214435995	0.528810146829318	0.19596363172708253
0.03784924320110067	0.7245705747355657	0.23758018206333364
0.3525795536677287	0.11597909056021138	0.5314413557720601
0.23727114482801387	0.4741368017252376	0.28859205344674865
0.14887151260297632	0.6794586147628532	0.1716698726341706
0.8233058381268441	0.04878073286182388	0.1279134290113321
0.49387346613615335	0.03148913994926217	0.4746373939145846
0.7564829607864106	0.048158364132736386	0.19535867508085303
0.23450090427070297	0.3134044657995768	0.4520946299297204
0.6733834227837812	0.04764247676042088	0.278974100455798
0.7619976078623069	0.09853561356359825	0.13946677857409506
0.48210158329311287	0.20508592445670182	0.3128124922501854
0.12252954798543375	0.36196529959498286	0.5155051524195835
0.77590369193693	0.10051614889782004	0.12358015916525009
0.4544669557035236	0.33312982769135724	0.21240321660511924
0.2692154702528722	0.5298128136159701	0.20097171613115788
0.10096498536825299	0.376129087239025	0.5229059273927221
0.5724565715272969	0.12523316808966053	0.30231026038304265
0.10809014008248055	0.4193046426416487	0.4726052172758709
0.2802737466796045	0.5218956190231092	0.19783063429728634
0.07536969614960198	0.6336606937632963	0.290969610087102
0.6494236434457646	0.08390865867535013	0.26666769787888533
0.7033496675305475	0.06273175967202171	0.23391857279743095
0.13415488726156222	0.35989053427336337	0.5059545784650745
0.43718627944961824	0.27924637700228994	0.28356734354809193
0.6033043984179766	0.1742888805964416	0.22240672098558198
0.24384446700336448	0.5039862328104107	0.25216930018622497
0.49601924331457753	0.2402043005939491	0.2637764560914735
0.4492097513996309	0.33553673624800145	0.21525351235236778
0.08648285992473986	0.36869005909434716	0.544827080980913
0.18746909975404485	0.23903714389417602	0.5734937563517792
0.2661681208899629	0.38655956620684045	0.34727231290319677
0.2773389768957728	0.6171941669531298	0.10546685615109747
0.03258796727197144	0.6494953648483738	0.31791666787965495
0.4396033158754	0.27664944181907164	0.28374724230552845
0.04658833404793977	0.6506204474042093	0.302791218547851
0.601979210426334	0.10740265073147004	0.29061813884219617
0.2632993295041244	0.24026824716937806	0.49643242332649773
0.1537744308205412	0.3965263176642943	0.4496992515151646
0.03284029851753173	0.4375132248187884	0.52964647666368
0.1361899398289985	0.2946135530397812	0.5691965071312204
0.30660504000629574	0.12372058635369251	0.5696743736400118
0.3754625003028946	0.200965079305918	0.42357242039118753
0.34435273097206154	0.19242326403349014	0.4632240049944484
0.12329235463493926	0.7596471969481695	0.11706044841689134
0.24219897663693674	0.6333764849702225	0.1244245383928409
0.7479972575035782	0.10987798225897094	0.14212476023745102
0.6155858284298237	0.13951448965167662	0.24489968191849976
0.34241030264072464	0.06908061224914952	0.588509085110126
0.31631864883574967	0.4406932901869792	0.24298806097727121
0.37741626942025774	0.3604548585170849	0.2621288720626574
0.5689692120370449	0.1722109361572075	0.25881985180574774
0.7712787216412488	0.039601110952048435	0.18912016740670284
0.4743483871717314	0.27224259186513555	0.25340902096313317
0.5076923690160314	0.35844062289655276	0.1338670080874159
0.05457777258773022	0.6140870425085893	0.33133518490368064
0.4405516803182581	0.25760258121420676	0.30184573846753526
0.09502803186086989	0.4609605744476089	0.4440113936915213
0.24908241535716336	0.2945630396709133	0.4563545449719234
0.5275428427340414	0.11970028345847175	0.352756873807487
0.46320919310264097	0.12236121648029724	0.41442959041706184
0.6403241840626028	0.22866939298989614	0.13100642294750114
0.06631146993965842	0.6453188972825675	0.2883696327777742
0.30901953726037795	0.3315712477806109	0.35940921495901124
0.27350657445008697	0.515663816768532	0.21082960878138113
0.5107922512410613	0.23426839445441439	0.2549393543045244
0.5010162235784623	0.3018835092585105	0.1971002671630273
0.5751114364554972	0.1982485064259102	0.22664005711859267
0.36450791392995224	0.3568912416067663	0.27860084446328154
0.6744349997092433	0.17685327195538592	0.1487117283353709
0.18253605868167394	0.6658061370045742	0.15165780431375192
0.09528322499268618	0.7041768801752747	0.2005398948320392
0.03189461854318498	0.8749325640300206	0.09317281742679456
0.6465308191942383	0.13676479278241077	0.216704388023351
0.5804617774407584	0.3130439580897455	0.10649426446949617
0.5162560546222241	0.2913823376371671	0.19236160774060887
0.10104930028282874	0.36562797855138224	0.5333227211657892
0.26398242087353635	0.16934104985086754	0.5666765292755962
0.14511200975661082	0.41307760464401866	0.44181038559937064
0.6235188374606855	0.06773798573234469	0.30874317680696983
0.355111757637105	0.24507151571828878	0.3998167266446063
0.521218541461985	0.1252034417964998	0.3535780167415153
0.3675690359955175	0.42445987767588467	0.20797108632859795
0.6244665412299669	0.17217647760701774	0.20335698116301545
0.41945849908548694	0.45311383585597853	0.12742766505853464
0.3925321008303782	0.44745608545045495	0.16001181371916698
0.5315904585302645	0.37650984267961957	0.09189969879011597
0.45955370407779833	0.3070194623314416	0.23342683359076016
0.10181516833536663	0.7823475823299628	0.11583724933467054
0.04798409811292381	0.4717746474785831	0.4802412544084932
0.43029173886205696	0.40504638096088613	0.16466188017705702
0.33815738155745223	0.08668141235602092	0.5751612060865269
0.6059005837602083	0.13915557519786173	0.25494384104193013
0.35089310709737476	0.21121371102813394	0.43789318187449144
0.09754681054728076	0.7646832588032935	0.1377699306494259
0.249286174485561	0.43669528820224984	0.31401853731218926
0.24571370132187018	0.21266916474049655	0.5416171339376333
0.33884023569272037	0.47664812696856096	0.18451163733871884
0.27664472831965453	0.4847661666093297	0.23858910507101586
0.3884004705967946	0.20444395467642365	0.4071555747267819
0.3431979327024358	0.33119053123232683	0.3256115360652374
0.3155069141076887	0.17587761702502844	0.5086154688672829
0.5332224595691666	0.05216271402480005	0.4146148264060334
0.03900680566404019	0.439147015484276	0.5218461788516839
0.3885762645824049	0.1443917254706395	0.4670320099469557
0.5821395726645576	0.04169324971986732	0.3761671776155752
0.4082665232027601	0.03855947173541591	0.5531740050618241
0.22241804341412272	0.5295481799466979	0.24803377663917953
0.5167261835382645	0.14083984179101505	0.3424339746707206
0.029471486141812553	0.707510612672285	0.2630179011859026
0.6815837428788953	0.19307114685046323	0.12534511027064155
0.7684098724273337	0.10697826364439339	0.12461186392827306
0.2882656875149457	0.6041384286803707	0.10759588380468368
0.4703880598052021	0.28204526606690766	0.24756667412789035
0.2196336857277386	0.5790563076785707	0.2013100065936908
0.5214143487527134	0.368805590619065	0.10978006062822168
0.5473969831277694	0.2889821943248564	0.16362082254737426
0.5335346936566632	0.05327530109940909	0.41319000524392785
0.4511897668855639	0.055601008024675325	0.49320922508976084
0.4068994871979953	0.1415622388656307	0.45153827393637413
0.2790113816835164	0.38518139026101417	0.33580722805546953
0.39971875887780195	0.42116579197396475	0.1791154491482334
0.3464710000890028	0.12607649681182767	0.5274525030991697
0.45908985926798	0.19014980024596523	0.35076034048605487
0.37632818925366784	0.4927405782735085	0.1309312324728238
0.5058437562544347	0.2773231274099711	0.21683311633559432
0.3608263931149476	0.07310513551287656	0.566068471372176
0.34572169545797016	0.4125124172072955	0.24176588733473448
0.22607299666033748	0.32720183280771226	0.4467251705319504
0.6518205276766549	0.1692315617229032	0.17894791060044205
0.5814301170399334	0.17657118079135142	0.24199870216871522
0.40786767231031046	0.20981748249517723	0.3823148451945124
0.5429592271744884	0.10701166950595928	0.35002910331955245
0.5669443822639259	0.3325312541255978	0.10052436361047645
0.13903628041096028	0.43932786697688997	0.4216358526121498
0.2018999985094012	0.4535462848478853	0.3445537166427136
0.34768259616390756	0.5250890314451533	0.12722837239093934
0.404240856436738	0.13215857618755344	0.46360056737570865
0.620380063152868	0.08012802862989488	0.29949190821723726
0.21328542833245318	0.6328477426098018	0.15386682905774515
0.5749185930463965	0.08399447739316385	0.3410869295604398
0.15952429936197518	0.275582656436264	0.564893044201761
0.4203672175131915	0.1950750350697879	0.38455774741702065
0.21533433094408766	0.6550756616828876	0.1295900073730249
0.27859620032336163	0.5458865366147501	0.17551726306188842
0.04771781509578987	0.6377540933163285	0.3145280915878818
0.4470384476964079	0.04893159842036693	0.5040299538832254
0.10947579192228749	0.6423738754203612	0.24815033265735145
0.3740691311597627	0.32497804734637814	0.3009528214938592
0.4544622937544859	0.28315095370182797	0.26238675254368626
0.16734864135876432	0.6198336317348806	0.2128177269063552
0.036560899391396506	0.5336971277198677	0.429741972888736
0.4738402330634557	0.0755100646056106	0.4506497023309338
0.1046463186556498	0.3937039478247858	0.5016497335195645
0.15533796002927114	0.38221015471840153	0.4624518852523274
0.27274653372697294	0.2875292537490417	0.43972421252398547
0.4202851209200855	0.36297843298340027	0.2167364460965143
0.6960455846375253	0.06309842911047275	0.2408559862520021
0.7181700034503459	0.07131754407918411	0.21051245247047007
0.2544161135811142	0.5571959296478192	0.18838795677106676
0.2942722337736782	0.33941603838498413	0.36631172784133775
0.05830319506003534	0.8490816584205311	0.09261514651943373
0.7741560300014122	0.09484427293159511	0.13099969706699283
0.18288490481103187	0.4735080713655958	0.34360702382337244
0.4398186675336265	0.23505263610509292	0.3251286963612807
0.05353741517896926	0.7937888860079962	0.15267369881303472
0.14946616629185858	0.3364431460635796	0.5140906876445619
0.578861162485206	0.18647981291678442	0.23465902459800975
0.20546747322813555	0.33533704634137557	0.45919548043048897
0.18809347402637477	0.661860768979631	0.15004575699399436
0.11001109892201666	0.31658359751766174	0.5734053035603217
