0.18173011268305006	0.09118378573257357	0.09097136605353723	0.27277474121760814	0.3633399943132308
0.18184151312258895	0.09100839449881319	0.09096663057441523	0.2727876497915792	0.36339581201260324
0.18180853146728315	0.09110343994749143	0.09092483212676615	0.27279823033770007	0.36336496612075897
0.18180359608711666	0.09126444020749863	0.09093316374576801	0.27270398887675473	0.36329481108286177
0.1817466813927759	0.09110154594640643	0.0909493171678872	0.2728029616228037	0.36339949387012654
0.18176938690646843	0.09097830289504028	0.0909548499066321	0.27288674979322947	0.3634107104986295
0.1817480905457899	0.09104854083066252	0.0909512223000209	0.2728587028793894	0.36339344344413704
0.18180124982907744	0.09099594611315298	0.0909335455457671	0.2728829380172638	0.3633863204947384
0.18182240809408523	0.09113673060320793	0.09094946061439403	0.27282830889479515	0.36326309179351746
0.1817532196182015	0.09112354217420508	0.09092644166495929	0.27286881678603525	0.36332797975659864
0.1817784219064319	0.09121040100711801	0.0909547583725512	0.2727928511589991	0.3632635675548996
0.1817615177645109	0.09117179778875106	0.09094292164730033	0.2727043383538117	0.3634194244456258
0.18180930080498214	0.09122379782734819	0.09096985751417355	0.2727187203366413	0.3632783235168546
0.18177285279971309	0.09108591059935126	0.09092688627353449	0.2728346624381168	0.3633796878892842
0.18177936185222357	0.09116045577060418	0.09096524300157971	0.27274128166119854	0.36335365771439376
0.18174817602688653	0.09119880672960679	0.09095335025684734	0.2727341522842389	0.36336551470242023
0.18180204018554735	0.09097911145820126	0.09094278181554377	0.27282574704653473	0.36345031949417267
0.18181237758717989	0.09105123727612617	0.09094315176559274	0.27278233802414426	0.3634108953469567
0.18175533799326965	0.09101343961984884	0.09096603589752952	0.27283799361356376	0.363427192875788
0.18180493021505534	0.09108644893768461	0.09096951331484782	0.27277650554438343	0.3633626019880286
0.1818315812401189	0.0912619011301516	0.090937550816115	0.2726982270463505	0.3632707397672639
0.18183959109249023	0.09109168315122522	0.09094855121014413	0.2728557456706824	0.36326442887545785
0.18178639462763566	0.09107401019619668	0.09094549907122049	0.2727667799399539	0.3634273161649931
0.18177136155338125	0.09110492841109383	0.09094759173373085	0.27276354874747355	0.36341256955432033
0.18182804500492547	0.09100761102086338	0.09092524533813431	0.27287374935418673	0.3633653492818899
0.1818133673360635	0.09105031950459949	0.09094525603626291	0.2728881129452133	0.3633029441778606
0.18175905735521064	0.09105551698518516	0.09097146763914185	0.2727949244313209	0.36341903358914124
0.18175331318663032	0.09116930002433858	0.09096915800926356	0.2727516798654494	0.36335654891431796
0.1817645989709254	0.09120620030686583	0.09094824767296716	0.27274240602280664	0.3633385470264348
0.18182145820473902	0.09125556163570686	0.09093143566829487	0.27271058489238853	0.3632809595988705
0.18182685515549118	0.09101677784614243	0.09095741866099279	0.2728283790713902	0.3633705692659832
0.1818199623050728	0.0911809160318795	0.09092736751165048	0.2727697929126139	0.3633019612387831
0.18182610816892678	0.09104004326060866	0.0909638791618537	0.2727636031315658	0.3634063662770449
0.18178521965030936	0.09115495240066954	0.09094673165303158	0.2728433318401342	0.36326976445585507
0.18180046555618673	0.0911542737344422	0.09095499877628775	0.2727028494872421	0.36338741244584094
0.18178663714839607	0.09127284763594966	0.09092608829351646	0.27274162247724126	0.3632728044448963
0.18184283081986874	0.09101642347343769	0.09094046737624495	0.2727866197220201	0.36341365860842834
0.18172887396992715	0.09108032519709479	0.09096322209295432	0.27284339571691685	0.3633841830231067
0.1817972126731059	0.09109031945099459	0.0909397435159474	0.272749182609815	0.3634235417501369
0.1817945646860567	0.09095468610966435	0.09096679786535547	0.27282779007904506	0.36345616125987823
0.181783208391734	0.09097251056434176	0.09095307215834478	0.27286822628762913	0.36342298259795014
0.18184439255325494	0.09119868857703467	0.09093633583866641	0.27271328767112823	0.36330729535991557
0.1817735648458643	0.09123660001001074	0.09096791661725262	0.2727183466614538	0.3633035718654184
0.18180035758000518	0.09117750978743176	0.09094002495952319	0.2727793531981458	0.3633027544748939
0.1817880137216587	0.09104070008841668	0.0909251861460663	0.2728826314779237	0.36336346856593443
0.1818047079786444	0.09106250209512104	0.09096478301768098	0.2727498802677941	0.36341812664075923
0.18183365196860204	0.09120880519797306	0.09094420140516161	0.2727286353588159	0.3632847060694472
0.18175114788730712	0.0910717967368114	0.09093938658060097	0.2728701470010261	0.36336752179425424
0.18176885186039796	0.0911962661435605	0.09093231743986696	0.27271696509345256	0.3633855994627218
0.1817517346756929	0.09107217475371995	0.09097022133582139	0.27282122527828234	0.36338464395648323
0.1817560569270077	0.09109974376767317	0.09096346793041489	0.2728131301411014	0.36336760123380263
0.18181208835427545	0.09106681295485006	0.09095252544269926	0.27284861727806614	0.3633199559701089
0.18182321929378314	0.09118632929172185	0.09092645122128148	0.27273122852586235	0.36333277166735095
0.18177237622789347	0.09108796151763952	0.09095229497081249	0.27274939317006736	0.3634379741135869
0.1817783041239307	0.09112678104491322	0.09096784385454182	0.27273687100760147	0.36339019996901256
0.18182894422064153	0.09124913000490162	0.09093529235404826	0.2727122218038215	0.36327441161658686
0.18181973302227056	0.09123157760840003	0.09094157800670516	0.27270437088870303	0.3633027404739211
0.1817738207246164	0.0910315045493384	0.09095752088191805	0.27280121395574447	0.3634359398883825
0.18176483039757402	0.09126059265024451	0.09095538888066626	0.27273732114881466	0.36328186692270037
0.18177464371700985	0.09117512484628763	0.0909266821721774	0.2727012716075916	0.3634222776569333
0.18175500625929436	0.09110167714337786	0.09096426107144914	0.27276289106658286	0.3634161644592956
0.18172640437850707	0.0911774145025061	0.09095472900610163	0.2727334524377663	0.36340799967511866
0.18173829803949584	0.09115739838134665	0.09096059796574256	0.27270957131772455	0.3634341342956901
0.1818138929019597	0.09108899474933335	0.09093266172808648	0.2727834635547661	0.3633809870658542
0.1818039879241106	0.09103571218012903	0.09095191044897794	0.2728116605731549	0.36339672887362734
0.18179439037952855	0.09100776285689799	0.09096685296260351	0.2728487016321647	0.3633822921688051
0.18183797409027452	0.09110258299926613	0.09093240937881687	0.27281406162065025	0.363312971910992
0.18181168039051948	0.091165432768823	0.0909372225831517	0.2727547713501267	0.3633308929073789
0.18179262820406167	0.09105513311770483	0.09095897165615521	0.27279342476804613	0.36339984225403194
0.1818332980650939	0.09102328777432948	0.09096487870785211	0.272778712951393	0.3633998225013313
0.18183725718968227	0.09099760061782855	0.09096134458062081	0.27278243060359464	0.36342136700827354
0.1817894948762102	0.09116469924619643	0.0909404168261075	0.27279813968507316	0.36330724936641257
0.1818214741813932	0.09105041238370061	0.09096492912267559	0.27280826019047855	0.36335492412175185
0.18172740480452088	0.09112036367139162	0.09092909277232322	0.2728273445000412	0.36339579425172286
0.18183989052825794	0.09104062169853658	0.09096421624337289	0.2728574418697145	0.36329782966011787
0.1817453124137312	0.09118827464601773	0.09096826425392032	0.27277306579842325	0.36332508288790727
0.18179662577783604	0.09104462456294216	0.09094093530770084	0.2728841317548213	0.3633336825966995
0.18180013405738835	0.09112474041884125	0.09097074680433714	0.2727052873014939	0.36339909141793914
0.18175053467684135	0.09123370155728949	0.0909289552854162	0.2728177733367897	0.3632690351436631
0.1818264765041821	0.09105930059519123	0.09095028717454424	0.27288905944667785	0.36327487627940436
0.18175984614048507	0.09120953812262668	0.0909472082207874	0.2727515386859152	0.3633318688301855
0.18182887155521785	0.09101738745515689	0.09096521874356328	0.27284498513538896	0.3633435371106728
0.18178110683813098	0.09106769270904078	0.09092714071953345	0.27282002423553564	0.3634040354977589
0.181790078139542	0.09113009779933147	0.09094526941830917	0.27282732472978094	0.3633072299130362
0.18178032050390058	0.09098713467147676	0.09093061574155928	0.2728734625188729	0.36342846656419026
0.1818456550523913	0.09100524704777152	0.09095594023595702	0.27288156794950574	0.3633115897143742
0.18178507240827416	0.09112931303715517	0.09095858852999404	0.27272742737200595	0.3633995986525705
0.18177420678293443	0.0911081409926442	0.09093857807342798	0.272877266442341	0.3633018077086523
0.18176874086699718	0.09100017144519124	0.09094851473909207	0.2728680992793094	0.36341447366940993
0.18175055700543183	0.09117290451120094	0.09092697947383374	0.27279659500139686	0.3633529640081364
0.1818173929305646	0.0909752442199236	0.09093311612610892	0.272817516699907	0.36345673002349566
0.18174624816292126	0.09107486264695795	0.09096471275977314	0.2728446650245644	0.3633695114057831
0.18179917823394753	0.09105921293869043	0.090942908196917	0.2727762959825305	0.3634224046479143
0.18180643694423257	0.09111765960622516	0.0909622214483482	0.2727763255894267	0.3633373564117671
0.18182581163809503	0.09112030212684266	0.09096140875943777	0.27270593626662587	0.3633865412089985
0.18181253307647013	0.09110520948594095	0.09094934914800018	0.27282578951954384	0.36330711877004473
0.18176015541104848	0.09106320431996777	0.09096409723165219	0.27277359989637695	0.36343894314095443
0.18180693908194728	0.0909961596786518	0.09096720056409602	0.2727795104667279	0.3634501902085769
0.18179839860244112	0.09107224860607627	0.09095122955434223	0.2728368120223552	0.36334131121478486
0.18174145596822508	0.09113008668135596	0.090948044924489	0.27285626674681873	0.36332414567911103
0.18182484968457702	0.09103326454588793	0.09096064512894973	0.27278808504717533	0.36339315559340973
0.1818195020767744	0.09106129642565124	0.09094660893048556	0.27277101175893637	0.36340158080815227
0.18172609918466515	0.09121095669315413	0.09093056892096879	0.2728008981969721	0.3633314770042396
0.18179399404321409	0.09108019410383109	0.09093452819357092	0.27281036822848215	0.36338091543090156
0.18175856986217034	0.09108582401867371	0.09093641020273885	0.2728635084199788	0.3633556874964381
0.1818444266553681	0.09102264586759427	0.09093273941320314	0.27286145554390673	0.36333873251992754
0.18172905807966397	0.09129775681626531	0.09094635743753465	0.27274180615771876	0.3632850215088171
0.18177487574986173	0.09120323536064667	0.0909684110166564	0.2727219238235348	0.3633315540493003
0.18183187200378154	0.09099295317161497	0.09095006374593056	0.2728580522374935	0.36336705884117926
0.18175355764026613	0.09104549107099588	0.09093562014353347	0.27288549150012154	0.36337983964508275
0.18184786853556717	0.09095793363922362	0.09096328514483724	0.27280735010838514	0.3634235625719866
0.1817726480745856	0.09127214515590419	0.09094952848104396	0.27269877418715854	0.3633069041013075
0.18174547069781777	0.09118297705176659	0.09096053509899191	0.27276421828196196	0.36334679886946153
0.18177697233733586	0.09119284386632326	0.09092640924576323	0.2727775810666193	0.3633261934839581
0.18181125866991335	0.09118501024612446	0.09096857098434	0.27270936423474706	0.3633257958648749
0.1817953461426437	0.09113950747547495	0.09092456171872484	0.27286753540262226	0.36327304926053405
0.18176484922070887	0.09121078979384999	0.09094505194148256	0.27277395027253326	0.3633053587714251
0.18176877359537225	0.09117854515937217	0.09096383495955994	0.2728026601486379	0.36328618613705754
0.18181895447678548	0.09109853042787816	0.0909355268963059	0.2727837947635061	0.3633631934355241
0.18182747483979445	0.09107788492451316	0.09095916284737318	0.27284131707046433	0.36329416031785466
0.1818190455121557	0.09094948084955773	0.09096935455972824	0.2728125513750172	0.36344956770354087
0.18180277806024833	0.09108009533066705	0.09094777381214243	0.2728749495177218	0.36329440327922025
0.18184702375839304	0.09096254597341313	0.09092907327058	0.27282418737344993	0.36343716962416367
0.18179882311291146	0.09123082699364053	0.09092622463087902	0.27270890703905676	0.36333521822351206
0.1818331700435872	0.09117078822869433	0.09094173143225788	0.2727102908856641	0.3633440194097962
0.18173007440730782	0.09113708579833837	0.09095526807615734	0.2728178648824614	0.3633597068357349
0.18182087691976817	0.09107214663009312	0.09093813005896739	0.2727905092266189	0.3633783371645522
0.18173746382465775	0.0911155155649925	0.09096213473639994	0.27281252694321073	0.3633723589307388
0.18184465884401987	0.09100829751264716	0.09096132020764709	0.2727574590190768	0.36342826441660886
0.1817912876637972	0.09109563896190474	0.0909709796335925	0.2727370231010088	0.3634050706396965
0.1817770282260431	0.09116375464158505	0.09096444268003509	0.2727091875975998	0.36338558685473665
0.18175541793327737	0.09128374641809421	0.0909267847279148	0.2727711518779898	0.3632628990427236
0.18181216851144794	0.09102340758260485	0.09095331723807593	0.27285429865463867	0.36335680801323245
0.1818006885515909	0.09104446215624735	0.09094790133513907	0.27280673245070075	0.36340021550632173
0.18178709599031123	0.09098966097701855	0.09093644457950696	0.272871509253338	0.3634152891998251
0.18176558722869934	0.091127963713632	0.0909457994652999	0.2728634687899674	0.36329718080240114
0.1818322767780847	0.0911054964107776	0.09093822185835934	0.27274232841548185	0.3633816765372963
0.18180522637230245	0.09110867652444657	0.09096870033189686	0.2727700492058951	0.3633473475654588
0.18178012594091802	0.09095817061025521	0.0909417780680728	0.27286618842366306	0.3634537369570907
0.1817293966289496	0.09114106855658598	0.09092466444083581	0.2728252602389574	0.363379610134671
0.18177742294191412	0.09121945850882945	0.0909353399260322	0.2727157085595208	0.3633520700637032
0.18180517038677096	0.09123214870448981	0.09093506133619567	0.2727337861864164	0.3632938333861269
0.18180389414969433	0.09112994690725122	0.09093143196006083	0.27276209676375707	0.36337263021923627
0.1817957484572194	0.09097834844979573	0.0909470563007407	0.2728819962570667	0.36339685053517723
0.18177163131013613	0.09102495891514632	0.09095656114848753	0.27281632534311273	0.3634305232831171
0.1817432323398879	0.09128056125014618	0.09094395725853707	0.27276670011579984	0.3632655490356288
0.18177382289634425	0.09102428503074626	0.09093212303457834	0.2728423165982849	0.36342745244004604
0.18176474186736444	0.09121535337734932	0.09093648570324825	0.27273774324072225	0.3633456758113155
0.1818310909440037	0.09101565101527342	0.09097194056340191	0.2728839549916921	0.3632973624856286
0.18175315867351766	0.09117806990219336	0.09096249468305441	0.2728400789056429	0.3632661978355915
0.18176598597361873	0.09114133365506241	0.0909310325388752	0.2728412671389311	0.36332038069351236
0.18174232983209748	0.09103988583242367	0.09095001722585663	0.2728360006406695	0.36343176646895253
0.18182149907455836	0.09117747433906351	0.09096727270098262	0.27274132005348917	0.3632924338319062
0.18175290236995387	0.09115405668870119	0.09096052052004383	0.27271344355541993	0.363419076865881
0.1817980833896049	0.09107575775473915	0.09094090735466091	0.2728153608755296	0.36336989062546526
0.1817313697054519	0.09121710710442774	0.09093398936431915	0.27285201001638043	0.3632655238094206
0.18178161959919767	0.0910859529014012	0.0909435325815368	0.2727394319390936	0.36344946297877045
0.18177473064703376	0.09112547742110563	0.090936564362119	0.27285712007028146	0.36330610749945996
0.18182003507393887	0.09094379452879295	0.09094623036590853	0.2728427804909287	0.3634471595404308
0.1818127824255099	0.0909833299062779	0.0909343462226585	0.2728632054167541	0.36340633602879946
0.18180591910192004	0.09097377744544649	0.09092711698971606	0.2728728374586648	0.36342034900425235
0.18174997085142577	0.0912386795002573	0.0909369144974046	0.27280827256538964	0.36326616258552247
0.18183299594792726	0.09097931129500017	0.09096110077567583	0.2728631578632104	0.36336343411818606
0.18184582833096308	0.09121012903395032	0.09095526176833399	0.2727210950353085	0.363267685831444
0.1818125496031196	0.09116129148740323	0.09094970055258421	0.27275763258979385	0.3633188257670989
0.18177103498129452	0.09124770384022736	0.09092501052497681	0.2727347967864334	0.3633214538670676
0.18184223017975312	0.09106436219800189	0.09095323814186833	0.2727270781040537	0.3634130913763227
0.18183630493103803	0.09114251654473687	0.09094588248005563	0.272744785500807	0.3633305105433623
0.18178453290472046	0.09104978713680796	0.0909362321165794	0.27284144592278636	0.3633880019191056
0.18173281004632885	0.09124826111853988	0.09094858965063445	0.2727647919613438	0.36330554722315284
0.18181689777227375	0.09102863916671153	0.09092978727275688	0.27287399561713704	0.3633506801711206
0.1817810567901682	0.09112336726022546	0.09097101557328272	0.27283392425481046	0.3632906361215129
0.18182142051348485	0.09102881315599404	0.09095026628294114	0.27276317799523053	0.3634363220523492
0.1818315941303943	0.09095363653195666	0.09093785854052326	0.27284707355276544	0.3634298372443601
0.18178201865320517	0.09098197948376552	0.09095136181988832	0.27286623362535595	0.36341840641778483
0.18179996180605773	0.09104327905160826	0.09094706536113578	0.2727810408321063	0.3634286529490917
0.18177857757389518	0.09101028827045413	0.09097218435893217	0.27282067185779496	0.36341827793892334
0.18181890686640848	0.09108182411937023	0.09095590101128455	0.2727458475408774	0.3633975204620591
0.18176162487761743	0.09115502091538868	0.09095700199397766	0.27277477277244294	0.36335157944057306
0.18177255632838357	0.09110815958702026	0.09092623102896484	0.27280730312154094	0.36338574993409023
0.18183635421755273	0.09101902498799311	0.09094552556602893	0.27286126709890346	0.36333782812952153
0.18178272958272054	0.09108586323333817	0.09096954975213212	0.27270835014291517	0.36345350728889375
0.18174494852178633	0.09108696250037648	0.09097033302575708	0.27276337947199886	0.36343437648008103
0.1818266154974913	0.09103161510431668	0.09093091790744301	0.27275794978116996	0.36345290170957884
0.18176219608523242	0.09112328439269465	0.09094625148029314	0.2728640109016829	0.3633042571400967
0.18175472460332354	0.09118940588674629	0.09094139184975204	0.2727101412215919	0.363404336438586
0.1817730943693415	0.09118941632379647	0.09095863359868785	0.27277042160543397	0.36330843410274005
0.18173097442654929	0.09105799703216849	0.09095225694502146	0.2728822550093073	0.3633765165869533
0.18178035636026518	0.09111364453645741	0.09094073183532991	0.27282082915027767	0.3633444381176696
0.18180963510940823	0.09110858762086407	0.0909338976803955	0.27283308152638436	0.36331479806294764
0.1817746914809269	0.09119710050803873	0.0909557592095474	0.2727822713919422	0.3632901774095446
0.1817621232001307	0.09123848936571921	0.090959859988958	0.2727715697004266	0.3632679577447653
0.18178696957708368	0.09108355382214305	0.09093849558161624	0.272761535851048	0.3634294451681088
0.18181489052870747	0.09115374710112975	0.09093999395674493	0.27282264991267136	0.36326871850074627
0.18176077184385975	0.09114168291343616	0.09094848321773297	0.27288676803220496	0.363262293992766
0.18174887533445055	0.09109680122624163	0.09093734503265916	0.27279830017489204	0.36341867823175633
0.18177807057098738	0.09101652513364877	0.09095452393157358	0.2728862062512759	0.36336467411251416
0.18179931772909835	0.09105714980643362	0.09095569858841315	0.2727419317106188	0.3634459021654359
0.18179221446974633	0.09122768711215211	0.090931194187985	0.2727865330944397	0.36326237113567666
0.18179758515584582	0.09120011037141217	0.09096105256919289	0.27272316273268093	0.36331808917086794
0.18173496301627723	0.09114087697690541	0.09093699771119786	0.2727817152133924	0.3634054470822269
0.18178545913751465	0.0911038679544093	0.09093217010832015	0.272751057732436	0.3634274450673197
0.18181160082393444	0.0911583338732608	0.09094016179646815	0.27275947141674917	0.36333043208958726
0.18174827150000206	0.0910227829268366	0.09096492590498395	0.2728865905518374	0.36337742911633986
0.18182124254413903	0.09109836514129478	0.09092538915365052	0.27285403506177563	0.3633009680991398
0.18183127247067407	0.09105731687395953	0.09095550529149661	0.2727661209572676	0.36338978440660197
0.18180910002628176	0.09102013850616514	0.09094594409272588	0.27286765864595647	0.36335715872887053
0.1817722621836501	0.09111707663870332	0.09094547365277712	0.2727636406535688	0.3634015468713004
0.18182282175945705	0.09103554438592577	0.09095318472395196	0.27279205187388356	0.3633963972567814
0.18177683793935268	0.09111983886156286	0.09093407496783909	0.2728152545647202	0.36335399366652493
0.18181586648565323	0.0910417302937925	0.09093340326359999	0.2728073776532734	0.36340162230368067
0.18184026614774068	0.09104636017947555	0.09094291058461872	0.2728692848565241	0.3633011782316407
0.18172688905653478	0.09115383931382048	0.09093020490928472	0.27277384986891096	0.3634152168514489
0.18173059187561466	0.09117902672484086	0.09096722346650273	0.2728516215136348	0.3632715364194068
0.18180076180441634	0.09117236982269103	0.09095792080102658	0.2727246028573618	0.36334434471450405
0.1818027791695817	0.09107689496748173	0.09095435537433838	0.2728050960223164	0.3633608744662816
0.1817528926682764	0.09119470471668056	0.09095152535124443	0.27275227794074836	0.3633485993230501
0.1818274750700359	0.09108501536983765	0.09094239539643839	0.27276989208936864	0.36337522207431916
0.18179087905063707	0.0911645724530944	0.09093576323298035	0.2727979488238176	0.3633108364394704
0.18175015888579674	0.0912446443086382	0.09094422382174436	0.272779964106941	0.36328100887687953
0.1818003302239593	0.09111517835001484	0.09094880849344913	0.2727525720398202	0.3633831108927563
0.1817781727795722	0.09123626558601143	0.09096119151748577	0.2727543833746311	0.36326998674229927
0.18182560669098385	0.09102332568737251	0.09094729592075626	0.2728280039897469	0.3633757677111403
0.18173742630261958	0.09100715004056484	0.09097110766540266	0.2728866440843314	0.3633976719070814
0.181732931499882	0.09118676856598897	0.09096975643680084	0.2727566371899435	0.36335390630738446
0.1817654695379905	0.0911475005028645	0.0909663909874363	0.272729572231437	0.3633910667402715
0.1817512022026948	0.09127558917966007	0.09093631505794099	0.27276380023550595	0.363273093324198
0.18183073186267246	0.0910479851703953	0.09096516713500927	0.2727858848348287	0.3633702309970941
0.18176849023710223	0.09097651918392605	0.09096758328539886	0.2728856372923195	0.3634017700012532
0.18184720567770124	0.09103707760911003	0.0909423912691881	0.27278935637113266	0.36338396907286774
0.18179407237166612	0.09101590434879797	0.09093788354680302	0.2728741375572971	0.3633780021754356
0.18182679747480335	0.09106924842131595	0.09093692110885979	0.2728723820187473	0.36329465097627345
0.1818317631918378	0.09117863078384703	0.09094407153322667	0.2727211766462621	0.3633243578448262
0.181742401599742	0.09114747043752373	0.09094768453456158	0.2728696788766877	0.36329276455148474
0.1818182353297081	0.09094565933234162	0.09096290609451047	0.27284951245662364	0.36342368678681597
0.18173277280760058	0.09111830173101043	0.0909632596805954	0.2727954920016778	0.3633901737791156
0.18181637943726048	0.09114447741126885	0.09093763759248227	0.27275281328797085	0.36334869227101735
0.1817758031797962	0.09126735699402722	0.09095022078676117	0.27273711739042333	0.3632695016489919
0.18174892324064865	0.09107800907726045	0.09095254490095221	0.27281978004473884	0.36340074273639966
0.18181370894677965	0.09123574909180253	0.09094592914286792	0.27270811338537126	0.36329649943317843
0.18182789541311586	0.09119061754255148	0.09092446057103683	0.27273466962051685	0.3633223568527788
0.18179281288792287	0.0910385239793246	0.09095920340533428	0.27280899529962327	0.36340046442779483
0.1817430341133259	0.09112623524375935	0.09097216238260461	0.2727391483309433	0.3634194199293666
0.1818461443962487	0.09115775174497735	0.09094381398535833	0.272779412838829	0.36327287703458644
0.1817816412045026	0.09104808431189698	0.09092895962086806	0.27285905705523517	0.363382257807497
0.18183270739674667	0.09098551901655391	0.09094712175954382	0.27280575028578	0.3634289015413753
0.18178420472148382	0.09102040877863246	0.0909472925538436	0.27281972377993363	0.3634283701661063
0.1818012244761556	0.09114383030643322	0.09096591448437727	0.27270006844968775	0.363388962283346
0.18178095045938736	0.0909673723740186	0.09094851475986496	0.2728678438914669	0.363435318515262
0.18183324858294558	0.09116752501675017	0.09093374219986096	0.27274489350672687	0.3633205906937162
0.18175126694420313	0.09119059404320555	0.09093191159299273	0.27271740328666055	0.3634088241329378
0.18176794957162148	0.09118630741867645	0.09092805662728164	0.2727455685983737	0.36337211778404654
0.18179475011517265	0.09094975509718656	0.09094542927069739	0.2728852097675299	0.3634248557494133
0.18175498385197014	0.09107199645041632	0.09094161634529814	0.2728822783814984	0.3633491249708168
0.1818089408253487	0.09124482442752699	0.09093988544378588	0.2727411459224951	0.363265203380843
0.1817583803743502	0.09115510191555176	0.0909613731607925	0.27278857233049336	0.363336572218812
0.18180262576849593	0.09110915081470239	0.09096348738549805	0.27273344976401603	0.36339128626728745
0.18174936538623193	0.09122939886313869	0.09094380940143294	0.27275657484590465	0.3633208515032915
0.18184621012041047	0.09117142731616197	0.09096078533170648	0.27272128546216434	0.36330029176955647
0.18180131086020598	0.09105519507548578	0.09092527932834808	0.27281096953173717	0.3634072452042228
0.18182663505591878	0.09119478679541061	0.09094680138972995	0.27270285598665434	0.3633289207722861
0.18183662886708774	0.09120795626378195	0.09093528971554732	0.2727508807127859	0.3632692444407969
0.18174717937382392	0.0912013400933612	0.09092871245517092	0.27275877564888584	0.36336399242875794
0.18178953686099208	0.09124742183197006	0.09094269717030509	0.2727071733517669	0.3633131707849656
0.18175745317793593	0.0910094670420368	0.09092964918904553	0.27288483782719297	0.3634185927637885
0.18177438106737404	0.09112577103375563	0.0909500046427042	0.2727036642436279	0.36344617901253806
0.18181854412507156	0.09120104911954872	0.09095497173499671	0.27273541758666964	0.36329001743371314
0.18176715966210455	0.09104540780481057	0.09095679029784923	0.272810634619009	0.3634200076162264
0.18184525794143563	0.09108634477382825	0.09092847447282568	0.2728396722348332	0.36330025057707704
0.1817969974585306	0.09122098584287996	0.09093728935478856	0.2727349633682583	0.3633097639755424
0.18175971984170397	0.09110256240197034	0.09092943111251627	0.27286123269861895	0.36334705394519023
0.18177416259883336	0.09123952306995278	0.09095315245882035	0.272756847368239	0.36327631450415426
0.18183462303284662	0.0910672072833126	0.09094998397158868	0.2728264106295868	0.3633217750826651
0.18180764419405027	0.09111027318359147	0.0909367016468064	0.27286522421847653	0.36328015675707515
0.18174905358882718	0.09114435490863655	0.09095115222986522	0.27276797699811767	0.3633874622745532
0.18179708162328134	0.09110950897400338	0.09096766278083754	0.2727145002841277	0.3634112463377498
0.1817787863918749	0.09121261442294504	0.09095971053852744	0.2727772239656868	0.3632716646809656
0.1817698118633256	0.09104471017966988	0.09096047661991871	0.27286060590678035	0.3633643954303052
0.18182684848330696	0.0910963164405016	0.09093593600616565	0.27281905080576024	0.3633218482642654
0.18177426257979662	0.09095497812439225	0.09094835305892099	0.272886933885765	0.36343547235112494
0.18179851670497912	0.09122171375316501	0.09092816891032486	0.27272226485935486	0.3633293357721759
0.18184326303109624	0.09103578974200655	0.09095393563931278	0.27271062817591635	0.36345638341166786
0.18181070887741885	0.09107273097973165	0.09095961427560195	0.27280876038552654	0.3633481854817208
0.18181972444081002	0.09109112046671705	0.09093207012802337	0.27274638712863014	0.3634106978358192
0.18177252089679585	0.09097219377078308	0.09094706541683967	0.27288003671921207	0.36342818319636905
0.18181258228215025	0.09102828203453661	0.09096941479334034	0.2727343135708294	0.3634554073191432
0.18176231314738578	0.09115889707534248	0.09094534319525613	0.27286300298530125	0.3632704435967141
0.18177630912026305	0.09107457110728373	0.09093971443934704	0.27276994165636803	0.36343946367673796
0.18181193237796262	0.09114038240644462	0.09093292448762702	0.27283552628623364	0.3632792344417319
0.1817722251315557	0.09106840050440428	0.09097001984663662	0.27279369914333135	0.3633956553740718
0.18181201219859744	0.09095113508758462	0.09093937626778759	0.27287683364075427	0.36342064280527586
0.18176609248958292	0.0910550297294089	0.09095851646955537	0.27283237427916723	0.36338798703228536
0.18179038524916077	0.09105363109179292	0.09094893359313637	0.27279543978266285	0.3634116102832469
0.18178628586944667	0.09096704631989008	0.09094221123857874	0.2728590535244946	0.36344540304758977
0.1817587864786726	0.09101027179587051	0.09094399864839481	0.2728618560512809	0.363425087025781
0.18173525208862948	0.09104450391831996	0.0909595634496914	0.27284856392768886	0.3634121166156701
0.18181621085978064	0.09123083869214149	0.09093685960317938	0.27272401346207664	0.36329207738282165
0.181750901683445	0.09113429910713612	0.09095753476243591	0.2728627284821339	0.3632945359648489
0.18184652046571428	0.09106746113089223	0.09096314905278705	0.2728551947921914	0.36326767455841485
0.18183553710170547	0.09119880753022547	0.0909371038617023	0.27270000855297466	0.3633285429533919
0.181766178218193	0.09107909962811801	0.09094930275008824	0.2728295004283323	0.3633759189752682
0.18172940508461444	0.09109791374900517	0.09094489202603406	0.2728568585766545	0.36337093056369163
0.1818160919318314	0.09110620263274519	0.09096916953374987	0.2727024738519954	0.3634060620496779
0.18179615943616853	0.0911143503037035	0.09094337542913526	0.2727374452911028	0.36340866953988976
0.18179906241304628	0.09097671319632646	0.09094725099331619	0.2728598031999431	0.36341717019736774
0.18177779637093816	0.09121904375186156	0.09094703824476429	0.2727261351890373	0.3633299864433984
0.18173510076058838	0.0912609951778871	0.09095026267163865	0.272772620647167	0.3632810207427187
0.18179167839464083	0.09095535672255112	0.09095510358738468	0.2728526727679673	0.3634451885274558
0.18184267137285984	0.09105216429424982	0.09097129598054338	0.27278362184290733	0.3633502465094394
0.18179710432978294	0.09111764612902092	0.09096837845762715	0.2727998086287558	0.363317062454813
0.18177203713133688	0.09112847194450885	0.09093297494851879	0.2727787445554969	0.3633877714201384
0.1817544583203259	0.09121410769389676	0.09096328486257692	0.27270314295086473	0.36336500617233547
0.18177402869111292	0.09106965488968269	0.09093884196531019	0.27287505820950697	0.363342416244387
0.18183349239509697	0.09117949539795629	0.09095983511767188	0.27276076730812054	0.3632664097811541
0.18175580158094948	0.09127349613667284	0.09092778033399067	0.27272847453285654	0.3633144474155303
0.18183755830324877	0.09121392834405628	0.09097080227308169	0.27271205819491356	0.3632656528846995
0.18179701976657459	0.09107446579707251	0.09094611636286098	0.27276265129464	0.3634197467788517
0.18184552892547595	0.09106365739618727	0.09095252325122395	0.27273968389740266	0.3633986065297099
0.18177843943154676	0.09106200738163946	0.09096470979345947	0.2728683720683612	0.3633264713249929
0.18177049603190626	0.09107085100386399	0.09096470750433695	0.2728615515655521	0.3633323938943405
0.18174301709504095	0.09102619596254795	0.09096487508330066	0.2728228213965067	0.36344309046260354
0.18179713909187656	0.09122345021785859	0.09094350047836233	0.27277117387707306	0.3632647363348292
0.18175763910812387	0.09118446089766825	0.0909249196330038	0.2727026941445951	0.3634302862166088
0.1817541047124684	0.09122906813430072	0.09096242801555894	0.27272991866185453	0.36332448047581717
0.18173888401101357	0.09112224957625603	0.09097232406949288	0.2728523764123675	0.36331416593086985
0.18173877947990874	0.09121912247398406	0.09094615066050342	0.27274292399235833	0.3633530233932452
0.1817519992728968	0.09121101647727684	0.09096009842202239	0.2728046353042318	0.3632722505235719
0.18180064730746143	0.0910183080036736	0.09093607824813209	0.27282137501098463	0.36342359142974806
0.1818367595696078	0.09106356203966526	0.09096343777485075	0.27277103258039953	0.36336520803547645
0.18178900875566972	0.09106150953643097	0.09097214925895632	0.27284490024050395	0.3633324322084388
0.1818085502777261	0.09125543455079094	0.09093086601083784	0.2727085935177468	0.3632965556428981
0.18177023498179673	0.09104952478354744	0.09095052525765082	0.27283027342987065	0.3633994415471341
0.1817434855550967	0.09125995523792826	0.09095955851415233	0.2727074038378051	0.3633295968550174
0.18176554348985874	0.09127460178042264	0.09094346915903918	0.2727168920676867	0.3632994935029926
0.181754702159156	0.09120530533498299	0.09093595036711065	0.2728192929903576	0.3632847491483925
0.18176897820666926	0.09105620484331267	0.090960743527361	0.2727890976576445	0.3634249757650124
0.18174096138222628	0.0910256090410202	0.09096629115745357	0.27285261989495047	0.36341451852434925
0.18173105253057995	0.09115143240822957	0.09093873316277792	0.2727239809265894	0.363454800971823
0.18183278323734187	0.09098852781868746	0.09096395597440157	0.2727996889489488	0.36341504402062014
0.1817842541893986	0.09112384507783146	0.09093653189895365	0.27287345394498463	0.36328191488883144
0.18172840088145298	0.09118713945171453	0.09095841482826685	0.27280572066507713	0.3633203241734883
0.18176864542430055	0.09107084282108775	0.0909406136079857	0.27280497238817025	0.3634149257584555
0.18172891279753067	0.09114411835572628	0.09095433535902081	0.2728662249082632	0.36330640857945884
0.18172837413218645	0.09127218548293317	0.09096445690797347	0.27270994374766233	0.36332503972924435
0.1817568441701148	0.09113781881137034	0.09092436703470473	0.2728038434778443	0.3633771265059656
0.1818072580697536	0.09098259579691216	0.0909454507446473	0.2728260947586126	0.36343860063007416
0.1818223598822719	0.09102750808788229	0.09097041320496108	0.2727951507744524	0.3633845680504322
0.18181184181174462	0.09105809051978718	0.09093614214134388	0.2728039427623202	0.36338998276480394
0.1817787542406713	0.09113462815213351	0.09093860752727027	0.272767965537983	0.36338004454194167
0.18181843607888695	0.09101808124431325	0.09095319243083638	0.27288157276266767	0.36332871748329554
0.18179228604120634	0.09115449796554345	0.09093266339852211	0.2727331996795051	0.3633873529152227
0.18174123474034604	0.09117520822007327	0.09093334557555097	0.2728077644160553	0.36334244704797425
0.18176951430707067	0.09113792037034657	0.0909379813845711	0.27287165656721507	0.36328292737079637
0.18179719258869098	0.09101855116642021	0.0909719104504399	0.27279910136166496	0.3634132444327837
0.181755561297048	0.09099531785320493	0.0909616262754455	0.27288960824669184	0.3633978863276095
0.18181196950571363	0.09112135375546077	0.09093689598801302	0.2727754253435395	0.3633543554072729
0.18174255711121384	0.09109106016490308	0.09095329640363484	0.272839515088511	0.3633735712317371
0.18181811846249962	0.09094789875795181	0.09095958928254415	0.2728599667405387	0.3634144267564655
0.181847724467717	0.09115323293844596	0.09095495937991974	0.2726999227822339	0.36334416043168327
0.18181806415697782	0.09099893610400404	0.09096645085694673	0.2728563919053266	0.36336015697674456
0.18183531700926997	0.0909876651295749	0.09095655453408956	0.272857739237813	0.3633627240892524
0.18179488118653336	0.09112574801247139	0.09093894920958301	0.27283657152069957	0.3633038500707124
0.18176007199308403	0.09103248093598487	0.09095429841858857	0.27283645378112537	0.36341669487121697
0.18183968521354	0.091052023412414	0.09097008111486207	0.2728736773989281	0.3632645328602556
0.18182706229777265	0.09101459972417006	0.0909624133273152	0.2727658334493571	0.3634300912013848
0.18183193397523412	0.09094632732816764	0.09092724999986661	0.2728465484445912	0.36344794025214017
0.1817361609955367	0.0912472096002765	0.09093949149496221	0.2727441803102638	0.36333295759896056
0.18178566240277516	0.09118000536084014	0.0909628985172743	0.27280197705325576	0.3632694566658544
0.18182125973358582	0.09119181155902799	0.09092490318992533	0.27275715372989995	0.36330487178756066
0.18182877812381767	0.0910945323019461	0.09096674843776249	0.2728077631077644	0.3633021780287091
0.18183095863406704	0.09111528467978931	0.09093677770768584	0.272818073090241	0.36329890588821667
0.18178131040165213	0.09114136907264717	0.09092552730274714	0.2727211555861796	0.3634306376367738
0.18184620608049867	0.09104578437538358	0.09097115364942508	0.27282578992274087	0.3633110659719516
0.18181854592778496	0.09103278540277807	0.09096865669089407	0.27278140792767847	0.3633986040508642
0.18177315981103437	0.0912452084376657	0.09093007087298072	0.27269930626699135	0.3633522546113277
0.18174290160255493	0.09126541151320025	0.09095046385482575	0.2727071694535911	0.3633340535758278
0.18181198441046817	0.09101139237585046	0.09095972712436393	0.2728229284569851	0.36339396763233217
0.18182856282067938	0.09103413288680814	0.09092455244662645	0.27276848503402995	0.3634442668118559
0.18173752004792687	0.09124664029916385	0.09094016754496655	0.27273758038023477	0.36333809172770776
0.1817813497545352	0.09110439836670128	0.09093216398194533	0.272813951768318	0.3633681361285
0.1817935309432534	0.0911636240893103	0.09096756999305523	0.2727848529178247	0.36329042205655615
0.18183011538526248	0.0910776910122431	0.09093425050835453	0.27273534998915555	0.36342259310498415
0.1818463310818528	0.09102975703362526	0.09094737924130722	0.2727461225319977	0.36343041011121685
0.1818357767646711	0.09111506243162874	0.09095555373532646	0.2727592562985426	0.3633343507698309
0.18180278068393718	0.09101614141716458	0.09093657526372131	0.272880830023315	0.36336367261186175
0.18181675585986098	0.09106027092263498	0.09092438406687077	0.272750723917972	0.3634478652326611
0.18179456740739486	0.09113367895593232	0.09095121935293567	0.27277005676904476	0.3633504775146922
0.1818409749659305	0.09111247443551446	0.09095724798892728	0.2727818001214741	0.36330750248815347
0.18177788973998363	0.09110036818083656	0.09096059340213503	0.2728768069706701	0.36328434170637447
0.1818013357680215	0.09123075286123632	0.09095969500242138	0.27273171155928466	0.3632765048090359
0.18178756366909135	0.09106388606726917	0.09094828987992085	0.2728534243390142	0.3633468360447042
0.18173642512863175	0.09104237427794112	0.09097053741544246	0.2728221841731229	0.36342847900486164
0.1818236183995769	0.09121231268233036	0.09094349620690627	0.272739651922025	0.3632809207891613
0.18179343574210502	0.09120845472573454	0.09096496879147452	0.27270587364455334	0.36332726709613233
0.1817363665120073	0.0911364746130185	0.09096131409279065	0.2727366576868124	0.363429187095371
0.1818413164835007	0.091179703558067	0.09096744164144814	0.27271378570968774	0.3632977526072962
0.18172774923206395	0.09125491983581809	0.09092678600619271	0.2727361486913336	0.3633543962345914
0.18177483022042912	0.09111815713462934	0.09094950902090862	0.2727311119923249	0.36342639163170776
0.18173825254325576	0.09114551522414982	0.09097068238228811	0.27269814650064494	0.3634474033496611
0.18173810031655924	0.0912454850477651	0.09093491995443484	0.2727865656847713	0.3632949289964693
0.1817775557102514	0.09106497436234237	0.0909635387611484	0.2728337792091132	0.3633601519571444
0.1818369679471248	0.09110813709309332	0.09093508899540201	0.2727985181462559	0.3633212878181238
0.18173779934759252	0.0911690575331292	0.0909489784161372	0.2728554525730053	0.3632887121301356
0.18182927480631506	0.09105658009898715	0.09096033024728775	0.27274135306780456	0.3634124617796053
0.1818152020939078	0.09107489219250745	0.0909681916727531	0.27287637837501794	0.3632653356658135
0.18182083953004585	0.09111765080582555	0.09097119772823797	0.27270409612482993	0.3633862158110604
0.18172796577458367	0.09124592445001757	0.0909455197216848	0.27274845552417354	0.3633321345295403
