0.1449522010611367	0.10167979889437358	0.1078955027438541	0.0828555240263439	0.07242898521296108	0.19655123062918078	0.05472733508508565	0.07262554257397148	0.011355487370430017	0.1549283924026626
0.11482819658633192	0.056860230290086466	0.055174780943243074	0.2643040912113675	0.06034703296271571	0.1711189388177849	0.046792270067530985	0.07352799078864912	0.04465562223608045	0.1123908460962098
0.03512960579996906	0.10850499163341962	0.12038743332481822	0.23048106259063267	0.058632038809236224	0.15445769978230178	0.07050504761337188	0.07736466125702601	0.023324975232715137	0.12121248395650938
0.0203540970069144	0.0818523283766836	0.1416777650360638	0.26938929923318217	0.050990865276779825	0.15595144590322416	0.05826887827191188	0.05607833004043235	0.04549344263617155	0.11994354821863627
0.11470872603664932	0.10841543521726252	0.05612669656244936	0.18430875100438904	0.0675679024548192	0.1686193839261905	0.06257492602159795	0.05443838238251559	0.015299178401867147	0.16794061799225932
0.10497872248038831	0.13218491910120117	0.07946120581178068	0.19810829143404363	0.06538746146886455	0.15868955145621583	0.06529297819326234	0.043581945477288275	0.029644319688526793	0.12267060488842838
0.11725857371013851	0.16176114618404583	0.09864203439028847	0.09616914803550472	0.06263765941071761	0.14910146888663367	0.07716476168286887	0.05287020244691235	0.0192142136438216	0.16518079160906832
0.07225260517571913	0.15814516561413755	0.0784994500135791	0.11591308313117826	0.05480096367486518	0.18341352693095272	0.06355065344884758	0.07495918040665582	0.03104922619362495	0.16741614541043964
0.1340185541549334	0.04208297614861993	0.1456495456648874	0.16940476472483781	0.07115230972901047	0.14548215372424078	0.052013171934428865	0.05850014697097755	0.019297909495074275	0.16239846745298947
0.07306972469653178	0.11595364374081217	0.10525008011857745	0.2585653334898341	0.060994124382321525	0.14957305705810986	0.07805865343453472	0.03628136428466891	0.011903538141309747	0.11035048065329964
0.079672080000244	0.07708810377163536	0.1609161896804532	0.17132217614056383	0.05854977563660097	0.1352997191896653	0.05976711910187245	0.08102662683114484	0.015869047716453963	0.16048916193136603
0.13286777804820857	0.0493870132142137	0.11259528509817832	0.1971378128315841	0.056188003380425254	0.15180165250593558	0.07716294888703426	0.0665544999491306	0.01368081619729418	0.14262418988799536
0.040424816803650926	0.11865646341746003	0.1714516150090517	0.19906478773268244	0.05662676114483332	0.1317434604835706	0.04831906938045314	0.06209596083948183	0.01772409230470233	0.1538929728841137
0.029879744445200376	0.13025575272015555	0.14641573864835192	0.12527113977457793	0.07688455106908645	0.1616205234702539	0.07307390565482381	0.0627729392355818	0.03435931121459487	0.1594663937673734
0.10835458623027676	0.13211865109417598	0.1399265768257385	0.1320318239104942	0.0560595653931001	0.12828525963049817	0.06416994386322664	0.04273343104829999	0.04473287536359831	0.15158728664059126
0.04196551528373024	0.19194377308984012	0.09681512903526017	0.06714492733016522	0.061672108230311655	0.18280886793807433	0.07883904523135789	0.07346875166651817	0.034874009772302664	0.1704678724224396
0.10647240713049055	0.056888764103155375	0.09550733952737228	0.2295278138579936	0.07175143046333426	0.17468390692229951	0.04791103612917293	0.03513051060059931	0.015034900051350122	0.16709189121423199
0.032581709089610944	0.1293336612674768	0.14404779589877886	0.13390920540189014	0.05516336085493968	0.1851394722947643	0.0819773435085098	0.05289914702379422	0.020730881542770946	0.16421742311746435
0.08567894518519717	0.05293531638075233	0.09781617022149741	0.23094586171434855	0.07470786395016826	0.16395776017645639	0.08175242378300256	0.035868170162709795	0.022002246367709602	0.1543352420581579
0.015742330725109235	0.12875600030857604	0.17247192517072393	0.13696850801068988	0.06013391712736503	0.15582598557776012	0.05628989845203462	0.07465582260050194	0.029044767364052926	0.17011084466318627
0.04880773562106386	0.21217508854920664	0.14170885672112937	0.10883463167804949	0.05019701302989582	0.14220731809988796	0.0751352528152231	0.061245767755335134	0.031145459788819843	0.1285428759413888
0.03360470974289208	0.07203847841280464	0.09509784960423144	0.276758914533395	0.055475282552663936	0.1580022764322803	0.05349098362603169	0.05130989511641154	0.03305581474590191	0.17116579523338743
0.07534925906498204	0.23235796530743508	0.0680374946344915	0.14929209044762587	0.05823901137018492	0.12922972336399227	0.06541574715455863	0.035185537602103176	0.034355525621447836	0.15253764543317866
0.13670489756190146	0.17558745206500842	0.06328938940965977	0.12302280596487228	0.06039568902462403	0.19893140325091463	0.04989180486788647	0.040624092104242907	0.04607802920366488	0.1054744365472251
0.030387232435269876	0.05645741673807492	0.10088341260385857	0.2469415393005318	0.057805049886869436	0.19106604820194173	0.06725453800494141	0.045018985869069446	0.0473605437261957	0.1568252332332472
0.026185212402802235	0.048666300388990724	0.14141259911387746	0.2374337069637404	0.07067386837468537	0.17550223524013692	0.06063946468595893	0.07286135980064065	0.019841834775461753	0.14678341825370556
0.11140052827642366	0.049511872134772525	0.13862125619446836	0.15157945461053807	0.06543974523449447	0.166026190105715	0.06667490815295278	0.06633101726351334	0.017738842529786344	0.16667618549733537
0.10134694123606779	0.2388124728972611	0.09978491510124585	0.08987087987648543	0.055428957759036564	0.18526506111396085	0.0654073251889393	0.04469943372040689	0.018215892064660705	0.10116812104193547
0.13648566976503396	0.15771392188171754	0.1551643556662612	0.07907696211670862	0.06883626305031465	0.20143561649584002	0.04690374852683455	0.042633025963429515	0.013385818075265205	0.09836461845859462
0.01856585746967411	0.1507127782904432	0.14839466388738126	0.14198517432130398	0.06547611203427864	0.1524463882931159	0.08496621831364155	0.039981897171547175	0.03092256280157968	0.16654834741703461
0.11684136361268974	0.06290940480171134	0.13618510501450942	0.2309527366276996	0.06396904976442169	0.13869968539428434	0.05296930239231147	0.03868004819979848	0.016673677501839165	0.1421196266907346
0.09743777342551561	0.11803449407833416	0.08115096293411173	0.2691018759078083	0.05601877049370359	0.13973532196172908	0.0562165457116069	0.05433420889082308	0.026601840881436772	0.10136820571493069
0.06742624676764161	0.1650773199955164	0.1453623682869248	0.06942566270165305	0.0726631952935882	0.1716383044442651	0.0663068666783472	0.04443748509762488	0.0281164434517686	0.16954610728267017
0.12664086068359962	0.07947646282260373	0.14542284867319466	0.14479502720534954	0.055318412472232625	0.1496647803049154	0.08331650783229766	0.05381888588430022	0.021530573222744362	0.14001564089876212
0.07392250695745803	0.1624849249165199	0.1286850859253496	0.18045997520870902	0.06091010822033355	0.13459440954150043	0.05190007834631356	0.06649023519005812	0.014140887622803092	0.12641178807095466
0.11206802912290778	0.10361860949080431	0.08317625827690515	0.13179199238221517	0.07454830490675478	0.18845992811595275	0.08536650565761186	0.05164494586332356	0.014659174872943603	0.15466625131058098
0.07728265078417601	0.16316799489541894	0.12440351629748299	0.19309443526368653	0.053064492159499134	0.15984310994438064	0.053844380400296446	0.06216790930554225	0.011251139709687247	0.10188037123982975
0.027345494699678632	0.20543840023598398	0.13677686095327912	0.11003564936918328	0.06530468757194732	0.14857436677752733	0.0639746429698435	0.04325936193485316	0.040371999899366684	0.15891853558833696
0.06422322335986119	0.11730876765371738	0.0607711241309093	0.26442727759968965	0.06160441817672555	0.17646340155841267	0.08288255657959294	0.052740059855779294	0.01852936713817327	0.10104980394713878
0.09129714482614852	0.17894155105555654	0.15473168228181558	0.05643151125580158	0.052690486868283606	0.18244620715492899	0.0787703259625233	0.034521593373639956	0.02913503444449829	0.14103446277680362
0.07805884675308819	0.14216901466071202	0.15042328739359853	0.0793957467861042	0.058788854575575276	0.18101405292907408	0.07038860108393345	0.06134835938119573	0.03936816926661931	0.13904506717009915
0.12218811035306074	0.18048638031753678	0.060413322913769725	0.16284502489074013	0.06334016084670116	0.1458890251023888	0.053398312190825116	0.05871679923886443	0.025047614231263282	0.1276752499148498
0.11036353478990754	0.13099317592359913	0.11155864420078346	0.16577813156985433	0.054638529590413376	0.1225648902392757	0.07550135907626074	0.06764129459382931	0.019096344743194202	0.14186409527288213
0.04406028917129698	0.24926953422045967	0.1383899731129728	0.10019394584865929	0.0559167538053983	0.1283081598683194	0.05716723468766754	0.06061475901676089	0.03345700044493177	0.13262234982353333
0.09966285484599104	0.16662731131208647	0.11585836089944819	0.10076635381665161	0.05684499832749057	0.1848256267115153	0.06302605127187916	0.061493103825387134	0.023561471059158387	0.12733386793039203
0.028633603408514716	0.07971949019830546	0.061818411072874904	0.2703978084520571	0.06807457235336978	0.18291694956050997	0.06879865858177733	0.05444492398535265	0.026368664604743353	0.15882691778249478
0.02713379111301087	0.21310391137529505	0.08810959764853617	0.17635261522986212	0.050719556885845805	0.1868599746172549	0.062116887944718514	0.045500819604645575	0.0238755910264858	0.12622725455434525
0.14396538439184617	0.07299514891269532	0.12293258317813699	0.07744862572712272	0.07308219422848515	0.1659507866258691	0.07836637840448749	0.06363189889642132	0.04329868686246115	0.15832831277247453
0.0766116324574666	0.20843128639472097	0.06528631950216426	0.1125738389023994	0.051412344384052094	0.19392082882394313	0.08128780944360349	0.039038044147056916	0.011697089481887746	0.15974080646270533
0.06991137054943271	0.2151429893769342	0.12544246843812565	0.07944961809891249	0.05770114353208821	0.14518647296596854	0.06947946553198689	0.058554158221784655	0.04296952771506483	0.1361627855697018
0.1338349992123284	0.13634387968843847	0.04772492311191811	0.10863179991916987	0.052161335775448216	0.14811280444780472	0.08090120241260278	0.07338372170848595	0.0444437613687109	0.17446157235509246
0.11948322185828136	0.2064390821734342	0.1089550660636139	0.06671305597039998	0.07384875166221136	0.18101459188199626	0.0611152135504286	0.04103311003424862	0.03191967715518772	0.10947822965019792
0.09025970003817163	0.14040870500565836	0.14451048540867767	0.09921042347792958	0.050240208160135004	0.17421615336515145	0.08125513347641755	0.06573796743979293	0.03970015061384865	0.11446107301421715
0.021121030273700422	0.10522856904567726	0.15880688332126547	0.21729565316043947	0.06901160517814581	0.1565947488110221	0.07098965255995945	0.04596712067567677	0.026853742223932553	0.12813099475018078
0.10326165862377297	0.05679865641133338	0.09105314961129873	0.21102745660343403	0.07593009650373322	0.14222246235172267	0.05963757055900776	0.07512205332233182	0.035291246676944055	0.14965564933642125
0.1306966198579436	0.10188769779674224	0.17128286780421592	0.06254126699183538	0.06208132124938006	0.19836019880016026	0.047285452671169084	0.04400765488289159	0.016339212735108744	0.16551770721055303
0.017149889293117018	0.18063356235472428	0.08577578656917276	0.2212985887606373	0.06756454251368549	0.1693950521272408	0.06747037987015438	0.042721848810462856	0.015000529925502132	0.13298981977530305
0.026285045158558784	0.09472825116950505	0.06868718823476334	0.2871860207616831	0.07382175865113252	0.1788124639544063	0.04555252424032326	0.060929349427010115	0.019910459090529978	0.1440869393120876
0.05786134341520492	0.10994624501241435	0.1078851427639057	0.20188801766653375	0.06876527296629492	0.15399067350915102	0.06055395766143712	0.044943276776353444	0.04407490487533998	0.15009116535336475
0.10371306392185517	0.09687221011000725	0.14345295896350474	0.14597944345147126	0.07336007137713847	0.14596880127661588	0.0755495684810205	0.04411838482838215	0.029434441650042775	0.14155105593996173
0.017920557924420558	0.18662123916541443	0.05234260763798676	0.22694825281513892	0.07289365481881628	0.19369325236801044	0.04556542271049605	0.03775576869517083	0.042938263519736806	0.123320980344809
0.07002200063322972	0.08062491260781383	0.11340745863425773	0.2182797682349325	0.05655495300539982	0.1439225938846052	0.047077934620469664	0.06347651569570478	0.04167655780994207	0.16495730487364463
0.13709986929084012	0.0436696905671028	0.12881803466096034	0.17676085621438442	0.057602479057263976	0.15593362059805183	0.06066341851160561	0.07313986462794497	0.015047804511780505	0.15126436196006532
0.08469737416109002	0.24734905118649686	0.06068671076235152	0.12852501713427394	0.05248740022895661	0.13282288426090472	0.04522876482481612	0.04752880633722319	0.03460225723502526	0.16607173386886165
0.020902241390711035	0.04566133659672013	0.14650325657998164	0.289236588385126	0.051858369158433976	0.15551750750490007	0.06250297680182224	0.04222020286903322	0.01880995416102141	0.16678756655225027
0.047065648917730796	0.12081433402876443	0.16571663251490587	0.1564804368419616	0.07564387849271798	0.16719568892921738	0.04470151446298958	0.06452264109917968	0.04357004604324498	0.11428917866928762
0.011053982940309737	0.11474847484894578	0.1260460512583318	0.2886892009390318	0.06990082915942082	0.1284292467808682	0.06965706439287701	0.06166095410827426	0.02343311395331342	0.10638108161862724
0.028126030394086773	0.14419285311878033	0.16511987531503525	0.1851180732654178	0.057285366964063396	0.12594161638371187	0.054018390199666366	0.06657916802628205	0.014166888891522289	0.15945173744143387
0.017993840276724404	0.15144748866594737	0.1463121057728309	0.184504377445943	0.06286510070853037	0.13280115790368122	0.06252674779789305	0.06464167252498876	0.03233226853974479	0.1445752403637162
0.11301928207005071	0.06216600096858289	0.1604260303939109	0.15301516938823218	0.052508401618548264	0.12123774636497403	0.07579108059571346	0.06832649569492945	0.022046109347272982	0.17146368355778507
0.021251516557796737	0.1040222273432183	0.13534423430893322	0.2214246738033968	0.06422232011981507	0.162520054013111	0.059418377446442266	0.06648982434152081	0.031789809805733704	0.13351696226003207
0.07404168945704383	0.21955413700185378	0.06624587931951217	0.20441062793710332	0.05944547155874645	0.13295266459417038	0.05630819564897517	0.03697912278436244	0.016536895387077033	0.13352531631115536
0.13979726550285607	0.05951121881241809	0.13812676966551427	0.14973261629120238	0.07157603166307555	0.15943773775935072	0.0550029225123942	0.07428444541482465	0.027691444475234805	0.12483954790312915
0.056978550711646606	0.20887521702017098	0.1665058076059337	0.06530801357823379	0.05161199093028256	0.18567896191600458	0.06263693227408973	0.05324286308830492	0.02683396441666948	0.1223276984586637
0.0900535411663765	0.15953895942524873	0.13572462384286854	0.09769945260743887	0.0709310103189704	0.15746387782594745	0.06237618176849137	0.07473736471367926	0.04104152277936249	0.11043346555161637
0.09076864713147195	0.16769339602987593	0.11915807884540755	0.2061923050530576	0.0723875335754488	0.11738890073366938	0.05253506432934855	0.037970880459947294	0.03213992104453385	0.10376527279723906
0.09302924271758779	0.18626548788385666	0.09944163230976323	0.11926854916767574	0.05918391447680037	0.16594055049098494	0.050430343013683175	0.05571379280008848	0.035125590012353464	0.13560089712720608
0.03916260095961266	0.21539419267427987	0.10215742573952445	0.06810456616544841	0.0616168242217503	0.19772122638212586	0.08308254291776715	0.04157104264586908	0.020273140243744756	0.17091643804987744
0.01758288649724553	0.16645199430536756	0.11122532552324874	0.09886480197396126	0.07278959245799224	0.1898019269117103	0.08249468226387403	0.0587953005442047	0.046220779763769315	0.15577270975862637
0.054076711163761136	0.12344354129591979	0.1584101887637019	0.19312074641150617	0.05815193759392724	0.16297679798356435	0.07858659663693426	0.05080999487561193	0.015584332642165674	0.10483915263290756
0.02191690302264168	0.15014546779520588	0.08661364722959443	0.24916555007091762	0.05723126905883341	0.16669089281710234	0.0783178067893355	0.05920259401255891	0.02572477591451648	0.1049910932892938
0.04411212252009604	0.21531993072032035	0.06584380734923434	0.2273026957784553	0.058644164198375176	0.1186613671578861	0.06301834867196922	0.057309661492201146	0.02141569330030453	0.1283722088111578
0.022145523974069062	0.22730468672060017	0.16815963528708253	0.11998469481472857	0.07345387580554057	0.1346046598180066	0.057472230608823616	0.07866130882883646	0.016612993039423596	0.10160039110288882
0.030662887605001757	0.1680820411382285	0.12432123616434952	0.21957923320808	0.06358103152949471	0.1360638761144339	0.0720453305211615	0.060445055361035505	0.025595456159038577	0.09962385219917605
0.02905315310770308	0.13981455433862633	0.12006640707407878	0.18664317687763998	0.0671389522327159	0.19649994737802218	0.049740765465198844	0.04909316809014948	0.013837980270384728	0.1481118951654807
0.08840817005747173	0.2207802216745846	0.04761780289563791	0.23184194039692896	0.04967857079273041	0.12124278409676742	0.04945091346981336	0.03583648739043549	0.02313140524834631	0.13201170397728373
0.14370338674742605	0.05699394691077558	0.06296484691389495	0.2590014182294919	0.05081908089713852	0.14618523356301405	0.05343516022803766	0.07596920164515492	0.03917707883310362	0.11175064603196266
0.0569834933594808	0.1429804089583255	0.06492676826126248	0.2269633964581469	0.07646728294553268	0.15583633626568602	0.0524096417287655	0.06212442309258909	0.01637242972809093	0.14493581920212012
0.04802635127283157	0.16341221335912914	0.1689484504254955	0.08051802269399191	0.06450752003561532	0.14906074330245037	0.061572448317399206	0.07530519342286279	0.025525485534454703	0.16312357163576943
0.02711823488776184	0.06169643276113697	0.12171728170894408	0.2632095485255277	0.06111014005291531	0.17841541946656592	0.08059564327557212	0.0572467216099169	0.04722497079651256	0.10166560691514667
0.06915094411339308	0.14920662594786935	0.055993894066629774	0.24169069241477603	0.06471375004507234	0.18498146300198226	0.07264032555154898	0.0341929889303426	0.025038688545545404	0.10239062738284019
0.10620308410289937	0.11667007392645663	0.06057481031132296	0.21553183685536417	0.07585710538842128	0.12345731538946476	0.07009219186740345	0.04088242430055637	0.020694122810967414	0.17003703504714351
0.03473929461034557	0.14241280814748525	0.13374105259298366	0.19808443248726898	0.07683896147822315	0.1563947098596371	0.07437402076116008	0.05177105580280232	0.029589189789181874	0.10205447447091205
0.06953495400140267	0.11548337741916859	0.11521863603855274	0.18840577563449024	0.06645391107367356	0.16962104630538782	0.08190185018741347	0.04022652446690218	0.013294601153489252	0.13985932371951942
0.085043056990873	0.17207560622920298	0.06223559728908456	0.14223324436581403	0.05110977406993811	0.1311704234515825	0.0658150231481491	0.07925839498755476	0.04586749843050847	0.16519138103729247
0.09236080141982474	0.050493089363561644	0.13333406458902658	0.21666038408148358	0.06804899040840998	0.16053036890323205	0.050300370206151857	0.058463974081859146	0.017724556303856623	0.1520834006425938
0.019296705706178238	0.06020257660371455	0.07694128791467865	0.2705911470530234	0.06484170676470505	0.15773941537627775	0.07950833113028694	0.0597505652717126	0.047677424856515195	0.16345083932290763
0.023114191791349117	0.11373407336349253	0.11671953729454135	0.18577278155146598	0.058893691354411234	0.1947136569152011	0.08040301239958653	0.044171281408981716	0.04132501960883242	0.14115275431213806
0.026181468057170795	0.08233142524406717	0.08657101857401558	0.2946255058971852	0.07322310408972518	0.19326287656450333	0.050868381973219315	0.05385633160245324	0.029190715293636788	0.1098891727040234
0.021017539531195187	0.15655854672709107	0.06911665531811778	0.26584970235799193	0.0689891850550552	0.12650855967126332	0.062191739868676515	0.03944135452830648	0.04352440343012093	0.14680231351218162
0.058689687005853655	0.049292725535952826	0.10118217575143698	0.2429640329783549	0.07443254088055513	0.13404566331402845	0.07453966616508621	0.07321342525954118	0.04079089072450556	0.15084919238468514
0.029169658674537746	0.1916540445797012	0.10457787599270413	0.18176402290470528	0.06526240341978852	0.15981481631579983	0.0792768824141008	0.0632988083482546	0.023663052568587625	0.1015184347818203
0.12021673334113497	0.06918316504019843	0.08966898581241749	0.2189425454585002	0.06935645161095615	0.1660255685933828	0.06365382337189074	0.075688283479249	0.027824046043448458	0.09944039724882166
0.07953272763144384	0.12255027730105192	0.14986793288893469	0.10058545478637122	0.07340216647520673	0.18923473178097572	0.07884172680034189	0.03972576186257178	0.04388199951637323	0.12237722095672898
0.09586011844488981	0.13909791773629052	0.054660787950170674	0.14345780311980585	0.07373942238871731	0.17401398828235037	0.0707363936772279	0.07130511651127963	0.047015390361760986	0.13011306152750687
0.09636430246813865	0.17781331192913213	0.05869163498841768	0.1467378069519506	0.06507264900130015	0.13807021023572266	0.04868289771323737	0.07282701855451676	0.02564070247513739	0.17009946568244655
0.10646430280203359	0.048835728979638976	0.08298524917297889	0.2648881316024677	0.06260151020155982	0.12849890747068057	0.06046913799067178	0.06914546979121794	0.016976773650914143	0.15913478833783648
0.11514342398301566	0.23657694748374875	0.0994870615395565	0.07652634177703474	0.05221055809684712	0.17914249685452505	0.04505819411547832	0.053578138784260876	0.0271529153254957	0.11512392204003717
0.04041632324617016	0.17637542894334143	0.13880048105549936	0.17622572789215202	0.062132755777575266	0.12525176132498256	0.045458069723400885	0.06550305616315577	0.012698026082841249	0.1571383697908813
0.0441801896019436	0.17531407436143365	0.06980144905023182	0.14722416448596246	0.05385498888905638	0.17663205475053875	0.07534624809822235	0.05109554362935352	0.035566565321296234	0.17098472181196123
0.05669237380598416	0.06323943334465189	0.09543981876088455	0.24832955453746347	0.06627592458573778	0.12838326613535928	0.07942086211177793	0.07227964792967956	0.029331557524569507	0.16060756126389186
0.10832772774391748	0.24859378163216783	0.05648758689056702	0.07238109869205495	0.050522359321800506	0.12503098521001801	0.08099449665691386	0.08126674842731624	0.01148025454527507	0.16491496087996893
0.06202504597013481	0.2160783314018137	0.12076837102902732	0.07672481263714007	0.07588412179478604	0.12983831786537908	0.07304671622189943	0.04885340346642595	0.022738551239830984	0.17404232837356262
0.05019567698872344	0.2014648615607741	0.13384354685077562	0.13569471062117722	0.07103076787261808	0.12429085425985706	0.0498298026257898	0.047928903170680597	0.044722353665938706	0.14099852238366542
0.05364915007704975	0.1645301349279473	0.08845820424478695	0.20825687143221072	0.06633631447611318	0.14837764144823548	0.05698201964896956	0.06682759319627271	0.025610296890245535	0.1209717736581688
0.06603253235848193	0.044637883032635765	0.14226401045566187	0.2942861641979911	0.06435983584275677	0.12866967875642754	0.06774349632006785	0.05599642200486206	0.029706004025817037	0.10630397300529815
0.10760557392710633	0.10885594848105204	0.14163191146153828	0.2187936143378475	0.06975614550282658	0.11898607399759543	0.04554154174080224	0.047638108639486164	0.031035156491055274	0.11015592542069012
0.10055614276248828	0.16351787793603634	0.07823839398399123	0.08494404327982089	0.051774703227051445	0.17875790957655024	0.08301399018228654	0.07039089365486798	0.012693016663601467	0.17611302873330553
0.1267404706408593	0.23104607718279696	0.07163556642455668	0.058135149512528995	0.07677478948123424	0.164992181186028	0.048262578090732734	0.04563773098744886	0.013792255216244942	0.16298320127756918
0.108192288072221	0.13361086575142014	0.13507013944225688	0.15489194218914948	0.06456776901151862	0.1239883385249746	0.08000214120531357	0.05780807887238061	0.023256419554317204	0.11861201737644785
0.09108841802231965	0.22797913053663177	0.147241765543849	0.07510601419674587	0.054542460185633565	0.1302637204699001	0.05402319899597004	0.07040088266147282	0.034017275055482646	0.11533713433199448
0.05675862073117116	0.23376718247110173	0.059093869047994955	0.11929548638931944	0.0620100799581084	0.1673152317037967	0.054190500540416624	0.06252290535018382	0.022921615310677934	0.16212450849722926
0.018411647088911978	0.2052235339925343	0.05544954235508984	0.1691886304584685	0.07088096798447027	0.17360540432937682	0.06028730505007957	0.04770476401885934	0.03529856030496013	0.16394964441724935
0.05351517193763554	0.07747382012420256	0.04764481200444826	0.26403241193667726	0.05367502940756006	0.1592936126149394	0.07964094633677632	0.07462885178244318	0.047054332691258985	0.14304101116405846
0.055232422224576805	0.10081546914159076	0.14442532972342292	0.1775605612896045	0.07130899010649899	0.18087676336030045	0.05360547064437278	0.03669368091010998	0.017654804917369343	0.1618265076821535
0.07191620529230158	0.056386664650699206	0.09071651514715416	0.2511059366980823	0.05600501079083759	0.19683689212580222	0.07881429111294654	0.05561357921579363	0.02471167016274689	0.11789323480363588
0.10085536973921931	0.22087718079739804	0.09492231625709531	0.07111458034049775	0.05168762565790211	0.1859071247651719	0.05986483582928511	0.06227345701249862	0.04732374947728404	0.10517376012364778
0.04605361655083194	0.15990064033776638	0.1679888651010727	0.08908513861723547	0.07465465497138393	0.1737566241328818	0.08191792938190949	0.07154322376641613	0.015550194618953461	0.11954911252154873
0.043113466500540334	0.09548016007329567	0.1314900981015486	0.15206688205436025	0.058123657046629834	0.18333361534901838	0.05193721452384513	0.08060002786843129	0.03747624291349631	0.1663786355688342
0.12062897699967495	0.19851146139129272	0.06429410039641295	0.13890336370116638	0.06800329010705014	0.13255869945721635	0.05993205105023281	0.060578195103253026	0.029330735461586113	0.1272591263321145
0.0772375587831378	0.09707519442892136	0.09209809170075048	0.15660672869376321	0.06207742325024747	0.16334071732228073	0.06262334512553319	0.076879354997279	0.03759123402597526	0.17447035167211145
0.026986161522050772	0.17555673820288548	0.13554945705479313	0.17843683482397077	0.05160645023367059	0.14172460581611696	0.07749993505694106	0.06269990464271613	0.016427898244422173	0.133512014402433
0.11630185335617937	0.2102390334787666	0.08733221867674942	0.08278938200616343	0.0645859934285194	0.1977341778983623	0.07752635080478348	0.03900471780446811	0.02305986555561229	0.10142640699039554
0.14401975942998205	0.08208753505739222	0.08124140731727705	0.1592961475111839	0.052430033982500956	0.15247359497920704	0.07522466409740608	0.053015308022457214	0.03276116355401562	0.16745038604857782
0.1085608656963297	0.039009593648893254	0.09622569948222393	0.22265110517953585	0.07028388052778384	0.14117010177861566	0.06753445959591617	0.0494197302156187	0.030595644978927222	0.17454891889615565
0.057971900518656944	0.19925595015206085	0.10899832956691013	0.05638662625736785	0.06672209536045703	0.1819347708013967	0.05427954420591862	0.07400516030911444	0.028463060916085872	0.1719825619120316
0.0561213261520217	0.04077451545095405	0.16910673092866202	0.15169314784803742	0.06177777005997197	0.1989493099361206	0.07648659132383538	0.05534242316147319	0.036393800010862024	0.15335438512806165
0.07678750859433331	0.20447044621996457	0.06874150999088177	0.09865414945685083	0.06038592846109955	0.14953801403639733	0.045525616430204724	0.08087062607754364	0.041903987388327596	0.1731222133443966
0.09069140113504465	0.16072305443138463	0.15859458818855388	0.10283864337494782	0.06877952326219906	0.14339916801090677	0.07891575508814117	0.03734369113997946	0.02792051558135006	0.13079365978749244
0.1281630359285448	0.15641614483041363	0.11463354665156743	0.12922442962300026	0.06787905812383715	0.16312278931842966	0.05278152292512323	0.050833890735039314	0.03555241987710982	0.10139316198693457
0.0863631309428187	0.08289846839108836	0.08235760288509333	0.2961255535397942	0.056993346657562956	0.14188206663027536	0.07645856406688077	0.04162656315116395	0.032194682929547205	0.10310002080577513
0.03188002264836745	0.2196464058454414	0.06053677199686293	0.1189033787648335	0.07706830466276489	0.13692594815597015	0.08022291700111042	0.07616682682498234	0.028351028790954066	0.17029839530871288
0.012003926474290508	0.11984318140883264	0.057751687920977304	0.2836450993289511	0.06560676531133362	0.1736915841685428	0.07776370726857383	0.07592420109584869	0.02959301777422864	0.10417682924842088
0.14208886185833264	0.15934104727765225	0.1351747347800082	0.07644511443913721	0.06061794789460797	0.1594124773468481	0.08291148428850384	0.04507978031204755	0.020282764652709923	0.11864578715015223
0.036040389751873764	0.25054383275581155	0.11816123785987848	0.11606948822592623	0.06373078911736714	0.14068555666619292	0.06541250114318625	0.03566453199735731	0.025116163208917602	0.14857550927348878
0.012403833630147923	0.19112867345118417	0.06371421547893329	0.25916319419983963	0.051998362287672475	0.1572127729056309	0.04933120180460113	0.04277352893368392	0.04013484012880343	0.1321393771795032
0.07067188725241819	0.10256869596247575	0.15036537114933438	0.17151247509063677	0.055459629205405564	0.1517453602993186	0.08432965605101882	0.07312861512340206	0.01814612760652702	0.12207218225946286
0.11223401829497832	0.16650325263596982	0.0969935577592944	0.09865878601910409	0.07112901665210819	0.17424109059045176	0.05405318610760678	0.06270120144998761	0.03133735012207646	0.13214854036842247
0.11431927543409182	0.09860330423611673	0.13192146426496845	0.1318483698448116	0.05073916989999734	0.17313299521845688	0.08081382612955719	0.07642503427167896	0.03028324677738234	0.1119133139229386
0.06995745463930059	0.0422899740227604	0.16739999716720733	0.26217638149871125	0.049838514669642946	0.12801223082425425	0.07362440024112592	0.06821078917898545	0.01605535939094971	0.12243489836706221
0.03648209931324298	0.048942121115327225	0.12252919701006418	0.23916821565370255	0.06334543453286885	0.16784593048787608	0.056832913480264424	0.06505078464048634	0.025206685300694337	0.17459661846547306
0.12049273967305449	0.18690367481811004	0.10644765667693597	0.11269417839829927	0.06521662915878707	0.1320006134551818	0.059926134168965264	0.06924806379655908	0.01712209610482321	0.12994821374928373
0.05116925923348186	0.17399746093143742	0.09828792817907528	0.1409928015773531	0.06476751041956218	0.15250072346810264	0.07291456473046935	0.06815989868196219	0.03763705948087591	0.13957279329768002
0.05577003963653081	0.10895715607569353	0.08601008666982674	0.19119436536818538	0.0773849103173641	0.15167781233613684	0.053769202903503455	0.0775127135105997	0.026927298238956926	0.17079641494320255
0.0588592633159065	0.15660125407392522	0.15877612039787356	0.1421643311205368	0.049300550952444205	0.15698228151138274	0.05743060298945196	0.0549405936063093	0.023955709053982324	0.14098929297818738
0.051960622833000444	0.17010583481225916	0.1624912044382053	0.12698265183172075	0.05985304602300033	0.12001350154398423	0.07128197751673129	0.07909088640016748	0.035344018735147184	0.12287625586578382
0.017135704212731195	0.06652686468852109	0.10627226041377895	0.21122551637498466	0.0772679939114974	0.19294762888047023	0.07452323418664913	0.06463922857269142	0.027670110916080667	0.1617914578425953
0.03172523767999055	0.10740192998932624	0.08971272378945794	0.2103143396215696	0.05895068560855329	0.1741112148780145	0.06577554274844503	0.058548640542966095	0.03236205406137366	0.1710976310803031
0.05725962839352243	0.13397397151927126	0.06906663274853284	0.1691903533395679	0.07720309812597298	0.1947008304514471	0.06046114530301873	0.04909373870274269	0.041399977219622804	0.14765062419630132
0.07227932617758695	0.1307673588362913	0.16382589328834316	0.06189251311316602	0.0641920404550162	0.18549280530743945	0.08387379743777193	0.040760150797060975	0.030743559952990426	0.1661725546343336
0.12871234906403523	0.14265935543988012	0.08975224097149362	0.14420457528455782	0.062269562601992415	0.11775001868793099	0.06572079760922461	0.06830934122053153	0.025268319115109503	0.1553534400052441
0.016680928655337365	0.11866309835173054	0.12866984434076792	0.17111913961940556	0.07304440442562553	0.19050157761452996	0.08462419752335035	0.04999056376655711	0.03506956337764522	0.13163668232505052
0.06795569734000673	0.11584559504511736	0.08228858530964771	0.18595558016305364	0.05375309606497731	0.1467991656823383	0.08130520024745691	0.0739734251604708	0.018302973864598893	0.17382068112233232
0.11069348069324471	0.10982843163430778	0.13522951271100858	0.14255295673761337	0.05076729315465006	0.15789854261043773	0.08032833403874377	0.04869177294034823	0.04204669565007921	0.1219629798295665
0.1327614271770105	0.06927819228116716	0.06828228663091271	0.21001153140587264	0.052046503162077484	0.13351355569593276	0.06786386196456742	0.048846917495250754	0.048012681204291724	0.16938304298291673
0.09906638031555026	0.23223937489775248	0.12904868964553753	0.0662119448989607	0.07758775909592769	0.12883477841509375	0.059851691874148134	0.05581523376538646	0.034681453140154084	0.11666269395148884
0.024332834894935332	0.04128628332515401	0.16467882749106932	0.25012451227326865	0.06267476944998221	0.13971410842213888	0.06306485307967438	0.04712031511158954	0.04209030793577921	0.16491318801640847
0.06649178986005087	0.15700380950141368	0.06733629166292121	0.2314169071561511	0.05548841702707044	0.15330842655711532	0.07522339763952944	0.04483270090945461	0.04194318584123206	0.1069550738450612
0.11772938709988406	0.19447014047621086	0.08010351615374223	0.06960290159441868	0.0710539124275534	0.162243020422461	0.08128986609876601	0.033183593579270615	0.02025204061419819	0.17007162153349492
0.09163177101787834	0.14072098116611256	0.0817333083160895	0.16854698588830835	0.056217517801367765	0.18286913169461724	0.07499394101161318	0.033653928843521516	0.02356029143843627	0.14607214282205522
0.08451290888861746	0.12828884909539576	0.08222259540235002	0.15966405233281386	0.07178530389958639	0.16500351396282542	0.05685003199632271	0.06374091593392425	0.03258622578984954	0.15534560269831454
0.028897786699101882	0.20077388435910018	0.06428021748478147	0.2038398014107621	0.06463303260948627	0.19475427087459227	0.05176332912413808	0.05071686585805526	0.01724192966736017	0.12309888191262233
0.09706565793161734	0.10097559013721684	0.10694722993625452	0.14569394436988106	0.0715375678284971	0.15427576924555308	0.06173575075954325	0.05835872788994723	0.036861387910030255	0.16654837399145925
0.12154263044648989	0.05761861126117582	0.14286288488898266	0.11096987168080948	0.06008763115507809	0.1611818194886494	0.08472860403007397	0.07469886422103644	0.04661799889356274	0.13969108393414148
0.09110380448646951	0.20117414677645667	0.05380363849995368	0.21132151178600567	0.05329585701447275	0.13268636218582422	0.0521941459724512	0.04462128027778074	0.0431933721478864	0.11660588085269913
0.09291746872733257	0.15580483266261547	0.05442034929761422	0.16136241841694676	0.0748063074104296	0.17295843852863713	0.04900224164769665	0.06368141032982584	0.033867312348478354	0.14117922063042335
0.037322339374059404	0.09900289368977179	0.1662111608387064	0.12806277148654024	0.059322725295095954	0.1651588693500221	0.08058343987076418	0.06781511573873071	0.041930021720177284	0.15459066263613194
0.11958041454546589	0.09038117030264509	0.13141858140949328	0.14354241861082828	0.06425143689632304	0.12498015204123308	0.07459524010334515	0.06392620012437891	0.035426284444346826	0.1518981015219404
0.06811222319973244	0.1090069289346829	0.14474393098322708	0.23667101039848576	0.05079412388652104	0.13449992428467708	0.07671130281224658	0.035673214145615445	0.04105407851099376	0.10273326284381788
0.011523639707256436	0.17943241006874172	0.07880419818186968	0.27605640399874687	0.0640311079961369	0.14379976616390316	0.050276616448810686	0.06495513783831233	0.022962054774759655	0.10815866482146262
0.13632579489881697	0.05146467519455934	0.06846638415985459	0.24208718280301128	0.06301453541624397	0.16546662676594764	0.07187321495496263	0.07245976057443904	0.012226286544684536	0.11661553868747994
0.09369611096098647	0.12963988412177072	0.07408826244151095	0.1601294527591317	0.07701932887738755	0.1708996404174849	0.07009741343314263	0.0346292807364791	0.047766809234581896	0.14203381701752404
0.09786131586394642	0.07404703531279795	0.09485533434349443	0.21213331552696107	0.0672166458386797	0.14965043740254086	0.07891468909544012	0.05591399407102085	0.03696158212986818	0.13244565041525036
0.061463763060435495	0.15685775726280002	0.04804983751908001	0.2578171612911197	0.05353824070791113	0.1764134367962768	0.04679482029687302	0.03851317192434569	0.022727190404648753	0.1378246207365094
0.07903449277377311	0.0782624350641506	0.1315707845933771	0.2523991589608055	0.05027944860096811	0.12166087797693266	0.05778562823628223	0.0397743071912208	0.04620211406253874	0.14303075253995112
0.11852960065139206	0.218108346521043	0.062115314757246395	0.07545449183624647	0.07443775953491705	0.1403230352044815	0.049100443054278194	0.06444863050004529	0.03889834209413336	0.1585840358462166
0.07997621168783922	0.08057086701260782	0.15867738502811746	0.25645096364511977	0.05218168377470712	0.13773551693685876	0.06692445261829358	0.04151641259204359	0.023645350302535298	0.10232115640187739
0.026358855030601494	0.09003818315352889	0.17093558316612928	0.26041094188567154	0.051083944297581035	0.12531073510099827	0.056091843312838396	0.04982504650400665	0.025584193276901396	0.1443606742717431
0.026911484763883914	0.18947432511899917	0.15066022750565164	0.19041394396284056	0.050262883188098066	0.14767700695395766	0.04512804195956297	0.07877113055996551	0.011140771035451469	0.10956018495158906
0.14508155298387831	0.05312756204951736	0.1443736924088742	0.1898468003859919	0.059098580203855756	0.18187557096878038	0.06568281275754725	0.03464497245398214	0.01892253543188624	0.10734592035568633
0.07023041877633407	0.06219703740256442	0.14005821363205478	0.2106882284688423	0.07493116313626486	0.13992579686859352	0.049906296625094465	0.06660817046378549	0.014885394586744954	0.17056928003972113
0.07082619575609136	0.2104340687940881	0.16882795297196745	0.11365401969547638	0.06757675648257924	0.12700551764066473	0.04952940177133371	0.0599781557687774	0.023120832038049946	0.10904709908097161
0.014004344015100492	0.08915140194706084	0.11740420482040301	0.25686119299061394	0.06573896183222591	0.11662844699186803	0.06568734872529446	0.07160844246516239	0.029933583978746556	0.1729820722335244
0.0609944354242212	0.15979823491372527	0.09880354641254264	0.13789374626206335	0.05786107087091191	0.17165645709960514	0.0732995306172492	0.06554461721453797	0.01830145629589708	0.15584690488924624
0.07269951090053048	0.06668200579577196	0.15785953724868448	0.25924328574290095	0.06570279719530808	0.15889147699311132	0.048157451038196346	0.03830566756449819	0.01519159858914651	0.11726666893185163
0.08551453665906895	0.15517550203540403	0.05657075069707192	0.16451365100459647	0.0768765118251609	0.1993569221346388	0.05167749657593237	0.04875773601230159	0.02712137275472093	0.134435520301104
0.12744087979369653	0.11189333933880938	0.05579694627437698	0.19429305308222422	0.05877663316536179	0.14584341670675643	0.07107513105238591	0.03610228632910999	0.031829324470824705	0.16694898978645395
0.11058869197085364	0.1483162884211526	0.13378542482785744	0.13220008409822454	0.05434847699483819	0.15074987057800932	0.07266823077595645	0.06717947687180328	0.015661498301995938	0.11450195715930853
0.054973008919248514	0.10118482571189336	0.16435689905412865	0.16959045442415938	0.07113134590770609	0.16041660672404684	0.07655987894794242	0.056314879944409	0.041902270174018715	0.10356983019244703
0.04395395307408122	0.05132025788589485	0.1671200461145385	0.1727064023214785	0.054936099263405674	0.19085910714229584	0.04769523140688968	0.08139736744119586	0.03448650817505759	0.15552502717516228
