0.35065696605037505	0.39784611514469226	0.2514969188049328
0.3515072620338678	0.3994047126318586	0.2490880253342737
0.34667346896098844	0.3978446661020083	0.25548186493700337
0.3476888987856031	0.40332895951933406	0.24898214169506297
0.34881654719161315	0.3970791845350863	0.2541042682733007
0.349250262468309	0.3990800388158637	0.25166969871582745
0.34655101268606536	0.4012970877065804	0.25215189960735435
0.34979375505656024	0.3963184933364766	0.2538877516069632
0.35045584014996284	0.40095177640580587	0.2485923834442314
0.34835834661105763	0.40200973980877486	0.24963191358016762
0.34625426588572494	0.3981468424668979	0.25559889164737726
0.34703207554570004	0.39781660247385336	0.2551513219804467
0.3478291955317393	0.3999013638093919	0.2522694406588689
0.346904965934781	0.39969006876556956	0.2534049652996495
0.35159455310546606	0.3965002777775079	0.2519051691170261
0.34874429754189956	0.3982769373348095	0.2529787651232911
0.34994256005929786	0.39886192279510563	0.2511955171455966
0.3461086908228401	0.39789824641087695	0.2559930627662831
0.34639966856595805	0.3985408630219427	0.2550594684120993
0.349038157676521	0.3976804214700385	0.2532814208534406
0.3508539692649446	0.3978347038346904	0.25131132690036506
0.3499954663733624	0.4003695364708555	0.24963499715578225
0.351055690491933	0.3990627746752026	0.24988153483286446
0.35126527749689745	0.399183629732879	0.24955109277022358
0.3478709243990734	0.402421271896047	0.24970780370487972
0.34957078725964547	0.3974168205106086	0.25301239222974603
0.34922706471711	0.3982417480895538	0.2525311871933362
0.3476698973182321	0.39767623616760106	0.25465386651416694
0.34784933415084834	0.4010510052242042	0.25109966062494754
0.3513555367453046	0.3999292602993488	0.24871520295534671
0.3492590355089725	0.397086561487226	0.2536544030038016
0.34731687586495863	0.3987545188013727	0.2539286053336688
0.34819837390957636	0.3980590310584815	0.2537425950319423
0.3459928687614131	0.40217142383444915	0.25183570740413785
0.35034157992246945	0.4000225276984215	0.24963589237910916
0.3457067157212967	0.3987860411032946	0.25550724317540885
0.34850570702225764	0.4024358667187991	0.2490584262589434
0.35049263555425697	0.39795717878753545	0.25155018565820764
0.3472172111393957	0.3979852714164759	0.2547975174441285
0.35056989775610453	0.39851323790810905	0.2509168643357865
0.3487568082784157	0.39978195449823717	0.25146123722334723
0.34938128461590173	0.40067452480959326	0.24994419057450515
0.34903884247189193	0.3986129820954142	0.25234817543269394
0.35045484744895555	0.40061403505923676	0.2489311174918078
0.3472391869638996	0.40098801441264476	0.25177279862345575
0.3463347537473156	0.4028050563732908	0.25086018987939374
0.3486556908432283	0.3975046359580532	0.2538396731987186
0.3491791687546065	0.39964018542352014	0.2511806458218735
0.34844231421672717	0.40283897690829423	0.24871870887497868
0.3497406038289036	0.39733111690469924	0.2529282792663972
0.3463105527292041	0.39870492714214295	0.254984520128653
0.3490867509702547	0.4014561135054552	0.2494571355242902
0.3500511114161961	0.3970251321347977	0.25292375644900633
0.34724727789055493	0.40106667791688044	0.2516860441925647
0.34658810930681483	0.4033759595024214	0.25003593119076395
0.3504322471283313	0.3970526344718453	0.25251511839982355
0.3475686928073097	0.4028515427843289	0.2495797644083615
0.35123186579238685	0.3988700772801896	0.24989805692742367
0.3517419651295214	0.39738776478711363	0.25087027008336515
0.3502692141830291	0.39640299867660567	0.2533277871403653
0.34946416089227805	0.3974686988052379	0.2530671403024842
0.34617145323650894	0.398110127408227	0.2557184193552642
0.35153480169711293	0.3974114734243327	0.25105372487855443
0.34655333357307805	0.40209886745841983	0.25134779896850223
0.34768145071255196	0.4024263306441866	0.24989221864326155
0.35023401876363414	0.3976064595303903	0.25215952170597566
0.34947154967012395	0.4008960861519431	0.24963236417793308
0.34763633567744545	0.3983085347116335	0.25405512961092114
0.3516053271145156	0.3981390774568583	0.25025559542862624
0.3491519396133726	0.4012076325239845	0.24964042786264298
0.34851852880917933	0.3987843733934895	0.25269709779733124
0.3480088075732434	0.40161279671437333	0.2503783957123834
0.3519335555736978	0.39789921377730614	0.25016723064899615
0.3464372196217703	0.40035128034787254	0.25321150003035725
0.34717838255724487	0.39994091884560523	0.25288069859715
0.34939090828261476	0.398431775594574	0.25217731612281136
0.3472706807054752	0.40201307380544693	0.250716245489078
0.346196837297045	0.3981832528947385	0.2556199098082166
0.3478657789109277	0.3989458632272423	0.2531883578618302
0.3493141346176825	0.39862300669135786	0.25206285869095973
0.3485031891038175	0.39701000029248723	0.2544868106036954
0.3512246934082267	0.39746702770531506	0.2513082788864584
0.34824777414876196	0.4014056902461587	0.25034653560507947
0.34603233130219146	0.4023318061278581	0.2516358625699505
0.34950806460502853	0.399910905479933	0.25058102991503856
0.34832188937069736	0.4003746739529697	0.25130343667633304
0.3468539825019545	0.4012941655580145	0.2518518519400311
0.3500504313397695	0.40029543645190135	0.24965413220832927
0.34764631835441756	0.4007752045107523	0.2515784771348302
0.3480890213598632	0.40137665987138793	0.250534318768749
0.350136133282507	0.4011358923670746	0.24872797435041855
0.34654802681382035	0.4029531299251214	0.25049884326105837
0.34693488707778575	0.4024043354152452	0.2506607775069692
0.3499285781684624	0.3998760866050431	0.2501953352264946
0.3482920491354553	0.40283209751414323	0.24887585335040158
0.3462861061186683	0.40082378166029753	0.2528901122210343
0.35182623957048625	0.3984567821964778	0.2497169782330361
0.35138126555650223	0.39867651187970227	0.2499422225637956
0.3470711939977957	0.3981596782672714	0.25476912773493304
0.3467122065942841	0.40112833084048144	0.2521594625652346
0.3473700345342687	0.39961488900250786	0.2530150764632236
0.3504101309926029	0.3981893345665992	0.251400534440798
0.35051358065925575	0.4003646964565923	0.24912172288415207
0.34948723911638585	0.4014282750883893	0.24908448579522496
0.34826433145117036	0.4031753446275101	0.24856032392131966
0.3464266308819557	0.4026561744850866	0.2509171946329578
0.34884991348576444	0.39822119955063523	0.25292888696360044
0.34622669074873597	0.39784389890433747	0.2559294103469266
0.35201285353145073	0.3978077075860593	0.25017943888249006
0.34621338459229933	0.3995747323659314	0.25421188304176945
0.3522407140027897	0.39789743336734734	0.24986185262986305
0.34856272452003867	0.39625399716425136	0.2551832783157101
0.34816341032919534	0.4021119365680583	0.24972465310274644
0.3471446268300251	0.4034640275482488	0.24939134562172618
0.3500477034375969	0.3962710645339853	0.25368123202841786
0.34875320780846086	0.40213177521828886	0.2491150169732504
0.3496032022641414	0.40000007993153663	0.25039671780432204
0.3485921204432736	0.39793993929705407	0.25346794025967245
0.3507327890966489	0.3986021818531854	0.25066502905016574
0.34889659386079924	0.3969908143654112	0.25411259177378964
0.3473425163405732	0.40193797228851	0.25071951137091686
0.3470775932849338	0.40317206464134603	0.24975034207372024
0.34712616346427616	0.39782863111964817	0.2550452054160758
0.3469126436633587	0.4005400423952259	0.25254731394141555
0.3464136803657429	0.4023515491847426	0.2512347704495146
0.3518588923025757	0.3965077384486093	0.251633369248815
0.345739363659563	0.4008786229816797	0.25338201335875743
0.3464561758499115	0.40121070301026185	0.25233312113982675
0.34706830190700333	0.3968592854488572	0.2560724126441396
0.34968909303275014	0.400114258826449	0.25019664814080095
0.34706767716011533	0.3984444874397375	0.2544878354001473
0.34946169825222856	0.4011128956945428	0.24942540605322874
0.35162524331471745	0.39822919852330574	0.25014555816197687
0.3470770440823798	0.3998595463431859	0.2530634095744344
0.34694804777626237	0.4028969098979566	0.2501550423257811
0.3476281491955549	0.4023008264387805	0.2500710243656647
0.3469147558035002	0.39960935247104107	0.2534758917254588
0.34651227536045787	0.3993684355480062	0.254119289091536
0.3473172319714533	0.40267178171074325	0.25001098631780355
0.3517963359305257	0.39715317843899695	0.2510504856304775
0.3486523786335735	0.39601503007643835	0.25533259128998825
0.34813784522087354	0.39896783625685284	0.2528943185222737
0.34886878107707575	0.39897744006920033	0.252153778853724
0.34932856596591433	0.40194826299385383	0.24872317104023195
0.3498432905666121	0.4012640611318248	0.24889264830156319
0.34591019559511693	0.3994775336869226	0.25461227071796055
0.3496382180710356	0.3999713866313098	0.2503903952976547
0.35079425230603983	0.4001178258058246	0.2490879218881357
0.3497709769727218	0.40099548109408595	0.24923354193319233
0.3492892358652205	0.40020823955201545	0.2505025245827642
0.34605747952873733	0.3993924076693841	0.25455011280187867
0.3465102341707307	0.3978676443761804	0.25562212145308905
0.34666635052972683	0.4018300660371232	0.2515035834331501
0.34701233655073166	0.4015367135875022	0.25145094986176625
0.34725927943653345	0.4022054429201642	0.25053527764330247
0.34729361482020615	0.3965581807266669	0.25614820445312714
0.35132125659286234	0.39651493456533504	0.2521638088418028
0.3508052543692755	0.3961634370298339	0.2530313086008907
0.34800305321757086	0.40126008753977876	0.25073685924265054
0.35041337383899024	0.3973187119998594	0.25226791416115046
0.3476201973913055	0.40294911167877767	0.24943069092991693
0.34672792335578556	0.40187866163275654	0.251393415011458
0.3511341939187659	0.39844644042957195	0.2504193656516623
0.3474649353199715	0.40087511406885934	0.25165995061116925
0.34793629499643064	0.396813486115032	0.2552502188885375
0.3462961437734781	0.40193843131452633	0.2517654249119956
0.3470498877989021	0.3987364126131775	0.25421369958792045
0.35217521371513355	0.3979500395855169	0.24987474669934973
0.35070604102969627	0.40002217122291683	0.24927178774738698
0.3496156143755467	0.39880825124193586	0.2515761343825175
0.3477548915088668	0.4021024754664211	0.2501426330247122
0.3462038298596529	0.40056968996529385	0.25322648017505334
0.34747510381636554	0.4018317414281567	0.2506931547554779
0.34955652929477465	0.400605048789828	0.2498384219153975
0.3485497056339187	0.39630724441788734	0.25514304994819403
0.3473721514684571	0.4010816903916008	0.2515461581399422
0.3469300961977861	0.4015937296037571	0.2514761741984569
0.3457181962362465	0.40346256843720607	0.2508192353265475
0.34867223212711107	0.4028395379334836	0.24848822993940545
0.3463866286062839	0.39953872053117534	0.25407465086254083
0.34655989362011796	0.4012055040979289	0.25223460228195327
0.34986264456846655	0.3966479622194207	0.25348939321211283
0.34961496387248114	0.4014997891100232	0.2488852470174958
0.34984778035254566	0.39902198163179936	0.2511302380156551
0.3477867817610231	0.40127231619614734	0.2509409020428297
0.3504976999698637	0.39860376982776524	0.2508985302023712
0.34732488010196194	0.398916566487441	0.25375855341059717
0.3461937695757606	0.39778265745967556	0.25602357296456396
0.34604043033918014	0.3977649887287289	0.2561945809320911
0.34762468828249005	0.3989390696681659	0.25343624204934423
0.34799518217599423	0.402074526477362	0.24993029134664388
0.34577800881676307	0.4022793779950555	0.25194261318818156
0.3480696437489635	0.3960672746829223	0.2558630815681143
0.34701389141356576	0.3978836587884796	0.25510244979795477
0.3502940591383067	0.39793189302870213	0.2517740478329913
0.3462165933518774	0.40189645800015517	0.25188694864796757
0.3490102075723363	0.3959438349945411	0.25504595743312264
0.35036212313167936	0.3962093010732437	0.253428575795077
0.34709935683384086	0.39793018642930533	0.254970456736854
0.3514894270910339	0.39696377457723436	0.2515467983317318
0.34945714968768554	0.40009964354336586	0.2504432067689487
0.3493570010125182	0.40105717729320856	0.24958582169427335
0.34991072065081685	0.39736054132750853	0.2527287380216747
0.3465223039412644	0.3973301190174944	0.25614757704124136
0.3468356469045547	0.39968844662928404	0.25347590646616136
0.34778958196998	0.4006915466879082	0.2515188713421119
0.35107494798880917	0.3983615404536745	0.25056351155751644
0.35111415220153874	0.39995823739591646	0.24892761040254488
0.3466602066008585	0.40247220414514373	0.2508675892539979
0.3518894243544496	0.3964223505564459	0.2516882250891046
0.3516426917383583	0.3996932551431526	0.2486640531184892
0.35129842656261656	0.39764193219107613	0.2510596412463074
0.35153612451679556	0.399589475698487	0.24887439978471754
0.35063634953539785	0.3963022516467344	0.2530613988178679
0.3482133284703267	0.40183066974274284	0.2499560017869306
0.3478996236863019	0.39898296494668806	0.25311741136701016
0.3513825066765481	0.3962174210461751	0.25240007227727695
0.3490800018355348	0.3959385561412105	0.2549814420232549
0.3473596135260908	0.40000425744189505	0.25263612903201427
0.3474880120216683	0.39970686505919656	0.25280512291913526
0.3480182060305623	0.4030143303071851	0.2489674636622527
0.3514219851957604	0.39629240110863306	0.2522856136956067
0.3494089249631356	0.39841038653946287	0.25218068849740166
0.34699238361631113	0.40236756845626476	0.2506400479274242
0.35129490630734134	0.399538324047616	0.2491667696450427
0.3481960485917909	0.4033059876164445	0.24849796379176473
0.3498605231318826	0.4006006394742469	0.24953883739387062
0.3496102364868896	0.4013411979065644	0.2490485656065461
0.35063582923962167	0.39755163128527304	0.25181253947510535
0.3458969446780352	0.4033402145524016	0.2507628407695633
0.34575712269672476	0.39890117403638686	0.25534170326688854
0.3471991127165228	0.401063406912604	0.25173748037087335
0.35111766466589195	0.39656977132815513	0.2523125640059531
0.34698107474000267	0.39934598411968814	0.25367294114030925
0.34944514389377174	0.3974381530053645	0.25311670310086387
0.351509618205134	0.399716166758586	0.24877421503628006
0.3512237663487484	0.396091727960091	0.2526845056911607
0.35213345313914324	0.39938772867508965	0.24847881818576723
0.35022519869645935	0.3968513435903748	0.25292345771316593
0.34941939623472884	0.39748411463007705	0.2530964891351942
0.34712422455752673	0.40346485167795787	0.24941092376451554
0.34591666018432476	0.39967357311195933	0.254409766703716
0.34698806522874137	0.3978877938844134	0.2551241408868453
0.3519559080653569	0.39895163816053897	0.24909245377410422
0.3467368005212442	0.40100478567536024	0.25225841380339564
0.34782111436626767	0.39822574574611314	0.25395313988761925
0.3508309326821482	0.3999560305407396	0.24921303677711226
0.34679854471989713	0.4008208067579496	0.2523806485221533
0.3464322330842605	0.4022198070985906	0.25134795981714897
0.3515463138783318	0.3979891411737181	0.25046454494795023
0.34573185572632487	0.39853172438222795	0.25573641989144735
0.35055870061583555	0.3959566940570026	0.25348460532716194
0.3458793884356206	0.40278904001824284	0.2513315715461366
0.3504508516061689	0.39843890876433685	0.25111023962949436
0.3476985803480559	0.39853976040667033	0.2537616592452739
0.34870905699203186	0.40162826420456893	0.24966267880339932
0.35191154412669556	0.39824234798616465	0.24984610788713993
0.3478670582124329	0.39656480000385774	0.25556814178370946
0.3478118225864118	0.4012137705500208	0.25097440686356753
0.35210207847966457	0.39865540692481544	0.2492425145955201
0.3463839790239403	0.40032533911700574	0.25329068185905407
0.3491476337670538	0.4023218376434796	0.24853052858946667
0.35007803577750574	0.40026031577343135	0.24966164844906302
0.34804126499434374	0.4002520173694252	0.2517067176362312
0.34732410258408836	0.4034213626507697	0.24925453476514203
0.34596501939680246	0.4017213286868695	0.25231365191632815
0.3504440438839028	0.39668730581726874	0.2528686502988285
0.3488742173159931	0.4007604788793025	0.2503653038047045
0.3479190478859596	0.39605334495212297	0.2560276071619175
0.3512225978202766	0.3987530650234372	0.2500243371562863
0.35157232263817584	0.39657985720440525	0.2518478201574191
0.35020971736470363	0.3968222174805728	0.2529680651547237
0.3463288237363806	0.3987598078755618	0.2549113683880577
0.35065958187030233	0.39801482445280567	0.2513255936768921
0.3504889136707256	0.3973913540529246	0.2521197322763499
0.3469447431718343	0.39972125740297537	0.2533339994251904
0.34839541015900405	0.3991008500818498	0.2525037397591462
0.3513990672468641	0.3982151912638622	0.25038574148927384
0.3509510747645035	0.3969196077675827	0.2521293174679139
0.3458992384601262	0.40312358261388265	0.25097717892599125
0.3471620476154911	0.40006411948918585	0.2527738328953232
0.347676666071618	0.397646102077195	0.2546772318511872
0.34627988068256044	0.4015067216979956	0.25221339761944406
0.34738085570727706	0.4014312408999907	0.2511879033927323
0.34954438945868244	0.40061310618953905	0.24984250435177863
0.35147640630355315	0.39915424992230625	0.2493693437741407
0.35121681973997526	0.3968637010352713	0.25191947922475355
0.3474330277515433	0.40082724945553966	0.2517397227929171
0.34706288269608315	0.3986643173635598	0.25427279994035723
0.3497576634057997	0.4010757667308036	0.2491665698633968
0.34716583542791624	0.40303816626960604	0.24979599830247784
0.34970428096404943	0.40055569135739766	0.24974002767855302
0.3476851636298478	0.39742887432668517	0.25488596204346714
0.34634798587889065	0.3986778459596176	0.2549741681614919
0.3481460818928511	0.3964274257284139	0.2554264923787351
0.3490076287727549	0.3978819257096265	0.25311044551761874
0.34887543739977955	0.39829662052353876	0.2528279420766818
0.34671297361338693	0.3994618077678155	0.2538252186187977
0.3504728634605372	0.39888743460008635	0.25063970193937657
0.35016751343516134	0.4003197278811076	0.24951275868373118
0.3479197946321242	0.40036147163795505	0.2517187337299208
0.346286643069057	0.4026600583057407	0.2510532986252024
0.34731323961329197	0.39990449606857714	0.252782264318131
0.3469097399528453	0.4009470448032917	0.25214321524386313
0.3511150753435664	0.3981747775375195	0.25071014711891426
0.3473536750097098	0.4035586551922271	0.24908766979806318
0.3505375390176987	0.4003134331049898	0.24914902787731164
0.3499085654792652	0.39903783802036585	0.251053596500369
0.346104958472409	0.3989627113905565	0.2549323301370346
0.3498726547372678	0.39695607841434993	0.25317126684838237
0.3517757991151066	0.3972044108366387	0.25101979004825475
0.351292567483093	0.39771146622901044	0.25099596628789667
0.3516181832862686	0.39897696497141977	0.24940485174231175
0.3483928405387098	0.402083000459828	0.24952415900146235
0.35091446895071604	0.3995714784440856	0.2495140526051985
0.348259150927	0.39886679940194786	0.25287404967105226
0.34792318607911066	0.397152287200409	0.25492452672048044
0.3513382479002124	0.39629610698788365	0.252365645111904
0.3509140733106673	0.39925281669572893	0.2498331099936039
0.35030793731206294	0.39798673160219034	0.2517053310857468
0.3477392402137253	0.400546991128236	0.25171376865803874
0.34923591027889117	0.3959812400787979	0.254782849642311
0.34702532322214746	0.4009865777836171	0.2519880989942355
0.3507703476018292	0.39883635266197937	0.2503932997361915
0.34848786564920803	0.40247949093372937	0.2490326434170627
0.34833867140300623	0.39709577643913224	0.25456555215786164
0.3498170249826034	0.39695122475177735	0.25323175026561934
0.351428422056028	0.3978016255789236	0.2507699523650485
0.3522181652687232	0.3970105721188154	0.2507712626124615
0.3520565091360596	0.39872956378389934	0.24921392708004111
0.35080494972843995	0.3959377403124279	0.2532573099591322
0.3474908267495041	0.40021326310106975	0.2522959101494262
0.34649821594416025	0.4019429244172342	0.2515588596386057
0.34755612355322185	0.39692824777285207	0.2555156286739262
0.3463483389127794	0.39744823381975025	0.25620342726747053
0.3504011729616973	0.40033948129231534	0.24925934574598746
0.3470198602094798	0.3969393468363899	0.25604079295413046
0.34866575669745914	0.3982312032029576	0.2531030400995834
0.3458770422379237	0.4016741744242293	0.2524487833378471
0.3497468772988033	0.3964778195957438	0.25377530310545304
0.350195809720794	0.3980429637763161	0.25176122650288996
0.3507862979026098	0.398056601154539	0.2511571009428513
0.34581062261040524	0.4010010004493877	0.2531883769402071
0.3481921898825793	0.3963303519855826	0.2554774581318383
0.3494407509201844	0.399178024560218	0.2513812245195977
0.3487637412712609	0.3981598175565555	0.2530764411721837
0.3483640254737812	0.39900539396340307	0.25263058056281584
0.34983143537304134	0.3989474312831675	0.2512211333437912
0.3458044723820461	0.4028637220280309	0.2513318055899231
0.3479429157715573	0.4003095434221507	0.25174754080629214
0.34886277433412793	0.40097322516646705	0.2501640004994051
0.3476762940291153	0.39945479535068285	0.25286891062020195
0.35174983692063555	0.39926732387045827	0.24898283920890635
0.3496481056797272	0.40035022312902996	0.25000167119124295
0.34624092665247147	0.40182018080647364	0.25193889254105495
0.3467015572797539	0.39955011767063886	0.25374832504960737
0.3479373719513496	0.3997285467100104	0.2523340813386401
0.34892121478991167	0.3961298312426155	0.2549489539674729
0.34635569046487186	0.403048948189898	0.2505953613452302
0.345987503447355	0.40147922726987906	0.252533269282766
0.34839475906033346	0.4020014776513505	0.24960376328831613
0.3471323620763639	0.40216492708777474	0.25070271083586143
0.3514238732209659	0.396804696930929	0.2517714298481052
0.34816765447782333	0.39671933149824357	0.25511301402393327
0.34815681654924274	0.3966129141331692	0.2552302693175882
0.34815914701754735	0.40279469618986563	0.2490461567925871
0.3481702976234471	0.39982624093624963	0.2520034614403034
0.34710962484779156	0.40065892218802335	0.25223145296418525
0.34592087731595184	0.39986089958194226	0.25421822310210607
0.34625272747092406	0.3982663299723789	0.2554809425566972
0.3479001882901758	0.4036214974270604	0.24847831428276393
0.34741871278981923	0.3979700903307949	0.25461119687938594
0.3504880716924393	0.397271973986837	0.25223995432072377
0.34582666638373577	0.4007105077717491	0.25346282584451524
0.3501920862302996	0.398899579368136	0.2509083344015645
0.3522408012624993	0.3959466475430035	0.2518125511944973
0.34737856657944743	0.4020215566928753	0.25059987672767736
0.34732778673768283	0.39746255017951165	0.2552096630828056
0.34686890838988627	0.3986896659460964	0.25444142566401745
0.3489863759881544	0.40241388655372834	0.24859973745811742
0.3462447267880655	0.40093153738227016	0.25282373582966444
0.3464547599954803	0.3981379811729914	0.2554072588315284
0.34799732949266304	0.3999013268347865	0.2521013436725506
0.35127075475518615	0.3975300101272641	0.25119923511754993
0.34572807360310986	0.4010862066507407	0.25318571974614956
0.34950125506489066	0.39842221830869023	0.2520765266264192
0.3461896882411121	0.40082784289364976	0.25298246886523823
0.3463892314846083	0.4031050166986625	0.2505057518167293
0.35046323296229304	0.3961425026255266	0.2533942644121805
0.34784675752354843	0.3982051808911608	0.2539480615852909
0.35049683107022633	0.3987445001151112	0.2507586688146626
0.34899014233232944	0.398624655912267	0.2523852017554037
0.34990244838259293	0.40061090928347326	0.24948664233393392
0.3496649796661448	0.39821848893135525	0.2521165314025001
0.3490294307410083	0.40235011927632786	0.24862044998266397
0.34738106319664414	0.4007388822160835	0.2518800545872725
0.34682810471196834	0.40057268913390437	0.25259920615412745
0.3505713777983356	0.39851627173366894	0.2509123504679956
0.34580372133113435	0.39839282994171205	0.25580344872715377
0.3512137172324495	0.3960677122615075	0.2527185705060431
0.3482768963433914	0.39993917359913844	0.25178393005747024
0.3487912078530655	0.3964508249793445	0.25475796716759014
0.34942116898536135	0.3968957610200065	0.2536830699946322
0.3497849651470769	0.40025425150230043	0.24996078335062277
0.3466659040138955	0.40006434562822435	0.25326975035788024
0.34679907118161213	0.40232159166500364	0.25087933715338434
0.3491173183570022	0.39607479217151054	0.25480788947148736
0.3464374136933815	0.40253566007656894	0.2510269262300497
0.3473842709816074	0.3993954320129197	0.253220297005473
0.35185506294614033	0.396611886333283	0.2515330507205768
0.3457863342861623	0.3996897744517023	0.2545238912621356
0.34799126123548096	0.4006465556960468	0.25136218306847236
0.3477248479701833	0.39639339658415185	0.255881755445665
0.34735393637509404	0.39929437483289565	0.2533516887920104
0.3488848320015392	0.40189436171183573	0.24922080628662518
0.3513377922948676	0.3984566936086501	0.2502055140964824
0.34933394107421595	0.40110602826691866	0.2495600306588655
0.34796662429907715	0.40046968013323647	0.2515636955676865
0.3519111780877699	0.3991649176132046	0.24892390429902558
0.3463450168288863	0.40278583198047185	0.250869151190642
0.3507166081024101	0.3969577734739008	0.25232561842368917
0.34761965649105714	0.39985083298374036	0.2525295105252026
0.35187554567079465	0.39937635392367266	0.2487481004055328
0.34751245029566485	0.40357352015769044	0.24891402954664485
0.3497836732477485	0.39735217434594394	0.25286415240630766
0.3475972654186227	0.3991011274180534	0.253301607163324
0.34628535593946835	0.3976920963811613	0.25602254767937044
0.3467289965802305	0.4015326763271715	0.25173832709259814
0.34571738818455106	0.40035758764943197	0.25392502416601714
0.3470128102801624	0.3971978849535847	0.255789304766253
0.34734589985429365	0.40318624579887463	0.2494678543468318
0.34625659282748883	0.4031690547974748	0.25057435237503656
0.3501110348373295	0.39719172177058093	0.25269724339208965
0.34929998139438295	0.40021086043902354	0.25048915816659356
0.348372016785663	0.39601316540719195	0.2556148178071451
0.3516197143615216	0.39670219696331677	0.25167808867516167
0.3495433160477797	0.40068237598250056	0.24977430796971986
0.3491404223299935	0.40097446744820625	0.24988511022180038
0.3517196313106046	0.3976630803030139	0.25061728838638164
0.3502450330882255	0.39731769288423213	0.25243727402754246
0.3469394179634258	0.4012508121578545	0.2518097698787198
0.3506321995339591	0.396483167839377	0.25288463262666405
0.35048659445694075	0.3964384731886147	0.25307493235444467
0.34612939123120845	0.40260416633195545	0.25126644243683627
0.3483514410063445	0.3959683609854675	0.2556801980081881
0.3482123827616878	0.40185006231079523	0.24993755492751707
0.34612420009546646	0.40126180554102	0.2526139943635137
0.3500078391915406	0.3996169535308195	0.25037520727764
0.3461664777193184	0.3999299982601364	0.2539035240205453
0.3492851365772671	0.4013256347367465	0.2493892286859865
0.34711037192768834	0.39872076976189563	0.25416885831041613
0.3471716992726945	0.4029002144141566	0.24992808631314906
0.34818822833013163	0.4028904916782237	0.24892127999164476
0.3496745386630705	0.40101146737226434	0.24931399396466525
0.35004602969765186	0.4009577447619657	0.24899622554038256
0.34817596066813444	0.40170928807299106	0.2501147512588746
0.3469537535749722	0.399701366113912	0.2533448803111159
0.34930360212954525	0.39765437379675456	0.25304202407370024
0.34763291922609096	0.39941843351541334	0.25294864725849586
0.34933241642536794	0.3976418581251641	0.25302572544946805
0.3488869408663544	0.40082201310932464	0.25029104602432106
0.3458792319869455	0.4020097128441396	0.252111055168915
0.3471902930103677	0.4021159825558562	0.25069372443377624
0.34769768930386463	0.40018390675819354	0.25211840393794194
0.34649982341117175	0.40056924134808497	0.2529309352407434
0.3478912834689922	0.39753494355485264	0.2545737729761553
0.3483520813434411	0.39885100017820774	0.2527969184783513
0.3508241481022274	0.3962426768884546	0.2529331750093181
0.3510023097279484	0.3961761007567399	0.2528215895153118
0.35001315649433484	0.3972124315971784	0.2527744119084868
0.34901284395263404	0.399871519325321	0.25111563672204507
0.35070126666753976	0.39970296516469667	0.2495957681677637
0.3487914375252456	0.3985970578593939	0.25261150461536064
0.3480731032697316	0.4003199906792216	0.25160690605104696
0.34616457317471605	0.39764005392930796	0.25619537289597605
0.3464639603550204	0.3995647241286826	0.2539713155162971
0.3495100366646088	0.39758309404113157	0.2529068692942598
0.3458920683261426	0.3991475562709899	0.2549603754028676
0.34974087549768346	0.3984225601338273	0.25183656436848934
0.3481622297403544	0.40096221934774745	0.2508755509118983
0.3463468612370956	0.40132081263928304	0.25233232612362144
0.3499885208883216	0.39634429783078606	0.2536671812808925
0.35060073166041583	0.396287309044561	0.2531119592950233
0.3491421432397504	0.4024050437279021	0.24845281303234762
0.35037694171962497	0.3999777528659927	0.24964530541438246
0.3466303457920618	0.3997625807813462	0.2536070734265921
0.34589799024698903	0.40308878160432704	0.25101322814868404
0.3460046672962567	0.40243772038058095	0.25155761232316254
0.3500580502368942	0.3970709909180281	0.2528709588450779
0.3498474250850891	0.39773482666052407	0.25241774825438695
0.3474111782580122	0.3973268506898154	0.2552619710521725
0.347528525832521	0.40238852683333226	0.2500829473341468
0.34575894876010144	0.40250089603113953	0.25174015520875914
0.34805975084576996	0.3995827490101371	0.2523575001440931
0.3504245055181643	0.3994290797167771	0.2501464147650587
0.3493315465240617	0.4014124468990509	0.2492560065768875
0.3496301951671391	0.4005511022376128	0.24981870259524816
0.34788754947415057	0.40257404062678553	0.249538409899064
0.3476225570543677	0.3996117422646702	0.2527657006809622
0.3481770051603736	0.4024435289734981	0.24937946586612844
0.3476314875933472	0.4016597584311664	0.2507087539754865
0.345770138671621	0.3991385311395134	0.25509133018886576
0.3462491687467637	0.4018783143553661	0.2518725168978703
0.3501193613737155	0.39599921135485283	0.2538814272714318
0.3501338695470222	0.40008624084080985	0.24977988961216807
0.34653501511714047	0.40003554562130883	0.25342943926155076
0.3466157684345178	0.4006247636569326	0.2527594679085497
0.3499125195554188	0.39836217971321175	0.2517253007313695
0.34881885044103406	0.3972970103011094	0.25388413925785663
0.34961554774727205	0.40012417191904825	0.25026028033367975
0.34973242236964264	0.40002142620368564	0.25024615142667184
0.34978384495525017	0.39633031341259056	0.2538858416321593
0.351076767471558	0.39954849869640946	0.24937473383203262
0.34905479737888956	0.3997478540994546	0.2511973485216559
0.348179421152198	0.3971488843243566	0.2546716945234455
0.34953090802967723	0.3965291940873752	0.2539398978829477
0.3476551959996861	0.3984772426953547	0.2538675613049593
0.351904934553461	0.39829541257268586	0.2497996528738533
0.34796259939996227	0.3966611099296826	0.2553762906703552
0.34977522423602636	0.399819537241242	0.25040523852273183
0.3470600383158031	0.4003252494630034	0.2526147122211936
0.35210343769168745	0.39630980338596744	0.2515867589223452
0.3487759455357111	0.3972060894420841	0.25401796502220486
0.3461789410960226	0.39796526977395136	0.25585578913002616
0.34972152766281933	0.3994472095696476	0.2508312627675332
0.35057361584922125	0.4003650273046955	0.24906135684608338
0.3469955500946831	0.3995985204693788	0.25340592943593815
0.34688355895856127	0.39922472969679434	0.2538917113446445
0.3467554410373712	0.397424406178436	0.2558201527841929
0.34814993837891656	0.40270425239355706	0.24914580922752652
0.35164140582829523	0.3961922242031625	0.25216636996854236
0.347751820791573	0.40190095754933314	0.25034722165909395
0.3471235512851969	0.3986016026137985	0.2542748461010047
0.3474071671358668	0.39823546730922244	0.25435736555491084
0.3492225772575138	0.3979553584005913	0.25282206434189497
0.3478389727986448	0.4035347532566508	0.2486262739447046
0.3489318946804495	0.3989693188722213	0.2520987864473293
0.3472997554975749	0.39921854272980334	0.25348170177262186
0.3458592497592146	0.40180987041029126	0.2523308798304942
0.34927258715983583	0.39606349160080784	0.25466392123935644
0.34886722714591706	0.39635486892732597	0.2547779039267571
0.34842306005239787	0.4006050735841326	0.25097186636346963
0.3477483354878738	0.3975749423597571	0.2546767221523692
0.3498525698058962	0.39786022105457175	0.2522872091395322
0.3459994680238594	0.40135985183208467	0.25264068014405605
0.3492556129431041	0.3966432894533604	0.2541010976035356
0.34657407542465385	0.4032074284496682	0.25021849612567804
0.3488883936360065	0.39672997470133875	0.2543816316626549
0.34816644549559206	0.39785576422609	0.25397779027831807
0.34816667230343673	0.3965278273567092	0.2553055003398542
0.34596685011301676	0.4033799545528282	0.25065319533415514
0.34758028039040384	0.4028518874755892	0.24956783213400707
0.3507008663001473	0.3971208234528286	0.2521783102470242
0.3470087900695386	0.3972859854135654	0.25570522451689603
0.3500531708813367	0.401105257112935	0.24884157200572848
0.3459143760747953	0.4023589394239562	0.25172668450124863
0.3486241708114137	0.396762995064245	0.2546128341243414
0.3479871042923284	0.4015152673323653	0.25049762837530637
0.34732423029427323	0.396633132575393	0.2560426371303338
0.3510677835747846	0.39654625756237216	0.2523859588628433
0.34753975650411467	0.3970582612642022	0.2554019822316832
0.351616583043235	0.3991424500231468	0.2492409669336183
0.3482539002870677	0.4031218475199107	0.2486242521930217
0.34792187548608916	0.3999875360591675	0.2520905884547435
0.34611891356597496	0.4029546461580336	0.25092644027599154
0.34668684185947224	0.39743763125074294	0.25587552688978493
0.3462159378794922	0.4011643432717125	0.2526197188487954
0.3498000002723048	0.4009857395667613	0.249214260160934
0.3474644815934453	0.40058671517202665	0.2519488032345282
0.34614189695881564	0.40026724957535087	0.2535908534658336
0.347249962024364	0.39977688986008675	0.2529731481155494
0.3501994349621381	0.39765797576202916	0.2521425892758329
0.34888632705352907	0.40124506232926826	0.24986861061720284
0.35054159765876414	0.3979134865158626	0.25154491582537336
0.3519773616806197	0.3969260583420873	0.2510965799772931
0.34694298147062724	0.39805342291786805	0.2550035956115049
0.3488500447620084	0.4008849376566166	0.25026501758137515
0.3465178537634429	0.4024239484581456	0.25105819777841154
0.3486314616115472	0.3974757705497716	0.2538927678386813
0.34576722597070464	0.4035313047741289	0.25070146925516656
0.3490194914870133	0.40103668359439265	0.2499438249185942
0.3513630140209325	0.39983937622667	0.24879760975239756
0.3511400301748539	0.3988546741185187	0.2500052957066275
0.34793128576367477	0.3990727437252315	0.2529959705110939
0.34968323412443564	0.400019737308286	0.25029702856727853
0.35107167324665844	0.3972446829430746	0.25168364381026714
0.3480441773798572	0.4005121362701702	0.2514436863499727
0.3475978538255208	0.4003024668868524	0.25209967928762694
0.35104216159167834	0.3982155129735803	0.2507423254347415
0.3491096653515385	0.39748305222844793	0.2534072824200137
0.3503311332062986	0.3959864541221875	0.2536824126715139
0.3461006927245019	0.3986919706027201	0.25520733667277806
0.34693788586040153	0.40215421321017863	0.2509079009294199
0.3483635927655839	0.39649367416266074	0.2551427330717555
0.3506901048828983	0.3975481444633068	0.251761750653795
0.3511086273103852	0.39720359828293594	0.251687774406679
0.35045393405579045	0.39785573915923256	0.2516903267849771
0.3488612818107944	0.39988600312118416	0.2512527150680216
0.3468223599490952	0.4033683043059987	0.24980933574490624
0.3499072868732554	0.3971050383407279	0.2529876747860168
0.35010743869723815	0.398098922815066	0.251793638487696
0.348488376728854	0.39930984129928704	0.25220178197185905
0.3506966283240194	0.39705531897481994	0.2522480527011608
0.34665006278478555	0.3997737550481692	0.25357618216704536
0.3522651446911002	0.39700934439809743	0.2507255109108025
0.3514492909094573	0.3972826200047002	0.2512680890858426
0.34709838924158415	0.40069673707351483	0.2522048736849011
0.34736243186025	0.4017935012038362	0.2508440669359139
0.34748851663681724	0.4034174464887037	0.24909403687447912
0.3468350531398462	0.4010232691352824	0.2521416777248715
0.3470714421344466	0.4024700820149705	0.2504584758505831
0.34730518129389143	0.4000903180758535	0.2526045006302552
0.3471047683424842	0.3968566921725605	0.2560385394849554
0.3503992882554673	0.3974610872454566	0.25213962449907623
0.35207747220306573	0.39724157686383493	0.2506809509330995
0.34700053922215696	0.40062109144088853	0.2523783693369546
0.34644058194055105	0.4020766872016084	0.2514827308578407
0.3464201749506345	0.3988214793406569	0.2547583457087087
0.3459265218681081	0.3997975237378879	0.2542759543940041
0.3478417188502123	0.39887299427756406	0.25328528687222374
0.3486817547376112	0.39707184451501787	0.25424640074737104
0.34624785062260827	0.39774004627987225	0.2560121030975196
0.3516799015460558	0.3971747249475943	0.25114537350635
0.3462640756365367	0.39834895000714565	0.25538697435631774
0.35072113030078295	0.39979965187815647	0.24947921782106072
0.3496047144027363	0.39815652930995804	0.25223875628730574
0.34913389301103204	0.39705543388177833	0.25381067310718974
0.3471062131620901	0.39741984545282993	0.25547394138508006
0.3496114280652722	0.39975856263087917	0.25063000930384877
0.35044329644209804	0.3975376227043965	0.2520190808535056
0.35164773447937725	0.3997762833220547	0.24857598219856814
0.3475334537532923	0.39818598243555914	0.2542805638111486
0.349028623221213	0.39605874492652304	0.2549126318522641
0.34808110830876954	0.39735449903719244	0.2545643926540381
0.3476849130845556	0.40059300121379676	0.2517220857016478
0.35074042797579486	0.39914485812862177	0.2501147138955835
0.34698298328662414	0.4003725120142352	0.2526445046991408
0.350342717318665	0.398061119703645	0.2515961629776901
0.34958789994632655	0.3977235366988129	0.2526885633548606
0.3466373271819231	0.39976999516342	0.253592677654657
0.35058452497958714	0.39607315562160644	0.25334231939880647
0.34876870903683554	0.39829892570767284	0.25293236525549173
0.34626688728186206	0.4021181906251823	0.2516149220929557
0.351151696166329	0.3982586730267267	0.2505896308069444
0.3458912520089506	0.4003849198881888	0.2537238281028607
0.34725205505375	0.39975705615361157	0.25299088879263854
0.3474926316580625	0.3991992851513958	0.2533080831905418
0.35041316308037435	0.39969586467328244	0.24989097224634327
0.3482646387635349	0.3968299197963788	0.25490544144008637
0.349561519538327	0.39760959725075723	0.2528288832109159
0.351155951316349	0.3999563298004446	0.24888771888320646
0.3496389872793417	0.3991119919039019	0.2512490208167565
0.3464845092692955	0.401801566768875	0.25171392396182957
0.34912029112247034	0.39799147976012195	0.2528882291174078
0.3481667001621242	0.4023048391170943	0.2495284607207816
0.35177788573536817	0.39976053148869545	0.2484615827759365
0.3498296291904077	0.3964406612388539	0.25372970957073854
0.3469089512543522	0.3991036112262518	0.253987437519396
0.3509719515902623	0.3960396343044881	0.25298841410524975
0.3470120275871097	0.3975210047986032	0.2554669676142872
0.34592545355473237	0.40062640885712686	0.2534481375881409
0.3484837885005723	0.40015457861209336	0.25136163288733443
0.347199009481469	0.4021474896401465	0.25065350087838467
0.35130701005951676	0.39868808380400134	0.250004906136482
0.3465783501039561	0.3981586999533436	0.2552629499427004
0.3521444648537768	0.39674731604612123	0.25110821910010206
0.3475913413857658	0.3981224192334516	0.25428623938078276
0.34986622228149533	0.3986770861400365	0.2514566915784683
0.3462116910609049	0.40184010197017994	0.2519482069689153
0.34665804394334493	0.3980851485621331	0.25525680749452206
0.34898757506726974	0.3979741296983966	0.2530382952343338
0.34702086607291843	0.39687138370161534	0.25610775022546634
0.3466104485096515	0.4000847067351255	0.2533048447552232
0.35061191698111505	0.39728722947561995	0.2521008535432651
0.3474048627901141	0.39913519614027215	0.25345994106961384
0.34869747363687664	0.40157246181481643	0.24973006454830704
0.34682871077490146	0.3981750633987934	0.25499622582630527
0.3493061030816103	0.39918783269812486	0.25150606422026495
0.3484559312461164	0.4024314772227525	0.24911259153113122
0.3502951668411374	0.3988331588544387	0.25087167430442403
0.34617043283638527	0.39930046389490015	0.2545291032687147
0.34676570428866305	0.4017362485429973	0.2514980471683398
0.3518355314191013	0.3975729184702948	0.2505915501106041
0.34814328748374995	0.4020509821655618	0.24980573035068837
0.3463345337289312	0.3993632613945505	0.25430220487651845
0.34804042289526566	0.40186871347169006	0.25009086363304434
0.3489300609075841	0.39711202260921385	0.25395791648320215
