0.0065394884952831855	0.2388597314574783	0.7546007800472386
0.005703670445272757	0.23807976949147466	0.7562165600632527
0.003806885142532468	0.24169690967496618	0.7544962051825015
0.005683289428994764	0.2557765793516851	0.7385401312193203
0.007149899579120267	0.48725709919835136	0.5055930012225285
0.005010786494111741	0.4883277391159405	0.5066614743899479
0.005361123971657722	0.507929724922727	0.4867091511056153
0.005630626303952002	0.4511973539569841	0.543172019739064
0.005007010252565336	0.3757388326752171	0.6192541570722176
0.007205959252322591	0.37081526613099314	0.6219787746166844
0.003930173459742614	0.36379155364628807	0.6322782728939694
0.002051648845806775	0.2788374504837242	0.7191109006704692
0.004668273293624292	0.2708777389814923	0.7244539877248836
0.0030986238174645075	0.928126188810076	0.06877518737245952
0.004252317674081019	0.9209835112088794	0.07476417111703965
0.003933470922995674	0.8303412265884651	0.16572530248853945
0.0062768498889549385	0.8569080377723308	0.13681511233871443
0.0020705154379137003	0.8612305271963364	0.13669895736575008
0.0017510317833660527	0.8766389681564318	0.12161000006020237
0.007113765242526937	0.8859731080421207	0.10691312671535252
0.007615697105014696	0.9019588545866732	0.09042544830831217
0.006170281898810415	0.9120129019047091	0.08181681619648068
0.0028819980333805173	0.9259128258566529	0.07120517610996668
0.0045899233920634885	0.9276629599851668	0.06774711662276983
0.0037447788036454877	0.9389719581278638	0.05728326306849085
0.002466160090532854	0.9305351200233957	0.06699871988607159
0.005318206858116126	0.9183256166995976	0.07635617644228654
0.0026452800991482728	0.907633449103372	0.08972127079747991
0.0033745949258362495	0.9066471826463297	0.08997822242783413
0.004996763339970234	0.8988850104930162	0.09611822616701382
1.836466633573508E-4	0.8956986951510386	0.10411765818560414
0.0020521361948536154	0.88909775999244	0.10885010381270657
0.00655617025978239	0.4791157323308607	0.5143280974093569
0.002768779806178734	0.47378959584438096	0.5234416243494405
0.0037748725669553007	0.47099618398095977	0.525228943452085
0.0062307912293090295	0.44765046689628796	0.5461187418744031
8.403977410728625E-4	0.04614739909837218	0.9530122031605551
0.0015102333641121013	0.04882071589508841	0.9496690507407997
0.003832466644038357	0.06451574315200104	0.9316517902039608
0.007285127259683555	0.09835033520215572	0.8943645375381608
2.787808873979669E-4	0.09846581289695033	0.9012554062156519
0.0031506714482288922	0.12630642154896338	0.8705429070028078
0.005887821902820667	0.09681187427950477	0.8973003038176747
0.006045547854653721	0.04265012955052416	0.9513043225948223
0.0065040975155400416	0.03818410440095987	0.9553117980835002
0.006733650369699418	0.0650945270546825	0.9281718225756181
0.005088553716978361	0.07673540169036103	0.9181760445926608
0.0045843729795006505	0.257941619017946	0.7374740080025535
0.004651427504016481	0.2856809422584407	0.7096676302375429
0.007624421788703817	0.2841652627312598	0.7082103154800365
0.0030163393909587444	0.3002739749089748	0.6967096857000665
0.0027380448746490704	0.25020576796772487	0.7470561871576262
0.0010603142518817998	0.28900372400783475	0.7099359617402836
0.0030826680272736384	0.3001453284665962	0.6967720035061303
0.002918154946151885	0.24589109465196363	0.7511907504018847
0.004962452052693023	0.2173603899719658	0.7776771579753413
0.007571883211590802	0.22100083832972828	0.7714272784586811
0.006263515728195834	0.23384523046684713	0.7598912538049571
8.357458763996184E-4	0.23505807133498888	0.7641061827886115
0.004508811280969249	0.2551067170225147	0.7403844716965162
0.005481206542749695	0.23838679187949469	0.7561320015777557
0.00209706177716934	0.1672809007231096	0.8306220374997211
0.006320832184137093	0.15003309023720415	0.843646077578659
0.00333673940094964	0.16147353178925697	0.8351897288097935
0.004683123508377907	0.14915022764745628	0.8461666488441659
0.006614045368213972	0.16734135318645818	0.826044601445328
0.0018488637334367897	0.17783711923247097	0.8203140170340923
0.006324671678878679	0.12054387089874943	0.873131457422372
0.0016093900914332937	0.11401753447912066	0.8843730754294461
3.6793225140885344E-4	0.1054794404583296	0.8941526272902617
0.002162648176063986	0.10314730638914482	0.8946900454347912
0.00417978380219064	0.08980338655710218	0.9060168296407074
0.004894299757622733	0.4656724302442087	0.5294332699981688
0.0076035812256722846	0.44537582655984365	0.5470205922144842
0.0024049877552642096	0.4529854606871169	0.544609551557619
0.0016720997178552022	0.5364012222445456	0.46192667803759935
0.003333542566271719	0.5283084726750569	0.46835798475867146
0.0010914300405108768	0.5458262823914887	0.4530822875680006
9.421590883615938E-4	0.556963924519133	0.44209391639250556
0.0014008523857441113	0.43191970525932255	0.5666794423549335
0.007669024196491625	0.44336719276960745	0.5489637830339011
0.002757003558771287	0.4473966075325619	0.549846388908667
0.004767020716388126	0.4554612079770427	0.5397717713065693
0.0031342492141603895	0.4695584537793223	0.5273072970065174
0.004932645384786993	0.4561935014126517	0.5388738532025614
0.0027473715750669925	0.4528197250841499	0.5444329033407833
0.002094952893291757	0.4429378425041414	0.5549672046025669
0.006062584823169459	0.44179604012129936	0.5521413750555313
0.006909485882500177	0.4196035135749488	0.5734870005425512
0.0043883278698051975	0.45554791696291624	0.5400637551672788
0.002797810074328666	0.4529189354009891	0.5442832545246824
0.004358770197789075	0.45174672951610045	0.5438945002861106
0.004825353566069834	0.47037804856272164	0.5247965978712087
0.006106528223338681	0.47746649243618006	0.5164269793404814
6.583431688409469E-4	0.46479939337902737	0.5345422634521318
0.0064900840198517384	0.46605060516224234	0.527459310817906
0.006794230406720947	0.24071006213687973	0.7524957074563995
0.0022721255500511295	0.2350393777759752	0.7626884966739738
0.007088741052586278	0.22300269123762706	0.7699085677097868
0.002127919630845021	0.23079244985553776	0.7670796305136174
0.0071089519980651605	0.2351616637946294	0.7577293842073056
0.005267803272793192	0.6427635814053351	0.3519686153218719
0.0066640113615705765	0.6401512625050905	0.3531847261333391
0.005675922480554485	0.6587982334987963	0.33552584402064933
0.00158960335665842	0.6492250441440601	0.34918535249928156
0.001068339129980056	0.955231286324289	0.04370037454573106
0.001847762228120109	0.9325659199930697	0.0655863177788103
0.004357888748106831	0.9535459591999469	0.04209615205194639
0.0024660380533910176	0.9350412998876412	0.062492662058967974
0.005884666125999305	0.9287433792109308	0.06537195466307
0.0010941154315673995	0.9222294702010534	0.07667641436737932
0.0021670610401397505	0.9271956124535917	0.07063732650626864
0.005333992441656332	0.5094836505981544	0.48518235696018946
0.0045167274696663595	0.5008052160811209	0.49467805644921287
0.004890504026974385	0.4979662575667651	0.4971432384062606
0.007714277672610126	0.5390531540070442	0.45323256832034575
0.00767322576728513	0.552138187856889	0.44018858637582614
7.119936635175406E-4	0.5469344392806743	0.4523535670558082
0.004048296553123887	0.54950845351793	0.44644324992894635
0.003865423137446755	0.5463509752264022	0.4497836016361513
6.103165803593713E-4	0.501032317885388	0.4983573655342528
0.002685644063550041	0.4892410214791192	0.5080733344573309
0.002360864895092185	0.6431892922362039	0.35444984286870407
0.002661180054932488	0.642274863879916	0.35506395606515173
0.0018027733148504033	0.6522711477310985	0.34592607895405125
0.005200225098227262	0.6449083933321198	0.34989138156965316
5.42619221017282E-4	0.6802841892568972	0.31917319152208573
0.004393484473829035	0.5414915387480332	0.4541149767781379
5.295834694221124E-4	0.5226888830060972	0.4767815335244807
0.0024830747168124168	0.519022818182183	0.47849410710100476
0.0023408683945690956	0.5822802128434059	0.4153789187620251
0.00533407363233751	0.13230470488593224	0.8623612214817304
0.0011653950327901175	0.12314223780454214	0.875692367162668
0.006552585656215526	0.1140983122730096	0.879349102070775
0.005818006101580175	0.10986961443396709	0.8843123794644528
0.007165869450797113	0.09021513233729236	0.9026189982119106
0.004457256603614013	0.15316190964326473	0.8423808337531213
0.0033537151833073486	0.14795920707960142	0.8486870777370914
0.0012568919444327364	0.16052595402473996	0.8382171540308275
0.006235533343405986	0.14755480179737665	0.8462096648592174
0.0014021289504390078	0.1676635662327766	0.8309343048167844
0.0034834128197497316	0.17348029402701165	0.8230362931532388
0.0028686885462754774	0.20537232903593317	0.7917589824177915
0.0016095860735966805	0.21683325828003033	0.7815571556463732
0.005535621252203804	0.19295270690816407	0.8015116718396322
0.0043268496848323235	0.30075207203009774	0.6949210782850701
0.0011234675204072064	0.30885945773422563	0.6900170747453673
0.0028864108888025375	0.30270104152439153	0.694412547586806
0.005107850394988067	0.940384149045333	0.05450800055967908
0.007457549137630526	0.8888076617271874	0.10373478913518216
0.0052141880287135955	0.8959255693376302	0.09886024263365628
5.208968829554239E-4	0.9531983596187015	0.04628074349834321
0.005488519301982575	0.9268804630638015	0.0676310176342162
0.0065300037706014225	0.9362403519509509	0.05722964427844779
0.006661159543376094	0.9285314450523673	0.06480739540425684
0.00330103373716617	0.929525497195391	0.06717346906744293
0.002327614020438462	0.9329807421663657	0.06469164381319603
0.007236733752922442	0.9276237461980371	0.06513952004904044
0.005019156002426917	0.8274160731145986	0.1675647708829745
0.007895388129124326	0.8152456840945925	0.1768589277762832
0.0017877313013432428	0.8175055524076232	0.18070671629103363
0.006152896932805407	0.8092085662492536	0.18463853681794096
0.0048696665277669915	0.8450279004136944	0.1501024330585387
0.005346089806772203	0.8436729464568304	0.15098096373639747
0.004580877103151415	0.8338018428648183	0.1616172800320304
0.0010129442159257929	0.25352443743486774	0.7454626183492066
0.0065106960295099325	0.2506191807763851	0.7428701231941051
0.006914836191134588	0.23236837287567833	0.7607167909331873
0.0053355173126284905	0.18647498048579106	0.8081895022015806
0.00149717680279976	0.20300390718703337	0.795498916010167
0.007119355148751005	0.14132255023097734	0.8515580946202718
0.005985020310718958	0.08620235118136377	0.9078126285079174
0.003226909968183811	0.0714458351043411	0.9253272549274753
0.007840536403591225	0.062252754027191104	0.9299067095692178
0.0028268579828439333	0.037519512724141946	0.9596536292930142
0.0013397357385669384	0.0528042565964697	0.9458560076649635
0.0027964470484092008	0.040495378173817986	0.9567081747777729
0.005566956275692148	0.1014230572313054	0.8930099864930026
0.004216805613873498	0.0896850929987616	0.906098101387365
0.003134333289944724	0.06451521859420312	0.9323504481158523
0.0053222126213611776	0.13975078071433455	0.8549270066643043
0.004139663743290722	0.14963473095239074	0.8462256053043187
5.964727282537496E-4	0.15319707118466305	0.8462064560870833
0.005344701535028584	0.12665925485277296	0.8679960436121985
0.0023356928634674645	0.1217327383532982	0.8759315687832345
0.0010056507072339071	0.15401010295527617	0.84498424633749
0.002615514370056249	0.15881854148531105	0.8385659441446328
0.005008169802354245	0.13447481925413252	0.8605170109435134
0.002098779150230934	0.7412510727447448	0.25665014810502434
0.005316557142143241	0.6650353092565177	0.32964813360133927
0.006609664503565704	0.6730817336085478	0.3203086018878866
0.001574948082911809	0.6622714302674837	0.3361536216496045
0.00259301677511925	0.6506314667165362	0.3467755165083447
0.003490934751664232	0.6430064911249217	0.3535025741234141
0.005176421480619031	0.6445879633212119	0.35023561519816915
3.107843797933718E-4	0.6279312884148278	0.3717579272053788
0.007846152808709317	0.6923487415425547	0.2998051056487362
0.008003066074480647	0.7018928769101236	0.29010405701539593
0.004046860386350271	0.7160792147274666	0.27987392488618323
0.0075294488755051625	0.0879131150839837	0.9045574360405113
0.003620995119429371	0.04135448224309496	0.9550245226374758
0.005109799361717404	0.04529876682808265	0.9495914338102001
0.007434328392105505	0.06073969800196333	0.9318259736059313
7.193900783788454E-4	0.12186035910197401	0.8774202508196473
0.0020372315442467315	0.1278906308136122	0.8700721376421411
0.00486578209581584	0.11095577818785679	0.8841784397163275
0.004583977482658708	0.31961206587298074	0.6758039566443607
0.004074120720297669	0.2962171749821296	0.6997087042975727
8.366143997387554E-4	0.290697662851829	0.7084657227484323
0.0017521957494481821	0.2757328340463965	0.7225149702041554
0.0026078951632975134	0.27375578119005856	0.7236363236466441
0.005850414276113547	0.29415345650509594	0.6999961292187906
0.00577233009545447	0.2997047774277335	0.6945228924768121
0.0073993224542803215	0.29685171687953305	0.6957489606661869
0.0014744839087763029	0.3511550724607527	0.647370443630471
0.00768418072071364	0.3517847274831586	0.6405310917961279
0.00196316868868196	0.3883793875203914	0.6096574437909267
0.0065954896819256925	0.3835699766903985	0.609834533627676
0.006951360847054	0.38148976542971375	0.6115588737232324
0.007909945358259063	0.3396518077123323	0.6524382469294088
0.0015485189106661523	0.29174216633887884	0.7067093147504551
0.0057060835946161625	0.23631277300287837	0.7579811434025056
0.001967075870460966	0.24446559199928694	0.7535673321302523
0.005865534010960849	0.22149158400626257	0.7726428819827768
0.007600487765850539	0.27954980027256815	0.7128497119615815
0.006346172704533193	0.28438241356998384	0.7092714137254832
0.0013344011181453674	0.20498667119993347	0.7936789276819214
0.007954329514688052	0.2003616130397513	0.7916840574455608
9.895559523720454E-4	0.21836703632807392	0.7806434077195541
0.007312499750758816	0.16568810616881105	0.8269993940804303
0.0038593750169906293	0.3398102560612968	0.6563303689217126
0.003035403726317387	0.38243589733643824	0.6145286989372445
0.0048617112713980615	0.3779149924158103	0.6172232963127918
0.0032941542573644567	0.4344743294590487	0.562231516283587
0.007561609867787977	0.4421041905416967	0.5503341995905153
0.0026499037730907116	0.44875811510686653	0.5485919811200428
0.007418545199668003	0.4731243411803705	0.5194571136199616
0.002384725913033514	0.47809919218505637	0.5195160819019102
0.006461089362889361	0.4806195220278389	0.5129193886092719
0.0040478337275180465	0.48492827084437073	0.5110238954281114
0.005243312281671408	0.48085431209581403	0.5139023756225147
0.0015551044942372916	0.49222520289232635	0.5062196926134365
0.0010667628901352977	0.6296217303158667	0.3693115067939982
0.006108567555493161	0.0819948565279418	0.911896575916565
0.004113925358966319	0.04626717246034495	0.9496189021806889
0.007163493633906615	0.0649426936711322	0.9278938126949614
0.0028569251404469975	0.0577943242209894	0.9393487506385636
0.007830171176064105	0.056143445839107686	0.9360263829848283
0.006893782335421039	0.04865704415051386	0.9444491735140652
0.0012122737617117352	0.08317583372245613	0.9156118925158323
4.45511748227323E-4	0.08677181804456321	0.9127826702072095
0.0031717788776798317	0.1370435643648125	0.8597846567575078
0.007655751091974861	0.18966178350765603	0.8026824654003692
0.007614372997159391	0.19967884782121978	0.7927067791816209
0.007390036065490546	0.1753485735987553	0.8172613903357543
0.0015053782014564088	0.16870712898602308	0.8297874928125206
0.004183983325714846	0.15198876733663477	0.8438272493376505
0.0033769885147717504	0.1461835005348463	0.8504395109503821
3.02203443286464E-4	0.15647353332211716	0.8432242632345964
0.0067620278925913935	0.11810200170989213	0.8751359703975166
0.002490199739144938	0.1730388714649809	0.8244709287958744
0.006230659280047013	0.15625010453760585	0.8375192361823472
0.00270573472085478	0.10102510967314604	0.8962691556059992
0.0066336800024509035	0.05088942078424952	0.9424768992132997
6.981498085433246E-4	0.04198082476193832	0.9573210254295185
0.0032189744008217502	0.07055502947266934	0.926225996126509
0.006005734263121454	0.08112355826443307	0.9128707074724456
0.002803232910952691	0.15161377141652993	0.8455829956725175
0.0014566178926014306	0.10494498422836337	0.8935983978790353
0.006850197324188678	0.1204978468603744	0.872651955815437
0.004011756665346589	0.15430718427591844	0.841681059058735
0.0045581350032817824	0.13335407840267333	0.8620877865940451
0.0022939004202486846	0.13952257104561802	0.8581835285341334
0.005453999866038672	0.1666328817305831	0.8279131184033783
0.002112436208567603	0.10721089891567082	0.8906766648757618
0.005188550976404638	0.10344042321383184	0.8913710258097636
0.007896707411035764	0.1162131992858973	0.8758900933030671
0.00296363339873007	0.14474400178168206	0.852292364819588
0.006103485109030582	0.1481502858545663	0.8457462290364033
0.0034437266496351038	0.12932079997971402	0.8672354733706511
0.004139824045762186	0.8519674521845967	0.14389272376964118
0.005410316169271789	0.8382665555139202	0.15632312831680817
0.004633744981648202	0.8297338223449681	0.16563243267338387
0.0023621732085439273	0.8126801174791249	0.1849577093123313
0.002948756322381174	0.8295570101317502	0.16749423354586868
0.0019496460202692578	0.8472835449608431	0.15076680901888775
0.007751189167096495	0.8332513429213743	0.15899746791152936
0.00408479326098693	0.8335952455589781	0.1623199611800351
0.006130906257157898	0.752790324737663	0.24107876900517916
0.006943768597775901	0.7515393361198756	0.24151689528234865
0.003367089843172244	0.7985249352671512	0.19810797488967674
0.006472155662977708	0.794458915170045	0.19906892916697747
0.006466045813299737	0.7587325857651362	0.2348013684215641
0.002365657669296195	0.7628103766534622	0.23482396567724173
0.005525778809949977	0.8970755177313547	0.09739870345869536
0.006610885445291759	0.9082055511910603	0.0851835633636481
0.003418435936048292	0.9099546068072555	0.08662695725669634
0.004363478696694678	0.8142050274973498	0.18143149380595558
2.633136402548919E-4	0.7949558648489815	0.20478082151076366
0.007953925618685964	0.8058124490224668	0.18623362535884735
0.00791471242752484	0.8037501553043109	0.1883351322681644
0.0040464110636019845	0.7892696165124591	0.2066839724239391
0.0030054998829204815	0.7901324556959866	0.20686204442109316
0.005365564174429016	0.7854179942460197	0.20921644157955147
0.0024003167775849543	0.76404450581713	0.2335551774052851
0.0017193984081592117	0.7857255454522775	0.21255505613956346
0.0028870051253672147	0.8604045092880482	0.13670848558658472
0.005120947714964907	0.85209462181676	0.14278443046827524
0.0038249402179024727	0.9129188290146937	0.08325623076740396
0.005082767141383393	0.9198629310797556	0.07505430177886119
0.007123304028141153	0.9247147693525068	0.06816192661935205
0.0023047283337800373	0.9200631971460026	0.07763207452021748
0.005992061821717964	0.9098820511612075	0.08412588701707469
0.007044381684804479	0.8858506591330145	0.10710495918218121
0.001426616145280557	0.8830235347594918	0.11554984909522781
0.0011521831328150656	0.8792040593715954	0.1196437574955897
0.0059810949159965765	0.7271266503697523	0.26689225471425126
0.002895305458970099	0.788437760211053	0.20866693432997702
0.002616963513626114	0.797023406672665	0.20035962981370897
0.0029947378660458157	0.8189128053441808	0.1780924567897736
0.005722925424468839	0.8105332090371303	0.1837438655384009
0.003702203680697347	0.8000748958532917	0.19622290046601104
6.463190585201395E-4	0.811320474262496	0.188033206678984
0.0060576025566316805	0.7959823416997341	0.19796005574363434
0.0012794474799965316	0.826599978136741	0.1721205743832626
6.570871889413632E-4	0.9169590690270918	0.08238384378396696
0.005652159371143717	0.911867067941728	0.08248077268712845
0.002654468287841605	0.8930246473942297	0.10432088431792869
0.0016608424247271936	0.9127751508460061	0.08556400672926684
0.003378102084914625	0.9036039733041855	0.09301792461089992
0.0062979703565411715	0.9013808601464054	0.0923211694970536
0.005674301545740668	0.8982187064914547	0.09610699196280478
0.0028717622255682307	0.8647303022820655	0.1323979354923664
0.0011681661971135182	0.8431681351659204	0.15566369863696627
0.0051027055842655655	0.8271039153172866	0.16779337909844802
0.0038095149991024813	0.8130836708910647	0.18310681410983295
0.0016978841036845993	0.8989201041111409	0.09938201178517464
0.007219753092485792	0.9012500035084204	0.09153024339909396
0.0034829247515650863	0.9514568829356308	0.045060192312804226
0.0026310545107881	0.9391011086666021	0.05826783682260983
0.0038369294689670763	0.535307339922467	0.460855730608566
0.004783075746735144	0.5222212892246003	0.4729956350286647
0.002065418124140128	0.4685362650339935	0.5293983168418666
0.0071966997633928775	0.47348582225471625	0.519317477981891
0.006556470203046394	0.4891495040879481	0.5042940257090056
0.005575573657067623	0.3093509884621266	0.6850734378808059
0.001688896338245316	0.3285468872263512	0.6697642164354036
0.006522478781722185	0.3233263347248125	0.6701511864934655
3.4548145123708407E-4	0.23505402788415436	0.7646004906646087
0.004194598234552427	0.23777544979545648	0.7580299519699912
0.004064587562167377	0.2643474464726572	0.7315879659651756
0.005905961957805406	0.27588915845534645	0.7182048795868483
0.0037961865926470773	0.13135552844855947	0.8648482849587936
0.0019999384597711445	0.1318999897920004	0.8661000717482285
0.004207600850299309	0.167390531028543	0.8284018681211578
0.006595653932494838	0.15994401005537873	0.8334603360121265
0.0021142723468930424	0.1679325596303619	0.8299531680227452
0.007334439369066581	0.14928331222817343	0.8433822484027601
0.0010152631480953578	0.20587058371024455	0.7931141531416602
5.498518239192007E-4	0.12560847645304046	0.8738416717230405
0.006318411840071314	0.10482811663830735	0.8888534715216214
0.007000161037162778	0.21001601484865276	0.7829838241141847
0.006765844270689603	0.2563823381824436	0.7368518175468669
9.818377521563226E-4	0.25204395430036475	0.746974207947479
0.002765858719218084	0.28397767325244794	0.7132564680283342
0.002890397508708009	0.2813529942006869	0.7157566082906053
0.0041781627862657045	0.30178556513431315	0.6940362720794213
0.005973632046959942	0.3156900630355581	0.6783363049174822
0.003168506832904594	0.17957370250484678	0.8172577906622487
0.004523995607961073	0.16138757513641372	0.8340884292556253
6.87968678257822E-4	0.1913872320071455	0.8079247993145968
0.0025399524175699906	0.15469616420890547	0.8427638833735247
0.007038214055680669	0.1504743326323219	0.8424874533119976
0.005288513631778458	0.11859790248260837	0.8761135838856133
0.004164215596319465	0.8171701852526616	0.17866559915101904
4.207610118301952E-4	0.8284578724420318	0.17112136654613816
0.005890199046503952	0.8182163097645813	0.17589349118891487
0.0018010788305925507	0.8203910295455428	0.17780789162386482
0.0021884648430857134	0.8528503020528564	0.14496123310405803
5.655162952596382E-4	0.7601457937587655	0.23928868994597496
0.0011857010181978156	0.7586305680755128	0.24018373090628964
0.0034731683055228	0.7844614921120285	0.2120653395824488
9.625034647716135E-4	0.8113048093103612	0.18773268722486738
0.005124433122546679	0.8132114628992142	0.1816641039782393
0.0015295837733373396	0.8049189540622605	0.19355146216440228
0.001746865694739419	0.805291118687941	0.19296201561731965
7.338302131119634E-4	0.7970069182480021	0.20225925153888605
0.005442436900901015	0.7781094442829363	0.21644811881616288
0.003914955325913849	0.645576000267547	0.35050904440653924
0.004271797629655627	0.6358391219812427	0.35988908038910183
0.0016360422202504332	0.6637292661297867	0.334634691649963
0.006558560256844204	0.8593158996561364	0.1341255400870195
0.0015563102441977783	0.8455037764679307	0.15293991328787165
0.002376988431984528	0.9088001084394938	0.08882290312852181
0.0031049637582384326	0.8742961972206386	0.12259883902112317
0.0022032655416091007	0.870733979265208	0.12706275519318305
0.0065674447352280785	0.8748422033565092	0.11859035190826289
0.0041181261240089695	0.8599043773228187	0.13597749655317254
0.003365845837753012	0.8788327365851252	0.11780141757712181
0.0017407477545290928	0.9180525994540338	0.08020665279143713
0.0034694269823387636	0.9173331940659907	0.07919737895167078
0.006981096546731347	0.9007677414065476	0.09225116204672115
0.003304773178513909	0.8824225565350771	0.11427267028640908
0.006566060852265687	0.895183902282227	0.09825003686550743
0.0020067488697333435	0.8907757694827739	0.10721748164749284
0.0016684790998983678	0.835224656509591	0.16310686439051075
0.005217172254747826	0.8567389644217404	0.13804386332351198
0.005645763593691455	0.8282711605218872	0.1660830758844214
0.0040639235892230285	0.8501866112156727	0.14574946519510432
0.0031895789876049685	0.8391171957466613	0.1576932252657338
0.006947078188607625	0.8679974002491554	0.12505552156223723
0.005345718308578162	0.8659300891470947	0.1287241925443273
0.001999731931463855	0.8661050612692668	0.13189520679926953
0.002411802874684621	0.7847886420357466	0.21279955508956885
0.006304118069939191	0.8012343793317994	0.19246150259826145
0.005998518076751946	0.7940730848983237	0.19992839702492454
8.636357696835129E-4	0.9564644334194283	0.04267193081088838
0.0011158913446718821	0.9505132428264887	0.04837086582883943
0.0047853261656532475	0.6364808910336213	0.35873378280072554
0.0011121978423380141	0.6354811063485278	0.36340669580913426
0.006645329549046619	0.6829995245358592	0.3103551459150942
0.005827346697817537	0.624857428240301	0.36931522506188164
0.004729771114719061	0.6180694335822094	0.37720079530307155
0.006036207485061618	0.6490308182568008	0.34493297425813774
5.365716505524309E-4	0.6576084773024348	0.34185495104701286
0.0011701407266108688	0.6358745859117494	0.36295527336163985
8.939311411991224E-4	0.5539341707520016	0.44517189810679936
0.004299745731412341	0.322389875278457	0.6733103789901308
0.005742813970124494	0.504394306840477	0.48986287918939864
0.006239203241343472	0.5074483128649321	0.4863124838937246
0.006505419688131009	0.5247934095776563	0.4687011707342129
0.006816963114973762	0.5198832244572693	0.47329981242775704
0.00692076397046415	0.5075058265112989	0.4855734095182371
0.0071181868080792965	0.5241318573656528	0.46874995582626805
0.006141930408661844	0.6486100448939519	0.34524802469738636
0.002559477555884093	0.6489679347855599	0.348472587658556
7.827998432039518E-4	0.7582409042545015	0.24097629590229466
0.0023609829068247934	0.8012081706722471	0.19643084642092826
0.0025814638983831517	0.765768744005542	0.23164979209607506
0.003200550838255989	0.7373483539035005	0.2594510952582436
0.0040128941462666545	0.6849363394717101	0.31105076638202345
0.0029814824057204925	0.6844850034239511	0.3125335141703285
0.0028276134862934565	0.6765103519414848	0.320662034572222
0.005101506080773477	0.6591127329811521	0.33578576093807455
0.007137824680668425	0.6414927338772487	0.35136944144208293
0.0043136283035211664	0.6501843892367404	0.3455019824597386
0.001018708319971584	0.7076207700708388	0.2913605216091898
0.001513600835274409	0.7147424516310935	0.2837439475336322
0.004255838249965227	0.7591443505202757	0.2365998112297592
0.007166005315693724	0.7525000461413167	0.24033394854298976
0.002529886473193521	0.747969365657462	0.24950074786934462
0.005337627542521817	0.7647070400894606	0.2299553323680178
0.00791041202144005	0.7754666294939612	0.21662295848459895
0.002267335499272549	0.7424592157637651	0.25527344873696256
0.0073616916007660516	0.7364071009699478	0.2562312074292863
0.0015475035026850104	0.7219292772200416	0.2765232192772735
0.0043491933589461795	0.6281483160252193	0.3675024906158347
0.0069546981290237175	0.6214794347388255	0.37156586713215095
0.006215102847463294	0.6305629761897167	0.3632219209628202
0.003693188397761782	0.6754766710741983	0.32083014052804004
0.0036225280456394504	0.7252584442855068	0.27111902766885376
0.007921353520227659	0.2761335550591129	0.7159450914206595
0.00538799667984291	0.3114366113034152	0.683175392016742
0.0032367271708214074	0.3228249641905217	0.673938308638657
0.002384639273346756	0.2971279217708346	0.7004874389558188
0.0015457932228781779	0.36415024755385417	0.6343039592232678
0.0045608628620879	0.3754021708295227	0.6200369663083896
0.0012423583045642617	0.4018399712611932	0.5969176704342427
0.0016427340569675764	0.6037864231979587	0.39457084274507387
0.00790848768108754	0.6080883761377779	0.38400313618113474
0.006479417315121583	0.7074885790087524	0.28603200367612613
0.0032487451391107203	0.7444898126020854	0.252261442258804
0.0043563446061596345	0.7075098458454339	0.28813380954840667
0.0011929718515273913	0.703968803254287	0.2948382248941857
0.004338144128895383	0.5404375277541387	0.4552243281169661
8.845933060640521E-4	0.5534507040894332	0.44566470260450286
0.0013617949135695806	0.5374651991392638	0.4611730059471667
0.003412675517502628	0.5399467123087638	0.4566406121737338
0.007101161098919728	0.49552409291203947	0.4973747459890409
0.0029836242188883144	0.5057982152051674	0.49121816057594436
4.152024579812119E-4	0.5297441036621774	0.4698406938798415
0.0037076066126052742	0.5167164972700746	0.4795758961173202
0.00424708249796979	0.41478929481581034	0.58096362268622
0.006511167445145349	0.40047658382721024	0.5930122487276446
0.007842145327087713	0.37571661289908426	0.6164412417738282
0.005037988191024634	0.38007649269032684	0.6148855191186486
0.001836613744013449	0.3779056827506944	0.6202577035052923
0.0020589714288151706	0.3652354481629162	0.6327055804082687
0.0011480407325129005	0.3552194717530543	0.6436324875144329
5.111934395071183E-4	0.35331609220992155	0.6461727143505716
0.004034330329645008	0.645733062531328	0.3502326071390272
0.004923143047218526	0.6665745092686624	0.32850234768411934
0.005388358397478199	0.6528177604054242	0.34179388119709786
0.006020940090364579	0.6829267201453202	0.31105233976431534
0.006239592605297606	0.702633314129552	0.2911270932651505
0.006556598461920193	0.7111689193991333	0.2822744821389467
3.664590655375055E-4	0.7578024879206355	0.2418310530138271
0.006926183274504172	0.758072948656584	0.23500086806891182
6.444924219795589E-4	0.747134342135019	0.2522211654430016
0.007566117602006928	0.8128538987375298	0.17957998366046338
0.0024378454669868876	0.8336994531936022	0.1638627013394111
0.0021272686180955347	0.8853583779043768	0.11251435347752797
0.005786814127322737	0.9527522294248704	0.04146095644780695
0.004188153497282188	0.940775511294852	0.055036335207865994
0.004398339136290119	0.9371568610259814	0.058444799837728656
0.0037951290508758673	0.9200845361139968	0.07612033483512742
0.006484760880349938	0.9372822667485927	0.056232972371057455
0.002603501133444819	0.9369233292487212	0.060473169617834
0.0049072601218350664	0.9365646601166148	0.05852807976155028
0.002848907938417411	0.9120441315570498	0.08510696050453301
0.003957477641959195	0.9138527569653612	0.08218976539267975
0.0011898942656782818	0.9279774747795648	0.070832630954757
3.126097090573321E-4	0.9498621601544919	0.04982523013645085
0.007081314706794739	0.9358085340780491	0.05711015121515628
0.006948613075913879	0.9492697279900567	0.04378165893402963
0.002923662048437803	0.9028057777165363	0.09427056023502603
0.0035546500780764267	0.9097322440148311	0.08671310590709258
0.004293048789768716	0.887200475162737	0.10850647604749439
5.203855582986971E-4	0.8958299317112832	0.10364968273041825
0.0065173680932341105	0.9115608171916203	0.0819218147151457
0.007347321064219758	0.8866879780841216	0.10596470085165868
0.005907383328604188	0.9211174524598575	0.07297516421153838
0.004864022809997537	0.9223898100767243	0.0727461671132783
0.0048101477034062645	0.9470959660798483	0.048093886216745596
0.004246826923305358	0.9376885187307863	0.05806465434590846
0.007195736958947374	0.914119293576183	0.07868496946486964
0.0011044984689553283	0.9084743043377173	0.09042119719332758
0.00242517743332904	0.8703361177735124	0.12723870479315874
0.0049567565327877094	0.7461130690135671	0.24893017445364532
0.004890067096842532	0.7380975627457573	0.2570123701574002
0.004574271079227921	0.7674985873828515	0.22792714153792065
0.002297309602940667	0.7754260809660352	0.2222766094310242
0.0026020101231130077	0.735149923486814	0.26224806639007325
0.005061883361997199	0.7183304910342638	0.27660762560373914
0.004572114195072585	0.7326133017087213	0.2628145840962062
0.00534616239855823	0.7377537621079355	0.2569000754935063
0.006684084177159655	0.7783083057055317	0.21500761011730882
0.004207109704185363	0.8599898312465054	0.13580305904930934
0.0027789540025049964	0.8807578656473117	0.11646318035018341
0.0072777954246567855	0.8560332204743414	0.13668898410100191
0.003009254929336458	0.8456035530859461	0.15138719198471756
0.0043006651459592815	0.8197520132691889	0.17594732158485193
0.006829226093917229	0.8277293602549796	0.1654414136511033
6.196591078970748E-4	0.8066037307428912	0.1927766101492119
0.0018460572007513165	0.8641119607342176	0.13404198206503123
0.004071535503265888	0.8911485169945496	0.10477994750218464
0.0021749277925868227	0.8744410443713382	0.1233840278360751
0.003842104326224449	0.9164563586100395	0.07970153706373623
0.0019802301201204964	0.9154706308858079	0.08254913899407157
0.00612399471959324	0.924934170368715	0.06894183491169187
0.007036735575962461	0.9452684714516202	0.04769479297241752
0.002668248631251424	0.9379630735743619	0.059368677794386704
0.0025448501299135118	0.9370433707638192	0.06041177910626755
0.002729775157631009	0.9294160481481454	0.06785417669422383
0.005405660741305274	0.8897778295204237	0.10481650973827111
0.007835627185812266	0.6675188403888448	0.3246455324253431
0.003429825643666007	0.7036243748411856	0.29294579951514854
0.0047228632428378825	0.7080557616994834	0.28722137505767886
0.0028502451920437988	0.695414372988898	0.30173538181905846
0.003237521439617308	0.6643145604791638	0.33244791808121893
0.005053605209667689	0.6190670195253023	0.37587937526503007
0.005395135300478748	0.5882106098369381	0.4063942548625833
0.0034378954381825144	0.5017730482739591	0.4947890562878586
0.0053888889943033425	0.4820788242865438	0.5125322867191531
8.631426750319582E-4	0.47041327521409726	0.5287235821108709
0.0070520949551778345	0.08741780741791322	0.905530097626909
9.635952270390935E-4	0.07822727972236643	0.9208091250505945
5.32480711851413E-4	0.08055289465387294	0.9189146246342759
0.00591336595160924	0.04548229181886998	0.9486043422295208
0.0011813955847965185	0.056363703711623137	0.9424549007035805
7.257183999165306E-4	0.04778778955933216	0.9514864920407514
0.0071774246119473695	0.05119162606851624	0.9416309493195365
0.0011777079053412742	0.057657228186367926	0.9411650639082909
0.0043341925507518475	0.08649629417332333	0.9091695132759249
0.0012014981079090936	0.18482258136705276	0.8139759205250383
0.004254785096763525	0.19174515133202832	0.8040000635712083
0.0022350891413697727	0.28113495343885236	0.716629957419778
0.001916447165154045	0.2886459956337608	0.7094375572010854
0.00644306173191761	0.29634261717966925	0.6972143210884133
0.003015017962299804	0.26684855365869514	0.7301364283790052
0.005681687185552342	0.2778021447030869	0.716516168111361
0.0012611982351695694	0.2797842651696186	0.718954536595212
0.005377490028389109	0.5408733763701077	0.4537491336015034
0.006809081307991627	0.5583825921190435	0.434808326572965
0.003641912061145669	0.5769264609381936	0.41943162700066094
8.296409129359139E-4	0.5455333082296853	0.45363705085737893
0.004367447609234021	0.4851646221677072	0.5104679302230589
0.0032223697745620283	0.48496205102721834	0.5118155791982197
0.006523017323496694	0.4497636436740256	0.5437133390024779
0.0012397307278885217	0.3963648477374608	0.6023954215346509
0.0067541566963310595	0.3975405136158508	0.5957053296878183
0.00673566576635698	0.39679066690363535	0.5964736673300077
0.00204577926481897	0.40375594056894454	0.5941982801662367
0.006594692503207322	0.4034426238506025	0.5899626836461904
9.6333173255575E-4	0.45412622332608493	0.5449104449413594
0.006067383203553656	0.48579640512584576	0.5081362116706006
0.0013829462036562545	0.48333682335930195	0.515280230437042
0.004723776679299352	0.45919880948515474	0.536077413835546
0.002246126971459317	0.420973653885393	0.5767802191431478
0.006316044519769748	0.44339658425975104	0.5502873712204793
0.003253540663316512	0.4451241181972585	0.5516223411394251
0.005354609101151486	0.4478103980760816	0.546834992822767
0.004190373824801974	0.5388573573736688	0.4569522688015294
0.0017657295283458607	0.5239311399389558	0.47430313053269846
0.0016360758884740867	0.5626329253300436	0.4357309987814824
0.004401128308218816	0.5618358861241548	0.43376298556762655
0.006965024181430246	0.5652317705309126	0.42780320528765736
0.002837126456024186	0.5986562791818217	0.3985065943621542
0.004388489489454694	0.6039355996980945	0.3916759108124509
0.002171551884588785	0.6018934518020528	0.3959349963133586
0.007403449387578642	0.603056668376382	0.38953988223603947
0.00557307399774698	0.5393235222767376	0.45510340372551555
0.002347446080644633	0.510011675672802	0.4876408782465535
2.6472556058265706E-4	0.5133271462131227	0.48640812822629476
0.0032036477662594764	0.7907379882309435	0.20605836400279715
0.006730175401073624	0.8337989591103	0.15947086548862646
0.005038476239009326	0.8316261826026297	0.16333534115836118
0.006098769804402382	0.7735642986847959	0.2203369315108018
0.005994966300427396	0.8280393476556636	0.16596568604390916
0.002570764989510421	0.8190818349636366	0.17834740004685312
0.00729181116605887	0.8250831423869358	0.16762504644700535
7.379064909386335E-4	0.8552152564713933	0.14404683703766819
0.002682308202565098	0.9385147762844126	0.0588029155130223
0.0035811518564466405	0.9338837801124183	0.06253506803113523
0.0016905447711820232	0.9444830282327819	0.05382642699603629
3.773324197483552E-4	0.9492425640389476	0.05038010354130429
0.004659862909280055	0.9351452337122572	0.060194903378462894
0.0014972157004395359	0.9394050538913379	0.05909773040822275
7.723958063017289E-4	0.956525486195149	0.04270211799854934
0.002873561320628326	0.9531539492177123	0.043972489461659436
0.0015575051923256145	0.9206971948277408	0.07774529997993362
0.006235237114295411	0.9208501201944975	0.07291464269120729
5.414576844292029E-4	0.8981971456253267	0.1012613966902442
0.0050015873030376246	0.6503695810285991	0.34462883166836333
0.005250803174648655	0.4722375392609849	0.5225116575643666
0.0076349093041373495	0.4254712101271012	0.5668938805687616
0.00719118265091323	0.4463772753925795	0.5464315419565074
0.0035651040681126123	0.4469033475023211	0.5495315484295664
0.006462199146770042	0.4558594889982123	0.5376783118550177
0.004804867709981175	0.24047435323615263	0.7547207790538664
0.005853930346152336	0.2921801049513331	0.7019659647025147
0.0022637990893760174	0.5401437272158933	0.4575924736947309
0.005246089089261163	0.5449273164919428	0.4498265944187962
0.0030886594778319343	0.5724614521875484	0.4244498883346198
1.9407483700767392E-4	0.5753406056871703	0.4244653194758222
0.004065176760820466	0.6021818150771254	0.3937530081620543
0.0010402263380980825	0.6397245963180838	0.3592351773438184
0.0014596580401090575	0.5752155778297517	0.42332476413013936
0.007129508367912429	0.5686853786639465	0.42418511296814115
0.005746212337387424	0.586820741548306	0.40743304611430675
0.0026344345463100716	0.5979534759562484	0.3994120894974416
0.005733578131071004	0.5978220506765447	0.39644437119238446
0.003496222241843039	0.48079483745328844	0.5157089403048687
0.007952256971520133	0.4831936915657281	0.5088540514627519
6.803967784584919E-4	0.4955251890083565	0.5037944142131852
0.0024605099022652066	0.4768476126052496	0.5206918774924852
0.002188880526394432	0.4912653357716218	0.5065457837019839
0.002179952181115108	0.49032706349423627	0.5074929843246487
0.005012276662546111	0.5098183399227603	0.4851693834146937
0.0077599926338732805	0.49635567750093185	0.49588432986519493
0.0010216919108230194	0.4981758232322415	0.5008024848569356
0.006049325877127254	0.5034931334708217	0.49045754065205116
0.005419921081419421	0.5342108517353911	0.4603692271831896
2.2102706831395036E-4	0.5533069698384332	0.446472003093253
0.0035568500726963492	0.484255816107956	0.5121873338193478
0.001057370664873769	0.474583909126269	0.5243587202088574
0.003925120566982909	0.46940885135468496	0.5266660280783322
0.007142635625153104	0.4734517894612961	0.5194055749135509
0.0037022842800286115	0.5086753542762436	0.48762236144372795
