0.046532825970892894	0.16172399017173011	0.13756644890324032	0.15709236110474994	0.03593833539868811	0.1680782242827275	0.07390525967247483	0.04064836274876841	0.009298856434697009	0.16921533531203087
0.14765180997024974	0.03410418505296885	0.09078438750175248	0.13243974713613707	0.07306825055664101	0.17480580784619099	0.11155527082157157	0.05046222919476015	0.022812349607603727	0.1623159623121243
0.06968363080164076	0.04918095492820956	0.12351146529461937	0.1564871473867741	0.07480166365728766	0.18893320258065285	0.11093929669968197	0.053400010488011004	0.01638737283514742	0.15667525532797527
0.076984888818997	0.05592013511440449	0.1599048020619666	0.1075770606592616	0.028659105682376382	0.23157716863580624	0.11198419113150022	0.048963621246857644	0.007598639924853032	0.17083038672397674
0.18184514791912199	0.032947351050917034	0.09244159493389978	0.11601890059313777	0.03604648003545663	0.20615165777948613	0.10342397728524612	0.048857344896307754	0.02591328388039227	0.15635426162603444
0.06695281529159723	0.03858600007187666	0.16109599637205976	0.120572338001246	0.0718674794223183	0.2007993785519007	0.11253529041089552	0.04094981642357872	0.020386168096062945	0.16625471735846414
0.046305306172891705	0.030826642778291377	0.10996721640765729	0.13151623706180526	0.06452982936664	0.2680626699989093	0.11098564575596818	0.03961490175581257	0.008009788360321526	0.19018176234170275
0.05137435285040373	0.05921640181702958	0.11521464029449018	0.15859875793907724	0.04267375485029005	0.23113428919115608	0.11054751692578431	0.039489300729728026	0.03416884966336757	0.15758213573867327
0.06855803812203964	0.05069923546613538	0.13284670511573338	0.14239305078033881	0.03681618037254922	0.2526960927545737	0.10828283207584508	0.04117264638015616	0.026831156680609036	0.13970406225201965
0.03809217152388171	0.20644444586453858	0.1270591354402797	0.12595238406211662	0.034273285372051154	0.16515258588778095	0.09393831083131597	0.04512604670338285	0.017545813949640762	0.14641582036501172
0.030352644167815537	0.15627522914115105	0.11215128776388072	0.15617242421530453	0.059398124677322216	0.1612987591564782	0.10571372310517592	0.039483133027100104	0.034407770887913594	0.14474690385785816
0.17506582871240434	0.060628348641264346	0.12105963879282794	0.15362676985330626	0.03218597360752974	0.16218309428716166	0.08969195239049997	0.03933353134083843	0.0246415430924712	0.14158331928169599
0.052023898117651304	0.06081977627698037	0.11172644928870236	0.15090032493505048	0.06218773515373107	0.248948674520793	0.10603219210437644	0.04504779110018366	0.02368862732389586	0.1386245311786355
0.10712009998107616	0.12731746070658917	0.0894955343855736	0.10341113720916423	0.030308578204330236	0.19156097183274923	0.10233368192529022	0.03796547735233529	0.009044792434970167	0.20144226596792164
0.07990423218166637	0.12719241344138643	0.10347132131746717	0.11956917745361939	0.07518790664264613	0.1681056303474225	0.1069565829421008	0.042282062472799545	0.008820026302058054	0.1685106468988336
0.02390434769965083	0.17077345925820164	0.15283314472334142	0.1062875864581536	0.036963513033320766	0.1640929929043053	0.08868333629170451	0.04983240986066641	0.02707947363221276	0.1795497361384428
0.16262947262787156	0.029353625377479972	0.10137140777121309	0.10676684613569958	0.06955004320737926	0.2283499288281431	0.07159241631931398	0.05204703856459421	0.022973378076393214	0.15536584309191193
0.07718494893179718	0.042847013460933774	0.12300620357045962	0.15576150627581437	0.03422568164953384	0.2631536185929544	0.10612496360503369	0.04081111376703805	0.014407980451645652	0.14247696969478937
0.04056564194392748	0.11086323683307377	0.12013849796662701	0.14689006945070915	0.034964672000637076	0.1767817054716063	0.11292874122911226	0.05102232217964381	0.026667122242781394	0.17917799068188173
0.05410581239240768	0.06573243283928829	0.10674532764987307	0.10388662955994232	0.07463536292327047	0.25345144196771513	0.10300463785257412	0.05413916147795297	0.017875816208892656	0.1664233771280833
0.03678029256566201	0.050534304445773115	0.12568302688737618	0.11855446987560046	0.060433362497167	0.25756986117013964	0.08142067391400648	0.05090861787238415	0.026965376971277086	0.19115001380061386
0.02514644468722417	0.07816666564915276	0.166664102792367	0.11360838255811746	0.07064226320112985	0.24445314616087155	0.09320452925328186	0.043079127799054484	0.013324490742836342	0.15171084715596453
0.155380598998764	0.05557561747071003	0.12806937739919036	0.11606659562507204	0.04061355539075157	0.22779138341824257	0.07715323790828119	0.0463944271707663	0.014847919580782368	0.13810728703743946
0.053555319827266565	0.11616318678638565	0.11318812807663683	0.12392839861451962	0.05003303427783238	0.21324839679303265	0.07203824541198381	0.049229812903856286	0.008887958573371532	0.19972751873511468
0.08630131331424228	0.02859559572230129	0.08935471681905142	0.15632991439454344	0.07529434670575286	0.21518569277387803	0.08205799128773505	0.049036760093384306	0.03166140078483726	0.186182268104274
0.05495371404707586	0.0840881728109612	0.12932553335182898	0.11963423811898242	0.07507598158376623	0.19466120834086806	0.10647539516003536	0.03919791988219541	0.02116809244514689	0.1754197442591396
0.16779778440344661	0.05781831558283934	0.10068197931458436	0.13611776715908702	0.035056208732387004	0.18766942138263515	0.08633578616091654	0.0407010665473898	0.03543748626536396	0.1523841844513501
0.11598179795569923	0.055391474087292975	0.11360879050342607	0.13715215982048887	0.07310495123937641	0.2254128822248233	0.0821862797758294	0.04479851373927875	0.01203369346598622	0.14032945718779868
0.045883100213338954	0.13446515533510417	0.14721589219908832	0.14215299096600054	0.05762068319447688	0.16564078229428922	0.09326548921829017	0.04818187491729805	0.013547462260753915	0.15202656940135975
0.10369641532942737	0.08592884721380524	0.12432595353093309	0.1076369603879471	0.0560448499640857	0.19223286567737707	0.07852159953833238	0.04895280266567683	0.012409681663532082	0.19025002402888314
0.0726834924208307	0.07171873253136432	0.14894699968321518	0.14383490041437186	0.03217455725440305	0.22474576430985227	0.10235235439771456	0.037808078032052786	0.018971604612842474	0.14676351634335283
0.05030303065047938	0.10226186208114643	0.11250127040559188	0.10535246913254351	0.053397309608955376	0.2464845175280873	0.11320095724805658	0.045268756226460455	0.03188327810427348	0.1393465490144056
0.029770013846099938	0.08796211397272027	0.11661119537279635	0.14433553539278435	0.041207097000169224	0.2099434414812118	0.1095112099843355	0.04641661929244448	0.021652999440663928	0.19258977421677415
0.07903051713651003	0.031099300981441272	0.11937394657364125	0.1433417264778526	0.05860003435667832	0.23277955152645102	0.08354978809096086	0.04401920795335704	0.01035180307519859	0.19785412382790896
0.19688169810275777	0.04660608391646359	0.10272993263767365	0.12133626540316433	0.057302838289235464	0.1602623599934565	0.10138961388622333	0.05317445359186403	0.02070837204071184	0.1396083821384493
0.13200569054208217	0.05281790102650017	0.10651733674451284	0.1465803905102256	0.07457986467660362	0.19429468733171318	0.08467045568430434	0.05381235103191514	0.017735544979470552	0.1369857774726723
0.143415855928895	0.052683095557536704	0.13039387487253334	0.12225034547208548	0.06132821470468799	0.1740150423265599	0.11011201514922977	0.043416523601045344	0.014793607540247389	0.147591424847179
0.14492683952632188	0.040330513445581986	0.09769300833174496	0.15887552523441834	0.035419867987095774	0.17364065355874803	0.08853773317408045	0.04819504006978201	0.02533816971310386	0.18704264895912265
0.12639143284385423	0.04905029787314238	0.15334327326951036	0.11728885948422635	0.041303482416159686	0.1587933948670947	0.10225034929583378	0.04483621665278653	0.015632144323061897	0.19111054897433
0.18037328159913724	0.04946192806472022	0.14395532408225223	0.1168717003305248	0.05564701934770713	0.15934400907937318	0.08981680240416291	0.04016662763728587	0.007485553156628702	0.1568777542982076
0.11816065763669947	0.07309563560813129	0.1028088566885082	0.10778965159999747	0.05288065631451904	0.23717798503981236	0.10869409685779113	0.04833642487123555	0.00855623225209065	0.14249980313121483
0.08564245472529007	0.03678028072007662	0.10361555445921079	0.1160617925075901	0.04587913416953814	0.2544512834230728	0.0922520489668899	0.0430470210540315	0.03447422896241685	0.1877962010118832
0.0683646684250396	0.03619267963246606	0.16112667249974974	0.14097561880616763	0.07500949574843926	0.1852093737844983	0.10906593826546204	0.04827864825227722	0.033396357820523886	0.14238054676537623
0.036958233356047976	0.12425812644518824	0.13684904015029836	0.1153158801393132	0.030350980600651015	0.20878251769215278	0.09977710067633716	0.05209750447606681	0.021000558282182558	0.17461005818176195
0.04748737887930247	0.09049061160437862	0.1286312476442773	0.14970701651258947	0.06598737615214802	0.21374080347991656	0.09248515780468033	0.039522341692133686	0.015587933473959661	0.1563601327566139
0.09413024034720678	0.15812561965845068	0.11184217011250895	0.10767884637218897	0.03961141155036127	0.21090756917900644	0.07937257917734904	0.04475440631522766	0.007266793786882789	0.14631036350081741
0.05982686880901829	0.07394762906335794	0.10175006742708613	0.11104008196432574	0.07238400557824791	0.24726970744087767	0.07996641705956424	0.03751793898684299	0.03092886451387057	0.18536841915680852
0.09045896145760485	0.16081065563653385	0.09597974558946826	0.10702779451745169	0.0304986277834364	0.2213962939075949	0.08676143620567345	0.05088841406621518	0.006660895981261503	0.14951717485475985
0.034560529885721766	0.230701394791544	0.1079488840351104	0.10469371292007584	0.0348315871498219	0.1621506001122715	0.09877458203518234	0.049643029226224065	0.029916416607548124	0.1467792632365001
0.07615007012396927	0.08189280404015309	0.13925442526742016	0.16231263304149118	0.07045045171813602	0.16430728874467937	0.10924431838276198	0.0440143725765993	0.013094689829552683	0.13927894627523688
0.09476887268912913	0.05086515808877694	0.1528641868793929	0.11014286398399088	0.051879871771663866	0.1976379308872131	0.10133936446982456	0.039210551077930665	0.026863035913604116	0.1744281642384738
0.041882138832407545	0.08067370226162843	0.15620794671108218	0.1530374341216853	0.06381917782053681	0.17452036825606332	0.08313183547202344	0.04122491013170788	0.0104625938092264	0.19503989258363874
0.1273093212434171	0.04926002478978264	0.13478249214555876	0.14286408146181367	0.04171156087314805	0.1714023408959633	0.11307701530818784	0.03859438463117989	0.03288518123183279	0.14811359741911587
0.11291727434209474	0.0647119665126944	0.14424909222678564	0.11176034216324314	0.06452340897510761	0.18408158459550983	0.08571559708935866	0.05267218396269475	0.030595911198705694	0.14877263893380546
0.04027321353979961	0.10539263892179776	0.09864142584211207	0.1558237113983628	0.030621578814399336	0.2357167599815923	0.1029468582088804	0.04033310583486361	0.034514364014534865	0.15573634344365725
0.025079726207629147	0.10813135253895725	0.12954395072312563	0.12816164003352593	0.06574359668894184	0.2617517187480495	0.07745692064452683	0.05061443422096882	0.008544487310239768	0.14497217288403538
0.0508737299611218	0.12526527275488442	0.11670125851128	0.14797504700927025	0.03910574608355779	0.21364594055890862	0.07716795201728749	0.04391769549648907	0.010355465838341404	0.1749918917688592
0.03602027043405995	0.12389202134031684	0.12897395221007685	0.12340017348802253	0.048659035347572405	0.21827257236966724	0.08626167059873241	0.0543527667252349	0.022898070372874654	0.15726946711344225
0.024008242865264123	0.1481279371375899	0.11957696885004462	0.10702700105951979	0.06360589134468872	0.19776369620991832	0.10878360888027933	0.051604219541339855	0.03508179293705309	0.14442064117430226
0.04332326416075527	0.235006831351312	0.10172737425703013	0.11216848719577852	0.06157735574471747	0.16965662445474916	0.08281764690540486	0.04525830785507879	0.00957128514054803	0.13889282293462574
0.02364283273465205	0.0842554134598894	0.09354051391550192	0.16164819860818333	0.05172392228452561	0.2647659299838671	0.08893732676088911	0.04198409900372622	0.021266789583382475	0.1682349736653828
0.06327133031659954	0.08092030220847675	0.14692664304276115	0.13286420199845947	0.037158550717910716	0.20223390417251974	0.09228457311999148	0.045386845046448986	0.024766587837779297	0.1741870615390529
0.16971523237979635	0.0679261872969038	0.09092422104283818	0.1448521192684018	0.04147580127273434	0.16243523764106632	0.07725175185405267	0.050075054423953776	0.012653157607090751	0.18269123721316188
0.06651293226695684	0.07507329395147064	0.14830649186013195	0.11319274549546396	0.03680539983000285	0.24277821518591852	0.08199294443231636	0.04512717575903198	0.0156448648529372	0.17456593636576972
0.060916671415827434	0.18811573305804458	0.10736150730556487	0.12538029643888293	0.03282771000499368	0.18042208695754508	0.07604746941491786	0.03792630634988557	0.03620670712214541	0.1547955119321926
0.07981433259404047	0.10714113367747041	0.10636012122172527	0.14747484186786655	0.06023454779826629	0.18652692382462607	0.08864560122350965	0.041233295854023806	0.008474996889382413	0.17409420504908907
0.019677357334858286	0.05290374142660694	0.12706845395120436	0.13331568987058412	0.07074812361064936	0.2494844937827862	0.0765959409536757	0.04752116892424292	0.035000780872125825	0.18768424927326632
0.08735536540645052	0.06549024109292251	0.16028418570867897	0.12976800698269153	0.031090077020677162	0.21931557942641286	0.0869943369833563	0.05235162139833709	0.02506214817593845	0.1422884378045346
0.07663360323072096	0.0756791118573501	0.1319560695956885	0.1380374312840395	0.05290959210123253	0.22486707533336978	0.07630712358702982	0.03977752733354668	0.02074202351926646	0.16309044215775562
0.10278649575644824	0.1571579697587632	0.09848588981094296	0.12862075738942946	0.030233501613418104	0.1688950703769952	0.10503559914715682	0.0494554860731284	0.015544379644861175	0.14378485042885636
0.10000845318613823	0.05793997742050687	0.13337844040289967	0.14696735094932767	0.048420456009804186	0.17292700134168748	0.08717461595352305	0.04785078504733793	0.03353228872924578	0.17180063095952908
0.12331908679968279	0.0968922420193952	0.10172226424892367	0.12074057071587699	0.03438261177998517	0.22276684486363113	0.07542943733488586	0.05182936928375826	0.017111237101288437	0.1558063358525724
0.04539575145650452	0.0312982984952192	0.11210480500269662	0.15591069706569358	0.07095794470537126	0.2597102957013073	0.07584196845951216	0.04732105919081306	0.009329532427084522	0.19212964749579778
0.10214023110534373	0.13124554434595537	0.11380535775876376	0.12850778264948165	0.038411947285655765	0.15762037937650908	0.11237231254142216	0.03803686129600481	0.021796617921614914	0.15606296571924874
0.026703610023535454	0.12632711203352134	0.16089737443317526	0.111112580305161	0.07376669039984038	0.1735174564084657	0.10444248576225142	0.03848658366645125	0.010758149987140461	0.17398795698045777
0.14937090628811162	0.0681059552901658	0.105232512231705	0.11081272013068717	0.053134606023642963	0.18296058927533837	0.11217351433579788	0.04994173227896263	0.019858752888670964	0.1484087112569175
0.07498660579947955	0.08242881229042175	0.14462205284684782	0.14684366809988375	0.030223809518697964	0.16084696419836841	0.10572024166743249	0.045483802787622304	0.013395159652614744	0.1954488831386312
0.054839815940388836	0.16569735947218955	0.09092353306368019	0.15631474259522798	0.06234294304858777	0.1630023253597151	0.07885996207652922	0.04175841379610471	0.023856204667344658	0.16240469998023194
0.12632100826722586	0.08942090888400066	0.0909782530425266	0.14651880586859783	0.03548453609001016	0.1913778250716913	0.07504869358211524	0.04112865149051691	0.030710153065273083	0.17301116463804228
0.08269141367724749	0.03224162639405932	0.14715533408226988	0.1358430241238182	0.07032996246402215	0.20741649633487647	0.09377056723980486	0.05392000827081175	0.006566701721938448	0.17006486569115137
0.034642024406483826	0.03824575701559996	0.1105861556184672	0.13455338022104937	0.0705407365698754	0.2503316682344044	0.10897322399400378	0.04423239990357618	0.03332275923922705	0.1745718947973129
0.05624613714493117	0.05498306193552563	0.16494295898826275	0.1318736500456113	0.056752976035897226	0.21131926561919862	0.08005829659264724	0.04948992262424994	0.02854758296691806	0.16578614804675806
0.09067780566745065	0.09291955158580031	0.09453203750504485	0.15861132853806717	0.030833395178378478	0.2322875978152768	0.0929932415594054	0.04175502395975461	0.026670031545829753	0.1387199866449919
0.06326630888168114	0.07440115590044903	0.10994630058087947	0.14240311907488606	0.0299624434833774	0.2491034311437772	0.10474245407578317	0.03886742388775582	0.03212186401021673	0.15518549896119394
0.08082049280313017	0.06506393535067465	0.14157093586234784	0.12243556850264757	0.0603888849952132	0.18405203476693072	0.09199524023975762	0.040705887238736256	0.0141178903556064	0.19884912988495557
0.1054503801714386	0.10894389156082013	0.11373005532276033	0.10500277306946787	0.028658874196335934	0.18700374878465553	0.07666499426698692	0.051600081444052814	0.03471077184459313	0.18823442933888873
0.049322603812932034	0.1424149314969891	0.10923456752351549	0.15492505844543303	0.05237007773115024	0.1798748442765769	0.10525718645890055	0.038527661671081015	0.022716848221229616	0.145356220362192
0.1255746476807149	0.0770220121835587	0.12026416445224565	0.14806353004851466	0.03901348490331312	0.16750791472112214	0.09593309052220103	0.04413098816609742	0.011813344149124327	0.17067682317310792
0.01875823261507817	0.07443394738882296	0.13267234957766147	0.10721747119520308	0.06851381905260581	0.2578093322468876	0.09822539082953266	0.037519509924209445	0.00812660718136006	0.19672333998863872
0.15757319321711893	0.06273385565492323	0.09004371984674156	0.13679655545233713	0.051805276384545455	0.20944421861380322	0.07993291451107698	0.04433090745718082	0.026818841266600515	0.140520517595672
0.19965342943132075	0.03641313205350172	0.09093407953062371	0.11473192728108411	0.047788405539152486	0.16233718181621606	0.1107345252132945	0.04370493274237872	0.01283010094197612	0.18087228545045164
0.08888520492224403	0.03244724468616976	0.12439856844839212	0.1498985067017138	0.05292771255049084	0.20017071679539672	0.10234541680158912	0.04077061635566688	0.03407856368626308	0.17407744905207356
0.031414858288739245	0.060036725591518035	0.16345715912800318	0.16030865686124385	0.04944774077138821	0.21558944118605355	0.09867144487076404	0.05050476544016281	0.026981636459555466	0.14358757140257164
0.09440807873476058	0.0493008793370297	0.09387625724928803	0.1524365178361951	0.029801266654047878	0.2649234288174609	0.10447855037564335	0.037348618596159344	0.02003721677781614	0.15338918562159898
0.020192996795187226	0.07934545392933035	0.16188006485899592	0.12138360251569866	0.05275080517332181	0.22722390495193695	0.11183116537806127	0.040852819299625545	0.006659049453720159	0.17788013764412214
0.03993419816088128	0.03188166394010289	0.13790209802821446	0.15609905849046263	0.0609626382641745	0.23896367930014456	0.1054360602241911	0.046457283604481855	0.030466223367330875	0.15189709662001583
0.05288360960314395	0.1066431915713624	0.1441224434967374	0.13439732886229241	0.04750736239226017	0.21223534109967582	0.07406768944377867	0.04412289505713973	0.017104838325656055	0.16691530014795336
0.06056722933793529	0.10154547433702801	0.12142395217060944	0.14945106862853286	0.06259360207370564	0.1887520724853131	0.10057204325033027	0.03738336153518167	0.022867646525688318	0.15484354965567543
0.03697248797890426	0.0860867081117038	0.1462811109355338	0.14451789343511823	0.058355044249038625	0.21630601472160454	0.08332467170874719	0.042391488800962544	0.03440455524721807	0.15136002481116898
0.023233474802340545	0.1523144917347161	0.11479264926394725	0.12967717058481765	0.04658158511711607	0.17540989198963938	0.08842439625787608	0.0508111424588976	0.02212737096198117	0.19662782682866814
0.16898699113501936	0.056200600761224996	0.1075997534389439	0.12451593286943259	0.029582281091206794	0.17363440727423246	0.1130275466903791	0.03740063523160128	0.031778558688840094	0.15727329281911934
0.029273388924659097	0.0871716902611244	0.14778237189055243	0.1498849175933164	0.05749274200116863	0.1958641329118981	0.09840217983109757	0.04379763227282427	0.029620656450373428	0.1607102878629857
0.023627451934499194	0.17481808274124422	0.12626166562359525	0.13921697398364943	0.03217642299689978	0.20995966687497103	0.08325451876194075	0.04196053568219472	0.014315544757850296	0.1544091366431553
0.11393584813918814	0.07948841415889818	0.14055152421736755	0.11587973132090765	0.06867636238106455	0.17266156996968293	0.09311948078894461	0.039297467236426735	0.01081709156758319	0.16557251021993646
0.029374595756539765	0.10668831411549905	0.11149734917852078	0.12346057450696754	0.05731564822656636	0.20823261311099467	0.09693122699036891	0.04843272815545163	0.026827153088781627	0.19123979687030968
0.08564179901786018	0.052785630917571325	0.145460087718023	0.15586210520430985	0.0537876981317191	0.2199714297965234	0.08488894438771194	0.040462012976359554	0.01256439397196088	0.14857589787796077
0.03268660499835967	0.11210750124065003	0.16088240900208414	0.13485349064283197	0.03719372425337396	0.21755073471943925	0.0766727333324438	0.0433834147499875	0.026072915704998076	0.1585964713558316
0.048514665077136976	0.04373957889912923	0.10328434739388961	0.13236731784303696	0.04689850087631289	0.2659314369805238	0.11096356331060381	0.05199115812343265	0.014610934118115912	0.18169849737781818
0.12592502520460402	0.14326029110768929	0.10558526744325647	0.10865562298183642	0.031239681107174996	0.17617352303885447	0.08445724522580317	0.04849608451773612	0.016672621399489218	0.15953463797355572
0.11801134741092259	0.10781951769171647	0.09758024149499038	0.1284634004109132	0.051904195553128446	0.1645661035859071	0.07621114329359954	0.050648351378718044	0.03677291905157265	0.1680227801285315
0.08078225403620706	0.08037596691152622	0.12785629094162548	0.10740378791394604	0.05882396753844507	0.2155952569218291	0.09080517074614744	0.04095859088927011	0.012115603062454267	0.18528311103854914
0.02891159166032066	0.08678737978172224	0.11269977869127719	0.1378631121817914	0.029824977254990753	0.26312461919454955	0.08772017246131034	0.049160575187552	0.015769345879807675	0.18813844770667817
0.09611270682606803	0.0755870265624214	0.1181306699130833	0.10518422186820424	0.07548057386284057	0.18363718335550355	0.09752543560173263	0.047623150050045214	0.013332127958769521	0.18738690400133146
0.18766041829024935	0.037027063116104056	0.1098929387264759	0.15953111596016847	0.03761027154697273	0.16723336373960257	0.07690806885306592	0.05240466518947783	0.018951419118418564	0.15278067545946444
0.08079565879514097	0.08744487901027408	0.09418650960556132	0.10467034126934605	0.055697773477511744	0.2543440897008037	0.07195221684192689	0.04327431725989655	0.03054299464648645	0.17709121939305228
0.1245197832577647	0.03915073440173289	0.1414960542079261	0.13381187457509794	0.05059726377079439	0.19795028252237412	0.09724372484429994	0.052882854080003906	0.014004620915363364	0.14834280742464256
0.1862289108042799	0.064813432895409	0.10153822945536879	0.15460753469304198	0.04166513768021573	0.157693382623043	0.09151324585171136	0.038845634729817675	0.006815304051451795	0.15627918721566064
0.07912715602966723	0.14937760307848805	0.09812662215812355	0.13125735638214467	0.07542326597855145	0.15888974882814622	0.08652352399766847	0.04197778133852044	0.019050855389916202	0.16024608681877367
0.05221448774301092	0.06573736810921718	0.1560761583803424	0.14420736472236406	0.04880895135719666	0.232233326792173	0.0890685530561999	0.05164322538469481	0.00640556658825267	0.15360499786654833
0.13639070898843894	0.03581360186676977	0.10435747480732996	0.14320033043942101	0.048583450672788984	0.1852442655815832	0.10397641566106419	0.051026944495763435	0.019394208182045347	0.17201259930479507
0.14812600410205692	0.04693309294018298	0.1198052639086398	0.1503991834709351	0.044980277863001655	0.18340354876693016	0.09846455246824765	0.04293050126067906	0.02742107713686584	0.13753649808246074
0.0678878699322013	0.03243507257049019	0.11491801905978638	0.15855174294155522	0.0530986257349009	0.22224044182652347	0.11048851204853169	0.043489423098731876	0.031595049569567796	0.1652952432177111
0.038826754902110905	0.18335009820032547	0.09058724290104495	0.11048473223637373	0.05615084945140662	0.22664870513462204	0.0710395417313916	0.039751604456009657	0.006562368773000954	0.17659810221371403
0.02177543069938921	0.1107747687289585	0.1438467617910455	0.11832972350893237	0.0739687436346482	0.19872339003656075	0.0799274784447217	0.0444027259908031	0.011441645746499265	0.19680933141844142
0.056556734144556045	0.08126735164701109	0.14475055815415755	0.1363470025284153	0.06511000484004256	0.2392580040636616	0.08339256652330324	0.042541271502405754	0.00681782034737205	0.1439586862490748
0.06793964568236151	0.1621249118904754	0.10182798073004475	0.12006359126318056	0.04742358843316711	0.16730121003774212	0.10564411535323417	0.03969152538947623	0.029862385942591954	0.1581210452777262
0.023978331871150033	0.07349783164099549	0.09989930175354361	0.13090322585184744	0.07727822249249255	0.25520047618058483	0.08956876164898778	0.049142852973191556	0.025361887114672618	0.17516910847253409
0.0974036700830023	0.14533082002065306	0.11269499461007854	0.12087161942145679	0.036204115293191855	0.16548475838292648	0.104452157841006	0.04429084234972312	0.02705691153110877	0.146210110466853
0.10429415681253171	0.11920299043148729	0.14176777844390492	0.11466629261605303	0.046315931535026084	0.16775687978677234	0.09939982925237686	0.040848047037932315	0.01148948930278762	0.15425860478112777
0.111058327747202	0.09816319959229025	0.1352152514678495	0.14766098462025434	0.03327198380867592	0.20466247087807155	0.07584168157812216	0.04082102839057341	0.011337336884499255	0.14196773503246155
0.13752030689329553	0.06270500102430504	0.09779649156833645	0.10585248403960038	0.06150516698461111	0.20076846362498782	0.1074211460121502	0.05186814122793569	0.007965236197025383	0.1665975624277523
0.04357726331272736	0.0637233492795116	0.13942429871774714	0.10791672296563146	0.0677505765399529	0.26324690059395817	0.1002534015060784	0.053927242009530196	0.01897643148090758	0.14120381359395523
0.1188132201425962	0.07309729360034763	0.11120517139895113	0.10926145361715385	0.04524877942475393	0.17202805491446949	0.08772852267131627	0.04771173220150071	0.033419763417228285	0.20148600861168242
0.10560022628651844	0.056449656982960186	0.15616185983039807	0.1460375872559147	0.04073516644211508	0.21342164874443428	0.07665650723087795	0.04232877649417484	0.012557585553476427	0.15005098517912996
0.026313592703794852	0.13057885925175414	0.16204424070011764	0.1476034314842707	0.03493328140032596	0.16984721791246005	0.09051532234311684	0.042217122142207644	0.015878876182766122	0.18006805587918615
0.036274306997033864	0.06483997692392167	0.10621785105975216	0.14745202640451333	0.03274676929016347	0.2619300443248197	0.10523782789603464	0.0376962305551105	0.0314353171863945	0.17616964936225615
0.12122920703118938	0.06962830025415018	0.10826570912769426	0.1059387620188481	0.04548680980035631	0.1970566521119227	0.07875747443924191	0.05150013955923558	0.023602941870495803	0.1985340037868657
0.06671206269612542	0.12867831789284495	0.12222461302175422	0.1427114613838109	0.0403491990416977	0.1901209517406749	0.10506401944381973	0.04746805716698463	0.013454179607236688	0.1432171380050508
0.022114599956795836	0.0923056426551467	0.11785831218603415	0.12405719601178589	0.04083628338174158	0.2457441989372628	0.10128778230625404	0.048212645751147955	0.010328529679830528	0.19725480913400056
0.08352052626569684	0.02877932616165038	0.1289193041645697	0.13127238843688316	0.06082860320703658	0.26018742590263305	0.08581654874165873	0.052268510516274666	0.007646563947032711	0.16076080265656417
0.08091143209488291	0.086679487111101	0.09711404954611202	0.13720635585099378	0.07595596397055294	0.1938204939742486	0.07922074411693175	0.04077496744909322	0.03396678635116451	0.1743497195349192
0.11053611679220482	0.055346215629306555	0.16176991605563512	0.13031341189347118	0.055897681098767284	0.17071561703618066	0.07785377949750585	0.04719719726725415	0.014255108023301877	0.17611495670637245
0.020910466951719234	0.16040483861464214	0.09722232731883754	0.1504925288916627	0.037374061738342554	0.23226437192971588	0.07930941533849262	0.04772792717903402	0.02930682896055066	0.14498723307700268
0.09884509538142494	0.07501119790346072	0.11374766042438852	0.12072610866842436	0.05232422622035136	0.18425066228413378	0.08627998980513119	0.04142327834932083	0.036809953379415075	0.1905818275839492
0.11979316047259335	0.08040847431775403	0.15731085946430728	0.11008206712434988	0.060970239227033124	0.16654315586208968	0.075067581483833	0.04619151954198721	0.03671565830817965	0.14691728419787273
0.09665402647907781	0.055707113694327626	0.14240409253552258	0.10862459076662023	0.029269019697559226	0.24056448363014887	0.10127535426226442	0.04631634113787263	0.02052868213065097	0.15865629566595557
0.05830996239589666	0.0900301478861807	0.10932357102813353	0.10921326145885195	0.03261432199021354	0.24672137581273734	0.08293821275291136	0.04581727933662484	0.028076359771261133	0.19695550756718894
0.22706415102000765	0.029876829579974465	0.09021953805928286	0.10890883881711147	0.03295413745068204	0.18186959286769028	0.10567887626314858	0.03955959946744815	0.009687230964241886	0.17418120551041244
0.07890448377100158	0.11163797950076683	0.10019538173199707	0.14679781513487572	0.05535875401021079	0.2139900938499421	0.08047476595033702	0.04522994060305161	0.014922312656556594	0.15248847279126065
0.022535517416613582	0.21851902058929423	0.08946964670738713	0.14690931357240297	0.03695762354211643	0.184255215027034	0.08530262185910643	0.037850744009818305	0.007190359799659152	0.17100993747656773
0.03850807830231798	0.1540054911946267	0.11553230866380415	0.1537942491877464	0.04501117888350615	0.17614268214000595	0.11034639128823144	0.05016566078140515	0.00617135899481186	0.15032260056354424
0.044809480857667824	0.10159915155545789	0.09590103926123934	0.14544810640932337	0.07186353406272004	0.20541032612407065	0.10854475292286499	0.046167997227390414	0.023873425648836016	0.15638218593042946
0.10740354426738782	0.05344122843636325	0.13365909440047596	0.1035595792981588	0.04947517940498672	0.2325229120120268	0.08687911952997635	0.03730446379675055	0.009057521871408375	0.1866973569824653
0.08149151361014137	0.045564705931489834	0.1259653686956965	0.13841460846319728	0.07734337079389592	0.20087966550734415	0.08101785041394996	0.044244344465164835	0.011898296732493346	0.19318027538662674
0.11320785966263155	0.0659008839742776	0.14036342442893684	0.12560465659163284	0.03459785037599522	0.21009699326252773	0.07863026520053214	0.038361091162155886	0.03412407653812119	0.15911289880318896
0.06087045757396088	0.11464589236425539	0.14254233621035867	0.10757566175233965	0.04342421504087332	0.22181046531697152	0.08036859325459628	0.050837515679689804	0.03290965814525036	0.14501520466170412
0.059100874128580935	0.10319246103291929	0.14200738878591862	0.1443850365225514	0.03119443195095417	0.20608026316209763	0.08973949247672744	0.04427895330672801	0.006543540931796377	0.1734775577017261
0.08253577344000214	0.1219946560124118	0.1405875646836772	0.11138111916280218	0.052808126361239535	0.17906704688200675	0.07144025880053972	0.053643235570301914	0.028167545540182304	0.1583746735468364
0.1157495517718746	0.030001812375447495	0.16192295627843994	0.10401526661718072	0.07304101158781492	0.20940908657602647	0.08361962428597498	0.048440124352002414	0.006816510081108271	0.16698405607413008
0.06681256706084159	0.08051567433723095	0.09167303108255451	0.1089995565667269	0.07710622751514928	0.25828693242426715	0.06999949690489934	0.052877212037736335	0.029893977438067695	0.16383532463252626
0.029732871319758297	0.11125835508390902	0.11865552519485356	0.1562052189566761	0.07319848878351323	0.17479717938561606	0.08267464324214624	0.05365525929460665	0.036412498765348855	0.163409959973572
0.0686756163159608	0.13195058255048248	0.11860697619972649	0.12050477416779531	0.04705355887782921	0.19437797463229428	0.09729968782941144	0.045647502895410766	0.008166248587952354	0.16771707794313687
0.06011493403762472	0.07214316896985204	0.13879271398275017	0.15363027969679005	0.05332541262344591	0.16537929516992944	0.10265582564148382	0.05157862795789972	0.011116050074671147	0.19126369184555303
0.03474643423056385	0.11109199968680324	0.10613948233684595	0.16211482195585852	0.03660198328739937	0.21016219035470038	0.10116178946843177	0.04260387618716512	0.03566947721507105	0.15970794527716073
0.0447076235334163	0.1911153946116998	0.1009502500897393	0.13314362030869636	0.04037343473673084	0.16170484282915557	0.0771130081597699	0.0511538374272624	0.036260760033899594	0.1634772282696299
0.035033318440787706	0.24714087323107575	0.10910570516508625	0.12808776967556004	0.0382287425003729	0.17891776198130682	0.07450044086803376	0.037542999087118493	0.011994865485025569	0.13944752356563272
0.042604362930671026	0.1175896703290702	0.11823235713703285	0.10714909466268369	0.07328408657320323	0.1620505484360705	0.10552926803941451	0.046246049148547824	0.03490610539233274	0.19240845735097345
0.060645934223848785	0.06739259924594558	0.1317998428808011	0.1177284537880586	0.07575165549070653	0.22386071499986476	0.08623069626415673	0.037839548630475776	0.022829071307553933	0.17592148316858822
0.1137507472787457	0.034737934623047764	0.12498096750350726	0.15627403380291005	0.032209964320621357	0.17306193536405184	0.10165330636296863	0.045508976192690696	0.01464971905664919	0.20317241549480747
0.03074373981292719	0.09457962281083525	0.1499206337824962	0.1448783611858572	0.0677808257218365	0.18593450853779575	0.09463585431223005	0.0427345850638214	0.02602528328201313	0.16276658549018735
0.07484614969017334	0.1564791783140527	0.08988142817272438	0.12965260330686873	0.07150468035731172	0.16817167743203948	0.09181572904499065	0.03847978558209797	0.012739312506807418	0.16642945559293362
0.11811729091882095	0.052614450078722855	0.11059196673938052	0.15297613177222338	0.030596343931870426	0.1941141256329957	0.10922506459916448	0.04021107554057589	0.012097376875379554	0.1794561739108662
0.12870742038078264	0.028713687405108684	0.13164548219986252	0.16113751157253592	0.04410787742215023	0.1934714178897881	0.0950696903581312	0.05275479889441245	0.01250178249756996	0.15189033137965813
0.020935748095663356	0.05609843407345219	0.13447715001396837	0.1091405200340118	0.04335971366165825	0.24915203397225638	0.10607849660113874	0.05318111896640197	0.02782899739589695	0.19974778718555203
0.13800954049030453	0.035514087417391954	0.15646404780299325	0.11441607531609624	0.06147282814277419	0.21096194729099677	0.08802532969622054	0.038240402595590646	0.01902774325237644	0.13786799799525531
0.023181374913602962	0.08454998001964506	0.11306292593932078	0.16102641588318126	0.0658869341011612	0.19367569479688101	0.08917777882166344	0.05160475182895809	0.029346266983913363	0.18848787671167283
0.042772131105194316	0.15485819213852087	0.09576686294903432	0.1450857700743079	0.02947532670984894	0.24009365961240692	0.09156105331819486	0.039178865613204064	0.015703301679896184	0.1455048367993917
0.03483379718751177	0.16144755498809762	0.13362807867209395	0.16202519786819053	0.054061418048931026	0.15782927552991305	0.07753309968536937	0.053601832686801715	0.02497137928221979	0.14006836605087122
0.10517513434266128	0.10117589878563404	0.12598754252264358	0.12144560116822378	0.0294381332058207	0.1629399236482654	0.10263107748509244	0.03785005428774022	0.016149062131130487	0.197207572422788
0.04540601200018274	0.04324450599015346	0.1464143398114239	0.11133966948134227	0.07263121885165467	0.22684596107900074	0.1078945978269974	0.0491088758630792	0.0088472190094947	0.18826760008667093
0.053034342221557174	0.15894798765214704	0.12536875323025168	0.10715973170015325	0.037154274050302555	0.1640612417881731	0.10286851382070861	0.049529167554208595	0.016993160706944843	0.18488282727555316
0.051607073959211394	0.12531683875025298	0.13623797130116183	0.11763144192257859	0.0654430480415982	0.17064056336321143	0.1022082814805494	0.04771918196248102	0.009661810000690593	0.17353378921826457
0.08536670381801342	0.09488491802234	0.09948543899311203	0.15175941681604432	0.03537798930383863	0.18349743164927046	0.11108063633659394	0.051935647979096396	0.03211967172203052	0.15449214535966024
0.0567204013643107	0.08326132666437114	0.09829866902577303	0.13869487563957406	0.043795068876473886	0.23557938892727748	0.08612049823415432	0.05088620369347851	0.029297761641013345	0.17734580593357352
0.09545354656450697	0.09838279176492307	0.13765340854074515	0.11850871614979944	0.05235599233547654	0.18452813448703748	0.07181385384316114	0.042872858262075944	0.008129877115696696	0.19030082093657755
0.1835241632617029	0.031078291479129563	0.10224102240904902	0.12427138919266342	0.06328517399454237	0.18925787996926405	0.08042478073172518	0.04464344672012091	0.014973074332070596	0.16630077790973183
0.08448799105693522	0.1308812851554674	0.108004429437669	0.11370201651230287	0.037111272586598784	0.21270301637208405	0.08232644818590652	0.054046909316886806	0.006522151098620643	0.1702144802775287
0.07447289283880264	0.031186431113406535	0.1556906618874328	0.15492877614880862	0.05993941375708409	0.2244995694016973	0.08356601750904188	0.05379346330899467	0.012724594336140274	0.14919817969859114
0.1076489522134567	0.03052930661200841	0.16444321215029273	0.10615813199317968	0.04200583051773936	0.1853250798933584	0.10913590449923667	0.05256360966196108	0.009162479747961458	0.1930274927108055
0.12215575927533298	0.07455490276475299	0.10040547067207727	0.11255693698661678	0.050303022259016	0.22662594541863557	0.09558790507505827	0.03878103120071395	0.035181502402989534	0.14384752394480657
0.0761955851225557	0.12167336739343715	0.16510539958545511	0.11073266198969837	0.029481099441754893	0.1956975352781901	0.08916214018474877	0.04433666526786553	0.030215989632222245	0.13739955610407215
0.05479342757795263	0.14451509086571884	0.11761051039254175	0.12422908740966787	0.03222063144669032	0.19219754824869026	0.1036456906941454	0.04842250513280487	0.028154613009804527	0.15421089522198347
0.07203147761530765	0.1254781232028434	0.1195385730677439	0.10697543564106723	0.041386196015468724	0.22089478533765247	0.11328160167409973	0.04262733632008449	0.014376509013711791	0.14340996211202062
0.017269977673681672	0.09006903879658182	0.10243523031547605	0.14585061383935033	0.03551288326053488	0.2402459970339858	0.08247055598991723	0.04853286578413338	0.03524078270724064	0.20237205459909818
0.02599990522766589	0.08593779482475439	0.10917590413111443	0.11217597507992343	0.0679328175971736	0.263916281330659	0.09181583617318681	0.04330187188416679	0.007613712550738866	0.1921299012006169
0.032070459672113624	0.030728242819591467	0.15482379907419327	0.14996773526258336	0.0482061925296478	0.24243079860708133	0.08983600118067159	0.049203345002496734	0.027974807987550948	0.17475861786406993
0.11735600348491491	0.03072079660420521	0.0988404824830819	0.12148928712006193	0.07726333381518108	0.1937426744060434	0.1136876562988615	0.04387827413568094	0.007268555268819407	0.1957529363831497
0.06926951153647692	0.04210177832059573	0.10313516175840481	0.12016707609742364	0.05409065069214707	0.2352805423203388	0.10742521210886435	0.04630687800465868	0.034987056446074916	0.1872361327150151
0.10388639991166823	0.17893598388715984	0.09286449678883753	0.12111300190810018	0.035896250524405676	0.1724048738800253	0.07468605290514163	0.04180743941723301	0.02617629123520465	0.15222920954222394
0.032776326934017136	0.1283357615938365	0.16530258855576468	0.1519909052789539	0.03501974644390593	0.19656083298700802	0.0731774085060215	0.0442440314954581	0.008045946951937041	0.1645464512530972
