0.16986054685525037	0.1594628742564176	0.31289853429758174	0.25881304430750973	0.09896500028324035
0.164960941883226	0.15793260752658536	0.3114485302900098	0.26233030739993146	0.1033276129002472
0.1603906230818437	0.16084296170903678	0.3076461756352875	0.2706147887124472	0.10050545086138457
0.16842973051868132	0.1642001533029691	0.3058033949777048	0.2661267460363926	0.09543997516425196
0.16996844466046013	0.15572744477203473	0.3127217299523944	0.2645144468813524	0.0970679337337581
0.16735635818397732	0.15787119052364146	0.3033714253905184	0.2702477030107319	0.10115332289113074
0.1607454322175729	0.15604522542551125	0.32018606934018257	0.25966012416915246	0.1033631488475806
0.16237607216075411	0.16588385018113697	0.30571400530364334	0.26418216996858307	0.10184390238588227
0.16710766717515368	0.16568905523658084	0.3138495893614809	0.2576215948898713	0.09573209333691308
0.16360113876069224	0.1638633955045353	0.3129358248750215	0.26301673921777186	0.09658290164197897
0.1663008714604714	0.15699882128098974	0.3204745835104357	0.25744844952583124	0.09877727422227169
0.16413506318516827	0.16260097722850902	0.31133925014128044	0.26273537916578665	0.09918933027925547
0.16573170935241888	0.16442003522758994	0.3134896613161033	0.259247400293133	0.09711119381075475
0.1674068771357909	0.15556531669502477	0.31418952595844646	0.26132447695152544	0.10151380325921219
0.16632526375050577	0.1658254209139703	0.30672058917214395	0.2571810514687407	0.10394767469463906
0.16314951995035815	0.15650192176642208	0.3191685409680011	0.2607084259055267	0.10047159140969181
0.17102921635177998	0.1557222190165996	0.31131833901370715	0.26577383265264776	0.09615639296526526
0.16803463226841225	0.15940799492923874	0.3031837096141181	0.2696020872649158	0.0997715759233149
0.17023688967517434	0.15838077422840963	0.3047951129817362	0.2689504128764526	0.09763681023822698
0.17020907715248992	0.15760446410578072	0.30797754376155556	0.2623537328644986	0.10185518211567499
0.15990951745359608	0.1591899301569225	0.3145306747933674	0.26554909613589955	0.10082078146021431
0.16060722657435078	0.1602828100380121	0.3150681789111012	0.26305357216657543	0.10098821230996032
0.1645283903519226	0.1610667196893294	0.31461063003089806	0.2606718121650986	0.09912244776275111
0.17003008108046863	0.1602809226487041	0.29928599619263563	0.26658545246452836	0.10381754761366302
0.15782676530882975	0.15924319466446635	0.31634429276125325	0.2670675740748885	0.09951817319056194
0.16506005541887692	0.1630452800139396	0.31357795685828493	0.2623734997262398	0.09594320798265857
0.15912642208161076	0.15936118429627233	0.31182466228963074	0.26663750798367447	0.10305022334881145
0.16048559497734735	0.1573402420886075	0.3134543065114385	0.2691076010266592	0.09961225539594722
0.1667111881219522	0.15826283660059398	0.311076276184196	0.2637329953806311	0.10021670371262656
0.1649421433694315	0.15936487109926156	0.31225380921573764	0.2661150848149628	0.09732409150060628
0.16290267525341784	0.16591111652884133	0.30551574073657983	0.26288060871430735	0.10278985876685343
0.15849347833397165	0.16210196828359064	0.31150743179016555	0.2672574789740935	0.10063964261817847
0.16019507752890175	0.16336146598365114	0.318096922366703	0.25730991613007226	0.10103661799067162
0.16706150188737068	0.16595957263794436	0.3053234653998975	0.2615973517916982	0.10005810828308903
0.16457146410618628	0.15721376884737154	0.3129596126892209	0.2629861546543866	0.10226899970283451
0.1594658034949628	0.16286116783255367	0.3129748916406782	0.2644932412254722	0.10020489580633292
0.17138445694952292	0.15947240224721018	0.3066009613604792	0.266216656915071	0.09632552252771641
0.16379851183863178	0.16143578028704225	0.31418068728205956	0.2573501069746091	0.10323491361765716
0.16033272503136062	0.16003008760494755	0.31515872963817004	0.26281385672646296	0.10166460099905858
0.16655051019489514	0.16050166715327835	0.31109515189308123	0.26596194775645904	0.09589072300228604
0.16326199900691973	0.16544434207304737	0.3019150309525513	0.271050526795094	0.09832810117238742
0.15862108664035737	0.16452696550784907	0.3154473107097383	0.26341909629124116	0.09798554085081387
0.17041755403415304	0.16564728724127334	0.3024298049777544	0.2649978390569241	0.09650751468989491
0.15920999324047994	0.15900281880390837	0.32053656517161605	0.2585353817967193	0.10271524098727611
0.16722407411059342	0.16379698842405668	0.3014113588289007	0.2662714643007074	0.10129611433574165
0.15806075455359395	0.1623510502279576	0.3166727754252139	0.2651965731007909	0.09771884669244345
0.16228693116772602	0.1560917050197748	0.32047086755533893	0.2653076389959866	0.09584285726117345
0.16832062370550116	0.16033814456722884	0.30713972376779397	0.26043175498829213	0.10376975297118368
0.15791168590086632	0.15907065917337257	0.31208466233626586	0.2705029819674586	0.10043001062203649
0.16832837032163891	0.15723749896094014	0.30991881395546345	0.2651865606816328	0.09932875608032445
0.16897858884624212	0.15619659362708957	0.30164901568043945	0.2712711506939979	0.10190465115223078
0.17109566910213442	0.15537519161078148	0.314341909961271	0.25847611042602514	0.10071111889978784
0.15978914602796734	0.15873574033879218	0.31163090848910946	0.2674271681650149	0.10241703697911594
0.169142038334887	0.15943397928622444	0.30856164490368276	0.2656529169052938	0.0972094205699117
0.16948926843335488	0.1568664136180639	0.3078936125185017	0.2621515369697607	0.10359916846031864
0.1710023555712637	0.15789969656711192	0.30197763728659566	0.2675598790873158	0.10156043148771272
0.16178676400213682	0.1599475074618349	0.31240956217201205	0.2629121399961788	0.10294402636783728
0.17090738834673175	0.15909506159219666	0.3112512978082706	0.2586667838168459	0.10007946843595489
0.165356653359831	0.1571383879553397	0.3103143850961109	0.2647104823974615	0.10248009119125673
0.16027518602745738	0.16483078895145814	0.3133966169937707	0.2629665471953818	0.09853086083193183
0.16189420652199668	0.16054764627998774	0.31689139928599874	0.25988900934832526	0.10077773856369135
0.1613802945132649	0.1593968966805863	0.3182255184276388	0.2594886556107148	0.10150863476779498
0.15806768209914474	0.16478475241721702	0.3060944455653097	0.2674199584834217	0.10363316143490667
0.1585062816817968	0.16393510905043177	0.3148218256102885	0.2657746981550375	0.09696208550244528
0.16765803962731296	0.16283530213565683	0.31136856571055205	0.26191750751583903	0.09622058501063896
0.17014719334414669	0.16512301294211215	0.30042198245222695	0.26175227890974023	0.10255553235177375
0.1676259263213348	0.1585589934021903	0.3145538788858162	0.258916175924491	0.10034502546616755
0.16947194053019218	0.15937281110655538	0.30429135258237267	0.2632644543909559	0.10359944138992368
0.1653898593014106	0.16528070657659355	0.3015335660491539	0.26459506322545145	0.10320080484739039
0.16840298001777432	0.16314841885505568	0.305082188387922	0.26048719729686937	0.10287921544237841
0.16771903132999078	0.16396190744686712	0.306021627593794	0.26608777070057393	0.09620966292877398
0.16430212854516618	0.15690206130753753	0.3103874545637037	0.2685818960959314	0.09982645948766093
0.16690377133673406	0.15630599545274734	0.3210177770937029	0.25703906040935226	0.09873339570746326
0.1615602986324292	0.16022651875902677	0.31760142680605075	0.25890628543407235	0.10170547036842076
0.16409757178020334	0.16029271015677876	0.31460541187633245	0.2618470114116346	0.09915729477505067
0.16923084347043688	0.15970167617147768	0.30533736435668585	0.26590897723937146	0.09982113876202793
0.16847961338214615	0.15855434207416405	0.30160796031178244	0.26871201531701927	0.1026460689148879
0.1600398588918822	0.16223126747845082	0.3103875336746722	0.2674640895132076	0.09987725044178701
0.1613725038031764	0.1595680947287348	0.30861233949135825	0.2664765876691536	0.10397047430757682
0.16676563689191215	0.15880237696397168	0.3038298456635577	0.27052083644161506	0.10008130403894319
0.16962687771475954	0.16211840053008064	0.302273464880212	0.2674904699514137	0.09849078692353394
0.17000737179680808	0.16606482473461648	0.30557574361530915	0.2571949240300585	0.10115713582320762
0.1589583716684602	0.160238803578659	0.31598441345818123	0.26399686646290443	0.10082154483179498
0.16781360052648772	0.16378468968236848	0.30419223991964806	0.26632511264088315	0.09788435723061237
0.16109152034593882	0.15939986451769972	0.3072219950858069	0.26995194890449126	0.10233467114606314
0.16112832678669184	0.15900519671183633	0.31748716661020104	0.2660257527839585	0.09635355710731208
0.17115753828576474	0.15696493151578877	0.3171892990961495	0.25822060725339147	0.09646762384890527
0.16250602976204986	0.16118874967639318	0.3181418761864929	0.2622379214731548	0.09592542290190906
0.16962322727728918	0.16126587423540845	0.3001566234777752	0.26756131788807663	0.10139295712145034
0.1701710800248198	0.16184066780081474	0.30887594539469876	0.2628560609876322	0.0962562457920343
0.15742538308732962	0.1611452966952802	0.3178507461556307	0.2672179360666426	0.09636063799511672
0.15859806974162519	0.16058380154776852	0.3098055543217832	0.26945432955089305	0.10155824483792983
0.1631166311047026	0.15642906069451296	0.3164963289347613	0.26122832102275256	0.1027296582432704
0.1591149401811595	0.1583935271133095	0.31439425843162727	0.2672146932435402	0.10088258103036328
0.16440104753180085	0.16110981769155006	0.3148064166292307	0.26050756883177895	0.09917514931563928
0.15937840046461402	0.15683200253984994	0.3204616481295096	0.2627391584587172	0.10058879040730904
0.16713848746683221	0.15543583494359137	0.31605191300005764	0.2637445579291722	0.09762920666034641
0.16075533625227828	0.16456122760982442	0.3126571889721303	0.26584822472512426	0.09617802244064258
0.16535343191196916	0.1616418159471681	0.3165352301550407	0.25857761920138067	0.09789190278444118
0.15880851102513543	0.161357231208851	0.31549941912626406	0.2654016267874323	0.09893321185231706
0.16550479906465207	0.16127777744357696	0.2993014205109259	0.27040879201581264	0.10350721096503221
0.1677509858974804	0.16215109390684251	0.3122312799923692	0.26021018968512954	0.09765645051817812
0.16689937492022178	0.16113429758690628	0.30566470213411173	0.2698314779456872	0.0964701474130728
0.1696571014265801	0.15597918840758174	0.3074474211968689	0.2629585644599456	0.10395772450902349
0.15933870440026757	0.15886002145203154	0.3197887875315132	0.26045086200705847	0.10156162460912904
0.15932478631260563	0.15677154658871634	0.3165872744786112	0.26491843891246053	0.1023979537076061
0.16545786125749656	0.1585532843607536	0.31824053305413136	0.2571597505121917	0.1005885708154265
0.16106893349573514	0.16335448710043424	0.30391813133714113	0.2681751456323832	0.10348330243430609
0.15861842501669463	0.1624794464975779	0.3157840646501897	0.2633333608254634	0.0997847030100742
0.1634578070158533	0.16202146639501983	0.31301011484982244	0.26325218148073254	0.09825843025857176
0.16748407793949427	0.16060807132822416	0.3118972810842991	0.2627431658373246	0.09726740381065774
0.168811132628901	0.16028905895300144	0.3085867169717782	0.2656835895077682	0.09662950193855092
0.1701232262602138	0.16118360718317398	0.3013396539323946	0.2691128639772906	0.09824064864692679
0.16318352369530378	0.16105032826956542	0.30788157261428345	0.2670076091448929	0.10087696627595424
0.16750550599308764	0.16365328431430595	0.3058796916747892	0.2663663689576063	0.09659514906021076
0.1676216985995102	0.1658416133986501	0.30025660521878134	0.2703085661790839	0.09597151660397427
0.16334716220103074	0.1606314162329988	0.30878221826144214	0.26613169501668416	0.10110750828784396
0.15996697111870334	0.16104691955500483	0.31420707060307923	0.2628651436819213	0.10191389504129104
0.16859129109113324	0.15578809677456207	0.31175620844294516	0.2619898454777459	0.10187455821361346
0.16321823108387534	0.1560757587875457	0.3183594641978723	0.262950081833898	0.09939646409680843
0.17137992432884724	0.1587772200885226	0.3034644792540696	0.2633972518070745	0.10298112452148589
0.16223672848338538	0.16095694595071702	0.31731274309777807	0.26239836809069395	0.09709521437742542
0.15737286022851416	0.16408736423165554	0.3117996726343171	0.2673774907385234	0.0993626121669896
0.17038396429348213	0.1570345795055334	0.3010857055516777	0.2715630498430744	0.09993270080623218
0.16435288938196194	0.15684517528142083	0.31056365154356547	0.26471851330156	0.10351977049149161
0.17021476636183427	0.16000920138958816	0.3057714175873174	0.26806844653119277	0.0959361681300672
0.16183576733202257	0.16049082737607628	0.3204105057548833	0.25854553420305826	0.09871736533395942
0.16883227322604233	0.15573664415508642	0.30693781781549223	0.26687650287436243	0.10161676192901635
0.15811327815337795	0.1639482084589918	0.3090361581956641	0.27149389779629796	0.097408457395668
0.16545385770697588	0.1559007424278281	0.30725753478477014	0.2694751543816651	0.10191271069876068
0.1597017685718674	0.16210713592419934	0.3203746251430817	0.25746371377886934	0.10035275658198198
0.16647736706765098	0.15662380250964564	0.31329059094656236	0.264661860604976	0.09894637887116484
0.16700096360134686	0.16467755851180332	0.306585696221149	0.2601304127168885	0.1016053689488121
0.1696378578481968	0.16538856069455488	0.30268644882818646	0.26403652531668154	0.09825060731238011
0.1602842469345102	0.16108446897387038	0.321159437220745	0.25985456282979613	0.09761728404107811
0.1639009215229461	0.16431880764355522	0.31587527223658274	0.26004117009804073	0.09586382849887495
0.1644737291192972	0.15796250853552696	0.3068042181222258	0.26960315038121524	0.10115639384173465
0.17010065658604567	0.157057666307794	0.3156838168994266	0.2586599054988994	0.09849795470783415
0.16627032349847304	0.15782469457587694	0.31599215826688076	0.25701825514324694	0.10289456851552206
0.16705629477990375	0.1647865857153278	0.3019776348740659	0.27083337106131783	0.09534611356938447
0.1594050454908819	0.15624540319804445	0.31915576999473616	0.2683622324254964	0.09683154889084089
0.1670991909715456	0.15708616878013792	0.30910457547656345	0.2665241468841564	0.10018591788759647
0.15758120799896072	0.15980767277123498	0.31703943455336514	0.2643504914398628	0.10122119323657618
0.15970208315244538	0.15785880482586984	0.3139485632846228	0.2677890358916494	0.1007015128454124
0.161055372843323	0.15789454375097817	0.31247489501389913	0.26978297256339934	0.09879221582840017
0.15862264785733826	0.16092019117620698	0.3206058097468701	0.26406998767238626	0.09578136354719818
0.17134913436059834	0.15621223580669796	0.3157835784921175	0.25839543214822724	0.09825961919235872
0.17115032752118434	0.16191912741661585	0.29864828488038536	0.26840666071840835	0.0998755994634059
0.16023143842276366	0.15965987936231565	0.3098953840303179	0.2713097957924039	0.09890350239219872
0.17059761693436112	0.1562999707060085	0.30920576385280774	0.26242371223360733	0.10147293627321513
0.1669155620660365	0.15907566275116167	0.30539699950220484	0.2715533860122378	0.09705838966835907
0.16536481139336923	0.16431906312890504	0.31220666531526686	0.25738572331795967	0.100723736844499
0.15929114551031143	0.1568189102219526	0.3202024079934996	0.26386023702265327	0.09982729925158296
0.1646728416797102	0.16239961486905952	0.3009234332281452	0.2695725293308895	0.10243158089219544
0.17127804349429354	0.16312942997391233	0.3126397448625232	0.25763891017178797	0.09531387149748274
0.16617051494667373	0.16581782343885726	0.314016582684385	0.2583346104828572	0.09566046844722657
0.16933320204519597	0.1607306823741624	0.3100323909084579	0.2609720721457013	0.0989316525264822
0.16740409197452397	0.15726000569963086	0.30598985520964755	0.2665744852836377	0.10277156183255971
0.16334887295839823	0.1637354777858208	0.31287227863347594	0.25948526109723785	0.100558109525067
0.17028365223574748	0.16439492468590766	0.3013579694948775	0.2686330452458233	0.09533040833764378
0.16760718732845553	0.15639818574549474	0.30638747978094183	0.26634183946572965	0.10326530767937805
0.16289436093143414	0.16412265870197548	0.3100746381413003	0.26493071804024143	0.09797762418504843
0.17106236929919802	0.15647805307162282	0.31299861985046706	0.25901507455619915	0.10044588322251272
0.15751938775393007	0.16280409165737345	0.3147679071585949	0.26816138868833445	0.096747224741767
0.17036746556627141	0.1616582048343009	0.29874716908275917	0.26589209834712124	0.10333506216954705
0.16185312171341698	0.16589743235866192	0.31066976085228193	0.26321611423354196	0.09836357084209707
0.1612544482481849	0.16176017917240354	0.3079863160355698	0.270172962182737	0.09882609436110454
0.16642995655480844	0.15588758129367167	0.3080022265311143	0.2696855026096676	0.09999473301073776
0.1587946229462768	0.16300036782884292	0.3077145660500159	0.26831561266878146	0.10217483050608278
0.16550141445439626	0.16277625959860054	0.312707074124569	0.2621934952446599	0.09682175657777416
0.15953956765566513	0.15873426282432473	0.31673233939643364	0.2621998056604162	0.10279402446316013
0.16744948937055093	0.16453728810996499	0.30333234968730804	0.26148877408404636	0.10319209874812951
0.16842804333883854	0.15959541994304305	0.30848848786997585	0.2610259824791823	0.10246206636896009
0.15848674494006418	0.1628578540220018	0.31686067380402627	0.2627532626964128	0.0990414645374947
0.1633300384143633	0.1614776056237528	0.3172858215848843	0.25925173462554385	0.09865479975145558
0.1661651626957643	0.15539324932989185	0.3146163441448485	0.26264869525760237	0.10117654857189277
0.169798345655442	0.16361390196134235	0.29940813000484945	0.26642648022362037	0.10075314215474566
0.15948282301964944	0.16233630664508786	0.3069595827478873	0.26914618352373887	0.10207510406363633
0.1659107379446736	0.1616225453322063	0.3023263629085243	0.27039449049841024	0.09974586331618533
0.158292183374436	0.15515688254207635	0.3188427724933959	0.2690094974955091	0.09869866409458244
0.15744622598718752	0.1644714438309127	0.3078056481843975	0.2688825794378786	0.10139410255962347
0.1574028770883279	0.16090501057610032	0.31093376202008693	0.2669529093103284	0.10380544100515623
0.16443777705576673	0.16351515628460542	0.3134460292264418	0.2572390217435565	0.10136201568962935
0.1687253787919822	0.1622559191793697	0.30671554016000335	0.26266622319265504	0.09963693867598951
0.16251286862406067	0.16164247988273234	0.32096035999201405	0.2582420018964095	0.09664228960478322
0.15935041355697052	0.1571163511801428	0.3211341064765517	0.2629890392396876	0.09941008954664723
0.15809759533844756	0.15652339138232632	0.3209419161682307	0.26879999684512307	0.09563710026587215
0.16683376224466404	0.15831884713791772	0.31279442554884107	0.2648398799742266	0.0972130850943504
0.16518095105838276	0.15574027481447084	0.3175932392221702	0.25837687970305045	0.10310865520192557
0.16522191111545784	0.1652671714541663	0.3015396258767921	0.2665630692007481	0.10140822235283546
0.17067165205080256	0.16265304393706215	0.3070761901839375	0.25774930293905074	0.10184981088914685
0.16746006263232965	0.16448249838636295	0.30426383859518535	0.2673760984690038	0.09641750191711809
0.16685560600359625	0.16019876212868456	0.31439212162368735	0.2611823796217737	0.09737113062225788
0.1647658121918242	0.16310424376211288	0.2985262167153479	0.2710976132837597	0.10250611404695512
0.1657976027159318	0.15908821661858447	0.30443450984014636	0.26963763286503034	0.10104203796030686
0.170066628365581	0.15613509136109968	0.31523563071806515	0.2583166415191432	0.10024600803611079
0.16954327251441254	0.16072460340730516	0.29985772792632703	0.2672492440157969	0.10262515213615814
0.1694218393859568	0.16196491454114004	0.3114886468573538	0.25848365301785237	0.0986409461976968
0.16590927181084766	0.16539509901182875	0.2988035972167079	0.27020277980048313	0.09968925216013234
0.16026580222160725	0.15824102429758552	0.3157231634008871	0.2651235700438192	0.10064644003610075
0.1659126811552073	0.16069052188611355	0.3131767760756103	0.2603593947846666	0.09986062609840209
0.16016653642539957	0.158607152850745	0.32115491232488164	0.26449923399870073	0.09557216440027284
0.1587845712057242	0.1617412572147745	0.3127450136514057	0.2704465240011112	0.09628263392698422
0.16522325592657913	0.16542785686038058	0.305284056494323	0.26800650973054696	0.09605832098817008
0.16575413966567673	0.16235133939638755	0.3022928704945993	0.26575135153962937	0.10385029890370684
0.16080864129671577	0.16534137391310877	0.3021422323700945	0.2681997756143731	0.10350797680570767
0.15952560200721733	0.1627221882996822	0.3189345694343656	0.2618931253353057	0.09692451492342898
0.1612393669377992	0.15860665485750391	0.3168852887601601	0.26018129708795235	0.10308739235658422
0.15858270385077866	0.15793127344189864	0.3133170106381885	0.2713278380206177	0.09884117404851625
0.16507397579779357	0.1562742115952521	0.3152161126449575	0.2676454987333919	0.09579020122860471
0.16268592215778493	0.16544154368719405	0.3188546549392741	0.25760955867514557	0.09540832054060108
0.16939591662662132	0.15643681529609543	0.3071579775083312	0.26929160401245467	0.0977176865564972
0.1668848953240498	0.16071352638023884	0.305252383793982	0.27026737642566756	0.09688181807606158
0.15918320951015852	0.1567521951032542	0.3161323150523613	0.26957597581990433	0.09835630451432147
0.16251924887937663	0.1609753967782459	0.3026134170951156	0.27022314196090774	0.10366879528635392
0.15738360302555846	0.15748764555838768	0.31715218247756666	0.2657547735407295	0.1022217953977575
0.1702445011569726	0.16017486809327255	0.29847770911375404	0.27024382016722776	0.10085910146877289
0.16233502761849455	0.15954779666636543	0.3086559548362336	0.26686723224468817	0.10259398863421806
0.16378876799366593	0.15871397590509795	0.3166461424751933	0.25973896479064645	0.10111214883539615
0.16474147565708133	0.1587726305787216	0.31424842871448266	0.26269687904010275	0.09954058600961148
0.1593947036986688	0.16556496271453164	0.31387946570299496	0.2643404118604225	0.09682045602338195
0.16724437681960888	0.15982971173898342	0.30747386350854355	0.2621304428360189	0.10332160509684507
0.16633588248112446	0.1654412937175035	0.3046297548042509	0.26776832738626904	0.09582474161085192
0.15980440091698242	0.15750871452210102	0.3174940688584404	0.26318128770436305	0.1020115279981129
0.16144959711295326	0.15845735469105926	0.31208064555662185	0.2676266983219684	0.10038570431739705
0.16076193308742237	0.15933153034501257	0.3206243401506921	0.2576138365191211	0.10166835989775166
0.15949112868313559	0.15944533859228216	0.31967040057573615	0.26168629477013483	0.0997068373787111
0.1615514102689158	0.16512848680356304	0.300382999452816	0.2709938912673173	0.10194321220738761
0.1582072039988382	0.16260541942448953	0.31031452321909375	0.2678947256583863	0.10097812769919207
0.16181476688663218	0.15865770945843416	0.31121124072326456	0.2674557460707833	0.1008605368608856
0.16504053759009127	0.16361243151768334	0.30946080740213516	0.26406473427123	0.09782148921886002
0.1696907559502167	0.15689167100826257	0.3169013740096487	0.25736378108806957	0.09915241794380228
0.1611458110183338	0.15911557884547967	0.3086880846953285	0.2687233614955528	0.10232716394530503
0.16637565452249198	0.15869692050943615	0.31440880618127015	0.2618047754626606	0.0987138433241409
0.1677606069922807	0.1594282187940284	0.3122384973355495	0.26425593174454726	0.09631674513359394
0.15815687369452233	0.16122970953787563	0.31674841473622306	0.2681345316741916	0.09573047035718717
0.16720730417480678	0.16440482584785493	0.3001259959974119	0.2710228452741518	0.09723902870577435
0.16774637778899665	0.16607309386286967	0.30265903046235615	0.2624985352860321	0.10102296259974522
0.16177090701818625	0.15558297188830073	0.31120789713596075	0.269437932651727	0.10200029130582511
0.16621599622072375	0.1623430304287382	0.3104516140086946	0.2615094572901727	0.09947990205167052
0.16512156030912595	0.16466015177110208	0.30908757679788046	0.26174675494428423	0.09938395617760708
0.16407686191508092	0.15605874539563153	0.3202880924088405	0.2609679482914665	0.09860835198898034
0.15996368494080349	0.15815563666401894	0.3203982863291425	0.25777624240570474	0.10370614966033014
0.16311234189700657	0.1614561216874516	0.3199630434772145	0.259113492449082	0.09635500048924522
0.16685587066332405	0.1632257258254221	0.3080328130641887	0.26180866289674215	0.10007692755032273
0.16694838702501866	0.1651315741916266	0.30199866859945446	0.26366977794419255	0.10225159223970752
0.15926510574430391	0.1656328657281843	0.3164690986207449	0.2572173418007649	0.10141558810600183
0.16423057688997508	0.1604880099401046	0.30806426137465287	0.2695710910552147	0.09764606074005255
0.15745591977839946	0.1650830270226359	0.3086806853007725	0.27055731023329704	0.09822305766489495
0.16782739860953455	0.1611226881558324	0.3101501449117733	0.2575270160883413	0.10337275223451825
0.1712450355548349	0.16198185494217987	0.30396026308907675	0.26471302789019624	0.09809981852371208
0.17092939477313387	0.15552718953819172	0.31153834367168715	0.2581795722626665	0.1038254997543205
0.16269489005836327	0.161379495264482	0.309313585914462	0.2660361368080144	0.10057589195467806
0.158335186963994	0.16333783976210733	0.31881707844288903	0.259386983503856	0.10012291132715341
0.16368383686144644	0.15677159829353382	0.3183354760031266	0.26376312841540583	0.09744596042648704
0.16267825154006377	0.16517419743552397	0.3046789365566821	0.2665275206475122	0.10094109382021779
0.16602053685543863	0.1648246084459033	0.30624880086283635	0.2667076060383561	0.09619844779746543
0.169551168014154	0.16183174225035063	0.300609912493112	0.2672852427641893	0.10072193447819383
0.1670080954019101	0.1616288361439353	0.31215469631162623	0.26126672541105134	0.09794164673147684
0.1712244228586675	0.15905686969855715	0.3037157285885161	0.2696595448520069	0.09634343400225218
0.16562068788536066	0.1580275203164128	0.30786177118378144	0.2712183555117079	0.09727166510273694
0.16954248002287847	0.1636479124975681	0.3046754353201935	0.265834789603946	0.0962993825554137
0.16177116213652684	0.1591516135343577	0.31710945368956867	0.261075466791799	0.10089230384774758
0.16051156279953027	0.15579169014334732	0.3165616126140888	0.26424725534392735	0.102887879099106
0.1699060386883086	0.1554813061491813	0.30383000271501504	0.27047019134929395	0.10031246109820094
0.1652310286524376	0.16441053639920356	0.30212695480377394	0.269541551162635	0.09868992898194967
0.169114385264809	0.16431594511118977	0.3040128953270868	0.25896451619815625	0.10359225809875797
0.1609217778572382	0.16605889773167565	0.31525279253826033	0.25764859012907787	0.10011794174374775
0.15994999194665843	0.16608170211798384	0.3114112361829861	0.2590234505464985	0.1035336192058729
0.16263768803171186	0.16580064450475968	0.3062573073148638	0.26441208977075303	0.10089227037791151
0.16663492702371627	0.16093732469024605	0.30225510141015066	0.267120435363548	0.1030522115123388
0.16575754666474854	0.16293282634878564	0.312943345616115	0.2601738247227456	0.09819245664760506
0.15827796948282746	0.15997220178059482	0.32049859681205095	0.2629430883387526	0.09830814358577403
0.17141057092096817	0.16598365274066984	0.3037084322336897	0.26117701580983366	0.09772032829483837
0.16524167870793163	0.15710689614524495	0.31781930674453335	0.25740515737737335	0.1024269610249165
0.162582479543654	0.16532770212345202	0.3093347033071112	0.2620048762485346	0.10075023877724805
0.1610884695578078	0.16158320235409815	0.30794329032782597	0.27097739143161415	0.09840764632865376
0.1656145072061302	0.1579241444189266	0.31313039012790056	0.25953868341477027	0.10379227483227219
0.1602233558117076	0.16367943595082307	0.3023760681077833	0.27019019945735573	0.10353094067233007
0.1633540571647003	0.16136984798436185	0.3016873491985648	0.2703569713833692	0.10323177426900355
0.16458926092669215	0.1639923855641806	0.3091834032848493	0.2608823112870698	0.10135263893720803
0.1647670443405181	0.157460074365731	0.3085501922636088	0.2687421608025808	0.10048052822756112
0.15789793377437894	0.1639403171892676	0.30606863066383694	0.26979384570415466	0.1022992726683617
0.16889960256971667	0.15693920981346265	0.30587123090008134	0.26748725411660823	0.10080270260013088
0.15874792786110836	0.16336244613996925	0.3192654962172414	0.2600603812990846	0.09856374848259619
0.16011747702873466	0.16099636479258184	0.3160989510291622	0.26551919179572214	0.09726801535379896
0.16966802713564325	0.1619881806206913	0.3090175460538781	0.2598715454676718	0.09945470072211529
0.17008449751161694	0.16526431970579797	0.30061276866887066	0.262400553968712	0.10163786014500224
0.16259084299007065	0.16575138676105047	0.3158667721398928	0.25931529740127424	0.09647570070771168
0.16935639202753056	0.16427098848275604	0.30283341600742597	0.26134107354365776	0.10219812993862946
0.1694243730034087	0.1575186848291599	0.3034414315734042	0.2690377826547402	0.10057772793928674
0.16679574559487675	0.158626832228463	0.313274038532998	0.26533494429667126	0.09596843934699074
0.16829658019719426	0.15862462812283162	0.30576152824317476	0.27028867133774465	0.0970285920990545
0.17138308386063425	0.1556748541840896	0.31647929211010556	0.2579502367109188	0.09851253313425157
0.1667994058371756	0.16416437947174495	0.3011697753152229	0.27150220882429094	0.0963642305515654
0.16084144971861275	0.16345766787523008	0.32032155438371773	0.25738416686838045	0.09799516115405883
0.15969207219603018	0.16435291164377602	0.30828504377957733	0.2678039702457047	0.09986600213491159
0.16147743273753873	0.16549336115503888	0.30471576952009505	0.26577423016246327	0.10253920642486392
0.1659519428488477	0.1566124874975619	0.31571718700388196	0.2646535319220661	0.09706485072764219
0.1621383320166081	0.1615062903424075	0.30943847045153366	0.26848973611845117	0.09842717107099931
0.16111989712555752	0.16264732726115733	0.31289095410462436	0.2665256935379568	0.09681612797070382
0.1574980292684848	0.1659952581497328	0.3136600037661609	0.26240359982068423	0.10044310899493711
0.1583281240073896	0.15645206633333603	0.31984562796198585	0.26171385371944655	0.1036603279778418
0.16217387273029688	0.1623218377386135	0.3185775133982921	0.2607421071320998	0.09618466900069755
0.17073026593998014	0.15910404092204358	0.30493773444551897	0.26932383833707185	0.09590412035538523
0.1703563306431259	0.1611459242946137	0.30331908646269345	0.26614567655732435	0.09903298204224237
0.15810557625631022	0.1572952927298067	0.31479233887227664	0.270584016006779	0.09922277613482722
0.16858878289359375	0.160061349595419	0.30938649911266464	0.2608558732080055	0.10110749519031692
0.1695341220473624	0.16118256269706743	0.29880139314183085	0.26664262340392153	0.10383929870981763
0.16406602012027005	0.1628005894651095	0.3169081787511455	0.259601000980669	0.09662421068280573
0.1691774739644662	0.1553669915844283	0.3096343906802025	0.2701580814100347	0.09566306236086808
0.15757721557084733	0.15946848564843202	0.3105100324090167	0.26927582537038425	0.10316844100131947
0.16154875244907335	0.16171175010951344	0.3047563655408408	0.2713208465040949	0.10066228539647736
0.16767103968154923	0.15865596468028026	0.3059158888258693	0.26471896754796365	0.10303813926433736
0.16667535288778146	0.1597159735635626	0.3134846662958627	0.25717218848419304	0.10295181876860002
0.1615528608607903	0.15643850208596133	0.316096936357925	0.26729821280651506	0.09861348788880818
0.16874226651930313	0.15585799924679478	0.311126213282336	0.2670763038034988	0.09719721714806709
0.16350811026630419	0.16438805156734349	0.3060478230540892	0.2632691042959705	0.10278691081629249
0.17094628547106908	0.16427242858621036	0.3069583774427814	0.26080206538626416	0.0970208431136748
0.1682484841527596	0.15874489951393772	0.3119825427106293	0.26259112065824386	0.09843295296442933
0.16281856605274111	0.16007064690375394	0.3156375187949983	0.25783888595215415	0.1036343822963523
0.16491345474491595	0.1624137860908048	0.31484785826585937	0.26092557599664423	0.09689932490177544
0.16227741141691912	0.1567515202924346	0.3159689693454306	0.26952296051579516	0.09547913842942032
0.1656435325832366	0.1613452782106473	0.3032844601380986	0.27076527993348637	0.09896144913453088
0.17111008266998823	0.15659161569329105	0.31342494510638846	0.2623420038463119	0.09653135268402013
0.16610077120613148	0.15781647352691397	0.3183034883136966	0.26210410745948826	0.09567515949376951
0.17108913573402704	0.16575915539357455	0.30484549257558785	0.2621877561217845	0.09611846017502582
0.1641798032659924	0.16490900347855064	0.30702996584911085	0.2650242626950041	0.09885696471134182
0.15848895920468664	0.15652991679912953	0.32089433762292585	0.2664583686988312	0.09762841767442651
0.16362417367279067	0.1595606117861212	0.3181787471085565	0.2605655701026185	0.09807089732991299
0.16364732703147278	0.16115248684207917	0.3140322413399738	0.2641636812179689	0.09700426356850514
0.1593240118860041	0.1593801643131097	0.3138894349141438	0.2650147064955433	0.10239168239119892
0.16011298170203608	0.1565275019488721	0.3149304109221903	0.27102824362965616	0.09740086179724515
0.167654906504129	0.16412169706819488	0.3080435730504084	0.25926188249636467	0.10091794088090286
0.1662283439752479	0.16320786957997963	0.31221835675719545	0.26122906052884987	0.097116369158727
0.17069214923741466	0.16108426899502526	0.30622038709138694	0.26099976182341705	0.10100343285275587
0.16550168154807973	0.155597640162774	0.319727222085043	0.2621606488262149	0.0970128073778882
0.16110578374355788	0.16460117727469642	0.31500471270275004	0.25935673952336463	0.09993158675563084
0.15757478160960073	0.15947584569902695	0.3161561467270327	0.2660406999338221	0.10075252603051732
0.1681080087053684	0.16358472697241483	0.30731523494339974	0.2608185196873084	0.1001735096915084
0.17083264481935898	0.1611935135703701	0.30707255955724877	0.26127364598648267	0.09962763606653932
0.1629769851883998	0.16214039186158954	0.3199249394595067	0.25811898369523245	0.09683869979527135
0.1637010847383153	0.16018755875841756	0.3026192996239706	0.26996936963680185	0.10352268724249444
0.1642814712484053	0.16075810934529638	0.3102004319122091	0.2636700820216578	0.10108990547243119
0.16641813990601811	0.15954589591572457	0.3047633752548098	0.2696386582768462	0.0996339306466012
0.16166033125832666	0.15976501649695665	0.3202832754111765	0.2601001265678092	0.09819125026573078
0.1671918457475891	0.1598837271628678	0.3070929669750496	0.2619691790274242	0.10386228108706899
0.16974007142934514	0.15612803743972326	0.3141447357262723	0.25864058359685915	0.10134657180779996
0.1642844716204609	0.16209328900951583	0.30668924630735195	0.26545958782739176	0.10147340523527934
0.16520463120824552	0.16033958365267104	0.30175884709612066	0.2691182522675876	0.1035786857753749
0.17084260925958955	0.16067598050150617	0.30335022821504226	0.2678386456974173	0.09729253632644452
0.16230732734499562	0.16005145439964105	0.31672502627466986	0.25806540725535876	0.1028507847253345
0.15871638030926843	0.1602294297865182	0.31449464605921984	0.2676826607684117	0.09887688307658163
0.16383251381292444	0.16397820245507572	0.309694916470165	0.26618898508715283	0.09630538217468183
0.16681511093316082	0.16594274735662773	0.3123336579735665	0.25935403064317397	0.09555445309347073
0.16433971946591566	0.15571269721227046	0.31847699389431167	0.2660725153924931	0.09539807403500888
0.16964800954592424	0.1555682914399417	0.31041949259870033	0.26662832385325674	0.09773588256217679
0.16722546091557972	0.16263552751782262	0.3076798592093795	0.2606240599258927	0.10183509243132524
0.1709505620679279	0.15783029381807423	0.3034083939263371	0.2671714281550501	0.10063932203261042
0.16557250189548728	0.1617822229126259	0.3091685259671276	0.2680221128512702	0.09545463637348878
0.16714632701801196	0.15679355139233705	0.3193424118868315	0.25951686302462856	0.09720084667819072
0.17034192557151667	0.15748753549456374	0.3086194115231402	0.26661148640171595	0.0969396410090633
0.16017628104315187	0.1626393497432321	0.31335802159031395	0.2630957877222913	0.10073055990101054
0.16158125778405857	0.1634371799191407	0.315542266463488	0.2584097205234045	0.10102957530990808
0.16740325749534007	0.15570809205712474	0.3149378550136149	0.2637594235589192	0.0981913718750009
0.16950949387824277	0.16313689040977536	0.31039856050801395	0.25948232676493965	0.09747272843902813
0.1593229930981513	0.16342195850138974	0.3121818409709475	0.2616576881839799	0.10341551924553143
0.1638536435440716	0.16089842111149177	0.30666984603482145	0.26623100366909536	0.10234708564051963
0.1656242749530154	0.15958002074297303	0.30290342515658364	0.2684896848714285	0.10340259427599921
0.16312059284398475	0.1601411748844736	0.3066322329029801	0.2669477384652744	0.10315826090328692
0.16067987995223595	0.15653617848543386	0.31126104518227576	0.26954458603032266	0.10197831034973154
0.16371581509451988	0.16163467364062795	0.30668144454148527	0.2676695445296718	0.10029852219369487
0.16481345805283346	0.15782528370424798	0.3133658321876637	0.2665766512773342	0.09741877477792046
0.1696392278523743	0.1633629288100851	0.3067296247180002	0.2633379400226879	0.09693027859685231
0.16007877083378708	0.16498647433171731	0.31470244461434926	0.2575262526785822	0.1027060575415639
0.16104293669325376	0.16268615518006047	0.31137006898873093	0.2641146343089754	0.10078620482897922
0.16078666420466553	0.1555786358475082	0.31568424778924437	0.27053157260179067	0.09741887955679104
0.16421926048444394	0.16171364203425737	0.31434467873705285	0.2631593853723677	0.09656303337187795
0.1667907661318793	0.16298107175449428	0.30215587816787215	0.2702908917196613	0.09778139222609275
0.16861839857902675	0.16133272104105423	0.30823585763977673	0.2601168789251897	0.10169614381495243
0.15902144829144588	0.16222888485037606	0.31258158012420834	0.2673266216358578	0.09884146509811167
0.16096525716080665	0.15990290388702855	0.31400528299377944	0.26702248918894983	0.09810406676943534
0.1683089238293003	0.1578055560103365	0.30429772159258206	0.26993066012497735	0.0996571384428036
0.17122749918511268	0.15989397883267598	0.3120470317462253	0.2594942123764904	0.09733727785949547
0.16961032913312868	0.16423680636737548	0.30450299549143156	0.2640896459010863	0.09756022310697783
0.16762441532928726	0.1591008611115153	0.3135632753054223	0.2578565619909656	0.10185488626280936
0.1593790611083673	0.16209937185011683	0.31474733657983106	0.2659004611460074	0.09787376931567716
0.16987454021514137	0.15721782277417434	0.3072644088351121	0.26664485638832536	0.09899837178724674
0.16482094651272416	0.16504207828679596	0.3056940124852583	0.2682129517851002	0.09623001093012121
0.16330641644631516	0.1654976839200606	0.3127382956141142	0.2623590607217436	0.09609854329776625
0.16062517619309666	0.16174049142894656	0.31931076627611754	0.2624099408430939	0.0959136252587452
0.16281580215460656	0.15577230727311764	0.31876442217664325	0.263953703422536	0.09869376497309637
0.15960714267847947	0.1560884939937116	0.31219074134359714	0.2702256392500197	0.10188798273419192
0.15921979398937172	0.16578526371012953	0.30812779682653474	0.2689092579018711	0.09795788757209277
0.16217391221590613	0.1586730221583242	0.3201820862275515	0.260098329706671	0.09887264969154694
0.16493342504129044	0.16128991451457603	0.3059375034068842	0.2694922863394369	0.09834687069781228
0.16422126110175966	0.15871080713369543	0.3137213344299782	0.26329858288833896	0.10004801444622756
0.1620411617030965	0.1559134278494183	0.3101681535388359	0.27078187323429054	0.10109538367435855
0.16229221145174438	0.15509621492069092	0.31824798713216285	0.2674681866810546	0.09689539981434708
0.1603916860160255	0.15630055839320917	0.31948833022355305	0.2629450391828988	0.1008743861843133
0.1692963445339599	0.15802258145369297	0.30822505084644314	0.26691314794542087	0.09754287522048297
0.1657530658270834	0.1655181389901805	0.3013873890468951	0.2714559830209327	0.09588542311490811
0.16672894951281808	0.16016931009308388	0.29945432238226005	0.2700165532850399	0.10363086472679792
0.16602463258222888	0.15603522428551492	0.3086207255384151	0.26608136931916765	0.10323804827467327
0.15751612099205115	0.1572457089631008	0.3210129956722211	0.2651176495327139	0.09910752483991281
0.1618510004424456	0.15890107078019122	0.3145519550724838	0.2607145887854634	0.10398138491941576
0.16400895162238344	0.15926526926120393	0.3028707953909652	0.2702615582346183	0.10359342549082898
0.16922289064013135	0.15936807960952895	0.31024895813355213	0.2577785013422177	0.10338157027456965
