0.2889142733151428	0.3870691736444714	0.3240165530403859
0.28954707793063966	0.38740539308034266	0.3230475289890178
0.2882540134039061	0.38861213654436133	0.3231338500517327
0.2895600295428596	0.3873616522501029	0.32307831820703764
0.28819706894686714	0.38783544001599024	0.3239674910371428
0.2882815299555983	0.38757727766845673	0.3241411923759451
0.2888770180081203	0.3880595984064173	0.3230633835854625
0.2891549899612393	0.38784822593282736	0.32299678410593347
0.289554132294041	0.3865287723583908	0.32391709534756835
0.28849908412517	0.38845796539970456	0.32304295047512555
0.28893568956958193	0.38730334520778215	0.32376096522263603
0.2884339254199304	0.3874547391306561	0.3241113354494136
0.28952265509555375	0.3876100688178598	0.3228672760865865
0.2892451704033553	0.38753580704917767	0.3232190225474672
0.28819477793105663	0.388591535329889	0.32321368673905454
0.28897611131563283	0.38804027689489645	0.3229836117894708
0.2883640981531956	0.3887004399983021	0.32293546184850236
0.28826493841828915	0.3887588802463389	0.32297618133537204
0.28856830146559004	0.3874191918403652	0.32401250669404486
0.2884113078860126	0.38843364501991123	0.32315504709407633
0.28800945992789884	0.3886956239635833	0.32329491610851796
0.2885539721188325	0.38775415466691326	0.3236918732142544
0.2889506225305364	0.3875599752567838	0.3234894022126799
0.2895053205315769	0.3870907016418853	0.32340397782653785
0.28856195351210095	0.3872901738660801	0.32414787262181904
0.288009990350086	0.3878431434784785	0.3241468661714356
0.28907164279786185	0.3875727757588317	0.3233555814433065
0.28801873865155625	0.3886279931937908	0.32335326815465304
0.28917295464882836	0.3877754159220288	0.32305162942914295
0.28954727478970915	0.3866381280421412	0.32381459716814975
0.28887223098001363	0.38799424347043826	0.3231335255495482
0.2885154480655616	0.3874532921803848	0.3240312597540536
0.28913213778635577	0.38680307194964697	0.32406479026399737
0.28931483685598625	0.38701886638934896	0.3236662967546649
0.2884561475150515	0.3879290909415829	0.3236147615433657
0.2880520965422088	0.3882783137913159	0.3236695896664754
0.2889687840335666	0.38806018855956714	0.3229710274068664
0.28858457031390977	0.3884771219764869	0.3229383077096034
0.2884431728033957	0.388375540259707	0.3231812869368974
0.2881387476410805	0.38856709053556615	0.32329416182335347
0.2884890205499368	0.38838890609339294	0.32312207335667037
0.28855802146687876	0.38796435830524145	0.32347762022787985
0.28940100409695046	0.38755972355705776	0.32303927234599195
0.2889856298187522	0.3873049572218961	0.32370941295935174
0.28945204177915496	0.38762897024359244	0.3229189879772527
0.28822445670240554	0.3882026017911346	0.32357294150646
0.2892516929934251	0.38654782684090006	0.32420048016567493
0.28858244975343383	0.38797629399578826	0.323441256250778
0.28947729990560145	0.38678039038090634	0.3237423097134924
0.28904208294356415	0.3875135665209199	0.32344435053551607
0.2883831972673318	0.3877803648490416	0.3238364378836267
0.2892236950650068	0.3871819132475103	0.3235943916874831
0.2892357507413444	0.38665965493241783	0.3241045943262379
0.28828694757351775	0.38848496903315843	0.32322808339332393
0.28924854079122364	0.3876758857977071	0.32307557341106935
0.2883809435252032	0.3876530422412374	0.3239660142335595
0.2893231872565017	0.3877448577078804	0.322931955035618
0.28896934081291104	0.38724526407152976	0.3237853951155593
0.2896037891095261	0.38740475664277885	0.32299145424769515
0.2895714353002566	0.38728103611019193	0.3231475285895516
0.28905476618559145	0.386749730153569	0.32419550366083966
0.28904480713149144	0.3872784275751503	0.32367676529335837
0.2887596223515728	0.3871811543962496	0.32405922325217773
0.2881092653679434	0.3876500885873233	0.3242406460447334
0.28922297591452234	0.3868995528682412	0.32387747121723653
0.2894670260683979	0.3867030110808155	0.3238299628507867
0.28949057134250483	0.38731235768007033	0.32319707097742495
0.28845048347950525	0.3876179576906704	0.32393155882982444
0.2895814695639717	0.387400368898918	0.3230181615371105
0.2882826646054069	0.38849641265355184	0.32322092274104136
0.28931176943579195	0.3876097219997223	0.32307850856448583
0.2884777563227987	0.38839717672993446	0.32312506694726695
0.28842441090521376	0.38808324894035967	0.3234923401544267
0.2880560309818995	0.3882066140197742	0.3237373549983264
0.28876412768966253	0.3881073984925224	0.3231284738178152
0.2884674941413088	0.3873857131713896	0.32414679268730173
0.2895354691938332	0.3866241208430328	0.32384040996313407
0.2888012528736047	0.38735561356117165	0.32384313356522376
0.2891556139834034	0.387939234735635	0.32290515128096176
0.28851557117730786	0.38800165199646147	0.32348277682623083
0.2891814837175283	0.38662264005415004	0.32419587622832186
0.2883102086453888	0.3888145997334115	0.3228751916211998
0.28824906447646076	0.38790665328300006	0.32384428224053924
0.28888170225924226	0.38745951804489953	0.32365877969585827
0.2892045371306686	0.3877966624995179	0.3229988003698136
0.2890763938067376	0.3871432227275371	0.32378038346572535
0.2893424119554032	0.38767832871101304	0.3229792593335838
0.2880804702011222	0.38778138994483446	0.32413813985404344
0.28901425668808406	0.38768808139040023	0.3232976619215158
0.28863449959453175	0.38748415825516824	0.3238813421503001
0.28890557725823957	0.38694735623700277	0.3241470665047578
0.2891504549164359	0.38695760052300193	0.32389194456056236
0.28887982294521786	0.3879729292451736	0.3231472478096087
0.28964055576754344	0.38712227778276265	0.32323716644969397
0.28857010640723096	0.3882463420504763	0.32318355154229284
0.28920298678421263	0.3873017914161168	0.32349522179967066
0.289007194966237	0.3875624782054107	0.32343032682835243
0.2884792511841674	0.3873223361401821	0.3241984126756507
0.2892540293239012	0.38674933634403996	0.32399663433205894
0.2896464610616885	0.3870400135532048	0.3233135253851068
0.28819110231874173	0.3878617635491913	0.32394713413206716
0.28893040582286983	0.387328544918816	0.32374104925831426
0.28884917217603856	0.38771634319720827	0.3234344846267533
0.28867701793590245	0.38707782359587806	0.3242451584682196
0.2887525297949543	0.38708157469154125	0.32416589551350455
0.2894854704583991	0.3869133530400239	0.3236011765015771
0.288588854238288	0.38775097098248124	0.32366017477923087
0.28829791550222883	0.3880713029872215	0.3236307815105498
0.288149234718936	0.3885937472920453	0.3232570179890188
0.2890508057981497	0.3868172310710319	0.3241319631308185
0.2886159701191272	0.38821834456155735	0.32316568531931555
0.28927372059421397	0.38769537383989205	0.32303090556589414
0.2889964233611342	0.38679905709201445	0.3242045195468515
0.2893823760633382	0.3876096959268286	0.3230079280098333
0.28878563844403676	0.3882643120572014	0.3229500494987619
0.28821503369662127	0.3884335529963465	0.3233514133070323
0.2892455244784812	0.38731760126484316	0.3234368742566758
0.28929554517464995	0.3876469517229663	0.32305750310238385
0.28854090064632415	0.38827749760763236	0.3231816017460436
0.28966188675718624	0.3872423147552326	0.3230957984875813
0.28815902090152506	0.38851521481077783	0.3233257642876972
0.28849732564336084	0.3880789045780693	0.32342376977857
0.2895756498466473	0.387058916866123	0.32336543328722983
0.2887528878928007	0.3872199557793023	0.3240271563278972
0.28864317300107056	0.38797817942850377	0.3233786475704258
0.28816982171435784	0.3888566981682726	0.3229734801173697
0.2885617673939769	0.3885308605863693	0.3229073720196539
0.2880310671981588	0.38775429762985614	0.32421463517198523
0.28910960310964584	0.38769049503859104	0.3231999018517632
0.28937295812343655	0.3876846083620569	0.3229424335145067
0.2887744759073631	0.3870363972165366	0.3241891268761004
0.28837536425363397	0.3882907201689809	0.3233339155773852
0.28802715484369495	0.3887941216513497	0.32317872350495547
0.28953580018396197	0.3865387870034825	0.3239254128125557
0.28806175633948	0.38771748565154	0.3242207580089801
0.2879975885029961	0.3887427382070849	0.3232596732899191
0.28905609632298673	0.3876204457333068	0.32332345794370665
0.288714054661089	0.3877847029215149	0.3235012424173962
0.2887565048167255	0.38835581434467803	0.3228876808385966
0.2883748183064819	0.3886904217708486	0.3229347599226696
0.2892599040763831	0.38691255843814754	0.3238275374854695
0.28958423872631367	0.38738042961825825	0.3230353316554282
0.28927434907582283	0.3867756170199467	0.32395003390423055
0.2888542723676179	0.38768458222394386	0.3234611454084384
0.28800237781301685	0.3882884635244194	0.32370915866256383
0.28916484496110223	0.3869785143449497	0.3238566406939482
0.2882034314310548	0.3876658342110659	0.3241307343578794
0.28882639525204135	0.3872211903348347	0.323952414413124
0.28829768258121524	0.3880586416099962	0.32364367580878867
0.28920734421402217	0.3869201976994679	0.32387245808651005
0.28819026108725493	0.3886083104201359	0.3232014284926093
0.2896130585312065	0.387306815466546	0.3230801260022476
0.2882158750769751	0.38781677764202493	0.32396734728100013
0.28928401906767176	0.38768145935364545	0.3230345215786829
0.28827222178897	0.38825829544093593	0.3234694827700942
0.28824627149420057	0.38883091274330256	0.322922815762497
0.28945558702664603	0.3867644812873713	0.32377993168598285
0.2892796659644613	0.3868497304351734	0.3238706036003654
0.28876194645525083	0.38825714105392356	0.3229809124908257
0.28901748181254033	0.38746183583952665	0.32352068234793313
0.28844222371412587	0.38851573631847486	0.3230420399673994
0.2893822969708124	0.387422768880613	0.3231949341485747
0.2893487753203421	0.3875046643671175	0.3231465603125405
0.288380105128878	0.3873982372591088	0.32422165761201327
0.2884657354540175	0.388081162329389	0.3234531022165936
0.2886225269028842	0.3876046048323496	0.3237728682647663
0.28878505340469907	0.3882732157144405	0.3229417308808605
0.28852705098779197	0.3878710478732359	0.32360190113897225
0.28833438782855453	0.38853438271669355	0.323131229454752
0.289070703529772	0.3880616022124337	0.32286769425779444
0.28927522760761637	0.38699197471854496	0.3237327976738388
0.28897448454091235	0.38734453311394657	0.3236809823451412
0.2885382905052053	0.3883901593797221	0.3230715501150727
0.2892640717135835	0.3871644244300555	0.32357150385636113
0.28931302784360147	0.38660551697874834	0.3240814551776503
0.2891968753674622	0.3871293429787412	0.32367378165379673
0.2887400959216831	0.38713585124117494	0.3241240528371421
0.2885314544762855	0.38754488771402146	0.3239236578096932
0.2889762480840458	0.388035099255453	0.32298865266050125
0.2888458927228476	0.3874137727376478	0.3237403345395047
0.28959538933745127	0.3871744921306956	0.32323011853185324
0.28817376702214165	0.3879669362310575	0.32385929674680103
0.28818983761898187	0.38885996188981287	0.3229502004912054
0.2894103421158341	0.3874922428893307	0.3230974149948353
0.2887760884523226	0.3872463762362323	0.3239775353114452
0.2882053294197053	0.3883932658267012	0.3234014047535937
0.28915176007577936	0.38748999275411805	0.3233582471701027
0.28867247331545	0.38723992225456755	0.3240876044299826
0.2884128214059174	0.38737279369605015	0.3242143848980326
0.2881168202008394	0.3886875859830982	0.3231955938160625
0.28837688145060414	0.3880714567398545	0.3235516618095415
0.2886990173267022	0.3872150043465747	0.3240859783267232
0.2885758610482611	0.3883531796014589	0.32307095935028013
0.2884130628940301	0.38783522200642695	0.32375171509954304
0.2895284467669325	0.38747722223055353	0.322994331002514
0.28816138205222297	0.3883371275372308	0.3235014904105463
0.2891256521122658	0.38753860914719285	0.32333573874054145
0.28867651671580996	0.3873635959607624	0.32395988732342773
0.2881434996497729	0.38844262804598	0.3234138723042471
0.28823264492368916	0.38791054568871586	0.3238568093875951
0.28891550946236955	0.38775990489048057	0.32332458564715
0.2892879799602508	0.38664180099249346	0.3240702190472558
0.2884501890740142	0.388380769914103	0.32316904101188293
0.28909784700666136	0.38746267032627735	0.32343948266706146
0.288608111394728	0.38754355459449985	0.3238483340107723
0.2896226676702146	0.38742172430056376	0.32295560802922174
0.28899643048292706	0.38702072300588064	0.32398284651119236
0.2889197570935166	0.38776971419642403	0.32331052871005955
0.28817489422676584	0.388887974203952	0.3229371315692823
0.2893742448645644	0.38708610833854273	0.323539646796893
0.28964380792719796	0.3871084776626135	0.3232477144101886
0.28935341281046423	0.38769328156021343	0.3229533056293225
0.28808630712903366	0.3886571828813409	0.3232565099896256
0.28868961080899386	0.38784978164011585	0.3234606075508904
0.28868863165746306	0.3875411239694403	0.32377024437309676
0.2893748985655018	0.3868427473722721	0.3237823540622262
0.2892545275473896	0.3867473691411887	0.3239981033114218
0.2883741318672148	0.38844690147963545	0.3231789666531499
0.28929707130946725	0.38756288978901443	0.32314003890151843
0.2891341125216442	0.38694398071264136	0.32392190676571453
0.288690879194627	0.38726512798150453	0.32404399282386853
0.28933459277046475	0.3866197413518087	0.32404566587772665
0.288170899351232	0.3883785547848194	0.32345054586394867
0.28925268033419493	0.38653442900347157	0.3242128906623336
0.28965530764045916	0.38680149507716477	0.3235431972823761
0.2892887267192508	0.3873014139972883	0.32340985928346105
0.2882560339081897	0.38878319187489807	0.3229607742169123
0.28856582268845576	0.38738873956352976	0.3240454377480146
0.28867203852978474	0.3870811547516496	0.32424680671856576
0.28922766373040754	0.3866614658359677	0.3241108704336249
0.28913847125206854	0.38765492615427033	0.32320660259366124
0.28922832756774974	0.38699188949880453	0.3237797829334459
0.289465294854176	0.3876136982780446	0.3229210068677795
0.2886829629986919	0.3883693633757081	0.3229476736256001
0.2880819623548018	0.3879352711162051	0.3239827665289931
0.28897676896460944	0.3871993342949612	0.32382389674042955
0.288781815685389	0.38773281842667046	0.32348536588794063
0.28959235960627333	0.3874713872442041	0.3229362531495227
0.28871175003265526	0.38757541828422376	0.3237128316831211
0.2883053050285359	0.3876386560468464	0.3240560389246178
0.28857116348523326	0.3884930841264112	0.3229357523883557
0.2888355757288097	0.38790257356543395	0.32326185070575647
0.28875970021241326	0.3882875750302463	0.32295272475734055
0.2892275016744122	0.38768612603734615	0.3230863722882418
0.28859713295447276	0.3883371043552974	0.32306576269022996
0.2890366516806953	0.38715624942209337	0.32380709889721143
0.2890965370364305	0.38715302979626465	0.323750433167305
0.2892231238916993	0.38720810864205035	0.3235687674662504
0.2889162826331322	0.3879062920505831	0.32317742531628485
0.28892160415339385	0.3869305876960121	0.3241478081505942
0.28866319597369283	0.38788482146616715	0.3234519825601401
0.28823119457782564	0.3879587124362915	0.323810092985883
0.28813665172704683	0.3883713209725758	0.32349202730037746
0.28836926287122433	0.3877800733725002	0.3238506637562756
0.28963195726684565	0.38733607689037974	0.3230319658427747
0.28860371874665336	0.38764446295875576	0.323751818294591
0.28812933845361544	0.38775398513237375	0.324116676414011
0.28911290747848406	0.3871747797588465	0.3237123127626695
0.2890275920487661	0.3872858682605206	0.3236865396907135
0.2886330555369666	0.3880606664053765	0.323306278057657
0.28843965229621354	0.38794704332328217	0.3236133043805044
0.28855201583682033	0.387416421033615	0.3240315631295648
0.2880849102276665	0.38774180188822854	0.32417328788410504
0.289603633623823	0.38695051803432323	0.32344584834185386
0.2885306935962249	0.38721114168349896	0.32425816472027624
0.2884264406392488	0.38745705513490275	0.3241165042258485
0.28900973847964173	0.3879898027108122	0.32300045880954614
0.2888473701910985	0.38699536911468424	0.32415726069421735
0.2888222748658396	0.38821068736822584	0.32296703776593466
0.2888330672358386	0.38736131337653223	0.32380561938762925
0.2887487650589225	0.3878770665667729	0.32337416837430477
0.2882359072901004	0.3886396600515939	0.32312443265830587
0.28833044787185197	0.3881626222542478	0.3235069298739003
0.28869644402494415	0.38720818823519415	0.3240953677398618
0.2889589609946068	0.38782655997950083	0.32321447902589256
0.28874379791192506	0.38822699224729473	0.32302920984078026
0.2890487692088841	0.38807363610293855	0.32287759468817745
0.2882640708333508	0.38821476342847044	0.32352116573817885
0.288865423257703	0.3876896322085611	0.323444944533736
0.28858277071957755	0.38736619648120485	0.3240510327992177
0.28949771020643517	0.3874807202301219	0.323021569563443
0.2890997683184382	0.386674573932531	0.3242256577490309
0.288735063707061	0.38746078011426816	0.323804156178671
0.2891532913434059	0.38756322008727956	0.3232834885693147
0.2895979611339366	0.38687727024608326	0.3235247686199803
0.2884688586836382	0.388640626759156	0.32289051455720585
0.2882906198099487	0.3885337338735655	0.32317564631648593
0.28815047637819213	0.3884210589416896	0.3234284646801184
0.28834121786533334	0.38851044378132155	0.3231483383533452
0.28808133759680615	0.3887057503003739	0.32321291210282005
0.2881026255538968	0.3881103603697038	0.3237870140763995
0.2882169751181576	0.3881625866490881	0.3236204382327544
0.2893790947293236	0.38679775829638613	0.32382314697429043
0.2889833296714614	0.38724391630325483	0.3237727540252839
0.28877228257853993	0.38800173884832967	0.3232259785731305
0.2889193586696307	0.3868518895790456	0.3242287517513238
0.28823375047423827	0.3881223555985395	0.32364389392722237
0.2884831955650809	0.3880860719550873	0.3234307324798319
0.28840002831552847	0.38761169889629526	0.3239882727881764
0.28892924612938203	0.38731019544574274	0.32376055842487533
0.2890453235653499	0.3867625431785053	0.324192133256145
0.2890430211135386	0.3876945506801891	0.32326242820627243
0.28957717810753164	0.3874729801449525	0.322949841747516
0.28952487362148527	0.3868965680932413	0.3235785582852736
0.28906986493306486	0.38804338347375333	0.3228867515931819
0.28936958774251	0.387225416348622	0.3234049959088681
0.28887149012782753	0.38811164632014344	0.32301686355202913
0.2883774422545601	0.38835568721643743	0.32326687052900266
0.2884570866727956	0.3880340794029069	0.3235088339242976
0.2882548005457892	0.38756257040268804	0.32418262905152284
0.28813755443551176	0.38888358304564874	0.3229788625188396
0.2880462771203433	0.38840327266084407	0.32355045021881274
0.2881527315004089	0.3878070511379034	0.3240402173616878
0.28869857668690174	0.3877744922922856	0.3235269310208127
0.2888418209057572	0.3882273763017736	0.3229308027924693
0.28844959320429353	0.38738369680233914	0.3241667099933674
0.28913177347275687	0.38696630764309864	0.3239019188841446
0.28843721261788174	0.3874002938935327	0.3241624934885857
0.2886060668921413	0.3874217088687359	0.3239722242391229
0.28950922589080785	0.38760919191278476	0.32288158219640756
0.2886820419146441	0.38740023068681967	0.32391772739853636
0.28864497846072495	0.38762231481228343	0.3237327067269917
0.2880051760492382	0.38796668332744844	0.3240281406233135
0.2893408824129362	0.3876996430067848	0.3229594745802792
0.28902544364135224	0.387856777322198	0.3231177790364499
0.2890028129099669	0.3879693016157571	0.32302788547427613
0.2891505767274347	0.38692124768687636	0.32392817558568904
0.28908114607171237	0.3873217509132483	0.32359710301503947
0.2880760393091658	0.388267433690305	0.3236565270005293
0.2895954439373022	0.3870976224703034	0.32330693359239454
0.28851776202209406	0.3875327426098308	0.3239494953680753
0.28906044716877005	0.3875479328510996	0.3233916199801305
0.28852542773638784	0.3879489276657809	0.3235256445978314
0.288521955782437	0.3875652200291338	0.32391282418842926
0.2891463184813822	0.3876922763367717	0.3231614051818462
0.28915774922490056	0.3871779284353334	0.32366432233976616
0.28960793747473224	0.3869185596523442	0.3234735028729237
0.28878640730535654	0.3878155945010965	0.3233979981935471
0.28884832107809194	0.38731866303986556	0.3238330158820426
0.28824583348179306	0.38884516521111223	0.3229090013070949
0.28874742461846437	0.3873515786168212	0.32390099676471457
0.28843773574030274	0.3882715672985021	0.3232906969611953
0.28806537009431654	0.3878751286657203	0.32405950123996324
0.2891583835603703	0.3871349090776958	0.32370670736193397
0.289336248722473	0.3872962213916144	0.3233675298859127
0.28844342949331586	0.3873579474450929	0.32419862306159136
0.2888500877521666	0.38734068440203256	0.32380922784580096
0.28801799420593516	0.3886523609646252	0.3233296448294398
0.28953602563830144	0.38709755410681385	0.32336642025488477
0.28967803941314046	0.38694069676032034	0.3233812638265393
0.28834400943425464	0.3879152368625042	0.3237407537032413
0.2883458980947116	0.3879853055270438	0.3236687963782447
0.28864124275779235	0.3883654706395486	0.32299328660265914
0.28920469751316724	0.38700980249887507	0.3237854999879578
0.2882836522728118	0.3876019879398178	0.3241143597873705
0.28824819846082234	0.3884022962453477	0.32334950529383
0.28952187556936376	0.38658202145206283	0.3238961029785735
0.2893933257698377	0.3875526288718546	0.32305404535830784
0.288515128899075	0.388391082979597	0.32309378812132805
0.28810369495913146	0.38782543717035656	0.3240708678705121
0.288202720916775	0.38823929058038137	0.32355798850284373
0.2888178241829616	0.38735836476470314	0.32382381105233543
0.2880626377309531	0.38882548068109635	0.32311188158795073
0.28900123487656765	0.38731497344374965	0.3236837916796828
0.28828563183381517	0.38865200283279383	0.3230623653333911
0.28886851448141915	0.38820538420540945	0.3229261013131715
0.2891382668123474	0.38703381282141636	0.32382792036623637
0.28960220427041694	0.3865849815021323	0.32381281422745084
0.28818727806104544	0.38885007765550417	0.3229626442834505
0.288502909402139	0.3883030399782791	0.323194050619582
0.2891532855642496	0.38711624875570505	0.3237304656800455
0.288384652064712	0.38821639551242326	0.32339895242286487
0.2893127157052983	0.38751252067567044	0.32317476361903136
0.2893488287836471	0.3874045929487965	0.32324657826755654
0.2884425929171226	0.38844107190481914	0.3231163351780584
0.2888309455534432	0.3881866441053733	0.32298241034118363
0.2886594363081134	0.388355457803215	0.32298510588867174
0.28885490756811977	0.38698583696545474	0.3241592554664256
0.2892286570843826	0.3868932459279375	0.32387809698767994
0.288524718580737	0.3878458541200662	0.3236294272991969
0.2887233421106768	0.3883695635368385	0.3229070943524848
0.2881929312771102	0.38848842290592944	0.32331864581696046
0.2885886547288628	0.38753442075428346	0.32387692451685385
0.2896797346545643	0.3868367504340363	0.32348351491139954
0.28807998136648305	0.38827583132856447	0.3236441873049526
0.2891581059903002	0.386805920384904	0.3240359736247959
0.2891370011210481	0.3866277869346536	0.32423521194429833
0.2891236093168631	0.3872313112112915	0.3236450794718455
0.2890267847164556	0.38699067812470456	0.32398253715883996
0.2888883071612388	0.38776118311140834	0.323350509727353
0.2893839466067909	0.38741891417141233	0.3231971392217969
0.2891455100381348	0.3870018045130607	0.3238526854488046
0.2882975798784493	0.3879761899199523	0.3237262302015985
0.28800753273996305	0.38773804793283095	0.3242544193272061
0.288603283460605	0.387848567463394	0.32354814907600116
0.2888059207445738	0.38702407735093997	0.3241700019044863
0.2883409161032759	0.3877922139522268	0.3238668699444974
0.28874314983088917	0.3879008556844352	0.3233559944846757
0.2880358813551092	0.3883254189603353	0.32363869968455555
0.2881544986689502	0.387671137479409	0.3241743638516409
0.28899407146633427	0.38776587992366607	0.3232400486099998
0.28835544043476585	0.3877469640630467	0.32389759550218755
0.28921547091675975	0.3876254003224632	0.3231591287607772
0.2881947433730508	0.38759190140948896	0.3242133552174603
0.2885306377324731	0.3876951322530922	0.3237742300144348
0.2886109254477134	0.3884205583877734	0.32296851616451333
0.28952954540849357	0.38731693728150823	0.3231535173099983
0.2896848964145539	0.3868790539244215	0.3234360496610247
0.28886917212868857	0.3869521041952599	0.32417872367605166
0.2889434350262302	0.3879945899930711	0.3230619749806988
0.28852454168453406	0.38735342085217306	0.32412203746329293
0.2893990875378074	0.38717789425525306	0.32342301820693964
0.28837418155001643	0.3884068505869236	0.3232189678630601
0.2896231690274167	0.3866189859971223	0.3237578449754611
0.28921593155643965	0.38729953409493156	0.3234845343486289
0.2882312997590244	0.38785300798009725	0.32391569226087846
0.2887601735089306	0.3881794647962909	0.32306036169477864
0.28899588412874055	0.387933369503397	0.32307074636786254
0.28966948517409385	0.38654791672875055	0.32378259809715576
0.288418828552466	0.3878416802718963	0.32373949117563783
0.28927827018046487	0.3873071148253163	0.3234146149942189
0.28839475806748266	0.38823665283350134	0.3233685890990161
0.2890916337959386	0.38756471233628176	0.32334365386777975
0.28893448464933125	0.3879053847014218	0.32316013064924715
0.28842841536693686	0.38750599408828623	0.32406559054477707
0.2883123892974962	0.3884220344958884	0.32326557620661545
0.2880747771822472	0.3882086554407937	0.3237165673769592
0.2883879512243932	0.38854908170604496	0.32306296706956195
0.2880547258663906	0.388062548695947	0.3238827254376625
0.2895974125777063	0.3869903272640717	0.3234122601582221
0.28839815231472693	0.38809582937107184	0.3235060183142013
0.28806030576875213	0.3877972029118727	0.3241424913193753
0.2881259235084749	0.3885222259044074	0.32335185058711785
0.28879381291029504	0.3874511558468134	0.3237550312428917
0.2886328135703922	0.3881494916989924	0.3232176947306155
0.2887171692142255	0.3873859257236131	0.32389690506216146
0.2887207603021887	0.3870819486625181	0.3241972910352934
0.2880604243504934	0.38788458564250683	0.3240549900069999
0.2887167952773001	0.3880060585435529	0.3232771461791471
0.28819242382909027	0.38784669533391636	0.3239608808369934
0.2880727477794426	0.38785223674239744	0.3240750154781601
0.2889511074268647	0.38811085671551787	0.32293803585761754
0.2887309896158604	0.3877477930173014	0.3235212173668383
0.28840559526324494	0.3875945772835871	0.3239998274531681
0.28893446525994787	0.3874973799396817	0.32356815480037054
0.2894263852750118	0.3870216769219042	0.3235519378030841
0.2884453854789661	0.3876681788650166	0.32388643565601744
0.2882167676806361	0.38798220566597563	0.32380102665338845
0.28933555992062193	0.3869321360286274	0.32373230405075076
0.28911790388195685	0.3868986580549603	0.32398343806308294
0.28954200158040144	0.38670584647019735	0.3237521519494013
0.28817229167599123	0.38887799860503336	0.3229497097189756
0.28892745565820777	0.38707145793828623	0.3240010864035061
0.28885640573224447	0.3876949475158821	0.32344864675187357
0.2881718656902086	0.3885276155009404	0.32330051880885113
0.2888928549198523	0.3874325438128299	0.32367460126731795
0.288890355579962	0.3881044611365692	0.3230051832834689
0.2881558783840537	0.38859191977402546	0.32325220184192094
0.2882033597690574	0.3875459347397381	0.3242507054912046
0.28934224741045034	0.387453108772411	0.32320464381713876
0.2881845402568307	0.3887454394514633	0.3230700202917061
0.2887316802973266	0.38770393638229106	0.32356438332038245
0.288419661716849	0.38807513309367503	0.32350520518947606
0.2890486211030895	0.3877303191666533	0.32322105973025733
0.28903820312277506	0.387956878708865	0.32300491816836
0.2889775693894353	0.388024338925359	0.3229980916852058
0.28847094112217564	0.3885161124346211	0.3230129464432034
0.28898183719111664	0.38726389732389244	0.32375426548499103
0.2885058382882945	0.3880683774556798	0.3234257842560258
0.2892167283424538	0.3877848649422119	0.32299840671533436
0.28889159993361824	0.3875141580671936	0.32359424199918824
0.2891015106924082	0.38687784324357305	0.32402064606401887
0.2881062579719125	0.3879714308083887	0.3239223112196989
0.2893749303829652	0.38727060502400507	0.32335446459302986
0.2893200195632351	0.3871943118788196	0.32348566855794547
0.288883538082771	0.3875823980994696	0.32353406381775957
0.28811632525074726	0.388661736968185	0.3232219377810678
0.2893365257779801	0.38669842090235923	0.3239650533196608
0.28923731829590615	0.38737746005689655	0.3233852216471974
0.2886063935542673	0.38771054008094336	0.32368306636478944
0.2880198992908004	0.3880645759138198	0.3239155247953799
0.2885860916518263	0.38775971351165756	0.32365419483651625
0.28923590797928767	0.3874859065156384	0.32327818550507403
0.28888029210939625	0.3873471754100344	0.3237725324805694
0.28831297097757913	0.3883219356075641	0.32336509341485686
0.2880015642256719	0.38824647123691736	0.32375196453741084
0.2896365452318109	0.38749119529075565	0.32287225947743353
0.2886460262022806	0.3878167030336808	0.3235372707640387
0.2895755328833034	0.38738709660005144	0.3230373705166453
0.2882422477095545	0.3888795953459963	0.32287815694444927
0.28888574648265386	0.38756511377908276	0.32354913973826344
0.28966065335252666	0.38686067278760594	0.3234786738598675
0.28861569319049646	0.3883859330487104	0.32299837376079327
0.28923401276406707	0.38673606659513193	0.3240299206408011
0.2885522597378158	0.3884515707530709	0.3229961695091134
0.28915612580150446	0.3874178271095032	0.3234260470889925
0.2896168651692772	0.38687561002207127	0.32350752480865164
0.2888395885054229	0.387058575146208	0.3241018363483692
0.28845800023159857	0.3878945251357506	0.3236474746326509
0.28804851803624465	0.388330039441604	0.32362144252215147
0.28953374247021435	0.38731089840250815	0.3231553591272776
0.28933178844942853	0.387418485916981	0.32324972563359056
0.2882414089464276	0.38885040717526165	0.32290818387831094
0.28900213583793344	0.3876237810593745	0.3233740831026921
0.2895697549282103	0.387329774864265	0.3231004702075248
0.2886042238581387	0.3872447402897338	0.32415103585212757
0.28870473562645116	0.3882426735667121	0.32305259080683685
0.28800513663327626	0.38813450571648617	0.3238603576502377
0.28956984579743406	0.3869136818304604	0.3235164723721057
0.2885807897476881	0.38764847253876	0.323770737713552
0.2895774979857254	0.3874726664985587	0.32294983551571604
0.2891159794498309	0.3871772258410864	0.3237067947090828
0.28822770345634396	0.3884655128699624	0.3233067836736937
0.28892113529853736	0.3871848802312818	0.323893984470181
0.2883866248915309	0.38786675635211476	0.32374661875635447
0.2883619668368311	0.3886936196918865	0.32294441347128255
0.289465617387517	0.3865650863658207	0.3239692962466624
0.2891736036868856	0.3870923671190491	0.3237340291940654
0.28900597096727054	0.3871877610493571	0.32380626798337253
0.2889309109409014	0.3879944688593363	0.3230746201997624
0.2883572529054098	0.38859450857904476	0.32304823851554554
0.2888843764939146	0.38801209635012707	0.32310352715595847
0.289040877873379	0.3876384294022684	0.3233206927243527
0.28885031813488476	0.3873334861989342	0.32381619566618114
0.2889180738523982	0.387945543534613	0.32313638261298894
0.2892364462275963	0.38753186561863223	0.32323168815377157
0.28840910437323	0.38749964627020117	0.32409124935656897
0.2893878346374572	0.38732277992195924	0.32328938544058367
0.2888878116521297	0.3875847770650792	0.3235274112827912
0.28961569873054055	0.38677139600176536	0.3236129052676942
0.28800415400003765	0.38833325935162566	0.3236625866483368
0.28961280614849105	0.38750115719784306	0.322886036653666
0.28852887940542543	0.3876215176059061	0.3238496029886686
0.288677368997021	0.387204606047312	0.3241180249556671
0.28954518010793484	0.3871975451118315	0.32325727478023375
0.2883909792649685	0.38847623796923075	0.3231327827658009
0.2886560346717778	0.3875803238156053	0.323763641512617
0.28842928919698874	0.3886084207271813	0.32296229007583005
0.2894674753678089	0.38710631044400723	0.32342621418818396
0.2895929240583198	0.38666516937974305	0.3237419065619373
0.28835002293788287	0.3877827157450506	0.32386726131706667
0.28810551834560694	0.38875247911625416	0.323142002538139
0.28944606163024245	0.3870186456428318	0.3235352927269259
0.2887534754575883	0.3881153983224057	0.3231311262200061
0.288815666599119	0.3877085532140976	0.3234757801867835
0.28827447192490246	0.3879176458350996	0.32380788223999807
0.2880833579008191	0.3888156650469807	0.3231009770522003
0.28890421473985783	0.3871516677825796	0.3239441174775627
0.28906268808616775	0.3868540447591888	0.3240832671546436
0.2896783890352907	0.38745429219007427	0.32286731877463515
0.288840923315577	0.38821111416574006	0.3229479625186831
0.2880435359731681	0.388444225756254	0.32351223827057796
0.2881439515312533	0.38860938917754645	0.32324665929120033
0.2883562746849382	0.3885004997429003	0.32314322557216163
0.2890251050367384	0.38691041770693385	0.32406447725632787
0.2886341450791745	0.387453338609178	0.3239125163116476
0.28856446338304936	0.3876798426710448	0.32375569394590586
0.2896625094107868	0.3874702945050629	0.32286719608415043
0.2895357205555907	0.3875500956248534	0.32291418381955606
0.28922419819996525	0.3875046296243717	0.3232711721756631
0.2889121947641683	0.3879478477980842	0.3231399574377476
0.2894386675077906	0.38745693197136	0.3231044005208495
0.2882497605801129	0.3880231522192739	0.3237270872006133
0.28927734848297293	0.38659653080385836	0.3241261207131688
0.2895056354674812	0.38680313705675085	0.32369122747576806
0.2881929639444248	0.3888528114743075	0.3229542245812678
0.28820469001049986	0.3880215870006757	0.32377372298882456
0.2883761704091153	0.38744001307830245	0.3241838165125824
0.2889036146329759	0.3881886461648633	0.32290773920216087
0.2891626206146989	0.38686686695467276	0.3239705124306285
0.28840678984214435	0.3877398940476152	0.32385331611024054
0.2895568938557507	0.38747740679308523	0.32296569935116415
0.28923085004505833	0.38767267920093695	0.32309647075400477
0.2895391471166987	0.3871606539528116	0.3233001989304898
0.2885310286629435	0.387412532990125	0.3240564383469316
0.2890772180130839	0.387293705796856	0.3236290761900602
0.288187232848141	0.38790371963454223	0.32390904751731686
0.2886715932715565	0.3878060309815804	0.3235223757468632
0.28928970579903296	0.38756580822265957	0.3231444859783076
0.28871101107213165	0.3872894206088694	0.32399956831899906
0.2895026345051222	0.38660238724916757	0.32389497824571034
0.2895639289845378	0.3867461328251966	0.3236899381902657
0.2889664084925275	0.38738045803004345	0.32365313347742913
0.28886753272321897	0.38709905005545764	0.3240334172213235
0.2891839884449013	0.3875227174841023	0.32329329407099655
0.28847013782142694	0.3879802150464307	0.32354964713214246
0.2886140733960123	0.38777417217905064	0.32361175442493717
0.2892094028729594	0.387296285155044	0.3234943119719968
0.2894969170880731	0.3866570142369161	0.32384606867501087
0.289430955363863	0.3872154500896209	0.32335359454651624
0.28891105001986633	0.3876553891244853	0.3234335608556485
0.2884531491258094	0.38775892772722487	0.3237879231469658
0.289682800898441	0.3871429246315635	0.3231742744699956
0.2894786332833365	0.3873595986638222	0.32316176805284136
0.2893997816285203	0.38757534208644767	0.3230248762850321
0.2883973245808643	0.38858340680619424	0.32301926861294156
0.2892186378788758	0.3872999482979599	0.3234814138231644
0.2890598256928906	0.3866829546166068	0.32425721969050275
0.2895116424734389	0.38697973883516923	0.32350861869139197
0.28865489421043894	0.3877820383459037	0.3235630674436575
0.2883565727522209	0.38747969966706547	0.32416372758071377
0.28946801473584316	0.38758927060392795	0.322942714660229
0.28919342965855205	0.38703441160826696	0.3237721587331811
0.2887254335867275	0.38797174653281863	0.323302819880454
0.2884130817659342	0.3875197538088305	0.32406716442523537
0.28838728418540277	0.38745114764565874	0.32416156816893854
0.28847437737396775	0.3886557032631046	0.32286991936292775
0.28932946781771157	0.3876461274508797	0.3230244047314089
0.28940456668250686	0.38748174546122527	0.323113687856268
0.2884414081742725	0.3873826084585794	0.32417598336714815
0.2894780866762219	0.3870138410194649	0.3235080723043134
0.28885589130925926	0.38720297393514636	0.32394113475559455
0.28950768217794476	0.38704311322142243	0.3234492046006329
0.28871837472868156	0.3882149655321238	0.3230666597391947
0.288780976132513	0.3880319473763203	0.3231870764911668
0.2889716504192643	0.3868511378658958	0.32417721171483993
0.28888664912949513	0.3877321761246073	0.32338117474589767
0.2885470463355878	0.3876616341667761	0.3237913194976362
0.28942374530090836	0.38697864049290126	0.32359761420619054
0.2891869040358183	0.3877547387998315	0.3230583571643503
0.28884407860540945	0.3882759821802551	0.3228799392143356
0.28941675067277617	0.387075336850655	0.323507912476569
0.2884077920763894	0.3886831231977238	0.3229090847258869
0.2882612158328567	0.38876717579026243	0.32297160837688105
0.28920383039012193	0.38674112424778423	0.32405504536209395
0.2890009658592494	0.38788295654223615	0.3231160775985146
0.2896308561564634	0.38739226510438285	0.32297687873915387
0.2880091390961398	0.3885933964656303	0.32339746443823
0.2894336900030384	0.3865558803064423	0.3240104296905194
0.2883690492711023	0.3883599057512093	0.3232710449776885
0.28862667385747504	0.38800551426492746	0.3233678118775976
0.2887627199187642	0.3879366141331099	0.323300665948126
0.2890880151379261	0.3876042068334634	0.3233077780286106
0.2888506135557509	0.38718032046963624	0.32396906597461295
0.2896307590437582	0.3867792770256898	0.3235899639305521
0.2882836544948616	0.38860403595232906	0.32311230955280945
0.28825991380952815	0.387534698545578	0.32420538764489404
0.28955932730529316	0.3874779848841773	0.32296268781052967
0.2887052169460138	0.38828874314386735	0.323006039910119
0.28802736090757414	0.3879118110907299	0.32406082800169606
0.28895176250954674	0.3881875420205046	0.3228606954699488
0.2884645848768244	0.3880129959657212	0.32352241915745444
0.2891815697591332	0.38768477925933886	0.3231336509815281
0.28816691519984017	0.38810080067688524	0.32373228412327476
0.2893063080146972	0.38680696228038886	0.32388672970491406
0.28966518868412955	0.3868434819044596	0.32349132941141095
0.2896445146528464	0.3865233301732547	0.32383215517389907
0.28960313274084826	0.3871768789766904	0.3232199882824615
0.28863920226468376	0.387751383903474	0.32360941383184233
0.28925090463783226	0.38775798515139237	0.3229911102107755
0.2880464578951647	0.38816800933860235	0.32378553276623306
0.28864353283254046	0.3883475985546137	0.32300886861284595
0.28862656502670186	0.38723015199453487	0.3241432829787634
0.289590495608721	0.3866609319308968	0.3237485724603823
0.28919372182365843	0.3870615129900796	0.32374476518626205
0.28864632417405744	0.38829948667396036	0.3230541891519823
0.2889186139542354	0.3878523720273262	0.3232290140184385
0.28904521933514776	0.3871732860072133	0.32378149465763906
0.2891246349638822	0.38786214323354434	0.3230132218025736
0.28855041579847895	0.3872159549126357	0.32423362928888544
0.28879135653230725	0.38812088480413315	0.32308775866355977
0.28937884226796445	0.38732658303109085	0.3232945747009448
0.28842140811553596	0.3877522649405246	0.32382632694393954
0.28889434204272235	0.3880400048043076	0.3230656531529702
0.2891052911240159	0.3878294470695943	0.32306526180638995
0.289073711681167	0.38695993826376457	0.3239663500550685
0.28905538419045007	0.3876865930213036	0.32325802278824645
0.2892394249198735	0.3866939485014722	0.3240666265786545
0.2889270732139487	0.3875136576180088	0.3235592691680425
0.2896142380666892	0.3866876843485908	0.32369807758472013
0.28960437939727235	0.3872752564831831	0.3231203641195447
0.2893120112962798	0.38668961335005514	0.3239983753536651
0.2894040905475377	0.3869661627927105	0.3236297466597519
0.2895318176067611	0.38684579527774143	0.3236223871154976
0.28925504788435624	0.38765773123870095	0.3230872208769429
0.28878963103082606	0.3871184768489599	0.32409189212021416
0.2894999466368921	0.3868697397468878	0.3236303136162202
0.28956384556993875	0.38734203730062894	0.3230941171294324
0.2890680919731476	0.38760941481437156	0.32332249321248097
0.2894645206291769	0.3869062640657535	0.3236292153050697
0.2889258790476395	0.38810084501779185	0.32297327593456876
0.2890263247970959	0.38769370378455975	0.32327997141834447
0.2890893093074052	0.38667432672187146	0.3242363639707235
0.2888543770753534	0.3870387192991287	0.32410690362551803
0.2891696889164828	0.38669422394608116	0.32413608713743614
0.28943078679898065	0.387662399016755	0.3229068141842645
0.2886669681469192	0.3881110445226966	0.3232219873303843
0.2891492453647532	0.3875532199502169	0.32329753468503
