0.2019631504097537	0.09084609578960301	0.15469278250362412	0.2038677067869272	0.0880603989357141	0.03212900953677772	0.09235313548966659	0.1360877205479333
0.20110325692884506	0.09130539941042655	0.15517573884324323	0.20382143395971622	0.08745369786555765	0.03205748464113371	0.09237288788368098	0.13671010046739634
0.19885074396418706	0.0914846558753273	0.15700089597343175	0.20382197729723567	0.08887479565274732	0.0319886027216774	0.09223872348978004	0.13573960502561325
0.2013107325555059	0.09112543100229899	0.15480130275366957	0.2038750929619481	0.0878410416181067	0.03215335383380512	0.0922444835151317	0.1366485617595337
0.20065246554958022	0.091452192925994	0.15489669438443834	0.20383813784502713	0.08857158789885627	0.03228676652322297	0.09211966113633564	0.13618249373654515
0.2011895034114503	0.09124309387865187	0.15375620069979698	0.20376216150548726	0.08984362044626246	0.03233934258070818	0.09212875943969016	0.1357373180379525
0.2010075381584645	0.09129527006799415	0.15369833783059358	0.20389631158701166	0.08817364752424564	0.03223362402352105	0.09237618235449084	0.13731908845367832
0.20192913744283972	0.09100208368838758	0.15402721363597421	0.2040082118899086	0.0872417914379767	0.03228155160789582	0.09232563722011955	0.13718437307689757
0.20101807294527482	0.09102573188213514	0.15430504765987688	0.2040148736102102	0.08772597533542503	0.03216984425308189	0.09209499074132782	0.137645463572668
0.19969179086101538	0.0911846097791359	0.15445205768731426	0.2038042316442445	0.0889754707604126	0.03231676176579469	0.09227171319547112	0.1373033643066113
0.20163202278443912	0.09145762530347504	0.1544426713244682	0.20381499309139034	0.08791168769396183	0.03213003167558395	0.09231926249099065	0.13629170563569065
0.20110682089312823	0.09127194205981368	0.1537872043516482	0.20394250970475947	0.08899688941930006	0.03218772907278353	0.09234427561489136	0.13636262888367526
0.20145858904066394	0.09079536939438887	0.154987988488292	0.20377071527447366	0.088727751762838	0.03234279489419273	0.09219566934643825	0.13572112179871232
0.20009913094283582	0.09083556727952702	0.15613539444778257	0.20374775202498954	0.08862969233568385	0.03207659325571968	0.09223631652985442	0.1362395531836068
0.2005490976960091	0.09099015820165743	0.15541049103086463	0.20382266783482964	0.08767512221536074	0.032072455259864074	0.09224208391153135	0.13723792384988281
0.20219195873888512	0.09086710271749582	0.1552923283009818	0.2038645818367734	0.08736768286230547	0.03232286841449472	0.09209869045468924	0.1359947866743742
0.1996795755412532	0.09113989330148767	0.1554163256323222	0.20395062346525217	0.08973543593316058	0.032064523112824775	0.09223616849022095	0.13577745452347817
0.19938076304374963	0.09101869244406219	0.1563422247979597	0.20381023159988543	0.08886915254899747	0.03235650140346491	0.09234467616912745	0.13587775799275298
0.1994030032662258	0.091263350311282	0.15463671022336	0.20401611524993724	0.08984846351660288	0.03228829145676229	0.0922490845157166	0.13629498146011296
0.19902856388732795	0.09095332129372394	0.15492883978282593	0.20399125111465444	0.0894820211853892	0.03233269461716623	0.09216455599909402	0.13711875211981808
0.19941945462591398	0.09090355918607053	0.15702108179591928	0.20376988467191093	0.08784403629111688	0.03202681702883087	0.09211282125699854	0.13690234514323874
0.20137038132201074	0.0906541192752893	0.15490065633499772	0.2039736303103727	0.0871148559889166	0.03215695531327864	0.09217889818810159	0.1376505032670324
0.20214492278191087	0.09152545653093547	0.15515028244303133	0.20390563878904316	0.08732091077674836	0.0318855104783462	0.09221951709315918	0.13584776110682514
0.20153897100348056	0.0913829159409488	0.1537794527463493	0.20387816486084392	0.08803805633013806	0.032285556051667	0.09219606061374425	0.13690082245282784
0.20091140121463896	0.09095036793452932	0.15476827738455454	0.20381850717025615	0.08913072872704664	0.0319005922778737	0.09226339155040963	0.1362567337406908
0.20074771215168946	0.09089821232792941	0.15556005080689217	0.2039693543810986	0.08855126999065378	0.03204078014498002	0.0921483819405869	0.13608423825616942
0.19916743997698305	0.09150403059008255	0.15514028796867738	0.2038121292718098	0.08931399000969076	0.03219520385060447	0.09218392024594792	0.1366829980862038
0.19988369477434642	0.09153095556214688	0.15470258776192286	0.20385385420485239	0.08842673813272317	0.032052282716936414	0.09216584318172827	0.13738404366534337
0.2007085906657259	0.09118761338333004	0.15401686961765507	0.203774456870859	0.0897286238800795	0.03208988535125813	0.09223773255519359	0.1362562276758985
0.2006547856610963	0.09146675202818134	0.15351165657459098	0.20386493676990106	0.08979946574689876	0.03234420554274692	0.0922503092187891	0.1361078884577953
0.20219090673372198	0.0913837077621446	0.15356773105750096	0.20374046848579486	0.08839990349366372	0.031980496272260406	0.09222546686780048	0.1365113193271128
0.20183312950305043	0.09113824220571737	0.1549181237325661	0.2038287740689769	0.08708115724694591	0.03226397206120943	0.09231863392820785	0.13661796725332576
0.19957256559151582	0.09087441615533495	0.1546772267599502	0.20375625116421997	0.08978094807133596	0.03224917140970854	0.09214322369009906	0.13694619715783524
0.20098854150400117	0.09153730459416043	0.15347216362005767	0.20376137118594526	0.08943278682057418	0.0319299234068557	0.09221468256676764	0.13666322630163774
0.2008743692988344	0.09120518598449956	0.15414493374455063	0.20387738431830976	0.08868090883665006	0.032301946752118255	0.0923455560425324	0.1365697150225047
0.20042356041176618	0.09077873988397142	0.15450088150921798	0.2038721203493718	0.08819067798574307	0.03235405982135879	0.09218765606430988	0.13769230397426063
0.2024525490406512	0.09073327857064994	0.15389439682366918	0.20387884944705104	0.08875963450633584	0.03222356199972136	0.09236754255696389	0.1356901870549573
0.20168191231950955	0.09066951501513368	0.15370317768946848	0.20389707362797446	0.08804024080744728	0.032210046538494616	0.09212855558784203	0.13766947841412966
0.20122718217373606	0.09136118493768444	0.1545553094392541	0.2039665313366218	0.088972274350676	0.0320637678602822	0.09215280387684902	0.13570094602489613
0.20067495586613	0.09072148469476367	0.15418882649860116	0.20398915141883506	0.09016362784588468	0.03216409341267176	0.09236293374265189	0.13573492652046154
0.19870326227158525	0.09148760075333659	0.15496851883024698	0.20375381778419374	0.08981722874941721	0.03197258731716594	0.09229772995714469	0.13699925433690935
0.19976758844211945	0.09072798358877596	0.15694563419585936	0.20380488983348882	0.08748486815663456	0.03217351214400779	0.09227979676436535	0.13681572687474847
0.1986222797770672	0.09119935567085086	0.15645800942176516	0.2039083590255633	0.0878382278634303	0.03215511574080311	0.09220286980029863	0.13761578270022115
0.1995183235878618	0.09145015885629487	0.15616528876696514	0.2039225126412441	0.08831757778314822	0.03198991598489863	0.09234441376324096	0.136291808616346
0.2014015488227861	0.09068249881663687	0.15591084573033182	0.20392263257916576	0.08706542419581233	0.03199231994987371	0.09230457704598038	0.13672015285941275
0.2006907409266857	0.09091020441855246	0.1560064104099076	0.2038270529228639	0.08783105869377042	0.03208345832207693	0.09220456148705103	0.13644651281909176
0.20020467054667532	0.09101786530776151	0.15692464323588823	0.2038552338602998	0.08783304993578399	0.03204932127101538	0.0922441783525105	0.13587103749006502
0.19829349064379964	0.09124115824389369	0.1560510030241768	0.2038703704809824	0.08910234304967071	0.03214887716787927	0.09236187275823336	0.1369308846313639
0.19854645809393306	0.09078285307399134	0.15529343040445007	0.203998897172121	0.0902551557319057	0.03219240995741582	0.09222814372620687	0.13670265183997593
0.19877027692558286	0.0912970807258557	0.1542098764986947	0.20381526094784014	0.08992038617596648	0.03204552333601354	0.09231971220483588	0.13762188318521046
0.20037322397289473	0.09069674488779061	0.15523193045582356	0.20382927287219438	0.08832851603385539	0.03230196004900218	0.09208769568571248	0.13715065604272642
0.19973891924247483	0.09147690375363227	0.15624017670969348	0.20378513783420793	0.08860006788223598	0.03209955573800026	0.09237776596771613	0.13568147287203888
0.19877103842031243	0.09142938847933221	0.15604792785783286	0.2037733289979585	0.0893444539530951	0.03196543383888864	0.09216673456243571	0.1365016938901443
0.19930876453754004	0.09084029621248174	0.1556266274701787	0.20382543265589448	0.08856119881219349	0.03204906733710709	0.09230915232120618	0.13747946065339806
0.19984411489072412	0.09067886307981435	0.1535070456052871	0.2040128754881566	0.09010867949878648	0.031948699175476186	0.09227120273909273	0.13762851952266217
0.19941642613725125	0.09069887120257235	0.1546829895307894	0.20394299945106648	0.08972074162055374	0.03205484707959591	0.09217680802430045	0.1373063169538702
0.20015564351336096	0.0907393786005892	0.15605820606719245	0.20397264744691285	0.08790294707891798	0.03201707749628192	0.09216864423558911	0.1369854555611553
0.19991019197606477	0.09152199067649221	0.15517728335939268	0.203984440132971	0.08837413552334478	0.03207420225429933	0.09231060303493063	0.13664715304250433
0.19804604246199786	0.090928439205132	0.15714480651751178	0.20387133023114443	0.08904372866683558	0.032013996812530005	0.09228123238024186	0.13667042372460622
0.19902493720129388	0.09064723705438074	0.15641924620811384	0.2038730906490871	0.08995026811588058	0.032089117995922414	0.09222897805129293	0.13576712472402824
0.20018074930477148	0.09101109368588806	0.15454280383138552	0.20387105918235499	0.08996233664774778	0.03198823162163375	0.09238399501540989	0.13605973071080826
0.20065992115307504	0.09109819988685669	0.1547509461039832	0.20373667130147255	0.08901961351121393	0.03224243618367577	0.09228092280471675	0.1362112890550058
0.20256247632840257	0.09074831745542516	0.15554018810148512	0.20374693378152714	0.08705684334961247	0.03218177054584376	0.09222386203749629	0.13593960840020722
0.2024107544027076	0.09077914504930548	0.15354999212281048	0.20383259403948453	0.08827376256053338	0.03210279575264889	0.09232354789601363	0.13672740817649576
0.20079372451748193	0.09117742828442539	0.15575042131899128	0.20387119024756906	0.08714577099983507	0.031945870727453266	0.09213257981677285	0.13718301408747088
0.19869866712443165	0.09070322609204241	0.1573532478500698	0.20396137287312036	0.08812846219695321	0.03192402062390935	0.09214375816651404	0.13708724507295894
0.19812411699959395	0.09125036453509405	0.15656677146005965	0.20393078578454968	0.0879620557483976	0.032331668285549536	0.09216686191124504	0.1376673752755102
0.20069035376807481	0.09141963950227693	0.15383733702401237	0.20384825042288585	0.08904021857665839	0.03226696432168984	0.09211581927447329	0.1367814171099283
0.200831058288362	0.09144512956202205	0.15436023116603823	0.20383837174187258	0.08759595373200647	0.03213584302381173	0.09238322901834106	0.13741018346754563
0.20033611780791868	0.09121109834265136	0.1545995960446621	0.20384138316678124	0.08854485750756877	0.03199447159620046	0.09226110125846548	0.13721137427575164
0.19825728264988893	0.0912102532087208	0.15696947160458977	0.20373715391371167	0.08996637538894892	0.032047417656688074	0.09208224889796376	0.1357297966794879
0.19842483181937842	0.09118123117267926	0.155600076142876	0.20398686529796184	0.08928423775426937	0.032227607000177697	0.09209058103376479	0.13720456977889237
0.19904719933478707	0.09090759798935846	0.15489508192458903	0.20393482104245345	0.08988175456964212	0.032166261325441675	0.09213211327297871	0.1370351705407492
0.20028925697621355	0.09093379198493926	0.15429703583367402	0.20387785606109132	0.08875417508553951	0.03208145821625659	0.09219803283890368	0.13756839300338186
0.20157509811064414	0.09124244610500039	0.15516794337848694	0.20394871532914244	0.08748555465410668	0.03216933737493634	0.09236566267266993	0.1360452423750129
0.1995042979227148	0.09131717598697549	0.15697852971546358	0.20393438314350287	0.08751593721257933	0.0322704372809455	0.09211717189025262	0.13636206684756558
0.19800620725937723	0.09085918726825973	0.1552162279284418	0.2039741216732021	0.09004267281297486	0.03228731544159941	0.0923079612291179	0.13730630638702668
0.19871125872160045	0.09106565014068092	0.1559200248754379	0.20375233832842574	0.08873615378550925	0.03213404782164277	0.09210559243741595	0.13757493388928674
0.19863045700182208	0.09153485703386988	0.15558427008339587	0.2039519631832919	0.08915217367492385	0.03222267479921455	0.09218447551534181	0.13673912870813984
0.2013922666925086	0.09085059248135859	0.15478464338865677	0.20391761437988692	0.08855746631912298	0.03196181853074771	0.09219648343109718	0.13633911477662103
0.20032248977793282	0.09149538939574489	0.15470670189723698	0.20388360027559674	0.08831780626619071	0.032135988488154715	0.09224393515156476	0.1368940887475781
0.19957902221773674	0.09119242941827785	0.1551712192651095	0.2037787897704158	0.0885818843569979	0.032161801158226255	0.09234441401270162	0.1371904398005341
0.20028714259051295	0.09105180705668012	0.15437805359974413	0.20399840882437503	0.08837360043173648	0.03202481481810723	0.09228233995234131	0.13760383272650256
0.20220365162537485	0.09069706136442682	0.15455375909671912	0.20392026511108818	0.08775139918656491	0.03223236625377056	0.0921981286061565	0.13644336875589883
0.20101907949846742	0.09065761433236044	0.15583077251915034	0.20391099543125085	0.08820448057518404	0.03220692999529072	0.09223852938356583	0.1359315982647301
0.1992874148561905	0.09100158581484988	0.15636392463413423	0.20383652651333456	0.0876267523522745	0.032139484703101406	0.09236566432925612	0.13737864679685857
0.19985098554415923	0.09126171405053832	0.15677215074492487	0.20374190022372582	0.08733654208901939	0.032240187275700743	0.09208409779684637	0.13671242227508504
0.20057549730887148	0.0910489742699884	0.1568446358593813	0.20375530341758633	0.08712577240809562	0.03199160020194568	0.09225528720964195	0.136402929324489
0.19994837533390888	0.0914966357087275	0.15703734487368612	0.20377496282803223	0.08735914918012642	0.03198447439139859	0.09230060051748146	0.13609845716663854
0.200083753258479	0.0908383546159959	0.15732382848907736	0.20392675869013235	0.0869629211861104	0.03229368718332763	0.09228805611619459	0.1362826404606825
0.20003063721239572	0.0909076877022484	0.1565845401318432	0.20373255935347173	0.08720765749794926	0.032090956710296006	0.09217953449199573	0.13726642689979973
0.19985091570295596	0.09115040886991407	0.15676845265541	0.20399725602238594	0.08698048112102978	0.03199310863002547	0.09238198220109223	0.13687739479718625
0.1984867510275638	0.09098855473366221	0.15626838078995933	0.20396978136506644	0.08898492305390206	0.0319166650233562	0.09231942939639483	0.1370655146100949
0.19900723774002463	0.09127471072010343	0.15711269707130646	0.20391043367211126	0.08744672916419619	0.03214604669142365	0.09230232764585485	0.1367998172949793
0.20002959721988303	0.0915367437704622	0.15662240019706264	0.2039427038127533	0.08737856491776855	0.03202917593440145	0.09212055383335398	0.1363402603143146
0.19791784449996896	0.09136563552953503	0.157065428880747	0.20376003049007851	0.088092187428221	0.03207134623999752	0.09213444660637214	0.1375930803250796
0.19888842364377463	0.09115194543354756	0.1553877639449168	0.20375747333733354	0.09020504447373058	0.032034665547220675	0.09235358926481879	0.1362210943546572
0.20072172243652872	0.09090860622779016	0.1538428438481416	0.20398321159546426	0.08936512227978964	0.03199686832348787	0.09224123030844011	0.1369403949803574
0.20162017025319018	0.09088183227720291	0.15457951929896604	0.20384422663273857	0.08861174820433598	0.03220423845038667	0.09216592635177431	0.13609233853140507
0.20217237729288384	0.09110174576239075	0.153664096765951	0.20392752852193252	0.08884971164683361	0.031902699457668285	0.09237139823293643	0.1360104423194033
0.20164346939012923	0.0912628932750612	0.15446786560921336	0.20393732401885797	0.08807581772755213	0.032299860906655306	0.09210678738058047	0.13620598169195014
0.20082264146885906	0.09073494649404058	0.15468166436842737	0.20390768742433305	0.08904938413581798	0.03203309829748156	0.09210453251966066	0.13666604529137946
0.2006267756835875	0.09087274786253535	0.15464685651383292	0.20380677285215898	0.08977078446860115	0.032267681417270155	0.09232010569674909	0.13568827550526458
0.20069861811252285	0.09137268371204987	0.15368434602524722	0.2039615615334463	0.08911538491592577	0.031900334006140854	0.09226690776957092	0.13700016392509598
0.2012746544503477	0.09067667991668746	0.15445561442833244	0.20397696547332964	0.08945335604240906	0.032075852372659114	0.09222510763506611	0.13586176968116823
0.201405625683153	0.09111753644212889	0.15369339912686764	0.20387330962425176	0.08961211307479755	0.03226247848389774	0.09227967323758943	0.13575586432731376
0.20147043679542992	0.09118501068493942	0.1545190838123156	0.20394618634884149	0.08824505524605737	0.03193294233774782	0.09230590074623105	0.13639538402843707
0.20187264403898428	0.09148386998334268	0.15561604471153626	0.2037715198889169	0.0872515275923848	0.03213697367152489	0.09217480506065028	0.1356926150526597
0.2005750031792488	0.09151138302157402	0.15532989851114404	0.20375604889357007	0.0874326364822876	0.032171040932424455	0.09209405031734128	0.13712993866240947
0.1979617641359385	0.09115184921909456	0.15636128013161493	0.20390877679136635	0.0887720968881146	0.03194138115710407	0.0922520435335002	0.13765080814326655
0.19899196833997507	0.09148427539896656	0.15627870675901456	0.20375107450414484	0.08829340209104206	0.03232383543809644	0.09208354699434582	0.13679319047441438
0.2016514517497561	0.09128647589870717	0.15537758508355798	0.20391546500645186	0.08693627455192121	0.03234014427005533	0.09215829516473364	0.1363343082748165
0.20199203186080644	0.09089273094701668	0.15373788808991015	0.20381420152784557	0.08877493295026757	0.03194145128176998	0.0923387894530448	0.13650797388933855
0.20025152033711152	0.09102499366797079	0.1556383976967207	0.20395436751548301	0.08865880368065505	0.03219695980865414	0.09209519703004898	0.13617976026335554
0.20165196815914177	0.09062316457232265	0.15377214763653047	0.2039801304936884	0.08882053411569577	0.03195953296156519	0.09214243273503357	0.13705008932602192
0.2020849628404395	0.09104688233348092	0.15346292055360158	0.20373469959247587	0.08864674936239189	0.03207398095104043	0.09211352544446336	0.13683627892210623
0.19956318371677984	0.09143802665830332	0.15389458133880296	0.2039780765490007	0.0901314094946497	0.03209548502587656	0.0921802246399322	0.13671901257665453
0.1989062321100973	0.09073644867917277	0.1553097333734876	0.20385793296207816	0.090295660825952	0.032199591110909156	0.09207861239301898	0.13661578854528378
0.1984100883574007	0.09078185327924324	0.15673914303935546	0.20390312664202756	0.08924267600544095	0.032338461240923	0.0921572412842912	0.13642741015131762
0.1991721415298778	0.09089230579816175	0.1571387027244895	0.20399566396223662	0.087700576061993	0.031890207396863185	0.09208036574679387	0.13713003677958405
0.19976623749885417	0.0906854682438557	0.15476269117564218	0.20390178272698065	0.08926045930858624	0.03224953187706539	0.0921237149831472	0.13725011418586824
0.20036874657646644	0.09117287836764956	0.15421848451196316	0.2037962486843936	0.09001753004003349	0.03210452406860764	0.09228607833753263	0.13603550941335324
0.19988403464225002	0.09144834062037763	0.15633764824590365	0.20373870762607	0.08718102668581877	0.03226189036278808	0.09211070842381575	0.13703764339297592
0.1998992836220263	0.09087405300505264	0.15497714708866198	0.20394910595564614	0.08823055837754926	0.03219716820756996	0.09226490579669025	0.13760777794680323
0.20199378811445495	0.09083346768490316	0.15415358293050085	0.20376947844778937	0.08865099534857035	0.03232644570283481	0.09212822154904597	0.1361440202219003
0.2007039755046632	0.09118256531380758	0.15468030595948784	0.2038696656210906	0.08924699340404443	0.03233391823923562	0.09213200138781544	0.13585057456985508
0.20014821680637362	0.09117608996874997	0.1543217147896747	0.204002994324695	0.08863002178146609	0.03190100336557264	0.09234921228932202	0.13747074667414572
0.20032900289943997	0.09132407699402736	0.1561273514704626	0.2038076963309855	0.08779871711805487	0.0321407143622635	0.09216306208386477	0.13630937874090118
0.2007936116945493	0.09109389367273707	0.15487446968900676	0.2038031249466265	0.08811669363861305	0.03226027752515982	0.09214906714073123	0.136908861692576
0.19946750184071935	0.09099024848780188	0.15544352677102266	0.20380765263225198	0.08852986875191468	0.031992552121308485	0.09209611386688217	0.13767253552809858
0.19891856295166138	0.09106498238252234	0.1551144383138119	0.20390938199840325	0.0901894924282458	0.03228712342964635	0.09207760042313803	0.13643841807257076
0.19854187258239453	0.09097167562793965	0.15638781610267782	0.20401311648998843	0.0898299472455418	0.03209765595344516	0.09228398546490951	0.13587393053310284
0.19894665659233016	0.09097216012310805	0.15548749358547287	0.20379214232452753	0.08974584049584754	0.03192285418175261	0.09231991730650979	0.13681293539045122
0.19925733016771902	0.091354322042728	0.1541382134675575	0.20396100261987424	0.0891102783404018	0.03210462379152065	0.09238460749937238	0.1376896220708262
0.2007782889780041	0.09119955925770154	0.154579041721816	0.20400081234583323	0.08887670995610444	0.032224743625069635	0.0921641360634188	0.136176708052052
0.2010227785088377	0.09151380336287057	0.1535731300790475	0.20377948136973728	0.0894577804301406	0.03192986657506072	0.09233887623530278	0.1363842834390026
0.20165700711145085	0.09094078519298174	0.1549524460362869	0.20376742562150046	0.08721943211500556	0.03234339711305012	0.0922227290970749	0.13689677771264921
0.20159077938333114	0.09116177997589242	0.1539426613515916	0.20396284312799884	0.0882313889884475	0.032193013629626635	0.09233426036540525	0.1365832731777064
0.20233898748564813	0.090627881845601	0.15358454163082083	0.20381080948119307	0.08860725335544359	0.03196317094040163	0.09222870279433794	0.13683865246655355
0.20206770571403485	0.09114397322327303	0.15503121695866354	0.20378169878106772	0.08788790066906874	0.031989709384869	0.09228930269161928	0.13580849257740357
0.20229352785246346	0.0913848831406126	0.1534902300729838	0.20393724077711006	0.0873580838133785	0.031902803139614605	0.09221046771427671	0.13742276348956
0.2026321750642109	0.09110577614078569	0.15357642266747917	0.20400578595295737	0.08829537394001005	0.032119252966696946	0.09232344580046814	0.13594176746739148
0.2010534042612805	0.09102018091264513	0.15586263040197074	0.20379489145391433	0.08745203733121061	0.03193596949170811	0.09232437061054918	0.13655651553672118
0.19993762940410062	0.09069819380780308	0.1557167222051169	0.20398609750626817	0.08771613357031777	0.032002569347179585	0.09230145780947124	0.13764119634974237
0.2005145374917176	0.09065445454117142	0.15579970113305233	0.20378242034289334	0.0884220002705684	0.03197212830710121	0.0923825390117525	0.13647221890174296
0.1990857950415602	0.09129384054760006	0.15656737525329217	0.20375435142391263	0.08820322842258407	0.03230909768842116	0.09209352998281768	0.1366927816398118
0.19846507039687467	0.09115525872208251	0.15707390935300508	0.20380035716109407	0.08886528823990276	0.03225673425688541	0.09207752766952867	0.13630585420062657
0.20037237976592964	0.09130527021870227	0.15650548852960203	0.20398919950130331	0.0873622303754113	0.03220441759324362	0.09221794761661543	0.13604306639919217
0.2009390572486217	0.09152965586899489	0.1541942004792038	0.20373184083591536	0.08928103857271363	0.03232683408096107	0.09210975701425995	0.13588761589932935
0.20121424510132851	0.09088250512103971	0.15503078835445086	0.20381206162228363	0.08853406588304413	0.03194586630719516	0.09226982983433904	0.13631063777631872
0.20143904202722218	0.09072855192487217	0.15426013767480415	0.20377540997688043	0.08953998096867477	0.031956462464636376	0.09226501970679493	0.13603539525611474
0.1989971113761745	0.09086417599951138	0.15554267115930967	0.20386343045380523	0.09010584684946867	0.032275333180336555	0.09229085891434247	0.13606057206705127
0.19978705156214954	0.09117946806975971	0.1541855131195482	0.20386198767207042	0.090029805235099	0.03198778521261608	0.0920812368446325	0.13688715228412432
0.2017100847263032	0.09088776652021496	0.1557198910366473	0.20397981796988102	0.08760808777370221	0.03227491023798833	0.09207973621695584	0.13573970551830694
0.19835698627715054	0.0912761371113287	0.15612691445503324	0.20380475753847327	0.08905885046665062	0.03224852783659349	0.09232664630542264	0.1368011800093473
0.1995790117197792	0.09065072637946678	0.15533286264089086	0.20373850691296996	0.09012426155616159	0.03230716509630448	0.09237937670169638	0.13588808899273047
0.19846624111450129	0.09151288015766079	0.15534476338359912	0.20385747868627685	0.08917364192297308	0.032187141761848545	0.0920789939418909	0.13737885903124922
0.1992120255561802	0.09069338070325365	0.155528381932878	0.20382955354194054	0.08924671466612563	0.03204407869153679	0.09230095211239552	0.1371449127956894
0.20234238005233737	0.09070219081041828	0.15392472592908835	0.20373945811696736	0.0878044208734845	0.031991628764307625	0.09237116336236562	0.1371240320910307
0.2016673250264919	0.0909740639902763	0.15361336000062092	0.20389159700177387	0.08888140928518119	0.03224079297637751	0.09234637428438369	0.13638507743489434
0.20047059620534655	0.09070450009670147	0.1548388072717137	0.20393465744580067	0.08963375234285716	0.031929406683502026	0.09217719424269186	0.1363110857113863
0.19790390598538943	0.09138610064052813	0.15637883661675286	0.20378036909538114	0.08973659488665961	0.03191686166542379	0.09222041960318203	0.13667691150668276
0.19895898478388732	0.09131118182756945	0.15714346922371725	0.20385590902074122	0.08772973856045455	0.03221634672167874	0.09213632615113232	0.13664804371081893
0.20044840869179614	0.09113709764345682	0.15391350126390302	0.203958852768178	0.0894981482220732	0.03194123857774388	0.09218916410379	0.13691358872905868
0.1990269480188762	0.09116369623885162	0.15604494355507126	0.20389077383782667	0.08816451934320427	0.03206478462933546	0.0923057800609692	0.13733855431586509
0.19910071293315698	0.09109136270867826	0.1563894442118709	0.20380288389120016	0.08919543706618424	0.031904229129643	0.0920852938422585	0.13643063621700774
0.2018970473348086	0.09085733550588525	0.15507120194813334	0.2038060223228667	0.08699610374932942	0.03196192565555277	0.09237784102667272	0.13703252245675096
0.2004287338920096	0.09128280536359085	0.15477813994133924	0.20372971215742336	0.08841496454395137	0.031895883127958116	0.09211072611379498	0.1373590348599322
0.1987370444383002	0.0909364973392231	0.1562454712637046	0.20385505461603898	0.08884455212345284	0.03217308432906113	0.09217416707281006	0.13703412881740884
0.19886228536268602	0.09150781022160429	0.1541080711007256	0.2039931097804954	0.08993553268998497	0.031985833332091845	0.09212088221049738	0.1374864753019142
0.19910042852550988	0.09083891655435496	0.1568054992191757	0.20399125343906246	0.08883632985072223	0.032292062941385535	0.09208727013065114	0.13604823933913782
0.1984261735332608	0.09148734449677304	0.1545193639967011	0.20398815570375622	0.08984758510609946	0.031881858044711844	0.09236025765111987	0.1374892614675774
0.20117012109205973	0.091408684861988	0.15379880392187253	0.20397767948861883	0.08772172863211153	0.03222642147550085	0.09229936708113262	0.13739719344671567
0.20136601696862305	0.09106838589917415	0.1534990047824938	0.20380358695718276	0.08996716054238198	0.03197433669108886	0.09223627431905748	0.1360852338399977
0.19975134854761828	0.09083680438992076	0.15398188410290176	0.2039886142722269	0.0897429566961481	0.03189687420143213	0.09223332976995456	0.13756818801979726
0.198084729566409	0.09150436650541044	0.15641557961989067	0.20392551571905276	0.08842127009963213	0.03193128516889862	0.09211788501800236	0.1375993683027038
0.1989001999201362	0.09084022084116411	0.15457825286184507	0.2037945564518931	0.09012039424509449	0.03194730313668498	0.09217059092594844	0.13764848161723336
0.19951464209352066	0.09079536932790393	0.15593101361197692	0.20379608809389255	0.08942954748030216	0.032000230579322594	0.09226023535530245	0.13627287345777853
0.199746601550249	0.0907265625888217	0.15689710466063467	0.2039597179401081	0.08847098557935545	0.03203759001209926	0.09212474461891303	0.13603669304981858
0.19813117489402599	0.09125282591469226	0.1571414616665085	0.20401592294616097	0.08819977371025388	0.032191907904215236	0.09209852937249036	0.13696840359165258
0.20038508822185724	0.0911805816818678	0.15530443626489238	0.20388422337799061	0.0872061177763454	0.032234519945036844	0.09230148126241713	0.13750355146959237
0.19847389528368425	0.0913682481521611	0.15687778656260337	0.2037491186665672	0.08843744257276048	0.03206636922599343	0.09210089993336043	0.13692623960286948
0.19823344026863116	0.0910390890637405	0.15630473632556727	0.2039464316423537	0.08871962990282149	0.032303622119062625	0.09217273590428013	0.13728031477354288
0.19844995203112703	0.09075179470394086	0.15665917753193775	0.20375664108081237	0.09015050462297441	0.03213527966739729	0.09218215454047185	0.1359144958213382
0.20030199480198918	0.0912308145011485	0.15616005359712032	0.2039660983958309	0.08802339829463515	0.03194915404126453	0.09209922993775488	0.13626925643025634
0.19819567961076412	0.09118366612282948	0.15586925097375676	0.20386461854836613	0.08954626653812776	0.03203137084212135	0.09208901789366952	0.13722012947036463
0.19875669642165766	0.09080748638115607	0.15680534257908593	0.20396894829204124	0.0888850855329962	0.03217742055433022	0.09223378167843885	0.13636523856029362
0.2003194257029336	0.09127863573675318	0.1560088717677261	0.20377339555223195	0.08810184960258693	0.03222737004991777	0.09209200702051858	0.13619844456733166
0.20205100971608592	0.09091485049402839	0.1547098107368872	0.20396829709136538	0.08697349172515512	0.03221506932885988	0.09223539281728749	0.13693207809033034
0.20006788551491433	0.09126362437264937	0.15714108855767484	0.20384853126034302	0.08736042820195766	0.032198221924727544	0.09238281775428137	0.13573740241345164
0.19816157457533448	0.09132776176389276	0.1565483629738847	0.20372468033741697	0.08864361500913914	0.03214634470877313	0.09213544481451165	0.1373122158170469
0.19958032852026106	0.09131827168850563	0.1545705445655693	0.20384782281489944	0.0883529329222496	0.03233297061828591	0.09237591092256318	0.13762121794766569
0.20089092834192043	0.09085563586921859	0.1540706510414302	0.20398332948467784	0.09016299508079245	0.03205658022972613	0.09207616499849305	0.13590371495374107
0.2011273875188981	0.09134542532030596	0.15454276964689304	0.20391285966285	0.08749210995779509	0.031901589243227696	0.09224779561459645	0.13743006303543343
0.20117540583751653	0.09113781362569853	0.15532591533552934	0.2038404352493252	0.08701141519179167	0.03200993518632854	0.09214436452404304	0.1373547150497669
0.19867659044195723	0.09115435477561847	0.15446719113699617	0.20379705486227384	0.09022263867136146	0.032108575748935705	0.09222374234991895	0.13734985201293792
0.19899345227437548	0.09148341389398076	0.15386019745295068	0.20388824841709502	0.09021057323285789	0.03202706576585772	0.09215117508224632	0.1373858738806359
0.1992385018154048	0.09139917196120328	0.15557649229766107	0.20391691536667095	0.08983017870266764	0.03221600789792457	0.09214193909931354	0.13568079285915388
0.19819943148722513	0.09139989941872989	0.1550613470479183	0.20379809567132445	0.08965242537501458	0.03201995174009212	0.09232284037190976	0.13754600888778554
0.2006877084277299	0.09080788425694977	0.15417901475174223	0.20388200251653482	0.08866732535127034	0.03232712367992027	0.09212182274444519	0.13732711827140726
0.20077159423531743	0.09121608805571815	0.15564500476765825	0.203949652276451	0.08827108740227163	0.032337808561444165	0.09212778710087391	0.1356809776002652
0.2005798559732414	0.09130523320119305	0.15559386187440058	0.20383493825206145	0.08765486313597762	0.032240578453419544	0.0922530890789448	0.13653758003076133
0.19814102508068826	0.09106399734148479	0.15692065677726819	0.20391142317402958	0.08826172805187488	0.03212856534434813	0.0920998736679256	0.13747273056238032
0.19929903743023833	0.09073818010384074	0.15626904103391584	0.20392353209124364	0.08920315436211156	0.032274794208471694	0.09228516905146755	0.13600709171871037
0.2014205520754181	0.09088613924330523	0.15556871887372573	0.20383731001805833	0.08793323987868168	0.032013436426214376	0.09236318645781341	0.1359774170267829
0.19837908390534997	0.0910189839834023	0.15661579204845744	0.20380688978351963	0.08889709826315309	0.03210238874167151	0.09233299742341011	0.1368467658510357
0.19949930553266032	0.0914701302864961	0.15467516252400537	0.20395736119833816	0.08960991427637155	0.031998559569719295	0.09227069997664691	0.13651886663576207
0.1986676149503652	0.09078640682891378	0.15633801282553994	0.20385893810139089	0.09012258801784886	0.03206349096060443	0.09208738163284756	0.13607556668248907
0.198553457577547	0.09152511034263423	0.15473070110601142	0.20379887768483596	0.08963949704114378	0.03233230380840983	0.09221949714740736	0.1372005552920102
0.19842446285685988	0.09105526333993198	0.15581535618490494	0.20383973166778896	0.08933663721076576	0.03205744038651641	0.09224481490980344	0.1372262934434284
0.19795195214844882	0.09094433663496418	0.15517388613900318	0.20377982431643854	0.08995496674067521	0.03222197226133518	0.09229833359581233	0.13767472816332232
0.20139073057736967	0.09078637555096933	0.15465430131305002	0.20398771031354862	0.0882916759692994	0.03203004381111371	0.09219867025071521	0.13666049221393378
0.19874754719807447	0.09119151860819436	0.15678036890829927	0.20396094137853643	0.08833173914109993	0.03200372021235709	0.09230626882494389	0.13667789572849426
0.19843297534703966	0.09079696771714307	0.15686175592550686	0.20395096801528365	0.08825998682642522	0.03220082618974389	0.09216492749836591	0.13733159248049148
0.19867942504662792	0.09087062271959442	0.15726684565010846	0.20374636654789244	0.08829905898952742	0.03203632636056793	0.09210903937866863	0.13699231530701256
0.19895716407773614	0.09146509044013558	0.15506449826162877	0.2037885679711916	0.0887537473996175	0.03230984877695374	0.09236981151145132	0.1372912715612851
0.19985237052778532	0.09133149331779329	0.15563175068421492	0.20373886947465847	0.08789497572522639	0.03201941793605238	0.09213884805254993	0.13739227428171907
0.20175285937378168	0.09085946515333082	0.15358931771623335	0.20388148667851472	0.08829807808076272	0.03206886743283506	0.09238357808623654	0.1371663474783049
0.20234073145022433	0.09087550731279334	0.15458363699504313	0.20373024751983548	0.08822373715653228	0.03202514606909909	0.09211272386694425	0.13610826962952785
0.2006163661734214	0.09138288895648372	0.15523965083534136	0.20382679358511896	0.0882559921707352	0.03226708428833515	0.09237251275982812	0.13603871123073583
0.20186834584917457	0.0908534196307572	0.15444235835130796	0.2038965228558941	0.08851863184284214	0.03199635675179009	0.0920822198604296	0.13634214485780405
0.20208092737462652	0.09085155480629371	0.154396816549438	0.20372614739476685	0.08822239044678568	0.03226699370935929	0.09210356430047295	0.13635160541825678
0.20169555404161477	0.09110040710943668	0.15365492522629495	0.20394790404901467	0.088732425923292	0.032077217827873525	0.09220478993179083	0.1365867758906823
0.2010557899097039	0.0910439060292583	0.15468684348435516	0.2039528186761262	0.08815596398154621	0.032014633059698594	0.09237199588197453	0.1367180489773368
0.19994312510877826	0.09095719695701104	0.15616280493316087	0.20375017489767164	0.08887618982278492	0.03219069770414772	0.09233432564644667	0.13578548492999862
0.19870594588408297	0.09111837618814966	0.1560137510830109	0.20381554054579237	0.08965345134493635	0.03207459129277758	0.0921270512280499	0.13649129243320005
0.19940297237857368	0.0912367489449475	0.1572172627683988	0.20399976080397447	0.08724102930716317	0.03233965651276499	0.09211890108393399	0.13644366820024312
0.20102834838555586	0.09090075451020554	0.1549366984074271	0.20398549058126395	0.08856677537712392	0.03207558588033865	0.09238325901149136	0.13612308784659335
0.20113807895937708	0.09130739928953313	0.15449626159680827	0.20376177525262779	0.08898086607596509	0.03222764873321496	0.0923332455574005	0.13575472453507295
0.19926550807860874	0.09111357019255996	0.15579908104783546	0.2037944797982163	0.08800137316502543	0.0322270344261911	0.0923015806525241	0.13749737263903872
0.19937347469783273	0.09099686452750627	0.1554524974387619	0.20383755760538447	0.0901860820867536	0.03190098850387062	0.09235048102306495	0.1359020541168252
0.19790412649981526	0.09073252300256063	0.15616180037283284	0.20394475396982245	0.08978503275893424	0.03188242762809254	0.09217296034415326	0.1374163754237885
0.20131573338929398	0.09106718723298607	0.15504831538402641	0.20391657503803678	0.08734483909374252	0.03219803044357229	0.09212133026392642	0.13698798915441526
0.20122841922454884	0.09092680188711431	0.15635241034950487	0.20375286207819915	0.08725650753030757	0.03214615402638374	0.09219023607324381	0.13614660883069743
0.2001539322578203	0.09137142112147673	0.1550661277226323	0.2037875308525119	0.08815986531678227	0.03218747444073819	0.0921560789145449	0.13711756937349318
0.19895953866432065	0.09102020080280854	0.1546281966977576	0.20375820468128153	0.08973988211310019	0.03223087759548694	0.092281964554711	0.13738113489053333
0.20169952630812604	0.09075166633551235	0.15392999423283782	0.20395967195235515	0.08752165992021135	0.03215421094159761	0.09238201520808415	0.1376012551012753
0.2006557330271773	0.09095591585979018	0.15383448694610494	0.20385072975868784	0.08952970303216758	0.03215688348220812	0.09236090733869287	0.1366556405551709
0.20057486381387732	0.09100877966784998	0.1555813793440323	0.20379942979547483	0.08860661216788077	0.03219480121620949	0.0921408818425352	0.13609325215213997
0.19891443080969723	0.09120137913041337	0.15547379157377067	0.20392270842848015	0.08983917934792657	0.03189532447818924	0.09233231525641587	0.13642087097510666
0.2017554484191325	0.09133472187949297	0.1539630001098099	0.2039910579343807	0.0882632780140401	0.03215228430841746	0.09224363330217805	0.13629657603254808
0.2025159122172842	0.09141012884793033	0.15379198895242957	0.20385725688670395	0.0880383349363563	0.03215794695506541	0.09211496368233646	0.13611346752189357
0.20122693216224863	0.09109906434460119	0.15419955888650572	0.2038779237272364	0.08907965262280748	0.03196947072705139	0.09223834266908178	0.13630905486046718
0.19803612044445318	0.09107017036557773	0.15580697559088966	0.20381506764025337	0.09006134573230909	0.03199374523861456	0.09234121900711782	0.13687535598078437
0.20030126050732766	0.09114913239835631	0.15473217591063074	0.20390585817405024	0.08928417451167606	0.03215505396108978	0.09230329519660156	0.13616904934026738
0.20025203275553494	0.09081338611259868	0.15360794347328138	0.20394942683649267	0.0894571257553245	0.03203759571001584	0.09236289925689706	0.13751959009985468
0.20168443654584126	0.09074736296776757	0.15523095322282038	0.20389719746623763	0.08793973059339467	0.032117185462528716	0.09231047955749039	0.13607265418391912
0.19931089878185443	0.09146002322086176	0.1557350103046383	0.2037754201054402	0.0883206401778762	0.03234211586492626	0.09225152912795044	0.13680436241645214
0.19929433238515792	0.0914064374926994	0.15572748274007492	0.20376096661286144	0.0897406086378536	0.03212650155959841	0.09209649168943185	0.13584717888232223
0.19972573438094632	0.09137135375019755	0.1546190238987725	0.20390716978962928	0.08994967963502035	0.031921407484423445	0.0921074276484733	0.136398203412537
0.20048553179024103	0.09063038508544044	0.1544051357582708	0.20399122316184326	0.08996141893681464	0.032304420974433076	0.09210649206729721	0.13611539222565927
0.20095019664871333	0.0910271598144787	0.15440896494573333	0.20381739772929447	0.08924889827277371	0.032283916490702266	0.09225195507467127	0.13601151102363274
