0.18198274553034172	0.09122390824113383	0.09084151419622669	0.2719143358463709	0.3640374961859266
0.18201406236256462	0.09110645291391109	0.09097642186771776	0.27188568174880584	0.36401738110700044
0.1819987041522887	0.09123720421465151	0.09079946859096544	0.271929941864131	0.36403468117796317
0.1819985280288901	0.09118748284293036	0.09091266359497092	0.271883910501705	0.3640174150315033
0.18198110617577287	0.0911447983860164	0.09094125047114493	0.2719296202887846	0.36400322467828106
0.18202279949917916	0.09118468356432943	0.09086357065768594	0.2718830152054507	0.3640459310733546
0.18199032111620456	0.09116534125788901	0.09089411725971307	0.2719487678802613	0.36400145248593185
0.18200122180894973	0.0912239892690891	0.09082311179814077	0.2719124283596562	0.36403924876416405
0.18197997295654775	0.09120017862330158	0.09092910047405456	0.27190146501025736	0.36398928293583854
0.18202379112656145	0.09113344141277206	0.09091285133763786	0.27189066964791203	0.3640392464751163
0.18198272389288875	0.09116780221659257	0.09094990533585509	0.27190173818202545	0.36399783037263794
0.18203124938038776	0.09112561488950649	0.09090208205451113	0.2719379345023672	0.36400311917322725
0.18198134967015472	0.09109843758289332	0.0909802466065034	0.27190518546675485	0.36403478067369344
0.18198517797182912	0.09121382636172634	0.09088332519798362	0.2718993748523868	0.36401829561607396
0.18202081715043733	0.09116679202245524	0.09089245479441058	0.27194554656223036	0.36397438947046623
0.1820095263906215	0.09108443557594226	0.09098197910133643	0.27192721360373	0.3639968453283696
0.18199495100435434	0.09117063033854912	0.0908422925621186	0.27194843523624596	0.3640436908587318
0.18202473812928122	0.0912045580939987	0.09081522523526037	0.27191468828841736	0.36404079025304215
0.1820127059493618	0.09112728070690639	0.09093958005345434	0.27188570018469205	0.3640347331055852
0.18202951360896935	0.0911090888939161	0.09092121653457472	0.2718950692888263	0.3640451116737133
0.18202439307258894	0.0910846012307458	0.09093757074942613	0.27194730657653277	0.3640061283707061
0.18198173629824296	0.09117425110535468	0.09089286290021706	0.27193024467118065	0.3640209050250045
0.18199102018154595	0.09108166899359695	0.09097139641633377	0.2719305089700614	0.3640254054384618
0.18199157038278285	0.09112717314669852	0.09095477857581298	0.2719448346973784	0.36398164319732706
0.18198044611351133	0.09122077250476493	0.09092387292432368	0.27190664044253215	0.3639682680148677
0.18197939610859193	0.09109752980087212	0.0909512786147257	0.271949803123099	0.36402199235271104
0.1820181104232968	0.09122950360190601	0.0908019920591081	0.27191433876681076	0.3640360551488781
0.18200963167913922	0.09115479059997943	0.09093304699479864	0.27192358931866367	0.36397894140741877
0.18201071386820805	0.09119804831320485	0.090829662720962	0.27192382470806264	0.36403775038956226
0.1819982646594233	0.0912202573359647	0.09090951508421936	0.2718946141273077	0.36397734879308474
0.18202289619362289	0.09112481267401859	0.09093440256300396	0.2719187063267624	0.3639991822425919
0.18202028338755705	0.09109451564725342	0.09092990172704811	0.2719292861742305	0.3640260130639107
0.18200615853450725	0.09113306475443284	0.09097994292827435	0.27188377180024004	0.36399706198254533
0.18199820237899653	0.09116238728378392	0.09087086835291475	0.2719267423854915	0.364041799598813
0.18200774254667057	0.09118233102387502	0.09093478022304008	0.27190747890252287	0.3639676673038913
0.18198063751102742	0.09115223166121567	0.09094916781744516	0.271891212258599	0.36402675075171254
0.18201218807473332	0.09114387240723984	0.09089872435285269	0.2719023729271031	0.36404284223807076
0.18201168495634387	0.09122620887438958	0.09091775666444517	0.2718842817318038	0.36396006777301737
0.181998599539186	0.09118529821019246	0.09087704956673857	0.27192313177641303	0.3640159209074697
0.18202599133774788	0.0910840323070976	0.09095791648744556	0.27191757546658823	0.3640144844011205
0.18202862790975793	0.09121676302069724	0.09082399382227445	0.2718879653607268	0.36404264988654333
0.1819878003676069	0.0911719905561656	0.09093496577565914	0.2719417488024349	0.36396349449813326
0.18202317708932508	0.09123742315872797	0.09086199468504064	0.2718930464945593	0.36398435857234673
0.18197504080338178	0.09111317097217249	0.09096207569463773	0.2719393726221656	0.3640103399076422
0.1820089588946327	0.09118834861992213	0.090872084918232	0.27190631013999933	0.36402429742721365
0.18198792521129045	0.09112519207502577	0.09096715562217685	0.2719405845583327	0.363979142533174
0.1819754811727241	0.09118454710611476	0.09093378348163433	0.27192182380980073	0.36398436442972587
0.18203078176909487	0.09115230258361863	0.09086225700691254	0.27194774856338183	0.36400691007699193
0.1819761665148506	0.09122229682911498	0.09086640604696597	0.27191784262357377	0.3640172879854945
0.18203276532511958	0.09114216919530314	0.09088424536464074	0.2718957149518115	0.3640451051631248
0.18199797218262226	0.0911592240351255	0.0909185237426486	0.2719375001463339	0.36398677989326955
0.1820314577800485	0.09114682579202255	0.0909141414166319	0.27189118140762314	0.3640163936036737
0.18200646661984088	0.09111702831286103	0.09096547523750534	0.2719252845739062	0.36398574525588634
0.18202062268699615	0.09117748475809562	0.09087766595398133	0.2719243441792064	0.36399988242172027
0.18198808274264555	0.09120597309634791	0.09090637948052036	0.2719327383448343	0.3639668263356517
0.1820200638192125	0.09120403118711415	0.09086543996869781	0.27194670570964813	0.36396375931532715
0.1820329562485003	0.09116601662974155	0.09086475760017831	0.2719068220891597	0.36402944743241994
0.18201869169248433	0.09123756804432212	0.09088485982859318	0.27188656903130937	0.3639723114032908
0.18197585547483178	0.09111493819140228	0.09097299408295717	0.27190219470111554	0.36403401754969295
0.18203379310908857	0.09119398087592295	0.09083994807434301	0.2718927960370738	0.3640394819035715
0.18198932659822645	0.09114405624210431	0.09092976428780791	0.2719461288367039	0.36399072403515725
0.18199614907772743	0.09118439549135379	0.0909179828972762	0.27193300249716557	0.3639684700364768
0.18197639388465509	0.09121936217041557	0.09093417847010359	0.2718939619435073	0.36397610353131826
0.1820165487239813	0.09119071181859602	0.09082993036173516	0.2719413845962045	0.3640214244994828
0.18200898251074096	0.09122295532202185	0.09082017673568282	0.27194048956033556	0.36400739587121855
0.18202270894135214	0.091231130858432	0.09076887864613963	0.27193571839932484	0.3640415631547512
0.18203349909461575	0.09119667608660738	0.09084391670870715	0.2719190678404868	0.36400684026958274
0.1819792545865671	0.09111764079487743	0.0909201934094477	0.2719421982058045	0.36404071300330304
0.18197891662213847	0.09112331361265769	0.0909499192234397	0.2719253058746715	0.3640225446670924
0.18198285915691806	0.0911195288405294	0.09097596242575626	0.2718937005976815	0.3640279489791146
0.18200274447218134	0.0912146266438042	0.09086832569529499	0.2719403150771077	0.3639739881116115
0.1820141357430974	0.09114678067548755	0.09093694171067279	0.2719258862656691	0.36397625560507296
0.18201416940687828	0.09122214230153279	0.09087566654694869	0.27191545009054574	0.36397257165409425
0.18197618016024025	0.09120264400843328	0.09095161093399921	0.27190427004086115	0.3639652948564659
0.18202489366507196	0.09114678151593292	0.09088006388734673	0.27193520314158015	0.364013057790068
0.18199268646524813	0.09114205798524987	0.09095941917748536	0.2719346563189155	0.3639711800531009
0.18200540708297153	0.09109709577955849	0.09094036397062752	0.27193134316847967	0.36402578999836255
0.18201261068970262	0.09114919304086229	0.09091473594763391	0.27190389607766774	0.36401956424413323
0.1820231995928175	0.09117276889927539	0.09085604323013441	0.2719395461981025	0.36400844207967
0.1820129602078494	0.09114184127690168	0.09092011403863408	0.2719180543400279	0.3640070301365867
0.18200235802687403	0.09123152990413157	0.09083091992182891	0.2719196372058748	0.36401555494129056
0.18203088182271066	0.09123121612819309	0.09087579326675078	0.27189293281719407	0.3639691759651512
0.18198022882511822	0.09118824424975605	0.09086671610657668	0.2719189972710684	0.36404581354748045
0.18203171684272856	0.09113460612689803	0.09086698906705817	0.2719425546473611	0.3640241333159539
0.18200854055357849	0.09122590216373444	0.0908505907146133	0.2718857909591302	0.3640291756089434
0.18200977156973625	0.09114748948838766	0.0909714739267964	0.271894287488165	0.36397697752691444
0.18197959879284872	0.09112312266311123	0.09098237397911227	0.2719284163768487	0.3639864881880788
0.1820016403624122	0.09115902497756245	0.09089671372158226	0.2719173627566749	0.364025258181768
0.18201917401239254	0.09110824978210924	0.09095663956320058	0.2719105441355318	0.36400539250676567
0.18201779114480873	0.09111818315083775	0.09089755185411741	0.27194747401802455	0.36401899983221137
0.18203114618736246	0.09109008105833906	0.09093042034018171	0.27191334528996614	0.3640350071241504
0.18202018719908605	0.09117896389747464	0.09087456949580108	0.2718896778941929	0.3640366015134451
0.18199204506381345	0.09112805148325892	0.09093881682516936	0.27194128885680935	0.3639997977709487
0.18198295922938237	0.09109025733489004	0.09093587778617754	0.27195014340971996	0.36404076223982984
0.18200365095196686	0.09120013580882064	0.09089051988261046	0.2719263890280639	0.3639793043285379
0.181999872353468	0.091144744680531	0.09094898112108626	0.2718899378124972	0.3640164640324173
0.18198109557079856	0.09111371171049291	0.09097062085236648	0.27192909932049536	0.3640054725458464
0.18199415704597244	0.09112027099152376	0.09095302055951865	0.2718924058276947	0.3640401455752903
0.18200879378137763	0.09119956357161285	0.09082361175414828	0.2719291932462521	0.36403883764660894
0.1820261594063541	0.09119930692871005	0.09085712647733393	0.2718912675049028	0.3640261396826989
0.1820012007891333	0.09108762154248008	0.09093454330339258	0.2719357956633854	0.3640408387016084
0.18200481193345935	0.0911119773562814	0.09096501895252311	0.2719099748761358	0.3640082168816002
0.18200540867969983	0.09114539921405401	0.09096293763165622	0.27190302703498936	0.3639832274396004
0.1820214561725398	0.09121098308742932	0.09079299053772742	0.2719311760352956	0.36404339416700765
0.18198325063534398	0.09121550053101364	0.09083361120652252	0.27192400743414397	0.3640436301929757
0.1820313608579791	0.09108374831854493	0.09097266885379897	0.27194675064330476	0.3639654713263721
0.1819991672164391	0.0911347960672727	0.09097024926262869	0.2719025238467951	0.36399326360686424
0.18199459072407706	0.0910852548263881	0.09096220941660633	0.2719302475785801	0.3640276974543482
0.18198502644188247	0.09121375261583017	0.09084838612616208	0.2719066043137375	0.36404623050238755
0.18199664176023977	0.09118344861792727	0.09093973501525726	0.27189603716278243	0.36398413744379304
0.1820329450990711	0.09111022092024976	0.09093329885132692	0.27194042815389613	0.3639831069754559
0.18197855682101996	0.09120021948883297	0.09089182989598243	0.2719178155388554	0.36401157825530905
0.18200007731935158	0.09114039909097486	0.09096104933657102	0.27189666534435253	0.3640018089087498
0.182017147625276	0.09111797589929643	0.09092215395579079	0.27192305727652916	0.36401966524310747
0.18198040747155994	0.09112456670874522	0.09094240936166648	0.27190941682540604	0.3640431996326221
0.18197647326783212	0.09119774647304106	0.09094009134646987	0.271892108616709	0.36399358029594775
0.181993251801844	0.0911831443633871	0.09090060043651947	0.2719190475256813	0.36400395587256784
0.1819846494492812	0.09110314420447554	0.0909498551151392	0.2719242403072701	0.36403811092383376
0.18200540551768116	0.09117977181334314	0.09090898429527312	0.2718977649534038	0.3640080734202986
0.18201236601260493	0.0911058057549374	0.09092547719204684	0.27193890538382187	0.3640174456565887
0.18201369699557554	0.09114509287696038	0.09097853204957627	0.27190401340510245	0.36395866467278515
0.18200537986218135	0.09123530523474721	0.0907839982264165	0.27193278415051125	0.3640425325261435
0.1820261515120978	0.09118813802545513	0.09085436520338581	0.271886332790205	0.364045012468856
0.1820294588842114	0.09119644732128579	0.09090073418326126	0.27188925112705464	0.3639841084841867
0.18202975458870194	0.09120947697042928	0.09086340902163195	0.27190209417467875	0.36399526524455783
0.1820288668927326	0.09109359028417068	0.09097576002058881	0.2719417424993269	0.36396004030318085
0.1819849413038229	0.09116689164953322	0.09091726423015413	0.2719086374760191	0.36402226534047044
0.18201995822840697	0.09123559118864077	0.09081596530589842	0.27194692813727633	0.3639815571397773
0.181976739935162	0.0911875060031033	0.09089900046643135	0.2719361435976051	0.364000609997698
0.18202831711666514	0.0911147102561524	0.09091178622242076	0.27190704170133945	0.364038144703422
0.18201294338158178	0.09115661738030491	0.09094374842162778	0.2719296474582598	0.36395704335822554
0.18202589126110028	0.09120931219928088	0.09085377800879205	0.2719201201710809	0.3639908983597457
0.18202489331632998	0.09116315756224619	0.09084888763271652	0.27193647764712847	0.36402658384157865
0.18199776262199424	0.0911857005513367	0.09087036387770406	0.2719234609293857	0.36402271201957914
0.1820120058290306	0.09122106841608986	0.0908262296605306	0.27190069297469777	0.364040003119651
0.18199945605404194	0.0912050732962904	0.0909381459053315	0.2718940940500348	0.36396323069430114
0.18199416770195198	0.09114125938379095	0.09095184326880831	0.2719263003753821	0.36398642927006647
0.1819963533019211	0.09111955006539867	0.0908999237696339	0.2719414059415333	0.36404276692151283
0.18201125136373078	0.09110671574031035	0.09095328301184914	0.2719291114169711	0.36399963846713834
0.1820292462718443	0.09120558552268149	0.09088947750061072	0.2719158872673854	0.36395980343747786
0.18203359629927562	0.09112761819138689	0.09090841597010146	0.2719139643058163	0.3640164052334195
0.18201822317081506	0.09123088329642245	0.09078488270575913	0.271940908710538	0.36402510211646516
0.18200894670932966	0.0911511232068405	0.09090221466174583	0.2719327459064558	0.3640049695156281
0.1819952890411488	0.09121396414855473	0.09087305280432044	0.27191094958690204	0.36400674441907377
0.1820275625161739	0.09117828485802745	0.09090056581089875	0.27191276267382575	0.36398082414107397
0.1819922539272496	0.09121986231243168	0.09087584069523028	0.2719453491475651	0.3639666939175231
0.1820338648237528	0.09117306123983465	0.0909458761848024	0.27188909238593795	0.36395810536567197
0.1819964326464127	0.09117048812202155	0.09088459391473726	0.27192538333574545	0.3640231019810828
0.18202385305544166	0.0911140443425755	0.09097533335074276	0.2719000338686808	0.3639867353825591
0.1820110950127587	0.09110104833730258	0.09092924891046379	0.27191796042275274	0.3640406473167219
0.1820075865343634	0.09111783054395682	0.09091710537809629	0.2719316832293306	0.3640257943142527
0.18199630309729076	0.09120173128011759	0.0908552514323567	0.27193459773962725	0.3640121164506075
0.18202301569158977	0.09123745950007905	0.09079736362661707	0.27189704138948806	0.3640451197922258
0.1819969517608123	0.09112212315178227	0.09095803216875537	0.2718887556939246	0.3640341372247253
0.18203376905492397	0.09120255507757462	0.09087113160472174	0.27191074729304643	0.363981796969733
0.1820318957831025	0.091145337846004	0.09088438357020633	0.2719349047502142	0.3640034780504728
0.18198343680513615	0.09116080022595967	0.0909648924333288	0.27188998463247877	0.36400088590309637
0.18199766021316097	0.09118879465776139	0.0908556933361507	0.2719183470998472	0.3640395046930796
0.18202172447976256	0.09112808436762847	0.09094979401701689	0.2719109645792569	0.363989432556335
0.1819796609240226	0.09123353009484139	0.0908204150685687	0.2719320934934954	0.3640343004190717
0.18197948791715265	0.09113068876644637	0.09095309276266543	0.27194568477039055	0.3639910457833448
0.18199951433856504	0.09113893311087129	0.09095714555629869	0.27193845261661587	0.363965954377649
0.18201253364539008	0.09119577423552319	0.09092411235657802	0.27190743939789097	0.36396014036461755
0.18202382435512096	0.09122468205471802	0.09082168658036431	0.27188319341361755	0.36404661359617896
0.18198744337984	0.09114053579771661	0.09088193642007064	0.27194522871298665	0.3640448556893859
0.18197808154247463	0.09123711906847334	0.09091228383270396	0.27188749149946645	0.3639850240568814
0.18197562240758508	0.09115195208988405	0.09097361594452451	0.2719195157041227	0.36397929385388345
0.18200042062678481	0.09115249737185266	0.09092696199332784	0.2719321426025159	0.3639879774055186
0.18202791050414713	0.0911195936782622	0.09097624843635288	0.2718832023059202	0.3639930450753174
0.1820238202096094	0.09113169671660495	0.09092115198520181	0.2719294504289175	0.3639938806596662
0.18200634632667098	0.09122797668370848	0.0908453821399557	0.27188333615425986	0.36403695869540476
0.18197624236520193	0.09112922562356135	0.09096749962369699	0.271898268160066	0.36402876422747354
0.18201825454443585	0.09115064799465575	0.09085835864290617	0.27193231500805765	0.3640404238099444
0.18198729667671612	0.09112117270329194	0.09097985726549769	0.2719139655650745	0.36399770778941953
0.1820284275276111	0.09122935392789042	0.0907994832051589	0.2719280024704284	0.36401473286891095
0.1820080674940398	0.09122277059944238	0.09082517311155823	0.27191624723562663	0.3640277415593327
0.18201198327566237	0.09116073500025529	0.09091946315126312	0.2718907381402352	0.3640170804325838
0.18199893208229126	0.09121972595814416	0.09082369119168418	0.27192860971356964	0.36402904105431055
0.18197667477722357	0.09114832641671891	0.09096827053749693	0.2719187148597131	0.3639880134088473
0.18197783020774183	0.09113208114687062	0.09092099167701062	0.2719497129698228	0.36401938399855394
0.1819869704369072	0.09115593231808848	0.09088691331429409	0.27194056452547855	0.3640296194052315
0.18202204552605533	0.09119586168904943	0.0909035619753794	0.27191145358340374	0.3639670772261119
0.18199775904984	0.09122574281561481	0.09087469542196899	0.27190053616060056	0.3640012665519754
0.18197987256098352	0.09120710973795973	0.0908891520891702	0.2719029449283524	0.3640209206835339
0.18198474379121038	0.09115313493540357	0.09094592389778233	0.27191353425229187	0.36400266312331164
0.18201381714264464	0.09116490357180995	0.09083987011379659	0.27194579811947583	0.3640356110522728
0.18198631833551226	0.09115285610865598	0.09090096097022025	0.27192022398286647	0.36403964060274485
0.18201281679710452	0.09115159728430128	0.09088307373457466	0.27192425173810786	0.36402826044591147
0.1819811124228205	0.09111395888681768	0.09095905079267334	0.2719178546668812	0.3640280232308071
0.18198449774712155	0.09121160742958176	0.09088266941238526	0.27193997467166775	0.3639812507392435
0.1820219659822143	0.09116220878929646	0.0908884157631166	0.2719197118765718	0.36400769758880064
0.18199852570622582	0.0910828209041051	0.09094521912678799	0.27193279126241476	0.3640406430004661
0.18203158894901134	0.09119508502921589	0.09081907267602549	0.271938049092136	0.36401620425361114
0.18200631154045044	0.09122455565366112	0.09079479914843588	0.2719365715705995	0.3640377620868529
0.18198956289992863	0.09115771116027262	0.09089299192745537	0.27193286582143167	0.36402686819091157
0.18197654249798234	0.09114645996207628	0.09096385204936436	0.2719180672462194	0.3639950782443574
0.1819976025244894	0.09123018165065501	0.09082585979684915	0.27192942628349254	0.3640169297445137
0.18200652981765986	0.09121444140761706	0.09092592945969287	0.27189050930970404	0.36396259000532594
0.1820057066578577	0.09114403431055032	0.09092172648598498	0.271884284457517	0.3640442480880898
0.1820228659742807	0.09118212138516923	0.09084667788801765	0.27193196709465606	0.3640163676578762
0.18200862909460788	0.09119157377220369	0.09088222498019279	0.27193714368256355	0.3639804284704319
0.18202389523708834	0.09112324760043242	0.09091405187380805	0.27193742373531016	0.3640013815533608
0.18198072936417023	0.09108447698452989	0.09096804501181494	0.27193532588295877	0.36403142275652595
0.18200135109230056	0.09117515012159852	0.09087017182319745	0.27192448497633714	0.36402884198656615
0.18197844327444954	0.09113255623877478	0.09097120010743373	0.2719169284159405	0.36400087196340125
0.18200902730943258	0.09108991212562118	0.09094037338495473	0.2719450798241758	0.3640156073558155
0.1820227640359216	0.09108754480685308	0.09092357777841373	0.2719451135643265	0.3640209998144849
0.18202084571461963	0.09123623201406852	0.0908398605966057	0.27189279395352967	0.3640102677211763
0.1819888312036918	0.09117094928176832	0.0908681207610511	0.27193995150268263	0.3640321472508059
0.18201580793893546	0.09123686467351763	0.09086931395468958	0.2719025079658056	0.3639755054670515
0.18201104611440755	0.09114893953181155	0.09094195509317068	0.2718835279924655	0.3640145312681445
0.18202577092027464	0.09112225148344134	0.09095619161749921	0.27189468910840536	0.36400109687037924
0.18198504018105868	0.0911154208709968	0.09096814111695967	0.27190070201408545	0.36403069581689923
0.18199534084226088	0.09117621353496952	0.09090281841132344	0.2719116133232169	0.36401401388822907
0.18202422982121988	0.0911123006365732	0.09088017931469868	0.27194626361679974	0.36403702661070825
0.18200973672858073	0.09120783267752863	0.09085691177847453	0.2719323870155139	0.363993131799902
0.18200936652819677	0.09115684137562917	0.0908920319815079	0.27194400073728514	0.36399775937738077
0.18201728700202338	0.09114021213894832	0.09084773524085525	0.27195007150310846	0.36404469411506435
0.18198095090226943	0.09121124696425226	0.09090979414349923	0.2719393678060637	0.36395864018391516
0.18202950122751002	0.09111657718505069	0.09094748791570136	0.2719153732265823	0.3639910604451554
0.18202323349479518	0.09115551551477717	0.09094508518360167	0.2719080923842301	0.36396807342259563
0.1820105787713825	0.09120558278448912	0.09087704717864567	0.2718839295815486	0.3640228616839339
0.1820046931317576	0.09109542860977624	0.09097461902053028	0.27188668145503236	0.3640385777829034
0.181982785182647	0.09115122081563193	0.0909106117868363	0.2719286592402699	0.3640267229746147
0.18203180020239687	0.09116170813431841	0.09084329627103337	0.2719369337831291	0.3640262616091221
0.1820000605984633	0.09117192397050164	0.09090042721179548	0.2718947074009316	0.36403288081830776
0.18200491503381705	0.09112193622805353	0.09095940363279159	0.2718843940767884	0.3640293510285493
0.1820311034171506	0.09117295904750224	0.09090612788173116	0.2719260547642649	0.36396375488935084
0.1820143422529365	0.09109579124357067	0.09097655773784435	0.27193597211084986	0.36397733665479837
0.18198949678697637	0.09122730870655167	0.09083020607676741	0.27192951854267833	0.364023469887026
0.18201172192117987	0.09121473346718367	0.09081362856323877	0.27191483866266875	0.3640450773857288
0.1820179234553696	0.09112364160688899	0.09090528587240194	0.27190818297994446	0.3640449660853948
0.18202597965017103	0.09110998914635202	0.09094994942525864	0.27194256909485826	0.3639715126833598
0.18201619393691618	0.09112349302481212	0.09097092482054131	0.27188579993130746	0.36400358828642276
0.18199816682775316	0.0911741081285544	0.09088973920513765	0.2719334648654258	0.36400452097312874
0.18197615550450277	0.09120403791815299	0.09083481053081219	0.2719412644944341	0.36404373155209774
0.18197500361578417	0.09123660947825947	0.09083414490808157	0.2719197152186553	0.36403452677921927
0.1819771076547797	0.09116009444123988	0.09089199908782407	0.2719496617279549	0.3640211370882013
0.18202369853764389	0.0911891734484532	0.09086943178997661	0.27191578082661483	0.3640019153973113
0.1820048198123553	0.09108512306889525	0.09094949561065702	0.27193128682176665	0.36402927468632557
0.18199778454960358	0.09114056079871904	0.0909012554735082	0.2719374901706646	0.3640229090075044
0.18200453317580953	0.0912046517141245	0.09087592975990244	0.2719433555177322	0.3639715298324311
0.18203363820054722	0.09113663533943431	0.09093645654579949	0.271897924319353	0.3639953455948658
0.1819862848242003	0.0911157366155791	0.09095791127090731	0.2719197336954014	0.36402033359391167
0.1820120772808262	0.09110150104416859	0.09097935637472734	0.2718971765013796	0.36400988879889806
0.18203398107351443	0.09113398343255498	0.09091843140435708	0.27188751145823337	0.36402609263133995
0.18201185835516437	0.09122576447512142	0.09085707729102724	0.27194474927371337	0.36396055060497334
0.18200290480276787	0.09116282542835383	0.09093898350533272	0.271928541839875	0.36396674442367033
0.1819916206721915	0.09117747214436948	0.09088685237162708	0.27193991561104713	0.36400413920076463
0.18199943284112913	0.09120383715478755	0.09087478825734095	0.271899157298057	0.36402278444868513
0.18197963628349928	0.09118009500154624	0.09089652645011258	0.27191950784859015	0.36402423441625154
0.18199898192831254	0.09121378800500414	0.09082567958465432	0.2719158749055057	0.3640456755765232
0.18198472004827992	0.09114498608669183	0.09092832009513503	0.2719343117882148	0.3640076619816782
0.18203036358160352	0.09112017204512055	0.0909745055742398	0.27191117121517006	0.3639637875838658
0.1820259268641302	0.09123134572396117	0.09080217024143548	0.27189685957195653	0.3640436975985164
0.18200515080279495	0.09117203014433826	0.09087970657648185	0.2719057561010103	0.3640373563753744
0.1820088625474698	0.09113199208827852	0.09094590518689741	0.27192669725664853	0.36398654292070554
0.18201066747417433	0.09122009731482703	0.0907768083283304	0.27194973446716436	0.3640426924155037
0.18197837020305827	0.09112049449164153	0.09095688415023673	0.27190575996022565	0.36403849119483767
0.18198926290193845	0.09116699397046324	0.09092131694779676	0.27193702105495426	0.36398540512484706
0.1820036500615219	0.091233824779269	0.09085489455365238	0.2719058798497509	0.3640017507558056
0.18198191983865122	0.09115828250310382	0.09096971589248576	0.2719061447213917	0.3639839370443673
0.18199328865810685	0.09119358322702603	0.09091361818980762	0.2718835583361572	0.3640159515889021
0.18202538743891197	0.09119151646909356	0.09082981302702706	0.2719325472533941	0.3640207358115731
0.18201213716090553	0.09118569186213758	0.0909014824492795	0.2719359056149327	0.36396478291274453
0.1819843911738918	0.09123196887731749	0.09086268740536259	0.2718940605640156	0.3640268919794123
0.1819980864899848	0.09112785777210916	0.09097276979330256	0.2719190762920677	0.3639822096525356
0.18202690475822342	0.09114199936889539	0.09096652951171004	0.2718971829608696	0.3639673834003014
0.18202227199467327	0.09109775050882062	0.0909644603374582	0.27190393685366543	0.3640115803053823
0.18198428882783282	0.09117998872525848	0.09086118827059239	0.271939991143785	0.36403454303253113
0.18202736520359922	0.0911492074794855	0.09087393585130102	0.2719040504467124	0.3640454410189017
0.18201049728204205	0.0911334308809637	0.09089811086207622	0.27193072981388583	0.36402723116103197
0.182022677600561	0.0912099254145504	0.09085124734673801	0.27191150875273296	0.3640046408854174
0.18199893558614805	0.09118232355620634	0.09091630875347564	0.27191268631175025	0.3639897457924195
0.1819775695746039	0.09118261922038562	0.09096409363961308	0.27188784050445225	0.363987877060945
0.18202329837833592	0.09108704160936218	0.09094505165750566	0.2719169085747694	0.36402769978002664
0.18203022186473453	0.0911743293271942	0.09094704807121926	0.2718877758230196	0.3639606249138322
0.1819766696973906	0.0912114053844465	0.09091003220796749	0.2719021879725048	0.3639997047376904
0.18201587793391244	0.09118165475303489	0.09085929202212936	0.27194002947644524	0.3640031458144779
0.18198782474964778	0.0911723725812635	0.09088683477449205	0.27192975046854856	0.3640232174260479
0.18199243515604568	0.09113052577321801	0.09097018197469084	0.2719368534948115	0.36397000360123377
0.18197962885889526	0.09114249245981006	0.09095215323752044	0.2719275242584823	0.3639982011852917
0.18200421283655355	0.09113348802064086	0.09094925147592134	0.2719176156649026	0.3639954320019815
0.1819954639198808	0.09122157520862001	0.09083838199469528	0.2719376732862493	0.3640069055905544
0.1820108271835899	0.09121082068351276	0.09085171846180143	0.2719487502617483	0.3639778834093474
0.1819990329994476	0.09120468549582837	0.0909199095612988	0.2718911748972488	0.3639851970461762
0.1820324277610219	0.09111867328454444	0.09091464766581005	0.27191188646228276	0.36402236482634065
0.181993997758023	0.091173344976463	0.09092037026479545	0.27191109368322725	0.36400119331749115
0.18202101857825237	0.09114498643582516	0.09096666578491501	0.2719057844025435	0.36396154479846377
0.18200047590459578	0.09111213077671097	0.09096495207796569	0.27189133170749974	0.3640311095332276
0.18198276501646063	0.09119521602329816	0.09088896684888267	0.2719368321261614	0.36399621998519693
0.18198648566615058	0.09119502438663268	0.09088696256117856	0.27188871989459107	0.3640428074914469
0.18200776658065523	0.09119081134279157	0.09091154875726515	0.27192894322966404	0.3639609300896238
0.1820322962315774	0.09110713883514628	0.09092398744965663	0.2719045546338477	0.36403202284977176
0.18202197465156883	0.09115620102999478	0.09086803526639556	0.2719079135113529	0.3640458755406877
0.18198215844763702	0.09115907441672945	0.09093375144600141	0.27192709107047375	0.36399792461915814
0.18199195624794298	0.0912356428528188	0.09090156224422782	0.27190110066724316	0.36396973798776705
0.18198358328618747	0.0910924823656503	0.0909643703659541	0.2719487276401825	0.3640108363420254
0.18201708496801827	0.09122916643261544	0.09078901529484094	0.27194795328640187	0.3640167800181233
0.1820187514162328	0.09119026316124489	0.09087066602727038	0.2719125993740764	0.3640077200211753
0.18201985478046717	0.0912307098866932	0.09082238961082405	0.2719383161005637	0.3639887296214517
0.18200305065919375	0.09120861636484086	0.09082973488852113	0.27194393218669044	0.36401466590075365
0.18202064952076183	0.09121712223442033	0.09089326098161432	0.27190074332238434	0.36396822394081896
0.1820083303051037	0.09115305798732787	0.09093448149284614	0.27192962729163717	0.3639745029230849
0.18198075929666235	0.0911371967302946	0.09093267491992561	0.27193164348001475	0.36401772557310247
0.1819852358314462	0.09116519602667958	0.09097379089971634	0.27190626614205193	0.3639695111001057
0.1820007807737557	0.09118758602815305	0.09082648532877963	0.27194975459164006	0.3640353932776713
0.1819878458581562	0.09115158811403627	0.09093598567211215	0.2719378198033742	0.36398676055232093
0.18198925302035787	0.0911530518311976	0.09091277877355856	0.2719217527508113	0.36402316362407444
0.18202846152167215	0.09113694229033578	0.09090141967941404	0.27189791265985686	0.364035263848721
0.1819814710941908	0.09111841152648711	0.09095215143517253	0.2719221608752496	0.3640258050688997
0.18199835317111052	0.09114711811455853	0.09087762676866636	0.27194102484828236	0.364035877097382
0.18202673520472712	0.09108119579878046	0.09094281879860189	0.27191077056797863	0.36403847962991165
0.1820064085259342	0.09110363722991838	0.09093531803620689	0.2719497479124504	0.36400488829548994
0.18198196654464688	0.09120409550795276	0.09085319922318986	0.2719387797886455	0.36402195893556477
0.18199235156316787	0.09111011095246788	0.09090860775009038	0.271950029110232	0.3640389006240416
0.18202638092820647	0.09110199804802512	0.09093585468710705	0.2719349412006519	0.36400082513600923
0.18199805231589194	0.09117196640525158	0.09088851685497143	0.27194912103541324	0.36399234338847153
0.1819870970868505	0.09110682775972401	0.09097861710033485	0.2719373942197765	0.363990063833314
0.1819881481160975	0.09116031485250055	0.09095462803721685	0.27190525550783007	0.36399165348635487
0.18200535329647294	0.0911095848466875	0.09096304211361991	0.27193934582424273	0.36398267391897676
0.18198809061843535	0.09119378187849658	0.09097722440478617	0.2718836659389696	0.3639572371593121
0.18202407338409882	0.09109656342717812	0.09091678542572855	0.2719474011638202	0.36401517659917415
0.18198942625728093	0.0911265564604481	0.09090277535306542	0.27194780036984356	0.36403344155936174
0.1820201013471858	0.09115343481397631	0.0908441979634268	0.2719400972562335	0.3640421686191774
0.18202210559565962	0.09110567782539208	0.09092641694561654	0.2719464271182103	0.3639993725151212
0.18202802998939416	0.09113442111599336	0.09095094043533446	0.27191930180957913	0.3639673066496987
0.18201348433281045	0.09110936306066639	0.09095873182873494	0.271901055208143	0.36401736556964503
0.1820204024802537	0.0911765066646925	0.09089888015993057	0.2719004415334653	0.36400376916165766
0.18201443160349645	0.091113517445686	0.09090886862284824	0.2719357485855731	0.364027433742396
0.18199203858539784	0.09121676251309906	0.0908685082968145	0.2718892806871005	0.3640334099175879
0.1820274041697003	0.09120134035399706	0.0908301789889657	0.27194695095037985	0.36399412553695687
0.18202452078137563	0.09121214547524559	0.09087614091683627	0.27191263605904115	0.3639745567675012
0.18199105664034285	0.09114456366001353	0.09096001953898547	0.2719095409475847	0.36399481921307325
0.18202290358352013	0.09118606097434294	0.09087947769131136	0.2719287565095618	0.3639828012412636
0.18203084031437822	0.09112966867671657	0.09087611718635405	0.2719459767275158	0.36401739709503517
0.1819936973642865	0.0911879398189485	0.09091341474356772	0.2719441048345171	0.36396084323867994
0.18197632765197533	0.0911517856085957	0.09089123592130129	0.2719481832293238	0.3640324675888037
0.18201169659950459	0.09118399083708145	0.09090030336564547	0.27191104214223616	0.3639929670555321
0.18201034233230362	0.09115557239113559	0.09090776298712963	0.2718969086763205	0.3640294136131105
0.18201565766612143	0.09115043561374644	0.0908774994213995	0.27193677634642466	0.36401963095230777
0.1820196748844651	0.0911612675917911	0.09090645403225225	0.27192509929522607	0.3639875041962653
0.18200777658450756	0.09111569535921774	0.09096632197955284	0.2719036557978979	0.3640065502788238
0.18201406704188805	0.09115032837156041	0.09093222067655397	0.27192924960903325	0.3639741343009641
0.1820030740754168	0.0912240115811986	0.09084618319658194	0.27190630010024813	0.36402043104655435
0.18199941752915622	0.09117707147381585	0.090920291194475	0.27188746938160835	0.36401575042094436
0.18197642182849583	0.09120384127624212	0.09094656170848198	0.27189431260242386	0.36397886258435597
0.18199582266898276	0.09112339735585373	0.09096024386568317	0.2718847437575952	0.3640357923518849
0.18203382588098838	0.09118184557860787	0.0908394102847132	0.2719265468237886	0.36401837143190174
0.181995861761819	0.0911694582077617	0.09094146950567937	0.2718913488939806	0.3640018616307591
0.18198732420375585	0.09111037771795696	0.09095066659290835	0.2719394296298548	0.36401220185552385
0.1819843957146381	0.09112625014918686	0.09095256077620247	0.27191514494399927	0.3640216484159731
0.18199713582952354	0.09117074138730244	0.09089211671229974	0.2719422934528283	0.3639977126180458
0.1820108202338762	0.09119514825155238	0.09086880811420317	0.27194228522138125	0.36398293817898675
0.18197817747005834	0.09118229906855392	0.0909148591221379	0.27189270620578465	0.364031958133465
0.18199758110139252	0.09116478403780864	0.0908821487280994	0.27194528412550434	0.36401020200719486
0.1820199828591399	0.09114929181159895	0.09092826484911509	0.2719105711305131	0.3639918893496328
0.18199905917457077	0.09115616679950303	0.09094730788973313	0.2719162509675536	0.36398121516863924
0.1820283912504895	0.09115150144824684	0.0909379169265384	0.27190948032170537	0.36397271005301973
0.1819941509666023	0.09114772968360595	0.09089102997613156	0.2719305687756431	0.3640365205980169
0.1819915444909461	0.09113560449290493	0.09095402687954654	0.2719450370626206	0.36397378707398165
0.18202974177183162	0.09116312200583687	0.09091163273982192	0.27188834049822247	0.3640071629842869
0.1820319097948257	0.09120193691569052	0.09090194532515061	0.27188420593865215	0.3639800020256808
0.18199303554441554	0.09121657869137442	0.09091648146825504	0.27190866969212557	0.36396523460382924
0.1820258858072532	0.0911801177915091	0.0908381232713323	0.27194095764497095	0.36401491548493425
0.18203003141468535	0.09119235508309344	0.09081031250044673	0.2719241237892456	0.36404317721252866
0.1820295840977946	0.0911668737299724	0.09087170148746221	0.2718891346769046	0.364042706007866
0.18202076149237437	0.09121746753404247	0.09079609554889852	0.2719467655582267	0.36401890986645774
0.18202312823756456	0.09116810494904826	0.0908803649646175	0.27189182578748494	0.3640365760612845
0.18198671267851635	0.09123503707716416	0.09086894320463974	0.2719502529982575	0.36395905404142204
0.18199426973976457	0.0911830773394079	0.09089786700078908	0.27190971194975094	0.3640150739702873
0.18202556995362862	0.09109275055299446	0.09090686818048455	0.2719349243397638	0.36403988697312833
0.18202913991096262	0.09115047131547768	0.0908891278945605	0.2719293029152456	0.3640019579637534
0.18203345821125358	0.09115196601274977	0.0908812171896149	0.2719361023033662	0.3639972562830153
0.18202715753208928	0.09116561595372723	0.09090856403644791	0.2719077597745893	0.36399090270314605
0.1820131205860703	0.09118543576368249	0.09090119964803486	0.27191522713244354	0.3639850168697686
0.18199821677669137	0.09121999590341734	0.09084346503113896	0.2719148930918679	0.36402342919688424
0.18201932792805656	0.09108148711359301	0.09092789842276564	0.2719449238718413	0.3640263626637432
0.18197630118188518	0.09123705967321308	0.090919764504723	0.2719016682583429	0.3639652063818356
0.1820116469082626	0.09119871091903047	0.09089443690521273	0.2719141448941787	0.36398106037331523
0.18200909777023253	0.09116396633808237	0.09093758592904232	0.2719199532392209	0.36396939672342166
0.18201605589603562	0.09116281531631772	0.09091435172735522	0.2719114171770045	0.3639953598832867
0.1820133090610001	0.0911662722310066	0.09086402255353261	0.2719114242621841	0.36404497189227636
0.18202681550789734	0.09109843127069527	0.09092312457599984	0.27192330142834725	0.36402832721706013
0.18199727046068204	0.0911420024047283	0.09089897234460392	0.27194173606681554	0.36402001872317
0.18201735664551222	0.09116297833043957	0.09091196237060972	0.2718967351630449	0.3640109674903934
0.1820098569278067	0.09122761901628704	0.09086916173114234	0.2719028294272605	0.3639905328975032
0.18202876544388305	0.09123568965820454	0.09087386098194944	0.27189972290287356	0.3639619610130892
0.18200805598218114	0.09121670126808241	0.09086289181611955	0.2719306574524834	0.3639816934811333
0.18198127382678797	0.09116013916693125	0.09097552605495338	0.2719132062029024	0.3639698547484248
0.18199291693537473	0.09112196636009942	0.09095539439885446	0.2718850312128941	0.3640446910927771
0.18203118049957173	0.09116317308408962	0.09085415503884006	0.2719303751693381	0.36402111620816024
0.1819938867638277	0.09113468626494009	0.09093745719159578	0.27190014377452326	0.364033826005113
0.18203110728175795	0.09118517345460064	0.090905855346925	0.2719004914226146	0.3639773724941016
0.18197611911654943	0.0911019664728485	0.09095397983459441	0.271934191296741	0.3640337432792664
0.18203392962291892	0.09120268519109487	0.09089684894880541	0.27189371918070293	0.36397281705647766
0.1819756651240037	0.09114810204130559	0.09090716769139152	0.2719505531391628	0.36401851200413615
0.18199016145716698	0.09111254338221046	0.09095853465199562	0.27194414679517964	0.3639946137134471
0.18201287357593543	0.0911489971001423	0.0909567796392138	0.2718839888474851	0.3639973608372231
0.18201731607197594	0.09118755985266824	0.09093809717729105	0.271887217896028	0.3639698090020365
0.18199423972554973	0.09112268893633223	0.09098091432342738	0.2718988795328663	0.3640032774818242
0.18202805591904975	0.0911945809892753	0.09082457370131514	0.27193170997649313	0.3640210794138665
0.18200038374144029	0.09122253075029449	0.09088974601786792	0.27189565115709013	0.36399168833330686
0.1819913216453245	0.09121428058902624	0.0908394857394674	0.2719195595559514	0.3640353524702303
0.18199935354322874	0.09120451031979111	0.09084647602735563	0.2719306348160827	0.3640190252935416
0.18202099243255732	0.09121700718896031	0.09089622304136473	0.271885215040603	0.36398056229651443
0.18201736100721908	0.09114751491552259	0.09086908690511974	0.27192936193685824	0.3640366752352801
