0.004899308724061732	0.03623094595232673	0.18691300006975708	0.05865550535805229	0.02462399033918289	0.04453997215442425	0.15382716407890568	0.1949139242282051	0.2953923709367139	3.818158370333391E-6
0.004570445157344574	0.03634674394517523	0.18678854541347423	0.059071886379814385	0.026017665426542894	0.044304818635392526	0.15338066253970306	0.19500883381773626	0.2945061225550963	4.276129720565125E-6
0.004668358845145271	0.03650374079887447	0.18654478437284405	0.058806316866797465	0.025956192707266845	0.044479541314740606	0.1535111553694407	0.19504554236837107	0.29447885827306536	5.509083454202646E-6
0.004583014620187925	0.03654536477453042	0.18661853982954427	0.05925322867036213	0.026058819391490226	0.04466765166535325	0.1536856200378613	0.19468914822911138	0.293893353754785	5.259026774159792E-6
0.00531191919092483	0.036234869782869675	0.1860572574070376	0.05921912350571686	0.026976693672680227	0.04433981826696783	0.15353543833501468	0.1946151026880319	0.2937069665505834	2.810600172944988E-6
0.005575483711075135	0.0365672360781039	0.18660043699018997	0.05994852508899769	0.02901386302753066	0.04657788112259397	0.1527033589193631	0.18832327887538874	0.29468640872888485	3.5274578720351224E-6
0.006694648348713361	0.038781670052157616	0.18487319329703195	0.05913743651764204	0.02955365685171571	0.04579775660458196	0.1527497649653119	0.18840077019555074	0.294007668036314	3.4351309807501007E-6
0.006821230242789564	0.03715934486386008	0.18393871416804272	0.05956567013341455	0.030832922588810735	0.04648939911213706	0.15286776989499903	0.18784088820492656	0.294478920522566	5.140268453732166E-6
0.006959666753183449	0.03795384051375173	0.18592708558842616	0.059680457069589805	0.03358724428055272	0.04516522388003324	0.15140408282943277	0.1860177534446663	0.29329939928451476	5.246355849072848E-6
0.00684780349024236	0.03784312329898493	0.18666049866432605	0.059586663564649804	0.034322547474247136	0.0449657192300166	0.15039330132160925	0.18585103746970671	0.29352518516168674	4.120324530468289E-6
0.0071234864856541125	0.03780893702947005	0.18654379843723362	0.05973845860589507	0.03397936965675018	0.0452664295682869	0.15005875073705432	0.18591024079642676	0.2935661436880175	4.384995211575982E-6
0.007111021852617402	0.03888491243767193	0.18749661265277023	0.061075360405625646	0.033844154386282174	0.04601121829288566	0.14980741126382247	0.1852338074745305	0.29053292518136886	2.5760524251239314E-6
0.00796139867101163	0.03725066010190549	0.18336982981715372	0.061549193165647	0.03396981553981826	0.045901992937663505	0.14914275197640348	0.18877617501115063	0.2920737195943101	4.463184936201459E-6
0.007053464521802194	0.03838825898840095	0.18384764998144998	0.0588306579565081	0.03555103670090247	0.048677698237840114	0.14806149741872074	0.18843473850239983	0.2911503005732312	4.697118744359519E-6
0.007898950249699763	0.03745662216272046	0.18406673107003002	0.05946319690871109	0.03196452626540135	0.047134403619271084	0.1493952729982875	0.19045280570814388	0.29216274199852377	4.749019211186534E-6
0.006634638853881644	0.03807975040255213	0.18414526776121876	0.05935733200787229	0.03250467935028546	0.0468207673807661	0.14883155690491506	0.18973509753595602	0.293886056377842	4.853424710571375E-6
0.006857780156154777	0.0376009950077096	0.18416616654160742	0.05955069176179261	0.03256194116382613	0.04552427027426343	0.14966675675128666	0.19051798030415257	0.2935479304337307	5.487605476195423E-6
0.005751927962371492	0.036709816519571406	0.18177740646617713	0.06258804526068279	0.03385072925383403	0.04889853896248251	0.15081639830255666	0.1896368203867228	0.28996786133057706	2.4555550241084356E-6
0.005187976322933344	0.03721750848855537	0.1820458838221074	0.06387859349680278	0.03254421566817017	0.05011021433347396	0.15051095277023874	0.18759551266097724	0.2909067037258462	2.438710894933638E-6
0.00750651013216079	0.03825601662957526	0.18317391224550728	0.06351227747991892	0.031751853892023826	0.05192577156807239	0.14722424548260699	0.18787893569538014	0.2887652336873515	5.243187402942384E-6
0.007541093523011536	0.03930870078278908	0.1818508115093112	0.06231438819002755	0.03315498169734049	0.055278448222040706	0.14574850706754466	0.18715077428858082	0.28764726180496825	5.032914385708076E-6
0.00779195040976724	0.04025351715689041	0.18171624605235603	0.06284520790462925	0.032915430553903224	0.054726978013303305	0.1452135560669187	0.18738152201956382	0.28715048089532796	5.1109273400823385E-6
0.008240878453207881	0.039967624387522306	0.18271706619770517	0.06222930274041517	0.03231268861002719	0.055168582538813786	0.14463585597401257	0.18777442716491663	0.286949037353413	4.536579966338272E-6
0.0044968209280433075	0.037498518954205695	0.18317217752252307	0.06633213697840698	0.03430894021187483	0.05563571496811969	0.14745808384538808	0.18686688592408635	0.28422813301265504	2.5876546970449166E-6
0.004534526585304691	0.038317104849099344	0.18305165464971979	0.0659721085099167	0.03422102502050445	0.055806633567526166	0.14737792721659304	0.18650721102443102	0.28420864681725844	3.1617596464306175E-6
0.0044080127726739	0.03812455669046288	0.1831248198683531	0.0666022765727691	0.034078752236375104	0.05589718386305872	0.14691610591243046	0.18635557068810676	0.2844899742235398	2.7471722302552237E-6
0.00508066392216909	0.04156021613608199	0.1911199350716864	0.06677829326262658	0.03419600155860443	0.05398494796016617	0.1476959207436995	0.18260595896538756	0.27697568074857964	2.3816309987212403E-6
0.0050112987423952815	0.04099627758636624	0.19103004478067187	0.06730099171425594	0.03466460821212623	0.05470408964027384	0.14793604695317306	0.18161561168575313	0.27673877380861495	2.2568763695524074E-6
0.004457341056177788	0.04144975857155994	0.19077307487488537	0.06732011748042774	0.03437024620916675	0.054336817629814474	0.1487405626216003	0.1815751518234852	0.27697146740341017	5.4623294723776805E-6
0.006535289482111101	0.03666232467281427	0.18942543904416753	0.06231058436631021	0.040555828228572774	0.0585475874946353	0.1490647310817103	0.17928661307359578	0.2776065490159043	5.05354017839299E-6
0.004545212677369834	0.03833936687566867	0.189675672044735	0.06040916979275691	0.04128431899376609	0.05951563228852582	0.14989613252544218	0.17787643347930232	0.27845398031295	4.081009483195008E-6
0.004998423360664375	0.03886610790669992	0.18901969347074354	0.060035489996819826	0.04200342218774927	0.06009585429447887	0.14873242215665017	0.1782262670746046	0.27801854806566956	3.771485919901174E-6
0.0051999580581229415	0.039469419399520735	0.18705046522592816	0.059311466431166485	0.04138120577094475	0.05913663526311379	0.14986489432969669	0.18002242185645542	0.278561232257439	2.3014076120653204E-6
0.009189976570152206	0.03931772333338031	0.1863473762245558	0.060142717312771675	0.04112288372207691	0.05498434611602317	0.14979447997058437	0.17942700198778938	0.27967008579040353	3.4089722626834407E-6
0.009525233358011531	0.040816309592664496	0.1873722158743966	0.059920961691971086	0.040400166000781834	0.05505467859011841	0.1489437839214408	0.1789131548360079	0.27904866548230906	4.830652298323801E-6
0.009011165438307434	0.040746569795790985	0.1880051148313114	0.060032751372373905	0.04059443226362178	0.05296018348885985	0.14850406327462243	0.17754485010785548	0.2825986381311061	2.231296150678741E-6
0.00877447280562503	0.04055651585844877	0.18900170548403084	0.05962546174444819	0.041130494481491975	0.053657147278136474	0.14776009126376194	0.17659362747787627	0.28289801929071284	2.4643154676595724E-6
0.008251676894211107	0.04037625755235559	0.1891803891525767	0.05878010251068721	0.04187666337612346	0.05328555299784891	0.14739611852326134	0.1773379918908121	0.28351179331479054	3.453787333115854E-6
0.011074445208340264	0.04082018569391951	0.1892399954502584	0.0589642530997755	0.04203074642383701	0.05223532509400734	0.14856891566906166	0.17675988985584007	0.28030179975680186	4.443748158444727E-6
0.011039539137343402	0.03639608679247225	0.1871044596095688	0.06199847242908884	0.04259954226680681	0.054815332471436905	0.1505194978835391	0.1759589110263092	0.2795633497322893	4.808651145354892E-6
0.010675647547410697	0.036326718782387496	0.18627078043082065	0.06220233439588251	0.04348395365318942	0.055588972019891554	0.14988954391253362	0.17604476906021643	0.2795145090755542	2.771122113512381E-6
0.010656037049377412	0.03641433306415599	0.18611779747328466	0.062364357261701794	0.04327032630386525	0.05608718165987347	0.14950594002422113	0.17603075585020778	0.2795503053292739	2.965984038691416E-6
0.01010502831148398	0.03623262786592611	0.18509277373571242	0.06284409962766271	0.044390024499375916	0.05585966944899134	0.15135287256502034	0.1756109135533268	0.2785084051020971	3.5852904032712685E-6
0.006861084694325864	0.03659272040120254	0.18534162072001825	0.06427665927347923	0.04390389360065484	0.055113399008648645	0.15123135771263144	0.17829731191496528	0.2783770682918218	4.884382252129393E-6
0.006291234762318201	0.03708868489498744	0.18594373031142203	0.06372135491412893	0.044133517351163096	0.05534799498752434	0.15091263538530753	0.17848919889195167	0.2780671738256731	4.4746755237384805E-6
0.006803765545728799	0.037011627072307984	0.18630574194625565	0.0623233189925534	0.0445269053731079	0.056321970833582126	0.151434742954542	0.1778692671040415	0.27739820476124316	4.455416637502707E-6
0.031863814948758715	0.048911303782903516	0.1556389734442839	0.08130205317101796	0.029990920973467977	0.08061925504975653	0.12812221354369194	0.18570277227821988	0.2578432395725887	5.453235310939886E-6
0.03165861110819118	0.05032708167860293	0.1570203020330477	0.08134442867039114	0.02848094488748855	0.0806203681919549	0.12773805345740444	0.1846588587810736	0.2581470945815589	4.256610286676454E-6
0.03116988780568887	0.048297640684969646	0.1572175950654758	0.08322120469259686	0.02807048740120531	0.08316594389004314	0.12839495039132737	0.18442423911490563	0.25603452953723094	3.5214165564206867E-6
0.02944628254298967	0.047629338768217774	0.15608371497633605	0.0841380392526636	0.02881322002474422	0.08405476195423849	0.1299146800503258	0.18584399828927045	0.25407151882357526	4.445317638726576E-6
0.030814869523895047	0.05200759498066895	0.15576980331760848	0.07874992492313129	0.03284510561591589	0.08376050455805059	0.13389615027025942	0.1860387368430803	0.24611484772549003	2.462241900050288E-6
0.030114419906976567	0.05163229314253034	0.1566745335922232	0.0780184037553147	0.0320784257508694	0.08377419988086304	0.13391498744038877	0.18721742713736986	0.24657080795236758	4.501441096579906E-6
0.030521582263541167	0.05135714160206705	0.1556052579908079	0.0781200432921581	0.031488091363952364	0.08372799311500284	0.13444330002610058	0.18766370865445905	0.24706705121386363	5.830478047322285E-6
0.034344745326235784	0.051537986951048026	0.15538329510386226	0.07556079850031971	0.03130993711953288	0.08299360092538798	0.13355833557653832	0.1892655800388749	0.24604002309331457	5.697364885579037E-6
0.034619347467686606	0.05201273572410056	0.1551212156406909	0.07581569775647862	0.03161482239662641	0.08267170098292691	0.13381142919904845	0.1886275711054401	0.2457028314805485	2.64824645297701E-6
0.03442174272969617	0.057804974138321724	0.1579354085747009	0.07233336877585222	0.028011708752581632	0.08138966993326353	0.13372665560872243	0.19014882162074054	0.24422504235383086	2.607512290031533E-6
0.0346594270790941	0.05711310733961567	0.15825880405900863	0.07178008844377605	0.027553223501776067	0.08141920309829079	0.1339920408627787	0.19099610386155608	0.2442236912817391	4.310472364835172E-6
0.03623723229214873	0.058429053821359406	0.15786296555270518	0.07216331458192653	0.0255755608197102	0.0821512645810761	0.13227575650813547	0.1902132130177817	0.2450885539464111	3.084878745562847E-6
0.035647872298108285	0.05687523350568913	0.1575530729853848	0.07539401560723374	0.026116607220179236	0.08326671838150647	0.13067613220337193	0.18870635683738232	0.24575922279949008	4.76816165399796E-6
0.036812591640314876	0.056466801370042535	0.15751247435130616	0.07591935825273169	0.026106257288095527	0.08288396447327734	0.13009486279487698	0.18878905747107216	0.24541055509819237	4.0772600903710154E-6
0.03816118409104398	0.055594331750888924	0.15713864431480248	0.07658296403461087	0.026526304107779633	0.08222860958043401	0.12990264836649296	0.18914236235079712	0.24472031942235206	2.6319807979735543E-6
0.03381701873746146	0.055078681883824546	0.16084814516556672	0.07601689967169037	0.031621711002293856	0.08228068355770539	0.12354885719773091	0.19295414789738086	0.24383167469805284	2.18018829312161E-6
0.03484852725750219	0.05749229167639727	0.1593474179740807	0.07807594312517994	0.02963607554530824	0.08403497975096752	0.12229435811073999	0.18956371401765781	0.24470444463992386	2.2479022424581885E-6
0.03470700251085333	0.05773058322710952	0.1596154320658618	0.07838007481016691	0.029156018362833935	0.08414761673058327	0.12149276903972173	0.18931499566829219	0.2454528790856374	2.628498939921675E-6
0.03939431370693285	0.06034803700116091	0.15997918114567702	0.07520801734438055	0.029524954983573104	0.08313998485755958	0.12348198794125075	0.18870638067238293	0.2402119720942545	5.170252827813027E-6
0.03661081846730427	0.05974348069812513	0.15781020550035194	0.07818554302373384	0.030928621315800292	0.08459093451217936	0.12383450930016127	0.18711428557162418	0.24117616183063184	5.4397800878791536E-6
0.035409594835493705	0.058820581695109224	0.15856595037329246	0.07916752696028491	0.032821506303444034	0.08219571295722358	0.12516308995654343	0.1867804563073041	0.24107347080093083	2.1098103737404728E-6
0.048404409039564805	0.05871596078030553	0.15434471746380424	0.07164867332267505	0.03723027740178411	0.07152681987330016	0.12317201524640944	0.1909962675333825	0.24395867412300226	2.185215771902116E-6
0.045412951586385815	0.05777077609180235	0.16126182560033056	0.07046696152414078	0.0361510344663875	0.07183610557655265	0.11999212365806355	0.19236788487580708	0.24473594082589106	4.395794638650807E-6
0.04599563431895272	0.05799666611976563	0.16156803038070253	0.0690407424391529	0.03767736950832246	0.07154154855702627	0.12058740666713949	0.19144908298223862	0.24413857036749603	4.948659203377059E-6
0.04519346837222584	0.06040719108020154	0.15998966572016193	0.06841157598239159	0.03455676178083396	0.06897435869713914	0.1234908663893699	0.194789156354829	0.2441844682782613	2.487344585813678E-6
0.04499085082776108	0.06133056781996436	0.1629171695388367	0.07018545098521117	0.03361852139960676	0.0674192297070673	0.1215536986895768	0.19401962307291182	0.2439605497448658	4.338214198179591E-6
0.04596988333981146	0.06184992471290848	0.16292958073407732	0.07040377737904023	0.03343423205325434	0.06746468585152259	0.1210959276668987	0.19260355047849814	0.24424519519579913	3.2425881896364084E-6
0.04318765803843459	0.0611002724112674	0.15672985950123813	0.08073419814262217	0.04448106444293096	0.06202091411055419	0.12331774676755597	0.1850996291036633	0.24332488483545972	3.772646273561553E-6
0.03604060636222428	0.06103910160461176	0.15687256388589182	0.08203147084298718	0.042591605771166385	0.06156643504255718	0.13101669318870637	0.1858853085250359	0.24295368095502906	2.53382179006556E-6
0.03766016816402531	0.060783096202886744	0.16319848179486843	0.08227443744384277	0.03804647661198018	0.0609834101860434	0.12812705395827165	0.1855671028683324	0.24335513552004612	4.637249703023927E-6
0.036440029672876226	0.0627335493947575	0.16103495673776708	0.07896051518180751	0.04302092443414657	0.05852943486752619	0.12435820210163413	0.18872185529036706	0.24619678761134312	3.7447077746860513E-6
0.03696085712978599	0.06416829089606088	0.16031618868112626	0.07945947325594804	0.04218436404683712	0.05875777034050308	0.12331492871813576	0.18873192733067168	0.24610358055263826	2.619048292948345E-6
0.036782477161465224	0.06304039603581017	0.15720394177673952	0.08090076034472606	0.04392572772486114	0.05914731192558216	0.12311360238214866	0.18742066464815305	0.24846158763840842	3.5303621056248513E-6
0.036798992769861066	0.06282981030853085	0.15670288672639168	0.08028917540834254	0.04519960520957242	0.05909040149449522	0.12391785758485996	0.18629817741823962	0.24886733492709756	5.758152609072753E-6
0.03690119348349659	0.06284142325495506	0.1569966079650107	0.07993273305617798	0.04503425772146566	0.059419972538193325	0.12403182238743458	0.18613393411695173	0.24870528719181761	2.768284496731943E-6
0.03454822724260938	0.06433337410518003	0.15792027154408694	0.079979823100537	0.04417048264278223	0.05897199172550868	0.1234457426243448	0.18604638327094264	0.2505780185887565	5.685155251816676E-6
0.034735737115331775	0.0640673476577805	0.15756036335837936	0.07999705249636554	0.04380310747193743	0.05953279215622866	0.12332422769144047	0.1864908796776055	0.25048558426132644	2.9081136042885536E-6
0.034582177856403454	0.06409432539919566	0.1572928449543578	0.0802976213187829	0.04499713943085736	0.0634540207965121	0.12098443839190662	0.1839455041046345	0.2503462155290117	5.712218337852737E-6
0.034468993716476895	0.06299838964436265	0.15852545523930317	0.08031134377880599	0.04512331942878442	0.06554016380145442	0.11968731476841704	0.18557507997760378	0.24776740588879798	2.5337559936972065E-6
0.034186420334848186	0.06284662027122605	0.15853349118319415	0.08048945040488413	0.04474871170956574	0.0657848783698396	0.1196819577032823	0.18583921706662856	0.24788648102585553	2.771930675757317E-6
0.03503877822745774	0.06311707924623411	0.1587793766026674	0.07936608728754592	0.044390626763140546	0.0656393013680934	0.11991884659786692	0.1857428724994013	0.24800382384123926	3.2075663534553156E-6
0.03476266956591206	0.06388514079815932	0.159206376703208	0.08015459945592322	0.04340137424609072	0.06566276473550209	0.1211943295389526	0.18592369406213277	0.2458047925345186	4.2583596005923985E-6
0.03471717075527736	0.06349023156641692	0.15958449404195998	0.07999680534084502	0.042669142830439336	0.0653771564613547	0.1221560393204214	0.18656556640555988	0.24543909821296672	4.295064758699785E-6
0.03512573209929602	0.06314223028542558	0.15966731370884812	0.0806201970084164	0.04326695119170129	0.06522455136331047	0.12227498385407672	0.1864452497036315	0.24423014188506664	2.6489002272894746E-6
0.034422469478390366	0.06299441348841225	0.16030394599627124	0.07859746356013025	0.04386033957369546	0.06480398093829698	0.12246778380101432	0.1875522827200643	0.24499480767179066	2.5127719341794252E-6
0.0344594358466469	0.06174601407680334	0.16046373250199822	0.07855760547749098	0.04353369605649263	0.06551027951196092	0.1230643785567882	0.18725883992618805	0.24540117582981802	4.842215812761452E-6
0.033976310668221016	0.06122800790134543	0.16105374492763455	0.07813197403895739	0.04361009795813894	0.06544502362418295	0.1232557765658795	0.18699760555178074	0.2462991611532983	2.297610561183272E-6
0.03397671663980323	0.06286551388539438	0.16180177777096422	0.07796224040494701	0.04216549481442064	0.06476697318763738	0.12322727216858517	0.18856737371819488	0.24466307898623718	3.5584238158997694E-6
0.03207535384488072	0.06232905357913583	0.16136131612901308	0.08069132665613665	0.04107723837439435	0.0661740574069063	0.12174139572795104	0.18998898226033759	0.24455769052567272	3.5854955717368187E-6
0.031126224230180854	0.06382114978222109	0.161248148263386	0.08079686976650999	0.0400052632965073	0.06635354201359661	0.12150165899622946	0.1897774248048745	0.2453659070124386	3.8118340555809427E-6
0.03048097490112374	0.0643657529782265	0.1618188315893642	0.08003972328303331	0.04042377457966438	0.06631208265098727	0.12142059836734154	0.18974212122917494	0.24539120444656626	4.935974517852881E-6
0.028621343140424554	0.06193758824822343	0.16331726573996183	0.0799338256167769	0.04105778614883543	0.06807172686127061	0.12425043975028811	0.1882359445011493	0.24457020699492593	3.872998143972239E-6
0.03242974564483424	0.05649754473473034	0.15434364106438553	0.08721128389469127	0.03403761086410595	0.06986995017519525	0.12973296764844663	0.19112853653950448	0.24474624437856735	2.475055538977977E-6
0.03195537474848342	0.06151317646487923	0.15068294159471962	0.08327382231246161	0.031421457530434904	0.0710539650344044	0.1303273004057782	0.18894219191873585	0.25082452075268113	5.249237421608988E-6
0.03372609071992266	0.06255027227262656	0.1501425540798469	0.0827629547786094	0.03163315976364679	0.07024347502722544	0.12954969404214098	0.18804530510984807	0.25134420777686606	2.2864292671537223E-6
0.03321888922145774	0.0634917771127186	0.14866986652499745	0.0836008968671991	0.03158909115769647	0.0695076749321773	0.12989672304504346	0.18761667663235337	0.25240492053728447	3.4839690720572802E-6
0.03256373890278012	0.06435543748262473	0.1483002318989706	0.08460103881383345	0.031005740761371497	0.06861137817933766	0.12998352874583163	0.1872674217623836	0.2533075169534531	3.9664994136157095E-6
0.03219553653813012	0.0644075785846028	0.14795488680059452	0.08294643689345695	0.03400920220500478	0.0685521012886965	0.1311434604866479	0.18765920395841293	0.2511294835649288	2.109679524728292E-6
0.032656622035833305	0.06445727039728916	0.14791430959791135	0.08286770175371708	0.0338870824391055	0.06836192974022395	0.13066502785723796	0.18836570105353465	0.25082111715206296	3.2379730841719523E-6
0.03276127787635831	0.06443255689218336	0.14810149624674845	0.08247662370512916	0.03362424262917184	0.06865985780891078	0.13068257633030328	0.18896955549179137	0.25028607804095576	5.734978447816119E-6
0.033058177453355195	0.06372909092151394	0.1481410153370837	0.08280302222383912	0.03314354727556047	0.06952789652724503	0.13043511424647997	0.18864794860890555	0.25051203963879176	2.147767225305075E-6
0.03405311750240196	0.06433627950047205	0.1490706136366209	0.08269436506426042	0.0321112208992583	0.06850488181068051	0.12979330246528395	0.18814781077498474	0.2512857058124303	2.7025336068048356E-6
0.03656346007389302	0.06303213727794482	0.14900974112557808	0.0840967792883635	0.02911933957131467	0.06919804632329252	0.12926755824642275	0.18685196296123846	0.2528579749934883	3.0001384639516404E-6
0.035571414206625185	0.0611819151103833	0.14954299086775646	0.08649634724220359	0.029341361021569243	0.06949340723963432	0.12631998877621176	0.18639010646880147	0.25565939373765617	3.0753291584834086E-6
0.03523378216552635	0.058859526373701856	0.14669509652060903	0.08368704754563439	0.025504415587646614	0.0792664977226512	0.12522120996146288	0.18845029606594288	0.25707893393807546	3.1941187493417234E-6
0.034500738879329515	0.06003577554534376	0.14678386733854845	0.08418051227796658	0.02587015062406879	0.0787050758819543	0.12645528369781056	0.18707157394459983	0.25639467363498486	2.348175393337981E-6
0.03446496819359875	0.06047593903629271	0.1461236188251014	0.08514371454819991	0.027063887649077648	0.07905664869818235	0.12435120956336199	0.18681060079897188	0.25650461520609147	4.797481121976421E-6
0.03498672424642116	0.05372884096264277	0.15004004347003116	0.07555448052182794	0.02595770540260539	0.06686175986011926	0.13424756563507872	0.1694591959695681	0.2891614257267146	2.2582049909597446E-6
0.03444369196928984	0.05083516587494087	0.15223427039041493	0.07480855505348091	0.024747938662750033	0.06914023697285727	0.1330344107407847	0.17089682120433633	0.28985431246394283	4.5966672022335064E-6
0.03320406201600472	0.051893380493594654	0.15104402880377857	0.07286198164464724	0.026888247108524818	0.06986856891405749	0.1340712235740734	0.1711566059390665	0.28900725891868284	4.642587569797518E-6
0.032288092169464364	0.05126308983273005	0.15019959686887618	0.07205229327206313	0.027407530842689737	0.06773371640226475	0.1358281101349948	0.1735951250415339	0.28962850107209803	3.944363285088293E-6
0.03156097617125263	0.05172904887271012	0.1503754291157813	0.07219971741015047	0.027689812883316928	0.06763801656228759	0.1355514024744503	0.17390868263917592	0.2893427107932018	4.203077672973454E-6
0.03264151384407182	0.05091194731470622	0.14949137700474535	0.07091971303814777	0.02698287860142394	0.07430513387153216	0.13554503064225026	0.17357840895210547	0.2856217835031939	2.21322782310851E-6
0.03186449261142166	0.04940826100105089	0.14739524902978512	0.06983140582912759	0.032343976065487556	0.0751075344194622	0.13404275925127818	0.17380196412736748	0.2862005373335341	3.820331485229755E-6
0.03188776005994326	0.050431956189626995	0.14629165845350625	0.07067862756111068	0.03265917565749192	0.07432600644793791	0.13517330900209307	0.17319538408264729	0.28535315591451443	2.966631128240027E-6
0.03211506642678104	0.051840193675117247	0.1465463237386585	0.06983345365874105	0.032527046463608225	0.0735770098018498	0.13517266068237968	0.17317198496789984	0.28521228697346057	3.973611504073937E-6
0.031820741187984294	0.04977247905233973	0.14516896741247187	0.07152936770660698	0.031266334020006115	0.07404585116886854	0.13540930955623195	0.1728239231284994	0.28815820477298615	4.821994005019259E-6
0.029223579933939134	0.05016270466710106	0.14547126218729325	0.07254401828381746	0.03273390360332709	0.07365801398622837	0.13581189799166943	0.17234250239610546	0.28804810005638054	4.016894138217375E-6
0.02983412194739303	0.04993755450327728	0.14471473088558046	0.07096032589379593	0.031717336334267446	0.07420233780025651	0.13447505585610908	0.1753585684332085	0.2887960883242377	3.88002187408365E-6
0.028364953262346393	0.049740572130078986	0.1448051065209125	0.06930317830059264	0.033279579902101564	0.07324854960886434	0.1343994960327039	0.17668049429701155	0.2901749056691402	3.1642762479411335E-6
0.027486972595119286	0.050190819078090164	0.14511100692363252	0.06744549259466118	0.03374400130622017	0.07313862556283401	0.13464198356393497	0.17959566031798363	0.2886431339627242	2.304094799926437E-6
0.02676986101267266	0.05003905816730648	0.14552520310448055	0.06745386785634544	0.033599820143415074	0.07275534565342212	0.13597314942261263	0.1789708474228064	0.28890750738326204	5.339833676606953E-6
0.02743331947835588	0.04854070287666249	0.1458131381453494	0.06610896590825457	0.034906095277040486	0.07169849115733695	0.13699290566553787	0.1813137332658925	0.2871891262601059	3.521965463923471E-6
0.02755341660967317	0.04810393749879073	0.1456235195695897	0.06640149050569429	0.03491412151690293	0.07267158072965955	0.13610803362897939	0.18136290748766618	0.2872572310286977	3.761424346424014E-6
0.027306992879331693	0.04504074484140758	0.14547531401910593	0.0640910577509547	0.035259576265539744	0.0728200701826682	0.13722294349902237	0.18359119891477443	0.2891867960459779	5.305601217406308E-6
0.027452349753797248	0.045200290337179504	0.14495547918936408	0.06371764706006736	0.03447450309965357	0.07346729588745372	0.13728338139739396	0.18305218934429424	0.2903911883761658	5.675554630560353E-6
0.02824103035095847	0.04079880276952444	0.1474989244457025	0.06346013790483557	0.03288624835617983	0.07296466566338142	0.13632391771348518	0.18662130623975226	0.2912013384246915	3.628131488894737E-6
0.026689711927267795	0.03972449480196815	0.14894712125238826	0.06461457164830718	0.03524759243667082	0.07291212797841282	0.13581815169266082	0.18618463671092667	0.2898576844264315	3.907124965979447E-6
0.030371420177926045	0.04075714708628385	0.1473872834458847	0.06585263193213246	0.03750739635666636	0.0679325413560566	0.13264423098007308	0.18506802888532342	0.2924767336007089	2.586178944566364E-6
0.029392938509139516	0.042072348763458195	0.147730171473793	0.0653789983837724	0.03896041810892341	0.06821528236041108	0.13266413103379832	0.18473249438346753	0.29085046459628944	2.7523869471218765E-6
0.02776945192081587	0.042148638410208536	0.14517020364241473	0.06645126592302456	0.03842051365174423	0.0705951676778041	0.13397585897047426	0.18197966965250503	0.2934870923171848	2.13783382392585E-6
0.026637141152315663	0.03904730693018607	0.14486162937357377	0.06647999372301772	0.03723959860143378	0.07123024057941747	0.13667668396886945	0.18355401746231534	0.29426919149109426	4.196717776530634E-6
0.025620752310097236	0.041411328408300266	0.1454646712247304	0.06853039904420512	0.03404638104242355	0.07000451534575602	0.1368911212556253	0.18553672001465943	0.2924883341716079	5.777182594826624E-6
0.02869597064328537	0.03735538159323794	0.14630506972373217	0.07104897722175	0.03519250592075872	0.0670617360868919	0.13883365956853203	0.1848514220956501	0.2906498295869844	5.447559177459982E-6
0.028827119347305544	0.03634138377042215	0.14542735923597755	0.07014002734952696	0.03713184968168891	0.07040519738633623	0.13740241725391472	0.1843861461862736	0.2899345888728554	3.910915698915329E-6
0.029162330302080194	0.03647101312687259	0.14548657366400986	0.06894283436115167	0.036543806707547935	0.07161279164970515	0.13715864303225542	0.18405183108853537	0.29056458648409295	5.5895837488967315E-6
0.03298524069340304	0.06040300789437016	0.13308423879709752	0.12349934085285282	0.0327575126708166	0.05832999023013471	0.13520991182689052	0.14770686284640475	0.2760209812393719	2.9129486579931863E-6
0.03256918057012434	0.05993893429378003	0.13318668183808005	0.12348245972739885	0.03369635543899238	0.05671054393140022	0.13599092395953216	0.14663538729942432	0.2777840680018445	5.464939423119319E-6
0.031732427474252534	0.06014467914544504	0.13348380064401857	0.1204593782642234	0.0360269411999979	0.05850265698457295	0.1360706097997791	0.145060907245529	0.2785155836379244	3.0156042570977926E-6
0.027209092448689923	0.06278423617014746	0.13218469726280319	0.11796564883338324	0.03800933494588068	0.060632273997091715	0.13961662233815816	0.14404493677172617	0.27755005049702236	3.1067350971386576E-6
0.023248618381052244	0.06257003736669133	0.1330882201859702	0.11661516331140659	0.03908008821312649	0.06038042491113395	0.13883579303376845	0.14652967441440595	0.2796488406650232	3.1395174216325428E-6
0.023543142028532568	0.06165272952721501	0.13279006162524193	0.11755326793941487	0.03935220066095531	0.06044547646700453	0.1380353655563307	0.14765981302768344	0.27896318004121395	4.763126407694718E-6
0.018581388938218077	0.06326445175507454	0.13492812671143176	0.11772097930576066	0.04022395243976834	0.06762195097138063	0.130375592276119	0.14825224011689822	0.2790289027750359	2.414710312897972E-6
0.017601898097846222	0.06410684620170057	0.1311768510892961	0.11680252546030041	0.03963184478298736	0.07170458902390543	0.12872999784560846	0.14587669709809456	0.28436424307714675	4.507323114147366E-6
0.01509365526658564	0.06327388737495387	0.12753293832246587	0.11656049606485097	0.041355217705916526	0.07208181414534669	0.13034024613941875	0.14698810539797463	0.28677138277618824	2.256806298825409E-6
0.016707107577382876	0.05933554445015749	0.12791755092504842	0.11524737912004608	0.0431296481217277	0.07468533204593536	0.12778678047452324	0.14537332518871238	0.2898130897745649	4.242321901617996E-6
0.016774903220851567	0.05803561048022606	0.12925373722556813	0.11119528561966761	0.041721564216392094	0.07836731962691962	0.12522090347461692	0.14801715543032726	0.2914083333459423	5.187359488442733E-6
0.016780583651953035	0.058555441908264706	0.130007930391415	0.11002871826710364	0.04186140495410904	0.0784896076921553	0.12507616759451204	0.14800348932983384	0.29119356466304036	3.091547613090495E-6
0.016384626835686186	0.05828304577125956	0.1283053927518055	0.11200435191793175	0.04181365702975014	0.07731593380464186	0.12497915262964485	0.14934872933100382	0.29156295713691716	2.1527913592750414E-6
0.018053196144770176	0.061394734604362906	0.12314514268482589	0.11271442667581398	0.04152088451462236	0.07982738631667112	0.12388552227998298	0.14904387460481527	0.29040944929388063	5.382880254700684E-6
0.019020912796224754	0.062462527422625244	0.121585679127371	0.11227269838745786	0.041829425772936864	0.08011633618349791	0.12392287734862924	0.14799553154003278	0.29078973946862163	4.27195260274682E-6
0.020989394502430855	0.06306991723423441	0.12112982128056018	0.11252038838539932	0.041602248562641816	0.0795771021549764	0.12411638982220714	0.1473153323201579	0.2896752454872607	4.160250131252097E-6
0.021473476402828	0.06351346369569341	0.12022873592729352	0.11171593303137374	0.04237004428018974	0.07941856919230104	0.1256848216766259	0.1479788038883994	0.28761204222599873	4.109679296496194E-6
0.021112232228729225	0.06398791616918348	0.12059176435060225	0.11128434474266208	0.04164252509051547	0.07973120156911408	0.12551100085620048	0.14845180673162106	0.2876843263616903	2.881899681617117E-6
0.021000941445930385	0.06372752844978895	0.12037252493449663	0.11223355387365423	0.04098213655017141	0.0798300874733104	0.12460188593912891	0.14908826241068718	0.2881579685651455	5.110357686508027E-6
0.021691008705442563	0.061161526945695786	0.12035919777898035	0.11256271597242924	0.04302991709810933	0.07770305799791233	0.1263545897604503	0.14982221291673564	0.287313297194801	2.475629443540739E-6
0.02118763192752257	0.06414934533422596	0.12159337360388907	0.11077190374488696	0.04377237405230068	0.07815924569069299	0.12612101741194653	0.1475829600977362	0.2866586359013426	3.5122354564293135E-6
0.02129055016037114	0.06401539374975296	0.12092892135894621	0.11112657287452933	0.04361497078780988	0.07729962328721757	0.12725085346894882	0.14944551544250922	0.2850241846356117	3.414234303208974E-6
0.020938077335852456	0.06227372258152131	0.12168429087584048	0.11279185781713978	0.04500069881444869	0.07544980690700814	0.12790621313466238	0.1487890739986902	0.28516152419814894	4.734336687614582E-6
0.021247225682147097	0.06265505680719044	0.12104860976789739	0.11318820553082608	0.045078209833105724	0.07481159094435536	0.12727272056322858	0.14966316286632206	0.28502968153434227	5.536470585043585E-6
0.020976148267445732	0.06329322934681458	0.12242604215288255	0.11291474403015699	0.04514617874224126	0.07524181478191586	0.12649066905530412	0.1481225728939707	0.2853829125066445	5.688222623770334E-6
0.02280240194670939	0.06329815096524322	0.11958972317050479	0.11394189077678088	0.04388151348786937	0.0754399673601185	0.12943089777297828	0.1477823709442569	0.28382992175696165	3.161818577041009E-6
0.02438800926266084	0.06405394943731904	0.1183582340540038	0.11348203754616304	0.04273002691282004	0.07787538792385122	0.1282132442446129	0.14500193484490195	0.2858934521292772	3.7236443900107163E-6
0.024417546594121792	0.06352953860105051	0.11785253518389568	0.11295520108626955	0.04182121768406551	0.0796547818455609	0.12797692957895682	0.14460552995601816	0.28718342161660537	3.297853455694333E-6
0.023669214570967906	0.06318621806162678	0.11742108158226075	0.11329590512339084	0.04207824768784107	0.07914537674261443	0.12744739145234893	0.14597015419608267	0.28778283865187415	3.5719309925269505E-6
0.024524463959657114	0.06419788409781754	0.11755311719042347	0.11225738644188667	0.042348753308327526	0.0777331720713803	0.1275486354246501	0.14600710021861735	0.28782380253084816	5.684756391802215E-6
0.030469437166510335	0.06289972992855464	0.110857584994793	0.1073056466561273	0.03852647714067379	0.07558861063061231	0.13439122570667789	0.14584143141151418	0.2941163944070729	3.461957463743448E-6
0.03139046394737559	0.06428711553980936	0.10981015170216202	0.10723957061532652	0.03895659995053137	0.0755548726463034	0.1346520912871393	0.144597860120818	0.2935075034056984	3.770784836001906E-6
0.029718595366950804	0.06448301621021765	0.10976093121969163	0.10861400029369106	0.04066078187792982	0.07462718710364519	0.13141296521098828	0.14653059715811184	0.294187195723557	4.72983521677961E-6
0.030650711511535506	0.06398469698790786	0.11109848036991553	0.10812817397445182	0.04071556818101538	0.07408318905627478	0.1308633529080883	0.14647832524140617	0.29399184037565435	5.661393750355792E-6
0.03168111245437556	0.062814300918339	0.110033869866485	0.10895412721570197	0.04185234007753704	0.07401289293695891	0.1298641105129614	0.14664690423287807	0.2941380711277921	2.2706569709068924E-6
0.03193621170378884	0.0626636812483366	0.11007550618413864	0.10807163207452089	0.04290666129816623	0.07379726466081317	0.129594877108612	0.14657824385497611	0.2943736031184724	2.3187481751202332E-6
0.030985738629803514	0.0636407248828797	0.11061733019716563	0.10862193421548562	0.04305970433987207	0.07297451981834224	0.13007193781434628	0.14550172503937817	0.29452224127181587	4.143790910876577E-6
0.031192920605852645	0.06304573239737155	0.11193037916226287	0.10826174656727275	0.04282280031055874	0.07289783992928364	0.13034929470983483	0.14624284296633489	0.2932516164097437	4.826941484473157E-6
0.0330028365875944	0.05990983144549099	0.11273972997125316	0.10946243098445527	0.043831320027123935	0.0774646645685931	0.12461865109260543	0.14652277821876167	0.2924445754755732	3.181628548912241E-6
0.03333413132173234	0.059204854542207405	0.11292802593462241	0.1090230028406863	0.044563874604493924	0.07720827168239426	0.12431500486592786	0.1464878026581602	0.2929328893513677	2.142198407648066E-6
0.03441702138158324	0.06170741208962236	0.11207585310896194	0.1079289643248812	0.04434717452192844	0.0769270134028435	0.12390638684911918	0.14700303443753268	0.29168412237246	3.0175110674740546E-6
0.034319584855886334	0.06376748200291651	0.11156604872534491	0.10748273493806812	0.04378054948972144	0.07432368316367469	0.12557200920270004	0.14894377072842796	0.2902396318823578	4.505010902225437E-6
0.03445247964693826	0.06395913056490293	0.11231670883910097	0.10659191676009525	0.04104047525735289	0.07582696271446654	0.12794710114251776	0.14801505789995562	0.28984505883674405	5.108337925788242E-6
0.032919709103525485	0.06423685864382225	0.11300317847989433	0.10653085746742492	0.04055372902010266	0.07561664085417577	0.12930943792282337	0.14842163115016732	0.2894047738169232	3.1835411407055147E-6
0.032816681150518376	0.06386060914376418	0.113540193615917	0.10603403195926495	0.04005400742506769	0.07569676317090945	0.12977029550484634	0.14811095388577136	0.2901142165933684	2.2475505722791E-6
0.03269171225363958	0.0643158968913406	0.11464331743780988	0.1075292725046349	0.039083150550439656	0.07374555340168723	0.1301135633884704	0.1474478054613476	0.2904258102644181	3.917846212106446E-6
0.03464611755203227	0.0618795003782334	0.11409133681218295	0.10808290269257541	0.04097761996492977	0.07238369370065587	0.13182145168007997	0.14704065766962696	0.2890740306241222	2.6889255612255747E-6
0.034605265937619575	0.061561917681972965	0.11544126972457978	0.10847825436420808	0.041495141112815485	0.07095105684263935	0.13057111506049235	0.14640658885597954	0.290483839094189	5.551325503810878E-6
0.037395318482771805	0.06157669665512505	0.11144955630304208	0.11054825057909132	0.04021506587525928	0.06965550520074931	0.13072989332643675	0.14811402207574095	0.29031053773785803	5.153763925444532E-6
0.03771296119030347	0.060938287006052555	0.11552600029389443	0.10397252460722133	0.03705846333420665	0.06945269741273484	0.13328659487799238	0.1549971148251873	0.28705192776990274	3.4286825043861047E-6
0.036967002540160415	0.061059167643567516	0.11505446804331812	0.10397281801521602	0.038078524041967904	0.07070287741025745	0.1317749223376471	0.15444711250713344	0.2879409112176373	2.1962430947625178E-6
0.03621289450210034	0.061168022565455435	0.11675578821439797	0.10469701535620854	0.04229730194108343	0.07876749308213037	0.12665119348763496	0.15003912060326297	0.2834081757805057	2.9944672203241485E-6
0.03649838328324495	0.060505693108519935	0.11664372975917153	0.10422916794700517	0.042410799969637744	0.07941837884867023	0.12637342589252237	0.15016852088490584	0.2837485591946888	3.341111633456406E-6
0.03658262185082267	0.06108811542844629	0.11600808693283893	0.1034807444209106	0.04478827864391743	0.07716596323346231	0.12622314674550905	0.1505297154976676	0.284130202377913	3.124868512130452E-6
0.03733946393302397	0.0605861249297125	0.11644101308080128	0.1040308729616085	0.04235658404556516	0.07832453822540018	0.12600255218310655	0.150810193173688	0.28410339075948254	5.266707611348287E-6
0.03718085698770898	0.059954249081887324	0.11766922121648367	0.10376768517774992	0.040374424568678985	0.07868897407272596	0.12553450728204635	0.15313963561959776	0.2836880267188877	2.419274233403379E-6
0.037574660778203664	0.05996684387877959	0.11705604693229867	0.10329936869843538	0.040577703618341	0.07921074991854639	0.12514432284653798	0.15318994356771637	0.28397470213277143	5.657628369556966E-6
