0.7053625289445244	0.05277983453036439	0.24185763652511133
0.19309170466798115	0.4634756173866442	0.34343267794537474
0.4746377969667086	0.3266703613188611	0.19869184171443038
0.5677517163856605	0.11375744917765035	0.31849083443668924
0.21625006148303902	0.39847093235860365	0.3852790061583574
0.35007357491496177	0.3027316892382471	0.3471947358467913
0.19016716664792627	0.4369980251995795	0.37283480815249437
0.17330108723366675	0.5563294481035284	0.270369464662805
0.2631155414128672	0.37751228744491383	0.35937217114221903
0.32933609544138687	0.21127565158610098	0.4593882529725123
0.7505883264996692	0.08433925651094631	0.16507241698938455
0.8004099577765725	0.04447385772966289	0.15511618449376466
0.7159752663876267	0.08101734281934059	0.20300739079303276
0.1683645802491443	0.6126904290393418	0.21894499071151405
0.10636262559722565	0.4593128432380473	0.4343245311647272
0.5169236271537082	0.09571156474266382	0.38736480810362806
0.6322767411591348	0.10713575569523301	0.2605875031456323
0.060639486502679474	0.4320942198103812	0.5072662936869394
0.3481207265685503	0.49441522536027127	0.15746404807117848
0.2133514796331063	0.44512618811905713	0.3415223322478367
0.25581487634532857	0.3899098665989122	0.35427525705575935
0.12103075707864586	0.2881061809506472	0.5908630619707071
0.14830494827372467	0.2607621683288677	0.5909328833974077
0.6555280006683949	0.04575656041021253	0.29871543892139274
0.38071889571995016	0.09834023752362883	0.520940866756421
0.32476835374379187	0.39142363616374176	0.2838080100924665
0.7204922459850671	0.09042253285279475	0.18908522116213822
0.32793109122419434	0.2411033211289248	0.430965587646881
0.27919336769654346	0.3935810782259678	0.3272255540774889
0.30937854484248206	0.23262185100837973	0.4579996041491383
0.48190228366355986	0.3656739616471805	0.1524237546892597
0.07349668814508392	0.45112388195643055	0.47537942989848564
0.6043603370437988	0.08426756883932054	0.3113720941168808
0.0696329025749558	0.4174766402136613	0.512890457211383
0.4006540511873292	0.2856171699870602	0.3137287788256107
0.216932218310082	0.3481864375277568	0.43488134416216134
0.20157308113479228	0.6660120822143814	0.13241483665082643
0.3331701741958044	0.21996853518305826	0.4468612906211374
0.47587836089118063	0.32573292306611684	0.19838871604270267
0.4622955063435752	0.16584004009553174	0.37186445356089315
0.28182258492920786	0.5333502955630324	0.18482711950775985
0.07414264717060515	0.5398710930020576	0.3859862598273374
0.19487742689961451	0.3910089587834663	0.4141136143169193
0.34714834765152913	0.4509271907634597	0.20192446158501123
0.5379314998490741	0.21397375124696275	0.24809474890396332
0.5019262001506107	0.08722026968814311	0.41085353016124626
0.3429541266075033	0.47329770272850336	0.18374817066399346
0.5281397215885023	0.06001263698129594	0.4118476414302018
0.23155221710900203	0.22032472496608024	0.5481230579249179
0.09798915730275509	0.4112873530522514	0.4907234896449937
0.7801690278691289	0.08543327921167554	0.13439769291919562
0.18552114727284574	0.4746333172251392	0.3398455355020152
0.36844681652819156	0.1337041042822104	0.4978490791895982
0.44725309820171877	0.10838648536525677	0.4443604164330246
0.30145564206632547	0.19589679677255256	0.5026475611611221
0.32545366735315107	0.1899944984750436	0.4845518341718054
0.3237616966194574	0.26148300767065713	0.41475529570988556
0.3713716311627178	0.1741574512307857	0.4544709176064966
0.05911561018571532	0.612467549120738	0.3284168406935468
0.11730043178969521	0.6426454124886348	0.2400541557216701
0.5668755978973639	0.11147489475472097	0.32164950734791525
0.4108749400178924	0.29711635412425036	0.2920087058578573
0.39347869413649983	0.06661306513664439	0.539908240726856
0.5574318332812335	0.23681175116126812	0.20575641555749846
0.09270985745101681	0.5276174924590179	0.37967265008996537
0.11409939835219951	0.6576924906109866	0.22820811103681407
0.32584577079787325	0.20713376100559677	0.4670204681965301
0.36629007181530837	0.12092741631817325	0.5127825118665186
0.39023443359808685	0.4365954713377641	0.17317009506414915
0.06496467375563103	0.7383595455408142	0.19667578070355488
0.04859876275215741	0.46500285653716056	0.4863983807106821
0.4312012578455109	0.422959524162272	0.14583921799221722
0.5883414905309463	0.1540118924615251	0.2576466170075287
0.18689055120175868	0.40571140713661913	0.4073980416616223
0.5441285075315361	0.28302765006484054	0.17284384240362344
0.35024879374279844	0.4197689306273059	0.2299822756298958
0.449055426776483	0.3465282893966614	0.20441628382685564
0.6953215344934099	0.1064848154064919	0.19819365010009826
0.08876488375733643	0.7465620018829461	0.16467311435971757
0.13202186404293942	0.7114381728313328	0.15653996312572785
0.07116103970754312	0.7165750398681172	0.21226392042433972
0.3679865838362857	0.13217384877108096	0.49983956739263347
0.4740068354970862	0.14619972489367894	0.379793439609235
0.35336116255318495	0.08965736195976792	0.5569814754870472
0.6937741117372047	0.12524113668522335	0.18098475157757205
0.38494417185467733	0.16291695050198488	0.4521388776433378
0.19764029866194938	0.45321487784685366	0.3491448234911971
0.5645132878712066	0.2420687460608421	0.1934179660679514
0.4291850886138594	0.1723958124971374	0.39841909888900334
0.25364816147110936	0.5531493503826291	0.19320248814626162
0.3520749697239043	0.2565437276426715	0.3913813026334243
0.045444235250548914	0.680691857942593	0.27386390680685824
0.4695838135345398	0.357750019310354	0.17266616715510624
0.5534346756448136	0.09946441201906081	0.3471009123361257
0.6894016611433558	0.08337637198770886	0.22722196686893556
0.6792382001158361	0.11649246529058455	0.20426933459357938
0.0723568380195278	0.4353088832234922	0.4923342787569801
0.1910044950670224	0.3548318719909388	0.4541636329420389
0.16877740704086777	0.6151286811222817	0.2160939118368507
0.04961636857706064	0.36911080521539713	0.5812728262075424
0.5364678886715425	0.19045721246449412	0.2730748988639635
0.5165895108785387	0.3122495914095709	0.17116089771189053
0.5537325129858055	0.13546579291480798	0.31080169409938657
0.5203954896545117	0.13425041285636682	0.3453540974891216
0.7261096620981768	0.08964925632833315	0.18424108157349012
0.4308063206381911	0.1162757324572199	0.45291794690458914
0.224837236415693	0.5488212249274556	0.22634153865685158
0.5685120401466559	0.0760306800236274	0.35545727982971675
0.2266760201477708	0.6010061220758514	0.17231785777637787
0.411367124852678	0.33865861111208234	0.24997426403523973
0.24017317446465622	0.4368331453993687	0.32299368013597524
0.352964275893587	0.40044586107390806	0.24658986303250513
0.25325502900345587	0.15166689663496447	0.5950780743615798
0.18522264649091566	0.5301613343591277	0.28461601914995677
0.5065546471034511	0.09848897926946382	0.39495637362708513
0.0834440746637651	0.46124217860528377	0.45531374673095126
0.6298356117297157	0.06940144868629844	0.30076293958398603
0.24546842813457817	0.4943888035533452	0.2601427683120767
0.10325979203026861	0.33424957755231405	0.5624906304174175
0.28469896472049866	0.47373112222129055	0.2415699130582109
0.2280227954405668	0.3661556580836094	0.4058215464758239
0.6282062541876102	0.05949981178840519	0.31229393402398464
0.7066677915805889	0.049684786733385944	0.24364742168602527
0.11737402133124344	0.5283535936735738	0.3542723849951828
0.5247936187383311	0.04660212318951168	0.42860425807215724
0.16518196927698658	0.4517104437096286	0.383107587013385
0.08511963633979311	0.5596541480760454	0.3552262155841616
0.39611852266898046	0.31755705985978855	0.2863244174712311
0.4283139760977666	0.18215618158364133	0.38952984231859217
0.10715148644344574	0.5089507582486466	0.38389775530790776
0.19728452785824802	0.6534083242293929	0.14930714791235924
0.42003026243040775	0.2727594892825768	0.30721024828701554
0.048637965062153565	0.5111384567755957	0.44022357816225083
0.6518435032226213	0.09955796813422527	0.24859852864315354
0.07614707356249001	0.7240365752161011	0.19981635122140903
0.5343467991341395	0.21983271993238868	0.24582048093347192
0.13735618365480357	0.6842752304880686	0.17836858585712795
0.34876664208644487	0.38479852749364246	0.2664348304199128
0.5883306841337026	0.26158009159444845	0.15008922427184912
0.6567666895531682	0.07974123729611204	0.26349207315071993
0.1743931610261158	0.4240848873395582	0.40152195163432614
0.27845266312369266	0.4491176917086213	0.27242964516768614
0.5070261307760175	0.2949921713328534	0.19798169789112915
0.2077205716972536	0.6501786135023664	0.14210081480038014
0.07521202460136989	0.4544281813829687	0.4703597940156616
0.6215479259198344	0.23982977772088546	0.13862229635928025
0.3220447816873485	0.3170344411473003	0.3609207771653513
0.25058939962074855	0.16544373530575152	0.5839668650735
0.46803111255215113	0.23663496719084992	0.29533392025699906
0.13074943300386585	0.46658980469072436	0.4026607623054099
0.36167624743575727	0.4401729812220637	0.1981507713421791
0.6117250983924998	0.10173291993694689	0.28654198167055334
0.5450891244659557	0.26046475008319586	0.1944461254508486
0.36325971653002587	0.18150274667304836	0.4552375367969259
0.6738601876846846	0.14306197135299883	0.18307784096231672
0.18446177912686315	0.6359471488402122	0.17959107203292468
0.1491446918097723	0.5687956065601738	0.28205970163005406
0.0633531564709231	0.4816949413488276	0.45495190218024945
0.3069059374258351	0.3472544417893672	0.3458396207847978
0.09467908247288145	0.41307436345952225	0.49224655406759643
0.40705971352855147	0.1922688423978693	0.4006714440735793
0.7725463834158155	0.07097122660016858	0.15648238998401598
0.23535511297121273	0.5251947855682385	0.23945010146054893
0.41083665293650007	0.16521938997561897	0.4239439570878811
0.6460995939581515	0.11017197283569025	0.24372843320615828
0.4032115601180947	0.3957037677827522	0.2010846720991532
0.20936824217321115	0.3687670518324284	0.42186470599436054
0.382305222297934	0.1101009475100794	0.5075938301919867
0.4246771584443272	0.4100285428044661	0.16529429875120683
0.36313697975209414	0.34521089838576274	0.29165212186214323
0.33499997369642903	0.3835040052158491	0.28149602108772204
0.44491346585205144	0.1839054329578161	0.3711811011901326
0.46065714272165026	0.16073685343813407	0.3786060038402158
0.10498575221052381	0.31927288472358417	0.5757413630658922
0.42025379216096753	0.14163952919012943	0.4381066786489032
0.4211526341596458	0.4425923693801208	0.13625499646023345
0.2827472219948194	0.13074240457422112	0.5865103734309596
0.21888407524194936	0.3543077292818667	0.42680819547618404
0.19537992098693877	0.581759178934914	0.22286090007814735
0.6221367605402955	0.17593821075907176	0.20192502870063278
0.35779973072307697	0.18158226470401267	0.46061800457291047
0.369972515782798	0.16782260621411696	0.4622048780030852
0.4222331879212542	0.31325782997048846	0.26450898210825746
0.16878420232460656	0.4384569085141967	0.3927588891611968
0.37120415672498314	0.1163931684925211	0.5124026747824959
0.07870360806102294	0.6022917965431014	0.3190045953958757
0.25180690230565067	0.21955046956652768	0.5286426281278218
0.6093677260182782	0.061368133911592515	0.32926414007012933
0.47415246807552414	0.2401716252176619	0.2856759067068141
0.5842373725218489	0.27080581979520196	0.14495680768294922
0.2054581240189441	0.23637003320671163	0.5581718427743444
0.2844176466298707	0.13291400405863357	0.5826683493114959
0.19184649389846406	0.30573512360464034	0.5024183824968957
0.1856499882685594	0.5488560086362695	0.2654940030951713
0.13491018153008222	0.7084429217448903	0.15664689672502763
0.1365271576115865	0.36539727589966625	0.4980755664887473
0.4956247321385133	0.13144798606094546	0.3729272818005413
0.4667116234815447	0.18410571207189252	0.3491826644465629
0.5569868855010529	0.28665057524752524	0.1563625392514219
0.5877060449686599	0.15530369624806104	0.2569902587832792
0.4789059416495632	0.21277968241956485	0.3083143759308721
0.5645227459699302	0.04804099548347224	0.3874362585465976
0.26288015437366924	0.3454258704915114	0.3916939751348194
0.40800577633020063	0.3210983527392218	0.27089587093057765
0.24792828139265502	0.36044273082896855	0.39162898777837657
0.5242405929887978	0.28430223726110015	0.19145716975010213
0.0656176378215752	0.6383064203810098	0.29607594179741514
0.5315300939936616	0.051685727479557075	0.41678417852678135
0.529463909313379	0.18492264813897968	0.28561344254764137
0.21678726186573571	0.4059545498990606	0.37725818823520385
0.545867497180328	0.056378712897717564	0.39775378992195454
0.3849658163502124	0.44632834619969713	0.1687058374500906
0.18152783674238415	0.32496739007584763	0.49350477318176833
0.5178675258205376	0.34080418340505086	0.14132829077441156
0.12553434821446288	0.4690362770467097	0.40542937473882756
0.24637022476317766	0.561237521131127	0.1923922541056955
0.08797777396307627	0.7375881091714589	0.17443411686546495
0.2735596196294135	0.4604425720849624	0.2659978082856242
0.18264177611268279	0.3764502765258589	0.44090794736145844
0.17638500076878907	0.5446425147891516	0.27897248444205935
0.4189095532491316	0.18408719732997866	0.3970032494208898
0.3166818882917018	0.13237275107532093	0.5509453606329774
0.09084083516111552	0.7533163943906911	0.1558427704481935
0.5044884805511162	0.09883272513178121	0.39667879431710273
0.1712554700304935	0.5754733429875298	0.25327118698197676
0.669997481427522	0.045017457155143936	0.28498506141733415
0.4807123540329016	0.07586000088211986	0.44342764508497867
0.048944863603948174	0.40173497565094474	0.5493201607451073
0.45013008895741025	0.13647545086330112	0.41339446017928877
0.057175757026977525	0.7739257296414744	0.1688985133315482
0.16540923037219235	0.5466832410797247	0.28790752854808316
0.11377896694923259	0.3926583877294372	0.4935626453213303
0.16324150651904293	0.2684672820908786	0.5682912113900785
0.08723597017336188	0.7430024944703256	0.16976153535631267
0.37075045832399145	0.1319128165439704	0.49733672513203825
0.24453820453210942	0.5141374038856787	0.24132439158221197
0.2693915541458477	0.527025785417095	0.20358266043705744
0.3986065682795775	0.050850778040354316	0.5505426536800682
0.2741863175664864	0.35980461225470645	0.36600907017880724
0.5406594002954344	0.2586749457947583	0.20066565390980737
0.0910235993030451	0.6364810969136523	0.2724953037833028
0.08342793357417563	0.6553819634067899	0.26119010301903456
0.12210980748476613	0.6459656713405517	0.23192452117468224
0.5066614800330991	0.16671238448143685	0.32662613548546415
0.16353960970115217	0.6418533971235179	0.19460699317533012
0.3629941161804858	0.06143877423317934	0.575567109586335
0.5508366823619698	0.17764987033294083	0.2715134473050895
0.40550756658018117	0.0826907598963128	0.5118016735235061
0.33489536123371977	0.463304162139171	0.2018004766271093
0.23300198912253606	0.29377932986483724	0.47321868101262676
0.37571016688942976	0.38522067390947856	0.23906915920109179
0.31222286939784116	0.4892228911356228	0.19855423946653614
0.18386171004501375	0.47324800923210103	0.34289028072288535
0.1521387393687031	0.5965480280591743	0.25131323257212274
0.44178499056796033	0.3109174736912965	0.24729753574074329
0.38704521192058505	0.3061673750677602	0.3067874130116548
0.27212298928981066	0.520098403375915	0.2077786073342745
0.6188004027839415	0.2483447139442263	0.1328548832718322
0.21811613380911837	0.6255510296058437	0.15633283658503794
0.652441150756528	0.09076608630631988	0.2567927629371522
0.17172569061427984	0.34530960936821664	0.4829647000175037
0.5426187510959934	0.25996628756367035	0.19741496134033631
0.22614962597968302	0.29068803143849065	0.48316234258182644
0.04930174569371426	0.6531618446329814	0.2975364096733044
0.4390095703283179	0.28690102853203525	0.27408940113964697
0.19760232582506507	0.5944968947633096	0.20790077941162552
0.43775508946243424	0.05658830567589723	0.5056566048616686
0.6327587115938828	0.055386896390532736	0.31185439201558457
0.31875086739675373	0.2792089951357904	0.402040137467456
0.5458587234908736	0.05686383472892054	0.3972774417802059
0.6278019137136888	0.1296124180875316	0.24258566819877975
0.6993686279957139	0.12258742578306392	0.17804394622122233
0.24274784933381105	0.2161420097145686	0.5411101409516205
0.2536665273256476	0.584129437848541	0.16220403482581153
0.2793705806712071	0.500017167727913	0.22061225160087994
0.09362429938651803	0.7194437045266231	0.18693199608685895
0.08143390243450177	0.4241576683930576	0.49440842917244077
0.2824080140795045	0.47037614629512825	0.24721583962536736
0.21010755446717466	0.34111502350063144	0.448777422032194
0.3637784008975071	0.051956613258297424	0.5842649858441955
0.6138788395142297	0.16877396896227512	0.2173471915234953
0.7078788100455465	0.09097137983262607	0.20114981012182748
0.7621391198650983	0.08604750051609056	0.15181337961881128
0.33691197397054273	0.3313878066240649	0.33170021940539246
0.10257689637848688	0.7224254001303521	0.17499770349116126
0.4139789925916314	0.15359769022517483	0.4324233171831938
0.252966080237778	0.5393806766165021	0.20765324314572003
0.29910679659456585	0.40135557028314317	0.2995376331222911
0.5283529661957511	0.2348879392423497	0.23675909456189934
0.4817599219048951	0.23890335201491103	0.279336726080194
0.2686483424558048	0.42557161199141846	0.3057800455527768
0.5446855637196759	0.08602787141201607	0.3692865648683081
0.23086346425928103	0.390775423049	0.3783611126917191
0.3568250038641283	0.3818993852104926	0.2612756109253792
0.6091139259887344	0.11595334671789076	0.2749327272933749
0.5090922912696906	0.20120996551070616	0.2896977432196034
0.09001644488598948	0.6903956733485747	0.219587881765436
0.47076965081407085	0.3478995201170129	0.1813308290689163
0.3260720486278783	0.41586115156500547	0.2580667998071164
0.42727222666983006	0.42917912705801625	0.14354864627215377
0.18205218668039708	0.6589442800736955	0.15900353324590744
0.3469457657265954	0.14198258411655923	0.5110716501568455
0.26057652435204975	0.2507202813985128	0.48870319424943753
0.2598423256254717	0.39554006326479	0.3446176111097384
0.08585061063540825	0.5825920314207262	0.33155735794386565
0.2589112018346359	0.5905707651501763	0.1505180330151879
0.5780552560178418	0.2674651317823965	0.1544796121997618
0.29449652641593005	0.4498120858863741	0.25569138769769595
0.17639627255680268	0.5073857230973726	0.31621800434582487
0.14548493730401474	0.3434679284392937	0.5110471342566917
0.3173950564373059	0.5294524074896513	0.15315253607304288
0.19753533959173764	0.52000407061686	0.2824605897914025
0.0476358199864928	0.37746443456564227	0.574899745447865
0.17216842825441234	0.27112562867190515	0.5567059430736826
0.24706963843458601	0.4377019868715145	0.3152283746938996
0.45606297116428124	0.29067450177934456	0.2532625270563743
0.05315079405644746	0.8135411476922745	0.13330805825127812
0.12747690684429433	0.7038109669028225	0.1687121262528832
0.7317008622215357	0.05361202916230745	0.21468710861615686
0.533027911164375	0.1596710016804279	0.30730108715519733
0.33849974468217975	0.47962789707806375	0.1818723582397566
0.08529286937323538	0.625216391747093	0.2894907388796718
0.2857823883709992	0.41943799623276845	0.29477961539623243
0.11122320742858444	0.7531924520105379	0.13558434056087781
0.11937180849145698	0.6947510259672594	0.1858771655412838
0.08899460498069572	0.5797826519652965	0.33122274305400784
0.3344551860699587	0.5227126331745094	0.14283218075553192
0.2657571614972213	0.2869134094775829	0.4473294290251959
0.6339886136779816	0.1655218137508312	0.20048957257118719
0.4371977925797563	0.2892657693182221	0.2735364381020218
0.48517554669984275	0.08801842450461178	0.4268060287955455
0.25148061784176046	0.1969237943802717	0.5515955877779679
0.15608137588661491	0.3908471486528956	0.45307147546048965
0.19513194457132135	0.5633420761950423	0.24152597923363647
0.7027369925737791	0.15092658616573143	0.14633642126048957
0.5551226796741293	0.27890662514798076	0.16597069517789007
0.14905129351867127	0.6187069920245767	0.23224171445675224
0.2582602395108921	0.29087506243055944	0.45086469805854856
0.2845808319791172	0.3111493453287299	0.404269822692153
0.340424140555195	0.19333828467214415	0.466237574772661
0.2362589933458694	0.5512072705460533	0.21253373610807733
0.37238362050028573	0.23419956080295573	0.39341681869675865
0.5900354150691163	0.07871443309546178	0.3312501518354221
0.7314207325733572	0.12372414907792778	0.14485511834871512
0.4969908375062446	0.3326761704446793	0.17033299204907618
0.16934478404600178	0.2973845327032194	0.533270683250779
0.4347827743285496	0.38071701130550345	0.18450021436594702
0.26261019565351373	0.3542175061605394	0.383172298185947
0.14143440089263606	0.6304714589968549	0.22809414011050919
0.3641358357415275	0.11317568168585412	0.5226884825726184
0.15543923410487936	0.39130636777968836	0.45325439811543233
0.1769061668736413	0.35268674746586115	0.4704070856604977
0.6996346426278515	0.050195948551053304	0.2501694088210954
0.38439679137426414	0.14222933641594931	0.47337387220978666
0.27109253660517774	0.3194700399077888	0.40943742348703355
0.44469769143235777	0.16475574557275674	0.3905465629948856
0.3131504368890584	0.2749737929355208	0.4118757701754209
0.15542429779338607	0.6637273342624164	0.1808483679441976
0.7480170099702247	0.11841993805218276	0.1335630519775926
0.10224428716350764	0.32324858707049664	0.5745071257659959
0.36276309760995934	0.49042774126743016	0.14680916112261058
0.6262817770033527	0.21527217182374875	0.15844605117289856
0.2056510504690024	0.3334140003640337	0.46093494916696404
0.39592870682438813	0.16467188532034274	0.4393994078552692
0.1437197327038193	0.30263761773509285	0.553642649561088
0.12564136776050794	0.57405236059179	0.3003062716477022
0.070287407739622	0.704080162074713	0.22563243018566514
0.42635950565179537	0.2600488903113827	0.31359160403682207
0.7235746713852407	0.1326426399648698	0.14378268864988952
0.7655519283675859	0.10078762147620737	0.13366045015620687
0.24824837572928315	0.5033419750217457	0.24840964924897121
0.22173747274179215	0.44086006723991455	0.33740246001829344
0.6003160619322185	0.18892758791910705	0.21075635014867447
0.08816571939931686	0.5491174431681919	0.3627168374324914
0.42003141082116746	0.3388984946007987	0.24107009457803397
0.7876437015028972	0.07468328569601007	0.13767301280109284
0.6117991273342993	0.2548437875449924	0.13335708512070846
0.5459385100024466	0.10903116669849044	0.345030323299063
0.22850820433459387	0.47727427111236753	0.2942175245530387
0.2523480068237538	0.44234169172417687	0.30531030145206944
0.549902342344944	0.13262714634440356	0.3174705113106526
0.21267871605115096	0.5889641393899814	0.1983571445588678
0.21599598314091034	0.4457073477021241	0.33829666915696566
0.24558300091272883	0.6062947417358393	0.14812225735143197
0.09583189864369704	0.4963121097267501	0.407855991629553
0.45465829951337045	0.2662947668278117	0.2790469336588179
0.2046791991851423	0.3599402777777468	0.43538052303711106
0.49598326272752674	0.31130161410213075	0.1927151231703426
0.33861502857901116	0.17951257722478733	0.48187239419620165
0.6743799792564228	0.1698668273463827	0.15575319339719462
0.16902713951322612	0.45254014187912445	0.37843271860764954
0.07483369265480705	0.45029129892799935	0.47487500841719377
0.05928999765665166	0.7913864486047488	0.14932355373859962
0.1546211755125188	0.3470760664596123	0.49830275802786905
0.48584835628090084	0.3032275762247685	0.21092406749433085
0.7130782678710167	0.11281005337472982	0.17411167875425348
0.5442664946019151	0.06432260942061246	0.3914108959774725
0.05327311121084288	0.5523852533957088	0.39434163539344846
0.532533704818628	0.14781790621039417	0.31964838897097786
0.3754864702295926	0.1267392443178476	0.49777428545256
0.3654523583248316	0.13503472259491894	0.4995129190802496
0.09313969358774227	0.5352416071803205	0.37161869923193735
0.5493016504206044	0.17993617358533043	0.2707621759940652
0.2761582345233115	0.28913760827402857	0.43470415720266004
0.06598719628791544	0.64030313254037	0.2937096711717147
0.22211405271405718	0.41342356345349535	0.3644623838324476
0.5982351070375	0.24280258009500913	0.158962312867491
0.40235370293875106	0.20848620874658907	0.3891600883146599
0.561139257518684	0.12450927062929007	0.314351471852026
0.3637713559918526	0.09296353290040354	0.543265111107744
0.08092924247183564	0.5880770886059348	0.33099366892222976
0.7181281375153351	0.05844060201508039	0.22343126046958456
0.6791938448582892	0.0894160908329085	0.23139006430880243
0.3659845850992738	0.17272204089975887	0.4612933740009675
0.3579100963367102	0.3862969310638952	0.2557929725993947
0.20280716300351392	0.6221549222408169	0.17503791475566927
0.14183120453813852	0.2800092419616642	0.5781595535001973
0.40582746672825315	0.049984094294792336	0.5441884389769547
0.5016071742932742	0.19871109569402967	0.2996817300126962
0.060988846812887854	0.36410557207921834	0.5749055811078939
0.157925603161006	0.32345887580038923	0.5186155210386049
0.05143274670176484	0.6004754860270062	0.3480917672712291
0.0642459266591755	0.6587794246060732	0.2769746487347515
0.44639122541377296	0.2128331650391692	0.34077560954705793
0.45476425192623615	0.12774008303888104	0.4174956650348829
0.3634061181546814	0.056564354203490486	0.5800295276418282
0.3861548974307553	0.3974910128745327	0.21635408969471207
0.38925708457687735	0.2144835603682608	0.396259355054862
0.26990630769726437	0.2960804739303533	0.4340132183723824
0.6296700423051067	0.15354815153847018	0.21678180615642317
0.7427155574854674	0.08932147774959998	0.16796296476493272
0.1870006337416365	0.4025395223360114	0.41045984392235224
0.3240975631238779	0.29325236029478824	0.382650076581334
0.4303569833135697	0.14325596682236819	0.4263870498640622
0.43778682081425774	0.3521584788257927	0.2100547003599497
0.09929940042508223	0.7475578170971328	0.15314278247778518
0.1977998509277238	0.28176983320847687	0.5204303158637994
0.5415474274631434	0.1896824087349377	0.268770163801919
0.6446503459531057	0.070361756395598	0.2849878976512964
0.7194145308149724	0.046756373666711204	0.23382909551831652
0.478898780629829	0.14453951343041213	0.37656170593975896
0.5594686731798786	0.08245984661283529	0.35807148020728624
0.5871053679034066	0.2611855076536084	0.15170912444298515
0.3453765354774498	0.2920453074191537	0.3625781571033966
0.4301334592759813	0.21374123525474603	0.3561253054692728
0.06435374297989832	0.6078219188474197	0.3278243381726822
0.6456759614098982	0.18610986696726026	0.16821417162284158
0.4024337825657657	0.34185822104358965	0.2557079963906448
0.21607211994888698	0.3222321286362669	0.4616957514148463
0.24951197797301794	0.15415544244892992	0.5963325795780523
0.09262233276169596	0.7321604357666813	0.17521723147162288
0.3655191394901028	0.2834526574175694	0.3510282030923279
0.5636726550601712	0.11408063760836845	0.3222467073314605
0.17017200319787362	0.41854690585542204	0.41128109094670445
0.49520233187280577	0.27147242722587434	0.23332524090132
0.1496095006326531	0.39102816778974137	0.45936233157760564
0.24070587267528526	0.5432895199616145	0.21600460736310043
0.12405334295974485	0.28440312829278847	0.5915435287474667
0.3217027769147043	0.30909793090486526	0.36919929218043057
0.5213432273659001	0.1081872489859792	0.3704695236481208
0.22797193690044545	0.5894710597216419	0.1825570033779128
0.3739628031652331	0.13741125067656668	0.4886259461582003
0.20592843836591296	0.5101343858793176	0.28393717575476957
0.1314624800042878	0.36192614518194316	0.5066113748137692
0.29029471153914116	0.4483633136869094	0.2613419747739496
0.688737758735529	0.17952898029143932	0.13173326097303173
0.5910335180833207	0.2554202498487552	0.15354623206792417
0.6452011348241316	0.07614551648215928	0.2786533486937093
0.5236461453348719	0.2492450460570782	0.22710880860805
0.11417510417883203	0.40717386488932694	0.47865103093184114
0.3851509986712901	0.2610014480359995	0.3538475532927105
0.21658697081726347	0.3050340141137385	0.47837901506899816
0.4979709087043799	0.0735778988132672	0.4284511924823531
0.31069345153552685	0.5116023315724477	0.17770421689202548
0.44846784391536904	0.2922200488719478	0.2593121072126833
0.2553921290548168	0.2749390692306134	0.46966880171457
0.4180277903021009	0.1997565823325556	0.38221562736534365
0.4656874630553443	0.11228851486334282	0.42202402208131296
0.16333207848902395	0.28357837563937316	0.553089545871603
0.44080921602310613	0.335294287207506	0.22389649676938797
0.28143423676871177	0.13917309011189652	0.5793926731193918
0.579039424069908	0.09752800224358546	0.32343257368650663
0.17503551304231438	0.2814469032653774	0.5435175836923083
0.4664371730981271	0.2934892870858293	0.24007353981604374
0.4706878161957475	0.3940719848809235	0.1352401989233291
0.3072761258784372	0.24403108616406605	0.4486927879574969
0.05141689612472322	0.6308355919766686	0.3177475118986084
0.5782648687836609	0.1701056952572304	0.25162943595910886
0.11306832394158672	0.31203412688411586	0.5748975491742976
0.4191361598216646	0.07340420092335043	0.507459639254985
0.08685203509375997	0.4565912441627533	0.45655672074348685
0.1789328514179928	0.6368331366098475	0.18423401197215972
0.5452319785996791	0.2766840080964747	0.17808401330384632
0.5428925461278428	0.29418334251687217	0.16292411135528517
0.43741095212605474	0.15669193865947553	0.40589710921446986
0.3794800338129978	0.09920892913896445	0.5213110370480378
0.4401254271433456	0.22846984504443354	0.3314047278122209
0.26268884579623064	0.3244565232399898	0.41285463096377967
0.2659606448175859	0.37158743021922164	0.36245192496319256
0.5799470906928598	0.1298528399373722	0.2902000693697681
0.23646808297666388	0.48142810625653176	0.2821038107668044
0.4725853917339755	0.3467395116531842	0.18067509661284045
0.11619829937834222	0.47315318755211255	0.4106485130695453
0.7201800272644331	0.10201016626722062	0.17780980646834638
0.08316040092708832	0.7650929172101675	0.15174668186274423
0.08789984447557628	0.340610036328614	0.5714901191958098
0.07708432789890102	0.3309179212011891	0.5919977508999099
0.4004281346525813	0.38777139482170825	0.21180047052571055
0.4103961145205881	0.10070219296652305	0.48890169251288895
0.13188928973979963	0.48483788494040264	0.38327282531979784
0.2944637641227739	0.34209041804496254	0.3634458178322636
0.16416381300158264	0.4882046835997117	0.34763150339870574
0.4822952262054918	0.2360692902518533	0.28163548354265505
0.05438921491757659	0.7656716564307885	0.17993912865163508
0.2823199714173512	0.5795080674659714	0.13817196111667757
0.4148284708099207	0.3412744387408142	0.24389709044926522
0.09453288992731684	0.6552638351823354	0.25020327489034777
0.09653994581174982	0.7291234099506754	0.17433664423757494
0.44729657756173935	0.0774679710051403	0.47523545143312046
0.574669426002105	0.10154713198099338	0.3237834420169017
0.15434041520460517	0.4610599910087861	0.38459959378660885
0.41778739518606023	0.33402758102439756	0.2481850237895423
0.37949013765220474	0.2094575986355792	0.41105226371221615
0.22266381204977012	0.5922413406313503	0.18509484731887973
0.10141022295804769	0.39943900393796405	0.49915077310398837
0.3559916444105871	0.2729118402323547	0.3710965153570583
0.13050767817560163	0.45712123646039693	0.4123710853640016
0.4605444799982328	0.054636286572990966	0.4848192334287763
0.24747271851004304	0.5229723986267735	0.22955488286318365
0.3599220751209179	0.27736310085105936	0.36271482402802285
0.1776162772828283	0.31846815224373104	0.5039155704734408
0.597024415028778	0.2543899789140478	0.14858560605717425
0.1201880485939234	0.7265237496146688	0.15328820179140784
0.18346059485822586	0.5856411548582622	0.23089825028351207
0.4070517213947986	0.23128217399016363	0.3616661046150379
0.5832975777350218	0.2137883775509232	0.2029140447140552
0.6637500703488117	0.1491307845110852	0.18711914514010317
0.24173827865120667	0.582462807722544	0.1757989136262495
0.5200846739659307	0.3351241372176418	0.14479118881642758
0.1928123030747385	0.6716814583129117	0.13550623861234995
0.7482338836387817	0.09521586383992753	0.15655025252129087
0.27549629077039905	0.5341093523229157	0.19039435690668532
0.5035939530752684	0.3285073889691506	0.1678986579555811
0.1576238124253576	0.40896164483096675	0.4334145427436758
0.23546687328589955	0.17504322556612403	0.5894899011479765
0.04531998452836472	0.6360425532951559	0.3186374621764795
0.17966942648940346	0.5244265344632864	0.29590403904731033
0.4211229523348008	0.22065413463758504	0.3582229130276142
0.36509493315767627	0.26343277317254454	0.3714722936697793
0.30290277106263297	0.48805028667199146	0.20904694226537568
0.2282515623616183	0.5772391009118181	0.19450933672656376
0.32686008585521464	0.5051905802184453	0.16794933392634015
0.7558332416005797	0.08665117979853548	0.15751557860088486
0.2551247127372436	0.30113165495762406	0.4437436323051325
0.5010266654976563	0.180314621851989	0.31865871265035484
0.28213251500523817	0.16782895610531975	0.5500385288894423
0.42476005243222076	0.33851318243244255	0.2367267651353368
0.07550947625112375	0.7393015926879201	0.18518893106095627
0.4991712754687873	0.2954217986846487	0.2054069258465641
0.402761676122556	0.4204083761351823	0.17682994774226185
0.39067485147053427	0.30764334012553196	0.3016818084039339
0.26990560499681227	0.4377729978434769	0.292321397159711
0.07795842220349214	0.5539482672552261	0.3680933105412819
0.386341166819095	0.1492723135882057	0.4643865195926994
0.6965199847736214	0.08485690853121386	0.21862310669516483
0.5909041739407968	0.20195882062600204	0.2071370054332013
0.5274123429025821	0.3192984050674593	0.15328925202995877
0.7558680480620147	0.05385268458535214	0.1902792673526333
0.1567595250961313	0.5461905292185294	0.2970499456853394
0.11729238196285877	0.3231192182431866	0.5595883997939547
0.2767689951933795	0.5640050303216121	0.15922597448500853
0.14429947413480898	0.39652560954494	0.45917491632025115
0.344849670541991	0.16558668265580084	0.4895636468022083
0.28171973229251485	0.5046091838395558	0.21367108386792952
0.37895281697905886	0.2076412021404174	0.4134059808805238
0.29485363635355116	0.28635037871379326	0.4187959849326557
0.6580638727751197	0.08381002524495246	0.2581261019799279
0.5599570099831855	0.26897125780510345	0.17107173221171112
0.5994886782440576	0.1967154302871268	0.20379589146881577
0.6776239665308378	0.1460302767913248	0.17634575667783747
0.4237357001146596	0.12008324387300204	0.45618105601233844
0.46929652790152254	0.2890484971331664	0.24165497496531121
0.3466587912234998	0.12233434864730205	0.5310068601291983
0.30206960269505895	0.1929131328383463	0.5050172644665949
0.39613650077052004	0.1419735556336746	0.4618899435958055
0.6031615651049806	0.2222984195708558	0.1745400153241636
0.3490715852198293	0.3662490590954428	0.284679355684728
0.37181447311000876	0.2130900212864426	0.41509550560354874
0.46521774679498806	0.05604945376640985	0.47873279943860214
0.15795339607839512	0.6560558489014252	0.18599075502017975
0.40392257149742516	0.096089953266283	0.49998747523629195
0.2890304874438684	0.3936476790351909	0.31732183352094084
0.06211723870639385	0.41659201985778327	0.521290741435823
0.13894595016958472	0.7032406151319287	0.1578134346984867
0.34396834829299183	0.26015752599863295	0.3958741257083753
0.36678387094205056	0.16489896896500458	0.46831716009294494
0.5498709883626027	0.07333192922916931	0.376797082408228
0.28956299620352516	0.22826721563933478	0.4821697881571402
0.19040278948660921	0.468957816401962	0.34063939411142885
0.24837469006263174	0.3556263939814783	0.3959989159558901
0.4079434668372067	0.16332039569561002	0.4287361374671833
0.3114943561122427	0.17359931189431294	0.5149063319934445
0.2795468268002756	0.3832659230186576	0.33718725018106693
0.27905681439519864	0.5440563931272691	0.17688679247753242
0.2973802410470041	0.5096334072489028	0.19298635170409312
0.4858255316419649	0.17096599848721666	0.3432084698708185
0.29896653053003536	0.1913289911575558	0.509704478312409
0.08153077947625142	0.7699484211145625	0.14852079940918625
0.6677175385249721	0.10526313700667805	0.22701932446835005
0.5573002712548377	0.2797167528510893	0.16298297589407307
0.26322461183582924	0.2759442633568357	0.46083112480733524
0.5062491094547399	0.09649315888259605	0.3972577316626642
0.0681542791478672	0.48140916041521437	0.4504365604369186
0.32144308478336936	0.4902975178376672	0.18825939737896355
0.4293963864110748	0.25106889301080015	0.31953472057812515
0.3488776292122861	0.12182250575235265	0.5292998650353613
0.38201229227682165	0.18458490044568804	0.43340280727749037
0.1881911768899499	0.359946519501725	0.45186230360832524
0.4037894936530029	0.4085874110611788	0.1876230952858184
0.22241619793995476	0.47226774211199407	0.3053160599480513
0.24131430640196683	0.30622024064566394	0.4524654529523693
0.45020169526781445	0.29875671126841885	0.25104159346376687
0.5879767598565531	0.05778843360716185	0.35423480653628514
0.5395476285232175	0.23067185929999556	0.22978051217678708
0.35713032661104693	0.2599304809311902	0.382939192457763
0.2751789008356282	0.26042850582963845	0.4643925933347335
0.4896231563989715	0.21964760922065613	0.29072923438037246
0.562768088231561	0.21643671391597918	0.2207951978524599
0.25080530284412145	0.2278634332599589	0.5213312638959198
0.6093884417905308	0.23329506848407003	0.15731648972539933
0.1934889030103819	0.28980661878956215	0.516704478200056
0.29006443013500294	0.5535450747192077	0.15639049514578954
0.5736295647865141	0.22900978710976638	0.19736064810371962
0.4243157017346927	0.09068353966552523	0.48500075859978214
0.06254241792537385	0.4984217484271847	0.4390358336474416
0.5934371617071239	0.1433970096220362	0.26316582867083993
0.26870998514265154	0.5756812749186392	0.15560873993870944
0.1946396974112209	0.2422285696190674	0.5631317329697119
0.10463622995263527	0.6638783151611918	0.23148545488617317
0.43526144222289453	0.3384335922793578	0.22630496549774776
0.22247269925992028	0.21811925398045634	0.5594080467596235
0.37598862038686237	0.3861680983272319	0.2378432812859058
0.1304866359483849	0.631733880824086	0.23777948322752923
0.10453109950308409	0.5854904480453386	0.3099784524515775
0.6112264185661973	0.20286111111937447	0.18591247031442826
0.35733638310436083	0.06925561899992572	0.5734079978957135
0.31010106986202357	0.4046641143927637	0.28523481574521287
0.2974178232929263	0.4720676304877098	0.23051454621936404
0.2992420624324109	0.37282547102145386	0.32793246654613534
0.46466618913694113	0.2697193909529414	0.2656144199101175
0.30678116398081234	0.2728449089282008	0.42037392709098703
0.43047002000306245	0.20838016191018016	0.36114981808675745
0.559833870863816	0.10254028879407412	0.3376258403421101
0.061415823093429966	0.42431188936903197	0.5142722875375382
0.6343926319813491	0.18664798576794614	0.17895938225070482
0.2724183310863616	0.5841330313733072	0.14344863754033133
0.22531570234161707	0.40710522106252167	0.3675790765958614
0.23242239837324621	0.4776381850602658	0.2899394165664881
0.34757940286052286	0.19648291555064373	0.4559376815888335
0.47925875190454315	0.2752077123566129	0.24553353573884404
0.15367443112158655	0.5351159914447635	0.3112095774336501
0.44509856224739913	0.292579338628351	0.26232209912425
0.12999964307335293	0.42232883859596493	0.44767151833068225
0.4829788999268505	0.26480105977983515	0.25222004029331446
0.2244136949121862	0.2345698476481773	0.5410164574396366
0.18959008009874453	0.3500749573947929	0.46033496250646266
0.15782474447891648	0.6010976232484229	0.24107763227266082
0.13871535038131555	0.2889213906776847	0.5723632589409999
0.3727267766607012	0.4014195615165762	0.2258536618227227
0.5631387865004329	0.30196125066620927	0.13489996283335784
0.5421662074533542	0.138734288928835	0.31909950361781086
0.5706086738866692	0.12245721745197047	0.3069341086613604
0.12893314102866965	0.5559365935533652	0.31513026541796524
0.08724639904966061	0.5693760074101968	0.3433775935401428
0.29291894179672506	0.22602281153257647	0.4810582466706985
0.4810414192822098	0.34856741628367105	0.17039116443411925
0.23146703551984166	0.6209170340419495	0.14761593043820892
0.5936653995993386	0.2573026104185485	0.14903198998211306
0.2857502430074836	0.2233562523826222	0.49089350460989434
0.2292160894432444	0.30357802958904273	0.4672058809677129
0.3485578244463098	0.12072955468426866	0.5307126208694217
0.214223689838884	0.5277811095260783	0.2579952006350378
0.1607475383028676	0.3208853828568655	0.518367078840267
0.3697485799943554	0.20779564108291826	0.42245577892272645
0.2465560450369866	0.2713795414393923	0.48206441352362117
