0.18101566734533897	0.28258013105343643	0.5364042016012247
0.1818386395182398	0.2808808415970757	0.5372805188846846
0.1787979371898146	0.2853995268221057	0.5358025359880798
0.18056676434297833	0.2754085382731768	0.544024697383845
0.18220523630455895	0.2709505682002496	0.5468441954951916
0.18206659382825346	0.2707285245531225	0.5472048816186241
0.17976374931788128	0.27751355239008596	0.5427226982920329
0.17901110888134925	0.27568211460093084	0.54530677651772
0.17807912322813804	0.27547546477855145	0.5464454119933106
0.18112238968034064	0.2784540547626466	0.5404235555570128
0.18087777021807316	0.27460504612560577	0.5445171836563212
0.17806407687043715	0.27774622589080206	0.544189697238761
0.18098449152631094	0.2754562341112426	0.5435592743624466
0.17854877540736297	0.27605397442853896	0.5453972501640982
0.17949597394009978	0.2809744831527455	0.5395295429071548
0.17843847236693913	0.2850801944262687	0.5364813332067924
0.18135784560846513	0.2823946878226079	0.5362474665689271
0.1801705512893056	0.27676273825313297	0.5430667104575616
0.17986141077751575	0.2806140678735636	0.5395245213489208
0.1781355957271472	0.2753480545739961	0.5465163496988568
0.17805371962493288	0.2754453030553468	0.5465009773197204
0.1783136379699771	0.2743330620035691	0.5473533000264539
0.17969886249820158	0.2737319798203843	0.5465691576814142
0.17926706067340292	0.28522803209882874	0.5355049072277684
0.17898428291388827	0.2761215586139336	0.5448941584721783
0.18239772676940877	0.27415064224400415	0.5434516309865872
0.1784565466783425	0.2739943170331328	0.5475491362885248
0.18136810630492287	0.27199081113152046	0.5466410825635568
0.18038564688983053	0.28243142171819025	0.5371829313919794
0.17806044178360012	0.28658649332048325	0.5353530648959168
0.17965970335753764	0.27384628952943096	0.5464940071130315
0.18201913658259872	0.27196634464639863	0.5460145187710028
0.179774037145316	0.27284146918756935	0.5473844936671148
0.18217160261083218	0.2803699628996023	0.5374584344895657
0.1814677452745411	0.27960554086685996	0.5389267138585991
0.17898952864808504	0.2828102951195537	0.5382001762323614
0.18039513639885807	0.2796962131133222	0.5399086504878199
0.1816717846902553	0.2805611481265712	0.5377670671831736
0.18067843433402528	0.2829214195723694	0.5364001460936054
0.18087834044115605	0.27659553634480427	0.5425261232140398
0.1788390309077436	0.2853661633859367	0.5357948057063199
0.18129094427554307	0.28206942922177686	0.5366396265026803
0.17838942477472147	0.2866070761129169	0.5350034991123618
0.18056778040681012	0.2779782066611096	0.5414540129320804
0.17816944637635881	0.28342090134494974	0.5384096522786915
0.17990276464321953	0.27318992540836606	0.5469073099484145
0.17911992952703987	0.2783844941094331	0.5424955763635271
0.18139368344348	0.28341058084708015	0.5351957357094399
0.1800966346451184	0.2840577734502822	0.5358455919045995
0.1796610579756678	0.2732577750488081	0.5470811669755242
0.17821000732585515	0.27552959018814294	0.546260402486002
0.1795122843062775	0.2849040198427762	0.5355836958509465
0.1791739030510105	0.2800430071078207	0.540783089841169
0.18235764736462387	0.278441445945665	0.5392009066897112
0.18168136372190763	0.27248415380056523	0.5458344824775272
0.1822839674464207	0.2721838696938079	0.5455321628597715
0.18152835936459386	0.2716561578935633	0.546815482741843
0.18221178401651902	0.28155637641807707	0.536231839565404
0.18196076796905045	0.2829969504463586	0.5350422815845911
0.181193316678202	0.27673833433556755	0.5420683489862306
0.17794106510412203	0.2849550050443652	0.5371039298515129
0.1789696406579659	0.27391191469017856	0.5471184446518557
0.181867326389913	0.2709997828302934	0.5471328907797937
0.1787746418512859	0.2841482747860242	0.53707708336269
0.17875148332125948	0.28362308741307785	0.5376254292656628
0.17961683004217344	0.27970485195672734	0.5406783180010993
0.17810735875490516	0.2789998670374254	0.5428927742076695
0.18067814036235155	0.2786801675287571	0.5406416921088915
0.1783132173835475	0.2823055527622498	0.5393812298542028
0.1789414503320717	0.2861568975846997	0.5349016520832287
0.1806065864475693	0.2745570409380383	0.5448363726143926
0.17990293051356293	0.27791779032632624	0.542179279160111
0.17848052371143946	0.28060760263474155	0.5409118736538191
0.180829237607604	0.2824957991123879	0.5366749632800082
0.17917798753811878	0.27520102033162086	0.5456209921302605
0.18224115566320592	0.2789129138751914	0.5388459304616028
0.17847514644343265	0.2820640644128639	0.5394607891437035
0.1811393178301716	0.28074664551599027	0.5381140366538383
0.181901078973021	0.2742786812813107	0.5438202397456684
0.17849351710761685	0.2836839336092942	0.537822549283089
0.18207095857578895	0.2709067259622256	0.5470223154619855
0.1823839633394717	0.2715114918460328	0.5461045448144956
0.18192713589070245	0.2713508637523684	0.5467220003569293
0.18199836543342526	0.2790833089999979	0.538918325566577
0.18072889071452938	0.27423049424809776	0.545040615037373
0.17850902657921872	0.27603655773793745	0.545454415682844
0.17963426765685475	0.2728822595472924	0.547483472795853
0.18087488582778238	0.277665900218087	0.5414592139541308
0.1784749984924526	0.2745043548825914	0.5470206466249561
0.17796638310402124	0.28090442968318335	0.5411291872127956
0.17796343743829898	0.28116818178193553	0.5408683807797656
0.17856873499480796	0.2831707939718707	0.5382604710333214
0.17960217446451446	0.2826655457188544	0.5377322798166312
0.18166640202098802	0.2736059755332812	0.5447276224457309
0.18026223726933271	0.28503834904580094	0.5346994136848664
0.18190010393692707	0.2806875810944373	0.5374123149686356
0.17838107386773436	0.27596193270422	0.5456569934280457
0.17818503985878906	0.27579210587544367	0.5460228542657674
0.1800720970720661	0.27513350552683874	0.5447943974010953
0.17794428188506156	0.27529253897863004	0.5467631791363086
0.17981757048344515	0.28364111901877187	0.5365413104977831
0.18065258381731988	0.28351200685845357	0.5358354093242267
0.17889321663554195	0.27761241625722577	0.5434943671072324
0.1803247516631583	0.2807966316429558	0.538878616693886
0.18087344690922397	0.2816815741218353	0.5374449789689408
0.17805118306139936	0.2771385103019259	0.544810306636675
0.1795844419220195	0.28251623778721097	0.5378993202907696
0.17794716522208198	0.2870568771635711	0.534995957614347
0.17874705403609617	0.27655734811232957	0.5446955978515744
0.18067397902657967	0.2804425992542681	0.5388834217191523
0.18149599073152312	0.2839658001290736	0.5345382091394034
0.18198768487671466	0.2759071697521121	0.5421051453711734
0.1800319246253647	0.28429283857634596	0.5356752367982895
0.17950900719943963	0.28154118902638786	0.5389498037741727
0.18194226230151034	0.27852714866919187	0.539530589029298
0.17898909458088663	0.2852158568967523	0.5357950485223613
0.17917269985751713	0.28496317730403575	0.5358641228384473
0.1785687784897784	0.2826040969924239	0.5388271245177978
0.17832391523061877	0.27450574844699455	0.5471703363223868
0.17838103247983358	0.2867391607003022	0.5348798068198644
0.17973240254765135	0.28485834345231703	0.5354092540000317
0.18166213805429116	0.27656629164747454	0.5417715702982344
0.17887442043791957	0.28333170357085063	0.53779387599123
0.17933045426281988	0.28029522922818495	0.5403743165089953
0.1805709207761591	0.2722050504514281	0.5472240287724128
0.17912919622127824	0.27743314580575135	0.5434376579729705
0.18111366454982367	0.28026246996740267	0.5386238654827737
0.17828680509130085	0.28035068256380447	0.5413625123448949
0.17806681090399643	0.28361968750529487	0.5383135015907088
0.18240662328670454	0.2710323724207184	0.5465610042925771
0.17987910062281115	0.27427780399832713	0.5458430953788619
0.18225065560143092	0.2704553293349845	0.5472940150635847
0.1819583171599483	0.279930829159499	0.5381108536805528
0.17801242676352097	0.275205425904701	0.5467821473317781
0.1796180273331646	0.27582125047082573	0.5445607221960098
0.17802924531843406	0.2826733618323193	0.5392973928492468
0.1819135309774423	0.2756055045201739	0.5424809645023839
0.18144726153482338	0.2735609372555232	0.5449918012096535
0.1792676595909739	0.2834422730212224	0.5372900673878038
0.18138835909560555	0.2829024497231757	0.5357091911812188
0.1800925000794511	0.2751917240850873	0.5447157758354617
0.18126463335480664	0.2820458721355278	0.5366894945096657
0.18195852160073467	0.27754958633835797	0.5404918920609074
0.18138489993837364	0.2756978231459188	0.5429172769157077
0.18174499049826007	0.28212392359366456	0.5361310859080756
0.18113443600854318	0.28141482586933564	0.5374507381221213
0.18051667012369957	0.2752437601584958	0.5442395697178047
0.18206564308921666	0.27418985387351513	0.5437445030372683
0.18167043172330147	0.2736360953542695	0.5446934729224291
0.18091148372462088	0.2783706811568852	0.540717835118494
0.18160529124275693	0.2723534020187485	0.5460413067384946
0.1792824306254275	0.27305388322445207	0.5476636861501205
0.17962511802239742	0.2738688120106463	0.5465060699669564
0.17980961004313387	0.2753972009722724	0.5447931889845938
0.17974006672690684	0.2737654409547994	0.546494492318294
0.18093647144147015	0.2812417004198497	0.5378218281386802
0.1790474947698009	0.27880554434291327	0.542146960887286
0.1822758660281601	0.28160576812936766	0.5361183658424724
0.1819455133877226	0.277306311088187	0.5407481755240905
0.17973750769783214	0.2785143014857879	0.5417481908163801
0.17902208830211105	0.28331240551571873	0.5376655061821703
0.17843506890110006	0.280736566631671	0.540828364467229
0.17796981636885056	0.28536335168315546	0.5366668319479941
0.17997043817858524	0.28536954244463153	0.5346600193767834
0.17876766308511255	0.2820590212555492	0.5391733156593383
0.17913610158748317	0.285676127239322	0.5351877711731949
0.18075371223579367	0.2747568829825997	0.5444894047816068
0.18190514744116817	0.2801844938153883	0.5379103587434437
0.17931049414851175	0.2732081921049769	0.5474813137465115
0.18138283705194214	0.2711623006989977	0.5474548622490603
0.17985187996164356	0.284772548707146	0.5353755713312105
0.1780636153620411	0.2841113010999089	0.5378250835380501
0.18121631928088502	0.27409790911160636	0.5446857716075088
0.1803201086749004	0.273140657052067	0.5465392342730326
0.1797775828816358	0.2754485423189787	0.5447738747993855
0.18210559239417792	0.273387369409914	0.5445070381959082
0.18138925052295685	0.27865528822441177	0.5399554612526315
0.17961289500355052	0.27708755713411365	0.5432995478623359
0.1785989584891813	0.28570337573728116	0.5356976657735377
0.17808627593275017	0.2810789371609679	0.5408347869062821
0.17874126363354145	0.2775517059640651	0.5437070304023935
0.17968864562860798	0.2781737447078523	0.5421376096635399
0.1813879673280285	0.27870839251937585	0.5399036401525957
0.17963788526057817	0.28535258876310554	0.5350095259763165
0.18013912594984244	0.2829640097204211	0.5368968643297366
0.18218918998975386	0.2781858450782376	0.5396249649320086
0.18091175977540566	0.27767484610656556	0.5414133941180289
0.17816492396098987	0.27489804064330875	0.5469370353957015
0.1786633495855374	0.282827657063486	0.5385089933509767
0.1792671553371428	0.2792606613590913	0.541472183303766
0.18087955533795583	0.27297580861415705	0.5461446360478872
0.17995708163324012	0.2829788629183989	0.5370640554483611
0.18052971132486825	0.2842193123609056	0.5352509763142264
0.18168334252030788	0.2710160459354086	0.5473006115442837
0.18066322835181187	0.2731776226189112	0.5461591490292771
0.17856228227287277	0.2777026543286058	0.5437350633985215
0.17860890789337794	0.27776920783352843	0.5436218842730938
0.18040119828550644	0.28298653868234525	0.5366122630321484
0.18027722089591416	0.2728873562154968	0.5468354228885891
0.17940116767500772	0.2825955743669127	0.5380032579580797
0.18131055275572136	0.2827731555372789	0.535916291707
0.1816646370209435	0.2717419959907661	0.5465933669882905
0.1814227620768381	0.2727594088792935	0.5458178290438686
0.17871418612861506	0.28051412754781485	0.5407716863235702
0.18020795748721805	0.28380299242671597	0.5359890500860661
0.17972544055032563	0.27982144235105033	0.5404531170986242
0.17849904879701028	0.27551121437259735	0.5459897368303925
0.18161255177533395	0.27319646101902456	0.5451909872056416
0.18036748489121274	0.27212730972993493	0.5475052053788524
0.17916061575633033	0.28633436196578843	0.5345050222778813
0.1802444735714156	0.27686292227270093	0.5428926041558836
0.181741721488867	0.27996791600077764	0.5382903625103554
0.1809279655361999	0.28156707631012406	0.5375049581536762
0.18155681261260279	0.2828765695372028	0.5355666178501945
0.17976425224300394	0.28340754736001705	0.5368282003969791
0.18187817282136692	0.27617098896258896	0.5419508382160443
0.17811654275304104	0.28145506578578305	0.540428391461176
0.17986886325607562	0.2731679052098256	0.5469632315340989
0.17854721911239688	0.2771270264548239	0.5443257544327793
0.18103986872786879	0.2769138409178344	0.542046290354297
0.18026361547993727	0.2806529418018854	0.5390834427181774
0.18024179523491535	0.2770578139374418	0.542700390827643
0.1785690022426741	0.28283284359755395	0.5385981541597721
0.1800866287639312	0.2774189156019571	0.5424944556341118
0.17904325668073834	0.2795877842390905	0.5413689590801712
0.17821124809454789	0.282102908617432	0.5396858432880203
0.1804334407057983	0.28247752638498197	0.5370890329092198
0.18122085683534103	0.2819315418974224	0.5368476012672366
0.17811172856526208	0.28717786504822485	0.5347104063865131
0.18026881041141798	0.27254954008289944	0.5471816495056827
0.180628228293639	0.2819058327795742	0.537465938926787
0.17905279758368503	0.2785930584657887	0.5423541439505264
0.18186408618624883	0.2835732574348827	0.5345626563788686
0.17838962496890984	0.2745861556992451	0.5470242193318451
0.18144887734421136	0.2733601488474728	0.5451909738083159
0.18030915454452479	0.27736151943386744	0.5423293260216079
0.17883585277750455	0.28550484318691227	0.5356593040355833
0.1784115160380583	0.28304178500846405	0.5385466989534777
0.181136230221075	0.2837528533343886	0.5351109164445365
0.1780848231781118	0.2756152681287156	0.5462999086931727
0.17902515968133417	0.2803673525877666	0.5406074877308993
0.18168447798312232	0.2779140973217553	0.5404014246951225
0.1802629116642193	0.27315918449861665	0.5465779038371642
0.17891172261472757	0.28313050984479987	0.5379577675404728
0.18075889716176077	0.28460624216872477	0.5346348606695146
0.18238163717349318	0.28029629837376546	0.5373220644527414
0.17989209278372992	0.2812394635264981	0.5388684436897722
0.18020827114042998	0.2790027562095061	0.5407889726500641
0.18177053061693432	0.2761786391537436	0.5420508302293222
0.1779362483546789	0.28493263393915824	0.537131117706163
0.18109293839089025	0.2761257508974509	0.542781310711659
0.18076828134912382	0.27692384993887065	0.5423078687120055
0.18157488281766057	0.2815884268646618	0.5368366903176778
0.17905390568396973	0.27795425355573505	0.5429918407602953
0.1803205066334491	0.2790200047519613	0.5406594886145897
0.17793775449791022	0.2848921957281147	0.5371700497739752
0.18031483745102128	0.2848072569910287	0.5348779055579501
0.18081151396699607	0.2778137548671759	0.5413747311658281
0.18039934390316525	0.2815609625764124	0.5380396935204225
0.18004496048171914	0.2728453920839108	0.5471096474343702
0.1782953619825775	0.28718116293517215	0.5345234750822505
0.1788758360201248	0.2793020447403046	0.5418221192395707
0.18087519489904624	0.27789103791420466	0.5412337671867492
0.1787084716493035	0.27877610137521086	0.5425154269754857
0.18074778475004621	0.28109836936461663	0.5381538458853373
0.17942998574740363	0.2777197560243338	0.5428502582282627
0.18181482310006683	0.28332135948372894	0.5348638174162044
0.18101900903224363	0.27317876300440025	0.5458022279633562
0.17946070445722198	0.274986593282524	0.5455527022602541
0.18169882237115387	0.27100162503337155	0.5472995525954747
0.18032758517178996	0.2771458510103269	0.5425265638178832
0.18016875071100416	0.27277576760032163	0.5470554816886743
0.1820111456792859	0.28199498574234105	0.5359938685783732
0.1788230700429369	0.28022185877862227	0.5409550711784409
0.18117896452066135	0.27337358785302146	0.5454474476263174
0.17794230299362448	0.2844194777187304	0.5376382192876452
0.18132607340987186	0.27886453214912377	0.5398093944410045
0.1794154579601021	0.27878720287033293	0.5417973391695651
0.17845464893631022	0.284504019684764	0.537041331378926
0.18071564337509297	0.2764726924003783	0.5428116642245289
0.18199361392431157	0.28152709765133405	0.5364792884243546
0.1817184596180677	0.28020068661923	0.5380808537627024
0.1798054147502482	0.27390838710965065	0.5462861981401013
0.18084794352411118	0.2783506474615278	0.5408014090143611
0.17889377558843836	0.2811644664806192	0.5399417579309426
0.18186365748695688	0.2772475654183222	0.540888777094721
0.17963530047377627	0.282541983337974	0.5378227161882498
0.17879464866488914	0.2746822997866482	0.5465230515484628
0.18062603470254196	0.2771635308621117	0.5422104344353464
0.17849456570592287	0.2755757394865213	0.5459296948075559
0.1809793073135219	0.2740148102029058	0.5450058824835724
0.1820331902056696	0.2782289792125441	0.5397378305817864
0.18221985049183678	0.27629794941098423	0.5414822000971791
0.1811562084954773	0.27134763273333706	0.5474961587711857
0.18049915064133912	0.2826368701534176	0.5368639792052434
0.1819053178301184	0.2764665921756086	0.5416280899942731
0.18175390988029066	0.2800691246722235	0.5381769654474859
0.17929583304647237	0.2805840600701071	0.5401201068834206
0.18172846988679653	0.28264301775569384	0.5356285123575097
0.1805838472046935	0.2806759790902695	0.5387401737050371
0.17904024229112322	0.285499505121529	0.5354602525873479
0.1813531223404406	0.27788889458062316	0.5407579830789363
0.1822267891058746	0.2713396229364823	0.5464335879576433
0.1811062071498564	0.2744094410727561	0.5444843517773876
0.17939305791920285	0.27484190547717363	0.5457650366036236
0.17982930388182697	0.27341436881302983	0.5467563273051433
0.1793585168877942	0.28438706934576025	0.5362544137664457
0.18057043139152731	0.2810770022447845	0.5383525663636883
0.17852455037787487	0.27701276155504817	0.5444626880670771
0.1801753239210046	0.275929755671528	0.5438949204074676
0.18234131177775303	0.27577016043544467	0.5418885277868024
0.17873629014357476	0.2740934642460914	0.547170245610334
0.18213191138896095	0.27244697348165936	0.5454211151293797
0.18192699561137848	0.2797711023040146	0.538301902084607
0.18085681391291078	0.2841767839160312	0.5349664021710582
0.18216442197399466	0.27546317969545303	0.5423723983305524
0.17916628858607447	0.27687199680703145	0.5439617146068941
0.17836167102653042	0.2818974770401074	0.5397408519333623
0.18078188860158076	0.2800563758763918	0.5391617355220275
0.17908767117839997	0.2810288993397235	0.5398834294818766
0.18003663537820905	0.28248232210669677	0.5374810425150943
0.17999560448514978	0.2802476770241788	0.5397567184906715
0.18093380011487792	0.2731994967632031	0.5458667031219191
0.18223671941560185	0.27247108187748104	0.5452921987069173
0.18045015944951595	0.27676696644292503	0.5427828741075592
0.17979107281672296	0.28468423073435156	0.5355246964489256
0.17965759586001157	0.2794440324476266	0.540898371692362
0.18075278979364806	0.272832223079534	0.5464149871268181
0.17923158478786463	0.2737751478192938	0.5469932673928417
0.18194074860540133	0.2718511194109569	0.5462081319836419
0.1779689116790652	0.2793838074644925	0.5426472808564424
0.17989444618817485	0.28304215430558594	0.5370633995062393
0.18147562605181855	0.2829220215415824	0.5356023524065991
0.17828174722041462	0.27667278456976113	0.5450454682098244
0.18042131268536518	0.27944725777666296	0.540131429537972
0.18014407517522277	0.27621620512792117	0.5436397196968562
0.17893444549814227	0.28051445774483424	0.5405510967570236
0.1809904565324201	0.27932451035798417	0.5396850331095959
0.1805364216464209	0.282971976067543	0.5364916022860363
0.17827595840093954	0.2783815248216233	0.5433425167774373
0.1811877397828117	0.2801360565059357	0.5386762037112527
0.1803568621099578	0.2812446427839915	0.5383984951060508
0.18106977485219372	0.2826295659404034	0.536300659207403
0.18175180458494927	0.27598456608134697	0.5422636293337039
0.18214744581093567	0.2832423334577901	0.5346102207312744
0.1799772832252676	0.28543126275710595	0.5345914540176266
0.18228670648432171	0.28057264467937065	0.5371406488363077
0.17897448758295445	0.27719516994479776	0.5438303424722479
0.18003571753426065	0.28003501201629233	0.5399292704494472
0.17903995289655228	0.2814408338498322	0.5395192132536156
0.17974290668665308	0.282328946778007	0.53792814653534
0.17818571371868394	0.27976365837216044	0.5420506279091557
0.17895083199373965	0.2807072760749427	0.5403418919313177
0.17854038228384844	0.28659487544635087	0.5348647422698009
0.17862641593992992	0.2864313969049554	0.5349421871551148
0.17841062256555418	0.27819953064109987	0.543389846793346
0.18210913560024822	0.27511226716209	0.542778597237662
0.18069158440668126	0.2825639461947497	0.5367444693985691
0.1803569822028548	0.2737041191887516	0.5459388986083937
0.17958471680406082	0.27658042500780705	0.5438348581881323
0.18086313423855582	0.2717308437629812	0.5474060219984631
0.18222871837671784	0.27590463140898536	0.541866650214297
0.17921871520106963	0.27623610661438125	0.5445451781845492
0.17988256235859723	0.2789636740490622	0.5411537635923407
0.18098215719025906	0.27262217201026673	0.5463956707994744
0.17801801685078955	0.27656884923053426	0.5454131339186763
0.1801295913462955	0.28445963726121964	0.5354107713924849
0.181341642047023	0.2747980464582848	0.5438603114946923
0.1813913668194328	0.2796776032490448	0.5389310299315225
0.18186269887292023	0.27271206641806417	0.5454252347090157
0.18185866280163412	0.2729122917299103	0.5452290454684557
0.1796733301972357	0.28600697055419144	0.5343196992485729
0.18105411462076595	0.2717782929694618	0.5471675924097723
0.18124946078066262	0.2754721177975877	0.5432784214217499
0.18162077105110047	0.27076758839558285	0.5476116405533168
0.17958696467126312	0.2801068169918326	0.5403062183369044
0.18068644293796374	0.28079484981201996	0.5385187072500164
0.17901484285392452	0.2802260955188032	0.5407590616272724
0.17926041777459872	0.28641491680208464	0.5343246654233167
0.1794174761574763	0.28601256973541833	0.5345699541071055
0.1813807975962069	0.2769331603813832	0.54168604202241
0.18101878675459696	0.27582989083223	0.5431513224131732
0.18229981335276063	0.2787401420625969	0.5389600445846425
0.17846858895704543	0.2751659568033682	0.5463654542395865
0.18232082024113572	0.27431814075708216	0.5433610390017822
0.1816840019182157	0.2781491995459018	0.5401667985358827
0.18089205354609392	0.2739361937430213	0.5451717527108849
0.1809473805576812	0.2764710982243752	0.5425815212179437
0.1782938356242988	0.28005720857199423	0.5416489558037071
0.1797846953601948	0.2763985766807863	0.543816727959019
0.17876325145177419	0.2816502854984684	0.5395864630497575
0.18166396177928404	0.27915002916114934	0.5391860090595668
0.18071112143110857	0.27904325740749986	0.5402456211613917
0.17962912181743543	0.27272034829216785	0.5476505298903969
0.17838006854825095	0.27429002938436636	0.5473299020673827
0.18134948792103958	0.28303057259741105	0.5356199394815495
0.1809036068571384	0.272340323752145	0.5467560693907167
0.1782136027255669	0.27441640424747304	0.5473699930269602
0.18107138373865309	0.27348013912775326	0.5454484771335938
0.18182683014826526	0.2712338814264636	0.5469392884252713
0.17927350398910874	0.2754926295300586	0.5452338664808327
0.18220507284287552	0.27088467394411153	0.5469102532130131
0.18190877739371022	0.2720673249655035	0.5460238976407864
0.18043181037233916	0.2742262635613588	0.5453419260663022
0.18201451749754746	0.27868241950860434	0.5393030629938482
0.18126541802288929	0.2802177501494408	0.5385168318276701
0.179186348207094	0.28068465173778356	0.5401290000551225
0.17802915647662518	0.27479087766630655	0.5471799658570684
0.18020678477185334	0.27801658784754346	0.5417766273806033
0.18079177277446254	0.2722600262643129	0.5469482009612248
0.1792680778317386	0.27354736347397257	0.547184558694289
0.17862650362486288	0.27986207262161805	0.5415114237535192
0.17830890458232504	0.28492676042025866	0.5367643349974164
0.17936451074328982	0.2853997054027307	0.5352357838539796
0.18167302205209865	0.28177402644657457	0.536552951501327
0.18139712856917725	0.28335474678252004	0.5352481246483028
0.17870074192225252	0.2828997849120194	0.5383994731657282
0.18068843868695456	0.28427778366075945	0.5350337776522861
0.17799658507587052	0.2822709845986685	0.5397324303254611
0.18065411510079435	0.2827714248451515	0.5365744600540543
0.17919901731929014	0.28126515137029234	0.5395358313104176
0.18151832255145728	0.2713269702489801	0.5471547071995627
0.1794341418653426	0.2813263727812233	0.5392394853534342
0.17814351711639573	0.28376009319353074	0.5380963896900737
0.1800332911967362	0.2727505722871005	0.5472161365161634
0.18211543593709073	0.28280944978192435	0.5350751142809851
0.1799798532706589	0.28055479387023524	0.539465352859106
0.1781377327408665	0.2821984066592908	0.5396638605998428
0.1780246904372121	0.27949137555705306	0.5424839340057349
0.18049046133392327	0.28244282007540467	0.5370667185906722
0.17994441749078416	0.2848472940188248	0.5352082884903911
0.18238121753487152	0.2809851205426118	0.5366336619225167
0.1792021135984209	0.2850632489440076	0.5357346374575717
0.17833814589079022	0.28064441050189015	0.5410174436073197
0.18125068502324643	0.272059358204203	0.5466899567725507
0.18060207252270621	0.2791582367719289	0.540239690705365
0.18240142052264496	0.2720823243777833	0.5455162550995719
0.18185355244847803	0.2831425489741686	0.5350038985773535
0.18196832892592904	0.27443153778579527	0.5436001332882758
0.17963129785658558	0.28362304692964074	0.5367456552137738
0.17827396275337465	0.28646532318064677	0.5352607140659787
0.17918678462661455	0.2848295225926182	0.5359836927807674
0.17947872895284922	0.27327737663218316	0.5472438944149678
0.1788683042304865	0.2861364990129518	0.5349951967565618
0.17841527213468614	0.28072682619092176	0.5408579016743922
0.18201671585462487	0.27646302261832545	0.5415202615270498
0.18108751706130075	0.27392848690330157	0.5449839960353978
0.1819355479888958	0.2715374290642571	0.5465270229468472
0.1816445005082563	0.281658841816305	0.5366966576754388
0.17990819234179684	0.2802415973939746	0.5398502102642287
0.18215359511692036	0.2791383685455715	0.5387080363375083
0.17795642057093952	0.28328236998764605	0.5387612094414145
0.17858263462001797	0.2773333630881355	0.5440840022918466
0.18109063917108878	0.2778107587450656	0.5410986020838457
0.18235637828155912	0.2821572451009229	0.5354863766175181
0.18042732420510593	0.27840817301174803	0.5411645027831462
0.1813590208726232	0.27644510842534686	0.54219587070203
0.18063439138823512	0.2812434115537031	0.5381221970580619
0.1822468287950277	0.2730090572078286	0.5447441139971438
0.18047744301239674	0.276206742703637	0.5433158142839665
0.18049308693013408	0.2756927903457946	0.5438141227240715
0.17962461953345749	0.27523334068533195	0.5451420397812107
0.18167988040767233	0.2720971503429934	0.5462229692493343
0.1814089177691668	0.2799160698994786	0.5386750123313547
0.18140458090019032	0.2713881792050601	0.5472072398947497
0.17819333364719445	0.27665864600302265	0.5451480203497829
0.18151507342684267	0.2810749433872004	0.537409983185957
0.17804500212712915	0.2792078351140761	0.5427471627587949
0.1792671679627867	0.2793638215626592	0.5413690104745542
0.1810065350471306	0.271686517309019	0.5473069476438506
0.1806591874391485	0.2774997940633964	0.5418410184974553
0.17868737604069881	0.2865213930097641	0.5347912309495373
0.18239174546595535	0.28085407437101634	0.5367541801630284
0.17895617215586104	0.2831181677358071	0.537925660108332
0.17917696462980656	0.2781767894219814	0.5426462459482122
0.1781051420426882	0.27633437354778145	0.5455604844095304
0.17821390417956942	0.28281265923577115	0.5389734365846596
0.17891498596188554	0.28315571140233325	0.5379293026357813
0.18032532061714904	0.28071749926395	0.538957180118901
0.17856964473360243	0.2843067874126336	0.537123567853764
0.17917769932972372	0.27950478908285686	0.5413175115874196
0.17874906364366705	0.28098254825127683	0.5402683881050563
0.17894159188199296	0.2838228108233211	0.5372355972946861
0.18142631171161835	0.2738837580660865	0.5446899302222953
0.18055086163664394	0.2829812476485336	0.5364678907148226
0.17881149323455478	0.2765223862545827	0.5446661205108627
0.18238519977068743	0.28115772439408376	0.536457075835229
0.1792895944745284	0.27511114371537515	0.5455992618100964
0.1796329658298638	0.2850819721857655	0.5352850619843709
0.18011672161202277	0.2844576366036081	0.5354256417843692
0.1802317469642414	0.2795748333786767	0.5401934196570819
0.180035708028526	0.28211854128898606	0.5378457506824881
0.18169075137733762	0.27848167758509373	0.5398275710375687
0.18072246001698006	0.2737562789852918	0.5455212609977282
0.1786718601152347	0.2869832101011216	0.5343449297836439
0.1817459798234628	0.2820616487879624	0.5361923713885749
0.17940938305699225	0.2836279743272334	0.5369626426157744
0.1815449235647839	0.2770343296810791	0.5414207467541371
0.1792321776848846	0.2830678250953041	0.5376999972198114
0.18211389224307076	0.2800509380716866	0.5378351696852428
0.17839683448891888	0.27669906714370673	0.5449040983673745
0.18045307347206152	0.2756331975227144	0.5439137290052242
0.18051562162189508	0.2765947947401251	0.5428895836379799
0.17891120466426844	0.27582771272785517	0.5452610826078765
0.18116906760296428	0.28312558589905074	0.5357053464979851
0.17846130960132303	0.2758709200666095	0.5456677703320676
0.1790972782380143	0.279553728420708	0.5413489933412778
0.1822639883454037	0.2720596983557416	0.5456763132988548
0.1805324600176467	0.280662988373029	0.5388045516093245
0.18207864608260316	0.275730803819499	0.542190550097898
0.177991877715872	0.2757562274601195	0.5462518948240086
0.18200268967917238	0.27038163850391217	0.5476156718169156
0.18046338294638195	0.27228353424752527	0.5472530828060929
0.18184395630093744	0.27847168724635396	0.5396843564527087
0.17827851486457857	0.2815932661027944	0.5401282190326272
0.179723899097631	0.2800356032072684	0.5402404976951007
0.17986240695996894	0.27989929626272453	0.5402382967773066
0.18236405630170416	0.27480130935708413	0.5428346343412118
0.179657058468796	0.2790571205417076	0.5412858209894965
0.1807882588010199	0.278271228511745	0.5409405126872352
0.17992449482405604	0.28160256260217215	0.538472942573772
0.17915350071456712	0.282433825320256	0.5384126739651769
0.1802393513318545	0.2795245197009958	0.5402361289671498
0.1803874916208817	0.2832676055418484	0.5363449028372701
0.18001488407598568	0.2811374980420232	0.5388476178819912
0.1784838878919085	0.27587229309815775	0.5456438190099339
0.1788803331159541	0.2746216659852373	0.5464980008988087
0.18165095925380673	0.2837592189077249	0.5345898218384686
0.18206751273659294	0.2793665474218441	0.5385659398415631
0.17917377057333053	0.27525581564674445	0.5455704137799251
0.18027383938493377	0.282889964666988	0.5368361959480784
0.1790635643627086	0.2756618965467452	0.5452745390905462
0.18085099820546058	0.28022999511529084	0.5389190066792486
0.18028085919968562	0.2820016779607751	0.5377174628395394
0.18130172932331834	0.27686456343935234	0.5418337072373294
0.1814987750865362	0.2717975750566719	0.5467036498567921
0.17802459946804589	0.2852994103813449	0.5366759901506093
0.18169218989581265	0.2839634221842243	0.5343443879199632
0.17939971475238664	0.2810761482726188	0.5395241369749947
0.17875229432785159	0.2756028389166725	0.5456448667554761
0.1809471691961506	0.27984797956082097	0.5392048512430285
0.17863877524608987	0.28268465768207923	0.538676567071831
0.18132238756075228	0.27691581771221446	0.5417617947270333
0.18060957685334714	0.2836311155255027	0.5357593076211502
0.18183475062148619	0.2768787667586723	0.5412864826198417
0.1803505583021246	0.27772982248162825	0.5419196192162472
0.181185603725712	0.28442567242428035	0.5343887238500078
0.17976501831700598	0.27454727128825573	0.5456877103947384
0.18052573835193592	0.2752476727247475	0.5442265889233168
0.1812704180153026	0.27561120319222937	0.5431183787924682
0.17985437212018485	0.27612462010838035	0.5440210077714349
0.18003732248505652	0.27542289486065497	0.5445397826542887
0.17936209318092	0.28322161944239044	0.5374162873766897
0.18135921178344733	0.27570800953112723	0.5429327786854256
0.18199327453300707	0.277727126586986	0.5402795988800071
0.17884916290923036	0.2833783716297588	0.5377724654610109
0.18139190769592123	0.27888921389895066	0.5397188784051282
0.17920392336869365	0.27640614451223605	0.5443899321190704
0.17986112769938023	0.28417822812487603	0.5359606441757438
0.18149997742986054	0.27147134082395313	0.5470286817461865
0.17954631416111463	0.2766599529132279	0.5437937329256576
0.18137307323523727	0.27930900712645573	0.5393179196383071
0.1799925272594363	0.275146259160068	0.5448612135804958
0.1794889117397667	0.2782540028664958	0.5422570853937376
0.17994702465824042	0.27649218642334733	0.5435607889184124
0.17825589837764114	0.2806742159267829	0.541069885695576
0.17807108908723304	0.2857715212846295	0.5361573896281375
0.18232890033741658	0.27716346986564966	0.5405076297969339
0.1779605894772211	0.27973408736972166	0.5423053231530575
0.17927623968556905	0.2808750233323598	0.5398487369820713
0.18076236396087175	0.28007940393153197	0.5391582321075964
0.1794185778382281	0.27327924022288386	0.5473021819388881
0.18063615024942256	0.2833216120440768	0.5360422377065008
0.1816371792193187	0.2741257816016207	0.5442370391790607
0.18205872017135113	0.28211041989415975	0.5358308599344893
0.18131323468523589	0.277904117434158	0.5407826478806063
0.18079358451073888	0.2831568445090062	0.5360495709802551
0.18062322215080176	0.2840295603871516	0.5353472174620468
0.17929841795585533	0.28096018041842935	0.5397414016257155
0.18199850590507854	0.27057383771522764	0.5474276563796939
0.17904785468168588	0.28057021965793727	0.540381925660377
0.17838854432802612	0.28083012407447144	0.5407813315975025
0.1818214491589035	0.2784777477677549	0.5397008030733417
0.17937767972914026	0.2817652714401765	0.5388570488306834
0.18030837569673375	0.2818606382632728	0.5378309860399936
0.1801410972251792	0.2760451156801017	0.5438137870947192
0.17888743919749503	0.278871224205081	0.5422413365974241
0.18099928240760993	0.27433740715239063	0.5446633104399996
0.1799175784752121	0.2744351370778611	0.5456472844469269
0.17961895288610358	0.2797894314988791	0.5405916156150175
0.1795702629309115	0.27440068637740167	0.546029050691687
0.17998415789580333	0.2725609726771891	0.5474548694270077
0.17922320096328406	0.2732258686971829	0.5475509303395332
0.17834836398602807	0.274257865615298	0.547393770398674
0.18002719041933288	0.28238405118235105	0.5375887583983162
0.1807730857443328	0.2800949155325344	0.5391319987231329
0.18040345511998382	0.28004858240755237	0.539547962472464
0.17919968133276026	0.2821089644866639	0.538691354180576
0.18033769186770182	0.2774114233361133	0.542250884796185
0.17807421419121464	0.2821650431433996	0.5397607426653859
0.18164479390441102	0.27221619723143037	0.5461390088641587
0.1802865143283327	0.27542121547132	0.5442922702003474
0.17855817006278932	0.285736851929948	0.5357049780072628
0.17834433601278793	0.274062834622342	0.5475928293648702
0.18031979977564855	0.2780008749878789	0.5416793252364727
0.18134094563055528	0.2779468912410648	0.54071216312838
0.17799237624586417	0.28514816118410236	0.5368594625700336
0.17885617290608008	0.2753205498351785	0.5458232772587415
0.18096342354323647	0.27833191499509097	0.5407046614616726
0.17947620078715115	0.2822314225320399	0.5382923766808091
0.17903837925266225	0.2836620750903559	0.537299545656982
0.17813091053347352	0.2817729658491728	0.5400961236173538
0.1820230528936725	0.27713649195259343	0.5408404551537342
0.18034066824237407	0.28297255634606855	0.5366867754115575
0.18089442763541683	0.28178960306431566	0.5373159693002676
0.18154245420246334	0.2762817541980111	0.5421757915995257
0.1818560676370531	0.2788345973660363	0.5393093349969107
0.18027781269012763	0.27881298883267097	0.5409091984772015
0.17904781775249792	0.282153871257745	0.5387983109897572
0.180534317348878	0.2809141711423029	0.5385515115088193
0.17997673044857843	0.2779994306884684	0.5420238388629534
0.18034213493247614	0.2760849998336412	0.5435728652338827
0.18167292268350893	0.27512795709519644	0.5431991202212948
0.18042338370836883	0.2812461134908357	0.5383305028007955
0.1820790656831857	0.2729579370021955	0.544962997314619
0.17894377696694688	0.2830500332011682	0.538006189831885
0.17935517961702138	0.28125515232768095	0.5393896680552978
0.18052427041581487	0.2791619329024042	0.540313796681781
0.17837748592397645	0.27930672224846237	0.5423157918275613
0.1792041152514078	0.27351542606454765	0.5472804586840446
0.17941822772444083	0.2837280745689467	0.5368536977066126
0.18021235487837362	0.284105173347151	0.5356824717744755
0.1802710465163836	0.2819814603876858	0.5377474930959307
0.17909854229536498	0.2844309338302444	0.5364705238743906
0.1813423942272383	0.2747242044598051	0.5439334013129566
0.18072830097490888	0.280150359520378	0.5391213395047132
0.18144933166645816	0.2804244219608123	0.5381262463727297
0.181759989703576	0.2759880011420443	0.5422520091543799
0.17810171923177784	0.2875733092450551	0.5343249715231673
0.17809839916677994	0.2863475118474472	0.535554088985773
0.18203689947012522	0.28272239501347635	0.5352407055163986
0.1822298135154306	0.28238028541081966	0.5353899010737498
0.17816885776971275	0.27581642657091093	0.5460147156593764
0.18161677448438143	0.271963525939733	0.5464196995758858
0.17980207041583185	0.2788643389552423	0.5413335906289259
0.1808735193828871	0.27808004400337577	0.5410464366137373
0.181720119795371	0.27643975709708635	0.5418401231075427
0.18220095574335463	0.2765011618741108	0.5412978823825347
0.17860749240579843	0.2865655608638539	0.5348269467303478
0.17951882627965524	0.2827341560765169	0.5377470176438279
0.18143771036547549	0.27253733053302376	0.5460249591015008
0.17905089341970015	0.2750224644927234	0.5459266420875766
0.18033255648565708	0.2723955729528934	0.5472718705614497
0.17810537033433477	0.2744345594909358	0.5474600701747295
0.17971021626536549	0.27791264016651224	0.5423771435681224
0.17843340411727626	0.2746612896100352	0.5469053062726886
0.18221591880663693	0.27125136160257823	0.546532719590785
0.18065647964233442	0.2837593231075853	0.5355841972500804
0.1820385569232246	0.280981542290886	0.5369799007858895
0.18149036223197434	0.2722138663420959	0.54629577142593
0.18102806807214156	0.2810189424961149	0.5379529894317436
0.17886295425689988	0.28081906577220417	0.5403179799708961
0.18007884624844853	0.2728831372141122	0.5470380165374393
0.18041931149541918	0.28482845725420536	0.5347522312503755
0.17999204228252727	0.2754114630922891	0.5445964946251838
0.1824075841768193	0.2714255684940013	0.5461668473291795
0.18004755691551833	0.27407822506951457	0.5458742180149672
0.18051839727809643	0.2836387386866714	0.5358428640352323
0.17903679478421072	0.2861166404722706	0.5348465647435188
0.1811929125104739	0.28261389588607416	0.536193191603452
0.17884760314376053	0.2868062305673591	0.5343461662888804
0.18073223454811005	0.2810512177274725	0.5382165477244176
0.18051736405145655	0.27801865539626847	0.5414639805522752
0.18011947338229564	0.27627204517303444	0.54360848144467
0.17807158361544714	0.27978887185617507	0.5421395445283779
0.18218754872179785	0.2753029318482086	0.5425095194299937
0.18053402369625415	0.2725284179874649	0.546937558316281
0.17796683354679171	0.2759725912574154	0.546060575195793
0.18218985247293948	0.2743608320126708	0.5434493155143899
0.17898935611804226	0.27721095819298597	0.5437996856889719
0.18140962632378926	0.2768444525623165	0.5417459211138944
0.1819839797522724	0.27685482829853314	0.5411611919491945
0.17817012707272673	0.28379283332579514	0.5380370396014782
0.1794052977285957	0.28012824957864646	0.540466452692758
0.1809623554125636	0.2844445838423989	0.5345930607450377
0.17972216069918073	0.2819274400112397	0.5383503992895797
0.18075160687100517	0.28356827107349714	0.5356801220554979
0.18033688348189122	0.2816128138131335	0.5380503027049754
0.18208880268408434	0.2790767422157724	0.5388344551001434
0.18166711143014128	0.28351685288209083	0.534816035687768
