0.3510526016722951	0.4016952872828281	0.24725211104487693
0.3514092316298594	0.4005970621775866	0.24799370619255418
0.3512117552965957	0.40094780849631995	0.24784043620708446
0.3516299284646524	0.400707240307631	0.2476628312277167
0.35165437603750915	0.4017139177343864	0.24663170622810454
0.35080746027574256	0.4018511078269773	0.24734143189728025
0.35130530277083116	0.40137513746674996	0.24731955976241898
0.3507026555381564	0.4013389597677653	0.24795838469407847
0.35072420469789245	0.4014777005394217	0.2477980947626859
0.351169853570899	0.4009751287570621	0.247855017672039
0.3512408412336569	0.4011116611161589	0.2476474976501843
0.3504505110176342	0.401924679927085	0.2476248090552809
0.3509050712058551	0.4018671935940151	0.2472277352001298
0.35076004904513913	0.402019900625179	0.24722005032968197
0.3512155812947122	0.4019411635955672	0.24684325510972074
0.351226734297769	0.4009802087792008	0.24779305692303027
0.350869104132554	0.4009655371345655	0.2481653587328806
0.3506062309180176	0.40061266769723	0.2487811013847525
0.35066159463910956	0.4007508965603495	0.24858750880054106
0.3514246586516872	0.40144971412112734	0.24712562722718556
0.3514759402828273	0.4018274948481523	0.2466965648690205
0.35156270655630845	0.40139834472701663	0.24703894871667503
0.3504573292259333	0.40116900398019784	0.248373666793869
0.35076698533252004	0.4007157076748493	0.2485173069926308
0.35139916074767175	0.40071444187260524	0.24788639737972312
0.3506938106331564	0.4010961184485605	0.24821007091828318
0.35086585793423625	0.40147534010083297	0.2476588019649309
0.35102918564968216	0.40073992422599203	0.24823089012432598
0.35061799117273806	0.4010165039499627	0.2483655048772993
0.35073936879423206	0.40078883113929165	0.2484718000664764
0.3514438971765287	0.40101948623931255	0.24753661658415888
0.3506005097404304	0.4018255564488208	0.24757393381074894
0.351394686596489	0.4019008767366589	0.24670443666685224
0.35162301197184515	0.4013571705561219	0.24701981747203303
0.3507637088363984	0.40121302183303376	0.24802326933056795
0.3513760163860955	0.40122703833527756	0.24739694527862702
0.35092184400202225	0.4011160510641815	0.24796210493379633
0.3509279377909483	0.40079282093797786	0.24827924127107398
0.3512164413323915	0.40094583091258024	0.24783772775502838
0.3506556005663508	0.40173140636881743	0.2476129930648318
0.35073282202598177	0.4018898306294675	0.24737734734455083
0.35058159864275296	0.40094988795247144	0.24846851340477571
0.35092149275652984	0.40097986670861663	0.24809864053485367
0.3504550810685236	0.40155883706763584	0.2479860818638407
0.3512571172296181	0.4005717843447961	0.24817109842558582
0.35039209290384127	0.4020276189008075	0.24758028819535136
0.3513167961234274	0.400877648593869	0.24780555528270368
0.3506817251175227	0.40128975897892233	0.24802851590355507
0.3506318681358729	0.4011462679096567	0.24822186395447055
0.3506023887635708	0.4006144385802942	0.24878317265613506
0.3516009164341099	0.4006837230459751	0.24771536051991505
0.3514618942994667	0.40090028517217624	0.24763782052835712
0.35166591801717717	0.4012553344753666	0.24707874750745634
0.35109223037395626	0.4013993194797413	0.24750845014630257
0.35090821981776504	0.4008350817855288	0.24825669839670628
0.35087046981603853	0.40065204178503866	0.24847748839892286
0.3506167898162904	0.4008342694589643	0.2485489407247454
0.3508059240151873	0.40130043244975533	0.2478936435350575
0.3512866285151342	0.40171819076167825	0.24699518072318766
0.35067100256996564	0.4019066699268193	0.24742232750321522
0.3515472483767737	0.4007082190117886	0.24774453261143778
0.3506720249897653	0.40162725608701544	0.24770071892321938
0.35137117913257976	0.4017934521888519	0.2468353686785685
0.350763763503079	0.40095527691888894	0.2482809595780322
0.35142505442351124	0.40078111000673766	0.2477938355697512
0.3511325639715342	0.40108745679617314	0.24777997923229278
0.35132211530336266	0.40157708863649205	0.24710079606014537
0.35093786055337545	0.40192755163634236	0.2471345878102823
0.3509024383311878	0.4007302298205428	0.24836733184826953
0.3511398943287088	0.40163615006295106	0.24722395560834026
0.3508971662087338	0.40108220766724195	0.24802062612402437
0.35079416627849913	0.4007086357577018	0.24849719796379915
0.35051481459442146	0.40203653894577895	0.2474486464597997
0.3515507265847133	0.40099272596202784	0.24745654745325898
0.3513088888935371	0.40074792741976006	0.24794318368670287
0.3508903055996829	0.40178155726684467	0.24732813713347257
0.3513985102769086	0.40082920953226947	0.24777228019082206
0.350968517102114	0.40164536523373984	0.24738611766414625
0.3506170734350021	0.40124098073015435	0.24814194583484367
0.3508144046173853	0.4007743101862078	0.248411285196407
0.35052873288246145	0.40106778135545074	0.24840348576208796
0.3506609929506311	0.4014654192816901	0.24787358776767887
0.35110992752319914	0.40070160905765245	0.24818846341914855
0.35094433982895756	0.4007947105751606	0.24826094959588194
0.3512350564008654	0.4018105930661073	0.24695435053302747
0.3504885405398903	0.4010355133282687	0.2484759461318411
0.35109576017420524	0.40120862049768086	0.24769561932811401
0.35060239130991644	0.4009996373578799	0.2483979713322037
0.3512701210703946	0.40160083975062394	0.24712903917898155
0.35125212401817035	0.40091217985668104	0.24783569612514872
0.3514724989469322	0.40058741632872136	0.2479400847243465
0.3515727112772227	0.4017578940816616	0.24666939464111573
0.351050364600625	0.4010835886189254	0.24786604678044974
0.3510047080652512	0.40143902997477754	0.24755626195997138
0.35065465188154954	0.4017507367459285	0.2475946113725221
0.3505726721762846	0.40173109429063636	0.2476962335330791
0.35155984911392374	0.40073130146022795	0.24770884942584848
0.3504783179995541	0.40159983071439176	0.24792185128605423
0.3507748463360841	0.4011514307823287	0.24807372288158736
0.35078729694746735	0.40080663360565716	0.24840606944687563
0.3505077680988911	0.4017605197311469	0.2477317121699621
0.3516596808229598	0.4014927524339438	0.24684756674309657
0.35133799188130754	0.40056817609252404	0.2480938320261685
0.3506065110004735	0.4009299783425768	0.24846351065694977
0.3514997033165644	0.4011796251476108	0.24732067153582493
0.3515641723878834	0.40077616506910363	0.24765966254301308
0.3512082802995628	0.401139901749614	0.2476518179508233
0.35066505471497544	0.4018444551521494	0.2474904901328753
0.35079357432335545	0.40096024366584637	0.2482461820107983
0.3505292986266481	0.4015060909112979	0.2479646104620541
0.3513682571526831	0.40137963757303774	0.24725210527427927
0.35136745954773047	0.40171059984918567	0.24692194060308395
0.3509868593088022	0.401840024473094	0.24717311621810392
0.3508267437780708	0.4018534905811114	0.24731976564081787
0.35158146839687904	0.4012690145444552	0.2471495170586659
0.35107352328303193	0.4016409010995492	0.24728557561741898
0.35154119200580775	0.40057067016035247	0.2478881378338399
0.3503967002837193	0.40174565690392533	0.24785764281235545
0.35113316535091765	0.4010979594266615	0.24776887522242097
0.35067258882551156	0.40059348542686946	0.24873392574761913
0.3515466912788426	0.4006573069166288	0.24779600180452865
0.3515854116365901	0.40110097136445017	0.24731361699895987
0.3506599816572613	0.40201599603705074	0.24732402230568803
0.3513210567777228	0.40192947557816344	0.24674946764411387
0.3511577443553168	0.4005953654763309	0.24824689016835239
0.3506245751639409	0.4007867145687793	0.2485887102672799
0.3515945933812771	0.4012280253763968	0.24717738124232627
0.35080678932683357	0.4014780041275272	0.24771520654563933
0.3516632890436689	0.40122889274436274	0.2471078182119685
0.3507673495004829	0.40178183687746116	0.247450813622056
0.3516516265155374	0.4012490669183266	0.2470993065661361
0.3505858716119658	0.40095890405965695	0.2484552243283773
0.3515533173760102	0.40092391659203	0.24752276603195988
0.3506313491207546	0.40202002204071474	0.24734862883853076
0.3515244080358625	0.40188180028963577	0.2465937916745019
0.3505546393471923	0.4017049084865786	0.24774045216622925
0.35099972882282454	0.401525816191798	0.24747445498537757
0.35109749657092343	0.4014148342701233	0.2474876691589534
0.35037058636552565	0.40079055697829125	0.24883885665618322
0.35158489910879176	0.40087600716415295	0.24753909372705546
0.3516822455484523	0.40107804033728056	0.2472397141142672
0.35039755639992776	0.4010044603892258	0.24859798321084653
0.3506896793133887	0.40155414065086986	0.24775618003574157
0.35040346962713553	0.400749385852704	0.2488471445201606
0.3504718852677885	0.4007128841697858	0.24881523056242583
0.35040343182428485	0.40125948714770127	0.248337081028014
0.35090415740445197	0.40154585875221854	0.2475499838433296
0.3509070037955155	0.40119974795931007	0.24789324824517456
0.35036535808313385	0.40097112903740745	0.24866351287945884
0.3505712033806276	0.40188738834273596	0.24754140827663657
0.3507077297657897	0.401160800696444	0.24813146953776646
0.35145181529830083	0.4013527120400905	0.2471954726616088
0.35099060363911944	0.40191491789885836	0.24709447846202232
0.3510603861616501	0.4009659770179206	0.24797363682042944
0.3516683482784035	0.4005677680460945	0.24776388367550212
0.3506545569481807	0.4005912638556589	0.24875417919616055
0.3509998220682575	0.40079986474638296	0.24820031318535957
0.3506204433929855	0.4013667068473349	0.2480128497596798
0.35108998215552545	0.40095525351202765	0.247954764332447
0.3503816590292095	0.4016844166099094	0.2479339243608812
0.3505665843224366	0.4020298438453145	0.247403571832249
0.35110055818361113	0.40093474987310973	0.24796469194327925
0.3509117225888711	0.4014046155838744	0.24768366182725463
0.35108662425080595	0.40114826128610914	0.24776511446308497
0.3516543975885537	0.40127398014085347	0.24707162227059287
0.350492607567825	0.4014809082633335	0.24802648416884157
0.3510371648958045	0.40090719764764915	0.24805563745654652
0.3509170572086575	0.40170124019482584	0.24738170259651676
0.35150254523475954	0.4016956274167839	0.2468018273484567
0.3513188402885348	0.40087328376431264	0.24780787594715267
0.3505707418276185	0.40170928487107804	0.24771997330130358
0.3506801532707529	0.40118355886266804	0.24813628786657915
0.3507824466251329	0.4019633433063027	0.24725421006856446
0.35126816376717684	0.4010129351949605	0.24771890103786276
0.35117606043931276	0.4015185362567912	0.24730540330389617
0.350758980445486	0.40136030362939085	0.24788071592512329
0.35107949671550776	0.4008218796821386	0.24809862360235374
0.35036443420261476	0.40137084065871065	0.2482647251386747
0.35131970141206426	0.40157220777576547	0.24710809081217036
0.350491485998558	0.401893875170073	0.24761463883136905
0.3503993219969587	0.40113628148783864	0.2484643965152028
0.35168663683648504	0.4006670211918439	0.24764634197167118
0.35087633686673186	0.402004086489792	0.24711957664347625
0.35047526492721465	0.4017925439118425	0.247732191160943
0.35035534362228765	0.40137908981560083	0.24826556656211163
0.3515770370744248	0.40187624313866693	0.24654671978690842
0.3506968584509856	0.4018397900059159	0.2474633515430986
0.3512276126924968	0.40096032881301236	0.24781205849449095
0.3515946225600671	0.4009127510529218	0.24749262638701114
0.3513308532468492	0.4012070877888187	0.24746205896433218
0.3510662756547403	0.40193620673298885	0.24699751761227098
0.35129102976665144	0.40108922038422945	0.24761974984911916
0.35130360776410335	0.4020207677511582	0.24667562448473856
0.3507596510563028	0.4015946364936433	0.247645712450054
0.3515970228708502	0.4010207755776174	0.2473822015515325
0.3516462157741256	0.4009919197897126	0.24736186443616193
0.3513529423315249	0.40166971462067536	0.24697734304779986
0.35162995920686013	0.40084095050132285	0.24752909029181713
0.3505511746549455	0.4018253873733364	0.2476234379717182
0.3516494396454268	0.40092760160457686	0.24742295874999648
0.35093469992261883	0.4007741636639172	0.24829113641346404
0.3511427209039036	0.4011203693372924	0.24773690975880414
0.35053540748917617	0.40056912020274593	0.248895472308078
0.3512267823075188	0.4009625572311181	0.24781066046136319
0.35140423111620833	0.401840939797814	0.24675482908597773
0.35092359048627864	0.400640225259513	0.2484361842542085
0.3514186051630367	0.40201839993114685	0.24656299490581657
0.3505712638980822	0.40089183485737967	0.24853690124453826
0.35068510886456605	0.4007849264648551	0.248529964670579
0.3507322147594388	0.4011070057713203	0.24816077946924103
0.3515981377107883	0.40109677760842743	0.24730508468078444
0.3515866911044999	0.4010355212496287	0.24737778764587143
0.3516075833914316	0.4005952261410278	0.24779719046754067
0.35110280893112367	0.402032074262222	0.2468651168066544
0.35124734556103193	0.401644794279124	0.2471078601598442
0.35158983277093714	0.40157459383813543	0.24683557339092752
0.3512672465355638	0.40170594083465105	0.24702681262978526
0.35119206278310605	0.4007765260188334	0.24803141119806071
0.3514640055283358	0.4011707998754694	0.24736519459619494
0.3516250752141019	0.40169561782193386	0.2466793069639643
0.35104603367333925	0.40076018628581095	0.24819378004084988
0.3507620202558813	0.40184597114958504	0.24739200859453375
0.3511281968594541	0.40148991922890764	0.24738188391163835
0.35037404682280116	0.4010128134054359	0.24861313977176308
0.3504872879430881	0.40170012946421474	0.2478125825926973
0.3514921570619007	0.4006233284010721	0.2478845145370273
0.35169042492597025	0.4012586055301275	0.24705096954390243
0.3513575935572474	0.401494829041087	0.2471475774016657
0.35111129160180143	0.4014487373615244	0.24743997103667428
0.3513140516753305	0.4006564755702556	0.24802947275441403
0.3513773420578485	0.40116504040084683	0.24745761754130483
0.35071290986907216	0.40199069491324635	0.2472963952176816
0.35104737751822135	0.40134838095832087	0.24760424152345786
0.35128973301368444	0.4007432339390952	0.24796703304722045
0.3504308441706291	0.40176252000044405	0.247806635828927
0.35136062417859326	0.4020015452567943	0.24663783056461253
0.3514067152815029	0.40091206263255236	0.24768122208594487
0.35048692520975655	0.4017854079860064	0.24772766680423713
0.3509458852566941	0.40152924759245534	0.24752486715085067
0.35087191592591094	0.4016259267265689	0.24750215734752032
0.3510259098160434	0.4020225409120548	0.24695154927190188
0.3506961605446583	0.40070486684224577	0.24859897261309602
0.3506965577549	0.40073690332701	0.2485665389180901
0.3505861865984965	0.4010456558963316	0.248368157505172
0.3509427085147298	0.4020067305565633	0.24705056092870703
0.3507591096804345	0.40056385374814374	0.2486770365714219
0.35091669216178645	0.40102808180847205	0.24805522602974164
0.3512377002203335	0.4009400434531715	0.2478222563264951
0.3506030717084967	0.40192116763620633	0.2474757606552971
0.3513379745464446	0.4019709211519995	0.24669110430155594
0.35115223395949813	0.40129151490694714	0.24755625113355484
0.35126243385684863	0.4006178055158374	0.24811976062731406
0.35161967593472865	0.40063878839627093	0.2477415356690006
0.35045851745812023	0.40087529186571136	0.24866619067616852
0.35074372220831823	0.4011512382304663	0.24810503956121557
0.35148514123495234	0.40199668499619406	0.24651817376885368
0.35069929658705684	0.4006939203405998	0.24860678307234346
0.351603412871588	0.4016358147961365	0.24676077233227559
0.350372414639156	0.40131084511665854	0.24831674024418554
0.35166075384005413	0.400962050491842	0.24737719566810393
0.3509236013313813	0.40137811916296895	0.24769827950564988
0.3505808910092979	0.40155181498987247	0.24786729400082974
0.35098523296970374	0.4011909151943901	0.24782385183590627
0.35094799615617633	0.40142747557602265	0.24762452826780118
0.35119274338434703	0.401168394733147	0.24763886188250606
0.35079705002447337	0.40080180138312493	0.24840114859240178
0.35163890272850606	0.4013286442569097	0.24703245301458435
0.35146840426509285	0.40112175077959444	0.24740984495531282
0.3508880890893177	0.40112956463745386	0.24798234627322857
0.3507940279504046	0.40186284571924347	0.24734312633035202
0.3509477344599204	0.4010316330798305	0.24802063246024922
0.35104320113148324	0.40158809888759506	0.2473686999809218
0.35079093319660326	0.4017166992996483	0.24749236750374853
0.3507178459293208	0.4014736488816457	0.24780850518903363
0.35118417682696557	0.40201731862083745	0.2467985045521971
0.35062253592520776	0.4018863123221819	0.24749115175261044
0.3509758638996549	0.40172463374415196	0.24729950235619325
0.35127150712465305	0.40200458906068637	0.2467239038146607
0.3516482524585492	0.4011231645691847	0.24722858297226621
0.3515433392103618	0.4008139251681717	0.24764273562146655
0.35112521694642335	0.4009393759726848	0.24793540708089196
0.35091487146951095	0.4020168044398278	0.24706832409066137
0.35041654666109434	0.4012154606012019	0.24836799273770385
0.350818730055484	0.40110553333986015	0.24807573660465596
0.3510073632893558	0.40201768782997566	0.24697494888066868
0.35073394456824863	0.40196631890457735	0.24729973652717416
0.3510954310464319	0.40062072561329737	0.24828384334027082
0.35093415122237387	0.40092072322366384	0.2481451255539624
0.3503581870249705	0.4011798408008722	0.24846197217415733
0.35139104076509736	0.4008992817660507	0.24770967746885203
0.350950033088064	0.4013826075609297	0.2476673593510064
0.3506149320514775	0.401804032215017	0.24758103573350565
0.35163055000658233	0.4015460340585653	0.2468234159348525
0.3514523208394113	0.40107979098180413	0.24746788817878462
0.3508589761725931	0.40064708746403854	0.2484939363633685
0.35142610591902107	0.4013603915688343	0.24721350251214474
0.351130025680142	0.400726132797557	0.24814384152230118
0.351168304261787	0.4014549704230326	0.2473767253151805
0.35064814244604	0.40137008493501347	0.24798177261894666
0.35079934270031093	0.40160764508043284	0.24759301221925634
0.3506749833550302	0.4012775566210772	0.2480474600238927
0.35051732895813476	0.4016408145974394	0.24784185644442602
0.35090227625212844	0.40105669445573144	0.2480410292921402
0.35057119469393694	0.4006775891814359	0.24875121612462722
0.35046816492701005	0.4015191028946292	0.24801273217836078
0.3510068703767747	0.4012808105473066	0.24771231907591884
0.35120838176617014	0.4007091766929195	0.24808244154091047
0.3510176022138788	0.40191450026102915	0.24706789752509214
0.35161943987448185	0.4005632837788333	0.247817276346685
0.3505718217809156	0.4012434065946002	0.24818477162448427
0.3515862286463154	0.4014325550242141	0.24698121632947062
0.35097759007966584	0.40095493420242384	0.2480674757179104
0.35062112023328623	0.40152769281875283	0.24785118694796104
0.3511386929489837	0.40077428357537465	0.24808702347564174
0.35083283692171446	0.4014854183130498	0.24768174476523588
0.35136791115140487	0.40163584866529745	0.2469962401832978
0.35065158416743974	0.40103156478084284	0.2483168510517175
0.351118909987441	0.4013868349197165	0.24749425509284262
0.35156046182057293	0.401667874178968	0.2467716640004592
0.3510777048360035	0.40141191659932435	0.24751037856467228
0.3514979751254545	0.4015152346688958	0.2469867902056498
0.3513011753700198	0.40086356846180304	0.24783525616817725
0.3513271348136199	0.40116380868174556	0.2475090565046347
0.35106891957347586	0.4006660668052635	0.24826501362126074
0.35101722350310005	0.4013236310901379	0.24765914540676215
0.35057353110303924	0.40129829791420735	0.24812817098275347
0.35084965441738225	0.4016919339672372	0.24745841161538068
0.351255735755786	0.40098349879561485	0.24776076544859926
0.35101756679770385	0.4018865549362462	0.24709587826605006
0.35062785996703705	0.40126941875551186	0.24810272127745123
0.35113245272347704	0.4019996780754324	0.24686786920109072
0.3514308837415228	0.40103869792317615	0.2475304183353011
0.35152840721883094	0.4017769100601279	0.2466946827210413
0.35060430799330194	0.4006128144198979	0.24878287758680034
0.3514440573981408	0.40140567056301363	0.24715027203884576
0.35105855968640376	0.401375241824518	0.24756619848907835
0.3509316234978333	0.40186575397072444	0.24720262253144237
0.35124592843286134	0.40105683067017656	0.24769724089696218
0.35103051028888055	0.4006359943759664	0.2483334953351532
0.35041915701848086	0.4016326557894587	0.24794818719206052
0.350629315774387	0.4017050249634688	0.2476656592621443
0.3511871751921319	0.4020358666779031	0.24677695812996514
0.3514102901876671	0.4011323837536306	0.2474573260587024
0.3513986621763783	0.40192795821293026	0.24667337961069155
0.3506319887220618	0.4008214146789917	0.24854659659894662
0.35149498929105427	0.40123049511931375	0.2472745155896321
0.3510024675933948	0.40109569554070634	0.24790183686589895
0.3506750733488068	0.40189679566446956	0.24742813098672373
0.35048141745569966	0.4007369777687193	0.24878160477558114
0.35134395366430154	0.4014887434613549	0.2471673028743437
0.35102311488635335	0.4009997158150006	0.24797716929864613
0.3510022576084305	0.400865325102405	0.24813241728916452
0.3511190482546953	0.40167446119688993	0.24720649054841487
0.3506125045401411	0.4005656933083408	0.24882180215151822
0.35063965965992444	0.40174584496181415	0.24761449537826152
0.35067411784298436	0.4010007769271513	0.24832510522986442
0.3505702754690983	0.4011983698165005	0.24823135471440133
0.3515578659080075	0.40161388858398256	0.24682824550801005
0.3516038512699817	0.40133233491259246	0.24706381381742593
0.3503637829883272	0.40118079695232767	0.2484554200593452
0.3512447663744852	0.40121570033134457	0.24753953329417033
0.35035369026032415	0.4007864749791384	0.24885983476053755
0.3509001691919122	0.4006852282840311	0.24841460252405687
0.3503642818084706	0.4013378847393109	0.24829783345221854
0.3509248439020205	0.4014665107944228	0.24760864530355678
0.35035288394028535	0.40148579325616973	0.24816132280354497
0.35085763409904075	0.40107661108999254	0.24806575481096682
0.3505752493526421	0.4011137136036734	0.24831103704368457
0.350729740773961	0.4006129146011741	0.248657344624865
0.3513354715878379	0.4016763531025269	0.2469881753096353
0.3505259425206939	0.40082009757625403	0.24865395990305214
0.3508791265014513	0.4008566910697684	0.2482641824287804
0.35145838701648896	0.40111496853923323	0.2474266444442779
0.3511466705195162	0.4008487090641314	0.24800462041635252
0.35049258287001966	0.40130459776847865	0.2482028193615018
0.3508638128587026	0.40120516237819026	0.24793102476310727
0.35049772071781266	0.4019564472491468	0.24754583203304065
0.3511089816550798	0.40097889081464877	0.24791212753027153
0.35105223147420317	0.40139439125680415	0.2475533772689928
0.3515694808942378	0.4018114900376054	0.24661902906815691
0.3511424247234371	0.401431734648253	0.24742584062831
0.35036665148741086	0.4015932855869637	0.24804006292562558
0.3510076299411822	0.4013244346011564	0.24766793545766153
0.3512692856624721	0.4015414281100872	0.24718928622744074
0.3507472591881178	0.4010569679784973	0.248195772833385
0.35083590123327735	0.4005795577449059	0.2485845410218169
0.35080917154638974	0.4017676567610113	0.2474231716925991
0.35054921524590227	0.400581464666699	0.24886932008739882
0.35146720000718135	0.4013852249076231	0.24714757508519572
0.3507796850938484	0.4010757912491683	0.24814452365698342
0.3509638163883436	0.40065823672344897	0.24837794688820755
0.3510882741830893	0.4016087917791842	0.24730293403772663
0.35058922725141994	0.4013756294751899	0.24803514327339024
0.35156931826668747	0.4005746221149348	0.24785605961837787
0.35138783765771503	0.401768060276812	0.24684410206547308
0.3512147237255878	0.40103564970256766	0.24774962657184463
0.3515995826154306	0.4012420746766523	0.2471583427079172
0.3515530411337119	0.40193076013260387	0.24651619873368436
0.35150447005925456	0.40191788390641264	0.2465776460343329
0.350522162736339	0.401425392898901	0.2480524443647601
0.3509807762420329	0.40080502165237064	0.24821420210559658
0.35137702944948646	0.4016653555182049	0.24695761503230876
0.3509360477426983	0.40142123932297796	0.24764271293432383
0.3506609488961131	0.4020318358531258	0.24730721525076121
0.3505185807494222	0.40124709940019365	0.24823431985038424
0.35120811956573794	0.401413291615339	0.24737858881892313
0.3512215679583743	0.4006561383226872	0.24812229371893862
0.35054410478279246	0.40165993116525783	0.24779596405194984
0.3511980041437806	0.40106069950555695	0.24774129635066255
0.3516568922424409	0.40092512697935495	0.24741798077820426
0.3511203581214602	0.4008271366455457	0.2480525052329942
0.3509381862004734	0.4006909998217911	0.24837081397773558
0.3512394442430125	0.40168295000638954	0.247077605750598
0.3514252991097684	0.40134783417813047	0.24722686671210126
0.35083746152998624	0.40191292837512327	0.2472496100948906
0.351218873372202	0.40099680437648344	0.24778432225131475
0.3504382776598717	0.40073381084815957	0.24882791149196887
0.35082934099481566	0.40139692999739457	0.24777372900778988
0.350424848569614	0.4014166463044424	0.24815850512594378
0.3513449420980711	0.40197993112212294	0.24667512677980608
0.35099048495103496	0.40129137348387667	0.24771814156508848
0.3506887616719591	0.40061096861172973	0.24870026971631126
0.35108066335837146	0.4015441410081357	0.24737519563349297
0.35145020385465175	0.40171209100101035	0.24683770514433806
0.3513469618865533	0.40110627891548745	0.24754675919795943
0.35154312872007365	0.4007058633919645	0.24775100788796195
0.35068574886247666	0.4011130090597683	0.24820124207775507
0.35093615912323123	0.40056492618779294	0.24849891468897595
0.3514941563177243	0.4017295936772092	0.24677625000506664
0.35103452490747145	0.40067689583546	0.24828857925706863
0.35091300828426014	0.4014051812283429	0.24768181048739704
0.35152159359172463	0.40178826348856056	0.24669014291971492
0.35097883965343063	0.4011443970424967	0.24787676330407277
0.35124093945582086	0.40066232449260847	0.24809673605157073
0.3516825275374884	0.40181597781948164	0.24650149464303006
0.35152668417440036	0.4015326978928178	0.24694061793278194
0.3508067591495407	0.40058718705390367	0.24860605379655576
0.35062491375960825	0.40085690205454405	0.2485181841858478
0.35053436783625835	0.40090620061932425	0.24855943154441754
0.35099598565611806	0.4010658874163906	0.24793812692749148
0.3507724657764241	0.4009934721134478	0.24823406211012816
0.35106878406430975	0.4018990504929535	0.24703216544273685
0.3507293922493664	0.40073818380647447	0.24853242394415925
0.351322962340717	0.4008220340935986	0.2478550035656845
0.35160199228387756	0.40101315188087794	0.24738485583524455
0.35135496835062796	0.4013557361969535	0.24728929545241857
0.3516000058856863	0.40166444808403573	0.24673554603027809
0.35101000752090705	0.40178420442887175	0.24720578805022125
0.3505237904500462	0.40155070235535806	0.24792550719459583
0.3505578953308147	0.4011444967334368	0.2482976079357486
0.35065696869673346	0.4005854196700433	0.24875761163322335
0.35125939759322966	0.40150627386972715	0.24723432853704333
0.35107345366869225	0.4019665345041725	0.24696001182713534
0.350674154906585	0.4019694002031015	0.2473564448903136
0.35080852993324685	0.4009651813361213	0.24822628873063196
0.3507705031387737	0.40056613851869516	0.24866335834253123
0.3503939736563345	0.40124859131526314	0.2483574350284025
0.35135577248173366	0.40161767089290357	0.24702655662536283
0.3515019059067006	0.4020135637288237	0.24648453036447582
0.3514712482089159	0.40155949252092105	0.2469692592701632
0.3510543447268224	0.401525718259681	0.24741993701349668
0.3508508828488929	0.40109241957421904	0.2480566975768882
0.35134173342687813	0.4010430710648916	0.24761519550823036
0.3507858254401667	0.40116672903931205	0.24804744552052138
0.3511431209528808	0.4019634134433038	0.24689346560381553
0.3504480427752621	0.40091173297198557	0.24864022425275245
0.35130451212232444	0.40103860930153884	0.24765687857613683
0.35157850081648045	0.400759853090552	0.24766164609296765
0.35090300370097993	0.4012866480173899	0.24781034828163032
0.3508873498919823	0.40191786956452885	0.24719478054348898
0.35085262672463674	0.4015354665397682	0.24761190673559516
0.350499183218989	0.4008585270457712	0.24864228973523994
0.35096780723821447	0.4016018741278452	0.24743031863394038
0.3504402630525532	0.4007952306280287	0.2487645063194182
0.3514495915803803	0.4009376446904237	0.24761276372919608
0.35093328737632923	0.40150675363074834	0.24755995899292252
0.35109902955517386	0.4013600801254411	0.24754089031938514
0.3513971496380027	0.4016843004234124	0.24691854993858497
0.3505646898423036	0.40202122644235827	0.24741408371533824
0.3514793153127429	0.40191836573002526	0.24660231895723198
0.35080870485833027	0.4007394462882764	0.24845184885339344
0.35099288026747216	0.4012253701099766	0.24778174962255134
0.3515995871959654	0.40084639557033686	0.24755401723369788
0.350622819046558	0.40175746901163134	0.2476197119418108
0.35087410473833613	0.4006595005347625	0.24846639472690146
0.3514900088872538	0.4015052076382249	0.24700478347452137
0.3511236411092759	0.40108730366048595	0.24778905523023823
0.35073051251441156	0.4015599443350338	0.24770954315055477
0.35047965899832473	0.401617197369706	0.24790314363196936
0.3512441964729914	0.4010456265169632	0.24771017701004552
0.3505642137227807	0.4020098405366404	0.24742594574057902
0.35146852719701394	0.40122750311958066	0.24730396968340557
0.35090894681973567	0.4015882243067758	0.24750282887348862
0.351340439625625	0.4014847614554952	0.24717479891887983
0.3512432209877468	0.40190538858889757	0.24685139042335574
0.3516372549885075	0.4018666638413529	0.24649608117013969
0.3512538132818934	0.4007940801637973	0.24795210655430938
0.3509418380048477	0.40185596672879836	0.24720219526635406
0.3507328468825166	0.40075523002437874	0.2485119230931048
0.3510958785912468	0.4008399725635486	0.2480641488452047
0.3506077045442796	0.40058908594739345	0.24880320950832704
0.3513139256811736	0.40154480876464205	0.24714126555418453
0.3514879121546872	0.401960489546333	0.24655159829897982
0.3510382990467212	0.40102552742542824	0.24793617352785072
0.3510492854156069	0.4015014253399378	0.24744928924445536
0.3513460724548782	0.4005677143020002	0.2480862132431217
0.3509271359477475	0.40203922256477326	0.24703364148747936
0.3506008746992628	0.4018406175656182	0.2475585077351191
0.3506256141894529	0.4010543335921895	0.2483200522183577
0.35086719705650166	0.4013334856453667	0.2477993172981318
0.3506364597774231	0.4007379175027729	0.24862562271980418
0.3505736544762787	0.40062241462137504	0.2488039309023464
0.3506694095755859	0.4009041188497159	0.24842647157469838
0.3514455690971412	0.4012180900967776	0.24733634080608133
0.35056406495195186	0.40119173769709077	0.24824419735095746
0.35135578605968343	0.40069058069733327	0.24795363324298342
0.35164698506586906	0.4009340784845395	0.2474189364495916
0.3510562626785947	0.40062238517197896	0.24832135214942647
0.3505399765025592	0.4012763302031264	0.24818369329431447
0.3513684192173287	0.4012079967110341	0.24742358407163734
0.3504337204187584	0.4009558996394522	0.24861037994178947
0.35043313379633884	0.40079788706765596	0.24876897913600532
0.35074096272979205	0.40118801313401126	0.24807102413619675
0.3509815912784072	0.40195611836976786	0.24706229035182503
0.3510640031300665	0.4016336505906579	0.24730234627927572
0.3512355294978567	0.40062984408902086	0.24813462641312253
0.350670144577201	0.4020095400678553	0.24732031535494375
0.35162773693047533	0.40114594299039996	0.2472263200791248
0.35142059212204985	0.4020481265508833	0.246531281327067
0.3511168352994849	0.4010215239816243	0.24786164071889094
0.35102047375318945	0.4016576041101895	0.2473219221366212
0.3515887831186631	0.40106501513169257	0.24734620174964447
0.3515540084547253	0.40075394603404785	0.24769204551122698
0.35157828446128025	0.4013522593210431	0.24706945621767668
0.3505748782640049	0.401129975178142	0.24829514655785323
0.35168207856397254	0.4011581333290246	0.24715978810700295
0.350969660947515	0.40175677371361396	0.24727356533887115
0.35063142646455436	0.4013165295342728	0.24805204400117292
0.3510633179510543	0.40085245231533806	0.24808422973360778
0.3506846793502673	0.40186915962146075	0.24744616102827205
0.3515741077894371	0.40084482749030115	0.24758106472026192
0.3507394949663061	0.40065657480657685	0.24860393022711721
0.3507291806936314	0.4019765281775176	0.24729429112885107
0.3516699684165912	0.4016162959959675	0.2467137355874414
0.3507026028560774	0.4020460747431836	0.24725132240073913
0.3508356311007954	0.4007386759655318	0.24842569293367295
0.35079375537665236	0.4013755421537167	0.24783070246963107
0.35091098036222573	0.40064721726515645	0.24844180237261793
0.35036812651392324	0.40095713099603353	0.24867474249004334
0.3511079851989796	0.4013971618463853	0.24749485295463522
0.35060186322822523	0.40092392261659743	0.24847421415517745
0.3512223395464956	0.4008342300538364	0.2479434303996681
0.35096316158300234	0.4011623474593744	0.24787449095762334
0.35124493166975146	0.4018650237312632	0.24689004459898542
0.3507789407645395	0.40186118514533375	0.24735987409012683
0.3509983479779163	0.4010205064064255	0.24798114561565832
0.35134115413164735	0.4005764993725013	0.24808234649585148
0.3511927084360254	0.4014771000144509	0.24733019154952382
0.35080255577323766	0.4015793633393087	0.24761808088745374
0.3505030049596555	0.4019517623095773	0.24754523273076734
0.35078855475930615	0.4012643198486934	0.2479471253920006
0.35042791699243325	0.40142746167197635	0.24814462133559048
0.3513231305131168	0.4009108575264103	0.24776601196047296
0.3504913333085653	0.4018105876064946	0.24769807908494024
0.3507898807913829	0.40121684803813595	0.24799327117048128
0.35130480114598933	0.40107346750351336	0.24762173135049736
0.3511028750382802	0.4019622685489213	0.24693485641279858
0.3514271028248634	0.4008776031092196	0.24769529406591706
0.350577400150277	0.4006855273218364	0.24873707252788677
0.35086607310863294	0.40160971669045586	0.24752421020091128
0.35156046546363506	0.4012706728758735	0.24716886166049157
0.35160877869857715	0.400651484621652	0.24773973667977095
0.3510700531321411	0.4008681833632927	0.24806176350456627
0.35075959454535033	0.40177659341701477	0.247463812037635
0.3514025512557471	0.40163569946177624	0.24696174928247677
0.35052635821749983	0.4011412210879777	0.24833242069452258
0.3507969057424555	0.40131656802905447	0.24788652622849017
0.3514710846241921	0.40181175733650576	0.24671715803930228
0.35080331616207194	0.4009217783834447	0.2482749054544834
0.3505724811415315	0.40073027882269074	0.2486972400357779
0.35107935153644176	0.4014056047939784	0.2475150436695799
0.3506336793590643	0.4018187843558859	0.24754753628504989
0.3509091668452228	0.4008964129958853	0.24819442015889207
0.35051056227627836	0.4015602324787683	0.2479292052449534
0.35043315939066166	0.401377662565398	0.24818917804394044
0.3504374296113265	0.40081050295621756	0.24875206743245604
0.35073906096330054	0.40155686268864255	0.24770407634805702
0.35050863406110266	0.401654452048121	0.2478369138907764
0.3504601019290808	0.4008972254822067	0.24864267258871264
0.35073419879841167	0.40169032417825945	0.247575477023329
0.35130798631164256	0.4009399771024309	0.24775203658592665
0.35116936242317337	0.40150690656993354	0.24732373100689323
0.3507762399195553	0.40163914350563945	0.24758461657480535
0.3515580663322935	0.40179021023965433	0.2466517234280523
0.35096015219594234	0.40157280648390375	0.24746704132015407
0.35076481133517823	0.40134753396516565	0.24788765469965623
0.3512127816830178	0.4018375190282875	0.2469496992886948
0.3510017260319735	0.40118750771050243	0.2478107662575242
0.3513476035325675	0.4006102467398178	0.24804214972761476
0.35056582406240444	0.4015722676324709	0.24786190830512475
0.3510497272818171	0.4019277850728794	0.24702248764530363
0.35130090439518225	0.40191852071635475	0.2467805748884631
0.35077396640915065	0.4015121001781974	0.24771393341265213
0.35154095822504905	0.4006086171409743	0.2478504246339768
0.35144984871131907	0.4010177169854213	0.2475324343032597
0.35105038005325095	0.4011950595772938	0.24775456036945537
0.35163337528072214	0.40082871265539316	0.24753791206388484
0.3507537314276801	0.4005676950387942	0.24867857353352577
0.3511564048317536	0.4017276397628383	0.2471159554054082
0.35150071971101005	0.401863150479228	0.24663612980976204
0.3507474554971427	0.400688519061675	0.24856402544118245
0.3506949463427658	0.40076852493548054	0.24853652872175375
0.3507389388941777	0.4014522477323315	0.24780881337349092
0.35145262555658396	0.40124656752448024	0.2473008069189359
0.3515043554319618	0.4007674673657433	0.247728177202295
0.3507599102880813	0.4016688949345511	0.2475711947773677
0.3504252746842529	0.4017838537206324	0.2477908715951148
0.3511212566194487	0.4010634287524317	0.24781531462811962
0.3506290900581443	0.40112440650620557	0.24824650343565025
0.35092123050410406	0.4014047176976385	0.24767405179825755
0.35071526973159733	0.4009659610211206	0.2483187692472822
0.35132303792140396	0.401637427772208	0.24703953430638814
0.35138732328468214	0.4016322342425359	0.246980442472782
0.3505572805620552	0.40076051979321337	0.2486821996447316
0.3503526648248493	0.40198892160887845	0.2476584135662724
0.3510755717222126	0.40164706583747345	0.24727736244031406
0.35119543851820184	0.40145972316744716	0.24734483831435114
0.3509966892228056	0.4018099107517103	0.24719340002548423
0.3508348147998318	0.40149250719461865	0.24767267800554965
0.3516135193045008	0.4010481761981426	0.24733830449735666
0.35115424644036275	0.4018845942212048	0.2469611593384326
0.35147224874460653	0.4007676897198261	0.24776006153556748
0.3511359394793568	0.4012220380569674	0.24764202246367598
0.35068522706623434	0.4015835081987381	0.24773126473502766
0.35098573036508784	0.40171445729498184	0.24729981233993042
0.3514291418813814	0.4017260043626825	0.2468448537559362
0.35085343529494095	0.400881561045339	0.24826500365972018
0.351392638365748	0.40160012609055246	0.2470072355436996
0.3505354216233789	0.4007240759908041	0.24874050238581707
0.3507880880697965	0.4012908120074118	0.24792109992279185
0.3515660447960516	0.4009244041617319	0.2475095510422166
0.35049648884429657	0.4009057937759255	0.24859771737977804
0.3509190653348705	0.4009034894817488	0.2481774451833808
0.3507533100496286	0.40103946224261144	0.24820722770776005
0.35115704684994187	0.4006863570001745	0.24815659614988367
0.35077629402705474	0.40058332871069247	0.24864037726225294
0.3507462621383861	0.40130251113586535	0.24795122672574865
0.3511014941893334	0.4015367391852836	0.24736176662538312
0.35151544605764673	0.40177676025499887	0.24670779368735452
0.3514189201889788	0.40135558390667664	0.24722549590434464
0.3509573488862567	0.4013309061831626	0.24771174493058087
0.3514519756476289	0.4015032588169518	0.24704476553541938
0.3510970473792597	0.40162508501949695	0.24727786760124348
0.35091391125360955	0.40168976905587483	0.24739631969051573
0.3504388064066153	0.4019277502325299	0.2476334433608549
0.3514841663704431	0.4011071157917583	0.24740871783779875
0.3515309552961774	0.4009241611414437	0.247544883562379
0.35157272333257455	0.401694552432706	0.24673272423471948
0.3509703160249439	0.40173056264910895	0.24729912132594728
0.35039419337931704	0.4007599912866757	0.24884581533400732
0.35111701857882405	0.40065028861421265	0.24823269280696342
0.3512848792046521	0.4012490244855953	0.2474660963097527
0.3514459836934487	0.4010322840358712	0.24752173227068017
0.3516905759398993	0.40129400529496984	0.24701541876513097
0.3510743242487455	0.4006191588065272	0.24830651694472738
0.3503715996089283	0.40200455469398	0.2476238456970918
0.3512880514243078	0.40150867831506365	0.2472032702606286
0.35155974219861874	0.4012716399901564	0.24716861781122498
0.3511011288019526	0.40109011609172857	0.24780875510631895
0.35037439438476686	0.40182996411159866	0.24779564150363456
0.3515208100502877	0.4014257592956941	0.24705343065401839
0.3505920800545464	0.4017130592515793	0.24769486069387447
0.3513051398579572	0.4015601156993064	0.24713474444273656
0.3505884134661057	0.40150515967842176	0.24790642685547265
0.35073165727147554	0.40078773721118965	0.24848060551733497
0.351627122975923	0.4010896218834076	0.24728325514066948
0.35062662381239734	0.401762996563982	0.24761037962362076
0.3511726179630671	0.4017730811291885	0.24705430090774447
0.3511743462974476	0.4019532354166556	0.24687241828589687
0.35099477357035025	0.4019116444225985	0.24709358200705134
0.3513094289565822	0.4006363549462758	0.24805421609714212
0.35073332030536086	0.40147472319906663	0.24779195649557262
0.35156529940645015	0.40114897195353066	0.24728572864001927
0.35094185408350065	0.40192026045063967	0.2471378854658598
