0.12600214250878572	0.017131184953517495	0.13325518812920717	0.13606869663415894	0.0784975627463742	0.19231006699188008	0.07957142491930466	0.047971713009072686	0.041351224678035994	0.14784079542966294
0.03172192090153829	0.06756236551042918	0.08841319048332359	0.1746895230867052	0.09196421742394985	0.22220880152083777	0.07401744167055965	0.052919165497033765	0.03873990669189922	0.15776346721372345
0.06003365736605392	0.007856776272160082	0.09762786318709428	0.19931899386725918	0.074286405148032	0.2231246062049349	0.09736899908525389	0.04548148079434918	0.03178100559422825	0.1631202124806343
0.03160051913456517	0.07102659063399773	0.09521469144886713	0.18900156036060184	0.08377782566340446	0.18419830715864427	0.0800637579331581	0.056015769363699175	0.03382938543839997	0.17527159286466215
0.08747915569917418	0.05561024473998657	0.1343049106553907	0.16869326522831862	0.07227080950667299	0.17019242832323256	0.06560213145910776	0.04701954816456906	0.03524082170307634	0.16358668452047115
0.1180354839460954	0.022404595805064903	0.08873070125880414	0.13266944409662448	0.09568168842773905	0.21830023613143051	0.060158709288318575	0.04942972236856358	0.05403450784846929	0.16055491082888995
0.07651770658563933	0.10166044699956785	0.09652698314662765	0.1366926941803388	0.07966859364234402	0.1986964257935076	0.06540627869792129	0.051272402376614075	0.035875921507172615	0.15768254707026674
0.11343554377209197	0.052617990378509456	0.10163116134261622	0.18254323112462933	0.06849717912436482	0.17022473832113472	0.0763897366892429	0.05416067717346563	0.037287259018573535	0.14321248305537138
0.120035404637739	0.03921280782826381	0.10801580841200599	0.13292788121444613	0.06845420440074435	0.21202885211856976	0.09248843800628463	0.043669378123802956	0.0389417621135159	0.1442254631446274
0.07073835749604354	0.03954817200479926	0.1499088628004394	0.16782100660937327	0.07702910861699543	0.19509572845092127	0.06750873576296806	0.05509577157625995	0.04059510337892981	0.13665915330327
0.025277451532128542	0.09004858024398295	0.12546629204947113	0.16801813937321153	0.07185842359699895	0.17754358850598478	0.10390201672128013	0.048878755179460436	0.04291648761990718	0.14609026517757445
0.10103864879944463	0.07122564675075749	0.10035403830579914	0.13871913464928126	0.0820830385200928	0.20803307331216342	0.06710814600750824	0.04996473697864762	0.030679060055551127	0.15079447662075426
0.05486441025133909	0.05548391576356443	0.12753345606343566	0.19440857152081642	0.08195970948021736	0.17615772774790012	0.06546348960367265	0.051813307321595815	0.05354545880388837	0.13876995344357013
0.03827024445574184	0.017852827547076358	0.12701315485005946	0.14917074395666277	0.08038735233506758	0.21931756018202614	0.09615870439900333	0.04705954559740646	0.047400534696042294	0.17736933198091376
0.07880618362090275	0.004560991918308957	0.15011860007896724	0.141481370387712	0.09180095555157439	0.22010543002616345	0.05861865370414701	0.05233606765908128	0.058118857795362924	0.14405288925777995
0.12467482931673834	0.008299594360994589	0.11036348947848035	0.14937133900108257	0.09073779190315263	0.18379719358873223	0.07251827007011302	0.047749735982367286	0.051904873819646785	0.16058288247869207
0.0842477377135618	0.09230242146102147	0.09107793253308043	0.13613302742024647	0.08053007768744846	0.17629922371064372	0.08797328346278782	0.045952516657629276	0.05459644786584039	0.15088733148774014
0.03458524126380415	0.13386642125086376	0.09671237208823442	0.15819873636299242	0.08079935353754471	0.17948387765952722	0.08377731638164765	0.044180480259237806	0.04546993578748747	0.14292626540866038
0.09090932214918317	0.04113338117189934	0.12006072699294387	0.15493775635152102	0.06906206897127062	0.19091396494854493	0.06921701830137189	0.04897390740095158	0.04285833811755618	0.1719335155947574
0.1086208146045923	0.06154359884891499	0.0991552464186418	0.1490600371179154	0.08414773608846236	0.18396778067821717	0.06346976921253566	0.05038423282378734	0.038657227217664486	0.16099355698926845
0.07498384320653034	0.05553320638480609	0.14495268617679508	0.15342432987412455	0.07069424904537686	0.18225401218542986	0.05943285275513596	0.0525219773121146	0.04937734328940905	0.15682549977027754
0.152046302785803	0.014461362730159785	0.11201976777553248	0.15777547790721475	0.0865325845903531	0.1701817720510216	0.07019718447189432	0.04799430834530192	0.04467482540382447	0.14411641393889452
0.03558849765148371	0.05017339007175204	0.09873982949599402	0.1896128002683835	0.08929022764544442	0.20687047631523237	0.05749173017625916	0.04682588063989402	0.05041558654737244	0.1749915811881843
0.09494180302960689	0.042794532041112346	0.13554529196641468	0.1364727184316186	0.08819098257209329	0.17209366291002967	0.08534017233738031	0.04277287173325591	0.04981603749464917	0.15203192748383906
0.08844748285954554	0.012566147262719277	0.1425354809666687	0.16014349654685678	0.08889305431447525	0.21850104392941933	0.06380001248046001	0.05268540350568614	0.0393816408271556	0.13304623730701332
0.10080532223813134	0.0045351053510171435	0.10129108053447158	0.14079737508971152	0.09284405835695048	0.1973544936360188	0.08104172380774541	0.051580759586905826	0.05185817674216767	0.1778919046568802
0.13929606799526983	0.009368851858095564	0.11269501642775036	0.1331478099681726	0.09188459929482408	0.19421768109400103	0.09344000262175636	0.04367806060792552	0.0400635365943131	0.14220837353789145
0.048636908701988335	0.09346658782436697	0.14504036130236145	0.16408010786259686	0.0766515153112438	0.17532381590098722	0.05791741099371954	0.04684940576754768	0.04938746603381968	0.14264642030136843
0.044326933301621116	0.12767900054117934	0.09041046871667442	0.15426921267969948	0.08274492188122912	0.21017055733686102	0.06534079825647177	0.04405158531638589	0.03626388762084677	0.14474263434903106
0.06922636774984844	0.04135893569344242	0.09848544140746103	0.18311937606552361	0.09581074446514641	0.19402749680652515	0.06529161373526893	0.04835043711174061	0.03918600585597701	0.16514358110906635
0.09373059905482149	0.01884998521161599	0.1169041752108529	0.1823629004413357	0.08565504647394373	0.20274151323294873	0.0648342626549833	0.045713498422561324	0.04688789873494662	0.14232012056199017
0.053888829653067995	0.018553026407249082	0.1263294186441105	0.1678297984080201	0.08972494132118716	0.1864748549918202	0.10155846331764058	0.047125727052709794	0.04857258168038707	0.1599423585238075
0.0430372944284064	0.0791776401382108	0.11382611333373233	0.16335389300145048	0.09099189565607146	0.18936381349804493	0.098012181679185	0.04803349938099145	0.030917427834799158	0.14328624104910798
0.07321080211066114	0.027582199888960796	0.14076537057956204	0.1405975789607068	0.09002687397603354	0.17426197464343396	0.07504256852572828	0.052141785200810996	0.05376974000487866	0.17260110610922375
0.0595673974610704	0.004927757294384452	0.12073587766534229	0.17321251079942446	0.09468792058336567	0.2022767142670865	0.06115359558074909	0.05494007670012882	0.05145355078035214	0.17704459886809618
0.021431599448217542	0.1377097414543653	0.08613598029181598	0.13971932483260824	0.07128554450948434	0.2006051608679757	0.10556600175916377	0.055561331077724936	0.040200067453025595	0.14178524830561862
0.03745868695062669	0.07404009389039375	0.12565863909675573	0.13255148733857078	0.090056429223678	0.18172165675670826	0.10547675834659008	0.048641706552453826	0.03160456662761475	0.1727899752166081
0.065130402866937	0.08088357516327514	0.08907663191392981	0.1618229225744259	0.08172767876146042	0.187059674838117	0.09268756402361855	0.04600115749510116	0.030842639900814067	0.16476775246232095
0.035282917046225354	0.16189898436144864	0.08659217052928038	0.14634570444749323	0.08237023700701282	0.18729033087845692	0.06272935975072381	0.053771420821813416	0.050065652255940084	0.1336532229016053
0.027936854038256645	0.06556710995072158	0.13034612092950604	0.175430070287838	0.08067622711617362	0.19404827414261122	0.06054117247767865	0.05405884774747706	0.03809992735519088	0.17329539595454638
0.08332774309128387	0.03232124125165206	0.12326710064713259	0.15651396173162752	0.07383641657475257	0.17150526466168367	0.10187147377927122	0.04750325404717756	0.048518453846251385	0.16133509036916752
0.03454009613430924	0.07561613016896976	0.1433150857710005	0.1352971346266966	0.09689302673696612	0.2120818398860655	0.08387233062696073	0.0489335926735168	0.03654313761401631	0.13290762576149853
0.025268534148727928	0.05449505651988681	0.08518806171145117	0.19722628496408973	0.08708074592981857	0.19564332948106494	0.08245865172940524	0.0451177311626122	0.05566425020193342	0.17185735415101006
0.029405437654493646	0.10561687062171994	0.13165290006974512	0.132719838934578	0.07546925353358717	0.1819910224104267	0.10176706061537014	0.057207858265860265	0.039175829811002844	0.1449939280832162
0.06108628261602522	0.05258597357969482	0.10257046597421535	0.17907680716292984	0.09687941026342983	0.20709611701556885	0.07292764237454018	0.042234469971634624	0.04298758025309376	0.14255525078886752
0.06747890797452626	0.13322663803096035	0.08702899066116147	0.1319639268108888	0.07024611409994208	0.17746300680449367	0.09540751306739381	0.044895466219157854	0.03373689584772409	0.1585525404837516
0.07363800888545763	0.02395261406069643	0.12863413305524438	0.1433978329397267	0.0962844026443232	0.2099750935545347	0.05822358212500685	0.05540817891877403	0.034413181070840904	0.1760729727453952
0.023864416453822576	0.03247153294451012	0.12597992871015015	0.1854719876571807	0.08036452716496781	0.21446899186094293	0.08692239779259439	0.0434799213821972	0.032191475446677706	0.17478482058695644
0.0783517283593474	0.05810868570232479	0.13762662025488553	0.13986803580585142	0.07726647620106027	0.18415766657112909	0.08979641613084616	0.0465269971376509	0.03494635414147447	0.15335101969542997
0.08207574908450535	0.05574056892760187	0.08950252307136602	0.15073479124273964	0.08974720203393331	0.1768491574634346	0.09077741695711194	0.05157040000580183	0.05627336219754932	0.15672882901595608
0.08473662028347399	0.03355855062919391	0.10918879601804049	0.16740375027691884	0.0890028738617128	0.19320096780536744	0.08968255398404389	0.045065129156321215	0.05407545895157532	0.1340852990333521
0.06186681704254306	0.13897413817514975	0.08568672034640723	0.1307887953509828	0.09161767800998133	0.19461422148620208	0.07199991327648209	0.0482542883591595	0.04466892041443832	0.13152850753865378
0.09879538823668249	0.015929530011672285	0.09075009460802456	0.2048909773164683	0.07694062479989457	0.20676238924785648	0.0789890476085732	0.04489277367273185	0.0462743669064875	0.1357748075916087
0.054551254080412157	0.07562031391349118	0.1367163628805857	0.13120252812064684	0.08281599524665045	0.1705440881630771	0.09270746034016925	0.048236459517078466	0.043757597870409906	0.16384793986747892
0.0679241814866839	0.041406040770930484	0.1098007158177178	0.1754376073771158	0.0820309608555474	0.20064675274075888	0.062133565489176264	0.048688116829713066	0.03510516915866996	0.1768268894736864
0.06331680688216729	0.09715738411333916	0.0973179159549117	0.1997363602247972	0.06939828513721906	0.183772367397674	0.07085994010955958	0.048112906818925064	0.03877279298939194	0.131555240372015
0.049054646414819755	0.11884151343089149	0.08619075242536639	0.1349271854340406	0.08655874047756004	0.1916359599430737	0.08364241660670571	0.04409809410306338	0.05643247770358139	0.14861821346089757
0.029663984561840176	0.10597706608576908	0.08689691236593408	0.15070279955491925	0.07046876604375435	0.1939093252474524	0.07764700160596164	0.05547230506697937	0.056803613088329756	0.1724582263790599
0.16707351200624787	0.020034817725987808	0.08959039268056741	0.16091690228651756	0.08305655690326542	0.16953101630173084	0.06801624803618148	0.0428343945503818	0.048126817365552355	0.15081934214356732
0.05131971658676389	0.013775597562741729	0.14126308289837752	0.15283453042124803	0.09361209894883914	0.20017470832075593	0.058306309389556873	0.05765375146873583	0.05535748581982612	0.17570271858315495
0.14580322508562144	0.032172442840679064	0.08972716987434617	0.16169447292887185	0.0788287047915417	0.17668525590270973	0.07100437228496607	0.053027469350812574	0.0412592936996211	0.14979759324083025
0.029870486017922443	0.04765606082791597	0.11505609280035997	0.18613093205882864	0.06984147348879588	0.22084053004143328	0.09216854419149045	0.05624945119395309	0.04660228453056565	0.13558414484873466
0.07979393021879788	0.03871300552010165	0.1310203031599408	0.14223513548525418	0.07087776457256131	0.19207641938774672	0.07290762946491498	0.04309389865429293	0.05903760611614245	0.1702443074202471
0.04753083980750154	0.08289898113036787	0.0846973407816171	0.13301251784109644	0.08423392223102286	0.20398563517766155	0.10131881579333815	0.05121329401768762	0.04766408824897789	0.163444564970729
0.10549646919427705	0.01356508605222441	0.10616550183627144	0.19198818040630328	0.091617290669206	0.17199599076353833	0.0862152499483157	0.051752586987526585	0.032997372615106116	0.14820627152723106
0.020182135477635935	0.03700028595631054	0.13696016028553124	0.17527078117439587	0.0879775524803431	0.19474116772261552	0.08739044107025457	0.051840896288349446	0.03428271955532468	0.17435385998923913
0.0297199087879733	0.1293117793090538	0.08467469788082817	0.14312424825063697	0.09191176648401382	0.1901405835549283	0.07124006643125197	0.05333243498605195	0.053829725065937195	0.15271478924932452
0.12304596413995483	0.014199236402838003	0.09442089489975941	0.16815428639213123	0.08980530562878204	0.21090474705165135	0.06607174307973798	0.05224176586084222	0.030955466652267283	0.15020058989203555
0.03577631129795952	0.07619850797553766	0.10138576011495268	0.1632292102190563	0.07529758535135547	0.2033241171799195	0.10302899153930992	0.05579696173233247	0.04719348412442348	0.138769070465153
0.07135334354292724	0.018845605942347535	0.13252483877526341	0.16338892798411253	0.07783145233996067	0.19079936583197651	0.09837690070130127	0.05365222355707574	0.04785298756866426	0.1453743537563708
0.02457571479589042	0.15268407015374	0.10406432591926626	0.16045190295779566	0.07680743721619511	0.17347364937418835	0.09393241523449855	0.043754912822206775	0.03203525601363237	0.13822031551258654
0.0541102594076433	0.029603130537150774	0.12423492019331046	0.20494181809166842	0.08871802769326201	0.21231148093242735	0.06116294205750178	0.05195846332688568	0.03270843525647624	0.14025052250367404
0.03189245154642546	0.12004686634327405	0.09828427365005514	0.16015004990861192	0.06900067816198725	0.18220977452519002	0.08253659382761905	0.05420481686215573	0.042785386283538285	0.15888910889114313
0.044611286084767915	0.144238229655487	0.12435344389090765	0.13054703379302895	0.07666738556633916	0.18345118010249853	0.06544969063958764	0.051864427488763264	0.04656382605757162	0.13225349672104827
0.0626493880795178	0.09392656543495667	0.0967324510025631	0.13291185094469882	0.0813256895244224	0.19717718169257348	0.09084543368439225	0.05711587635618667	0.054623791851968265	0.13269177142872055
0.15949651931715725	0.011554051610752875	0.09361553268871091	0.13887357476121348	0.08034455683496913	0.17324345834423732	0.07360566171760956	0.04717409126440949	0.05218125324031064	0.16991130022062925
0.07272587372171234	0.05559419944568176	0.09470040028793156	0.13199154759457524	0.08931919192199604	0.20381414090418798	0.0979874598850717	0.048489545597028234	0.054189338864848016	0.15118830177696713
0.031007730647719944	0.08776808974483016	0.11179081485927657	0.14017933124169143	0.08960350713050984	0.19044745642025807	0.1001076253645174	0.043827504678461096	0.046290609903741155	0.15897733000899436
0.10188277225921802	0.011777931708484304	0.12562112588596794	0.13057638900862134	0.08816760558022024	0.21306656177675914	0.06722758020426803	0.05298768764868913	0.0515429026596465	0.15714944326812533
0.07644893250592967	0.08411284002154323	0.12311909167920287	0.14811775552402437	0.09242192774524237	0.17355523161981629	0.06376457520050915	0.04663924299513973	0.03057851344779182	0.16124188926080044
0.03555077831316643	0.0744284658581179	0.11444674876435385	0.1447097086184409	0.09178848787261659	0.19084758393568457	0.09153612804759982	0.05142973695425213	0.05774940240977824	0.14751295922598956
0.07046963141300894	0.07885532993100128	0.11223999666940904	0.14871832703424498	0.09475984601637388	0.17141677442814435	0.05793799745376431	0.04575187619650418	0.052712102765553166	0.16713811809199586
0.06224868535445978	0.06990775068730819	0.10108299868008556	0.17455105822734396	0.07184737605500269	0.19083499072812693	0.0746109295877299	0.04405557696211993	0.03722365835163313	0.17363697536618988
0.018885095379454944	0.07229119564166281	0.11254520824126886	0.1618315307521147	0.08894013489973557	0.2043229420222581	0.0824431899162384	0.05755275568129327	0.03689819733627635	0.16428975012969704
0.02391610949658486	0.05594978383400408	0.14911299779085233	0.18837566199910627	0.07294072138933586	0.18843341357430618	0.06428569310259608	0.044880904509606384	0.04032126508837296	0.17178344921523503
0.06908049732782243	0.034872679622316896	0.10367577391360576	0.19301762661780067	0.07662010551971911	0.1843756174727995	0.06389800858412535	0.04990326951803993	0.05077515154114514	0.17378126988262516
0.05205692562877643	0.048877235091314246	0.12664837280361205	0.14838036230870716	0.07940018655890978	0.2060011137503423	0.08588357051230029	0.056345636836071855	0.03133582821085945	0.1650707682991064
0.022169665327940527	0.1665683444819509	0.10696346876472133	0.16386812998809736	0.08132520536237237	0.17081078452467818	0.06401950682343976	0.053552040962250455	0.0341223940957273	0.13660045966882184
0.06294565938223427	0.11155768793159074	0.08617667189928768	0.1604150757640612	0.07121486172977856	0.21592352446615262	0.060606802199928395	0.0524254566679853	0.0373758752534417	0.1413583847055395
0.01894931072755897	0.028450595374901314	0.13589640485152293	0.1927106201044172	0.0744872261503665	0.2163256673369658	0.09538924733081848	0.04948189980302226	0.05578415396920857	0.13252487435121796
0.02700607181642424	0.07310901947149603	0.09795558928042077	0.1330227736433803	0.0892880365840228	0.21417290154547863	0.10416038081702472	0.04857761497912655	0.04253881870288787	0.1701687931597381
0.024038390568448934	0.11744100220739129	0.13756343248352154	0.13975521069386068	0.06909612606754978	0.20627966929382877	0.06826470455637146	0.05549112102823573	0.04078091112290269	0.14128943197788915
0.058079757078484416	0.011651108220283549	0.13697122259640812	0.17445279133547553	0.09672344669606599	0.20509874021162777	0.06971633533656624	0.0442065120421236	0.05774338620529759	0.1453567002776672
0.06430450626291241	0.006494067124215214	0.14601922214690832	0.20256652180752702	0.0709294417767746	0.16956889399985436	0.08665110942268409	0.04948321343380352	0.03921170862803457	0.16477131539728584
0.04045846310304893	0.07383331454912428	0.12579256628982827	0.13292063265392784	0.08436460285134298	0.17814606664864926	0.09712472197469404	0.055021045464314314	0.05587285222994932	0.15646573423512078
0.05528488722053737	0.13256206763853476	0.09534879482773043	0.16798785464474963	0.07699861041366489	0.17504296223933757	0.06438720864534234	0.042724526065902296	0.030579172621754316	0.1590839156824464
0.12228555196454627	0.03439857974178287	0.10715913645769423	0.14949945538243184	0.09558257374067956	0.16822566316522886	0.07201147798134844	0.052806700322655734	0.04854247483567033	0.1494883864079618
0.06857640983539792	0.0796894125423234	0.09818849867845471	0.17419613411562956	0.0904465548840674	0.17344859929558176	0.07053368198649201	0.05633074761172786	0.037202136652623966	0.15138782439770138
0.0609904360462687	0.08604750452795004	0.09648188232712233	0.1444132825550582	0.08218478737210029	0.21686064299566377	0.07721941629386317	0.0469176275398127	0.04339255619414907	0.14549186414801174
0.040791993440602435	0.09409356438282444	0.10822252220970593	0.13398984264927918	0.08745765647821359	0.20395406634312105	0.06576767217361446	0.05634977422035743	0.04131036358011059	0.16806254452217093
0.08282269252023747	0.06743683784980517	0.0903850495806245	0.15623799839350316	0.09577578778396087	0.17318217916378215	0.08221131200498463	0.04608519424389817	0.054332631367359274	0.15153031709184456
0.06556861802624095	0.0523175792517084	0.08955254165489283	0.1686930452598051	0.09113465770556936	0.21014673549300295	0.061603206759090305	0.05703614846935442	0.047770734921021234	0.15617673245931446
0.07129732001659358	0.017360038894121035	0.08653897687240375	0.2037470363822258	0.07420539762622783	0.1874891215067576	0.09986248578072851	0.05488921209431988	0.051919296536431396	0.15269111429019058
0.08724322439449596	0.05295644912072245	0.1375377824971346	0.18496961851267546	0.07036168554776745	0.1715401853714466	0.07002991587333098	0.05583397891965461	0.03688409480891923	0.13264306495385256
0.02601278154525366	0.086706339097186	0.1219460216061112	0.16826191372348562	0.08398402409232203	0.17460398389306164	0.07360800304943159	0.05266042298806238	0.0563566619135344	0.1558598480915515
0.13946285827328256	0.009696564443735983	0.10840550147704775	0.1514852478253742	0.08769824714289366	0.17124189340963175	0.09654222485442329	0.0466181712687735	0.03973962552396342	0.14910966578087376
0.01876026178813521	0.08340671963071886	0.13542552144646428	0.16446034922078678	0.09229341924403528	0.18785731788282628	0.06554157470855693	0.04270834413278718	0.04227745954780666	0.1672690323978826
0.1395689910257581	0.014318697610663955	0.10755820938558512	0.15727921456042204	0.07116730768254616	0.17059467649632207	0.07671849091570135	0.054948495308615536	0.04490451730031753	0.16294139971406804
0.07995505811843727	0.04122256221907728	0.09172562843890879	0.14053130938638186	0.09365804549890702	0.1809460685763346	0.09745614583705162	0.051057382782390165	0.052407270046538196	0.17104052909597317
0.04721792540416195	0.05433775424804877	0.09015401472953825	0.17996587724929802	0.07782663215285819	0.2201314593944196	0.08851297893258774	0.04370842860456272	0.03259536229161343	0.1655495669929113
0.0658746333759199	0.04528363306961462	0.15010971064916517	0.13666821056128264	0.07827431105107445	0.20205734916900453	0.1039945079713238	0.04591619748424264	0.03205610181158618	0.13976534485678602
0.09023631969722637	0.028354231231688162	0.09310505660057913	0.19356019401810381	0.073285093297873	0.18233852399547162	0.07275984350911863	0.05012598489484925	0.04001162224109227	0.17622313051399763
0.06622069025765377	0.09114291375046871	0.09545708500502124	0.14775389765050517	0.0789323476169387	0.21887100326434902	0.06974420877618567	0.0565908511697963	0.043119307152472724	0.13216769535660863
0.07278938285800188	0.05586135889534327	0.12729151230410513	0.19162547379502032	0.07550859775542973	0.17242265946565788	0.06318210099974385	0.055488660623801006	0.03784583375149683	0.14798441955140013
0.13107908753587855	0.00514172381640543	0.08468714774073405	0.18525807757893892	0.080673632422206	0.19925779738674831	0.06410316576009253	0.049079888663279725	0.0572598361249366	0.1434596429707798
0.0922400284407894	0.07920322737726063	0.10643418269867284	0.13401790758183801	0.08335496182755296	0.20829101387623367	0.06255378929915453	0.05036336868246886	0.03730035679400778	0.14624116342202126
0.04495621640960078	0.022149951675496077	0.1408591717119269	0.15817004735360973	0.08594450722526664	0.21067103646247393	0.08376482718004649	0.05100327343819634	0.05251343353378102	0.14996753500960208
0.036352409111705536	0.05900278920975769	0.12721663310755704	0.17259277744517865	0.09609060123945211	0.18237638776127502	0.09441200756775209	0.045718885756857876	0.03234399700011624	0.15389351180034772
0.02265851412885643	0.071467054943092	0.1143411073697384	0.17488460293732222	0.09488336391639218	0.18347353439988406	0.09844372882477934	0.0442044940564095	0.040931318495333116	0.1547122809281928
0.10836315442588192	0.0518325074634876	0.09907932582104605	0.13596237139696457	0.08450892733040168	0.2031619964128209	0.08341768171228782	0.05098360583667511	0.04163362253764071	0.14105680706279358
0.06351753094606805	0.08986716355048714	0.0991024644481501	0.1920442113609168	0.0760303519220654	0.17914945210602018	0.08461951368860306	0.042748328537669536	0.030774665823111405	0.14214631761690832
0.0231917052976192	0.04338776778366928	0.1420829965030781	0.1662346331184681	0.0831806817794541	0.19242152660796108	0.0947343940605477	0.057322166746687275	0.038928868617274175	0.1585152594852411
0.08639971543217875	0.008751607561778854	0.09744437393837078	0.19163385914707032	0.08984093754646424	0.17911978722497945	0.09784886810180105	0.048542017652016045	0.044736634299586166	0.15568219909575426
0.06660152091552864	0.029359103538649234	0.12747919820809467	0.1655768220506394	0.07154722984395014	0.20890787970314736	0.10363252489255684	0.046253919807204065	0.0373996506198202	0.14324215042040947
0.07724067291817859	0.06237194211755448	0.09941011517022286	0.18411356266421097	0.07304096525534337	0.20896949112623098	0.07160406206512451	0.04479870979631805	0.04057572930528644	0.13787474958152973
0.04311475503688529	0.06703950769218328	0.10603306727091032	0.17943823549425486	0.07332592200927054	0.2102878347328546	0.06666876853881742	0.05004379436056096	0.0371664187946875	0.16688169606957523
0.02366082541577931	0.044180986977141824	0.13245597583482221	0.2013115613385579	0.07758743642898483	0.17532701152452515	0.07505792384062182	0.05095016084197537	0.05525466605799345	0.16421345173959817
0.07585264462565533	0.05817531801364328	0.09859239479225156	0.15968455929522743	0.09233332435995034	0.1719694244533563	0.08702214857600038	0.05581721060434688	0.05168464978288421	0.14886832549668427
0.0185543533849854	0.06007258177227413	0.0945935102668761	0.19261572694390616	0.0821129794793963	0.2060847372244896	0.07708312803822531	0.04912103557400266	0.048280788906909164	0.17148115840893516
0.11516620902451509	0.019954952093773293	0.10564740410305347	0.18221045806654923	0.07048019345100023	0.1814753391362408	0.06943080978876959	0.04296532333911437	0.05083977823933736	0.16182953275764647
0.048402612970402416	0.038558713446389836	0.08627227498193142	0.20010391848329107	0.09072140835899076	0.17928252961837687	0.09157796047409615	0.04614549610336722	0.0425646106078594	0.17637047495529484
0.05252383664942048	0.07779622782023998	0.1319163358283082	0.13547468512769784	0.08152914033547257	0.22253972116674167	0.06047373955082325	0.051411770417851096	0.05022579051429175	0.13610875258915323
0.048044001351728156	0.042121932438597375	0.11944486609124919	0.19046673475074388	0.07879044584354444	0.2179662066222094	0.06484655731375918	0.04720172916970437	0.0376327693196322	0.1534847570988318
0.1276826958942853	0.01319724341970506	0.13915632822392904	0.1344188498725137	0.07392393993170975	0.20443095577169043	0.06192214498303065	0.04336578105346257	0.05287794128098659	0.14902411956868686
0.12044963702552444	0.00989449412491876	0.09806069687072479	0.18621099402342706	0.08483258879631182	0.1860046142216304	0.07703288563431326	0.04264650160649595	0.055843698197767154	0.1390238894988863
0.03498956113897567	0.05952209076724556	0.10369990565764955	0.17820334479842737	0.07073293565742342	0.17724991135486073	0.10055743138591797	0.05328747138975304	0.05482249349010283	0.1669348543596439
0.11480363507001684	0.027180736416367285	0.10647294408007546	0.14628884396367126	0.09164317580700841	0.1808098759026938	0.06846058421586487	0.044606926714787415	0.05791069606522661	0.161822581764288
0.11755098814813222	0.0300404123432831	0.10874061773325029	0.17457540061649543	0.07757030109853132	0.1736087554657617	0.09397828000474674	0.04829282289168716	0.036926226089650016	0.13871619560846193
0.07124025326314411	0.03482247408406272	0.09756196553750285	0.1698438051986221	0.07406537499848002	0.18391283460128743	0.10353431100962222	0.05437436163474611	0.03798261944534981	0.17266200022718262
0.02190776383854455	0.07195402259505414	0.1358536237288746	0.16837294614860537	0.07721524720082798	0.18467407496837476	0.06494893657642636	0.04759621879364192	0.05851579058120895	0.16896137556844143
0.09106152968325029	0.030064826207480896	0.14725289302823402	0.13892534831488396	0.06858263457799994	0.20953663868665934	0.06388489403141676	0.045067759274993374	0.05470717326862423	0.15091630292645714
0.07344699148187434	0.09634537090456348	0.08848251331084862	0.14464328728636208	0.06859970955616136	0.22138607286202888	0.07206994748690018	0.04310658993541466	0.04665579120922491	0.14526372596662146
0.06557759557098293	0.013171225914246285	0.12624111570373245	0.16889880193616136	0.07391761343105507	0.20644262889330245	0.10610868107551753	0.05222803134884621	0.04376589240300949	0.14364841372314618
0.0295364937855961	0.050032434068507964	0.1258784799758251	0.1645191581431225	0.07737787696546078	0.20375259097571385	0.09210780328705065	0.0454804960043977	0.039638732097474864	0.17167593469685047
0.023305731747338423	0.11140948022455222	0.0969464982224165	0.17745662808356227	0.0964125169601889	0.19362880314642994	0.07035840636074357	0.05642126460499637	0.03333563425427355	0.14072503639549822
0.0326794788033655	0.09933709137170593	0.09245194023234579	0.19027452249259802	0.08745933704198124	0.1857163670522048	0.0734480176438832	0.05495708062251677	0.045973022422077896	0.13770314231732095
0.11400773272514689	0.018134034539713476	0.11940264481446831	0.13642608882847446	0.0829417916702525	0.19376528392058945	0.05910717616893843	0.05272755906742338	0.04632498563200503	0.177162702632988
0.076253483767621	0.04832353976965075	0.13047817641579787	0.13817153580762434	0.09207629680497495	0.19885745569841395	0.062230816197189905	0.046144075555901755	0.05390538391606307	0.15355923606676236
0.06606676454836558	0.02861802145937481	0.13588448036870676	0.15929990495261537	0.0942376293780436	0.19367291412118376	0.08180232945586083	0.04297384068751955	0.04775355753558758	0.14969055749274215
0.04107960133041727	0.016502171894744094	0.11189980192057561	0.19880479742084795	0.08479909067320593	0.1873895099328941	0.09433914077182232	0.05641311526629457	0.045003519908992234	0.16376925088020589
0.02592523354687956	0.031552033077347635	0.13796527532708747	0.19854871228992257	0.09699269037749539	0.18145727173777412	0.09493096846434139	0.056956922726007234	0.03279840113572782	0.14287249131741683
0.07031062039285194	0.0391733628171673	0.13880621910557556	0.14985408887692725	0.07196587666763174	0.20035863659738884	0.10134109955979423	0.051224033088319555	0.04091698626879105	0.1360490766255526
0.08278007128045883	0.04297359051396233	0.1248929449664693	0.17586628051204373	0.08262833906312136	0.17579620751100666	0.10097739498312373	0.04331011892083372	0.03572640028169484	0.13504865196728544
0.10603177382872048	0.07607129504662052	0.11769744280212642	0.14545999687786382	0.0855510416393299	0.188049085592566	0.05894252414816559	0.04618005580008835	0.04249585751018865	0.1335209267543302
0.03293875115025818	0.04296897612919598	0.13672780025436534	0.18345058588979873	0.09375635868511943	0.19243946337905138	0.08388119953060973	0.057236409261527815	0.03748965956057593	0.13911079615949742
0.13895317784861824	0.03526426556891864	0.09434709316346832	0.16591423571436903	0.0948409813978471	0.17443112166307245	0.05887075328255352	0.04939778438237983	0.03673895108136921	0.15124163589740358
0.024246101531030892	0.05053032679542649	0.12965027768745724	0.18291501379136738	0.07465021501628602	0.20517861881914212	0.07713179763156483	0.04356049808430915	0.037024034774091885	0.17511311586932404
0.018809198462816035	0.02869453003935854	0.13529117984425038	0.18288311242637748	0.07817799315127241	0.202380207420345	0.0939060559860791	0.04791632514222918	0.049393343856764374	0.16254805367050756
0.030276370106927186	0.1778022716842421	0.08539343813512115	0.1313453849893243	0.08548043612403923	0.18560204238354824	0.06986985241599597	0.05369029346388726	0.04575466109028563	0.13478524960662894
0.05522729385144662	0.057068356988213206	0.14795633106712477	0.13809107194014794	0.07597927117891062	0.20554524669581156	0.07516554566575301	0.04496939277536212	0.04215482429174931	0.15784266554548085
0.04843994353373186	0.036909655443036524	0.12727605655114355	0.14835481183180024	0.09484274696347197	0.21894475784223874	0.10150325222690246	0.04957838102071879	0.04103596923394145	0.13311442535301443
0.17470239498439866	0.011228259268205296	0.09233666932714682	0.1532776143029541	0.09275872058530683	0.191042466392852	0.06235952527769802	0.043127967119841217	0.03753889538011982	0.1416274873614771
0.06895842995193233	0.10924324468049185	0.1268126958385172	0.13267288448059578	0.09430852761341234	0.17869834254976602	0.07790587606483312	0.043370064981891915	0.036321515111788244	0.13170841872677122
0.13492639905855539	0.038079779304745556	0.10830073338949672	0.16773644599596116	0.07695297483714252	0.18052731004850825	0.07362785228330596	0.0424324319943785	0.04178434023137467	0.13563173285653118
0.024564363443723397	0.13286322189090294	0.09071420031725222	0.1803320545998211	0.07584350533878188	0.19070725693956175	0.06924195656305279	0.048176827771403946	0.031002764086464796	0.15655384904903524
0.0537663185573601	0.10514399506998338	0.10192860527573955	0.13910264831561234	0.08324052753044528	0.19873573341428097	0.10215833052241056	0.049696995685414615	0.03441573556109159	0.13181111006766158
0.10042248176627269	0.045468021006904384	0.0991554726635755	0.14029243942061562	0.09612024024902348	0.18173178802718837	0.09404389201506305	0.0475990517228181	0.03542333552585515	0.1597432776026836
0.03388995988298345	0.037853660347952574	0.14526027085505222	0.19775294010359273	0.07839730641368232	0.19651579973729244	0.06496403603472387	0.0514689170547021	0.05056551457081202	0.14333159499920628
0.09779829909594008	0.03149973785244187	0.08639481059113541	0.17333966068043594	0.08560462278093431	0.16912718183557962	0.09794916156193298	0.05326276630631956	0.04767643907690316	0.15734732021837697
0.12197777251278921	0.01807591231465476	0.11183077266767397	0.17407327380816134	0.07511129114830545	0.21424160255039137	0.05844888378182868	0.04761848895214308	0.03395107651560007	0.14467092574845192
0.08907520272044887	0.01674827631383763	0.12931215865649537	0.18337267674267999	0.06964085356337545	0.1997402098126888	0.0724889493349953	0.04942881801210417	0.052620465878151994	0.13757238896522234
0.09585071948628704	0.005971454483762115	0.11127243229570524	0.20290369998994623	0.09196827809984065	0.1693864453726578	0.0873745666565588	0.05274390228427172	0.033558872861342404	0.14896962846962797
0.02170623250834028	0.1438642505976645	0.10020339564425526	0.14435875535188114	0.07208321951228852	0.17261940030196318	0.09235040387625695	0.050294079182730905	0.03804708656340608	0.16447317646121318
0.03158033550471266	0.11943514703200939	0.10892583460946255	0.14496868787329142	0.07884827351105701	0.17136008171091055	0.0663107328887487	0.05112390308827097	0.04995778994989252	0.17748921383164426
0.02064024439267051	0.06222477533451056	0.13430917925246247	0.20026794307470686	0.06897615444689381	0.1685976308567127	0.09491974913293151	0.050373788699969675	0.05717028968495666	0.14252024512418532
0.13911382659478133	0.02817582758911029	0.10048771457510682	0.13606812423805262	0.08695148874478147	0.2049612037438915	0.06727397628695017	0.047842548675383345	0.04777586476105017	0.14134942479089216
0.04703711185529398	0.04148775186833575	0.11349703637894952	0.15038211801606344	0.09102871793408712	0.21871435735413342	0.10141039949486803	0.04695422331938039	0.046195540679124174	0.1432927430997642
0.035246187057936446	0.047090445979579176	0.12236424037730242	0.20031125804006872	0.07666416344439884	0.21084679785978683	0.07031328824277625	0.053050119462527606	0.044398621465631526	0.1397148780699922
0.01741704985753499	0.07277320819010905	0.10810991661684316	0.1870607827833321	0.07395548179180667	0.21551663353362788	0.08162682011432261	0.052270630584956734	0.04327173018807626	0.1479977463393906
0.13215920277207277	0.014210383916027608	0.09450735066686258	0.15126623975755138	0.0938164062606103	0.1923016263709865	0.06365118600841965	0.04234668985483013	0.057204924451860956	0.15853598994077803
0.12900693525676307	0.03172364473999424	0.09716194433640896	0.13563652190228756	0.07329054014179753	0.2109627790268347	0.06270727332607583	0.05151598041294268	0.04157837520579025	0.16641600565110515
0.044379770433439866	0.06291076169786063	0.11368833947579769	0.1413056229521038	0.08371236659544012	0.20044076093253782	0.09393546689847676	0.050387780147044495	0.04735981272615168	0.16187931814114714
0.020142607852776204	0.07443591257422807	0.12080998903806685	0.19321789726057037	0.08359075850201206	0.17644029102716796	0.09603821278540642	0.042944797353245086	0.032585747595338874	0.15979378601118813
0.168510953614116	0.02930910408823012	0.08838249424630487	0.1341427826871044	0.07184759169683638	0.19627649792568258	0.07188172547916336	0.05067274112800773	0.04585786688501268	0.14311824224954173
0.03301661373321374	0.1003797224756334	0.14082252461629363	0.1314996190454617	0.07595307501460571	0.17820021218208762	0.08807454563239933	0.05576719531798895	0.03658660451854659	0.1596998874637693
0.08888309795111464	0.045567441908738536	0.10864034802977166	0.1811863149165128	0.08077804473022465	0.19659410587696252	0.05908876803974394	0.05142713503366074	0.03134258278086477	0.1564921607324057
0.06795551599031283	0.05092425481375182	0.08666744826500714	0.17144096931827313	0.08054299817768493	0.16807157719403942	0.09859681435223651	0.05553228817847465	0.05560122190318056	0.16466691180703905
0.07659388669255435	0.026812968301466594	0.12809213436441635	0.1879286232423029	0.09478198545721739	0.17380880649889136	0.06319458808385951	0.04241989493532318	0.0422717226887198	0.16409538973524862
0.050582510102943117	0.09252102256102855	0.08534864694936978	0.18731548716050095	0.07045140678772689	0.21399838452824999	0.07540095697775615	0.048050635605896154	0.04459634787585919	0.13173460145066923
0.09347027437142949	0.0327078395415204	0.09310278158952738	0.1652349729412091	0.08355183885756079	0.17914176531531184	0.10569256430559926	0.04789929218970363	0.03924831136945669	0.15995035951868142
0.02502863746699603	0.12174528059381623	0.10486910361294627	0.15024200845593672	0.08405470539819948	0.19468927162559976	0.06301049464761495	0.0453612244322977	0.05812706231818458	0.15287221144840832
0.08119720964818432	0.04694625464834995	0.08815057003169971	0.18659148732274033	0.08406089625124409	0.18510593053857272	0.06686512107019886	0.05560797470790343	0.046698910661996454	0.1587756451191101
0.0183313090411351	0.12157343936888393	0.11486895583938647	0.14685047977455562	0.07124670522065714	0.1918502084531703	0.07515346642022518	0.047406682457595835	0.034375667597597415	0.1783430858267931
0.05118539631224539	0.017678148490188186	0.11267973562685002	0.17019755518827173	0.09515153846427986	0.21279000475543236	0.10112026607162033	0.047781009707947464	0.05818809892748892	0.13322824645567571
0.08360169287550068	0.04899886872354482	0.1085020551081077	0.13291070699436106	0.08579375514249624	0.18188193879184444	0.08952755336767834	0.0571221563586569	0.03387841390673503	0.17778285873107474
0.07980226978982527	0.0349080380493228	0.12666866844548383	0.17417390201390504	0.07362741604678508	0.22035521311817657	0.06006051102073194	0.04452541963236081	0.03762587905249798	0.14825268283091067
0.02722788559939114	0.11075802959432801	0.1179341160711212	0.14944925911919138	0.0871359722318161	0.17685716568339344	0.07594139046138287	0.05641999055335927	0.05753950910684533	0.14073668157917124
0.04225904317567563	0.05894183265579743	0.08797793091976672	0.1899878979354742	0.08753249687993628	0.21374849862432324	0.06931217934179149	0.04398298371473885	0.05696861392843771	0.14928852282405847
0.05497340036912957	0.02019476661839173	0.12816066313041358	0.1832654167636923	0.08554462489155315	0.19231087418549292	0.05944817724532017	0.04610543168359179	0.053831261001616275	0.17616538411079846
0.04183026329734857	0.08745657102465872	0.14624114497126608	0.16612033598324014	0.06919306486280624	0.17328940579656937	0.08966803729672045	0.05552919077737198	0.03280086798235525	0.13787111800766322
