0.17363528886251084	0.3076148826064266	0.5187498285310627
0.17290643386003576	0.3367195612241264	0.49037400491583794
0.16052681519375647	0.2680446686610672	0.5714285161451764
0.09544107475784844	0.5681783551414649	0.3363805701006868
0.18008518166966844	0.5054853135167666	0.314429504813565
0.08201576631884999	0.5250709252566724	0.39291330842447775
0.18175616038249903	0.552780344207207	0.26546349541029407
0.0722091408535756	0.3645833705175662	0.5632074886288583
0.07431845950131072	0.4880997196891903	0.4375818208094991
0.11575316319544965	0.49633558026273433	0.38791125654181613
0.14987613140683564	0.46355878303659503	0.38656508555656943
0.16231400981524083	0.46021052980337995	0.3774754603813793
0.16881028576943494	0.2614381737857415	0.5697515404448237
0.09027942112055881	0.3299568681461128	0.5797637107333284
0.19447141542009094	0.23644082069014655	0.5690877638897627
0.1017101117954293	0.39921584538972277	0.4990740428148481
0.16910888674621047	0.5370484854209097	0.29384262783288007
0.14720590029673222	0.35068457535092884	0.502109524352339
0.13938998679652947	0.32722397422412425	0.5333860389793463
0.13267981256703948	0.47527296402339725	0.39204722340956333
0.09629465707522139	0.43094964565089	0.4727556972738887
0.19124367006121265	0.2901105082386557	0.5186458217001317
0.1503596394941851	0.27260371745649675	0.5770366430493182
0.1837792729172701	0.32569679677646196	0.49052393030626806
0.11578147806273928	0.6293335079848716	0.2548850139523892
0.12982266768728043	0.5776490507909722	0.29252828152174754
0.0982206865329952	0.5539919154864541	0.3477873979805508
0.19264470068645637	0.2711397548372451	0.5362155444762987
0.15810503701717196	0.27527432227754095	0.5666206407052872
0.15421272091633795	0.29662067744116855	0.5491666016424936
0.1156609325384298	0.4428690085662828	0.4414700588952875
0.09239669425559455	0.37168169341002133	0.5359216123343842
0.08868949888266942	0.3378033707141035	0.5735071304032273
0.08921943128384857	0.3541395089586001	0.5566410597575515
0.18587618729688737	0.2377459924114353	0.5763778202916774
0.1808629557841163	0.31739790456950084	0.5017391396463831
0.15692338469802558	0.35406474234824437	0.48901187295373016
0.14611842287551663	0.3682020698918394	0.4856795072326441
0.16984361945893842	0.335289678686257	0.49486670185480475
0.18591346993266444	0.2571084476719898	0.5569780823953459
0.09385743831325946	0.45853346557496	0.4476090961117807
0.18236152653498275	0.43271223363479283	0.38492623983022456
0.10679975941130254	0.44938975020934946	0.4438104903793481
0.11980640349485458	0.6573395697172373	0.22285402678790817
0.17947937354144491	0.4313767562058395	0.38914387025271574
0.11271829509641701	0.3312651031308164	0.5560166017727667
0.17209314442317583	0.5695238019621005	0.2583830536147238
0.11554122343901779	0.6066503602834135	0.2778084162775688
0.14027904169799957	0.5827870903055863	0.2769338679964143
0.1581184784586688	0.47226686390189665	0.3696146576394347
0.1949552491453326	0.5334258063074845	0.271618944547183
0.10370133340664747	0.3213674791931541	0.5749311874001986
0.08178929834403698	0.5304198839522529	0.38779081770371027
0.1540035413375363	0.47917176545294526	0.3668246932095186
0.188743785114904	0.37314790306803636	0.4381083118170597
0.13761717329536216	0.641495722682685	0.22088710402195305
0.08397592713289576	0.7102861214205183	0.2057379514465861
0.1885351089246126	0.5548948781499237	0.2565700129254639
0.09867960619515723	0.33125595139848224	0.5700644424063606
0.13060585064082625	0.3342615254879802	0.5351326238711936
0.14534158380408863	0.3576842526645493	0.4969741635313622
0.0902491534035062	0.35956226161144483	0.5501885849850491
0.11249492350014145	0.3783902767146222	0.5091147997852364
0.11069148784924177	0.4831714978436645	0.4061370143070939
0.1571237127138812	0.43847016338619615	0.4044061238999227
0.12784179140809948	0.5430744850356857	0.329083723556215
0.14978613404569163	0.48927924486666685	0.3609346210876416
0.07706081453505503	0.6772344363073054	0.24570474915763968
0.17800248472436705	0.3128224471479932	0.5091750681276399
0.11151083030188819	0.3408208468023766	0.5476683228957353
0.19018690010254735	0.3675649597397851	0.44224814015766767
0.07852533540021683	0.5604278912618412	0.361046773337942
0.09833360081879444	0.6576669258709116	0.24399947331029417
0.16058873434687698	0.6321535698331304	0.20725769581999268
0.18538445401352655	0.5318243587561653	0.28279118723030827
0.1642225049772308	0.6200366612570005	0.2157408337657688
0.08655757450657603	0.6730732835635288	0.2403691419298953
0.07514014743153175	0.5931690797645013	0.3316907728039671
0.1695101459438268	0.49722715089496394	0.3332627031612093
0.11487463315160465	0.608469106335087	0.27665626051330844
0.1513313106189383	0.28851020713136705	0.5601584822496948
0.08660273004884583	0.4388532839262022	0.47454398602495207
0.14114007281455926	0.6291266979313161	0.2297332292541248
0.15023715113508407	0.543622084140501	0.30614076472441515
0.07467556108049433	0.4262698693561666	0.49905456956333916
0.16922906593337414	0.37536953555899627	0.4554013985076297
0.1457242914055757	0.4953300891671468	0.3589456194272776
0.18545876100684552	0.38874435263973184	0.4257968863534227
0.13851948989964985	0.6502169548192591	0.21126355528109111
0.17915056492044112	0.5386116613817726	0.2822377736977863
0.1124749879561186	0.6131226741288448	0.2744023379150367
0.09051192997757579	0.6795881842620857	0.22989988576033873
0.10540851934503012	0.6878311020632311	0.20676037859173893
0.13074359693633442	0.5744914511283046	0.2947649519353611
0.1751485224217733	0.47238268422404917	0.35246879335417763
0.12813091525179482	0.46752155158580533	0.4043475331624
0.15033325274630258	0.6299489011515313	0.21971784610216627
0.0847478249329689	0.6033715905571255	0.3118805845099057
0.1287368882898325	0.47188167553365357	0.399381436176514
0.17677460685617638	0.5475381195873357	0.275687273556488
0.136563350815484	0.36586439366072027	0.4975722555237958
0.13296953721083815	0.2860951185463483	0.5809353442428136
0.15078140437276394	0.38697849363725006	0.4622401019899861
0.13566926527455964	0.35870268388530463	0.5056280508401358
0.16237615678680362	0.6286668692918342	0.20895697392136225
0.16643945200548013	0.556451409836136	0.2771091381583841
0.13016019876041898	0.46410808637098805	0.4057317148685931
0.19239475117418073	0.3993050993585831	0.40830014946723625
0.11029601814422518	0.46580702449394074	0.4238969573618342
0.17095937052553917	0.26245692821338257	0.5665837012610784
0.09273058270352769	0.4508447839137152	0.45642463338275724
0.12389845730213422	0.4289797531310716	0.44712178956679427
0.0996612774652007	0.3230891831555781	0.5772495393792213
0.16063573151048605	0.3392871646102177	0.5000771038792964
0.1922893263053593	0.46843241070241826	0.3392782629922226
0.1267866603527717	0.5970037234860999	0.2762096161611286
0.11712373645869262	0.5104457960693141	0.3724304674719935
0.13463414813709262	0.31766610437121134	0.5476997474916961
0.08293926098633991	0.46558454637986346	0.45147619263379674
0.13629692786284886	0.5862383076680721	0.2774647644690792
0.14127421844797336	0.6009147163601201	0.25781106519190666
0.08847148174754399	0.6878143907757426	0.22371412747671357
0.18377916510564904	0.5496051593869927	0.2666156755073583
0.17716397412404292	0.5236294969490372	0.29920652892692007
0.11099177075850153	0.516752027538292	0.37225620170320656
0.13384984005018555	0.48801357451919114	0.37813658543062345
0.12325266938567553	0.47426800960868826	0.4024793210056363
0.06798652658480664	0.617370279992946	0.31464319342224745
0.16195914831521374	0.538086218755963	0.29995463292882346
0.16261762707269245	0.5303348668318308	0.30704750609547676
0.17142071575920967	0.514336663839595	0.3142426204011955
0.165047119764271	0.4595932712386147	0.3753596089971144
0.06837950932918124	0.3661509188725974	0.5654695717982214
0.09908013863487011	0.48321424835021143	0.4177056130149186
0.11094729152414379	0.5717268342989659	0.3173258741768904
0.11506358662460237	0.3949335883916961	0.49000282498370157
0.12990257554813728	0.4546114676852876	0.41548595676657524
0.15539456710896982	0.5721633637866516	0.27244206910437874
0.13954401215741571	0.3429382558763367	0.5175177319662477
0.12866721372391746	0.6407366881242422	0.23059609815184046
0.16220163497845508	0.42865846013487247	0.4091399048866726
0.16881686653400702	0.3239659905872925	0.5072171428787007
0.11014092861129157	0.3882952528359789	0.5015638185527297
0.13136075626626056	0.287998383042133	0.5806408606916066
0.19390569462953205	0.24688301298620743	0.5592112923842607
0.11132397361794716	0.6271493541985261	0.26152667218352676
0.13244271680935799	0.4184238599311636	0.4491334232594786
0.1903922369682791	0.4329496162732825	0.37665814675843856
0.15645227035848225	0.39790567454509007	0.4456420550964278
0.16653469019696612	0.47837308611982277	0.35509222368321125
0.0724894920876537	0.5127673890768082	0.4147431188355382
0.12646483744395648	0.6274856958385213	0.24604946671752226
0.19500478585011488	0.4277445377204897	0.37725067642939547
0.12785140777765597	0.3564811248637012	0.515667467358643
0.16880809196600707	0.3891186022447804	0.44207330578921267
0.14160072150632963	0.36193127290487126	0.4964680055887992
0.12183236862746602	0.5269478273109978	0.3512198040615363
0.07751183380311527	0.6550043722651795	0.2674837939317054
0.09819782239547051	0.6478253083148691	0.25397686928966057
0.07078297685667329	0.6633977273381562	0.26581929580517066
0.19110839201781168	0.24499374850518252	0.5638978594770059
0.1332650030213076	0.564903514131269	0.30183148284742345
0.19346247834018634	0.33340223538771135	0.4731352862721024
0.13980930885100779	0.5830656879481977	0.27712500320079464
0.11957519476752648	0.671790104014687	0.20863470121778663
0.1800652070093416	0.3314702239529684	0.4884645690376902
0.06919576732643068	0.5255427719775272	0.4052614606960422
0.14723541864224612	0.3148824254515212	0.5378821559062328
0.08059829509838357	0.38263108534623275	0.5367706195553839
0.187365634356703	0.5957809675471808	0.2168533980961163
0.16564944589812194	0.47367068947709745	0.3606798646247807
0.11203604763090894	0.323400679562548	0.5645632728065432
0.07384367249324764	0.5885526709041977	0.33760365660255476
0.1817891020360502	0.4532941036057075	0.3649167943582424
0.1256287768334291	0.44494196200331326	0.42942926116325786
0.1270955448094982	0.33793990909943106	0.5349645460910708
0.07994125678041841	0.605428438867289	0.31463030435229267
0.09691931911436702	0.35902499903760754	0.5440556818480256
0.19190009188078253	0.3323199537328142	0.4757799543864034
0.11871084810622179	0.5309247134529373	0.350364438440841
0.18322866807948834	0.45781450817548214	0.35895682374502963
0.17828489850500248	0.33432003493010387	0.4873950665648938
0.11581610708149775	0.4827822872716987	0.4014016056468037
0.10500311337949142	0.5557322993992646	0.33926458722124414
0.1275261239835932	0.504558971224343	0.36791490479206396
0.1479357600011193	0.4151781343728181	0.4368861056260627
0.16023368752817338	0.34630186500536114	0.49346444746646556
0.19110487296195533	0.5920270647484207	0.21686806228962413
0.10107861346353436	0.6856730776302973	0.21324830890616842
0.12921550141500757	0.6204183468508601	0.2503661517341325
0.1504737231664973	0.541075541604178	0.30845073522932476
0.17784838789877083	0.5423282284308746	0.27982338367035475
0.07127400198354822	0.6766961876781228	0.25202981033832916
0.1181570555942272	0.37397716896769884	0.5078657754380741
0.11984064615921564	0.6338947309787628	0.24626462286202166
0.09568321997433046	0.6798828636263432	0.22443391639932647
0.1691292969802037	0.3803880489592294	0.45048265406056703
0.10114317538389808	0.6703278524212014	0.22852897219490068
0.15316104165257471	0.31567157139614443	0.531167386951281
0.1786979556878558	0.3628045466383263	0.4584974976738181
0.08627992172832785	0.5777308403708034	0.335989237900869
0.10797600087235684	0.5484542286301112	0.3435697704975322
0.1578669658463555	0.2870977620303682	0.5550352721232764
0.0743497981733855	0.47042589047724603	0.4552243113493686
0.1680038167894937	0.4364530470639565	0.3955431361465499
0.12984985684673236	0.5175887830945002	0.3525613600587676
0.10427022190877228	0.44495403260221883	0.450775745489009
0.1729444907813831	0.4582045895612681	0.36885091965734895
0.12261687048272879	0.5506096606180405	0.3267734688992308
0.17157677724703513	0.41244489147748414	0.4159783312754809
0.12219587513164115	0.3039355340825184	0.5738685907858406
0.14341325762942791	0.3067531321073618	0.5498336102632104
0.10504094474493889	0.4521826816602637	0.4427763735947975
0.1925537824546144	0.3426672422781335	0.4647789752672522
0.12408148907504996	0.512607722756535	0.36331078816841517
0.11056296914301939	0.5956522542300922	0.2937847766268885
0.14800985939227695	0.61765835955371	0.23433178105401326
0.10271106328002799	0.5771679614538827	0.32012097526608946
0.18181097968608526	0.2768545145298267	0.5413345057840881
0.16430640634041974	0.24910483528331856	0.5865887583762619
0.16243253587151565	0.3342867699573821	0.5032806941711023
0.17001760355442105	0.25215946207689777	0.5778229343686813
0.14083999837079064	0.39038366352566445	0.468776338103545
0.1580735285707414	0.2889598803420103	0.5529665910872483
0.19117116719148558	0.5319677940849412	0.27686103872357337
0.10935008610088923	0.30948593579075245	0.5811639781083584
0.1361860373885983	0.3985102317501531	0.46530373086124877
0.09030527941213679	0.4370629995613084	0.47263172102655493
0.18072478512472873	0.6139438170157776	0.20533139785949386
0.14084783384597138	0.2863999972594623	0.5727521688945665
0.12917707608763968	0.3943742062825991	0.4764487176297613
0.14585637037058635	0.6270686040314674	0.22707502559794635
0.14908573736536468	0.5865383767786544	0.2643758858559811
0.12121146155165002	0.46896888329329034	0.4098196551550598
0.16915849111051715	0.5661735374860736	0.2646679714034095
0.11669397715933094	0.5796951047424475	0.30361091809822177
0.11848499162091952	0.4130022439357277	0.4685127644433529
0.11563507657347227	0.3221853194038459	0.562179604022682
0.16665009288627292	0.456180968017644	0.3771689390960832
0.18159331084593738	0.2990915724433733	0.5193151167106894
0.11187475636350455	0.6396108465400387	0.24851439709645687
0.18289530413176192	0.38544654561298936	0.4316581502552489
0.15921635926912564	0.5489062633830626	0.29187737734781194
0.08325240073045814	0.4668180580545285	0.4499295412150135
0.19140240592602037	0.44283168230743064	0.3657659117665491
0.10515033135669183	0.5432435610236943	0.35160610761961403
0.08401411549482574	0.6579496875531936	0.2580361969519809
0.15727048063885224	0.48411471671261974	0.3586148026485281
0.1917053330718603	0.469699197872678	0.3385954690554618
0.15730173213687576	0.304133197136096	0.5385650707270284
0.15076124990249581	0.5438994628797635	0.3053392872177407
0.15897632738969883	0.34448735107853423	0.4965363215317671
0.09607209863546612	0.6563854011208048	0.2475425002437292
0.10405488214675096	0.6256092753458364	0.2703358425074127
0.1497849617033674	0.5160914331156947	0.334123605180938
0.13056099257892523	0.4953632378806419	0.37407576954043303
0.09059603387055842	0.657496359973577	0.25190760615586466
0.08634814189476397	0.4034394708132508	0.5102123872919853
0.12258108508664536	0.3961302493062394	0.48128866560711536
0.07788289611081817	0.6909375588138406	0.23117954507534133
0.1119976596097946	0.6021944187785946	0.2858079216116109
0.1509895783793418	0.3068784628369292	0.5421319587837291
0.10474827035030268	0.5750431683349917	0.3202085613147057
0.08236932731443208	0.35065157670648794	0.5669790959790801
0.16104996471067223	0.6083058580860434	0.23064417720328445
0.09305431378274581	0.5596572840281602	0.34728840218909407
0.13751421349518328	0.6455907290285114	0.21689505747630547
0.07965467228242751	0.40746004946121606	0.5128852782563565
0.1502401280759857	0.3313425989984853	0.5184172729255292
0.08643582851893428	0.44624159576434413	0.46732257571672164
0.13766202046033718	0.285922712701983	0.57641526683768
0.15524375903586404	0.314817857681703	0.529938383282433
0.10444045506720892	0.6178092422571494	0.2777503026756418
0.1114296307630136	0.3166447670915275	0.5719256021454591
0.17523428871177565	0.4151035390662151	0.4096621722220093
0.1602344026510641	0.2757892737452281	0.563976323603708
0.12938749176352016	0.5121825967157021	0.3584299115207778
0.10410465380313014	0.6666663251598495	0.22922902103702048
0.1823400556425009	0.584311783578608	0.23334816077889117
0.13723364867753715	0.4405045997560524	0.42226175156641055
0.17992721714071647	0.39294594998720644	0.4271268328720772
0.09042879832076617	0.4738581278075381	0.4357130738716959
0.11725238574559399	0.43042747490838806	0.4523201393460181
0.14958247197206476	0.3981112206256936	0.45230630740224176
0.12803784365612705	0.5043233102195732	0.3676388461242999
0.11093803290280879	0.495590983568712	0.3934709835284793
0.11766971104344948	0.4854125137796938	0.3969177751768569
0.1005297730167738	0.5964488834113741	0.3030213435718522
0.07001280705146207	0.5012131887872008	0.42877400416133726
0.12783401917842002	0.39526417709466527	0.4769018037269148
0.09877885369505451	0.5324887145664324	0.3687324317385131
0.17785273266251672	0.6112881327676063	0.2108591345698771
0.07446704271483207	0.5748128501696872	0.3507201071154809
0.18436732960651103	0.5726775167506141	0.24295515364287507
0.1413034482124196	0.5980158962744473	0.26068065551313313
0.13548372402188535	0.5610136154635106	0.3035026605146043
0.15303442762280878	0.6271246900024783	0.21984088237471305
0.16748970254425388	0.5987753343108977	0.23373496314484857
0.18884863966567195	0.5414790668701274	0.26967229346420085
0.14583823475921626	0.6285585057282541	0.2256032595125298
0.17860558645068222	0.5149007334981371	0.3064936800511807
0.1932415676985033	0.4416984410490623	0.3650599912524345
0.1434204047998718	0.36042528342801883	0.49615431177210945
0.1414468420753564	0.5143205955527017	0.34423256237194194
0.0982746663982288	0.37621813193185993	0.5255072016699114
0.10064409784312911	0.5496409788009158	0.3497149233559553
0.13186462234859433	0.5173066244085176	0.3508287532428882
0.09434812484053323	0.6621890419910568	0.2434628331684101
0.14145285185646433	0.4073142433069297	0.45123290483660605
0.1612620283961831	0.3713356291502803	0.46740234245353673
0.11661086029449086	0.49588394446098627	0.387505195244523
0.11988128920101021	0.3773595893239619	0.502759121475028
0.183955044265934	0.4472723938623915	0.3687725618716746
0.18068214305345975	0.46965050057752533	0.3496673563690151
0.09301952446216322	0.3870611306009014	0.5199193449369355
0.11197559674683122	0.33808808375915944	0.5499363194940095
0.15352694115548277	0.5007991477282672	0.3456739111162502
0.19166764455887447	0.5665296339339325	0.24180272150719317
0.0808150495775456	0.6767610027718214	0.2424239476506332
0.16183316095947226	0.5095888630884378	0.32857797595209015
0.1783130257972692	0.5043406562616919	0.31734631794103907
0.1639115687145968	0.6168761782890009	0.21921225299640237
0.08554586898888808	0.395067896394802	0.5193862346163101
0.18740970234401166	0.3983414797883591	0.41424881786762935
0.09553095832594177	0.4511682402776766	0.45330080139638174
0.08600207577349164	0.6537976078379288	0.26020031638857966
0.12359457564528425	0.5270979755523384	0.34930744880237746
0.17829515048830794	0.4987116898109607	0.32299315970073145
0.10363869980049556	0.31523186046930396	0.5811294397302006
0.08237749623307977	0.5862014791047508	0.33142102466216944
0.1485499920717463	0.641351009076462	0.2100989988517918
0.13558396161077524	0.5552965582142482	0.3091194801749767
0.13077420670762305	0.3371989752979894	0.5320268179943877
0.08227797583803564	0.47253171334245325	0.44519031081951127
0.14437023753711034	0.34140641771482605	0.5142233447480637
0.19037785838624172	0.268065455926836	0.5415566856869224
0.14254643482735266	0.613416047338589	0.24403751783405847
0.1857735800844943	0.2486131375680902	0.5656132823474156
0.16694089556331587	0.5274436001078276	0.3056155043288566
0.10282700983046728	0.5416555702874972	0.3555174198820356
0.093952048102239	0.397417352326759	0.5086305995710021
0.07960754102274875	0.41330852215820957	0.5070839368190418
0.12561880106473605	0.6613440165738702	0.21303718236139385
0.06967559062866213	0.7039467378965879	0.22637767147475002
0.13139320320484027	0.45729925130851573	0.41130754548664417
0.14195562950262464	0.5500087750196898	0.30803559547768566
0.13422405854680577	0.5301702058126888	0.33560573564050555
0.0906767174899733	0.6438835270163318	0.26543975549369503
0.14961836719226124	0.4066152580854611	0.4437663747222778
0.19148100455065026	0.577208422559906	0.23131057288944384
0.1277708612344351	0.4870786557659821	0.38515048299958293
0.10036090757619431	0.6467348664213597	0.25290422600244605
0.12520442173895635	0.5062698160587789	0.3685257622022649
0.06823711229941315	0.7068176169436149	0.22494527075697202
0.11313113986085116	0.5028767597503601	0.38399210038878884
0.10063737270201256	0.4969147362913423	0.4024478910066453
0.1340748633819187	0.5784870946145806	0.28743804200350087
0.09868506733088822	0.3657576377470814	0.5355572949220305
0.10170678456072285	0.5360278592976856	0.3622653561415917
0.08370564663483865	0.6161811282688912	0.30011322509627025
0.07452142151693131	0.3855208341766678	0.539957744306401
0.15663294771568162	0.4142085560323257	0.4291584962519928
0.17841376170365378	0.557129481097279	0.26445675719906736
0.19143081003001855	0.3550292020075594	0.4535399879624222
0.16451066681740975	0.31014186675595296	0.5253474664266374
0.1647067561078495	0.5548954470521255	0.2803977968400252
0.1186268502604162	0.41753491006702265	0.46383823967256127
0.13009448462157022	0.5639722774937553	0.3059332378846746
0.11956160247479541	0.6434554518167348	0.23698294570847
0.1929249121449207	0.5654444201626944	0.24163066769238506
0.11973112239958553	0.5431880924041256	0.33708078519628903
0.12278251474817373	0.5802428740906892	0.2969746111611372
0.16242395842480398	0.32012646516659016	0.517449576408606
0.10409062696983504	0.595932363081485	0.29997700994868004
0.11965307827670218	0.4810658711065192	0.39928105061677877
0.1318154532091902	0.6214617977105371	0.2467227490802728
0.13379252914236286	0.5856847311696197	0.28052273968801755
0.06794766242426203	0.565017229506902	0.367035108068836
0.17480417578184568	0.26714022043768654	0.5580556037804678
0.13950591802013018	0.4001888840995431	0.46030519788032676
0.1560239411574081	0.3605407764833345	0.4834352823592575
0.15784321076794838	0.46779551294591204	0.37436127628613963
0.08388525017885523	0.45978901664469596	0.456325733176449
0.1263444023359933	0.3745590495930396	0.4990965480709672
0.07768642740346676	0.44296137394383067	0.4793521986527027
0.08545019308172203	0.7066807954304417	0.20786901148783643
0.1325361112488847	0.39437968940567314	0.47308419934544227
0.15519951611468877	0.5867891266289598	0.2580113572563516
0.17154440537605248	0.6008230058668087	0.227632588757139
0.10519613766970173	0.3481604938965879	0.5466433684337105
0.07947543181789524	0.5549601834138548	0.3655643847682501
0.08182802302341652	0.36306191949128275	0.555110057485301
0.18193717085356786	0.264367908239196	0.5536949209072363
0.07866754374320983	0.6652351606616349	0.2560972955951554
0.16020371698693353	0.5978897184070175	0.24190656460604903
0.17750928679869502	0.5007353128273662	0.3217554003739389
0.16359235846594114	0.48732557249990593	0.34908206903415306
0.14325767221111296	0.5210673362864807	0.33567499150240643
0.09955806961468994	0.3971680266687754	0.5032739037165348
0.07348496457839054	0.48091163846605955	0.44560339695555
0.13450962959072785	0.35759740505461735	0.5078929653546549
0.12565312407347012	0.5148608169914128	0.35948605893511726
0.18168735621937154	0.28195234421444093	0.5363602995661876
0.1345606715449491	0.382050920202301	0.48338840825275
0.10106982356193056	0.6675386995680261	0.2313914768700434
0.16194113446121644	0.5276387976639112	0.3104200678748724
0.12135061885872545	0.3719620290614621	0.5066873520798125
0.06985101783076986	0.36509251496869977	0.5650564672005305
0.0800618308093401	0.6695957148753688	0.2503424543152912
0.17911642572313527	0.2896166866680667	0.5312668876087981
0.15903319426633225	0.37122615345003074	0.46974065228363715
0.122429965320833	0.4309562026695499	0.4466138320096172
0.1924531153564621	0.40088763988526166	0.4066592447582763
0.14321854151902674	0.45655111373447566	0.40023034474649766
0.16579873947804752	0.293427511179536	0.5407737493424166
0.10735358113914145	0.48911873118216836	0.4035276876786903
0.1457880619122068	0.3930754201796883	0.461136517908105
0.15844377706085608	0.6025468992537035	0.2390093236854406
0.16842961428396416	0.5672523363214373	0.2643180493945986
0.09098696283235153	0.4226550869368963	0.4863579502307523
0.12587783555809506	0.35277768960399064	0.5213444748379145
0.08717013824263076	0.6852342081592486	0.22759565359812078
0.18230949330432608	0.49483266923471564	0.32285783746095836
0.08656642345831161	0.4520695851631772	0.46136399137851125
0.07834538862566393	0.4215513567964347	0.5001032545779015
0.15470862872425165	0.40681041122081474	0.43848096005493375
0.11206358144836573	0.40888603698473774	0.4790503815668966
0.08792261592783313	0.6332793742270615	0.2787980098451055
0.19163361248729277	0.24871483742031866	0.5596515500923886
0.13507119673417145	0.6340929028234897	0.23083590044233893
0.10613990492877201	0.563189724985637	0.33067037008559114
0.1294413342344797	0.4626065241748528	0.4079521415906676
0.14992692089678558	0.5485824706752771	0.30149060842793746
0.17731339574264465	0.2807006857835754	0.5419859184737801
0.1517723986254177	0.2741580022536103	0.5740695991209721
0.06912267302090358	0.5383220899050334	0.39255523707406315
0.12006872227818777	0.6635278003241383	0.21640347739767396
0.16001410713165679	0.37900333800008434	0.460982554868259
0.1765069874172166	0.43377886922603676	0.38971414335674676
0.15408875771456432	0.5767650099271877	0.2691462323582481
0.13581213614865156	0.30976353005793683	0.5544243337934117
0.12544485391563281	0.3173957628893777	0.5571593831949896
0.09430729045606775	0.619909721936128	0.2857829876078044
0.11950580081100426	0.46934558758745804	0.4111486116015378
0.12111853088509644	0.403077626766827	0.4758038423480767
0.19268731570326147	0.4031789926383194	0.4041336916584192
0.08931482199366819	0.5374899227189008	0.37319525528743114
0.07898014149313565	0.37343084121242365	0.5475890172944409
0.19092654889988023	0.4517746557930706	0.35729879530704933
0.17361601484835526	0.49585742438258934	0.33052656076905557
0.14187224657518593	0.3165530383439632	0.541574715080851
0.12789666091533203	0.32531262000507594	0.5467907190795922
0.1767558672417837	0.5482555532824946	0.27498857947572175
0.17270733220577633	0.4663275665213033	0.3609651012729205
0.12139228438363564	0.41209621435537036	0.4665115012609941
0.1420165626424332	0.27939335863598	0.5785900787215869
0.12806543699601847	0.39314605829443217	0.4787885047095495
0.15858220941397114	0.35927361519501977	0.48214417539100923
0.114763041202669	0.5132374817557532	0.371999477041578
0.07343838372424555	0.5274451584325651	0.3991164578431894
0.15986221698834793	0.4687315204238045	0.3714062625878477
0.08613023005594958	0.33710852698295046	0.5767612429611001
0.13266919739260752	0.6509247634125923	0.21640603919480028
0.16676117352366487	0.42964261703240886	0.4035962094439264
0.1413338724371579	0.29899330272418606	0.5596728248386562
0.14557590627373046	0.4830205490841426	0.37140354464212705
0.08054590091452829	0.5848454277522906	0.3346086713331811
0.1257790085317641	0.5405448610148562	0.3336761304533798
0.19229828031353396	0.5087782223155808	0.2989234973708854
0.12972837331524265	0.4087343402098332	0.46153728647492426
0.10783983422049645	0.47373243556433764	0.418427730215166
0.10950842012342818	0.44462099982159	0.445870580054982
0.16930450186436713	0.5200950405130991	0.3106004576225339
0.1760958940675823	0.382609704520046	0.44129440141237175
0.186802316149908	0.24709842990409991	0.5660992539459923
0.18303829512443756	0.2446767001309033	0.5722850047446593
0.07914687985661595	0.38935401921684737	0.5314991009265367
0.15899235862153438	0.4061457435176601	0.43486189786080565
0.06971813202123234	0.3537121090173676	0.5765697589614002
0.08342891662388097	0.6990409863554548	0.2175300970206644
0.18007093934959606	0.42431775049404125	0.3956113101563628
0.12798306623142047	0.510048609271111	0.36196832449746874
0.07898054456989018	0.3684734613656566	0.5525459940644534
0.18142046120082764	0.46939617672320766	0.34918336207596484
0.12749015971574337	0.6570776745235016	0.21543216576075508
0.12156905052967049	0.5174970528806517	0.3609338965896779
0.08260515590497014	0.5414121597296191	0.37598268436541094
0.14993433590402916	0.5192744918174537	0.3307911722785174
0.07007218602693083	0.6946332893034586	0.23529452466961065
0.09173141580626587	0.4346721125409172	0.47359647165281704
0.08305897673596607	0.5330734263988035	0.38386759686523053
0.1416271225977777	0.27337667795744225	0.5849961994447801
0.16575578168676974	0.483480529303188	0.35076368901004235
0.13483184936872256	0.40626874540325053	0.45889940522802697
0.1513755044452301	0.4435570662266978	0.40506742932807216
0.0886297912927057	0.45451051729983893	0.45685969140745547
0.10362921774781403	0.5364833863730814	0.35988739587910473
0.180755388382811	0.2561817297404228	0.5630628818767663
0.08139169897653775	0.6248181757359834	0.29379012528747883
0.11102105430172024	0.37674267221838964	0.5122362734798902
0.1576322211820787	0.25613603445499156	0.5862317443629298
0.1869940285213596	0.35865194494555913	0.4543540265330814
0.13944191224537994	0.510734126764103	0.3498239609905172
0.08023889962976816	0.5055010900563007	0.41426001031393134
0.14352060367305508	0.5830163063790718	0.2734630899478733
0.18598546719214837	0.6100598057675612	0.20395472704029052
0.09770476679333681	0.35109887267196804	0.5511963605346952
0.10984865205819483	0.4417168256009747	0.4484345223408306
0.1905200557039068	0.48195301550749536	0.32752692878859796
0.14372798299711223	0.5206099809186717	0.33566203608421613
0.13930274746627413	0.47411837285155867	0.3865788796821673
0.17547971315027264	0.499805794153212	0.3247144926965155
0.1223942001471004	0.5382770708056548	0.33932872904724487
0.17336914353570243	0.3637259857074124	0.4629048707568853
0.1252166339216536	0.47665499138411727	0.39812837469422924
0.14026782868481774	0.5030933748314302	0.35663879648375213
0.1125792426938518	0.40081533607736697	0.48660542122878137
0.18397021657923385	0.3414331189507438	0.47459666447002247
0.1898612791396879	0.24022022528465842	0.5699184955756538
0.18197299603004813	0.33830876163694257	0.4797182423330094
0.11607929800681915	0.5130840789245505	0.37083662306863047
0.09226419569435973	0.4529741174180963	0.4547616868875441
0.1118905037348294	0.45507736127363396	0.4330321349915368
0.08155136778089783	0.6135297932215031	0.3049188389975992
0.072659995096225	0.4262901475053209	0.5010498573984543
0.1432040388953458	0.3831597154020572	0.4736362457025971
0.12183827419753734	0.4785107014822515	0.3996510243202113
0.10989409250442739	0.35764917302764143	0.5324567344679313
0.12074391043181845	0.36581270878852834	0.5134433807796532
0.17620855096253532	0.32221901069514597	0.5015724383423188
0.16613717924771626	0.247777171558776	0.5860856491935078
0.09688115614847412	0.3658690601938645	0.5372497836576615
0.15179628153066713	0.5216912357008028	0.3265124827685302
0.15270750136983383	0.30135412277703943	0.5459383758531269
0.15156128949809153	0.33257232799708997	0.5158663825048186
0.08604682304027136	0.4916394923235386	0.4223136846361901
0.1525683502286368	0.2698667528847887	0.5775648968865746
0.16471106705069868	0.607253699408219	0.2280352335410824
0.15433740412463715	0.36648193033339954	0.4791806655419634
0.10515554219906811	0.6201601423402303	0.2746843154607017
0.06791801936271924	0.668146147955408	0.2639358326818728
0.12336281710735092	0.45751148687307064	0.41912569601957855
0.12016774530810609	0.421982961475998	0.45784929321589607
0.1518533184872754	0.4896456176866732	0.35850106382605146
0.07976264081542583	0.5631966283475915	0.35704073083698273
0.11061164361955966	0.46340917766793865	0.42597917871250174
0.1549526408475993	0.4080828018073023	0.43696455734509854
0.17646777488339394	0.3854947988574306	0.4380374262591755
0.07561398137609343	0.6008251758669949	0.32356084275691177
0.15143761625119276	0.5205296266571631	0.32803275709164437
0.1587956267221688	0.3309572142642864	0.5102471590135449
0.15575365840672672	0.5866348056039469	0.25761153598932657
0.14527166761799518	0.6347275782472586	0.22000075413474643
0.08442925151731012	0.5958301828016395	0.31974056568105047
0.10637221092078625	0.5824756870410566	0.31115210203815735
0.10367058918318384	0.5555854773609954	0.34074393345582094
0.17516428586412394	0.5041876552600159	0.32064805887586034
0.13517699451657306	0.3819603396794392	0.48286266580398784
0.18976472814818474	0.4317328594800768	0.3785024123717386
0.11264011992049208	0.3334325443792683	0.5539273357002398
0.18854602868801745	0.49384621361858494	0.3176077576933977
0.13721296760089835	0.3795153321258269	0.4832717002732748
0.1865443114361679	0.4805599857198569	0.3328957028439753
0.17972243371340607	0.38524576980589387	0.4350317964807002
0.08736372207129753	0.4193561834372249	0.4932800944914777
0.07350893853371865	0.38598577327355	0.5405052881927315
0.14693495145983837	0.6307904711773087	0.22227457736285305
0.07209621603878863	0.38019328729652124	0.5477104966646903
0.08404881593000849	0.5427630231567606	0.37318816091323104
0.10720006679866523	0.39814803015785316	0.4946519030434817
0.10095222912773569	0.5376644470099874	0.36138332386227706
0.1344866872829604	0.497894749776044	0.36761856294099576
0.12964786261511468	0.4393319779944158	0.43102015939046967
0.18071822857885106	0.2703581684773737	0.5489236029437754
0.18285293773428407	0.25630923051164234	0.5608378317540736
0.13843066169950108	0.45556005154853424	0.4060092867519648
0.11475026086073453	0.5875084402541395	0.297741298885126
0.11142497643764865	0.5562379917308858	0.3323370318314657
0.16579725355684496	0.5585412129433835	0.27566153349977157
0.1743425019803453	0.46850788960176915	0.3571496084178857
0.13862835364113726	0.6540501451703697	0.20732150118849313
0.1329389507611602	0.5942780902597651	0.27278295897907484
0.15611405747133472	0.5490341558177717	0.29485178671089374
0.10439381336804682	0.4784261052523017	0.41718008137965157
0.18965109733257765	0.5493012537616444	0.26104764890577803
0.13489176421129656	0.4069587401191802	0.45814949566952334
0.07760091045460044	0.4524774936763446	0.4699215958690551
0.15371165254667504	0.6058560869445677	0.2404322605087573
0.1229527760545609	0.49426033869322406	0.3827868852522152
0.10608938528467424	0.5524869405409247	0.3414236741744011
0.0870762640897419	0.5248471587626533	0.3880765771476049
0.12038664305209781	0.49620583692060727	0.38340752002729506
0.07467382779292003	0.6115000856904464	0.3138260865166336
0.08840640389143722	0.6091332411759374	0.30246035493262546
0.13795615695504795	0.602073077540694	0.25997076550425824
0.10928265412199789	0.6355485251851054	0.25516882069289687
0.14701966941309336	0.3089060142619894	0.5440743163249173
0.1543059913426728	0.33523498430650134	0.510459024350826
0.17967500710561043	0.287966651470449	0.5323583414239407
0.16959458001859512	0.4667348668779412	0.3636705531034638
0.1756790345148246	0.48066331014231467	0.34365765534286086
0.17479467005484672	0.4667555140931605	0.35844981585199287
0.08175666629743822	0.4616084023254261	0.4566349313771358
0.1333122896411652	0.580496998852696	0.2861907115061389
0.1886169191315227	0.5368496066161105	0.27453347425236696
0.11217391185201037	0.5210529607899088	0.36677312735808093
0.0827145296463509	0.549272484831717	0.3680129855219322
0.12770867275349626	0.5806450071638481	0.2916463200826558
0.15900880587789612	0.29509956940090065	0.5458916247212033
0.1242274868674737	0.6004269314491997	0.2753455816833267
0.08866880859808754	0.6632525456000951	0.2480786458018175
0.06790961913443805	0.6480646365406693	0.2840257443248928
0.12188794263807456	0.478110648793755	0.40000140856817057
0.08112974135425927	0.39177127136514756	0.5270989872805933
0.17300479742052205	0.27366398391155256	0.5533312186679256
0.16532110418410745	0.31367588772815286	0.5210030080877398
0.12493095909183288	0.42573233111190534	0.4493367097962619
0.11895046682518873	0.6536528436212408	0.22739668955357065
0.15440075966557554	0.6096703906394896	0.23592884969493502
0.162928250840746	0.5257955013591821	0.311276247800072
0.11266279537908166	0.605734666067675	0.28160253855324346
0.10692898115764518	0.5914327901987508	0.3016382286436042
0.16519356088488968	0.602138012579498	0.23266842653561254
0.094002410748388	0.5456046589005673	0.36039293035104475
0.17265543770193592	0.6044221212953504	0.22292244100271374
0.10580099462033321	0.5351548540404549	0.35904415133921197
0.18522859541874226	0.5661852041891683	0.24858620039208956
0.1659661727904263	0.5385210290356416	0.2955127981739322
0.13364456969100427	0.3009532792837007	0.5654021510252951
0.09740301287605974	0.6465634468662047	0.2560335402577357
0.1520066435776697	0.6292079729585003	0.21878538346383006
0.19334509811330441	0.48696612861365274	0.31968877327304296
0.12506426256525952	0.5888163556309287	0.2861193818038119
0.08000106674158436	0.6269555938435449	0.2930433394148709
0.09469635092665407	0.5346593535311083	0.3706442955422378
0.12206119436278765	0.4492794414446155	0.428659364192597
0.17856016741655387	0.5871377548168336	0.23430207776661266
0.13947520681877412	0.36697899209620405	0.4935458010850219
0.18820493860000279	0.541491750259179	0.2703033111408184
0.148600732899735	0.2984703193784372	0.5529289477218279
0.0767070843303932	0.45323827542766204	0.47005464024194493
0.09814938170696186	0.5414002678243659	0.3604503504686724
0.15794286441145464	0.6022327844567694	0.23982435113177603
0.16844007162423297	0.3488624804406407	0.4826974479351264
0.19078209485341577	0.5772134154992892	0.2320044896472951
0.12895667809371303	0.3407993364259221	0.530243985480365
0.13157292467968476	0.6167708594539639	0.25165621586635145
0.09196521969885793	0.696845440569724	0.21118933973141824
0.18007046508237648	0.5075006414601476	0.312428893457476
0.15949487242186694	0.5403779113416269	0.3001272162365063
0.14169341415053655	0.6441452371783987	0.21416134867106495
0.18665454493962688	0.3107099470284566	0.5026355080319167
0.09865702234599827	0.43834668368501206	0.4629962939689898
0.12158680367944694	0.6398766029990958	0.23853659332145738
0.0818935678594474	0.5903760486333145	0.3277303835072383
0.09384098217099482	0.3818232876837317	0.5243357301452736
0.12500668223937267	0.48527022101212147	0.389723096748506
0.08572327317263315	0.6387878943507674	0.2754888324765995
0.18328085809109074	0.5660212755638132	0.25069786634509617
0.14964456429144804	0.5286693055101923	0.3216861301983598
0.1859313765593681	0.42169354080900473	0.3923750826316273
0.11188349239270631	0.5300499451888678	0.358066562418426
0.1634144696691673	0.3183679344680857	0.5182175958627471
0.1122406875436548	0.5014042102289643	0.386355102227381
0.09349087941105633	0.4231871079052615	0.48332201268368236
0.08749906525586204	0.5517566076802632	0.3607443270638749
0.14273555525558504	0.4443027329704767	0.4129617117739384
0.18057657263763147	0.5469520148258041	0.2724714125365645
0.13914451632815597	0.44728553440023644	0.4135699492716077
0.11063673154808457	0.5167305334341364	0.37263273501777916
0.1585741417044921	0.5789154052322432	0.2625104530632649
0.1890147321247103	0.5881336875808746	0.22285158029441526
0.1880696845120121	0.2538774903266414	0.5580528251613466
0.19103226781346094	0.45280852269362853	0.35615920949291063
0.17430100436054272	0.6125281963269311	0.21317079931252633
0.1842895383972588	0.3033307508773658	0.5123797107253756
0.18104129033688926	0.27288213864806266	0.5460765710150483
0.08050587000955217	0.6749792259005916	0.24451490408985643
0.12844131475222514	0.6514046306571836	0.2201540545905914
0.07621564310321283	0.6920776957960317	0.23170666110075555
0.07371781021990709	0.5466072666008006	0.37967492317929236
0.13393775411544423	0.2811398205723654	0.5849224253121905
0.133086592025015	0.306770888919184	0.560142519055801
0.08569982946103988	0.515770056321204	0.3985301142177562
0.1235545461814434	0.46028185997460636	0.4161635938439504
0.08647722235671385	0.41606563921999684	0.4974571384232894
0.0803526039696239	0.45257935506126923	0.467068040969107
