0.025646465376596705	0.4657958504415269	0.5085576841818765
0.16356134234791128	0.5875892526856035	0.2488494049664853
0.14333853608919767	0.6013100149856173	0.25535144892518513
0.14924982341531554	0.48260491778698955	0.368145258797695
0.06471986186290707	0.7831965627730464	0.15208357536404665
0.032897227725782796	0.8827978411683197	0.08430493110589754
0.04623747648713905	0.6071680313496488	0.34659449216321225
0.16770543724198653	0.6651307991355819	0.1671637636224316
0.027717103604673166	0.4244693757633795	0.5478135206319475
0.05252446478641937	0.45464029312457377	0.492835242089007
0.11569214420453466	0.4302095391941833	0.45409831660128214
0.14600104496593327	0.5553905396132837	0.29860841542078315
0.17169364412901464	0.3847983001721227	0.44350805569886276
0.15610082691327115	0.4036371179883557	0.44026205509837324
0.04075578828561777	0.741371005639661	0.21787320607472133
0.12503182708274227	0.8030859932628456	0.07188217965441235
0.038786212431763556	0.5477263176165581	0.41348746995167845
0.14385119185624395	0.54381262934393	0.3123361787998261
0.04925302445342694	0.5024390331553361	0.4483079423912371
0.10150965910961587	0.7511686131871984	0.14732172770318594
0.11971237790197209	0.8238773989180984	0.05641022317992972
0.10510120793017849	0.5529227732392544	0.34197601883056716
0.17957117995868693	0.40287615063666693	0.4175526694046463
0.034294203847285154	0.5045369469228765	0.4611688492298384
0.10885036419207023	0.6521605144122843	0.23898912139564563
0.05292424337919799	0.8794744516550274	0.06760130496577477
0.06990298265583778	0.8526436549644698	0.07745336237969253
0.036859696799287245	0.4429361563502013	0.5202041468505116
0.15175416076649098	0.6518689552090213	0.1963768840244878
0.052661319833816334	0.40237895089946246	0.5449597292667213
0.06577256050590974	0.3847281945344244	0.549499244959666
0.07239778045885048	0.5391619009932425	0.3884403185479072
0.13366776139244121	0.645172052544335	0.22116018606322396
0.11408301100960738	0.75093970772022	0.13497728127017272
0.13642174621798436	0.5901502793270756	0.27342797445494016
0.17695946565684073	0.778380596413218	0.044659937929941274
0.1377594509890896	0.8179038239157992	0.04433672509511133
0.16192782110612863	0.5568356838688482	0.28123649502502335
0.04567766956465741	0.8725367454625603	0.08178558497278243
0.01921775663773173	0.8969509923350556	0.0838312510272127
0.10279595512035139	0.8201669778247045	0.07703706705494429
0.11617509449803287	0.5805485415733898	0.30327636392857754
0.17318261747719038	0.7586558629284765	0.0681615195943332
0.09089518994864854	0.8160996936299629	0.09300511642138853
0.02621969620491643	0.5143409697516089	0.4594393340434748
0.024162099946799187	0.581518331208128	0.3943195688450728
0.13904083067316503	0.8148666269569601	0.04609254236987498
0.15871426955713044	0.6781624475310363	0.16312328291183342
0.03257516330823468	0.5424397694404279	0.4249850672513375
0.020625116071826155	0.6370987332678468	0.3422761506603272
0.031990848762914026	0.6103929068852295	0.3576162443518567
0.03791977367735877	0.916736939078441	0.045343287244200225
0.09745809146938655	0.6762535836437122	0.22628832488690132
0.15338206354773504	0.6908752578296659	0.15574267862259925
0.024088502870120487	0.6750550690045345	0.3008564281253452
0.05243609539829874	0.6793606501591436	0.2682032544425579
0.08220096258162629	0.6458291840014754	0.2719698534168985
0.14213452932892165	0.7954973033289193	0.06236816734215911
0.1378970848781399	0.7659810054798886	0.09612190964197173
0.0314651171389585	0.4485479170327364	0.5199869658283052
0.04497023306547282	0.8930959487956779	0.06193381813884935
0.10121860022084886	0.7370553571835388	0.16172604259561246
0.1457029930955912	0.6197914930440491	0.23450551386035984
0.17781448664505956	0.5790422970936504	0.24314321626129007
0.1565834057257336	0.40600816421984814	0.4374084300544183
0.028277117498246962	0.507403362163134	0.4643195203386192
0.04911211873274235	0.7189327544558217	0.23195512681143604
0.041135421447462295	0.7054584335912106	0.25340614496132713
0.1826063340467622	0.7280742842248002	0.08931938172843773
0.08056612223431042	0.37335682052599484	0.5460770572396949
0.15341013664316155	0.39432985425036304	0.45226000910647557
0.13209818226350517	0.7721586181350335	0.09574319960146155
0.11912373188982417	0.6790161846254117	0.2018600834847643
0.0932564782833388	0.6564322713091468	0.2503112504075145
0.06196080961465894	0.8258907231917441	0.11214846719359722
0.12642312514051554	0.5710647708669669	0.3025121039925177
0.1228085326383846	0.7117414972522028	0.16544997010941268
0.05231905943355175	0.8121913140057635	0.13548962656068486
0.18090753200700613	0.5256161051147606	0.2934763628782333
0.1357389085807877	0.6536712836356781	0.21058980778353437
0.15621768966676022	0.5281819483658512	0.31560036196738867
0.16986812541758783	0.7079844210374431	0.1221474535449692
0.14910825970687702	0.7208147559860327	0.1300769843070903
0.060284523660933065	0.7435292327781295	0.1961862435609376
0.13927911059507253	0.572671837932458	0.28804905147246956
0.066603438733212	0.7204818616741556	0.21291469959263248
0.17257315392213218	0.6605571598613598	0.16686968621650822
0.07307703800953824	0.7677809874827495	0.15914197450771234
0.16571703876753796	0.6086868595402818	0.22559610169218036
0.1666383332939546	0.6972295655212741	0.13613210118477134
0.17760400999133422	0.312637143471149	0.5097588465375169
0.1518097458218645	0.6279374197951062	0.2202528343830294
0.08102673270370159	0.7139610428080532	0.20501222448824533
0.02479953955755143	0.5277846837516785	0.4474157766907702
0.08751836391746665	0.6562500329290379	0.2562316031534955
0.04238241006411031	0.5500000944187455	0.4076174955171442
0.1069850017445462	0.5077969573659717	0.3852180408894822
0.08396640696526847	0.7870906030827787	0.1289429899519529
0.0737103874126418	0.8576125951614882	0.06867701742587007
0.07103454052279529	0.6341527118473882	0.29481274762981663
0.02346318961594901	0.6476149178207544	0.3289218925632966
0.08334950009876	0.8209431213435323	0.09570737855770778
0.1353578763876023	0.6955157996340435	0.1691263239783542
0.17802672222891924	0.585917703291085	0.23605557447999598
0.140521052884713	0.5085348689021907	0.35094407821309653
0.10929208739013241	0.8343804688684534	0.056327443741414296
0.07738944862089253	0.5902522759704709	0.33235827540863666
0.08483392815510427	0.6036024292948223	0.31156364255007346
0.17194786555130984	0.37656250888221215	0.45148962556647815
0.07060709465517129	0.38981457228432953	0.5395783330604993
0.10904851013824057	0.34009800962751613	0.5508534802342434
0.01981384234476613	0.4832946752226909	0.49689148243254316
0.07802137303519929	0.40693094476325964	0.5150476822015412
0.019992248832593762	0.9031820337552661	0.07682571741214039
0.15834734403006145	0.6175795724109863	0.22407308355895234
0.04780678085246909	0.47329106556923917	0.4789021535782919
0.040920971104300374	0.8305351388844494	0.12854389001125033
0.06875228052024612	0.48376390594642454	0.44748381353332944
0.08578875246591872	0.5246207516527429	0.38959049588133854
0.09156960871062808	0.3654611935145156	0.5429691977748564
0.17127147175439517	0.6600717488494905	0.16865677939611443
0.09220931481178546	0.6991303788049563	0.2086603063832583
0.0390176224573634	0.7133761805248681	0.24760619701776862
0.02573320452482175	0.8101899835773321	0.1640768118978463
0.06790279913661235	0.7339570892313765	0.19814011163201128
0.0396218110942258	0.8486887657247493	0.11168942318102495
0.1345675736011802	0.6803524085505788	0.18508001784824116
0.051250132333327425	0.4659530047012001	0.48279686296547264
0.14065907553892174	0.3747812040439153	0.4845597204171631
0.10846519021000467	0.5655703277643055	0.32596448202569
0.135108823832745	0.5529816880179855	0.3119094881492696
0.11113240289981816	0.7804282841023049	0.10843931299787707
0.13207990941427172	0.8181465460745687	0.04977354451115967
0.13970863609733086	0.7474642302046811	0.11282713369798816
0.05389562455260544	0.5369756694882462	0.40912870595914846
0.15861535437997082	0.37308214419314656	0.46830250142688273
0.08375931859914548	0.5773096564165371	0.3389310249843176
0.12011869121533733	0.5872173683570818	0.29266394042758087
0.10536382660908983	0.8308509593250955	0.06378521406581483
0.13272437099486936	0.3592345812375415	0.5080410477675893
0.07610349355036095	0.6257678141675992	0.29812869228204
0.03807052268240274	0.43287783209707287	0.5290516452205245
0.0794084799975524	0.48554496469493813	0.43504655530750963
0.16060071089399347	0.3063747442926246	0.533024544813382
0.042373810596940564	0.5514412875420562	0.4061849018610033
0.06490416148727252	0.8105321870823163	0.1245636514304112
0.029431664359411414	0.6464385089539074	0.32412982668668133
0.1806339583890481	0.7526458428244623	0.06672019878648966
0.12254648272541205	0.4377111937915722	0.4397423234830159
0.14386503872380246	0.35250720840797334	0.5036277528682244
0.15499431853605655	0.5445265985544888	0.3004790829094548
0.06031091156049495	0.6985906832614286	0.24109840517807649
0.11130243743538129	0.45145625954365126	0.43724130302096753
0.17831829976631283	0.4877794617692419	0.3339022384644454
0.10853324075333981	0.5161228563274882	0.3753439029191721
0.1088423250555694	0.5418160070212448	0.349341667923186
0.1256003347789565	0.44990669559502316	0.4244929696260205
0.15495585432080167	0.6609364998615259	0.18410764581767258
0.11729263109128865	0.7200220725610735	0.16268529634763795
0.1451031468377357	0.6936801981801605	0.1612166549821039
0.022069750206286876	0.5778221780534717	0.40010807174024154
0.03012117435342615	0.42000290503470605	0.549875920611868
0.11341008470245267	0.8314301541528293	0.055159761144718156
0.11118536988417443	0.47473087789018387	0.41408375222564175
0.031807627290589835	0.6988291249784684	0.26936324773094195
0.10801946376876176	0.6606253291022336	0.23135520712900476
0.13378582880298065	0.6236315088136694	0.24258266238335013
0.08327573231360874	0.7537763315247364	0.16294793616165493
0.12680131652792903	0.7683308164638509	0.1048678670082202
0.024686274797804053	0.6201734243980956	0.3551403008041004
0.03124333784553507	0.7067096263413499	0.26204703581311517
0.15744217000351354	0.3996392074299665	0.44291862256652004
0.10562533247749456	0.7516095949647302	0.14276507255777532
0.10535673747395863	0.5522545533721545	0.34238870915388697
0.021520788391997392	0.5643840330332259	0.41409517857477673
0.029863745876908876	0.8175578909877059	0.15257836313538525
0.14936494904115344	0.7903903594894444	0.06024469146940237
0.017080078878584093	0.9179178844202681	0.0650020367011479
0.17491700627301882	0.719127487105488	0.10595550662149322
0.17616903298034473	0.361336757016923	0.4624942100027324
0.09587581244260429	0.7195204983516417	0.1846036892057541
0.15149750708251886	0.5137766091604942	0.33472588375698714
0.18102128688523378	0.3246331646901453	0.49434554842462103
0.040494717045425344	0.8999140261215088	0.059591256833065986
0.07396948862821529	0.7234327621877559	0.20259774918402892
0.07846801524382874	0.46232020364008736	0.4592117811160841
0.13760304513203017	0.5652059272418151	0.2971910276261549
0.06505697609089206	0.6200419903385914	0.31490103357051663
0.03235791064543375	0.5426511410346255	0.42499094831994083
0.03576785202922761	0.8098155620502454	0.15441658592052715
0.0869856930281222	0.5111627244333636	0.4018515825385142
0.1316968846505313	0.6710713337995977	0.19723178154987114
0.10770606600767296	0.7665362534508284	0.12575768054149872
0.07553756062497313	0.5984051018012939	0.326057337573733
0.05929125025812676	0.8119796857715662	0.12872906397030712
0.06328193260386067	0.686782415545684	0.24993565185045544
0.013632105955799445	0.8927473353017205	0.09362055874248026
0.10723563690075105	0.3690041109676366	0.5237602521316125
0.05181656475281449	0.5884672895973713	0.35971614564981447
0.14969601833643092	0.6340983079556015	0.21620567370796773
0.12593411500916452	0.6244791611477034	0.24958672384313219
0.17071004485561617	0.7203992126423742	0.10889074250200986
0.027737362697581147	0.894803633540804	0.07745900376161485
0.11520957694073819	0.694170953125129	0.1906194699341329
0.12145053887775045	0.605241423930541	0.27330803719170865
0.18129258249326152	0.42220517176810957	0.396502245738629
0.18233434281701708	0.28541990196553746	0.5322457552174455
0.16085361541304727	0.7088662850866524	0.13028009950030037
0.1809085017208563	0.7372507342369716	0.08184076404217228
0.13754477771799986	0.33186389916668096	0.5305913231153193
0.03694954250383936	0.5686817196341526	0.3943687378620082
0.13588912770513165	0.44318684911558476	0.42092402317928374
0.043001086704980096	0.6297582030505622	0.3272407102444578
0.1775227975916317	0.5776817117888552	0.24479549061951322
0.070644253202084	0.7904212890656772	0.13893445773223878
0.127755525338153	0.5513772842800004	0.3208671903818467
0.16555320519377442	0.6633984384003904	0.17104835640583538
0.05121099828871467	0.6720739468498147	0.2767150548614708
0.016682000386882556	0.7156662065868692	0.2676517930262484
0.1511773507196813	0.32768729814860287	0.5211353511317159
0.06398303380719689	0.4025014344344319	0.5335155317583713
0.09538422329719454	0.7678210464161312	0.13679473028667444
0.07848279882683257	0.6139101638664448	0.3076070373067227
0.11051571372324354	0.577708108511068	0.31177617776568856
0.14436720864216085	0.7450558230542158	0.11057696830362343
0.043198746239275165	0.44030881852556003	0.5164924352351649
0.022453302044094126	0.6717987021415344	0.30574799581437173
0.17675290156420728	0.472901593473897	0.35034550496189587
0.051233327186931965	0.6895293217797633	0.2592373510333048
0.050181726250828285	0.599320567045375	0.35049770670379693
0.10171650791456271	0.4932529741818369	0.40503051790360056
0.06663551584299293	0.6598644784154342	0.27350000574157296
0.15318300316385522	0.4896105536763897	0.35720644315975525
0.1674411828281043	0.5556978181097479	0.27686099906214784
0.12912071673049216	0.4728830686095946	0.39799621465991336
0.18380245223539426	0.3363817502446016	0.47981579752000425
0.05952573728713928	0.8995167375465914	0.04095752516626938
0.10558493742367378	0.6694291072897552	0.22498595528657106
0.018294060419136282	0.6046151123178872	0.3770908272629766
0.07691841965484403	0.7976331423344483	0.12544843801070793
0.04155665431258421	0.6346128414941221	0.3238305041932938
0.1537101260708846	0.654852439789513	0.1914374341396025
0.15316869564700536	0.4744776212603623	0.37235368309263245
0.10143589815794452	0.6284934223495888	0.2700706794924667
0.07798556568917492	0.6570631367976312	0.264951297513194
0.018187662770694335	0.5033198121428849	0.4784925250864209
0.1817474900655811	0.5114952183983242	0.3067572915360947
0.13740995764193092	0.4345347593158574	0.4280552830422118
0.1380998816620947	0.4400548930064825	0.4218452253314229
0.07755228516183077	0.7352177639094406	0.18722995092872877
0.04448954089812379	0.86959862475288	0.08591183434899635
0.06631487703638778	0.535785602813698	0.39789952014991425
0.06386992325624702	0.45785518189728647	0.4782748948464667
0.05335971721141386	0.4137729744288019	0.5328673083597845
0.07438795140587567	0.3830267745399409	0.5425852740541836
0.137623299149379	0.6150805221126147	0.24729617873800644
0.17027890121700084	0.6044332365581869	0.22528786222481237
0.04802896374247029	0.6494150930303267	0.30255594322720314
0.16465374856902745	0.5736178641327667	0.26172838729820597
0.1360702481340962	0.5506020561134579	0.313327695752446
0.09308779307840193	0.49405788997162825	0.41285431694996994
0.1082452563351044	0.5431003904833136	0.3486543531815821
0.14429196422397553	0.757657564985617	0.09805047079040752
0.1721017037733119	0.31749618342679814	0.5104021127998901
0.07557899171916871	0.6915613106287666	0.2328596976520649
0.06585090996407483	0.8587631059906693	0.07538598404525598
0.16689964548575184	0.6069359085977666	0.22616444591648174
0.12630406795522628	0.8285413189622359	0.04515461308253804
0.07132450176363492	0.841709977957391	0.08696552027897414
0.015451261524794369	0.46786966770795096	0.5166790707672548
0.07952713481959395	0.42949340701178723	0.490979458168619
0.13824859179780596	0.40066629083180666	0.4610851173703875
0.12492010211092736	0.7485810015083201	0.12649889638075262
0.09118717451552705	0.6309304292793756	0.2778823962050975
0.04215155241779889	0.4092218027899213	0.5486266447922798
0.16787132777408742	0.4566713293470295	0.37545734287888327
0.15348361979454023	0.31835880889651824	0.5281575713089417
0.1467336453306791	0.5452348240173885	0.3080315306519325
0.16953149144010438	0.5359040624417666	0.29456444611812915
0.04587619757826944	0.6192142899666901	0.3349095124550406
0.10564620732600855	0.42471643868149245	0.4696373539924991
0.11253578970716624	0.47670914523510355	0.41075506505773035
0.1518137909150829	0.7882337224811815	0.0599524866037357
0.04534890247993861	0.7988425318004493	0.15580856571961232
0.17198155638897425	0.43713280084587297	0.3908856427651529
0.10392073944137814	0.5034762161201438	0.3926030444384782
0.0269215409150525	0.4574596666018757	0.515618792483072
0.17964378530025468	0.6077349022731175	0.21262131242662782
0.02617645519542433	0.5404764954255648	0.43334704937901103
0.10502228783131451	0.7827491307472836	0.11222858142140207
0.1214232793333736	0.33562595366715403	0.5429507669994725
0.1690022166472294	0.29072889306682065	0.54026889028595
0.062450618249395906	0.6254919862871204	0.31205739546348377
0.025704684987418958	0.47667482817411916	0.497620486838462
0.17309896038482536	0.4193877706866177	0.4075132689285571
0.07949539270251688	0.505149415087219	0.41535519221026423
0.026025580427866235	0.5618849824003094	0.4120894371718245
0.060765607891085094	0.5961325069279875	0.34310188518092766
0.05901294969432441	0.4023566273428079	0.5386304229628678
0.11494762388821644	0.46734998522764043	0.41770239088414324
0.15671488426806957	0.441507604074741	0.40177751165718956
0.0447030959073057	0.5903286931706118	0.3649682109220827
0.12226391400482284	0.7321194773893362	0.14561660860584102
0.11934662285357966	0.8316457477135707	0.04900762943284975
0.09160476900465536	0.4071021191393376	0.5012931118560072
0.10642997534940016	0.4547593462886185	0.4388106783619814
0.07480819509575903	0.7158164092150756	0.2093753956891655
0.023628275358076434	0.4698502854030515	0.5065214392388722
0.18314084037088796	0.7073509973473018	0.1095081622818104
0.16483876367536232	0.7386786371887746	0.09648259913586316
0.08236510688325205	0.6452777132197743	0.2723571798969737
0.13647697779060994	0.6500915931316662	0.21343142907772403
0.07184367413225407	0.5687570778228133	0.3593992480449328
0.0813326164596942	0.8709091108043236	0.04775827273598232
0.06018477238610542	0.6818672680489022	0.2579479595649926
0.15233182143363544	0.708967632478795	0.1387005460875696
0.13899963194279355	0.4319831015303371	0.42901726652686945
0.15674587612068322	0.3310871042588861	0.5121670196204309
0.08008827769337518	0.48066279746114043	0.4392489248454845
0.16806093588006688	0.46591383369886974	0.3660252304210635
0.02521686152172775	0.7058087544697051	0.2689743840085672
0.15179864443191307	0.7854222783277491	0.06277907724033793
0.0517266575875569	0.4472865735585543	0.5009867688538889
0.08726376575948497	0.4368976450938085	0.4758385891467066
0.1040332016968619	0.7581983107382176	0.1377684875649206
0.06281688474455432	0.8632031374652278	0.07397997779021809
0.1399641183349969	0.5652111014018102	0.29482478026319303
0.0477161758289355	0.6635220486470517	0.28876177552401294
0.11455366707681114	0.8362236777888187	0.04922265513437041
0.17917092879545665	0.691796022764841	0.12903304843970242
0.13324421158066202	0.3593765800520004	0.5073792083673376
0.054993381410824105	0.5476992238600432	0.3973073947291328
0.10157910752341437	0.6597402657240513	0.23868062675253449
0.09432928925399292	0.369716287890166	0.5359544228558412
0.07588301276095616	0.43907800705634525	0.48503898018269864
0.04176939474129937	0.8319122737255816	0.12631833153311917
0.10777150591303569	0.778127774886219	0.11410071920074549
0.07272513064073904	0.8672756790823202	0.059999190276940895
0.10704567852831176	0.8195571410239825	0.07339718044770588
0.014709721323966418	0.7946765588988008	0.19061371977723288
0.13817125240423114	0.5023529882591221	0.3594757593366469
0.15994222782361295	0.3664649451279448	0.47359282704844236
0.1621112803566005	0.525634458533678	0.31225426110972165
0.09719738470963957	0.732294850323034	0.17050776496732656
0.06932924426682768	0.5943806798643068	0.3362900758688657
0.14781767054494155	0.5992736538023624	0.25290867565269615
0.16677937439511714	0.708837402813663	0.12438322279121994
0.18284900175145458	0.28057055229645583	0.5365804459520898
0.10547261664386165	0.3936460156948991	0.5008813676612394
0.040510899118378296	0.7830358398087496	0.17645326107287226
0.14250084255800516	0.782304527335483	0.07519463010651195
0.027752898706573437	0.9245731513163786	0.0476739499770481
0.04329255876799931	0.8800832875245813	0.07662415370741943
0.11262501626300375	0.7261197909485448	0.16125519278845152
0.05647686715280159	0.8632767169051777	0.08024641594202075
0.06325001957224341	0.7823431431747276	0.15440683725302912
0.026304929545359068	0.9235294070732789	0.05016566338136219
0.13297744037994133	0.36027959613631927	0.5067429634837395
0.09182751708620102	0.3847061915644604	0.5234662913493388
0.061880542071615974	0.5657198941976179	0.37239956373076616
0.015352652606537454	0.6849135214690346	0.2997338259244281
0.0930322223211297	0.6588188557740549	0.24814892190481558
0.11035659996893826	0.5559876778791326	0.33365572215192923
0.18126111696796565	0.30280088160655544	0.5159380014254791
0.07613083715299307	0.6919103885926967	0.23195877425431033
0.12909949511991772	0.7819891394328001	0.08891136544728223
0.02125413093469497	0.8909063047813829	0.08783956428392226
0.1383802131868913	0.4562129328025867	0.4054068540105221
0.12228657219006278	0.6319088871003345	0.24580454070960278
0.06965963023593763	0.5191920219773795	0.411148347786683
0.015070276825155327	0.6374015249428356	0.34752819823200914
0.03852375214570947	0.8547711601120597	0.10670508774223089
0.028713199261137745	0.7920680678259676	0.17921873291289478
0.12751213541508574	0.5243307125210132	0.34815715206390124
0.08101991075578191	0.8403271890712057	0.07865290017301246
0.1603181197817891	0.5467032907578003	0.29297858946041067
0.09371603571334719	0.5378463683823501	0.3684375959043028
0.10090486719808833	0.8533623304900354	0.045732802311876375
0.15779135042195191	0.6313044697434137	0.2109041798346345
0.11684464995139207	0.3921737090220099	0.4909816410265982
0.06461661646024691	0.7341090542545894	0.20127432928516378
0.11950907750230405	0.771500483397397	0.1089904391002991
0.10770092411512283	0.5533456499783945	0.33895342590648275
0.14117121647620057	0.7901578516395947	0.06867093188420481
0.13709695597638386	0.40908735620327474	0.45381568782034154
0.12397451329940254	0.6131125621919261	0.26291292450867143
0.11917587149690623	0.5306012712494008	0.350222857253693
0.12112165484994689	0.3320760497820974	0.5468022953679558
0.1647199962080474	0.49709861994526994	0.3381813838466828
0.15329039588379234	0.5317694903845216	0.3149401137316862
0.13229988063610276	0.7119389058582317	0.1557612135056657
0.0929240949652016	0.37096585534717036	0.5361100496876281
0.18105541506075212	0.31846339669977614	0.5004811882394719
0.01808517074527327	0.843171791724446	0.13874303753028092
0.1776111406923242	0.45188338431433683	0.3705054749933391
0.1359367707753001	0.558143074983329	0.305920154241371
0.06560066635117662	0.7408881122296056	0.19351122141921787
0.07847541049183643	0.4262833181104584	0.4952412713977053
0.14270242421520568	0.4554413979446388	0.40185617784015565
0.04741747998285406	0.4198987158450285	0.5326838041721175
0.0587932403440119	0.39712900462328266	0.5440777550327056
0.17232747625404823	0.3847288616944996	0.4429436620514523
0.1338615896631425	0.7330835420916373	0.13305486824522042
0.17440580720292553	0.5899023353971864	0.23569185739988827
0.17740267355276274	0.3579261822851372	0.4646711441621002
0.06631660793891747	0.6244118258163828	0.30927156624469987
0.140595753778304	0.7611899495261665	0.09821429669552961
0.10840298763691464	0.6763284422223113	0.21526857014077416
0.09566177760873817	0.6012646386506193	0.30307358374064275
0.14394069933581877	0.704257353572582	0.15180194709159933
0.12696493167136144	0.48849954243674465	0.38453552589189405
0.16503733553046335	0.6846219205519637	0.15034074391757304
0.040450343990283466	0.8445889572241498	0.11496069878556678
0.05577136875009314	0.467636879881185	0.476591751368722
0.11651739680309076	0.364251775053967	0.5192308281429424
0.1512539719621198	0.7768006984809221	0.07194532955695826
0.017595775417187987	0.7243047045659006	0.2580995200169116
0.1834661574336229	0.6434627795251688	0.17307106304120828
0.05312234879662997	0.5143180569058426	0.4325595942975275
0.06813281349128603	0.7970564137755728	0.13481077273314132
0.0242709214443248	0.5559386913130882	0.4197903872425871
0.014827155257757518	0.8879015291579484	0.09727131558429422
0.0721966172959051	0.8611589829224998	0.0666443997815952
0.014727682855973034	0.8540746292234886	0.1311976879205384
0.10023256167193192	0.7274307469185626	0.17233669140950558
0.1255251814425994	0.7638743678968629	0.11060045066053781
0.08454102464416258	0.7565240334377141	0.15893494191812352
0.014475332729165125	0.8491772519990709	0.13634741527176408
0.12145239678166825	0.5963818110050605	0.2821657922132714
0.16300425654357775	0.6549168437379147	0.18207889971850766
0.11947136962836283	0.5451070173743328	0.3354216129973045
0.10417088982529632	0.5105007312009447	0.38532837897375904
0.1369635545642388	0.38493073900261443	0.47810570643314687
0.17157370485517387	0.4026594998430734	0.4257667953017528
0.040624201529060655	0.4768972295842124	0.4824785688867271
0.15610047695632168	0.4324929237696224	0.41140659927405604
0.1391919946827956	0.624895014927979	0.23591299038922553
0.08393279327172079	0.6753342953347297	0.2407329113935496
0.04438780003011378	0.5117549614667335	0.44385723850315284
0.07468521084636781	0.49778356161982185	0.42753122753381045
0.07096198588335956	0.643925868889	0.2851121452276405
0.15782017246612165	0.5751629220521511	0.2670169054817273
0.041755162904461685	0.4322996452560772	0.5259451918394612
0.1407224911396049	0.6539613988170554	0.20531611004333988
0.17506901397551683	0.5145446195122061	0.3103863665122772
0.030055228861348815	0.6222503199760501	0.3476944511626013
0.021244431118658924	0.7392269793738856	0.23952858950745565
0.10847964364523019	0.34417294995906783	0.5473474063957021
0.15882634492351116	0.5849142228952731	0.25625943218121594
0.06721170555510092	0.7973930879798157	0.13539520646508357
0.0339203237838227	0.6683547898106297	0.29772488640554773
0.1590018196163629	0.3462459222722838	0.49475225811135337
0.12802218417749966	0.7379597059222878	0.13401810990021273
0.04806987071740104	0.40607008700051855	0.5458600422820805
0.1370252523116913	0.6266348361956999	0.236339911492609
0.08978180047547518	0.4858493378954901	0.4243688616290348
0.07679614857750283	0.4544184611528457	0.46878539026965155
0.08302113455494431	0.3917098181742132	0.5252690472708426
0.09641851140579699	0.49201005063444964	0.4115714379597535
0.14032515895104378	0.4202912897143045	0.4393835513346518
0.12108308538082554	0.5630655672315175	0.31585134738765713
0.07743290090702065	0.44926024311376095	0.4733068559792185
0.14939832028781858	0.7187899354356145	0.131811744276567
0.12160064979671115	0.6500949877700689	0.22830436243322008
0.12898890647570907	0.7020785766175486	0.1689325169067425
0.03945056924328916	0.5398274362949271	0.4207219944617838
0.11563300492500991	0.5082537207642603	0.3761132743107299
0.07497745907874936	0.5637737093908939	0.36124883153035686
0.10323535402089348	0.5758239854670144	0.3209406605120923
0.15256910974740084	0.624679645818817	0.22275124443378236
0.04894953141892944	0.5757569793898651	0.3752934891912056
0.02513997762594422	0.4842395213545615	0.49062050101949445
0.17589122953651962	0.4874508324348932	0.33665793802858734
0.06837146455286203	0.47675169527929956	0.4548768401678386
0.14694029064199676	0.36330325794344914	0.48975645141455426
0.17599203026164134	0.734076669157485	0.08993130058087373
0.018179695174914356	0.9344677900202135	0.04735251480487229
0.10992547428753308	0.5761199401383048	0.3139545855741623
0.05272872957656605	0.6117728211937424	0.33549844922969163
0.17655354374800308	0.34019084371596564	0.48325561253603133
0.13071604665279188	0.34659889068791605	0.5226850626592922
0.06943831596910521	0.6405897849444147	0.2899718990864803
0.18324395872291732	0.41274791457556603	0.40400812670151676
0.1688778065929773	0.6200040283835089	0.211118165023514
0.09239205716932875	0.8338708848157013	0.0737370580149701
0.052912861384877774	0.6019381134886754	0.3451490251264469
0.056638557085711416	0.6589252846151744	0.2844361582991143
0.10785916143541241	0.34064045112109487	0.5515003874434927
0.14397753586368048	0.36725260780340324	0.4887698563329165
0.13979147052621482	0.3811904077340078	0.4790181217397774
0.11663321545923899	0.38200071790456996	0.5013660666361912
0.08239050710936124	0.5161251989309242	0.40148429395971474
0.1799297870504047	0.3187042449268547	0.5013659680227408
0.11352282085822377	0.5582637597409705	0.32821341940080584
0.13473901332238292	0.4733817940684177	0.3918791926091995
0.10460906943545842	0.7375860411779152	0.15780488938662657
0.04915930558326431	0.5429451944350856	0.40789549998165014
0.02814405291996369	0.4522386462973569	0.5196173007826795
0.024367943439058515	0.4721532691745486	0.5034787873863931
0.024828336790046646	0.4895867611491126	0.4855849020608408
0.17277872736044586	0.6361817149326641	0.19103955770689024
0.11572333913635588	0.807239364677318	0.07703729618632615
0.16702542059184577	0.4830342044065276	0.3499403750016267
0.0975864439774832	0.4821175284860604	0.42029602753645656
0.14032853134152107	0.4812243000777998	0.3784471685806793
0.16534012179081198	0.6104491492182037	0.2242107289909844
0.0640216861237457	0.7000455631123808	0.23593275076387366
0.04919725044928441	0.8935364078169594	0.05726634173375622
0.02468692710838477	0.7345297971734408	0.24078327571817457
0.08975149238066091	0.8123247884270761	0.09792371919226317
0.023807152746549265	0.8807223400919731	0.0954705071614777
0.13511538063049122	0.4730834552422831	0.3918011641272258
0.0496642094779991	0.8001065163255088	0.15022927419649224
0.1556691005650769	0.5080250724914732	0.33630582694344996
0.11736303150016203	0.4415707928799579	0.4410661756198802
0.01677197273405595	0.596847147693248	0.3863808795726962
0.014552733920421779	0.8088164130099547	0.17663085306962378
0.026729698437842397	0.8840997431708589	0.08917055839129884
0.018113788721443813	0.4417698238188014	0.5401163874597549
0.055319157180673206	0.7873019871189229	0.15737885570040405
0.1452040612771395	0.3090634486288365	0.5457324900940241
0.1431638736371272	0.4380833852007724	0.4187527411621005
0.07300587284916432	0.6420655006674234	0.28492862648341233
0.15723525440120548	0.7909324128502893	0.05183233274850535
0.07319972603888386	0.6907017027089454	0.2360985712521709
0.044518205157336344	0.9150104597668688	0.04047133507579492
0.118608190914848	0.6438187445408701	0.23757306454428195
0.1808816424067632	0.6036259996355645	0.21549235795767238
0.15349023950241142	0.6900980891891983	0.1564116713083903
0.020196576094695717	0.7003418039006679	0.27946162000463654
0.07309920825222466	0.4012829868615974	0.525617804886178
0.16229575513934288	0.32818160608708075	0.5095226387735765
0.11258960605890905	0.47562828258818834	0.41178211135290277
0.10370521523794124	0.806227693401111	0.09006709136094787
0.1548475179556885	0.6855787065876942	0.1595737754566174
0.08016429081418958	0.418428137043782	0.5014075721420286
0.03445930314256063	0.5060754733649813	0.4594652234924582
0.10592262385726509	0.6777955369257695	0.21628183921696548
0.07452957064263455	0.4026772888280058	0.5227931405293598
0.08060539520847643	0.3893494119228651	0.5300451928686586
0.06675181434209221	0.5005350507364543	0.4327131349214535
0.17166685954674324	0.6511781989629261	0.17715494149033084
0.06584070556454497	0.5643799789996502	0.36977931543580495
0.10799746850688244	0.7306311507170422	0.16137138077607543
0.024024443910299897	0.4626539664140433	0.5133215896756569
0.01867045710054399	0.6970406418687556	0.28428890103070054
0.01585045348914582	0.4718248780096991	0.5123246685011552
0.08922572031911691	0.5544014524578729	0.35637282722301034
0.11894180722125619	0.4912195681084326	0.38983862467031133
0.05773135355467107	0.503202286783478	0.43906635966185104
0.02046961359195687	0.7934418094393675	0.1860885769686758
0.0673755736659365	0.41991650121821955	0.5127079251158441
0.05987873084273654	0.737982089231815	0.20213917992544855
0.15323602302248113	0.6849681316826074	0.16179584529491162
0.1816492416618336	0.41601675682717615	0.40233400151099036
0.06796468626649377	0.7730462842975347	0.1589890294359716
0.09779699748464521	0.8339715740838607	0.06823142843149427
0.05208740496366254	0.8543266306996675	0.09358596433667005
0.14550226187905707	0.7542660937176311	0.10023164440331195
0.07688894348404512	0.7326022042913385	0.1905088522246166
0.14594691401232276	0.6507729583762368	0.20328012761144054
0.12097849383883105	0.681213843193881	0.19780766296728797
0.18092082159156103	0.3637531880854224	0.4553259903230167
0.06444249779327371	0.49484317041144554	0.44071433179528086
0.048694793044577245	0.40105805531118743	0.5502471516442354
0.13068427294704849	0.5182032797577002	0.3511124472952515
0.0390234658206387	0.8631688573620887	0.09780767681727276
0.07755839469388692	0.8379273570985649	0.08451424820754827
0.03748193087285401	0.6279304560892633	0.33458761303788287
0.12492713158595026	0.712238783881906	0.16283408453214393
0.12102822970813842	0.5735903707218533	0.3053813995700084
0.013658594690895254	0.44081901355515624	0.5455223917539487
0.13358752269885849	0.45537056275974114	0.4110419145414005
0.17460814821436857	0.42314880998944504	0.40224304179618653
0.07781529440704849	0.6839795703417051	0.23820513525124654
0.054853675266882784	0.620641342393828	0.3245049823392894
0.04861828174242172	0.7605381793406325	0.19084353891694586
0.1734837286000425	0.7214825667860421	0.10503370461391567
0.14427005412620347	0.6446772385568567	0.21105270731694004
0.10019103978463245	0.4873254267996273	0.4124835334157404
0.18106015243896342	0.5045284355053695	0.3144114120556672
0.18423478528405982	0.6132918779742575	0.20247333674168266
0.07703143590267786	0.4666748975310251	0.45629366656629716
0.050557213412039226	0.5836562234304609	0.3657865631575
0.17684444622923268	0.33803298043985713	0.4851225733309103
0.17567569607849837	0.3686372398170027	0.45568706410449905
0.18056784620095853	0.5240851662748882	0.29534698752415334
0.0815576024113418	0.4096648853183098	0.5087775122703485
0.17381397180816904	0.3707803694718426	0.45540565871998845
0.058530328414106936	0.8419408197200212	0.0995288518658719
0.15016220908504763	0.7955173978795334	0.05432039303541908
0.07476170735313603	0.8540030661320903	0.07123522651477376
0.07057621743449166	0.7383075039640168	0.19111627860149175
0.09157033751907628	0.3731145475772508	0.535315114903673
0.11018996078609683	0.6513008726920158	0.23850916652188747
0.12348747228204107	0.6288775766064834	0.24763495111147577
0.1754179490046463	0.5685379471353088	0.25604410386004506
0.07813358715699126	0.8266774094411544	0.09518900340185454
0.11173971834719215	0.6964219214839381	0.1918383601688699
0.15156785911993192	0.7960217779470942	0.052410362932974075
0.09953703829666216	0.817466000516641	0.08299696118669697
0.07632280047776174	0.7298424001954597	0.19383479932677872
0.016416910611321334	0.43833507704817964	0.5452480123404991
0.0932551769115344	0.43129875672037576	0.47544606636808995
0.14091830177020426	0.7863402670546145	0.07274143117518139
0.04176131448355913	0.7316948110461707	0.22654387447027027
0.1485424057655128	0.39058863353600504	0.46086896069848227
0.10206887230369413	0.8228647942637528	0.0750663334325532
0.14911557048617044	0.5587686442341124	0.2921157852797172
0.05831671116788201	0.4970676298644285	0.4446156589676896
0.09642590399286005	0.6586661496261463	0.2449079463809938
0.09685031141878436	0.760314717163399	0.1428349714178167
0.1495521784498003	0.7266868331163228	0.12376098843387712
0.05425652849136475	0.8972875986565647	0.04845587285207076
0.14581385455904955	0.7245524395838017	0.12963370585714895
0.06070846792335466	0.4197192997966924	0.5195722322799531
0.14600951699675005	0.3085068940994313	0.5454835889038188
0.11016010977261417	0.3449347796987643	0.5449051105286217
0.0935686253680274	0.8190558778021153	0.08737549682985732
0.09413201825290646	0.45277200583665334	0.45309597591044026
0.09660132929314433	0.7244797177104163	0.17891895299643956
0.01763416866862899	0.796058393753839	0.18630743757753207
0.14995856120639528	0.5676417476938811	0.28239969109972374
0.06363672476994708	0.4059818957175585	0.5303813795124945
0.02330206903030868	0.514254755898005	0.4624431750716865
0.13553850379091925	0.5973716868554486	0.2670898093536323
0.11099655263781105	0.7258341748072955	0.16316927255489355
0.16465985646905995	0.523556212841121	0.3117839306898192
0.11293493308478647	0.603401058297929	0.28366400861728464
0.14611166706457962	0.6457909099916239	0.20809742294379657
0.08605614562724662	0.6832613625778536	0.23068249179489986
0.024519347949358172	0.8739936013195965	0.10148705073104544
0.1629834680874933	0.637995645294667	0.19902088661783982
0.04810100233046272	0.7493660941093709	0.20253290356016648
0.014707896250145569	0.5883043558153714	0.3969877479344831
0.07423336465686886	0.38829204348122237	0.5374745918619088
0.15576563546774547	0.4592001254741871	0.3850342390580675
0.058094075810536605	0.7601159030136427	0.18179002117582088
0.12316017300323229	0.5708856323276544	0.3059541946691134
0.1573356366135969	0.5037409939727822	0.3389233694136211
0.14086647401110983	0.47526808816799043	0.3838654378208999
0.10040453207412264	0.7206002201575823	0.17899524776829523
0.09252109449400031	0.5764902616942436	0.3309886438117563
0.01618588439845625	0.6312238596240152	0.35259025597752863
0.08526362712017302	0.7069513460493724	0.2077850268304547
0.021082603854878756	0.906856345302378	0.07206105084274333
0.032998668544526655	0.539559576420093	0.42744175503538046
0.11935892430439138	0.6266385199708333	0.2540025557247755
0.023343006234793462	0.5398424867168718	0.4368145070483348
0.06599244768379325	0.8280959240804537	0.10591162823575312
0.12006756475887578	0.7169306462017273	0.163001789039397
0.1373984417573717	0.7011533597206148	0.16144819852201375
0.03764790870923407	0.651396651591003	0.3109554396997631
0.11201671081920461	0.6577315763927287	0.23025171278806686
0.1162719183765476	0.4918168814448023	0.3919112001786503
0.10234511223888837	0.545948897276594	0.3517059904845178
0.10081487085664442	0.46985467592653407	0.4293304532168216
0.17098676655612058	0.36138078306654975	0.46763245037732976
0.07652707371472456	0.8564185772474758	0.06705434903779978
0.11031515405210546	0.47048885338451807	0.4191959925633766
0.11564406499005744	0.7203415097114335	0.16401442529850915
0.018685339926010014	0.6862585646767188	0.2950560953972714
0.09380198108011029	0.7902734567427132	0.11592456217717662
0.09200724197710966	0.7575392866663807	0.15045347135650977
0.17610242175680196	0.31072590318915816	0.51317167505404
0.04925128281688829	0.8570811296509013	0.09366758753221052
0.14104312695835347	0.7906048962728328	0.06835197676881377
0.10969068469427351	0.6501631487373265	0.24014616656840007
0.14557193510122768	0.48781513738544774	0.3666129275133247
0.174203212408328	0.2825889489692389	0.5432078386224333
0.15820417019301874	0.7678827644596823	0.07391306534729913
0.10891526462271703	0.4070812836043365	0.48400345177294657
0.09207454906308657	0.4698806340875244	0.4380448168493892
0.11285287658675769	0.3399624993437176	0.5471846240695248
0.13458289449103633	0.4669380066372121	0.3984790988717517
0.18393852519405704	0.4886957699413105	0.3273657048646326
0.10719836977801767	0.392803826806414	0.49999780341556843
0.12839631629149495	0.7340408506087579	0.1375628330997472
0.07048369883217781	0.7599166675052105	0.1695996336626119
0.12766335209785157	0.5661376466901983	0.30619900121195026
0.019431874713093267	0.6112101573661871	0.3693579679207198
0.09188250650029514	0.4589394189200594	0.4491780745796456
0.1793219678787087	0.2821229059422677	0.5385551261790237
