0.27137937459402117	0.3816895268726254	0.3469310985333535
0.26776917054562027	0.3787564699616459	0.3534743594927339
0.273214548871167	0.37614849760799124	0.35063695352084195
0.2789959260780796	0.373539109315291	0.3474649646066295
0.2771358722876843	0.3844186640889454	0.33844546362337036
0.27280727276404365	0.3763796503075813	0.35081307692837516
0.27806849979122483	0.38021531644105866	0.34171618376771656
0.2697686866010923	0.3810414425114318	0.349189870887476
0.2650928260147464	0.37555237230480254	0.35935480168045114
0.27869006689860987	0.37464785526309574	0.34666207783829456
0.2767750952995017	0.3716241536469037	0.3516007510535947
0.2786716925315478	0.3816266810530252	0.33970162641542717
0.264591993701563	0.38489192225898167	0.35051608403945544
0.2753446317450741	0.3730431411273712	0.3516122271275548
0.26470076298725775	0.38458243562748157	0.3507168013852608
0.27332015828171197	0.37966595602124875	0.3470138856970394
0.27016258514429925	0.3845721754338305	0.3452652394218704
0.2822877214504719	0.37499392844138063	0.3427183501081476
0.26535578517426717	0.37615521309833694	0.358489001727396
0.27421358600268636	0.38488182150866757	0.34090459248864624
0.26707946073253264	0.37323431523354145	0.359686224033926
0.27810517168031	0.37522494884016994	0.34666987947952016
0.27842935972697347	0.3728260110203438	0.34874462925268285
0.27670797390312063	0.3815820072841843	0.3417100188126952
0.2661312376915099	0.37689421799572026	0.3569745443127699
0.2723208228732139	0.37604918086281575	0.35162999626397046
0.2674667032905539	0.38080975461153627	0.35172354209790996
0.2658587921271835	0.37953928441565604	0.3546019234571606
0.28142159783188886	0.37809319691157955	0.34048520525653164
0.2723887747211401	0.37512894285561504	0.35248228242324503
0.26793862467252505	0.38393115323627425	0.3481302220912008
0.2795957017990715	0.38016361788347636	0.34024068031745225
0.27283467267348516	0.38448007065646594	0.34268525667004907
0.2643859643730738	0.381396861350156	0.3542171742767703
0.2753092459209727	0.3802278419147668	0.3444629121642606
0.2743840767231286	0.382194768589953	0.3434211546869185
0.2713980406122783	0.37659199446326436	0.35200996492445746
0.2667468625320186	0.3738578797284058	0.3593952577395757
0.28058305800862515	0.37456287247907294	0.3448540695123021
0.2761406207729373	0.3841842401661878	0.339675139060875
0.2741376720314024	0.3803031409681814	0.3455591870004163
0.27379480783661236	0.37357576670866843	0.35262942545471937
0.28055532985669446	0.37761833311770493	0.3418263370256007
0.2754629777303975	0.3813148719811549	0.3432221502884477
0.28027443763813714	0.3765035474977379	0.34322201486412507
0.27489418440165236	0.37181532289265506	0.35329049270569274
0.27115956044944634	0.3834351282291513	0.3454053113214024
0.27285528031565986	0.37710704470874923	0.350037674975591
0.28173143271347223	0.37194858834253275	0.34631997894399513
0.26785426390108863	0.38322361235653984	0.34892212374237164
0.2708383992250431	0.3803932548240442	0.34876834595091283
0.2721594839561596	0.37884860602697285	0.3489919100168677
0.2801240789973029	0.3787088011828796	0.3411671198198176
0.2764771955979015	0.3821310600969186	0.34139174430518
0.2765634744304835	0.3842380038358907	0.3391985217336259
0.2704233689792738	0.37326037453986965	0.35631625648085663
0.2691829599017921	0.377023462686488	0.35379357741172
0.2687075422897768	0.3721580502030103	0.3591344075072131
0.27390525323224324	0.38360959585689675	0.3424851509108601
0.2755447827953867	0.37068407497518485	0.35377114222942857
0.2784172446225057	0.37530238751517225	0.3462803678623221
0.27679930189443863	0.3825524071517496	0.3406482909538119
0.2678529527214996	0.37642109835549825	0.3557259489230023
0.27257250638168307	0.37533590091503993	0.3520915927032771
0.275703952231476	0.3704035204627126	0.35389252730581156
0.2736017298281777	0.37413204933785876	0.35226622083396364
0.26521794645043884	0.38281750131040193	0.35196455223915935
0.26830484489403816	0.37236342164927516	0.3593317334566868
0.2776717863735346	0.3737770465983626	0.34855116702810285
0.2801675298788725	0.3733422281853764	0.34649024193575123
0.2673106103078737	0.37881827520020284	0.3538711144919236
0.26599460308995	0.3801746800335667	0.35383071687648343
0.2762391327002985	0.3845404039868072	0.33922046331289446
0.2669584607481514	0.3820834528746142	0.3509580863772345
0.28090480658034067	0.37752380269611896	0.3415713907235405
0.2652724648145121	0.37877983609250343	0.35594769909298457
0.2647329846783004	0.37948141252523787	0.3557856027964618
0.28234468991920925	0.37332884665374994	0.34432646342704093
0.28179895930146726	0.3790403080494157	0.33916073264911717
0.27293402159319957	0.3722138168328981	0.3548521615739024
0.2778339278665644	0.37638674777107994	0.34577932436235576
0.2772836568117804	0.3807642194497227	0.341952123738497
0.2712865198981885	0.37410620778767223	0.35460727231413935
0.2728598700647482	0.375203260447544	0.3519368694877079
0.27752154430635545	0.3712005245009499	0.35127793119269474
0.2780944482455825	0.38362132529001464	0.3382842264644029
0.2722740399551059	0.38087749928146003	0.3468484607634342
0.2786857419500242	0.3743770281720948	0.34693722987788106
0.26484720069609635	0.379956983043271	0.3551958162606328
0.2752177409889809	0.37491094830630856	0.3498713107047107
0.2803918420763501	0.3712247790526716	0.3483833788709784
0.2782019221390317	0.37800909570750885	0.3437889821534595
0.2659364358088961	0.3840994808174392	0.3499640833736648
0.2683261332363657	0.3732423371512918	0.3584315296123426
0.269675395158849	0.37884221427074255	0.3514823905704086
0.27723780612828675	0.3804354700448677	0.34232672382684565
0.2736525540354328	0.37296595057412235	0.35338149539044494
0.27393198501833976	0.3802529409823392	0.3458150739993212
0.2758724583835789	0.3768915042750178	0.34723603734140346
0.2642260158257577	0.38141839347940065	0.35435559069484174
0.2722992809445077	0.37969204633277176	0.3480086727227206
0.2742498858440847	0.37992454705066153	0.34582556710525386
0.2771532561796911	0.37442923414054274	0.34841750967976626
0.2686038162075963	0.3784157722082539	0.3529804115841499
0.269163247084688	0.3802114246511957	0.35062532826411646
0.2681732990964027	0.37387397783509807	0.35795272306849935
0.2644660736754816	0.3780992076909758	0.3574347186335427
0.27785372989646717	0.38341407363723695	0.338732196466296
0.28037695457533435	0.38100811819974756	0.3386149272249182
0.2740499960694911	0.3703577092959919	0.35559229463451714
0.2676543129834414	0.38029088432977004	0.3520548026867887
0.2759624834913176	0.3741205452423992	0.34991697126628335
0.2816324248164709	0.3707245637637008	0.3476430114198285
0.26652178552158023	0.38002906399950037	0.35344915047891956
0.27984022852162255	0.3767077752234213	0.34345199625495626
0.2697065738662823	0.3823473101110111	0.34794611602270675
0.2649330432483769	0.3773772707994606	0.35768968595216266
0.2701047190611578	0.37400105392457633	0.355894227014266
0.26625274690973755	0.37746614689011004	0.35628110620015246
0.27781774290910627	0.3744420211318332	0.3477402359590607
0.27614261976503995	0.37037921056913004	0.3534781696658301
0.28009771985299814	0.38163077674719115	0.33827150339981077
0.2794562177988929	0.3808938586646014	0.3396499235365058
0.26826777653298395	0.38290437239593156	0.34882785107108466
0.2697712200732084	0.3720292554319972	0.3581995244947945
0.27758878454565383	0.3768731129099408	0.3455381025444055
0.2707914676929545	0.38050336805273177	0.3487051642543138
0.27249311709141477	0.3737180766851413	0.3537888062234441
0.27099295897389253	0.3794553899186461	0.3495516511074615
0.26652484945202737	0.3829154701894094	0.3505596803585634
0.27331926924399047	0.38113373346231494	0.3455469972936947
0.2661174020657652	0.3742961925500718	0.3595864053841632
0.27667178323411046	0.3822633366575448	0.34106488010834485
0.28112311817420027	0.3725515471970513	0.34632533462874854
0.26952693966140306	0.38136538072843107	0.34910767961016603
0.27098740309649094	0.3807083418084201	0.34830425509508905
0.2764467014848942	0.37701116288602055	0.34654213562908537
0.2809798330979228	0.37857749515751554	0.3404426717445618
0.2678147526126339	0.37447865394637286	0.35770659344099337
0.2738544185038865	0.3766851069853314	0.3494604745107822
0.26734036337015027	0.37383435183277686	0.358825284797073
0.26438725706465815	0.38504459964193083	0.3505681432934112
0.2665356467173772	0.38420762400068276	0.3492567292819402
0.2644630246157099	0.383939518280247	0.35159745710404317
0.2657299022955461	0.37682591459417986	0.35744418311027415
0.27309283255289607	0.37208402639365495	0.3548231410534491
0.2718628249658019	0.37340131829934714	0.3547358567348511
0.2774752095724334	0.3772925907190969	0.34523219970846986
0.2752432896047898	0.3706277736168856	0.35412893677832474
0.27560329554630486	0.3788367613453987	0.3455599431082966
0.280706549444717	0.37094592666533716	0.34834752388994594
0.2770567643273954	0.37034937094815357	0.35259386472445114
0.2734734207085775	0.37771361273596304	0.34881296655545957
0.2778266763452526	0.3749306167552398	0.3472427068995077
0.2822332559267123	0.37245305038741283	0.34531369368587495
0.2814456567770841	0.375075506852997	0.343478836369919
0.2723527873477856	0.3804089207322407	0.3472382919199738
0.2731454905989468	0.3833941020658909	0.3434604073351624
0.2659674872318148	0.3814741877286808	0.35255832503950446
0.27725438921466333	0.37989607476347353	0.34284953602186324
0.26715470021936594	0.3791060183974444	0.35373928138318983
0.2647360359444968	0.38295987520768915	0.35230408884781417
0.26434555863653075	0.3836652084248031	0.35198923293866624
0.27752000355747913	0.37406000934612904	0.3484199870963919
0.27832139568929537	0.37971568227649977	0.341962922034205
0.2750613088634685	0.37507536450049445	0.34986332663603714
0.26976036405247217	0.3829791170533766	0.3472605188941513
0.274264268907468	0.3742495406506607	0.3514861904418714
0.2761616184122116	0.3717702797003367	0.35206810188745175
0.2819900726925813	0.37242032263282177	0.34558960467459704
0.28189272510179747	0.37657626183173415	0.3415310130664685
0.26533560009697843	0.3838607438730385	0.3508036560299832
0.26779710140149676	0.3753244423844349	0.35687845621406844
0.2646594662741572	0.38326324708204706	0.35207728664379584
0.27459404884806254	0.38173863726775126	0.34366731388418637
0.2706669550563382	0.3831756317403879	0.3461574132032741
0.2790983997634246	0.3710234919730831	0.3498781082634924
0.2738201228494651	0.3758641716932716	0.3503157054572634
0.2748619924839286	0.37643091906926723	0.34870708844680426
0.2719395877998131	0.37788302176808297	0.35017739043210405
0.2766835226961013	0.38215391263607107	0.3411625646678277
0.2705904348152256	0.374165630466367	0.35524393471840754
0.2781148241271565	0.3784172445771026	0.343467931295741
0.27294161311615767	0.37458895145907256	0.3524694354247699
0.27028307676094765	0.3740157376489526	0.3557011855900999
0.27966552117808796	0.3784375626624098	0.34189691615950235
0.2683890653565584	0.38087200129890814	0.3507389333445336
0.27314646621075644	0.37236480084988227	0.35448873293936134
0.2818757592887363	0.37293167629090507	0.3451925644203588
0.27446472759027246	0.3771766600139599	0.34835861239576776
0.2731967702059872	0.37701313432029643	0.3497900954737164
0.2767241558960518	0.3740962366356051	0.3491796074683432
0.27623335344023814	0.3827779898662616	0.34098865669350037
0.27579856017310783	0.38130874304116547	0.3428926967857268
0.2717072331545999	0.38018680247816017	0.34810596436724006
0.266236902249536	0.377241323368224	0.35652177438224003
0.2785843917817864	0.37773455675299217	0.3436810514652216
0.26881005406355807	0.38463729733542096	0.34655264860102114
0.2795104156812338	0.3801512916868851	0.34033829263188115
0.2702659054362514	0.3846041222508324	0.34512997231291637
0.2650154511650615	0.3794920963697568	0.3554924524651818
0.266424220599967	0.3802088827953196	0.3533668966047135
0.2767828152579892	0.37614193276407065	0.34707525197794026
0.2711422729697026	0.3811032181420578	0.3477545088882397
0.2642849333844926	0.37642241645321417	0.3592926501622934
0.2794776523973743	0.37602084703244953	0.34450150057017626
0.272572795775725	0.379474694650053	0.347952509574222
0.272541206717963	0.37687963020679227	0.35057916307524484
0.2656151660373024	0.37436795038488	0.3600168835778177
0.27117350151404607	0.37605798959454706	0.352768508891407
0.2746288950913107	0.37482783423334975	0.35054327067533964
0.2772747276133686	0.37009293197650706	0.3526323404101245
0.2782892302678979	0.379186805206566	0.3425239645255362
0.269731189462766	0.3774472670922875	0.3528215434449467
0.2717883146252625	0.37831149462091274	0.34990019075382495
0.28217659217517427	0.37183963198391046	0.34598377584091533
0.2726264980338825	0.37449269549949726	0.35288080646662034
0.27979428584465604	0.38014672452570397	0.3400589896296401
0.26612120181396604	0.3773702764698593	0.3565085217161748
0.2749397973430664	0.37415359747615284	0.3509066051807809
0.27073767795049386	0.3813924126683914	0.34786990938111484
0.2794413331734126	0.3717666856079755	0.34879198121861205
0.2803508026676632	0.37622164844448375	0.34342754888785315
0.271378952107975	0.38217431493008064	0.34644673296194445
0.27678146941706017	0.3707924198543896	0.35242611072855035
0.272740106837542	0.38193818332129315	0.34532170984116495
0.27694350332581663	0.37511279614745585	0.34794370052672763
0.270712696445223	0.37141949385408224	0.35786780970069487
0.27580880390386475	0.38286790189699055	0.34132329419914487
0.2691215537260845	0.38010185269488295	0.3507765935790327
0.267646662039471	0.37475516558643	0.3575981723740991
0.2750638208128735	0.3705364417495782	0.3543997374375484
0.2791790330911655	0.37717995908117713	0.3436410078276575
0.2718638365854973	0.38326267278380427	0.34487349063069855
0.2790072605525097	0.37330102846429225	0.34769171098319823
0.27425533622084053	0.3773706465111754	0.3483740172679841
0.26459693892375225	0.3753320448459265	0.36007101623032134
0.2817904263537976	0.3790651223880469	0.3391444512581556
0.2792933637551083	0.37526316048905495	0.34544347575583684
0.2806518720953422	0.37067360123720816	0.3486745266674498
0.26841127515455265	0.3824958996535335	0.34909282519191404
0.27237145935176277	0.38496030049875274	0.3426682401494846
0.2748442022455784	0.3835807448820716	0.3415750528723501
0.27468658149488806	0.3701039575483069	0.35520946095680517
0.27873845127072616	0.37274052960503457	0.34852101912423944
0.27463110857218465	0.37807969797112384	0.3472891934566917
0.2820557805104797	0.37333675194072147	0.34460746754879895
0.2711285681859907	0.3717155151188415	0.35715591669516794
0.26885230307297614	0.37980811105079193	0.35133958587623204
0.26585313125026894	0.38183086206949507	0.3523160066802361
0.27778595376517445	0.3750309415627198	0.34718310467210584
0.2716676363324974	0.37766591122845977	0.35066645243904293
0.2766570096645615	0.3841591791727834	0.33918381116265517
0.2793977162515654	0.38250607092020805	0.33809621282822666
0.27111997687611156	0.3777996627432251	0.3510803603806635
0.2805222554725241	0.3701338898856098	0.34934385464186624
0.2814684405602223	0.3771892568729388	0.341342302566839
0.2644101193243217	0.37761621314957305	0.3579736675261054
0.27659857463751464	0.380943057650467	0.34245836771201854
0.2793458653838909	0.37719429383609	0.34345984078001923
0.273949580613415	0.370739615970756	0.3553108034158291
0.27652073334846367	0.37170019014629185	0.3517790765052446
0.2703902003226079	0.3712292052441704	0.3583805944332218
0.27535937152169665	0.37629575837580753	0.34834487010249593
0.2757393477933704	0.38048629001448264	0.34377436219214713
0.2745775850053485	0.37694233293632795	0.34848008205832365
0.28185934020423437	0.3745285975103243	0.34361206228544144
0.26441153635659737	0.38217178254132345	0.3534166811020793
0.2812833293088433	0.38054233355529116	0.33817433713586564
0.2708926819506486	0.378874503351824	0.35023281469752754
0.27425071469252543	0.37666410494249336	0.3490851803649813
0.2787751972132745	0.3828565070736349	0.33836829571309074
0.27500825607547535	0.37560179260849813	0.3493899513160266
0.2802247502100085	0.3757198841915867	0.34405536559840494
0.26853304778560094	0.38369201163761874	0.34777494057678043
0.2755836516147133	0.3737867829312807	0.3506295654540061
0.2659908809441405	0.3778481780145695	0.35616094104129015
0.26570365304658305	0.3841225234502708	0.3501738235031463
0.27313439189281674	0.3733920440171112	0.35347356409007213
0.2681944170513383	0.3765475492570067	0.35525803369165515
0.27973530020870496	0.37465635727790597	0.3456083425133892
0.268012590448817	0.3823663800062849	0.3496210295448982
0.27089998801525267	0.3741524977254077	0.3549475142593397
0.27282095401421963	0.3767732618037606	0.3504057841820199
0.2671847857633308	0.3772086112756958	0.35560660296097346
0.27200935111025476	0.3832721457950615	0.3447185030946838
0.2805477367646467	0.3763397566452065	0.34311250659014686
0.2721578860440723	0.38439657364184143	0.34344554031408636
0.2751892499380837	0.3849040735232504	0.3399066765386661
0.2770210134764102	0.3717446227423128	0.3512343637812771
0.27474687461440617	0.3825857895877407	0.34266733579785325
0.27136310733495345	0.37245321699530165	0.356183675669745
0.2704074242605624	0.37148456439803584	0.35810801134140186
0.27078685995118223	0.37490793545271794	0.3543052045960999
0.27599692614134963	0.38354118272130233	0.34046189113734815
0.27078942991701427	0.3814078220652054	0.34780274801778044
0.27054919814267897	0.37321721517564804	0.3562335866816731
0.2771632125791267	0.3752671833869825	0.3475696040338909
0.2782543560535138	0.37841161348375474	0.34333403046273164
0.2659746166187025	0.38004939558759854	0.35397598779369915
0.2697015185813878	0.38250883968112065	0.34778964173749166
0.27485923286692615	0.3806763398968248	0.34446442723624915
0.2728626261064508	0.38106832396648715	0.34606904992706217
0.27127938370670646	0.3721550810900881	0.35656553520320555
0.2656697681000843	0.3785304300674795	0.3557998018324363
0.2796186311303331	0.37917914212533566	0.34120222674433137
0.28037918943175283	0.3810152478663499	0.3386055627018974
0.2769130977997942	0.382782322272745	0.34030457992746094
0.2686056050580013	0.3754904518631971	0.3559039430788017
0.273858644976183	0.3813334704458774	0.3448078845779397
0.27911371058279466	0.3816655601976134	0.33922072921959207
0.272226100597934	0.38139006805042364	0.34638383135164247
0.26588536677231805	0.377010285520861	0.35710434770682103
0.27522292317983504	0.3701984480756851	0.35457862874448
0.2754903208367908	0.378552794022175	0.34595688514103434
0.2766529057969546	0.37218734560328304	0.35115974859976246
0.2704821354221134	0.3815234000848934	0.3479944644929933
0.2726318050117269	0.37763923349081313	0.3497289614974601
0.2731860428885581	0.37931867432484945	0.34749528278659264
0.2683358322189997	0.37515037939308615	0.35651378838791425
0.27650547580826673	0.3774089297573363	0.34608559443439707
0.2692955427695553	0.38517904739459696	0.34552540983584784
0.26858924051747457	0.3799518165817455	0.35145894290078006
0.2708547070650161	0.3710428202934039	0.3581024726415801
0.26425207444482474	0.3848244723426537	0.35092345321252166
0.2697143547162485	0.37050191470486815	0.3597837305788835
0.2691364433239961	0.37576669684467723	0.3550968598313268
0.2692545641988211	0.37771434689710204	0.353031088904077
0.27430160741556353	0.3742523775037471	0.35144601508068946
0.2719643646223284	0.3699969473373386	0.358038688040333
0.2714404911480345	0.3795111778859425	0.3490483309660231
0.2747405392693553	0.37352533826875606	0.35173412246188873
0.26686699955698606	0.38146714615775146	0.35166585428526265
0.2796867773528131	0.37586453543663934	0.34444868721054767
0.27709324328697277	0.3838927873536498	0.3390139693593775
0.2722195232311056	0.37876694497955915	0.34901353178933536
0.26539935250388014	0.37880799869937337	0.3557926487967466
0.2651684622172584	0.3843642155000592	0.35046732228268246
0.2642811511702872	0.3794658999314251	0.3562529488982878
0.2723339822217041	0.3803098160448156	0.3473562017334804
0.2648461573019696	0.38398356450441173	0.35117027819361885
0.2795885494791037	0.38120931662255264	0.33920213389834375
0.26634045068241363	0.37797122495239555	0.35568832436519093
0.28126030723712825	0.3741623731836907	0.34457731957918114
0.27003266053351177	0.3780047427259566	0.35196259674053176
0.2784328758381558	0.37559618255868826	0.3459709416031561
0.27722742551758445	0.3700355078633416	0.35273706661907406
0.2685332952919455	0.3811929423197067	0.350273762388348
0.2739743122535766	0.37114218044915204	0.35488350729727147
0.2764616302591209	0.37121677243349305	0.3523215973073862
0.2743324621418957	0.3762716644486483	0.34939587340945616
0.27889680180397386	0.37168605900546314	0.3494171391905631
0.2642232190996082	0.3835826510807267	0.35219412981966525
0.27210516242468613	0.3731525452405856	0.35474229233472837
0.2772848930484432	0.38418451734131087	0.338530589610246
0.2649717592972712	0.3765429471208366	0.35848529358189235
0.2757112904109926	0.3766712417416058	0.3476174678474017
0.26767312890139067	0.37320378020389355	0.35912309089471595
0.2647781492159169	0.3765814620725255	0.3586403887115577
0.2689749892820686	0.37867085015193774	0.3523541605659938
0.27101411280849985	0.37421528561506917	0.3547706015764311
0.27559907099465414	0.3842760208285501	0.34012490817679586
0.26438946285491693	0.38076829171636717	0.354842245428716
0.267659806270898	0.3838163974568048	0.34852379627229735
0.2706440209547017	0.38105801594796734	0.3482979630973311
0.26742118434912787	0.3804555638935188	0.3521232517573534
0.2701973974809089	0.3810876610956052	0.348714941423486
0.2648813368572839	0.3821340601726605	0.35298460297005574
0.2746816380476448	0.3780691896585072	0.34724917229384816
0.27855533139504757	0.3812641442716269	0.34018052433332563
0.2748733406342062	0.3760908343866763	0.3490358249791176
0.266711494702772	0.3843257253820414	0.34896277991518676
0.27056067332013367	0.3810734880523776	0.3483658386274888
0.2709395143514138	0.383718240308899	0.3453422453396873
0.27921654420267106	0.37055213038161905	0.35023132541571
0.279155015212554	0.37122947018786584	0.3496155145995803
0.26650574839671437	0.3804912002716851	0.35300305133160065
0.2731511179390386	0.3749476887360894	0.3519011933248721
0.27596046190737594	0.377365565455116	0.34667397263750815
0.27318729898662003	0.381464549606521	0.34534815140685915
0.2790235634910261	0.37744421838933995	0.34353221811963414
0.26483203222962737	0.38350161575124	0.35166635201913277
0.2724971393976185	0.38260355475656055	0.34489930584582107
0.27739014049354815	0.3818749287824793	0.3407349307239726
0.26921746741976244	0.3814647841991664	0.34931774838107127
0.2680600805310124	0.38043393432344735	0.3515059851455403
0.2792857375714858	0.37274583892338864	0.34796842350512575
0.28077056279892065	0.37346758819983955	0.3457618490012399
0.2712196502644142	0.37416098939122605	0.3546193603443598
0.26885079327703093	0.3828099383747504	0.34833926834821877
0.28243343680363775	0.37010132515198785	0.3474652380443745
0.27892406198172076	0.37306045526959736	0.348015482748682
0.2713663007372441	0.37373497657930216	0.35489872268345385
0.2736946229796423	0.3740348989249138	0.35227047809544404
0.27395210952647714	0.38093250354444036	0.34511538692908267
0.2711065729938314	0.37568335506363726	0.3532100719425315
0.2693999309677146	0.37140793412398554	0.35919213490830004
0.2807328132911347	0.3755795920281122	0.34368759468075327
0.27579770138835635	0.3741088166481033	0.35009348196354045
0.27002830150179463	0.3807382889597019	0.34923340953850357
0.28008146992626726	0.3755700344601089	0.344348495613624
0.26777041331433793	0.38489855113225757	0.3473310355534046
0.27922308148847663	0.3711094084380129	0.34966751007351066
0.2768673390201912	0.3813852991198371	0.3417473618599718
0.26991344026998276	0.3845716662637918	0.3455148934662256
0.2646365434103055	0.3828265078311773	0.3525369487585173
0.2711854484704672	0.3806855607954881	0.3481289907340448
0.28114283228225784	0.3768983101975816	0.3419588575201607
0.2742990062779623	0.3753080228917224	0.35039297083031545
0.26494060997198693	0.38306763114565795	0.35199175888235523
0.2760925341282001	0.3806750327891809	0.3432324330826191
0.2647828014750948	0.3819584609398008	0.3532587375851045
0.26878822791943124	0.3728312718495375	0.3583805002310314
0.2691190770209503	0.38509190924978054	0.3457890137292693
0.279699778359603	0.3804620217229717	0.3398381999174253
0.2771451144804909	0.3774694807013691	0.3453854048181402
0.2700615988023089	0.3805957583413569	0.3493426428563343
0.26516526461579915	0.37560747010295154	0.35922726528124943
0.2797837636707955	0.3818971068963739	0.33831912943283077
0.26621775746578336	0.377630490027277	0.35615175250693976
0.2770982131021506	0.38112936827403826	0.3417724186238113
0.281177049169573	0.3797370415757767	0.3390859092546505
0.2700818147293284	0.37998861361404884	0.34992957165662286
0.26835564967628467	0.3806162505410088	0.35102809978270666
0.27120081564488224	0.3713430385438082	0.3574561458113097
0.2730714580650004	0.3728573507434857	0.354071191191514
0.27149029771148875	0.3850095889667138	0.34350011332179764
0.2656899692700008	0.3797797592683181	0.3545302714616812
0.26576311085552173	0.37682638266112595	0.35741050648335243
0.28113454421050793	0.3729970053957635	0.34586845039372865
0.26787437536017095	0.38224981328847774	0.34987581135135143
0.26932287521166987	0.3779589736969837	0.3527181510913465
0.2742024352814054	0.3795877776976118	0.34620978702098293
0.2682544250793561	0.383812198883564	0.34793337603708
0.27178146179464036	0.37485233771131105	0.3533662004940487
0.2666322202351574	0.3851438220713037	0.348223957693539
0.2766151144661441	0.37740036431002877	0.3459845212238272
0.274872876851626	0.38002411523997215	0.345103007908402
0.2681184070556436	0.3722251198363259	0.35965647310803067
0.27904081883113335	0.3762876617070775	0.3446715194617893
0.2720859053049014	0.3813480591168349	0.3465660355782638
0.2698136131989885	0.38368840276999777	0.34649798403101384
0.26897270860720823	0.3724486108860683	0.3585786805067236
0.2816669346672866	0.3702918200730492	0.3480412452596643
0.2712555357614338	0.37933678230073603	0.34940768193783023
0.2665425427786897	0.3785133989405168	0.3549440582807936
0.2740461058162522	0.37900990329778	0.3469439908859679
0.2645450892340058	0.37668558407713293	0.35876932668886136
0.2785265864285162	0.37902417066984145	0.34244924290164247
0.27202128447996465	0.3745313064326559	0.35344740908737954
0.2785884101686036	0.3826347312063151	0.3387768586250815
0.27356300969586916	0.37876794723873286	0.3476690430653981
0.2802740959501351	0.38011421681629076	0.33961168723357427
0.27732039246519746	0.37602890503171515	0.34665070250308755
0.2745433724797205	0.377569672518156	0.3478869550021237
0.27782440111788476	0.3774168518559505	0.34475874702616494
0.2672462291174533	0.38283088450871283	0.34992288637383395
0.2766054376939991	0.3700033924967441	0.353391169809257
0.2819251871125735	0.3748694406829832	0.34320537220444336
0.2800647458388262	0.37443486004986104	0.3455003941113129
0.2741091093366291	0.38232115552538587	0.34356973513798517
0.2741934915757498	0.3750251703706068	0.3507813380536435
0.2752965276256183	0.37812642034101523	0.3465770520333666
0.2766023224340295	0.37546151271442146	0.34793616485154916
0.26847264888489153	0.38108975466858297	0.3504375964465256
0.2820287234743523	0.37049310589049633	0.34747817063515146
0.2743635966353093	0.38488207553665066	0.34075432782804016
0.2755587463266742	0.3831118662636957	0.34132938740963026
0.27897174556999094	0.38033484056081934	0.34069341386918983
0.273679049821088	0.3724435465607487	0.35387740361816344
0.28093996747062744	0.37642539715901524	0.34263463537035743
0.2678113789213314	0.38401917344283815	0.3481694476358306
0.2786168209279916	0.374622027805773	0.3467611512662355
0.27136093086357266	0.38043108358910793	0.3482079855473196
0.27049447600776705	0.3813289620575744	0.3481765619346586
0.2819853105174175	0.3765641390548622	0.34145055042772043
0.2731867483125741	0.38397310363833714	0.34284014804908886
0.27268866294676886	0.3763674819366653	0.35094385511656595
0.27393897302448644	0.3831934994731972	0.34286752750231647
0.26993335795953016	0.3773004185319594	0.35276622350851056
0.2718399564367784	0.3818150794250263	0.34634496413819543
0.2744377984462272	0.3744914146353965	0.3510707869183765
0.2661445068632652	0.3820763027201122	0.35177919041662264
0.27705923048733316	0.381619183770056	0.34132158574261096
0.27310781697807973	0.3798498406313131	0.3470423423906073
0.2707498939792842	0.37757452945034176	0.35167557657037424
0.2719920619196449	0.375911968944714	0.35209596913564123
0.2782572245072538	0.3718190035562599	0.3499237719364864
0.27061960532540547	0.3759469733812187	0.35343342129337596
0.2811118850835724	0.37857424345121565	0.3403138714652121
0.28112008293369894	0.3740519189828583	0.34482799808344294
0.27943332382478114	0.37078540495342577	0.3497812712217932
0.27043878952356826	0.3727664975796379	0.356794712896794
0.2699256731825837	0.3746925214478005	0.35538180536961594
0.2817681297958176	0.37400236255603486	0.34422950764814764
0.26775707826228934	0.38413011261748037	0.3481128091202304
0.27823331212628555	0.3797454734631105	0.34202121441060407
0.28117878017457476	0.3719841912882912	0.3468370285371342
0.2680333999700687	0.3810831741094964	0.35088342592043503
0.26536014922967205	0.37536916014898924	0.3592706906213388
0.26661581161804204	0.3759830844804024	0.35740110390155566
0.28012397228127317	0.37457595087504275	0.34530007684368424
0.2823606035228049	0.37846321370853053	0.33917618276866474
0.27334713266685745	0.38132433491744183	0.34532853241570083
0.27389072200001696	0.3717055287706667	0.35440374922931644
0.27757475658159897	0.3831467278360805	0.33927851558232064
0.266098099538391	0.3819016888086737	0.35200021165293544
0.28124046345253323	0.37412849562783496	0.3446310409196319
0.2762159043529186	0.37519805581114973	0.34858603983593184
0.27033516560227266	0.3702952994260899	0.3593695349716376
0.26809038513199773	0.3775903498898245	0.3543192649781779
0.28160392247026844	0.37269187566930767	0.34570420186042405
0.26744662833161287	0.38053281999216726	0.35202055167622
0.2692584849599664	0.3803151124404598	0.35042640259957397
0.2718675174325698	0.3737107234975429	0.3544217590698874
0.27823504730571236	0.3739642681513985	0.34780068454288926
0.27687815117559117	0.3847336777248468	0.33838817109956215
0.26680806626127146	0.37615606634075943	0.3570358673979692
0.2709472919114784	0.3699831248022027	0.359069583286319
0.27295266276481656	0.37389374428690514	0.35315359294827847
0.27182230678414526	0.38434202674067675	0.3438356664751781
0.27532711938237553	0.383149698540739	0.34152318207688565
0.2642906092309968	0.37586221716800366	0.35984717360099966
0.2665233593192633	0.38295099876631533	0.35052564191442154
0.27845903427462537	0.3763667173396871	0.34517424838568767
0.27737954774611556	0.38210498326755143	0.3405154689863331
0.2677099526550279	0.3762828021587377	0.3560072451862345
0.2703692739015646	0.37425799672168736	0.3553727293767482
0.2789324705007629	0.3715665444182896	0.34950098508094757
0.26994463586112677	0.3706205563539627	0.35943480778491066
0.27003338519940534	0.3714226485371901	0.3585439662634047
0.2728372121968916	0.3774433745363007	0.3497194132668078
0.2680552321407896	0.3746153672202476	0.357329400638963
0.26821879171881247	0.3822231161080536	0.3495580921731341
0.26715703276382124	0.385212515910905	0.34763045132527387
0.2680040036097725	0.3795395355419097	0.3524564608483179
0.27648553144111393	0.38383276805722777	0.33968170050165836
0.2732782323695526	0.38419063345713883	0.3425311341733087
0.2803175259778352	0.37180236257305715	0.3478801114491078
0.26631450532716716	0.3829423861380523	0.3507431085347807
0.2656847240687248	0.3816056785277924	0.3527095974034829
0.2744864347180131	0.37365651055322036	0.3518570547287667
0.2737103842177505	0.3813995678178851	0.3448900479643645
0.2762466028323643	0.38351592864652323	0.3402374685211126
0.2755485440477484	0.37880836088321235	0.34564309506903934
0.2727852571198899	0.379885156682331	0.34732958619777926
0.2731593789720863	0.37520547112763836	0.35163514990027545
0.2691064837798437	0.3834708830770165	0.34742263314313987
0.2787341276554822	0.3812903926351901	0.3399754797093278
0.2792575478024837	0.37824230036479745	0.342500151832719
0.2656824177406847	0.3823458419131341	0.3519717403461813
0.27448016069613324	0.37788335199656026	0.34763648730730656
0.27645010589395946	0.38329521681674017	0.3402546772893005
0.27621679803702087	0.3846621348790694	0.3391210670839098
0.2716287209069468	0.38428258520604736	0.3440886938870059
0.2785523627502367	0.37277977850017174	0.3486678587495917
0.2695654564534581	0.3771673888281458	0.35326715471839615
0.2651774797586518	0.3766416634217205	0.3581808568196278
0.2824625285388782	0.37729914117009644	0.3402383302910255
0.27013289478507363	0.3775636528485042	0.35230345236642224
0.27418011857872127	0.3766874744804015	0.3491324069408774
0.26856764626230145	0.37124561393113353	0.3601867398065651
0.269705839626171	0.3801681979956853	0.35012596237814386
0.2704123291413547	0.3805587171962796	0.34902895366236586
0.26628473580205736	0.380044676243937	0.35367058795400574
0.281303231091377	0.3791814359466801	0.3395153329619431
0.2807553403923491	0.37662816316789133	0.34261649643975967
0.26423348330164054	0.37897338974339256	0.356793126954967
0.2741093048763978	0.37147246896706687	0.3544182261565354
0.28114794498522433	0.3782082801749002	0.34064377483987557
0.26531284085301443	0.3753150675613897	0.3593720915855959
0.2699723532561299	0.3793828582404096	0.3506447885034606
0.2716263516196619	0.37342298124750867	0.3549506671328295
0.27560329775495396	0.3762380565097938	0.34815864573525235
0.27625995159698497	0.3764646908093523	0.34727535759366285
0.27183073976827926	0.3836917955341296	0.3444774646975913
0.2729030510138178	0.38178613269251144	0.3453108162936709
0.2760622211233294	0.37293703114107984	0.3510007477355908
0.2703678263095145	0.3703684104356277	0.3592637632548579
0.27604956689386323	0.38204343643476213	0.34190699667137475
0.2715860652268826	0.3739474723454661	0.3544664624276514
0.2694808464295166	0.38202305795869695	0.34849609561178657
0.27557539985127755	0.3814681111990009	0.34295648894972164
0.26856303637714973	0.3833994386503914	0.34803752497245893
0.2783124703491074	0.38077996773342393	0.3409075619174688
0.27004799654278877	0.37734298992777526	0.35260901352943613
0.2784608305908194	0.38007301380449193	0.3414661556046888
0.27812897722622604	0.37384966075440973	0.3480213620193644
0.2719690235128917	0.3807598989249815	0.3472710775621269
0.26587015312908835	0.37443287961009936	0.3596969672608124
0.2754609807046112	0.37011297110582553	0.35442604818956336
0.27720311471477094	0.37229538949133156	0.3505014957938976
0.26659299304369677	0.37698054088580074	0.3564264660705026
0.2758634099838455	0.378061175753683	0.3460754142624716
0.2807698464486732	0.3807436885333272	0.3384864650179997
0.2777059712904253	0.3825025234333357	0.3397915052762392
0.27542303432817095	0.37677641037108267	0.34780055530074644
0.27419175933584894	0.3837835831118544	0.34202465755229683
0.276229696737829	0.37081652325124254	0.3529537800109286
0.2659136285703463	0.3747359312487562	0.3593504401808976
0.27370441443453186	0.3792510714718562	0.34704451409361203
0.277532518731213	0.3842336084250363	0.33823387284375084
0.2817693187003117	0.3792814125824927	0.3389492687171957
0.28103753673863	0.3701873487933329	0.3487751144680372
0.2721589886887942	0.37010325144121936	0.35773775986998657
0.2650547410605829	0.3804177204423969	0.3545275384970203
0.282314649574869	0.3790959602402876	0.3385893901848435
0.27292727377845316	0.3793674744747091	0.3477052517468378
0.2696925245837349	0.3816443939581666	0.34866308145809866
0.27526863309281996	0.3755901112739092	0.349141255633271
0.2719003858304412	0.38173037898539286	0.34636923518416607
0.26462193945939966	0.37797419547664346	0.357403865063957
0.2707402690661516	0.3748789302687431	0.3543808006651054
0.2715577143193978	0.37269858067197065	0.3557437050086316
0.2814255447168317	0.37110829545692237	0.34746615982624607
0.2784745418136203	0.38132578735279693	0.3401996708335829
0.2718394846710575	0.3748664272018659	0.3532940881270767
0.2773133704289874	0.37709672535303906	0.3455899042179737
0.27553137173190184	0.3829775376402666	0.3414910906278317
0.27436376314425914	0.3706236754064577	0.3550125614492833
0.2720604621011127	0.37004541627754056	0.3578941216213469
0.26919080675570456	0.38002511180925624	0.3507840814350393
0.2685509374919275	0.37638880407889685	0.3550602584291757
0.2808092409705239	0.37218781342681706	0.34700294560265915
0.2646206629669878	0.37589735486171183	0.35948198217130056
0.2646677169575655	0.3822811361122555	0.3530511469301791
0.2806517330744426	0.377997860977973	0.34135040594758453
0.2683925287630583	0.372071221875806	0.3595362493611358
0.2756609875249161	0.37731824194384217	0.34702077053124186
0.2694963063806853	0.3737964543804299	0.3567072392388849
0.26916843546126223	0.3760626483790216	0.3547689161597163
0.27495761227170984	0.37101732248724256	0.35402506524104765
0.2668943074946848	0.3787738577333484	0.3543318347719669
0.2731996540160838	0.38378795591908843	0.3430123900648278
0.2711758277269135	0.3784165667494593	0.3504076055236273
0.27321959106924876	0.372053758028654	0.35472665090209743
0.26995511564618796	0.37088107736858206	0.3591638069852301
0.27115976483739596	0.37103498243595445	0.3578052527266497
0.2724724153376538	0.37314420516597835	0.35438337949636795
0.2759208117501434	0.37089504577429	0.3531841424755668
0.2683925925628815	0.378187229377453	0.3534201780596656
0.2757576819442813	0.3711335824601324	0.3531087355955865
0.2666520508279785	0.3762722540047745	0.35707569516724713
0.2738257048997469	0.3709585517314934	0.35521574336875983
0.268857223515791	0.37848753355654724	0.35265524292766187
0.2752143608993798	0.3730642319663315	0.35172140713428884
0.26723230388527575	0.3817212598997091	0.3510464362150152
0.2762402555765958	0.3751318780550147	0.3486278663683896
0.28237259591562924	0.37232188804379024	0.34530551604058063
0.2656109265514629	0.37606562797985565	0.35832344546868156
0.2762594517384039	0.3783240217594051	0.3454165265021911
0.27243069208727705	0.3754545410441899	0.35211476686853316
0.2795711793469435	0.3814153769718924	0.33901344368116426
0.27233721989300846	0.3762829589988823	0.3513798211081094
0.2820015791508169	0.3738114836094765	0.3441869372397066
0.273198126581112	0.37097844607904223	0.3558234273398459
0.26659295983682435	0.3747830561020854	0.35862398406109036
0.2681790908968138	0.37986924812636885	0.35195166097681746
0.26578511741471056	0.37685338190795487	0.35736150067733474
0.281384367001963	0.37163210944879366	0.34698352354924344
0.27536028432114024	0.37876717706727914	0.3458725386115808
0.269600662893173	0.38433515769118687	0.3460641794156402
0.2672764569867847	0.3795385846093804	0.353184958403835
0.2711784215960098	0.37249149936015935	0.35633007904383096
0.27888166946813403	0.3763814757793139	0.34473685475255217
0.27370045347787264	0.3748862734831945	0.351413273038933
0.2749777578758792	0.37303902797919025	0.35198321414493067
0.27380104551749984	0.37914795598226037	0.3470509985002399
0.2690996938461574	0.38298130223295623	0.3479190039208865
0.2809880758828521	0.3704898226275386	0.34852210148960944
0.2646078656528071	0.3825961852972464	0.3527959490499466
0.2691919477216087	0.3710174010475697	0.35979065123082177
0.2733552062254002	0.3793923445388813	0.3472524492357186
0.27062600799464986	0.37029978434226885	0.35907420766308146
0.2788447423633003	0.3768793258061305	0.3442759318305693
0.2703723095411603	0.37886442697789957	0.3507632634809402
0.26899344113994145	0.3774239816508946	0.3535825772091641
0.2676826453472795	0.37868271252325364	0.353634642129467
0.2768299592876841	0.38376597572056853	0.33940406499174747
0.2739644963065645	0.3742726915280213	0.35176281216541433
0.27407949418414623	0.3848254527554772	0.34109505306037674
0.27199849455853997	0.3761430370185097	0.35185846842295043
0.28182876317816213	0.37456286161105623	0.34360837521078175
0.27643469824041655	0.3811119660570531	0.3424533357025304
0.27479019413688555	0.38209369710065944	0.34311610876245513
0.2730058436256353	0.37350305056128913	0.3534911058130757
0.2727720342078955	0.37328803656377246	0.3539399292283322
