0.1337395965479123	0.0717870633894416	0.2504680921543102	0.16689011574319645	0.14069943911113517	0.04423243478291802	0.04807010133780101	0.14411315693328497
0.13526740986675456	0.07201265696537257	0.24900650850891576	0.16716846030289764	0.14127378771946517	0.04395503428708779	0.047846241811104764	0.14346990053840153
0.13292106499805523	0.0748686624271427	0.25019400969155314	0.16799549144778592	0.13775639745672913	0.0440893387158956	0.04827062845629035	0.14390440680654779
0.1340955821460791	0.07137374775242895	0.2499416364313904	0.16892055166436853	0.13775373994572496	0.044113089264027114	0.04824300774381718	0.14555864505216357
0.133410920294168	0.07406621861507559	0.24942749591262248	0.16835251540652835	0.1392447636372878	0.04417892351337682	0.04775218460519216	0.1435669780157486
0.13435930034609944	0.07226267074710147	0.2503939954668966	0.1677398159304143	0.13764193350413373	0.04420194019160635	0.04802065532213219	0.14537968849161573
0.1348544796912379	0.0729582067953439	0.2492107017995977	0.16504646964094039	0.14055289182713424	0.04424703867429673	0.04767003239479842	0.1454601791766505
0.13211038182386234	0.07244207911659938	0.2485902897773088	0.16875503994300173	0.14152650659900537	0.04420098997082682	0.04802119452439409	0.14435351824500123
0.13257011564670745	0.07581750937408654	0.2505730506933235	0.16632934924551446	0.13910083037654977	0.04395677829375268	0.04809788647520663	0.14355447989485878
0.13357396888540285	0.0719899691585296	0.24900533840356787	0.16796343834032218	0.14156056748310863	0.04403535592823245	0.04817687299989161	0.1436944888009446
0.13499280436558356	0.07415675837757227	0.2502035156420481	0.1661501764156651	0.1379689842168147	0.044236628803594594	0.04795145860406226	0.14433967357465918
0.13398757657834834	0.07385471324816675	0.25119586721791	0.16615840291719627	0.13829941957161906	0.04410561088544135	0.04772772116866501	0.14467068841265296
0.1328331992519623	0.07628585516581939	0.24836237439661552	0.16756393133544661	0.13773477968082642	0.044039367585577846	0.048005320343845415	0.14517517223990622
0.1334469342039234	0.07094711219105414	0.25136045605771784	0.16587619609830132	0.14121083852159116	0.044245040936122165	0.04811991749138156	0.1447935044999082
0.13374967004087057	0.0718125259775525	0.24996774651379722	0.16715428443799868	0.13974907250062502	0.0441545444005115	0.04785081026825813	0.14556134586038616
0.1319771120191611	0.07322445336297037	0.24999875801252058	0.1664692670343994	0.14119242152668396	0.04411745636648255	0.04834906210235328	0.14467146957542854
0.1318160480851549	0.07455254196651574	0.2521270037154531	0.16620816248642795	0.1394336075081875	0.044045040418920475	0.048148161215717675	0.1436694346036224
0.1338115498640529	0.07307837575279609	0.24874263839362923	0.1674594976266759	0.14120687083569328	0.04394389348052573	0.048362516943203995	0.14339465710342267
0.1320551041688795	0.07625308396871677	0.24965631608153288	0.1660189326847875	0.13928199219559606	0.044052999254121775	0.04839487324684914	0.14428669839951616
0.1339983167451503	0.07442398274748913	0.2483438774440888	0.16788616746212465	0.13804195383418186	0.04396318196798167	0.048311035356607024	0.14503148444237635
0.1334000812616278	0.07396649579652831	0.25014674657503844	0.16646723796874902	0.14005253079699936	0.04411892564677328	0.047672203915535546	0.144175778038748
0.13503431368622731	0.07178067956210396	0.24910786942948232	0.16734043405247848	0.13921027618103485	0.0440120493613461	0.04812224098210194	0.1453921367452248
0.13402119686379152	0.07185220998219399	0.2492003593973051	0.16868709985578334	0.14014927459544133	0.04411766422833216	0.04791570226797508	0.14405649280917732
0.13384380006994606	0.07281200100606035	0.2509238330663972	0.16632384395382266	0.13914243369304496	0.043990779957013226	0.0482725822549292	0.14469072599878618
0.13210821041903084	0.07635423524988949	0.24981702366628145	0.16628056109536493	0.13810304426212472	0.044242428274424164	0.04836779503072271	0.14472670200216145
0.1327167744200084	0.07422848040496421	0.2509811900694435	0.16820379884408998	0.13715373445433657	0.04404577819501157	0.047899057918912386	0.14477118569323316
0.13407368059352825	0.07150405908477639	0.2495723177278431	0.1687875460138599	0.13965771588746193	0.04411211835399473	0.04793581613912673	0.14435674619940872
0.1334048329350758	0.07084343454935449	0.2504538087271365	0.1681704999729402	0.13960773141622793	0.044123851149786064	0.04794818147031925	0.14544765977915958
0.13325159768482753	0.07391634563185726	0.2491067148044643	0.1663103153919387	0.1402534317862938	0.044190592195483436	0.04827176724121428	0.1446992352639205
0.1337433281876832	0.07534344948884644	0.24834389201969426	0.16639310416560657	0.13854487648501018	0.044149021579475256	0.048346012401405805	0.14513631567227814
0.13482787276334599	0.07468120181562893	0.24965913541590323	0.16560498217637337	0.1385729353884611	0.04408239402275245	0.047872394260267445	0.14469908415726726
0.1323178081925126	0.07111440540762362	0.2497734221325585	0.16841106512369486	0.14056904962853894	0.04427354013703215	0.04807334274373394	0.14546736663430518
0.13503145185557502	0.07272158151556732	0.24952702568053187	0.16770684350809945	0.13943697024096666	0.044089259587042046	0.04797663846901533	0.1435102291432021
0.13447098292407011	0.07335374129135325	0.24837028260645316	0.16778348933175025	0.1388824426415772	0.0440944826547999	0.0482366544450155	0.1448079241049804
0.1325503053149134	0.0755250347779291	0.2503859031447362	0.1668769653888393	0.13764549425377592	0.04403527761671139	0.04826236548266556	0.1447186540204289
0.13512919208752316	0.07503812530726729	0.2487488763680879	0.16527680942999157	0.1384547233263651	0.04425747983180142	0.04828456709136754	0.14481022655759582
0.13240634672331755	0.07298334576128579	0.24917142645605744	0.16857697437358712	0.14118218751358208	0.04400627396547853	0.0476618974272143	0.14401154777947694
0.1337672898737598	0.073033861416959	0.2490695046696123	0.16788725627906842	0.13939378560140187	0.044238256212588326	0.04784647590640982	0.14476357004020024
0.13525197922037505	0.075718788214419	0.2505911457490589	0.16541153058128133	0.13747826855608547	0.044162707942498144	0.04770822651151825	0.14367735322476366
0.13501173158004207	0.07356439392706077	0.24852548041245345	0.16600303950941775	0.14046515473825727	0.044305329295569906	0.04792244119884097	0.14420242933835759
0.13367247141942823	0.07120509252989837	0.2502015951898391	0.1665355669678069	0.14116900208322325	0.044062781757145786	0.04793314138911231	0.14522034866354583
0.13495332650240918	0.07121952022489174	0.24913317333989485	0.16612463869101463	0.1413241516667781	0.044207300827699206	0.0478322046954897	0.14520568405182238
0.13412216444923544	0.07563345970240348	0.24875000809963205	0.16808698331813846	0.13776937770561132	0.044149781170693445	0.048016456393606494	0.14347176916067908
0.1349979692229094	0.07569097491722043	0.24874103054923338	0.16518302811274013	0.13813191063608024	0.044101121480938574	0.04787444416189264	0.14527952091898494
0.13257325735541223	0.07496679278680836	0.24937288290352957	0.16883016203743612	0.1377086353449229	0.04409161675348111	0.04803097468525998	0.14442567813314952
0.1352032124693684	0.07179227373634645	0.25171894144564444	0.1660293765695775	0.138705083070018	0.04406300946549392	0.048266449901265635	0.14422165334228543
0.1323997776860358	0.0723253372510151	0.251969058604565	0.16600684903964047	0.13989631849753778	0.044046397842447876	0.04780544577671986	0.14555081530203795
0.13185195717580517	0.07564819979493415	0.24965319536421604	0.16824491434306527	0.13866402230398586	0.04399299933432785	0.04815572696041337	0.14378898472325205
0.13427569099212597	0.07391060346789557	0.24932174967921797	0.16694792527381389	0.1381925184704752	0.044037522487740205	0.047919099260400944	0.14539489036833003
0.13376889998543784	0.07478539818947141	0.2519690473281864	0.16565344209471006	0.13808653025231915	0.043920922048580766	0.04798128888557518	0.14383447121571896
0.13292453535268295	0.07072133587876221	0.2507488262656429	0.1667932140987997	0.14156998718970085	0.044105499021973554	0.0479157590225994	0.14522084316983822
0.1318920333016568	0.07329744998690521	0.2492118696078676	0.16910041928370118	0.14055685692947573	0.04402606712198086	0.047689234821566825	0.14422606894684556
0.13303202177144072	0.07548727056887772	0.24975362247131094	0.16671505507736942	0.13858551500614266	0.04415209209654947	0.04800996536059923	0.1442644576477096
0.13517272339158826	0.07493951333970547	0.24829829331743214	0.1682182495000303	0.1371447650118562	0.04400437895485593	0.048140338485814185	0.14408173799871726
0.13301357921063453	0.0738318521196788	0.2485282981308101	0.16778096215476265	0.1407014478012224	0.043925294460175804	0.048068424126305145	0.14415014199641032
0.13333824297193614	0.07649640708310725	0.2483681831335481	0.16705405948908944	0.1392151344161112	0.044293990179595955	0.04788095620176752	0.14335302652484413
0.13336500049470873	0.07156522570580012	0.25205945654642276	0.16852889817140398	0.13883146900671753	0.04426219163018816	0.04775559247126737	0.14363216597349113
0.1334456294053702	0.07223236117613746	0.24907527173315866	0.16736812883527177	0.14149303737111366	0.04402815234768215	0.04815433954241012	0.14420307958885573
0.13360263516484944	0.07298566522393421	0.24951348564636383	0.16780334457433269	0.14007650382040956	0.04399142945590766	0.0476990062558814	0.14432792985832102
0.13477748252833982	0.07297074165528482	0.24889089615908117	0.1689680358276291	0.13726259112906886	0.043989221646430196	0.04786800133127701	0.14527302972288886
0.13234812099409446	0.07592851614360446	0.24915500234316068	0.1669300794888529	0.13960781389368307	0.04401334336694028	0.04798450523996539	0.14403261852969854
0.13459925798568576	0.07591562576483833	0.24868135146035203	0.16532929227710938	0.13925587138965023	0.04431721836759146	0.04771263305284258	0.14418874970193002
0.13216214224993586	0.07201396105629687	0.24855962818906485	0.1683674402644308	0.14132121641449316	0.044104265826062986	0.04832246652571687	0.1451488794739984
0.13201431132191063	0.07471818490094734	0.2482120994585465	0.16775461274931783	0.1398283975514495	0.043970703530771066	0.04823245528253349	0.14526923520452342
0.13352540005428962	0.0756053560637693	0.24947604214882607	0.16529528589857118	0.13875959337807756	0.044276257510486	0.04834491691583162	0.14471714803014843
0.13177543748715587	0.07555772779566473	0.2491882389171986	0.1664442059347857	0.13938944681813487	0.04401500732540396	0.04831008292860678	0.14531985279304924
0.1337438557260401	0.0718057536598595	0.24993891319037484	0.16815689646616444	0.1383542238101708	0.044319138157591476	0.04823748965309342	0.14544372933670519
0.13321162372668918	0.07578716590576517	0.2491639159689149	0.16746168142088583	0.13796829217007375	0.04418997087061677	0.04803382888833341	0.14418352104872076
0.13398234508521684	0.07396492037476049	0.24926395162469386	0.16779333412771485	0.1379505142285594	0.04408219452455896	0.04786226081167194	0.14510047922282346
0.1338869681433048	0.07285469072503664	0.24998916538837124	0.1655523961043169	0.14015696135710803	0.04427277400559153	0.048163492423553805	0.14512355185271686
0.13448416810095878	0.07347240048140635	0.2507302101778339	0.16508951365280147	0.13917975675044408	0.04423279828058474	0.04817537883592948	0.14463577372004097
0.13315670637944746	0.07321869263696049	0.25122954987132173	0.16630721714612653	0.13992133118578592	0.044276757667215075	0.04772128351937753	0.14416846159376506
0.1350466147529164	0.07419395583213553	0.24836771520370693	0.16722374496985257	0.1391787366697847	0.0440332242273733	0.04801516357113195	0.1439408447730984
0.13227815018839506	0.07100216132154433	0.25157689157855656	0.16787917642453265	0.1413221482812339	0.044054106175138996	0.0477470724421669	0.14414029358843136
0.13178872447982073	0.07449265705905095	0.2485052171124471	0.16853872704243517	0.13912009719172688	0.04430827353002696	0.04797428762690445	0.1452720159575875
0.13351547684964796	0.07469145920910625	0.25093782010504007	0.16606845149453164	0.13914157308562675	0.04415338510664413	0.04778489937947063	0.14370693476993235
0.13373465233354473	0.07285784605287081	0.24865773438841532	0.16884947379910767	0.13995158095977586	0.04413230651882036	0.04773911432519572	0.14407729162226932
0.13401156449808807	0.07227898243491448	0.25029670053870534	0.16527586050978332	0.14144368200635488	0.044146533847563105	0.04813264145210305	0.14441403471248762
0.1336527322724232	0.07477593568677476	0.2495492294129899	0.16876756971180723	0.13787336995301291	0.04400926118458845	0.04798370961891771	0.14338819215948562
0.13436759095715864	0.07082046939347436	0.2512788463460839	0.16913480949964912	0.13793864440204015	0.04393545380212145	0.0482453300480985	0.14427885555137368
0.13451100642130392	0.07260392378847025	0.2498504656322914	0.1658516730341306	0.13989301970918766	0.04410875934347196	0.04780165641941744	0.1453794956517265
0.13182300116480275	0.07323312294662418	0.25244744872900016	0.16668750057822168	0.13941456486165393	0.044280010686146704	0.04827860394656738	0.14383574708698305
0.13239188716854655	0.07501495495551118	0.24953797984042755	0.16594087019433387	0.1407035841069458	0.044047860562043545	0.04828133451857099	0.1440815286536203
0.13306874341133682	0.07308939224954122	0.2511704571836424	0.16675955941280302	0.13943435281960978	0.04405774422546145	0.04800346118479164	0.14441628951281346
0.13370856039850806	0.073650866741307	0.24819853275013282	0.16896481780022474	0.13921590879458143	0.04431424124438728	0.04797061611013924	0.14397645616071916
0.13440424999075729	0.07524111274949402	0.24915115648252836	0.16786782338179024	0.1374460679471489	0.043946325515771587	0.0478132353398827	0.14413002859262666
0.132536648022485	0.07367966745586903	0.2502965855980481	0.16830688950603234	0.13904081946668392	0.044235001649815975	0.04766429961031067	0.14424008869075472
0.13430376610648037	0.07623859341337255	0.24912655280615426	0.1666287598273934	0.13752282894741688	0.044017483723206546	0.04766184996224507	0.14450016521373066
0.1345344836427907	0.07184914760739985	0.2522780293362373	0.16783895578356162	0.13718774683148743	0.04401844106539926	0.04771825988878675	0.1445749358443369
0.1330903935249685	0.07125192406397735	0.2515034343456557	0.16755288289095052	0.13897811960362705	0.044163915287982455	0.04796155680336048	0.14549777347947776
0.13402158299388867	0.0734700909918308	0.2517221517957019	0.1675670784032249	0.137275596348812	0.04428351916685777	0.04820462046084306	0.14345535983884064
0.13360925435842055	0.07481654088833323	0.24835105470081983	0.1668983212901227	0.1396488679337521	0.04416388779002457	0.04766715153935569	0.14484492149917108
0.1351104595172342	0.07272104951532585	0.2512385239570921	0.1681254244962027	0.1373599345733201	0.0439515220954208	0.047803077631843466	0.1436900082135605
0.13264676882608742	0.07280141446124862	0.2484745910593425	0.16770685026347834	0.14163870317116936	0.04429370278499446	0.04822841143830933	0.1442095579953698
0.13266479544910845	0.07299006282780765	0.24958016295389915	0.16638825141167574	0.1406910043196353	0.044182205352592666	0.04807094046143434	0.1454325772238465
0.13246856218604813	0.07655623215923152	0.2504767236603912	0.1667348616619841	0.13753832914566597	0.04406328010364326	0.04781756798894804	0.14434444309408756
0.13390122297661589	0.072749804837585	0.2510675393045654	0.16855244856467147	0.13775999044196202	0.044246248663764656	0.04779258208342743	0.14393016312740795
0.13344593243712405	0.07394453855286223	0.2520203685597906	0.16648549274365318	0.13714693659559418	0.04401734795825163	0.04800921779465388	0.14493016535807002
0.13451623702125698	0.07123832965379723	0.25014178957711486	0.16525940338403858	0.14167294635320246	0.043961383933718096	0.04766323702180403	0.14554667305506752
0.1343041079210134	0.07547121286110087	0.2482715225821216	0.16640012513894706	0.13813026477223256	0.043987479968760915	0.04815092698159752	0.1452843597742259
0.13369893267846256	0.07609363310171305	0.248877641947916	0.1667342076380936	0.1376472526214273	0.04392704184486032	0.04834644061225704	0.1446748495552699
0.13279227171653776	0.07521573570787274	0.24960966169675003	0.16844099157896777	0.13725336488939424	0.044178544041964626	0.04801495664374848	0.14449447372476415
0.1337205662872844	0.0709285201111998	0.25054785830496273	0.16756734788056135	0.13919484785333935	0.0442597037470428	0.048168737733405145	0.14561241808220413
0.1321803262924469	0.07373438051142792	0.2503056654314764	0.16694326581905877	0.140142527404461	0.044110560308821156	0.04837132274456139	0.14421195148774624
0.13343292016347233	0.07277477584501284	0.24946397784666802	0.16876083557531493	0.139121598764008	0.04412899072571798	0.04774854087065904	0.14456836020914665
0.13338288978804388	0.07319751310292713	0.25039547222052083	0.1663700229472468	0.1400316167862322	0.044209648601563706	0.04800565270431066	0.14440718384915463
0.13275690515514443	0.07331139922101412	0.250385261584371	0.16850577823482438	0.1394468855758338	0.04423249206090325	0.04773386567857239	0.14362741248933641
0.13466979208795513	0.07375466362878746	0.24888934021498793	0.16750026930238066	0.13919436755251957	0.0443248667908922	0.04830564124971043	0.14336105917276645
0.13252772996912326	0.07203848349534828	0.24933433091380924	0.16813140304271612	0.14067609153906055	0.044303164673956494	0.047936423524668245	0.14505237284131764
0.13197552536127177	0.07123236127235409	0.2507937564760443	0.16865544035168917	0.14064952528114943	0.044171702514842204	0.04825347666067985	0.144268212081969
0.1333818733710611	0.07657980678282253	0.24875161032897175	0.1652226866814085	0.14009009324981647	0.04394221183327006	0.0479835201078653	0.14404819764478405
0.13346412753948764	0.07248230542943249	0.250281508504392	0.16760371273603072	0.13817437922629514	0.04419852450175972	0.048398157383040874	0.14539728467956123
0.13422299241058316	0.07133423370251518	0.25231725596191834	0.16540810032631686	0.14085887132408537	0.044314619622782186	0.04785273888662908	0.1436911877651696
0.1351237220712917	0.07237590582313817	0.24951744698284037	0.16830863247756994	0.13937884137320766	0.043925480063026365	0.04798096935748049	0.14338900185144515
0.1331478298235142	0.0726180734454398	0.2505269913779863	0.1652764293196256	0.14088212378373252	0.043986321266859585	0.048204818132682264	0.1453574128501595
0.13252405544377718	0.07208338682371765	0.2491231520320274	0.16899715258268092	0.13940989335285944	0.04397588978608964	0.048339460618318814	0.14554700936052872
0.13512856169901313	0.07098381424756896	0.2492519961273772	0.1680413150230356	0.13985892039860226	0.04402962576915033	0.0476536871795646	0.14505207955568772
0.1320343219545322	0.07255776386417429	0.25009245233548105	0.16780153797345168	0.1408702785869882	0.04392753774194058	0.04803182651106755	0.14468428103236422
0.13383708395003294	0.07479067117537098	0.2499825233603969	0.16786501131002043	0.13781354103123739	0.043915824276478554	0.0482277688575264	0.1435675760389362
0.13197659814987991	0.07484950500870771	0.24908310902766972	0.16789331271705812	0.1388549537510983	0.04400947685105781	0.04811643684392963	0.14521660765059863
0.13415690728576068	0.07655076955717426	0.24859825264646124	0.1657865662002811	0.13814262511712666	0.044223823951285976	0.047801406103347086	0.1447396491385628
0.13274244826455842	0.07275446663775012	0.25176675727025244	0.16525284576719318	0.13981514566457348	0.04429046882355617	0.04789388904021381	0.14548397853190215
0.13307557067351147	0.07277192400844754	0.25139781059357375	0.16711440228730493	0.13845970980126815	0.043918088701660196	0.047807260263072096	0.14545523367116164
0.13381510262194238	0.07290843953630162	0.25088046475289755	0.16734508935361675	0.13872102768441524	0.04413582544624091	0.0482362706207584	0.1439577799838269
0.13219011217547422	0.07434079721406403	0.25129617165612694	0.16619561659707183	0.13938256470462565	0.04410113578429281	0.048261457208798667	0.1442321446595456
0.13300965738899406	0.07325017668606532	0.25209779109717767	0.1670539569152808	0.1387877281340394	0.04394412339911488	0.047877985438548876	0.14397858094077876
0.13454021948638964	0.07513186052508775	0.24958410221443023	0.16662390551345813	0.13819109191526383	0.044235911152789686	0.0480754904399162	0.14361741875266432
0.13362474986725037	0.0742386932250079	0.25174224007945806	0.16528879599911966	0.13828600657148446	0.044159489826835846	0.04774842955744313	0.14491159487340033
0.1335513974549477	0.07575996613645444	0.2486960854882855	0.16687275321087688	0.13965893930399303	0.0439807822303207	0.04796757837369808	0.14351249780142342
0.1348142177805786	0.07593720640410444	0.25021152329824276	0.1654251687351333	0.13760918216693246	0.044307306603721425	0.047936933205235205	0.1437584618060516
0.13247618118365512	0.07590059306460217	0.24983051333229786	0.16698785820757045	0.1376030693321245	0.04425688254510424	0.04771270632668177	0.14523219600796367
0.13379008199095066	0.0713121320935557	0.25122002684742895	0.16839591712981933	0.1378930417940068	0.043990107583649005	0.04819421014378297	0.14520448241680634
0.13492610739758032	0.07100067044309255	0.24930815540499504	0.16707989780941432	0.13996842978899943	0.04403487558654262	0.04831621491538367	0.14536564865399182
0.1333590636491887	0.07141384296517608	0.2502627898255534	0.16670373906293043	0.14100183816777634	0.04394589684483571	0.04804168554902358	0.14527114393551552
0.13365324612773496	0.07408067977099414	0.25243252909649316	0.16567571240963752	0.13755240626392493	0.04423754346006595	0.04768048407674706	0.14468739879440207
0.133135745381211	0.07455910605904506	0.2520174912426544	0.16526190752490227	0.13878958026638727	0.044204212231488765	0.047907919844511496	0.14412403744979957
0.1327485033573584	0.07362644790193398	0.2482161916065565	0.16861406323823053	0.13924725205535532	0.044110164718794836	0.048358816245210295	0.14507856087655988
0.13425279202838608	0.0762325920182878	0.2496303581950694	0.16501445902536746	0.13737075861851072	0.04426169065360114	0.047935951963188644	0.1453013974975885
0.1319871180336777	0.07226005707828873	0.2509774518911836	0.16733944096071335	0.1413876855589248	0.04426653531948063	0.047731610045185474	0.14405010111254554
0.13288685163834432	0.07127202170574942	0.25174945980752894	0.1669575715076234	0.1396417694305101	0.04417544737644634	0.04806283903828547	0.14525403949551183
0.13369063779241702	0.07486418439206799	0.24929905909160394	0.16898621104302386	0.1372235160381876	0.04417053493538724	0.04774892930089264	0.14401692740641947
0.13343245320056568	0.07341305243890134	0.25107755880184013	0.1654943509652067	0.13933608355435362	0.044262618297179826	0.04799828713262244	0.14498559560932994
0.1317827283097995	0.07522579838891856	0.2496884258867109	0.16569114537162155	0.14148621053463636	0.0443030797847388	0.04799954771081702	0.14382306401275707
0.13176069394659115	0.07543215647550064	0.25096529706823545	0.16570651104951806	0.1398721368000711	0.04413127667936846	0.047919568768415244	0.14421235921229966
0.1320587164699923	0.07490246676596232	0.25052856551843916	0.16519434173476763	0.14151429518134034	0.04404351512786017	0.04782918803974556	0.14392891116189227
0.13489532923124248	0.07482568677808854	0.24878628486784204	0.16546147221186203	0.13839367106576467	0.04418354999312778	0.04833090705743083	0.14512309879464144
0.13353070455351745	0.07409055235138765	0.24839750789543308	0.16523404366467082	0.14153071112884177	0.04397784454263938	0.04828487357628959	0.14495376228722
0.13338287312697264	0.07352588039267653	0.2510998359656649	0.16539204039043728	0.13949005532076159	0.044076612646653135	0.04837532383420834	0.1446573783226254
0.1323542123927319	0.07308674419438602	0.250131783730114	0.16710229346207756	0.13944884761932444	0.044305639943314296	0.0480847803918643	0.14548569826618726
0.1344392771607123	0.07207906474927689	0.24986616136922718	0.16752426603117634	0.13815551994983252	0.044323452908926586	0.04824712506015706	0.14536513277069088
0.1323176738942365	0.07333474565590181	0.2510856827849532	0.1677826866916177	0.14000786461363462	0.0439967076449438	0.047907114095642286	0.1435675246190699
0.1323503844261084	0.07584528669292606	0.24922062994784705	0.16616508412667597	0.14066312091642494	0.04429560278118462	0.047944190141222615	0.1435157009676101
0.13318980016833187	0.07110892183638651	0.25162388966528393	0.16841298970013888	0.13972825875657474	0.04408935745133298	0.04799661956728701	0.1438501628546638
0.13458482060076263	0.07190429676329574	0.25038507709357455	0.16554851107268706	0.14096663494202522	0.044104893609157966	0.04788983521173035	0.1446159307067663
0.13202742620899305	0.07560779181237146	0.2507936171972366	0.16743848452586696	0.1386841262704556	0.044163953385571386	0.04782499317674377	0.14345960742276098
0.13359996544826175	0.07417200686668643	0.24965599774254094	0.16660768400317147	0.13941765681796578	0.04429655573514066	0.04806529449729412	0.14418483888893863
0.1324751629569887	0.07323235736854734	0.24819589344574683	0.16831723026277745	0.140535141463857	0.044243127208309585	0.04819607885620118	0.14480500843757166
0.1328662960299071	0.07315950891289688	0.24958989791400898	0.16620613079398333	0.14152178154185663	0.04400354817237903	0.04827371916097453	0.14437911747399332
0.13383290735497452	0.0751416303458668	0.24996183689256918	0.16618464643311293	0.13805180559210464	0.04411274072895381	0.0478905583316708	0.14482387432074711
0.13351142963507323	0.07597952953302173	0.25001849100834495	0.16533854112975319	0.13851856601607962	0.04396861913421432	0.04805943972229368	0.1446053838212191
0.13294237148963547	0.07300824153652147	0.2506627947612801	0.16515727091458154	0.1412197014597537	0.044271353132534094	0.048100422073395696	0.14463784463229762
0.13274714405931942	0.0711217946259948	0.2505194054536727	0.16848004312603249	0.14061459314201455	0.04408176830265531	0.04827134928482789	0.14416390200548265
0.13424087478630253	0.07244345217929993	0.24825867368392793	0.16792379827063725	0.141294799628021	0.044157295398551094	0.047886094886818775	0.1437950111664413
0.1319624147880732	0.07548358719244941	0.24985908044566674	0.1672102605809676	0.13890833992780957	0.04428917269113311	0.04791098725493807	0.14437615711896212
0.13468724235030868	0.0722019259661975	0.25098700609879576	0.1666557503693783	0.1386446205983198	0.04423818342306628	0.048234739224539414	0.14435053196939407
0.13225407701587938	0.07663534498161181	0.2488445021855505	0.16793914737468024	0.1379350328083679	0.044231774862479076	0.04831251275902938	0.1438476080124015
0.1349988388890372	0.07306744853281223	0.25061766526622076	0.16557591626230045	0.13877672207645228	0.04399567868549288	0.04772696663766417	0.1452407636500198
0.13338612922564505	0.07404590274231415	0.24908164962817464	0.16707020611923945	0.1398678018340668	0.04405447486060893	0.047682513343088276	0.14481132224686247
0.13431020757252649	0.07241576452165613	0.2503171886244121	0.16841858215272237	0.13907009609576232	0.0439604148557667	0.04799670045234973	0.14351104572480394
0.13181239250807902	0.0748660950217865	0.2485304977997464	0.16587715175983542	0.14171150997074183	0.04410748512419939	0.0482822854483365	0.14481258236727473
0.13310984412282667	0.07492598523797994	0.24940627674665058	0.1674288555249212	0.13827486120623125	0.04405758066788759	0.04823348709796048	0.1445631093955421
0.1320207409119551	0.07213222531099567	0.2517664625867423	0.1682798475182915	0.13807882869837906	0.04401925407588342	0.04835793398593945	0.14534470691181325
0.13219515165033083	0.07107257033464193	0.25071297390279407	0.1684929769213271	0.14157492787042697	0.04400085623830326	0.0483733003651078	0.14357724271706784
0.1320234376032218	0.07246032520906978	0.2503642237742436	0.16751626832870165	0.14015669606821596	0.04397026528273118	0.048340236784165144	0.14516854694965062
0.1349712162455769	0.0734731519704106	0.248702628637879	0.1654745325192272	0.13954905902264989	0.04410798491278256	0.048362048334472066	0.14535937835700152
0.13340883698966355	0.0734266815876497	0.2502444200433118	0.16702554305049028	0.13813067843081756	0.04395710683991731	0.04833520488759381	0.14547152817055575
0.13257103871935774	0.07548629900104437	0.2495187154720698	0.16516353528672487	0.13960586898515798	0.04417818123801519	0.0483810158375039	0.1450953454601259
0.13196825776570276	0.07382193188805511	0.2516274195524618	0.1649854250918517	0.14029367567148104	0.04432139013493763	0.047671817598038735	0.14531008229747097
0.13321483599337092	0.07089835115895898	0.2516231599877339	0.16575439116116938	0.14152581463108363	0.04415239706513653	0.04777633427798633	0.1450547157245601
0.1318615731578473	0.07105572570711892	0.252022368918345	0.16721996526454047	0.1398957428147362	0.044202497552102524	0.04819613503940698	0.1455459915459023
0.13474305001329367	0.07105396989557487	0.24987994600643287	0.16851114901980221	0.13948936125501707	0.04421298966423856	0.04836478175497985	0.14374475239066065
0.13251337222083612	0.07195753070528663	0.24946323308915644	0.16814438655251454	0.14027463643966823	0.044218070285248975	0.04826305188715817	0.14516571882013068
0.13334916934971894	0.07223086895805893	0.2492011414861258	0.16868324371134724	0.1392752247514619	0.0441037759570482	0.04766757570131909	0.14548900008491972
0.13249781319887421	0.07465594097228312	0.24832054082140353	0.1655263408068201	0.1415326389718603	0.04431620733099759	0.047750955288110186	0.14539956260965076
0.13300011652761087	0.07376549055243953	0.24823057140706464	0.16882652251944677	0.1404322215514633	0.04421904452776905	0.04777694584367566	0.14374908707052997
0.13435625362756154	0.07139278506609135	0.25236927871798365	0.16679115574672826	0.13923411198948957	0.04395181886255392	0.04802935295530365	0.14387524303428786
0.1346612557792337	0.07161765172443524	0.2519986651591001	0.16733070878119102	0.13893621729161526	0.04414636920067913	0.047768457170192596	0.1435406748935527
0.13243699095560785	0.0715947447377594	0.25152278656920685	0.16872021297743311	0.1394138634874327	0.04393188938028099	0.047649499209809	0.14473001268246988
0.13398442982488154	0.07290038332211692	0.2501661204470548	0.1684476914212891	0.13880065454304197	0.043990707585537886	0.048073072311027754	0.14363694054504983
0.13407878345355043	0.07105385408567638	0.251334471682312	0.16880753747576843	0.13750769559218917	0.04426321921005104	0.04812131780490736	0.14483312069554502
0.1353065437342056	0.07408702331753353	0.24825378166999573	0.1679542753056961	0.13742989653034268	0.04393177105037764	0.048214322177446825	0.1448223862144017
0.1350600181239354	0.07446580357934346	0.248345635723244	0.1653749736391313	0.14084198072787368	0.04419375592243596	0.048234706418795764	0.1434831258652402
0.13419419562851606	0.0741611452827256	0.24899318447829913	0.16812272346961524	0.13773577465075904	0.04398593197489452	0.048139027876682686	0.14466801663850748
0.13399872837557786	0.07108985613648341	0.24882053159996453	0.16910451982242583	0.14026103621294958	0.043920164897425756	0.04781979961806268	0.14498536333711012
0.1349480050989973	0.07520668393929107	0.24902174507223318	0.16555420332703896	0.13750688582751133	0.04429777924541156	0.04825511975968763	0.1452095777298288
0.13347009096934445	0.07327340690917003	0.24894339721125813	0.1684759689503592	0.13872553300372958	0.04422889950492433	0.048020491278485275	0.14486221217272877
0.13187123874464193	0.07101439783322422	0.2521329143306675	0.16890730806171078	0.13863854765681316	0.044130197676100186	0.04810598877165696	0.145199406925185
0.13324357800707948	0.07314917606602721	0.2498207611425583	0.16857043475625905	0.13833531355787393	0.04420498666261358	0.048290782997977164	0.14438496680961105
0.13371722127019692	0.07180928120737365	0.2502241453991767	0.16769075694399796	0.13945725178709412	0.04416060461234922	0.0480178145096259	0.14492292427018527
0.13516761577933678	0.07208488313759617	0.2515677857856705	0.166706261212585	0.13858739046370008	0.04431296146624618	0.04797132822860607	0.14360177392625897
0.1319061703016323	0.07523480048397979	0.24917823550044904	0.16703048149692992	0.1405986145776168	0.04414438641100474	0.04785856340491765	0.14404874782346955
0.13241569707357678	0.0708596941796998	0.25214000829438177	0.16851044757357453	0.14086209742571504	0.04392305158195205	0.04774295114848087	0.1435460527226189
0.13332505529568395	0.07144141975628879	0.2507183090557381	0.16666316924179783	0.14059624435313411	0.044145641855969794	0.048279443562954924	0.14483071687843227
0.13298115238371838	0.07406839346267412	0.2483320700432624	0.16711690976040214	0.14106573450266027	0.044232885486660586	0.047954746943401974	0.14424810741721988
0.13293291236245788	0.07269080434833183	0.24975816723199615	0.1688971374021957	0.14001041519171928	0.04417558990259916	0.047861293503742366	0.14367368005695744
0.13407428714466893	0.07172485179235355	0.25120965502258186	0.1660555966492661	0.1389991677073054	0.044039517816972434	0.048345287442059195	0.1455516364247923
0.13484876147549546	0.07160967163697143	0.2524493711644238	0.1666773501651606	0.1373999757507973	0.04392863807348141	0.048029023556410436	0.14505720817725937
0.13482215501324019	0.07333831380147206	0.24930120381892715	0.16772869314039804	0.13869328764836059	0.04413476195715202	0.04785377863441853	0.14412780598603117
0.1339313652865255	0.07270809793628671	0.24960421763191432	0.16781749171279592	0.13847461364025243	0.044149501194978374	0.04787691762921796	0.14543779496802858
0.13307192785125	0.07535036146171042	0.2516803073000582	0.16518147001588157	0.13833198374620181	0.044321390853567	0.048157516317558116	0.14390504245377267
0.13242545537130257	0.07329820414707053	0.25208231905685535	0.16661334614208737	0.1386570398253739	0.044191276995526316	0.04801555777172971	0.14471680069005402
0.1326268612615964	0.07449560005418254	0.25110683740203144	0.16620269847979713	0.13944111057434502	0.044003613883031464	0.0479216304821746	0.1442016478628412
0.13468820096160322	0.07090708891098033	0.25179968330158875	0.16699958506753815	0.13983298144322961	0.04404521533547498	0.048310382997392154	0.14341686198219258
0.13314332818392088	0.07438200984442007	0.24918687247252136	0.1651292702265692	0.14068803081955242	0.04422727376060086	0.048193401561110405	0.14504981313130455
0.1322593334535246	0.07593388658650699	0.2522376608237732	0.16583760685234167	0.13796935967633733	0.044011645981178044	0.04831084153489423	0.1434396650914437
0.1321830330031244	0.07661396585994615	0.2502745792795701	0.16680907658289984	0.1373056828372869	0.04429142974217984	0.047707846859455116	0.14481438583553743
0.13373080293308956	0.07484174983634777	0.2498742653654603	0.16702177823325426	0.1391620652491757	0.04392856212294263	0.04799311756662268	0.14344765869310686
0.13341422242143766	0.07336430474154064	0.24876630216986917	0.16731950011265587	0.14086401002604731	0.0442282365512503	0.04802047764570298	0.1440229463314958
0.1342035636906725	0.0725803948043895	0.25095272213578973	0.16835327894759208	0.13726046331675823	0.044010909722052946	0.047880916979694765	0.14475775040305
0.1327495670202725	0.07247059503633708	0.2507660691941465	0.16871597479872869	0.1382995555287264	0.04411106297723148	0.04776298842574449	0.14512418701881263
0.1332497638962582	0.07286563022786056	0.25035822259994645	0.16679808495372042	0.13878038468294426	0.04425970773352829	0.048312793818936495	0.1453754120868051
0.132701787901894	0.07128100727364083	0.24939704708838972	0.16806986597519652	0.1415921030813935	0.04431615821410115	0.04805519981047798	0.14458683065490607
0.13473181625078978	0.07398884740841208	0.24924564424271778	0.16769486030086933	0.13721625715814376	0.04423659434091087	0.0480086944824744	0.14487728581568177
0.13356449489236094	0.07076403623305669	0.2510303018788787	0.16859093848599488	0.13988178755430078	0.04418117974903442	0.04823520350160687	0.14375205770476646
0.13461057121096132	0.07246633279013234	0.2513667153376782	0.16752663436675513	0.1383134350216268	0.04394022304542784	0.04827633603886852	0.14349975218854966
0.13255549385716187	0.07390812780013124	0.2509781343819335	0.16594622298920078	0.14069143536402579	0.04422673061487678	0.04802447179756281	0.14366938319510703
0.1348942757611402	0.07110065110396577	0.2502434278196697	0.168202652324349	0.13864671223278657	0.044261648030903364	0.048129724551920425	0.14452090817526475
0.13237140136812248	0.07590071756283162	0.25015761403814163	0.16765955452092804	0.1375828033236483	0.04400943501928484	0.0483406826729717	0.1439777914940711
0.13232723979240657	0.07617046857462528	0.2483946700793876	0.16670026854545977	0.13909555443027385	0.04398226460261309	0.048100585640634255	0.14522894833459934
0.1334934859403191	0.07201299110903794	0.24991537275544198	0.16806634346701857	0.14066355248330964	0.044018115350154347	0.0480613825729707	0.14376875632174746
0.1331734426749508	0.07274165858122913	0.25113593165007153	0.168181515735101	0.1386180814699242	0.044045994879383335	0.04773250959712545	0.14437086541221433
0.13177294855222696	0.07139468204763455	0.2522048266471109	0.16712494232906516	0.14172215841271366	0.04400447886279352	0.04790441494159156	0.14387154820686346
0.13316947497624687	0.07547062348156347	0.24975753342756934	0.16556575955981534	0.13832554764682198	0.044030025638661194	0.04809453494563125	0.14558650032369033
0.13207127060087034	0.0738710614515665	0.25134997384009444	0.1685125215678715	0.13760572504662075	0.04407486621122131	0.04767688890887904	0.14483769237287591
0.1338092937212038	0.07394098968185547	0.2502677141395738	0.16637017506647558	0.13787745782932107	0.04415815267598176	0.048321047289471106	0.1452551695961171
0.1326738902520281	0.07127248505286624	0.252365243457316	0.16580843328781755	0.14043873344989566	0.04403000055456992	0.04783822989039033	0.14557298405511598
0.1328967184034364	0.07442386257861719	0.24929082889716989	0.1680351672313877	0.1388358890302771	0.04407296459694558	0.04793064661651336	0.14451392264565255
0.1319939417021785	0.07494971372155793	0.25106603678503026	0.16828693826948377	0.13786916043547465	0.043974849934672336	0.04816600529147641	0.1436933538601259
0.13287669420178322	0.07556329469293166	0.24903141871799453	0.16561362425787604	0.14110250525408863	0.04391877694550217	0.04825192943111259	0.14364175649871094
0.13220871629247244	0.07351871570025684	0.24907795702092345	0.1677767815587876	0.1397515001496632	0.04430460895358185	0.04804904839393977	0.14531267193037462
0.13521300734835315	0.07214395192453377	0.2521786291197161	0.16521289315072893	0.139608319954543	0.04409391529299701	0.048155952391565296	0.14339333081756242
0.13210041548477014	0.075475140374045	0.2516266577015763	0.1671273092557771	0.1371703100397018	0.044001002901544975	0.04809421507143245	0.1444049491711521
0.13481454225848225	0.07107811259160912	0.25080457731748573	0.16807221412297135	0.1380239592962571	0.044002171638604565	0.0480777419793237	0.145126680795266
0.13214117923108132	0.07228399460998085	0.2511946813396202	0.16639749517622493	0.14038507059823935	0.04430857078870375	0.047940353088524	0.14534865516762538
0.1343377282707124	0.07519529596673036	0.24989954245204124	0.16530938715466342	0.13907847979935672	0.044285040894607	0.047729618328794104	0.1441649071330946
0.1342713146379817	0.07086668228374327	0.2509677582786014	0.16645718291121114	0.13991732329078385	0.04419521428776271	0.04779110643820553	0.14553341787171015
0.1321313144234045	0.07544395048082171	0.24924678201484735	0.16645645048613117	0.1398592098614248	0.044047361411461344	0.04791987330350829	0.14489505801840055
0.13241931856147826	0.07627148894501928	0.250048872759724	0.16589039165288558	0.13874068385520427	0.04418868538141557	0.04833362291094691	0.14410693593332596
0.13427926482769642	0.07203151379879887	0.2494077478747156	0.16714308237915448	0.13962796374025588	0.04426332330363453	0.04801505363253139	0.14523205044321263
0.13374217378857486	0.07284734466665127	0.24905013638418805	0.16868427183529758	0.13868289762043523	0.04432187470947194	0.047802421548780505	0.14486887944660035
0.13448946312180818	0.07137899795797212	0.2504300993596341	0.16785823127965693	0.13974799000432803	0.044051247506795926	0.04790470780078239	0.1441392629690221
0.13267566071328768	0.07295989200154351	0.2482104561876225	0.16871381970819216	0.1408323496312509	0.04400452725046075	0.04778843854342199	0.14481485596422028
