0.1180919843741881	0.1079576627311303	0.07260296788348841	0.18913102394048575	0.19652580177453755	0.04381658712027586	0.08633500378272907	0.18553896839316475
0.11917322371286487	0.10849526575308631	0.06463382668860544	0.1882745871270212	0.1964247614359516	0.04366146755718628	0.09384057033507222	0.18549629739021184
0.1210840180762741	0.10699919296064797	0.06720805362584985	0.18871741128523337	0.1976418832659172	0.04377779979763616	0.08875802630182886	0.18581361468661234
0.1116164426493525	0.10732646769560425	0.07115397167472277	0.18904957882059892	0.1964470642691173	0.04376741514783569	0.09201810521012965	0.18862095453263875
0.1151870614202921	0.10742205282387302	0.06725704260645111	0.18830060181282343	0.19194075344440542	0.04374954388107945	0.09818529689170571	0.18795764711936952
0.11658353067246087	0.10683196508070664	0.06770849758283232	0.18853079235419623	0.19284960605418677	0.04414059397523351	0.09583771251170727	0.18751730176867626
0.11242994269515641	0.10725110970485288	0.07574332011970829	0.1886429808466554	0.19591959866884157	0.0440079647596493	0.08870281826742665	0.18730226493770927
0.11648274314517869	0.10804833319456504	0.07142915403502231	0.18867398763805432	0.1978223905044959	0.04421660363317788	0.08750142902304511	0.18582535882646053
0.11808636400765433	0.10697738888429693	0.0678521360239912	0.1881934134982504	0.19930196662543248	0.0435967027374964	0.09099533359452863	0.18499669462834942
0.1122588914631004	0.10693724249712483	0.0663514903724135	0.18903066940763324	0.20400857950078258	0.04350401339209373	0.09269494790687166	0.18521416545997982
0.1091477415313431	0.1069231528786624	0.06927750628238105	0.18811541152067301	0.20156344230801448	0.044313800371066095	0.09246358300679908	0.18819536210106058
0.11655342314399404	0.10807013516762748	0.06768527273188804	0.18819748277581516	0.2026146255877554	0.04415976696702374	0.08744753567316049	0.1852717579527354
0.114621350320719	0.10831154959042388	0.06711268181732678	0.1891119541030515	0.19519437783638946	0.04409082768311667	0.09479595117411538	0.18676130747485709
0.11287524298049394	0.1082574896046427	0.06487980643325873	0.1885067136438881	0.20232748663890757	0.043725216105840556	0.09298579350850335	0.18644225108446488
0.11764149402464832	0.1079198933928841	0.07440408121524042	0.1891815400831443	0.19110299414875048	0.04404881281583217	0.08793703835636371	0.1877641459631363
0.11595864335808817	0.10771863118843579	0.07047492287072675	0.18845585312084673	0.19413078696228447	0.043774473834475316	0.09169674107389894	0.1877899475912436
0.11628917896295304	0.10771493491123986	0.06459772743111826	0.1889038126228614	0.19663493790513978	0.04376681235087487	0.09517520824578418	0.18691738757002838
0.1110319615646979	0.10850284440072641	0.06653189181744666	0.1883287106060415	0.20288353051229427	0.044057216129866586	0.09112289968841558	0.18754094528051085
0.11904477045631347	0.10773536440639943	0.06503607490348558	0.1887723235553344	0.2042158972161768	0.04367788530393191	0.08666619797268037	0.18485148618567782
0.117969199610018	0.10780865559880545	0.06672931902435321	0.18829842171777839	0.19992940631219697	0.043839782420918044	0.08966679438246858	0.18575842093346112
0.11969521614268529	0.1085184535753847	0.06611565388644454	0.18869700116986612	0.19663443905116051	0.0439199862361679	0.08886888753454465	0.187550362403746
0.11181167647994299	0.1070346508801432	0.07237035232633934	0.18830391434325133	0.2016913052523383	0.0436748904892898	0.08945995143625649	0.18565325879243838
0.11268656715677691	0.10749268495403555	0.0764492205914118	0.18854642150434012	0.19555754563377725	0.044215149462829936	0.08790756489671786	0.18714484580011034
0.11100330855379228	0.10754820437068269	0.07565202935868588	0.18869299081960145	0.19643044482885677	0.04414113052534532	0.08801255267817601	0.18851933886485933
0.1174085432206495	0.10811394793555561	0.06839005088269207	0.18813761085082345	0.19657272058430042	0.043482286376722606	0.08933806646568727	0.18855677368356888
0.11969785124285656	0.10667566502688465	0.06981343427154829	0.18824660222643708	0.19538110663660935	0.04411340661517407	0.09020345890226064	0.18586847507822912
0.11656558519017482	0.10768601763120604	0.06501977677942088	0.18850407019659854	0.1961904545157106	0.043508664402925376	0.09527283137131223	0.18725259991265134
0.12398294325935891	0.10774366203609438	0.06506356479142723	0.18834236773765667	0.19158670151295462	0.04374599051277124	0.09374565337980599	0.18578911676993076
0.12463522186361388	0.1080450862045062	0.06714809610311631	0.1881953079178082	0.19008460837505828	0.043819257211566445	0.08971702080902455	0.18835540151530594
0.12180063084973212	0.10705726260469185	0.0738030718198891	0.18881493610307415	0.18216945097981094	0.04413487920644757	0.09431964912093531	0.18790011931541872
0.12319818093528379	0.107609269656391	0.06544442227541211	0.18853710634268436	0.19261320182947017	0.043566298227392775	0.09195455637302241	0.1870769643603432
0.1153622477972436	0.10786648460520232	0.06683919922462377	0.18851614501767738	0.20294707961603478	0.043762609988786644	0.08904748615663513	0.1856587475937962
0.11100186456127	0.10676290244019872	0.07283189792560261	0.18879965805231924	0.19969144222073948	0.043491567979611664	0.09071117717671787	0.1867094896435402
0.11933057239614374	0.10729835081847221	0.07139634798928127	0.18907369214084813	0.19612526769544225	0.043668027871648696	0.08689007644313906	0.18621766464502446
0.11616287375652092	0.10797753729724874	0.07101735215860269	0.18899216589914272	0.19850571459663066	0.0437362277878946	0.08813043438933518	0.18547769411462425
0.1116927804786394	0.10785417263724592	0.07295538787052906	0.18829176539286357	0.20283348219964017	0.04350453132437465	0.08745593098651289	0.18541194911019415
0.11269395249572024	0.10826782692273715	0.07402481895962819	0.18874330064795358	0.19448933821664427	0.04355216835811877	0.09214819594365309	0.18608039845554447
0.11401512100114361	0.10709002769296178	0.07222445132540699	0.1882096670527232	0.19136414400503637	0.04364762167560536	0.09717134553004347	0.186277621717079
0.12206680697209456	0.10750119458527885	0.07142005997860071	0.18813795446646658	0.19072476446829856	0.04428435109492705	0.08915603497035397	0.1867088334639795
0.11347555107832956	0.10771776493942066	0.07282132779289628	0.18844238322286838	0.19854729276558397	0.04367355617774392	0.08862690444434992	0.18669521957880708
0.11509876892301182	0.10710004965692355	0.06477015442007192	0.1882838992243268	0.1982990079050595	0.043477067440887196	0.09773077145590225	0.18524028097381676
0.11073291242414073	0.10802964399728707	0.06813829039362752	0.18833759216075147	0.19886840343284345	0.043729305106656985	0.0957253814277	0.18643847105699254
0.11296211237529243	0.1083044103874999	0.07356066119313501	0.18812326248876723	0.19682017326965837	0.04352516828603063	0.09082429017979445	0.18587992181982177
0.11482952365083805	0.1066490337649158	0.07512916059583896	0.1886600410150211	0.19039089791625743	0.04427794051470964	0.09278815524257528	0.18727524729984352
0.12374383952109946	0.10704671049463153	0.06962736700366265	0.18878793354024095	0.18714544975311306	0.04362444388499144	0.093037202972259	0.18698705283000167
0.12494104980180407	0.10833316437572252	0.07327163802429164	0.1883328868200497	0.18604012231208225	0.043580656469984644	0.08868747061333127	0.18681301158273367
0.12132904833024308	0.10716370151036496	0.07027886364052646	0.18831902435946152	0.1944654217595311	0.043660674396439725	0.08726651759213849	0.18751674841129445
0.12422668797442679	0.10688969486254728	0.07175937290070628	0.189144769114352	0.18962994045101328	0.043625484158711036	0.08634069379756502	0.18838335674067813
0.12315887419257791	0.10675538328911355	0.06712899627585792	0.18899984683367535	0.18903503997597743	0.0437120710747954	0.09255288435024235	0.18865690400775992
0.12418004896706095	0.10814033369797872	0.06678404680593808	0.18916010183664078	0.1885970908553773	0.04346595219796602	0.09164816689947707	0.18802425873956086
0.12166390191458881	0.10848241953749135	0.0682417344920922	0.18824517812558075	0.1838998031265911	0.043574090890189696	0.09832788687036795	0.18756498504309793
0.11854870280285151	0.10811933269800865	0.07290774227601848	0.18834986361351078	0.18687574337559612	0.043540479814764416	0.09666014648874045	0.18499798893050937
0.12181548721187094	0.10801607015485576	0.06914573349776815	0.18918267693619392	0.18283901635120536	0.04345919361245498	0.0970740611116371	0.18846776112401362
0.11834729934278626	0.10748636674887907	0.0652801476438789	0.18874252200534763	0.19259328185849137	0.043754016469694165	0.09768173885056591	0.18611462708035648
0.11506546831122495	0.10724981342997694	0.0677293485614488	0.18821232652541553	0.20229916429785788	0.04369868949567951	0.08718783691264595	0.18855735246575023
0.11304765013906584	0.10793703319300633	0.06454201824894656	0.18920875026506273	0.19909221500962426	0.04421003470970265	0.09673318520781984	0.18522911322677152
0.1139959675546495	0.10763852645188036	0.06767926060114016	0.18846081167427875	0.19638513194923385	0.04358235019143848	0.09552023370200768	0.18673771787537097
0.11606827788310803	0.1077966083855581	0.06593016389574588	0.18868419047801788	0.19246015541751446	0.04425267099902615	0.09794575741435727	0.18686217552667203
0.12012072360612983	0.10753082839452445	0.07017364930464556	0.18876316541418695	0.18628427368461362	0.04366912886665886	0.09808937696818376	0.1853688537610568
0.1196876153179963	0.10834042907726946	0.06882236203251182	0.18850891829198457	0.18794912553002646	0.04359294441883668	0.09776728114629278	0.18533132418508175
0.12194888052516661	0.10796793588271936	0.06716797859964328	0.18873824446267456	0.19113985904875513	0.04397540705509961	0.09069243241864253	0.18836926200729864
0.12235540564041048	0.10732884440262441	0.07349910158735126	0.1889105005252081	0.18617363895746142	0.04425643506265663	0.09119188910731141	0.18628418471697608
0.11817535631924206	0.10807931967211616	0.06698307229848009	0.18862656791842386	0.18928434702391772	0.044341961404488664	0.09678017026361477	0.18772920509971647
0.11995423425583328	0.1076776102039751	0.07319221568011652	0.1887974495595838	0.1871215292974459	0.0441811915559088	0.09223334361292479	0.18684242583421157
0.11904819307355294	0.10691137072085224	0.07153075401369767	0.1887048858470519	0.19488081210795358	0.044020392257332924	0.08668123140987788	0.1882223605696806
0.1142433021170348	0.10660863540022215	0.07198689201197364	0.18914690811134088	0.1934030592066916	0.043576081913728026	0.09552006574691327	0.18551505549209546
0.11668592297228073	0.10813094530955594	0.07535122098635011	0.1881141615168762	0.18562028554932214	0.04429331861084715	0.09583444375875909	0.1859697012960084
0.1201090676488258	0.10748402777954863	0.06500964895546255	0.1891962960954627	0.19165664052463052	0.043646950922173286	0.09687119630588871	0.18602617176800756
0.11120350514134206	0.10709505389219626	0.06605739575283619	0.1888208080087173	0.1983709464985331	0.0436423227682185	0.09627945988332384	0.1885305080548325
0.10918870010195522	0.10713334746863878	0.07493994178695741	0.18906979010650887	0.19560354226931265	0.043558037170836436	0.09451080974303354	0.1859958313527569
0.10977713247905303	0.10716832974343803	0.07476916693574064	0.18823627574950313	0.1924707345215702	0.043953468259405465	0.09643619675003018	0.18718869556125914
0.11229154468778989	0.10739524706449197	0.0741852921530125	0.18873192768221717	0.19637672622415933	0.043742284328501954	0.09151959547228655	0.18575738238754042
0.11496924112679606	0.10805582240302362	0.06772760294847985	0.18876732051195944	0.1968886698510144	0.043584560278458015	0.09177996241298822	0.18822682046728018
0.11604408385426851	0.10714047895716775	0.06647174546809795	0.18907802751757333	0.19986124820895382	0.044288066591580105	0.09024691771946672	0.1868694316828916
0.11401317184616744	0.10710597526748206	0.07149971700871788	0.18844800599708372	0.1995301641813504	0.04352938176343557	0.08815747642463531	0.18771610751112744
0.11055330384348974	0.10814134072501196	0.06920734117700506	0.18877311325416588	0.19974221417783034	0.043804578398118535	0.09168043833828693	0.18809767008609138
0.11706710735197924	0.10760755873171231	0.06457334983293174	0.1883730470058848	0.19968878782685817	0.04395595749116887	0.09351987579445513	0.18521431596500948
0.11517289926136062	0.1081355883793361	0.07613864330122877	0.18890310934838067	0.183394671487567	0.04366771185983927	0.0989038936454634	0.18568348271682394
0.1172432243645726	0.10670270149543876	0.07159225297107277	0.1890049953437199	0.1856386957452076	0.04379818306301202	0.09736694278903914	0.18865300422793696
0.11215324313541682	0.10849151120414255	0.07498890666302045	0.18910876364565038	0.18697591268394861	0.04379301252385824	0.0962909962537716	0.18819765389019114
0.11154429498453379	0.10799908150677556	0.07614504050579637	0.1883988202832855	0.19520987986481594	0.044342797089522934	0.08993856175010066	0.18642152401516904
0.11305502717397589	0.10709829019473509	0.06934748892156994	0.18842530263880872	0.19532277618792043	0.0442284779273098	0.09413543385977358	0.18838720309590637
0.11108058523530005	0.10758302702558821	0.06964722609352761	0.1885927025422378	0.2013132545859531	0.044007039813626025	0.08997580452238313	0.18780036018138388
0.11310984137110332	0.10836464461920634	0.06443412525748476	0.18844071494243542	0.20182174247186688	0.044069973987258704	0.09241187541952957	0.1873470819311148
0.11459765135592244	0.10773155792096437	0.07121840081768976	0.18838498116381347	0.19230361235620702	0.043948885777751315	0.09487286650651075	0.18694204410114063
0.11416819441891601	0.10799172649929697	0.0680927320125647	0.18836836625199568	0.19331703626836644	0.043559294467160795	0.09776835811057041	0.18673429197112879
0.11409870289575567	0.10819325457685226	0.07419442732968645	0.18906588285625653	0.19415982723617253	0.04353158066648659	0.08911294297302907	0.18764338146576065
0.12032348114389319	0.10714009472288283	0.07587629876611064	0.18896500796165894	0.19098496605485205	0.04418092106698768	0.08626347610111257	0.18626575418250188
0.11817990977369233	0.1071383711509677	0.07447955794102532	0.18826707443964757	0.1917098137545401	0.04432813660528594	0.089150177934489	0.18674695840035185
0.11158474334771354	0.10802543380853441	0.07075279830064965	0.18857981658556455	0.20350373524699492	0.043738693661903555	0.08647874722357102	0.18733603182506814
0.11298778244799303	0.10776169821037726	0.06845585089860831	0.18885369303769195	0.20215341109387983	0.04379221026306415	0.08893780670897175	0.1870575473394135
0.11482897884243738	0.10753413994940121	0.06918480547233216	0.1887137452966559	0.19791105624415034	0.04413260451774738	0.09161791054886781	0.1860767591284075
0.11252967279313203	0.10695189789778393	0.06887686056814746	0.1887875836774759	0.19812296814198743	0.04415695479829787	0.09545074644319725	0.18512331567997797
0.11289188952296136	0.108192528288475	0.07146482480338567	0.18850095600868005	0.19658163170593296	0.04421677209468172	0.08991032430733101	0.18824107326855205
0.1165414434294651	0.10746019675178667	0.06846801982267728	0.18876472343900713	0.19040228233990422	0.044240247657203996	0.09598151776142787	0.18814156879852753
0.11865127800078532	0.10759136661020277	0.06537182003668959	0.18909338617974208	0.18984273980236627	0.04386681808828026	0.09793093132496833	0.1876516599569652
0.12010446630527666	0.10738841188693775	0.07283937906555672	0.18898521976992447	0.18721464503173452	0.044131596754709915	0.09228853318208743	0.18704774800377233
0.12418360315404792	0.10725659253560778	0.06996912707512913	0.18846112429013884	0.1891449546173251	0.043615422549342364	0.0915864164271619	0.18578275935124672
0.11609818792758865	0.10736521336524942	0.07100560178502205	0.18909560973564876	0.18721155313081395	0.04370541086103648	0.09823121747938857	0.18728720571525193
0.11171663129773386	0.10831113958193994	0.0655706082097252	0.18849112884033692	0.1970559871447066	0.0438007478763803	0.09893060717291635	0.18612314987626058
0.11012097715309933	0.10707090986326392	0.0663235810002348	0.18902427399599556	0.20049658927254155	0.043781710848411634	0.09573175215696819	0.18745020570948479
0.11158175053327615	0.10790095675831242	0.06585048532248985	0.18828971732193642	0.20041815850907044	0.0435089840131417	0.09514072149735549	0.18730922604441733
0.11425556646041818	0.10691064937730574	0.07152556724701352	0.1891300981633374	0.19121680880492686	0.043803660849366835	0.09575893163999584	0.18739871745763542
0.11707176737164011	0.10661145202768807	0.06782212739280263	0.18842506683504878	0.19607733489492762	0.04381006952604043	0.09204084669230832	0.18814133525954385
0.11211624798643713	0.10740526082874198	0.0752799347282265	0.1890740118303092	0.19074554047114195	0.04414234749012805	0.09391069394460894	0.18732596272040608
0.11931993951590036	0.10770232449472275	0.0720376474309426	0.18827246390423708	0.19043197591955763	0.043726375095561945	0.09185987059178866	0.18664940304728872
0.12312170072911548	0.10698009770976391	0.07414626994824038	0.18907486868194867	0.18152246463140348	0.04348646594829175	0.0938739036032451	0.187794228747991
0.12331077219518888	0.10806640891794979	0.07604911623745236	0.1886519723940804	0.18203086984833233	0.043581452713982685	0.0909082136627814	0.18740119403023192
0.12206258068866649	0.10799323718563654	0.06914516179925223	0.1882960375191487	0.18990119634705227	0.04401116275099409	0.09205400708961554	0.18653661661963394
0.11641153538655444	0.10772204159319512	0.07394171495709242	0.18913564147434558	0.18465203023033183	0.043595095650047835	0.0972127284483158	0.18732921226011673
0.12076445887076948	0.10732602904464665	0.06956860076108679	0.1885276029283921	0.18695913675651912	0.04368728790240363	0.09574120424072369	0.1874256794954583
0.1169575174765733	0.10803879312466075	0.06591187225084152	0.1885631222223358	0.1909157397332757	0.04386673807743402	0.0977526296337353	0.18799358748114342
0.11986586984779164	0.10735017136257487	0.0649365783348187	0.18879287400774789	0.19078607073870973	0.04388556796203938	0.0978402440588581	0.18654262368745944
0.11932017240615511	0.10703020432709952	0.07354063505150785	0.18914161311426914	0.19233685946470927	0.043776008044381476	0.08888425519264617	0.18597025239923126
0.12533161131293485	0.10686909004475346	0.0763181428870473	0.1884144632004162	0.18421009564300922	0.04379705325043107	0.08643845553065987	0.18862108813074785
0.11543474371408034	0.10665993439605218	0.07607455486456283	0.18868895470599767	0.1898162644260914	0.04405606743260443	0.09211827598457925	0.18715120447603165
0.11935614630472664	0.10684896238726127	0.06493434706785484	0.1890942853048297	0.19588309645616858	0.044006268135560966	0.09319043417377348	0.1866864601698243
0.1172157099771774	0.10727318001952021	0.06883493893932247	0.18893053751648292	0.19585118125114612	0.04355846169862054	0.08992371173866515	0.18841227885906497
0.10916106533919236	0.10769104035542557	0.07156081064063827	0.18820866411778114	0.20317701474590547	0.04349976286515564	0.0885582046323232	0.18814343730357813
0.12224969737821768	0.10690557438105655	0.06579588973920397	0.1888403856640074	0.19697415062548979	0.04372747601936618	0.08919535507184885	0.18631147112080942
0.12397432497064598	0.10813390357466245	0.06802405696553589	0.18840742691430823	0.19024581889106834	0.04409932817168648	0.09153588931133444	0.185579251200758
0.11872421960797111	0.10671865111130913	0.07026428052981057	0.18833814539213803	0.1924398290895757	0.04428887244960153	0.0915951443896081	0.18763085742998564
0.11988597640693519	0.10801972898540525	0.06552213710633699	0.18881780063212072	0.19511329084688728	0.04366251132843421	0.09185080547751212	0.187127749216368
0.12357743390031112	0.10781022498541808	0.0716256394523839	0.18820711652704783	0.19114608360237775	0.043496477921310533	0.08853719648979654	0.18559982712135403
0.12163486163028343	0.10748656396648291	0.06428028142437922	0.1892003770747187	0.19789602572496706	0.04419670244009308	0.08674304953283032	0.188562138206245
0.12242403479238692	0.10799324625534934	0.06542434493336813	0.18876793512471074	0.19131542088257164	0.04429017001103519	0.09160296053089437	0.18818188746968345
0.12134877633501845	0.10820803162721243	0.06940400365445737	0.18908031880336634	0.18557311091109313	0.04351660548300268	0.09536746495051937	0.18750168823532998
0.12263888424710961	0.10720143057082507	0.07187839382495864	0.18823810985731482	0.18315278972843432	0.04412408343200955	0.09787936572855824	0.1848869426107895
0.11936374705979703	0.1081867921716837	0.07346518542223962	0.18886098906085644	0.18228140533652296	0.04354896561178441	0.09621391111821923	0.1880790042188964
0.12095255148479848	0.10847149225992606	0.07596106794222388	0.18839137181523696	0.18143167308625796	0.04429139669864553	0.09349040344671396	0.1870100432661969
0.11801006765977907	0.10769316917327235	0.07621981219725746	0.18877955577615024	0.1826871326204228	0.04361494649409327	0.09713496881024261	0.18586034726878198
0.11252015807103753	0.10709073476296174	0.07546325518924966	0.18920408942213235	0.1930072158252818	0.04396271053615877	0.09232026408600774	0.1864315721071702
0.11078019011979502	0.1084342947395441	0.07539772536373769	0.18835562930137612	0.19805693860067325	0.04430421526984475	0.08700540032763399	0.18766560627739487
0.11308622077238212	0.10713147065194109	0.07626150749451296	0.1889252892570716	0.191136468144892	0.04388607444455511	0.09458570464241858	0.1849872645922263
0.11250559743027426	0.10772178764382563	0.07078916033532773	0.18813692793232356	0.1905960220362593	0.04428260440340179	0.09754866286583529	0.18841923735275223
0.11507731393196338	0.10742292178843235	0.07276654507577111	0.18902055746196922	0.18775023520540984	0.04353215271319617	0.09811831227105501	0.18631196155220264
0.12076173628955308	0.10846454244968078	0.07025162481265076	0.1884640284303578	0.18604758112982495	0.043906025014593994	0.09395495446362272	0.18814950740971564
0.12180960640430583	0.10815685075442626	0.06751052998728707	0.1888050623917237	0.19146130538646433	0.043447915949058086	0.09229441720126465	0.1865143119254698
0.1253985935509664	0.10768428354328112	0.07086286586010412	0.18904106143413021	0.19048256833996707	0.04370006006792568	0.08667258526575489	0.18615798193787034
0.11427147992844316	0.10754606516650868	0.06945757567211022	0.18905399381253107	0.19553392761806992	0.04394387312040532	0.09322465804033533	0.18696842664159607
0.1201216023135286	0.1067410596107356	0.07142240220618129	0.18817278204823634	0.19411563719162028	0.04426089348255631	0.08709770681057713	0.18806791633656422
0.1199937418510139	0.10788468746091726	0.06639250757004457	0.1885141719266328	0.19806501533245635	0.04377502287625398	0.08879150162476086	0.18658335135792006
0.11844371688268304	0.10661346289041174	0.07505244810987231	0.18825985322840677	0.19062754313885777	0.043856234672532676	0.08881261329098405	0.1883341277862514
0.12314577203096164	0.1071491325633337	0.0683575082779117	0.1890960282567622	0.19495145812405668	0.04411349161287305	0.08680325296339783	0.18638335617070295
0.11602920376381945	0.10845004381330087	0.06546612135776544	0.18885090024900247	0.19935474302857123	0.044332533031954294	0.09266516901833288	0.18485128573725318
0.11577944947466068	0.1078472837668527	0.07284831377101983	0.18867075892908203	0.19716362311192454	0.04418952742111347	0.08798888612769076	0.18551215739765575
0.1245176306485945	0.10667495918506656	0.06925274282804506	0.18822644494516896	0.19284146315810857	0.043845648061433484	0.08945798139894634	0.1851831297746363
0.12225758289173752	0.1067441439186925	0.06913136757511401	0.18838607171949837	0.19202085864387938	0.04382371870199954	0.09117839113054785	0.1864578654185306
0.11726589670160689	0.10679261931480555	0.06897113119618342	0.18897041724812969	0.1954215995096623	0.04422858481298578	0.09288541718483408	0.1854643340317921
0.11694472092457199	0.10794351976136703	0.06763291589033013	0.18866378794931343	0.2035821778061483	0.04359895262540765	0.08675643026473827	0.184877494778123
0.10927962384920675	0.10795027535916955	0.0680081184005906	0.1890511217066725	0.20380423302437628	0.04408781699523334	0.08992418903509339	0.18789462162965742
0.10971902753473475	0.10734922014274903	0.070519267709345	0.18836068722796762	0.19917181927644204	0.04358016639372325	0.09377294722246385	0.18752686449257427
0.11587915872340943	0.10816803140119771	0.07480948935174442	0.18904410271449562	0.1943430878613366	0.04359393632821647	0.08751819119637272	0.1866440024232268
0.11775897155072641	0.10737354901300399	0.06543625625501943	0.18821164137321156	0.19076451218130816	0.04431827861722308	0.09794287287189198	0.1881939181376152
0.11914075212830018	0.10709343214342987	0.06493269736850892	0.18847264736367703	0.1946500729175085	0.04416044852240823	0.09358114184585284	0.1879688077103143
0.1153397174619988	0.10825878664213512	0.07363494652933203	0.18906097800855315	0.1860909595927606	0.04434139602246169	0.09802371190744141	0.18524950383531702
0.12337895492404694	0.10839612370581343	0.07405728216816088	0.18863526490157592	0.1834001802511083	0.04407755176704614	0.09231355651455725	0.18574108576769088
0.12211637439880042	0.10681513762470138	0.06590542787460192	0.18833088111407598	0.18886966392349958	0.04391465653679258	0.09735380740244065	0.18669405112508722
0.11796916029014086	0.10827995803481273	0.06836077005914265	0.18873140083869336	0.18979845205764456	0.043623227580426194	0.09518743678371039	0.18804959435542903
0.11040146965062281	0.10706057089973459	0.07170658619961393	0.18901239027822855	0.20229387643328064	0.04410352034907754	0.08844070764176304	0.1869808785476787
0.11147348598682419	0.10795047461515415	0.06918559070314459	0.18845914729657867	0.20226245537064452	0.04419830058901297	0.08927042074629062	0.18720012469235006
0.11708517185353112	0.10672169867674766	0.07213741487542147	0.18916479694053906	0.1910352550117566	0.04418326184287229	0.09424740243381456	0.18542499836531706
0.1107216677589187	0.10818259230285494	0.07499424260521001	0.18814228876790245	0.1950360808347364	0.043772419770554016	0.09363034983830343	0.18552035812151982
0.1183713606936618	0.1083485703666457	0.07129060449671223	0.1891905882580688	0.19402392927367512	0.04424437191263636	0.08650782599267934	0.18802274900592042
0.11188962732349227	0.10767837246189914	0.07657800894638835	0.18881981240884876	0.19138066996198166	0.04430306931173847	0.09240734792052971	0.18694309166512144
0.11052940746324497	0.10785682890818027	0.06964697724325578	0.189189380902764	0.19958818786739288	0.04391501190912139	0.09433037072103465	0.18494383498500586
0.10959056981917004	0.10734731651103008	0.0760568501905876	0.18875448496192504	0.1912171163050378	0.0439169558173462	0.09479536213906127	0.1883213442558418
0.1104876424099907	0.10802479784450064	0.07612540846523189	0.1881891685775074	0.1923637024235526	0.04351799585829902	0.09467876349008356	0.186612520930834
0.113328173464715	0.10833274863181526	0.0702842581429719	0.18860996775606714	0.19619613397392383	0.04371096689951576	0.09202023165274349	0.1875175194782474
0.11034171084005788	0.10830225817400876	0.07287565727504537	0.18824170372942517	0.19804640081375885	0.04397335324452316	0.09228050982555416	0.18593840609762646
0.1163729382684486	0.10725004039729205	0.06869447231587905	0.1883862747598536	0.20221346096462595	0.04344878078942843	0.08730760359399595	0.18632642891047616
0.11178374579170774	0.10727772915405605	0.07087358146051972	0.18917533695525013	0.201810929927727	0.044192814024299115	0.08694853626242238	0.18793732642401767
0.11409664142997603	0.10788002746435377	0.07042518952819384	0.1889861578772211	0.20282107176145642	0.04407574314604491	0.0862269892188199	0.18548817957393385
0.11004135161385999	0.10818826584133401	0.07191929506038172	0.18910823424943052	0.20261155733894837	0.043997770957464113	0.08839403047245643	0.18573949446612467
0.11984451707985656	0.10810975599931888	0.07541857320518251	0.18861471187759904	0.18685691298601473	0.043731694093083404	0.08991694626654444	0.18750688849240021
0.11358735199512235	0.10784057019163604	0.07436743682984576	0.1884364636813853	0.19264066598056928	0.044213055093195425	0.0934245134620768	0.18548994276616884
0.11738796259326192	0.10829757038022625	0.06984746487433716	0.18830867076672048	0.18948562449639345	0.043569480363607097	0.0949339853225016	0.1881692412029518
0.12021285741262913	0.10826518861173469	0.0707341700568728	0.1888854219380311	0.18822091802742177	0.04413832047082414	0.09137628949789392	0.1881668339845922
0.12029421852479752	0.1083464761070139	0.07278513306209387	0.1884317478830323	0.18990610291333754	0.044324234055315256	0.09091586148086483	0.18499622597354454
0.11661802887645023	0.10777052654152267	0.0760489568102945	0.18887769340959998	0.18590970499234874	0.04387245929344409	0.09577876171643772	0.18512386835990188
0.12263658697722471	0.10750611215648546	0.07578893582270528	0.18869956925769416	0.18732601924613415	0.04416508908307805	0.08767173595155524	0.18620595150512273
0.1219179023587621	0.10710620113333365	0.06907346958576549	0.1890634554459268	0.18995161868725585	0.0442869751860383	0.09042251394778186	0.18817786365513575
0.12013381463226805	0.107395993630989	0.06946748576286266	0.18914795760347095	0.19341040937893267	0.04345210220930225	0.09100984005674737	0.18598239672542685
0.1171388542546098	0.10767199333307141	0.07514851057496862	0.18812429215603513	0.1959966703236366	0.043452902866090104	0.08669063223591573	0.18577614425567238
0.12215073259317365	0.10822041785286085	0.06505373246755494	0.18880053352487566	0.19226718085988664	0.04423070617432516	0.093083663827911	0.1861930326994119
0.1103585124847509	0.10722711308323093	0.07146492409110343	0.1887325173645315	0.19431552076534514	0.04362709149751513	0.09784898716158179	0.18642533355194096
0.11176721548350846	0.107012683760178	0.07253226662788319	0.18865913558403458	0.19304994436340436	0.043866341509640056	0.09690141704281978	0.18621099562853136
0.11124202728649295	0.10700992627843114	0.07515342943050027	0.1888397447809991	0.19452421619102225	0.043481973445303954	0.09156756329920926	0.18818111928804085
0.11379236303441954	0.1079160114676673	0.07111764148094185	0.18901672103210992	0.19877489455665337	0.04380472634378697	0.08737044232811927	0.1882071997563015
0.11563653383105515	0.10803701554960247	0.06930306503178353	0.18879429887255186	0.2008934206111548	0.043728109170715	0.08832035818994292	0.18528719874319402
0.12161492409384081	0.10846343651129153	0.06463703566697462	0.18911654656004687	0.19397506541931092	0.04429190122151988	0.09133303685143085	0.1865680536755843
0.11388793847311207	0.1082030735394451	0.0660997224713221	0.18903672861260284	0.19649537890754787	0.04351608213542191	0.09523995280806129	0.18752112305248658
0.11566665171233025	0.10847481290310604	0.07017853984578656	0.18835722291272172	0.19260224564209524	0.043993793938631565	0.09398914880198075	0.18673758424334766
0.12344613233322428	0.10824200342211963	0.06747562459848273	0.18836378584017444	0.1859709971817975	0.043948668855007644	0.09422898177913562	0.1883238059900579
0.12402503396742688	0.10811756578336289	0.0731123923893873	0.18918486860608974	0.18738747644948597	0.043802290558150964	0.08912049144193332	0.18524988080416274
0.12257572047508722	0.10769339584538445	0.07397119694290752	0.18893578141307094	0.18808241561895364	0.04421870107228361	0.08699181552491654	0.1875309731073958
0.1145109728139431	0.10797071708410258	0.06766291317123244	0.1885162995279334	0.19587702783849115	0.04388694800872331	0.09575108037004915	0.18582404118552465
0.11703694043044147	0.107956771909278	0.06784800685972142	0.18849187605788187	0.19618639551535527	0.04418595863813496	0.09139290702943527	0.18690114355975151
0.11627157735900523	0.10842024106010324	0.07126455738065762	0.18873695146645117	0.18965953724051132	0.04426221533837865	0.09616643445689042	0.18521848569800214
0.11404893434948046	0.108229035619685	0.07584851583992205	0.18870110375291227	0.19234173970151242	0.04402177527495453	0.09170873256178269	0.18510016289975037
0.1202401502836774	0.10736834994359941	0.06997030434701104	0.18910707210988834	0.18851672818916834	0.04407975795283087	0.09584403698260294	0.18487360019122145
0.11418103955954001	0.10755021155561062	0.07272631263374225	0.18901960604650753	0.19499690804543413	0.04428192028790637	0.09219321419822546	0.18505078767303335
0.12043971639206985	0.10824207628474375	0.07159956883593493	0.18906398795539928	0.18618832376724245	0.04425401736542947	0.09289637792570499	0.18731593147347508
0.12462341767176122	0.10810591152205726	0.07483894436250407	0.1891011498836667	0.18826034935836444	0.043990839420797234	0.08600970841791059	0.18506967936293828
0.11181706697460314	0.10807531633194578	0.06886441059606332	0.18913894293470343	0.1944575379111555	0.04354369055383793	0.09756000268933562	0.18654303200835504
0.11002272341297133	0.10764790859299184	0.07477120865434504	0.18842081531631238	0.19377930950019864	0.04385135065410793	0.09405737705373546	0.18744930681533717
0.11380103352344786	0.10688437957717573	0.07192614772704914	0.18902422757902435	0.1989116203708285	0.043767027047977386	0.08943506806598758	0.18625049610850922
0.10905195209375743	0.10826806002883532	0.07427281421754406	0.18830985812366957	0.19541555559981783	0.044230260484126774	0.09211022366607818	0.1883412757861706
0.11450130578636122	0.1083987653645827	0.06851252222186167	0.1892013960978575	0.1937201959603953	0.044146291353111294	0.09644718730414568	0.1850723359116844
0.11048079515469145	0.10736835619801875	0.07521049337757833	0.1885214891671106	0.19162355995711916	0.044270235575593495	0.09580553023351246	0.18671954033637553
0.11000635536659276	0.10834639214593461	0.06560342160138098	0.18868350832478037	0.19820046887838313	0.04380708443769467	0.09722253882747259	0.18813023041776067
0.11277728162572048	0.1079396673438785	0.07215548794388008	0.1881318694240195	0.19630194843544768	0.04427468136908512	0.09183088077382444	0.18658818308414393
0.11102560520951713	0.10837798361937348	0.07012820063076292	0.189183732928965	0.19839833844875016	0.04362457566582388	0.09424716412993242	0.1850143993668748
0.12205919059428949	0.10788814160127051	0.07203322356899886	0.18819501226236984	0.18875506218378693	0.04375473590022938	0.09226914748902314	0.1850454864000316
0.11902134515011015	0.1073579079797323	0.06698245233814888	0.18907656100056341	0.19391510557375546	0.04415816601839667	0.09412345590061297	0.1853650060386799
0.11288056889518262	0.10678117967050077	0.06832795912650579	0.18881502961623098	0.20019035916106473	0.04434182865126075	0.09232909416309315	0.186333980716161
0.11412265880805503	0.10730562985850646	0.07389407190107405	0.18816386921955996	0.1902593299155041	0.04422738431655847	0.0957340952028091	0.18629296077793261
0.111844581225547	0.10686038261310382	0.0754054463979219	0.1884891673918479	0.18949387192535638	0.043801913399866804	0.0965603456122465	0.18754429143410944
0.11776081957130903	0.10711748344255839	0.07440378791185645	0.18906434124457508	0.18716651819376962	0.043778083714136676	0.09540850759568627	0.18530045832610825
0.1212918920457327	0.1069809433899672	0.0669758340589705	0.1890944717214766	0.1924787805816723	0.04347718390067151	0.09200217631307696	0.18769871798843207
0.11376343387617058	0.10726858346938245	0.07174594351190826	0.18815192046602908	0.1966669180836519	0.043957436368161934	0.09153661313512804	0.18690915108956754
0.1162271271138069	0.10740691893315726	0.06786389863835365	0.18906717754184288	0.19648131990866996	0.04379749376385478	0.09397985395354803	0.1851762101467663
0.12426473653041568	0.10824345675244487	0.06944399142663543	0.1886669476467163	0.19408445294554144	0.04367280921383221	0.08666374143929506	0.18495986404511877
0.11685028190766628	0.10686844996419628	0.07426600437193304	0.1887018540008741	0.1896106543166178	0.04362208154900196	0.09168626156266235	0.18839441232704796
0.1106907735595807	0.1078108223779102	0.07439702737359488	0.18888980664249394	0.18787212982428114	0.04394986217388748	0.09856278493190013	0.1878267931163513
0.11297226819548616	0.10781067112076699	0.07345875974103068	0.18813436881431794	0.19325954410591928	0.04409354486255522	0.09280777953263017	0.18746306362729334
0.11210611746932515	0.10845455238308767	0.07569227993804697	0.18842707110825954	0.19113481531291926	0.0440576747193174	0.093682554121894	0.1864449349471498
0.11275995199925908	0.1067316129267324	0.06987543936548164	0.18845385078627397	0.19814432626319514	0.04403389782291388	0.09302528478468618	0.18697563605145745
0.11483451586909274	0.10738084163761563	0.06673762874436917	0.1888046945071239	0.1932492548816574	0.04391967248008384	0.09711965870567033	0.1879537331743868
0.11715641928624135	0.10778284505062241	0.06457550262790432	0.1884438745067124	0.19300317985886278	0.04363698869852649	0.09884252653597388	0.18655866343515612
0.11086228125581586	0.10825150379589958	0.07057657041626184	0.18831341667216095	0.19241463814874385	0.04420815657559113	0.09857070687673225	0.18680272625879435
0.11338881834393041	0.1067840354473377	0.06684168427582253	0.18868517634105864	0.20267568742573097	0.04410419725242601	0.08920429743328925	0.1883161034804043
0.11682955107859752	0.10846729521976572	0.06805528438111341	0.18889958859383327	0.19901108197942385	0.043668296473660995	0.08791265477031482	0.1871562475032902
0.1172197041066329	0.10765013125977296	0.06708949263088965	0.1889265320847968	0.2014296215278783	0.044252360331409404	0.08675016193251436	0.18668199612610542
0.11628909681852373	0.10718083693535362	0.06947037883478521	0.18866606975176373	0.1899884748916742	0.043953333553373844	0.09625699482202786	0.18819481439249758
0.12136143113558984	0.10665860381703025	0.06772623724700425	0.189170729908545	0.1898084749901897	0.043992996969763734	0.09294984901595267	0.18833167691592434
0.11366874497265962	0.10730860009091697	0.07038426366627522	0.18833144752359846	0.1946532620305399	0.044092480182321814	0.09547102367203252	0.18609017786165527
0.11173408495921221	0.10672703771956685	0.0735088526757653	0.18821249982100477	0.2034889193843131	0.04350025047374685	0.08680978791918759	0.18601856704720315
0.11679038731794267	0.106616352924081	0.0763805907082277	0.1883432124329433	0.19094746272745222	0.04383754022376653	0.09215898344273285	0.1849254702228535
0.12427898324242144	0.10740105939065961	0.07441567611861899	0.1887894679539598	0.18968945443574325	0.04394891294006695	0.08632476773754413	0.18515167818098557
0.12021492718777989	0.10665750322134356	0.06689913625122546	0.18830993186951867	0.19546573572887543	0.0438033260600494	0.09310283004224518	0.18554660963896216
0.10934521185434695	0.10807116272429954	0.06705030966922407	0.1884638159025026	0.19948725546379972	0.04357824058833709	0.09831154116649184	0.18569246263099798
0.11811692337560928	0.10764614954136145	0.06579921197339877	0.188176387945985	0.1919568740619098	0.04360974734962933	0.09831675276756306	0.18637795298454307
0.11679166395647783	0.10839888189707397	0.07184904873418257	0.18909783770588962	0.18957384828353718	0.04392066276251652	0.09519708879725561	0.18517096786306644
0.11674890030035368	0.10729447690557772	0.07248763411920099	0.18820934954094928	0.18737670667877743	0.044188428442686695	0.09693239537142444	0.18676210864102957
0.11199069549324861	0.10701565246635415	0.07630759142950444	0.18823756378780368	0.19043008662908337	0.04356458581509787	0.09721313003134907	0.1852406943475586
0.11703974310934519	0.10793237717090146	0.06791082359121614	0.18866248308879063	0.19251835600100187	0.043605009431707045	0.09541395396002508	0.18691725364701237
0.11862634321300533	0.10747277345199847	0.07446930380662803	0.18901147225829035	0.18677273815152734	0.043872660566122185	0.09133429374268942	0.18844041480973864
0.11236039837427621	0.1071115378913798	0.0751059826638454	0.18850705105551596	0.19057364379636782	0.044182403500288445	0.0940330713292332	0.1881259113890929
0.11726855688972285	0.10690930099771995	0.07600567143311424	0.1887306487154119	0.18705776477319838	0.04426833324746621	0.09242941097587762	0.18733031296748867
0.12299183375807554	0.10661968125909124	0.07567219797566091	0.18904032611761007	0.18145533857174045	0.04413408566007769	0.0927959495253014	0.18729058713244248
