0.20793886510465281	0.5777596706521592	0.21430146424318813
0.20751981435089165	0.5763436258903354	0.21613655975877302
0.20327010109068316	0.5781515140618501	0.21857838484746686
0.20085273898982994	0.5788377859220044	0.22030947508816576
0.20300518624285782	0.5768331708015578	0.22016164295558444
0.20054010853425497	0.579399501830915	0.22006038963483007
0.2071410166372584	0.5732616063764775	0.21959737698626425
0.20695188820759086	0.5786425543259475	0.21440555746646184
0.20021172667516998	0.5810245127171917	0.21876376060763844
0.20627469997812733	0.5797720732407476	0.2139532267811252
0.20055583716176822	0.5796097216403442	0.21983444119788764
0.2020527639598773	0.5791009953210442	0.2188462407190786
0.20354738682421905	0.5794455973428071	0.21700701583297394
0.2031040194950495	0.5744698381837401	0.22242614232121055
0.2004528310002836	0.5828976108370957	0.21664955816262083
0.20905445797040362	0.5752858782551464	0.21565966377445012
0.20535627210949356	0.5800390136520759	0.2146047142384307
0.20183882254874333	0.5749095259444907	0.22325165150676604
0.20557872774812092	0.5789426240356533	0.21547864821622592
0.20325161187303864	0.5803267923292978	0.21642159579766365
0.2032773899122064	0.5774593373423962	0.2192632727453975
0.2021959019773092	0.5773275879028772	0.2204765101198137
0.20400916177859466	0.5786640787844266	0.2173267594369788
0.2068409492154557	0.5742998945124322	0.21885915627211208
0.20712752113726146	0.5768050312929921	0.21606744756974652
0.2009563987073198	0.5776257525700582	0.22141784872262213
0.20191580692346753	0.5790951730900379	0.21898901998649467
0.20266802034494055	0.5811259391798381	0.21620604047522146
0.20678690966137925	0.5787720995143368	0.21444099082428403
0.20122176706262188	0.5764550473090767	0.22232318562830153
0.20617059462485496	0.5757373540001434	0.2180920513750018
0.20754960570256387	0.5761161810022969	0.21633421329513933
0.20002245159337423	0.5820338159079033	0.21794373249872268
0.2073676391049155	0.5787919100076453	0.21384045088743925
0.20784339447083247	0.5732082065238335	0.21894839900533408
0.20802040062247543	0.5755495104012934	0.21643008897623126
0.2003569995626121	0.5772899601365865	0.22235304030080147
0.20351636725449707	0.5755305187609456	0.22095311398455747
0.20437901887223403	0.5803319130607967	0.2152890680669694
0.20097369315999677	0.5768546594425175	0.2221716473974858
0.20411556575556306	0.5809863004987103	0.21489813374572683
0.20887467412171418	0.5726760717704173	0.21844925410786858
0.20385273828657793	0.5770361429889723	0.21911111872444988
0.2043101456011042	0.5779314484796985	0.2177584059191974
0.20594820916670808	0.5781056302473544	0.21594616058593769
0.20087428968591864	0.5772925627456131	0.22183314756846834
0.2087967169035	0.573688539472338	0.21751474362416212
0.20364485319337092	0.5792517924037207	0.21710335440290845
0.20209240142432955	0.5821196320198175	0.21578796655585308
0.20926657406148566	0.5728408267196503	0.2178925992188641
0.20407453252343571	0.5794765329850853	0.21644893449147912
0.2044875153199425	0.5783146070581568	0.2171978776219008
0.2074536469858301	0.575488589930186	0.217057763083984
0.2028096022638795	0.5748139467614162	0.22237645097470438
0.20511305134580401	0.5765228463597261	0.21836410229447012
0.2018753622131717	0.5779527768948912	0.22017186089193716
0.20323916060131453	0.5774448504577571	0.21931598894092855
0.20743248546784487	0.5787919150858288	0.2137755994463264
0.2065866133089792	0.5794421457208067	0.2139712409702143
0.20491197056540056	0.5805308936305538	0.2145571358040458
0.20865698533592886	0.574633859529174	0.2167091551348973
0.2067276494076307	0.575875233475278	0.21739711711709142
0.2004568155453991	0.5784344307660738	0.22110875368852725
0.20711121303806662	0.5734049468733199	0.2194838400886136
0.20415014845112095	0.5795919021646959	0.21625794938418322
0.20096201237807104	0.5822131409748343	0.21682484664709478
0.2039526054419136	0.5737135924069298	0.22233380215115672
0.2068049437004884	0.5738298809687161	0.21936517533079558
0.20169956407559247	0.5787876454206049	0.2195127905038027
0.2058830200691789	0.5727517125460335	0.22136526738478768
0.2061334541836676	0.5780925178569127	0.21577402795941975
0.2082067653400882	0.5740807698126458	0.21771246484726617
0.2043162565859044	0.5729327400067201	0.22275100340737555
0.2090393450393886	0.5734919369754523	0.2174687179851592
0.20831348131484936	0.5775476113218614	0.21413890736328933
0.20642536964770467	0.5772474176554357	0.2163272126968597
0.2059822577818087	0.5776689989075613	0.2163487433106301
0.20293845418104695	0.5817804528741986	0.21528109294475464
0.20268483758807335	0.5765780975557815	0.22073706485614536
0.20053543563887619	0.58253984155067	0.21692472281045402
0.20085905994014186	0.5763785712934351	0.2227623687664232
0.2011428124503301	0.5773981115353561	0.2214590760143138
0.2005737303043837	0.5799851297696362	0.21944113992598016
0.20539303610365234	0.5745572645299988	0.22004969936634894
0.20155265880372583	0.5820745741038158	0.2163727670924585
0.20108923372821613	0.5791814520324146	0.21972931423936945
0.20241742731942522	0.575296696147832	0.22228587653274293
0.20697880500350152	0.5765484553071806	0.21647273968931804
0.20462600819762497	0.5805296209467349	0.2148443708556403
0.2044580340176168	0.5789996921890957	0.21654227379328758
0.20697052591000886	0.5750578076838737	0.21797166640611748
0.20907226434446594	0.5760460501073014	0.2148816855482328
0.20475462341777534	0.5782445038693271	0.21700087271289767
0.20434311502013242	0.5817111558274141	0.21394572915245363
0.20691055240036962	0.579306451222791	0.21378299637683956
0.20762988279805222	0.5738347766504596	0.21853534055148838
0.2067274121853169	0.5776420243186497	0.21563056349603343
0.2030694607056298	0.5784403260936659	0.21849021320070447
0.2033639256850708	0.5738103201826337	0.22282575413229563
0.20516501104178794	0.5779238121207745	0.2169111768374377
0.2076670326503915	0.57723947222291	0.2150934951266986
0.20697699762868332	0.5749435929708338	0.21807940940048312
0.20625164053468037	0.5773175921033427	0.21643076736197706
0.20433845053351485	0.5787039566442884	0.21695759282219684
0.2072188924052574	0.5784808616002463	0.21430024599449649
0.2007700751589624	0.5770374660834305	0.2221924587576071
0.20005750104017825	0.5800128283677907	0.2199296705920312
0.20691679191828638	0.5751762685347324	0.21790693954698137
0.2029100083889917	0.5787325971351955	0.21835739447581282
0.20573623839539168	0.5786636719328032	0.21560008967180522
0.2042403222280279	0.5796477838832067	0.21611189388876545
0.20221185252266682	0.575018499689237	0.22276964778809633
0.2054475948789373	0.5757090402071232	0.21884336491393963
0.20396169902370126	0.5789409601601136	0.21709734081618515
0.20206828819583153	0.5786306640977362	0.21930104770643238
0.20832304776557964	0.5772077085143413	0.21446924372007914
0.20278331922383278	0.5798865934631503	0.21733008731301712
0.2038678118735311	0.5753644657914179	0.22076772233505115
0.20769658185491122	0.5763017296287896	0.21600168851629942
0.20701988191949108	0.5776510648526991	0.21532905322780993
0.2080684964723212	0.574516940087353	0.21741456344032592
0.20314605726199725	0.5747837021470386	0.22207024059096436
0.2069055733536883	0.5745895748954993	0.21850485175081244
0.20895469373477377	0.5727202600532909	0.21832504621193544
0.20869353114537326	0.5747843616456192	0.21652210720900772
0.20434650997013817	0.578209222177112	0.2174442678527499
0.20053434565913095	0.5815138414665353	0.21795181287433385
0.20640251456688025	0.5761410830390208	0.21745640239409908
0.20180337956384115	0.5772061539554934	0.22099046648066553
0.2031909772685071	0.5760261162424581	0.2207829064890349
0.20425306993346753	0.5762648891698409	0.21948204089669174
0.20278855983985183	0.58140588349033	0.21580555666981832
0.20381908509751745	0.5773859540621191	0.21879496084036357
0.20089260687303112	0.5797176238731783	0.21938976925379078
0.20275778059487895	0.5754253463056829	0.22181687309943826
0.2058831665962556	0.578481073290981	0.21563576011276356
0.19998761800008663	0.5790552847842008	0.2209570972157127
0.20622152802439395	0.575333726973741	0.21844474500186525
0.20079966242486688	0.5785160982405663	0.22068423933456702
0.20714643633133098	0.5741752591118259	0.21867830455684328
0.20259568345401016	0.57686227282769	0.22054204371829997
0.20589004134116629	0.5761120697423847	0.21799788891644906
0.20848314434207038	0.5764475227347721	0.21506933292315764
0.20658097812870727	0.5742109045874048	0.2192081172838881
0.20461258123719542	0.5747688683743039	0.2206185503885008
0.20446946666924856	0.5809588145218177	0.21457171880893383
0.20412998277573755	0.5788823053739502	0.21698771185031235
0.20515152371514303	0.5809427176007969	0.21390575868406025
0.20530191458772845	0.5764174134376707	0.21828067197460094
0.20871938787188177	0.5754108301767833	0.21586978195133505
0.20444229308508635	0.5773070915175981	0.21825061539731572
0.20576177322246175	0.5748839156723038	0.2193543111052346
0.20523050174521268	0.5774423965838281	0.21732710167095934
0.20740151970484746	0.5789190170975917	0.21367946319756098
0.20383570772898232	0.5769416636549165	0.21922262861610137
0.2065017476011249	0.5760364169473146	0.21746183545156067
0.20005526674413324	0.5788429098309692	0.22110182342489773
0.20550527774718563	0.573581633117387	0.22091308913542745
0.20237419230377884	0.5781804291080984	0.21944537858812285
0.20851254038907685	0.5732056093661887	0.21828185024473457
0.20721992425218413	0.5786771336819153	0.21410294206590064
0.2062654060297677	0.5772448499353469	0.21648974403488552
0.20048886877722	0.581234896235349	0.2182762349874312
0.20264157626915852	0.5773919236443503	0.21996650008649132
0.20574532707210585	0.574617014882415	0.21963765804547924
0.2046054475618433	0.572789323848144	0.22260522859001292
0.20670109727094918	0.5776809917839925	0.21561791094505844
0.20677477792007395	0.5732004627399723	0.22002475933995386
0.20143810436453793	0.5786106131586779	0.2199512824767843
0.2032623965648923	0.5791728553406383	0.2175647480944695
0.2063587688568146	0.578824553802473	0.21481667734071255
0.20108317718657362	0.5818090629899989	0.21710775982342762
0.20312708575679306	0.5759757734900448	0.22089714075316222
0.20118991850977394	0.5788974936875967	0.2199125878026295
0.20190634100743174	0.5789576745931775	0.21913598439939094
0.2062671281225245	0.575021974809464	0.21871089706801153
0.20170212865224776	0.5825650775267539	0.2157327938209984
0.2023301644466817	0.5795441664305723	0.21812566912274622
0.20251413389277012	0.578791976468222	0.21869388963900804
0.20371810109909652	0.57617869660614	0.2201032022947636
0.20718273521735686	0.5737613693763912	0.21905589540625206
0.20096113590849157	0.5774502430000934	0.22158862109141506
0.20211988221315197	0.5795091683223185	0.21837094946452965
0.2010044372700726	0.582513409532534	0.2164821531973935
0.20404234988762537	0.5814043935141404	0.21455325659823438
0.20822842701745556	0.5730060878444411	0.21876548513810345
0.20381347085293397	0.5782526125946199	0.21793391655244623
0.20428761116234295	0.5803170961541253	0.21539529268353189
0.2036050208271298	0.5782540514355304	0.21814092773733984
0.2076922647368626	0.5734290748722337	0.21887866039090387
0.2053409090345294	0.5746427580923219	0.22001633287314876
0.20440356754148903	0.5793922471061542	0.21620418535235691
0.2049966177909937	0.5776747566011109	0.21732862560789556
0.20543630364730767	0.5785775959511684	0.21598610040152408
0.20339040848082796	0.5807627444987815	0.21584684702039064
0.20218331080062169	0.5814438679920493	0.2163728212073292
0.20343856323664689	0.5770110328100578	0.21955040395329542
0.20191066426355808	0.5787393034152758	0.21935003232116618
0.20811555252555936	0.5730309237543434	0.21885352372009736
0.20277341619755734	0.5826868361037275	0.2145397476987152
0.20195830779287183	0.5800528738978966	0.2179888183092316
0.20903112550673786	0.5728146931120568	0.21815418138120551
0.20181152045819728	0.5755394810751393	0.2226489984666635
0.20438211345441817	0.5779145459785275	0.2177033405670544
0.20453948524997237	0.5784781439822149	0.2169823707678129
0.20137890556458163	0.5771302872132181	0.22149080722220033
0.2027749472312758	0.5770345272337488	0.22019052553497553
0.20577839453243313	0.5789823242414509	0.21523928122611605
0.20461795702550356	0.5735201962804699	0.2218618466940267
0.2051450419317611	0.5769644955653184	0.21789046250292066
0.20785700610365626	0.5736169112426567	0.21852608265368714
0.20447322696611686	0.5745660313961135	0.22096074163776974
0.20639204274211365	0.5753164996995407	0.2182914575583458
0.20069635624843868	0.5783019724973495	0.22100167125421188
0.2012105739998259	0.5772104841791623	0.22157894182101184
0.20474702502987024	0.5781922058955231	0.2170607690746067
0.20379066249876182	0.5767402913123469	0.21946904618889138
0.2012016499580369	0.5825637645866266	0.21623458545533658
0.2024650599639699	0.5823990232827224	0.21513591675330782
0.20181240182543464	0.5803351062710211	0.2178524919035443
0.20420613241194913	0.5820753030554183	0.21371856453263266
0.20072582983061785	0.5791890654919516	0.22008510467743073
0.2074516591126339	0.5730029718995246	0.21954536898784155
0.20448154382624967	0.5811692574013262	0.21434919877242425
0.20171879148958388	0.5806847009953575	0.21759650751505866
0.2030806225359537	0.5814053058541808	0.2155140716098657
0.20189019752572798	0.5792260447215118	0.21888375775276026
0.2047668419934463	0.5744961314913553	0.22073702651519858
0.20858296021873213	0.5764365562202884	0.2149804835609796
0.2015572638422544	0.5784185393304065	0.22002419682733917
0.20221530345136424	0.577843643754009	0.2199410527946269
0.2061428568124992	0.5778352148226517	0.21602192836484924
0.2049674023670386	0.5799012196635502	0.21513137796941129
0.20221050549133804	0.5763206441654702	0.2214688503431919
0.208304510820908	0.5755137296453018	0.2161817595337903
0.20259794343412957	0.5818834709671055	0.21551858559876513
0.20753909299801446	0.5777719191903116	0.2146889878116741
0.20549575524434727	0.5801887162783818	0.21431552847727103
0.20116034056040707	0.5819058224896181	0.21693383694997492
0.20646331563208856	0.5735659370572626	0.21997074731064897
0.20360165329071486	0.5769509468046178	0.21944739990466752
0.20383493322298885	0.5805311344233758	0.21563393235363548
0.2048088369233171	0.5752469282157203	0.21994423486096265
0.20429176011657513	0.5766911434750897	0.21901709640833533
0.208862774269104	0.5751630371364327	0.21597418859446355
0.20380808586707697	0.581531274188255	0.2146606399446681
0.2079844356304081	0.5756423475750061	0.21637321679458593
0.2081167122555288	0.5763828130597273	0.21550047468474406
0.20775480771417323	0.5773986567319087	0.2148465355539182
0.20207897326088892	0.5787832070354209	0.21913781970369034
0.20504235041692032	0.5730836084430987	0.2218740411399811
0.2035234145806325	0.5814250548939053	0.2150515305254624
0.20280004623099745	0.5739800956688086	0.22321985810019415
0.20174604445527644	0.5777550107775146	0.2204989447672091
0.20857413295278182	0.5727804985937299	0.21864536845348845
0.20732488091895654	0.5786641484640085	0.21401097061703508
0.20565623446943024	0.5776042235282405	0.21673954200232942
0.20439204043819822	0.5757427588096692	0.21986520075213273
0.20827225036377223	0.5763774917313275	0.21535025790490045
0.20558494450026593	0.5789255608191585	0.21548949468057568
0.2058361569529702	0.5764345761978023	0.21772926684922772
0.206939877861478	0.5783207199123358	0.21473940222618637
0.20349046875775006	0.5804657738446606	0.21604375739758946
0.20539256862348473	0.5763806407295955	0.21822679064691985
0.20115095363385688	0.5788550593867162	0.21999398697942707
0.20483167415506592	0.5727366305800798	0.22243169526485435
0.20829047116984017	0.5743430089806891	0.2173665198494708
0.2012138694733166	0.5777688269564413	0.22101730357024227
0.20133648223698516	0.577738869267019	0.22092464849599597
0.2062493371174452	0.5732053642649534	0.22054529861760153
0.20768394296418494	0.5734924792423091	0.21882357779350609
0.2091781627359253	0.5748903563365958	0.21593148092747902
0.20349329721380374	0.5805155659576813	0.21599113682851515
0.20435455567432784	0.5745192362553037	0.22112620807036865
0.20522362115775158	0.5754920568891009	0.2192843219531476
0.207665587811175	0.5754738938651628	0.21686051832366232
0.20645987669095217	0.5763229282707636	0.21721719503828432
0.2006506607367888	0.5779017216570357	0.22144761760617562
0.2043058962148412	0.5814582690895731	0.2142358346955858
0.20121508357690207	0.577382988367519	0.2214019280555791
0.20642314848893203	0.5779855987943099	0.2155912527167582
0.20665964313505925	0.5790064899517636	0.21433386691317724
0.20792290668952929	0.5782188940131653	0.21385819929730554
0.20722906996482665	0.5786620647561979	0.21410886527897557
0.2040694642923198	0.5798454155207685	0.2160851201869118
0.20473325583266902	0.5754134132017403	0.2198533309655908
0.2013542108626717	0.5795644328684286	0.21908135626889985
0.20160024947359378	0.5789819479468279	0.21941780257957838
0.20906736935090525	0.5759960373816353	0.21493659326745954
0.20748066180758545	0.5739821707210326	0.21853716747138202
0.20090010320410562	0.5818438811452205	0.21725601565067404
0.2053014172891648	0.5808792437325558	0.21381933897827948
0.20408004329273355	0.5798463236186009	0.21607363308866567
0.20623254186331855	0.5753234682826078	0.21844398985407376
0.2082178883972617	0.5754209503326557	0.21636116127008265
0.2051861061518602	0.5778731542731741	0.21694073957496587
0.2043593928311601	0.5754067407893291	0.2202338663795109
0.20121467347895897	0.58026783934913	0.21851748717191116
0.20902698166224537	0.57268408444895	0.21828893388880466
0.2013833075942051	0.5797467410831422	0.2188699513226528
0.2028675643876383	0.5786417440680317	0.21849069154433012
0.2033091393796189	0.5764361417238858	0.22025471889649548
0.2022854424136357	0.5815529731278721	0.21616158445849232
0.2047088578694537	0.5752888782913664	0.22000226383917995
0.20242845527172548	0.5777336990637766	0.219837845664498
0.2082077384566473	0.5773994755202937	0.21439278602305917
0.20816007594528635	0.5749867945909617	0.21685312946375207
0.20773010397389863	0.5767635452122056	0.2155063508138959
0.2017772037136475	0.5794020167863422	0.21882077950001044
0.20301992250398948	0.5780787675012165	0.21890130999479424
0.2054462981612976	0.573281844384423	0.22127185745427955
0.2012296632251065	0.5754896637877915	0.22328067298710205
0.20179565219045262	0.5822406132043498	0.21596373460519763
0.20451281544004665	0.5776984470695634	0.21778873749039013
0.20707794570124088	0.5790612271207449	0.21386082717801436
0.20251855981580352	0.582756194364725	0.21472524581947156
0.20615157714023424	0.5787379097453583	0.21511051311440754
0.20173766190190523	0.5827036086637858	0.21555872943430912
0.20782945108625925	0.5755821446799879	0.21658840423375292
0.2030904861140871	0.5793253849498305	0.21758412893608253
0.20137744673690736	0.5772365320063467	0.22138602125674606
0.20704152963982994	0.5790119276617034	0.21394654269846686
0.20080287520619278	0.5803713245289701	0.21882580026483717
0.20349128596711968	0.5788827422604275	0.2176259717724529
0.20496519615840644	0.5786854162119747	0.216349387629619
0.2007298238249872	0.5801562164350563	0.21911395973995654
0.2043949265420642	0.5750085293453272	0.22059654411260865
0.20826128927926413	0.5761916235878686	0.2155470871328674
0.20689720582308196	0.5747062515965476	0.21839654258037047
0.20323937580473941	0.5789688193881342	0.2177918048071265
0.20376813108445743	0.5741959519937773	0.22203591692176544
0.20774429299436709	0.5772462131158114	0.2150094938898217
0.20673935508404104	0.5727040583610913	0.22055658655486776
0.20332437954909593	0.5813197447794076	0.21535587567149655
0.20419666641156434	0.5788319008360152	0.21697143275242053
0.20660128195171906	0.5728549914461787	0.2205437266021024
0.20286359403153523	0.5800614828062738	0.21707492316219112
0.20429375936761418	0.57967833023108	0.216027910401306
0.2052475671806835	0.5799542640277012	0.21479816879161537
0.20027207236909614	0.576422160796676	0.22330576683422795
0.20791498571361772	0.5742188553926303	0.2178661588937521
0.20923530975140503	0.5740152037537148	0.2167494864948802
0.20374716482978947	0.5792597448628057	0.2169930903074049
0.20716603046150528	0.5791290916933287	0.2137048778451661
0.20623375963533333	0.579281796359129	0.21448444400553776
0.2000241282476231	0.5769960206727371	0.2229798510796399
0.20246332412065327	0.57462095322206	0.22291572265728693
0.20118172191760972	0.5789049378291833	0.21991334025320716
0.20739677464963652	0.5727614745774041	0.21984175077295945
0.20755861342574122	0.5768167386374782	0.21562464793678074
0.20736905016407023	0.5776998357843959	0.21493111405153403
0.2036805212338597	0.5797181108795524	0.21660136788658796
0.2053972656123259	0.5799564545199483	0.21464627986772591
0.2046457565832518	0.5739809665080547	0.22137327690869363
0.20093990703048004	0.5789148576951882	0.2201452352743318
0.2001110083187457	0.5766450568810817	0.22324393480017277
0.20641545062588645	0.5737459847116696	0.2198385646624441
0.20209954999598298	0.5755893090512932	0.22231114095272395
0.20021525831187106	0.5814809723584183	0.2183037693297107
0.2073823955494994	0.573634302755407	0.2189833016950937
0.20582305862296413	0.5730262442900113	0.22115069708702478
0.20358662518673437	0.5788093383789001	0.2176040364343656
0.20887202934613266	0.5759122462064536	0.21521572444741383
0.20247139485419363	0.579503275572165	0.21802532957364146
0.20134951280869862	0.5779799735915825	0.220670513599719
0.20820961666539092	0.5770112666426488	0.2147791166919604
0.20135283376113566	0.576508682711008	0.22213848352785648
0.20813173229052334	0.5731415159195457	0.21872675178993106
0.20191230774577795	0.582024537304025	0.2160631549501971
0.2009477773186905	0.5818906202290214	0.21716160245228827
0.20224826713593794	0.576659433208481	0.22109229965558114
0.2032552894475295	0.5808384475219266	0.21590626303054397
0.20396617889103785	0.5792455856000278	0.2167882355089345
0.2068605630142567	0.5778025753702601	0.2153368616154832
0.2023189668564159	0.5797981673721584	0.21788286577142577
0.20044295024990882	0.5820036522030296	0.2175533975470616
0.2045648477402835	0.5793247757991925	0.21611037646052414
0.2072415612967088	0.5765931439311351	0.21616529477215612
0.20111827262526794	0.57742808060898	0.22145364676575224
0.20601154490224383	0.5796505093546691	0.21433794574308718
0.20292417760573386	0.5745202940981651	0.22255552829610112
0.20902337648023853	0.5766909062337641	0.21428571728599755
0.2049311213436842	0.5795694042527832	0.21549947440353265
0.20868446766438556	0.5766372334315477	0.21467829890406687
0.20312475938239108	0.5802773496717007	0.2165978909459083
0.20747136730375276	0.578265522181175	0.21426311051507227
0.20304555084014772	0.581792749508209	0.21516169965164342
0.20146377557887624	0.5761822568532409	0.22235396756788295
0.207892084692688	0.5753998589858431	0.21670805632146906
0.20789983651214805	0.5773709612027286	0.21472920228512352
0.2052582201167303	0.575182195904167	0.2195595839791028
0.20639589169643163	0.5738253003059528	0.2197788079976157
0.2086352473334401	0.5752936076844304	0.2160711449821296
0.20730135896348262	0.5764527427311485	0.21624589830536894
0.20820335220222708	0.5767753088045898	0.21502133899318324
0.20180898504543837	0.5773753828886914	0.2208156320658704
0.20258912828329692	0.578116978520616	0.2192938931960872
0.20766728368968493	0.5730648506119838	0.2192678656983314
0.20317426904129024	0.5825931747179326	0.21423255624077728
0.20502715660664111	0.5754732945701942	0.21949954882316472
0.2027891651443952	0.5758816269570907	0.22132920789851424
0.20633241681031317	0.5782900145967081	0.2153775685929788
0.20664621780455222	0.5737092684592321	0.2196445137362158
0.2004568337275968	0.5772184836197883	0.22232468265261496
0.2055320166474529	0.5774499130877688	0.21701807026477837
0.20004140986377772	0.5795286151525838	0.2204299749836386
0.20133447537410257	0.5762646418931555	0.22240088273274203
0.20453785319051304	0.5781511986709489	0.2173109481385383
0.20308348800504877	0.5818654482276064	0.21505106376734492
0.20276474404539652	0.5763588844332963	0.22087637152130735
0.20886506931483545	0.5748789180071122	0.21625601267805247
0.20710165101095945	0.5760790150347845	0.21681933395425615
0.20696468244280136	0.573616369128616	0.21941894842858273
0.20184341959049057	0.5794453121469207	0.21871126826258874
0.20107996225741429	0.5779438583159207	0.22097617942666525
0.2055504828942951	0.579620889991604	0.21482862711410106
0.20853284844920272	0.5741834254400233	0.217283726110774
0.20575214598163558	0.5736365692496777	0.22061128476868685
0.20179225621628727	0.5775437895306275	0.22066395425308538
0.20174511713030202	0.575649457565717	0.22260542530398122
0.20647486918837477	0.577095578459526	0.21642955235209935
0.2047001601396936	0.580829720303878	0.21447011955642847
0.2065685662259741	0.5761382311125371	0.21729320266148883
0.2038717377474934	0.5742780678920737	0.22185019436043302
0.20558714648819085	0.5798719179923641	0.21454093551944511
0.202353484706341	0.5807700142505221	0.21687650104313697
0.20223434583600208	0.5752418257994358	0.22252382836456214
0.20322060403648928	0.573518920145158	0.2232604758183528
0.1999709308870395	0.5789612498033803	0.22106781930958042
0.203192756317569	0.5815776958104786	0.2152295478719526
0.20674304061490617	0.5748995738012717	0.21835738558382234
0.20306575361214083	0.5791590106424451	0.21777523574541413
0.20113247051286332	0.5784433829123519	0.22042414657478487
0.20736252137747857	0.5781075139042989	0.21452996471822264
0.20679738658223673	0.5751473292512527	0.2180552841665107
0.20623224065190854	0.5785440335833696	0.21522372576472207
0.20401899160199122	0.5775125270203433	0.2184684813776656
0.2024814405142159	0.5771290281630694	0.22038953132271477
0.20087613895681503	0.578164389579498	0.22095947146368708
0.20313265927592614	0.5790184809384892	0.21784885978558477
0.20205383655972908	0.5820704995953385	0.21587566384493256
0.2053601607098198	0.5751140664617137	0.21952577282846664
0.20857653032315862	0.5767256534885244	0.21469781618831704
0.20409839011199846	0.5787170665865485	0.21718454330145312
0.20348593464581144	0.5735582369959789	0.2229558283582099
0.20317765835286514	0.5763641969160209	0.2204581447311141
0.20485875509800433	0.5768664963348324	0.2182747485671633
0.20137802316899167	0.5799288378425465	0.218693138988462
0.20552139219917126	0.5758409576063328	0.2186376501944961
0.20585622437352954	0.5774095690509476	0.21673420657552295
0.20555588237775818	0.5779821932236409	0.21646192439860107
0.20006314605059616	0.5823389824470222	0.21759787150238163
0.2076782128628699	0.5743815466865796	0.2179402404505506
0.20319504289322765	0.5819268530711419	0.21487810403563057
0.2065112377308484	0.5744805131970666	0.21900824907208505
0.20379360019285364	0.580492169444725	0.2157142303624214
0.20394467975707925	0.5808794128301968	0.21517590741272397
0.20313894138636657	0.5827766459555537	0.21408441265807987
0.20808005254708895	0.5763606275560755	0.2155593198968356
0.20509276827276027	0.5802875225761668	0.2146197091510731
0.20829983870367808	0.5759590389329317	0.21574112236339035
0.2075184582392424	0.5733968660612193	0.21908467569953843
0.20210917625056998	0.581304681733776	0.2165861420156541
0.20814950842715635	0.575651688795521	0.21619880277732273
0.20089783911526388	0.5803821843467534	0.21871997653798284
0.20139502084094082	0.5787714074312491	0.21983357172781012
0.20357661989881462	0.5747251088614762	0.22169827123970937
0.20498157244277898	0.5802390012076455	0.21477942634957564
0.2055875092611929	0.5774547720262029	0.21695771871260436
0.20486881157724088	0.5787634639044799	0.21636772451827946
0.20369762132136787	0.5775529615395629	0.21874941713906937
0.20653526523485022	0.5779004253427804	0.21556430942236948
0.20371340643553446	0.5768360744409294	0.2194505191235362
0.20835784026490373	0.5737984742711632	0.21784368546393323
0.20372475855811162	0.5756479294697259	0.22062731197216268
0.20590576891358037	0.5771070171868838	0.21698721389953593
0.20636909954691365	0.5740728646343981	0.21955803581868835
0.20436346685913354	0.5767154379405254	0.21892109520034117
0.20819140204734427	0.5740648859996923	0.21774371195296352
0.203926476964883	0.5816673736564932	0.21440614937862396
0.20509839799558288	0.5760312348692137	0.21887036713520353
0.20234097255160344	0.5822143932989426	0.215444634149454
0.20242865646461344	0.5782851434114413	0.21928620012394526
0.20082912704022163	0.5793409050328937	0.21982996792688486
0.20199445665712423	0.5760287542472029	0.22197678909567298
0.20364453733574311	0.5782260271786521	0.21812943548560487
0.20272320200078434	0.5762258195409168	0.221050978458299
0.204981865693832	0.5776242995099801	0.21739383479618798
0.2064663677865949	0.5785136160584132	0.21502001615499203
0.20729240612524857	0.5765025780706581	0.21620501580409351
0.20661975244616956	0.576461473534726	0.2169187740191045
0.2022236137134628	0.5753149895970775	0.22246139668945986
0.20620518212325828	0.5745311130622563	0.21926370481448554
0.20280896097577905	0.5759818003130305	0.22120923871119058
0.20500673955384086	0.5775393357842113	0.21745392466194796
0.2034994338336868	0.5742045386255812	0.22229602754073213
0.2050574469390779	0.5754341829158676	0.21950837014505467
0.20141744970113473	0.5757988464993494	0.22278370379951595
0.200085774048194	0.5825600635222329	0.21735416242957323
0.20313873420056414	0.5788842458926587	0.21797701990677726
0.20593912303064968	0.5759996090857834	0.21806126788356706
0.20167481969543566	0.579905515622517	0.2184196646820475
0.203295893378225	0.579332043012601	0.21737206360917416
0.20642284363636568	0.576509377205088	0.21706777915854644
0.20508305879278377	0.5801104762021043	0.21480646500511208
0.20556166286983218	0.5799197919038684	0.2145185452262995
0.20448132424591808	0.5788215351928763	0.2166971405612057
0.20574083346196603	0.5791049209914354	0.2151542455465987
0.20537704906773493	0.5799791452057557	0.21464380572650957
0.20693511135255138	0.5762442334311555	0.2168206552162932
0.20630547274293728	0.5754860102289432	0.21820851702811966
0.20815294173713697	0.5768272389984097	0.21501981926445352
0.20125629711710877	0.582011894321734	0.21673180856115734
0.20048172970963415	0.5767679195977691	0.22275035069259694
0.2038023763764177	0.5813442539018543	0.21485336972172808
0.20541448408066004	0.5801871887174328	0.2143983272019072
0.20403303390425118	0.58042165992112	0.21554530617462886
0.20388567056613732	0.5804881177117713	0.21562621172209145
0.2000985163027235	0.5785946817648453	0.22130680193243135
0.20235558307364981	0.5745970674123485	0.2230473495140018
0.20454523373112926	0.5741059961787226	0.22134877009014825
0.20642548032191974	0.5770339499268007	0.2165405697512797
0.20383317105890308	0.5797488230106624	0.2164180059304346
0.20411315324842172	0.5728243861451263	0.22306246060645213
0.2057283284431313	0.576901967921194	0.21736970363567482
0.20432855747637066	0.5737687595478564	0.22190268297577306
0.2078313936458096	0.5738423760424947	0.2183262303116958
0.20720098299234938	0.5748078591218455	0.2179911578858052
0.20608526227605822	0.5743890559960683	0.2195256817278737
0.2040277604850525	0.5743450395715073	0.2216271999434404
0.20156157210087355	0.5802421784435366	0.21819624945558996
0.2022773966387797	0.5781365288052241	0.21958607455599624
0.20480842559577458	0.580983825168903	0.2142077492353225
0.20410673182139943	0.5806453602959932	0.21524790788260745
0.20122119787221837	0.5807573354089381	0.21802146671884365
0.20504232455550545	0.5777916771813666	0.21716599826312805
0.2030598507932998	0.5804652252686249	0.21647492393807538
0.20863676599284123	0.5735107569194766	0.21785247708768232
0.20320300673407282	0.5824753642165603	0.21432162904936702
0.20469465640099294	0.5801897913916652	0.21511555220734196
0.2074893185647754	0.5765741936085744	0.21593648782665026
0.20324405855796263	0.5791980342514877	0.2175579071905498
0.20656771049143402	0.5796831245703271	0.21374916493823898
0.2061698509514262	0.5741560355441585	0.21967411350441543
0.20445552915564896	0.57640523139309	0.21913923945126113
0.20492708395575238	0.574784495893363	0.2202884201508848
0.20334895012344875	0.5753021378067169	0.22134891206983448
0.2048924871957728	0.5741753220295358	0.22093219077469156
0.20637492469131058	0.574245738034536	0.21937933727415349
0.20594111112915287	0.574172996391728	0.2198858924791192
0.2055815337601774	0.5796075768348813	0.2148108894049414
0.2031092901814993	0.5821691360718646	0.2147215737466361
0.20622003694522056	0.5761086658487887	0.21767129720599082
0.20820837467337047	0.5775145335082914	0.2142770918183382
0.2062533745461457	0.5762871401322949	0.2174594853215595
0.20661764541699906	0.5780363208508297	0.2153460337321714
0.20396619973305535	0.5803026427768629	0.21573115749008182
0.20469115970892388	0.5802836643432469	0.21502517594782936
0.2023351262286048	0.5752941317748286	0.22237074199656676
0.20035369922915153	0.577589927838589	0.22205637293225958
0.2014632795642264	0.5777496305696672	0.22078708986610654
0.20062736981313917	0.5790291619544015	0.22034346823245957
0.2052682897721853	0.5730469116077068	0.22168479862010798
0.20256069130623378	0.5802452658060004	0.2171940428877659
0.20819055671818493	0.575043152489864	0.2167662907919512
0.20476785497128214	0.5815267122876422	0.21370543274107584
0.2054469501311792	0.5778654154218186	0.21668763444700245
0.20380589461232984	0.5766606849173714	0.2195334204702989
0.20787756632882454	0.578067473056711	0.21405496061446463
0.20546947910112115	0.5738188311338444	0.22071168976503458
0.20302567669034854	0.5790565072832365	0.2179178160264151
0.20373798925885128	0.5783047168142964	0.21795729392685248
0.20022090113991997	0.5773301267886839	0.2224489720713962
0.20384798093383277	0.5771028652204027	0.21904915384576473
0.203656394085028	0.5738770615413895	0.2224665443735826
0.20572294422384982	0.5754875183754307	0.21878953740071963
0.20337196277890165	0.5748713234046564	0.22175671381644207
0.2017020012911164	0.5755276059300769	0.2227703927788069
0.20361763249648035	0.573563989020855	0.22281837848266473
0.2034235014022764	0.5818065760833235	0.21476992251440016
0.20871303670471908	0.57757298732058	0.21371397597470101
0.20631696778673558	0.5737274444004145	0.21995558781285007
0.20074573519940414	0.5818602291690852	0.21739403563151077
0.20435243910026685	0.5742043300805633	0.22144323081917
0.2087986491975672	0.5768824932397009	0.21431885756273206
0.2072468964969849	0.5775956342641193	0.21515746923889584
0.20119936886498188	0.5796868892538591	0.21911374188115906
0.20371817505232603	0.5739813634014082	0.22230046154626593
0.204699651905133	0.5755535832673881	0.21974676482747896
0.20607055691866594	0.5764177262546438	0.21751171682669032
0.2089698493975527	0.5728271875315392	0.21820296307090825
0.2004570469163294	0.5781516118843959	0.22139134119927487
0.20641950639061052	0.5742425319016329	0.21933796170775663
0.20432536772316418	0.5748651487509335	0.22080948352590246
0.2067425491919556	0.5747168626452298	0.21854058816281471
0.20240913292080168	0.5797318438944026	0.21785902318479589
0.20644284766539178	0.5731885012959835	0.22036865103862485
0.20425225778484	0.5790846810980326	0.2166630611171275
0.20146998055047505	0.5772136870032302	0.22131633244629487
0.20598513872337468	0.5730816137848361	0.2209332474917893
0.2011182075655484	0.5776943967137645	0.22118739572068716
0.20553060641807597	0.5761920429646501	0.21827735061727407
0.20880289220925535	0.5744902439547301	0.2167068638360147
0.20619476447485124	0.5753541518185223	0.21845108370662647
0.20532060509807823	0.5767155721068395	0.21796382279508225
0.20673878617103053	0.5783011232369135	0.2149600905920561
0.20842393419915245	0.5748176075816182	0.2167584582192295
0.20217860004492716	0.575254681283772	0.22256671867130098
0.20029721647074916	0.5770681257280156	0.22263465780123542
0.2036486179281654	0.5776647558605417	0.2186866262112931
0.2081018742671028	0.5766607990134247	0.21523732671947268
0.2086030112015436	0.5757668195331989	0.21563016926525766
0.20707153186582986	0.5737755566526925	0.2191529114814777
0.20702618886914598	0.5791064865967993	0.21386732453405488
0.20139435947249248	0.5769196639450518	0.2216859765824558
0.20620173805701225	0.5767134319085608	0.21708483003442708
0.2021729579678292	0.5758990189582441	0.22192802307392684
0.20330060378272422	0.5816483723567616	0.21505102386051428
0.2011463931907051	0.5792323051766868	0.21962130163260826
0.20177089046157354	0.5806428852436132	0.2175862242948134
0.20437732577442758	0.5779994351194769	0.2176232391060956
0.20794145132909694	0.5763670984358511	0.21569145023505204
0.20080934894184654	0.5797449057949402	0.21944574526321337
0.2008995946482167	0.5785066285773706	0.22059377677441283
0.2082800343144428	0.5733354729621709	0.21838449272338636
0.20652177367554006	0.579604683898968	0.21387354242549203
0.2041417943141235	0.5819834133526653	0.2138747923332113
0.20312259766745105	0.5757417107019804	0.22113569163056868
0.20327679784747926	0.5799746110347649	0.21674859111775596
0.20503050403500836	0.5726875047968867	0.22228199116810501
0.20798990166795395	0.5728684954677191	0.219141602864327
0.20641908430551942	0.5750685170868837	0.21851239860759697
0.20701084806455392	0.5791712141770997	0.2138179377583465
0.2013543829306561	0.577633740510892	0.2210118765584521
0.20669686556432548	0.5780471050173338	0.21525602941834085
0.20570777502302204	0.5746432513791888	0.2196489735977892
0.20585820851462686	0.575633502122288	0.21850828936308517
0.20368944110610432	0.5788214902680381	0.2174890686258577
0.2015802723501292	0.576803109451175	0.2216166181986959
0.20410667476112088	0.5767767416079141	0.21911658363096514
0.20553363101102512	0.5731446131071696	0.2213217558818054
0.20717903247406408	0.5783534125570751	0.21446755496886094
0.20503658993595944	0.5739824924573896	0.22098091760665106
0.20750386679050498	0.5728906339357587	0.21960549927373643
0.2073137556784394	0.5788160735591756	0.21387017076238507
0.202736829929882	0.5808995922132371	0.21636357785688104
0.2042377450724716	0.574476464571989	0.22128579035553952
0.20652174461084466	0.5771000122190424	0.2163782431701131
0.20487023062414317	0.5799040819238575	0.2152256874519996
0.20169733783039384	0.5766709730035822	0.22163168916602416
0.20314852503280173	0.5797371850886964	0.21711428987850198
0.20899046795616705	0.5768895816919271	0.21411995035190606
0.20643197033298935	0.5762850809450665	0.21728294872194429
0.20815773451086528	0.573746242713191	0.21809602277594387
0.20315509941330726	0.5765865701423283	0.22025833044436466
0.20021974401992912	0.5783007582569204	0.22147949772315062
0.20069597165060934	0.5785575871715617	0.22074644117782907
0.20427911542639393	0.5800031017555163	0.21571778281808987
0.20565252038250026	0.5773992541403887	0.2169482254771111
0.20024671548874956	0.578545816843632	0.22120746766761848
0.20862297241929115	0.5732648372441257	0.2181121903365833
0.20845303101442325	0.5737649040245941	0.2177820649609827
0.20637552298522868	0.5731156840232924	0.22050879299147905
0.2083200960075655	0.573981655881501	0.2176982481109337
0.20555566108767748	0.5757239703179894	0.21872036859433325
0.20607838952930574	0.5795057027798904	0.21441590769080388
0.2021265849566813	0.5797854139203512	0.21808800112296767
0.2088674597338508	0.5768802781510547	0.21425226211509468
0.20339300197543803	0.5753661347594626	0.22124086326509945
0.20535314146261846	0.5752220880334223	0.21942477050395934
0.20005750109573806	0.5791034820991705	0.2208390168050915
0.2024451903647484	0.5806477347363099	0.2169070748989417
0.2033128498982797	0.5742623943162602	0.2224247557854602
0.20666258822612346	0.5786860681796887	0.214651343594188
0.20449193534630178	0.5744804585257027	0.22102760612799563
0.20514161655830093	0.5752103403138362	0.21964804312786293
0.20614870429811627	0.5761393491143408	0.21771194658754303
0.2013593837522003	0.5825201895020471	0.2161204267457528
0.2079597185405484	0.5739509366913693	0.2180893447680824
0.20278345085384544	0.5743821392981586	0.22283440984799607
0.20326297323720363	0.5814342981689511	0.21530272859384542
0.20457956562032054	0.5775793983177633	0.21784103606191624
0.20506802993525186	0.5735236312394214	0.22140833882532693
0.2012422859001816	0.5791007846515948	0.2196569294482238
0.207287310225322	0.5745129408775947	0.21819974889708332
0.2069713624774545	0.5781720466116334	0.21485659091091225
