0.047681507656696286	0.1636548814906671	0.09420537564784255	0.04037196781291265	0.0950490892502187	0.2442471515723949	0.10834707832560267	0.06648887703915425	0.05577704591514887	0.08417702528936201
0.04518759250743025	0.12692040900857834	0.1309047826800543	0.03245856442623439	0.11749000296543526	0.1962130933351402	0.117683677170811	0.06054005442732815	0.04690873604605131	0.12569308743293683
0.04560364729171623	0.1354213675448136	0.07365347378315595	0.142592344165277	0.10705783815935778	0.19650612891703018	0.13007908787161088	0.07286218295524595	0.039852360061304666	0.05637156925048775
0.04928321686012051	0.13999553333201803	0.06152340986854584	0.03858142405544151	0.09592410176784014	0.2105804877218712	0.15059443639266076	0.05297002154696963	0.0535457298664411	0.14700163858809126
0.04597038327362532	0.11994653049251752	0.05258670645243689	0.05519265634932409	0.12211849414132843	0.2679369338715616	0.11175543898526846	0.05035825406044438	0.044725766790072154	0.12940883558342114
0.053324718061310186	0.0767939929137999	0.06851465602399998	0.1532118799570779	0.11026955501771082	0.208477022114976	0.1358696633774396	0.05928079887102345	0.05601983694065292	0.07823787672200916
0.051610462034598986	0.10501824596072859	0.19430285950828585	0.05809050741283882	0.09260421036914585	0.20429428731370078	0.10999932270363069	0.05808628515572115	0.05565671154401707	0.07033710799733223
0.044041420206707385	0.08143865975803419	0.18030074234164253	0.02021232281365018	0.12327060871990392	0.1942972421100777	0.12292430926258624	0.057262879850263834	0.050782421800643386	0.12546939313649064
0.043245187158263095	0.10685057449745947	0.10283162982070895	0.12300633463322302	0.10394343746400594	0.20750751298245157	0.13290252847845374	0.054285093315779805	0.055531818212887406	0.069895883436767
0.05365320713245244	0.09453787974073215	0.023655116984686225	0.1838286158834836	0.09911947732896566	0.2414768803951587	0.14663949361592346	0.0567152851908097	0.054582379366816806	0.0457916643609713
0.04482298006837419	0.15771048545281025	0.044928648946536344	0.04768106231943011	0.10826363904637598	0.2670144433129461	0.10593385478482413	0.05687241112394596	0.04285438904988256	0.12391808589487441
0.04423718601146444	0.13383189219988217	0.06627167560041283	0.0817734333496849	0.10498150175539077	0.23247895061699375	0.12434253980190477	0.05233702854781276	0.05439579331470469	0.10534999880174892
0.05377882549843575	0.14199843118442307	0.020720680548597062	0.1520530407502574	0.11899999338061559	0.20668373272892615	0.11489916070184107	0.05246841360742712	0.05711789034958951	0.08127983124988727
0.05495186967400442	0.10759020676966538	0.05448164622699226	0.1394297107017558	0.10490920414243468	0.2606683888821873	0.12749097730230197	0.056601997857294126	0.046439292398413344	0.04743670604495074
0.04283784852861246	0.09644591103932496	0.09983769260137411	0.08981285332539074	0.09394664109008351	0.207185039827122	0.13258805526293535	0.06504083032763372	0.057907566362602074	0.11439756163492112
0.05417677685667957	0.09406493931038201	0.05399112192761998	0.1474060011278459	0.09778682623343148	0.22369332185032373	0.10648908031097375	0.06453631166259477	0.04105508876268512	0.11680053195746366
0.05049497475307161	0.1803185472605584	0.06881145652079423	0.08019559296575875	0.12058945257047313	0.20551829766062774	0.12830887627718188	0.05438863530463811	0.04584001860222379	0.06553414808467244
0.04762989317471321	0.18074151063776825	0.04791416662962755	0.1268407650509586	0.09194568618911869	0.20010489993616415	0.13857240801221313	0.07098330560354876	0.055897775001848865	0.03936958976403876
0.0482248998547182	0.10778674481978762	0.03235127274479399	0.11265154225680751	0.10495131255169061	0.21852389864854957	0.11011820703869524	0.0720190985586707	0.048578923058036474	0.1447941004682501
0.04778589807686028	0.08248731578678124	0.03841650050571116	0.10387914255043038	0.10770517661712171	0.266282467790034	0.13629547520449137	0.061005844451621376	0.039820624715055895	0.11632155430189259
0.05307259784586951	0.15712950240534415	0.204085108069894	0.0038846472527526293	0.11138702172886723	0.18672607616286774	0.11658952586548617	0.06590605562634477	0.03944984613893149	0.06176961890364234
0.04497583036733761	0.08114312458138173	0.11521612155510343	0.06376783488150094	0.09442227093681901	0.1948872062856076	0.1495432910272769	0.07027627002276587	0.04935999885630226	0.13640805148590465
0.044246197510186235	0.09207569928131379	0.05300402358491744	0.15565154535355877	0.09645509529679375	0.22192875534335993	0.1470371475956751	0.05788819876482788	0.054398168846442434	0.07731516842292467
0.05467480164177438	0.0900135357550813	0.147003627972004	0.12001984857751123	0.10701135107032875	0.2030040075009366	0.1309179340146011	0.05427283988010734	0.05387914060432877	0.039202912983326496
0.04299802140731445	0.13054085900971188	0.1341356067282524	0.012757053164771243	0.10037839207126331	0.22282878664145434	0.11853020356033897	0.05766441727352691	0.0515087799534172	0.12865788018994936
0.05493578194519139	0.11280227666485552	0.09149940543191801	0.02369020297012131	0.0916653177317012	0.24014678935186295	0.15022422846921007	0.05270037528362922	0.05323753919481695	0.12909808295669334
0.04361582374500572	0.08191553095713275	0.12283962711652277	0.06999513289147627	0.0950158725414877	0.20180321529795567	0.14604374790848085	0.06430444923679891	0.058539282611428975	0.11592731769371038
0.05105552778592082	0.16073121398133727	0.16989136778480846	0.019936593181922244	0.09822316412458287	0.22640475554606904	0.12597222560755988	0.05279313950382332	0.04681019411747491	0.04818181836650115
0.055648679437680156	0.11083049842756687	0.1836228431405482	0.049993302814822345	0.1233930232391875	0.2133183925769019	0.11272096022632683	0.06056920347634192	0.04560288801552053	0.04430020864510373
0.05129104811420056	0.17201328982593517	0.081598965552058	0.011034245222628553	0.10642765842328132	0.26811940083841634	0.14252413846649883	0.05043824755003335	0.052425535435765266	0.06412747057118268
0.04500278255563058	0.12689517268642397	0.05720786703162134	0.12278488604525643	0.11158547368143766	0.20180997015083085	0.14500037786203562	0.06630305066549866	0.05722847861730746	0.06618194070395744
0.051884103464850895	0.12922267025429135	0.17455573810656255	0.02204656365130711	0.11615508932517918	0.21381686887657345	0.14529719358467053	0.05450915010347488	0.05667595657793809	0.035836666055151956
0.05153645067115278	0.0807818096415362	0.11710551657885997	0.09533274576239205	0.11727070613606261	0.2595836327841019	0.12518067083655773	0.06657427497433137	0.04087371364653086	0.045760478968474474
0.04962858391984324	0.10182262946906172	0.11117782464527862	0.10019349846722328	0.10303205906525348	0.2574503848898977	0.11078281381107845	0.05796569782743399	0.03988744482383441	0.06805906308109508
0.04680663839014968	0.17530183767522836	0.05290500626660984	0.06463256063195075	0.11203961824711182	0.19330752223154105	0.133182063643999	0.07333493524365536	0.057731731097863996	0.09075808657189016
0.0515816764620033	0.19401019682602835	0.056855117620932545	0.022191129666327483	0.10257118955242037	0.23224861104942918	0.12018809998928626	0.06659863037531105	0.05531416586786131	0.09844118259040015
0.054721051363431	0.1086933263081923	0.03587026294343741	0.1729138467672961	0.09817988313603317	0.2025566263622266	0.14524344434245312	0.05699850789862168	0.04753949081351541	0.0772835600647932
0.04520982150017836	0.10275002952502393	0.17630729794158195	0.02577443200841141	0.11232387238547162	0.22192155078980558	0.14040288027396688	0.05430958291229931	0.04723267344898961	0.07376785921427129
0.05220159419129826	0.1933957844218971	0.14926935948912493	0.009527492736324347	0.094133473005761	0.19435753080715346	0.11178833543675384	0.06529727021579249	0.050625766443658404	0.0794033932522362
0.046632987839856185	0.11643636759178856	0.13888181928831575	0.02355617280681503	0.1009491289360239	0.2300854502415553	0.10797778771155214	0.0728374976119376	0.041014385460871265	0.12162840251128429
0.050836028303164076	0.09519072969562634	0.061947461118441995	0.16242556197910551	0.11372376515335259	0.25649487853331354	0.11189414314501936	0.06155768958210793	0.04519254590987993	0.04073719657998872
0.04794968392047581	0.1047257558515855	0.16141755225852852	0.06516614032726192	0.10788544859520871	0.2272647867648851	0.10570745261630149	0.06650527787247104	0.050961495781294316	0.06241640601198761
0.052566334385126395	0.08059263793535495	0.059015213613831295	0.1676837649560547	0.11506828329844399	0.22190936986916426	0.1227801394173215	0.05621680486122972	0.04660800596817836	0.07755944569529484
0.04862601596561675	0.1550073496863908	0.08862699571085161	0.04600391804157306	0.11686217949938087	0.22043626686696477	0.11187487537160337	0.05761889769343586	0.060510995039588955	0.09443250612459395
0.05033004472769307	0.1913253010855841	0.032885345365088914	0.02586554186412783	0.08861521898817204	0.24644813906681473	0.12658701085749396	0.06576466774670472	0.05742895301557907	0.11474977728274155
0.04696027819174671	0.11921615040338594	0.03452283025905033	0.14483112145916938	0.09844402165315076	0.19125215717260913	0.10550970011953756	0.05807889719109569	0.052896707811431895	0.1482881357388226
0.05366274007464042	0.1563235947273273	0.08094985441105414	0.06179140737964743	0.09583314966362814	0.22872005883116636	0.11436374499180477	0.06581592049273764	0.04365309233676616	0.09888643709122767
0.04772580878209894	0.1795769682693959	0.11824912994837826	0.04871790489887409	0.10005732996455614	0.20608752408460324	0.10574021923655555	0.06394297026992041	0.05123475715164354	0.07866738739397391
0.055838320451969375	0.07829319893102826	0.20572902318255643	0.009843887517665698	0.09580106686809046	0.26287397314831157	0.13127968380752342	0.0703178524831368	0.049289504203029806	0.0407334894066881
0.05361207296536466	0.15777617180898432	0.04659049335510654	0.07508248954077403	0.11521566496094005	0.2459076236173462	0.10646485279074609	0.06076997136864654	0.05421846990308618	0.08436218968900545
0.046821429418871956	0.09079377685305183	0.04658123240109586	0.1134722258843464	0.11878085632361209	0.20364870633398036	0.14101198284811778	0.05271268609263066	0.048303425764288255	0.1378736780800048
0.049463363569195604	0.170198342489124	0.07535948220655601	0.08802328601991308	0.11566811445465609	0.18982929412449762	0.13878077107233294	0.05766970701661625	0.05346413755948678	0.06154350148762163
0.05401495822450183	0.08299418039599937	0.1069798040288238	0.049696672058623804	0.11780901570649585	0.22240460113262256	0.14649608597754926	0.05431104249539065	0.05354364839179202	0.11174999158820087
0.05013362814891173	0.07407340637780016	0.18271472839054362	0.02380440906119459	0.09899009065733713	0.1956180779113698	0.1204406489353039	0.05046570376352175	0.059290330035496615	0.1444689767185207
0.04372562272745934	0.0795212153568009	0.13866026798861897	0.1382319649637872	0.09364077205693963	0.24392374659915356	0.10422325187550856	0.06086472521835809	0.048012289501887774	0.04919614371148599
0.05035886288134193	0.1004565338796107	0.0992277862490807	0.09629308200605839	0.11203718663636592	0.2272226751247109	0.10990245625519021	0.06824618673945373	0.05989186966822971	0.07636336055995778
0.04492276460792595	0.14578444681150166	0.13218936643890772	0.04665542889582726	0.10549076795523774	0.23649995548363878	0.13456378842486363	0.0518852968537731	0.05667567569281309	0.04533250883551107
0.043290477571466646	0.08755874973752065	0.1812121815492067	0.03778905172876455	0.0970106950178018	0.2190095835395221	0.13225897326758726	0.07199620770678504	0.04169758002093882	0.08817649986040642
0.04439632967456276	0.07322731201955042	0.06140615352477722	0.19656220509909494	0.12156158200120926	0.19045875001083487	0.13859329967225623	0.07044029178750719	0.04032291579888378	0.06303116041132337
0.045234009106989055	0.10296028632359443	0.06683795861511728	0.13964651049860047	0.09713529615821616	0.19816574671757786	0.10814401896059586	0.07271859827424626	0.054358991405604754	0.1147985839394579
0.049257812955065886	0.10643606259663844	0.10346678838636685	0.10674472119364017	0.11210058002990546	0.26882922471874987	0.11730193854748908	0.056789615101327566	0.041071362462674524	0.038001894008142134
0.04404242893872114	0.12541986162002022	0.16782247999413183	0.0826548354710612	0.10830465010331293	0.21690735842954184	0.1054555288142056	0.055599954940312404	0.04172525522010807	0.05206764646858475
0.05026313789638365	0.13843473514307228	0.06277640261501286	0.09867818417214475	0.10264191045979751	0.20987715746163077	0.1365169372860011	0.07346783742842078	0.05461797121340728	0.07272572632412899
0.05547366541618406	0.14024398609100328	0.0636965277772771	0.07921251606991536	0.12120147750903294	0.20990996644703272	0.14811927986039738	0.06258561223577089	0.053396723865069266	0.06616024472831701
0.04480726165206049	0.19596995449607385	0.029100057263648352	0.18207527913797172	0.09138631709017396	0.19113720860280253	0.10550324237384166	0.07251193079479859	0.04241788987936873	0.045090858709260134
0.04373432942934195	0.10097569309544858	0.09455056770833574	0.13412466699462616	0.11318949684326376	0.19092098421078801	0.10444974049284092	0.06783242738172472	0.03994979508608552	0.11027229875754464
0.048496367706758275	0.1597507184827913	0.12278895561056251	0.044327263116632126	0.09995975696759042	0.22559258968748236	0.14924302338037837	0.05099452028263934	0.04682083172056072	0.052025973044604545
0.043052715511026775	0.10262724023966997	0.08220298115787762	0.1205925585496275	0.12204842289828786	0.2232487082773001	0.149788589468116	0.06097814399706674	0.04262255791061153	0.052838081990415925
0.05071621662079269	0.1720679415436565	0.10650271275645676	0.09429720574491121	0.10107569832486388	0.20190128003604518	0.13101864222929277	0.05325629576318396	0.045220737473072835	0.043943269507724175
0.04387506016460468	0.08498120941568808	0.1324280107565233	0.14728618085386186	0.12031999016044027	0.19387879605383485	0.10944990452737582	0.05409037189440491	0.04028989709370008	0.07340057907956615
0.04750420729059659	0.16020090775586499	0.08554477979505574	0.025504209450815205	0.09077393721483594	0.24338923801295226	0.13748101439569502	0.06731552759331108	0.05410458352292074	0.08818159496795239
0.05024044700723343	0.10296712066034444	0.1136061114476226	0.06633896912389056	0.09785679069383686	0.22065279655643438	0.10866703814880298	0.07015025109798231	0.058994469088220036	0.11052600617563241
0.04318767311221735	0.10161837656378235	0.08681647017332055	0.10474224843619526	0.10266286563796687	0.25152964914126036	0.12272107528864669	0.0664806546929135	0.04822287752571696	0.07201810942798008
0.04675652940912533	0.12670962058699758	0.1080311656715598	0.03017973033705995	0.10876607702412389	0.24797745605227167	0.13782457161886125	0.07060205741414985	0.05301706910529416	0.07013572278055649
0.047126751579713806	0.08943681405949036	0.04587560618596628	0.15940185743152382	0.11838969396434934	0.19269333749150436	0.14122577505362793	0.05308103254418007	0.05717114613794651	0.0955979855516975
0.046773319101816806	0.14025692232939957	0.10702451490304117	0.04870846139865088	0.11063130429262395	0.1998153633166892	0.14961599075959783	0.056600507624559974	0.055286850238231794	0.08528676603538886
0.05088093490813798	0.11243304986963595	0.11660388567645602	0.06924554761244724	0.11022407734796928	0.24492852888640837	0.11505920037186053	0.0575045621700376	0.043938297987776063	0.07918191516927098
0.055337885569650025	0.07307678794261865	0.05416164114707132	0.12101391115408275	0.09646743819194321	0.26581657987348756	0.13737884461079908	0.0690302474762409	0.04017179928179451	0.08754486475231203
0.05512297509486325	0.13114944570572779	0.021668608707605924	0.17365295836935749	0.11955772008208816	0.19134295972361745	0.11780183641456005	0.049998204567328314	0.05810607668403215	0.08159921465081946
0.05533297413876638	0.19433717669548706	0.048738237510053746	0.05628516486792547	0.10509205349862204	0.22334516706156143	0.14758319739075043	0.06979914944285262	0.05283144039167737	0.04665543900230351
0.044104081872035746	0.10451285736203814	0.05658621200772632	0.18996878754344054	0.10458497228656123	0.18472403453826297	0.11031302000021433	0.06605354837586544	0.05413891531918343	0.08501357069467183
0.05072276860570503	0.07269888411279064	0.1890622659894931	0.046438342994562676	0.09927441572250424	0.19301702941098925	0.11221549692845037	0.061260554940474055	0.03968759617763326	0.13562264511739738
0.044081732807064095	0.09998724942701986	0.18658237377446862	0.027650941580193253	0.10752504269984993	0.24768023495611768	0.13951647404832657	0.05939283771772813	0.04676682310048426	0.04081628988874758
0.05360514085126326	0.08524285733699805	0.15529283974469515	0.04172721442972266	0.09161493443280777	0.20015163270772987	0.11726140502001667	0.05923067659684612	0.05206474929330588	0.14380854958661454
0.04511154383101942	0.09974030080608418	0.05422611553152532	0.0859163613441476	0.0981916284473156	0.20795658534439038	0.14849186534997155	0.0573236787262124	0.05303274069118695	0.1500091799281466
0.04359260444747394	0.11218635114171982	0.08325887647306772	0.016642773755268334	0.1142290095464612	0.26518453358156124	0.13063078204548728	0.07015416962132276	0.051598869751845244	0.11252202963579247
0.04836693207587521	0.18131749634732194	0.17635717303309545	0.006773843992953679	0.11336311127824147	0.18732786955227307	0.12488532049673612	0.06055137548438888	0.04731754879135697	0.05373932894775717
0.050899988561223	0.19230596115640422	0.0842904345157733	0.0741074761759399	0.08972796511627461	0.21038306293973885	0.1104666598864616	0.07222895957042443	0.057550138559724656	0.058039353518035394
0.053281780682293	0.19068703982194357	0.03427923345069521	0.08012624038289637	0.10658424715340808	0.23026101209633876	0.13724040892443165	0.06301640228401048	0.058278095607475766	0.046245539596507144
0.04278483121823665	0.12938230381050275	0.042119670901207266	0.14286303210453247	0.12013237119160974	0.19035992567903431	0.1227950541966931	0.06936593908344343	0.05808468714446042	0.08211218467027985
0.04364060032111921	0.07305901252461129	0.06939398403476404	0.1645761063579066	0.09843179596517669	0.22972028306936554	0.1270498994139894	0.06920982820105336	0.059678824872791046	0.06523966523922285
0.04828326591485311	0.08293517787065052	0.1179687535875044	0.039299339766598176	0.08935495973085265	0.2332782228068772	0.14356281200941248	0.05262788071899438	0.06050281190823529	0.1321867756860218
0.05049393804576575	0.07657730018027736	0.11128216435124666	0.044990698267132076	0.09257780572145799	0.2585406762850475	0.1129453172464596	0.059245829113824575	0.04767950983266395	0.14566676095612457
0.043398639517153066	0.10167638525795442	0.17854683794998805	0.07235661755245117	0.11171747961416208	0.19585654555697157	0.14331561766178785	0.061911885513835044	0.04784622061616106	0.04337377075953568
0.04961650004175496	0.11597711157651823	0.1212121950197266	0.07386122665091564	0.11660411011320787	0.24448434607070912	0.11945669818282262	0.07092506031588958	0.04633614046498073	0.04152661156347464
0.0525474810709681	0.13760784163375928	0.059730785923493054	0.10786501647417243	0.12022566780359939	0.19239128690674998	0.1354677317215067	0.05282810552376052	0.05502372562699339	0.08631235731499716
0.04395831084314881	0.1728060117658911	0.03698540787708998	0.09721224277563126	0.1152104955453877	0.24630113518178848	0.13993555072942682	0.05849164488635995	0.040676595863472886	0.048422604531803
0.04790084779522077	0.12626780102597102	0.037747987573642096	0.1027475512046489	0.12092648542796305	0.25237747838205765	0.10457999808597317	0.06299399463124875	0.0562930119637145	0.08816484390956007
0.05098817032535754	0.09252146896479438	0.0525397867474694	0.17085244041785125	0.12416865957918223	0.19380235491238718	0.13506710834246052	0.05661818941898102	0.053040551986990175	0.07040126930452628
0.05059004137065309	0.168288312180537	0.057206797549436555	0.14454651083200992	0.10200558482789354	0.19452106005226705	0.12480441641089182	0.05941207394710807	0.05545008176171361	0.04317512106748933
0.05204340800259053	0.19840136701842942	0.03868848393258216	0.06089608453609534	0.10174383176071893	0.1883763240115544	0.13184657104486103	0.0496109566573606	0.0562514389014809	0.12214153413432667
0.05151505853286304	0.14351180922165133	0.02696040163323654	0.15941798531798942	0.10710569738247423	0.23836691296358514	0.12462329692448491	0.055545501092917234	0.05078572344771181	0.04216761348308633
0.05568472929672048	0.14633647760918483	0.024962000934356243	0.11488781654807759	0.08887682696589169	0.2661239829610293	0.11931189155678598	0.07013601320875831	0.04197694350148722	0.07170331741770834
0.04955634103893121	0.07246880551525185	0.04037119798418358	0.15380586585788028	0.11781192253743003	0.25164079696140235	0.1296229589279813	0.07212979551822588	0.042529321960804306	0.07006299369790915
0.0493061527286961	0.11621442176824617	0.09440317895547445	0.0373540016469423	0.1180526303118171	0.24252587419532723	0.14665239660866528	0.06521901450616818	0.06082061927341231	0.0694517100052509
0.045448128301552745	0.07803615892084038	0.09636886605652834	0.07223963861761837	0.10546744303874875	0.2614678293137165	0.1212858602976325	0.05310882535978833	0.04233061030008981	0.12424663979348428
0.044928892193557696	0.12442612930105097	0.14885892114987703	0.11483308046742943	0.091960913981468	0.20298559890795148	0.11660950522106173	0.050182125570414765	0.05384246774588629	0.05137236546130263
0.052956377187261705	0.1930100549326848	0.05748363440512367	0.0289374257495323	0.08962023143026399	0.2130253381016865	0.12204584274239866	0.06551939923556088	0.05448064311023261	0.12292105310525489
0.04961475403688691	0.17207458318676788	0.07712945676545893	0.06143715672922293	0.11015115781686413	0.20513833362556302	0.10733011167212722	0.06221587783326268	0.05475890599167688	0.10014966234216938
0.053045870262992637	0.1431997183691946	0.07293420248984868	0.010259870333766782	0.10287479226817395	0.26144946135753105	0.1459170206110122	0.06823962801243155	0.06009276816440347	0.08198666813064509
0.04845543225929051	0.1411453106303636	0.042119961186255904	0.13807213173874563	0.11476882776950255	0.21625618627372484	0.11613411410676298	0.05076178456222561	0.05830673867513784	0.07397951279799053
0.05405539663295177	0.09036747953155232	0.037622607213347425	0.08911118110883695	0.12083102134975841	0.22086763761671613	0.14742295548728046	0.06921698444080196	0.04760582461115792	0.12289891200759667
0.05500681069055099	0.139622641861458	0.12069136710746839	0.03387022682181426	0.11476581293287252	0.20171462714044938	0.11131611778521425	0.05921481447021212	0.057370767900169775	0.10642681328979026
0.04317619688383557	0.15567349370446393	0.15309744929558475	0.06104249089342577	0.09135772476451076	0.18707808656799602	0.13913578559243367	0.06771145451806686	0.0508320901570417	0.050895227622641016
0.04627325666529078	0.11187772564617067	0.12241239577467418	0.10538093050632967	0.11560145744267532	0.22276208098452155	0.11752417722695382	0.06562682717619653	0.0435474033170064	0.04899374526018108
0.049410160227632643	0.18975371904134192	0.0317259312177295	0.09631871525383813	0.10419709831156214	0.19984509940969164	0.1503831503898733	0.06667489598188986	0.04147614514379765	0.07021508502264322
0.04634673090759518	0.13022098490362682	0.09740258230151144	0.06521136976046533	0.1159772646208082	0.19577729064146923	0.10807675847790656	0.05023143536887167	0.04811440398279227	0.1426411790349533
0.055798032880872955	0.16282595580141201	0.07790890920823003	0.03551368506457843	0.10486719229407496	0.24951216477064253	0.11801227873084301	0.06961604907667854	0.05777515012788039	0.0681705820447871
0.05198059949651474	0.17883201587691355	0.07586087927772592	0.007281294180264117	0.09832364563615532	0.19223562697109758	0.1413990732457281	0.05737824927114366	0.04731763856068074	0.14939097748377628
0.051207834466895315	0.1964674701243504	0.0601202696194566	0.016458048881502443	0.0930046967144048	0.2477306394365245	0.13896097322699122	0.06314734323682639	0.05572534493636183	0.07717737935668645
0.04608642055265068	0.1426223175999465	0.12417210749092014	0.022106553563220083	0.10169727047315791	0.2109811707482616	0.13562423419257702	0.06897511812895615	0.043007384108017806	0.1047274231422921
0.05417710896382097	0.16521961287593734	0.05097906123247623	0.16611686435460246	0.09505524523155445	0.18825955995374485	0.1095924288736035	0.05328069618798888	0.04769867314106327	0.069620749185208
0.05449651489077964	0.1531333407163043	0.05472003904801832	0.16008262835432613	0.09427823424155607	0.18660576847111565	0.1384915090670915	0.06712373236956895	0.03995857589889928	0.051109656942340084
0.0541268828388444	0.09196146694288031	0.04630401713876395	0.17730418973929452	0.08955777184698784	0.25325055695670695	0.10397872147630124	0.06220825520043945	0.0525742003916073	0.06873393746817405
0.047989068688932185	0.10004878061451819	0.12509313884162465	0.021774648960412188	0.09621326647324284	0.21696467841422612	0.14665559195517242	0.05496481758615305	0.045875467980052986	0.14442054048566538
0.05579811321667111	0.10033508756934417	0.06512907906714845	0.09687759486115335	0.10088656913564988	0.19853349074430904	0.14410134012432468	0.07214142428654613	0.04135699252569361	0.12484030846915961
0.044443737970250426	0.08258871170354604	0.08041710004208369	0.038601418229319895	0.09243915430669407	0.2656368028060395	0.13443339310586458	0.07036237085249589	0.05568486077683322	0.13539245020687263
0.042877406087749446	0.09892741400510748	0.14727872575596476	0.10803512563734743	0.09532503152409218	0.2037926806091579	0.12390815559589233	0.06595986650292963	0.044571619655630904	0.06932397462612794
0.044511783652986095	0.13735762685050082	0.05351496688451416	0.11694274399125804	0.10649446637922329	0.25400875256653155	0.1305203801795552	0.06456597949266443	0.04700821320520317	0.04507508679756328
0.049384595656175784	0.11556710108647214	0.06019470719765133	0.16284272557264307	0.10546086777089007	0.19645531106680456	0.11269478766101977	0.06625028669154367	0.05084043827495749	0.08030917902184213
0.047799498457538836	0.17758351947514947	0.14660061314872241	0.0053238094753246396	0.10204362056171977	0.19420628602041565	0.11484309328499422	0.06677313895083181	0.048818297202566086	0.09600812342273711
0.049962463049702865	0.07307117342901161	0.16056721041612126	0.05400742755347736	0.113613425090237	0.1898430931152692	0.15000808964098483	0.051570113817668656	0.052473620979918666	0.10488338290760853
0.0426599097008694	0.08900342888194507	0.15586631727768802	0.028211725625013687	0.12215371949367525	0.25891389407576965	0.10427432449478917	0.049876295024964754	0.04879735346419159	0.10024303196109342
0.04680106522320216	0.11215451933629841	0.054966386060346185	0.16562115690862647	0.10768241226544059	0.252366136358655	0.11620828102283011	0.052616053717792	0.04235176063424274	0.04923222847256631
0.05446547872568805	0.13321852879175844	0.04046030667411778	0.11855622946679606	0.11564556885845174	0.23103325353496196	0.10671309056357708	0.05826898046601322	0.05756347011588451	0.08407509280275115
0.044023836996951164	0.08461104025732492	0.0820832842692118	0.004922310006124919	0.1181145846806389	0.2615346734963323	0.1503349678899772	0.07127638280015695	0.047660967400375204	0.13543795220290666
0.047153649101042396	0.19121523452388095	0.04647512095292753	0.08712330597288415	0.11339326402295774	0.2297210923252307	0.1104682492146119	0.06527282234211984	0.04712139651517586	0.06205586502916893
0.053190432621092736	0.14771104825453768	0.053055189070897145	0.11190778622664778	0.1004594389533267	0.21282468734925314	0.12734010423385675	0.06910136957200594	0.05193377439979943	0.07247616931858272
0.0468684675814042	0.16766805376119187	0.04002207383212039	0.14315764582898713	0.09616224371062619	0.21663936642311898	0.1307130107093192	0.06783398737921459	0.048065767045566365	0.042869383728451074
0.04903582731983666	0.19501409423217303	0.08304884223318933	0.020023622149066195	0.10659058031663009	0.21506883633215357	0.14973187944185104	0.05654381868932453	0.04203885055085549	0.08290364873492008
0.04883765731993216	0.1229364969081335	0.0870706617989896	0.08585381233421528	0.0924513002248879	0.2210689994792182	0.1469584124809623	0.053127957640889095	0.04151415742309912	0.10018054438967282
0.05246096559550377	0.1223995499962818	0.05636133761146905	0.165522175317872	0.09820841145991845	0.2186572623973435	0.114721631901475	0.06866989856142301	0.045882907236942855	0.05711585992177054
0.050045181044402684	0.12222194071730245	0.052130657849280976	0.1428820519751271	0.09230526076320765	0.24690609148612713	0.1372948318436738	0.05499591334990146	0.05514795406616331	0.04607011690481339
0.05093710726310122	0.14218712134525854	0.038841279593454583	0.143998414440789	0.12339763935296497	0.2352839272638641	0.13380148792864757	0.05018066745897246	0.043506580175235024	0.03786577517771251
0.04318931823633858	0.07445972517654274	0.17975845305932456	0.040674904877704456	0.1184618085184993	0.1946909611297901	0.13487039514570393	0.06994273690885952	0.04013567572496838	0.10381602122226848
0.04357336895688395	0.07928072377138483	0.13942991341619482	0.13874145253809053	0.10221495179166681	0.2110841185192678	0.10601310877946507	0.05811468465406783	0.0561463831632459	0.06540129440973251
0.04575529472779325	0.1513847316700497	0.0772955021160987	0.06346262449064236	0.0950505269724144	0.21655869110176212	0.135467356104969	0.05908719403051925	0.05169603436155691	0.10424204442419432
0.05524622465843829	0.1693206413308741	0.0373892848738475	0.034107981087764486	0.11516527286497086	0.21931739981478843	0.1355649012494355	0.07011916421747513	0.04189929143746015	0.12186983846494556
0.04722566480975762	0.11857875530974858	0.05965814528334038	0.04628601156312186	0.08867069825693766	0.2457849174755899	0.1418970500238294	0.06913908269994759	0.0394132695294961	0.1433464050482309
0.04323298233068302	0.15547748323809113	0.16944926650767295	0.02665215235226412	0.11024536904752147	0.2267171128332634	0.1331916711465126	0.05548928928450159	0.04038482461074798	0.039159848648741814
0.04496945878615518	0.19004908226424455	0.021080910550803522	0.1154030822043855	0.09652643421118179	0.23332699077058305	0.13481993766734995	0.05764839847636859	0.048443952832721834	0.057731752236206045
0.04887753599865823	0.09237953408975351	0.07497218881689155	0.14728038430308477	0.09793350698419473	0.22259693937881125	0.12265691360015368	0.06522004380507324	0.047040835470361655	0.08104211755301739
0.05152935864059039	0.15718483396855845	0.04288679184895643	0.14113272806059296	0.11463239254919791	0.18535670404489848	0.1121026259558884	0.051046044752103927	0.053668038942003254	0.09046048123720982
0.04472572312189875	0.11173323839416682	0.13208110573646548	0.11797674903881829	0.11121881389309976	0.21621325494286336	0.10396634295659392	0.059279265366450236	0.040753450744159675	0.0620520558054837
0.04455249774748731	0.13754239445150188	0.12183633042741292	0.054920700177691024	0.09821420349820294	0.2353806084138606	0.137212232196747	0.07062843110859951	0.060551360305180116	0.03916124167331669
0.053360061836628433	0.10419077335767013	0.07433205696584012	0.07768441395615389	0.11939143133963995	0.21438696637842697	0.1260064354957876	0.068581655679191	0.04127133556552544	0.12079486942513644
0.05092165726785956	0.18756583359512374	0.050205068536241154	0.011588358892268377	0.09805402332271379	0.24464348633109567	0.11680957075985741	0.06353824244759926	0.047345252907761155	0.12932850593947987
0.05217757195297234	0.09802530458729915	0.05642225382614867	0.04675840614165297	0.1094431919134109	0.24272396405229907	0.1320140333338234	0.06357385339547122	0.056472932506509935	0.14238848829041237
0.04665748051714719	0.10811623941605904	0.08369410093447638	0.07526245706011943	0.11578104236556783	0.21877861846598617	0.10498569037894384	0.06378554885068913	0.03990838481901119	0.14303043719199982
0.055769566693457985	0.10933998597140634	0.1734063507103379	0.009039071470345938	0.09057609260624014	0.2390503377966146	0.11278841411611015	0.05534412976094079	0.05801729526117663	0.09666875561336952
0.0485061835286915	0.1299745508625241	0.052419035637701346	0.12281747464291545	0.11998798186919081	0.21605133496697532	0.14518947312150388	0.06609083298771468	0.05828368622485627	0.04067944615792664
0.04441165323944349	0.08974327370515657	0.10530895949479963	0.1511237109636508	0.11770086812375594	0.2166541203039945	0.12001100535495615	0.060864622928189255	0.05037628013767372	0.043805505748379964
0.05566905965467772	0.14035333220388158	0.05098788118727478	0.055558820726938116	0.10388570497119953	0.18937058881634616	0.14588857829441712	0.05504150191424309	0.05449934931464337	0.1487451829163786
0.0426223767851723	0.13110461255983186	0.09820865185057324	0.040203784892584145	0.10511340589895975	0.2648653449251237	0.1227451163714002	0.07147516678293618	0.04235689424621922	0.08130464568719939
0.05186036755157019	0.18407529039563222	0.0729596330226602	0.027293188149009134	0.09525764107487524	0.262402434789919	0.1429167063726518	0.05707225673531575	0.051770751624607314	0.0543917302837591
0.052606998351968894	0.08774316164349576	0.17657179501472198	0.034840801624024406	0.11828944496066862	0.25578660570917144	0.11924310653422654	0.07238651594181351	0.041000307982091644	0.04153126223781723
0.05270444732507791	0.14786467350667176	0.04325511671229343	0.08399266356795251	0.1150690449749472	0.19228196331209285	0.12172906041126465	0.05035735922005704	0.0448037949709963	0.14794187599864633
0.05580687649091448	0.19080625368484988	0.0322537285139394	0.05973370733646764	0.10738455955609102	0.2643523951480028	0.13722041704326537	0.06905238483674589	0.04020617430409623	0.04318350308562725
0.045297343438379906	0.1453564258664264	0.1397411879111346	0.09657398683220099	0.0960495226670489	0.190723260829411	0.10992501673108915	0.06544115437165203	0.04083377343073233	0.07005832792192475
0.05191441428275488	0.09368814428615485	0.13639748152476364	0.04445653561888489	0.11352111360400917	0.23358831501933086	0.14759668115993377	0.0651933390985969	0.05636214634872727	0.057281829056843814
0.051790541923896045	0.1892421855758698	0.1621300117469704	0.01683152571280694	0.08944838635547248	0.1957424364954148	0.1259989467586064	0.054677925195409496	0.03933666464348864	0.07480137559206501
0.05113738557634967	0.08438490175658059	0.12785648333191924	0.014586355057076297	0.09209212557045582	0.2555244697329761	0.14315498256940462	0.050513022733362216	0.04989401829423165	0.1308562553776438
0.0507920368458908	0.16349861755854664	0.07858887305538416	0.07514907620482453	0.09515238057156392	0.2578043937855154	0.1273382137426758	0.06760294171768172	0.04678533449970746	0.037288132018209574
0.05454889781993492	0.1409690374588192	0.021102875606912014	0.18391743406242939	0.10879356571463439	0.24215706836023693	0.11036259784844038	0.053722739360619276	0.043089978893815536	0.04133580487415793
0.044509027826757794	0.11601760259360949	0.05853378885220601	0.19563132444052495	0.11946088505018543	0.2248935178708379	0.10783277211486945	0.054148980366962175	0.04234953356447537	0.03662256731957146
0.05324830395783115	0.14372824634998527	0.07762639203067784	0.12156670819118667	0.10841115130241624	0.18562646244248576	0.1090592043898113	0.07028810335408123	0.04561495695685443	0.08483047102467013
0.05336289601051983	0.15294296280189934	0.15980841902314916	0.0240114318928647	0.09537277986903614	0.21054454693707225	0.13047705011810584	0.05110275283012387	0.05090222165752332	0.0714749388597056
0.04931258938654544	0.11384743584058532	0.1669299034569362	0.09838456659304302	0.09387628253604674	0.1893131977411568	0.10825664529864051	0.060342332130799606	0.049613399090223845	0.07012364792602249
0.0494266568615197	0.15897916584556618	0.04332207192846996	0.08981188814977022	0.09052855526913936	0.21828791248252538	0.12067790325325031	0.051849220221459616	0.05969922877827077	0.11741739721002852
0.04894329258834876	0.1692768310625854	0.10913346456360741	0.03691292891546821	0.10418635034540401	0.1914210635752263	0.146210936702513	0.06985807307286653	0.050760834562805925	0.07329622461117441
0.05143378988352639	0.1627253727089078	0.07731810075596543	0.04021559427483006	0.11356023442316103	0.26564247781681505	0.10609733088101873	0.06168501175652894	0.05814616233313048	0.06317592516611603
0.049281325121880104	0.19147419036190738	0.040016172278280256	0.0944218744923993	0.09807414225956615	0.2601718551635581	0.10564906183611118	0.05060310805296137	0.04128172000019602	0.06902655043314004
0.05544630805112582	0.12921207751090572	0.05510760525071485	0.10965751784763195	0.09598607756253134	0.2531628030923252	0.10692017314299744	0.0721404846000655	0.05255009031412635	0.06981686262757578
0.053248219036011325	0.111493911777617	0.019115181983784688	0.1098382834518999	0.1227518625737957	0.18382406976082627	0.12685766529928927	0.06775259707807918	0.06064427628902922	0.14447393274966747
0.05383056516398854	0.13489776522818056	0.044664516811163985	0.08307679132210444	0.12331348917128206	0.2243211896264944	0.12141023397407424	0.0713957393246072	0.04508425326576525	0.09800545611233932
0.04773833891707713	0.1111613601463734	0.054628782636547135	0.19086851952429174	0.11228438365959455	0.20229927711091228	0.12604300751009	0.06193160641217673	0.05340869605730695	0.0396360280256301
0.04525418532321923	0.11780856899616352	0.17511476574428558	0.008762908124096053	0.11358611774799614	0.206993172412205	0.11513259296065621	0.05887854059835465	0.03952042889255263	0.118948719200471
0.05211106774966368	0.1027490072386605	0.10056707728464721	0.05472441136441924	0.09179500526090174	0.2505629076984762	0.14988486743352303	0.062462203036366105	0.0402218773915964	0.09492157554174582
0.050872807526324934	0.11370451590923772	0.09909149543088737	0.04197039170578746	0.10421400863832594	0.18610270158683148	0.13399861467690313	0.07213966403514614	0.05292269107163847	0.14498310941891732
0.04815897930194892	0.1644433547694642	0.019685135708164048	0.02661958845934742	0.12247325442988434	0.22795134407314022	0.13000834568075434	0.06831855051920938	0.055940009780922485	0.13640143727716467
0.047140893634308775	0.15204583273716343	0.11978809019230754	0.04939154445605528	0.10134974119827654	0.23122722464899126	0.12987453862703366	0.06607854006965963	0.04287491365277966	0.06022868078342422
0.04633425104076799	0.19253767828470217	0.11732452713660582	0.013919287840033934	0.1049086787764529	0.2590059754338046	0.10499921838415073	0.06939990208941303	0.04524219242562359	0.04632828858844526
0.05139206572277437	0.12173799907123645	0.14598109867263606	0.06370668818828036	0.10590785258083672	0.2197999475861101	0.1200785638384343	0.06034473266272897	0.05157906270560805	0.05947198897135466
0.04459219631393416	0.08006219811112325	0.10511923008191361	0.10712846324681183	0.10134256962188858	0.2531002309382543	0.14603482412302002	0.05789672359652067	0.04345975013782157	0.06126381382871199
0.04546888792032175	0.16658268159771397	0.03951571204735392	0.1235253331362646	0.12369209986976426	0.2374596628217857	0.11060927442247433	0.050526909373346585	0.058061824978514934	0.04455761383245992
0.04452196949464517	0.13136657693779946	0.17847503657584843	0.06412403317989981	0.09764402492081052	0.219464177745978	0.12529446449622028	0.054060500759805785	0.04495200184478888	0.04009721404420369
0.044115967765837864	0.09218821370415693	0.11704700572624607	0.07161575355693615	0.11773535943055966	0.2516281421398832	0.11664467044319966	0.06718627142248024	0.041644805294302374	0.0801938105163979
0.045631410519382874	0.15863501454368245	0.06496586174989487	0.106690500435833	0.11289970031509115	0.21328445987394645	0.11003632215388805	0.05028051777445888	0.0528962321226027	0.08467998051121955
0.04615344915983542	0.127266273604544	0.04644123129981147	0.10629552518576489	0.11186331005190436	0.21229520618435982	0.12378230448600944	0.05754881971255489	0.05824796096951166	0.11010591934570405
0.048535643654389116	0.14152017339617656	0.019941622544313573	0.05806721822533861	0.10565223155393767	0.2544643055583638	0.1306697800599573	0.05227799441523559	0.058251013079404446	0.13062001751288332
