0.25813964062785777	0.37225803868685875	0.3696023206852836
0.25885782581474576	0.37157496889521513	0.3695672052900393
0.2584145397296677	0.3721859136918999	0.3693995465784325
0.25835937986439295	0.37234464874383877	0.36929597139176834
0.258718131042164	0.3719686324592387	0.3693132364985974
0.2587133226300848	0.3717629804275735	0.3695236969423418
0.25825470036123777	0.3724712541871962	0.36927404545156617
0.2579423258662105	0.37160585592823725	0.3704518182055524
0.25888984061644654	0.3715332682785874	0.36957689110496617
0.2579569975037015	0.371659195272814	0.37038380722348463
0.25793490903496463	0.37191863880786313	0.3701464521571724
0.2590117263163133	0.37125226798321226	0.3697360057004745
0.25799926756113123	0.3716386123848502	0.3703621200540187
0.2588133798996097	0.371125821117939	0.3700607989824514
0.2582180556663999	0.3717406898769259	0.37004125445667435
0.25835452733914077	0.3713739737262798	0.37027149893457956
0.25860273865133226	0.37169246544775975	0.3697047959009081
0.2582380363180359	0.37182674782116754	0.36993521586079664
0.2582121974326792	0.3716592162265966	0.3701285863407243
0.25869799345070355	0.37180820423309224	0.3694938023162043
0.25893405939226555	0.3714555132486591	0.36961042735907546
0.25887133576475696	0.37091483780529105	0.3702138264299521
0.25886991239671764	0.3715820436188834	0.3695480439843991
0.2579057000536449	0.3716934493825097	0.37040085056384553
0.2581526540565651	0.37138901194979185	0.37045833399364314
0.2581127660457783	0.37169992325103124	0.37018731070319055
0.2581976492236904	0.3719147772295328	0.369887573546777
0.25852316287029004	0.37201113622510457	0.3694657009046055
0.25885824624327314	0.3710847544918504	0.37005699926487656
0.2579128973621786	0.3718029093003011	0.3702841933375204
0.25875030243176894	0.37184873549708947	0.3694009620711417
0.258167461433947	0.3718468763281883	0.36998566223786483
0.2586907895095014	0.3718010202250259	0.36950819026547277
0.2578944275029108	0.3721666986085985	0.3699388738884908
0.25882903121883816	0.37091191913817223	0.3702590496429897
0.2585128778857352	0.371070820271906	0.3704163018423589
0.2588844288689137	0.37148177405371186	0.3696337970773746
0.2582174078319002	0.3712609719349968	0.3705216202331031
0.25880970676340254	0.3710915539746866	0.37009873926191095
0.2587909190115091	0.371950326924151	0.3692587540643401
0.25829696434503985	0.37192954984801696	0.3697734858069433
0.2582709000499623	0.37168279458506065	0.3700463053649771
0.25874461300147744	0.3712116114169527	0.37004377558157
0.2585499172472858	0.371945227271092	0.36950485548162226
0.2588140254889954	0.3715862467045046	0.36959972780650013
0.25851245677737356	0.3717285631911312	0.3697589800314954
0.258504244723787	0.37225676091005827	0.3692389943661548
0.25887999167894105	0.3715335337564286	0.3695864745646305
0.25854068461164487	0.3715719863098144	0.3698873290785408
0.2579201479364589	0.3720934501707726	0.36998640189276866
0.25883794116333764	0.37125303156081985	0.36990902727584263
0.25850012915427323	0.3711496178207743	0.3703502530249526
0.25826291645801863	0.37238197929336014	0.3693551042486213
0.2582200911085616	0.37239323355498233	0.3693866753364562
0.2588760676245348	0.37189866570044905	0.36922526667501626
0.2586712971740138	0.3712193657188603	0.370109337107126
0.258373108507968	0.37166513223057324	0.36996175926145886
0.25874260000377935	0.37132709509214296	0.3699303049040778
0.2587875675649351	0.371923682050459	0.369288750384606
0.2580053372414114	0.37182222068441123	0.37017244207417743
0.2588816061010113	0.3713918938025145	0.36972650009647434
0.2583352571287244	0.37241399277926496	0.3692507500920107
0.2587085814537748	0.37168261581111234	0.369608802735113
0.2585718706938206	0.3711313864081695	0.37029674289801
0.25848976902752335	0.37225307509885497	0.36925715587362185
0.2583438269383756	0.37218806870388854	0.36946810435773597
0.25887774260394636	0.3712554855743355	0.36986677182171823
0.2581991470373542	0.37136636103761267	0.37043449192503325
0.25793837720417273	0.3718363282231995	0.37022529457262787
0.2581323885129172	0.37186599213819344	0.3700016193488894
0.2586549142736181	0.37191020338923564	0.3694348823371464
0.25889567758624993	0.37119383199357764	0.36991049042017254
0.2588953938008903	0.3710095988710426	0.3700950073280671
0.2589879327249598	0.3716551514860225	0.3693569157890178
0.25872818172142337	0.37113828253579073	0.37013353574278607
0.2585406266221941	0.3709989430563684	0.3704604303214376
0.2579009776683082	0.37197622038518985	0.37012280194650204
0.2585488905092761	0.37187431942045884	0.36957679007026517
0.25817552129072996	0.37154201072589943	0.3702824679833707
0.25827586544475334	0.3716016010754565	0.3701225334797903
0.2585126898442845	0.37117721863677533	0.37031009151894034
0.25873500426119667	0.3714764886999492	0.36978850703885424
0.2580085067319996	0.3719274825355915	0.3700640107324091
0.2588105689402964	0.37158328146782404	0.36960614959187965
0.25844650176537615	0.3712036548701885	0.37034984336443544
0.2584243999007014	0.37185234537376854	0.3697232547255302
0.2583577045959816	0.37206848391641484	0.3695738114876036
0.2585304164259926	0.37145114788156947	0.37001843569243803
0.25833811971412135	0.3722658007634355	0.36939607952244324
0.25813612361944926	0.3715671033395507	0.3702967730410002
0.25841135776817536	0.3717111971182464	0.36987744511357834
0.25855513695858523	0.3711820762308777	0.37026278681053726
0.25793461737324946	0.37194648346513365	0.370118899161617
0.2588788634790098	0.37190846725864996	0.36921266926234036
0.25815763065954467	0.372016854683587	0.3698255146568684
0.25823814548955404	0.37160683875673733	0.37015501575370874
0.25848659566711346	0.3713809663698777	0.37013243796300893
0.2582517626637689	0.3718187621467821	0.369929475189449
0.2584494281151989	0.37225461629676637	0.36929595558803485
0.2582534989914533	0.3721212789672587	0.3696252220412881
0.2581331096578055	0.3721198179910521	0.36974707235114246
0.2583874978160053	0.37175684912282564	0.3698556530611692
0.2586578586967241	0.3716279627434288	0.36971417855984723
0.2588682374542846	0.3718046546602798	0.3693271078854357
0.25854006975911514	0.3719349635305769	0.36952496671030804
0.2588765035364528	0.3718867367519169	0.3692367597116304
0.25866746933271245	0.37160439560376757	0.3697281350635201
0.2583700133289779	0.3714892474713902	0.37014073919963203
0.25839747959178966	0.37205569696371515	0.3695468234444953
0.25885749513473555	0.3717096755213511	0.3694328293439135
0.2587676296382816	0.37128522712787027	0.3699471432338483
0.25850817532232506	0.37221220662556154	0.36927961805211357
0.2579910683322108	0.3717551360591474	0.37025379560864197
0.25806487675757017	0.37150107284551404	0.3704340503969159
0.25894648787139807	0.3712392119761783	0.36981430015242367
0.2582754261592073	0.3724023385994517	0.3693222352413411
0.2578972497322478	0.37164242932377395	0.37046032094397835
0.258536594116269	0.37126510821648134	0.37019829766724976
0.2580219490884297	0.3722475385278821	0.3697305123836883
0.25890049706480717	0.37132441615087536	0.3697750867843176
0.2584418088806463	0.3719794302645925	0.3695787608547613
0.25877366516645106	0.3719514918788601	0.3692748429546889
0.25823433452084626	0.37186594818641083	0.369899717292743
0.25893891234289745	0.37097964798591954	0.3700814396711831
0.2583474696229249	0.3711785881027278	0.37047394227434743
0.25829754846158104	0.3724526114019231	0.369249840136496
0.25863920007300495	0.37149269561939124	0.3698681043076039
0.2586896109751312	0.3709025106146039	0.370407878410265
0.2579728574855521	0.37231436190706646	0.36971278060738155
0.25895672412555254	0.37157127871593976	0.3694719971585078
0.2581030139036194	0.37192366541002253	0.3699733206863582
0.2586829949423718	0.37188544114727384	0.3694315639103545
0.258207311994757	0.37145719765221374	0.3703354903530294
0.2581664193175081	0.37223511820007693	0.36959846248241507
0.25876957093229386	0.3708091013398504	0.37042132772785585
0.2586969388109742	0.37135124712239265	0.36995181406663324
0.2588798871508847	0.3716810845093796	0.3694390283397358
0.25800589999131956	0.37160102612892865	0.3703930738797519
0.25860128098019947	0.3718655498852916	0.36953316913450907
0.25885653972378214	0.3708990161158515	0.37024444416036645
0.2583028090844996	0.37243588790038745	0.36926130301511306
0.2588870587766381	0.37125231670812925	0.36986062451523277
0.2587398155378207	0.37118193234073676	0.37007825212144263
0.2582232888667867	0.3724804407626842	0.36929627037052926
0.2584056219524675	0.37234665874879536	0.3692477192987373
0.25865415391013347	0.37106161668853765	0.370284229401329
0.2587555225466951	0.37143490384564604	0.3698095736076589
0.2582392875535884	0.3717805890528637	0.3699801233935481
0.2579437279164505	0.372518287517075	0.3695379845664747
0.25841543689918733	0.3717941752925942	0.36979038780821866
0.2589296113071866	0.37151406677917004	0.3695563219136435
0.2588147180803074	0.3711594502819577	0.370025831637735
0.2584934654608653	0.37174889315431353	0.36975764138482126
0.25809200996313336	0.3716689320986955	0.37023905793817125
0.25821777682187996	0.37157816265005555	0.3702040605280646
0.2590055914115554	0.3711950522668346	0.36979935632161015
0.2581419314448363	0.37185873653785706	0.36999933201730667
0.25856606645605373	0.37156273597837164	0.36987119756557474
0.2580791896071141	0.3716383296136871	0.3702824807791989
0.2587534054441976	0.37168644884018937	0.36956014571561313
0.25847522493042785	0.37197507690753273	0.36954969816203953
0.25881503781929505	0.37103957845783136	0.3701453837228737
0.2581657304054585	0.3721062409751499	0.36972802861939175
0.25789667564436813	0.37172742474699316	0.37037589960863887
0.2583783026037214	0.37170485302930256	0.3699168443669762
0.2586285299412622	0.3709286431875744	0.37044282687116353
0.2588138193360654	0.3710888018395798	0.3700973788243549
0.25848563783284745	0.3720914655017483	0.3694228966654044
0.25872128170949543	0.3710108712794725	0.37026784701103216
0.25822273300672766	0.3723643342479328	0.3694129327453397
0.25817623279654034	0.3723570346257573	0.36946673257770246
0.2586778420768	0.3716234834900525	0.3696986744331476
0.2583353688064882	0.3712955862976738	0.3703690448958381
0.25829313475390236	0.3712685150336371	0.37043835021246063
0.25839810776704775	0.3719676701099904	0.369634222122962
0.25881400255946335	0.3719756222688628	0.369210375171674
0.2589677806172852	0.37083938417432394	0.37019283520839097
0.2583403835844599	0.3717941855792408	0.36986543083629947
0.2580307401577111	0.3717824513225187	0.3701868085197703
0.25808711011822016	0.3721134664359494	0.36979942344583056
0.2586683759057165	0.37185289917284503	0.3694787249214386
0.25802267105497867	0.3718777237487049	0.3700996051963165
0.2584081406303791	0.3715399349239212	0.3700519244456998
0.2587237897671793	0.3715574695111612	0.3697187407216596
0.25816555062308016	0.37185846709043885	0.3699759822864811
0.2584876103120081	0.37132230829363855	0.3701900813943534
0.2580904741550787	0.37230586541035277	0.36960366043456866
0.25796638374527414	0.3721814104561757	0.36985220579855027
0.2589471364681635	0.3711709892647038	0.36988187426713287
0.25796849460995736	0.3722320403049699	0.3697994650850729
0.2584583558029917	0.3720325593511743	0.3695090848458341
0.2579035059453354	0.3718128338739277	0.370283660180737
0.25848730713781254	0.3721352215055249	0.36937747135666266
0.2585088281359768	0.372137065541874	0.3693541063221493
0.2583314427862169	0.3721520741140397	0.3695164830997435
0.2588378523092606	0.37105354724348394	0.37010860044725563
0.25849678353969857	0.3718160147395156	0.369687201720786
0.25884649932594367	0.3710262659321601	0.37012723474189635
0.2589235836496676	0.3708484457509684	0.37022797059936413
0.2587714477563595	0.37115026238824567	0.3700782898553949
0.25821873961865527	0.37146070507489864	0.3703205553064462
0.25819364033486464	0.37199534879007756	0.3698110108750579
0.258503605075999	0.3713368831159564	0.3701595118080447
0.25809493046810517	0.37191947560010363	0.3699855939317913
0.2585092014165967	0.37210207068772794	0.36938872789567545
0.258974174981641	0.37139229418627495	0.3696335308320841
0.2588234713277623	0.3716264242368535	0.3695501044353843
0.2586629979801389	0.3712638108207932	0.370073191199068
0.25836511851446436	0.3718704323297826	0.3697644491557531
0.2580340801181772	0.3720081941058112	0.3699577257760117
0.2587936681349562	0.3719758657140021	0.3692304661510419
0.25854698547304716	0.37180508273187374	0.3696479317950792
0.2582255653147837	0.37173921699885776	0.3700352176863586
0.25790511976968644	0.37240655376860343	0.36968832646171024
0.25843257848822654	0.37166909909787743	0.36989832241389614
0.25871499549261073	0.372068454131267	0.36921655037612244
0.25867621907109856	0.37150439594022966	0.3698193849886719
0.2581264097980569	0.37224286293821973	0.3696307272637234
0.25792681835352527	0.3718067767769636	0.37026640486951123
0.2585887947913198	0.3709584577978116	0.3704527474108687
0.2586362008527351	0.3711724114324565	0.37019138771480853
0.25880226234131715	0.37093180800298237	0.3702659296557006
0.2582898288861019	0.37183572443106516	0.36987444668283304
0.25816035103745544	0.37176523943578293	0.37007440952676174
0.2586634094051248	0.3719550743253104	0.3693815162695649
0.2584768847751872	0.3720697654559686	0.36945334976884425
0.25881898980077156	0.37131329954724046	0.36986771065198815
0.25794110118598346	0.3715589931805878	0.3704999056334288
0.2582316497455142	0.37139101843665107	0.37037733181783483
0.2588702313344803	0.3716328850951765	0.3694968835703433
0.2579426410367104	0.37236386973743507	0.36969348922585465
0.2582943712898448	0.371662533562477	0.3700430951476783
0.25867921227024604	0.3718167233050276	0.3695040644247265
0.25790103523726193	0.3721240416247122	0.369974923138026
0.25837871487965147	0.37239146473274454	0.3692298203876041
0.2581233262702693	0.3724766411532851	0.3694000325764457
0.25821259516898226	0.37143754296376147	0.37034986186725644
0.25838606408060955	0.3711600394018891	0.3704538965175015
0.25897298209363584	0.3715080499039751	0.36951896800238915
0.2588569713115835	0.3714995770046377	0.36964345168377893
0.2583507220931116	0.37170655869393987	0.36994271921294863
0.2580384772990574	0.37233007593824374	0.369631446762699
0.2587935658699337	0.3713776053104733	0.3698288288195931
0.25878712018003763	0.37088075073543675	0.37033212908452573
0.2582709318671417	0.3724684737454851	0.36926059438737335
0.2583534350640025	0.37214869136324813	0.36949787357274955
0.25831099928992224	0.3724451532739325	0.36924384743614536
0.2580617344764664	0.37249601499657786	0.3694422505269559
0.25794877754219203	0.37195229164674615	0.37009893081106193
0.25885284582886975	0.371182053397926	0.36996510077320444
0.2586402192962778	0.3712349700304173	0.3701248106733051
0.25853684969021407	0.37096191078187135	0.37050123952791475
0.25851298237949644	0.3713739485307018	0.37011306908980185
0.2583746711432883	0.372406998188092	0.3692183306686198
0.25894053995637506	0.37135349844853965	0.3697059615950854
0.25831256123848556	0.37126705510889796	0.3704203836526166
0.25896965622459156	0.3710741147372496	0.36995622903815895
0.2581708483446044	0.3713893672565374	0.37043978439885833
0.2588995381768235	0.371545886699538	0.36955457512363865
0.2582882940400266	0.37120624668208496	0.3705054592778885
0.258079253580276	0.37223381902497343	0.3696869273947507
0.25892171787895135	0.3708110699286511	0.37026721219239767
0.25827217586481793	0.3715127628683225	0.37021506126685966
0.25887423343738963	0.3710559508496871	0.3700698157129234
0.2583271522341545	0.37134433407360923	0.37032851369223646
0.25792789799548455	0.37178880643994144	0.37028329556457407
0.25865330087067717	0.37096199659351453	0.3703847025358084
0.25844640733040863	0.3711069832290512	0.37044660944054025
0.2580865363927808	0.37212767350546716	0.36978579010175217
0.258398985700919	0.37120648021667146	0.37039453408240963
0.2586173462733583	0.371273712883248	0.3701089408433938
0.25828759882346974	0.37181235738818386	0.3699000437883465
0.2579544144594162	0.3719297152995125	0.3701158702410714
0.2590123537817237	0.3709699858416929	0.37001766037658346
0.25790589297567185	0.3718161350841301	0.3702779719401982
0.258826830922246	0.37122294518409255	0.3699502238936616
0.2581754672624512	0.3719339828843312	0.36989054985321773
0.2587047701957156	0.37102231366799693	0.37027291613628766
0.25898479245138306	0.3717103737376709	0.36930483381094614
0.25841423947262554	0.37120322880275275	0.3703825317246218
0.2580337092317231	0.3725182098094382	0.3694480809588388
0.2587953936528858	0.3710294709616083	0.370175135385506
0.2589115092621349	0.3714366594370367	0.36965183130082857
0.2581805638565635	0.37137025905711585	0.37044917708632075
0.25792533851266525	0.3724214747328311	0.36965318675450376
0.2589502393867428	0.3708105298293691	0.37023923078388826
0.2584512434756037	0.37163704055798474	0.36991171596641165
0.2580851993704599	0.37168181535464057	0.3702329852748997
0.25853218450387017	0.37160305979784836	0.3698647556982816
0.2579118876624184	0.3721572942171017	0.36993081812048
0.2581875625203408	0.3721776107590387	0.36963482672062065
0.2581458198535664	0.37202228285058775	0.369831897295846
0.25873207847934765	0.37159148261596087	0.3696764389046916
0.25833668296896667	0.3715468574329117	0.37011645959812167
0.2590011945875298	0.3712412095634414	0.36975759584902895
0.2585121367461597	0.37206875005484813	0.3694191131989923
0.2582611774876873	0.37206178155150493	0.3696770409608079
0.25894843812746665	0.37134346805718105	0.3697080938153524
0.2588272571377662	0.37086448474123906	0.3703082581209948
0.2579637302884049	0.37218666726484256	0.36984960244675263
0.25828501716475843	0.37202419306575996	0.36969078976948166
0.2586832074616801	0.3712403722629089	0.3700764202754111
0.25874845261572976	0.371926773155132	0.36932477422913834
0.2588429204884474	0.37102464545460323	0.37013243405694946
0.25887062507623865	0.3711253412659527	0.37000403365780876
0.25873139682325696	0.37129784575977226	0.3699707574169709
0.2587205216786933	0.3712734252555065	0.37000605306580037
0.25803049626796504	0.37232877070486625	0.3696407330271688
0.25844823206778855	0.37234680084358146	0.3692049670886301
0.2582942340711881	0.371380554874793	0.37032521105401905
0.2586069852040292	0.3711129983222272	0.3702800164737437
0.2584567078813489	0.37124926508513045	0.37029402703352077
0.25820085428234707	0.37177591612018457	0.3700232295974685
0.2585942404764955	0.371280500301909	0.37012525922159567
0.2587376227377165	0.37097603371010707	0.37028634355217654
0.2583300122251213	0.3719684074460872	0.3697015803287916
0.2584472878480205	0.3718329315300328	0.3697197806219468
0.25896475320147694	0.37145902231995676	0.3695762244785664
0.2579647181174839	0.37249876562966155	0.36953651625285466
0.25833723905681405	0.37167062413585683	0.36999213680732923
0.2587662597573267	0.37178393709874286	0.36944980314393056
0.258948350995246	0.37113033105319504	0.3699213179515591
0.2589006108564449	0.37100616441754397	0.37009322472601125
0.25836089785329613	0.37199501743119523	0.36964408471550875
0.2585969625327261	0.3712053787644105	0.3701976587028635
0.25803927968879437	0.3717966150343719	0.37016410527683385
0.2585343118259861	0.37186219765066064	0.3696034905233534
0.2580775981107516	0.3724619860337708	0.3694604158554778
0.25837233188668257	0.37175109894535674	0.3698765691679608
0.25816105140900675	0.3718228660398114	0.37001608255118196
0.25851978770092304	0.37097729520485345	0.3705029170942236
0.2589015327665768	0.3714060274731181	0.3696924397603052
0.2586853723301456	0.3710785573288536	0.3702360703410009
0.2589296068136143	0.3715015680398296	0.3695688251465562
0.2587557174989175	0.3715424758167302	0.3697018066843524
0.2588156995208807	0.3708576061516019	0.3703266943275175
0.2581937754264587	0.371882138910705	0.36992408566283647
0.2583040801427881	0.3716242905716812	0.3700716292855308
0.25870741481345155	0.3712170437354074	0.37007554145114113
0.25802189180335855	0.3718719074609752	0.37010620073566636
0.2580264252325326	0.3719394516499323	0.3700341231175352
0.25891046773157433	0.3712489997072551	0.36984053256117067
0.257994259009579	0.3715440417788402	0.3704616992115809
0.25820345650047494	0.37191813154998554	0.36987841194953963
0.2582268313883749	0.3717502704696124	0.37002289814201283
0.2580905773705816	0.37162476051185317	0.37028466211756533
0.2589875396334238	0.37120203342699726	0.36981042693957905
0.25861886587124955	0.3709361573962155	0.3704449767325351
0.2583329352316375	0.3723691767523159	0.36929788801604674
0.2582489558957416	0.3714822752208002	0.37026876888345833
0.25837549862595155	0.371686964647144	0.3699375367269045
0.257951231728329	0.3723422092885118	0.36970655898315924
0.25901241186075885	0.37129280725094044	0.3696947808883009
0.25813306377464923	0.3721725344628948	0.36969440176245616
0.2588181947128485	0.37126783298937194	0.3699139722977797
0.2586434774371652	0.37181200625753197	0.369544516305303
0.2583007559676833	0.3717578116239795	0.3699414324083373
0.2585286617318099	0.3721984225816542	0.3692729156865361
0.2589549353582881	0.37126914025171814	0.36977592438999385
0.25830043738836284	0.37139845282380246	0.3703011097878348
0.258127524446911	0.37182887083693816	0.37004360471615094
0.25869376632679575	0.37117013672511534	0.370136096948089
0.25881229245606424	0.37133095148374756	0.36985675606018836
0.25799006410777114	0.37184514506127697	0.370164790830952
0.2581397507725468	0.37187656533707136	0.36998368389038194
0.2584926676533634	0.37194219191675476	0.369565140429882
0.2588471006720996	0.3710808166901615	0.37007208263773905
0.2587992513495515	0.37138456812980286	0.36981618052064574
0.25848488147411586	0.3718530185604745	0.36966209996540983
0.2580419294944094	0.3723445807777027	0.36961348972788793
0.25835427231884855	0.3720633181087622	0.3695824095723894
0.25900216720082414	0.37132476647312773	0.36967306632604824
0.258630071335542	0.3709120979935488	0.3704578306709093
0.25822928735115036	0.37252023192339095	0.3692504807254588
0.2582624339028985	0.371894104249567	0.3698434618475347
0.2581426638323797	0.3718865340407008	0.36997080212691963
0.25866335131777773	0.37151452838959176	0.3698221202926306
0.25806216155789574	0.37214193037288856	0.36979590806921575
0.2585676546861765	0.37182682856932825	0.3696055167444954
0.2587542433412818	0.37133845628739554	0.3699073003713228
0.2585656411624291	0.37174008444716733	0.36969427439040375
0.2582157573324993	0.37209742536930546	0.36968681729819536
0.2585858267704819	0.3711980852677313	0.3702160879617869
0.25813319369042964	0.37168088516546044	0.3701859211441101
0.25813536092677125	0.37225560039431743	0.3696090386789115
0.2588577322171826	0.37122896188142074	0.36991330590139676
0.2579416560244191	0.3721009538669561	0.3699573901086249
0.2589126073136511	0.37153369350062493	0.36955369918572406
0.2587927085265178	0.37098393786766143	0.3702233536058208
0.25792896759808026	0.3723683747028969	0.369702657699023
0.2583637327242706	0.3723544939126683	0.3692817733630613
0.25798818254020084	0.3723548257717545	0.3696569916880448
0.2579188461941651	0.3723933544620035	0.3696877993438315
0.2583620487882705	0.3718195548252857	0.3698183963864438
0.2587397269510652	0.3713601743445962	0.3699000987043387
0.2583833203916289	0.37147517984980194	0.37014149975856925
0.25862356704251405	0.372075346867999	0.3693010860894871
0.2583273238532229	0.37241933104476377	0.36925334510201346
0.25876145271820467	0.3712012940951642	0.3700372531866313
0.2586072680904565	0.37099710303868483	0.3703956288708588
0.25858603605344116	0.3721378168171428	0.36927614712941614
0.2582104890727364	0.37247053263995283	0.3693189782873109
0.2584568089435668	0.3711624560697973	0.37038073498663604
0.2582080133744686	0.3720717768751006	0.36972020975043096
0.25861569596755235	0.3721263636951632	0.36925794033728454
0.25808955045655807	0.372133065514592	0.36977738402885
0.2583861662421557	0.3711469001169296	0.3704669336409148
0.25829814159143877	0.3723008478493451	0.36940101055921626
0.2588450019148634	0.3708192482599242	0.3703357498252125
0.25858031861861697	0.37215311338778195	0.3692665679936012
0.2586301348031401	0.37089000827580193	0.37047985692105806
0.25838638394672886	0.3714331799911562	0.37018043606211504
0.25820878467305153	0.37170358564334416	0.37008762968360437
0.25862848106915015	0.3713269859258203	0.3700445330050296
0.25823186801008347	0.371373777512105	0.37039435447781166
0.2584742354689996	0.37149081416866075	0.37003495036233974
0.25803092055868343	0.3718981381429615	0.3700709412983552
0.2581674331052521	0.372066999296156	0.369765567598592
0.25881486767755	0.37103140429531123	0.37015372802713886
0.2585377959317402	0.372080402602214	0.36938180146604593
0.2587466033751111	0.3718144249061107	0.3694389717187783
0.2589278890227118	0.3717584467628065	0.36931366421448186
0.25846287836801823	0.3719497363651121	0.3695873852668698
0.2589221822035365	0.37183526233622843	0.36924255546023516
0.2586064078271546	0.3711547105005143	0.37023888167233115
0.258310282490604	0.3721367701737647	0.36955294733563143
0.25889088419525474	0.3717781906069042	0.3693309251978411
0.2588616620161477	0.3714274857254672	0.3697108522583853
0.2586702550011476	0.3712564351496371	0.37007330984921544
0.2588553414640088	0.3709222650405864	0.3702223934954049
0.2588072652543352	0.37184215270922616	0.3693505820364388
0.2587136587912934	0.37104586616027346	0.37024047504843327
0.2583383716214241	0.37172937185607835	0.3699322565224977
0.25850497404593864	0.37218727258259127	0.3693077533714702
0.2585202824308373	0.3711536769149707	0.3703260406541921
0.25843710529518615	0.3721724134640131	0.36939048124080087
0.2585300221236827	0.3718136682879947	0.36965630958832263
0.2584420117289091	0.3717030047820511	0.3698549834890399
0.25876042675290944	0.37085753813945077	0.37038203510763984
0.2588668668669205	0.3716458717355456	0.369487261397534
0.25809108791190133	0.3724879299322123	0.3694209821558865
0.25853519948490156	0.372061334126558	0.3694034663885406
0.25874402183614714	0.37203456742056507	0.3692214107432879
0.2582356077284111	0.3723772627501512	0.3693871295214378
0.2586743647287445	0.3714077157596684	0.3699179195115872
0.25822881144807874	0.3723991198656808	0.3693720686862406
0.25838691502187	0.37161332825424437	0.36999975672388574
0.25880573269846574	0.3712071643172548	0.3699871029842795
0.25848535859408084	0.37198877668723507	0.36952586471868415
0.25838378529823824	0.37117110789252095	0.3704451068092409
0.25854937693236263	0.37093704709133546	0.370513575976302
0.2583545596863911	0.3716291837100014	0.3700162566036076
0.2585141344068391	0.3720448479517771	0.3694410176413839
0.25823455300103615	0.3721528704332758	0.36961257656568813
0.2588616387968934	0.3714553209501737	0.3696830402529331
0.2581823321512459	0.37226567331932325	0.36955199452943094
0.25810136091807817	0.37168909879312223	0.3702095402887997
0.2588445225441878	0.3715473510473009	0.3696081264085114
0.2579832781923411	0.37179010839887067	0.3702266134087883
0.2580740862434515	0.37194727315535503	0.3699786406011936
0.2581387847436434	0.371842031263567	0.37001918399278977
0.25872957770746796	0.370871157769564	0.37039926452296823
0.2585879943259836	0.37206295225090397	0.3693490534231125
0.25874938912074164	0.3712386668186585	0.37001194406059995
0.2579232030710083	0.372309233094869	0.3697675638341228
0.2590105317809203	0.370862801789835	0.3701266664292448
0.2579307489813282	0.37198209024466194	0.37008716077401
0.25808618345755363	0.37156488029496015	0.3703489362474863
0.25821390703685115	0.371358411567512	0.370427681395637
0.25867467165165725	0.37148772742836617	0.36983760091997675
0.2586397445762392	0.3718334661268389	0.36952678929692206
0.2585749409559883	0.37206662477818264	0.36935843426582915
0.2587307921549532	0.3714280505887278	0.36984115725631916
0.258377005139633	0.3721225202386545	0.3695004746217126
0.2587909050457785	0.3711345295508922	0.3700745654033294
0.2582860421947781	0.37220115437378665	0.3695128034314354
0.25823262795170343	0.3724747359569801	0.3692926360913165
0.25839795259059417	0.37182525081976936	0.3697767965896366
0.2579668864003379	0.37227782424177835	0.3697552893578838
0.25847151375441635	0.37167927239067317	0.3698492138549106
0.25897808071364614	0.37170917993717734	0.36931273934917663
0.2584217007553362	0.3718629258423685	0.3697153734022954
0.258649256028349	0.37122610963666147	0.37012463433498966
0.25806154771445977	0.3723396724882511	0.3695987797972892
0.25839762964331925	0.3722811873048039	0.36932118305187694
0.2581406956237101	0.3718809401709521	0.3699783642053379
0.2586580293587344	0.3711203626276185	0.37022160801364723
0.25797093759142453	0.3721478698109257	0.36988119259764995
0.2580007915746372	0.37242962165427335	0.36956958677108953
0.257943760921556	0.37212860597837666	0.3699276331000674
0.25813067006288726	0.37138349505072143	0.3704858348863914
0.2582239994412161	0.3713606729896203	0.37041532756916373
0.2581184057688123	0.3713688578940833	0.37051273633710446
0.25808474790710334	0.37150414655947095	0.3704111055334258
0.2582350983687393	0.3715415588013128	0.370223342829948
0.2581877131848604	0.37138474618670414	0.3704275406284356
0.25819706783039587	0.37242621290446143	0.3693767192651428
0.25834450161494726	0.37196825164556346	0.3696872467394894
0.2580221118370527	0.372438366123453	0.3695395220394944
0.25811421115214817	0.37183672517839794	0.37004906366945395
0.2587625236432902	0.37163825900329034	0.36959921735341955
0.25873971771950777	0.37086319895332837	0.370397083327164
0.25815978565694836	0.37196310508789454	0.3698771092551572
0.25873424425392566	0.3716557343753655	0.36961002137070903
0.25813733797654814	0.3719339438842192	0.3699287181392328
0.25838898538507765	0.37187588991677817	0.3697351246981443
0.2580998010776788	0.3723629593227611	0.3695372395995602
0.25806430136390957	0.37183719739618815	0.3700985012399024
0.25820964767426313	0.371933153037932	0.369857199287805
0.25844548939385453	0.372194242485274	0.3693602681208716
0.25862200990460527	0.37089023833518603	0.3704877517602088
0.2579191437321023	0.3719745487442606	0.3701063075236372
0.2579650903170293	0.3721581890022004	0.3698767206807705
0.25874819963357637	0.3716103015278002	0.3696414988386235
0.2585399898566453	0.37202335367116957	0.36943665647218527
0.25816001650408815	0.3721046835634269	0.36973529993248505
0.25873451151727156	0.3713388871447898	0.36992660133793875
0.25886812527945957	0.3718376370150915	0.369294237705449
0.2583690674292729	0.37138114199082173	0.3702497905799055
0.2587768398147256	0.3716101149739494	0.3696130452113251
0.2589035936122712	0.3710024820787185	0.37009392430901045
0.25802558822476795	0.37250069716414624	0.3694737146110859
0.25880793179502526	0.37188794822759974	0.3693041199773751
0.2581272364938517	0.37180692160520873	0.37006584190093966
0.25879326157590293	0.3719385111640987	0.3692682272599984
0.2579061461818361	0.37174008334435327	0.37035377047381074
0.2580573421117078	0.3723455560291785	0.3695971018591139
0.25873759002707664	0.37132165045728455	0.36994075951563893
0.25813296220234117	0.37246464963625786	0.3694023881614011
0.258349034403609	0.3718380961508857	0.3698128694455054
0.258439533135276	0.37139210132468387	0.37016836554004023
0.25845330672934136	0.3715677339931772	0.3699789592774816
0.2582158765055949	0.3715426422927701	0.3702414812016351
0.2586376106409433	0.37140577906161304	0.36995661029744376
0.258533864712357	0.3711305037732584	0.3703356315143847
0.2587739819194835	0.3713866348588385	0.36983938322167814
0.25894442372548854	0.3717717777122145	0.3692837985622971
0.2581948567207988	0.3717753323976165	0.3700298108815848
0.2581959838474112	0.3720928654637443	0.3697111506888446
0.2584133581347161	0.37235766316630664	0.36922897869897736
0.2580132170266239	0.37239678078396476	0.3695900021894115
0.25879795121458826	0.37157529483175034	0.3696267539536615
0.2582029393246165	0.37199165087805086	0.36980540979733273
0.2584560314729493	0.37223742650429964	0.36930654202275115
0.2585347470133245	0.37103901569345477	0.3704262372932208
0.2583075975405714	0.3716165129099084	0.3700758895495203
0.25796871425683754	0.37234182247003744	0.36968946327312513
0.25890849936117405	0.3710132426891036	0.3700782579497225
0.25853511915841576	0.37201120663450454	0.3694536742070798
0.25846382052947736	0.3719226767426136	0.36961350272790916
0.2586735104330261	0.37129976789679825	0.37002672167017575
0.25838224789699626	0.371146978085081	0.3704707740179229
0.2583219542110714	0.3716159014353092	0.3700621443536195
0.25821575080926285	0.37170554163732356	0.3700787075534137
0.2581425365151194	0.37227226929275176	0.36958519419212893
0.2587451402692139	0.3716090975323095	0.3696457621984767
0.2579139205746114	0.371867899021009	0.3702181804043798
0.2584572224531849	0.3711334772682441	0.3704093002785711
0.2581069822827491	0.3723802550863374	0.3695127626309137
0.2588142948774258	0.3716120349977315	0.3695736701248428
0.25829566803974774	0.3718670659926529	0.36983726596759947
0.2584251873127319	0.37178712832129157	0.36978768436597664
0.25862611506629796	0.37133533338723573	0.3700385515464664
0.25796723775709085	0.37201890061526577	0.37001386162764344
0.2587560030058201	0.3720174588645824	0.36922653812959766
0.25847424822467635	0.37189742940074466	0.3696283223745791
0.25821312788953654	0.3719201230001506	0.369866749110313
0.25888606767780176	0.3713996308676988	0.36971430145449957
0.2586318508683074	0.37139776786162326	0.3699703812700694
0.2582622622933547	0.3712772302566938	0.3704605074499516
0.25842471140037393	0.3710711608091546	0.3705041277904716
0.25808845709238115	0.3720910609649427	0.3698204819426763
0.2581538655988903	0.3719143669546584	0.3699317674464514
0.25875352093976856	0.3715721464739084	0.36967433258632315
0.2583486621470002	0.3716016773642181	0.37004966048878185
0.25863203470678764	0.37182672647105175	0.3695412388221608
0.25847434871739694	0.3714796171434237	0.37004603413917947
0.25827081587874456	0.37223608694563165	0.3694930971756239
0.2581590513076118	0.3722130981209667	0.3696278505714216
0.2585735361245055	0.37153331092187974	0.36989315295361486
0.2587842890121884	0.3712547388829357	0.369960972104876
0.2584133002396115	0.3720375871403483	0.3695491126200403
0.25801682706177576	0.3718590384544783	0.37012413448374604
0.2586841005345639	0.37089349058364696	0.37042240888178923
0.25866482839448574	0.3719505285851056	0.36938464302040874
0.25813201128398017	0.3716465693449019	0.370221419371118
0.25791131016590507	0.37193941343440984	0.37014927639968526
0.258374448627621	0.37190465539316014	0.369720895979219
0.25876006692871534	0.37093640706810993	0.37030352600317484
0.25804913790831663	0.37152056604557004	0.37043029604611344
0.258760084149672	0.3716090099000282	0.36963090595029996
0.2584208630423792	0.37175428884356476	0.36982484811405614
0.25863692262033783	0.3710782770080769	0.3702848003715854
0.2587280031993377	0.371142427200945	0.37012956959971743
0.25886119134098035	0.37163512528735193	0.36950368337166783
0.2586732699765374	0.3714916112174962	0.36983511880596653
0.25895623439051274	0.3710225391474157	0.3700212264620717
0.2585540561341334	0.3716134354700487	0.369832508395818
0.2586035141155514	0.37164448365137825	0.3697520022330705
0.2585806842226252	0.3717566697387451	0.36966264603862986
0.2588657624307058	0.370949530676273	0.3701847068930213
0.25857041812275017	0.37144514242563453	0.3699844394516154
0.2580898620726152	0.3722826718764514	0.3696274660509335
0.25807662478368704	0.37165983163439753	0.37026354358191554
0.2586667001901004	0.37197094056778696	0.3693623592421127
0.2583553160665377	0.3715049190288501	0.3701397649046123
0.25883999562548987	0.3710915868793954	0.3700684174951148
0.25893883401621093	0.3710304048352212	0.370030761148568
0.25794957787312467	0.37158291556163614	0.3704675065652393
0.25869462306254487	0.37140794567375635	0.3698974312636989
0.2586430353352727	0.3719034492070734	0.369453515457654
0.25803616958365033	0.3721590788043141	0.3698047516120357
0.25850673625146803	0.3719936842053037	0.3694995795432284
0.25800305331467094	0.37222762643722	0.36976932024810916
0.25888687216353773	0.37123068399279163	0.36988244384367075
0.25819896791163255	0.3724170585612544	0.36938397352711316
0.25843747621267477	0.3720790077086146	0.36948351607871077
0.25794055980305	0.3719826015579377	0.37007683863901236
0.25858180851083146	0.3716546660508415	0.3697635254383272
0.25877962921447967	0.37184326493731923	0.3693771058482012
0.25874812988171175	0.3712707713946306	0.36998109872365775
0.25860539921237297	0.3713022006264612	0.37009240016116596
0.2579851674192258	0.3715805681556964	0.37043426442507793
0.25893853013237833	0.37173764038931156	0.3693238294783102
0.2587244459553721	0.3717548842511684	0.3695206697934596
0.2588779957685988	0.3718540695399275	0.3692679346914738
0.2584373742904314	0.3715981000050421	0.3699645257045266
0.2583570549090206	0.3713367894204272	0.37030615567055225
0.25890083041019857	0.3715899400273881	0.3695092295624135
0.2585086765043973	0.3717243306333401	0.3697669928622628
0.2590134343462643	0.37150483231017484	0.36948173334356105
0.2587500730765896	0.3720322532181807	0.36921767370522984
0.25849931999775316	0.3717979245375908	0.36970275546465614
0.25877616678887716	0.37162276288667073	0.3696010703244522
0.2590169640077602	0.37105375919789024	0.3699292767943496
0.25867878289050017	0.37210611553464124	0.3692151015748587
0.2588536833085985	0.371486556237046	0.36965976045435567
0.25861148995559663	0.3713149436266728	0.3700735664177307
0.2582926397216862	0.3720684474761742	0.36963891280213973
0.2581637885012175	0.37141486976458393	0.3704213417341987
0.2586136978032886	0.3714091587920211	0.36997714340469046
0.25849986439355194	0.37228436689967664	0.3692157687067716
0.2583772123924504	0.3716373213806733	0.3699854662268765
0.25838395774107603	0.3712375087514358	0.3703785335074883
0.2581567698254384	0.3718245936651749	0.3700186365093868
0.25874654193281715	0.3712922414480299	0.36996121661915304
0.2582683600879837	0.3717437379288235	0.3699879019831929
0.2585436959673103	0.3711725581439991	0.37028374588869073
0.2589455979624748	0.37164396166510044	0.3694104403724249
0.2582585395156063	0.3723741331083175	0.3693673273760763
0.2579366299009722	0.3720406823269697	0.37002268777205816
0.2585425048268915	0.37152225424120794	0.3699352409319006
0.25794385457790653	0.37248655858060986	0.3695695868414837
0.2580751569556705	0.37219764374008746	0.36972719930424214
0.2589402896623919	0.3718088360504465	0.36925087428716175
0.2582883209724288	0.3723810542095618	0.3693306248180095
0.25893885017731344	0.3714226512212302	0.3696384986014565
0.25822342585104135	0.3713958101619993	0.37038076398695946
0.25888666053231046	0.37188153888081704	0.3692318005868726
0.25795259069627835	0.37248992014488297	0.3695574891588388
0.258837706831651	0.3718176143053191	0.36934467886302996
0.25874644772838307	0.3713456168907768	0.36990793538084027
0.2581956739743892	0.3721913924909507	0.36961293353466024
0.25835847661714967	0.3712221316878181	0.37041939169503235
0.2584347665950433	0.3719963272929802	0.36956890611197657
0.2586771486850335	0.37124296000011253	0.3700798913148541
0.25898588929125643	0.37137570195892844	0.3696384087498153
0.2585388702112099	0.37206611012325247	0.3693950196655377
0.25882953402931114	0.3718890688750305	0.3692813970956585
0.2581598612195598	0.371842483187189	0.3699976555932514
0.25813835772459703	0.3721962680370263	0.36966537423837675
0.258983065744286	0.37154369640959733	0.36947323784611674
0.2584194856690592	0.3718151889747105	0.3697653253562304
0.2581576402293101	0.37239975414401905	0.369442605626671
0.25856200466729856	0.37212835075308826	0.3693096445796133
0.25844907763718283	0.37141815932918637	0.3701327630336309
0.25813785851722243	0.3720438416939006	0.36981829978887715
0.25851509642839066	0.37157917432937637	0.36990572924223314
0.25828633342620366	0.3714237860866879	0.37028988048710854
0.25840708799987844	0.37232871716778343	0.3692641948323382
0.2588648824643782	0.37157135503699606	0.3695637624986258
0.2586138139619152	0.3720950470223476	0.3692911390157374
0.25878479796860676	0.37193685668766624	0.3692783453437271
0.25826710110077067	0.37181894943246696	0.3699139494667624
0.2584583694771791	0.37107311371494667	0.37046851680787435
0.258910778132668	0.37099707753030936	0.37009214433702275
0.2582714150075024	0.37136721134595574	0.370361373646542
0.2585236729251732	0.37227032178871333	0.36920600528611364
