0.16555936758914114	0.3820238696641606	0.4524167627466984
0.18652994705334966	0.3814095394057777	0.43206051354087277
0.1545437622463573	0.4021490331977903	0.44330720455585254
0.15614759373454953	0.3605343794259764	0.4833180268394742
0.13048750405450593	0.40131779066501727	0.4681947052804769
0.09104246325971987	0.42734841789515005	0.4816091188451302
0.12169216028452357	0.41590557517683485	0.4624022645386417
0.15905121682638854	0.3657618123533074	0.47518697082030414
0.09273730632151378	0.4216771176804453	0.48558557599804103
0.05593119496870069	0.4274356755455019	0.5166331294857975
0.1040477963953409	0.42315006533137267	0.47280213827328654
0.09090737018238892	0.4006900423131061	0.5084025875045051
0.08535424876814665	0.4043898671603152	0.5102558840715382
0.15182978067585906	0.40444714035873564	0.44372307896540547
0.12909207089698066	0.4094190049725604	0.46148892413045906
0.17445773095002953	0.37491667807193946	0.4506255909780311
0.08633349752277594	0.409715380368337	0.5039511221088873
0.12647473026280268	0.3998636451492581	0.47366162458793937
0.1275775448458074	0.42001134717852395	0.45241110797566875
0.13703120152321857	0.388527511249477	0.4744412872273046
0.14305821066247	0.41357412781032865	0.44336766152720153
0.10389453554509082	0.409187343353559	0.4869181211013503
0.060706126331593	0.42983921000453745	0.5094546636638697
0.07092371075713727	0.41908799207250197	0.5099882971703609
0.09465087294600522	0.3970085403499665	0.5083405867040285
0.11361873437109588	0.3994458736766056	0.48693539195229857
0.18061790086932167	0.3675756440378843	0.45180645509279416
0.12683473771134898	0.38708785491438646	0.48607740737426464
0.14209499605312748	0.4092311655443233	0.4486738384025493
0.08694195428450646	0.40208563551097737	0.5109724102045163
0.13157563223125762	0.39697464378122277	0.4714497239875197
0.14634168659105384	0.41566935827380036	0.4379889551351459
0.17904524443767147	0.36683323661588196	0.4541215189464467
0.09934467407553985	0.4246341377327335	0.4760211881917268
0.16530384592869105	0.3637871885933801	0.47090896547792893
0.14266569768988516	0.38464158242645	0.47269271988366496
0.13579947024503575	0.3682524718198955	0.49594805793506885
0.11676748835778838	0.40489387550023065	0.478338636141981
0.10924459565973377	0.3788450687337528	0.5119103356065136
0.13553305552035366	0.37292074697781147	0.49154619750183504
0.15188076731813874	0.3718283443220845	0.47629088835977684
0.1525151081036451	0.3817733406336806	0.4657115512626744
0.1055483040355614	0.42618878959078565	0.46826290637365303
0.18592728133642053	0.3698149948666428	0.44425772379693673
0.09902460735573987	0.42994473301953207	0.4710306596247282
0.1069895927251045	0.42337053488958554	0.4696398723853101
0.11691749286284805	0.39666570632135767	0.4864168008157944
0.11971938747184585	0.3958802039201649	0.4844004086079894
0.17450217464033166	0.36039808742856283	0.4650997379311056
0.12098926595045562	0.4291390255034466	0.4498717085460978
0.14055117750258017	0.4049524488902764	0.4544963736071436
0.12013733047663233	0.3627499823176375	0.5171126872057303
0.13429351480169877	0.42065412181239714	0.44505236338590415
0.12189974390136751	0.36001061493318587	0.5180896411654468
0.14076826327450898	0.36223890649500723	0.4969928302304839
0.1263695652018828	0.426447374292648	0.4471830605054693
0.1543592733032727	0.39589686250270206	0.4497438641940253
0.16852360004139674	0.3876707893607087	0.4438056105978947
0.09439099785271099	0.39808555009741986	0.5075234520498693
0.11801535120945594	0.38818027051068127	0.49380437827986295
0.13534473486708148	0.39008904368165515	0.4745662214512635
0.17054567147548336	0.3694629649922981	0.4599913635322187
0.15038950073393287	0.39987351126571447	0.4497369880003528
0.09126220762975601	0.4284643781384885	0.4802734142317556
0.13236769187638567	0.3752823432137884	0.4923499649098261
0.14300683825488386	0.39426085364595115	0.4627323080991651
0.11300460654829492	0.42344630284570717	0.46354909060599814
0.1550212808633522	0.38972567646147294	0.45525304267517497
0.15373267561260842	0.39499840989505836	0.4512689144923333
0.09751082296775476	0.41535548684327916	0.48713369018896624
0.18221676595241829	0.3752144745502482	0.4425687594973336
0.09239957180441544	0.43045104854640603	0.47714937964917864
0.16871758813896198	0.3796302184891574	0.45165219337188073
0.15059208830360332	0.41751813265613635	0.4318897790402604
0.13654038152531353	0.39190467466876233	0.4715549438059242
0.09594294306680465	0.4033011174303644	0.500755939502831
0.17025762881286413	0.3943494599665331	0.43539291122060286
0.1774196343472732	0.37994740515789804	0.4426329604948289
0.15617478053383743	0.4064790244522658	0.4373461950138969
0.1258143284818287	0.4275458926459811	0.44663977887219036
0.16125814431011476	0.37724196433214174	0.4614998913577436
0.08900045756555444	0.40815344495967004	0.5028460974747756
0.14272124690134225	0.40465778172117994	0.4526209713774779
0.14938379556876957	0.3809274255373453	0.4696887788938852
0.11263607792675734	0.4127278156396647	0.4746361064335781
0.14772171605329515	0.3984970794501616	0.45378120449654336
0.14422724056086425	0.36085442770447024	0.4949183317346656
0.10875945344531057	0.39399402240138454	0.497246524153305
0.12430987044965125	0.3641074074653696	0.5115827220849792
0.10154480703665669	0.4049361938966316	0.4935189990667118
0.17454365768109772	0.3656504263966825	0.4598059159222199
0.1720640975180451	0.3734187880442328	0.45451711443772225
0.10859802122623285	0.3964884513337863	0.494913527439981
0.10116771726698132	0.40863342934918895	0.4901988533838299
0.12442801723697033	0.36420583494348985	0.5113661478195399
0.13360671095514304	0.3978351987270336	0.4685580903178235
0.15331910509297983	0.38429920650034843	0.4623816884066718
0.12612253986526162	0.3788652405358345	0.49501221959890396
0.1417024511914764	0.37850336334808493	0.47979418546043884
0.1594016976338533	0.4105537898596087	0.4300445125065381
0.146044705345861	0.4191274770898928	0.4348278175642464
0.09604292320798813	0.39280572456031226	0.5111513522316997
0.17697996439840466	0.3799999344340217	0.4430201011675738
0.11148844851203002	0.4019848413953572	0.48652671009261295
0.13993827420228674	0.3681546519186619	0.4919070738790514
0.1125099122162756	0.40618250650318233	0.4813075812805422
0.12261306496558674	0.40962629103679854	0.4677606439976148
0.14250453583650918	0.36800903078208963	0.4894864333814013
0.14757629463594552	0.358698031246775	0.49372567411727963
0.1103565729357957	0.3759458601880815	0.5136975668761229
0.16272319706609562	0.3969031153495773	0.44037368758432716
0.15885536173924147	0.40023170201872826	0.4409129362420303
0.1194685440951862	0.38404042741262023	0.4964910284921937
0.09429204702695532	0.41011218892723034	0.49559576404581446
0.14125604107702738	0.4291992944921034	0.42954466443086936
0.18709240917978273	0.3601805224849323	0.4527270683352851
0.18581889818626085	0.3621784763875837	0.45200262542615555
0.09568453173575062	0.39866012792360883	0.5056553403406407
0.10484332963521434	0.38380963252808004	0.5113470378367058
0.1473919794139342	0.4123330827093754	0.44027493787669053
0.12134590455873517	0.40074445438242234	0.4779096410588426
0.11498562538449658	0.3908288980393721	0.49418547657613143
0.1090446411362892	0.3797463314281676	0.5112090274355433
0.1431326048968688	0.38415390705413516	0.47271348804899616
0.1344865274219838	0.42997394280840273	0.43553952976961363
0.06892296067208403	0.4264861044253946	0.5045909349025215
0.18579501323719264	0.3643634250641648	0.44984156169864264
0.1596157291989975	0.4090873596152667	0.43129691118573593
0.11956765288141447	0.3851633162251682	0.49526903089341745
0.16958861099837724	0.3754082672377842	0.45500312176383867
0.1368026153929061	0.4206779322092985	0.4425194523977955
0.087426405108053	0.4297318531569685	0.48284174173497857
0.10957900095119855	0.38495227915235225	0.5054687198964494
0.17992061290777245	0.35804196242023195	0.4620374246719957
0.13184955534392545	0.4060703182861112	0.46208012636996343
0.11167642733370847	0.3799104071610313	0.5084131655052604
0.11033458408405525	0.37719185253558635	0.5124735633803585
0.10955170272742121	0.37890015801378096	0.5115481392587979
0.1185913876214042	0.4070080714835339	0.474400540895062
0.1292435630012994	0.3657716044749081	0.5049848325237927
0.12816474611906803	0.42795491329626445	0.4438803405846677
0.10505500614865348	0.3880700643940415	0.5068749294573052
0.17219833950320718	0.371602081424054	0.456199579072739
0.10116546074029148	0.3959817425579494	0.5028527967017593
0.08279047879553508	0.4168631937423197	0.5003463274621452
0.11936678565525957	0.3719444926585063	0.5086887216862342
0.1821248423993505	0.35861684336798305	0.4592583142326666
0.11798286072835085	0.36510408331277017	0.5169130559588792
0.2009357869493027	0.3677750684824401	0.4312891445682573
0.16237422424755457	0.4024720882952309	0.43515368745721467
0.0904539077122008	0.40876051661901713	0.5007855756687822
0.09761732702406167	0.41120918922846755	0.49117348374747094
0.1449748903238816	0.410530240772628	0.4444948689034905
0.14134618558790318	0.39347759219642203	0.4651762222156749
0.16481198213831072	0.37591413638641863	0.4592738814752708
0.14799777883582188	0.39632257049868125	0.455679650665497
0.18011740320844666	0.36139749840257773	0.4584850983889758
0.12377536939303194	0.42698502286680606	0.44923960774016214
0.1061828944499919	0.392130108139351	0.5016869974106573
0.09680874936297462	0.3998021405988868	0.5033891100381387
0.06870992986404484	0.42270220374153744	0.5085878663944179
0.11375917106748207	0.4164318898469994	0.46980893908551863
0.17392162337415773	0.3887997468937833	0.43727862973205905
0.1947259372977571	0.36087511155152013	0.44439895115072287
0.19685926733807727	0.3628626973455957	0.44027803531632714
0.0846895871756087	0.40842395066070253	0.5068864621636888
0.14190399366573275	0.4067429753685453	0.451353030965722
0.09309625904410399	0.40267781580067374	0.5042259251552224
0.14766847282736348	0.3731093881112542	0.47922213906138245
0.14088665496715025	0.38289671063560926	0.4762166343972406
0.17304285571369007	0.3682344602305595	0.45872268405575056
0.08849715599097818	0.42382187746686073	0.48768096654216125
0.10738698336007374	0.43055644129986254	0.46205657534006384
0.10194297511755204	0.42901989169193433	0.4690371331905137
0.10718248695154811	0.4079709770281116	0.48484653602034045
0.09483591493836713	0.4241025691912591	0.4810615158703739
0.12008485505645228	0.406717211572135	0.4731979333714129
0.12597924300728958	0.3655303803377099	0.5084903766550006
0.19208659387138205	0.3705605382803785	0.43735286784823957
0.1562253697818133	0.362907367314059	0.48086726290412785
0.07524426297575304	0.4129227365490083	0.5118330004752387
0.14745939379764414	0.41064742683338895	0.441893179368967
0.05639983351124089	0.4259548617032528	0.5176453047855064
0.16295670284456987	0.4018617136464042	0.435181583509026
0.12966708113205197	0.400771332754304	0.4695615861136442
0.11511836725930286	0.3723550456686023	0.512526587072095
0.1667496314602194	0.379601956588607	0.4536484119511737
0.0956579675307461	0.41262276578409507	0.491719266685159
0.058008784101296174	0.4248982529050317	0.5170929629936722
0.1487486928257622	0.40157747524574855	0.44967383192848936
0.1378626990545085	0.3812526186990345	0.48088468224645714
0.10982738901822534	0.38142174451970157	0.5087508664620732
0.1645434771500035	0.36165216225147223	0.4738043605985244
0.18145750224778465	0.3741326040992981	0.4444098936529174
0.1482857770113853	0.39928348771223177	0.4524307352763831
0.14010144026859023	0.402808595185039	0.45708996454637085
0.11092001245935276	0.3922799499187588	0.4968000376218885
0.15722702938576338	0.3897582454387994	0.45301472517543734
0.15966767257682407	0.39395795808233425	0.44637436934084185
0.1880243811993453	0.36780149216351116	0.4441741266371436
0.1518850956290883	0.39670026015344473	0.451414644217467
0.14973956610336825	0.4145436535091758	0.4357167803874561
0.10671093201427667	0.4179270469229261	0.4753620210627974
0.15210444301248424	0.35813933282793237	0.48975622415958353
0.13574218855900091	0.3849247138522359	0.4793330975887633
0.13251481016154865	0.4047430778207309	0.4627421120177206
0.08822390844759798	0.41144696673404957	0.5003291248183526
0.12843907122441028	0.3803872615447234	0.4911736672308664
0.17037847307016168	0.39777756688405247	0.43184396004578596
0.15797306827724816	0.3758069672997431	0.46621996442300884
0.12641568644099227	0.41928479613189495	0.45429951742711283
0.07571269728877039	0.4314262285804619	0.49286107413076785
0.15491464143403003	0.3792154722942674	0.46586988627170267
0.10967290493463377	0.3807728533677621	0.5095542416976042
0.1476057683119204	0.39206366267586357	0.46033056901221614
0.1982633971440604	0.3691605051706243	0.4325760976853154
0.18260221966241577	0.36420264186165247	0.4531951384759319
0.17274008669299545	0.3649145208597433	0.46234539244726136
0.13052209982297802	0.38438573554074135	0.4850921646362808
0.07412823882990133	0.4161071740209214	0.5097645871491774
0.1843510866208632	0.3603187241948342	0.45533018918430274
0.10172675477548654	0.4293099007859036	0.46896334443861004
0.16479791874996358	0.38979356670526805	0.4454085145447685
0.08954750124104749	0.4153226255909716	0.495129873167981
0.14949237536078785	0.3741274406969124	0.47638018394229986
0.16647842487839962	0.36107312145706744	0.47244845366453303
0.10111341999044943	0.3958215280836427	0.503065051925908
0.17255733652193173	0.35869571890994545	0.46874694456812294
0.12983383639043655	0.38525811763610085	0.4849080459734627
0.15164193797412762	0.39832789408513825	0.45003016794073425
0.16482982405668634	0.36370153848160913	0.47146863746170464
0.07367639175114016	0.4135521709325979	0.512771437316262
0.18135863531225577	0.36638312911692195	0.4522582355708224
0.20371190654131965	0.3656586835611989	0.43062940989748155
0.14154703596798035	0.4031970400435951	0.4552559239884247
0.12271571954178695	0.37405396384992795	0.5032303166082852
0.15326552664873827	0.3869159632519148	0.45981851009934704
0.17799023698317828	0.39188884413868824	0.4301209188781336
0.17700822691022233	0.3788925727406261	0.44409920034915173
0.15613531985158635	0.3981290304931512	0.4457356496552626
0.16749171605202542	0.4014273578546995	0.4310809260932752
0.15502882986297112	0.4094879558089807	0.4354832143280484
0.09333216024001911	0.3952953779840197	0.5113724617759613
0.17026652183490876	0.37675539705553124	0.45297808110956017
0.160060858152733	0.3770938489271606	0.46284529292010657
0.1672461928304582	0.3826923611859189	0.4500614459836231
0.1478987618552018	0.4219632836672784	0.43013795447751996
0.09933365258575727	0.4280389396500792	0.4726274077641637
0.15630766954775216	0.361803894407357	0.48188843604489096
0.07866504272287811	0.42059459231569674	0.5007403649614253
0.06025520251958094	0.42737331065432194	0.5123714868260972
0.12349011502324334	0.41548201710242627	0.4610278678743305
0.19205407683279543	0.3739508272053651	0.4339950959618396
0.0983986125815986	0.41983240032914637	0.48176898708925514
0.11572856379863622	0.4151264490461796	0.46914498715518427
0.06929517492006038	0.4302078229081778	0.5004970021717621
0.17211355600922168	0.37242395420371527	0.45546248978706316
0.1272745894654877	0.3951141267554729	0.47761128377903944
0.10726015944101427	0.3958611115299544	0.4968787290290314
0.10212168622195406	0.4290605833010678	0.4688177304769783
0.15582594648856238	0.36329291382369444	0.4808811396877433
0.13533471499569902	0.38113315601966596	0.48353212898463516
0.20062312713259936	0.3605847593868188	0.43879211348058195
0.13247538679090404	0.420898895804209	0.4466257174048871
0.13607867648585928	0.376269452991724	0.4876518705224169
0.10002099056912478	0.42256786076601477	0.47741114866486056
0.1254214179856772	0.4039185780362903	0.47066000397803265
0.07851406161262026	0.4286919834204417	0.49279395496693823
0.11394467998734803	0.3958986119119421	0.49015670810071
0.1387031098118961	0.3623165806268867	0.4989803095612173
0.11264794890134455	0.4137333990857457	0.47361865201290987
0.0709142262519995	0.42861079752173126	0.5004749762262694
0.10658447664553813	0.3857341323766654	0.5076813909777966
0.11921717357826883	0.38956992117808364	0.49121290524364764
0.20605404548867193	0.35804827398175043	0.4358976805295778
0.11887713402332262	0.3681949822150939	0.5129278837615836
0.1526140509300679	0.3887843738012013	0.4586015752687309
0.1271962058274446	0.35906137907454755	0.513742415098008
0.11716287881022114	0.36721281456756527	0.5156243066222137
0.1472946641288842	0.4134885620113774	0.4392167738597385
0.06606685503651033	0.4251989866638194	0.5087341582996705
0.1379144269424653	0.39537787934664265	0.46670769371089216
0.13679690866986072	0.3723879035965745	0.4908151877335649
0.1720849009402372	0.3902240379345241	0.4376910611252388
0.17227559734611392	0.3890674735932831	0.4386569290606031
0.12474621164675576	0.41951785472223085	0.4557359336310135
0.11785289725284431	0.3872525157670006	0.4948945869801552
0.1565202191992452	0.3877809565208504	0.45569882427990455
0.15157015270182655	0.3880463979682525	0.46038344932992104
0.12098326925436875	0.3815551727544012	0.4974615579912302
0.1095511163671864	0.38593695669062733	0.5045119269421864
0.19558933713349871	0.3735073576146134	0.430903305251888
0.16272573491081832	0.3815717645929215	0.45570250049626027
0.13975723623971212	0.39263954448988675	0.46760321927040127
0.1672991048734117	0.3731330513460843	0.4595678437805041
0.10490529984627772	0.3919131887446442	0.5031815114090782
0.17163389169989524	0.3767544342714664	0.4516116740286385
0.11555681816168978	0.405507297652821	0.4789358841854893
0.1084686422413107	0.37843296618488453	0.5130983915738049
0.17488115681979943	0.3726950555952899	0.45242378758491075
0.0693471613912261	0.4286160190261401	0.502036819582634
0.15682268197662896	0.36614998112571606	0.4770273368976551
0.16580227293617494	0.4028566687503967	0.4313410583134285
0.12969576801979305	0.39973847524284545	0.47056575673736156
0.19769136496373385	0.36355123543520296	0.4387573996010633
0.16031956584230322	0.40966023643933197	0.43002019771836486
0.0980902863107993	0.3980211168509909	0.5038885968382099
0.2034968576561017	0.3661608428379983	0.4303422995059001
0.13751599722809718	0.3973617686253043	0.4651222341465986
0.17357088212014007	0.386637337307146	0.43979178057271406
0.13596751276271413	0.38284056390041465	0.48119192333687133
0.15864355108339345	0.39917160048308475	0.44218484843352196
0.1373028121851027	0.3897935396759702	0.47290364813892727
0.09360992029139398	0.40866452259446745	0.4977255571141387
0.13231208725323326	0.41842110981146485	0.44926680293530197
0.12180453234511443	0.3994427883277454	0.4787526793271403
0.12012186627378052	0.37936229105757235	0.5005158426686472
0.17244015220005407	0.3674716522924919	0.4600881955074541
0.15070067610793464	0.4068404341915007	0.4424588897005648
0.13736215992167347	0.3696942195496341	0.49294362052869256
0.12141738691430665	0.4162961642940003	0.46228644879169317
0.12950992404187	0.3594998389477932	0.510990237010337
0.09292969693143932	0.3946282780027982	0.5124420250657626
0.1308975621960925	0.410454271834522	0.4586481659693856
0.10060355583776415	0.4298072299063134	0.46958921425592254
0.18401198687486028	0.3735711635560971	0.4424168495690427
0.1307539826261208	0.3610473094981113	0.508198707875768
0.08261791237587146	0.41960427491283414	0.4977778127112945
0.13986319381982745	0.39855337014791087	0.4615834360322618
0.1117324361014298	0.4273962478425556	0.4608713160560147
0.08736283187951444	0.4110091564343838	0.5016280116861019
0.1360104959016188	0.3780843339193218	0.48590517017905954
0.16620577464715708	0.36455322678376056	0.4692409985690824
0.09019127867782778	0.3940473542507922	0.5157613670713802
0.0935664878618542	0.42471402181041906	0.4817194903277269
0.08228249091420808	0.41761613506350137	0.5001013740222907
0.10742639489134559	0.4297920416000153	0.4627815635086393
0.08752878976294498	0.40374306345186006	0.5087281467851951
0.1932331239993822	0.37274617417673533	0.4340207018238826
0.08863889881496176	0.39709252953720753	0.5142685716478308
0.12826444656051292	0.41218727708638697	0.45954827635310025
0.15795386718815363	0.36671518845959716	0.4753309443522493
0.11543710680417993	0.36707629017518656	0.5174866030206337
0.12092416882500284	0.415524271722974	0.46355155945202325
0.10025180586198729	0.41243451577856316	0.4873136783594497
0.1689028016740664	0.38931757356658714	0.44177962475934657
0.1725171894721623	0.3806244899724283	0.4468583205554095
0.08700303985899388	0.4158030573014666	0.4971939028395397
0.15324968488847845	0.3853579168416046	0.46139239826991707
0.06314599681444694	0.4282633452471304	0.5085906579384227
0.09200308021184278	0.42813610972630556	0.4798608100618518
0.15203191816345107	0.3854084858219124	0.4625595960146367
0.17945849030799288	0.3792647900395671	0.44127671965244014
0.06870521393479995	0.4306208108993358	0.5006739751658644
0.10213311742861494	0.4020711706572212	0.495795711914164
0.1380854829446856	0.41111578663076564	0.4507987304245489
0.1617125860135954	0.40283807175006237	0.4354493422363423
0.16571338624370618	0.4019871598996209	0.432299453856673
0.1808278360859886	0.3674147191587863	0.45175744475522517
0.09486769291750763	0.40791071428177944	0.49722159280071304
0.1889078393339393	0.3691817627259337	0.4419103979401271
0.1556515116133724	0.3648313469852207	0.479517141401407
0.1230095346984168	0.378957640454387	0.49803282484719635
0.1425253734192875	0.3988618710922749	0.4586127554884378
0.0648226292505194	0.42439639454278794	0.5107809762066928
0.12055887145446664	0.4005419420280649	0.4788991865174686
0.09186163398473701	0.3908829855595097	0.5172553804557535
0.11728126571084269	0.4046586692719091	0.4780600650172484
0.09163908635815221	0.40383183771336145	0.5045290759284864
0.15237375667699654	0.40843816051512705	0.4391880828078766
0.12739373316724859	0.41970095990085915	0.4529053069318924
0.09415297531019587	0.4311767650054029	0.47467025968440135
0.1475461117984369	0.37777323833617815	0.47468064986538505
0.18459885490636693	0.38481104555522827	0.4305900995384049
0.1349997720061546	0.40351125342851624	0.4614889745653293
0.14486501056239687	0.41397149942128253	0.4411634900163207
0.11515521895339964	0.3884783151218443	0.4963664659247562
0.16666010839209258	0.394585086188579	0.43875480541932854
0.07724218778070513	0.41835957245556427	0.5043982397637308
0.1174946988644725	0.4303236567046252	0.4521816444309024
0.05228075555982348	0.4308635138652418	0.5168557305749348
0.11651880179403351	0.42882553183242317	0.45465566637354343
0.16731000667764004	0.37736963671919327	0.45532035660316683
0.1333339870935407	0.37699700708954753	0.48966900581691186
0.14769557249914156	0.3958211183399194	0.45648330916093915
0.11926326965131914	0.38875092994791544	0.49198580040076556
0.1797003895288615	0.36574849371402546	0.4545511167571132
0.06929292861274194	0.4197506593466017	0.5109564120406564
0.10994548741834442	0.420800705213907	0.46925380736774874
0.12325488191313788	0.36752598070984643	0.5092191373770159
0.11566223246102147	0.40111699640381115	0.4832207711351676
0.13371207069786567	0.38720643520610754	0.4790814940960269
0.14824826369729327	0.3908139385725424	0.4609377977301645
0.13774040697813272	0.4104797448017495	0.4517798482201179
0.10833128443255965	0.3953182535081495	0.496350462059291
0.07988317176103699	0.4138878513937445	0.5062289768452186
0.17370957119658526	0.3692443621463658	0.45704606665704905
0.17431963533823308	0.3702426207851348	0.45543774387663216
0.10184570285593109	0.38169246815592306	0.516461828988146
0.1368195579576018	0.36491148974940935	0.498268952292989
0.1307920419923821	0.41582322443244546	0.45338473357517256
0.12128008495993586	0.42100979134116634	0.45771012369889785
0.09637192077646684	0.3913995104859282	0.5122285687376051
0.15588933511632008	0.36134885167646646	0.48276181320721356
0.16649314431422388	0.3709041085372799	0.46260274714849636
0.07618604219348168	0.4161186535877067	0.5076953042188117
0.18808244873325253	0.3800266031605674	0.4318909481061802
0.12714665626542784	0.3641214553868358	0.5087318883477364
0.181213822382723	0.37149208952980683	0.4472940880874703
0.19627799235984938	0.360412407638802	0.44330960000134867
0.12681112849252796	0.36257175680238435	0.5106171147050879
0.07278124803247105	0.41096109357159744	0.5162576583959316
0.1533959970819217	0.398909780263661	0.4476942226544174
0.10678207609265936	0.38427602474105516	0.5089418991662856
0.1004435434668842	0.4233991080732292	0.47615734845988666
0.08241417164125986	0.409271107874517	0.5083147204842233
0.09026150580648828	0.3958015108484313	0.5139369833450805
0.1393726205687497	0.3992551425054246	0.46137223692582585
0.06436505805374543	0.42236387916264045	0.5132710627836142
0.13797814047804047	0.3605419407078227	0.501479918814137
0.11525322463384996	0.380386583928324	0.5043601914378262
0.11366726250648945	0.383699558684619	0.5026331788088917
0.1560976759890048	0.3614265812147103	0.482475742796285
0.12805015602800746	0.42043136446494145	0.45151847950705115
0.1692341819487221	0.3647324635879882	0.4660333544632898
0.15762189613115052	0.4095819767978288	0.4327961270710208
0.14663216595237544	0.3724125026486849	0.48095533139893976
0.17895056024349582	0.369777335144282	0.4512721046122223
0.12143205548192404	0.4181652026568988	0.46040274186117724
0.14361567115706098	0.36778290139813585	0.48860142744480334
0.11807555530134092	0.38196863230806727	0.49995581239059195
0.1322384679547926	0.37152825103739284	0.49623328100781466
0.13996284036937176	0.4253408128846352	0.4346963467459932
0.16189024826443377	0.37846120755315144	0.45964854418241485
0.0956570605934221	0.3879720709163599	0.5163708684902182
0.11548549038784434	0.43111233246453884	0.453402177147617
0.0958010915466258	0.4253767423589123	0.47882216609446204
0.1029388385100482	0.3903223027375576	0.5067388587523943
0.14677608852894647	0.4159770254621876	0.437246886008866
0.15344693251531485	0.37658950943063085	0.46996355805405443
0.14941771608820503	0.4002934583292158	0.45028882558257927
0.11698261475467953	0.4287744437221106	0.45424294152321
0.14589821870439446	0.3741048581944345	0.47999692310117115
0.11968851925510066	0.40992191566958974	0.4703895650753097
0.09494399971664835	0.411880404716214	0.49317559556713775
0.1336329239270242	0.40145010991057345	0.46491696616240247
0.18686806409700452	0.35784393284592086	0.45528800305707473
0.1283339970918892	0.41622238946258977	0.4554436134455212
0.1223948319195668	0.3648800460173855	0.5127251220630479
0.1595660620951507	0.36468713896145694	0.4757467989433925
0.12996509708687504	0.3632718940082308	0.5067630089048942
0.09116015024336666	0.4180777122672259	0.49076213748940756
0.09683797160150409	0.42133449094704906	0.48182753745144696
0.12812147461385598	0.37022133366168264	0.5016571917244615
0.1572316858154314	0.4059653576276989	0.4368029565568698
0.13259307953938984	0.42588972150600446	0.44151719895460584
0.1117839185473018	0.4283309376360357	0.4598851438166626
0.07671098650203834	0.425478584885284	0.4978104286126778
0.1524318609025002	0.4155942224293004	0.43197391666819956
0.13822950105107487	0.38273748297035526	0.47903301597857
0.12830432551740872	0.35905589060030063	0.5126397838822908
0.17564633781146222	0.38634696553598297	0.43800669665255487
0.12369170064704763	0.4205682070442901	0.4557400923086624
0.10287450398504405	0.41117857732634944	0.4859469186886066
0.15912973755506507	0.38677301267886677	0.45409724976606824
0.1960222405003466	0.3739808291239878	0.4299969303756657
0.10438037397473673	0.38612257190244836	0.509497054122815
0.13321945467437873	0.37325144299101115	0.4935291023346102
0.10657809939785931	0.37932664228954616	0.5140952583125946
0.10600100824141584	0.41321380114938483	0.4807851906091995
0.10365813206223629	0.43052193108663056	0.4658199368511333
0.14355848129566806	0.40871064800445644	0.4477308706998756
0.10897428631446487	0.4091073798688135	0.48191833381672167
0.1025684055000459	0.4301313603976356	0.46730023410231863
0.12356385905906753	0.43042274069746356	0.446013400243469
0.09379995518183484	0.4196357170634434	0.4865643277547219
0.1431015109886497	0.4044755444797568	0.4524229445315936
0.08894542372645728	0.40335534287552033	0.5076992333980225
0.14781050050382144	0.36245716767445285	0.4897323318217258
0.12022947880653673	0.402758814948241	0.4770117062452224
0.07083696732326089	0.42487094880682347	0.5042920838699158
0.14256618729065848	0.35801268920316226	0.4994211235061794
0.11737638987642579	0.3670990826155549	0.5155245275080195
0.10010653200703207	0.4113182792604235	0.4885751887325445
0.09887933326445669	0.4036080133338516	0.4975126534016918
0.12789355089180307	0.3791985367578674	0.49290791235032966
0.1539037362618093	0.3583330890254106	0.48776317471278025
0.146887152656033	0.3773383094681808	0.4757745378757863
0.10279663185135429	0.42198788925126246	0.47521547889738336
0.06456785064687687	0.42883111468331025	0.506601034669813
0.18958352449559773	0.3805866687372006	0.42982980676720184
0.14082986835044634	0.4189698332599087	0.4402002983896451
0.18591555867683995	0.38170631371060887	0.4323781276125513
0.10094658985242114	0.4271810241397568	0.4718723860078222
0.15189045681025692	0.3828039303160977	0.46530561287364547
0.11685469875255938	0.424441971078651	0.4587033301687897
0.1577502579894582	0.41040118971141465	0.4318485522991273
0.12620728429901634	0.4099611636541668	0.46383155204681703
0.11643659385821023	0.38019920958856335	0.5033641965532265
0.15680302257240025	0.39935258200560986	0.44384439542198995
0.13869557075177158	0.3875966361832346	0.47370779306499394
0.10043206128149246	0.3900309405610625	0.5095369981574451
0.1359304203241291	0.42122580655476705	0.4428437731211039
0.20303476296935904	0.36224555869308306	0.434719678337558
0.11848046198485629	0.373709660411908	0.5078098776032358
0.16159456116328721	0.37639747551398023	0.46200796332273264
0.13369769706650503	0.4210162753582047	0.4452860275752904
0.11502437975454585	0.3733819962659275	0.5115936239795268
0.11522687325276296	0.3971008516943876	0.4876722750528496
0.16146247214788167	0.36740243808199324	0.4711350897701252
0.14872368571758576	0.36430817842082963	0.4869681358615847
0.14687312564735985	0.37232635750558696	0.48080051684705327
0.13141423482655643	0.3845645121912201	0.48402125298222354
0.12284622718350988	0.36332520819537545	0.5138285646211148
0.09125339506678176	0.4276932663386959	0.48105333859452243
0.18131917729508173	0.3824611948650169	0.43621962783990154
0.12646420643803968	0.3996791158029624	0.4738566777589981
0.12662700796311688	0.40588430784704893	0.46748868418983436
0.08792745659911405	0.4137357694498467	0.49833677395103937
0.12106692476613129	0.43144088326695684	0.44749219196691203
0.13178153138068302	0.4183989202772971	0.44981954834202
0.09450748525149538	0.41339620543915456	0.4920963093093502
0.14267667235123516	0.38634948955815096	0.470973838090614
0.13316314103243	0.42725615619940904	0.4395807027681611
0.13505485787899915	0.42236884992708995	0.44257629219391104
0.11040002940956561	0.4008297725727883	0.4887701980176462
0.16679717259348564	0.374785411829764	0.45841741557675053
0.07388828689913168	0.4122111083112696	0.5139006047895989
0.13918327647003037	0.4288544930695097	0.43196223046046006
0.13422845991553886	0.4183085999126194	0.44746294017184185
0.1148730965053413	0.4098162675174488	0.47531063597721
0.13312548922556788	0.3716093220124031	0.4952651887620291
0.09086034736169118	0.41504065968050635	0.4940989929578026
0.11009183959383395	0.412193826926561	0.4777143334796052
0.15393212976293286	0.413128668608412	0.4329392016286553
0.17469107928785907	0.3619665782650199	0.46334234244712114
0.11412330121505462	0.4004769496703049	0.4853997491146406
0.19259971816324112	0.36785253928738093	0.439547742549378
0.12238812400630861	0.41870088049619464	0.4589109954974968
0.12915635132726044	0.3578811517965191	0.5129624968762206
0.09329277857175883	0.39813858564351845	0.5085686357847228
0.11060413413059633	0.42166272826348394	0.46773313760591984
0.18090979258944292	0.3668585020514937	0.45223170535906354
0.13879778437156284	0.40193938179196514	0.4592628338364721
0.18016345372331705	0.3831212673612625	0.4367152789154206
0.18977231846683804	0.37941915700794326	0.43080852452521884
0.19094338671823924	0.36122345230135905	0.4478331609804018
0.1334337820963416	0.39440739401257824	0.4721588238910803
0.11636613754774408	0.3957257631442515	0.48790809930800455
0.17514793532443135	0.3765867687624444	0.44826529591312436
0.14723894873028848	0.36301787480795356	0.48974317646175813
0.11511942228601446	0.3906553126257625	0.4942252650882232
0.09842677449633974	0.42877513444876475	0.4727980910548956
0.11524104853929265	0.3692674149607116	0.5154915364999959
0.10648313096105716	0.37743618050492866	0.5160806885340142
0.10839322510235955	0.40025155009440405	0.49135522480323646
0.1583880198390219	0.39440861811556877	0.44720336204540945
0.18588245990170632	0.37500184858994473	0.43911569150834906
0.15072256084670121	0.411725334273651	0.4375521048796479
0.17729974136124643	0.36452624787605653	0.45817401076269715
0.20640616847339688	0.3599978774870113	0.433595954039592
0.06147570903791233	0.4312078956660571	0.5073163952960307
0.15511571903189378	0.39802070080588414	0.44686358016222216
0.12860927272379835	0.3658642009991902	0.5055265262770116
0.16034908219360047	0.3694652469095999	0.4701856708967997
0.15902944636107513	0.3731608819347615	0.4678096717041635
0.16306085020759525	0.3751633947995045	0.4617757549929004
0.1469297801256433	0.35872779200011606	0.49434242787424076
0.13626899738083798	0.38965115186016086	0.4740798507590013
0.09910698731041878	0.4144216520096323	0.48647136067994906
0.05963061230159916	0.4250193386580803	0.5153500490403207
0.16758926980903477	0.36200778484555	0.4704029453454153
0.13161316028682207	0.3640348685337084	0.5043519711794696
0.12053713421317172	0.40509652468090623	0.4743663411059222
0.13021596170279068	0.36414722796737276	0.5056368103298368
0.08042982086292455	0.4203091241920031	0.4992610549450725
0.1497433117634241	0.4195156248590506	0.43074106337752543
0.17576989157032635	0.3922014463600669	0.4320286620696069
0.1490890678518179	0.3775204348929576	0.47339049725522464
0.08056499980072229	0.4025250780673104	0.5169099221319675
0.1527283730685479	0.3763131409180017	0.47095848601345053
0.17550286910036766	0.3641801929903191	0.4603169379093134
0.09632050532905737	0.41956893885100754	0.48411055581993523
0.1795328047701275	0.39041543391810635	0.43005176131176626
0.16253346134443225	0.3642134557857457	0.47325308286982215
0.13668746315430247	0.4009471814114214	0.46236535543427626
0.14777803859162048	0.3732937569855248	0.4789282044228549
0.09875329056097756	0.4312249283179662	0.4700217811210564
0.1621389807614235	0.3726013291285315	0.46525969011004514
0.1640507354530836	0.37185676773063714	0.4640924968162794
0.07224015575621567	0.4297683721451889	0.49799147209859557
0.11967562760837841	0.4081481851396797	0.472176187251942
0.11023472399758769	0.4298600273893829	0.45990524861302956
0.18449880352364773	0.36545549913201597	0.4500456973443364
0.08107878960376486	0.4248127603105925	0.49410845008564275
0.15140094306383642	0.35880401442255677	0.48979504251360695
0.14710142785414787	0.38210806426871485	0.4707905078771374
0.10660919306997552	0.39162614678522334	0.5017646601448014
0.07768031226798389	0.4301477938705791	0.4921718938614371
0.1315216912580337	0.4042331242768826	0.4642451844650838
0.13258107514860523	0.37377454214081546	0.4936443827105794
0.10399186822795514	0.4126859135633295	0.48332221820871546
0.11186233917254496	0.3766471904263382	0.511490470401117
0.1373700020154096	0.3660936814554974	0.49653631652909314
0.13902702840081008	0.3933485393658349	0.46762443223335515
0.19698644082095235	0.3600634096810844	0.4429501494979634
0.12024525407849052	0.4021137316088706	0.477641014312639
0.16116334137578825	0.38805132699187606	0.4507853316323358
0.08076111789754792	0.40166309328326383	0.5175757888191884
0.18751462852269607	0.3772533427800101	0.43523202869729394
0.13662839219918216	0.41659008508240547	0.4467815227184125
0.09966792112568185	0.42571172799081847	0.47462035088349985
0.19771054123584614	0.360183113154465	0.442106345609689
0.18788870283894948	0.37681971218202254	0.4352915849790281
0.199554831392046	0.3656758998101651	0.43476926879778904
0.18143495768957268	0.3696253774108231	0.4489396648996044
0.18011866693808937	0.38251639071857424	0.43736494234333645
0.1501937727488647	0.41990259233676774	0.42990363491436767
0.08143477811063166	0.4243702799424835	0.49419494194688496
0.08494488424941438	0.4175434612773865	0.4975116544731992
0.1822742035388143	0.36833862078643087	0.44938717567475495
0.13689438385089114	0.3870628544507728	0.4760427616983362
0.07499636480611055	0.42558597917232	0.49941765602156957
0.15522201533408092	0.3676549564551152	0.477123028210804
0.07438874408089324	0.421872499865906	0.5037387560532008
0.0980780159040125	0.42864685666276925	0.4732751274332184
0.1329254029168302	0.4214636777244569	0.445610919358713
0.13575826475302355	0.3805197265358099	0.48372200871116666
0.11024342666012088	0.37958371685682296	0.5101728564830563
0.08659617853451446	0.4255716804594766	0.4878321410060091
0.1726530369574056	0.3677858399916527	0.4595611230509418
0.1385721341348167	0.42071702958480217	0.4407108362803812
0.1401123456628963	0.377490473801944	0.4823971805351598
0.14829091398357525	0.4178558057968135	0.43385328021961145
0.14273213878278068	0.3768025045109098	0.48046535670630963
0.1374615284549145	0.41677082445359304	0.4457676470914925
0.09399098034546743	0.42001781809974925	0.48599120155478337
0.11235194128432352	0.37181884989455943	0.5158292088211172
0.11887829584015092	0.4291250500709989	0.45199665408885037
0.1568044078065192	0.37540995922149917	0.4677856329719817
0.12228946068255142	0.4170412131153489	0.46066932620209977
0.1095937241510963	0.3808542852536261	0.5095519905952777
0.18913789830385141	0.37914016936292605	0.43172193233322265
0.1546309161849076	0.3966245488510514	0.4487445349640411
0.10068384123715257	0.39450328232965587	0.5048128764331916
0.13122339354421303	0.38092376808510925	0.48785283837067783
0.18125834051859177	0.38526467899013545	0.4334769804912729
0.1283992974469455	0.42459361022823494	0.4470070923248197
0.1007341899121302	0.4211422845217467	0.47812352556612325
0.19852092374998606	0.3690595409205829	0.4324195353294311
0.18623653452311925	0.3717961016814014	0.4419673637954794
0.13630768504899532	0.42054172112306565	0.44315059382793914
0.13738380360352107	0.36890804013282996	0.49370815626364906
0.12642952605452482	0.4002001886417768	0.4733702853036985
0.056726340013326715	0.42839680574068023	0.5148768542459932
0.18483681860182463	0.3682177973268368	0.44694538407133866
0.12395164280084048	0.41572900169449956	0.4603193555046601
0.11503420628746322	0.4118351291587691	0.47313066455376784
0.0650487904729582	0.4235788375895002	0.5113723719375417
0.08233099628108759	0.40366049025492234	0.5140085134639902
0.15109123577395905	0.39010667356013234	0.4588020906659087
0.11172910663440705	0.3920721640115516	0.4961987293540415
0.0922161068957772	0.39560782441471865	0.5121760686895043
0.08026910388255576	0.40709273770391	0.5126381584135343
0.07568001903687582	0.407002705346449	0.5173172756166753
0.1356073911128569	0.3990099613646102	0.465382647522533
0.14820444085017853	0.37963775799400895	0.47215780115581263
0.14494167593289883	0.418530879121177	0.4365274449459243
0.16307393603060258	0.3583848509300056	0.47854121303939195
0.14698588775917934	0.41407960340322636	0.4389345088375944
0.16489125259449183	0.3680442605422743	0.467064486863234
0.1519865295407354	0.375910581275449	0.4721028891838157
0.12028183809857618	0.37692127981608414	0.5027968820853398
0.13702129605083213	0.36738554225103437	0.4955931616981336
0.16950015885309744	0.3909797691317894	0.43952007201511334
0.1406567394221281	0.37978658071342164	0.47955667986445033
0.1351327699218621	0.3860535377698098	0.47881369230832826
0.13045190585578675	0.36208111004728355	0.5074669840969298
0.16791290355033994	0.3622005392146102	0.46988655723504996
0.07016053018090063	0.42171759954573007	0.5081218702733694
0.11623095619699164	0.40953441031255255	0.47423463349045597
0.20786379304048314	0.3617793779303562	0.4303568290291608
0.1311908320124563	0.4050383746431571	0.4637707933443867
0.0951208346955787	0.4238333582694598	0.4810458070349616
0.096642626085152	0.4271127291730915	0.4762446447417566
