0.15836366787861297	0.3786017845090046	0.4630345476123825
0.16134913233749912	0.38387454557000145	0.4547763220924995
0.15832582126385458	0.3880981016887981	0.4535760770473474
0.1527687039589345	0.38066866417643935	0.4665626318646262
0.16081338407713708	0.37847730619439035	0.4607093097284727
0.15468591971196982	0.3848277838491597	0.4604862964388706
0.1617733840067631	0.3797756818811849	0.45845093411205207
0.15543246198664745	0.3875276565965708	0.45703988141678187
0.15237428355540622	0.38613172400865653	0.46149399243593736
0.15474302087017106	0.37864881682767576	0.4666081623021533
0.1565401412863725	0.3763052893757988	0.46715456933782884
0.1606738992000669	0.38590908531162277	0.4534170154883104
0.15587742075823288	0.3817034455111068	0.46241913373066046
0.16219376003370947	0.38223827241328706	0.45556796755300355
0.16359832410921088	0.3751918177549126	0.46120985813587667
0.15635072824897378	0.37912425068298017	0.46452502106804616
0.15855490132384836	0.37595120207007504	0.4654938966060767
0.15600923783397552	0.37814374699415215	0.46584701517187244
0.1522820012554764	0.38073454292484354	0.4669834558196802
0.15990126702224383	0.37586560573972827	0.464233127238028
0.1640959339043926	0.379523532067794	0.45638053402781353
0.16032540914501847	0.3857388749907939	0.45393571586418774
0.15761523297798063	0.3815066141306279	0.46087815289139156
0.16064038653343468	0.3782463531261908	0.46111326034037464
0.15720133301412134	0.3856229134927549	0.4571757534931239
0.16277769195677436	0.38190303496525796	0.45531927307796777
0.15353948373711676	0.385413998116807	0.4610465181460764
0.16099945327706777	0.3779722302742231	0.46102831644870923
0.15268432331923698	0.3820693374239575	0.4652463392568057
0.15201236023394166	0.3839844449872699	0.4640031947787886
0.15703646195728727	0.3895837744967179	0.45337976354599496
0.1565604327636903	0.3760347353879184	0.46740483184839143
0.16148229996273922	0.38408544261945543	0.45443225741780546
0.1547609996995042	0.3814254295893349	0.463813570711161
0.15856958979172886	0.38822685533813583	0.4532035548701354
0.16362089015496073	0.38133013958781037	0.455048970257229
0.16277795651176244	0.37539051590356365	0.46183152758467405
0.15356889856043038	0.38558215195733403	0.46084894948223565
0.16250092930792598	0.38082909030586226	0.45666998038621187
0.1620395272905104	0.379600145529465	0.4583603271800247
0.1614912775734521	0.3846042559629963	0.45390446646355176
0.1548774753938469	0.38873412352036046	0.4563884010857928
0.1595651992114776	0.37895056044282505	0.46148424034569746
0.15171992912985738	0.3843884134328759	0.4638916574372669
0.1531340076465313	0.3887677475629633	0.45809824479050554
0.15628424847767497	0.3810751409953886	0.4626406105269365
0.16265768843627681	0.3783502742880963	0.458992037275627
0.15490226443801267	0.3799059655121592	0.46519177004982826
0.16132031669026298	0.380220268516338	0.45845941479339913
0.16382751702095524	0.38026551877215176	0.45590696420689314
0.15367819560459506	0.3856671865446419	0.46065461785076317
0.161922897532912	0.3760280139187251	0.462049088548363
0.15460297120852218	0.38316500863044445	0.46223202016103354
0.1527740371213592	0.38632775622456383	0.4608982066540771
0.1630093609184248	0.3768665337520789	0.46012410532949644
0.1622635825239761	0.3753568025502984	0.46237961492572555
0.16173233199613568	0.3857713564491986	0.45249631155466585
0.16213393774836762	0.37861942323894726	0.45924663901268525
0.15728554032476466	0.3767933379587284	0.465921121716507
0.15889149133961838	0.3872371051710173	0.4538714034893645
0.1553995087014551	0.3866844949149562	0.4579159963835888
0.16112948862878423	0.38518690912299264	0.45368360224822324
0.1607150051466376	0.3762636182223976	0.4630213766309649
0.15577337154424875	0.38478780194545875	0.45943882651029266
0.15942545355300497	0.3757707592338016	0.46480378721319354
0.15631936571922472	0.383265734011185	0.46041490026959037
0.16277409669080803	0.380648038308533	0.4565778650006591
0.1576203602423133	0.3841230978435943	0.4582565419140926
0.15554543284596717	0.38957419087997197	0.454880376274061
0.1592711089955211	0.3754628411146922	0.4652660498897868
0.15696309536751135	0.38476906584596643	0.45826783878652233
0.1605996734653375	0.38373084969372334	0.4556694768409393
0.15389700712960905	0.3839657311872179	0.4621372616831732
0.1590334782805674	0.38710676047787695	0.4538597612415558
0.1547810850110361	0.384090232285687	0.461128682703277
0.15149173983865627	0.3861659175853021	0.4623423425760418
0.16029264928882697	0.3853625329888146	0.45434481772235846
0.15970404487424472	0.3788171333781618	0.4614788217475936
0.15718582159809197	0.37609892954606483	0.46671524885584337
0.15726594536213678	0.3838206245520462	0.4589134300858172
0.15594420237289375	0.38472371029194263	0.45933208733516373
0.15985506542820277	0.3816775414104497	0.45846739316134766
0.154422348627953	0.38728347100021365	0.45829418037183345
0.1566677745206052	0.3820057742275048	0.4613264512518901
0.156867457530969	0.3822886538768223	0.46084388859220876
0.15174971349953728	0.3814876557364242	0.4667626307640387
0.16001105521471012	0.3779966126940048	0.46199233209128515
0.15884990820777325	0.38149830364217197	0.4596517881500549
0.1519060601079803	0.38543794231593154	0.46265599757608833
0.1521539366464948	0.3808823972903823	0.46696366606312306
0.1551751126239116	0.38072617065310277	0.46409871672298575
0.16312605871228286	0.3841509140454342	0.45272302724228297
0.1600233111633505	0.3766223088740172	0.4633543799626324
0.1624787445009256	0.37806922554960953	0.459452029949465
0.1576905537003602	0.38036193579780114	0.4619475105018388
0.15150276621675518	0.38289234547350975	0.46560488830973523
0.16176587362578077	0.3750383037599648	0.46319582261425457
0.16398976169298013	0.3793982734256211	0.4566119648813989
0.15149328601060705	0.3878945640757492	0.4606121499136439
0.1592633794850673	0.3867962616721954	0.4539403588427374
0.16134329812023873	0.3840552372783463	0.4546014646014151
0.15190511373351367	0.3871952958856072	0.46089959038087924
0.15475326818993324	0.3877602787280072	0.4574864530820597
0.15963996137379635	0.38562482556926747	0.4547352130569363
0.15554387401707098	0.3892276015677276	0.4552285244152015
0.15953546677935718	0.38110561779588953	0.4593589154247534
0.1573036249412999	0.3893881710360432	0.45330820402265704
0.1624099993118193	0.3786772440101334	0.45891275667804743
0.15747902614251988	0.3833556437182734	0.4591653301392068
0.15794696960515398	0.3780839133280283	0.4639691170668178
0.15581180416021942	0.3817766741597592	0.46241152168002153
0.1573755531249424	0.37556195397602304	0.4670624928990347
0.1580643102660036	0.38861446315842185	0.45332122657557467
0.15271675775674687	0.3857398753281424	0.46154336691511083
0.15326390304855989	0.38722864273942725	0.459507454212013
0.15359326776125676	0.3789962572799924	0.467410474958751
0.15820564416903188	0.38519476543126285	0.4565995903997054
0.15900190714232015	0.38027589942820333	0.4607221934294766
0.15912262244598993	0.3880459360236503	0.4528314415303599
0.16243960995630025	0.3750670761402087	0.4624933139034912
0.15163320350068238	0.38261454094161107	0.4657522555577066
0.1599465692246525	0.3864512711652424	0.45360215961010514
0.15867378820421557	0.3861122666624051	0.4552139451333794
0.16391869593790057	0.38143060095044945	0.4546507031116501
0.159854528918287	0.3807806097078151	0.45936486137389804
0.16177961193740148	0.37794372950575655	0.4602766585568421
0.15324438676962138	0.3810820968361815	0.4656735163941973
0.15726970175873006	0.3800975701136604	0.4626327281276097
0.15870603446018317	0.3778313797342271	0.46346258580558986
0.1526657079607217	0.38912977872651855	0.4582045133127598
0.16087192869022035	0.3862908063115803	0.4528372649981995
0.16030030264619727	0.38573822341154057	0.4539614739422623
0.16142851566037086	0.37880520582612925	0.4597662785135
0.15405734167091065	0.3834069902780095	0.46253566805108
0.16078155860690946	0.38199539926072273	0.457223042132368
0.16113226016360258	0.3784311006304385	0.46043663920595906
0.15238622263834878	0.3846927278285993	0.4629210495330521
0.16137796536389679	0.38598015935874275	0.4526418752773606
0.1583442215558674	0.37584828901835204	0.4658074894257807
0.15515345679272935	0.3826838426140211	0.4621627005932497
0.15501912833462822	0.38466720344190874	0.46031366822346315
0.15674129659835342	0.3836719194336907	0.45958678396795594
0.1618442651698662	0.3750370978393982	0.46311863699073574
0.15679053857672146	0.3891661488902884	0.45404331253299024
0.16186611952032412	0.3791926105151898	0.45894126996448614
0.16204817570048746	0.3828512185300056	0.45510060576950706
0.16262454028661794	0.3795273349734065	0.45784812473997566
0.16104789031689548	0.3796790057932588	0.4592731038898458
0.16127823155222598	0.385185155775211	0.4535366126725631
0.15807136889912737	0.3786039218215118	0.463324709279361
0.15758705797357714	0.37983474571460724	0.46257819631181574
0.15590549423171274	0.3838757078421563	0.4602187979261311
0.15532235574423991	0.3894505240941563	0.45522712016160394
0.15144412803816998	0.3884051973493381	0.46015067461249204
0.1579298927249581	0.37974934190578113	0.4623207653692609
0.16237196988250754	0.38122857680942407	0.4563994533080685
0.15617597633744867	0.38462626347713325	0.45919776018541825
0.15558269321518842	0.3842780614953632	0.4601392452894485
0.15871064810035876	0.3761348543387395	0.4651544975609019
0.15627112367381102	0.3796550019727173	0.4640738743534718
0.1557474902650538	0.3831018823691559	0.4611506273657904
0.1569697084930712	0.38772101767257977	0.45530927383434916
0.15489374606354755	0.387427827851922	0.4576784260845306
0.15645186873296735	0.38911854375404603	0.45442958751298673
0.15163394106743616	0.3855386672872866	0.46282739164527736
0.1580106168134658	0.3803311877586889	0.4616581954278454
0.15519236780306794	0.37881159183482777	0.4659960403621044
0.15998263474316418	0.37547618283395084	0.4645411824228851
0.1527643165197187	0.38100543505595674	0.46623024842432464
0.16333538881680376	0.38234591885279023	0.4543186923304061
0.1559779128074254	0.3887479488763902	0.4552741383161846
0.15971644606051708	0.3872660759801417	0.4530174779593414
0.16029374847822797	0.381163901696342	0.4585423498254301
0.15397982892560014	0.3866252651475207	0.45939490592687926
0.1601126649213922	0.3842228047791155	0.4556645302994924
0.15670434733572625	0.37992156946188094	0.46337408320239293
0.1560841282153505	0.3798927328670698	0.4640231389175798
0.15549581982462107	0.3799187912059142	0.46458538896946483
0.15440554136000825	0.38724578427450196	0.4583486743654899
0.1621745632188038	0.38199936309764915	0.45582607368354716
0.15233212332279908	0.3841547950824441	0.4635130815947569
0.15687476954148838	0.3887738244121027	0.454351406046409
0.15799917142096429	0.37981357755844675	0.46218725102058905
0.15483515721926108	0.3880038149413874	0.45716102783935164
0.15872613814647435	0.378537229915134	0.46273663193839176
0.16077666694369652	0.38295386344861015	0.45626946960769343
0.15473970833667644	0.388783166387075	0.4564771252762487
0.15738433470967406	0.37894219293199105	0.463673472358335
0.15544781602034435	0.38888824110961995	0.45566394287003587
0.15283231572036582	0.38706355266967496	0.46010413160995933
0.16316466447800806	0.37648917221066097	0.46034616331133105
0.1595796274750112	0.3851596778686377	0.4552606946563512
0.15783310464765218	0.3818031243771296	0.4603637709752183
0.15902762833720357	0.37981034938544583	0.4611620222773507
0.1585933217625275	0.3819886863479067	0.4594179918895659
0.1621939173325281	0.37524631961341065	0.4625597630540613
0.1535131216510941	0.38845837521712817	0.4580285031317779
0.15630807010565032	0.3847024762045395	0.45898945368981026
0.1636748478236953	0.38207491659054915	0.45425023558575567
0.1638058244993572	0.37493533316562105	0.46125884233502185
0.1530021919529514	0.3819164654033503	0.4650813426436984
0.1636654032275534	0.3784567185064824	0.4578778782659643
0.15341289284715282	0.3818729404460937	0.4647141667067536
0.15278919744238786	0.38533812596590805	0.4618726765917042
0.1585443243758799	0.3797749322085146	0.4616807434156056
0.15992948724073308	0.38118948202305797	0.4588810307362091
0.1618113946448848	0.37578933874317455	0.46239926661194075
0.16001193240191708	0.3846064999832986	0.45538156761478443
0.15297210530570837	0.3863812505250658	0.46064664416922596
0.15900792623551538	0.3875197297829114	0.4534723439815733
0.16328839409068036	0.3831122936210023	0.4535993122883175
0.16114204968790335	0.38344320077922206	0.4554147495328747
0.1524237042570692	0.38038541367164047	0.46719088207129045
0.1617691760549616	0.3811418866013499	0.4570889373436886
0.1547739446053955	0.3806112413377225	0.46461481405688215
0.15434441671158602	0.3839493891367117	0.4617061941517024
0.1593616924175705	0.3760171433141627	0.46462116426826694
0.15529339552801724	0.3790263740571339	0.46568023041484896
0.1624313326876417	0.37749459349052195	0.4600740738218365
0.15990507993493708	0.38581862056572475	0.45427629949933823
0.1554195621562734	0.38150496440562703	0.4630754734380997
0.15437909035016784	0.38194587517424416	0.4636750344755881
0.1634038029127628	0.38047257016435043	0.4561236269228869
0.15316594727374125	0.3803141998482613	0.4665198528779976
0.15574380261823517	0.3885239465023892	0.45573225087937574
0.15764844571195413	0.3799895679268767	0.4623619863611693
0.15703696129511968	0.38399007285521913	0.4589729658496613
0.15710589546577544	0.3818832740479995	0.4610108304862252
0.156784254702155	0.3818658098165937	0.46134993548125147
0.16374569537856873	0.3772217308205946	0.45903257380083673
0.16202531460894254	0.38344898049503295	0.4545257048960246
0.1555890720912365	0.38128816642491203	0.46312276148385156
0.16170297500584094	0.38248020810045813	0.45581681689370107
0.15885546430555103	0.38639050887781284	0.45475402681663624
0.15579303965583105	0.38311651847701644	0.46109044186715265
0.16277397349411454	0.38473798819297717	0.4524880383129084
0.1593722806501871	0.378080346208214	0.462547373141599
0.15784857463784052	0.38351385489845136	0.45863757046370823
0.16401400026380974	0.3776033755330805	0.45838262420310993
0.15630033369440616	0.3841467440995653	0.4595529222060286
0.16389142646763843	0.3776901748588041	0.4584183986735576
0.16134633363250733	0.3800079809126332	0.45864568545485956
0.16218314717617477	0.3793200739420218	0.4584967788818035
0.15982719841666326	0.38159802531965886	0.45857477626367804
0.15523269002549914	0.3851285776712175	0.4596387323032835
0.15880780354348112	0.3855139005853955	0.4556782958711236
0.15166988535459974	0.3850987146306827	0.46323140001471763
0.15209715105392935	0.3819058590574869	0.46599698988858385
0.1567081147156835	0.3780452939174079	0.46524659136690877
0.15755464699514488	0.3805016302460094	0.4619437227588458
0.16393964773711267	0.38267405898531137	0.45338629327757607
0.16244792479286577	0.3775670838038776	0.45998499140325677
0.15453207141701147	0.3847768805375346	0.460691048045454
0.15818882566902856	0.38493286551885686	0.4568783088121147
0.1539838528840078	0.3800593014937481	0.46595684562224426
0.154337755044816	0.3880304370685498	0.4576318078866344
0.1566904628947569	0.3872775762302599	0.4560319608749833
0.15541538696610577	0.38114151333400714	0.46344309969988723
0.15962002661106248	0.38160710433544637	0.45877286905349124
0.15457953397279545	0.3894470227538893	0.45597344327331535
0.15782804029489106	0.38505818877553216	0.4571137709295769
0.15828991356004635	0.37677648109636064	0.4649336053435931
0.15750723859574078	0.38091254583219775	0.46158021557206164
0.1636373723485133	0.37746329537612355	0.4588993322753633
0.15151334908650949	0.3851828972483557	0.46330375366513493
0.16341746484948316	0.3757083529903068	0.46087418216021014
0.15959437818072458	0.38043580783946174	0.45996981397981374
0.16292963997448176	0.3827223725029251	0.45434798752259326
0.1518793198280311	0.3853183063990744	0.4628023737728947
0.15885418548833008	0.38401990103545425	0.4571259134762158
0.15604199882940847	0.38214690547311114	0.4618110956974805
0.16161740564682267	0.38276702756839526	0.4556155667847822
0.15311206350842982	0.3852730848416356	0.46161485164993465
0.16307544874232982	0.3787277902429018	0.45819676101476847
0.15692307521204335	0.38642784922033374	0.456649075567623
0.16088003246749083	0.3801645690118114	0.4589553985206979
0.1528899618500863	0.3830952342436509	0.46401480390626293
0.16148541232695296	0.3797726650437804	0.45874192262926683
0.1546431881734706	0.38368782149937725	0.46166899032715225
0.15921611302012678	0.38090691477592103	0.4598769722039523
0.1541969067326952	0.38449737777647197	0.461305715490833
0.15579774905958288	0.3813693357320245	0.46283291520839276
0.15964929807030587	0.3763716580057237	0.46397904392397055
0.15896634403045307	0.385067174618305	0.4559664813512421
0.1519872568807078	0.3876681795658526	0.4603445635534397
0.15895311092595055	0.3879831058012041	0.45306378327284547
0.1591529730453204	0.38008001459561036	0.4607670123590694
0.15584239135072786	0.38713644432839456	0.4570211643208777
0.15801419560283675	0.3815234163272782	0.4604623880698852
0.1522957171592943	0.38672122286361327	0.46098305997709255
0.15957555139519125	0.38219017215724105	0.4582342764475678
0.15653583636255958	0.38415290022467	0.4593112634127705
0.15758112020995782	0.3874227604477134	0.454996119342329
0.16191650535020455	0.38147247772552173	0.4566110169242738
0.15343560028087264	0.3862254197970456	0.4603389799220819
0.1617400444750975	0.38144849066780917	0.45681146485709345
0.15159143298314298	0.3869439506513096	0.4614646163655476
0.15190310923137754	0.382968774847652	0.4651281159209706
0.16029084984715208	0.37767822236548815	0.4620309277873599
0.155983540131739	0.3863227973357726	0.45769366253248844
0.16131793987416104	0.37811819621486586	0.46056386391097326
0.15195747016863484	0.38700542187375064	0.46103710795761466
0.1581996067230242	0.3809719001126185	0.46082849316435737
0.15334478013625824	0.3876360157360944	0.45901920412764746
0.15292851950286068	0.380832833630502	0.4662386468666374
0.15508021238857955	0.3812513235901445	0.46366846402127604
0.15388521005754857	0.3889006269013746	0.45721416304107687
0.15898663831491575	0.38314788238001557	0.45786547930506877
0.15175335781155494	0.38142659975559645	0.4668200424328488
0.1541045714804294	0.3847322940604818	0.4611631344590889
0.1591581961504703	0.37888797693788145	0.4619538269116483
0.1561593091993534	0.38545841429719896	0.45838227650344776
0.15558607336723757	0.3776088307276357	0.46680509590512687
0.1555249304087445	0.3834111269355231	0.46106394265573253
0.1595362491807109	0.37831387357954044	0.46214987723974876
0.1577247191279068	0.3783469250803932	0.4639283557917001
0.16368139204161547	0.3801143280327601	0.45620427992562457
0.1612797295048673	0.37829258520338266	0.46042768529175016
0.15751384514065153	0.3764127657660049	0.4660733890933436
0.16066414913748786	0.38471909170879875	0.4546167591537135
0.16119262393475597	0.38009239845174747	0.4587149776134966
0.1610621462744275	0.3792887558409895	0.4596490978845832
0.15224826514711928	0.38916816192559267	0.4585835729272882
0.15277368923039192	0.38185321713542353	0.4653730936341847
0.16358872076937897	0.3756024884652872	0.4608087907653339
0.16230808393707358	0.37701746020410803	0.4606744558588185
0.15459937527320836	0.3803940867877139	0.46500653793907787
0.15592621303156298	0.3858070975744287	0.4582666893940084
0.15331687931829668	0.389118890688168	0.4575642299935354
0.1620730378661765	0.38051747753805004	0.4574094845957736
0.16154062930926943	0.37877904554566655	0.45968032514506413
0.1539171358548604	0.3832358922951674	0.4628469718499723
0.15801672709531417	0.38130046454100736	0.4606828083636786
0.16411117958360982	0.376653489046132	0.4592353313702583
0.1545342605456484	0.3890364198801711	0.45642931957418065
0.16397939111649665	0.37593601194313925	0.46008459694036424
0.1594030361975335	0.38779242754267496	0.45280453625979167
0.16388185000255096	0.37512024030692487	0.46099790969052434
0.15906346035336183	0.37830480167679625	0.462631737969842
0.1586065502012429	0.38122293688527503	0.4601705129134822
0.1554029436805059	0.38346454997214463	0.4611325063473496
0.15163315426129514	0.38373942698403896	0.464627418754666
0.16094388130980958	0.3790185248287989	0.46003759386139165
0.1639594181815172	0.3825661287318033	0.45347445308667955
0.16199426943243694	0.3832278890164223	0.45477784155114087
0.16179905946044143	0.38278046563082047	0.4554204749087382
0.1596294484727111	0.38535932813193896	0.45501122339535005
0.15845791595633238	0.37671868493201544	0.46482339911165227
0.15735568645845877	0.3874983737669348	0.45514593977460654
0.15139827377152215	0.3884808649077443	0.4601208613207336
0.1637305194510914	0.3806673849724216	0.4556020955764871
0.15655104204444242	0.38438780835863845	0.45906114959691924
0.15406559981580098	0.38660068400240233	0.4593337161817968
0.1518243773813256	0.38074144112960906	0.46743418148906546
0.15511325916462265	0.3826424206425244	0.46224432019285305
0.16401685980253977	0.37887989855265947	0.45710324164480093
0.15591131370774136	0.379403458277091	0.46468522801516776
0.15465366042303724	0.3879488141128625	0.4573975254641004
0.1595163569375693	0.3771858598435772	0.4632977832188536
0.1626111614539647	0.3778304499999929	0.4595583885460426
0.15735957538418655	0.3889865077405651	0.4536539168752485
0.15532276334315923	0.38348093617740386	0.46119630047943705
0.1592991748836421	0.3856322906089862	0.45506853450737184
0.15233050201560985	0.38089379378812815	0.46677570419626213
0.15631343474522846	0.3793498950253607	0.46433667022941094
0.1561894028162474	0.3851930432093819	0.45861755397437076
0.16296226429405056	0.3839665951459799	0.45307114055996967
0.16260062563869612	0.3826963196191179	0.4547030547421861
0.15959424731437208	0.37531388575892766	0.4650918669267004
0.15912166377739884	0.3832670961836255	0.45761124003897585
0.15679347174839336	0.3763880966965103	0.4668184315550964
0.1611542943561377	0.37757523423661227	0.46127047140725014
0.1617026886265785	0.3851885713923341	0.4531087399810875
0.1560964163257459	0.3785846208589478	0.46531896281530644
0.15888872746850274	0.3810560778461351	0.46005519468536227
0.15226008415084008	0.3817499365868325	0.46598997926232755
0.16332556272885312	0.3817930061405874	0.45488143113055957
0.15224914169970993	0.38542999021238317	0.462320868087907
0.15722529897671553	0.3890944889270785	0.4536802120962061
0.1535257883987115	0.3894065957357439	0.4570676158655447
0.15605638812076522	0.3850562650415612	0.4588873468376737
0.1622898955715375	0.37926386782664634	0.45844623660181627
0.1542754723531576	0.38694062575362553	0.458783901893217
0.16232283049823787	0.3843826902981581	0.45329447920360416
0.1514070161648961	0.38933029139795355	0.45926269243715045
0.15873800780403766	0.38538629339752994	0.45587569879843254
0.15440279817736524	0.38146250117036645	0.4641347006522684
0.1549659183488854	0.3807410179746189	0.4642930636764958
0.16091476996291976	0.37577760416350897	0.46330762587357144
0.16356983190982993	0.3830417374105811	0.45338843067958906
0.1573995993819831	0.3862442941793305	0.4563561064386865
0.15951897243960844	0.3772245359168188	0.46325649164357285
0.15700730131778803	0.386950360741312	0.4560423379409001
0.15570308034058056	0.3865382542307722	0.4577586654286473
0.15537135908403776	0.38074043437197325	0.4638882065439891
0.15150667834964943	0.3828178995466651	0.46567542210368557
0.1518716667303371	0.3870677484229788	0.4610605848466842
0.15199622122535517	0.3841274148123905	0.46387636396225446
0.15506586518601	0.38743014344070825	0.45750399137328185
0.15352226052219103	0.3842579183046083	0.46221982117320076
0.1578474501010028	0.3822017657010175	0.45995078419797986
0.16183671031251393	0.3787555647976196	0.4594077248898666
0.1572178934885325	0.3869605272545218	0.45582157925694583
0.1571538863029413	0.38655708250803195	0.4562890311890269
0.15809287565228042	0.38785804824681763	0.45404907610090206
0.16180103152657282	0.38553297106551054	0.4526659974079167
0.15694354643042668	0.3763739883079067	0.46668246526166673
0.15751363652992453	0.3771309946505973	0.4653553688194783
0.16228550927756094	0.3782776239673229	0.4594368667551163
0.15522632768586336	0.3848296899389666	0.45994398237517015
0.15971482133335038	0.3785950791399103	0.46169009952673945
0.1572492641323664	0.382574217412323	0.4601765184553107
0.1568220771898004	0.37655390665320887	0.4666240161569908
0.1531936363621571	0.3827276333537871	0.4640787302840559
0.1586756794805245	0.3769890118263536	0.46433530869312206
0.15684075284797203	0.38599674600906775	0.45716250114296036
0.15585325103904366	0.3819255104438769	0.4622212385170796
0.1629426747638921	0.37628216135473447	0.4607751638813735
0.1566361481930399	0.38661166857381035	0.4567521832331499
0.15651215133430407	0.3889184689487643	0.4545693797169317
0.15625973996428583	0.38286458308420734	0.460875676951507
0.16391322916104906	0.381406196503942	0.4546805743350091
0.1589666726874158	0.37989884170288873	0.4611344856096956
0.1562570955248896	0.3814318651447115	0.4623110393303991
0.16319800079038702	0.3772706134747217	0.4595313857348915
0.1557084673911825	0.38129391420347725	0.46299761840534037
0.16353602834415243	0.38177890889135396	0.4546850627644938
0.15340005550345082	0.38938569840886034	0.45721424608768896
0.15515537844386978	0.38321641843275467	0.46162820312337566
0.1588943973890437	0.3755244490200254	0.46558115359093105
0.15219298021408206	0.38210965938171193	0.46569736040420606
0.15345258421984279	0.38062960748165964	0.46591780829849766
0.15710910590376137	0.3865011563191046	0.45638973777713415
0.1635055739712744	0.38389956561386995	0.4525948604148558
0.15978981820506816	0.37687669120611467	0.4633334905888173
0.15355186726252612	0.3821036636559507	0.46434446908152327
0.1557914174292992	0.3894687873171006	0.4547397952536003
0.15982706569719227	0.3808486446165523	0.4593242896862555
0.15269839994841114	0.38969706580196556	0.45760453424962344
0.15916429132381243	0.3786605684234837	0.462175140252704
0.1582636440067581	0.3803014051408339	0.46143495085240815
0.16245545862622193	0.38132969702884795	0.4562148443449302
0.15265540696427293	0.38606258351710665	0.46128200951862053
0.16204240091550898	0.3789617693335073	0.45899582975098385
0.15864816690309685	0.3871149402070678	0.4542368928898354
0.15220124894358109	0.3849764691581739	0.46282228189824515
0.15720962169911745	0.38796690032557873	0.45482347797530387
0.15578316056154612	0.38532040300883397	0.45889643642962
0.16108732743451967	0.3776260589893663	0.46128661357611417
0.16404397701440349	0.38083277451366343	0.4551232484719332
0.15652452257245375	0.3829653585083648	0.4605101189191816
0.15841708373266894	0.3872068630478733	0.4543760532194579
0.15938863333366055	0.3767658324932801	0.4638455341730595
0.15718506513487152	0.3888132966474021	0.4540016382177265
0.16162480566932136	0.3780253702838965	0.46034982404678226
0.15702748782307419	0.38311737512158667	0.45985513705533926
0.15366778056570973	0.3846898585627997	0.4616423608714907
0.15844358610963177	0.37937573990072115	0.4621806739896472
0.1640892199106827	0.37679025001395217	0.45912053007536524
0.15768902300782084	0.38186250038689373	0.46044847660528554
0.16119449448307066	0.3750760987373086	0.4637294067796208
0.162851595506591	0.384213002711079	0.45293540178233016
0.15949133185710582	0.38452339853333695	0.4559852696095573
0.15810410305714806	0.3837100097952113	0.45818588714764075
0.15627967693864883	0.3806075773331506	0.4631127457282007
0.15878515935743975	0.3766478817644176	0.4645669588781427
0.1620232566732474	0.38180249687764495	0.45617424644910776
0.16206749641851648	0.38076146268726513	0.4571710408942185
0.16101949031415902	0.3754713957965712	0.46350911388926996
0.1530564178565286	0.38434945224582284	0.4625941298976487
0.15694311227339858	0.38051874921658174	0.4625381385100198
0.1630301608835312	0.3783551094725459	0.458614729643923
0.16261501452224866	0.38169623905146766	0.4556887464262838
0.15668976763128042	0.3885102505006332	0.4547999818680865
0.16231072460164309	0.3804898822445447	0.4571993931538123
0.16011678434101007	0.38409665688151773	0.4557865587774723
0.15778623848716267	0.38463019057296177	0.4575835709398757
0.1528901898415626	0.38833913273199167	0.45877067742644584
0.16157035415838278	0.3761829049359324	0.46224674090568485
0.16111823862481278	0.37866097423905837	0.460220787136129
0.15994723232076835	0.3820738102907796	0.4579789573884522
0.15557854539934152	0.385567886010168	0.45885356859049053
0.1621235607092545	0.3811652858449632	0.45671115344578245
0.1629915643444434	0.3771945330954317	0.45981390256012505
0.15468621154558976	0.37815733701752163	0.4671564514368888
0.15759598913788536	0.37775572000621427	0.46464829085590054
0.15844323914192793	0.38608898066467057	0.4554677801934016
0.15919188719606825	0.37868534314337965	0.4621227696605522
0.15494031049317775	0.38438073822885993	0.46067895127796243
0.1586142295692855	0.38642984462350083	0.4549559258072138
0.1577386364907531	0.3757892247558383	0.46647213875340876
0.16000223489819165	0.37599169896891776	0.4640060661328907
0.1599786075349035	0.37834379862069045	0.4616775938444061
0.15475816676378645	0.385584969472891	0.45965686376332265
0.15508244971683488	0.3794359523302611	0.4654815979529041
0.16022987939013178	0.3823052675794694	0.4574648530303989
0.1578948876541209	0.37757581793510714	0.46452929441077206
0.15837530296820024	0.38568763566040926	0.4559370613713907
0.15943118465232964	0.3802824032413554	0.4602864121063151
0.1601592557095124	0.3806967985898213	0.45914394570066647
0.15348437827798217	0.3816916386345845	0.46482398308743345
0.1549956553882516	0.3843036666760979	0.4607006779356506
0.1522833032384784	0.3802757166835587	0.4674409800779631
0.16311119177462063	0.3843766298320336	0.4525121783933459
0.1536172543156617	0.3880409759024781	0.45834176978186036
0.16179782959989833	0.37759483208451555	0.4606073383155862
0.16269587296224297	0.38119953218724945	0.4561045948505077
0.15687656959281002	0.38351787915985436	0.4596055512473357
0.1638150750045433	0.3788693880366555	0.4573155369588014
0.15218297025127214	0.38289111067150383	0.46492591907722414
0.1582147104225625	0.3888632959946226	0.45292199358281504
0.16023934213437835	0.37852933047774595	0.4612313273878758
0.15728518898396196	0.3896436565189046	0.4530711544971336
0.153510192239277	0.3847674257112721	0.461722382049451
0.16168422801057397	0.3761918131782303	0.46212395881119583
0.16148449305189855	0.3750320204168891	0.4634834865312125
0.1593656395283089	0.3852178741668313	0.4554164863048599
0.1586006767487812	0.37856569438858834	0.4628336288626306
0.15603275016859647	0.3797900460850249	0.4641772037463787
0.16110296365376658	0.382230886769126	0.45666614957710755
0.16069166405773738	0.3785342860088342	0.4607740499334286
0.16301199709187889	0.3765262361835194	0.4604617667246019
0.1622313793607503	0.38133231741404827	0.45643630322520157
0.1634248643802278	0.38331629153899416	0.4532588440807782
0.15548837163773055	0.3812832354559648	0.46322839290630474
0.15837099994740367	0.38254227371319355	0.45908672633940295
0.16374131647356188	0.37771465517038116	0.4585440283560571
0.16162135696986424	0.3801479666993437	0.4582306763307922
0.15630283862754976	0.3772282909579219	0.46646887041452845
0.1568731343621576	0.3786917572207178	0.46443510841712476
0.15228109094549816	0.38481120060145363	0.46290770845304835
0.15417960037408118	0.3804962909858977	0.46532410864002116
0.15655124447270738	0.3761504046603821	0.46729835086691063
0.1550994317172461	0.3790693045331963	0.46583126374955774
0.15918281528459638	0.3860455194497444	0.4547716652656593
0.15317755664840188	0.3832345255424924	0.46358791780910585
0.15667402841314576	0.37812031021556874	0.46520566137128566
0.15317605925816782	0.3856832013574482	0.4611407393843841
0.15520652239051586	0.38071768459633654	0.4640757930131478
0.15796968476160173	0.3868524336357321	0.4551778816026663
0.16211867796290513	0.38501235481539914	0.4528689672216959
0.15941990520081806	0.38698530976342715	0.4535947850357549
0.15524540014527188	0.38392667032557415	0.4608279295291541
0.15917625429614923	0.38338792856951226	0.4574358171343387
0.16061842869478596	0.3755070602658856	0.4638745110393286
0.16256616967266563	0.3812499204210947	0.45618390990623986
0.1579009389043548	0.3888513672037234	0.45324769389192193
0.15655082581851026	0.38563773370262877	0.4578114404788611
0.15496420698250205	0.3781282366196568	0.46690755639784126
0.1534965081277856	0.38608579557656436	0.4604176962956502
0.15492240967227872	0.3834088922278239	0.4616686980998975
0.15566590281177892	0.3872358607000063	0.4570982364882149
0.1561221239983104	0.38176125131862754	0.46211662468306225
0.16337276734698963	0.3821110231709758	0.4545162094820347
0.15231892151622228	0.38810006484592724	0.4595810136378506
0.15677817658194168	0.38848735900315423	0.45473446441490417
0.1548779892933249	0.3836653003701733	0.4614567103365019
0.15473216289473496	0.38004363363675514	0.46522420346851
0.1582971990375202	0.3847671479642066	0.4569356529982733
0.1517168657486084	0.3874627587090623	0.46082037554232935
0.15710282413092835	0.3877230009352487	0.45517417493382306
0.15744823150649445	0.384439345710618	0.45811242278288766
0.15597200298301803	0.3791541660698581	0.46487383094712403
0.15306685739191644	0.386393102172353	0.46054004043573066
0.1598613202908655	0.38253771396108605	0.45760096574804854
0.15499418836415513	0.3782568670889031	0.46674894454694194
0.15894062453888297	0.37969443135086156	0.4613649441102556
0.1631844422873028	0.3763728638973167	0.4604426938153806
0.15699045337853393	0.38493589155331936	0.4580736550681468
0.1588287452918131	0.3760364982094161	0.465134756498771
0.1528521211728449	0.3797119473205901	0.4674359315065651
0.15989133552576493	0.3779261202610221	0.4621825442132131
0.15569465006764627	0.3779975587509425	0.46630779118141136
0.16005674228811875	0.3766128012073667	0.46333045650451465
0.15237247868659537	0.3867856396125052	0.4608418817008995
0.15648931505512415	0.3865880073045387	0.45692267764033734
0.1599520730860304	0.3754658568040048	0.4645820701099649
0.15310513922535635	0.38813615244301314	0.45875870833163057
0.15923269793968958	0.37688923018820597	0.46387807187210456
0.15647675448052817	0.3787157434968466	0.46480750202262533
0.15337251025295298	0.3861837970764562	0.46044369267059093
0.16192137869380419	0.3823582393674438	0.45572038193875214
0.16127699134621146	0.3836690971326532	0.4550539115211355
0.1582628998120218	0.3832506900533222	0.45848641013465613
0.15617235885424402	0.3868582868286011	0.456969354317155
0.1533298754260184	0.38548257839652994	0.46118754617745183
0.15954638805627053	0.37538159716212405	0.46507201478160554
0.1531411767746801	0.3856780973770185	0.4611807258483015
0.15306746523408887	0.38663922402532747	0.46029331074058377
0.1521538019694637	0.3892158196993341	0.4586303783312023
0.15774487972728038	0.38052452747873533	0.46173059279398443
0.15483707267124264	0.3861113675257073	0.45905155980305024
0.16040044914084867	0.3808285818392032	0.4587709690199483
0.1521661583203633	0.38921347364795966	0.4586203680316772
0.16166687107883512	0.38154944563115156	0.4567836832900134
0.1607748084836984	0.382473643100183	0.4567515484161187
0.1621845172602835	0.38497867119485296	0.45283681154486366
0.15402684554649432	0.38405014083837036	0.46192301361513544
0.16349356340313542	0.37650726737145024	0.4599991692254145
0.15610490845993136	0.38008676400002506	0.46380832754004364
0.16210075134158752	0.38156487758736535	0.45633437107104724
0.16085571230540713	0.3764403767549557	0.4627039109396373
0.15605142973540087	0.3771008704982782	0.46684769976632107
0.15515102054375782	0.3860656399872416	0.45878333946900074
0.15330177972148312	0.38573748754339227	0.4609607327351247
0.15245803003833036	0.38313080482446726	0.46441116513720254
0.1606556577091885	0.3863844804485454	0.4529598618422662
0.15497305515344267	0.37879284577260697	0.46623409907395047
0.15729190343336005	0.3885067733998282	0.45420132316681183
0.15287830411857545	0.38444794588196884	0.46267374999945576
0.15878480132592077	0.385285778795485	0.45592941987859437
0.16282031217021134	0.38354669495337657	0.45363299287641223
0.15396743326675283	0.3838375187220099	0.4621950480112374
0.16011709956018438	0.38683878531896065	0.45304411512085513
0.15891587315717778	0.37609239921255977	0.46499172763026253
0.16024881993468965	0.38310788313773725	0.4566432969275733
0.152639605751208	0.38441359667591246	0.4629467975728796
0.15272591488103143	0.3832880808650306	0.4639860042539381
0.16320239697140104	0.38122602819943496	0.4555715748291641
0.15576289679650723	0.3837167276620474	0.4605203755414455
0.1639553922614995	0.37807401121693585	0.4579705965215648
0.15881935125943714	0.3816434034671537	0.45953724527340933
0.15366558940279929	0.38262176833030737	0.46371264226689346
0.15587713109793777	0.3850720654486148	0.4590508034534476
0.16344267761485437	0.3767965190786515	0.45976080330649416
0.15800784208941165	0.38290977915312174	0.4590823787574667
0.15337634872383427	0.38455381051057735	0.46206984076558855
0.15540909310973627	0.3857313233265798	0.45885958356368406
0.16246239604980817	0.3833976636538869	0.4541399402963051
0.15629152373665137	0.3891218534812092	0.45458662278213957
0.15693955134623963	0.3863197621431792	0.4567406865105813
0.16093117896891715	0.3765005773010739	0.46256824373000904
0.158495593600039	0.3807066724335626	0.46079773396639856
0.1570839779929827	0.37663024398293377	0.4662857780240836
0.16198304191173096	0.3827875793205093	0.45522937876775993
0.16114980390951417	0.3813445445579655	0.4575056515325205
0.16068146804015165	0.38446469579076625	0.45485383616908215
0.15828808849270617	0.3851928341052029	0.456519077402091
0.16410225061103006	0.3802388107405137	0.4556589386484564
0.15697677523819212	0.3875395423544231	0.4554836824073849
0.162440065836442	0.3829186689341248	0.4546412652294333
0.1532176489875712	0.3823585113831056	0.4644238396293233
0.1523413330485286	0.3861755807491498	0.46148308620232176
0.15465509676133227	0.3795986053989213	0.4657462978397465
0.16312940450942592	0.38051376213007604	0.4563568333604982
0.15789743894965474	0.38364620375779535	0.45845635729255
0.15853106513817772	0.37577354059396606	0.46569539426785633
0.1523742131491711	0.38193560773391494	0.4656901791169141
0.1604382821474549	0.37640430265197566	0.4631574152005695
0.16141184954803045	0.375488990199346	0.4630991602526237
0.16167615349199332	0.3840068029868192	0.45431704352118757
0.16175650422054164	0.3757856088168182	0.46245788696264023
0.15432110676633892	0.38176778846557596	0.4639111047680853
0.15611958873426263	0.38009037480783653	0.46379003645790096
0.15900878634588825	0.3788764794319556	0.46211473422215626
0.1542396019539745	0.3859813920916401	0.45977900595438553
0.158728074751292	0.38669018172042774	0.45458174352828035
0.15267633911098225	0.3835898092344073	0.4637338516546106
0.16077823525018398	0.3826051038306046	0.4566166609192116
0.161857199251972	0.38217519250668663	0.4559676082413415
0.15227172524629584	0.3876080683870605	0.46012020636664375
0.16054137042057098	0.37542062691918077	0.46403800266024836
0.16007573543575387	0.3830326389812166	0.45689162558302965
0.15781024898690224	0.38257034990892946	0.45961940110416843
0.1586787361583552	0.3864985699824925	0.4548226938591524
0.16041461759845646	0.38604321811412456	0.45354216428741906
0.15356321636648612	0.3867625903389513	0.4596741932945627
0.15676162465168422	0.38650388187531165	0.4567344934730042
0.15829354606499801	0.3880849940621092	0.4536214598728928
0.1604111575634459	0.37518544869431136	0.4644033937422429
0.16398661446434734	0.37715752998166974	0.458855855553983
0.15842178729769507	0.38488394885242594	0.4566942638498791
0.1631644082896487	0.3838151054449856	0.45302048626536584
0.15799581810695107	0.38678046456434845	0.4552237173287006
0.15406721826580375	0.3889934037130261	0.45693937802117024
0.1613425591764265	0.3829871344240643	0.45567030639950934
0.15859854333727286	0.37507994304743214	0.46632151361529506
0.16160027201982752	0.37693003778528755	0.46146969019488504
0.16278452859075862	0.3780981021375232	0.4591173692717183
0.15617111903050807	0.3823101864321047	0.46151869453738736
0.1582209603071938	0.3750966943261459	0.4666823453666604
0.15193931900470287	0.3830759326991069	0.4649847482961903
0.16135542213643722	0.38051648854531217	0.4581280893182507
0.1524620192244453	0.3891962964889734	0.4583416842865814
