0.2390113600073216	0.24692680386326551	0.148822375625814	0.08408059715873573	0.28115886334486295
0.19676038944529475	0.22315696334184132	0.13621674125040295	0.08849398675193708	0.3553719192105237
0.2723944050493027	0.19520940121310845	0.21895129201295793	0.07901598848604684	0.23442891323858386
0.22946040378125537	0.20237633067400404	0.09452545585091487	0.10972985799883167	0.3639079516949938
0.22646856008295152	0.274229778042818	0.0928465707508385	0.11660848679274223	0.28984660433064946
0.30167041411059237	0.19676400364284066	0.07914963728786423	0.11184045280625371	0.31057549215244873
0.1312920692963972	0.2900295759042325	0.14249296988538318	0.1369149585530864	0.2992704263609005
0.23956109223532782	0.251161052208052	0.07825102192990499	0.14910767825298762	0.2819191553737273
0.24038480544498686	0.27831668117581426	0.11463515945937354	0.14266756514400758	0.22399578877581747
0.22890830792274522	0.18670022433231115	0.09692187558257115	0.13543617026184887	0.35203342190052334
0.23195463522616575	0.2522983675587578	0.11850475928647833	0.15463362843438488	0.24260860949421298
0.2151152660993243	0.24097175692250433	0.09614385277816384	0.11783955862014031	0.32992956557986697
0.24988227868058116	0.2062330031012666	0.1684557598595179	0.1502643656129089	0.2251645927457252
0.1610820110283005	0.2787446614716499	0.18405276835883316	0.1560344686742025	0.22008609046701372
0.22784552703033922	0.18956989684733783	0.15302111798227547	0.1393926190695574	0.29017083907048985
0.1795940693082002	0.23111209144716013	0.20787735798403695	0.12367361395467626	0.25774286730592627
0.2514918883460965	0.2271189992354594	0.19792516095206894	0.1012933402520933	0.22217061121428164
0.24951061262720492	0.20186478547456743	0.11059067578076796	0.16930185500785072	0.26873207110960873
0.206609576492856	0.18971312761296485	0.1746015150482266	0.11520188854470075	0.3138738923012515
0.23183343426643827	0.19001307804643391	0.2273170724691488	0.09556247313014611	0.2552739420878326
0.17006045830860006	0.21965571298024636	0.17345364025293034	0.11544102418643026	0.32138916427179276
0.20198295683338036	0.2826060836738693	0.12329407410452668	0.10170406987871165	0.2904128155095118
0.2713717627617702	0.2966201558821359	0.07941569194518805	0.09144335957349654	0.261149029837409
0.17114866234875398	0.28919083401518336	0.09789892051469042	0.13836716688938308	0.303394416231989
0.2561289982738233	0.24654217033777143	0.1640580972610619	0.09284516685908992	0.24042556726825323
0.2512360678219146	0.2224834130582148	0.11562782266475871	0.09991361238147857	0.31073908407363304
0.2344012862698041	0.2657731583329421	0.10465108699582633	0.09456359224749301	0.3006108761539342
0.17124730749476225	0.2547027645721758	0.19099191896427944	0.09831546084536011	0.28474254812342226
0.23974562756159595	0.21349162930394022	0.112807602624455	0.16818220975383347	0.26577293075617514
0.21045556937149992	0.19765222210870415	0.18630974940204392	0.1386931277044114	0.26688933141334037
0.22334190710705099	0.2499421863268855	0.17259997714465547	0.09218030389982915	0.2619356255215786
0.24370472628145945	0.2473130553208388	0.11998582182149148	0.16387516882995776	0.2251212277462523
0.2516478804398151	0.1883591324876929	0.18103544402761731	0.15621691270603516	0.22274063033883926
0.27342416913117573	0.20853956437266724	0.10502315773444167	0.10362039151685551	0.3093927172448596
0.2868820314966236	0.19628659019091824	0.0978913834641682	0.15064894500895176	0.2682910498393378
0.2131786776132273	0.2872566012952252	0.13257491494885199	0.12441956832647211	0.24257023781622322
0.1851237539157939	0.23469425587770643	0.21002082788401008	0.08762263584171526	0.28253852648077415
0.19070906934161092	0.28758695036944976	0.10597728938834543	0.12153082312129788	0.2941958677792958
0.19590152217904966	0.2919434017852601	0.08314391053402068	0.10630561131596751	0.32270555418570185
0.14871140715481507	0.29501995848037416	0.11109344783291226	0.09851367269119224	0.3466615138407061
0.17001653890889903	0.25134171757409246	0.10742145296858754	0.15277417816616168	0.31844611238225906
0.27883336738099157	0.2629897582882243	0.1486734145389837	0.08033740411174857	0.2291660556800516
0.2202585355812713	0.2790071643469367	0.0857335488784043	0.12154257695497125	0.29345817423841625
0.12980400830340705	0.26344591141109314	0.10493463067616593	0.16345837112801803	0.33835707848131574
0.19576710170502515	0.21595114553135458	0.08963844989014375	0.1445575023010956	0.3540858005723807
0.2462997502725927	0.24503524795836212	0.12724809217230676	0.09831917816747504	0.2830977314292631
0.15244697689437844	0.20620351331518014	0.14483734773765694	0.1349099100198484	0.3616022520329359
0.16406807572195525	0.2606341287749038	0.20879455563177074	0.07723660296521408	0.28926663690615595
0.22950675499189083	0.20361958499915772	0.12147705546361083	0.1487730896557239	0.29662351488961647
0.1824860384282625	0.19596779108418438	0.15757566998984912	0.16417634369980283	0.29979415679790095
0.13695120776985126	0.23951997116395493	0.18854736269859607	0.11424046090855249	0.3207409974590451
0.2143376404680466	0.19348154674140994	0.15878495196070333	0.1282873807449934	0.3051084800848465
0.20574910593641987	0.19576702795379383	0.17467075802727544	0.12674050114392033	0.2970726069385903
0.20780924425131672	0.21809211700792958	0.20103886531071394	0.11138423438063574	0.2616755390494038
0.15428281737737876	0.27896461453066324	0.09343596642089758	0.1468928187492472	0.32642378292181307
0.20022546605896965	0.28890864671879485	0.20221205788149785	0.08104269391034868	0.22761113543038874
0.22864182336919425	0.22275011004880624	0.1106095310010759	0.1239180243109243	0.31408051126999914
0.13438719013690004	0.2869481910553982	0.23540421016523902	0.10256553882408424	0.24069486981837834
0.17702867078092419	0.28087406220804567	0.1042596154587059	0.13024155088829997	0.3075961006640241
0.12951276431585312	0.2895451979611424	0.10780454609491145	0.12870114314968234	0.34443634847841054
0.2630755648924257	0.18443654335984375	0.10661495851722784	0.15734055949793793	0.2885323737325646
0.16632103598653725	0.29048475898285553	0.094298540619423	0.12587421161629095	0.323021452794893
0.2399465418324226	0.2773865840458907	0.11895447209662181	0.10714613642610417	0.25656626559896045
0.13970478194456837	0.250936426549492	0.14090352818959656	0.1636914358782553	0.30476382743808766
0.310486281154861	0.19121265314259198	0.12106989928270157	0.08777003178443306	0.2894611346354121
0.19512712190314682	0.2819462731944571	0.17398772050704372	0.11518470870388828	0.23375417569146392
0.14468620044613456	0.22128731219756403	0.1836435128606007	0.1002366027306403	0.3501463717650602
0.20018749082654472	0.2533405876478729	0.10967683202936675	0.16600546931348076	0.27078962018273467
0.21308327387069864	0.24535851165509132	0.17689457728249153	0.09408099215537538	0.2705826450363429
0.21197919700724976	0.26810938442197185	0.1152354556247407	0.08846472309219931	0.31621123985383814
0.1630618758649685	0.2743470998975541	0.14051772753649716	0.1671817767847779	0.25489151991620207
0.24732698894442923	0.23201042021945006	0.12161061194226594	0.1019103936018053	0.2971415852920492
0.2376897966470498	0.20802476430887046	0.1046718899863802	0.11164427411170924	0.33796927494599005
0.21562941192021085	0.2611273700875725	0.1302578900514971	0.14088759832881398	0.25209772961190535
0.22513520945356058	0.2794667524461703	0.14895261091431436	0.08707053649910355	0.25937489068685093
0.25370491908341747	0.20546755336760283	0.1417999670296846	0.16538140121899442	0.23364615930030044
0.22686387379837258	0.24643563031774834	0.12329801294271311	0.15677338843168817	0.24662909450947756
0.2331981432316424	0.24924911536847144	0.1724859099482017	0.10081877456539286	0.2442480568862914
0.28704353239075847	0.25233955011250225	0.08574867332317111	0.11118793573897205	0.2636803084345959
0.22398671355014899	0.22584809337742512	0.16620745699443848	0.1326335924665144	0.2513241436114728
0.14849703691390864	0.2633089573437817	0.18106097123087608	0.14191996952555036	0.26521306498588304
0.21768016934514056	0.2673000778862882	0.0905369379494936	0.14688620138876796	0.27759661343030945
0.14349207774335015	0.23817944344051625	0.14124046330241097	0.13203485561179365	0.3450531599019288
0.2414737843416471	0.2535377198184276	0.11273117258074708	0.09975616948212286	0.2925011537770551
0.27531768225425207	0.19730840538548822	0.18282272022996857	0.07654545928717306	0.2680057328431178
0.2894452482064184	0.26869968460414456	0.08623657580309393	0.07545075423502424	0.28016773715131854
0.18242196003201974	0.18779627425680073	0.19760673499104336	0.15441755532825877	0.27775747539187723
0.17179753206578552	0.23914611532904959	0.19414879440686061	0.1253262379102968	0.2695813202880073
0.2402688444311562	0.19038131333003266	0.0934657282357212	0.16127438329535326	0.31460973070773646
0.24724792027517034	0.2040749594685029	0.15262701704554255	0.16715634586639777	0.22889375734438622
0.24179998918496373	0.18922448351866092	0.1584128130156502	0.12793462592411026	0.2826280883566147
0.18329184684804933	0.19511160586210713	0.16674079922727011	0.1453487957393576	0.3095069523232156
0.1593256526349491	0.206969214208516	0.20062470968385585	0.09703003183065305	0.33605039164202577
0.24337275622552568	0.23383234478339898	0.16315624288519323	0.09634179006579051	0.26329686604009134
0.2286109899187616	0.21495028085542567	0.21444007362664685	0.09048609391843358	0.25151256168073205
0.2937719808050033	0.22447320847946922	0.13802435554872775	0.08628973567883443	0.25744071948796504
0.17765067501490547	0.2900366601484411	0.084715669018679	0.15435417568345083	0.29324282013452335
0.23743966808495182	0.27080901142986097	0.15659772995212137	0.11036624960039935	0.22478734093266622
0.30764714640828705	0.2070980978077004	0.1210653794201188	0.10787884266104199	0.25631053370285145
0.22077695574291173	0.20661547422638177	0.23999633232183262	0.1137524447148937	0.21885879299397998
0.29327595244154436	0.2227338592113068	0.0943028459551228	0.11134716114147447	0.27834018125055127
0.20400269643981955	0.2558273269345704	0.12773066700028485	0.10061291860467164	0.31182639102065335
0.15496890110129619	0.2468352764804806	0.10136885926749653	0.13791396095396766	0.3589130021967588
0.305153796265369	0.1874889891647849	0.10318406177939016	0.16448339103955503	0.23968976175090068
0.24953136226914463	0.20310816397867448	0.20900803826252384	0.08415590713138318	0.2541965283582736
0.21037401823031013	0.2694571470934214	0.11961772559167134	0.12289392202451892	0.27765718706007797
0.2586459665357697	0.19431143693134348	0.13384165923374075	0.11553121572170179	0.297669721577444
0.2777575854428389	0.27416248648641417	0.09860104305262153	0.10255410836848869	0.24692477664963644
0.13541908257270113	0.21278710696946354	0.21336142279501935	0.10764413979079679	0.33078824787201905
0.2560159060066233	0.20546727011071533	0.1933374589972246	0.08655323238274751	0.25862613250268907
0.20317393006217763	0.21820092763478127	0.20424593040275935	0.08322717132755662	0.2911520405727249
0.26226583328572944	0.2342432121274878	0.17009119269897813	0.10907790743975783	0.22432185444804653
0.1886232614933419	0.29847514130717534	0.12204147316813593	0.10826922662689491	0.2825908974044517
0.2603549398649395	0.27443322876562615	0.12396831947904781	0.1183635076726548	0.22288000421773146
0.22602345425227482	0.2901420318862957	0.0806717671707251	0.1229538801765539	0.2802088665141502
0.30620709390871753	0.19737572795713337	0.0994654347990889	0.15548541579960645	0.2414663275354535
0.24874634236942098	0.2110228461140013	0.16709084644423883	0.11229986527632177	0.26084009979601686
0.2555105279219378	0.24459703083186765	0.10649536012236692	0.14762320502937032	0.24577387609445706
0.24349379052582878	0.22183317122580506	0.08600830340563932	0.15392603806877417	0.2947386967739524
0.2863133944117393	0.19250584409283106	0.13156654709495502	0.14808442570215238	0.24152978869832198
0.24134684969860257	0.2091821650147788	0.12024409492246206	0.13725552257039292	0.2919713677937634
0.18340353995289554	0.21593088806879698	0.1358001316588247	0.10222572698630415	0.36263971333317835
0.22134290794150116	0.2702260496562054	0.11744255726857486	0.12590397983944185	0.2650845052942765
0.2504234616375445	0.24787043940316167	0.12531329707928812	0.121467790745264	0.2549250111347415
0.16689211015954408	0.18664975657052552	0.16448403124879718	0.13995757334219394	0.34201652867893906
0.2733209823754285	0.19999786077673723	0.13053216510165355	0.09795048846864621	0.2981985032775342
0.1756234868757458	0.2956078109616207	0.17825359466882854	0.10713018626477734	0.2433849212290274
0.19631331541711355	0.2520391980334255	0.15146533018178918	0.1279900466042753	0.27219210976339625
0.1347777980176218	0.24181424987413574	0.1502373019413383	0.14564630804533243	0.32752434212157155
0.16429300743371353	0.22452409742754645	0.13724448436632947	0.15741149263575333	0.316526918136657
0.1678116775897632	0.19589213189379684	0.1716803639543305	0.15007769599066823	0.314538130571441
0.12752513824194736	0.20473203397520623	0.21336524352472033	0.1677932218336837	0.2865843624244422
0.2152361217981023	0.19089163897769554	0.15514891279365606	0.12147673540471798	0.31724659102582786
0.23708364376779983	0.25898847205663955	0.1702037824169591	0.09056253929647388	0.2431615624621274
0.13733030259701484	0.24863952127465355	0.17093410369851444	0.12635929499946838	0.31673677743034856
0.2065251942705208	0.23254862034364737	0.15759658161322454	0.10920572200810981	0.2941238817644973
0.16851576618762215	0.24785324185508756	0.17226961821729525	0.13228840657474034	0.27907296716525454
0.277621870449267	0.2014481851507986	0.097186036195501	0.1535530642793573	0.27019084392507586
0.14842991333573463	0.19727668210191612	0.2116742657209421	0.16657202610550553	0.27604711273590143
0.17059474483176398	0.27125525731099587	0.20626118517005537	0.0920815519941667	0.2598072606930179
0.22149859256459503	0.23141648681000904	0.2028986662896219	0.1090513928173706	0.23513486151840318
0.14405495709878535	0.28392058676051884	0.09301676841893373	0.1453445869335389	0.3336631007882229
0.3127126059911274	0.2378748351543896	0.08152136339937639	0.13575389566492632	0.23213729979018002
0.17052299023048156	0.2577315047175005	0.1600924352313412	0.15871786610419203	0.2529352037164845
0.30508188889420584	0.2829062166960149	0.0767411728758783	0.07838375221439256	0.25688696931950805
0.22152211419359816	0.23344986725434372	0.20018425695985168	0.10729499843623573	0.23754876315597045
0.15862368487656286	0.2627993566953747	0.15353534068808544	0.09730030427942206	0.32774131346055474
0.23918570086897703	0.19720035710488595	0.15527011505450275	0.1614454364675413	0.24689839050409274
0.23972074425734724	0.2905913277498657	0.0950257205767991	0.11529097595271615	0.2593712314632716
0.13029811584762865	0.22229600390785503	0.18322930307558488	0.13260335091054293	0.3315732262583883
0.16725355635427297	0.2715634746044137	0.15406180618014953	0.1287700832491115	0.2783510796120521
0.20563836309026548	0.2227508145197418	0.16187144715553264	0.16965062293794395	0.24008875229651588
0.14885858011803008	0.2975313301788557	0.14501941278644595	0.09207878811563071	0.3165118888010374
0.2891052706786591	0.24308279988210552	0.1696524286619078	0.07509031317651312	0.22306918760081418
0.1671814938923111	0.29581206238148344	0.09998497357553943	0.1503434575754626	0.2866780125752032
0.2432031177016257	0.26545658624491836	0.09342886245990459	0.13160187507387242	0.26630955851967864
0.23129649914660247	0.2522269805387115	0.13545083235838326	0.0849948078427161	0.29603088011358647
0.17807273044925723	0.27564071670801865	0.15964856609000874	0.07809847979824805	0.30853950695446714
0.20829261633934076	0.19690753019222965	0.18273471232771088	0.14906514131255158	0.2629999998281669
0.22589928899839604	0.20816208582072274	0.20408552312157105	0.13697316496402745	0.22487993709528248
0.21406780115885182	0.21990861924596053	0.11378381747247723	0.15126521517936628	0.3009745469433439
0.2469130606900925	0.2324818208270179	0.12286680088005413	0.12743512413852504	0.2703031934643102
0.14767564542738537	0.22617019082527756	0.16954853713251006	0.14672857975286205	0.30987704686196477
0.1292662967244372	0.27579085919192486	0.14768406321922428	0.09057271626021204	0.35668606460420144
0.27269744841373816	0.2273752421461442	0.19359561818271148	0.08288490636867055	0.22344678488873534
0.224112135939739	0.2893145733914726	0.08014516725683382	0.101524434603886	0.3049036888080684
0.2239498555053608	0.25085187202413617	0.09114793876353879	0.11565958445212268	0.31839074925484123
0.23609081564013815	0.25063171433728487	0.11513590673394648	0.08667297090312882	0.31146859238550145
0.30807930581333315	0.28111862122040865	0.0912777012302782	0.07701238131942628	0.24251199041655336
0.20786977781662624	0.2767509014920432	0.17268071566128476	0.07570594233522666	0.2669926626948189
0.13053506961223027	0.21162392321971607	0.1843587411450531	0.1529264015362814	0.32055586448671897
0.2799848882222123	0.26377467698458834	0.13548440580554005	0.10009637499940575	0.22065965398825324
0.1808720322542211	0.24279727956583805	0.18351894844857194	0.09552720522210781	0.2972845345092609
0.1598321470492141	0.20861116390730283	0.1845207480429979	0.1446940586239578	0.30234188237652715
0.14846229339593459	0.2619284270186931	0.12820356195430235	0.15072806652538373	0.310677651105686
0.16703004040867162	0.24346788008983034	0.19771526382193705	0.12075278701637267	0.27103402866318815
0.26183755331697295	0.19137007386453778	0.15716493442376758	0.10010573920520265	0.2895216991895188
0.2671404885603943	0.2561190639766641	0.11592504149951485	0.08873058466599931	0.27208482129742717
0.15310800452200457	0.18929911831553006	0.21914741348820055	0.11035910873522443	0.3280863549390402
0.14597886544330874	0.23593861075367514	0.18171194483693714	0.15040349519401935	0.2859670837720595
0.28926443612688735	0.2463454899431937	0.1456407671885707	0.08061893675005334	0.2381303699912947
0.2955585341576644	0.2885429996695645	0.11410528257924707	0.08221568558024442	0.21957749801327936
0.28484497644048634	0.21511049788076575	0.09023591608895586	0.09750997111923405	0.3122986384705577
0.26455405611593097	0.2105307075695475	0.1218782092103316	0.08937163638598476	0.31366539071820493
0.17644194119668716	0.21179640822337517	0.22041864110241002	0.11640765252056609	0.2749353569569613
0.20732589203665955	0.2501511881329555	0.18388508314220112	0.12308136429377359	0.23555647239441005
0.2039388426458829	0.24381597992042006	0.10085646394681161	0.11908701546847214	0.332301698018413
0.3065562546545929	0.23172112569173822	0.09126501486351722	0.10430897591554701	0.2661486288746044
0.1433135920240009	0.2733690343665254	0.1123973784415694	0.1508229276164602	0.3200970675514439
0.2403068569385352	0.2554154598501951	0.1684723165826979	0.07728071308751026	0.25852465354106124
0.23347073387203865	0.27993630086430193	0.12730876921989373	0.09928786984885217	0.25999632619491325
0.17305974706309385	0.29776084579010575	0.20353374062231624	0.08549828482576953	0.24014738169871444
0.15029859678142615	0.22947388372248967	0.2296701854051159	0.15481834035940592	0.23573899373156215
0.13873052593811064	0.2474586556649456	0.12463110756546303	0.12732113208158521	0.3618585787498953
0.2253731538324013	0.19917425649796255	0.16808012013492307	0.14050860584190056	0.26686386369281223
0.23033647643028218	0.2551022414618462	0.1325877161615001	0.1380429425926315	0.24393062335373983
0.1328568909681544	0.2560496133790738	0.11221259570485334	0.16195490243595986	0.3369259975119584
0.23696220002130616	0.211484020028756	0.17648501635361905	0.11895613990807981	0.2561126236882387
0.2240667240439222	0.23779794002570803	0.08506608773477199	0.158042651897772	0.29502659629782557
0.309708639926987	0.1971477291677894	0.14341219115430404	0.11512241630422292	0.23460902344669637
0.15613528418684863	0.2877762835183969	0.11822635196427467	0.14280480188208594	0.2950572784483937
0.20250749182644412	0.2732711724459872	0.0910177040053485	0.1559471227445318	0.27725650897768817
0.17746160127923605	0.24867545236156038	0.1013622130009346	0.16351213792712363	0.30898859543114515
0.15756275765682137	0.2591070058886185	0.22278392318594697	0.10125966689801894	0.259286646370594
0.2976755505579749	0.18901860615394855	0.16233524610062305	0.10577861625463814	0.24519198093281505
0.1716401233630419	0.26016661041649636	0.18469755947959912	0.08651752842434102	0.2969781783165214
0.16152515340147022	0.21927279164441046	0.13951444022719672	0.14603107782044913	0.33365653690647323
0.23432200754807964	0.2004659479452872	0.10083087554420868	0.1652116499226294	0.29916951903979483
0.29452980778823207	0.20632972195897228	0.1275860022991685	0.09404386475648512	0.2775106031971417
0.2744603284364906	0.1903099214153156	0.11871550304538597	0.1015133968587753	0.31500085024403224
0.13481989936036376	0.2544825227953365	0.23441324278134917	0.12458010934525728	0.2517042257176931
0.16447193331611562	0.20195115297533073	0.12576338885009627	0.16899224046907124	0.33882128438938597
0.17134120718502097	0.23734419158567813	0.15294513997324014	0.1401141372728244	0.2982553239832362
0.24228563785250978	0.2040361161137378	0.15774518587840505	0.07704397442568073	0.31888908572966645
0.248719703221541	0.19050892220210092	0.15202283513591353	0.11099471154495308	0.2977538278954912
0.27289205561346064	0.26182219300638876	0.08631423561374649	0.13262330961838592	0.24634820614801795
0.16365160899035447	0.22416726149902777	0.20152231135334345	0.12689223239009173	0.28376658576718233
0.24685574565492135	0.2054968978559859	0.1623534067867578	0.1006993752522588	0.2845945744500759
0.2738745636683834	0.2740436118064675	0.14832290463935727	0.08451231924928694	0.2192466006365046
0.22266549690872223	0.22299866239900987	0.11637312840988936	0.13416921056904693	0.30379350171333136
0.18134854498981767	0.20486319155486374	0.2017714564196585	0.16015564003989496	0.2518611669957649
0.2209924681751835	0.21208031733876542	0.13439167354273895	0.12094398381564281	0.31159155712766906
0.2446407676593646	0.19343069329563084	0.20526903780727138	0.1275574844554331	0.22910201678229983
0.1503949472392382	0.2729125137333057	0.1554865555716327	0.15294494122217758	0.26826104223364555
0.15032936285178147	0.27425483238637927	0.10766876965643721	0.13406305259021284	0.33368398251518905
0.19808962571503	0.27173736290557193	0.13249349480299494	0.16789885562437773	0.2297806609520252
0.2745898800703975	0.28685668205105397	0.07844963971407684	0.10607845666431909	0.2540253415001524
0.1298136194327923	0.2485249144203326	0.22783313690213933	0.09837976635601114	0.29544856288872445
0.17661026549447081	0.26274041148853355	0.10670215095975387	0.13542030365714802	0.31852686840009353
0.21342648341798715	0.2335203728827452	0.15560126863731927	0.12998606973965054	0.2674658053222976
0.2709695332468625	0.18673275092778058	0.14274593049204606	0.10190758399836566	0.2976442013349449
0.17861867238201834	0.2856897943785678	0.16720069564135148	0.11994641651734138	0.24854442108072078
0.2450348381296732	0.26280253686430916	0.12155310184142683	0.11658195791953506	0.25402756524505554
0.1792062801955851	0.2814012279685127	0.15439519772655166	0.11983422923095817	0.26516306487839214
0.15672902696074514	0.25520325052943754	0.24071532014003272	0.11765162434921757	0.22970077802056688
0.17471172973256677	0.21630124080279664	0.20668004952252672	0.1179228269138456	0.2843841530282641
0.24018104844751556	0.2568722442320712	0.16328862746940018	0.09490547944565823	0.24475260040535457
0.24500107919825115	0.23801104389801023	0.17121356795980622	0.09276502340988024	0.2530092855340519
0.20668918982610518	0.2230922796420427	0.16426640317187735	0.15213108951736365	0.2538210378426109
0.2534264045709837	0.1860469032152318	0.12930182995261036	0.15286009334316014	0.27836476891801376
0.27118031439034185	0.220569459183132	0.10306413060508704	0.10204312939757156	0.3031429664238673
0.16484779330839222	0.2759499427680052	0.10750394478705108	0.11533566736741303	0.33636265176913827
0.18675911893633682	0.2319833663964756	0.15902156883809632	0.10527345222103082	0.3169624936080602
0.19234873979499287	0.22601951803303366	0.12218446937444796	0.09625207449764345	0.36319519829988184
0.21738392275327828	0.2110433164678398	0.10483247583786112	0.1474361420175788	0.3193041429234418
0.2704975976741947	0.18347362914056503	0.09420910348743562	0.16413878053325653	0.28768088916454787
0.2456264856090147	0.21147018905196382	0.0930830998019582	0.14014686545243263	0.30967336008463037
0.31114481215273065	0.216545347192113	0.12423698820007031	0.08838199334539837	0.25969085910968737
0.1423791144947967	0.2653230129610604	0.20518653967702544	0.10537485361326393	0.2817364792538533
0.16805870823644353	0.22772832319233952	0.23821445997041601	0.13241352733030975	0.23358498127049096
0.26263933321323896	0.21206401263535596	0.10087684160570622	0.1382387020744955	0.2861811104712031
0.1300346301401918	0.292460304651989	0.22197507304646746	0.13428822370444238	0.22124176845690913
0.2344542193621589	0.21332615035042526	0.10963525064572757	0.1266057559189564	0.31597862372273156
0.1729033646089036	0.26894835073562406	0.17970591721118973	0.13350673341278207	0.24493563403150037
0.18940991738415458	0.23598694510926432	0.16191157724957933	0.1412491954486697	0.27144236480833184
0.14703505730182703	0.26509350637536566	0.2322027748065821	0.12614822932407926	0.22952043219214577
0.2945278505429942	0.20512401031935373	0.17294251122068185	0.1032240838026309	0.22418154411433905
0.19334851082896776	0.20771911970514323	0.14492335854748103	0.09399678352943867	0.3600122273889691
0.16741868401667548	0.29773996348309806	0.1314623689627336	0.11916876803912417	0.28421021549836845
0.23957478724586143	0.22951467304434325	0.13854866504133737	0.11330113153786177	0.279060743130596
0.18220521165153558	0.20594011110513086	0.2382735951546518	0.10016297341451437	0.2734181086741672
0.15139847018063882	0.2263707130793366	0.22355315647473345	0.12623690369721893	0.272440756568072
0.18964853924506242	0.2105485281581719	0.21899828162312826	0.10088907953045946	0.27991557144317775
0.16681687810963744	0.2116046362558663	0.23627983148724557	0.1091227678279242	0.2761758863193263
0.22587712888046213	0.19239898048160353	0.14035218188290646	0.12472731046360619	0.31664439829142144
0.13349577381455074	0.2830004825950112	0.10053058479299468	0.14881761199684934	0.3341555468005938
0.197557274081018	0.19374903309397082	0.165792509261217	0.07970365664496092	0.363197526918833
0.20492174149377765	0.2909945236027203	0.12964840906777284	0.10729717884087517	0.26713814699485383
0.22672509034903188	0.18591314388908	0.1146899024087001	0.1312774057009658	0.341394457652222
0.22704174861327947	0.21540788544425452	0.14331433892681456	0.10534277363504982	0.30889325338060136
0.16874855125248797	0.2856601237621794	0.14269586527268682	0.08944574143717438	0.31344971827547125
0.2029422360051124	0.19911912359805684	0.14887729876044337	0.14598929274369915	0.303072048892688
0.2366161291307064	0.23296480225679683	0.08693263318610332	0.11417185772110895	0.3293145777052843
0.13259761666424486	0.24508016783950098	0.13590251111651808	0.14678434077965713	0.33963536360007873
0.1425452339551762	0.27093385101952405	0.15600905038874102	0.0859581203796109	0.3445537442569477
0.2542797457203401	0.21459199895108536	0.1265454762556476	0.09350788595887399	0.3110748931140527
0.19543315639750597	0.22123003159489327	0.1150441746249834	0.12181190953748595	0.3464807278451312
0.24312021813208373	0.20216186440354375	0.1296565621150212	0.15253086850421166	0.2725304868451395
0.17803263212638448	0.2869712249470606	0.11668131594283214	0.11913269914526421	0.2991821278384583
0.14994163372283853	0.2671157946555051	0.15049353508507318	0.13790785726910001	0.29454117926748297
0.273653600003421	0.21594134822598235	0.08867151005602365	0.13442903199308293	0.28730450972148985
0.16221932360586902	0.233329817776951	0.1591026832574188	0.0830376318948147	0.3623105434649463
0.2727273308062136	0.23967482157960754	0.08227131065514366	0.10443580225895004	0.30089073470008487
0.20328321224417117	0.22467507550401483	0.1275431351280758	0.088663146357338	0.3558354307664
0.24561796618996495	0.2944534632364547	0.08702528076570454	0.11961559253299908	0.25328769727487643
0.1624984855392143	0.23175105855639974	0.13964592746686944	0.10475431825427675	0.3613502101832396
0.1540834586676713	0.23254883232621032	0.16271309999858735	0.13288913463736723	0.3177654743701636
0.1895749905636176	0.2453863787375132	0.18544273505243059	0.07529055457736274	0.3043053410690757
0.19128242210737634	0.2529640064682474	0.1426869451903083	0.14880570257473277	0.26426092365933496
0.14061269705243473	0.2763615182214479	0.1341145392408948	0.09061819439050703	0.3582930510947154
0.193941527735626	0.2988611558763233	0.07826659089551485	0.09891270105685503	0.3300180244356806
0.2122753072333163	0.2712254817688309	0.1180335993721313	0.15070239910595676	0.24776321251976452
0.2811855591257656	0.19838906918634708	0.08145947137015458	0.09092379879065744	0.34804210152707504
0.1468478580185592	0.23608139638574235	0.15248975435532883	0.15900235700369175	0.3055786342366777
0.29828644458667936	0.20339136872435684	0.12388015996550582	0.13531049486636146	0.2391315318570962
0.28987471731191145	0.25083259790655876	0.07692065295008213	0.16023084795967396	0.22214118387177345
0.2953285778130623	0.26334668674034967	0.07696619249022495	0.11000510915515167	0.25435343380121117
0.14959391936884459	0.20326460919116465	0.21806884307935012	0.07810747718737787	0.3509651511732626
0.146773293407896	0.22732421923649318	0.24265358771183299	0.09668846526679369	0.286560434376984
0.17120179272342106	0.2260338616470136	0.2336125934022456	0.1302907281213393	0.2388610241059802
0.22997440470894318	0.2798154853628436	0.13652977155206647	0.12366921196964309	0.23001112640650342
0.1474489473290937	0.23246352881800328	0.14104438020608112	0.13857461556527845	0.34046852808154326
0.18170656253511105	0.23716225100970595	0.21710023775594461	0.11331190563959792	0.25071904305964027
0.19884897241760713	0.22801003511527201	0.2032059940198643	0.07517181402603591	0.29476318442122046
0.15376129467869667	0.21041647699355193	0.23556911189832963	0.12827779290110777	0.2719753235283138
0.15567256204583388	0.29924586543348897	0.14318905485342973	0.11106791199373511	0.29082460567351215
0.16131879464728	0.267636281161118	0.24124415946697933	0.07569362856238895	0.25410713616223357
0.15651402226365996	0.24053368707326628	0.22221718899671325	0.11552079527802198	0.26521430638833837
0.1880519624057524	0.2908594460749949	0.18001423799870647	0.10719416855021605	0.23388018497032997
0.14616714638344463	0.21005432404399488	0.13902182574608302	0.1635016061059961	0.3412550977204812
0.12761136166953058	0.2822771630012548	0.20461535246248008	0.1462871452814002	0.23920897758533413
0.27801852009082845	0.1858882555525083	0.09134015898233122	0.1633326408842945	0.28142042449003724
0.16894857586326126	0.2513580853792841	0.11270789245928556	0.1605095297139564	0.30647591658421247
0.16484162714525194	0.24187757318252479	0.12334553150295673	0.13232513207043795	0.3376101360988284
0.27080626559230453	0.18687272957887555	0.14262530299981305	0.15085468643815186	0.24884101539085474
0.1997034099911189	0.20875659535273455	0.0871902229492291	0.14504896733881448	0.35930080436810274
0.13133901377054086	0.24370747214001742	0.1333135135911741	0.16219856948674843	0.329441431011519
0.214704637599878	0.2177746751367375	0.15118119671754343	0.1035885622860259	0.3127509282598149
0.16928988059766636	0.23114648564867285	0.1314692946521443	0.12788118478221086	0.34021315431930543
0.2159908417806544	0.21240940146798526	0.2047991884509842	0.11299425132329596	0.25380631697708
0.1427893556263882	0.25323248562830947	0.1915774524621049	0.10487111514792588	0.30752959113527134
0.2181749677191915	0.25068345693268484	0.10164723975184767	0.11196444268334879	0.317529892912927
0.25878551684236306	0.21076897346627163	0.2095960241323701	0.07736990790776677	0.24347957765122816
0.1467310277368835	0.23222643486114875	0.12892636186592682	0.14082668155373587	0.3512894939823048
0.29103228155006977	0.23366430592556015	0.08071582315855505	0.12009320447347879	0.27449438489233596
0.26477269434563944	0.2222118687752822	0.09384449223047035	0.1444586165928564	0.27471232805575135
0.29709820055231434	0.2015636596142078	0.18393189257414744	0.08226230276922378	0.23514394449010634
0.2323372757833876	0.22878464404382606	0.14996292291265556	0.16437630998260727	0.22453884727752327
0.28051999187622934	0.20549911207605442	0.1557409553106146	0.13077191748001016	0.2274680232570912
0.2616950244781931	0.21547620730611494	0.13471740948415994	0.10575029234244193	0.28236106638908987
0.1683382290192768	0.270171126564745	0.15792774754055539	0.08564714244358428	0.31791575443183834
0.25320015164297804	0.25976268842309785	0.08517710862958265	0.0817344464420753	0.32012560486226593
0.2632914513122028	0.22943269659629914	0.11002731423892423	0.137678146739119	0.2595703911134546
0.29984499574796875	0.19597621294760975	0.12122901578652692	0.07770727807081784	0.30524249744707643
0.2737703119526451	0.22303685132759282	0.13923780336474062	0.09466948800174314	0.269285545353278
0.21500310558878538	0.24239147488324608	0.12396637539077356	0.0781871978679183	0.34045184626927644
0.14708323644147392	0.27942778760768044	0.20475339433862727	0.12622683634478601	0.24250874526743219
0.2932933208515782	0.22380907261963123	0.13176786559999717	0.07839881573496912	0.2727309251938239
0.1701538249781248	0.24414922970349734	0.23535361837818128	0.08013204071280705	0.2702112862273893
0.17615378488900887	0.27139709933583533	0.09569322751288177	0.14021604586454228	0.31653984239773153
0.15933992670415537	0.21164154277449526	0.149377459373091	0.1431653135760597	0.3364757575721985
0.24933687532046273	0.21943928328792056	0.11447911052226878	0.09451774613380708	0.3222269847355406
0.17535800261796122	0.2991679432748182	0.09651776525356284	0.12511363953795765	0.3038426493156999
0.21943842782478826	0.19826902232462165	0.17371856509205705	0.13997414648664386	0.26859983827188894
0.2027380297014151	0.25567092793427226	0.168791401295256	0.11906129930774534	0.2537383417613111
0.2730380124189005	0.20914811853410384	0.1021837832241652	0.10849752020882038	0.3071325656140098
0.283177784832656	0.23750502869306875	0.10035115354382121	0.11064544853016763	0.26832058440028617
0.2518177551720596	0.2533210548626709	0.07899725282805542	0.14045772289412134	0.2754062142430924
0.2513895431803535	0.26482207065513885	0.07974561377335279	0.0844741606549696	0.319568611736185
0.26203650349544927	0.19494817927021788	0.15802259910490185	0.11035991585967646	0.2746328022697543
0.1418341194005498	0.25864564812196816	0.1983554261597483	0.1347904752232033	0.2663743310945302
0.2526048691873479	0.24147811347265086	0.1347051590860146	0.12160857953394769	0.24960327872003862
0.14633050856014546	0.2791441777399261	0.1662095259582385	0.15714792045211906	0.2511678672895707
0.1852127096745129	0.22975574318404934	0.11662087308567647	0.10511704450162922	0.36329362955413186
0.13844280033570236	0.2176767573883527	0.17857382246637127	0.12917832621504616	0.33612829359452734
0.2510730963480936	0.19794271551963183	0.11278477474462716	0.13783592728799354	0.3003634860996536
0.16747739667948208	0.2708888235597554	0.17042712568394647	0.16324272066362633	0.22796393341318952
0.1645608014189994	0.2941833090619339	0.15083062840503	0.1047215279984494	0.28570373311558706
0.16832174277871192	0.18998924158133026	0.2042908332645757	0.09871708273101507	0.3386810996443668
0.22652194136537118	0.18451350629655403	0.09905697996482732	0.12901491198415624	0.360892660389091
0.23029418195617318	0.24192190489651427	0.08318874462374204	0.08318794435379456	0.36140722416977566
0.25513396742758343	0.22005604140612406	0.19823206029983248	0.08571798271129369	0.24085994815516604
0.2228028092086802	0.24690300957825095	0.1266862250299276	0.1569103069554088	0.2466976492277322
0.1689764250190795	0.22871055491656933	0.18282864778978858	0.16829499834277506	0.2511893739317873
0.23317676503690865	0.1913450738848092	0.12410201702979279	0.12325855262874902	0.32811759141974006
0.1589614452643216	0.20766649298913886	0.21396715523243254	0.13173345609873022	0.2876714504153766
0.23612794767643955	0.1856528353240117	0.11905259292513556	0.1536491517601773	0.30551747231423565
0.21295734363398683	0.21609485163237618	0.22807455074658864	0.08928245465818956	0.25359079932885853
0.16907687921400483	0.20843466629332874	0.16081186520924257	0.15458247801308955	0.3070941112703341
0.13473352048125922	0.2837472178373034	0.20285636725782655	0.08313576687104086	0.2955271275525698
0.22299909197512868	0.2044373676750046	0.20768770086232718	0.10902799718278683	0.25584784230475244
0.22059968660026258	0.2156501684692404	0.08080843721800263	0.12142254784873585	0.36151915986375827
0.15145471219646992	0.24410472466301752	0.14604992619476584	0.10024397248646971	0.35814666445927684
0.18366306204837796	0.27097655496973205	0.15941712907164118	0.08273638043281811	0.30320687347743047
0.14108523617254068	0.21924838107725386	0.1386542246278425	0.1522188973183085	0.34879326080405426
0.14765664373025394	0.2797032282761127	0.2019400123040436	0.08467864271743172	0.28602147297215785
0.24070219152505146	0.18905024141556173	0.10801762001412614	0.1665073139315112	0.2957226331137492
0.2350742038902855	0.21756516921437571	0.17340702136259323	0.10555490673970465	0.2683986987930407
0.28941763477406035	0.21269005307470237	0.11863267090341414	0.08784734374687572	0.29141229750094716
0.26972950985277455	0.19630996212691346	0.12246561837246006	0.12551252092525927	0.28598238872259235
0.18293599826378318	0.23650606224926382	0.14044649101004178	0.11908088022297236	0.32103056825393866
0.17120620584509164	0.2587021071592733	0.21541561888529626	0.1206611248540138	0.23401494325632485
0.24279480747414173	0.2432281044595165	0.07954245153335353	0.09203673413972022	0.3423979023932678
0.21872306185868567	0.20363785453423117	0.09146923743204452	0.15376598001072184	0.33240386616431655
0.20079067594052916	0.27289162690405955	0.13245789812633046	0.17011486060582245	0.22374493842325816
0.26244360704585484	0.26136790072109384	0.08558503208151279	0.10387186915125633	0.2867315910002819
0.24817768498735726	0.20067870744012	0.09101271253031572	0.13738864622351776	0.32274224881868896
0.13164908230960465	0.29038023006450825	0.13892550214903304	0.13603835663352348	0.3030068288433304
0.13542897371774199	0.25263128072569707	0.21112174470814785	0.11795659092706065	0.2828614099213523
0.21282278661278534	0.28946590704894587	0.16856684106869005	0.08040075963185568	0.24874370563772286
0.1351878570893121	0.27148704630258236	0.17070191434965892	0.11862911352812097	0.3039940687303255
0.2663003282492703	0.2675036646777149	0.10165472386923131	0.07996282015938938	0.2845784630443938
0.21298395908887865	0.26399086048065196	0.15337643789614713	0.13560736621216668	0.23404137632215533
0.2527967862629751	0.2628926576156001	0.09063410483793446	0.0993436375850535	0.2943328136984366
0.1587180183012653	0.26403999994171495	0.09124574019609526	0.16446387912966176	0.3215323624312626
0.2040950090949726	0.20632302646730538	0.11539021751154835	0.12400663355516237	0.3501851133710111
0.2235529999790165	0.27413019780290704	0.08397090359875567	0.10214121762577374	0.3162046809935468
0.1315391063618141	0.26325865324042474	0.14711475248520756	0.10792116794233196	0.35016631997022146
0.1760627074777449	0.1932606011148553	0.19160691251236667	0.12757219133606615	0.3114975875589667
0.28729913171506927	0.24127639307383578	0.11279461630057097	0.10732968291197385	0.2513001759985498
0.2042071750052768	0.2616716579737292	0.15774027853993308	0.11179092620558606	0.2645899622754746
0.24164237748992276	0.22860736473506776	0.12703608498696145	0.09148162269871923	0.31123255008932854
0.1800347136546565	0.21803955421930885	0.2079363026816058	0.11043743711085713	0.28355199233357153
0.13841633144800192	0.26408695989836684	0.16755872100892982	0.16885417047587337	0.26108381716882784
0.24750341659861055	0.20159084545733327	0.19559371270031956	0.11879177533195674	0.2365202499117796
0.15154546934264085	0.2753143529039642	0.1110382299241616	0.10237194346449084	0.35973000436474234
0.2566267382137944	0.23774188380059694	0.09192406029058957	0.08387199549284605	0.3298353222021728
