0.1524352223303524	0.3854056422791748	0.46215913539047293
0.15439493283125444	0.3846195671132336	0.46098550005551214
0.1529731675367239	0.38525143683449814	0.4617753956287781
0.1548486207045452	0.3840121254202498	0.46113925387520505
0.15470847783377498	0.3844083642769348	0.46088315788929035
0.15439499092882542	0.3846784967002707	0.460926512370904
0.15368642281207892	0.3851100033566668	0.46120357383125443
0.15422801153496407	0.38426559704826646	0.4615063914167696
0.1538705316896422	0.38491034433647425	0.4612191239738837
0.15493354187216493	0.3841816562312699	0.46088480189656533
0.15331779903787074	0.3851033668643877	0.4615788340977417
0.15471752429499033	0.383891203355982	0.4613912723490278
0.1549749656220476	0.383871244382825	0.4611537899951275
0.1546738715633933	0.38444859726380737	0.4608775311727995
0.15424902442228922	0.38467349825668246	0.46107747732102844
0.15486312596038307	0.38420917002432986	0.46092770401528715
0.15290512614416446	0.3846488184825927	0.462446055373243
0.15281766716765854	0.3851193039653121	0.4620630288670295
0.1536535039626148	0.38499769337662104	0.4613488026607643
0.1525105181645623	0.38491850807540273	0.4625709737600351
0.15382551097530525	0.38476889847804707	0.46140559054664776
0.15277608099927253	0.38486315648462677	0.4623607625161008
0.15462611238190466	0.3843684823929202	0.46100540522517525
0.15280036175483952	0.385020911517484	0.46217872672767657
0.15418462012790676	0.38425392684380166	0.46156145302829177
0.15417645412166248	0.3840145378817786	0.4618090079965591
0.15465056072927613	0.3840378946428148	0.4613115446279092
0.1524406158954854	0.38510863809215373	0.462450746012361
0.15448558506939725	0.38442376260838707	0.4610906523222158
0.15301247235300605	0.3850665426493928	0.4619209849976013
0.15347747397653905	0.3840541364345411	0.46246838958891995
0.1538548615400227	0.3841789905839501	0.4619661478760273
0.15305072066291994	0.3845044114792214	0.4624448678578588
0.15272547817906182	0.3848534038729425	0.4624211179479959
0.1529756227926554	0.3844893612584187	0.462535015948926
0.1524136489410426	0.385019969877512	0.46256638118144544
0.15278418654564616	0.38528293533459435	0.4619328781197596
0.15445611621303107	0.3842414901789584	0.4613023936080106
0.1534690484620923	0.3846314294718397	0.4618995220660681
0.15367429694556636	0.385032380210828	0.4612933228436058
0.15214277400331028	0.3853572258688025	0.46250000012788733
0.15302718791679648	0.38456681076210636	0.46240600132109727
0.15398173279992866	0.3849910200078586	0.4610272471922129
0.15448980325686684	0.3841517554065068	0.4613584413366265
0.15320868061732168	0.3845333786026131	0.4622579407800653
0.15388773662705807	0.38423187634875106	0.46188038702419104
0.15350440313673064	0.38495573814316253	0.46153985872010694
0.15441580411717593	0.38460884198818757	0.4609753538946366
0.15400294928485614	0.3842487451416782	0.46174830557346574
0.15348440763894883	0.38523993956639935	0.4612756527946519
0.1523430716898144	0.385029168272094	0.46262776003809175
0.1541382394675151	0.385032414439372	0.4608293460931131
0.15427002321173797	0.3849803471833046	0.4607496296049576
0.15351711085967137	0.384142595799673	0.4623402933406557
0.1551548295544459	0.3839766817521102	0.46086848869344405
0.15411494424009442	0.38434130134173633	0.46154375441816936
0.15379913422687208	0.38472017650724716	0.4614806892658809
0.1537553303508371	0.3854072803434366	0.4608373893057264
0.15446835426422095	0.38400637233987295	0.4615252733959062
0.1535001716939846	0.3845390772404212	0.4619607510655943
0.15334129492831933	0.38541515532169685	0.46124354974998394
0.15356837743638013	0.3847878732281578	0.4616437493354622
0.15255703493671968	0.3849183202283707	0.46252464483490974
0.15336414043575372	0.38480194860743655	0.4618339109568098
0.15423567240645025	0.3842006823068922	0.4615636452866577
0.1531553901428925	0.3850036540310443	0.4618409558260633
0.15464737858410185	0.3841731009291158	0.4611795204867825
0.15361309846258675	0.38450901064753895	0.4618778908898744
0.15256256552429648	0.38500040426971904	0.46243703020598464
0.15219806468958932	0.38541592578103023	0.4623860095293805
0.15331964026555298	0.38507397724380316	0.461606382490644
0.15457206371865648	0.3842365524990816	0.461191383782262
0.153039363289445	0.3849246562164838	0.46203598049407135
0.15297763929277514	0.38500502988549257	0.46201733082173246
0.15438594899373567	0.383852236698483	0.4617618143077814
0.15314984615031718	0.38533345996022017	0.4615166938894628
0.15309567427673304	0.3852515561952817	0.4616527695279854
0.15389994443262386	0.3848182642491149	0.46128179131826136
0.1539630044202635	0.3851125385517489	0.46092445702798773
0.15504002772815262	0.3841922551985414	0.4607677170733061
0.15281284501920434	0.38500688587371756	0.46218026910707827
0.15391459432169008	0.38481935718139926	0.4612660484969108
0.15466612676571495	0.3842811893079356	0.46105268392634957
0.1544272355593645	0.3847826022342381	0.46079016220639746
0.15508730629552175	0.38383708348700823	0.4610756102174701
0.1531611451282437	0.3850150199609538	0.4618238349108027
0.15296641780533246	0.3854202608034991	0.4616133213911685
0.15277130775876296	0.38476602406856913	0.462462668172668
0.15351021973401707	0.3845629268862819	0.4619268533797012
0.15261849065112792	0.385379680463526	0.46200182888534624
0.1533007162552164	0.38518991099098504	0.46150937275379866
0.15475731608733762	0.3844773698434068	0.4607653140692557
0.15274196859147726	0.3852917048462948	0.461966326562228
0.15448500777104612	0.38429578747421655	0.46121920475473743
0.15248592240801756	0.3849182270557434	0.4625958505362391
0.15315438620654792	0.3846787609799222	0.46216685281353
0.15385175635149212	0.38468892313813163	0.46145932051037636
0.15311808795728002	0.38495546177480355	0.4619264502679165
0.15292964206140328	0.38485035971423787	0.462219998224359
0.15242137348051782	0.3850473297572672	0.46253129676221516
0.15319883359795478	0.38449266484494476	0.46230850155710057
0.15213607044167043	0.3852875722646002	0.4625763572937295
0.15498195588217645	0.38398094014388034	0.4610371039739433
0.1534130206583338	0.3847686269916385	0.4618183523500278
0.1529504516255799	0.38535206041200665	0.4616974879624136
0.15405289433870337	0.3850068981770012	0.46094020748429554
0.15439320680973997	0.383976724851461	0.46163006833879916
0.1544025308476153	0.38484145058412345	0.4607560185682613
0.1534174229694647	0.38515740110274405	0.46142517592779136
0.15331015868948142	0.3844137802864211	0.4622760610240976
0.15259880910331253	0.38512001408960567	0.4622811768070819
0.15385921663407548	0.38392105168917673	0.4622197316767479
0.15257413510856732	0.3851960835573161	0.4622297813341167
0.1532041325893705	0.385073061636101	0.4617228057745286
0.15374155752997834	0.38495823504917115	0.46130020742085065
0.15486413951893446	0.3838340918301399	0.46130176865092576
0.1532908476924294	0.3851301640551878	0.4615789882523829
0.15270428600796035	0.3852261054259828	0.462069608566057
0.15408129706921836	0.3844328270549128	0.461485875875869
0.15401493994721432	0.3848364307874319	0.4611486292653539
0.15468216410637886	0.3844190523382496	0.4608987835553717
0.15470540699943686	0.3838598865612125	0.46143470643935075
0.15370228247129825	0.38536080772880266	0.4609369097998992
0.1532883224066508	0.38453386609607515	0.4621778114972741
0.15427985646139247	0.3841653519631412	0.4615547915754664
0.15360281178172416	0.38388623566204466	0.4625109525562313
0.15265997366440717	0.384770609755531	0.4625694165800619
0.15340689322135095	0.38525640819205986	0.46133669858658927
0.15345418091417634	0.38484689011980705	0.4616989289660167
0.1523147616352532	0.3850758578414898	0.4626093805232572
0.15224118441211698	0.3852595393665358	0.46249927622134734
0.1527853023723474	0.3852948790401846	0.4619198185874681
0.1533382940488592	0.3843966772026335	0.4622650287485074
0.1541919601315862	0.3845234636913334	0.4612845761770805
0.15356671806560218	0.3845985067161243	0.4618347752182737
0.15379945870441658	0.3853103567148889	0.46089018458069464
0.1539971503890907	0.3838865094259547	0.46211634018495473
0.1536331288417888	0.3850924482189495	0.4612744229392618
0.15423998757701574	0.38495427533312465	0.4608057370898597
0.15436868324618558	0.3839873564730209	0.46164396028079363
0.15319385257015158	0.38444097354111756	0.462365173888731
0.15448703661360952	0.38427470413287695	0.46123825925351364
0.15368624479260834	0.38543489386382646	0.4608788613435653
0.15375145911382493	0.3842244516668036	0.46202408921937166
0.1530489125778547	0.3851828529418989	0.4617682344802465
0.15335005263611684	0.3850914524899195	0.4615584948739638
0.1549679715697436	0.3841947708933808	0.46083725753687577
0.15437270079905135	0.3843456954467426	0.46128160375420624
0.15516229451080976	0.38390257267047695	0.46093513281871346
0.1536306897322341	0.3844438820610517	0.46192542820671434
0.15462650568001635	0.38431792064414944	0.4610555736758344
0.15313648821229509	0.3845249725893631	0.46233853919834195
0.15381189756727875	0.3846931222902633	0.46149498014245804
0.1535547398367034	0.38432351825073857	0.46212174191255817
0.15490594981447933	0.3840037473845265	0.46109030280099433
0.15505410270649553	0.38388370196161703	0.4610621953318875
0.1533861530104296	0.3854436131205215	0.461170233869049
0.15421109740583058	0.3845190103949748	0.4612698921991947
0.15324084728396278	0.38467652640074795	0.4620826263152894
0.1532202728381178	0.3849225357877669	0.4618571913741154
0.1545690022972434	0.38468606726662025	0.46074493043613646
0.154621522439915	0.3838465082775314	0.4615319692825537
0.15448042847080598	0.38474490166488545	0.4607746698643087
0.15279268874864305	0.38494070359396854	0.46226660765738853
0.15286759963612717	0.3846052773914636	0.4625271229724094
0.15467547996813638	0.38449034990595565	0.4608341701259081
0.15433114414942917	0.3848886431469593	0.46078021270361164
0.15337726709288324	0.38510425075518434	0.4615184821519326
0.15470485014353444	0.38425666724745167	0.461038482609014
0.1534266097669456	0.3852886530128889	0.4612847372201656
0.15460198339408374	0.38434485192123014	0.46105316468468627
0.1527775871555062	0.3847756716997372	0.4624467411447567
0.154552360580206	0.38431993060062564	0.4611277088191685
0.15392226245638596	0.38407405811515744	0.4620036794284567
0.15373186035809694	0.3841629548268536	0.4621051848150496
0.15287130824919404	0.38475958601427573	0.46236910573653034
0.15450747998369702	0.3846335087367822	0.4608590112795209
0.15425699670124576	0.3841877431255341	0.46155526017322024
0.15345090074352835	0.383921332622519	0.4626277666339528
0.1532546117687188	0.38542407416809377	0.46132131406318755
0.15392890664849707	0.3840380145120764	0.4620330788394266
0.15416246750894336	0.38418922128985766	0.4616483112011991
0.154076214978823	0.383937296035582	0.46198648898559513
0.15428912434815334	0.38490853194225993	0.46080234370958684
0.15401187830108168	0.38396450171583185	0.46202361998308655
0.15211379325434865	0.3854468041093511	0.46243940263630035
0.15462056756379433	0.38447581648801177	0.460903615948194
0.154723996414998	0.3840560416391795	0.4612199619458226
0.15239208377724303	0.3849991656680442	0.4626087505547129
0.1535223306907771	0.3844203160129294	0.4620573532962936
0.15325137374154235	0.3851052630448894	0.46164336321356836
0.15450810583935826	0.3841875379320748	0.46130435622856714
0.1527073080459266	0.38542810000592187	0.46186459194815166
0.15382110323549064	0.38451906395861446	0.46165983280589495
0.15392566984051537	0.3851928268682551	0.4608815032912296
0.15314677274299665	0.3853117174345144	0.461541509822489
0.1534880248837444	0.38526705036733416	0.46124492474892154
0.15288288293994787	0.3847993529477088	0.4623177641123435
0.154556222206188	0.3845223781181777	0.4609213996756344
0.15345973423452047	0.38482319865725106	0.4617170671082286
0.15341218106572801	0.38469407339325024	0.46189374554102186
0.15276953050614428	0.3853656031663516	0.4618648663275043
0.15381633028861022	0.385148450285407	0.4610352194259829
0.15428564431338118	0.38461015146619165	0.4611042042204273
0.15470537465391282	0.3839758768782625	0.46131874846782484
0.15257228216638652	0.38525016454027994	0.4621775532933337
0.15519763967418626	0.38389172365450297	0.4609106366713109
0.15375484284849067	0.3848481781575033	0.46139697899400617
0.15507785931865242	0.38415454203925387	0.4607675986420938
0.15391215384431517	0.3848312666596832	0.46125657949600174
0.15234298604565583	0.38521482645706395	0.46244218749728033
0.15330986054430118	0.3846078646194283	0.4620822748362706
0.15357186366116904	0.3847171363420215	0.46171099999680965
0.1537066234418027	0.3847464908635367	0.46154688569466074
0.15372083185023644	0.3853334621186722	0.4609457060310915
0.1547081431071359	0.3838410176852537	0.46145083920761054
0.15408594777507728	0.38411500790902126	0.4617990443159016
0.1526970394683509	0.38515316086780776	0.4621497996638415
0.1544480743122711	0.3846929682880755	0.46085895739965355
0.1536070913343662	0.3844053367175632	0.4619875719480707
0.1529960706854711	0.3849673274773522	0.4620366018371768
0.1539213250661286	0.3841396148325591	0.4619390601013124
0.15462368754306915	0.3840631928545844	0.46131311960234656
0.15425632054880015	0.3845222014794963	0.4612214779717037
0.1547714204870269	0.38445853475073977	0.4607700447622335
0.1535029194473505	0.38413768801992154	0.46235939253272806
0.15275903346146794	0.38504857952226135	0.46219238701627086
0.1549432118108534	0.3840878821234416	0.4609689060657051
0.15450022467096597	0.38431579264698074	0.4611839826820534
0.1553497913918585	0.38394633196752204	0.4607038766406195
0.1541352076580762	0.3843264141079571	0.4615383782339668
0.15445641457891762	0.38429325764208966	0.4612503277789929
0.15371272646230938	0.38416101942596803	0.4621262541117227
0.1540660430872464	0.3850418191668494	0.4608921377459043
0.15202230806601785	0.3854005277394345	0.46257716419454775
0.15320291180207313	0.38510931604127985	0.46168777215664714
0.1541250242050755	0.38505473874909335	0.46082023704583125
0.15406404059862056	0.38482476137449495	0.4611111980268846
0.15350198446854613	0.38469808632965746	0.4617999292017966
0.15515342059548903	0.3840526445083334	0.4607939348961777
0.15358825138882432	0.3850807487872537	0.4613309998239221
0.1532423332138655	0.38517040899465643	0.4615872577914782
0.15359202503876368	0.3842647309174779	0.46214324404375856
0.15308726799691103	0.38480571976617667	0.4621070122369124
0.15357310805438967	0.3843994192661817	0.46202747267942873
0.15377464851012146	0.38455375767357014	0.46167159381630857
0.1541893328259893	0.3840170940459893	0.4617935731280215
0.15455687572604415	0.383915045761439	0.461528078512517
0.1536593629526157	0.38541982924168405	0.4609208078057003
0.1524304444047916	0.3853141543498144	0.4622554012453941
0.15410935552972257	0.3850017342858108	0.46088891018446676
0.15407004194781287	0.38421303326294004	0.4617169247892472
0.15479423602617753	0.3839936188888258	0.46121214508499675
0.15368662238847214	0.3844690575200315	0.46184432009149645
0.15377705011946602	0.3850358034238311	0.461187146456703
0.15355732532737015	0.38503450850056226	0.4614081661720677
0.15506605177971622	0.38389543182010133	0.46103851640018256
0.15264307124522022	0.38520004933005664	0.4621568794247233
0.15350785531310968	0.38486994952648695	0.4616221951604035
0.15474312224365616	0.38390801162842486	0.46134886612791903
0.15416193829381064	0.3845343903556726	0.46130367135051686
0.15438946268856216	0.38465050046953253	0.46096003684190545
0.15533732215109536	0.3838863652452139	0.4607763126036909
0.15285226822182846	0.3850378828949035	0.46210984888326817
0.15453506766480662	0.3840353551066682	0.4614295772285253
0.1528895634117648	0.38512589696034744	0.4619845396278879
0.1530975207292572	0.385082183832031	0.4618202954387119
0.15485145301668252	0.3843396930967452	0.46080885388657233
0.15417024847937144	0.38470645583312163	0.4611232956875071
0.15330041420405455	0.38498771736322457	0.461711868432721
0.15265548290691006	0.3850787631169235	0.46226575397616654
0.15336843894404067	0.3849748511596718	0.4616567098962877
0.15490584805346158	0.3841548668071989	0.4609392851393397
0.1536873191171536	0.3840221017553865	0.46229057912745997
0.15347493371858767	0.3845988786231098	0.4619261876583026
0.15365529034615366	0.38496631969579737	0.46137838995804914
0.15446012220015448	0.38429389691500554	0.46124598088484015
0.15338042716979217	0.38458335485073836	0.4620362179794696
0.15281573669634246	0.38481420573827757	0.4623700575653801
0.15493899872751551	0.3841732107482702	0.4608877905242144
0.1547969828595207	0.38407498452718336	0.46112803261329605
0.15369090648811695	0.38424714763672496	0.46206194587515825
0.15368918461826422	0.38509703523838823	0.4612137801433477
0.15463377225913436	0.38417949853521943	0.46118672920564635
0.15233765824948123	0.38536441450159475	0.46229792724892416
0.1529524422985349	0.38511248928671615	0.461935068414749
0.15372782792882445	0.38522346291976245	0.4610487091514132
0.15424209440485293	0.384700189445049	0.46105771615009816
0.15389659623410515	0.38409209451216747	0.4620113092537275
0.15311440295692164	0.3845916472643263	0.46229394977875216
0.15347712960292298	0.38428712124320435	0.4622357491538728
0.1529781702431694	0.38519234845284034	0.4618294813039904
0.15342316869631917	0.3846722583858213	0.46190457291785963
0.15303306382523507	0.3851483081955576	0.4618186279792074
0.1543549819524247	0.38480829728116134	0.4608367207664141
0.15376171731837354	0.38462140722483157	0.46161687545679503
0.1532433956176899	0.38449207701817606	0.46226452736413415
0.1534165574694718	0.38423905563211724	0.46234438689841106
0.15480492928359324	0.38430294697427736	0.4608921237421295
0.15363103381819387	0.38424371922434686	0.4621252469574594
0.15206764929217914	0.38531103529054844	0.4626213154172726
0.15317735732172705	0.38542816182887296	0.46139448084940016
0.15428225800431974	0.38403299115337375	0.46168475084230665
0.1522361623983271	0.38515335807431034	0.4626104795273627
0.15319601299552493	0.384646653509392	0.46215733349508326
0.15372556868542303	0.3846784829948646	0.4615959483197124
0.15208359541259492	0.38544164625425265	0.46247475833315255
0.15272662157375333	0.38473629663682385	0.46253708178942293
0.1536858050207394	0.3847715022021704	0.4615426927770903
0.15354400720226435	0.3850917976930003	0.4613641951047355
0.15398796156295386	0.38414989039207476	0.46186214804497155
0.15221575371367396	0.38523350215197943	0.4625507441343467
0.15517200048401456	0.38412395516111086	0.4607040443548747
0.1524579197856768	0.3849621234230528	0.4625799567912705
0.15442954601754214	0.38401785856929804	0.46155259541315996
0.1530310861016167	0.38454573470308046	0.46242317919530296
0.15264925497403842	0.38510339922602443	0.46224734579993726
0.15488136248866335	0.3841768652305694	0.4609417722807674
0.15421647892785914	0.3846761547643602	0.46110736630778076
0.15297489056581154	0.3853997733720055	0.4616253360621831
0.15467669746214738	0.3839542264633843	0.4613690760744684
0.1544227108612422	0.3848710839787759	0.46070620515998195
0.15464330911097326	0.38429847093186326	0.4610582199571636
0.15496081973496553	0.3840154346377475	0.4610237456272871
0.1541306310936667	0.3842000899327574	0.461669278973576
0.15447431699315017	0.3840214782911744	0.46150420471567555
0.15451045624935913	0.38460242138741846	0.4608871223632225
0.15389083830181277	0.38453093524677123	0.4615782264514161
0.15465548483012842	0.38437092296847164	0.46097359220140005
0.15374526850525494	0.3854476141158396	0.46080711737890556
0.1540468934258572	0.3839039882221914	0.4620491183519515
0.1536943063266446	0.38397155221058804	0.46233414146276747
0.1535352312193522	0.38498712494340037	0.46147764383724754
0.15388374866918897	0.385088185677401	0.46102806565341015
0.15389623354446608	0.38454395960158005	0.46155980685395404
0.153201089166011	0.3846849427050658	0.46211396812892336
0.15448043944016915	0.38399370589905363	0.46152585466077733
0.15345881634851874	0.38474809102557556	0.46179309262590584
0.15283854973040273	0.38456340357457974	0.46259804669501764
0.15418732321826217	0.38444112502313665	0.4613715517586013
0.15382345883694176	0.3845610357831166	0.4616155053799418
0.15467483472044138	0.3842624727890484	0.46106269249051035
0.1534696641813718	0.38423587001482545	0.46229446580380285
0.15453163854588303	0.38473422134183427	0.46073414011228286
0.15403903317306408	0.38510848695995975	0.4608524798669763
0.1527718260195712	0.3850516320495291	0.46217654193089985
0.15465350930886668	0.38436260828406604	0.46098388240706734
0.1536831397146443	0.38395339262895256	0.46236346765640324
0.1536133974150446	0.38524430063607074	0.46114230194888484
0.15397238090005172	0.3839525900812733	0.46207502901867514
0.1534152906831798	0.3850530134251065	0.46153169589171383
0.15225816612132295	0.3852335531386265	0.4625082807400507
0.15399670123077552	0.3842338555762267	0.46176944319299795
0.15276623123483224	0.3851332840587218	0.46210048470644605
0.1527626690361637	0.3849512990884737	0.4622860318753627
0.1540702021394596	0.3844619698638314	0.4614678279967091
0.1529316646006507	0.3854078723900013	0.46166046300934815
0.15423391475046344	0.38467262049607764	0.461093464753459
0.15382145994395163	0.38433538655336874	0.4618431535026798
0.15322461383064848	0.3853054179335589	0.4614699682357928
0.15320780887464858	0.38437130695819866	0.46242088416715293
0.15462107744484	0.38404967565282194	0.4613292469023382
0.15359833204661907	0.3848815253725018	0.46152014258087926
0.15339271740053312	0.38441588053909836	0.4621914020603686
0.15505215756299767	0.3842482539589737	0.4606995884780287
0.15230338242659905	0.3853842911160976	0.4623123264573034
0.15404567476504327	0.384742245808698	0.46121207942625886
0.15266338387217754	0.3850870265341191	0.4622495895937035
0.15328264546197934	0.38453739911068957	0.46217995542733126
0.15439561562661425	0.38392690902364235	0.4616774753497435
0.15294877667143575	0.384922984739924	0.4621282385886404
0.15351151894843135	0.38536842049899095	0.4611200605525778
0.15361556006169919	0.3850635362361823	0.46132090370211865
0.15333017050136913	0.38520672145782514	0.4614631080408058
0.15412972258989605	0.38485192878372776	0.46101834862637625
0.15490050265341554	0.384162431685789	0.4609370656607956
0.15333450699829987	0.3848666612706267	0.4617988317310736
0.1535085170017341	0.38386786728087596	0.4626236157173901
0.15371760961145564	0.3846274443895379	0.4616549459990066
0.15449934928160441	0.3847510423400232	0.4607496083783725
0.1549180423202403	0.384255692331459	0.46082626534830085
0.1527964690841481	0.3850960877955051	0.46210744312034696
0.15390924317768906	0.3839690342151994	0.4621217226071116
0.1547319059738661	0.3838908695571036	0.4613772244690304
0.15411828225176155	0.3845029407113165	0.46137877703692204
0.1548664283836945	0.3841873069443332	0.46094626467197247
0.1539129014428152	0.3849878665431106	0.4610992320140743
0.15331899937153454	0.3847712722911155	0.46190972833735006
0.15197878177408575	0.3854070242939736	0.4626141939319408
0.15534492840000752	0.38385111672075467	0.460803954879238
0.15281252908042586	0.384810701051876	0.46237676986769827
0.15360766681926924	0.3854065913283854	0.46098574185234553
0.15412633351622657	0.3849468908733375	0.46092677561043605
0.153472442086711	0.3847564244172782	0.4617711334960109
0.1536647095646678	0.3850417905178578	0.4612934999174745
0.15271609772298195	0.38544738467452155	0.46183651760249667
0.1545469682954348	0.38407223062904666	0.4613808010755186
0.15406372298763052	0.3839968114417599	0.46193946557060966
0.15435129230236738	0.3840223210237067	0.46162638667392597
0.15227318156508246	0.38541453234101336	0.4623122860939043
0.152750165800747	0.385054495607379	0.46219533859187417
0.1537266720254994	0.38411662080507425	0.4621567071694265
0.15415245142629197	0.38507438005412203	0.46077316851958616
0.15322457818044502	0.3853624419326431	0.461412979886912
0.15369086717680686	0.38465151810771364	0.4616576147154796
0.15468090025042833	0.38457473183199525	0.46074436791757656
0.15397825342315688	0.3849446087946603	0.46107713778218296
0.15238011139867863	0.3850083744109014	0.46261151419042007
0.15254222096727457	0.3854220428719347	0.46203573616079086
0.1543922325428526	0.384378566647649	0.4612292008094985
0.15454682216036592	0.38415923538801794	0.46129394245161626
0.1539672132264735	0.3846521471020524	0.46138063967147425
0.1536560723736069	0.3848986876875112	0.46144523993888203
0.15327263899507412	0.3850359142402012	0.46169144676472473
0.15409373656961595	0.38446145109295715	0.46144481233742707
0.1534916749826808	0.3846723218221311	0.4618360031951882
0.15333020501285866	0.38458298549155284	0.4620868094955886
0.15431519126319712	0.3838541396626729	0.46183066907413006
0.15390274508679458	0.38477722818631843	0.4613200267268871
0.1523817880057877	0.3853384636779478	0.46227974831626467
0.1540939326355953	0.3850147782461887	0.4608912891182162
0.15445741438831811	0.38474496272622877	0.46079762288545323
0.15381784816388705	0.3843809172774546	0.46180123455865846
0.15333664178191542	0.38465319493769434	0.46201016328039035
0.1526160375777484	0.38505822549911434	0.46232573692313744
0.15307735469817638	0.3847466291143174	0.46217601618750637
0.15366116568258473	0.38516960584820287	0.46116922846921254
0.15350262526568453	0.38533966456890023	0.46115771016541535
0.1532372779120016	0.3842134141878817	0.46254930790011684
0.15388887522954092	0.3845319824541496	0.4615791423163096
0.15310196113730418	0.3849309755303842	0.46196706333231174
0.15244626203796996	0.3851004281342054	0.46245330982782473
0.1542392952182634	0.38440761976598636	0.46135308501575034
0.15482911822702644	0.3844490215599928	0.4607218602129809
0.1538451381714877	0.38410855493257573	0.4620463068959366
0.15520700968085105	0.3839408150648074	0.46085217525434174
0.15432047830055423	0.38444451119557993	0.46123501050386595
0.15224149976853563	0.38540027166853513	0.46235822856292935
0.15323884737055082	0.38524866774596533	0.46151248488348395
0.1533504075311053	0.3847310676451677	0.46191852482372714
0.15350743265718053	0.3841679561279282	0.4623246112148914
0.15319176323116804	0.3848895642829048	0.46191867248592733
0.15348004220287148	0.38515663225649555	0.4613633255406331
0.15419639147185604	0.38490507988367545	0.4608985286444686
0.1531765680413243	0.3853908027464487	0.4614326292122271
0.15406314649226566	0.38521052373814146	0.460726329769593
0.15424822080705813	0.3839857570300712	0.46176602216287077
0.15251347213688785	0.38509424481183324	0.462392283051279
0.155307508882031	0.38393398988402916	0.4607585012339399
0.1520986428517162	0.3854210094512014	0.4624803476970825
0.1542607136850916	0.38490147199473496	0.46083781432017357
0.154475083463377	0.3847649026260811	0.46076001391054205
0.1539816598595971	0.3843632729483074	0.4616550671920956
0.152938356955408	0.38510766587635326	0.4619539771682388
0.15427092795818276	0.3838631618626973	0.4618659101791201
0.15313472189096927	0.38541846208769676	0.4614468160213341
0.1528838608331005	0.3849139474363471	0.46220219173055255
0.1544240315287562	0.38411951386606596	0.46145645460517803
0.1541471253274324	0.38449623045975656	0.4613566442128112
0.15464101218526677	0.3843896679129549	0.4609693199017785
0.15229195372002463	0.38528572105318615	0.46242232522678933
0.15255054630761739	0.38506694125415913	0.46238251243822365
0.15340710231416604	0.38475351301464117	0.4618393846711929
0.15434565495837343	0.3849385469036747	0.460715798137952
0.15350533362951008	0.38486424585277396	0.4616304205177161
0.15363916994395946	0.38459930880223653	0.46176152125380415
0.15533809304013818	0.38383834303817405	0.46082356392168794
0.1528924394748164	0.38535183497405	0.46175572555113364
0.1523497763404822	0.3852752870049717	0.4623749366545462
0.15282132182526853	0.3846381458580151	0.46254053231671655
0.15466707876419744	0.3843640479772933	0.4609688732585093
0.1547965011797891	0.3839052762551462	0.4612982225650648
0.15263145350672502	0.38542763247612455	0.46194091401715054
0.15387469617531768	0.3853132192010064	0.46081208462367607
0.15417819508150016	0.3838483713429904	0.4619734335755096
0.15274722359478432	0.3854405539123281	0.46181222249288767
0.15405048290514045	0.3844978123386522	0.46145170475620745
0.15297562647969112	0.3853817970117705	0.4616425765085385
0.1529932292309279	0.3852802781659438	0.4617264926031284
0.15351538197110404	0.3848595999891859	0.4616250180397102
0.15409152038291885	0.38447478152064485	0.4614336980964365
0.15343938543229768	0.38412143183352576	0.4624391827341766
0.15382606472264254	0.3847992765860981	0.4613746586912595
0.15414210850643367	0.3841987967792351	0.46165909471433136
0.15302357166374933	0.38455878963880397	0.46241763869744684
0.15394608155931316	0.38528732520704595	0.460766593233641
0.15292160457196824	0.38482483455809996	0.4622535608699319
0.15386617353175835	0.3852123351974255	0.46092149127081633
0.1536590642433445	0.3841917136805383	0.46214922207611736
0.1544730026801378	0.3843927925650158	0.46113420475484657
0.15480511217268272	0.3843702514916489	0.46082463633566856
0.15354449216083288	0.3841657672898734	0.46228974054929384
0.15293966004746912	0.38443907419934514	0.46262126575318585
0.15367478036518167	0.3841981013439245	0.4621271182908939
0.15423297030953786	0.3847467460929281	0.46102028359753416
0.15342688950250594	0.38404673769436326	0.46252637280313097
0.1530212225560144	0.38443590259867777	0.462542874845308
0.15419235669798548	0.38403202195061076	0.4617756213514039
0.15457938922956846	0.3844620024341246	0.4609586083363071
0.15373020979028937	0.3840869480879242	0.4621828421217866
0.15289845377039166	0.3846359562117123	0.4624655900178961
0.1540698652517017	0.38396146691721367	0.4619686678310848
0.15344906499177943	0.3840593805671156	0.46249155444110507
0.15334333946963916	0.38453401242946805	0.4621226481008929
0.152973473849839	0.38515809962497444	0.46186842652518667
0.15374466375865964	0.3845903132937673	0.46166502294757317
0.15436414043040214	0.3844784186580052	0.46115744091159283
0.15418541672613995	0.38387477666690006	0.4619398066069601
0.15303993404522992	0.384692946298768	0.4622671196560022
0.1537360486495115	0.3851124747718115	0.46115147657867717
0.1542072912289802	0.3839151448888283	0.4618775638821917
0.153737810311107	0.3841273688139852	0.4621348208749079
0.15425002245689073	0.3843457370525185	0.4614042404905909
0.15270718908377692	0.38503105165525864	0.4622617592609646
0.1539664575543545	0.3848717954248226	0.461161747020823
0.15342681102355032	0.384780200556413	0.4617929884200368
0.15517783635149585	0.3839054399160302	0.46091672373247405
0.1542972835150326	0.3841040382827374	0.4615986782022301
0.15284479960178643	0.38529867033703874	0.461856530061175
0.15343282941712494	0.3840080639947834	0.4625591065880918
0.15456201575528847	0.3843363222809029	0.46110166196380875
0.15379464217336197	0.3847299823660058	0.46147537546063233
0.1538344973532899	0.38537703491645253	0.46078846773025767
0.15309748647285912	0.3846688598861832	0.4622336536409578
0.15385634105498677	0.38431435396773694	0.46182930497727637
0.15364537671424155	0.3851918005779843	0.46116282270777426
0.15362707815306192	0.3853135106216573	0.4610594112252808
0.15410312958949562	0.38464204117367584	0.46125482923682865
0.15274590445937195	0.3851494163726736	0.4621046791679546
0.1536423881860592	0.38450704690146087	0.4618505649124801
0.15375377375310248	0.38395984110755865	0.462286385139339
0.15289417982543196	0.38532512897469307	0.4617806911998751
0.1547675667465595	0.3842036779799636	0.46102875527347703
0.15332734207128457	0.38474277407039775	0.4619298838583178
0.1539201511056294	0.38395859568890645	0.46212125320546427
0.15377502928361303	0.38387137864582327	0.4623535920705638
0.154074193804065	0.3848390980707908	0.4610867081251443
0.1544126388694536	0.3847785559886123	0.46080880514193423
0.1537231885220856	0.38407691804769795	0.4621998934302166
0.15306230465517706	0.38484843776408884	0.46208925758073427
0.15431187095462945	0.3838752329866543	0.46181289605871634
0.15535980267050065	0.38386800672022137	0.4607721906092781
0.15244186185146272	0.385427248854307	0.4621308892942304
0.15518667552508086	0.38403292235644687	0.4607804021184724
0.15344000612064973	0.3853007996450152	0.4612591942343352
0.15280252600047292	0.38460686197198635	0.46259061202754087
0.15425211043115603	0.3842188936740179	0.4615289958948262
0.1539448631297276	0.38438923849080336	0.46166589837946914
0.1526821559342429	0.38525585417462826	0.462061989891129
0.15361517008908565	0.385294261707318	0.4610905682035965
0.15345789269813576	0.3839999046122011	0.46254220268966323
0.1551315812833885	0.38390617047054476	0.46096224824606685
0.15310305176472105	0.38464060162731334	0.4622563466079658
0.15425613089055884	0.3840316705719011	0.4617121985375402
0.1532186708068738	0.3853599199941916	0.4614214091989347
0.15428381619393955	0.38479510043305765	0.46092108337300297
0.1532763904117795	0.38523797893461326	0.4614856306536073
0.15378001051107804	0.3848144754552547	0.46140551403366736
0.15394341196433664	0.38502630708802543	0.46103028094763804
0.15234359611478848	0.3852475408107906	0.46240886307442103
0.15462398341251282	0.38456532943116545	0.46081068715632184
0.15395797001150896	0.3849943556667275	0.46104767432176363
0.1536368276461732	0.3842482622660348	0.46211491008779215
0.15342025168240103	0.38500050381725104	0.46157924450034804
0.15419454337257493	0.38392108263081903	0.4618843739966061
0.15397643278327855	0.3847620599483378	0.4612615072683838
0.15379809326805383	0.38441558804022646	0.4617863186917198
0.15330248486397297	0.3843964248279319	0.4623010903080952
0.15484275999866048	0.3843077714502936	0.460849468551046
0.15321799172214054	0.38478296897718794	0.46199903930067165
0.15482195017804795	0.38386968107180097	0.4613083687501512
0.15453022141841086	0.3844500240306047	0.46101975455098454
0.15385132606588686	0.3839846252521263	0.462164048681987
0.15321904436648784	0.38532504284043473	0.4614559127930775
0.15411587526179732	0.38479038714579983	0.46109373759240296
0.15404594481520317	0.384237099137779	0.461716956047018
0.15314510228914868	0.38535330724945493	0.4615015904613965
0.15334460320593898	0.3847268598257406	0.4619285369683205
0.15460264086012432	0.38431319015623966	0.46108416898363613
0.15398643373607748	0.38466583268749743	0.4613477335764252
0.15293747146881617	0.38468203166503423	0.46238049686614974
0.15277838013122397	0.384677880356643	0.4625437395121331
0.15327158825105464	0.38412040059004515	0.4626080111589003
0.15262177410624866	0.38507996867632177	0.4622982572174297
0.15476411728787753	0.38387484875034056	0.461361033961782
0.1536878090421182	0.38396752907240267	0.4623446618854792
0.15290294776688346	0.3846543910014785	0.46244266123163813
0.1548255254174432	0.38386742033123367	0.46130705425132323
0.15326328010872342	0.3843330449639531	0.4624036749273236
0.15368146497665036	0.38528792866103745	0.4610306063623123
0.15299653946596348	0.3850296397167722	0.46197382081726446
0.1535642432451128	0.38417588509649736	0.46225987165839
0.15245820354570105	0.38491585090355307	0.462625945550746
0.1534210021431509	0.3840321338503307	0.4625468640065185
0.15273441081589106	0.3850494960326619	0.4622160931514471
0.15439077032864368	0.38482755737856844	0.460781672292788
0.1542555126224846	0.38458803366999145	0.46115645370752406
0.1537248363103394	0.38452878616656916	0.46174637752309156
0.15404885787931305	0.38502672851756115	0.46092441360312597
0.15332350932768696	0.38509134027385816	0.461585150398455
0.15386143678418207	0.38459603535782416	0.4615425278579939
0.15218144723526839	0.3853029208213451	0.46251563194338663
0.15326513570762762	0.38482852876790946	0.46190633552446303
0.15410187710633136	0.38434554713743124	0.46155257575623754
0.15349614784785087	0.3851891802362175	0.4613146719159317
0.15370572788722453	0.38413317446993356	0.46216109764284197
0.15339321736249822	0.3845568792458865	0.4620499033916154
0.15298721043191132	0.3846390446001368	0.46237374496795197
0.1545441272727934	0.3843865362537738	0.46106933647343296
0.15343909536227446	0.38473046026850627	0.4618304443692194
0.15311405603373013	0.3845097524038364	0.46237619156243365
0.15326958031595928	0.3844636222834883	0.46226679740055254
0.15306591269635456	0.38478783526071875	0.4621462520429268
0.15345783894041698	0.38492455449918045	0.4616176065604027
0.1523838129190706	0.3853321530726	0.4622840340083295
0.15214898735796023	0.38534009984105816	0.4625109128009817
0.15388191886051553	0.38533436390767056	0.460783717231814
0.15239089609425793	0.3850408394289452	0.462568264476797
0.1537457172144353	0.38506446935481836	0.4611898134307465
0.15293104744594108	0.38544717957107394	0.4616217729829851
0.1533695938998711	0.3850030378579966	0.46162736824213246
0.15417712069997097	0.38510744416385106	0.4607154351361781
0.15309586339181536	0.3850793976974447	0.46182473891074005
0.15325835130394033	0.3852093653343467	0.46153228336171304
0.1528268553586455	0.384645113938638	0.46252803070271664
0.1538413575287808	0.38494509368760704	0.46121354878361226
0.15446057593081747	0.38454076765056977	0.46099865641861293
0.15397778840850757	0.3842440673735797	0.46177814421791286
0.15359076497522844	0.3838696423555636	0.4625395926692081
0.15421435501656844	0.38506602114560706	0.4607196238378246
0.1551877264939357	0.3839705707070746	0.46084170279898984
0.15274615755602522	0.3853809794605582	0.4618728629834167
0.15414935827752607	0.3842612321553309	0.4615894095671431
0.15243534104888792	0.38542090838062515	0.46214375057048707
0.15275827317423252	0.38510043023488416	0.46214129659088343
0.15378957357872358	0.3840368300695605	0.46217359635171595
0.15343652372728434	0.384091409962987	0.46247206630972876
0.15362267124992868	0.38412615420060015	0.4622511745494713
0.15464803174026598	0.38421636088181754	0.4611356073779166
0.15476426737379123	0.3843442604037751	0.46089147222243376
0.15387397422638616	0.3847193422982569	0.46140668347535707
0.1536150705201592	0.3842139617124455	0.4621709677673954
0.15446066847889756	0.38472787244428497	0.4608114590768176
0.15344923252103576	0.38395823164031523	0.4625925358386491
0.15307083910526614	0.38510757549751007	0.4618215853972239
0.15342702694481292	0.38441366614343203	0.4621593069117552
0.1545961371875258	0.3846898590829596	0.4607140037295147
0.15338268273257527	0.38446160073439106	0.4621557165330338
0.15364857442255392	0.3840899602230601	0.46226146535438617
0.1530513419145341	0.38498696122320186	0.4619616968622642
0.15402106781725122	0.384960853415869	0.46101807876687995
0.1551111176022733	0.38414909163708616	0.46073979076064064
0.152761695357768	0.385236753473125	0.462001551169107
0.15354268007140465	0.3849320407766271	0.4615252791519683
0.15338038174231536	0.38491503541455074	0.46170458284313404
0.15353656596126736	0.38532701505691536	0.4611364189818174
0.15325218981309224	0.38454495607237593	0.46220285411453194
0.15475355131560664	0.3839456013634579	0.46130084732093557
0.15409789620213515	0.38397422496498723	0.4619278788328777
0.15522411709946274	0.3840076890847345	0.4607681938158029
0.15396099224667076	0.38500568402720176	0.4610333237261276
0.1537108612235502	0.3851139876819965	0.4611751510944534
0.15324369591963466	0.38518711093432156	0.46156919314604394
0.15268248797740602	0.3849704191587117	0.4623470928638824
0.15419928393062293	0.384321676053179	0.4614790400161982
0.1534479296196984	0.3842429035624135	0.46230916681788825
0.15343254390838645	0.3844289619278639	0.46213849416374975
0.15357230954610585	0.38542432740676347	0.4610033630471308
0.15325746577889612	0.38493490989171053	0.4618076243293935
0.15332130310003458	0.38529836226654407	0.46138033463342143
0.15269653130341876	0.3854362365182048	0.46186723217837655
0.15265682295768396	0.38524333486627577	0.4620998421760404
0.15461742358511293	0.384360727030388	0.4610218493844992
0.15307444772477574	0.38486446266261815	0.46206108961260617
0.1521995017607664	0.3853686326841222	0.4624318655551115
0.15298022932425262	0.3850748239711147	0.4619449467046328
0.15226783037611158	0.3851620928187386	0.46257007680514994
0.15392248053740537	0.383936575645648	0.4621409438169468
0.15232835219174978	0.3851762656047102	0.46249538220354014
0.15299059580527957	0.3845216483507307	0.4624877558439898
0.15270891581230217	0.384861054327101	0.46243002986059695
0.15353430782393296	0.38490859649672204	0.4615570956793451
0.15426523887230476	0.38456550649989607	0.4611692546277993
0.1539453708897317	0.3851194954770337	0.4609351336332347
