0.21026570019012109	0.5645392938280673	0.2251950059818117
0.2041232674777509	0.559543760911487	0.23633297161076222
0.2097847049772087	0.5702997405084164	0.21991555451437506
0.20660638706221926	0.5646831144044087	0.2287104985333722
0.20872237695369872	0.561057323528404	0.23022029951789738
0.20649549872542178	0.5603702120828513	0.233134289191727
0.21123024160537707	0.5627480779552363	0.22602168043938672
0.208406908177437	0.5757711391924265	0.2158219526301367
0.20832284930808564	0.5725700191479968	0.21910713154391767
0.20668148939755046	0.5576673826891694	0.23565112791328024
0.2034894478769614	0.560293725924417	0.23621682619862178
0.21152250691811136	0.5711052041710025	0.21737228891088628
0.2043299460412598	0.5622757053298924	0.23339434862884795
0.21060555554915636	0.5668675421974668	0.2225269022533769
0.20374804537367994	0.563541724093428	0.2327102305328923
0.20987570296092428	0.5719146994058381	0.2182095976332378
0.20848301109812611	0.5580701338637477	0.23344685503812634
0.20860897659264577	0.5663385376404484	0.22505248576690598
0.21004538054747102	0.5703486685642217	0.2196059508883073
0.20478153084890363	0.5636187417990073	0.23159972735208917
0.21062689332759849	0.5626184009976465	0.22675470567475514
0.20627976967946937	0.5600617948203499	0.23365843550018078
0.20628709257376748	0.5661280925714705	0.22758481485476212
0.20659607299333954	0.568907052427604	0.22449687457905662
0.2108939251992165	0.5687692088885065	0.2203368659122772
0.20515447582814478	0.5696402652249164	0.225205258946939
0.2049445503462777	0.5743186403944385	0.22073680925928388
0.20734129249132363	0.5720684983885921	0.2205902091200844
0.21006381402386395	0.5608360431530102	0.22910014282312594
0.20603068223426765	0.5575037018011695	0.23646561596456295
0.20824255289229626	0.5597250949194184	0.23203235218828547
0.21086173826460172	0.5639400933970511	0.22519816833834727
0.21015117684770576	0.5706352420729482	0.21921358107934608
0.20732253550059437	0.5741821498039479	0.2184953146954578
0.2042792492744055	0.5701283480443176	0.22559240268127712
0.20487888526586517	0.5662072870102816	0.22891382772385335
0.20951115592424566	0.5620790526025303	0.2284097914732241
0.20850373819830742	0.5715208320732252	0.21997542972846748
0.2064227942834679	0.5565300221854111	0.23704718353112103
0.20557610363990708	0.5574121727423696	0.23701172361772335
0.20755781202603713	0.5659451493755944	0.22649703859836862
0.2077832100228598	0.5586346698661704	0.23358212011096996
0.20913226444097913	0.5641893728417282	0.22667836271729275
0.20909888027686815	0.5655750404802173	0.22532607924291465
0.20673254855075016	0.5698285258787982	0.2234389255704518
0.2059568866798614	0.5583407535687537	0.23570235975138498
0.21114480299211624	0.5578795483272828	0.2309756486806011
0.20459717159701232	0.5709452118918181	0.2244576165111697
0.2033730080407721	0.5750238637590762	0.22160312820015182
0.20638821059793028	0.5719846831932186	0.22162710620885126
0.20785623638510342	0.5650731045043297	0.227070659110567
0.20514201692011483	0.5709155040810424	0.2239424789988429
0.21089250951954494	0.5625600740133347	0.22654741646712045
0.20727030846806574	0.5721171228002534	0.22061256873168103
0.20699736838709584	0.5639596557455246	0.2290429758673796
0.21045457285989055	0.5627937151975166	0.22675171194259292
0.20783305658655632	0.5725652573133926	0.21960168610005124
0.21114785869354485	0.5723872242651586	0.21646491704129658
0.20937366098695429	0.5611252317061259	0.22950110730691992
0.20958900106744488	0.5740927084276677	0.21631829050488763
0.20780814214073753	0.573759867837978	0.21843199002128452
0.20922809105302273	0.5652612981517819	0.2255106107951954
0.20804154999987592	0.5649841081205382	0.22697434187958596
0.20961024841253978	0.5718946616607866	0.21849508992667369
0.2081558750079852	0.5618559248381972	0.2299882001538177
0.20547210990650672	0.5672246513470449	0.22730323874644853
0.20511176457954133	0.5706095479977772	0.22427868742268153
0.20393025017899336	0.5586411665597101	0.2374285832612967
0.204090151447076	0.5611960412204705	0.23471380733245356
0.2096539990733229	0.5634590735913823	0.22688692733529492
0.20913698697875457	0.5672071126420093	0.22365590037923627
0.20912570930077046	0.5745554539710297	0.21631883672819996
0.20479822813682697	0.5695322203067132	0.22566955155645993
0.20406823651731282	0.5642162309903026	0.23171553249238466
0.20326140742778542	0.5688973725021382	0.22784122007007643
0.20604877905489777	0.5600359985487148	0.23391522239638757
0.21060728898175418	0.5685146248073882	0.22087808621085775
0.20827041685338482	0.5592249514958201	0.23250463165079527
0.20508619158032393	0.5707860837110208	0.22412772470865544
0.20824888760871088	0.5593893393136522	0.23236177307763697
0.20990860097149971	0.5617836506053224	0.22830774842317791
0.20334832530652458	0.5607498754488718	0.2359017992446038
0.2115978941151876	0.5715018555680424	0.21690025031677007
0.20824274380512983	0.5565029029616858	0.23525435323318444
0.2104861711114251	0.5595594739930485	0.22995435489552657
0.2033232134067928	0.5704870251598108	0.22618976143339659
0.20552692852515922	0.5726354990648137	0.22183757241002716
0.20414936384898288	0.5723884739610045	0.2234621621900128
0.204106135743766	0.574817890798862	0.22107597345737207
0.20883128128446637	0.5645266212529436	0.22664209746259006
0.20412528731183605	0.5628880218117093	0.23298669087645482
0.20704112054773377	0.5628617977221999	0.23009708173006635
0.21071151415520037	0.5721039675226112	0.2171845183221886
0.20542023942020268	0.5707695621505168	0.22381019842928065
0.20573506306164957	0.5664609647001712	0.22780397223817941
0.2102172109639604	0.5724197078260383	0.21736308121000142
0.20784474719752263	0.5738434483860704	0.21831180441640718
0.21081245668871132	0.5612490848003666	0.22793845851092215
0.20436167404030925	0.5756316014137379	0.22000672454595296
0.20899522915504126	0.5676356234247326	0.22336914742022618
0.20681007730494266	0.5749630998338423	0.21822682286121517
0.2097238875803675	0.5715646256074869	0.21871148681214575
0.21089114408731474	0.5645468564663656	0.22456199944631988
0.21077650098270748	0.5684950395621905	0.22072845945510214
0.2049243303439178	0.5631867987927742	0.23188887086330806
0.20418935785820777	0.5726465659970655	0.22316407614472683
0.2059742211576594	0.5637797985154734	0.23024598032686727
0.20520652643196796	0.5688715873819359	0.22592188618609632
0.21064746859974842	0.5594147153976163	0.22993781600263535
0.2069802362560974	0.5712667237887668	0.22175303995513593
0.20520314660842381	0.5694210217582715	0.22537583163330477
0.20871548494563177	0.5583097185324581	0.23297479652191025
0.2080950261098426	0.5602164936157061	0.23168848027445138
0.2055206722617691	0.5626521494796688	0.2318271782585623
0.20615971053662546	0.5616064266062519	0.23223386285712266
0.2044772434234154	0.5613450591060263	0.23417769747055844
0.20319928012446012	0.5624877930984677	0.23431292677707224
0.20944565616543442	0.574517868221279	0.21603647561328662
0.21145078779239554	0.5724035034726811	0.21614570873492356
0.2082106636614945	0.5637225549796128	0.22806678135889288
0.2072191424702572	0.5689348829913945	0.22384597453834842
0.21063757077676465	0.5612033439526337	0.22815908527060175
0.21141934053921277	0.5585835569524391	0.22999710250834826
0.20438603577220602	0.5748548492280349	0.22075911499975923
0.20394517654247374	0.5611521111397036	0.23490271231782273
0.20789602234668625	0.5607260382847654	0.23137793936854842
0.20952384974931426	0.5698625269970179	0.22061362325366796
0.20750188379811413	0.5622798766491406	0.23021823955274534
0.20362677962357498	0.573694020063906	0.22267920031251917
0.20957632758912698	0.5658936325253401	0.224530039885533
0.2069405259817177	0.567326609405749	0.22573286461253345
0.2083652351189758	0.564034761037732	0.22760000384329238
0.20595869317300974	0.5581836682758335	0.23585763855115682
0.20677413617769128	0.5733300255056939	0.21989583831661497
0.20961091462550469	0.5677387291662208	0.22265035620827467
0.2114970407435861	0.570013219380158	0.218489739876256
0.20765174912795195	0.5622275853794418	0.23012066549260635
0.2093143650371971	0.5698313646306412	0.22085427033216185
0.21147774048541232	0.5644121059512637	0.22411015356332414
0.20654772457494436	0.5727142908182651	0.2207379846067907
0.20997456082023286	0.5721806440648272	0.2178447951149401
0.21167989795201436	0.5708183378683789	0.21750176417960684
0.21117859777897974	0.573010869242922	0.21581053297809835
0.20567048026914475	0.5700366480026222	0.2242928717282331
0.20640160791997642	0.5644743280150655	0.22912406406495825
0.20721722199389303	0.5696135401782029	0.2231692378279042
0.21055282613809273	0.5592406945063063	0.23020647935560112
0.20614243904075852	0.5660633054243571	0.22779425553488447
0.2052022671657045	0.5626748567780131	0.23212287605628246
0.20587830937599227	0.5742074215481981	0.21991426907580972
0.20581320060536146	0.5684288175252321	0.22575798186940652
0.20331182384206353	0.5753931563731549	0.22129501978478167
0.2051297703756199	0.5641788035231053	0.23069142610127485
0.2085396281095934	0.5722193817793285	0.21924099011107825
0.20637685121563054	0.5629483164627048	0.23067483232166475
0.21091268417393552	0.5612408287490087	0.22784648707705588
0.20538510349486272	0.5586192356348394	0.235995660870298
0.204269397264026	0.5602894078080872	0.2354411949278869
0.20781334043339406	0.5701721768790753	0.22201448268753077
0.21059153715673373	0.5580612709365087	0.23134719190675768
0.20619753832293009	0.5695350918916242	0.22426736978544587
0.20528065066231815	0.5750810589431339	0.2196382903945481
0.20669951726180513	0.5750808234827778	0.21821965925541714
0.20463908111350254	0.5635310859624809	0.23182983292401665
0.2116696815604666	0.5636023457537331	0.22472797268580044
0.21021094035207843	0.5657911870798358	0.22399787256808593
0.20453063384841066	0.5610839652875318	0.2343854008640576
0.20504000319232746	0.5709677693583082	0.22399222744936448
0.20731508045274266	0.5715720268930452	0.22111289265421222
0.21163353516628294	0.5709896081550463	0.2173768566786709
0.20865026763414612	0.5640170749210065	0.22733265744484754
0.20386773144608614	0.5669100744988289	0.22922219405508512
0.20468096751398077	0.5727341484034705	0.22258488408254892
0.2095092364640852	0.5629182421087183	0.22757252142719664
0.20934285478769105	0.5635586395437868	0.2270985056685222
0.2113766810733487	0.5650701158152437	0.22355320311140775
0.20432437245292287	0.5647953068338121	0.23088032071326514
0.20452414115400563	0.5646337934825808	0.23084206536341373
0.21143807989582647	0.5724591360100104	0.2161027840941632
0.20620083944318454	0.56009998590348	0.23369917465333562
0.21111039702832052	0.5596660490908401	0.22922355388083948
0.2099473797260216	0.5681740233645627	0.2218785969094158
0.2074921519108859	0.5733237510309267	0.2191840970581875
0.21159550056585114	0.5690608905779063	0.21934360885624266
0.2069748858568064	0.5660860039663287	0.226939110176865
0.2105606859058417	0.57297473076422	0.21646458332993843
0.2056667384243847	0.5661143617020582	0.2282188998735572
0.20540833815315565	0.565406496994483	0.22918516485236148
0.20979461504202745	0.5583179136998393	0.23188747125813328
0.20717773104092227	0.5634190310526127	0.2294032379064651
0.20718505957990258	0.5683276657279708	0.22448727469212673
0.20970733849621181	0.5684404266799965	0.2218522348237918
0.2086616508869281	0.5722327718319381	0.2191055772811339
0.2073624307802432	0.5627006622268957	0.22993690699286118
0.20388510555082245	0.5746904757540057	0.22142441869517202
0.21026758783042676	0.5665986008110743	0.22313381135849905
0.2043093916160135	0.5599985109576263	0.23569209742636033
0.20605024816013195	0.5742003378253548	0.21974941401451337
0.20602696427099393	0.5709337565412349	0.22303927918777133
0.21029675248912785	0.5649573989393909	0.2247458485714814
0.2113235588677913	0.5596431187490533	0.22903332238315555
0.20619811083270886	0.5722683885069519	0.22153350066033933
0.2040370717928955	0.5691006172997061	0.22686231090739856
0.20802238581935611	0.5617653975377936	0.2302122166428503
0.20431644121709183	0.5674524134342352	0.22823114534867303
0.21143640421252646	0.5714682102244791	0.2170953855629945
0.20972975853119663	0.5720346014223633	0.21823564004644025
0.20730703908585962	0.565646590416298	0.2270463704978426
0.20896674635124846	0.5666981395616355	0.22433511408711618
0.20791989083845894	0.5694271812664059	0.22265292789513527
0.20926386214064788	0.5624910931732781	0.22824504468607418
0.20343349405873964	0.5656428464778932	0.23092365946336724
0.2068593116163244	0.5734212776197759	0.21971941076389978
0.20503757817970436	0.568885428911084	0.2260769929092118
0.20850584784298762	0.5714069732426991	0.2200871789143134
0.2079432846556578	0.5673083453066954	0.22474837003764686
0.2100448419311797	0.5587060150445895	0.2312491430242309
0.2057725202610331	0.5712080254285352	0.22301945431043177
0.20424545096267466	0.5708722336970401	0.22488231534028535
0.20433715361710622	0.5754468970607898	0.22021594932210417
0.20796671448720896	0.5751249158567833	0.2169083696560079
0.21067728457189253	0.5674283059694374	0.22189440945867023
0.21076714574994543	0.5713202931714811	0.21791256107857354
0.20330227676562432	0.5730136948893173	0.22368402834505852
0.2108893637810097	0.5719839686615993	0.21712666755739116
0.20674050092678053	0.5727618947508626	0.22049760432235704
0.20559397505639046	0.5620604307386882	0.23234559420492146
0.20467499247915408	0.5612446223393572	0.23408038518148883
0.20769657502380065	0.5638856915097732	0.2284177334664263
0.20774739225406177	0.5755389097656437	0.21671369798029458
0.20745235761876338	0.5650478203141516	0.2274998220670852
0.20836162315698967	0.5628870180848082	0.22875135875820224
0.20372259430997244	0.560539830537995	0.23573757515203259
0.21119131428170734	0.5691499954378217	0.21965869028047105
0.2040777779190081	0.5749850177897835	0.22093720429120844
0.20393909684467393	0.5755845126778523	0.22047639047747392
0.20860935266224873	0.5619073363290584	0.22948331100869296
0.20475708880331717	0.572065529211084	0.22317738198559892
0.20649603043829506	0.569192108240405	0.22431186132130013
0.20629185251636983	0.574866633922573	0.2188415135610573
0.20997394103638292	0.5635954482753373	0.22643061068827994
0.2081137763937945	0.5665811424388595	0.22530508116734613
0.20691348134744528	0.5688214841892655	0.22426503446328938
0.20468230383292685	0.5717077513777677	0.22360994478930551
0.20871032489982116	0.5684632550223214	0.22282642007785752
0.21163984259686727	0.5700469951590911	0.2183131622440417
0.2070677771413576	0.5730786028746383	0.21985361998400424
0.20339836756788154	0.5658839173339352	0.23071771509818345
0.20827259190185152	0.5648654823564425	0.22686192574170605
0.21138422781285993	0.5676973221813284	0.22091845000581184
0.20917579785493712	0.5722366325527006	0.21858756959236236
0.2074428683674081	0.5711226526250635	0.2214344790075286
0.2068314816726413	0.5695002668162163	0.22366825151114247
0.21047407778818353	0.5634814216151735	0.22604450059664313
0.2115181535451722	0.5655047079125556	0.2229771385422723
0.2037174992509109	0.5610651078556534	0.2352173928934358
0.20678634414356062	0.5640641676873281	0.22914948816911132
0.20836304615480888	0.5568002994632596	0.2348366543819316
0.20855101957954844	0.5622601126137093	0.22918886780674233
0.20917077004799378	0.560151103046425	0.23067812690558132
0.2035080696544278	0.5671038741056603	0.229388056239912
0.210527026081119	0.5572225095448038	0.23225046437407734
0.20724020794459821	0.5569746849702645	0.23578510708513745
0.20770631581190108	0.5623488637143252	0.22994482047377382
0.20541576642684037	0.5636201929938361	0.23096404057932363
0.20631008798590106	0.560157668911613	0.233532243102486
0.2103889041623303	0.564511457602727	0.22509963823494278
0.20444371976980846	0.5682469351216479	0.22730934510854378
0.21157240309711237	0.5568060511690229	0.23162154573386476
0.20816706299725668	0.5681964584050676	0.22363647859767583
0.20416488546608486	0.5647381293558783	0.23109698517803692
0.20548883718411698	0.561392755176245	0.23311840763963818
0.2103861817658563	0.5568310405064552	0.23278277772768863
0.2101744947464339	0.5584717536551764	0.23135375159838986
0.20852923125526682	0.5565382674153194	0.23493250132941382
0.20689253826870932	0.5748559143072232	0.2182515474240676
0.20832688472638644	0.5669936022390181	0.2246795130345956
0.2032933758300291	0.5701321372100903	0.22657448695988072
0.20342949269466587	0.5750573174736975	0.22151318983163681
0.20586802941887838	0.5620718926416569	0.23206007793946484
0.2084296798136106	0.5719023319065538	0.21966798827983575
0.2092063474633237	0.5729091661978125	0.21788448633886393
0.20417990039830883	0.5755091492956204	0.22031095030607092
0.20940155793751056	0.5727647245295647	0.21783371753292488
0.20453911439440378	0.5709684322625921	0.2244924533430042
0.20419170749360438	0.572098607753255	0.2237096847531407
0.20432969470407242	0.5686549649351413	0.22701534036078638
0.2087155340048749	0.5575876896027188	0.23369677639240652
0.2034444036231085	0.5755549313579511	0.22100066501894056
0.20953882875601776	0.5606764038810194	0.229784767362963
0.20924005401224358	0.5671264446054283	0.22363350138232826
0.20662939386175305	0.5598670185639661	0.23350358757428094
0.21126262045114444	0.5728479427001366	0.21588943684871909
0.20799092661623658	0.574165057234794	0.2178440161489695
0.20329491252548923	0.574912967016984	0.2217921204575269
0.2064644560657648	0.573102602091662	0.22043294184257334
0.21138240484647322	0.5714417976141433	0.2171757975393837
0.20848715737883822	0.5598517069228548	0.2316611356983071
0.20576074210660736	0.5631048648460922	0.23113439304730052
0.20509341959230917	0.5655656619463882	0.22934091846130275
0.2060132478653556	0.5738685282317385	0.220118223902906
0.2057085425368286	0.5616372786345833	0.2326541788285881
0.2065174708775294	0.5657183939595967	0.22776413516287403
0.2065009418512807	0.5637699953605956	0.22972906278812383
0.21169267149479182	0.5707438890641676	0.21756343944104062
0.21137700328218434	0.5623730797043802	0.22624991701343553
0.20378710309100098	0.5647885466486859	0.23142435026031327
0.20944699617046578	0.5566012910292019	0.2339517128003325
0.20422366272778877	0.5634653021361026	0.23231103513610876
0.20353037573884167	0.5606302698766202	0.2358393543845382
0.20674003282129388	0.5570557500904376	0.23620421708826866
0.20867919480014965	0.5749624408802352	0.2163583643196153
0.2034937492975018	0.5595821275710626	0.2369241231314357
0.20842615581427582	0.558215360745352	0.23335848344037224
0.2103179219896875	0.5705892857571198	0.21909279225319295
0.2076578731430544	0.5574738551649702	0.23486827169197552
0.20443522258740318	0.5746603718077539	0.22090440560484303
0.20683222165453627	0.5731839098990582	0.21998386844640566
0.20764186795902184	0.5581680131396897	0.23419011890128863
0.20758769051350445	0.5702622524314347	0.22215005705506097
0.20892828795699012	0.5639342603922941	0.22713745165071583
0.2073326797458038	0.5754633841886125	0.2172039360655838
0.21022084982634195	0.5605010555832453	0.22927809459041285
0.20675216833767474	0.5717658314497234	0.22148200021260206
0.20625085844259813	0.5712191711011199	0.2225299704562821
0.20500676381030425	0.5577641576539886	0.23722907853570724
0.2035681081331211	0.5635512409831559	0.2328806508837231
0.2114096559459812	0.5711757807997171	0.21741456325430172
0.211409046493218	0.5693199587700434	0.21927099473673875
0.21159513419309395	0.5627517730964591	0.22565309271044706
0.208430721226965	0.5648291784995569	0.22674010027347813
0.20339045558669186	0.5666698803485801	0.2299396640647281
0.20726318921706638	0.568863697987267	0.2238731127956668
0.2038558477359261	0.5686832277973319	0.2274609244667421
0.21111054997668702	0.5600771193097709	0.22881233071354226
0.2049271237740781	0.5649502233683765	0.23012265285754552
0.20561662795194463	0.5684951239300806	0.22588824811797495
0.20499761960426774	0.5712508693258904	0.223751511069842
0.21005726935311694	0.5586886463839003	0.2312540842629829
0.205966592173651	0.5622838503111756	0.2317495575151736
0.2096118691862942	0.5634168756587449	0.22697125515496097
0.205740995379316	0.5708883721633353	0.22337063245734887
0.204081739471075	0.5723497767946152	0.2235684837343099
0.20402093145498487	0.5588559150450677	0.23712315349994756
0.20437585483210452	0.5692201031269539	0.22640404204094164
0.21089755175114233	0.5654131152276123	0.22368933302124552
0.20367962673556564	0.5626471029021285	0.23367327036230595
0.20896560987728152	0.5587827045165563	0.2322516856061623
0.2068959640494689	0.5675654413773505	0.22553859457318068
0.20419353337426877	0.5755334429941213	0.22027302363161003
0.20452267857901812	0.5649919478238606	0.23048537359712137
0.2098107323726499	0.5715353222322161	0.21865394539513403
0.20374487268012526	0.564631345509218	0.23162378181065688
0.20560250511080452	0.5642093728335364	0.23018812205565914
0.2057020137769123	0.5751790618371995	0.21911892438588843
0.20640796462047972	0.5702103519162869	0.22338168346323345
0.20616927447636405	0.5684990521556906	0.22533167336794546
0.20717677097928267	0.5727779790638456	0.22004524995687186
0.2078897340600588	0.5631610940590043	0.22894917188093702
0.20731577168868354	0.5696273992907337	0.22305682902058283
0.20337944492834373	0.5619197451885924	0.23470080988306402
0.2073932180389166	0.5676406436758282	0.22496613828525525
0.205898254553941	0.5591832811025069	0.2349184643435522
0.2108571072856825	0.5704242817763399	0.2187186109379778
0.2110603475837272	0.5723546807190545	0.21658497169721835
0.20827604980086656	0.5639206354638011	0.2278033147353324
0.2091670735452516	0.5609746332435874	0.22985829321116108
0.20367416588995438	0.5642506633853079	0.23207517072473788
0.2089739549976851	0.5646614521358982	0.22636459286641675
0.20790099218989386	0.5588010831524626	0.2332979246576436
0.20913063682453054	0.5693526884911106	0.221516674684359
0.20668744116325832	0.5633356848580002	0.22997687397874159
0.2095913567849887	0.5720544258091942	0.21835421740581717
0.2032095564319992	0.5756853567823523	0.22110508678564855
0.20932955860265523	0.5631675470639252	0.22750289433341972
0.2113003486286236	0.5678124069207106	0.22088724445066593
0.20429709923547426	0.565541357139429	0.2301615436250969
0.20943011717927607	0.562855559261813	0.22771432355891105
0.20791736874146283	0.5617157324485654	0.2303668988099719
0.21015063511546275	0.5703725433689628	0.2194768215155746
0.20686622928040138	0.5652644808406988	0.22786928987889996
0.21011783301630002	0.566979102397466	0.22290306458623416
0.20470469315094877	0.5615781500638825	0.23371715678516886
0.2110398418727146	0.5608548111063901	0.2281053470208954
0.20387457797393616	0.5735781993665577	0.22254722265950622
0.2105934883182988	0.5586529765835038	0.2307535350981976
0.2102042764837221	0.5652308848672478	0.2245648386490302
0.20624818172780704	0.5616337250760544	0.2321180931961387
0.20384542826313995	0.5729774705576018	0.22317710117925832
0.20958848510137132	0.5635884643783527	0.22682305052027604
0.20720481204770066	0.562756408631817	0.23003877932048244
0.20818529607757147	0.5595912365422682	0.23222346738016042
0.20663197854079723	0.5679989038251123	0.22536911763409054
0.2044932479422038	0.5660569831778526	0.22944976887994376
0.2038116538599955	0.5613808911814775	0.2348074549585271
0.20766480643164664	0.5594947696803472	0.23284042388800635
0.2048100079901916	0.5717429493729114	0.22344704263689708
0.2109928259373374	0.571055722725198	0.2179514513374648
0.2041036643879554	0.5605068036086139	0.23538953200343077
0.21076437771338738	0.5682926967671001	0.22094292551951256
0.20473394756751517	0.5601094792842191	0.23515657314826588
0.20703523318071526	0.559283892665379	0.23368087415390584
0.20980369890119316	0.5587754371802698	0.23142086391853717
0.20832656808461347	0.5599137270221598	0.23175970489322684
0.20747005740426336	0.5613168292705482	0.23121311332518857
0.20824798663842403	0.5680480561787549	0.2237039571828212
0.21149046262783316	0.563572372400822	0.22493716497134492
0.2098556547079123	0.5646342336513462	0.22551011164074153
0.20926810316784106	0.5638598118025374	0.22687208502962164
0.20820627299751218	0.563588070840122	0.22820565616236604
0.20918447296671852	0.5693701306404336	0.221445396392848
0.21141031062709578	0.5697517794114428	0.21883790996146152
0.2101727469239569	0.5577612485392978	0.23206600453674545
0.20402077428599882	0.5743201612636106	0.22165906445039074
0.20968646843366845	0.5720765753472601	0.2182369562190716
0.20591495463417844	0.5709520107054497	0.223133034660372
0.20720791719519444	0.5708465041708699	0.22194557863393582
0.21110280552017288	0.5709927694732772	0.21790442500655008
0.20838067263476814	0.5720359160314586	0.21958341133377335
0.2062177638545793	0.561872212162761	0.23191002398265984
0.20913049179566762	0.5567815481824137	0.2340879600219189
0.20391473396563747	0.5596192988024644	0.23646596723189828
0.20603146027320052	0.5633005619936855	0.23066797773311407
0.20558417500807935	0.557452135775589	0.23696368921633168
0.20907429304115782	0.5580442025498259	0.2328815044090164
0.20729744929421834	0.5730069342335952	0.21969561647218663
0.20740655388309265	0.5653916597914237	0.2272017863254838
0.20365576685920417	0.5629808288240298	0.23336340431676614
0.20730407734570677	0.5719115323225593	0.22078439033173405
0.2032484767358598	0.5717861506121246	0.22496537265201577
0.2064404481071345	0.565764513539186	0.2277950383536797
0.2111741631547801	0.5588011834926927	0.2300246533525273
0.20318927515765658	0.5758938816855054	0.22091684315683818
0.20529638897547992	0.5610981512405344	0.23360545978398572
0.2106362621814687	0.5611026060671317	0.22826113175139978
0.20530107759892482	0.5584473182500912	0.23625160415098415
0.20774744522935548	0.5576535561253182	0.23459899864532643
0.21007618456476695	0.5703797787561224	0.21954403667911077
0.2082688478197542	0.5720887487964306	0.21964240338381538
0.2057214108285086	0.5653341612283013	0.22894442794319025
0.20435333251408	0.5611359866145536	0.23451068087136648
0.2061782238959548	0.5742623662971915	0.2195594098068537
0.2103397096830945	0.5665713535875947	0.2230889367293109
0.20507707887207474	0.5740234339473816	0.2208994871805437
0.2111593224157805	0.5623593460095252	0.2264813315746944
0.20722180971652068	0.5743920999674486	0.2183860903160308
0.20636825656831062	0.5706450506653553	0.2229866927663342
0.20997864374383468	0.5714500865826093	0.2185712696735562
0.2058902296183679	0.5679476322819466	0.2261621380996856
0.2062709707286737	0.5757035037412457	0.2180255255300807
0.20829713007277834	0.5592416186202545	0.2324612513069673
0.208462618144965	0.562789743574635	0.22874763828040012
0.20872882721359798	0.5674607948368213	0.2238103779495808
0.20592973911664497	0.5581946903246653	0.23587557055868982
0.21109511146389845	0.5585168698422507	0.230388018693851
0.20784200172511724	0.5752323695856577	0.21692562868922516
0.20537311722696797	0.5616118067653477	0.23301507600768437
0.21124726889667717	0.5723700915631592	0.2163826395401637
0.20651919376451316	0.5754160956546004	0.2180647105808866
0.21051991184507812	0.5684519397401074	0.22102814841481455
0.20327561046510584	0.56112460087314	0.23559978866175432
0.20562763123975247	0.5580803857239814	0.2362919830362662
0.20844558606771663	0.569652152048396	0.2219022618838874
0.2110423599716098	0.5723908161225175	0.21656682390587279
0.20924540708526923	0.5737752270292965	0.21697936588543434
0.20570982208900696	0.573587887760323	0.2207022901506702
0.20402549475751433	0.5595874365680307	0.23638706867445508
0.20461373542640088	0.5621046228450362	0.2332816417285631
0.20653176765069534	0.5661732669457138	0.227294965403591
0.2040284028328958	0.560666192529103	0.2353054046380013
0.20744162642587266	0.5598620469397908	0.23269632663433665
0.20473884790115066	0.5739189751531986	0.22134217694565092
0.20527396083307844	0.5756862860101963	0.21903975315672536
0.2056301786198795	0.569293594527978	0.22507622685214268
0.20979647009181626	0.5698746193681699	0.22032891054001408
0.2081654124591637	0.5595233025134612	0.2323112850273753
0.20589082948420112	0.5685333522445974	0.22557581827120152
0.20697813364915352	0.5640251565201633	0.22899670983068326
0.20348890695365907	0.5679310675849862	0.22858002546135484
0.20389666144062202	0.5717305611891	0.2243727773702781
0.20659890602852116	0.5691240844779388	0.2242770094935401
0.21013597904699513	0.5595782444091466	0.2302857765438584
0.2087047476384505	0.5741891732911828	0.21710607907036678
0.2034651859086035	0.566331536258861	0.23020327783253558
0.20530910420232534	0.5586688857064249	0.23602201009124987
0.20809517857717888	0.569912134212754	0.22199268721006724
0.20937997679870507	0.5700674783074116	0.2205525448938834
0.2103431853702491	0.5715091229301976	0.21814769169955336
0.20698933760253072	0.5679888054866942	0.22502185691077528
0.21039338133634722	0.5598784609951947	0.22972815766845822
0.20917314731108932	0.5747066450149442	0.2161202076739666
0.2076898860226976	0.561408195320547	0.23090191865675558
0.21010414616626774	0.5673706645020223	0.22252518933171
0.20997258552303	0.5576027948488653	0.2324246196281048
0.20944226038651273	0.5710835218474958	0.21947421776599157
0.20823466363242005	0.5572463753586361	0.23451896100894393
0.2078641158276537	0.5613661935865852	0.2307696905857612
0.2063345304450371	0.5610727330970744	0.23259273645788864
0.20530812728211145	0.5736529100982277	0.22103896261966094
0.2039836860413709	0.5608050902689273	0.23521122368970185
0.20847248363714022	0.5660084158868652	0.2255191004759946
0.21140794059546603	0.5637801951916632	0.2248118642128708
0.2108883237738303	0.5625759781893346	0.2265356980368352
0.20771137270903436	0.5687460426490282	0.22354258464193758
0.2068525272111227	0.5625002097481799	0.2306472630406975
0.20401437713386564	0.5624704396621474	0.23351518320398712
0.2080340994489235	0.5654232556183496	0.22654264493272708
0.2034682963521566	0.570502172138068	0.22602953150977553
0.20618663821529978	0.5643832785689483	0.229430083215752
0.20855781765464088	0.5625163859482121	0.22892579639714708
0.21152161481932735	0.5590576593984857	0.22942072578218703
0.21005008615080736	0.5584644542253743	0.23148545962381845
0.20514319064702757	0.5668585668643922	0.22799824248858044
0.206138477263682	0.5751780148316747	0.2186835079046433
0.20435838553253294	0.5743800420374733	0.22126157242999386
0.21002218194593086	0.571415026092035	0.2185627919620342
0.209770443230837	0.5721603280544706	0.21806922871469253
0.21153085928846704	0.5638285473716234	0.2246405933399097
0.2102223011417333	0.5677374977408838	0.2220402011173831
0.203509748885997	0.5646687146774851	0.23182153643651796
0.20899948919804223	0.5584562808332176	0.23254422996874022
0.20720909172177926	0.5680939758063442	0.2246969324718766
0.20649889555538997	0.5626018621051703	0.23089924233943993
0.20902160289684774	0.5626874288167956	0.22829096828635673
0.21122083772849076	0.5697773224028554	0.219001839868654
0.20700460887904784	0.5594413785684573	0.2335540125524949
0.21102537415335615	0.5686379087516428	0.22033671709500113
0.20859320293602307	0.5628734359910316	0.22853336107294545
0.21014503747072427	0.5609402211781558	0.22891474135112008
0.20333203205160877	0.5731398021355569	0.22352816581283447
0.20464450272017604	0.5585999821582979	0.23675551512152626
0.20499959564473977	0.5642865650370498	0.2307138393182106
0.2058766770104562	0.5709589663141799	0.22316435667536413
0.20368384985841217	0.5622804579904529	0.23403569215113507
0.21101633725188063	0.5584940373767199	0.23048962537139964
0.2094159931693309	0.5598607350482467	0.2307232717824225
0.20329934883003628	0.5716643090230278	0.2250363421469361
0.21000580101107064	0.5723539244211112	0.2176402745678183
0.21023290849881665	0.5652047080923276	0.2245623834088559
0.21069692773487508	0.5576019762352362	0.23170109602988878
0.21067304726501818	0.5623481206756646	0.22697883205931732
0.21033521670512975	0.5625623610532627	0.22710242224160765
0.2073788097171127	0.5593770890196517	0.23324410126323583
0.20556615646095602	0.5690208537927817	0.22541298974626242
0.20985346651398742	0.5682433080177358	0.22190322546827684
0.20566090936683856	0.5573396672368446	0.23699942339631697
0.2109622242529942	0.5597932076633985	0.22924456808360738
0.20339559988430952	0.5629647648409113	0.2336396352747792
0.20954726294475992	0.5583734791583703	0.23207925789686987
0.21020837354671024	0.572732563354226	0.21705906309906392
0.2068421341488629	0.5685814586391469	0.22457640721199026
0.20457631011498736	0.5679582956418768	0.22746539424313597
0.2087351944425086	0.5642068687195726	0.2270579368379189
0.20642378461156075	0.5617419818451158	0.23183423354332353
0.2045581103093955	0.5672042707557592	0.22823761893484534
0.21073924600545857	0.5693164758683933	0.2199442781261483
0.20709474161779115	0.5596879181369299	0.23321734024527913
0.20921271742691935	0.5736239576155265	0.21716332495755422
0.21045651587865075	0.5658731926429296	0.22367029147841977
0.20598675286835916	0.5658205614159587	0.22819268571568227
0.20437587948292807	0.5725221136909149	0.2231020068261571
0.20622179082370717	0.5701419501883824	0.22363625898791056
0.21093787106974013	0.5709297001085586	0.21813242882170142
0.2085033139282459	0.5584831702178378	0.23301351585391647
0.20987939458390853	0.56148633628957	0.22863426912652163
0.20742755041164845	0.5567185904520111	0.23585385913634055
0.20572418162391026	0.5608123312065025	0.23346348716958734
0.20422239851235038	0.5694400278967688	0.22633757359088086
0.20611856829485412	0.5743232138572056	0.21955821784794033
0.20631697417172423	0.5577551172477987	0.23592790858047724
0.20871505174885993	0.5628578681757319	0.2284270800754083
0.21082159137406184	0.5587362842639434	0.23044212436199485
0.20884927485443833	0.5615753768555298	0.2295753482900319
0.20862170847513337	0.5699687311787032	0.22140956034616352
0.20742809285746644	0.5646254102905147	0.22794649685201895
0.20325112495079736	0.5620655737239105	0.23468330132529225
0.20408659316341465	0.56850765827987	0.22740574855671536
0.20978390302211147	0.5583137603336459	0.23190233664424276
0.20822049831268524	0.5649349510129609	0.226844550674354
0.20740829585012205	0.5613947206641636	0.2311969834857145
0.2092995309451484	0.5587727676757855	0.2319277013790662
0.20497473113143796	0.558367987500033	0.23665728136852915
0.20429520753901595	0.5707410471994873	0.22496374526149687
0.21000423449096497	0.556541339895643	0.23345442561339208
0.20457783350614472	0.5736847688254836	0.22173739766837186
0.20686529085796557	0.5635276248602632	0.22960708428177132
0.20828878834697886	0.5746378672868745	0.21707334436614673
0.20744788506529874	0.5570059216312195	0.2355461933034818
0.21038367027617624	0.5578322459288557	0.23178408379496818
0.20895382848301802	0.5713056201518507	0.21974055136513143
0.20531399735363245	0.5700437336620376	0.22464226898433
0.21041340514021534	0.5578013368027913	0.2317852580569934
0.207577703875985	0.5753184934591766	0.21710380266483847
0.21026795152811376	0.5609770557136218	0.2287549927582646
0.20353247596780139	0.5702097848543372	0.22625773917786157
0.20583837786832082	0.568754449524662	0.22540717260701726
0.20426365660617346	0.5726518741202551	0.22308446927357162
0.2115106898529479	0.5564648034260828	0.23202450672096941
0.20643328796415397	0.557058275648225	0.23650843638762126
0.208997433542032	0.5730616664359065	0.2179409000220616
0.20340378690484295	0.5736104223923234	0.22298579070283375
0.20999582429187277	0.562652681517275	0.22735149419085243
0.20872102943809395	0.5579759918100555	0.2333029787518507
0.2034108235410044	0.5607612361596729	0.23582794029932289
0.21086815156521324	0.5732422835298145	0.21588956490497238
0.20522595982933087	0.5645481199498871	0.2302259202207822
0.2082970349176504	0.5683191528105576	0.22338381227179221
0.2072280267003366	0.5592494476260885	0.233522525673575
0.20656559474453517	0.5700903758810183	0.22334402937444667
0.2042753208747259	0.5651847231735093	0.2305399559517649
0.20362056530169015	0.5592009529608941	0.23717848173741585
0.2052806122198284	0.5730648484803338	0.22165453929983792
0.2110698454847623	0.56421998881388	0.22471016570135782
0.20550497381537566	0.574281918356351	0.22021310782827336
0.2101825134893786	0.5718042341217261	0.2180132523888954
0.21019466351514657	0.5637285944904487	0.22607674199440486
0.21150552510029805	0.5640929822909551	0.22440149260874703
0.20899489631669732	0.5604919476186789	0.23051315606462386
0.206911639186939	0.5581997861380079	0.23488857467505325
0.20377217844183645	0.5668474793820303	0.2293803421761334
0.2093130214007719	0.5568391576009234	0.2338478209983048
0.21048658671842077	0.5610391571203083	0.22847425616127107
0.20673255637575239	0.5575270730301574	0.2357403705940904
0.20548935236295324	0.5652812314997326	0.22922941613731423
0.20644014698879076	0.5739145713215943	0.2196452816896151
0.20732878979735675	0.5689460876280368	0.22372512257460656
0.21021625596029397	0.5602580793158078	0.22952566472389835
0.21131084361188313	0.5619086483521245	0.22678050803599248
0.2090827800554672	0.5696438751684934	0.22127334477603952
0.20391567294595742	0.5670292336367599	0.22905509341728275
0.20926497704421654	0.5647093573735189	0.22602566558226467
0.20733145236043599	0.5713036023938225	0.22136494524574157
0.2089257940065548	0.5627744440103457	0.22829976198309962
0.20825714127616207	0.5596940623396287	0.2320487963842093
0.20791302674223572	0.5577046319578034	0.2343823412999609
0.20532402545033274	0.5677815112451838	0.2268944633044835
0.2114055284543159	0.5627984249640334	0.22579604658165078
0.2070376770990978	0.5564707911796634	0.23649153172123896
0.21153823531129703	0.565831837753086	0.22262992693561706
0.20730932829153337	0.5703507268318961	0.2223399448765706
0.2052824016547597	0.5643923234416486	0.23032527490359184
0.21072249307560154	0.5643558340021101	0.22492167292228854
0.20370716514359605	0.5669779227626595	0.22931491209374458
0.20643940110258704	0.5607136504171975	0.23284694848021556
0.2058057761594212	0.5732580647901729	0.22093615905040595
0.20894029179169055	0.560405644240779	0.23065406396753055
0.2112859858329726	0.5615028556207249	0.22721115854630264
0.20751440923004538	0.5599278911107812	0.23255769965917342
0.20679219039630575	0.5725827955418265	0.22062501406186788
0.20427526069147325	0.5654577322968396	0.23026700701168723
0.20783013666780364	0.5669492580010425	0.225220605331154
0.20958739327008521	0.5656550714381583	0.22475753529175668
0.20934949525021038	0.5670122426337629	0.22363826211602678
0.20324332587589836	0.5639953864364873	0.23276128768761445
0.2091671450163065	0.5692889690565189	0.2215438859271747
0.20420817438320538	0.5611052984874433	0.23468652712935145
0.20782012001379585	0.5578166592510974	0.23436322073510693
0.20922020746197817	0.5591977481634083	0.23158204437461363
0.2081670678052384	0.5570397357822712	0.23479319641249052
0.21149793153413388	0.5616937979488026	0.2268082705170637
0.21144697918944486	0.5592528748707961	0.22930014593975911
0.20928269353365672	0.5665917780224694	0.224125528443874
0.20588591859217356	0.5688398288306261	0.2252742525772004
0.20711938654216902	0.5689363675119119	0.22394424594591916
0.20358957165681757	0.5607457800985465	0.23566464824463607
0.2095315457038965	0.5712280196747619	0.2192404346213417
0.2073337183411823	0.5623788089097669	0.2302874727490509
0.20626753349409802	0.5756809516870619	0.21805151481884016
0.20702564051083017	0.5586008267627827	0.23437353272638728
0.2105540091476251	0.5656012102562818	0.22384478059609317
0.21100075330207516	0.5725390317669019	0.21646021493102302
0.2033943254298708	0.5654754702259194	0.23113020434420992
0.20835945198441536	0.5757855692485695	0.21585497876701526
0.2077693050684383	0.5702705554415463	0.22196013949001556
0.20899764483259947	0.5636028858187241	0.22739946934867653
0.20989531161773234	0.5620620238396398	0.228042664542628
0.2064432298112331	0.5596480765343966	0.2339086936543704
0.20708542970131671	0.5721926380852302	0.2207219322134531
0.21040195743309012	0.5626513382233245	0.22694670434358552
0.20786899151715257	0.5734850390901525	0.21864596939269504
0.21128528628257465	0.5713336557570083	0.21738105796041712
0.20965345822945625	0.5610078675346293	0.22933867423591453
0.21038022301820866	0.5647971567560176	0.22482262022577384
0.20560272935399698	0.5680345748758472	0.22636269577015597
0.20864234140638646	0.5741878959781908	0.21716976261542284
0.20820981700290714	0.5579916284428855	0.23379855455420742
