0.19367389257382958	0.03627416289671011	0.22389307708759648	0.04221914344609323	0.07049220459962102	0.2318377274180739	0.18251577394823548	0.0190940180298399
0.17674529102607692	0.03136777544830155	0.1443908696323273	0.027723875566741246	0.11263838583525447	0.3147776946614572	0.18117686964002128	0.011179238189819751
0.2761832497890176	0.03332906606646678	0.09538634135435675	0.02966373328238582	0.12000883024254709	0.2731149315974942	0.15535835700153758	0.016955490666193854
0.22741629343016923	0.021526653964844114	0.21901410882126088	0.03727469506028258	0.08532864680778804	0.25128066262923393	0.14269264599165749	0.015466293294763497
0.2704670546151534	0.02701203356907317	0.15124717229514398	0.03516329262768128	0.07066736421918132	0.24077880538378474	0.186558823258464	0.018105454031517768
0.15444632199985023	0.04056039562782486	0.1336048693205542	0.030658083368259134	0.06405291742660366	0.3475837909385405	0.21846246104811717	0.010631160270249976
0.18020448629718247	0.02194500942899405	0.13295409681162462	0.04029922140893526	0.0606755615480499	0.38761146255507295	0.1613711399243165	0.014939022025824061
0.17800487671485063	0.04091241295525973	0.0736661452876292	0.0209505936084579	0.11903281266901303	0.3298851252381386	0.22119653509812542	0.016351498428525263
0.2832832481600942	0.042801651406204066	0.11802942098196342	0.03287970102572335	0.08514523204834944	0.2686021139794026	0.15801905609566402	0.011239576302598642
0.12896571328795436	0.025269392366706583	0.15127152681671563	0.04089895694009189	0.07956427763185595	0.3907233650785855	0.16684600836285296	0.016460759515236872
0.19131877149617227	0.02524096077349207	0.04856636866755831	0.03390894959785129	0.07002206748736503	0.4072065165880995	0.2107576554999014	0.012978709889559847
0.20911958037209294	0.03569887817255647	0.0560207791657779	0.04080206626568668	0.07555346666545129	0.3831542774162965	0.18559214752738776	0.014058804414750187
0.20604460318520196	0.0265264865146681	0.15315631278776348	0.03066086421837444	0.11519550611587981	0.32195946183318547	0.12725365016526935	0.019203115179657157
0.23437680466696376	0.03181025178604757	0.16464716936818424	0.024325513364169354	0.09107609121286082	0.27797517473859923	0.1638691158046184	0.01191987905855632
0.1336244042666585	0.030124340401480515	0.1430980871552451	0.034332211921266745	0.1148003372405837	0.3519490672306396	0.17421685261992648	0.0178546991641991
0.17777327111072586	0.03779159550486477	0.15679087705706674	0.02806995871685941	0.11022557018699758	0.30740942469069815	0.16952227607259676	0.012417026660190511
0.16632435643738622	0.02224448157054139	0.14753465495418822	0.03018716984212831	0.09495834227023361	0.3489945062241173	0.17839900935266653	0.011357479348738153
0.06496692910300847	0.040918435550515886	0.13668697269375385	0.03351948464307819	0.12319224254474533	0.39786800707301295	0.1899562050267507	0.01289172336513443
0.042199212377237894	0.03561783980156928	0.21466185616753103	0.042946580217064656	0.08929957757685458	0.3855909870416887	0.17245905536844192	0.01722489144961184
0.09037314199922514	0.027261381375233942	0.268300452521812	0.02223631813099511	0.059195441455735576	0.3233703022846691	0.19117854777499077	0.018084414457338216
0.10963684385151601	0.03975841659915037	0.30546722590761965	0.024307440787041765	0.10382467705450625	0.2625609785495523	0.13534900921006618	0.019095408040547296
0.15683545091898352	0.04052387145286669	0.15682015358939672	0.031105819873720617	0.062042109778024726	0.33591499793929236	0.20224728157616886	0.014510314871546248
0.1785641627418927	0.0314117448544223	0.12883703651271372	0.034210274229471954	0.06454027643867023	0.3219815299281472	0.22348346760681603	0.016971507687865595
0.08612435938019496	0.04288779304955674	0.13759903934068313	0.029433271152323776	0.06935385543450129	0.40347524937616364	0.22077113586130903	0.010355296405267278
0.07756713686255176	0.042366060746250656	0.1908690416737061	0.032523726617964405	0.10879482561326237	0.31477884256768646	0.21633079934728605	0.016769566571292013
0.2429507658949303	0.026699236633300108	0.03592109230671457	0.04032151025051549	0.12173118556012608	0.33223680941094047	0.18420610556121064	0.015933294382262098
0.23215267731126432	0.02521019189405327	0.1774465871479746	0.020901907504331935	0.10490964632906175	0.260263402607818	0.1684810976307099	0.010634489574786007
0.25487544082920105	0.023651855703645377	0.19964511775137483	0.0382979335125624	0.06066706062333564	0.2545760148415902	0.14942647777483228	0.018860098963458
0.09582224987718843	0.040633843967291486	0.24290076901696317	0.04333782537911633	0.06671439475451382	0.2907525555360386	0.20385914588546983	0.015979215583418138
0.26925226968066884	0.03587891317173211	0.15810748293241034	0.022752591916082088	0.12047745760026334	0.2521397910108155	0.1258704707472434	0.015521022940784182
0.18884192772919212	0.037360997903164356	0.1890297624675432	0.04006854175568436	0.11746021976658355	0.26907776714862014	0.14119011250397825	0.01697067072523384
0.1655180722753175	0.0395323956737246	0.17989165966802106	0.028495902802584988	0.12204408490785504	0.30369832840388455	0.1500641715242879	0.010755384744324095
0.21936352707115478	0.03961884373332182	0.21286237087673807	0.035345215348143125	0.06549417256757407	0.23879853828275832	0.1699998863192685	0.018517445801041074
0.14495837390617552	0.03905402023387575	0.2523478665547779	0.037034739429911145	0.11397809598752495	0.2270811752157019	0.16951278106093637	0.016032947611096166
0.028860812235445857	0.03236703336414573	0.2954398653923046	0.04355383365863373	0.0998833309609127	0.2748936458932608	0.2147009655269847	0.010300512968311748
0.13984805544473747	0.026470912412224476	0.20836659376456834	0.02443888547277294	0.07430922257537866	0.32920308034295703	0.18334355201027852	0.014019697977082399
0.03621401404561336	0.03584007236775279	0.17497885633256205	0.03134329221823806	0.11089845112519506	0.38065780280888917	0.2182487335623834	0.011818777539366054
0.17419791508186877	0.023437791716091977	0.03941860503265565	0.020533886023407888	0.10394929544932892	0.41256384052229	0.2130812376127592	0.01281742856159726
0.17264428971104023	0.02995343918576919	0.0745470332873627	0.029034144663135697	0.08260311693945188	0.36666089799394835	0.23311114069650918	0.011445937522782529
0.11965198259081605	0.027381422695318097	0.21253469520428003	0.019629719548050345	0.07726046361948487	0.3502432218024585	0.1782201441340318	0.015078350405560104
0.04303815601844592	0.02907117136207052	0.2995567925283559	0.043518697215812	0.06279324693995875	0.28103288313367886	0.22485539576785285	0.016133657033825022
0.14402511829389095	0.02681470788626572	0.28719609289151843	0.035593163853653936	0.08610427764672685	0.24150074986172815	0.16320952110170528	0.015556368464510431
0.029583873535653615	0.04302350103119193	0.2818165032854426	0.03348613248714827	0.08257177267475652	0.33182697248532245	0.1804136645407299	0.0172775799597545
0.17965404384267272	0.022352172207881202	0.23569388787025153	0.03606894973837402	0.06439338541910385	0.31798234673542225	0.13133758900530396	0.01251762518099031
0.11572520157683053	0.03738702052406184	0.17732525500311686	0.04314622783932148	0.12367177465537874	0.2717892769375462	0.22000862850693687	0.010946614956807293
0.04114132570446939	0.030639969460405342	0.18265332521857586	0.042978846126213166	0.10230069131607741	0.35481932987411613	0.22576355231343687	0.01970295998670564
0.22280969667784112	0.03858807634848693	0.21359175392567167	0.021393977052932098	0.0597372804273853	0.28984996885956404	0.1382298919134462	0.015799354794672385
0.06940022676467054	0.042894922705420196	0.29740300932093433	0.037929871347746724	0.09250541599988793	0.25549599581784144	0.19413194764349612	0.010238610400002568
0.054825169436080984	0.041260476459154274	0.1681971721413618	0.044056272290537934	0.10590366739872879	0.4306809066809082	0.1440987749198862	0.010977560673341685
0.07138901077791018	0.027142701352564594	0.14235776790538748	0.021963148007052666	0.05963206598035184	0.43793797475307117	0.22971752786705624	0.009859803356605662
0.22729752178087703	0.029313836917665453	0.05127144830716218	0.04337825298864617	0.07052988903277571	0.4308155817723598	0.13090754455089468	0.01648592464961876
0.15266909571192247	0.024705762335475737	0.11388476658984747	0.042790164925766816	0.06474245101804851	0.3668210768340018	0.22349973377311821	0.010886948811818772
0.05072145891154173	0.0404171814108478	0.2924620000358409	0.03844987794539606	0.11931412283183591	0.30706082361839526	0.1349687622682892	0.016605772977852984
0.20453149757427894	0.03848291835821804	0.16411668311673344	0.03259361341173114	0.07680867742183498	0.2760506182727168	0.18983517813188128	0.017580813712605114
0.14861960320692258	0.022707255137592308	0.2416642251114285	0.03201789316783217	0.10905898767581695	0.2684031440142307	0.16157750781396335	0.01595138387221323
0.05501268272392064	0.03954626884140568	0.20154645649209219	0.03670219852906233	0.09541923693037602	0.3457783209966962	0.21115844407766177	0.01483639140878501
0.06716943640374853	0.032070956311963744	0.24048522436520992	0.028086711631857816	0.08095808552701925	0.37312560633345937	0.16127456262215753	0.016829416804583622
0.1042929620486033	0.021996835562992742	0.2771779958480287	0.025370686397014106	0.08932884041853831	0.32760927943064766	0.1389958189503177	0.01522758134385728
0.03528659112071211	0.034350847317084834	0.17838609054927348	0.030580351663887548	0.07527446658024518	0.4282721193670118	0.20194390539120669	0.0159056280105781
0.05114776476959136	0.02639834171143217	0.17634642522155317	0.03473636923170467	0.10480532289781111	0.3628956592386861	0.22654728232356452	0.01712283460565675
0.12512485995521186	0.03977884480856106	0.1733724021036778	0.03237254159889845	0.06968667878863902	0.32664630567372	0.21599720462068753	0.01702116245060406
0.22827841546358635	0.029558588898462024	0.19091876813828354	0.02276740741811134	0.1158954351995658	0.2529848478345554	0.14973671153140908	0.009859825516026224
0.2050019556678424	0.03709566255817784	0.1290670603794446	0.02234123621396661	0.0847244925698594	0.28947265281948453	0.21610020094818988	0.01619673884303452
0.1064189876168533	0.024069963409399	0.26968057927321143	0.030376528521217888	0.06429708483088588	0.3476722629204364	0.13886604898842744	0.01861854443956841
0.216455534174871	0.04019184413725403	0.20952727800406395	0.04308618714320356	0.07800225977795347	0.26624856224748406	0.1286812544178707	0.017807080097298922
0.12004716281168168	0.02790562405992905	0.2175466125088848	0.030427013607745274	0.08515749529931378	0.3058828020889691	0.19672203021223145	0.016311259411244616
0.07610568201604044	0.024187843310013182	0.28934476617408345	0.0379514313023049	0.08019493370401375	0.3361817825849125	0.14248433496822457	0.013549225940407
0.07997814271020232	0.03640597871071523	0.2585614446913069	0.03021713501240951	0.08620557088433632	0.27008658532843166	0.22538456574595983	0.013160576916638023
0.27780592926166886	0.03900223107302425	0.14433974164141547	0.027648510669532528	0.07410368577696005	0.24240328567483696	0.17987077004692237	0.014825845855639258
0.22048607118754546	0.02529262402462483	0.20451998180747993	0.0424433876200163	0.08947329873514503	0.2436085778006879	0.15460620896452906	0.019569849859971233
0.22377914225655948	0.02222956132865765	0.10587787472756789	0.023610822861009198	0.118781715085244	0.30111674552236406	0.1891046837352211	0.015499454483376321
0.13757623837653454	0.028987704353943655	0.10742134557661151	0.03051474283105121	0.08473875293610679	0.4044056643656142	0.18953797263867442	0.01681757892146342
0.058262936963253964	0.02843195434884252	0.1817498979401216	0.03823077100917452	0.12798452152670559	0.4142604048380073	0.14060130512256186	0.0104782082513325
0.07661525553100343	0.04200702672877629	0.18249243101105694	0.04085157628301801	0.11935446298988917	0.355288687654666	0.1666522300096956	0.016738329791894352
0.15812382714493095	0.039648413928201065	0.10845689602388767	0.04115227399381627	0.10218570184602802	0.321272548261631	0.21548155906176653	0.013678779739738287
0.29028614023994315	0.041044900559949415	0.076569068488128	0.02553114776743516	0.08218564726310254	0.23825819328682013	0.22650954845692722	0.019615353937694147
0.23364382793072067	0.029352980964466938	0.12367351013019949	0.030137366383500896	0.09916676641692365	0.32425032343980636	0.1486730583617395	0.011102166372642247
0.27785684467352867	0.03939563736060693	0.07744399056405872	0.038937323223561845	0.10439657708820016	0.29510363049347	0.14984208320484615	0.01702391339172729
0.2653336200376809	0.031203628194432037	0.13105183074838356	0.03385237639657648	0.08942000976435699	0.2603911189323893	0.1773963246161638	0.011351091310016687
0.12629005504849397	0.03606996849554367	0.1600239541860169	0.03132514039414022	0.07825435801733169	0.3432495513697514	0.21047814711678603	0.014308825371935965
0.09707987747033114	0.03090296276912384	0.25072200526465604	0.020057511127260993	0.07307901981857362	0.3109336006639264	0.19981821047818948	0.017406812407938232
0.09985316441072911	0.030878613937760313	0.2836401796262904	0.03384536101305864	0.10366873280631907	0.23647738762846662	0.20083673435028387	0.010799826227091719
0.15206498397534268	0.023965930860187237	0.29925005307437824	0.03651589939698745	0.07179748943459432	0.2653936377654616	0.13760666336529812	0.013405342127750089
0.10132286302951726	0.033816561157791206	0.21873577731863894	0.03908310525567052	0.06561993278369234	0.36244010127980697	0.16824621682382307	0.010735442351059457
0.04029619756032332	0.03830250858172472	0.2195572475064953	0.023976931808889462	0.09409748943082263	0.40556090438447123	0.16304606782762682	0.015162652899646384
0.13303975231305076	0.0275080165349324	0.2007099649394548	0.021881371476738132	0.06161883185667828	0.34384228558057994	0.19955708822156284	0.01184268907700256
0.25226392673296294	0.03590930506525436	0.05845749468161984	0.03845521599503782	0.07973532717413703	0.36532201174781287	0.1539430023243075	0.01591371627886745
0.23787247404493153	0.0244586148337628	0.08610048205552237	0.03960897676225819	0.07333666928381502	0.3341309313527866	0.19137756613508752	0.013114285531835648
0.229216635332805	0.0424831184515196	0.08134107890953765	0.04131275446604919	0.0882013175549944	0.3451092940359255	0.15404354202090367	0.018292259228264746
0.18041527232988835	0.030524752893940743	0.16757017779680913	0.04223875045642042	0.090274827583385	0.2628822435063862	0.21144139312647436	0.014652582306695514
0.13031213316391208	0.032084465018666464	0.1601298077814081	0.023230664612972726	0.1237908783707847	0.34673385689479586	0.17323691259049906	0.010481281566960807
0.16253969982229755	0.02222824641409958	0.03554493271388827	0.04256947555319081	0.1177967169992691	0.3845582834823169	0.22032522458252815	0.014437420432409365
0.20123949794669038	0.02250425077557583	0.13945720076377693	0.04084653505989495	0.10229507098595343	0.32423803055305833	0.15452077956804036	0.01489863434700954
0.20688897338888357	0.03080959662574817	0.10381858135639627	0.031124145038007506	0.0990285474193167	0.33476576299317573	0.17587464710233255	0.01768974607613924
0.25085406011810485	0.022803294926190987	0.06857876562632148	0.040478908064479374	0.10420991548893985	0.31514843056197783	0.18367603984553313	0.014250585368452251
0.20965765039077464	0.02480514929550677	0.13307926146419016	0.027832389710416877	0.11633442360271788	0.33419312731352574	0.13796188063741177	0.01613611758545591
0.2631266145733354	0.030132806687051553	0.09773323717668937	0.02439028832279032	0.060942615181290585	0.2934324860975199	0.2147473316090528	0.015494620352269797
0.20417825596966227	0.035428984964322355	0.22037574304200053	0.03299264022052148	0.07557078044687252	0.24160334113482462	0.1776030217541672	0.012247232467628863
0.12218632522404924	0.03900207540987488	0.2384586316344422	0.02677562650492822	0.1167704217717816	0.3186752004545117	0.12805062333050463	0.010081095669907267
0.07221313955165314	0.035089903505760314	0.25488055886194094	0.0203805365920275	0.09008228937045792	0.28204179912918304	0.22624443504300462	0.01906733794597236
0.2099699072682794	0.028309241594291976	0.12409983586278395	0.03141304583849314	0.1128537723378424	0.2938918569745549	0.1845188972498214	0.014943442873932594
0.17204699786294905	0.03769562505974493	0.1602628774857109	0.04152393271714695	0.12677859337795033	0.3138293104459454	0.1281234182592255	0.0197392447913267
0.2006935312388265	0.04226020590083905	0.09585958692634318	0.033015890115086724	0.06025040980804837	0.41618708138929683	0.13199918459431695	0.019734110027242097
0.05205681565785687	0.0361936454074375	0.20392356219730093	0.04009541605578873	0.10416287790519636	0.41514490942942983	0.1291398356232158	0.019282937723773833
0.02913906505854738	0.042942828264363006	0.23525909290716435	0.027613839632978587	0.06974123789180253	0.4100089611753659	0.16878737289019874	0.01650760217957936
0.15987548967126117	0.02929705032940283	0.18890611975950863	0.0372572536463015	0.0751655818166665	0.28756277052397805	0.21115899813346764	0.010776736119413433
0.20459471552835398	0.041769050625519985	0.24693474044253474	0.02224700106371165	0.07408326527113039	0.24031884326017758	0.15568618131449527	0.014366202494076177
0.060623624220226824	0.022918864364324068	0.3039410097431534	0.020984358378069598	0.11044974885623701	0.2924590523541253	0.17332799104556423	0.01529535103829932
0.02873775844965254	0.026249569572406803	0.21677229635648398	0.03110358283580504	0.07888350939745517	0.38884760112596717	0.21367037254483484	0.01573530971739437
0.05251895723771215	0.025324043641102884	0.2735423946009316	0.03262904412063572	0.09794230284411623	0.2818967099989804	0.21650794612414342	0.019638601432377334
0.20833324155185198	0.027399063325361836	0.1049198183056812	0.034822619591705364	0.087406085706983	0.34343091567761597	0.17583000360039358	0.017858252240406866
0.19616213419402864	0.03238903542766211	0.053602655043834074	0.025876483311279647	0.11892308931139194	0.39007382555402026	0.17283591032940568	0.010136866828377444
0.21837602628914077	0.031598001679243704	0.094928724973696	0.02359472267427984	0.08319170173117048	0.3925480063874961	0.14441254466480083	0.011350271600172032
0.11756488877747548	0.038652361586640566	0.1945909196637216	0.04338812356253344	0.1282197166759291	0.253653949597492	0.2044155027080836	0.01951453742812395
0.15294117760320747	0.027123036610747872	0.15089766602282453	0.028464196830430263	0.0934227008351475	0.3684827225188733	0.1646408686954567	0.014027630883312103
0.07909480258401831	0.037190361251559	0.16858008983550402	0.01989696884907466	0.10076635695829661	0.3450481658733257	0.2299528344743487	0.019470420173872738
0.0992150849897031	0.029797382998067598	0.18924674285382515	0.01970502827006529	0.08539154246216688	0.39748636473778076	0.16108839422430848	0.018069459464082588
0.10371639980071243	0.022963856156123494	0.2799121737211685	0.04246164185818764	0.07727908542391249	0.292957328750716	0.1681657224085069	0.0125437918806722
0.12647255784065092	0.024583976683873437	0.17523154518959766	0.02578592803275341	0.10334255923103944	0.3845968058864535	0.14694609399661562	0.013040533139015764
0.11702591592510557	0.03088878960632896	0.22551036703886776	0.036237067115399424	0.07371507571764076	0.3599412485563255	0.13833191039417517	0.018349625646156692
0.08848538477343872	0.03893661113328056	0.30376133323120597	0.03346001151398022	0.05932041977850459	0.3019507260541656	0.16388034047398414	0.010205173041439947
0.10777417513885396	0.03779528906730191	0.287235745630779	0.029295322066736754	0.06260280145766034	0.267480459418169	0.19211586664719993	0.015700340573298804
0.2110813949463652	0.038166633486517054	0.1431187901030823	0.03854707037685018	0.1277291203283345	0.24862713101447093	0.1790856097111732	0.013644250033206393
0.21245562562116826	0.03542162176777727	0.21615276568275305	0.031380295547782	0.11961511463803516	0.22906653329070584	0.1425123177973996	0.013395725654378604
0.13877307797791089	0.042406118578573765	0.1805240248953	0.04054283784757834	0.06280462961933866	0.3285195256303507	0.1954532404078521	0.010976545043095282
0.16726739608901964	0.03674764018090455	0.15807462890437277	0.029937343502540778	0.10810359076282917	0.349107102007158	0.14037074389388637	0.010391554659288565
0.1312987313963174	0.021731016323275426	0.2136444252501244	0.040724321068363864	0.12150282279617863	0.2482642369746562	0.20659877622199935	0.0162356699690845
0.22946035165251133	0.040249126162149415	0.18705780658691581	0.039397599638456765	0.12690971728239073	0.23168671403959984	0.12701976695218126	0.018218917685794644
0.11762314614957727	0.02252666629291336	0.18593278002376734	0.024017108174561513	0.08267680918281287	0.37548824491781585	0.17638135092654	0.015353894332011633
0.09491643435030152	0.028894813678214268	0.16399721450064736	0.020495336139239748	0.11799378967336575	0.3433061987569668	0.21233591581336372	0.018060297087900676
0.18548787966840935	0.022079402848447602	0.1041308225148613	0.03326775846736507	0.10072145174679367	0.3485059397097987	0.1907186968008474	0.015088048243476662
0.14717049356072753	0.027949830948946985	0.047443315401048264	0.03370679962600512	0.08872856970368351	0.43295929213423323	0.20321488550025593	0.018826813125099234
0.20288258511712226	0.030067167307683065	0.13202145951328298	0.030153186201506338	0.1078186719834704	0.32979930149841863	0.15706320519963285	0.01019442317888318
0.21684147904247278	0.03813648231966234	0.07978079263162227	0.02189215106022052	0.127297309416503	0.2682570195862055	0.2325774172848883	0.015217348658425084
0.18289504621552716	0.02302998615335454	0.0666064194237846	0.022979842075878484	0.08724824982495802	0.38604074113422115	0.2126314567661857	0.01856825840609007
0.14943781454535796	0.04167896954264655	0.11462786413266805	0.027638014434476055	0.11349908689817091	0.3247769752840192	0.20990347110820828	0.01843780405445275
0.15603147390568353	0.024041931424640353	0.15352271479681098	0.02814653380972275	0.08209408355720454	0.3367408886796937	0.2004430071598327	0.018979366666411188
0.2469947735581691	0.034119895007863374	0.06496644897486875	0.026816245214638976	0.11561499407588724	0.30753599454697367	0.18553430389709635	0.01841734472450232
0.1744723762067522	0.02295383016954826	0.09586652091474412	0.02689824886295719	0.09397406754377213	0.42023168120564636	0.15152275381227143	0.014080521284308034
0.07379720346100843	0.03534684371174243	0.09553782669866215	0.0344656966058593	0.12262429797978175	0.41048285707632504	0.21657209177861927	0.01117318268800141
0.13860322221142032	0.03383811734135676	0.1072327575806122	0.04191139823413924	0.07729989342186344	0.42245398890310737	0.162315710993715	0.016344911313785473
0.1822964665736018	0.03546505781774888	0.1316427686582896	0.023971526516409825	0.09273036358877615	0.33337672449475014	0.18434431487870837	0.01617277747171493
0.11456459793113782	0.034476837098937924	0.20545205504885408	0.03113458207225532	0.11798196977730026	0.3363493491952556	0.14365147651093035	0.016389132365328393
0.045176750572258714	0.02555380799798329	0.21771666618002222	0.01976321211203992	0.11879256914916003	0.398746914968109	0.15830906450599935	0.01594101451442735
0.2050361786344791	0.022558840735345254	0.1881706611701789	0.03692279021836925	0.08348569350163446	0.32351561323988925	0.1274983238062029	0.012811898693900634
0.29057702996948787	0.03364814045256945	0.08899692517925163	0.03098034458118501	0.05884212199259542	0.29366221375271984	0.19180315884083682	0.011490065231353722
0.2247022626973396	0.026906285724188767	0.079763315150125	0.021623191521519078	0.11449105614182303	0.36673500029098316	0.14873053804577938	0.01704835042824182
0.24594737090406613	0.022589837716905106	0.056074855246476665	0.04318843517744919	0.09304277913217703	0.2973667208264801	0.23211083649789427	0.009679164498551315
0.20442250169081086	0.03133190051389709	0.07537762637674322	0.036043102654235784	0.08787490604011508	0.3931587879353001	0.16207417714021588	0.009716997648681752
0.22290893657873698	0.02501350011021926	0.06337855154093222	0.02884525293876114	0.11018940266338519	0.39824018978304343	0.1375506194138883	0.01387354697103331
0.20839886421803977	0.03188473966557799	0.11054872450256678	0.03847773092474732	0.11650821286129316	0.26949080360249467	0.20959564899858174	0.015095275226698276
0.12963959211036963	0.03835870963089094	0.1599037163136155	0.02347769546797901	0.10609843104676056	0.38714620530312327	0.14261852177820533	0.012757128349055624
0.08113187773536326	0.0346861860354027	0.18839655125692154	0.04112191830019797	0.10822522935034858	0.31279119613481066	0.22328267021926132	0.010364370967693826
0.07273514744397655	0.03016042170967624	0.30657028910429135	0.025643569333507546	0.11163942749113659	0.2563985281735497	0.1788132130191292	0.018039403724732672
0.17906595369433595	0.02755216191078995	0.2561681571586548	0.03069182124972286	0.11233010774132171	0.2500692761121008	0.12730130874163323	0.01682121339144045
0.1898114692124297	0.02225632954998394	0.1947107530866378	0.02896108076719539	0.11272388004015785	0.28333959409936815	0.14843934291454344	0.0197575503296835
0.2005296615344779	0.03472284527975089	0.11457282692940679	0.020630029550706114	0.08505102846674663	0.3755398686570721	0.14962069058151517	0.019333049000324135
0.2577605607290222	0.042956561046437525	0.11072954515903552	0.03371490957283993	0.0825361091358416	0.304423937154087	0.15336413658895065	0.014514240613785243
0.27625739075156075	0.02411603367265773	0.13727654618248594	0.022203203315984257	0.07791994532209769	0.30051947386048483	0.14723761422958936	0.014469792665139244
0.23795676858812595	0.0363906814049723	0.08291215326325332	0.029566661678290418	0.09131865241934942	0.33764344525046996	0.16553797562953543	0.01867366176600288
0.22301215733543106	0.028163530641702156	0.03580424521674569	0.03748486706684606	0.07274366924235445	0.43403518442273836	0.14917708747424338	0.01957925859993856
0.13751305960786384	0.02593753806272911	0.06814798884429887	0.03533133309870387	0.08623756133978437	0.43898984894825577	0.19316715587854674	0.014675514219817248
0.16086875673122109	0.037375978060955745	0.046142341980828505	0.02717498308191038	0.11718103965788176	0.39502016630566517	0.20494508800638273	0.011291646175154449
0.24196700134372573	0.026021141268289166	0.1064700871020303	0.02647567588550609	0.11020654206651626	0.2643235795958273	0.21269974800045854	0.011836224737646284
0.25760295059481914	0.02501812074402232	0.055801918532394384	0.04243448821405188	0.0921404011280149	0.31949106934110316	0.19348319076296755	0.014027860682626347
0.18604271733618535	0.03399848861784159	0.08258242335154659	0.0363021997540212	0.12316733628374771	0.32809789359975944	0.19117172441798702	0.018637216638910825
0.126635242271728	0.025221423751052727	0.206048434388705	0.029202901486940172	0.10931499266555864	0.35634966247894007	0.13284905662256125	0.014378286334513879
0.042765165472917574	0.028413386063218055	0.2392528966467491	0.0428891627964821	0.08063067144358993	0.4042987766260254	0.14363278204340613	0.018117158907611564
0.0632732718505131	0.0322745988174495	0.22470898338343803	0.029305132638254933	0.06256970818825658	0.38603375644734184	0.18753414411696573	0.014300404557780089
0.05511318877221569	0.028809215817283906	0.1605780246001193	0.03828037354333054	0.12551722525005665	0.35716225589493455	0.2213210791325755	0.013218636989483667
0.12709175573465306	0.042642836329865305	0.04481906307861852	0.033837670688010274	0.10071970139878152	0.4292564069206881	0.20663189708936308	0.015000668760019875
0.2547119186137534	0.03712445118903762	0.03794955132962788	0.037272166340894586	0.10076260881183002	0.3498764470842754	0.1719721126303417	0.010330744000239117
0.28222257196018585	0.038324976546138104	0.047403845015281	0.030438398406579636	0.10269558679366625	0.3245818423499598	0.16061983186932127	0.013712947058867817
0.2076821913621349	0.022045300154321462	0.08483864542179664	0.02783499909121162	0.0998405402257515	0.405709030583392	0.13624978714104694	0.015799506020344703
0.2021249918674313	0.02242275932191605	0.12027097803520022	0.029356987766090067	0.07162861212683932	0.3744695835418591	0.16342339642687612	0.016302690913787582
0.148256827863608	0.023648723409877448	0.14858719717460164	0.03399659144671491	0.09215394455148507	0.40032243531415346	0.13386206418940352	0.019172216050155746
0.24715681959866603	0.023085456022652495	0.1773008131456777	0.03664667118852269	0.0820581123343421	0.23389667858101143	0.18117871494202797	0.01867673418709935
0.18564366203704213	0.024587595344230426	0.15417030102952772	0.043141445650905816	0.10006386324090008	0.311750110212194	0.16851429784584113	0.012128724639358449
0.16316163940106	0.03814279792921174	0.10876642299252345	0.031301564392537784	0.1144954741696552	0.35518846269693205	0.17032272656377262	0.018620911854306837
0.22968873062135897	0.02487470766257574	0.12160704849960192	0.04244109301943322	0.12720042328621273	0.28528871659788224	0.1518579594613491	0.0170413208515858
0.1721082999434967	0.02693903528024713	0.24779218403561032	0.020031486658588532	0.06643318113705866	0.2289449513397216	0.2241582450377165	0.013592616567560278
0.08733645401120035	0.04022755167547504	0.236293891076346	0.031649292957772135	0.06137330909805094	0.31526419917153947	0.21597240742400675	0.011882894585609191
0.07595022496510154	0.03127281441728508	0.2873930085195521	0.03879180938570219	0.12246556061291493	0.2363869789631572	0.18945236459892079	0.01828723853736594
0.034992514228801855	0.037671085728271964	0.19883326895118258	0.023809852851917904	0.11107144455412105	0.36252716107445815	0.2152731709268399	0.01582150168440638
0.08356617901863214	0.0364509985569403	0.18775188410895485	0.024458079025130752	0.12655318755992373	0.367820009343498	0.16245758519375697	0.010942077193163008
0.13571437171682388	0.04172453509042069	0.04655288094232661	0.02574341620512098	0.09246103427906356	0.4294481797073557	0.21417499470005347	0.01418058735883497
0.028920608329341985	0.03866515414571997	0.2316777825307466	0.043033268963261	0.1278300407681085	0.375878152457498	0.1378682858487424	0.016126706956581333
0.14286165733737224	0.025923174004428687	0.13718760930115703	0.04009047075700205	0.10004785878280809	0.34183390386957535	0.19970618938773282	0.01234913655992348
0.07422392182917933	0.040243497103347625	0.11228831773435717	0.021869643390266855	0.12783043869145855	0.39196416853850724	0.21953064043070494	0.012049372282178034
0.03000969728406011	0.04316433308716877	0.17534479400285297	0.029675135408534906	0.11121007964630215	0.41894981479604376	0.17301160070131538	0.01863454507372174
0.16308267098937942	0.021562048154803073	0.20765219774016852	0.021386154188573273	0.08213854722574736	0.3632828108280155	0.13087863429174124	0.01001693658157135
0.10262339970448146	0.03156275034464849	0.15303239177342892	0.035429784279554136	0.120200959150995	0.3337862889557075	0.20715882037212624	0.01620560541905801
0.07314156555924939	0.030466230273484676	0.061926296485668206	0.04276340752154634	0.10726064722350792	0.4437960601942651	0.22658744822399463	0.014058344518283583
0.20904297058949647	0.030506783721461428	0.15690829079476726	0.019763389325720332	0.08978785328646	0.33653279206795533	0.14480823981873636	0.012649680395402554
0.19654163263528118	0.03954557231225743	0.24461611105548023	0.025328583562707202	0.06112154679436843	0.2897635033889424	0.12545301841175255	0.01763003183921033
0.18933006453713985	0.03506007746950182	0.14340200370428496	0.025163064977602845	0.09259193251556795	0.26878456712782606	0.23029345031610252	0.01537483935197373
0.2731039969488319	0.03358669150909584	0.06830520341936085	0.025358874069761533	0.10872049899204095	0.25840193018150703	0.2181263286810074	0.01439647619839425
0.19710980722556354	0.037455779125354235	0.0907241876941279	0.039325476437440346	0.10938371372468424	0.3046113588882064	0.2058689115286377	0.015520765375985415
0.10444915796009424	0.02861425955217177	0.11796108312361778	0.02790883354232153	0.11474384104064791	0.4050137153181219	0.18931675176920126	0.011992357693823258
0.22521632301819802	0.030355179393257145	0.0336447227856423	0.03660714616748739	0.1056555271434714	0.37594397343138974	0.17733087739172632	0.01524625066882744
0.21357870449828378	0.02981816702943592	0.06194077499032383	0.03798262483115887	0.07700616466483616	0.3390558638549204	0.22418710747409398	0.016430592656946824
0.2853630954091357	0.042552166129114444	0.17954647915094052	0.041035345904431406	0.06110973081740241	0.23446554792886065	0.13787631867339567	0.01805131598671901
0.2082662961547036	0.02607244891506963	0.20500986635529828	0.020510650794715937	0.09314242414351397	0.2648499918645233	0.16734144004629453	0.014806881725880544
0.150928003848118	0.04062498623448563	0.21669911385034613	0.022784083791120985	0.09531669565922112	0.23848514314332964	0.21713890085799914	0.01802307261537915
0.16074483144553645	0.033726237792130825	0.27248788845633953	0.03015335474778426	0.06026360166108112	0.2714795910771707	0.15783454783508552	0.01330994698487141
0.14520734804031768	0.041530707624457416	0.15373644234854905	0.04188888497235295	0.0680898633119182	0.38566697109753456	0.1535813299477148	0.010298452657155177
0.1497043635049557	0.03821548772247077	0.11042087787563709	0.042194524369170844	0.05958834902823659	0.399521300716703	0.18401128185541646	0.016343814927409384
0.0716038923607829	0.04119308900270921	0.15700196963358348	0.032079294984354245	0.1024133215602971	0.41363014225572303	0.16255911154403102	0.019519178658518835
0.18293419403286756	0.026536890254145656	0.20660444151619822	0.03284264183727045	0.09246077081659496	0.31981988143973056	0.12823537944446967	0.010565800658722688
0.17699203000710273	0.03774130625254857	0.2245333937824229	0.02393762067892069	0.08660676667436233	0.3025851118766056	0.1337586714086481	0.01384509931938882
0.22269827765827968	0.039045259852033026	0.030387160982632888	0.030234841158331555	0.09480851533053619	0.39137930438603186	0.17364945358881562	0.01779718704333895
0.10355973931023368	0.03126110301302705	0.1338270950234792	0.04141854647078021	0.09767520618423747	0.38025797176801945	0.1992540122854276	0.012746325944795023
0.117001036541998	0.026144553955924285	0.12819386715363335	0.023136087553197807	0.11520481876819028	0.3611724616340803	0.21369957360832748	0.015447600784648241
0.04160889433337614	0.036450724095134196	0.2026346849374772	0.042572125270027336	0.10976332858954622	0.41336409882174263	0.14100791902561216	0.012598224927083942
0.16624084960524635	0.03537496576518727	0.15637656038896736	0.031255802410511846	0.06400263711638723	0.3282126358471626	0.20725141041314973	0.011285138453387356
0.18630050181906754	0.02857146745405302	0.0832335789274555	0.030808075663180848	0.09150062855334748	0.37597411808905035	0.18980402754022507	0.013807601953619922
0.1684001057205585	0.04153450151906926	0.05251327806188959	0.0427632743132028	0.10256736686329462	0.36561108283965393	0.21505473495153246	0.01155565573079867
0.09919566838945902	0.03191110183798539	0.11966757048740122	0.034151163719214186	0.08946681125352404	0.4344074742591123	0.17662161036479496	0.014578599688508706
0.09185211101771719	0.02501148400040766	0.09210890796552294	0.033599099808868146	0.11857471129955138	0.422063607939444	0.2050590450233415	0.011731032945146908
0.04053074642169596	0.028942592883169263	0.27309065106027036	0.033725430480718854	0.09498557690193513	0.3552953885433012	0.16047954532736958	0.012950068381539406
0.09154163282315626	0.03242320652630176	0.20155313156509308	0.030328418421362746	0.06494255013273116	0.39505705916137956	0.17204509720889893	0.012108904161076184
0.1705760478003987	0.026212557006443288	0.09827604991255531	0.028604036255305054	0.06518490049326504	0.4178180231469637	0.17559275002483793	0.017735635360230678
0.263802240856575	0.04110397406888139	0.05863594856110291	0.037287289560258646	0.1102075343101477	0.3102695493025961	0.16460541102268791	0.014088052317750122
0.15067699855553546	0.02963499869097612	0.19118003019241547	0.039272897342315746	0.07558180276735804	0.367567682508539	0.13231849328306253	0.01376709665979739
0.18790315373381616	0.037109012927875815	0.16382296402309918	0.03908635110329982	0.10030468938791975	0.23400754405463287	0.22775228171959747	0.01001400304975869
0.07449493328766435	0.03947387491778255	0.30520178387986696	0.028638277256369513	0.09275694001056202	0.28979800256866906	0.15481601901385114	0.014820169065234173
0.17168193171035157	0.038091953861457195	0.2264852870865984	0.0308444114494468	0.0743738857165556	0.255490108040153	0.1918395004372886	0.011192921698148561
0.07424323977127106	0.03282844823804655	0.2657007530273694	0.039449733369733495	0.12221655437863396	0.2815352874495308	0.16944641893391438	0.014579564831500136
0.2662115350051118	0.039468385256442265	0.1664707978192882	0.04052484213488551	0.1050775522711193	0.2314904857134446	0.1399864709634507	0.01076993083625738
0.21405121311934205	0.029986192905120237	0.12351238587820758	0.03479173665576929	0.11651065418868728	0.31293639841760956	0.1516811713752494	0.01653024746001444
0.18944430972950985	0.03740457568710552	0.09744515417453105	0.02080298489746442	0.09403919378872193	0.3209331765525818	0.22400609463524535	0.015924510534839856
0.2786448708568052	0.03718891820141125	0.11003401227423264	0.03328754133394356	0.05939156879892052	0.24699063483721317	0.21922346871098225	0.015238984986491053
0.25968139724555694	0.03691524659814352	0.16189544801713585	0.02352741409609846	0.10079369713216124	0.2308708258437761	0.1694240974103457	0.01689187365678188
0.15659321617524202	0.04249305603295028	0.25506413430773867	0.03349078617992968	0.10233714613449837	0.260116729370529	0.1338930144013238	0.016011917397787997
0.20939280660886703	0.03811773593062409	0.17330032854801639	0.03752350792245833	0.09303061248575095	0.24107667547959233	0.19764464948008625	0.009913683544604396
0.19706701473537344	0.024631925727832224	0.23678089805568414	0.04144400418681132	0.11517869437172458	0.2368711583141774	0.13537854329827842	0.012647761310118119
0.2166371920198734	0.04096873415214529	0.1476988118233508	0.03994868567329207	0.08512537593340272	0.2548899667662736	0.20015737838448502	0.014573855247176859
0.21544176606864435	0.03098110917921361	0.04171057656747086	0.03382755603012032	0.11530877886235512	0.34711078787005767	0.19900771524827066	0.016611710173867145
0.1949524525775137	0.035910693658687695	0.05188428093441558	0.029172648487946262	0.11615293511398646	0.37388277817673043	0.18201466228079344	0.016029548769926183
0.22612239853649335	0.023059216174703218	0.14197418964421077	0.03337881453405836	0.06780181872211878	0.31575071459616155	0.18106313992649656	0.01084970786575716
0.2533725897177674	0.039718892711993026	0.11727292129588017	0.03166815219540192	0.07804053693829696	0.3248472496544459	0.13999818807040243	0.015081469415811871
0.2571732341348516	0.025173051590425627	0.12181488568873794	0.04407638630809227	0.07837204890732903	0.2966167810500498	0.1569458761164362	0.019827736204077268
0.1497672251890748	0.03836634855129656	0.27334470661225907	0.04309401328260962	0.10087133767405432	0.23924560597527703	0.14066492752436988	0.014645835191058526
0.18899876482684347	0.025989247558477133	0.2911005480775505	0.020350788650620483	0.0960974354870267	0.23448293215898547	0.12980657842674068	0.013173704813755363
0.10164824732565941	0.040352534520540925	0.29530003909116315	0.03047348206272525	0.08330705804323746	0.24501263999231526	0.19338834853369985	0.010517650430658484
0.25219238244653697	0.02612815665471889	0.16386229792241835	0.02337719811650453	0.1090888164516168	0.24102207217282437	0.17469113791772056	0.009637938317659175
0.28425123322815227	0.03159816809821149	0.14987767640328764	0.03383946589694063	0.08520280636322874	0.2390451616043654	0.16450721572670501	0.01167827267910855
0.17132116121968624	0.04312922473856126	0.0966617089955243	0.02871404002215716	0.09301948722021458	0.4046240080322465	0.14329351059555737	0.019236859176052265
0.1160830625028201	0.021989772272970387	0.12962454916824515	0.029476877834754722	0.07852477921537038	0.4372561600738868	0.17272627875287913	0.014318520179073091
0.0959405913206346	0.0410451945840038	0.24941324415533647	0.029552299235589885	0.07915052057791327	0.350819224961904	0.1416437466752494	0.012435178489368384
