0.3071380343246213	0.4886220303431705	0.2042399353322084
0.2643230238020843	0.5340840892845382	0.20159288691337762
0.35793216549616774	0.36441598599035524	0.27765184851347713
0.43343000947462906	0.38735411969329636	0.17921587083207463
0.38692883628344765	0.3615468121469109	0.2515243515696415
0.2606334976284414	0.5055626309550734	0.23380387141648534
0.28682026339050104	0.49211819782836813	0.22106153878113097
0.3761853290206839	0.4086002554137599	0.21521441556555632
0.3614248817746379	0.38479721801876304	0.2537779002065992
0.355288295898116	0.42178312146965413	0.22292858263222995
0.25332454316804925	0.5440616946006687	0.20261376223128214
0.3786612016703525	0.42156553242750383	0.19977326590214373
0.33443114535723206	0.501372546557727	0.164196308085041
0.3276615464531481	0.420301653905403	0.25203679964144904
0.26084021844085825	0.5225177052019926	0.21664207635714927
0.3027928091190448	0.5072256683388905	0.18998152254206482
0.3311292895393444	0.47175786906285166	0.19711284139780408
0.3626373484582811	0.3758630791486795	0.2614995723930395
0.3893513861865231	0.3593236859114998	0.2513249279019772
0.3899629507636706	0.38862800543965736	0.22140904379667214
0.326766486659679	0.4191752528724294	0.2540582604678917
0.4336545627115127	0.3653445859042294	0.20100085138425797
0.42793084344481214	0.4056839917653301	0.16638516478985788
0.339979655181222	0.4326718974512686	0.22734844736750953
0.27206442098777145	0.5393936795660388	0.1885418994461899
0.30721165835460307	0.45041398778297864	0.2423743538624184
0.3343880375649883	0.38340585880533146	0.28220610362968035
0.2667131634068327	0.4547216295555553	0.2785652070376122
0.270060328753984	0.4591755006414576	0.27076417060455843
0.31026023851345247	0.4526496589707946	0.23709010251575302
0.28387964352944983	0.5437840783893839	0.17233627808116636
0.2713038391755127	0.5227645774365492	0.20593158338793818
0.38945512204882665	0.40889033195598473	0.2016545459951887
0.3776581963342598	0.4330098676444517	0.18933193602128856
0.3953242156018195	0.4447347664106481	0.1599410179875325
0.41673158695555385	0.3704064702992436	0.21286194274520265
0.2732970862057788	0.5017998197979037	0.2249030939963177
0.3665905536450607	0.3920258436361575	0.2413836027187819
0.40880694278306995	0.38854327315162823	0.2026497840653019
0.3066739353251224	0.41119968165124965	0.28212638302362814
0.33073406256927335	0.468141502738433	0.2011244346922937
0.3544617629526281	0.3985848876265626	0.24695334942080946
0.2780741185537874	0.4785327431137618	0.2433931383324509
0.40149515184364104	0.4453838512691416	0.1531209968872175
0.34103530215218825	0.4336056180979455	0.22535907974986638
0.3315613009888836	0.46849336158529997	0.19994533742581655
0.3124154204296379	0.45716681722227254	0.2304177623480897
0.31656343147580246	0.4203990792357544	0.2630374892884432
0.36088104160444107	0.43374346985685935	0.20537548853869966
0.3838709395492572	0.3621678032136526	0.25396125723709023
0.35683209633254503	0.4467397957354138	0.19642810793204132
0.3953384668415062	0.38035428127108645	0.22430725188740747
0.31389152719697794	0.5177055658961378	0.1684029069068844
0.29238241036802604	0.45940635732665286	0.24821123230532124
0.3552705571307003	0.43160187116393	0.21312757170536978
0.3299165841174203	0.4865946410893299	0.18348877479324985
0.4125870108354235	0.3620011643669344	0.22541182479764224
0.36125844221723624	0.38280191795419877	0.2559396398285651
0.37697823701381505	0.36135589151268266	0.2616658714735024
0.4176564414625238	0.36221188757081646	0.2201316709666598
0.31015319632648386	0.4300224895438431	0.2598243141296731
0.29190979987419474	0.5518481446024408	0.15624205552336456
0.2818772952830224	0.5390870343557561	0.17903567036122162
0.33381777039359944	0.4628403634827054	0.20334186612369526
0.2568361934223453	0.46872448775662523	0.27443931882102957
0.3008970514034291	0.463778366847553	0.235324581749018
0.36699467088791704	0.470526249466098	0.16247907964598507
0.3475589452499571	0.4967477380474505	0.1556933167025925
0.31954524343756857	0.46688650719751135	0.2135682493649202
0.3301379623982664	0.5106934737928537	0.1591685638088801
0.314709258904895	0.4311202301493444	0.2541705109457607
0.39026442895403063	0.4191491431671697	0.19058642787879979
0.31276733204111934	0.4079745180639974	0.27925814989488335
0.37174471295907263	0.4158462720118679	0.2124090150290596
0.29945668103566647	0.45733183031487157	0.24321148864946207
0.2718684159911677	0.476725633655936	0.2514059503528964
0.31816553699521366	0.4029192179897724	0.278915245015014
0.31896042590579854	0.4210431908203129	0.2599963832738887
0.4045984768342846	0.42639818816027975	0.16900333500543577
0.3368544971368721	0.4722842931498239	0.19086120971330411
0.35606819956291935	0.3775963652321377	0.26633543520494307
0.37817477101458424	0.4200205437716588	0.20180468521375702
0.38569983917397344	0.4636654490501446	0.15063471177588206
0.2569888446718832	0.4970977804775071	0.24591337485060988
0.2857697714166415	0.5085157548773332	0.20571447370602536
0.2583080697191015	0.537068094439753	0.20462383584114563
0.3043056712591984	0.5437028009939111	0.1519915277468906
0.4264681361520152	0.35655572461790236	0.21697613923008258
0.43060939221914124	0.38351395031642743	0.18587665746443144
0.3707755140115176	0.4031029101154245	0.22612157587305803
0.2691078058789971	0.49557436069161626	0.23531783342938678
0.300074567541164	0.5413341836438255	0.1585912488150106
0.338333959322532	0.40107400231046314	0.26059203836700495
0.37442561716324607	0.46662585121298944	0.15894853162376463
0.2983850307395691	0.45794506142598	0.24366990783445097
0.3051536097419287	0.43334404305185614	0.26150234720621535
0.3221196744161029	0.5080699529723527	0.16981037261154447
0.3140319358807702	0.4398238119533732	0.24614425216585664
0.4276036477582916	0.41018899619212534	0.16220735604958308
0.2960225491792936	0.439424800516119	0.2645526503045875
0.27338007577853185	0.4842062235476507	0.2424137006738176
0.3808585523052633	0.35421628148532985	0.264925166209407
0.266123172801072	0.5201117928578926	0.21376503434103555
0.4274902283363407	0.3634802521811082	0.20902951948255122
0.34956319010400516	0.483314382954725	0.1671224269412699
0.42791177550170617	0.3701160441817523	0.2019721803165416
0.36854404030743687	0.4690775419056969	0.16237841778686635
0.3575620069216957	0.39904010843604026	0.24339788464226414
0.2912783241633327	0.42728262157818314	0.28143905425848426
0.33323766030775803	0.4617219368327173	0.2050404028595248
0.4229440920524704	0.397169130230137	0.17988677771739264
0.36133242632116436	0.4401380538128784	0.19852951986595738
0.40201924698057	0.4231215548320433	0.17485919818738685
0.42332313770112995	0.3609611593783592	0.21571570292051098
0.4348228548354105	0.3745976485643049	0.1905794966002847
0.29349598647051567	0.5077739041913091	0.19873010933817534
0.30609515985866503	0.521618322650191	0.17228651749114401
0.30316175175071036	0.46593544339814	0.23090280485114975
0.3055355783950768	0.4299624503555616	0.26450197124936176
0.2954556186760436	0.5208514772420336	0.183692904081923
0.34093095508756854	0.4357017009913195	0.22336734392111207
0.2978225151844967	0.5472803847772582	0.15489710003824522
0.3588269787914952	0.3831994782123149	0.25797354299619
0.31284950452335863	0.4434474783447927	0.24370301713184875
0.3266213455766452	0.4365558629964633	0.23682279142689158
0.27390183628828996	0.5133303474397846	0.21276781627192554
0.31691959021772576	0.42638756127256017	0.25669284850971413
0.32407789474548915	0.40901016094264864	0.26691194431186227
0.3489517578021435	0.4837482773965594	0.16729996480129725
0.42477215117810474	0.39023775443919106	0.1849900943827043
0.3523867058313426	0.4384819784877384	0.20913131568091914
0.25112560042574456	0.5139554505829367	0.23491894899131888
0.3372406560147305	0.4777253798688923	0.18503396411637735
0.34120012855520765	0.4339366031966636	0.22486326824812883
0.4270653988460599	0.3907439037485714	0.18219069740536886
0.4083702411403689	0.3564470426745393	0.23518271618509193
0.36342574323077637	0.36008822995471323	0.2764860268145105
0.31623409989854506	0.525590723804359	0.15817517629709604
0.29911972888162647	0.5177773866637148	0.18310288445465894
0.3837260844077946	0.38719385944150575	0.22908005615069976
0.38133389086869873	0.46199816326045745	0.15666794587084393
0.3771094972594992	0.4360776995584007	0.18681280318210017
0.38700720683345846	0.43622951407432964	0.17676327909221204
0.31624019328399267	0.43874439850340313	0.2450154082126043
0.31304421051720244	0.40440846501368605	0.2825473244691116
0.3089100899161945	0.48900325057639504	0.20208665950741056
0.35177245023301595	0.4200376521030945	0.22818989766388964
0.4344617850812238	0.406355792213165	0.1591824227056114
0.3474700726027006	0.3961723361049613	0.25635759129233826
0.39347293533338085	0.44178870091097816	0.1647383637556411
0.2810672876808693	0.4892562166875284	0.22967649563160245
0.33486289055406543	0.5144269531767804	0.15071015626915418
0.2923352873131573	0.4285107911140906	0.2791539215727523
0.41774301897438404	0.40957873043950344	0.17267825058611258
0.30845809370256794	0.5315695671455509	0.1599723391518813
0.42403466841093523	0.4033765780607283	0.17258875352833655
0.3971049980953427	0.3649141099539939	0.2379808919506635
0.27266256492210794	0.4934274939507106	0.23390994112718155
0.38870927730209465	0.4590371546120896	0.15225356808581586
0.2951310222399346	0.514448702447279	0.1904202753127865
0.2996092699561749	0.5056427744800498	0.19474795556377544
0.36325813600411494	0.38914083023710033	0.24760103375878484
0.4152286916420439	0.3924641109460959	0.19230719741186034
0.2891818187937925	0.48599059269370426	0.22482758851250334
0.35200830349018614	0.4225289996995116	0.2254626968103024
0.3162366151458062	0.4852233939414173	0.19853999091277663
0.29130511382685914	0.43194373042819956	0.27675115574494136
0.329680180348688	0.4160002713949723	0.25431954825633984
0.2541262815211864	0.4952495971477875	0.2506241213310262
0.3232393025377916	0.48622412423053696	0.19053657323167153
0.43508509985849586	0.4119979869514428	0.15291691319006148
0.36787068336913	0.3829876045873495	0.24914171204352065
0.326410679395659	0.4492205858320709	0.22436873477227018
0.3715645786883027	0.38792989282331125	0.24050552848838608
0.34918286303737234	0.4646185326494329	0.1861986043131948
0.3215140994113923	0.4496089314054162	0.22887696918319161
0.2521977619431642	0.4669637565113721	0.2808384815454638
0.2922957843269151	0.44149839476345754	0.26620582090962747
0.3303625197926288	0.4521851154287613	0.21745236477861007
0.3677495974973133	0.4542784318815869	0.17797197062109996
0.32451144486034067	0.4487015678577789	0.22678698728188051
0.37979717360309095	0.4597109674225165	0.1604918589743926
0.35924056465926424	0.4874734436349465	0.15328599170578938
0.34836578943926594	0.4319619653511995	0.21967224520953466
0.3317254175674186	0.5166299593945123	0.15164462303806928
0.2986251336745306	0.4483912330006338	0.25298363332483564
0.3887709663386005	0.42745686273342415	0.18377217092797546
