0.15425053121972654	0.3845306115976623	0.4612188571826113
0.1537405245290663	0.3850861881893274	0.4611732872816064
0.1532672018425685	0.38499819386439854	0.46173460429303304
0.15395305076604454	0.38443595226275623	0.4616109969711994
0.15330046564203237	0.3849506502030272	0.46174888415494053
0.1541655413827353	0.3847950187526904	0.4610394398645744
0.15431955004612247	0.38442923718196836	0.4612512127719093
0.15342593826966203	0.38507877729030926	0.46149528444002885
0.1533286530608033	0.38510947592435485	0.4615618710148419
0.15413441581937581	0.3845222551895516	0.4613433289910728
0.15399345207508616	0.38441231094692807	0.46159423697798585
0.153952346804186	0.38456610944784986	0.46148154374796424
0.15373998263251876	0.3848294581553202	0.46143055921216114
0.15361632740964798	0.38484822680456393	0.46153544578578826
0.15354372570490518	0.384808776393593	0.46164749790150195
0.15375299903675016	0.3846876990087547	0.46155930195449524
0.1539197209050011	0.38494399717199257	0.46113628192300643
0.15369959951189566	0.3850667395822899	0.46123366090581464
0.1539413485573998	0.384514790382138	0.46154386106046236
0.15389119100648324	0.38475411794915504	0.46135469104436183
0.15354757623723153	0.3847025304375794	0.4617498933251891
0.15396180094128176	0.38485658184978344	0.4611816172089349
0.1539334440982613	0.38463518577742223	0.46143137012431656
0.1536173697572938	0.38493346351257296	0.4614491667301334
0.15337754190544073	0.38499269977754746	0.4616297583170119
0.15374794339545095	0.38471523909995364	0.4615368175045955
0.1535206352529051	0.3849518410370124	0.46152752371008265
0.1537212302269242	0.38458598396789034	0.4616927858051856
0.1538353486354016	0.3848321773481296	0.46133247401646893
0.15378848871750456	0.3851262628575688	0.46108524842492676
0.15357404435683591	0.38511205012080335	0.46131390552236085
0.153939598965307	0.38487024036022266	0.4611901606744705
0.15395364876562279	0.38455061106914623	0.46149574016523115
0.1541684592204085	0.38475990086807926	0.46107163991151234
0.15364298824911132	0.38497329726884255	0.4613837144820463
0.15425541078571592	0.3844035847157874	0.4613410044984968
0.15401164915081175	0.38441880706991527	0.4615695437792731
0.15346655201837794	0.3847469834078261	0.4617864645737961
0.15343182313753137	0.38475847584829903	0.46180970101416974
0.1533948149559872	0.3848186506577383	0.4617865343862746
0.1537575212500818	0.38467974644766434	0.461562732302254
0.15433576589714712	0.3845389014669333	0.4611253326359197
0.15357144786728238	0.38513832332996656	0.4612902288027512
0.15355021883093609	0.38480274149190474	0.46164703967715925
0.15360130470571934	0.3846635941527425	0.46173510114153826
0.1535916731126616	0.3848615396644145	0.46154678722292397
0.15405040660177619	0.3845115045952945	0.46143808880292947
0.15351389631576912	0.3850892951826108	0.46139680850162024
0.15412025037551225	0.3848334867141681	0.46104626291031975
0.1538720634401971	0.38466447831806083	0.4614634582417422
0.15376284030568813	0.3847741158667435	0.4614630438275685
0.15360621368091593	0.3845900321174289	0.4618037542016553
0.15378976023992913	0.3847175323251311	0.46149270743493986
0.15392040183126077	0.38498949865723503	0.4610900995115043
0.15400660917234854	0.38478658689484924	0.46120680393280233
0.15408228246155586	0.3847643508981292	0.46115336664031503
0.153862783521166	0.3848790504942607	0.46125816598457337
0.15382139354726396	0.3845164444724053	0.4616621619803309
0.15405563903364963	0.38486196076705853	0.461082400199292
0.15374567659165161	0.3848437897495891	0.4614105336587594
0.15359625965318535	0.38486036477124846	0.4615433755755663
0.1537020419435982	0.3851069272983317	0.4611910307580702
0.15358481175213512	0.38464875730438575	0.4617664309434793
0.15374644833408757	0.38461105874610335	0.4616424929198092
0.15401516177929597	0.3848653638979354	0.46111947432276873
0.15384408913731262	0.3845623037992846	0.4615936070634029
0.15365678232304314	0.38493787275896824	0.46140534491798874
0.153501102433517	0.38475234470416536	0.4617465528623177
0.15355899526014616	0.3849130612459682	0.46152794349388576
0.1538315040806143	0.3845898977009473	0.46157859821843855
0.15423378841970203	0.3846572135422394	0.4611089980380587
0.15344517591840667	0.3850867105027826	0.46146811357881085
0.1537630559064579	0.38475081472534417	0.46148612936819805
0.15403553186843327	0.38447947465420124	0.4614849934773656
0.15345984993494255	0.3849713248339356	0.461568825231122
0.15392530509304803	0.3848668132504639	0.4612078816564882
0.15344320092292424	0.3851516542487147	0.46140514482836115
0.15356646098093335	0.3850695522856803	0.4613639867333865
0.15326555490688443	0.38495190352354675	0.46178254156956894
0.15389283490426214	0.3850582168012495	0.46104894829448845
0.1534925628293788	0.38501189441475125	0.46149554275587007
0.1538137767999455	0.3848833570678604	0.4613028661321942
0.15362769565174217	0.38488704724154166	0.4614852571067163
0.15363134472766835	0.38464899280654996	0.46171966246578183
0.15355244403753193	0.38499328439535613	0.46145427156711205
0.1535846874412152	0.3847665414714887	0.46164877108729624
0.1542201716252109	0.38467615871846644	0.46110366965632277
0.1537826850034525	0.38478638869283266	0.46143092630371496
0.15399762687724708	0.38473008273008974	0.4612722903926633
0.15352832717732945	0.38488440058088785	0.4615872722417828
0.15340358564802825	0.3848388742956111	0.4617575400563607
0.15338489947068012	0.3850020378448188	0.4616130626845012
0.15367444115938222	0.384730701799073	0.4615948570415449
0.15406472377939762	0.3847515386067293	0.46118373761387327
0.15328460308294484	0.38498986975110017	0.4617255271659551
0.15361111662210308	0.3845980889221694	0.4617907944557277
0.1540224426913169	0.3848922995920204	0.46108525771666276
0.15374629280220317	0.3851348283328918	0.46111887886490516
0.15339444480772563	0.38501235420116653	0.461593200991108
0.15396445682136597	0.38482957862898964	0.46120596454964446
0.15379551155560695	0.38458745450497694	0.4616170339394162
0.15404301906372292	0.38465687678662697	0.46130010414965017
0.15332715702171545	0.3850709072955064	0.46160193568277824
0.15342110501217648	0.3850076425146814	0.46157125247314224
0.1537023083824816	0.3851535608951405	0.46114413072237803
0.15383198769087714	0.3845805520635921	0.4615874602455309
0.15333214851098767	0.384933809722187	0.4617340417668254
0.1538570832758838	0.38471493251193833	0.46142798421217796
0.1540177101551618	0.38468832754669563	0.4612939622981427
0.153978946460124	0.3848239482948227	0.4611971052450534
0.15385342971962634	0.3844562131822199	0.46169035709815387
0.15422133249326814	0.3844375425293303	0.46134112497740165
0.15338429729190134	0.3850964685610133	0.46151923414708546
0.1538665395736203	0.38447608248300263	0.46165737794337725
0.15364708665098592	0.3845500167737468	0.4618028965752674
0.15351524512399484	0.38500818140755555	0.4614765734684497
0.15369558942528438	0.38483096064109484	0.4614734499336209
0.15345233594419128	0.3849492936706111	0.46159837038519774
0.15392698146409003	0.3850346949205141	0.461038323615396
0.15390856650410437	0.3847642330247428	0.46132720047115294
0.15366971617405722	0.385120349353847	0.4612099344720959
0.15357707890611605	0.38500706753461056	0.4614158535592735
0.15359060375200623	0.3848396579849752	0.4615697382630187
0.15337816813734628	0.3848417969987282	0.4617800348639256
0.15390665144175886	0.384433030438596	0.46166031811964525
0.15367400939614873	0.38483635016108975	0.46148964044276164
0.1536318279439568	0.38474650129675836	0.46162167075928495
0.15378485086076588	0.38494852730125634	0.46126662183797795
0.15407465430493483	0.38450104085014747	0.4614243048449178
0.1539900194095442	0.38495962648653975	0.4610503541039162
0.1539380168041796	0.38444575651321244	0.46161622668260804
0.15400058978724662	0.384875154782486	0.46112425543026747
0.15373076106002934	0.38459445604945647	0.46167478289051433
0.15392686816442241	0.3850242667859543	0.4610488650496234
0.15350918939378694	0.38497591089697203	0.4615148997092411
0.15347850925723783	0.38483455798167954	0.46168693276108275
0.15362902876513063	0.38464102139986694	0.46172994983500254
0.15368197932562544	0.3849116821986521	0.46140633847572254
0.1540229091912132	0.3849307740417333	0.46104631676705354
0.1538592178978993	0.38450404591562815	0.4616367361864726
0.1537926179097679	0.38507213764463033	0.4611352444456019
0.15375884730928266	0.38464214093822013	0.4615990117524973
0.15375969796018985	0.384457987237066	0.4617823148027443
0.1535861716565663	0.38469896800464465	0.46171486033878917
0.1540312552720552	0.3846412844889889	0.46132746023895604
0.15342433551949708	0.38482781917541947	0.4617478453050836
0.15391355014945363	0.3848575937632682	0.46122885608727826
0.15423730543418862	0.38459364888909703	0.46116904567671446
0.1532983581166037	0.3849376842330436	0.46176395765035283
0.15327965493440573	0.3850050305248176	0.4617153145407768
0.15389637198890774	0.38479432699884997	0.46130930101224243
0.15401869490421718	0.38460386212355924	0.4613774429722237
0.15397588623299252	0.38477429371623534	0.4612498200507722
0.15362693311674508	0.38464607915019366	0.4617269877330613
0.15390419396477734	0.3847694820589844	0.46132632397623835
0.15362218136830313	0.3850724694621219	0.4613053491695751
0.15416144096819318	0.38467629583954455	0.4611622631922624
0.15364380558089719	0.3847140456999564	0.46164214871914655
0.1533635511157498	0.3849423440738054	0.4616941048104449
0.1538713872920876	0.38462519912783083	0.46150341358008173
0.15425120809365955	0.3845069827854209	0.4612418091209196
0.15404001591276187	0.3847781712431995	0.46118181284403875
0.15356424484312084	0.38480220579792096	0.4616335493589583
0.15374198679390016	0.3847234118755691	0.4615346013305309
0.15367205420767513	0.3849063232529924	0.4614216225393326
0.1533799427971284	0.3848895209064348	0.4617305362964369
0.15364315234216167	0.38483357043465743	0.461523277223181
0.15396160082111277	0.38457087272805773	0.46146752645082967
0.1537811732546135	0.3851385925094572	0.4610802342359294
0.15401436476396643	0.3846575914510223	0.46132804378501135
0.15374221471827432	0.3850335541184833	0.4612242311632425
0.15371788319769908	0.38465448324360774	0.4616276335586933
0.15340202159598768	0.38499551558479167	0.4616024628192208
0.15357611955278533	0.3848658916679749	0.4615579887792399
0.153578037538259	0.3847845876162229	0.46163737484551826
0.15375907817874018	0.38475296304108675	0.46148795878017324
0.15364302146028486	0.3845828048509924	0.46177417368872287
0.15354259448869256	0.38509374817873393	0.4613636573325736
0.1536107766165291	0.3849855768648634	0.4614036465186076
0.15350481029173885	0.3851043484916522	0.4613908412166091
0.15378547516407262	0.3844709582248178	0.4617435666111097
0.15384677926290516	0.38456364340479066	0.4615895773323043
0.15380679113858117	0.38502597280953677	0.46116723605188215
0.15350218000852817	0.3849139870986673	0.4615838328928046
0.15382578564453475	0.3843943111561002	0.4617799031993652
0.1532883824251419	0.3851497565671667	0.46156186100769153
0.1540647174576751	0.38490103599333525	0.4610342465489897
0.15377090731428567	0.3844841779304448	0.4617449147552697
0.15402010167410302	0.3845875976184773	0.4613923007074199
0.15408092205880167	0.3848219848695106	0.4610970930716879
0.15326972964076618	0.3850746509631319	0.461655619396102
0.15362178636957766	0.3847963780254921	0.4615818356049304
0.1538161453929717	0.3849187618692397	0.4612650927377887
0.15391108866645004	0.38480343838475245	0.4612854729487976
0.1538687711698525	0.384950813342918	0.46118041548722966
0.1538149165331236	0.3849687548733507	0.4612163285935258
0.1538223726056585	0.3845310189924109	0.4616466084019307
0.1538831748636429	0.38500181175566106	0.46111501338069616
0.15388862410187143	0.38489748811049024	0.4612138877876385
0.15327680641057373	0.384938239311603	0.4617849542778234
0.1542926607996446	0.38465100388233847	0.46105633531801704
0.1539839275397994	0.3845612069363957	0.461454865523805
0.15386837775818002	0.3845126292248119	0.4616189930170082
0.1534266672594659	0.3849644803961777	0.46160885234435645
0.1539891247336569	0.3845395843623048	0.4614712909040385
0.1532540081217686	0.3849478849361951	0.4617981069420365
0.1536769360398132	0.3847534909415905	0.46156957301859647
0.15326300916776997	0.3851384848346459	0.46159850599758423
0.15365664762077158	0.3846109142864881	0.46173243809274045
0.1538573888941073	0.3847952288279625	0.4613473822779303
0.15390875429786285	0.3848058666334628	0.4612853790686745
0.1538116822809844	0.38482283504843834	0.46136548267057736
0.1539209175319608	0.38457007295048057	0.46150900951755874
0.15400697490608337	0.38451451458067776	0.46147851051323896
0.1542009714438064	0.3845759164629026	0.46122311209329103
0.15413266899406758	0.38440157781481027	0.46146575319112226
0.15383039883088062	0.3850976151172981	0.46107198605182137
0.15377877685900324	0.38487233991684555	0.4613488832241513
0.15414196825703086	0.3848025070264926	0.46105552471647665
0.15368691698330783	0.38457031589970875	0.4617427671169835
0.15346932267633068	0.38509944711100114	0.4614312302126683
0.1540106914856184	0.38453512711504234	0.46145418139933936
0.15347157594718516	0.38506973134068456	0.46145869271213036
0.15367270288332013	0.38457666744321906	0.4617506296734609
0.15381957835931379	0.38443785350026455	0.4617425681404218
0.15384609308685895	0.38490419978565615	0.46124970712748503
0.15389506945761272	0.3848582461842387	0.46124668435814875
0.1542671719949363	0.3846941512452943	0.4610386767597695
0.15338513217882316	0.3848228170905814	0.46179205073059554
0.15366083422146454	0.38453648515493166	0.46180268062360386
0.15413859324862075	0.38462576672417403	0.4612356400272053
0.15404618729727154	0.38452763519269223	0.46142617751003634
0.15382594026212754	0.38461551831995655	0.461558541417916
0.15357583653780663	0.38470191886864175	0.46172224459355177
0.15371522590752185	0.38460478223150674	0.46167999186097153
0.15414985297867273	0.38454655194392673	0.4613035950774007
0.1536429393077311	0.38502182228187404	0.46133523841039503
0.15349097907886275	0.3849233095730789	0.4615857113480585
0.15403681511254536	0.3845680939824273	0.46139509090502745
0.15421104291611665	0.38458927112604646	0.461199685957837
0.15391327592720058	0.38475410832871276	0.4613326157440868
0.15382943104092783	0.3847929679301954	0.46137760102887687
0.15364773126868125	0.38459545661726674	0.4617568121140522
0.153916343096898	0.38457507321198525	0.46150858369111686
0.1535077903448499	0.3847299017271081	0.4617623079280422
0.15405681705319707	0.3847625136823437	0.4611806692644594
0.1537903242633809	0.38495301157887757	0.46125666415774164
0.15372784890697036	0.3849249601605316	0.46134719093249815
0.15385077418901544	0.3850844039482081	0.46106482186277664
0.15381004913266	0.3844099699868182	0.46177998088052186
0.1539710350239002	0.38445594996208987	0.46157301501401005
0.1534087287784052	0.3848307205267158	0.4617605506948791
0.15403151369882567	0.3847466723307047	0.4612218139704698
0.15407589566779512	0.38440883072785725	0.46151527360434774
0.15431901431139644	0.3844047123662239	0.46127627332237975
0.15371474598819307	0.3848898964492872	0.4613953575625198
0.15380194007967618	0.38458404492291703	0.46161401499740684
0.153799131639878	0.3847154230531399	0.46148544530698227
0.15375103259713585	0.385059718450926	0.46118924895193825
0.15384793506656252	0.38471191262570614	0.4614401523077315
0.15407187112646406	0.38445893729011515	0.4614691915834209
0.1536000678557561	0.3848839998630213	0.4615159322812227
0.15357505840718097	0.38513511868336436	0.4612898229094548
0.1539539081133229	0.3845100441692855	0.4615360477173917
0.1535664848810498	0.3849102435085683	0.46152327161038204
0.1538141805365415	0.3848300474066373	0.4613557720568213
0.15390473125631682	0.38467556526414654	0.46141970347953676
0.15383319270610646	0.3846685673557888	0.46149823993810485
0.15389798221262285	0.38445616558803447	0.4616458521993428
0.15400543434307615	0.3845590839221403	0.46143548173478366
0.15395016382556292	0.3846244019970011	0.4614254341774361
0.15343120894214007	0.38478210198621315	0.4617866890716469
0.15395455852137319	0.3844056739602073	0.4616397675184196
0.15433118413268831	0.38443004392065966	0.4612387719466521
0.15350962959167297	0.38507213851839817	0.4614182318899289
0.15407455044230423	0.38489024739633404	0.46103520216136185
0.15375934219170695	0.3849095449707931	0.4613311128375001
0.15383526549159587	0.3849804023724235	0.46118433213598076
0.15384457123412543	0.3850211106292379	0.4611343181366368
0.15379449711110074	0.38507444892308146	0.4611310539658179
0.15367203316570063	0.38463368532374853	0.4616942815105509
0.15378762896233705	0.38449601716593207	0.46171635387173104
0.1539824482981106	0.38458008124801457	0.46143747045387495
0.15398092909666106	0.3849510034300569	0.46106806747328216
0.15399532832610716	0.3844098723187164	0.4615947993551766
0.15356504744414579	0.38509943141149405	0.46133552114436027
0.15396676205593307	0.38493286096492335	0.46110037697914374
0.1540992273337326	0.38476328898045936	0.46113748368580815
0.15411542345785123	0.3847462175857356	0.4611383589564133
0.15414202435439114	0.3844430477031476	0.4614149279424614
0.15412754520199595	0.38441180291532434	0.4614606518826798
0.15379117248380691	0.3846209596514938	0.4615878678646994
0.15425139995821133	0.3846894048105759	0.4610591952312129
0.1539784774030719	0.38491791000826014	0.461103612588668
0.1538460393552373	0.38461849568596645	0.4615354649587964
0.15385207749377616	0.3845258262165901	0.46162209628963385
0.15402059822544867	0.38453597453481625	0.4614434272397352
0.15407591226941494	0.38482579593644156	0.46109829179414363
0.15396163133672017	0.38500280536355475	0.4610355632997252
0.1536573940089484	0.3846120780200694	0.46173052797098224
0.1539161446871643	0.3845453557587971	0.4615384995540387
0.15378838457180094	0.38508399743635774	0.4611276179918415
0.15415216436963536	0.38466303405270297	0.4611848015776618
0.15384081733934152	0.38444705521034717	0.4617121274503114
0.15393752368702393	0.3847057247630358	0.4613567515499404
0.15400829430723106	0.38487036505490946	0.4611213406378596
0.15347627572081762	0.3849267400514946	0.4615969842276879
0.1537526714058089	0.38484287505122655	0.46140445354296467
0.15352419942634668	0.38486101344360263	0.4616147871300508
0.15377942564665004	0.38501228584528346	0.4612082885080666
0.153844912637559	0.3847130551946705	0.46144203216777063
0.15392583900948076	0.38482573835328665	0.46124842263723276
0.1538160393855757	0.38514393503526156	0.4610400255791629
0.15416324174605076	0.3846917699210135	0.4611449883329358
0.15403686793088617	0.3847893886173712	0.4611737434517428
0.15350895722193703	0.3848232090673477	0.4616678337107154
0.15367539680519005	0.3849073093215012	0.4614172938733089
0.15393849648423868	0.38483568568159116	0.46122581783417027
0.15415795410682032	0.38452310152097474	0.4613189443722051
0.15406298414464908	0.3848971233555515	0.46103989249979954
0.15406375079672185	0.384493239841585	0.46144300936169325
0.15363756737900314	0.38476826800087366	0.46159416462012337
0.1536426936737332	0.38510546159069425	0.4612518447355727
0.15408270938987434	0.38486340994257595	0.4610538806675498
0.15380003542796888	0.38482415257206926	0.461375811999962
0.153825839637211	0.3845532015071636	0.46162095885562554
0.15373493078521028	0.38487212057277126	0.46139294864201863
0.15415283628992332	0.3844667679404712	0.46138039576960554
0.15404166402968872	0.3845037599675694	0.461454576002742
0.1539656325607434	0.38488154002803776	0.461152827411219
0.15383162918522492	0.3845587300310988	0.4616096407836764
0.15389608238651303	0.38452032563376615	0.461583591979721
0.15375194442841061	0.3847142796718547	0.4615337758997349
0.1538967148709887	0.38485422759744886	0.46124905753156253
0.15338076802369865	0.38488078009311855	0.4617384518831829
0.15396138151649943	0.38473580761532045	0.46130281086818026
0.15401318242757012	0.38455601976043674	0.46143079781199325
0.15356106105739886	0.3849381263604177	0.46150081258218356
0.15406958981205393	0.3845603552191284	0.4613700549688178
0.15404791847001253	0.3849094783349085	0.46104260319507906
0.15350561007281965	0.3849154836731143	0.46157890625406617
0.15381924136302955	0.3846913964156757	0.4614893622212949
0.1535828389824987	0.384966122205703	0.4614510388117985
0.15330684675192519	0.38501967932039016	0.46167347392768476
0.15354362320206844	0.3849052324895373	0.4615511443083944
0.15385800633078217	0.38445248723826164	0.4616895064309563
0.1541833404708489	0.38472835086425144	0.4610883086648998
0.15378566742499558	0.3847430613199494	0.46147127125505516
0.15359329786035716	0.3850011267585938	0.46140557538104915
0.15345651882577283	0.3848040092105665	0.4617394719636607
0.1539166353542003	0.3845878953495846	0.4614954692962152
0.15374576900974896	0.385103154813066	0.4611510761771852
0.15350624862628165	0.3851237007504176	0.46137005062330094
0.15355945706640628	0.38488391816748896	0.4615566247661048
0.1543140698803413	0.38461993273897155	0.4610659973806872
0.15409083656360373	0.38447710298203164	0.4614320604543648
0.1540621439008083	0.3844132127304365	0.4615246433687553
0.15362831970368532	0.38456243745083557	0.46180924284547925
0.1540988476146143	0.3845617103894701	0.4613394419959157
0.15355125629979033	0.38478514925547164	0.4616635944447382
0.15333749661695778	0.3851065424247314	0.46155596095831086
0.15376456029074986	0.3849821818079505	0.46125325790129973
0.15384589764309703	0.38510122095252997	0.46105288140437306
0.15418832310587086	0.38462416134984395	0.4611875155442853
0.1539140629961171	0.38454645005199856	0.4615394869518845
0.15361708896360488	0.3845951854564596	0.46178772557993564
0.15425483901362913	0.38450818233962447	0.4612369786467465
0.153494041278337	0.3848796075309187	0.4616263511907444
0.15370131686431127	0.38504853046055365	0.4612501526751352
0.153716038075209	0.38498149253382663	0.46130246939096453
0.15410426863217755	0.3848118465750764	0.4610838847927462
0.15342938797928618	0.38486941532614716	0.4617011966945668
0.15366173586229548	0.3845934954148902	0.4617447687228145
0.1537672569478186	0.38452875792613067	0.4617039851260508
0.15355725487877595	0.38493185209583813	0.46151089302538606
0.15378516979158166	0.3845390119061301	0.4616758183022883
0.15371739001367074	0.3846530483375888	0.4616295616487406
0.15349937897096308	0.3851003126715444	0.4614003083574927
0.1537990021231141	0.3844467448580504	0.4617542530188356
0.15404365661697045	0.38475205626776804	0.4612042871152616
0.15412718541830173	0.38447517272768156	0.4613976418540168
0.15373284948303034	0.3850178383208166	0.4612493121961532
0.15370778725214826	0.3846538575147858	0.46163835523306607
0.1539461500722438	0.3844274055859153	0.46162644434184097
0.15409825790056558	0.3845690911000248	0.46133265099940973
0.15351435250426354	0.38511215837183244	0.46137348912390413
0.1539580904504668	0.38485189597337466	0.46119001357615863
0.15383396047533715	0.38468078906947845	0.4614852504551845
0.15383974071229817	0.3849412503328322	0.4612190089548698
0.15378213809972185	0.3844342325619751	0.46178362933830314
0.15410382330850528	0.38456859711847924	0.4613275795730156
0.15395195036958942	0.38464365079604823	0.46140439883436246
0.1537926350557975	0.3846898140998998	0.46151755084430285
0.1535631676278998	0.3851253303049397	0.4613115020671607
0.15378482438075813	0.38443034785773356	0.4617848277615084
0.15364720893270084	0.38489122479767535	0.4614615662696239
0.15394886232894217	0.384918954509119	0.46113218316193894
0.1540837026052987	0.38468080663490106	0.4612354907598003
0.15358252551711213	0.3846995129656482	0.46171796151723976
0.1533865665255424	0.385072888259728	0.46154054521472976
0.15368619264158673	0.3848428627925576	0.4614709445658558
0.15380313076959234	0.38451977543370003	0.46167709379670774
0.1542737693038611	0.38449307533272375	0.46123315536341525
0.1538887428974517	0.3847138361679031	0.4613974209346453
0.15411397874043375	0.3847540015708781	0.46113201968868833
0.15424165212703347	0.3846432858306794	0.46111506204228725
0.15362532850671579	0.3847674448759747	0.46160722661730963
0.1540187003298743	0.384795239877769	0.46118605979235683
0.15379719307783207	0.38470112146415225	0.4615016854580158
0.15353577161465642	0.38511495296286935	0.4613492754224744
0.154236247359083	0.38457743077456247	0.4611863218663546
0.15422520481012214	0.3846680769750759	0.4611067182148021
0.15327775677798336	0.38497308553774123	0.4617491576842755
0.15421197580010307	0.3847190455777375	0.46106897862215956
0.15423387072518613	0.38454987931252976	0.4612162499622842
0.1540941092902846	0.3848360124521508	0.4610698782575646
0.15367976618109674	0.3845968408881786	0.4617233929307248
0.1534940089532409	0.3848550747960876	0.4616509162506717
0.15388195988822762	0.38481213031337236	0.46130590979840014
0.15332251252676787	0.3848905688944609	0.4617869185787714
0.15406107813910325	0.38478414941860184	0.461154772442295
0.15324997032423748	0.3850496057827665	0.46170042389299615
0.15410070400819056	0.38478753717748837	0.46111175881432115
0.15425866500055274	0.38439449784356533	0.46134683715588204
0.15421858444614112	0.3847418744284553	0.4610395411254037
0.15394355457651054	0.38477004961695754	0.4612863958065321
0.15364290824234833	0.3850860052583454	0.46127108649930637
0.15366251258322167	0.38457302086967865	0.4617644665470998
0.15397780668314576	0.38486308541728254	0.4611591078995718
0.15419966015176279	0.3844780643105004	0.4613222755377369
0.153554405159303	0.3846849179096514	0.4617606769310457
0.15412825850484763	0.38457873831204714	0.4612930031831053
0.1540274584534927	0.3844065784990942	0.4615659630474132
0.15381050221577008	0.38488734032680577	0.46130215745742426
0.15383916984222556	0.38504711967571065	0.4611137104820639
0.15349894055135854	0.384901193004311	0.4615998664443306
0.15331979466830273	0.38496610088557776	0.4617141044461196
0.15363013334922157	0.38483079222610755	0.461539074424671
0.15416850314920588	0.38456401882533997	0.46126747802545426
0.15422734538484656	0.38464376549227985	0.46112888912287375
0.1541689707179808	0.3846192281283897	0.4612118011536296
0.15369376829970044	0.38490318901670806	0.46140304268359156
0.15332692937256667	0.3848846134640544	0.4617884571633791
0.1541184598769083	0.3844463060376119	0.46143523408547993
0.15398413437041805	0.38445875173451405	0.461557113895068
0.1538535891241517	0.3846540380750276	0.4614923728008208
0.15353307576375133	0.38479741039693777	0.461669513839311
0.1533260973386947	0.3849517250668814	0.461722177594424
0.15360394221989182	0.3846622449365511	0.46173381284355725
0.15351850319326496	0.38484519360016833	0.4616363032065668
0.15349998635013995	0.38471407137226493	0.4617859422775953
0.15373015433308462	0.384560400208293	0.4617094454586225
0.1535241003218733	0.3849728973191964	0.4615030023589304
0.15406572179000783	0.38472210337433865	0.46121217483565363
0.1542907383982151	0.3846507088184757	0.4610585527833093
0.15375344128482332	0.38499659741849346	0.4612499612966834
0.1541000378401166	0.38459838450678924	0.46130157765309426
0.1537845677230377	0.3847233770344652	0.46149205524249726
0.1535583236957001	0.3849869765972669	0.4614546997070331
0.1537017889472612	0.3846809150900625	0.4616172959626764
0.1534636285517706	0.38494802881699997	0.4615883426312296
0.15404382004822514	0.3848842059467468	0.46107197400502814
0.15362347631156986	0.3848215016311557	0.4615550220572746
0.15376842172679311	0.3846273183604065	0.4616042599128005
0.1534289410374987	0.38513553444517223	0.46143552451732917
0.15327625747106624	0.3851175293043986	0.4616062132245353
0.1533944723004011	0.3848020256836876	0.46180350201591147
0.1535484649568851	0.38509460198647333	0.4613569330566417
0.1538153582132367	0.38476437999127094	0.4614202617954925
0.1536416653010947	0.38466938667080075	0.4616889480281047
0.153969248827083	0.38476495203142314	0.461265799141494
0.15341478053147103	0.3847985766347506	0.46178664283377846
0.1537563605970767	0.3845544634581503	0.4616891759447731
0.1540881948469015	0.3846394992160843	0.4612723059370143
0.15378547654479857	0.3850637366380032	0.46115078681719834
0.1538849982142595	0.38459114991630533	0.46152385186943534
0.15404838736395055	0.38469942390063294	0.4612521887354166
0.15379566032924408	0.3847536600337881	0.461450679636968
0.15330990847003997	0.38507030036329654	0.46161979116666363
0.1536456204496343	0.3850299430925399	0.4613244364578259
0.1540387895757424	0.3847353284395457	0.46122588198471204
0.15363541311177736	0.38474711537551953	0.4616174715127032
0.1540627613034924	0.3848746755331263	0.46106256316338146
0.15384453866281095	0.38468750698454857	0.46146795435264065
0.15358207817465303	0.38502455555189324	0.46139336627345384
0.15372680920159637	0.38486918464277386	0.4614040061556299
0.15383481666908128	0.38444941233320234	0.46171577099771655
0.15375086447694575	0.3846190765884965	0.4616300589345579
0.15394781687380865	0.3848582198845381	0.4611939632416533
0.15398846407587968	0.38487214945115183	0.4611393864729686
0.1542400314969635	0.38465365128356865	0.461106317219468
0.1533957319053189	0.3850315333859936	0.46157273470868765
0.15369209475662138	0.3848189634221676	0.46148894182121114
0.1538955974789067	0.3846012702234279	0.4615031322976656
0.1536840288923769	0.3845068777507359	0.46180909335688736
0.15363715962286648	0.38508246793336015	0.46128037244377346
0.15377358476148356	0.3846477094977322	0.4615787057407844
0.15380879442042872	0.384544988824852	0.4616462167547194
0.15367514795227474	0.38455822727530664	0.46176662477241875
0.15338854065244997	0.38495513912643287	0.4616563202211173
0.15400215259788508	0.38495833759989256	0.46103950980222247
0.1542651439587171	0.38450017132057324	0.4612346847207097
0.1537290492246629	0.3847316739465698	0.4615392768287674
0.15384874089404824	0.384402019704181	0.46174923940177093
0.1535293384512319	0.3848488269300432	0.46162183461872497
0.15330466730767217	0.38491262993207487	0.4617827027602531
0.15422505700232558	0.38456914754823607	0.4612057954494385
0.1536505207724873	0.38457021146938103	0.4617792677581318
0.15411497413022285	0.38476755901479687	0.46111746685498045
0.1541490998195667	0.384394918012343	0.4614559821680904
0.15411206880443346	0.3847814965877099	0.4611064346078567
0.1535816713960775	0.3850390631922017	0.46137926541172086
0.1534399253180855	0.38504764219763715	0.4615124324842774
0.15368072653931963	0.38498081633917025	0.4613384571215102
0.15377326720801038	0.3844837657962116	0.4617429669957782
0.15379747557727358	0.3847915061469391	0.46141101827578745
0.15374439179182908	0.3845427448385556	0.46171286336961537
0.15380107828097794	0.38440585033960756	0.4617930713794146
0.15383368836555877	0.3846290312621295	0.4615372803723119
0.15408504798680647	0.38468193275446316	0.4612330192587305
0.15423258302763845	0.3846104991908402	0.46115691778152146
0.1533299483855245	0.3849394651030487	0.4617305865114269
0.1536394275262507	0.3849838273044039	0.46137674516934557
0.15388660301787413	0.3844594571625787	0.46165393981954733
0.15329229451690385	0.3851206189347417	0.46158708654835456
0.1540019477005092	0.38469309639182986	0.4613049559076611
0.1538779110673828	0.38467437957287576	0.46144770935974155
0.1534849774323152	0.38509996045907124	0.4614150621086136
0.15382435086177118	0.38467911678805333	0.4614965323501756
0.15427575962959708	0.3846426536885126	0.4610815866818904
0.15432357978434147	0.38442475415499916	0.4612516660606594
0.15383168640794648	0.3847725907230941	0.4613957228689595
0.15357844443753635	0.3850254405682305	0.4613961149942333
0.1538223966568542	0.3845674428160907	0.4616101605270553
0.15416867738626477	0.3846091558882645	0.4612221667254709
0.1538648409961536	0.3845766633338331	0.4615584956700134
0.15377717532026297	0.3851246564485968	0.4610981682311404
0.15334135808199403	0.3850465349943869	0.4616121069236192
0.15377004898758737	0.38493959250909293	0.4612903585033198
0.15405407997399076	0.38442261689069845	0.46152330313531087
0.1543181365193262	0.38446616657262395	0.46121569690805
0.15418136429310697	0.3845423659318688	0.46127626977502434
0.1535440968043601	0.384965790638627	0.461490112557013
0.15370147856480743	0.3848102355932214	0.46148828584197127
0.15325921040907334	0.38494598032856175	0.46179480926236505
0.1535624509934849	0.3850919176591072	0.461345631347408
0.15392161924793418	0.38470628927161377	0.4613720914804521
0.15416372586355115	0.38441875612009374	0.4614175180163552
0.15373927109362417	0.38472218970760347	0.4615385391987725
0.15415833990085837	0.3847168774888942	0.46112478261024753
0.15422808147786318	0.3846536656633963	0.46111825285874064
0.15374295126002646	0.38480372361673937	0.46145332512323434
0.15389598192890797	0.384878523108993	0.4612254949620991
0.15367885633653114	0.38480735356703943	0.46151379009642957
0.15356984162686724	0.38499616072089204	0.46143399765224086
0.1533829334079863	0.3851282724066816	0.4614887941853322
0.15355710262349637	0.3847049235796769	0.46173797379682685
0.15407632899657553	0.38488595463101505	0.46103771637240953
0.1542827206428502	0.3846279086725548	0.4610893706845951
0.15409703249684786	0.3845491955682031	0.46135377193494914
0.15386195700019645	0.3844196366905544	0.4617184063092492
0.15408262796572184	0.3847587030700321	0.4611586689642462
0.15369822082517806	0.3845162320366923	0.4617855471381298
0.1539326620877163	0.3849372870511035	0.4611300508611803
0.15335894718318388	0.3851349796751431	0.46150607314167313
0.15364035315308872	0.3848660461209875	0.4614936007259239
0.1539134975161604	0.38474513140602284	0.4613413710778169
0.15364871003365693	0.38487419792146893	0.46147709204487425
0.15376910863601567	0.3844502070452362	0.46178068431874825
0.15397269946113726	0.38452139927726486	0.461505901261598
0.15370704052122347	0.38500381266491324	0.46128914681386346
0.15361810767513312	0.3846094157701131	0.46177247655475395
0.15348203152584639	0.38486462172588864	0.46165334674826514
0.15344411889090276	0.385120899223151	0.46143498188594634
0.1533008766822918	0.385085841728762	0.4616132815889463
0.15358274948507578	0.3851527398231803	0.461264510691744
0.1532533465843349	0.3850604508149901	0.46168620260067517
0.1540726485454674	0.38451879924543897	0.4614085522090937
0.1539732772904747	0.3846925951202698	0.4613341275892556
0.15391328655800793	0.38472247518436276	0.4613642382576294
0.15368379563203183	0.3846430765039326	0.4616731278640357
0.15338206610518101	0.3849486762169316	0.4616692576778876
0.15406109817133856	0.38481287703148387	0.4611260247971777
0.15369205205937758	0.38497973987739853	0.46132820806322405
0.15347435385926084	0.3850147853835496	0.4615108607571897
0.15419506880496253	0.3846153460773189	0.4611895851177187
0.15339989975929663	0.384953998322615	0.4616461019180884
0.15335750674591533	0.3851413551445585	0.46150113810952625
0.15401705052493594	0.384401086839149	0.46158186263591516
0.1538205946043084	0.38488446694712647	0.4612949384485653
0.15359663829223136	0.38478953748673933	0.4616138242210294
0.1533468457170813	0.3851054857152249	0.4615476685676939
0.15391609895721564	0.38490397657524955	0.461179924467535
0.153256200194838	0.3850454830988689	0.46169831670629324
0.15369825778418925	0.3846711301943541	0.4616306120214568
0.15374763484482912	0.38464907943605403	0.461603285719117
0.15351327918860105	0.3850058754954484	0.4614808453159506
0.15398687074897086	0.3849693922529378	0.4610437369980914
0.15328924805477967	0.3849685492208403	0.46174220272438016
0.15428600324020958	0.3845735639312524	0.4611404328285381
0.15422980738462694	0.38455703173408173	0.46121316088129144
0.1536030882771923	0.3850560005956696	0.46134091112713826
0.15339802577213624	0.38495704371289907	0.4616449305149648
0.15333429016108868	0.38514285847967966	0.46152285135923177
0.15377956324740766	0.3851407420650824	0.46107969468751
0.15394056991453886	0.3849779873968326	0.4610814426886286
0.15353001375368966	0.38478452748261927	0.46168545876369116
0.1538682456931343	0.38471405715402696	0.46141769715283887
0.15390193127912088	0.38497495195289577	0.46112311676798345
0.15413914134117224	0.3844273059538927	0.46143355270493513
0.1539863146530519	0.3846406714505628	0.46137301389638546
0.15351852775357663	0.3847797021132175	0.461701770133206
0.15325410995111388	0.3850939101650656	0.4616519798838206
0.15370465284854856	0.3845072385459434	0.4617881086055082
0.15430124819478397	0.38448862166134284	0.4612101301438733
0.15351586945701146	0.38515115046200665	0.461332980080982
0.15362066855522774	0.3846255230170602	0.4617538084277122
0.15396535887343904	0.3848306876021734	0.46120395352438764
0.15385013181551266	0.38506067010572415	0.4610891980787633
0.1536841355964076	0.38458760409986964	0.4617282603037228
0.15390261835884084	0.38504553672523123	0.46105184491592804
0.1534628691723965	0.3850136665466516	0.46152346428095203
0.15351068034548898	0.3849162492084267	0.4615730704460844
0.15408857804398451	0.38452832823675953	0.4613830937192561
0.1536776933180264	0.38477039043436073	0.46155191624761305
0.15397167940093753	0.38492072291185386	0.4611075976872087
0.1540411003901514	0.3847326326625582	0.4612262669472905
0.15350007732463414	0.3850800186491957	0.4614199040261703
0.1539694914540687	0.38478999745077064	0.4612405110951608
0.15384188485772426	0.38497200965101197	0.4611861054912639
0.15391646958687583	0.38483584292806033	0.46124768748506395
0.15385115062843124	0.3846123055736782	0.46153654379789066
0.15402925898262382	0.3845329579198747	0.4614377830975016
0.15391380731440307	0.38474279036575354	0.4613434023198435
0.15369021865467453	0.3845975272150049	0.4617122541303207
0.15422186227461152	0.3844807421292437	0.4612973955961449
0.15349929764750855	0.3849517014952632	0.4615490008572284
0.15377224569882247	0.38451909003479307	0.46170866426638457
0.15351480453235802	0.38504500919283774	0.4614401862748043
0.15393870148409466	0.3848488190277861	0.4612124794881194
0.15395852639941665	0.38442785625219983	0.4616136173483836
0.15391611598478006	0.38462110816535366	0.4614627758498664
0.15346127148814015	0.3851526745824747	0.46138605392938525
0.15391112921017658	0.3844276906418551	0.4616611801479684
0.15364024989078096	0.38505069850807966	0.4613090516011395
0.15381315537843754	0.38490318207160346	0.4612836625499591
0.15329331918350278	0.38498730953608784	0.4617193712804095
0.15423005290535888	0.38446596272360056	0.46130398437104064
0.15340944835725476	0.3848136274862051	0.46177692415654026
0.15348412063290146	0.38507104956534627	0.4614448298017524
0.1542630011634481	0.38450310398211307	0.461233894854439
0.15409569101013576	0.3844609616021026	0.4614433473877618
0.15386648157429283	0.38472167420499603	0.46141184422071124
0.15389795238096762	0.38487126992635495	0.4612307776926775
0.1537783726253581	0.38470010165710417	0.4615215257175378
0.1538807484795241	0.38455044181289394	0.4615688097075821
0.1534653546995386	0.3849130080395603	0.4616216372609012
0.15389488873755303	0.38473682000603604	0.4613682912564111
0.15372807073805872	0.38468107010030084	0.46159085916164055
0.1532510292627653	0.38502084267436976	0.4617281280628651
0.15347738049802917	0.38505841905613214	0.4614642004458388
0.15370179513949916	0.3849179400514396	0.46138026480906136
0.15406430285574885	0.38475053547568655	0.46118516166856477
0.1536206830888976	0.3848284103113925	0.46155090659971
0.1543389102522949	0.3844167004082285	0.46124438933947676
0.1538148592602711	0.38453115728690734	0.46165398345282166
0.15391139012412136	0.38456276879287105	0.46152584108300765
0.15374534730898123	0.3848569085672323	0.46139774412378654
0.15382902952373287	0.3844769003568857	0.46169407011938157
0.1535420799075458	0.38484207801726283	0.4616158420751915
0.15344893073085544	0.385025950119425	0.4615251191497197
0.15355049785963065	0.3849712723911899	0.4614782297491795
0.15327867856035282	0.3850528974026647	0.4616684240369826
0.15337156846719285	0.3851441561027252	0.46148427543008214
0.1534017395222846	0.3849273338667012	0.4616709266110143
0.15397931012081795	0.3846269872948727	0.46139370258430945
0.15353364640493314	0.38500100335390164	0.46146535024116536
0.15350349516209844	0.38488278093548783	0.46161372390241384
0.15362632585458627	0.38473357078456977	0.46164010336084405
0.15362779251024966	0.38490266706067683	0.4614695404290736
0.15380388376588472	0.3850168473721741	0.46117926886194127
0.15356023011718528	0.38476292091358416	0.4616768489692307
0.15348316912094218	0.3851487620077668	0.4613680688712911
