0.1184376684196893	0.0501410004606109	0.2579154720019704	0.11928390756049437	0.05074688212879104	0.07516524151425956	0.20126193269277703	0.12704789522140714
0.11769820216883925	0.04625350366760478	0.24719685674777542	0.11621300480792797	0.05176591263118517	0.0809170080999051	0.2127788132996053	0.12717669857715677
0.12339489126304518	0.04722102462000766	0.24951568978550595	0.11658040463703259	0.052674947027815916	0.07690913222507195	0.20750736171301404	0.12619654872850652
0.12579933404231355	0.045266024857587905	0.250622956332591	0.12186564827039795	0.04845734873431813	0.07948688119515408	0.19727334572998523	0.1312284608376519
0.12119024681373253	0.050883960114830706	0.2376053098157302	0.1205154753461245	0.051424964713754906	0.07595141580043419	0.21290460534107136	0.12952402205432142
0.12041130007024851	0.047807381919674916	0.26174625954383063	0.12147608871959502	0.052199545720955726	0.0747647748482043	0.19774361549572175	0.12385103368176895
0.13079683132386127	0.04537987074576505	0.24932859442865501	0.11507550923015203	0.05238451873440447	0.07546074621585526	0.1992825760631242	0.1322913532581825
0.12954177164464964	0.05026163020346361	0.24234465110136252	0.11991928965187	0.049042537931023866	0.07935514615424308	0.20128916563582688	0.1282458076775602
0.1264095226316755	0.045128974185533785	0.24705750082801783	0.12003602406722977	0.049294299086540636	0.0775684079630698	0.2045042997087065	0.13000097152922596
0.11954182426466421	0.04805955101834179	0.2564356906179146	0.11755552585680615	0.05279112324276111	0.07884168901881206	0.2023442934705199	0.12443030251017992
0.17040718918435727	0.04774801599114016	0.21153594205959958	0.11544785841655385	0.04971849722279294	0.07700555057739614	0.19724469842824993	0.1308922481199099
0.20036674987068057	0.05124562576743394	0.174532551841789	0.11652741098190128	0.052774953575181596	0.07555648999908016	0.20218868209847085	0.12680753586546237
0.18965878790055682	0.04659116987687377	0.1900414358649595	0.11830716441350543	0.05110953162786215	0.07941263492731712	0.19673646433968686	0.12814281104923808
0.18334360485091136	0.04568664873395753	0.17816057765009066	0.12148691496401455	0.051365687410739644	0.07713974969867415	0.2120292184388625	0.13078759825274938
0.2044524625926863	0.04967493318308139	0.16241763624076594	0.1215749747072933	0.05202065043623583	0.08004659254840027	0.20213209077301772	0.12768065951851904
0.19455332608069326	0.0498549006631088	0.17729097564146196	0.1147162480204812	0.05168847100645488	0.07671082900572011	0.20606937587475294	0.12911587370732663
0.20248075683504588	0.04711094455343287	0.17632151307560626	0.11559584501903633	0.05094561084345034	0.07569079919496827	0.20486683669627992	0.12698769378217992
0.18954901491225673	0.04948396631316482	0.1923705515540112	0.11818248058924893	0.04971878043943147	0.07442610195562518	0.19685988379115993	0.1294092204451015
0.19825785862275774	0.0472307665585253	0.1743996350343629	0.11971646573600028	0.05259815712322073	0.07539392840408513	0.20347686764639714	0.12892632087465056
0.19928355091727468	0.04635720381717316	0.1807712521833914	0.1192301430146871	0.052230613707708	0.08011800011455593	0.19847394170845056	0.12353529453675892
0.1538067283045481	0.04579004990057531	0.2249196538691061	0.12243765667200716	0.048330758509341654	0.07748084959619465	0.1958603981183901	0.1313739050298367
0.1549231015032801	0.050405610691335895	0.2198146090579951	0.12039493156398023	0.04992499647565471	0.07654743726304668	0.20234997839125468	0.1256393350534524
0.13457336693410488	0.04489289509283463	0.23705344582011184	0.11845424906811876	0.04838333522104668	0.07970499637125869	0.20872120745933787	0.12821650403318643
0.14427327100139634	0.04613088262863499	0.2301725796046546	0.11881920713373084	0.05279895291192235	0.08050396379997608	0.19949846362514062	0.127802679294544
0.14637180201289787	0.05042537691118232	0.2252798257132081	0.11711703052971964	0.0503225100577703	0.0781490955261292	0.2005655855800079	0.1317687736690844
0.1595790726637409	0.04509579891567404	0.2213009426920749	0.1159892009559467	0.049056877179612185	0.08097329157833615	0.20492997089690917	0.12307484511770574
0.17281595979049014	0.04840980018218832	0.20571949879662463	0.11974696513360852	0.04958849258471611	0.07829767953853797	0.195583540204466	0.12983806376936805
0.17659280223662713	0.049570652005852964	0.19577059382113282	0.11579411285040214	0.048449336996346945	0.07857893652853343	0.20906220445396462	0.12618136110713965
0.20386130553399417	0.04827565381064802	0.16682593883489033	0.11542331114927898	0.051519729931471886	0.07882480330792378	0.2111247729229846	0.12414448450880797
0.19086700259767164	0.05015550412745201	0.17941809587413465	0.11612213971947041	0.048360717867227565	0.07774403717157158	0.20497567934422695	0.1323568232982449
0.13508913366077002	0.05057067180034823	0.2310852928119466	0.11485849346574731	0.0504505131142787	0.07609869527001403	0.2100836923647781	0.13176350751211677
0.12812732809091884	0.046791482662582914	0.24879365772418507	0.12237898507115999	0.05032724301712371	0.07556446982204129	0.20125073239208513	0.12676610121990278
0.12317826428193161	0.048369464688044594	0.24329000951843677	0.1219503282337186	0.049504258801925494	0.07961196817104385	0.20663044673088443	0.12746525957401442
0.14157144487989776	0.04639886655503825	0.22955908331654884	0.11994976270085032	0.052379181996757604	0.07598471627220221	0.2019280032754731	0.1322289410032316
0.12481540600450919	0.04718887185386059	0.2506959613047082	0.12060384383783643	0.05274535612148963	0.07590460832357018	0.2011019797387481	0.12694397281527742
0.1466303709235364	0.046899988191927755	0.23141837202582277	0.12154358213381945	0.05148247109313844	0.07676751653981956	0.2013647292821596	0.1238929698097758
0.12911548302997686	0.04552626981962549	0.2547525680013871	0.11998397980190088	0.05023590892349941	0.07605175677483965	0.19487452904776464	0.12945950460100575
0.1316597627406011	0.04704880655546216	0.2495613383238616	0.1166573893149476	0.05247601405723956	0.07493517292274471	0.2039931248524744	0.12366839123266862
0.15256204265201279	0.045805987582555344	0.22988724372243785	0.11548863754390433	0.05215738433450176	0.07554021052524006	0.2044175067489512	0.12414098689039639
0.16672992272505732	0.04985777394054823	0.21702570734697774	0.11784304069684909	0.04892392992149254	0.07692370457690917	0.19469558881797927	0.12800033197418645
0.18095235007737423	0.046661487522791076	0.1943736600557302	0.11821549726770919	0.048463808734528796	0.0762775574205583	0.2072726490051927	0.12778298991611528
0.16762131198021998	0.050851111150770886	0.19732708257258752	0.1217678207916098	0.05170268792086563	0.07949951698525687	0.20080717715987628	0.1304232914388128
0.17589400501315647	0.046960763054943344	0.18642973908859434	0.12239660561465092	0.048584390679813044	0.0802398320430712	0.207228061831635	0.13226660267413543
0.13763297474316372	0.04623922204046908	0.2403357217918829	0.11884055595133793	0.052455588774764084	0.07499445268806934	0.1984331123207122	0.13106837168960056
0.12790292618407026	0.05135937793754748	0.24326800409994337	0.11465730145549613	0.05136643784164083	0.0761836962453439	0.21192692675134506	0.12333532948461277
0.15403511958368568	0.04795571383691109	0.21157957554432877	0.12248341858823157	0.04961864378233585	0.08065572577150049	0.20581451294080544	0.12785728995220083
0.13321322003785363	0.050597136337530546	0.24212101955750626	0.1150298752548426	0.052280720537123196	0.08014870720716899	0.19543077457377522	0.1311785464941993
0.1514113561136563	0.04806642754596231	0.22124350971051387	0.12127266465854782	0.0503866221786687	0.07502915558087633	0.2047483615162093	0.12784190269556517
0.13219523631268448	0.04823656778811705	0.24540607693961358	0.11732308664925949	0.04897745934051319	0.08061692829770359	0.20217826368662511	0.1250663809854833
0.1252725990159189	0.04862072953771687	0.23444963796503038	0.12171437003511575	0.04945637687292076	0.08006315402440115	0.21142753085821742	0.1289956016906786
0.13164267056232	0.047758758487759054	0.2481045160382514	0.11788334252962387	0.050630560606278865	0.07589635679115522	0.20435611971897596	0.12372767526563538
0.15608202886825234	0.0484223791607213	0.22226953617434822	0.1156814476593328	0.048915360112749315	0.07568938243671816	0.2036584220371126	0.12928144355076504
0.1584364851501558	0.04682944917407929	0.21118558787986436	0.11489945811945212	0.0509818284638035	0.08047103655847368	0.207218584971192	0.12997756968297908
0.13773278726951907	0.05145146334428735	0.22893864177162226	0.11511196355289183	0.050879056456143934	0.07794614427455819	0.2073804495856179	0.1305594937453592
0.13981719719969496	0.050123635016143045	0.24065832745637972	0.11525356493902601	0.04841372582509769	0.07744699473965613	0.1971076325811673	0.13117892224283495
0.1469635618950011	0.0490479955089142	0.2290126551457527	0.11843442075062248	0.05035295582640305	0.07425294889692753	0.20313057577801164	0.1288048861983671
0.14764145767107864	0.05086748033260116	0.23198345521811142	0.11508387863653408	0.049321267769223465	0.0793950012336221	0.19851771235905669	0.12718974677977224
0.1714524946259319	0.046481414272151564	0.20970384541272136	0.1171592848903509	0.04831821371535684	0.07665272007586638	0.20013875412881874	0.1300932728788021
0.15015146702589585	0.04884235953190871	0.22196890636260586	0.12100957212730036	0.049253220983762225	0.08071633046107018	0.19717419353238247	0.13088394997507408
0.14185807874734255	0.047715996566785546	0.24000432410790135	0.11460726066227667	0.05075450863597364	0.07790042581257736	0.1977230599755069	0.1294363454916358
0.15951429000697478	0.04692105502842776	0.21044207737019022	0.11728744717830446	0.04942889263831747	0.07903152149794723	0.20966295805796864	0.1277117582218692
0.1707712200013323	0.04641405471162838	0.21302649742018265	0.11874852461529581	0.050339014786179956	0.07962446321883401	0.19698330938566255	0.12409291586088414
0.1624583947532056	0.05017572092690016	0.21178454749503905	0.12100411543008124	0.05037290441066597	0.07818009728816636	0.20218310170980774	0.1238411179861337
0.13811475970585418	0.04831652146033587	0.23339359070825388	0.12143245157640944	0.04884283824601891	0.07529015442143246	0.2028083971383092	0.13180128674338587
0.15098684248746594	0.04675236970199581	0.23652529802641692	0.12039766251445509	0.049823608414321	0.0741282039290132	0.19811344149017612	0.12327257343615564
0.12994555058610785	0.04734692303058796	0.24233312507477234	0.12247376737098155	0.05164755116913532	0.07587608903090154	0.2052308418772672	0.12514615186024608
0.13438807062810595	0.051244409900875504	0.23994496916016456	0.11942363830093271	0.049191609904915556	0.07903819999988615	0.2009137915602851	0.12585531054483426
0.12894134397682003	0.04712997323600952	0.2474419895563414	0.11605723612785854	0.05083511398606545	0.0743850376515715	0.20724884615127342	0.12796045931405992
0.13734968975661044	0.0482471204248566	0.22952935874607294	0.11961321411296966	0.049160726685280584	0.08050333872087283	0.2038823925868537	0.13171415896648303
0.13329216033244226	0.05106445665919149	0.23388693957066176	0.11656275141228785	0.05241628444316758	0.08009676595610696	0.20660125229638804	0.12607938932975388
0.1293710793589786	0.0484881453545819	0.24548152641486437	0.12099756989751428	0.05168546098389458	0.07442696886848504	0.2012522944380913	0.12829695468358968
0.14429931502092255	0.04721603383647904	0.23976323942183264	0.11608131105288311	0.05105467818288641	0.07448740607897408	0.19473927837213634	0.13235873803388562
0.18518792970198647	0.044985594872560486	0.19957951377229954	0.11604898957917421	0.051052513938676256	0.07444759967628868	0.20253331451289908	0.12616454394611504
0.20392139098768564	0.049911783069950755	0.1611390972345127	0.11595088077105131	0.050399744197194465	0.07773188415162455	0.21030610266928484	0.13063911691869545
0.19556629344879467	0.045765579907961304	0.1788379727415898	0.12061210442749203	0.05079452452431525	0.07635622664219459	0.20454484536615106	0.127522452941501
0.2012157177431689	0.04735064145199479	0.17684439662896753	0.12094472162877051	0.0503337268865679	0.07808594419792352	0.19615144134712034	0.12907341011548623
0.16909365962115075	0.05090444191403429	0.2022833054078446	0.12028851792840499	0.05161627285074996	0.07613823302502468	0.19936825843046807	0.13030731082232247
0.1694246132382426	0.04786592307486602	0.21532542196403173	0.11889353960539203	0.04886799588369985	0.07907631012659773	0.19632842995835323	0.12421776614881658
0.1470699288318539	0.04908006641036419	0.21614192208747102	0.11486255268039793	0.05223538181469131	0.07829860432187577	0.2107364173091153	0.13157512654423034
0.1451770137878835	0.047728756950046095	0.227013963761938	0.1197697459235806	0.051613411555189684	0.07491320536660516	0.20748912990791388	0.12629477274684284
0.12498985643489127	0.04522054354839808	0.2418483647189537	0.1207460581458589	0.04955484362021381	0.07961508885781066	0.20762059179442113	0.1304046528794523
0.13974146136731574	0.048187029744147236	0.24431469132005237	0.11750462547780302	0.05132086307588296	0.07468527775208805	0.20018288296123826	0.12406316830147211
0.1317654240348092	0.04957104302204181	0.24311680439752997	0.11752525516404261	0.052521426589011794	0.07777336483633646	0.20261205455754716	0.1251146273986808
0.12292861622120525	0.04947248332184567	0.2413143867893931	0.12117938949711346	0.05005530797043595	0.08071863458943405	0.20986750426408562	0.12446367734648664
0.1430440443259582	0.04634290015595173	0.23309932482555445	0.12030335485768216	0.0504333274443577	0.0760845017161878	0.20177185936383735	0.12892068731047038
0.14263704689649867	0.04552219863103488	0.23094757559423254	0.1218895788635254	0.04947431179967421	0.07577998989849788	0.2070169379429374	0.1267323603735988
0.1758199525344431	0.04981019235199083	0.19281895577320174	0.11734496302555185	0.04877577783184542	0.07793575634267597	0.21041016306499824	0.12708423907529268
0.16869432036600335	0.05028082794765462	0.19976846714912666	0.12133857482561823	0.04836771224897353	0.07894595247226086	0.20637451652382313	0.12622962846653943
0.19178171473050487	0.04533252750302667	0.1882050707759796	0.12257414151842749	0.04874951515435769	0.07876738392017685	0.19743816206777892	0.12715148432974768
0.18718099465302457	0.049106184666181704	0.17006863478410397	0.1218747433088935	0.05148368902657395	0.07667882446411638	0.21194671261078596	0.13166021648631976
0.19055923075046932	0.04956727381422288	0.19294306916113396	0.11620951890517599	0.04848651272117335	0.07776349525162352	0.19598480670664228	0.1284860926895585
0.18407654509639376	0.046825738450879395	0.1920078149967476	0.12206007784966363	0.049321295591213704	0.0757916454602092	0.2003747089248495	0.12954217363004294
0.19507591172156905	0.04784125746508168	0.1890273481222307	0.12188098271660255	0.04915865370072636	0.07550340442459133	0.19708765533960557	0.1244247865095925
0.1668890210675435	0.047463978282696745	0.21131207904732946	0.11485641816018707	0.05102921566198555	0.07494580966640624	0.20515208720476175	0.12835139090908948
0.14418425830740456	0.0465004517193328	0.2397446244632076	0.11807872692113025	0.0505264112668133	0.07480184605364767	0.2030040182493969	0.12315966301906671
0.12524628107519786	0.051651227855648546	0.2329722344713076	0.11680443366021004	0.0516964345211494	0.07978989299950842	0.21285340005183026	0.12898609536514766
0.16089509631859306	0.05146000884733	0.22614378324047507	0.1154907855651649	0.04865910233109559	0.07403056242543558	0.20031027971534618	0.12301038155655945
0.1708162191015472	0.04611126779967453	0.20025759435011448	0.11748222631100617	0.05166314511685435	0.07899868682908887	0.20609527952233428	0.12857558096937988
0.16705033420031348	0.04710192834183255	0.20280750497997013	0.12065599959099554	0.0513606661969946	0.07993128145653246	0.20275029511159093	0.12834199012177008
0.1619288188198156	0.048364518625586855	0.21646252090271748	0.11544296263466769	0.04860988676661686	0.0788273261238972	0.20286418325847516	0.12749978286822292
0.14726602697587174	0.05085930016129435	0.22602701780857276	0.12011031553614271	0.04870907651663407	0.08050704975121552	0.20235514254519196	0.12416607070507663
0.16427287018831255	0.047645889275221245	0.21823680882714502	0.11494478723277493	0.04836049728440153	0.07589818948308917	0.19982726903829634	0.13081368867075902
0.16234797168035667	0.04801428091956578	0.2164640974748736	0.11535620826731278	0.051136207366238834	0.08022948084656364	0.20152056944126345	0.12493118400382501
0.1752187283003449	0.046048762456322376	0.20321170690634371	0.12142723126023144	0.05156168150179366	0.07548664297059762	0.19723417005369948	0.1298110765506666
0.15898469834753837	0.048459116812180195	0.20873073800756692	0.12159794065865606	0.0516515819896302	0.07882180813041796	0.20327348070945522	0.12848063534455484
0.15984351548579262	0.04806810328194973	0.20494163435750284	0.12095908876894199	0.05239714120397734	0.07705833215956104	0.20992132734034208	0.12681085740193207
0.19422650417802145	0.05045338345378077	0.1761187874701247	0.12081570676748951	0.04942912832353967	0.0789597151159129	0.19766258403835954	0.13233419065277122
0.2009877968524316	0.04806717095028838	0.1663352248318531	0.11930909199532563	0.050178426369978824	0.07777475201014905	0.20725543419682324	0.13009210279314992
0.1892407940914333	0.04542311805487058	0.1791634883293542	0.12116715223490215	0.05259658704313454	0.0804744640588756	0.20554740757236192	0.12638698861506747
0.1992145735639918	0.04593357483341781	0.1643979211643194	0.12234073766099599	0.04865759813623645	0.07741659746228313	0.21094675553128753	0.13109224164746766
0.17879721405636267	0.05127326679773979	0.19081430529952123	0.11635339337758019	0.04981755195973962	0.07735597654168325	0.21199078733460192	0.12359750463277115
0.14245463482252865	0.046782884102126956	0.23463946086268433	0.12220197753529814	0.051639035297163155	0.07589723055833332	0.19579328428412873	0.13059149253773644
0.15099662848881173	0.05036993923202117	0.21324106167490292	0.11768440262820207	0.0507879811005677	0.08066822693299672	0.20717365280098343	0.12907810714151405
0.14376269734421468	0.05163617904456254	0.22899540118667688	0.11932878262207393	0.052707605092899276	0.07407863944119246	0.20498004625971017	0.12451064900866983
0.14919038692471287	0.04870427979641549	0.22862779721827284	0.12171273541047385	0.0483629096160008	0.07451792125796544	0.20528397653046707	0.1235999932456914
0.1264300572979782	0.05012624134662097	0.24031509790018069	0.1225621126817361	0.048334351989015964	0.08082214691142099	0.20000113966676103	0.13140885220628584
0.13486623505105388	0.047968747492977346	0.24811217885375042	0.1154741735603326	0.050098833710729165	0.0780943874954082	0.19562722514812694	0.1297582186876212
0.12939495131050877	0.0487311585139254	0.24212916566321746	0.11877123920243025	0.05033877266209348	0.07710781219630411	0.20381585941436903	0.12971104103715125
0.1256622345680309	0.04672729478238849	0.2531972900752196	0.11826833270431379	0.05036250578380455	0.07868013824385192	0.20055361152222104	0.1265485923201694
0.12066549547858853	0.04981886024856866	0.24231837134599066	0.11922676374147345	0.05258687403161853	0.07922256113515427	0.20596684515001912	0.13019422886858656
0.12288854923427564	0.04783795023395156	0.23848739697095284	0.12096729303501606	0.052033868770718764	0.07998586365375351	0.20677978154244803	0.13101929655888336
0.15686100084057314	0.05119941487929834	0.2216730941327047	0.11625496573558543	0.05112013170285573	0.07762891415798442	0.19479430925424646	0.13046816929675156
0.13709375530459955	0.045654767706388585	0.24626055752822204	0.11649950150862942	0.05164781293688572	0.0740758483629109	0.20148592953307304	0.12728182711929054
0.14697945725113218	0.05148079041700407	0.21593169480675384	0.11472017940979928	0.052113310897865694	0.07769434846964055	0.21146216102619256	0.12961805772161158
0.1628591522894728	0.04807641649304466	0.2085630594939575	0.12086716914208188	0.05165920409924325	0.07930849466095174	0.20311027071213777	0.1255562331091101
0.14348986391495552	0.04690156940405567	0.23655123091169283	0.12066079364300736	0.05232429967695211	0.07815911995185548	0.19836125987494277	0.123551862622538
0.17458733448263491	0.04946136359015277	0.19224865309851444	0.12113148824215085	0.051254316988111004	0.07667024015095464	0.2039142105083946	0.13073239293908653
0.18175028665588552	0.04627621712651471	0.19773114438573614	0.11553707827630684	0.05205837178676233	0.07699771167414543	0.1987250065080376	0.1309241835866112
0.1678138302903024	0.05155346769760913	0.20193535072969307	0.12258045214106032	0.04842107686006973	0.07711127316956048	0.2002036182113386	0.13038093090036598
0.16360345784007235	0.05102064091342222	0.21046265890325253	0.11558835819847675	0.051543882781393685	0.07577986326556528	0.20535391981143464	0.12664721828638234
0.19352286471749885	0.04491447949647334	0.19715307705979532	0.11758486588217873	0.050879500723815946	0.07571772746833189	0.19581001353087013	0.12441747112103553
0.20423747957222327	0.05066045973624611	0.16999424098101015	0.11861986523878837	0.05158491571698762	0.07644857404090794	0.20122752736508465	0.12722693734875168
0.1607253981464684	0.05026415625865821	0.22380585821801524	0.11982561767593172	0.04988348716625843	0.07669483036728869	0.19543397498792286	0.12336667717945625
0.1367939260635383	0.04990520250880667	0.2296787219436755	0.11657110200732503	0.05249156038968235	0.07891460049264884	0.2036828535104387	0.13196203308388438
0.17035574472629178	0.0506241042344535	0.2055950771725898	0.12149107698442453	0.04964619530467075	0.07522398814537448	0.1952778216203016	0.13178599181189335
0.17055611628052236	0.0473395398076233	0.20634775128549937	0.11605152043884207	0.052603683904678705	0.07953794032160852	0.19694455229705043	0.13061889566417498
0.1889988889439676	0.04963994753514195	0.18094998392202222	0.11724855381726534	0.048662436937564765	0.07774768111662701	0.21089821948793316	0.12585428823947772
0.1976352418834394	0.049002198560963994	0.18510014715715317	0.11753471984765901	0.050564046379121125	0.0749568526706576	0.1957251216375651	0.12948167186344037
0.17406818907779742	0.04609182401789208	0.21203480832464272	0.11853864798167012	0.0484896755056167	0.07529081790646261	0.19575942804813123	0.1297266091377869
0.1527487310010706	0.04589592453448563	0.23193735768114357	0.11682323147493218	0.05088747944687612	0.07547378843694433	0.1987615444716963	0.12747194295285105
0.14128324982852572	0.05154325689339351	0.22425001870714317	0.12230521779265077	0.052238480182736025	0.08062309542513169	0.1975217738160427	0.1302349073543762
0.14425633071472652	0.05008320978136849	0.23010836276383412	0.12043953914882884	0.05105251365735265	0.07771690454699562	0.2024619268981765	0.12388121248871714
0.18207526756260436	0.05152134418141921	0.19000103593788964	0.11646043059329587	0.04879256128471454	0.07739257725744753	0.20657749714804052	0.12717928603458814
0.17527655731566577	0.04568576827895343	0.2074201993667711	0.11735773732661646	0.04966682040201388	0.07590860760711232	0.19988329210542705	0.12880101759743975
0.18881103427803736	0.04637691152891589	0.19188335999153322	0.11762526696370591	0.05087452242972662	0.07978773830733688	0.19486741642442823	0.12977375007631564
0.17586844411901173	0.04509721034555275	0.2110174078718947	0.11552208670328042	0.04957970910989916	0.07780331043071828	0.20127838333589093	0.12383344808375181
0.1566539030225941	0.05058632505993241	0.213371936727056	0.12126438785578779	0.050538034779994245	0.07406348801039798	0.20251461791212394	0.1310073066321133
0.14852622641609747	0.04687980160252918	0.22275584132653808	0.11960512063677811	0.049148695259652125	0.07588427550837351	0.20941620152331636	0.12778383772671487
0.13030787849970507	0.04655639646230392	0.238899872212193	0.11774298919204118	0.05265478714030879	0.07448768524234164	0.20889959563406954	0.13045079561703668
0.1507459078647702	0.04710287818398812	0.2165756633365949	0.11527890056032819	0.05216499121864962	0.07913049612540818	0.20748550285221418	0.13151565985804634
0.17870431772887116	0.05116603904317346	0.18835041822329257	0.11765875050357696	0.04921132065783955	0.07669554324616473	0.2121528250746752	0.12606078552240607
0.18531281325079116	0.045288949575655976	0.19007647991359788	0.12133203649382507	0.04883630394762807	0.0782308682908304	0.20712274178251025	0.12379980674516095
0.1858109671817116	0.04769311683020262	0.17504822484049498	0.11684871640513542	0.05219919173784636	0.08005414031103567	0.21158257585889634	0.13076306683467673
0.19674511165724173	0.050776321980258554	0.17244315814473984	0.1221430922313396	0.05137387015505736	0.07489706897224874	0.20240173420216948	0.12921964265694447
0.202404453394457	0.05143934034420802	0.16256372705959748	0.11913861040365856	0.04980912164282757	0.07576403476280813	0.21134195355274138	0.1275387588397016
0.16746136900953146	0.04979876953079736	0.2030571339709636	0.11640979758481244	0.05105525037664824	0.08039439761320982	0.20412137981759115	0.1277019020964457
0.16514579393529194	0.04615975671116364	0.20319963397002405	0.12238187440563247	0.04976692570047714	0.07900013163487793	0.20205493332917313	0.1322909503133595
0.1819579200071333	0.04734861332958215	0.19793978587627764	0.11834937784504782	0.05069180052290176	0.07476051889003418	0.20391048657829566	0.12504149695072725
0.2003524944770691	0.04540955519755131	0.17507669011727936	0.11511561112028725	0.051031486653347446	0.08027864685940628	0.20277831538941204	0.12995720018564696
0.1941489212593968	0.04616068439464724	0.16678812450531602	0.12178072539821855	0.050242530982003056	0.07991205489061443	0.2092112261867521	0.13175573238305152
0.18663305326458413	0.04491870689701999	0.1893001631945906	0.12074085742086893	0.05063494682751277	0.07618325618074195	0.20622587752155175	0.12536313869312962
0.1963577442782758	0.04529267840728972	0.17609577280617078	0.11588492810667579	0.05195453130363094	0.07763819472083075	0.2053524418720398	0.1314237085050862
0.19267284505180415	0.04878027350946633	0.16859836004419457	0.11682781896480819	0.05198544685332036	0.0809954656873108	0.20762761462176765	0.1325121752673277
0.19447338690058494	0.04776021747151746	0.172547406799032	0.12001675910524823	0.05274746764628176	0.07508544787347043	0.21042803627530485	0.12694127792856008
0.1894677135694718	0.04680800185914637	0.18229182760743823	0.11993527385500871	0.051275536749033596	0.07524882479709447	0.20887468386406705	0.1260981376987395
0.1549063572118711	0.04559904954463258	0.209799144425643	0.12226763677169149	0.04975415783306175	0.07913332622798896	0.20884374280403623	0.12969658518107466
0.16198941278281653	0.04604454903316878	0.22076598949470666	0.11941909125916805	0.050661338892445965	0.07641162675055782	0.1986638673814422	0.1260441244056938
0.15490586031750989	0.04576014007812705	0.2184002442379271	0.12141696425101285	0.04997096729838217	0.07847700324655776	0.20569322217943478	0.1253755983910482
0.14414267654837554	0.048357782729583715	0.23073933474069702	0.12060426435814205	0.051232577336125754	0.07933886878239246	0.20037001892638126	0.125214476578302
0.1397031705475768	0.048270894627845534	0.2352765122221232	0.11940893350242246	0.05129554263178067	0.07991191507764195	0.20052430074308925	0.12560873064751998
0.12846978207111853	0.05120176558065685	0.24083940007916604	0.11817807154537979	0.04841758837249807	0.07841170862466526	0.20287162347495327	0.13161006025156197
0.1258579938251469	0.049282975171014154	0.24492622639153128	0.11753984819909864	0.051136436770510205	0.07807101972538522	0.2088911738890299	0.12429432602828357
0.14934155394103854	0.04767860708522703	0.2193417723720532	0.11703021788560132	0.05187168393668981	0.07989389214690827	0.2065084902047215	0.12833378242776008
0.19622502306346465	0.05052108393545092	0.16383512372185552	0.11729930062228207	0.05181382357667298	0.0787503959958803	0.21070323976757202	0.13085200931682128
0.2033703017430079	0.04598155860207333	0.17514709378960752	0.11893230575975883	0.051935267054442597	0.07643187086608635	0.20033651718344736	0.1278650850015759
0.19331923130258347	0.04604275407176997	0.18968368640228123	0.11480868748158596	0.05096101320431558	0.0743620193398203	0.19863347904473455	0.13218912915290867
0.20481294974913822	0.05003421362263283	0.17427053339125603	0.11809451715163312	0.05100606546429022	0.07524868282634065	0.20353359420555556	0.12299944358915312
0.193415939041731	0.04656754712776792	0.18409413640952932	0.11473333393566505	0.049763968026402886	0.0796545177635518	0.2052876244142422	0.12648293328110963
0.1960005774403864	0.04767678656740665	0.17852904770683176	0.11455659133324374	0.052410543376801025	0.07817173999206325	0.2096014928786527	0.12305322070461426
0.20049273256835975	0.04845305237051112	0.1681183666498693	0.11767128937258427	0.051834553974342584	0.07581991996927692	0.20559920517650887	0.13201087991854696
0.20484855602050867	0.04540188268091509	0.16270442673415747	0.11900666552234765	0.05198919600732102	0.07710731257080296	0.21020907013636558	0.12873289032758137
0.20143372135035165	0.0493279091859577	0.18383889468158163	0.11620795325313875	0.05142165840643294	0.07899639739907713	0.19539488092650564	0.12337858479695434
0.1740457251160275	0.0494319530150147	0.1943481310473005	0.12061972385190116	0.05244433974767404	0.07602482488302194	0.20895524385654468	0.12413005848251522
0.19587365070599755	0.05059385243005292	0.17804111042047424	0.1147005940832386	0.05193557123959684	0.0779040349711344	0.20782379162320086	0.12312739452630429
0.18574188467852573	0.04594083691330758	0.19629919972796456	0.11479713376848144	0.05157965648227572	0.07514616741877717	0.20347608061115932	0.12701904039950826
0.18059092589025166	0.047807023057534356	0.18479279549412025	0.12127897953475801	0.05038224907668799	0.07814117292988343	0.21099576821988736	0.1260110857968767
0.16618698013704342	0.04653904485422082	0.21667598236332902	0.12173671857297497	0.050744954500292996	0.07693579447879745	0.1981310301081609	0.1230494949851802
0.15998276084143387	0.051739230603381606	0.20506942701645536	0.11859931436703938	0.05022201960545046	0.07829333679869602	0.2082052754602768	0.1278886353072663
0.1705891924574856	0.0475170580811871	0.21272302348483885	0.11532794406118504	0.049959584372390245	0.07638973267028143	0.19950958323310125	0.1279838816395302
0.18693575341277024	0.05158967129057561	0.1735181382455431	0.12260528591901036	0.050490986605999086	0.07499856557848837	0.2094884921615791	0.13037310678603387
0.1727930571631569	0.04714807785605324	0.18967059557160545	0.11718426387453076	0.051781778365073236	0.07772548013410435	0.211631254014557	0.1320654930209188
0.2007727888116902	0.04669747179704141	0.1733545995484354	0.11527931472768714	0.05199021271278585	0.07878428601978882	0.20352843699374526	0.12959288938882568
0.18281374576499124	0.0466945607236942	0.1877083656192955	0.11821631113027455	0.05055123292912536	0.07977030568973806	0.2042564341266903	0.1299890440161906
0.16339281900991023	0.046253454853905585	0.20446520222471212	0.1225543474543342	0.05075782285130903	0.07670694681867751	0.2079827060471807	0.12788670073997033
0.17971086171167477	0.04558509357565328	0.19597408481334716	0.12227033069240378	0.05126970639882433	0.07621656481626703	0.20498101316504092	0.12399234482678846
0.17445009350527965	0.04844076393706369	0.2050749034666827	0.11523390245631433	0.052431043561817645	0.07965640789213768	0.1999623864388727	0.12475049874183138
0.16827160898286406	0.0464463301880344	0.21169401783623715	0.11963023770280551	0.0494653126308638	0.08044825328816783	0.20084758822285675	0.12319665114817026
0.16438271945633237	0.04977409523260108	0.20887787933005703	0.12151259199956692	0.05187353378909618	0.07620826377351239	0.1979725506616063	0.12939836575722743
0.1869733444952185	0.05012308368670908	0.1805009803779511	0.12100261765834198	0.048902619010382384	0.07626565323338616	0.2054551855289063	0.13077651600910428
0.19825911828939508	0.04522875031712267	0.1668899368077049	0.11988700515422675	0.0513659510088008	0.07595764995547394	0.21060430218497522	0.1318072862823004
0.20245855446214323	0.04794810866725584	0.1788598774417137	0.1146020924824544	0.05203917356956264	0.0768117714681246	0.20175049107917098	0.1255299308295744
0.20091430560168422	0.04845192310757089	0.17538319680235334	0.12248792008321349	0.04985190824373438	0.07412603049411384	0.20520247656782908	0.12358223909950046
0.20295756427644324	0.04513400423290717	0.16780175443165044	0.11573531455527963	0.04831892102682567	0.07758530779805058	0.21206996224137326	0.1303971714374698
0.17297057321367898	0.04979497950658446	0.20810827791015243	0.11522908699965077	0.05029273580390965	0.0744626484291362	0.20420473083254223	0.12493696730434509
0.20196211952661997	0.04828166237121398	0.1767330765822682	0.12054417317817279	0.04921537474523388	0.07802087181072342	0.20112492898287604	0.1241177928028915
0.1978765857565365	0.04515535840185814	0.18096116843297896	0.1189530735493832	0.048894232935112525	0.07427944809911602	0.20448555682570457	0.12939457599930984
0.1908606356356952	0.0451920166621155	0.17962311714577894	0.1181191018401634	0.049384885537469475	0.0798939957882714	0.2080256402052374	0.1289006071852685
0.17731758862207225	0.050861417827886016	0.2010478516834041	0.1169526669132998	0.04862352965030517	0.08097876568498241	0.2010273445124748	0.12319083510557527
0.166799218544197	0.04900283851362673	0.1998316689104786	0.11702200971743675	0.051426232175196665	0.07939630183601115	0.2059436384514689	0.130578091851584
0.18656510577127838	0.04935354976946789	0.18133290106577293	0.11689624315198999	0.04947832538467049	0.07921385941483014	0.21069329701723596	0.126466718424754
0.17647259014338887	0.05170479439869918	0.19721948502031428	0.1181006360456905	0.05245333156029412	0.07423609486510796	0.19807252427794791	0.13174054368855695
0.1639257515158286	0.04651176527402662	0.20362083243418405	0.12165540679927479	0.04964194271374768	0.07428823133371865	0.21148494333116663	0.1288711265980527
0.18934310246706781	0.04898549233423345	0.1826652875948987	0.12093205960192602	0.05215116058474979	0.07637992450017561	0.20546894036987084	0.12407403254707754
0.17473373727474878	0.04846682815432332	0.19551682306678742	0.1159988002636847	0.052419420007005044	0.07894531463697078	0.20698400856571808	0.12693506803076166
0.18353986233926767	0.04678837097200107	0.1981947483397134	0.1155725022779757	0.05130574374852866	0.07498898465609571	0.19836791103100226	0.1312418766354153
0.1766985763792241	0.04987907607131872	0.18785336866862282	0.11759796834220597	0.04861587579411236	0.07847698112026369	0.20856488092442949	0.13231327269982263
0.19903572251424947	0.0457592284864676	0.1690857864274582	0.11747931334332293	0.05189118182837818	0.08029646322792644	0.21164569396731697	0.12480661020487999
0.19702250617942127	0.04734793622341345	0.18517626367034326	0.11626159929377852	0.04995744493547226	0.07767522234055488	0.20019723876116463	0.12636178859585148
0.2019335543713125	0.045512832067656994	0.17366249662331143	0.12250911999035179	0.048354514300823215	0.07732184389143579	0.19873194152813034	0.13197369722697772
0.1664177311882179	0.05149603241689346	0.19655611189211358	0.11623541570303828	0.05086737115017945	0.07864526175907394	0.20823407598527166	0.13154799990521154
0.17872317817348155	0.04728518550482477	0.19780576978582753	0.12259299572877823	0.04921885410729099	0.07678680964055384	0.19786594140066877	0.1297212656585741
0.1544260034080897	0.05063501796402975	0.22641678112808078	0.11975192393135717	0.04862180771922919	0.07488827369641082	0.19838359479938816	0.12687659735341414
0.12421134259803303	0.051586356562132424	0.24612683729450907	0.11997498293559616	0.05026282502622777	0.07687075288046706	0.20535174757128308	0.12561515513175117
0.14908154269181884	0.04767369924466462	0.23176936718798602	0.11728101560051062	0.052615293197960475	0.07552090208876705	0.2001788992745262	0.1258792807137659
0.17280877889396223	0.05049443108231698	0.20494702408778093	0.11544076586829446	0.05113778361202008	0.07995685971576302	0.19644733412420395	0.12876702261565803
0.18155643855767634	0.04661760747148974	0.19263779142908793	0.11682180840472584	0.04921376783208563	0.07670805791325212	0.21197033660379044	0.12447419178789179
0.17446278113757302	0.046612991009148216	0.20973153163114175	0.11767412736016812	0.050769779035090945	0.07508039070940384	0.2025752108049954	0.12309318831247848
0.18004791333770886	0.04531654304404968	0.20060177493361092	0.1158027221159941	0.051917656827799696	0.07625890400681855	0.20084537796723895	0.12920910776677896
0.16871596748033116	0.04620330374516095	0.2014730518699709	0.1178762048134349	0.04937456335957978	0.07726603426715045	0.2065878501472506	0.132503024317121
0.17248218072561824	0.04611631397699825	0.20980517888595468	0.1186690736418169	0.05222744078803307	0.07725952658544943	0.1964929910495638	0.1269472943465654
0.17335149195925798	0.051299416623919306	0.18630529791658595	0.11711141905843296	0.05200339867418337	0.07680783304040628	0.21258221416699877	0.13053892856021515
0.20380587043260534	0.04513224007148327	0.1757906234163506	0.11510813454857027	0.05101217668382893	0.07482769410470083	0.20414928856493153	0.13017397217752902
0.1939567276063786	0.051295651064704836	0.17444233836102974	0.12170240927008275	0.05186656860363821	0.07878563351703696	0.19968797406127664	0.12826269751585195
0.18394506214284176	0.045873849493225094	0.19218725553925722	0.11826052663471023	0.050174229041194146	0.07602202580871911	0.2102290572251803	0.12330799411487192
0.18289574434051786	0.051182462227174416	0.18523377957733964	0.1152446500599673	0.05050667936624027	0.07957817907593648	0.2075620215360573	0.12779648381676645
0.20351416531497507	0.04574137523750631	0.1746653931179529	0.1194710906000936	0.04856406092292613	0.07598642971532299	0.20391618381485563	0.12814130127636708
0.20413372099191646	0.05001857679773122	0.15949500072125636	0.12143817860105716	0.049025286503296794	0.07988364851459986	0.206161681301597	0.12984390656854486
0.18882128400008552	0.04705988047020228	0.20099906857260813	0.11562833961813426	0.04926049573146944	0.07709866358529319	0.1979757329322785	0.12315653508992844
0.17809256127262668	0.04838903062107695	0.1927226336184969	0.12023489496857209	0.04949853779262793	0.07950189906887345	0.20456820011571825	0.1269922425420075
0.16421251319504754	0.04957897013481062	0.19630505967347342	0.11894377127811669	0.052768856261083005	0.07605961667855915	0.21281396309413866	0.12931724968477068
0.18290097664005406	0.045135710987692576	0.19360408600277373	0.11789274992306302	0.04860184291520499	0.07930061594330097	0.20210748886393817	0.13045652872397226
0.17576636453316274	0.049172248940914334	0.19481057447162764	0.11535436066770446	0.051310764855257665	0.07661726167337343	0.20933662271440562	0.1276318021435539
0.19770762728406943	0.04598830464202898	0.18449499094338315	0.11893448217055672	0.05122552363819663	0.07935335242096625	0.1969980238851789	0.12529769501561974
0.195377552522047	0.04618740148845431	0.1740249700890287	0.11627239561485492	0.0485333939824107	0.07989059830555131	0.2120640669457678	0.12764962105188501
0.18948700781066172	0.048019058207558446	0.1800895267462053	0.1214484795473299	0.05237862356256694	0.079619668555407	0.20466612988491958	0.12429150568535086
0.18723509035850713	0.04964096008091401	0.1920920683876436	0.12009318343995966	0.04875694458379477	0.07586470982336783	0.1954128133037341	0.1309042300220786
0.17415944451163945	0.046063955863688236	0.20228780645369734	0.11991500848843752	0.052178109729249925	0.07793347608110479	0.20352672264526983	0.12393547622691266
0.1952077201327785	0.048583955191683084	0.18362262374020058	0.11799160856483165	0.05263411349130383	0.07868909271171175	0.19605438630789465	0.12721649985959568
0.18914392322938178	0.05155086210934365	0.17509165320549464	0.12032004369638889	0.04863281262299206	0.07768437718013113	0.20987326305029796	0.1277030649059697
0.17135266769904872	0.05065299882930714	0.20804939933626448	0.11804177463993856	0.05272388545336164	0.07624972087763317	0.19795236019888013	0.12497719296556592
0.1428661030652492	0.04867557189511948	0.22236974799428386	0.11809913830709401	0.05023226060577318	0.08068823492373914	0.21290374446107996	0.12416519874766094
