0.24112891383035484	0.20702278012690742	0.1035373310614546	0.2759520723841913	0.17235890259709155
0.2413364793199698	0.20694376710083642	0.10346301975863646	0.2759492209564755	0.17230751286408155
0.24115206006914824	0.20700736782692275	0.10355886924916503	0.27600451899244516	0.17227718386231852
0.24142662370882773	0.2070573652444712	0.10351759916584906	0.27582029491481447	0.1721781169660373
0.2411441082198943	0.207060424926425	0.1034859753749352	0.2761188848558469	0.17219060662289837
0.24141969709588074	0.20701850368234592	0.1035497297885353	0.27582646026054797	0.17218560917268982
0.24146405076591712	0.20679209633044504	0.10351970271118142	0.27588806133669974	0.17233608885575644
0.24139310972230185	0.20685595149185812	0.10341573743987197	0.2759166830325399	0.17241851831342786
0.2414517846460323	0.20678511830235413	0.10354829064602109	0.276025865708842	0.17218894069675017
0.24143121210164792	0.20690183388184383	0.10347280416683137	0.27586302864171397	0.1723311212079627
0.24119615945456074	0.20704335035843155	0.10343361158106078	0.2761059645112076	0.17222091409473902
0.24128811944868495	0.20705676740193685	0.10353262388493266	0.27585964398280777	0.17226284528163754
0.2411031278460988	0.20700299852281176	0.10361880086831514	0.2758767971421928	0.17239827562058124
0.241164281904216	0.20706091427055914	0.10352965572290063	0.2759187879467656	0.17232636015555838
0.24109783170247298	0.2067942747400998	0.10359589354253639	0.276136085901122	0.17237591411376862
0.2412841861962777	0.20685628569059447	0.10351132831171263	0.27581299848011065	0.17253520132130432
0.24133653003550948	0.20682406468314038	0.10359439927024333	0.27599560855189154	0.172249397459215
0.24125979490933985	0.20694369427265433	0.10348447371819001	0.27592826678622184	0.1723837703135937
0.24115743049912491	0.20701786361685467	0.10353624927124545	0.27614823920256276	0.17214021741021196
0.24132252455307082	0.20703564793686474	0.10354625915375439	0.2759010868459179	0.1721944815103919
0.24131508671051383	0.20696352331350798	0.10352977474289898	0.27601506184572155	0.17217655338735738
0.24140219698959048	0.20677356789544168	0.10360066024463438	0.2759976518181461	0.1722259230521871
0.24130003837181957	0.20690081911748454	0.10349525712248396	0.2759535926809351	0.17235029270727653
0.24119096330789874	0.2068546708641015	0.10350473375223537	0.27600207677692423	0.17244755529883993
0.24116478852461948	0.20685862500003685	0.1036155780478623	0.2760110516796667	0.1723499567478144
0.24133211171397592	0.20705664515587854	0.10348417337189222	0.2759525036084271	0.17217456614982596
0.24122592308987972	0.2068277247268581	0.10347960395045284	0.2760554352288712	0.17241131300393786
0.24115151020465708	0.20697377649731993	0.10348260664676462	0.27601230154603784	0.1723798051052203
0.24116551424094373	0.20694933917989236	0.10346648434951497	0.2758950309207523	0.17252363130889642
0.24139178864685293	0.20678143764644943	0.10342959358932328	0.275874074711029	0.17252310540634513
0.241214592888644	0.20693751772335472	0.10350011861160144	0.27597993675035976	0.17236783402603983
0.24125989287129218	0.20700567383275809	0.10350582498250357	0.2759198034118668	0.17230880490157915
0.24122089934693353	0.20695648174954023	0.10354981902541559	0.2759750738175104	0.1722977260606
0.2411124982411701	0.2068744963921576	0.1035288577393478	0.2761023477387481	0.1723817998885762
0.24119281798871592	0.20689466012033145	0.10349163972745548	0.27596768703493324	0.17245319512856364
0.24127556147128165	0.2069078821792751	0.10358245463956692	0.2760392374468179	0.17219486426305813
0.24141625580384693	0.20688071539570962	0.10364331457501863	0.27585792781243973	0.17220178641298486
0.24143760187367028	0.20696096241488512	0.10350559665785299	0.27595627210855017	0.1721395669450412
0.24130085717855065	0.20706079453094123	0.10350214895165231	0.27599585586083425	0.17214034347802126
0.24146117609982026	0.2069725866380197	0.10344954814751209	0.2758130438249451	0.1723036452897026
0.24146412708527315	0.2068925782909532	0.1034013421923079	0.2760443763436108	0.17219757608785471
0.24143311335060047	0.20690617616574278	0.10351230304949088	0.2758618253435835	0.17228658209058212
0.24144583741585376	0.2067997634881507	0.10341530762439509	0.27593830932085966	0.1724007821507405
0.24109995990756505	0.2069188120547731	0.10360476113984245	0.27592637717145085	0.17245008972636822
0.2411136948536137	0.20703944889511644	0.10344218371047288	0.27587829339190706	0.17252637914888969
0.2411809780201456	0.2070324490512913	0.1035820797542508	0.2758640052766606	0.17234048789765147
0.24130417540688698	0.206808358114222	0.10356083770747297	0.27592065011814615	0.17240597865327167
0.24114288249306395	0.2069938091607582	0.10363699467423598	0.2760534390721824	0.17217287459975927
0.24126670530278999	0.2069903014657997	0.103473445045883	0.27589037259382554	0.17237917559170154
0.24116418444992072	0.206859692566338	0.10340436236995387	0.27613205659095963	0.17243970402282754
0.24115357398706655	0.20707076780034853	0.10356952097894491	0.27595441058356424	0.17225172665007554
0.24138073382337588	0.2070321648389213	0.1034115800340362	0.27591727745946304	0.17225824384420332
0.24113500596326465	0.2070624695719459	0.10362700245449584	0.27582290714189145	0.1723526148684019
0.2412064935548173	0.20696328214121834	0.10340779501803771	0.27591682784580246	0.17250560144012395
0.24146131411861452	0.20692824490197878	0.10341486585522965	0.2758365211920573	0.17235905393211953
0.24126586522412016	0.207070729371674	0.10351772859985621	0.2758413861340808	0.17230429067026856
0.241155980696322	0.20681685091634938	0.10358912302162569	0.2761350300840589	0.17230301528164377
0.2413039213942623	0.20697925567785314	0.10357565224556588	0.2758215592253487	0.1723196114569698
0.24118658759471956	0.20706501552245804	0.1034090989960097	0.27596380356577255	0.17237549432103993
0.2413918362084656	0.20705678496703492	0.10345647185738371	0.27588494578422557	0.17220996118288995
0.24112421954495167	0.20706081752288213	0.10363858389213454	0.27600157330993746	0.17217480573009392
0.24110572889456303	0.20684298748135946	0.10357448042034503	0.2759822941285211	0.1724945090752111
0.2413162418395114	0.20684478063294556	0.10354398648892518	0.2760367298774522	0.17225826116116538
0.24123976944063136	0.20696382337115365	0.10342454744664031	0.27598541046341124	0.17238644927816318
0.24116386856522437	0.2069166829921535	0.10341037372643727	0.27608479424370613	0.17242428047247843
0.24125260523048248	0.20680420191002205	0.10354057914783515	0.2761410445897073	0.17226156912195276
0.24145725105802396	0.2068738436581541	0.1034017147620358	0.27588141463245297	0.1723857758893329
0.24128686986822434	0.20676913618466228	0.10358466402137528	0.27609370821796186	0.17226562170777604
0.241445734465947	0.20696514435172955	0.10347924072062631	0.27581319162342566	0.1722966888382712
0.24143509150169873	0.20679796789312477	0.10359045249918417	0.2759632476682835	0.1722132404377086
0.24129333815928644	0.2068516562281986	0.10340373823086711	0.27610173423564743	0.17234953314600018
0.24132639863831737	0.2069987427796325	0.10347866894798978	0.27591924197641604	0.17227694765764404
0.24125322796912677	0.20692878841696144	0.10352143926657736	0.27592689931670666	0.17236964503062752
0.2412497815668315	0.20694484141192582	0.10363762448049693	0.2758622967101777	0.1723054558305678
0.24133055993955882	0.2070561443196435	0.10362629554291418	0.2758081240953447	0.17217887610253851
0.2413990017860887	0.2068771127565713	0.10349610050819213	0.275881571990567	0.17234621295858057
0.24115609092892937	0.2069162599290534	0.10350824360795442	0.27597056147317517	0.17244884406088742
0.24119917730067583	0.2069086839638735	0.10349135399104893	0.2759186229277898	0.17248216181661172
0.2414256992775274	0.20680168492426826	0.10347889874799852	0.2760535950988659	0.17224012195133964
0.24137749522930294	0.20701896670750505	0.10354509877711095	0.27581144307934413	0.17224699620673672
0.24132975798054304	0.20700717205041735	0.10347183678140767	0.2758885023168745	0.17230273087075718
0.2413239603564413	0.20678903352387587	0.1035768841962762	0.27600638548883905	0.17230373643456737
0.24112339322695336	0.20697747506141012	0.10359021684022232	0.27584243040015854	0.1724664844712554
0.24133449280988928	0.20692396635008908	0.10348160875326008	0.2758571532839227	0.17240277880283866
0.24124924040177298	0.2070383961962469	0.10353198975904289	0.2758581343536562	0.1723222392892808
0.2412584066515949	0.20706326588765236	0.10345436634577589	0.2760068257085027	0.17221713540647393
0.24130786301103033	0.20684638112863493	0.10353549651656452	0.2760677011552677	0.17224255818850226
0.2412956246063175	0.20696995901279697	0.10362852840263462	0.2758011604268753	0.17230472755137535
0.24123739978860698	0.206902451081325	0.10353531176383082	0.2760588690052984	0.17226596836093855
0.24114115921369755	0.20698805668439044	0.103470029198983	0.2758741224890815	0.17252663241384725
0.24145106467238497	0.2067657921227544	0.10348156287122016	0.2760973676246552	0.17220421270898506
0.2412796263223712	0.20692012146422079	0.10359866516486568	0.2759276064514312	0.17227398059711085
0.24123511847179935	0.20683064338367266	0.10342325684938039	0.2760144144788259	0.17249656681632144
0.24120198961980946	0.20706757779905027	0.10351963575897427	0.27585750672359044	0.1723532900985753
0.24144668297167443	0.2068316191256985	0.10340946740142515	0.2759850391956295	0.17232719130557214
0.2411292884097877	0.20699725502308913	0.1034367162593926	0.2760766487989129	0.1723600915088174
0.2412555114749165	0.20679041123382944	0.10353705869677186	0.2759868124286825	0.17243020616579946
0.24130798664734804	0.20701716471511278	0.10360474472580038	0.2758206362937269	0.17224946761801163
0.24119901124189394	0.2069170837897227	0.10360172585433725	0.2760419003414729	0.17224027877257297
0.24113257974220734	0.2068757299585	0.10358712451391443	0.2758891469032011	0.1725154188821769
0.24116605626559376	0.20702159624987101	0.10363901486211931	0.2760265403279225	0.17214679229449315
0.2412610365166408	0.20691325926889914	0.10345533393453656	0.27595266192868917	0.1724177083512341
0.2412532395431502	0.2068145904774121	0.10342647649004905	0.2761349973939007	0.17237069609548775
0.24121573467002475	0.20686981459920048	0.10363685539704652	0.2760786466391868	0.17219894869454122
0.24128799279558527	0.20678386321616074	0.10361277698122603	0.2761208701911299	0.17219449681589782
0.24139935908055948	0.20679841561540557	0.10356789637949347	0.27607664528681647	0.17215768363772477
0.2411640963171538	0.20695580252069812	0.10342856474254195	0.27602032224285705	0.1724312141767489
0.24140747577759514	0.20699576971350558	0.10339457325907546	0.27599615214620665	0.17220602910361696
0.24113970716805774	0.20680094803720303	0.10360290574540079	0.2759508929825736	0.17250554606676455
0.2412994082526237	0.20685990802267398	0.10349362051642194	0.27581424326558435	0.17253281994269581
0.2414008703467257	0.20690687261561988	0.10350652589073756	0.276009006196972	0.17217672494994463
0.24134786214451914	0.20677720095730182	0.10351953419893865	0.27608895560631724	0.17226644709292288
0.24145953092833486	0.206921013914256	0.10353608326888221	0.27586767509131205	0.17221569679721468
0.24126360999221158	0.20690928973511763	0.10347763721137854	0.2758678945824689	0.1724815684788231
0.24116825075083648	0.20697994174449555	0.10353876723007753	0.2758839853649419	0.17242905490964827
0.24128359146592188	0.2068489558589293	0.10364620503056159	0.27585574329725976	0.17236550434732725
0.24140546509394736	0.20688929989802549	0.10347690831677889	0.27588836996830113	0.1723399567229469
0.2411682540903451	0.20697611379175046	0.10342086981157705	0.27601142261801764	0.17242333968830953
0.24129324046361203	0.20677205200186538	0.10361297259950207	0.27603573842402085	0.17228599651099935
0.24144445788848617	0.20694586150241015	0.10342666253931707	0.2759935396172935	0.17218947845249283
0.24126747705376717	0.20692478678380014	0.10340701703434678	0.2760747032370197	0.17232601589106597
0.2412577610428348	0.20700552300474168	0.10357967005302274	0.2758585779668761	0.17229846793252449
0.24123693129371854	0.20679689200402623	0.10349788904361816	0.2761391145738843	0.17232917308475254
0.24122704625735034	0.2068663886707433	0.10356530796362594	0.2759546642766477	0.17238659283163246
0.24135244052241372	0.20682338075873938	0.10355908582436535	0.2760884163839609	0.17217667651052038
0.2412633591174369	0.20688470463422806	0.10343578937456985	0.27595336749792826	0.17246277937583665
0.24144004431902477	0.20678083564272387	0.10364548406285451	0.2758632557036658	0.17227038027173075
0.24115286290593468	0.20691482634352118	0.10354599830819203	0.2760155679289028	0.17237074451344903
0.24131040161416445	0.2068003878469919	0.10357652695226514	0.2761273989016603	0.17218528468491795
0.24115879760370784	0.20679598212609207	0.10352797489220988	0.2760148793093198	0.17250236606867017
0.24113249428635755	0.20687770627325347	0.10360741966310734	0.27614744326893514	0.17223493650834626
0.2413568091691492	0.20695379171220352	0.10349799591775906	0.2760507394756433	0.17214066372524464
0.24123357837989953	0.2069349710671631	0.10358506131044246	0.2760438610865576	0.17220252815593706
0.24124886494515294	0.20688841917162595	0.10349564156799398	0.27601056004336166	0.1723565142718652
0.24126448004012527	0.20702591564789982	0.10354997127936386	0.2759609134357225	0.17219871959688832
0.24139362019184907	0.20687238550880344	0.10353657632656146	0.2759689618808231	0.1722284560919627
0.24128287330167852	0.20703968041737827	0.10344880479014357	0.2759008458149356	0.1723277956758638
0.24120025388021105	0.20699867895939464	0.1034178378528005	0.27599063599534723	0.17239259331224638
0.24126463872279563	0.206988958168275	0.10342864314090601	0.2759894406521857	0.17232831931583736
0.2412087544067197	0.2069962160109018	0.10360821368284902	0.2759624784201058	0.17222433747942342
0.24113273943883304	0.20689043226824186	0.10364061006195062	0.27606005979366527	0.17227615843730898
0.24116504718249832	0.20695497516545414	0.10353915042763659	0.27592787371155714	0.1724129535128536
0.24113075143705692	0.2069292035270062	0.10362412601247548	0.2760751334246578	0.1722407855988034
0.24112401554314453	0.20684098823056624	0.10358884928207926	0.27606748218427424	0.1723786647599355
0.24112907176473863	0.20690111174427542	0.10360882213692593	0.27593144531175995	0.17242954904229982
0.24138751182151355	0.20685026961524777	0.1034635874951838	0.2758646732888792	0.1724339577791754
0.24129232858506425	0.20689222477276434	0.10358016952910447	0.2759188376296608	0.1723164394834059
0.2411422506912942	0.20684498279024482	0.10349103166102755	0.27606252746345467	0.17245920739397846
0.24124163548907096	0.20688398520924484	0.10361126325624452	0.2759673264466377	0.17229578959880174
0.24138518434447825	0.20687191101240232	0.1036425554730683	0.275805477425931	0.17229487174411984
0.24111454571312485	0.20698562189575773	0.10343957429269707	0.27611938915277234	0.17234086894564776
0.24117524308691746	0.20706536676384935	0.10346754963748428	0.2760612386095489	0.1722306019021998
0.24118977396596855	0.20706117597833687	0.10349486738940328	0.27606210063958725	0.17219208202670377
0.24122429661428896	0.20694988217250848	0.10346438475415125	0.2760684736507393	0.17229296280831177
0.2411051741938064	0.20681560355408393	0.10350812663485894	0.2761219199420907	0.1724491756751598
0.24143830942151645	0.20676805820598243	0.10349927402242866	0.27614027230520705	0.17215408604486515
0.24127426169838379	0.20706304179476676	0.10361739535788309	0.2758885398929	0.17215676125606613
0.2414055704865002	0.20685413242996065	0.10363129607158607	0.2758357523130476	0.17227324869890526
0.24134094600346476	0.20698168269429415	0.10355059065629621	0.2759214692853801	0.17220531136056455
0.24137677947031747	0.20681644203419686	0.10353989499437838	0.2758146372237826	0.17245224627732447
0.2412903920962699	0.20677373757989392	0.10354879396178625	0.2761104887744208	0.17227658758762893
0.24125169485626435	0.20682424198491595	0.10358137589312362	0.27611867835092563	0.1722240089147702
0.24113647492394175	0.20680985742796923	0.1036168999308977	0.2760360847865864	0.17240068293060465
0.24136879657388605	0.20697678281465712	0.10343628266899241	0.2760380177460073	0.17218012019645687
0.24143464580606128	0.20689035111423526	0.10348100141104712	0.2759170890052995	0.17227691266335662
0.24113207316959934	0.20688673357603296	0.10344711009047429	0.27613340888336096	0.17240067428053218
0.24113337689949488	0.20691772534904532	0.10362412873094436	0.2758567043222732	0.17246806469824197
0.24109084965380506	0.20696358278150082	0.10363055097506547	0.2759346981591013	0.17238031843052706
0.2413528178201899	0.2068074083715923	0.10364449476302469	0.27580638248099526	0.17238889656419756
0.24127525529434724	0.20697497972653844	0.10343221613238597	0.2761497631193342	0.17216778572739394
0.2411079169845346	0.2069062574685421	0.1035254654022489	0.27604601999786005	0.1724143401468141
0.24138451887368687	0.2069839067222738	0.10354243181454185	0.2758916988260395	0.1721974437634578
0.24145784818935523	0.206778157513372	0.10351794887731801	0.2758220162810983	0.17242402913885618
0.24125780406334507	0.20686652135556963	0.10364485574324311	0.2758467331482765	0.17238408568956542
0.24140207657798102	0.20683960097849052	0.10349719411760525	0.27593288511470504	0.17232824321121792
0.2414283944822131	0.20684904255963452	0.10349985865755491	0.275881096207437	0.17234160809316024
0.24136272158975217	0.20696761367738842	0.10343944372741452	0.27596971519470137	0.17226050581074331
0.24112742500197965	0.20702751441687287	0.10359777306083424	0.2759388100390767	0.17230847748123623
0.24131910872060033	0.20693270831665553	0.10360863347623891	0.2758316381648127	0.17230791132169224
0.24139839421870052	0.20678897198234514	0.1036431385138977	0.27585784017522175	0.17231165510983462
0.24113737172883654	0.2067956742433163	0.10361857809193749	0.27602111252941863	0.17242726340649076
0.24132211797009473	0.20682802281016444	0.10347022566142013	0.2761200123647638	0.17225962119355664
0.24127098583592105	0.20700762823657312	0.10340021449651725	0.2758985746160318	0.17242259681495653
0.24141404979099249	0.20689495223874824	0.10356604476713616	0.27588375685380306	0.1722411963493198
0.2412190200522058	0.20676869543954027	0.10357408450344768	0.27604562508647523	0.17239257491833077
0.24127872345028328	0.2068230460641549	0.1035443350244078	0.2760062228488873	0.17234767261226644
0.24138614663578337	0.20685400161156364	0.1035591792830781	0.27586874288539254	0.17233192958418214
0.24119938074475383	0.20676683761862946	0.10351838375146726	0.2759789803069157	0.1725364175782335
0.24132819537041864	0.20687530883373323	0.10340661751280077	0.2760616566368802	0.17232822164616696
0.24132066594794327	0.20684212201385394	0.103417779559352	0.27611657552021696	0.1723028569586336
0.24113604306755687	0.20691944148079583	0.10364643704200976	0.2759933120408981	0.1723047663687392
0.24112343571601133	0.20691824157238917	0.1035917731012296	0.27589339961210446	0.1724731499982652
0.24141776489421995	0.20683888915001683	0.10354462303879756	0.2758819727597861	0.17231675015717923
0.2411548151756104	0.20696195551932145	0.10347361280628584	0.2761023442062975	0.17230727229248455
0.24131693248737435	0.2068615967722912	0.10359951663759	0.2759189066393301	0.1723030474634141
0.2413829091755101	0.20680662788127527	0.10352920791828019	0.275948364391858	0.17233289063307622
0.24109405593443584	0.20699611281850017	0.10348467449862683	0.275951575246045	0.17247358150239192
0.2413014708053579	0.2068576758277463	0.10362924096530626	0.2760705529152641	0.1721410594863252
0.24138222950349103	0.20678140573282494	0.10364334024750832	0.2758232790017127	0.17236974551446277
0.24136089204650146	0.2070491121265604	0.10342491162738418	0.2758884213959674	0.17227666280358628
0.24133979294775387	0.20702186147408785	0.1034150109006537	0.27598624702427976	0.17223708765322457
0.24127188697768387	0.20683284637919955	0.10361526265835884	0.27598717243418946	0.172292831550568
0.24126981816719867	0.2067723753741946	0.10351515299838691	0.27596807716354765	0.1724745762966719
0.2411360550783641	0.20701558914151763	0.10348127763762155	0.2759178777598863	0.1724492003826102
0.2413090636115178	0.20693211732048236	0.10347337290762262	0.2760301979004723	0.17225524825990468
0.24126718850456114	0.20690891204897877	0.10349229358083444	0.2760926244620177	0.17223898140360774
0.24122433187268388	0.20679271254037637	0.10360254761883506	0.27584879507880133	0.17253161288930316
0.24113736652565523	0.20677970612667948	0.10349578945231977	0.27613069074273866	0.17245644715260658
0.24126626396582235	0.20701826365443796	0.10354690565652541	0.27584664498344535	0.17232192173976868
0.24144798900803482	0.20680495174222285	0.10342157750521311	0.27599620384425133	0.17232927790027763
0.24134766883629796	0.20701850604444763	0.10347863143233017	0.27599349174459264	0.17216170194233132
0.24119954669053809	0.20693012953974552	0.10342431330176206	0.27613519866652947	0.17231081180142457
0.2414376089169537	0.20680617961624964	0.10356060450672763	0.2758674121636801	0.1723281947963887
0.241170168646619	0.2069981425489541	0.10359863677110015	0.2758018455458798	0.1724312064874467
0.24121754330330147	0.20677784201973176	0.10356783907940481	0.2759970874685726	0.1724396881289891
0.24121294454290532	0.2070392753786466	0.10347542133360212	0.2758988270304856	0.17237353171436007
0.24112351383498765	0.20701905814769814	0.1035296485927984	0.27607292075591466	0.17225485866860094
0.24141536778217318	0.20702510350255177	0.1035215205415248	0.2758704320879649	0.17216757608578512
0.24131728439420375	0.20688643270542656	0.1036433389544099	0.2758543290026472	0.1722986149433123
0.24145591155797042	0.2068623834147834	0.10352217571027215	0.2760064248919315	0.17215310442504222
0.24119178201920424	0.20686566568284834	0.10353546316568625	0.27591231411864137	0.17249477501361954
0.2412834637207556	0.20688737928622192	0.10350186788177469	0.2758767969558915	0.17245049215535602
0.2414035359517475	0.20690095168320016	0.10353383692305819	0.2760052901656892	0.17215638527630472
0.24140031401757636	0.2070487858741587	0.10353352655032047	0.2758691159696771	0.1721482575882671
0.24128546996534656	0.20677336929959875	0.10363252760765472	0.2760241180053845	0.17228451512201526
0.24131332536272365	0.20689392201179282	0.1035762366065772	0.2759751214892162	0.1722413945296899
0.24108834081921493	0.20684806130537764	0.10348654880232387	0.2760746479681947	0.17250240110488863
0.24138058588505187	0.2069082674766321	0.10348560762277693	0.27590790896042683	0.172317630055112
0.2410909366386069	0.20699363015880343	0.10353841525376822	0.27594713263686865	0.17242988531195258
0.2413698346863163	0.2069508668372703	0.10340994246339426	0.2760821484366625	0.17218720757635642
0.2411316006139572	0.20694472225495922	0.10353235383458725	0.2760114443797762	0.17237987891671988
0.24124065609562612	0.20689309515430365	0.10354826033594465	0.27605959267133623	0.17225839574278912
0.2412737029333064	0.20706917250794288	0.10352909530331492	0.27582473379141864	0.17230329546401693
0.2411374433018287	0.20701614196337836	0.10351510962041593	0.27589400332385106	0.17243730179052572
0.24143521886821862	0.20704480536059122	0.10341862075900689	0.2758893754198972	0.1722119795922858
0.24123942643701804	0.2068116042069369	0.10343915212510725	0.2760034203376822	0.17250639689325536
0.24114045266617556	0.20701520919607685	0.10361083254460371	0.2760878133407842	0.17214569225235943
0.2412104039646469	0.206849223804034	0.10359675043563506	0.27601769801109777	0.17232592378458605
0.24120020944609089	0.20702865973716725	0.10348726882437931	0.27581186135853986	0.17247200063382248
0.24115792227601096	0.20706898612420468	0.10355142342324124	0.2758069136965154	0.1724147544800275
0.2411302839841044	0.20701626556916322	0.10347388664882833	0.27591894167761605	0.1724606221202878
0.24132450718783421	0.20703440858424632	0.10341296264939934	0.27589480775441866	0.17233331382410122
0.2413011303750635	0.20706181193345818	0.10351566626748002	0.2759185262647038	0.1722028651592942
0.24124590131847465	0.20680607143669372	0.10347837792778303	0.2760759734620624	0.17239367585498594
0.24108771817994037	0.2069505797943253	0.10351046570460705	0.276005920303622	0.17244531601750504
0.2414424066751371	0.20691793937232617	0.10344625320114899	0.27585928289924766	0.1723341178521398
0.24114192188959216	0.20688655742428227	0.10344946875214735	0.27613553139822905	0.17238652053574888
0.24117078675134246	0.20684506755881393	0.10359443967000968	0.27592271331351653	0.17246699270631718
0.2412158590014089	0.20682745367360814	0.10353111375583847	0.27607926837769575	0.17234630519144847
0.24127803896441333	0.20690109364116374	0.10356668274283307	0.27595985044997223	0.17229433420161738
0.24141019260610502	0.20697905291622906	0.10351161375534162	0.2759155539137076	0.17218358680861642
0.24143579621973493	0.2067766464576616	0.10362702606191246	0.276010557426259	0.17214997383443173
0.24131829462199827	0.20694788858058602	0.10356811392974061	0.27586367567974995	0.1723020271879249
0.2413890341548196	0.2069016176304673	0.10359358599208485	0.27595132801334527	0.17216443420928274
0.24121963948649022	0.2067765387314016	0.10360614706839393	0.2759348938540701	0.1724627808596439
0.24135123864817426	0.20691276216275414	0.10350518438905539	0.2759832592199935	0.17224755558002247
0.24143926092793833	0.2069004436263088	0.10344616902778063	0.2759352282313092	0.1722788981866628
0.24125445728941014	0.20697781429137066	0.10340536110775536	0.2759643635621347	0.17239800374932887
0.24132394115310313	0.2069139133313679	0.103456255625204	0.27593020353944236	0.17237568635088235
0.2412230657508161	0.2069906356598425	0.10364011832976902	0.2758704217285918	0.17227575853098034
0.24127307111004292	0.20692405741421635	0.10342173598468363	0.2761224935105085	0.17225864198054835
0.2411721977719979	0.20688333872165754	0.10353692482670193	0.2759683806599451	0.17243915801969728
0.241417012799742	0.20677621006341046	0.1035542689194055	0.275938739717836	0.17231376849960578
0.24124317207633403	0.2070120721847028	0.10357767830476113	0.2759305221517849	0.17223655528241688
0.24132942490812498	0.2070462173390131	0.10341089310357002	0.2758388709318921	0.17237459371739955
0.24144087584401452	0.2069471894902885	0.10348884505522037	0.2758906785477293	0.17223241106274706
0.2414546980071698	0.20677558528049997	0.1035275140413396	0.2760522087983597	0.1721899938726307
0.241248550532157	0.20688389335311536	0.10361949831156674	0.2758618105908382	0.17238624721232246
0.2410888221318716	0.20693966736703207	0.10363300126420258	0.2760485487490375	0.17228996048785605
0.24108809684934845	0.20703927187710314	0.10346967627596934	0.27604322611023707	0.1723597288873418
0.24120855687731646	0.20702817099032125	0.10356193823814815	0.27597085898829377	0.17223047490592014
0.2413187283178348	0.20703955487591252	0.10357677536222959	0.27588772728587263	0.17217721415815015
0.2413944827527597	0.206781137540927	0.10351052165299858	0.27612784213604535	0.1721860159172691
0.24141657843987901	0.20695214858147037	0.10348410240971032	0.2759719892490708	0.17217518131986922
0.24109561038387345	0.2070220100210408	0.10358458466584054	0.2759074619028048	0.17239033302644013
0.24141875212485814	0.20686540356390376	0.10342512291949327	0.27588485788162165	0.172405863510123
0.24146732484832922	0.20685212587624335	0.10342612081376429	0.2760999415430466	0.17215448691861623
0.24119859029334445	0.20684162455267732	0.1034814364157643	0.2760149944567282	0.17246335428148551
0.24132138206303713	0.20690581632348176	0.10341770612894863	0.27607970301257273	0.17227539247195953
0.2412060565060702	0.20683961305069193	0.103641646223805	0.2761035144898181	0.1722091697296145
0.24125269097904634	0.20686177129919395	0.10343382876507475	0.27603766684237596	0.17241404211430877
0.24145586474848796	0.20682543381916776	0.10339841111483469	0.2759414983835273	0.17237879193398203
0.24133842434045524	0.2070000223082411	0.10339389225006777	0.2759980494955364	0.17226961160569923
0.2413746346263926	0.20685027357760025	0.10361381844096	0.2758413128467667	0.1723199605082802
0.24135600754577183	0.20687109404112658	0.10351342453455388	0.2761077185770341	0.17215175530151336
0.2412198963791941	0.20681749665778798	0.103538007720491	0.27598753070726567	0.17243706853526097
0.2412060378633157	0.20688322125877268	0.10354323404396952	0.27609779112441124	0.17226971570953062
0.24140544862185473	0.2068683490074723	0.10352629131079884	0.2758896247883978	0.1723102862714761
0.24119820084312943	0.2069552651070911	0.10347993969088183	0.2759726125926161	0.17239398176628126
0.24110654099878753	0.20689639778739646	0.10358732621873946	0.27591393790951296	0.17249579708556328
0.2412136605503744	0.2068832251548016	0.1035825363893516	0.2760268902544813	0.17229368765099087
0.2411540247924715	0.20706940109927938	0.10343744394813388	0.2760175330124021	0.1723215971477129
0.24124202665584638	0.2067964857617775	0.10346891218708883	0.27614816340050646	0.17234441199478057
0.24136790443446582	0.20683094944754746	0.10346727055149076	0.2761198703927035	0.17221400517379218
0.24128420732195136	0.2067699678307591	0.10341463090642743	0.27612688678743874	0.17240430715342314
0.2411228621445048	0.20694573040982311	0.10346729939635738	0.27594007653128144	0.172524031518033
0.24137227265041783	0.2068368693705068	0.10362061421175928	0.2759174297064653	0.17225281406085052
0.2412341621866139	0.2068485291942358	0.10346712047675477	0.27603159121263665	0.17241859692975864
0.24126610781463823	0.2068324739128011	0.10343698113006719	0.2759232245875977	0.17254121255489552
0.24124807340079246	0.20704473596416403	0.1036422518211696	0.2758494069042662	0.1722155319096075
0.24128057649070844	0.20677987030194883	0.10360238352254063	0.27597431693833396	0.17236285274646787
0.24140916221668213	0.20704029245542474	0.10351706777801219	0.27583522110796166	0.17219825644191908
0.24114297224231274	0.20706451250060653	0.10347692687917893	0.27603325499236375	0.17228233338553783
0.24143371779479952	0.20680754168474244	0.10344046481212188	0.27612989916443265	0.1721883765439033
0.2414550039223194	0.20677162423210216	0.10345686461197598	0.27598181318738796	0.17233469404621424
0.24137479545119256	0.2068264928194406	0.10346743024185198	0.27594006190160963	0.172391219585905
0.2413342431533868	0.20705799288258214	0.1035394759518211	0.2758288373232459	0.17223945068896376
0.24144242462531917	0.20680075453641383	0.10350412405940555	0.2760935073952844	0.17215918938357683
0.24120553159573904	0.20677611786106403	0.10357346894461314	0.27606830155867434	0.1723765800399092
0.24125351285511315	0.20694719120525457	0.10352730950641288	0.27606845326893703	0.17220353316428216
0.2413784395456232	0.2068511181070736	0.1034581214520311	0.27611672564602985	0.17219559524924202
0.2414518011677547	0.20678547674429848	0.10346567801487822	0.2759189247421897	0.17237811933087868
0.24124855620514923	0.20684204989123506	0.10362551321391343	0.27598764205690524	0.17229623863279683
0.24129043219524854	0.2069748609281001	0.10342985743247782	0.2761292675164825	0.17217558192769084
0.24116625176716977	0.206929838729005	0.10352454876661964	0.2761517025169967	0.17222765822020863
0.24113868356936166	0.207068390191096	0.10347764363361639	0.2760387628228118	0.1722765197831139
0.24133742234972835	0.20677136820441241	0.10343098958633172	0.27613227549812697	0.1723279443614003
0.2413746411200341	0.20698344487645368	0.10340601118208262	0.27586971728911575	0.1723661855323136
0.24136060046942126	0.20700053577273494	0.10344501042650409	0.27592231072164985	0.1722715426096896
0.2413518243877601	0.20692071395447248	0.10340646791246436	0.2760647668842376	0.1722562268610653
0.24110840049047294	0.20703955131429277	0.10346408941516684	0.27606261400994925	0.172325344770118
0.2412065327260433	0.20679897981593376	0.10347055030295234	0.276140767424965	0.1723831697301053
0.24144634662069486	0.20680895230386864	0.1034684364336049	0.2760851851833999	0.17219107945843137
0.24129548307120557	0.20688342577376692	0.10360007794370402	0.2758104751774262	0.17241053803389705
0.24111767387619681	0.20707023913868824	0.10340575078795249	0.2760283820493224	0.1723779541478398
0.24121650438743075	0.20702078396274337	0.10346301650112541	0.27609557702421106	0.17220411812448913
0.2412335988627817	0.20696641016062414	0.10352603463039274	0.2758315168078387	0.1724424395383625
0.24117778330729925	0.20695208802147808	0.10362360153218864	0.2758308681274014	0.17241565901163242
0.24118287354346057	0.20689514950495222	0.1035015113408361	0.2761196667641612	0.17230079884658958
0.24127014762052426	0.2068496840791363	0.10350994042709959	0.2758611433273003	0.17250908454593938
0.24123911758025784	0.20692038574823074	0.10361908582619776	0.2758854002837092	0.17233601056160416
0.24123606793520183	0.2070679800795061	0.10358100606393066	0.2758092686820435	0.1723056772393177
0.24133144766529746	0.20703171689138855	0.1036002383866007	0.2758053480384952	0.17223124901821785
0.24123213889838865	0.20691545793083085	0.10348541688210991	0.27608949201083466	0.17227749427783567
0.241422067415803	0.2070633678186498	0.10348637867964171	0.27588449525271475	0.17214369083319053
0.24109934875463884	0.20698681053700518	0.10343637690126971	0.27601211378268337	0.1724653500244027
0.24118133324298793	0.2068522759808564	0.1034790978435684	0.27613003987596263	0.17235725305662436
0.24112030992075992	0.20704639099567168	0.1035200055065701	0.2760689025651175	0.17224439101188055
0.24130552897034488	0.20691952743505565	0.10356164807788083	0.275963976818121	0.17224931869859733
0.24113352158491158	0.20689709396216868	0.10355182014837251	0.2760727555050904	0.17234480879945654
0.24111959222871182	0.20699437163493806	0.103490543519728	0.2759837871503002	0.17241170546632173
0.24111039116362898	0.2069961798860055	0.10352248928061007	0.27606868746119956	0.17230225220855572
0.24111458878626724	0.2069848956731685	0.10363551259511883	0.27590860506737064	0.17235639787807455
0.24127739029641004	0.20681078547084666	0.10352833447271144	0.27611359248547973	0.17226989727455191
0.241299467999917	0.20702742509304128	0.10362258510460161	0.275806819986368	0.17224370181607188
0.24114217642416796	0.20679039354939416	0.10359193064682229	0.2761020822582038	0.17237341712141152
0.2410985661155065	0.20678677980708757	0.1036260558787927	0.2761307927475977	0.17235780545101526
0.24138602467825582	0.20677971695113193	0.10363491225507855	0.27606249756163914	0.1721368485538943
0.24140706378849275	0.2067874203468254	0.10346538592116888	0.27589866040751976	0.17244146953599296
0.24116320772257777	0.20695764697159652	0.10351599040503154	0.2759929147661259	0.17237024013466806
0.24114660398181603	0.20690859348243867	0.10362682816530491	0.27586281397266615	0.17245516039777395
0.24110676657216148	0.20690373491553785	0.10344982985929284	0.2760569829530148	0.17248268569999284
0.24144003401575026	0.20681400403506664	0.10349187914274015	0.2759622574391926	0.1722918253672501
0.24125863041108092	0.20687336789034713	0.1035593259977615	0.2761323567770232	0.172176318923787
0.24122001880022131	0.20693753757494787	0.10356604869394687	0.27593206275210513	0.1723443321787786
0.24127538368409307	0.20677706452418587	0.10358569168521814	0.27592764605830916	0.1724342140481935
0.24129299655504818	0.20686265692873784	0.10360664667506565	0.27601203663199675	0.17222566320915134
0.24108844152750408	0.20687600941715437	0.10339298579627201	0.27611452575612466	0.1725280375029446
0.24133605696746857	0.20700895335631864	0.10352423890179745	0.2759517787853053	0.17217897198910975
0.24129830602705413	0.2068923534874707	0.10354008946168071	0.2760776029409099	0.1721916480828843
0.24132060416003745	0.20678510760280855	0.10363330699429311	0.2759346790767502	0.17232630216611045
0.24110108261500499	0.207033631947108	0.10352188881287773	0.2758951314650021	0.17244826516000694
0.24135575860328928	0.2068273021275026	0.10349539104954486	0.27582330874055	0.17249823947911302
0.2413137447926637	0.2069739331716455	0.10347146434183381	0.27597254854274816	0.17226830915110858
0.24116710495497534	0.2069105171372451	0.10351202034376387	0.2758905341956328	0.17251982336838265
0.2411987981482389	0.20693819538263578	0.10356150350806631	0.27583737567196764	0.1724641272890911
0.24115837043307423	0.2070233425559427	0.10354007546228704	0.27612448669374623	0.17215372485494956
0.24145564208658754	0.20678868337331402	0.10354672966974707	0.27600364074605244	0.17220530412429866
0.24144516205360475	0.20687555031585325	0.10351908763576188	0.2758444476756572	0.17231575231912266
0.24130150537360368	0.20683342780814043	0.10348123648735563	0.27603686807065625	0.17234696226024374
0.24129709649950087	0.20682182534655752	0.10355998913770238	0.2761317850590359	0.17218930395720305
0.2413190330377136	0.2068458296111489	0.10344186086623558	0.27605336814254594	0.17233990834235574
0.24121843736819	0.206964346245465	0.10343453037348156	0.27613200087706935	0.17225068513579386
0.24138145413870316	0.20681777940027626	0.10362538308979678	0.2759261701940365	0.17224921317718705
0.24129857121467838	0.2069209690830985	0.1035021946891958	0.2760826907265816	0.17219557428644547
0.2411083669008434	0.20700661958097233	0.10363419425756368	0.276062085755145	0.17218873350547537
0.2414026509746874	0.20686364072284777	0.10357033348924552	0.27596101989722255	0.17220235491599653
0.24130616192251117	0.20706338458909132	0.1034032786876803	0.2758069136913624	0.17242026110935457
0.24127537640209312	0.20686597137723742	0.10356539725564821	0.276065701859163	0.17222755310585802
0.24128542208044762	0.20703280262551918	0.1035418822789507	0.27592881168970773	0.17221108132537447
0.241136933928695	0.20701886476579492	0.10341896811779262	0.2760484642377754	0.17237676894994183
0.2414033083673379	0.20701473942593945	0.10349407393907742	0.27582988056889235	0.17225799769875264
0.24143700131043644	0.20676611367519815	0.10364551169221173	0.27597495641856207	0.17217641690359134
0.24122586190309941	0.20686644261235132	0.10361065783384116	0.276144571872635	0.17215246577807283
0.24119277799445063	0.20706631364445915	0.10347297250686713	0.27611755289122625	0.1721503829629966
0.24142328482299108	0.20680255909794243	0.10354699065860413	0.275943544818136	0.17228362060232608
0.24114777688450034	0.2068994601495609	0.10354238599345954	0.2761060137454938	0.17230436322698517
0.24143947497409876	0.20688464144086305	0.10346957585510942	0.27584908220950094	0.17235722552042756
0.24129998908734393	0.2069161550512082	0.10357719044199595	0.2759620185012135	0.17224464691823818
0.24130371197295106	0.20700876215843916	0.10342773896365669	0.27596018329698246	0.17229960360797042
0.24119994483280588	0.20687357193040465	0.10349213914918136	0.2760246693057374	0.17240967478187047
0.24123279440028528	0.2068095740876994	0.10353039881751486	0.2759991861950579	0.17242804649944227
0.24113564427177325	0.2067764276389517	0.10358296973243122	0.2760911806783865	0.17241377767845711
0.24124203621527732	0.20685321213577082	0.10342543729923051	0.2760235203755382	0.17245579397418292
0.2411876640254877	0.20702158826627756	0.1034157802563346	0.2759904862879019	0.17238448116399796
0.24131735074302954	0.2068399183349509	0.10350154709328191	0.2761057921850303	0.17223539164370705
0.24125980275808198	0.20694908904399772	0.10342237585791088	0.2758685065172346	0.17250022582277455
0.24129262796248802	0.20684432299964464	0.10356277071439575	0.2759085157549066	0.17239176256856478
0.24130264406030955	0.20689867914456755	0.1036314422053388	0.27598045733779275	0.17218677725199114
0.2413674133371371	0.20678661844297333	0.10352645456705228	0.2758274980797096	0.17249201557312746
0.2412738809558014	0.20698283102949144	0.10351578489358902	0.2759937123421525	0.1722337907789654
0.24139264534290125	0.20683346930037042	0.10343427845234747	0.2758892076042049	0.17245039930017572
0.2411458423785221	0.20687734972093896	0.10361461280820995	0.27603666184603254	0.1723255332462962
0.2411114467582774	0.2069611965186638	0.10361461126829763	0.2758420450177279	0.17247070043703303
0.24136632780204673	0.2067734236868025	0.10350481865439849	0.27597512489802506	0.17238030495872697
0.24121547805361987	0.20695472287974404	0.1034204643302173	0.2760183298413388	0.17239100489507972
