0.22668105467910205	0.07213551976084101	0.31291761615497904	0.15556671699501906	0.23269909241005857
0.2282017318281332	0.07204067345328352	0.310819586195303	0.1556887474951951	0.23324926102808496
0.22766848448932162	0.07004427675245406	0.313785871204205	0.15606408358608556	0.23243728396793353
0.22705263920813484	0.0721562138683969	0.31091642881778936	0.15693381631977235	0.23294090178590635
0.23028634624281885	0.07116953972742901	0.3106943527070653	0.15583278883344553	0.23201697248924102
0.228914616981772	0.0696001463443073	0.3109483919360892	0.15544390179561612	0.23509294294221506
0.2280629439342724	0.0720495278001757	0.31316293077587615	0.15525800630535924	0.23146659118431628
0.22779116982545008	0.07021499348124752	0.3132608609329707	0.15506240057189116	0.23367057518844037
0.22766224103440177	0.07246475132424723	0.3104485600559915	0.1554692553485835	0.2339551922367758
0.22780653772571482	0.07120222640055598	0.3110986722672922	0.15581933856922311	0.23407322503721362
0.22672936114069628	0.07275010907239624	0.3106868680491194	0.156505984444678	0.23332767729310988
0.2253740830339485	0.07169238210081771	0.3131641797951391	0.1557056660795817	0.23406368899051275
0.22683263890979785	0.0706953691373644	0.3132408213970747	0.15579354762635517	0.23343762292940762
0.228770422160393	0.0714814268513739	0.310684187967508	0.15606096541765027	0.23300299760307458
0.2260858830918826	0.07015189570855007	0.3137389528599892	0.15666258487960116	0.23336068345997676
0.22875996953997857	0.06956999153856003	0.3132847661332764	0.15526533897605238	0.23311993381213236
0.22900815720729534	0.06980610382048	0.31290915168813765	0.15643159748249902	0.23184498980158774
0.22588438798300953	0.07120565255103906	0.31115258077238317	0.15685752256012872	0.2348998561334393
0.22392552854473763	0.07133601129148265	0.3138314407744476	0.15616931125302874	0.23473770813630315
0.22521179511014905	0.07209223677070764	0.31200081213903436	0.15560655470877946	0.23508860127132925
0.22984398707174938	0.07034151935185276	0.3116033874372254	0.15513686998510556	0.23307423615406664
0.23069842325019047	0.07078791956424127	0.31059570922560065	0.15532253402956278	0.23259541393040462
0.22964786557442388	0.07019138430016905	0.311872676650671	0.15661646306827665	0.23167161040645923
0.22619699652664066	0.07192892826180985	0.3121746097263431	0.1560769133512517	0.23362255213395447
0.22752987850729478	0.07044797118697443	0.311320372269523	0.1560695777576031	0.23463220027860443
0.22916381902277916	0.06959595665776871	0.31310553876887054	0.1559457801380228	0.2321889054125586
0.2294925017712559	0.0703925584702273	0.31176154201032	0.15652708632030343	0.23182631142789312
0.22496997811127856	0.07209548117140835	0.3124451386138867	0.15549762240617318	0.23499177969725302
0.22670571211315668	0.07099628601502764	0.3132837027089175	0.15584222193989491	0.23317207722300307
0.22743599983820698	0.06976332337290214	0.3118075518214965	0.15632294750856596	0.23467017745882818
0.22805496959523955	0.07113224753458086	0.31271198075425766	0.15574903221159753	0.23235176990432416
0.22521472205305376	0.07236911479450467	0.3124517840581722	0.15527101148593916	0.23469336760832996
0.22794633859532984	0.0725990610793309	0.3118199167015926	0.1553793755763863	0.23225530804736016
0.22753277471092564	0.07007667840916479	0.311613344839421	0.15658814947132926	0.23418905256915906
0.22770748609564867	0.06964838266874557	0.3134507745857121	0.15646529607403947	0.232728060575854
0.226663431469657	0.07151242901382851	0.31224794508520337	0.15577390902268048	0.2338022854086304
0.2271718171635669	0.07059460324282585	0.31276138336579296	0.1565767540875452	0.23289544214026886
0.22865753480425807	0.06973700021266813	0.3108207363704478	0.1560745741339587	0.23471015447866703
0.22911594902162102	0.07074858669343295	0.3104442188111557	0.15672908018567375	0.23296216528811636
0.2248189159299222	0.07235471557539272	0.3135893596532175	0.15644475731972224	0.23279225152174515
0.22783453412897334	0.07187977516787211	0.3110281949974826	0.1557447168370671	0.23351277886860466
0.2248161322239557	0.0721021070818891	0.3135071054308393	0.1560588181003445	0.23351583716297117
0.22672561120015325	0.07120539053303501	0.3124739182394343	0.15571068344841882	0.23388439657895835
0.22552046015031973	0.07115205652500148	0.31210365200534756	0.1563541400971915	0.2348696912221395
0.22596968586106853	0.07073207852621571	0.3129857428186985	0.15630649202658567	0.23400600076743133
0.22615474887783027	0.07050177140432543	0.3131973881088639	0.15504893004620093	0.23509716156277927
0.22727597139172837	0.07264961652270402	0.3104560094803177	0.1561334605124399	0.2334849420928098
0.22739707255914318	0.0719969979874304	0.3130120544298221	0.15578306518254942	0.23181080984105465
0.2239713633594819	0.07204162881090187	0.3138776347381561	0.1549647033647586	0.23514466972670128
0.2274265478588839	0.07035625902300346	0.31250727869693873	0.15564139182144957	0.2340685225997241
0.226554441293094	0.07175521143844057	0.3125388553248262	0.15528510564889575	0.2338663862947432
0.22773690250588258	0.07023955398318368	0.3131020897774076	0.1554652874711936	0.2334561662623323
0.22960901967113645	0.06992234026618066	0.3131565389245265	0.1558073103743511	0.23150479076380504
0.22617711744094487	0.07233119943497215	0.312389892927584	0.156116950491524	0.23298483970497472
0.2283991803248751	0.07185038320253581	0.3107243079511627	0.1563206553766798	0.23270547314474638
0.22805358843324336	0.06959129255477056	0.31366248959255905	0.15554103818425585	0.23315159123517096
0.22621393170735352	0.07151651052536767	0.3113515837421734	0.1561712229535203	0.23474675107158485
0.22910121738752162	0.07035411405925554	0.3119799992665167	0.15562769522476394	0.23293697406194197
0.22569491750295892	0.07115632161240887	0.31358332088053537	0.15508553196704716	0.23447990803704943
0.22592726050360734	0.0709514604245226	0.31284241762577264	0.1561515796775741	0.23412728176852307
0.22574128018854528	0.0706316161285657	0.3137320808112721	0.155446067646454	0.2344489552251627
0.22587538711480531	0.07265123046290592	0.31298378264854554	0.15520293649326636	0.23328666328047665
0.22748847680839868	0.07092444556138741	0.31085995381561343	0.15562593536855723	0.23510118844604305
0.22718671523073264	0.07171722957828788	0.3114475149261678	0.15607244740471007	0.23357609286010136
0.2291239917424593	0.07046779776429235	0.3103712067188731	0.15658570105969366	0.23345130271468134
0.22518922279640266	0.07109163506301303	0.31334186307824613	0.15573903690873006	0.2346382421536079
0.22605278890423083	0.07128199438871605	0.31224578263305297	0.15682935585174967	0.23359007822225025
0.22738972889257694	0.07250185196283498	0.31308805778793836	0.15550546772488305	0.23151489363176642
0.224734272570698	0.0719168887643217	0.3134739350359508	0.15548211399240186	0.23439278963662746
0.22417102249264342	0.07223406427156867	0.31345437286936906	0.15573834540505363	0.234402194961365
0.22738282267092505	0.07144843082747687	0.3119839154058819	0.15640695625002227	0.23277787484569362
0.23095570805272686	0.0695796136752703	0.31039887444826075	0.15689513184141107	0.23217067198233077
0.22843174474875103	0.07122776183672427	0.3130234073171164	0.15582281629076267	0.23149426980664536
0.228330706125869	0.07165818127112031	0.3125597048565382	0.15546473104307654	0.23198667670339565
0.2269276964782412	0.06973562226418889	0.3120360252110703	0.15684867426845983	0.23445198177803947
0.2288208527402792	0.07133568855266462	0.3107770141034348	0.15671135095210195	0.23235509365151918
0.22731187739205763	0.0701351153796452	0.3121411366430653	0.15626537314981231	0.2341464974354193
0.2250778242350929	0.0715965075488279	0.3132377167244652	0.15516467006029294	0.23492328143132085
0.22919384435831702	0.0713617715373763	0.3117840793158571	0.1549881853185594	0.23267211946988992
0.22895284512489278	0.06963161048317518	0.3133508485377673	0.15621274399738788	0.23185195185677662
0.22758869665258646	0.07268723560633891	0.3107672600524589	0.15693964216112366	0.23201716552749185
0.22822679592119713	0.07227827808686041	0.31153343993662325	0.15556780440322393	0.23239368165209506
0.22718351735760722	0.07219668725957937	0.3128546880603773	0.15552771303197724	0.23223739429045862
0.2296536868153413	0.07107188566439088	0.310440949402257	0.15534297391525	0.23349050420276057
0.22965895479953805	0.07029310974304437	0.3121919215182731	0.15574434134889567	0.23211167259024862
0.23032599339671228	0.07042778401796695	0.3103002371512229	0.15519522675513872	0.23375075867895892
0.22676822301124572	0.07121149619842054	0.3109518225973015	0.15629882685553975	0.2347696313374923
0.2267365195922335	0.07251331377073522	0.3108377282833525	0.15502015284301351	0.23489228551066502
0.22647288579513108	0.0724037104454999	0.3121582294672507	0.15689088391084663	0.23207429038127145
0.2263504725183619	0.07167086975734072	0.3127701556658856	0.15539482171353575	0.2338136803448758
0.22937169471661006	0.06958850397715144	0.31211859651319857	0.15628940848641096	0.23263179630662875
0.22938407143769918	0.07011737026462747	0.31265309545325703	0.15589825297166487	0.23194720987275122
0.22658570308937326	0.07092384269669014	0.31212542497429796	0.15604654873767335	0.23431848050196508
0.22472352283892236	0.07242672997365548	0.3127945931169708	0.15576751467014252	0.23428763940030864
0.22685130404965564	0.07266759355422223	0.31269381867564894	0.1562680431321596	0.23151924058831336
0.22749784524914798	0.0718322241274898	0.3120666493699754	0.1552686866061805	0.23333459464720607
0.2257993512772924	0.0724204065002183	0.3122280616489327	0.15630972166621454	0.23324245890734185
0.22688626185275318	0.07129628197907872	0.3134329104100301	0.15570527366097595	0.23267927209716188
0.22642225486853007	0.07139215001739221	0.3118467004831518	0.15614499535118098	0.23419389927974474
0.2269510327817071	0.07085238473206609	0.3119453215864438	0.15673917805425527	0.2335120828455275
0.22738992622553736	0.0706586464950483	0.31237246197321095	0.15585750831948209	0.23372145698672106
0.22854526388705565	0.07014539516067195	0.31079008375494377	0.1555516434713166	0.23496761372601177
0.22737518634179657	0.06980726657308181	0.31313226166312713	0.1550620075927219	0.23462327782927236
0.22417546332293756	0.07048770992559947	0.3136943355781998	0.1565336998258729	0.23510879134739004
0.22739844241027257	0.07259038711693558	0.3107989303186324	0.15680252057557573	0.23240971957858345
0.22838532990113303	0.07077887217152895	0.3129529920437276	0.1559249418420829	0.2319578640415273
0.22639889213404207	0.07072026125399386	0.31357814338089274	0.156024309425508	0.23327839380556306
0.2254658642460881	0.07191079181856863	0.31235095623342124	0.15625422173597156	0.2340181659659502
0.2246776583606067	0.0721570867891127	0.31333385646266027	0.15690858888322606	0.23292280950439403
0.22676451340290263	0.07018418938667939	0.31252361492651154	0.15592267901368884	0.23460500327021738
0.2279701294198168	0.07122630359741777	0.3115927782118745	0.1552785117195963	0.23393227705129438
0.22700714014159862	0.0700307638679353	0.31205030514238563	0.1565133623118734	0.2343984285362068
0.22565588990611252	0.07039538672846068	0.31353442571265694	0.15618492536026063	0.23422937229250895
0.22514127770997347	0.0705308241095576	0.3127301913935826	0.15692941674223043	0.23466829004465561
0.22524404053243502	0.07246062983687035	0.31187171174899175	0.156516536441617	0.23390708144008568
0.22766269743828008	0.06977073008743795	0.3125800328553607	0.15522192387418654	0.2347646157447345
0.2290473266029385	0.06956988651481816	0.31385726141491177	0.155579409379252	0.2319461160880794
0.22846382364795687	0.07051217391464248	0.3106429061397963	0.15546510818965467	0.23491598810794947
0.226493651252001	0.07230719601787466	0.31217205361962463	0.1568148425265271	0.23221225658397232
0.22801092552780594	0.06955772143780103	0.3129286023765277	0.15681935786500253	0.23268339279286257
0.22761870081410412	0.07107661568893625	0.3113137493244	0.15686808439848218	0.23312284977407727
0.22619489180292718	0.07125291081549215	0.3121232444016122	0.15627530360585812	0.23415364937411012
0.23019931432515678	0.06990734681190727	0.31179928602318974	0.15638122599760457	0.23171282684214137
0.227601767567307	0.07042140320045448	0.312612940546825	0.15524155955719415	0.23412232912821915
0.23037138983660552	0.07001217806044563	0.31048287346752945	0.1561212627079959	0.23301229592742329
0.22942752397268226	0.07106581846683518	0.31035016179576935	0.15503267784034894	0.234123817924364
0.2271203244205093	0.07040684511188192	0.3130033772972358	0.1561141647339363	0.23335528843643644
0.22719169167789122	0.06985654341750722	0.3128180807532864	0.15570480259722239	0.23442888155409256
0.2262614645901742	0.07206496738251272	0.31303198494347156	0.1550647219063153	0.23357686117752596
0.2256130967869111	0.07233599451665332	0.313453165253361	0.15659918877448525	0.2319985546685891
0.2261485202572863	0.07186743019081346	0.3105134759371902	0.15693784262404484	0.23453273099066502
0.2270744982363158	0.0713529083197644	0.3127198506706778	0.15555049050324327	0.23330225226999846
0.22861327218184763	0.07005920480726038	0.31165876761916544	0.15513713537961377	0.23453162001211256
0.22706286560287434	0.07122276633137797	0.3109298161779104	0.1559599752614325	0.23482457662640457
0.22653278974657687	0.07078581914063584	0.31200086828587364	0.15596588815995027	0.23471463466696313
0.22896070821517378	0.07096493375202154	0.31053805316051686	0.1556295279891723	0.2339067768831153
0.2253352351104483	0.07175285869362222	0.3127007537675949	0.1563411094580972	0.23387004297023717
0.22835162378254129	0.07148655940945778	0.31213860509661573	0.15536378370741727	0.23265942800396772
0.23085794118962263	0.07104031892228804	0.31066662304018317	0.1550230178168877	0.23241209903101823
0.22705592334143293	0.0721882432596587	0.3110902765679533	0.1560419521127693	0.23362360471818555
0.22933774723353664	0.07110144857890444	0.31212311037731355	0.1558590905433707	0.23157860326687446
0.224546211857731	0.07204388980286958	0.31225484460632524	0.15677531556790747	0.2343797381651665
0.22842510661390297	0.07126278058460148	0.3115586133692268	0.1567599480010173	0.23199355143125117
0.2268033074230744	0.07164297895230329	0.31205365457036016	0.15543118798759847	0.2340688710666634
0.2252342942759401	0.07165013721354654	0.3136102289174871	0.15497845576219768	0.23452688383082837
0.2289118704288531	0.07106816229968929	0.31271994877148895	0.15574925182109503	0.23155076667887337
0.23022525409674713	0.07041953257777522	0.3106492264779665	0.15621587606961088	0.23249011077790002
0.22694254871041428	0.07250530262667695	0.3104516456575055	0.15584979925823805	0.23425070374716495
0.22716670694133198	0.07021419388633313	0.31314340417112574	0.15630861600552454	0.2331670789956844
0.22709728777249238	0.07167464868878323	0.3124546138714115	0.15564916576708715	0.23312428390022555
0.2269519805076179	0.07242049047248197	0.31221470276828817	0.15623561109421896	0.23217721515739276
0.22604873435096606	0.07218804352859112	0.3110015427174911	0.15570954627646494	0.23505213312648654
0.22586331721666283	0.07023643490563505	0.3136768068150305	0.155533532987561	0.2346899080751104
0.22539762500484511	0.07079637669148381	0.3133198737352203	0.1558736567549508	0.23461246781349973
0.2268690312681647	0.07265998197381765	0.3124713089705485	0.15607635959894145	0.23192331818852743
0.22859454841248347	0.07059368802489122	0.313231244196106	0.15596301640022556	0.23161750296629352
0.2273759683469796	0.07037538159982676	0.31202403308894694	0.15643831408042397	0.23378630288382254
0.22858427735860742	0.06979252221966772	0.311498835113721	0.15570302647495254	0.23442133883305105
0.2307762645276738	0.07027010389007649	0.31063213477977153	0.15656033514581066	0.23176116165666727
0.22638174461285657	0.06961789682076164	0.3134509517225026	0.1561438091329815	0.23440559771089742
0.22813614090564902	0.06992580590185729	0.31248343931214356	0.156204435436451	0.23325017844389892
0.2282121143909638	0.0706883072894452	0.31079178518631456	0.1556297465293004	0.2346780466039758
0.2266306477233771	0.07225877341770137	0.3113052790789504	0.1564771263028342	0.2333281734771367
0.2282167601929499	0.07154332276064457	0.31087924578403925	0.15604522343794328	0.2333154478244228
0.22896117406969127	0.07044883446833955	0.3123012067057007	0.15574404669716885	0.23254473805909942
0.22421845951651376	0.0721800837215591	0.3131441399267608	0.155786249456666	0.2346710673785001
0.22723103709212758	0.06975884640620167	0.3112127163211816	0.156837366725202	0.234960033455287
0.22567649542765186	0.07098069561292139	0.3137676841900667	0.15585346850775558	0.23372165626160424
0.2280782343906525	0.07078612496750733	0.3117436735012935	0.15531056624152542	0.234081400899021
0.2288077488902954	0.07146490256480106	0.31238805898043553	0.1558248781414971	0.23151441142297075
0.2279349117726041	0.07271002881313715	0.3113490395142213	0.15595295535739187	0.23205306454264527
0.22824821125425426	0.06972262699167253	0.3134083112065526	0.15625573394379755	0.23236511660372278
0.2288430435496257	0.07183057395073728	0.3114984310924864	0.1560449813703317	0.23178297003681864
0.22625927436868404	0.0724143540772949	0.3125734387132755	0.1564973799041535	0.2322555529365919
0.22607322710371064	0.07188188828323158	0.3125294117470531	0.1559409064576813	0.23357456640832314
0.23029878166386364	0.0718907063247829	0.31085813579133725	0.15510998782565352	0.23184238839436244
0.22730575528453933	0.07034307844837406	0.31258453220064025	0.15692580282561588	0.23284083124083024
0.22548729855677088	0.07249633291364935	0.313245674014073	0.15496264552508832	0.2338080489904183
0.22564909941354439	0.07056408489993779	0.3134170968398489	0.1552354803031623	0.23513423854350637
0.22798658098837166	0.07232942609109258	0.31314832754313554	0.15503394648653546	0.23150171889086452
0.22701546748734236	0.07142819590124985	0.3119861469924707	0.1559866404319222	0.23358354918701466
0.22702708779499445	0.07118009254541968	0.31194292497326703	0.15632956716484442	0.2335203275214742
0.2274611852467576	0.07242652451026463	0.31246033933356077	0.1561131014097189	0.23153884949969789
0.22664414971275665	0.07190269614435063	0.3123805781009427	0.1565489486099589	0.23252362743199087
0.2261656326613782	0.07216652404650156	0.31228297593813314	0.1551441180568232	0.23424074929716365
0.22577922404823778	0.07112297914692706	0.3134579078829982	0.15551595907914267	0.234123929842694
0.22811550818163392	0.07184458598122004	0.3125899738657323	0.1556746106476189	0.2317753213237946
0.2305028517623151	0.07098265140872836	0.31193008398942945	0.1550300964492176	0.2315543163903093
0.22724760584706705	0.0718440944831994	0.311420198207744	0.15659105359359943	0.23289704786838983
0.22857870083139886	0.07022456818716555	0.311290040925656	0.1564400799654998	0.23346661009027952
0.23012269478129432	0.06994049660288326	0.31069665998650975	0.15652154629983978	0.23271860232947267
0.2257552584388906	0.07243220374079556	0.31387557638237007	0.15601172251189332	0.23192523892605024
0.2309280766540577	0.0703534455423451	0.31045848612873905	0.15599166020992117	0.23226833146493672
0.22810430468606435	0.07108562301097077	0.3111283549636865	0.1558547950587035	0.2338269222805746
0.22436528101410463	0.07271173946324011	0.31274042009266945	0.15669723772799976	0.2334853217019858
0.2266996372730909	0.07054165966365455	0.3131190805873145	0.15509218052677043	0.2345474419491694
0.22692515853818723	0.06989599126256357	0.3117911805439947	0.1563559108623886	0.2350317587928657
0.23033235682642444	0.0698384985432986	0.31115664244299696	0.15685597620011066	0.23181652598716906
0.2280381285045948	0.0725859982692654	0.31143226357173176	0.15518796778874766	0.23275564186566017
0.22756724458923833	0.06995651017253401	0.3113322293991303	0.15686910987389818	0.23427490596519895
0.224457250643565	0.07254930947300048	0.31234058646524154	0.15666161074933901	0.2339912426688537
0.22983385979653026	0.0712749268616549	0.3117066413444296	0.15513206618784747	0.23205250580953754
0.22436339321091142	0.07163369536720846	0.31385641773917416	0.15679553781050198	0.23335095587220378
0.2300711609832656	0.06994031601668502	0.31131406302803577	0.1558735042142908	0.23280095575772258
0.22406674186986414	0.07158494243571356	0.313478571914131	0.15678703034174019	0.23408271343855086
0.22538505504809425	0.07092761658064875	0.3136952324226996	0.15577079408196362	0.23422130186659357
0.2262084779076886	0.07161637969252138	0.3127319489735282	0.1558559546110379	0.2335872388152237
0.22792927221601816	0.07192847277170611	0.3106115178361198	0.1563915403883542	0.23313919678780148
0.22761398849735007	0.07246906790159977	0.31045318691860374	0.15507503692537933	0.23438871975706682
0.22609128982210108	0.07050575491070893	0.3137881546909975	0.15495978198384486	0.23465501859234736
0.22748374390823803	0.07127895130227646	0.31138705830129565	0.15525992078841333	0.2345903256997763
0.2243918136555576	0.07127031730687136	0.31346487124635697	0.1557110947742686	0.23516190301694528
0.2239789713538209	0.07207703854491584	0.3134882205367594	0.15638252568321465	0.23407324388128897
0.23026669057832408	0.06978228781502133	0.3112362176484625	0.15537217003304793	0.23334263392514393
0.2282602305574195	0.06966138715723688	0.3117056720689104	0.1556918444743956	0.23468086574203734
0.2283266643922682	0.0719424820521686	0.31163582355254243	0.15504925911535203	0.23304577088766848
0.2254133407868658	0.0707562306432159	0.3129775705781832	0.15616561880895402	0.23468723918278084
0.22572066560542456	0.07046335921084723	0.3128645215953149	0.15617930926331525	0.2347721443250978
0.2279201191278133	0.0725828746308313	0.31274095277491604	0.15512623987480798	0.23162981359163115
0.22610080369175484	0.07265468239916059	0.3116950857660475	0.15694230582696286	0.232607122316074
0.22564876807472842	0.0713770966466423	0.3133894232131584	0.15601191919891663	0.23357279286655408
0.22958333095005387	0.07025158346406546	0.31200303023431375	0.15567691286804153	0.23248514248352514
0.2253651934387742	0.07241270439751377	0.3131951254666914	0.15598637446461638	0.233040602232404
0.22752209965747414	0.07013996448615736	0.31146863514928413	0.15671466524799268	0.23415463545909143
0.22983695727334888	0.07203495952337766	0.31071083893281914	0.15569131491921434	0.23172592935123976
0.22771404174520685	0.07085091019156517	0.3136847386888274	0.15504114591507145	0.2327091634593289
0.22443778612944626	0.07123464633413673	0.31360451409791257	0.15591229297319403	0.23481076046531013
0.22452845387295545	0.07272106880020074	0.31325508426949455	0.15677106515971267	0.2327243278976364
0.22832194140898385	0.07099859817261317	0.31029389730452317	0.15629616012378503	0.2340894029900945
0.22979449798738033	0.07231199473465069	0.31036789169332024	0.1550500218357858	0.23247559374886273
0.22699485642349265	0.07234729715170324	0.31169680822891666	0.15495727807126547	0.23400376012462176
0.22867625264775	0.07118594025863223	0.3131721993508981	0.15521511358604895	0.23175049415667054
0.22782643892568966	0.07035199931822039	0.31207644128601714	0.15599315271733094	0.23375196775274168
0.22813210122717298	0.0701647978203265	0.310855054933385	0.15615500898640947	0.23469303703270586
0.22745847277605352	0.07103823217318692	0.31110879559722227	0.15640123610863974	0.23399326334489734
0.2289677121546314	0.07095503741197381	0.3106968116597366	0.15557774246773917	0.2338026963059187
0.22706481288729613	0.07207478426033592	0.3108805414425277	0.15590737260946466	0.2340724888003754
0.2265230488265286	0.07069901237812315	0.31204443383032815	0.1565669260987087	0.23416657886631112
0.22580730702612642	0.070598515410289	0.3123952544316356	0.15668905053679688	0.2345098725951518
0.23010001666520025	0.07004145452831587	0.31044864487161267	0.1566659929134799	0.23274389102139104
0.227114836953258	0.07046918938711988	0.3128111040473633	0.1549714197017684	0.2346334499104902
0.2299341585371296	0.07141443912579623	0.31100354048741496	0.15523806121678735	0.23240980063287162
0.22733054354818621	0.06972221029112041	0.31238374519865564	0.1558973412233871	0.23466615973865035
0.23123178359128393	0.07008359203590886	0.31033330352576904	0.15685213803557607	0.23149918281146184
0.22547262112210936	0.07164337702741061	0.31219274332279434	0.15667078536102008	0.2340204731666654
0.22751222011360292	0.06980124189525314	0.31280103611788906	0.15584559087205785	0.2340399110011968
0.2268661721220605	0.07096047614836054	0.3130398257775733	0.15668269047353806	0.23245083547846734
0.22726477312824522	0.07065547722547724	0.31355748986046594	0.15521118813155937	0.233311071654252
0.22974141132027037	0.06964278242885255	0.31083579337653455	0.156484228152603	0.23329578472173926
0.22657415454957897	0.07202723638311362	0.310861164746588	0.15609637082972677	0.23444107349099244
0.22841335007270636	0.07009907502640561	0.313439199921724	0.15534754930862882	0.23270082567053502
0.22623051661092758	0.07271674700019976	0.3106084980301343	0.15614585986267865	0.23429837849605953
0.22780646629780316	0.07114407194022387	0.3126419589702555	0.15577649802322896	0.23263100476848833
0.2263661596885471	0.07200478567331592	0.3111341629311342	0.1569139196153188	0.23358097209168371
0.23117057677955563	0.07024152639219786	0.31158597559220413	0.15514861530112017	0.23185330593492195
0.22897597920368576	0.07022884355447351	0.31291886303725236	0.15614944165461667	0.2317268725499715
0.22482066685934826	0.07176168105340841	0.3136856339817107	0.1551710298588732	0.23456098824665922
0.22669742797016235	0.07134070510798579	0.3120440679338782	0.15544969798213956	0.23446810100583387
0.22632785358943655	0.07206357682239042	0.31083621811625484	0.1561092472430386	0.23466310422887934
0.23023728962548967	0.0701857217215987	0.31227594580244616	0.15510406815984001	0.2321969746906252
0.23145913653329386	0.0706579535377296	0.31098038790691096	0.15521083310290767	0.2316916889191577
0.22612214319804172	0.07030735881335087	0.313635471098666	0.15692475816018425	0.23301026872975683
0.2271889501549814	0.07169241525701447	0.310677423875506	0.15617621659919723	0.2342649941133007
0.22699015506139747	0.07108606775569382	0.31282209349864176	0.1557229553296964	0.23337872835457027
0.22576603287044225	0.07192508801018999	0.31300928384116095	0.15680110762665617	0.2324984876515504
0.22786489525664422	0.07083592713062306	0.31031113878679634	0.15666268534630964	0.2343253534796265
0.22624887720714004	0.0719283565837672	0.3120746306034415	0.15609244530431657	0.23365569030133448
0.22640883450818833	0.07219916357121114	0.31332831254191673	0.15594987142295802	0.23211381795572555
0.2287802490616221	0.06975476774596476	0.3114488057887453	0.15503730521975134	0.23497887218391628
0.2292988929068667	0.06982923827249127	0.31189209284738095	0.15533058596017793	0.23364919001308293
0.22417571004746345	0.07116958853012442	0.31356080963394484	0.15627820284958813	0.23481568893887894
0.2239339628774428	0.07261879514427963	0.3127698422026681	0.1559956864703743	0.23468171330523496
0.2306376940521494	0.07169674533945028	0.31042891390221194	0.1556318810635473	0.2316047656426408
0.23088722558161912	0.07102617938227629	0.31108442901841726	0.15520350335100244	0.23179866266668467
0.22725948051525216	0.07266020352341174	0.31105029648454796	0.15630777341880406	0.23272224605798386
0.2261533849683064	0.0717352516148593	0.3117077318175243	0.15552441086593788	0.23487922073337184
0.22649680837736902	0.07241323707247804	0.31185910527851385	0.15617448555230293	0.2330563637193359
0.23006678870173186	0.07030567627001036	0.3120238623258017	0.15562325709088048	0.23198041561157534
0.22713628629939567	0.07195974350363046	0.31277975614426967	0.15593721484164322	0.23218699921106073
0.2282908153480142	0.07228609335654723	0.3112058268926787	0.15505989581795326	0.23315736858480632
0.2256168427828707	0.07091646519184544	0.3133565394385377	0.1565535596922598	0.2335565928944861
0.22803171215365783	0.06993745338227109	0.3136159949411568	0.15626884765783897	0.23214599186507512
0.22676811690301263	0.07095896216084363	0.31223213186007065	0.1556226974544932	0.23441809162157967
0.2294066005666605	0.07034412153160466	0.3124221241416976	0.15502056881594412	0.23280658494409284
0.22731157766947066	0.07154419713897955	0.311914167333989	0.1567213404975632	0.23250871735999729
0.23123411076184847	0.06998639126479947	0.31169391586778483	0.15551492840993156	0.23157065369563545
0.22594230277955615	0.06972538148772059	0.313837474444882	0.15688104419882626	0.23361379708901478
0.2293434188181201	0.06977611916058293	0.313740523461679	0.15558042285228008	0.23155951570733768
0.2272379674453991	0.07001517427232368	0.310884724971339	0.1567839924714532	0.23507814083948478
0.22704160292131187	0.07124933446879414	0.3110439934209849	0.15575758790367122	0.23490748128523764
0.23051018437931958	0.06997964942118054	0.3105144299328215	0.15602367708367587	0.23297205918300226
0.22736439823696	0.07233573233916346	0.3123142297334443	0.15647761882090044	0.23150802086953154
0.22668326503087183	0.07269735421519091	0.31362723586342534	0.1553889997172195	0.23160314517329217
0.2265403195854252	0.07167723056264455	0.312392339290243	0.15547453713940115	0.23391557342228586
0.22749720038198595	0.07140039688228636	0.313489874897392	0.1558166922960058	0.23179583554232963
0.22632712868549268	0.07248930900622017	0.31133120770697154	0.15691969378322718	0.23293266081808817
0.22527412412347775	0.0710435560385825	0.3138464258204682	0.15613142317415213	0.23370447084331922
0.2294090741783312	0.07028851826183152	0.3121745221182702	0.1566055697422145	0.23152231569935233
0.22625806340355975	0.06982212277076669	0.31348693536089045	0.15601911094158658	0.23441376752319626
0.22602996095029398	0.07171514594301356	0.3123934181545045	0.1554297999987701	0.23443167495341755
0.22665678012651894	0.07112545949598464	0.3114788572587012	0.15557731257926607	0.2351615905395289
0.22920787397434803	0.07121711157102267	0.311129133497878	0.1566851236784899	0.23176075727826112
0.22984872448063207	0.07050266186373733	0.3105874751762556	0.15684630497120516	0.23221483350816963
0.22425640172389366	0.07185083696607936	0.31380526366976585	0.15642278736720291	0.233664710273058
0.22697998411924603	0.07148884405545641	0.3112015869180302	0.1567042858658262	0.23362529904144094
0.22772563380196986	0.07219009389961287	0.3107302727638582	0.1554742314784895	0.23387976805606936
0.22622184492670191	0.07050559819185218	0.31302826327981814	0.1563189744292903	0.23392531917233722
0.2281917961564438	0.07158999878085431	0.31081271896119494	0.15614338842171682	0.2332620976797899
0.23132772191063122	0.07029905365736727	0.31182169148605093	0.15507020462247778	0.2314813283234726
0.22667206593929395	0.07228784655461448	0.310350253306629	0.1561317632965069	0.23455807090295544
0.2276765246622089	0.07190354136729638	0.31142700503174336	0.156235715203359	0.2327572137353921
0.22668592541958835	0.07216357147949093	0.3117587000861547	0.15641025457458932	0.2329815484401765
0.22873431960707036	0.07148082126713176	0.3113217646816889	0.1563543021676233	0.2321087922764854
0.22503301943502507	0.0712737055350893	0.3135510090746865	0.15692279223173825	0.2332194737234606
0.22924991542140458	0.07159846475450984	0.31185407958716965	0.15510114319364243	0.2321963970432733
0.22991570336510617	0.0720105401633638	0.3107726882407023	0.15550113421616313	0.2317999340146643
0.22794044144220815	0.07089112274462575	0.3113905590468493	0.15623213958738918	0.23354573717892735
0.2253193298808286	0.07276897077462727	0.31189099183852953	0.15564170632293087	0.23437900118308347
0.22895817315189934	0.07085101108549566	0.31226390453329156	0.15556533493831481	0.2323615762909984
0.2256952467966886	0.07207678678794577	0.3123418040616361	0.15694648526554023	0.23293967708818908
0.22438791984041817	0.07216876324633234	0.3121619315242363	0.1565857143836709	0.234695671005342
0.2253910655908368	0.07188110321139254	0.3135936407799869	0.15536441341916424	0.23376977699861923
0.2287635955257795	0.0699616020935413	0.3135095148134984	0.1555698407254316	0.23219544684174895
0.22654795893990554	0.0725252339643358	0.3110613177492806	0.15671561546443286	0.23314987388204497
0.22810828416149312	0.07047843638584664	0.31133657042207397	0.1552387385547207	0.2348379704758653
0.22911504443799988	0.07239309065591792	0.31055861028383835	0.15592604445622804	0.23200721016601555
0.2286163596038657	0.07064792147574012	0.3104667270326878	0.15529740505269338	0.23497158683501274
0.22503979010175124	0.07202312711862507	0.3130377312486763	0.15590031774270002	0.2339990337882471
0.22783730115592227	0.07160882844997196	0.31144774452933544	0.15522528501813992	0.2338808408466302
0.228180357207393	0.07001563411465381	0.3127325984113823	0.1564950377451943	0.2325763725213763
0.2269246684128326	0.07029816126105995	0.3125034798176478	0.1566471167141912	0.2336265737942682
0.22610321363140728	0.0713542675815142	0.31266654828961127	0.15522312791741813	0.23465284258004884
0.22658646780990607	0.07183881226398095	0.31134461483922277	0.15671099497717794	0.233519110109712
0.22450260284648396	0.07277561292682988	0.31235854265980423	0.15681388885369585	0.2335493527131858
0.22965309012019344	0.07019784407069896	0.312772090511601	0.1553146140304247	0.23206236126708166
0.22786737704390125	0.07161439695993349	0.31143779179151976	0.15502920236131654	0.23405123184332877
0.2261632611410713	0.07065205196874988	0.3125978417185799	0.15584211423411493	0.23474473093748377
0.22930284346224503	0.07139852284543807	0.3117664983124042	0.15541785839470737	0.2321142769852051
0.22434582518395157	0.07179670019349535	0.31374281583105984	0.15585483723827764	0.23425982155321537
0.2276502181947476	0.07010657462365946	0.3121991731985614	0.15649442588549417	0.23354960809753716
0.226680014759765	0.0714247990522082	0.31110370336557713	0.15692786836279407	0.23386361445965542
0.2287625383803643	0.07116829010200906	0.3116775832228274	0.15612873016464726	0.23226285813015174
0.2246365977595223	0.07122442588483913	0.3133258072949027	0.15678758593464676	0.2340255831260889
0.2287026398078376	0.07074794054838474	0.3137808843632319	0.15527450961786693	0.23149402566267857
0.22608570540180326	0.07270141728412657	0.31208910709216	0.1567302234637381	0.23239354675817184
0.22952485924261282	0.07173599614575643	0.3106550133701632	0.15560797300478482	0.2324761582366824
0.22693874169254147	0.07137809456431429	0.3124618600736373	0.15529393551229395	0.23392736815721277
0.2246514468616625	0.07214755209924362	0.3126843871460262	0.1566566451552563	0.23385996873781117
0.22494820267789023	0.07173706916511055	0.312832827457313	0.15669937376934695	0.23378252693033902
0.2308352360400385	0.07132398754490879	0.31056319605927335	0.15573481533439434	0.23154276502138477
0.22750400122477268	0.07127081072910335	0.3110261294780546	0.15529152094820498	0.23490753761986416
0.22766279088257804	0.07067502659561967	0.31250252663822364	0.15607204028214122	0.23308761560143715
0.22776862045952467	0.07033070225876425	0.3137012491338211	0.15605195812701295	0.23214747002087677
0.22566488645864313	0.07022762156397067	0.3136368117588925	0.15583329862650352	0.23463738159198994
0.22789067571463095	0.06994408242516048	0.3124983113883121	0.15592758281738067	0.23373934765451554
0.22957924649320588	0.07099942575245113	0.31050869095835687	0.15518833294858053	0.23372430384740533
0.22865524512817614	0.06989877952666845	0.312469831869555	0.1561010946564907	0.23287504881910945
0.2291894521447024	0.07163028806568864	0.31081076266967167	0.15530589605105943	0.23306360106887758
0.22720240963789112	0.07134035789129456	0.3125997889721829	0.15589847088239073	0.23295897261624043
0.22437056749648526	0.07264961117766042	0.31217466527216	0.15607383069788555	0.2347313253558085
0.22904002208867585	0.07025083557797382	0.31281906908569834	0.15496628514679484	0.2329237881008569
0.22480609599792528	0.07258818589398724	0.31269343245359443	0.15530069808422642	0.2346115875702664
0.23060423880824218	0.07081949064119003	0.3105912897451276	0.15650856571240812	0.23147641509303182
0.2257810023871538	0.07244665663029665	0.3129652176958617	0.15623399043397132	0.23257313285271636
0.23017411092350412	0.07059531399373722	0.31150229587033973	0.15498881504571932	0.23273946416669938
0.22594118437936483	0.07209738696270862	0.31270657166770754	0.1565100310069832	0.2327448259832356
0.22914932844243618	0.06968832503810382	0.3119524687249726	0.15598065571219819	0.23322922208228894
0.2256556581752186	0.07208977442296624	0.31189560342563777	0.15571965279658684	0.23463931117959033
0.22613907549914436	0.07132400795509847	0.31274025358467133	0.15503548987081184	0.23476117309027378
0.22571730826388467	0.07218906969289396	0.31314401200566844	0.15590549880945212	0.2330441112281006
0.22718671416113959	0.0713634697250442	0.3130564845919392	0.15562421126803386	0.2327691202538429
0.2274642539675836	0.07259676832717754	0.31033342127351904	0.1558633007807983	0.23374225565092133
0.22544388127384374	0.07275367664333865	0.3118163129634336	0.15689258749676027	0.23309354162262347
0.2270072082488693	0.0697424638610536	0.3135232171256274	0.15556664966575962	0.23416046109868982
0.2247199875489099	0.07060293161614681	0.31351953512540615	0.15688282140332546	0.23427472430621143
0.22467999374758107	0.07076109284876245	0.31284975051062214	0.15676775863829862	0.2349414042547355
0.22854685746194603	0.07110625477774257	0.3122345509619937	0.1556459776514593	0.2324663591468582
0.22693650198858664	0.07161669772191542	0.31107599830286925	0.15669223387640902	0.23367856811021942
0.2255059754046749	0.07015022332840862	0.3136265822070286	0.15675918548481363	0.23395803357507403
0.22617298443892014	0.07249127150227885	0.3117740346252408	0.15546026915625727	0.23410144027730267
0.22573945297185827	0.07207333091412568	0.3124520010931351	0.15567942745673075	0.23405578756415002
0.22496788557032968	0.07201171716818072	0.31165900991676976	0.15667861902284627	0.2346827683218733
0.22815838987091064	0.06991722822046814	0.3113165187503861	0.15667638289840413	0.2339314802598308
0.2241773392830973	0.07248205195353796	0.31234987241963563	0.1563878478126514	0.2346028885310775
0.22825254206529116	0.07245172567613795	0.311121825774252	0.15589902723284815	0.2322748792514705
0.23049128708577743	0.06958495235123968	0.3119489657760925	0.1558669679058245	0.23210782688106563
0.22809057661045076	0.07115323835750886	0.31178504190254386	0.15689339971238467	0.23207774341711157
0.22696323796473197	0.07224411832044367	0.3122857987413351	0.15622292953315814	0.2322839154403309
0.22927750627599308	0.07136803683262094	0.3105556498219523	0.15652469134280034	0.23227411572663303
0.22453064693154012	0.07192044759129812	0.3129456227407773	0.15547821107986176	0.23512507165652247
0.22508945956154205	0.07215749782625028	0.3134129400118969	0.15597135866282136	0.2333687439374892
0.22979185562252386	0.07060812010805012	0.31079244585103766	0.15626815302545383	0.2325394253929343
0.2290236744987286	0.07022939820751933	0.3122759269146446	0.15676774293077284	0.2317032574483344
0.22559252360832097	0.07033016541451986	0.3135667376027848	0.15609435851084716	0.23441621486352698
0.22787989781942164	0.0711754814634967	0.31091268485272316	0.15508817329207247	0.23494376257228572
0.225319343943525	0.0726952199257676	0.31283608241826877	0.1561115513810648	0.2330378023313736
0.23115839000252347	0.06986081481062362	0.31133089267179387	0.15568160433122075	0.23196829818383807
0.2255953693194458	0.07078556854543722	0.3137392587345804	0.1559072314628417	0.2339725719376946
0.2290669283373982	0.07112209795043181	0.31225136749106114	0.15509570433963243	0.2324639018814762
0.22822553378223215	0.0707267923583211	0.3127569655684887	0.1549797251305423	0.23331098316041549
0.2299400274130987	0.07103967383466375	0.3102839413136552	0.15512133781645138	0.23361501962213072
0.22665071379375684	0.07073120592148263	0.31217037645212153	0.1556630066520765	0.23478469718056227
0.22809710476789985	0.0713099053427993	0.3138575335347794	0.15500076361534398	0.2317346927391772
0.2257027163578325	0.07007933982700032	0.3132755644975781	0.1558010819073099	0.2351412974102789
0.2252694782851295	0.07105452909353416	0.3137409265798695	0.1560130339223112	0.2339220321191554
0.22475691720722268	0.07250844616872881	0.31326434505975764	0.15615394000015798	0.2333163515641326
0.2250852735694344	0.07107175048057626	0.3134907124938735	0.15575017608109099	0.23460208737502458
