0.37691196610124733	0.3725573729684464	0.2505306609303064
0.37693496275273664	0.3725739472861566	0.25049108996110686
0.3769291744350769	0.372545763153196	0.2505250624117273
0.3769251360778602	0.3725539388516835	0.2505209250704564
0.37690323811473503	0.3725926871201917	0.2505040747650734
0.3769071995623161	0.37260340935590097	0.2504893910817831
0.3768955219785512	0.372619581567049	0.2504848964544
0.3769191482008756	0.37256594637866935	0.2505149054204552
0.3769043908635358	0.37258320864748395	0.2505124004889804
0.37692509705497085	0.3725681923222819	0.25050671062274743
0.376902851623126	0.37257932241870506	0.25051782595816907
0.37693165234007514	0.3725789202683518	0.25048942739157315
0.3769395452312387	0.37254833727046244	0.25051211749829894
0.37690021861346207	0.37260212420635025	0.2504976571801878
0.37693318170873114	0.3725499095018395	0.25051690878942945
0.376898093727717	0.372570360952556	0.2505315453197271
0.3769311180810054	0.3725676016063261	0.2505012803126686
0.3769090022042538	0.37258113923746716	0.2505098585582791
0.37692353279850566	0.3725663689631665	0.2505100982383279
0.37691308518363764	0.3725720854431186	0.2505148293732438
0.37691139555784475	0.37258426752516915	0.2505043369169862
0.37690253087301995	0.372579776289531	0.25051769283744924
0.37691439806050064	0.37258637358715596	0.2504992283523435
0.3769219994125465	0.3725947959897446	0.250483204597709
0.37691208421418565	0.37258764767606367	0.2505002681097508
0.3768967739516483	0.37259511367760845	0.2505081123707434
0.3769208026713612	0.3725943137633827	0.2504848835652562
0.376932569734691	0.3725711779616274	0.25049625230368167
0.3769394088033832	0.37256080638145717	0.2504997848151597
0.376912343289989	0.37257645454088395	0.25051120216912715
0.3769343819179841	0.37257552429967256	0.25049009378234344
0.37691809494691625	0.3725591801320034	0.25052272492108046
0.376903192283018	0.3725974834408047	0.25049932427617744
0.37691447901764524	0.37260042050455267	0.25048510047780215
0.3769268913091804	0.37256331823949324	0.2505097904513265
0.3769295572392645	0.3725600024422818	0.2505104403184537
0.37690854499814463	0.3725981443426679	0.25049331065918756
0.3768957123236876	0.37259989542059324	0.25050439225571924
0.3769374693838135	0.3725652565765512	0.2504972740396354
0.3769271814293473	0.37258746393790165	0.2504853546327511
0.37689846607382094	0.37259381108738515	0.250507722838794
0.3768992862577403	0.37259960899483235	0.2505011047474275
0.37693521609230685	0.37256068225950306	0.25050410164819015
0.37689658216472366	0.37257908961669817	0.2505243282185783
0.3769263119009504	0.3725757913851953	0.2504978967138544
0.37692181350894205	0.37257141354465206	0.25050677294640605
0.3769315651499966	0.3725480710814671	0.25052036376853637
0.376937923577555	0.37257895725836226	0.25048311916408283
0.3769020316367168	0.3726073682406495	0.2504906001226338
0.3769334244769739	0.3725484443804212	0.250518131142605
0.37692822969061307	0.37258757325678155	0.2504841970526055
0.3769076008332843	0.3726001392884186	0.2504922598782972
0.37692386054850585	0.3725873605043407	0.25048877894715355
0.3769057962398928	0.37257969826231263	0.25051450549779464
0.37691980113146634	0.3725564393051193	0.25052375956341444
0.3769171247793991	0.37255762020904587	0.25052525501155515
0.37692913107723175	0.37257368539431246	0.25049718352845585
0.37691795141301676	0.37258388835902784	0.2504981602279555
0.3769098691334994	0.37258633970521493	0.2505037911612858
0.37690850826165	0.37258044566137255	0.25051104607697755
0.37691204169162795	0.37259897154539984	0.25048898676297227
0.37690603307205156	0.37260769944334166	0.2504862674846069
0.37693487017912114	0.3725731237850406	0.2504920060358383
0.37689954752502275	0.37259259573338643	0.25050785674159093
0.37693044248067253	0.372571473293816	0.2504980842255116
0.3769098376324112	0.3725662250416178	0.2505239373259711
0.37692828050921406	0.37259145401634314	0.2504802654744429
0.3769019565371484	0.3725742703338417	0.2505237731290099
0.3769211481448334	0.3725732077137583	0.2505056441414084
0.37693403564235395	0.3725617081801087	0.25050425617753747
0.3769287218303037	0.3725597846415626	0.25051149352813384
0.3768952677410642	0.3725942973929552	0.2505104348659807
0.37693682161008546	0.3725720522834851	0.25049112610642954
0.37690838559294676	0.37260007578854965	0.2504915386185037
0.3769184077281408	0.3725947916179456	0.2504868006539137
0.3769018272890772	0.3726131069441757	0.25048506576674723
0.37691731744234364	0.3725581126623563	0.2505245698953002
0.37690567222317495	0.3725881655506366	0.25050616222618854
0.3769008435730179	0.37261457040591506	0.25048458602106716
0.3769256207153438	0.3725710772175854	0.2505033020670709
0.3769361063501786	0.37255734827287484	0.2505065453769466
0.3769104506936192	0.37258262569296274	0.25050692361341814
0.3769214991597858	0.3725614765274637	0.2505170243127506
0.3768974790363825	0.3725935685796813	0.25050895238393633
0.3769109941022587	0.37257654600556844	0.25051245989217297
0.3769267708305203	0.37255180440277447	0.2505214247667053
0.37689701418581867	0.37257830902702904	0.2505246767871524
0.3769038089617855	0.37258251111137486	0.2505136799268398
0.37690878261339883	0.3725812621709134	0.2505099552156878
0.37692157330806075	0.37254703862022076	0.2505313880717186
0.3768996952723475	0.3725938777742555	0.2505064269533971
0.37692723276176643	0.37255168305429653	0.2505210841839371
0.37693789117439686	0.37255676022809414	0.2505053485975091
0.37689827991863345	0.37259862231852414	0.25050309776284246
0.3769290473625575	0.3725725092677255	0.25049844336971705
0.3769277146585003	0.37257177566651956	0.2505005096749803
0.3769337022589364	0.3725736771555321	0.2504926205855316
0.37690000220885156	0.3725810169846503	0.2505189808064982
0.37692396090948294	0.3725769468333666	0.2504990922571506
0.3769055442945154	0.3725771225397386	0.2505173331657461
0.376934317029298	0.37256780625600167	0.2504978767147004
0.37690919266778733	0.37257269894423206	0.2505181083879807
0.3769052992059429	0.3726148077035109	0.2504798930905463
0.37690795249027653	0.3726070127242813	0.2504850347854422
0.3769071988631359	0.37257331490196427	0.25051948623489995
0.37693922735912366	0.37254777324724747	0.250512999393629
0.3768959128082257	0.3725919193847197	0.2505121678070547
0.37689505087160624	0.37257732166095126	0.2505276274674426
0.376903883853206	0.37261062465977784	0.25048549148701627
0.37691302337175825	0.3725982943145354	0.25048868231370647
0.37692442893933853	0.3725716078409779	0.2505039632196837
0.3769102195684583	0.37258146724463026	0.25050831318691147
0.3769260037360157	0.3725729433925099	0.2505010528714745
0.3769184137257797	0.3725640384272022	0.25051754784701813
0.3769367875016713	0.3725455357358339	0.2505176767624949
0.37690237273361754	0.37260639278195085	0.25049123448443167
0.37691242377446627	0.3725786321415833	0.2505089440839505
0.3768997764704438	0.37261315217293905	0.2504870713566172
0.3769114396621953	0.3725827511299966	0.2505058092078082
0.3769161289297806	0.37258917412794124	0.25049469694227827
0.3769183967559777	0.37258187650007835	0.2504997267439441
0.3769233207779149	0.3725719145655621	0.2505047646565231
0.3769079928644925	0.37257685793579504	0.25051514919971263
0.3769335839029621	0.37255860344983005	0.250507812647208
0.3769262841717921	0.37256437286400085	0.2505093429642072
0.3769099027106597	0.3725838342508546	0.2505062630384858
0.3769122354900534	0.3725571168597842	0.25053064765016253
0.37692105650707053	0.37257055872340317	0.2505083847695264
0.37693309737423075	0.3725471849763243	0.2505197176494451
0.3769178795300608	0.3725612409306017	0.25052087953933766
0.37693839820046054	0.37257269204276916	0.2504889097567704
0.3769054554032987	0.37257427274009924	0.2505202718566022
0.3769049696656608	0.3725632629509668	0.2505317673833725
0.37690338932472806	0.3725802987526352	0.25051631192263685
0.3769140873888857	0.372592299173324	0.2504936134377904
0.3769125878980646	0.37259336364603823	0.2504940484558973
0.3769157699698164	0.37259107475910613	0.2504931552710776
0.37690780484350894	0.3725989971227598	0.2504931980337314
0.376933986410013	0.37257675185675787	0.25048926173322916
0.3768954691502931	0.37260796267677837	0.25049656817292865
0.37693793672642256	0.3725506077021771	0.2505114555714005
0.37690898515823323	0.37257170853076943	0.2505193063109974
0.37692326945300136	0.3725564957465368	0.25052023480046187
0.37692819357956486	0.37258319201968043	0.2504886144007548
0.3769139253180678	0.3725767087604111	0.25050936592152123
0.37692704677339106	0.3725699187604683	0.2505030344661407
0.3768968461779173	0.37258306947041847	0.25052008435166434
0.3769060246869973	0.37261073070307316	0.25048324460992966
0.37693891944369523	0.3725755075777208	0.2504855729785841
0.37691456828913034	0.37260343280450553	0.25048199890636424
0.3769124773982802	0.37259103026055906	0.25049649234116084
0.37692468430885484	0.37256510888974786	0.2505102068013974
0.37693231660195986	0.3725837602867177	0.25048392311132256
0.3769208891478164	0.3725795340231974	0.2504995768289863
0.37689513886110937	0.37257800250580253	0.2505268586330882
0.37692601972680856	0.3725845909595702	0.2504893893136214
0.3769323510366015	0.3725540571260416	0.250513591837357
0.37690436009917816	0.3725661400136525	0.2505294998871695
0.37689811109284854	0.37259937768797396	0.2505025112191776
0.376906094771846	0.3725852686370449	0.2505086365911092
0.3769330231789763	0.37256899510504404	0.25049798171597976
0.37691503694703554	0.3725702171807383	0.2505147458722263
0.3769102436394113	0.3725658726182686	0.2505238837423202
0.3769184522966315	0.37255658774086625	0.25052495996250235
0.3769044789793449	0.37259903227808283	0.25049648874257235
0.37691087844498233	0.3725675310711142	0.2505215904839036
0.3768972693568616	0.37257959379489003	0.25052313684824856
0.37690543076299826	0.37256687519366544	0.2505276940433364
0.3769203158097262	0.3725723788464825	0.2505073053437914
0.37689716185135447	0.372605840216574	0.2504969979320716
0.3769200286891171	0.37256125707055465	0.25051871424032834
0.3769110687108784	0.3725789735054499	0.2505099577836718
0.3769001245091746	0.3725967892511291	0.2505030862396964
0.3769312330495227	0.3725585930307102	0.2505101739197672
0.37692478390708306	0.37257780583086464	0.2504974102620524
0.3769150512725597	0.37256077056609205	0.25052417816134837
0.3769241036208001	0.37258210224492494	0.2504937941342751
0.37693267137541525	0.3725578039696252	0.2505095246549597
0.37693764453351264	0.3725553405407377	0.2505070149257498
0.37691654461927226	0.372557345918869	0.2505261094618588
0.37692542441915233	0.37258137828599763	0.25049319729485015
0.3769198545858222	0.3725991992667898	0.25048094614738803
0.37690802066730905	0.37258001992133416	0.2505119594113569
0.3769318119146879	0.37255551083916416	0.25051267724614806
0.37692430841362873	0.3725466819864909	0.25052900959988045
0.3769377924001841	0.3725511107286753	0.25051109687114076
0.3769292881273556	0.37257923619497973	0.2504914756776647
0.37692321546639906	0.37255753164519156	0.2505192528884095
0.37691028603264576	0.37256472559020876	0.2505249883771456
0.3769130986911408	0.37256043158148006	0.25052646972737924
0.3769372455704491	0.3725625938832617	0.2505001605462893
0.3769198063409515	0.3725592162069724	0.2505209774520762
0.37693812511640246	0.37255318107709123	0.2505086938065064
0.37692043065146663	0.3725626757270333	0.2505168936215002
0.37691263501887723	0.372584842009874	0.25050252297124886
0.37693260384434407	0.3725820321979432	0.2504853639577128
0.3769371593621785	0.37256755769963046	0.2504952829381912
0.37690315208868364	0.37258914701414486	0.2505077008971716
0.3769290907394558	0.3725682450645442	0.2505026641960001
0.3769268225024826	0.37254864380581243	0.250524533691705
0.37691674735405	0.37257080379353114	0.2505124488524189
0.37691667673820883	0.37257594278924006	0.2505073804725512
0.3768956603431663	0.37257848082471645	0.25052585883211737
0.37691745643298696	0.37256619295507953	0.25051635061193356
0.3769006478115022	0.372617428151917	0.2504819240365809
0.3769058985058512	0.3726100185461624	0.2504840829479865
0.3769370953668472	0.3725668839447259	0.2504960206884269
0.37690872260268593	0.37257742359157886	0.2505138538057353
0.37690977235360684	0.3725744026196414	0.25051582502675185
0.3768987015897029	0.3725793905276522	0.25052190788264506
0.376932107407093	0.3725646436495674	0.25050324894333975
0.3769110968326098	0.3725975223091302	0.2504913808582601
0.3769024896156178	0.3725717841740869	0.25052572621029545
0.3769081673211279	0.37256285918574056	0.25052897349313163
0.3769121621523133	0.3725920550426059	0.2504957828050809
0.3769390172614809	0.3725491405773317	0.25051184216118755
0.37693942909352524	0.37256063201959794	0.25049993888687694
0.37690546033159533	0.3725727382413339	0.25052180142707087
0.37689911594309505	0.37257379952557956	0.2505270845313255
0.37689980422244695	0.372616190497176	0.2504840052803772
0.3769077162639541	0.37257617781716657	0.25051610591887946
0.37690592851430993	0.37260144543240514	0.2504926260532851
0.37691588372899354	0.372576990080807	0.2505071261901995
0.37692186530043026	0.37258801331291325	0.2504901213866566
0.37692685919935676	0.37255214789146307	0.2505209929091803
0.3768991721463962	0.3726024706026968	0.25049835725090713
0.37691276193159684	0.3725707620777514	0.25051647599065185
0.37693764576590927	0.3725473053933396	0.2505150488407512
0.3769015408199103	0.3725839662916695	0.2505144928884203
0.37693935279764745	0.37254802148791644	0.2505126257144362
0.3769330081708704	0.3725505323114972	0.2505164595176325
0.376903846434954	0.37260118377954465	0.25049496978550145
0.3768981315868183	0.37260746221444285	0.250494406198739
0.3769285060132662	0.37257511167535184	0.25049638231138205
0.37691751911536975	0.37257751043217213	0.25050497045245823
0.37692586350998286	0.3725530959108838	0.25052104057913344
0.3769369772915029	0.3725571873092669	0.25050583539923027
0.37693069643942456	0.3725762441342671	0.2504930594263084
0.3769292652947753	0.37255054943011395	0.2505201852751109
0.37691330423520975	0.37256273126222	0.25052396450257036
0.3769335418560422	0.3725794950804542	0.2504869630635037
0.376933400661609	0.3725798992465791	0.25048670009181206
0.3769012142032374	0.3726131019221191	0.2504856838746436
0.37692159407374975	0.3725878174534466	0.25049058847280375
0.37689880729952857	0.37258897005698977	0.2505122226434818
0.376898701929434	0.37261667719993674	0.2504846208706294
0.37689602019291946	0.37258078576087794	0.2505231940462027
0.37689875539480683	0.37259746922841774	0.2505037753767755
0.37692736452246267	0.3725935112876775	0.2504791241898599
0.3769174986907337	0.37255329399821047	0.25052920731105593
0.37689990631341386	0.37259597668246863	0.2505041170041177
0.37689855353476154	0.3725731617551544	0.25052828471008415
0.37693934955838326	0.37254558670003357	0.2505150637415833
0.37692881366878916	0.37258193420533386	0.25048925212587714
0.37690152726095827	0.3725942844722183	0.2505041882668235
0.3769070679842148	0.3726135830271723	0.250479348988613
0.37692633442937773	0.372550785036839	0.25052288053378335
0.3768955012184276	0.37258056445004295	0.2505239343315296
0.3769325847742222	0.37256304171081245	0.2505043735149654
0.37691631024442873	0.3725711520669419	0.25051253768862947
0.37693142314273465	0.37256846723205367	0.2505001096252118
0.37692439119438914	0.3725827781004464	0.2504928307051646
0.37693028448622057	0.3725622219035492	0.2505074936102303
0.37690220670347546	0.37261754226372623	0.2504802510327985
0.3768977700980982	0.37259371400684327	0.2505085158950586
0.3769339786922403	0.3725546080790462	0.2505114132287136
0.3769262018806496	0.37255564874527575	0.2505181493740748
0.37690221242154026	0.37259696419101035	0.2505008233874495
0.37690146124081564	0.37256794044806474	0.2505305983111198
0.37693395317770056	0.3725578419823174	0.25050820483998215
0.37691260999168624	0.37256263466002226	0.2505247553482916
0.37691982938353186	0.3725606206288887	0.2505195499875795
0.3769079579958211	0.37261063875494976	0.25048140324922924
0.3769066267676857	0.37259499878060665	0.25049837445170775
0.3769116595717875	0.37260708360491934	0.25048125682329325
0.3768954896022225	0.37261777653300276	0.2504867338647748
0.3769081295976074	0.3726046789468193	0.2504871914555734
0.37692702926975985	0.3725760291127192	0.2504969416175211
0.37691809798438874	0.3725812691873236	0.25050063282828783
0.3768995509295272	0.3725832355696285	0.2505172135008444
0.37690920285482765	0.37260227486595154	0.2504885222792209
0.37690347577818506	0.37258466537007906	0.25051185885173594
0.3769285528308675	0.37255302357127545	0.25051842359785714
0.37693334868736067	0.37255602559742085	0.2505106257152186
0.3769000289932958	0.37258044896287273	0.2505195220438316
0.3768963657224095	0.3725742658093839	0.2505293684682067
0.3769275738924965	0.3725488471389915	0.25052357896851213
0.37691709793566425	0.372553184567482	0.2505297174968539
0.37689754296644407	0.37258583776995324	0.2505166192636028
0.37692240090288653	0.37259642049306485	0.25048117860404867
0.3769220143607228	0.3725985696371134	0.25047941600216383
0.37691495043163037	0.3725777187507213	0.2505073308176484
0.3768967897839979	0.3726074233161359	0.2504957868998664
0.37689846931426396	0.3725845478646588	0.2505169828210773
0.3769352154835178	0.3725836251076876	0.2504811594087947
0.37691275995710716	0.37259504445039726	0.2504921955924957
0.37692670547217416	0.3725779635658179	0.25049533096200804
0.3769136166269502	0.37259013381076167	0.2504962495622882
0.37692822326936853	0.3725627156709317	0.25050906105969983
0.376921714105124	0.3725855683185875	0.25049271757628855
0.3769216574286706	0.3725553103231564	0.25052303224817307
0.3769090991204691	0.37256043507417236	0.25053046580535865
0.37692661362306107	0.37254549121923103	0.250527895157708
0.37692494786024944	0.3725485995524171	0.2505264525873336
0.376916858962879	0.3725812325838067	0.2505019084533143
0.37690067455921333	0.37257555842422563	0.25052376701656115
0.37693477883016185	0.3725789962658975	0.25048622490394074
0.37692060712254216	0.37256799234879306	0.2505114005286649
0.3769167000388223	0.3725724395996825	0.2505108603614953
0.37689630092069815	0.37259899787630246	0.25050470120299945
0.3769134105109709	0.3725787877000226	0.25050780178900656
0.3769120253490671	0.37258646517611793	0.25050150947481503
0.3769088390173668	0.37256639329344027	0.2505247676891931
0.37693706251632436	0.3725702121811633	0.25049272530251243
0.37693854582569375	0.3725644996525026	0.25049695452180376
0.376936168084288	0.37256942931643894	0.2504944025992732
0.376927355413443	0.37257762668361594	0.2504950179029412
0.376910070319832	0.37257936863009655	0.2505105610500716
0.3769139518417973	0.37258459074828343	0.25050145740991936
0.376902166838097	0.3725932261988657	0.2505046069630374
0.3769289143395457	0.37258984541142237	0.25048124024903207
0.3769106663116835	0.37256724284577875	0.25052209084253785
0.3769102467979412	0.3726076819823263	0.25048207121973265
0.37692863860342607	0.37254725043991344	0.2505241109566606
0.3769360373775862	0.3725536084401616	0.2505103541822523
0.37693500328928126	0.37254843074391386	0.250516565966805
0.37691165941985016	0.3725940064302056	0.25049433414994426
0.37693115248414133	0.372579125088751	0.25048972242710776
0.37690683315665474	0.37260168049952375	0.25049148634382157
0.3769205071790056	0.37256002755181017	0.25051946526918434
0.37691332109175624	0.37256429041243494	0.2505223884958089
0.3769227436591732	0.37255680499428934	0.25052045134653755
0.3769077493587795	0.37257597052700253	0.25051628011421806
0.37691697320396833	0.37258020494590743	0.25050282185012435
0.37693018307378995	0.37258844504588656	0.2504813718803236
0.37692687178465634	0.37255266165925194	0.2505204665560919
0.3769311046279704	0.37258762030117837	0.25048127507085133
0.37693125662899857	0.37254708322726243	0.2505216601437391
0.3769270699793784	0.37257956042591384	0.2504933695947078
0.37690543250449093	0.372595135303925	0.2504994321915841
0.37690165056995495	0.372600038116484	0.25049831131356115
0.37690671849444046	0.37260925797256017	0.2504840235329995
0.37691813489799697	0.37258530940491996	0.2504965556970832
0.3769174960738504	0.3725967781058457	0.25048572582030404
0.37693908356704275	0.37256835921791814	0.2504925572150392
0.37692237592720584	0.3725888300870746	0.25048879398571966
0.3769372140308577	0.3725457915870801	0.25051699438206226
0.37692893789527704	0.3725567796293793	0.25051428247534374
0.37690954291134215	0.37260826349012593	0.250482193598532
0.3769072368899551	0.37259658814341506	0.25049617496662996
0.3769078197195786	0.3725887841332352	0.2505033961471863
0.376929906664065	0.37257900312725073	0.2504910902086843
0.3769233124528405	0.3725643861503981	0.2505123013967615
0.37691491573336927	0.37257190513253063	0.2505131791341002
0.3769163577356818	0.37258603302645127	0.25049760923786707
0.3769005414749905	0.3725821269236848	0.2505173316013247
0.3769270750013338	0.3725782694487329	0.2504946555499334
0.37691317291013227	0.3725767811526666	0.2505100459372012
0.3769172136774355	0.3725862233265836	0.250496562995981
0.3769069819767685	0.3726025519087711	0.2504904661144605
0.3769098174259534	0.3725809614669982	0.2505092211070485
0.37690624309304593	0.3725715916106924	0.25052216529626176
0.37691249019225975	0.3725622986589129	0.2505252111488275
0.3769011937873704	0.3725901601156598	0.2505086460969699
0.37690696173095534	0.37257146280826264	0.25052157546078213
0.37692478079392994	0.3725739675372754	0.2505012516687948
0.37689672769303195	0.37261749108048536	0.25048578122648274
0.37692902493207575	0.3725863047669665	0.25048467030095783
0.3769199285952844	0.37256564381118906	0.2505144275935266
0.37693157378152903	0.37257233287392144	0.25049609334454964
0.37690933395057996	0.37257140639988995	0.25051925964953015
0.3768968393585806	0.3726041215728241	0.2504990390685955
0.3769144175751183	0.3725709791879085	0.25051460323697333
0.376935862726621	0.37256339675124395	0.25050074052213517
0.37691831374624213	0.37257312189472774	0.25050856435903024
0.3769041170452821	0.37259830441804137	0.25049757853667665
0.3769093616332414	0.3725845340766536	0.25050610429010517
0.37692036687267577	0.3725967874377085	0.2504828456896159
0.37693806817920583	0.37254851862917515	0.2505134131916191
0.3769093339407437	0.37258318269369683	0.2505074833655596
0.37692335483877837	0.37257934563504225	0.2504972995261795
0.37691750690601805	0.37257633312345195	0.2505061599705301
0.37691782846820765	0.3725553216772871	0.25052684985450535
0.3769178206140404	0.3725838566597545	0.2504983227262052
0.3769042305744266	0.372586071438933	0.2505096979866404
0.37690417718378944	0.3725843138486427	0.25051150896756796
0.3769374911708919	0.3725641042081694	0.25049840462093886
0.37691738534617747	0.37258254241730304	0.25050007223651966
0.37690426274707545	0.3726094870243674	0.2504862502285572
0.3769170370945052	0.3725665599655781	0.25051640293991684
0.3769307098104369	0.3725777806215729	0.2504915095679903
0.37691721654823684	0.3725946360820319	0.25048814736973135
0.3769011509131112	0.3725775394548182	0.2505213096320707
0.376915430999283	0.37255465103271596	0.25052991796800117
0.3769238289970045	0.37255420023735736	0.25052197076563826
0.37690174567272794	0.3725802720297575	0.2505179822975147
0.3769132397042617	0.3725859807954786	0.2505007795002598
0.3769223211222471	0.37259668768847576	0.2504809911892773
0.3768986846748852	0.3726091612489487	0.25049215407616615
0.37691372027718684	0.3725849800902558	0.25050129963255746
0.3769334566333319	0.37257659760617173	0.25048994576049644
0.37691685959388543	0.3725840805032922	0.25049905990282245
0.37690616554823003	0.37259331385297517	0.2505005205987949
0.3769259004923779	0.37258496992137846	0.2504891295862437
0.37689521467940607	0.37260380478020083	0.2505009805403932
0.3769322224802507	0.37256637101141055	0.25050140650833885
0.37690033901952713	0.37261677703995677	0.2504828839405162
0.37692742081171376	0.37258253654170603	0.25049004264658026
0.3769365420637788	0.3725796599166215	0.2504837980195998
0.3769271680613269	0.3725519729705393	0.25052085896813386
0.3769036051818717	0.37258426407275297	0.2505121307453754
0.3769155598338131	0.37257281732434533	0.2505116228418417
0.3769223274133225	0.3725492544415792	0.2505284181450984
0.3769177870391487	0.3725592953230822	0.25052291763776924
0.37690447247127706	0.3725927495101586	0.25050277801856446
0.37692726527847653	0.3725609319586679	0.2505118027628557
0.37690135454300683	0.3725937935178495	0.25050485193914374
0.3768967117099392	0.37260780993827536	0.25049547835178554
0.37690826985623743	0.3725686839021629	0.25052304624159977
0.37692673107125607	0.37257837197709975	0.2504948969516443
0.3769176918336548	0.3725969189349698	0.2504853892313754
0.3768954357172939	0.3726036678625933	0.2505008964201129
0.3769277790763506	0.37257033765777936	0.25050188326587014
0.37692411310054813	0.3725699758156217	0.2505059110838303
0.3769363680313143	0.37255844255775034	0.25050518941093547
0.37692497211121895	0.3725603743396571	0.25051465354912406
0.37692304445179814	0.37258952652383304	0.25048742902436893
0.37691799449435887	0.37257367635329053	0.25050832915235066
0.37693466437872386	0.3725694045843161	0.25049593103696016
0.3769306570815263	0.3725730729265655	0.25049626999190827
0.376928010824109	0.37255853427053587	0.2505134549053552
0.37693388752401025	0.3725810060814524	0.25048510639453747
0.3769313571681617	0.37257444181883626	0.2504942010130021
0.3769122888106275	0.3725803516053354	0.2505073595840372
0.37689640670277197	0.37258111838715374	0.2505224749100744
0.37692689536626556	0.3725688729408624	0.25050423169287217
0.37690604864478117	0.37259201040703777	0.2505019409481812
0.3769152086602388	0.37255460656372064	0.25053018477604067
0.3768950556952087	0.3725794149536849	0.2505255293511065
0.3769390891817197	0.37254825456925644	0.25051265624902397
0.37693127870099996	0.3725608288944703	0.2505078924045298
0.376907576722193	0.3725761183742728	0.2505163049035343
0.3769069015827518	0.37256864732962686	0.25052445108762145
0.3769202715693166	0.372559934851832	0.25051979357885146
0.37690823042355304	0.3725763589644383	0.25051541061200877
0.37690516310489297	0.37259228157975777	0.2505025553153494
0.3769325426340455	0.37258658822604285	0.2504808691399117
0.37693749994696674	0.37256681043302675	0.2504956896200066
0.3769164228799252	0.37260453862818876	0.25047903849188613
0.37690852481065606	0.37260241689380863	0.25048905829553536
0.37693183614279735	0.3725820125155865	0.2504861513416163
0.376925205936852	0.37257278873689825	0.25050200532624983
0.37692444290202115	0.3725782322990785	0.25049732479890047
0.37689863941990187	0.3725963417041651	0.2505050188759331
0.3769075988754292	0.37259480782825966	0.25049759329631127
0.3768981472009829	0.3726072326043999	0.2504946201946173
0.37691699236665044	0.3725778951781381	0.25050511245521156
0.37692015756072195	0.37258867226734843	0.25049117017192973
0.376908276271918	0.3725720021750111	0.25051972155307106
0.37691029820355776	0.3726089788377467	0.2504807229586957
0.3768987903490376	0.37259038722599913	0.25051082242496336
0.3768994406240117	0.372595915834781	0.2505046435412074
0.3768999065812268	0.3725960225250279	0.25050407089374543
0.3769122512749788	0.372558262453351	0.2505294862716703
0.3769209533379144	0.37256558855979605	0.25051345810228964
0.3769104945935176	0.37258094543393167	0.25050855997255084
0.3769176954792347	0.37255617426423565	0.25052613025652976
0.37693941245630885	0.37256300632386136	0.2504975812198299
0.3769180311503665	0.37258335416007277	0.2504986146895608
0.3769165111752236	0.3725581749805996	0.25052531384417687
0.37691998380422553	0.37257975197968907	0.2505002642160855
0.3769288762835385	0.37259137350351823	0.2504797502129434
0.3769171993736356	0.3725790411161059	0.2505037595102586
0.3768966586191842	0.3726120961422906	0.2504912452385253
0.3769319939018704	0.3725674416920558	0.25050056440607393
0.3769071141287791	0.3726013280276351	0.2504915578435859
0.3769133606310355	0.372598340654898	0.25048829871406664
0.3769131109174554	0.37257966006535564	0.250507229017189
0.3769319202892728	0.37258428098602914	0.25048379872469817
0.3769081427125986	0.3725878146722316	0.2505040426151699
0.3768971671216285	0.37257086173820014	0.25053197114017145
0.3769292374995525	0.37255807085970666	0.25051269164074097
0.37691008211845217	0.37260593626024996	0.2504839816212979
0.3769151628641412	0.37259024930422424	0.2504945878316347
0.37693561007609694	0.37257807347048466	0.2504863164534185
0.3769144644011089	0.372565538801318	0.2505199967975732
0.3769183646135204	0.3726001724409699	0.25048146294550977
0.3769175919276925	0.37260070216096736	0.25048170591134034
0.3769237325957471	0.3725793864079521	0.25049688099630096
0.37690144260721103	0.3726048391171717	0.2504937182756174
0.37689677659602894	0.37259053280098103	0.2505126906029902
0.3769034725806878	0.3726163269324641	0.2504802004868482
0.3769374846556315	0.3725622250862459	0.2505002902581227
0.37692588604813	0.37256061272431623	0.2505135012275539
0.3768987260821219	0.37261966398528246	0.25048160993259583
0.37693738632816526	0.37255623260348847	0.2505063810683464
0.3769061022007348	0.37260251280381707	0.2504913849954482
0.3768979743238412	0.37260939575774266	0.25049262991841625
0.37691405182418486	0.3725891441789097	0.25049680399690555
0.3769080355446054	0.3725630064767497	0.250528957978645
0.3768975649029318	0.3726149458078468	0.2504874892892215
0.3769276406622019	0.3725726011182475	0.25049975821955067
0.3769203419605899	0.3725589389082373	0.25052071913117285
0.37692392799070873	0.37256853713993	0.25050753486936145
0.37689823255282967	0.3725961619990576	0.25050560544811284
0.3769245291314228	0.3725863268599855	0.2504891440085918
0.37691952592690536	0.37256909166705576	0.250511382406039
0.3769224135007673	0.37255808531978873	0.2505195011794441
0.3768958703792764	0.3726015245012503	0.2505026051194734
0.37691803833036136	0.3726020676500619	0.2504798940195769
0.3769371944375867	0.3725468811785838	0.2505159243838296
0.37691004715306986	0.3726021044294117	0.2504878484175185
0.3769133345725299	0.3725705178733367	0.2505161475541335
0.3769251138443273	0.3725885550759246	0.25048633107974827
0.3769250713203743	0.3725480863945014	0.25052684228512445
0.37691561892081443	0.3725565092368286	0.2505278718423571
0.3769070876912102	0.3725772092950075	0.25051570301378245
0.37689893530054847	0.37258354326298365	0.250517521436468
0.37689806156518646	0.3725955839847144	0.2505063544500993
0.37693234031876616	0.3725840271171608	0.25048363256407313
0.3769354005730452	0.3725781273294947	0.2504864720974602
0.37692257902529464	0.3725515605072425	0.250525860467463
0.3769296493956749	0.3725623941983113	0.2505079564060139
0.3769363867563775	0.3725699454767836	0.250493667766839
0.37691956523645354	0.37259613976447814	0.25048429499906844
0.3769027009888445	0.37257140015515466	0.25052589885600096
0.376895576333314	0.3726196627345482	0.2504847609321379
0.37692492437260855	0.3725455434611835	0.250529532166208
0.37689810222145714	0.37259890810391216	0.2505029896746308
0.37690549754720004	0.37259525656492565	0.2504992458878744
0.3769055339490384	0.37257180841321413	0.2505226576377476
0.37690691804640375	0.37261225180962293	0.2504808301439734
0.3769211558938525	0.37259219444202596	0.25048664966412165
0.3768966070296512	0.37261086026693313	0.2504925327034157
0.37691666059558615	0.3725863534202983	0.2504969859841156
0.37692858774362537	0.37256615430120743	0.2505052579551673
0.376931800771149	0.3725878060060391	0.25048039322281207
0.37692242622383365	0.3725563521508173	0.2505212216253492
0.37689877232682056	0.37257607829643313	0.2505251493767464
0.3769216453072472	0.3725615893150743	0.25051676537767853
0.37691110370600506	0.3726050357789923	0.25048386051500277
0.37693188170648656	0.3725793266386943	0.25048879165481924
0.3769278697277624	0.37255854591699017	0.25051358435524756
0.37690211762207637	0.3726095615324395	0.2504883208454842
0.3769088719166746	0.3726112122708897	0.2504799158124358
0.3769152269464164	0.372566612805905	0.2505181602476787
0.37691386895614254	0.37260285051177533	0.25048328053208224
0.37692571933586666	0.37254822152486655	0.25052605913926684
0.3768991047860899	0.3725739239967377	0.25052697121717254
0.376898494088723	0.37260984121944174	0.2504916646918354
0.3769030207705595	0.37261116846033704	0.2504858107691036
0.3769239545287494	0.3725778290727969	0.2504982163984538
0.3769233518859522	0.3725701737752329	0.250506474338815
0.3769391938504526	0.3725591019532384	0.2505017041963091
0.37690823943583845	0.37259891933563516	0.2504928412285265
0.37690247596765214	0.3725832649109795	0.2505142591213685
0.3769219971236714	0.3725757995696272	0.2505022033067015
0.37693435988551194	0.372552024142835	0.2505136159716532
0.37690624574274606	0.3725854703348551	0.2505082839223989
0.37689629982042894	0.3726172356831231	0.25048646449644807
0.37691748219200655	0.37258901814687484	0.2504934996611187
0.37691074420531456	0.37260882790329886	0.25048042789138675
0.3769105557248652	0.37260414831484256	0.25048529596029234
0.37693054207537824	0.3725856618319125	0.2504837960927094
0.3769036114178015	0.37256862124306495	0.2505277673391336
0.3769133356861957	0.37255496831682144	0.2505316959969829
0.3769031303751749	0.3725778420684463	0.2505190275563789
0.3769222302809634	0.3725653282821066	0.25051244143693013
0.3769122486170446	0.37255813919421327	0.25052961218874226
0.37690691905207957	0.37261103195925804	0.25048204898866255
0.37691752212020246	0.3725747425834024	0.25050773529639525
0.3768964298371756	0.372573830649906	0.25052973951291846
0.37693718454443476	0.3725591707147756	0.2505036447407898
0.3769374350265967	0.3725823395451662	0.2504802254282372
0.3769255551712931	0.37257137075407554	0.25050307407463146
0.37690175649451024	0.3726071346030188	0.25049110890247106
0.37691078929979077	0.37259871828867985	0.2504904924115295
0.37690162887530265	0.3726020762457992	0.25049629487889824
0.3769300014467474	0.3725459229756984	0.25052407557755435
0.3768961106414172	0.37257449486874367	0.25052939448983924
0.37692706913313956	0.37259069878538814	0.25048223208147236
0.3769071003836696	0.3725734994247535	0.25051940019157704
0.3769082780801789	0.3725994439929703	0.2504922779268509
0.3769171601233832	0.3725906587737229	0.25049218110289395
0.37692606143606466	0.37258951839115206	0.2504844201727834
0.3769129158074624	0.37257348755577746	0.2505135966367603
0.3769249091757871	0.3725707128245557	0.2505043779996573
0.37690127340949064	0.37257171646838916	0.25052701012212025
0.3769201666321924	0.3725670021493958	0.25051283121841184
0.37693505577325676	0.3725798350087388	0.25048510921800454
0.37691676605685676	0.37257403375521053	0.25050920018793277
0.3769031507290887	0.37260400850032066	0.25049284077059075
0.3768981833019127	0.3725760547571422	0.25052576194094517
0.37693709919778906	0.37257117811294127	0.2504917226892697
0.37690581575714377	0.37259366152551876	0.2505005227173376
0.3769205085355102	0.37256272197948515	0.2505167694850048
0.3769367003271788	0.37255474098735625	0.25050855868546507
0.3769158031750264	0.37255253808669786	0.2505316587382759
0.37692708308494804	0.3725548637046495	0.25051805321040255
0.37691103910158724	0.37257009290367377	0.2505188679947391
0.3769192915511069	0.37256050785586226	0.25052020059303093
0.37693189218802736	0.3725733167332051	0.25049479107876765
0.3769229318628928	0.37257704990969254	0.25050001822741474
0.37690984717663545	0.3725694905933168	0.2505206622300479
0.37692292910356967	0.3725947106185281	0.2504823602779024
0.376938101062622	0.37257897185140065	0.2504829270859774
0.3768986956283818	0.3726185396872938	0.2504827646843245
0.376922561028978	0.37256049026090576	0.25051694871011637
0.37689721156856393	0.3725826581727513	0.25052013025868486
0.3769390597173027	0.3725642738423999	0.25049666644029756
0.3769122759878978	0.37257034625966273	0.2505173777524396
0.3769314295095515	0.372554432347858	0.2505141381425906
0.3769384553302924	0.3725663813873819	0.2504951632823258
0.37692237032541387	0.37255528363007273	0.2505223460445135
0.3769263349549894	0.372545627363139	0.2505280376818717
0.3769141173842791	0.3725545918264811	0.2505312907892399
0.37690772693206986	0.37257039214402154	0.25052188092390876
0.376922511146599	0.37255709077841104	0.25052039807499005
0.376927005186397	0.3725754095903451	0.25049758522325805
0.3769094782468766	0.3725791250864538	0.25051139666666966
0.37691068422644214	0.3725694309616655	0.2505198848118924
0.3769242918353704	0.37257026151716643	0.25050544664746327
0.376905994378029	0.37259544587008114	0.25049855975188995
0.3769257887864519	0.3725493580229172	0.250524853190631
0.37693989544453144	0.37256575186165164	0.25049435269381704
0.37692385245258464	0.37259058105826015	0.2504855664891553
0.3769103488800199	0.37257426533965243	0.2505153857803277
0.37691502837843116	0.3725674606142044	0.2505175110073645
0.3769129532339833	0.3725684421256786	0.2505186046403382
0.37692646753526493	0.3725818187070405	0.2504917137576947
0.37690271714995155	0.3726031682402915	0.2504941146097571
0.37691299294260583	0.37257087864201055	0.2505161284153837
0.3769177023140537	0.3725795291492944	0.25050276853665204
0.376917509459286	0.37255087017535593	0.25053162036535825
0.37691093107881457	0.37259066244278927	0.2504984064783963
0.3769256083884377	0.37257369457208267	0.25050069703947975
0.3769227529584212	0.3725888686824736	0.25048837835910537
0.37691181051631295	0.3725563395172495	0.2505318499664377
0.37690241619964693	0.37260972596375436	0.2504878578365988
0.37693234839933953	0.3725621396712691	0.2505055119293915
0.37692316611051957	0.37255308657669106	0.2505237473127895
0.37689585926187497	0.3726120853512842	0.25049205538684094
0.3769284190973164	0.37258895197677494	0.2504826289259088
0.37689523372958683	0.3725953169672158	0.2505094493031974
0.37692178870913834	0.37255919520975794	0.25051901608110383
0.3769067302440208	0.3725864891606076	0.2505067805953716
0.3769033779345221	0.37261097491897566	0.25048564714650234
0.3769018890198309	0.3726178170157523	0.2504802939644169
0.3769193714986199	0.3725588783568135	0.2505217501445667
0.37690384287129763	0.3725831100581377	0.25051304707056476
0.37692258010345003	0.3725661040922689	0.2505113158042811
0.37692552674302937	0.3725740187030191	0.25050045455395165
0.37690525882494935	0.37259958411589256	0.25049515705915826
0.3769097513995687	0.3726013019059327	0.2504889466944987
0.3769267252793018	0.37257167956841625	0.25050159515228204
0.37690244475354984	0.37257038477931353	0.25052717046713674
0.3769173822900608	0.37258331221662994	0.25049930549330934
0.37689987639714306	0.3725894994598393	0.2505106241430177
0.37690949786377226	0.3726007982976777	0.2504897038385501
0.3769100878194121	0.37259283048547936	0.25049708169510865
0.37689802685231577	0.372601852430261	0.25050012071742334
0.37691282935642745	0.37258459173333003	0.25050257891024263
0.37693204635339395	0.37258537142369963	0.25048258222290654
0.37690008340997927	0.3726113047756549	0.250488611814366
0.3769285327337432	0.37255217944742997	0.25051928781882693
0.37692540594830015	0.37257798773240847	0.25049660631929155
0.3769122031437919	0.3725928459152703	0.2504949509409378
0.3769180525559684	0.3726020380563685	0.25047990938766324
0.3769302051896674	0.37255606019443394	0.25051373461589876
0.37691029611840027	0.3726053949278334	0.2504843089537664
0.37692279771626475	0.3725557184131799	0.2505214838705555
0.3769200541132732	0.37256408543397657	0.25051586045275037
0.3769020934495203	0.3725785890735891	0.2505193174768907
0.3769095013990273	0.3726059701384033	0.2504845284625695
0.3769046365019045	0.3726160971973621	0.2504792663007335
0.37691058289235896	0.37256809000661284	0.25052132710102826
0.3769348691582123	0.3725534983534646	0.2505116324883233
0.37693416146245506	0.3725566912601723	0.2505091472773727
0.37691448514861897	0.3725894110575639	0.25049610379381726
0.3769156845450299	0.37259233742477904	0.25049197803019113
0.3769086361036552	0.37260859748751624	0.2504827664088287
0.3769205974927313	0.3725879641928557	0.25049143831441306
0.376913840934694	0.37259516730515596	0.25049099176015016
0.3769371295144535	0.37257930982517984	0.25048356066036676
0.3769157020719766	0.37256046956349936	0.25052382836452414
0.3769396738455521	0.3725533402054804	0.2505069859489676
0.37690979598594976	0.37259272129654775	0.2504974827175026
