0.052555417936171356	0.42019424640067354	0.5272503356631552
0.03444352483599983	0.8507058471329004	0.11485062803109991
0.24559669392428884	0.41001713298521025	0.34438617309050107
0.23201691354107296	0.5506455357716911	0.2173375506872361
0.06794237883712789	0.7641851416890196	0.16787247947385256
0.18582086766488132	0.698541353015643	0.11563777931947586
0.15673958601398355	0.1125430047959623	0.7307174091900542
0.022024788571541665	0.5601935546898761	0.41778165673858236
0.058017962352535535	0.6020992340683973	0.33988280357906725
0.05374140704541913	0.34562103657520105	0.60063755637938
0.1841365242434461	0.5468023908904422	0.26906108486611185
0.16634179146469585	0.23922609799178784	0.5944321105435164
0.12316212057890744	0.4655448488889786	0.411293030532114
0.04603422165275134	0.29724059188770163	0.6567251864595471
0.052873823414306964	0.8362723279158999	0.11085384866979336
0.14189630861249142	0.49180233330890616	0.36630135807860253
0.08307647172033056	0.6038580210467548	0.3130655072329148
0.1160038891684842	0.7667408804064588	0.11725523042505709
0.1224832683240562	0.8005060150988994	0.0770107165770445
0.08657558370318985	0.4701995354900659	0.4432248808067444
0.02798534398912844	0.8729990041797322	0.09901565183113947
0.06741062588134689	0.8448332323999788	0.08775614171867452
0.09247526487044638	0.8257091946245623	0.0818155405049914
0.21725671910370886	0.22014675899203262	0.5625965219042587
0.0533121344920221	0.3858759156620385	0.5608119498459395
0.220810994583332	0.6435993726728577	0.1355896327438104
0.08256086028725607	0.678733763905438	0.23870537580730605
0.21095204401325002	0.34022262150654486	0.44882533448020523
0.07904552465880954	0.8329973445421973	0.08795713079899325
0.12764866599952043	0.662388179225075	0.20996315477540464
0.21729907564544454	0.11926713592154603	0.6634337884330095
0.02202146234155644	0.7860995090862142	0.19187902857222955
0.1485066674321494	0.6753598584082094	0.17613347415964126
0.1966408444130086	0.29903496739803836	0.5043241881889532
0.1777666219549222	0.4019821422778287	0.4202512357672492
0.1592264247488427	0.211892054732918	0.6288815205182394
0.25193073109183917	0.2592617262669096	0.48880754264125137
0.17499375610970566	0.25279213395408695	0.5722141099362075
0.2087858816154059	0.47724395830011596	0.31397016008447826
0.21436083051711038	0.21743712645673177	0.568202043026158
0.25209248944978124	0.21695152653625904	0.5309559840139598
0.17612016114921297	0.3638641926632997	0.46001564618748747
0.24922445340531918	0.6053319405047861	0.14544360608989487
0.03189107869656499	0.6783521938792813	0.28975672742415387
0.181957277038092	0.22294180801808644	0.5951009149438217
0.07547955273883211	0.8308549487766759	0.09366549848449213
0.19017972175954392	0.2837277898762426	0.5260924883642136
0.06670442397621118	0.7575560510540951	0.17573952496969386
0.12413281175348573	0.4332945789559621	0.4425726092905523
0.09080827390362264	0.5460246654634877	0.3631670606328898
0.15090459103109624	0.6834881873914942	0.16560722157740967
0.16868652904584988	0.6543544410910542	0.17695902986309592
0.1788163727295699	0.7024649631835689	0.11871866408686138
0.17325725475878173	0.32848727915484166	0.4982554660863767
0.14833834565502232	0.36069548495952575	0.49096616938545207
0.06452997502443669	0.5614964184782261	0.37397360649733746
0.1797649620193603	0.5424416343308387	0.27779340364980115
0.06982244254860515	0.608809724160702	0.3213678332906931
0.12441578581359608	0.7238452597486545	0.15173895443774954
0.033374565877359486	0.7277720365819618	0.23885339754067889
0.15680924789927117	0.5811114044621477	0.2620793476385812
0.2540947825140901	0.6127467602547378	0.13315845723117214
0.1430426101592615	0.5904548204273232	0.26650256941341544
0.1558192658799794	0.6044171420247131	0.23976359209530765
0.11591274862540024	0.6481881357795354	0.23589911559506443
0.06974973456587791	0.20837342838408976	0.7218768370500325
0.13421840644674607	0.7021504195163188	0.16363117403693517
0.021958022215981643	0.8630786336710379	0.11496334411298065
0.15060332074425978	0.30026858191851935	0.549128097337221
0.22618744657728052	0.6185697667952451	0.15524278662747448
0.13796067996268196	0.11525225191487151	0.7467870681224467
0.19897953052588677	0.13053636735170893	0.6704841021224044
0.24182991701918016	0.39759380739715044	0.3605762755836695
0.08654655043449416	0.21977032150239598	0.6936831280631099
0.04422024194068086	0.26524977174913145	0.6905299863101879
0.022339999675472677	0.9017886025625181	0.0758713977620093
0.12087244791263627	0.2104293540377734	0.6686981980495905
0.122029805553964	0.45958319954959703	0.41838699489643905
0.15471228443277601	0.6467704603940609	0.1985172551731632
0.08168524396888566	0.3501475614663111	0.5681671945648032
0.022045391917192347	0.6069265644894073	0.37102804359340047
0.12849573361586264	0.7589385386890697	0.11256572769506776
0.2515178279667165	0.53248262977297	0.21599954226031357
0.1356996488308238	0.31133025484844107	0.5529700963207353
0.18417832726950575	0.7101302799735847	0.10569139275690961
0.07507918133610741	0.5147464186123258	0.4101744000515669
0.20209513964693693	0.11897150918317995	0.6789333511698832
0.2509639443135363	0.24213493093828176	0.506901124748182
0.18179026511101054	0.34543177668299785	0.4727779582059917
0.14746881814796972	0.174640726103677	0.6778904557483534
0.06946962347075064	0.3156233066372632	0.6149070698919863
0.24065905822810543	0.4500720679007117	0.309268873871183
0.1687178249677959	0.6051086424074827	0.22617353262472156
0.21097669400440966	0.27203438527303897	0.5169889207225515
0.231781119918488	0.4522732104416822	0.31594566963982995
0.09371920215120899	0.7847122348043015	0.1215685630444896
0.25386065539157465	0.6458314842199229	0.10030786038850256
0.19720774231558685	0.6415214900944812	0.16127076758993203
0.18813532223407914	0.18386090596237528	0.6280037718035456
0.25372702377979695	0.056128922611631715	0.6901440536085715
0.05970572411207403	0.20362904901845186	0.7366652268694742
0.1463804551570084	0.1453373414489733	0.7082822033940184
0.190500712709618	0.43625660843299385	0.37324267885738827
0.1060544069360071	0.32088849069043807	0.5730571023735549
0.2147473816421361	0.34866828405550276	0.43658433430236127
0.25273224310683023	0.5780114645287959	0.1692562923643739
0.17493832885283406	0.21955219973008328	0.6055094714170828
0.023895576942442598	0.44596152156662777	0.5301429014909298
0.17296064546473547	0.2450304499576979	0.5820089045775667
0.13648754983263328	0.6190227750310733	0.24448967513629355
0.25180305886998233	0.021387942561075568	0.7268089985689422
0.09079923769320708	0.5203562157412843	0.38884454656550876
0.21899221796954	0.6060707846218732	0.17493699740858687
0.05102040852795736	0.3896630536324909	0.5593165378395518
0.19668023541891408	0.5658252047799781	0.2374945598011079
0.07428151564028151	0.4589534863147069	0.4667649980450117
0.16484574671759636	0.24404113250500126	0.5911131207774025
0.04424860459583552	0.7518330352426358	0.2039183601615288
0.21013275162232065	0.20567345437631995	0.5841937940013595
0.22830734553762502	0.5030657578943604	0.2686268965680147
0.16051655213230218	0.5530964862314426	0.2863869616362553
0.1645827184957848	0.5665603206189231	0.26885696088529226
0.23315722707886144	0.3273765529438416	0.43946621997729707
0.2104963848378585	0.31915884239078673	0.4703447727713549
0.08458707213403655	0.5241021748780935	0.39131075298787005
0.20288325387674777	0.44907444052858925	0.3480423055946631
0.08986708737213689	0.8317779142468665	0.07835499838099674
0.0719790465688313	0.7894928425658762	0.13852811086529265
0.21169903120971148	0.24008797870727572	0.5482129900830129
0.15572987050182766	0.6191198179050676	0.22515031159310483
0.21476535103140976	0.6610609282701663	0.12417372069842414
0.15616019410918336	0.7247106835509616	0.11912912233985512
0.11953109748387294	0.6734513904121238	0.2070175121040034
0.04586154965080502	0.2355331047384091	0.7186053456107859
0.25399584614199355	0.28032586991802966	0.4656782839399769
0.05171990735528703	0.6050528778815004	0.3432272147632127
0.07706130224061142	0.7875856786562946	0.1353530191030941
0.09205641428393208	0.5433047779321987	0.3646388077838694
0.14398565035650251	0.6827964191753269	0.17321793046817086
0.2191729596927806	0.6173013072690837	0.16352573303813578
0.17117193949465753	0.208902279622286	0.6199257808830566
0.24234126267382333	0.2879330413267768	0.46972569599939995
0.030787606564092074	0.3362417227888879	0.6329706706470202
0.17406301842557567	0.3345285615609415	0.4914084200134829
0.1577060730330335	0.2845023539734421	0.5577915729935246
0.06894861513074696	0.4306665133686686	0.5003848715005845
0.17085967546453767	0.5432700144417851	0.2858703100936773
0.24641147135336772	0.16115347118298912	0.5924350574636432
0.12809013256662408	0.28804311005939953	0.5838667573739764
0.1452800847612057	0.3084969288834713	0.5462229863553231
0.13646342391649852	0.14034964665266253	0.7231869294308391
0.11387074636444616	0.1980953797607361	0.6880338738748177
0.18537397307059783	0.7475592956459336	0.06706673128346868
0.04163062466239431	0.48335738852064053	0.47501198681696527
0.23651144553814268	0.5845114611842098	0.1789770932776476
0.12698090949209134	0.648256962153012	0.22476212835489678
0.1504909164733185	0.28180763080608323	0.5677014527205984
0.2082633989773825	0.3510926718745645	0.4406439291480531
0.06873722278701955	0.6537666111688711	0.2774961660441094
0.21183092278657303	0.4636305918454699	0.3245384853679572
0.06326749751696292	0.5385392107210818	0.3981932917619554
0.15134013457503653	0.20211294239519936	0.6465469230297642
0.09755113147492978	0.41309190238819554	0.4893569661368748
0.2462377100899633	0.4172232972198798	0.336538992690157
0.16567174696205675	0.7334162901090647	0.1009119629288786
0.20494899454875745	0.5760165363802934	0.2190344690709493
0.0730809279359178	0.38747658370367843	0.5394424883604039
0.08702938796206666	0.4101635245177775	0.5028070875201559
0.034660869082499435	0.48633007119564053	0.47900905972186014
0.05501792748988432	0.5962436894386949	0.3487383830714209
0.11585297483193152	0.7753342544134085	0.10881277075466003
0.03822704806591981	0.5149435721972118	0.4468293797368686
0.12552577835121892	0.5372892929432482	0.337184928705533
0.10404500779893558	0.4575401498734052	0.43841484232765937
0.12107563212095462	0.45693918641888986	0.4219851814601557
0.1453770099398711	0.6502068620293002	0.20441612803082881
0.17148040378697188	0.1562962042393642	0.672223391973664
0.25416504707551796	0.010393112076269306	0.7354418408482128
0.22013133676877356	0.6046251105399085	0.17524355269131814
0.20881493779096927	0.3354934471980197	0.45569161501101113
0.11026707042836764	0.24533904322784572	0.6443938863437868
0.04764395354764134	0.7169137899416813	0.2354422565106774
0.06516989089923908	0.5031583013035883	0.43167180779717274
0.11867528250879164	0.2907784824298631	0.5905462350613453
0.09416334448819122	0.679479007616905	0.2263576478949038
0.20601168925754723	0.07765386167476618	0.7163344490676867
0.23234101447455252	0.42426642829833866	0.34339255722710893
0.13658191796042538	0.6805430579843977	0.18287502405517703
0.14883675595228105	0.15474094144493378	0.6964223026027853
0.2485693345394831	0.13267103418494702	0.61875963127557
0.20140471153113498	0.08446085989723978	0.7141344285716253
0.04632104956389027	0.7792294913594952	0.17444945907661474
0.04070664267584234	0.31871918323517845	0.6405741740889793
0.17434669976429396	0.21106991515959836	0.6145833850761078
0.18665046846695876	0.4284384148546865	0.38491111667835487
0.07199956081203696	0.7348662878127571	0.1931341513752061
0.11026530610434565	0.5327832015777378	0.35695149231791673
0.09527295162636812	0.5933446729731042	0.31138237540052777
0.2074810661226781	0.5038840032499858	0.28863493062733614
0.2450843779310226	0.3611675564691957	0.3937480655997818
0.23733084642186902	0.18031795515271934	0.5823511984254117
0.033157132902145114	0.33773405957714514	0.6291088075207099
0.10788980533311077	0.631732861734861	0.26037733293202836
0.15601644319730407	0.1729188884845766	0.6710646683181194
0.08553068762640875	0.27802271693852915	0.6364465954350622
0.18173020237835674	0.5903391674917889	0.22793063012985446
0.2253480903586738	0.23368311136849212	0.5409687982728342
0.035076320807957695	0.7775945742883076	0.18732910490373486
0.07479810871418369	0.5538889075969937	0.3713129836888227
0.10198332709149047	0.7209866174795758	0.1770300554289338
0.026097604890260973	0.6758195253010995	0.29808286980863974
0.13697963371987418	0.27790678921327505	0.585113577066851
0.0677004346727137	0.8281275802784319	0.1041719850488545
0.09853977743464218	0.8177026941949778	0.08375752837038025
0.14481161918958896	0.33770558935840467	0.5174827914520065
0.0639430279938159	0.512571234458104	0.4234857375480802
0.22372246656886302	0.10990675039888256	0.6663707830322545
0.0228781046982236	0.3231957998212027	0.6539260954805737
0.1657975427656827	0.2844996039630174	0.5497028532713
0.11064813350009403	0.2176348509201687	0.6717170155797374
0.12143950168809758	0.6166445630461724	0.2619159352657301
0.13762692304283203	0.44838252146675434	0.41399055549041375
0.1629976933359306	0.22594960481008694	0.6110527018539826
0.04497335165253308	0.28660602544140107	0.668420622906066
0.04298687198949147	0.6359202018554654	0.32109292615504326
0.22691545072439492	0.584914472067313	0.18817007720829218
0.10824345955805356	0.2731379191269881	0.6186186213149585
0.1599892847525039	0.41739460559602004	0.4226161096514762
0.09786902513108683	0.7434766582710277	0.15865431659788554
0.06775231575197005	0.26052073753812505	0.6717269467099051
0.048058057993218606	0.26621974210607635	0.685722199900705
0.09610486246236691	0.32473650416375366	0.5791586333738796
0.16726367074981086	0.4111399199534893	0.42159640929669995
0.2505494821849272	0.23406212237866042	0.5153883954364125
0.16127803671672236	0.7021072809495349	0.1366146823337429
0.2300906872129835	0.05852625463334682	0.7113830581536698
0.04401542064002495	0.810851448558027	0.1451331308019481
0.03866538249327872	0.6019764271693883	0.3593581903373332
0.11386385279976288	0.7310792933381872	0.15505685386204995
0.024889782486028633	0.8194290645377447	0.15568115297622684
0.1565159142206809	0.7736691145008239	0.06981497127849534
0.2197664735982579	0.671185383485247	0.10904814291649526
0.2047259622093669	0.3181456846149416	0.47712835317569163
0.024076740303079158	0.3177779144312289	0.6581453452656921
0.15499607153568748	0.5559581500316974	0.28904577843261525
0.21709150969739965	0.3678391700365599	0.41506932026604054
0.07279967060028969	0.3382784058076286	0.5889219235920818
0.19835172839494344	0.4103866703339438	0.39126160127111287
0.15835512391020026	0.357538681218756	0.48410619487104384
0.06399505562324892	0.4731259587647137	0.46287898561203755
0.24502544861475384	0.17924445013678236	0.5757301012484639
0.15765626684978473	0.6414158457022392	0.2009278874479762
0.24484222806430384	0.6130155398225997	0.14214223211309654
0.17257894982697997	0.5108465628307651	0.316574487342255
0.21601693295836635	0.6489755521990506	0.13500751484258322
0.0466133317554841	0.3264162346158126	0.6269704336287034
0.09166309922298155	0.5896871080701329	0.3186497927068857
0.1714608919165368	0.16845841470258774	0.6600806933808756
0.13472432243794263	0.3876977573516885	0.47757792021036904
0.1817081870529065	0.6200833594824038	0.19820845346468977
0.19683275414852858	0.45168221462847263	0.3514850312229989
0.19622601716077553	0.575590334782382	0.22818364805684258
0.13817990734128285	0.18479851848744552	0.6770215741712717
0.18364794547708996	0.4320552451593496	0.38429680936356053
0.10250011191153408	0.33390956654367937	0.5635903215447866
0.17201622239263875	0.3044920537829149	0.5234917238244465
0.20135481069918468	0.6829308586845464	0.11571433061626898
0.20296148290386518	0.15724443225508122	0.6397940848410537
0.07471032839165137	0.771733132068816	0.15355653953953274
0.1540321386304218	0.7023597668358746	0.1436080945337037
0.11920620406318888	0.5530160257792672	0.32777777015754395
0.2284302371734706	0.06557405005770484	0.7059957127688247
0.15007173919967548	0.1493209962374495	0.7006072645628751
0.02997121374118905	0.2710905427506306	0.6989382435081806
0.18871418246463453	0.31332999432596265	0.49795582320940296
0.16443776431867707	0.5237556442392981	0.31180659144202494
0.05904461626102464	0.5248486730696719	0.4161067106693036
0.13905751305619685	0.6824568877478988	0.17848559919590443
0.1456519205417176	0.11311674775621922	0.7412313317020633
0.15990911730256774	0.3480592964339214	0.49203158626351096
0.11651759121708238	0.3981607331848648	0.48532167559805295
0.15699379688792875	0.26747224520784446	0.5755339579042269
0.1410635875331273	0.616126635564372	0.24280977690250086
0.05666272413749357	0.7305625308431407	0.21277474501936589
0.022502777721345513	0.6495849324021712	0.32791228987648335
0.11151268469817782	0.36177757684824824	0.526709738453574
0.15535752437324102	0.5362256461440138	0.3084168294827453
0.2520124189658699	0.5986286906224312	0.14935889041169903
0.1615601176691201	0.6730338489836765	0.16540603334720355
0.08972862063119924	0.5478126794428639	0.36245869992593693
0.19112611851958763	0.5181991717930602	0.2906747096873523
0.1930273498883789	0.3154951557461108	0.4914774943655104
0.20188545893902726	0.4827573056970361	0.3153572353639368
0.09875929228034275	0.2590402328315191	0.6422004748881383
0.13560447864569478	0.1161554224718847	0.7482400988824207
0.07375765789023286	0.3806913418812388	0.5455510002285284
0.18012921971273424	0.47571957302736856	0.34415120725989734
0.22287438617927782	0.17261878096583916	0.604506832854883
0.16686520035483177	0.3229645404731188	0.5101702591720496
0.058143504754831044	0.5082955237420808	0.4335609715030883
0.09990664187576712	0.4009904168962579	0.49910294122797516
0.12998384888475475	0.2552420048671564	0.6147741462480889
0.10648521139176445	0.8099340969102102	0.08358069169802534
0.12792375809593545	0.7564526920508942	0.11562354985317047
0.18282406551066635	0.17779078395738934	0.6393851505319444
0.24518205478412097	0.3290474830008952	0.42577046221498394
0.07544217753728055	0.19811772590607005	0.7264400965566495
0.24094441064223326	0.2653472048155081	0.49370838454225874
0.1386097119898479	0.7936146076116246	0.06777568039852766
0.19529095787453798	0.4770277949078009	0.32768124721766123
0.1668531267282541	0.7207807469763381	0.11236612629540782
0.17572423422597733	0.6833064526676208	0.14096931310640198
0.04136429802672936	0.7691748163683416	0.18946088560492902
0.0709624499221187	0.7677973913471907	0.16124015873069078
0.12692561165504648	0.6178079125254254	0.25526647581952816
0.22038038904306895	0.597252030451686	0.1823675805052452
0.21792425421522338	0.28797653626569897	0.49409920951907776
0.19755877706457042	0.10622531860408627	0.6962159043313434
0.14513424543238554	0.22189304617095795	0.6329727083966565
0.22104573840823627	0.10236869175744318	0.6765855698343206
0.24595630850272932	0.02362450642865388	0.7304191850686169
0.23895563279536555	0.494838827547358	0.26620553965727667
0.04361820295625768	0.8139127024492852	0.1424690945944573
0.15772185257759416	0.5783927737234738	0.2638853736989322
0.07107830999219727	0.7871774923147132	0.1417441976930896
0.04833425854965412	0.5642801323643677	0.38738560908597836
0.12109301201594777	0.15644494989977265	0.7224620380842797
0.16169116274659395	0.20471677861410673	0.6335920586392995
0.251637061103664	0.18976474929990078	0.5585981895964353
0.19757540331064066	0.24830887460463566	0.5541157220847238
0.12848131006499086	0.5513271300763978	0.3201915598586115
0.022345187564380642	0.9090750192014252	0.06857979323419428
0.03419641785431554	0.508962037704771	0.4568415444409136
0.068569913885551	0.8638672566070131	0.06756282950743608
0.03144895337691306	0.35126832704316807	0.617282719579919
0.10007641496810238	0.4629575097189532	0.4369660753129445
0.24841639086735198	0.37179786466812836	0.3797857444645198
0.0908788694646526	0.8205833722280294	0.08853775830731819
0.08659596013286655	0.7424551382824421	0.1709489015846915
0.12758178573990991	0.28516882431019325	0.587249389949897
0.15910979412712173	0.6194855287835702	0.22140467708930817
0.23715460255754717	0.5896285321471293	0.1732168652953237
0.10228358494543002	0.4762596370529797	0.4214567780015904
0.15144523335082777	0.6050647506481333	0.2434900160010391
0.03426806323143994	0.33289157716195783	0.6328403596066023
0.10601220301192013	0.20155242046165386	0.6924353765264262
0.2505378352837984	0.28290279968385545	0.4665593650323463
0.05170071503341633	0.5543162620537989	0.39398302291278486
0.06641203782793587	0.41406321318224776	0.5195247489898165
0.09137003594729212	0.5739663589854286	0.3346636050672795
0.14143378403348117	0.7744549632893949	0.08411125267712413
0.1445757527823173	0.243838967396115	0.6115852798215679
0.049948854624630445	0.6098848896423522	0.34016625573301745
0.21560060499324485	0.1809588379582269	0.6034405570485284
0.1436668752950072	0.531937662323673	0.32439546238131994
0.15483474299966649	0.35087199942890673	0.49429325757142695
0.23751588584298872	0.04907774334302428	0.7134063708139871
0.20082316647267162	0.7032473336763405	0.09592949985098789
0.10071010280995554	0.5759704090356264	0.3233194881544182
0.19408462026206938	0.171653513675861	0.6342618660620697
0.09543016635532281	0.3831672783276849	0.5214025553169924
0.06344064110378778	0.40640409472066885	0.5301552641755435
0.16203390281952323	0.38356664237916593	0.454399454801311
0.16808195525156608	0.4210182260319105	0.4108998187165235
0.046677572360620534	0.6414915938459845	0.31183083379339505
0.04637481593326509	0.46867764174711857	0.48494754231961645
0.035149335622461975	0.5810688725593064	0.3837817918182317
0.16025960672963593	0.1696435211341376	0.6700968721362266
0.07872451016698678	0.6844574632024589	0.23681802663055435
0.21691076572795842	0.7079542502151464	0.07513498405689534
0.1426643214560861	0.3568466143365109	0.5004890642074031
0.14507595415715174	0.38071783657905656	0.4742062092637918
0.21818609189334484	0.03223066721168821	0.7495832408949671
0.15935954154940155	0.2779795902697585	0.5626608681808402
0.1453422720872038	0.7346178506499618	0.1200398772628345
0.13265191050129105	0.7723891053067482	0.0949589841919608
0.15635063820860828	0.3903758884833163	0.45327347330807555
0.1283705166680329	0.4945585560914384	0.3770709272405288
0.23258464199880025	0.5075403797773452	0.25987497822385464
0.20376421783417323	0.6264958413072049	0.16973994085862193
0.07286910856168738	0.4515650004194623	0.47556589101885044
0.03328227364311476	0.3741540718198263	0.5925636545370591
0.1990206550459785	0.6745049248565611	0.12647442009746057
0.02327645923329369	0.5343292208650916	0.4423943199016149
0.04867982320638242	0.21264183575278023	0.7386783410408375
0.07163547229674816	0.2888971943841927	0.6394673333190593
0.1389684008254316	0.2988539075349168	0.5621776916396517
0.0480515367721025	0.5480037696779675	0.4039446935499302
0.0643668398584411	0.21699839024811907	0.7186347698934399
0.19233616489759542	0.08632577544529807	0.7213380596571066
0.07536596002672458	0.5014592112258137	0.4231748287474618
0.08052969998292298	0.8244716851636578	0.09499861485341932
0.20338684296346407	0.13287138021787115	0.6637417768186649
0.23700854311148858	0.6296053208670566	0.133386136021455
0.19022035645389185	0.2855724877969969	0.5242071557491114
0.038536968483100065	0.3696094869634683	0.5918535445534318
0.19750773159851165	0.5532407165923701	0.2492515518091184
0.20683902278560656	0.534636377100568	0.2585246001138256
0.12227621596095578	0.4095946481756216	0.4681291358634228
0.18387860757845012	0.07466693441223615	0.7414544580093139
0.05319408239486162	0.6082778509406174	0.3385280666645211
0.14889903974505095	0.49186715801672076	0.35923380223822843
0.04092110731984644	0.5957406226327574	0.3633382700473962
0.05377467355783716	0.878551554363651	0.067673772078512
0.24612179145565932	0.22353829388236368	0.5303399146619772
0.057714993396350445	0.31152302980394425	0.6307619767997055
0.1405056102049945	0.310111140559864	0.5493832492351416
0.17869442958506063	0.38999762227795876	0.4313079481369807
0.08531755582849787	0.7810630807076135	0.1336193634638887
0.24303104362909683	0.6640849466065104	0.09288400976439293
0.2184208855950289	0.367758248252503	0.4138208661524682
0.13886942651777648	0.3154973751574894	0.5456331983247342
0.06663419586342517	0.24343678614438213	0.6899290179921929
0.11564748618648188	0.32390159825817993	0.5604509155553383
0.10946322624582097	0.5683857958462819	0.32215097790789715
0.05999705862536847	0.5046507719302473	0.4353521694443843
0.07188685626407876	0.4757044444717282	0.45240869926419314
0.06394345431056275	0.7921511571607733	0.14390538852866397
0.22152787433281257	0.4809343679651078	0.29753775770207974
0.11373419826142614	0.6737137392079695	0.2125520625306044
0.22486992266976327	0.40409864824128505	0.3710314290889518
0.1846073739386679	0.34425319070055477	0.4711394353607774
0.21211499854490148	0.08962150111421302	0.6982635003408856
0.06239937886514196	0.31185790893783844	0.6257427121970197
0.06531879347213365	0.3344533477142811	0.6002278588135854
0.22453056738022117	0.6401400139412035	0.1353294186785755
0.18219831994710511	0.6631237241275325	0.1546779559253625
0.133924336690641	0.7416587136630515	0.12441694964630762
0.16892644782797966	0.5759082827259806	0.25516526944603984
0.2457775182056066	0.6074202057595377	0.14680227603485582
0.11244330834844926	0.19863212010431158	0.6889245715472392
0.22452088341717907	0.16672490625735395	0.6087542103254671
0.23235691337380984	0.10026562470357298	0.6673774619226174
0.21951746688339752	0.09482031378459299	0.6856622193320095
0.07133233180704412	0.541603132690522	0.3870645355024341
0.19402082433882337	0.49297149727799056	0.3130076783831862
0.11483043170117985	0.41267225434393656	0.4724973139548837
0.12375157294983372	0.4061660242684113	0.4700824027817551
0.1666156238448785	0.5762048720461868	0.2571795041089349
0.2528325259538544	0.22596356097363327	0.5212039130725125
0.037841795223295505	0.7775462805176632	0.1846119242590415
0.10298352100230443	0.2164200593798905	0.6805964196178051
0.07741673740285798	0.6556478358586402	0.2669354267385019
0.05462838730698227	0.6374040046921365	0.30796760800088135
0.22984533701849064	0.4910202929642349	0.2791343700172746
0.20090974338127063	0.5635357888017168	0.2355544678170127
0.2412220539787685	0.574110936432105	0.18466700958912663
0.22372779776003537	0.5333548126399121	0.2429173896000526
0.17591616503980617	0.7067508462391331	0.1173329887210609
0.10605899367019309	0.626847627858329	0.26709337847147796
0.15284052114668523	0.6150464910404505	0.2321129878128644
0.0856688364951293	0.6600733636994902	0.2542577998053807
0.17923362548031532	0.6241933102698899	0.19657306424979487
0.14464714668967635	0.5863793414289431	0.2689735118813807
0.07615271540699353	0.19413700055497055	0.7297102840380361
0.1964593691351811	0.1900645818011653	0.6134760490636537
0.22032126081826506	0.35051304039776093	0.4291656987839741
0.05203859132742872	0.7567562227869228	0.19120518588564864
0.2067610908124683	0.07318863667325659	0.7200502725142752
0.2105006062207891	0.12868788384440583	0.6608115099348053
0.17812768280609556	0.5019006211271566	0.31997169606674797
0.2180758341086219	0.5922456852343844	0.18967848065699383
0.24113554705745735	0.4346060207859901	0.3242584321565527
0.20955501185075429	0.1917067533053129	0.598738234843933
0.06608500529556255	0.592823989598976	0.34109100510546164
0.22215247715176556	0.14902640736118133	0.6288211154870532
0.20930175716548896	0.44157113245178503	0.3491271103827261
0.05760467886920767	0.39078020038990313	0.5516151207408894
0.12843205507608169	0.6344835770776431	0.2370843678462753
0.23174388380974656	0.5778726948030706	0.19038342138718295
0.14417054075819152	0.43378599720900013	0.42204346203280846
0.12034983833751664	0.14776792469556863	0.7318822369669149
0.17726560091635887	0.3230527313915747	0.4996816676920665
0.10126590815946021	0.6504184310567102	0.24831566078382977
0.20481672971534853	0.12925550273525788	0.6659277675493938
0.06268953646813435	0.2519291829331215	0.6853812805987443
0.12129077338278871	0.16697618945557957	0.7117330371616318
0.1934341185675282	0.2309629290792202	0.5756029523532518
0.13949432820462193	0.20210002953324663	0.6584056422621316
0.07158603925028995	0.6436708807451341	0.28474308000457615
0.06470822690143685	0.7541901535559088	0.18110161954265458
0.1677737770277115	0.6795232211033967	0.1527030018688919
0.11724185569537668	0.593220204996554	0.2895379393080695
0.11068597580433742	0.5297190111183769	0.35959501307728575
0.1699755053662506	0.5935337129650499	0.23649078166869958
0.13162957958934807	0.24095234307800506	0.627418077332647
0.18541221527048532	0.5354121921706161	0.2791755925588987
0.1697765802091668	0.7075050147386948	0.12271840505213855
0.19688698852122252	0.3601246610267883	0.44298835045198925
0.19921350005860733	0.5562163308404395	0.2445701691009533
0.16462288738235986	0.3637052070040774	0.47167190561356287
0.08181786980607908	0.2381998056603955	0.6799823245335255
0.230776582352403	0.4665841504427327	0.3026392672048644
0.2110481280002317	0.27907735462037664	0.5098745173793918
0.03051396528185102	0.27045185035563013	0.699034184362519
0.06059395153701613	0.4126164489329958	0.5267895995299882
0.14803536897980732	0.22109310184794384	0.630871529172249
0.20820054564263885	0.7152800375491952	0.07651941680816604
0.15657929679065544	0.2822030879784285	0.5612176152309162
0.18423001538180617	0.23186144471076975	0.5839085399074242
0.051600759554273234	0.3093877795197926	0.6390114609259343
0.12317384280382365	0.8109625486642853	0.06586360853189122
0.24159617552277854	0.5469958301918669	0.21140799428535464
0.0999849263954575	0.2403835346126113	0.6596315389919314
0.05968976454618624	0.5449368963684631	0.3953733390853509
0.05910843663901544	0.5646878549756699	0.3762037083853148
0.08298338857385618	0.75997080953486	0.15704580189128398
0.24676922066439577	0.024726921931777057	0.7285038574038273
0.1126529221575133	0.4587161403568373	0.4286309374856495
0.10977650028524785	0.27433154236740465	0.6158919573473476
0.20392412431755846	0.07218946629838896	0.7238864093840527
0.12835333474478441	0.6653992206372548	0.20624744461796085
0.2225316108907906	0.44269880012654284	0.3347695889826667
0.22088456908178958	0.49844882374640415	0.28066660717180636
0.121707912098067	0.6530013396996637	0.2252907482022694
0.07685192377344646	0.5050478228900689	0.4181002533364848
0.0822891771367254	0.6496875726085769	0.26802325025469775
0.23431388686751836	0.6170375866320759	0.14864852650040594
0.23103858865986637	0.6699929032405109	0.09896850809962288
0.16465932074073583	0.23502975970642934	0.6003109195528349
0.18965738296228243	0.5161576025905033	0.2941850144472144
0.22168862752813512	0.09021491406053617	0.6880964584113288
0.25043133642948245	0.03288358383177692	0.7166850797387407
0.0751050587356707	0.2575317657947056	0.6673631754696239
0.21675827616521864	0.18780677231877163	0.5954349515160098
0.2264832942174506	0.11293949307726675	0.6605772127052827
0.22946227753488518	0.34184037976179643	0.4286973427033185
0.23368105863662472	0.14198174305882744	0.6243371983045479
0.13510554546708037	0.2680348692661579	0.5968595852667619
0.1807007757112524	0.3269816867474569	0.4923175375412908
0.0961925693048925	0.8374503132450497	0.06635711745005779
0.21656756835769836	0.21804323925563635	0.5653891923866654
0.22056186865494676	0.34072785295886343	0.4387102783861899
0.22216295139326825	0.25226526609416167	0.5255717825125702
0.16842384320735637	0.4205251855335783	0.41105097125906537
0.1488348626225934	0.2444293498796749	0.6067357874977318
0.14377705008335223	0.44412430862726	0.4120986412893879
0.2518298236923536	0.6140937887087814	0.13407638759886506
0.23332466608306535	0.6425357775693821	0.12413955634755267
0.19350183072113933	0.3832653916722728	0.423232777606588
0.18313093183785806	0.6715805620269804	0.1452885061351617
0.12766809328723502	0.2708462027136586	0.6014857039991064
0.1624210579179618	0.11033247305620841	0.7272464690258299
0.0485131569555971	0.4700346609411096	0.4814521821032934
0.2204742905747526	0.6982413095643611	0.08128439986088631
0.14846472797614219	0.5046463004785076	0.34688897154535037
0.18056699313080793	0.7387644718135976	0.08066853505559457
0.05881760372722716	0.3990369287902746	0.5421454674824984
0.09495536600127111	0.2972803537411849	0.6077642802575441
0.034896925917806576	0.87795111405219	0.08715196003000367
0.10536017776635903	0.35606835409912385	0.5385714681345173
0.11726506183177468	0.5755979096702275	0.30713702849799795
0.16760133461988913	0.6710580207626518	0.16134064461745928
0.10940461003551516	0.23973939135146122	0.6508559986130238
0.1275346508526911	0.5156336514605113	0.3568316976867977
0.177794334149126	0.6834937666839389	0.13871189916693522
0.16911568083240908	0.21141671732877698	0.6194676018388141
0.04558652255583301	0.2143195605752678	0.7400939168688994
0.17252734419573226	0.31319420308095525	0.5142784527233126
0.16934940387307676	0.19298342278697805	0.6376671733399453
0.14479027202409833	0.45750155186664615	0.3977081761092556
0.17227249747298848	0.18582509289710342	0.6419024096299082
0.216848199101836	0.28093338899716375	0.5022184119010004
0.18736142065918657	0.543204324793621	0.2694342545471925
0.12926657472835879	0.41690516101786484	0.45382826425377654
0.09756480601589873	0.5078007777821114	0.39463441620198997
0.06982960793616227	0.8177288415417296	0.11244155052210825
0.13378123898670202	0.633635507773223	0.2325832532400751
0.2447706820885987	0.5360786166323003	0.21915070127910116
0.1706581735944968	0.400917594170918	0.42842423223458537
0.11955228842580601	0.7068270495130387	0.1736206620611554
0.15010247939211724	0.4671807464078362	0.3827167742000467
0.16374502694971615	0.4125023528529883	0.42375262019729565
0.18274843664192184	0.4594087532024882	0.35784281015559005
0.15116059690440695	0.2656600962284883	0.5831793068671048
0.09570485023337522	0.241728102484206	0.6625670472824189
0.14861774322054094	0.41325821611076197	0.43812404066869726
0.06294070030469584	0.5213895794665979	0.4156697202287063
0.14531974331539627	0.4622263123291115	0.3924539443554924
0.02367531300160919	0.6037887572653349	0.372535929733056
0.02910009615340009	0.7875063955210249	0.18339350832557522
0.06710214514643964	0.39158834799598846	0.541309506857572
0.12592368810767543	0.6279827496325858	0.24609356225973888
0.11210891574896972	0.28273034783636075	0.6051607364146696
0.10475005936124013	0.2487936322340848	0.6464563084046753
0.15885747021814253	0.47699248302701314	0.3641500467548444
0.25278591065972933	0.1539251298380344	0.5932889595022364
0.12818071158216726	0.1313937425638192	0.7404255458540137
0.025693997147295145	0.4490354442307695	0.5252705586219355
0.09006592542595265	0.21515579614935804	0.6947782784246894
0.21905930401694435	0.3925823357003104	0.38835836028274534
0.24395656356174406	0.6661922501672981	0.08985118627095792
0.11984855437531505	0.3959693023537969	0.4841821432708881
0.23182359040096626	0.6631748284616383	0.10500158113739555
0.2528803352452957	0.35179722320811957	0.3953224415465849
0.0844853562568954	0.19369350778107283	0.7218211359620319
0.11828591804941022	0.6958546587245618	0.18585942322602816
0.12662780472994212	0.5097722793945612	0.3635999158754969
0.10098602417618058	0.49498370693471516	0.4040302688891044
0.027236384604686636	0.7176544542574559	0.2551091611378576
0.06327478663162772	0.7234971180266419	0.21322809534173054
0.15346045165619893	0.2763378001877086	0.5702017481560926
0.1432889530912103	0.6476446840737567	0.20906636283503305
0.028607057350666876	0.8562907864339997	0.1151021562153336
0.034727864293929156	0.2538409219450413	0.7114312137610297
0.12354371965962457	0.19626164340808264	0.6801946369322929
0.11224664224834874	0.3002760229901813	0.5874773347614701
0.027967529168917538	0.3789269834497865	0.593105487381296
0.12941818474832223	0.15392488016294337	0.7166569350887345
0.03828941068315339	0.4037045206025648	0.558006068714282
0.03801110839273003	0.26484222366291815	0.6971466679443519
0.14345526932577032	0.13785804534042145	0.7186866853338083
0.08653312164862381	0.1977713059986172	0.715695572352759
0.21466716736340524	0.16349133444530212	0.6218414981912928
0.20622872163194902	0.5161453703274964	0.27762590804055465
0.20027996328314385	0.47617934901520653	0.3235406877016497
0.029955258152267406	0.6632399785414443	0.30680476330628836
0.11067387967312439	0.618216830723002	0.27110928960387365
0.19301709092330283	0.42635352464121545	0.38062938443548183
0.1031992684855138	0.6880014163213795	0.20879931519310685
0.2534024282001404	0.10122123649034909	0.6453763353095106
0.20650898522967992	0.11481017508887192	0.6786808396814483
0.14365820657010644	0.530111654009846	0.32623013942004775
0.13364867224609833	0.17530744908794335	0.6910438786659584
0.11145576224899628	0.45376910366620593	0.4347751340847979
0.1716935557271216	0.45175904031754666	0.37654740395533187
0.18083854686738776	0.2898198832454025	0.5293415698872099
0.24666854369117935	0.2710356237635248	0.48229583254529595
0.24484039673352315	0.3834821980616101	0.37167740520486686
0.07996801935542719	0.691612493179671	0.22841948746490193
0.02551696910433071	0.6662125666504064	0.30827046424526305
0.054140636732415426	0.2062303765346694	0.7396289867329153
0.026757155994110104	0.4071901362400153	0.5660527077658748
0.24466752929728042	0.31704996930305396	0.43828250139966574
0.048268685565398706	0.3819483528766947	0.5697829615579068
0.12294162422349006	0.6717231370906138	0.20533523868589632
0.14946872561381402	0.5071003431814782	0.3434309312047079
0.16321756888810923	0.30968168356198345	0.5271007475499074
0.1161679922912971	0.634633271127984	0.24919873658071906
0.1253129497513957	0.5813003378171228	0.2933867124314817
0.07099121593554636	0.6026577767363699	0.32635100732808386
0.034575135517213085	0.4717570052907196	0.4936678591920674
0.2448451476380335	0.4698714297013449	0.2852834226606218
0.1515818446464153	0.5451869132200282	0.3032312421335566
0.09198997847591331	0.4350134307536296	0.47299659077045725
0.025322900678349414	0.5334854668228843	0.4411916324987664
0.22235255430132347	0.0394736007973821	0.7381738449012947
0.026082444765834767	0.31344318386437	0.6604743713697954
0.16630004885338645	0.16481666502410958	0.668883286122504
0.0797537025662024	0.565415492529006	0.35483080490479174
0.13444130614303534	0.6314614750867373	0.23409721877022735
0.09420230831696405	0.24649067532014407	0.659307016362892
0.20742416433193203	0.5748026006044413	0.21777323506362678
0.2528394309877651	0.13802118825282755	0.6091393807594074
0.13951378410709614	0.5176387205547063	0.34284749533819775
0.08443828406007253	0.5552835723717384	0.36027814356818916
0.2474575615634755	0.6044877431510898	0.1480546952854349
0.10210429673973764	0.30134856986873426	0.5965471333915282
0.2312196822125633	0.038493183927427954	0.7302871338600088
0.040090897234470624	0.39122075973044984	0.5686883430350796
0.09818490877679262	0.1972464774904621	0.7045686137327455
0.07437773794695057	0.21707370450512484	0.7085485575479247
0.10243358057763521	0.19116672083798322	0.7063996985843817
0.22019848268996975	0.12096750465016087	0.6588340126598695
0.19686646303435212	0.17659746606623078	0.6265360708994172
0.05418261578242378	0.31521110663190754	0.6306062775856689
0.08662050024382179	0.5598450002001818	0.3535344995559966
0.21900465246922063	0.10382069898048474	0.6771746485502947
0.19324570119086687	0.7140583396070358	0.09269595920209747
0.2533114727554552	0.008044598605743747	0.7386439286388011
0.09600291300996558	0.15348372850197467	0.7505133584880599
0.0892282105620876	0.24048392450354977	0.6702878649343628
0.039151255945346186	0.8102125763583475	0.15063616769630644
0.17458449085917335	0.2920953197123336	0.5333201894284931
0.22116302700752344	0.03867234660667945	0.7401646263857973
0.19268467050973784	0.13476477224864875	0.6725505572416135
0.024862801922867828	0.39785904370734465	0.5772781543697876
0.13094908145722076	0.3234767763112091	0.5455741422315703
0.09604434452703942	0.23908778217545548	0.6648678732975053
0.0460115267981725	0.426425108184222	0.5275633650176056
0.23519553112554858	0.42430560850951554	0.34049886036493593
0.11960390930296166	0.2994031772131432	0.5809929134838953
0.25396402220767056	0.08612394942442494	0.6599120283679046
0.0768507438816265	0.250658519412288	0.6724907367060856
