0.03860446982197503	0.03573386603921859	0.09839691031984178	0.1588347122997581	0.08186396987876934	0.22830144896447646	0.08720420866382704	0.05471187960105843	0.04513487061044785	0.1712136638006274
0.05850122490184398	0.043352661397722286	0.11320244207054198	0.13315714021556221	0.07948384486578589	0.18073313080778294	0.11020120307185073	0.0561934138330559	0.03162959979242683	0.19354533904342724
0.07573056764852573	0.04388178407439529	0.12129207997955646	0.14946959885634484	0.07341283885062337	0.15926060906129175	0.11282465558567578	0.061888830329334614	0.03904698954809721	0.1631920460661549
0.09069093518823615	0.041427313931071505	0.10088684546410717	0.16372237298758957	0.07001338671364071	0.1832692742091538	0.1009430734411807	0.055695071747944	0.03655227599358857	0.1567994503234878
0.03184898904814472	0.03739797925716851	0.12484469500237337	0.1508323990443653	0.06716369652340061	0.197373288577882	0.10437684701852408	0.06535206181379749	0.039581206749556876	0.1812288369647871
0.09238046241356136	0.04037791957126355	0.13073708826717467	0.14157597309901612	0.06406311280823582	0.1997167014610377	0.11463844675459295	0.05132998509342321	0.02250657461671121	0.14267373591498334
0.1714919836178177	0.04147471050358228	0.10327714503476691	0.14492788066462586	0.0690938696610769	0.12346556852575112	0.08618140448395853	0.0568414954498231	0.043514665422691085	0.15973127663590633
0.09810328716041553	0.04167804978989906	0.09830488289250344	0.15287585389814456	0.07036345353953045	0.2006485393103089	0.08890337693430451	0.06711375461237548	0.03202575841806014	0.14998304344445784
0.04753686918038804	0.03310888235968033	0.09021312533518797	0.165324966389983	0.08126255653423772	0.21784403006802233	0.10142027228764568	0.06324824469027424	0.04371618448879219	0.15632486866578843
0.11022802529521003	0.04404707117126809	0.11229340347471405	0.1419797014434834	0.06910668777245463	0.139958202493723	0.08440280351125852	0.05722009319456678	0.043109404939058224	0.1976546067042632
0.08519840634833417	0.028159463323635003	0.1130100129959368	0.1336580032883	0.07614759935973651	0.15528774007837587	0.10213287239051848	0.06481393099296531	0.04463077698581714	0.19696119423638064
0.05847894387919289	0.034499792681884536	0.11057163812816904	0.16824977717547696	0.06698404349267663	0.19856096029891807	0.09319218291513949	0.05468555185409547	0.035629298059372885	0.17914781151507403
0.177870181679816	0.035330713709698175	0.08943634692330556	0.1690344150220386	0.06437223750590333	0.13081278468401258	0.09161160659419774	0.053846926164320706	0.04444572897646954	0.14323905874023765
0.08477665171331011	0.04119487428082076	0.11709177981014199	0.1642202925250385	0.08195262394209121	0.16789969202439597	0.09645748770057888	0.05452297104829533	0.023091788254859122	0.1687918387004681
0.13707504756471028	0.046631371431814166	0.10670742811587643	0.16872663456684503	0.06374054846938958	0.1289709799244421	0.09498695524393627	0.0627145863808437	0.023172752781230932	0.16727369552091137
0.20521477379183187	0.03503736715739984	0.10661640677431301	0.14562276553957498	0.0726157768455372	0.13013020188087426	0.10410967086409922	0.05779994268881902	0.02244447215719518	0.12040862230035526
0.12155553788721575	0.045504312813445316	0.10412701745200494	0.14749036494312456	0.06864911293743398	0.16110828970254784	0.08004820996212954	0.06650669485242675	0.023573783662667228	0.18143667578700406
0.1005328812905061	0.03790761406014114	0.10231859518882705	0.15080821841576125	0.0638715092288821	0.2173031748090269	0.0928770009628477	0.06639500878791674	0.041487022434178566	0.1264989748219124
0.09812624421640867	0.029483365207408282	0.10082003230962273	0.16719771197570926	0.07911424032471212	0.1339415152873654	0.11451881706073709	0.06547328495576238	0.03160733759135799	0.17971745107091597
0.056386499674059745	0.02827264571319678	0.13020546471873465	0.1752668333304832	0.0846912090661597	0.19589636381027	0.09171651247030055	0.05442360908414959	0.024982498365934636	0.1581583637667111
0.025714675791073408	0.035670863240025386	0.10583485811375713	0.17276785649554405	0.08478377831220547	0.23243371111116523	0.0893799383785615	0.06884530625865255	0.044304087169971876	0.14026492512904348
0.0763612359485439	0.03474367407396885	0.12790356920946383	0.15815430884002746	0.07133313331025681	0.18706984989943573	0.1045607159516615	0.059365229113364046	0.027080725083842738	0.15342755856943513
0.10996682725391513	0.028304847873457037	0.12115142210775787	0.1668796631719328	0.07013138736342982	0.17244536691668194	0.096527752631841	0.06617816842925711	0.0281459978974634	0.14026856635426388
0.12498649823602766	0.033525536432697775	0.10980159655054361	0.16047987384517537	0.0727975579692857	0.17934314801037343	0.10855831859565875	0.051060455460196726	0.026296369098251712	0.13315064580178915
0.15697312829217397	0.03167177262013188	0.12241117964094522	0.16653062112129852	0.06559914752834216	0.14702410281399603	0.09865623820545119	0.06129348625658158	0.02383448673325765	0.12600583678782173
0.06672130176382865	0.03732359188570894	0.1304747737445329	0.1370283265197143	0.07125972374109107	0.2114890321046577	0.09276997053962552	0.05040961852799339	0.02454468797997658	0.17797897319287093
0.05248944576776664	0.03843495467944776	0.11840436952103497	0.15902004592013042	0.07281712019630424	0.17813844763392497	0.11085695540192446	0.05743640889800325	0.04638431795244267	0.1660179340290206
0.16847741192588495	0.04232149081000324	0.10424559487676849	0.14900872369551896	0.062052666712165666	0.14240953347527247	0.09797441123944342	0.06392052021620467	0.04062549930101532	0.1289641477477227
0.0921919901864871	0.03002010347771729	0.090573486194885	0.13759064658017034	0.06745499809832262	0.21989131016833896	0.08264420919821702	0.05258710241923805	0.03499163230585971	0.19205452137076384
0.06709091361094174	0.030407315415082237	0.11068184037985687	0.16390170571537455	0.08490866314860923	0.20962067821601313	0.1128939333058063	0.050670960628728584	0.03861229700287146	0.1312116925767159
0.11615479600687018	0.027104244733369823	0.10450901061973698	0.1692834047026582	0.07364798236270415	0.12481542710800606	0.08909130252043514	0.06354846088396496	0.04326594739271415	0.1885794236695403
0.0674094476652613	0.04560255835336198	0.09053829404028735	0.1438570968212861	0.06454789120723542	0.21175198873868606	0.09872166612318692	0.056558976480058774	0.04419756050458943	0.1768145200660467
0.030115806175983847	0.03862405522442148	0.11548188367510041	0.14273225539505285	0.0787413496763014	0.19177621590265517	0.1112908231128048	0.06659668812355567	0.037582212766178597	0.18705870994794577
0.08448987531043864	0.04178850998287021	0.09086837952651362	0.15904943511848502	0.07939356239174525	0.1401877652243531	0.08974941711583535	0.06957990486876121	0.045890995891903194	0.1990021545690944
0.10190023079913309	0.04662805528366802	0.09743649500809076	0.17164231224462323	0.06499568406194141	0.17536909538552303	0.10272026228462268	0.06024278265123559	0.034489851354448736	0.1445752309267134
0.13085200943706804	0.02799648934354615	0.09982872568022601	0.14026601870765265	0.08353250876007468	0.2030077975335411	0.09501840657059281	0.06163159521266075	0.029099518342993902	0.12876693041164383
0.06839361653442581	0.041136997757556526	0.12519709490576283	0.17785880285083744	0.07473801901457396	0.1843125360909802	0.08759317093279202	0.06674294719648419	0.04203171064865398	0.13199510406793302
0.05771043787239061	0.031155655822326628	0.12395629822475895	0.14902131994243328	0.06426751648453659	0.21487047640140888	0.08344621757246189	0.05792532560682509	0.029929919996726756	0.18771683207613132
0.1596529290641895	0.027625559948096692	0.130801556793687	0.1561568153086127	0.07930471226789966	0.1279738862817172	0.08262037465989339	0.05545038987419084	0.030856192974424712	0.1495575828272882
0.08687535921698755	0.04654228149755532	0.13077856591122372	0.13711329322274896	0.06205608749523442	0.2100349784185605	0.10017223077473361	0.05114728001637942	0.03195627816269504	0.14332364528388142
0.06900472327202967	0.041174747410846174	0.09052283144192705	0.17147226039079222	0.06379081153591486	0.19497927252457561	0.10653731540233372	0.06306321998488829	0.04018556446053258	0.15926925357615979
0.07463341456721988	0.029634103049784963	0.09027971511238814	0.1578450143385619	0.06632751642891208	0.22529793932671888	0.11366751712649575	0.0644884445485375	0.03312296921117169	0.1447033662902092
0.11598840716311186	0.043247999845128955	0.12246347108709477	0.13294102712634423	0.08220181523978194	0.18352313613554933	0.09594050365174388	0.0681841715058118	0.03235704856282237	0.12315241968261083
0.09667021546776965	0.04813470826996613	0.1240855907759959	0.15581386132833414	0.08339404372019932	0.1738990505764492	0.11079089333017843	0.05841781284076603	0.025535173108259007	0.12325865058208216
0.026025822243295915	0.02916359010798064	0.12531386889207338	0.16697292202903752	0.07882819757836206	0.21744626344759482	0.08692263147000615	0.050958234990810675	0.03134410145942461	0.18702436778141424
0.0969153234308289	0.037437279302919735	0.11072041961813811	0.15985776586232542	0.08448322997318049	0.16803443097393178	0.08420577676664115	0.053794360974502325	0.025102591620783613	0.17944882147674845
0.024532538211810062	0.04358704360647672	0.1281975127804083	0.1581219853719487	0.08130697747703661	0.21296095421340683	0.09121501638532502	0.05527537076168966	0.0259773057789265	0.17882529541297165
0.08679071916426474	0.04308414132660925	0.11669367443070033	0.13419198349049974	0.0783456656911394	0.18121918232282924	0.10993823596531208	0.06157801189795348	0.024349609823803242	0.16380877588688852
0.14013211280585947	0.028915393974975806	0.10816061426791815	0.14400890221296658	0.08230121600992091	0.144487188311761	0.10426617832371626	0.051544308616562964	0.03149128728183316	0.16469279819448562
0.1484300528911374	0.04095614914539964	0.08986856030490308	0.14439209778603734	0.061994680811141234	0.16982513505080316	0.10052451688176725	0.05395753823299133	0.026517046070397413	0.1635342228254221
0.07032531974772148	0.02784832714904091	0.1232127657890288	0.14788909077519158	0.07321508832337546	0.19140444947731522	0.09111245985640962	0.06544867489675711	0.033286134630741385	0.17625768935441843
0.06525897116894795	0.03939275065050676	0.11461344452912975	0.15620748630428927	0.08437535382050741	0.15987068111328728	0.08834576463116782	0.06953051500392879	0.027502664348720618	0.19490236842951436
0.05325426024707074	0.04023564707679341	0.1309112097968763	0.17413455472190062	0.07906022895984952	0.1564451795513352	0.09852217652139589	0.05440247259108935	0.04011881513993147	0.17291545539375752
0.10209145376694337	0.030906894768856996	0.10275766230891317	0.16533037227183256	0.0832910344945095	0.1791745531621859	0.08370034625382636	0.052202684882005176	0.029175893371720815	0.1713691047192061
0.12061577298307757	0.037653734346271686	0.12206784542553979	0.13342700036471367	0.06664090765885625	0.18768432679291835	0.10884851441192497	0.05774677838103349	0.036469047835148205	0.12884607180051594
0.03993110326519776	0.027427125043274048	0.11333471122170564	0.13356935586104207	0.07962270214108519	0.21665813089651284	0.11255716309748158	0.058000469494471074	0.023656271934510295	0.19524296704471952
0.09754496118542588	0.04366037797891987	0.09730531003608303	0.13560812737620223	0.07388652835445159	0.1985170146738705	0.10719775275886331	0.06103515104259512	0.02238449621890684	0.16286028037468156
0.07985699020248842	0.03216073322177038	0.08945787792829407	0.16990276144650762	0.08211923494612008	0.17771465211610604	0.10473169759150033	0.06245489880683758	0.04314019068597848	0.15846096305439697
0.1664947233537084	0.03602396424686426	0.12624924697356615	0.1332418368305782	0.06559294380118	0.13539860781198476	0.09032401193380289	0.0652639945376837	0.0391813166668615	0.14222935384377
0.06554808614165797	0.036892838735404124	0.11988481821786046	0.16277896880663711	0.08000877479807757	0.1787779710988019	0.10648996662062694	0.05169422750415105	0.027917692404935704	0.1700066556718472
0.05111923077166354	0.029734333155298567	0.10983245604491683	0.14929268869628498	0.08047506076395464	0.22618510472557585	0.1141329771647894	0.0608639895214598	0.03194890056711652	0.1464152585889399
0.1334634076512812	0.04527163430323785	0.10017020369352489	0.13809172468075748	0.06987651839062536	0.12457816007236089	0.10137551613348249	0.06050195059310763	0.04430289252194689	0.18236799195967524
0.0453588496874244	0.039340596979510825	0.10474434977575788	0.1397805002986256	0.08012884011441837	0.19430631878747906	0.11264820512343258	0.06627168601377265	0.02657013557456278	0.19085051764501593
0.1476198464707187	0.04063436301252998	0.12490065908759991	0.1586722994008683	0.07367335074021007	0.12698424172188316	0.10410190610615605	0.06037578291811533	0.04337238615627132	0.11966516438564709
0.11244575583052077	0.036881404458061456	0.09178277853925829	0.14790456745646674	0.07253693828769792	0.14619991600810034	0.10343097402029161	0.0596776556980624	0.044234837866614446	0.184905171834926
0.09516339233681198	0.04508799772631536	0.12997865696726194	0.1477211216430467	0.06070233370986514	0.1448512947038706	0.09922791637143016	0.06753846452009386	0.04426538857317077	0.1654634334481334
0.04390313984519684	0.045953943579881376	0.12301317055965216	0.16905734270970887	0.07039218633081287	0.18027504319121154	0.08907058974940835	0.062264335194095306	0.03748236520755979	0.1785878836324729
0.08720190397844484	0.03053645982327864	0.1053084825477099	0.1397207219794139	0.07368520109929738	0.1947963524220643	0.10685294885958424	0.05866860140709524	0.03164213844949523	0.17158718943361626
0.06511654978270978	0.03960081336286371	0.10284351719778431	0.17570268986392232	0.07257006762603974	0.1972325707873256	0.10652874785139224	0.06631037751974606	0.024586410799208716	0.14950825520900754
0.06947953117129746	0.03338188833315969	0.1298294448649068	0.1652569767730015	0.07979081471952035	0.14394599739437652	0.09648633731574681	0.059543712313194955	0.041768596375967706	0.1805167007388282
0.09300793576167568	0.040571409724107776	0.1194241381948115	0.1663047636542522	0.06785208736381632	0.15132517410436494	0.08553307917490308	0.05486709533049741	0.04215161667275346	0.1789627000188176
0.0816796570015216	0.03168273315576747	0.10298858162350706	0.13366391145949777	0.07848900158577915	0.21265268946483762	0.07979315893404146	0.05262495409993425	0.0457001218858393	0.1807251907892743
0.09059505134221402	0.03970273642067411	0.11458707382641206	0.15241869742374478	0.06799170106034474	0.2348112923913177	0.0891828567072627	0.067917194387681	0.023411593648638374	0.11938180279171044
0.18116473624354212	0.04457466856775789	0.10860876771554914	0.13548708470304538	0.07038793911800505	0.13254916773469438	0.09916378819691832	0.06652086017736877	0.025665000572589747	0.13587798697052905
0.08094644902027212	0.03806531759036785	0.11041901477829617	0.14225164461272044	0.06596688542381425	0.17462085038505193	0.09523151197673445	0.06835871739785451	0.044823021414868255	0.1793165874000199
0.04546392064937631	0.04647000215984024	0.12453301572298534	0.1580744863288758	0.07546356305538302	0.16274451408347101	0.09663324914706688	0.06646946394149514	0.0297000875628589	0.19444769734864742
0.08893713665271027	0.040703006080182375	0.11491196342185164	0.16985006805245978	0.06235055417853786	0.1847271161378798	0.10145733872737558	0.06379126260919422	0.03761869304238135	0.1356528610974271
0.14346625393627233	0.037267383519447986	0.09135536755742454	0.1755939458211419	0.06256459870965418	0.1989827816511518	0.08971690732371103	0.055708773785123095	0.024552644856665237	0.12079134283940776
0.14622929310526955	0.04051628937349795	0.09087684125064578	0.16753410023671916	0.0660573087404055	0.14938917803926954	0.08089111631376006	0.059546043235536146	0.037510090093522366	0.1614497396113738
0.07052480090637586	0.04696289084013127	0.09459718528723524	0.17189682261616232	0.07535700556961691	0.1791350431223755	0.0838954232118986	0.05511026752687304	0.04002208118071025	0.18249847973862096
0.029253924269360243	0.034978628032867054	0.12323888999630277	0.15392971311808443	0.07656487899060102	0.22720356129932368	0.09587579369046496	0.05636876407066795	0.03982809028640764	0.16275775624592026
0.156738967847698	0.034795219225384574	0.0906503915630951	0.14891821407631664	0.07661026712631093	0.1668896890832292	0.1106425575450665	0.06538199842618474	0.027616715242673506	0.12175597986404069
0.12461112361910406	0.029993675901064124	0.09618933046323971	0.14349854909251603	0.0641407969637728	0.16441634392979226	0.10917628929656716	0.05888794171172299	0.03577789885991017	0.17330805016231055
0.07947032878170335	0.0430680997229446	0.10671892240051761	0.1414666372344733	0.07382013201878608	0.1967866613540074	0.09957576702454835	0.06710647489135571	0.033245968555469185	0.15874100801619437
0.14097071469880612	0.03651721351604896	0.08871746368764298	0.17357417093227026	0.06586429354255441	0.14079060428149331	0.1037328809133164	0.061809813712647634	0.03264717886978939	0.1553756658454304
0.04617365259303153	0.035842262350549436	0.12157425300611995	0.14315177932181086	0.06505953925948135	0.21147779028212182	0.10624792577452047	0.05111396194890506	0.04183377409224704	0.1775250613712125
0.10354074371141365	0.033316066455474316	0.11132235297454471	0.13831478650497525	0.08105839765338341	0.19412307199728637	0.10069931698249514	0.059163484157123455	0.04210554365098065	0.136356235912323
0.11364144229535986	0.03863783582640463	0.12512816766802717	0.1668284785525902	0.07700306937340554	0.18218410065289187	0.08279232431596323	0.06280756455483505	0.02522258523993319	0.12575443152058924
0.09853252918485622	0.031017936726278228	0.09501337780065817	0.1604038687062625	0.08167407052668804	0.12840787896591413	0.10946889561286018	0.0655236172104883	0.029859019887950977	0.20009880537804314
0.04168460153028426	0.037523136684007204	0.12476515089938706	0.1339382972359083	0.08587989983850426	0.22175507079728246	0.09197056895538581	0.057958939661717446	0.02939831775863605	0.1751260166388871
0.09863978169873508	0.03911804883285802	0.12574989349921734	0.15751735748239296	0.06747394877796437	0.16494560687107868	0.10479592303878399	0.05800483632101484	0.043874606602173453	0.13987999687578123
0.049449724901059186	0.028472578486826564	0.10154992111401252	0.15123050627177556	0.0764967616372926	0.19166254307582997	0.09471268426364202	0.061260880444758845	0.04617959977032226	0.1989848000344805
0.07171932662342966	0.03345080469004741	0.10736806480376622	0.17320503589341957	0.07623318871344179	0.2132619793969295	0.08241867546592972	0.056031635154603236	0.04376281367128544	0.14254847558714745
0.06587840561326237	0.042250716414621296	0.09790839123151508	0.15611174621160948	0.07001537674021474	0.20624497821037635	0.09349300770507345	0.06536696452553431	0.04121163194749134	0.16151878140030157
0.10360693022519053	0.04428242600683333	0.09956593835393068	0.16046739366739937	0.08109334880593462	0.17604245385787032	0.0966984808873494	0.06243052721171267	0.03411509356186011	0.1416974074219189
0.17968736456437567	0.03414259745668165	0.10291467428704999	0.15419282591217048	0.06607153497196838	0.1252299037575054	0.08107825722116745	0.06619551823706792	0.03750172489467622	0.1529855986973367
0.04184158799980671	0.028093723903618	0.12105889625126118	0.150359267314876	0.07889539194788305	0.21276328390319302	0.09706126986713536	0.06276960400606303	0.027099136889282033	0.18005783791688162
0.06862736685281044	0.028839138601758768	0.10673731687182682	0.14298290606392255	0.07871706089665563	0.22551647430755145	0.09873611108250405	0.06215817743581805	0.03728903478300068	0.15039641310415153
0.07296409526900219	0.04327071738187943	0.10323756190680101	0.14647276182714056	0.0769916170967545	0.19659769114183195	0.11001964023467942	0.059758005266399045	0.03819094429945102	0.15249696557606088
0.039893001678882954	0.04054177250480716	0.12561633699893493	0.15411084278054427	0.07797197355938475	0.22295252167881957	0.09803818558157854	0.05386049535807082	0.02448552042515667	0.1625293494338203
0.12580293292509614	0.032401192434124426	0.10312866379676297	0.163189213110739	0.06968361065687353	0.1971152347623967	0.10223853578833636	0.05706894751974981	0.02453000478599994	0.12484166421992103
0.09954238480116567	0.047443793275047545	0.11643826264229105	0.1713287013385118	0.0843222795784267	0.13031229171858796	0.11222862284881521	0.06857026029884253	0.045778743845016616	0.12403465965329483
0.056570262854200234	0.044828467674313255	0.0940247427249905	0.1778104145461573	0.07907859605946595	0.21676454748148521	0.088137167085858	0.05702724370691669	0.0414251901682425	0.14433336769837035
0.06378743702233343	0.03034909185996075	0.10355511694889175	0.14355715473139685	0.06823631450807542	0.2140949156313376	0.08887678616151916	0.05754440118180239	0.037657207793808295	0.19234157416087438
0.16595176388521277	0.04165028436468224	0.09523320660087752	0.16902137815170426	0.06264781483276352	0.1423394952862196	0.08277233079126996	0.05470985261207596	0.02413156803852487	0.1615423054366692
0.15651593844426226	0.04351937084777278	0.12579273157755202	0.13855428363254776	0.074125297656923	0.13555785515662727	0.0976209897221576	0.06722042779107779	0.04146454222488669	0.11962856294619276
0.06752695134351792	0.04545347244792863	0.11994339710296627	0.1412462312520323	0.07463572469159455	0.22887492493464007	0.08924818423761717	0.06664551259732651	0.024538534015823676	0.14188706737655285
0.08052073477625737	0.04269188629500304	0.09429193728371776	0.15925650875357827	0.0699006488733856	0.15313560945062288	0.1003513643725214	0.05791853668855569	0.04434439013521865	0.1975883833711393
0.18570303363684476	0.031240426307844973	0.09539795270981205	0.133088345450465	0.08232722028312824	0.15920998947926418	0.0951198869643101	0.05449121995569664	0.029636007230331468	0.1337859179823025
0.1251915572639809	0.040178891035883145	0.10349473086032535	0.16209915656126586	0.0761249800671105	0.13591963257313033	0.09013816401212071	0.05559946733073081	0.022980224583819583	0.18827319571163276
0.03632144047701037	0.04732666819147463	0.10511455248306266	0.14828773248224625	0.07252171066569651	0.22305709749716235	0.10045011827467637	0.06927470468404673	0.02840149909034241	0.16924447615428168
0.06912786345486381	0.03794028120716785	0.1043546876515482	0.16967119699129574	0.0665957925348814	0.19560792218107606	0.10722419602320292	0.05235401619184495	0.026268542532187494	0.17085550123193158
0.05187082258029005	0.040299420066620885	0.1131459438376541	0.17888317581126598	0.08155098400407415	0.23376381139365526	0.09015460566682512	0.053028846463741904	0.03774663738649463	0.11955575278937793
0.19978502534959003	0.032405611520844146	0.09662793899573355	0.13381268310187222	0.06785701614667428	0.12995942944572988	0.08040949491643196	0.05885373571161497	0.026291539928364083	0.17399752488314468
0.061004790378373086	0.03401309453038198	0.12782804402494843	0.15423737185947559	0.08169169057065581	0.14969329417361987	0.11458072877339204	0.06566154316876552	0.02509212551830403	0.18619731700208364
0.10307365023133212	0.03577261991847937	0.12983888967981178	0.1599294728449183	0.06924878689006747	0.13956236558621818	0.08575667543455795	0.05416160911350778	0.026013617871175607	0.1966423124299314
0.053850458419828204	0.03812247276059856	0.09989368723442443	0.17670846164061374	0.06476658821597403	0.16963599678635952	0.10681550879537464	0.06761779579868453	0.026340114081567792	0.1962489162665746
0.09518932205555133	0.029930641562070967	0.09165129199754041	0.13590374517186554	0.07486261935175945	0.20949254206547108	0.0827836197153851	0.05983217349662835	0.023580948892787848	0.19677309569093987
0.1083705667781835	0.031303828608731904	0.12483085933186683	0.14670729132438082	0.08535482958206526	0.18142291515454217	0.10594650654711012	0.05167038624380793	0.03183790314979555	0.13255491327951588
0.08315591958378095	0.028532619423881883	0.11106145749953042	0.171479029510766	0.06329552892939455	0.18161684539055567	0.10249835914120124	0.050474468925338405	0.02745745205332152	0.18042831954222927
0.04177371609569583	0.044078551820775594	0.11162447341948432	0.1586518749401566	0.08425410082792728	0.16046576832118936	0.11073750278500323	0.05469700734479775	0.04270157835166693	0.19101542609330313
0.02396543340946343	0.04680454973963933	0.1200502233492037	0.15066049757112976	0.08340163105521098	0.1874617559731087	0.08781424244977248	0.0694146904692689	0.040499998726152765	0.18992697725704993
0.13589503801090824	0.044217658741336874	0.09030904902845109	0.14640141467970802	0.06700455298686357	0.15193680572821033	0.09146836050426481	0.06440765438536078	0.029038297652591832	0.17932116828230435
0.10217596185340498	0.04470228658542038	0.09090975454112167	0.1550807726797037	0.08096947894379761	0.2148057517218641	0.07956354278519999	0.05835583305531295	0.03720386502485097	0.1362327528093236
0.07446908321850484	0.034440007746457404	0.12084727379594157	0.17661002704640816	0.06539022585101327	0.18277580705203764	0.1085193798403066	0.06931542066282924	0.04279492594020247	0.12483784884629871
0.09840811971125608	0.028563373454123478	0.09435821746933076	0.1378657961134071	0.0653681127510368	0.23257101510009187	0.08118887577935185	0.06553548599814782	0.025419077575646695	0.1707219260476075
0.15754762701072045	0.04450916518961161	0.11987176677427999	0.17443211446800508	0.06077797519969455	0.1471625430584959	0.08726365917683315	0.05433789575365003	0.03181813086117016	0.12227912250753899
0.19269309145863692	0.03860163091239383	0.09668641104423656	0.17199079434277414	0.07292716857260893	0.13940497117637388	0.08413360473838602	0.05164256060646805	0.030106728383982373	0.12181303876413921
0.11127748560453135	0.03242745620146377	0.09308474884403413	0.17560097405146202	0.06517418594979527	0.19086304467660128	0.10155741426634941	0.05796383791080451	0.03601342372889636	0.1360374287660618
0.15413887437209095	0.04473308792189143	0.0889253720895865	0.14020284583287065	0.07331863163846519	0.1401526281256493	0.08757274894127187	0.06225321663344999	0.032567305081523626	0.17613528936320033
0.07054519261934775	0.03459854979341835	0.12659590155723408	0.14031307061670972	0.07953497720780933	0.17896107500707265	0.1026291241948029	0.06725974869695102	0.02596642207484688	0.17359593823180736
0.062746036799646	0.04618363556098944	0.09882632925074904	0.14642734712080271	0.08499038700353749	0.2275792961489202	0.09651327525936933	0.06557695075737267	0.030467660378218145	0.1406890817203949
0.06476851785385337	0.041440187714755605	0.12486498196104473	0.1427440398177407	0.06678507215210379	0.21554343593426434	0.10576472177147032	0.06197283386645775	0.04550604855021752	0.13061016037809184
0.13499638946948117	0.040306979856359844	0.09485969731025527	0.14158059431207284	0.0761221468509982	0.19217701051627867	0.09288615717373634	0.05525492697395568	0.04246627231269609	0.1293498252241658
0.06515923660489456	0.028626138690492756	0.10523697918190757	0.1678975661715133	0.07250255998404068	0.17575242070268415	0.08524114583158196	0.05984430252170644	0.04361570090086684	0.19612394941031175
0.07342347604291763	0.0439489973711764	0.11138540440478199	0.15798140630585994	0.0710697624998808	0.1775374142993637	0.09435997262470226	0.06259560603945424	0.03739987526337356	0.17029808514848943
0.16389414582634831	0.03117479641145504	0.1084744958056778	0.16099567535581538	0.06319736342134907	0.16043732589729653	0.08843808321469568	0.06280083395291657	0.030531007753926337	0.13005627236051914
0.11970209282565902	0.03425073104935472	0.1293275118116353	0.15383124170910045	0.0847215511958796	0.15728045889569323	0.08546051070353977	0.05208114564190148	0.03418089615117535	0.149163860016061
0.15373018324064006	0.041191229618769754	0.1011811843958979	0.1598355368284156	0.07384032091923386	0.13065789509396075	0.09302602963520673	0.06520515621403675	0.042509491403892034	0.13882297264994647
0.04519044378623652	0.027349328746175086	0.09728381851755508	0.1576160045473872	0.07600324545265186	0.225057571649173	0.11183125468800219	0.06270359452247495	0.03712867205883416	0.15983606603150993
0.11898860403592665	0.03829057252825036	0.1112237991719255	0.1482852468198486	0.08496364174683263	0.14796812282400088	0.09832898000979706	0.05570770695626269	0.04458579577946912	0.15165753012768646
0.13114601884549842	0.031120715820764144	0.10493957020012566	0.16302455668944937	0.06622769860198241	0.17937440797134865	0.1108773924379291	0.057612464357298526	0.03565925629578179	0.12001791877982182
0.07255457214087502	0.03549297769609616	0.10955164115560781	0.14983577209493093	0.07402422472662372	0.23152793987929232	0.08496720224637941	0.06528464133921909	0.023417193532288313	0.15334383518868727
0.07558938679936465	0.04343737768679255	0.11132052274589327	0.160230965788995	0.06332492171278065	0.1604266275511959	0.10934146701530009	0.06700563714379146	0.031852852955334215	0.17747024060055216
0.06599804707237078	0.04452712194463394	0.1097120220178874	0.1571238830639079	0.0728369976023942	0.22378602990214486	0.10387181946879763	0.06587427855909223	0.025078346128047366	0.13119145424072368
0.1070135927746615	0.044382901748813514	0.11458781987817403	0.13632459462212762	0.06261817855400724	0.17189446319175378	0.08422200006482021	0.06011755409668665	0.038263581942893	0.1805753131260624
0.16687365138883725	0.03525183398452948	0.09156901450160707	0.13313279618532597	0.07565237777169756	0.16321541412488402	0.08851322266258127	0.05263457470210185	0.03615779446654889	0.15699932021188653
0.15113392484456822	0.03296392601954587	0.10282060658633414	0.1381876453734851	0.08480660578489642	0.14518991197373476	0.09343628691291411	0.06340879454471263	0.037934751175515445	0.15011754678429315
0.09055454369972497	0.03686918170284306	0.10150296353895448	0.1600574938820764	0.08213486274028846	0.21186824496043644	0.08776529164273511	0.06544889381725581	0.0224794765319329	0.14131904748375232
0.10734027066311946	0.029712003059406078	0.10456673571543915	0.13530509032130988	0.06467517963679155	0.21031648132217676	0.0860994520616699	0.06650427233502551	0.03405713008125964	0.16142338480380206
0.04936737154017805	0.029356131881011396	0.1162586116336094	0.1536399396001204	0.06568193486016559	0.2300993418358624	0.11317924798420273	0.0635518896707	0.039184855382327174	0.1396806756118229
0.18334721928649397	0.03828744994589203	0.10351234650551372	0.14751177337866356	0.06872807704251155	0.13069590433674608	0.1125473854604777	0.06777075705522927	0.02576258135877567	0.12183650562969628
0.11181729892805367	0.043148200914206465	0.10554821824382178	0.16938172708708626	0.07906723794231871	0.1325175236240582	0.08610406297766458	0.05533317096525036	0.03643617745126548	0.1806463818662744
0.03243280763061325	0.043385386116368815	0.09860192841002456	0.16255239368486013	0.06113068985070444	0.19319326190151404	0.10636485453492789	0.06888455973039992	0.038360195565470726	0.19509392257511626
0.07689620668696177	0.03908632643825195	0.11470083440785796	0.17495015377183276	0.07226103830660474	0.21189710568601672	0.0890587230288123	0.05089805230245911	0.03402990192353984	0.1362216574476628
0.1480911790545692	0.03126625838071112	0.09654600488053516	0.133899131774908	0.08438577782480966	0.21427300701098553	0.0829791464503271	0.05450123320825208	0.02313965824210283	0.13091860317279913
0.05613588864245931	0.04052902483161432	0.12339198974314892	0.14527247416278657	0.07474363567746076	0.19832828112994205	0.08021198603243702	0.0673166251376692	0.03533482233571908	0.17873527230676267
0.14343299037218732	0.03380158188958811	0.0992951956713745	0.15978971140463874	0.06411235542310163	0.18225376422548628	0.09503602040812394	0.0564940825445871	0.039600960025144	0.12618333803576826
0.03399849054812862	0.02928307575739475	0.12656532671195755	0.1539337853487464	0.08208192711697695	0.22962631194804	0.0945573546893369	0.05120820161106195	0.03337972381318395	0.1653658024551729
0.07298171592047568	0.04282379446489019	0.09247330753058712	0.13881885320002307	0.08173050530626587	0.1959430309035914	0.10158755562443052	0.06424491612528116	0.043456069145767946	0.16594025177868701
0.07267237794421158	0.04091159071439161	0.09772030779870812	0.1368516110638088	0.061238582764592556	0.21754055388240728	0.1021591711361869	0.06790960013955645	0.03238768622461116	0.17060851833152552
0.10492224602651627	0.04484873140326544	0.11880003662627553	0.14548794843994178	0.07134029387452973	0.1876584048201404	0.08577786760416378	0.06954255877015503	0.030081147232723232	0.14154076520228875
0.16498006060772435	0.042954772315870124	0.11484535863886765	0.15151470181007834	0.07021709641160456	0.14931120051936939	0.08360347814546673	0.06469433479460253	0.029152544568510574	0.12872645218790563
0.16646369669498107	0.02945552632452643	0.09095016670544426	0.13407460156357998	0.0859051858415297	0.15261274137637482	0.09469051936360337	0.06476351236091216	0.031145149813988887	0.1499388999550592
0.04340491140622617	0.03896727525543153	0.1296445213742314	0.15605485809986125	0.06676589955657591	0.2195671342328702	0.09606134382768414	0.06347501010369967	0.03742809595882776	0.14863095018459196
0.17838672885567494	0.03390997348798329	0.11051386738590219	0.14481006827757584	0.07136255180397008	0.12945984850921247	0.08414832932389846	0.0539093582914654	0.04596805287364676	0.14753122119067047
0.02267908312865323	0.04735271199006123	0.11702556521618694	0.1447561667627023	0.06746166838226225	0.22164743193771816	0.09234249615354884	0.0550327886873652	0.036470128796532	0.19523195894496986
0.041030271861253874	0.03430137226111843	0.11965875473282712	0.15475152820810822	0.07700430514742308	0.1986761593504217	0.10926101032895548	0.0569678855898412	0.031221395501605465	0.17712731701844545
0.12818276699833098	0.04542916900349839	0.12320722736933834	0.14330366495475294	0.07740128649354515	0.15235287588254287	0.10856026033838986	0.06822690195713457	0.028581209803339516	0.1247546371991273
0.02372534966632102	0.04510552748477749	0.12761989981118693	0.17353589795082408	0.07529452335344253	0.21789561559703435	0.08934207665613535	0.06700962510505956	0.033197939516416294	0.1472735448588024
0.1185046550418429	0.03216729097760444	0.12935756256036368	0.1643918065509724	0.06478334934344931	0.13097364900046116	0.11240161691071021	0.06456261984963411	0.0227578088266754	0.16009964093828633
0.10946649339206824	0.03876762489581554	0.1262154583340055	0.14681623919556958	0.07069543877337886	0.12891520454388766	0.10850481117059953	0.05514825865401562	0.03056519332326635	0.18490527771739304
0.11858502541410319	0.0392288018896363	0.09746016013845692	0.17735779539256427	0.07754810338873755	0.1337879314679083	0.089185951929956	0.05133093446935589	0.04229554940850036	0.17321974650078115
0.18641253450705364	0.036735269574757784	0.09106416921601315	0.14065127115492432	0.06278453730519447	0.1448390736112063	0.1126409339804999	0.06721323107162508	0.03615200185250686	0.12150697772621834
0.11328816526370894	0.02759002342759423	0.11422137651809006	0.16839358601293108	0.08436018637964149	0.17682005698217887	0.1138073196570156	0.05155648017018568	0.0295182591743042	0.12044454641434982
0.1482701575418392	0.046968020715821686	0.0922689708457799	0.13844998666310263	0.07501764613401016	0.1371640228184323	0.09789208357759814	0.06725140680988673	0.04042580167482727	0.15629190321870193
0.11323166222292647	0.03673778196230186	0.13030325742079257	0.1587530535913147	0.07629337846703227	0.12482533930659753	0.08356727373080082	0.06534392974057443	0.045080388658452895	0.16586393489920642
0.03246057205991083	0.037431242875432286	0.12224441250499118	0.1603630848195171	0.06106070980905573	0.23002964073467702	0.10418480829452141	0.06703536749488252	0.037590663834472904	0.14759949757253898
0.06930710157062368	0.04125973011505417	0.09008070736475242	0.155997505112357	0.06616275392110561	0.21868257780870584	0.10083525545317812	0.06853001815460943	0.02377363316722482	0.1653707173323889
0.04839452874763751	0.03931636633265445	0.11521317390954385	0.17801267428802103	0.07034502480752114	0.22370123379659662	0.1012098332405843	0.05033233257204152	0.028311347116313695	0.1451634851890859
0.06072985217351101	0.037366026475849565	0.11052851520466929	0.16693947266302972	0.06622562928117601	0.22545171411447062	0.10554353314860108	0.06563868773455828	0.031276179121022776	0.13030039008311162
0.1124080360510723	0.041206083019333484	0.10822266004371953	0.15640047694964193	0.06665475920209658	0.18887940813224252	0.11181514951321583	0.05410038618047394	0.03453176846302973	0.12578127244517406
0.0680832968332706	0.04825695374538704	0.11334021665326449	0.1367742641060618	0.07809075615049742	0.22901951451766878	0.10626521380320059	0.06483327177029533	0.030098681073731898	0.12523783134662203
0.1388760064004316	0.04499221128132627	0.11416461053258878	0.14323246717923546	0.07624301151446981	0.18178325426722475	0.08873867284425153	0.06263858541793446	0.023408535432026922	0.12592264513051032
0.11102773796290726	0.038025279548418674	0.11688900228005612	0.1674383020537864	0.08135159353406199	0.16398809312973994	0.08590645177649847	0.06376795239067162	0.035449270168786656	0.13615631715507281
0.12465284225604004	0.030353527387521992	0.12450470096118621	0.1776213012311817	0.07158280473350537	0.1294042507879898	0.10902898164245726	0.05874340890234971	0.031918311382015355	0.14218987071575245
0.0662406809004043	0.04747430835594576	0.1276096318207564	0.1549017603493092	0.06829651024384609	0.21229866615524623	0.087083151506258	0.05438536991559639	0.03245319735687606	0.14925672339576157
0.12999288345600277	0.03469600910883529	0.10123677312205637	0.16789934676405283	0.07058178049724406	0.1381912694116751	0.08187987019878377	0.06459871661981054	0.037998301241544054	0.1729250495799951
0.042711954171826924	0.04222299811579948	0.1098245370839954	0.1787247823218036	0.07318661068431757	0.16193730457510658	0.11326084906489603	0.053033418554614964	0.037938822701217526	0.18715872272642192
0.06638882396876453	0.04349978602152197	0.12336909311747063	0.13569615590776093	0.0638040210468637	0.19077141230251066	0.1132322348283207	0.06135004420677938	0.03962798807989285	0.16226044052011462
0.0955380016388965	0.03337012675547521	0.1103338270173317	0.145465649583541	0.072548574285479	0.15898877410108664	0.0950557392268091	0.06903978609913311	0.043413971737092924	0.17624554955515476
0.062230903186472605	0.04673727706252623	0.10512189414921583	0.13395042279782937	0.0707408399633134	0.21881362944416183	0.11197400931648598	0.06517303908857433	0.03704521746033948	0.14821276753108092
0.10705647739314256	0.03128800048771466	0.08970854763691373	0.14787831454287645	0.07701720914158217	0.14370747013064986	0.10317638251086188	0.06898312395397446	0.04039204151971744	0.19079243268256674
0.13285169401037797	0.0429433475173746	0.12705789799376963	0.14159253041882242	0.06638960901607638	0.12348692411359144	0.11152352563066588	0.05307946576949083	0.03489721600997406	0.16617778951985668
0.14057753053229885	0.03174206790012096	0.09236445792997602	0.13503577911872175	0.0737297727135462	0.16492929693093353	0.09702265115647236	0.0650850892635422	0.0441200427484151	0.15539331170597295
0.07378130792797785	0.03487417475539495	0.11523027396305992	0.16932988039415459	0.07724022346458816	0.1639766328238772	0.08236363243827939	0.05489447719418207	0.03334408974045129	0.19496530729803452
0.05098319399744102	0.028104606871898488	0.10075720303784239	0.15519302048316694	0.08223989655769154	0.2267457572831209	0.08698390724166354	0.06589848801480017	0.038993814158139364	0.16410011235423572
0.1260797092259687	0.043441575846323924	0.10932618772865363	0.14812507160560517	0.08573293547111849	0.14302275764538794	0.0878104535026541	0.06662666849733229	0.02959539522682751	0.1602392452501282
0.07872783442657214	0.03590115619152105	0.09912864916619478	0.16827389147001565	0.07059690318665059	0.22901377295217235	0.08782535978550053	0.06790217516411334	0.03622361213187973	0.12640664552537978
0.09554386311451701	0.029546519984177858	0.11917423563296209	0.17192621606640573	0.0629186174556117	0.15869562761447908	0.10611432517109921	0.05804207595045083	0.04467082977332223	0.1533676892369742
