0.013203279305686044	0.20027548528194777	0.7865212354123663
0.013977951249253273	0.0767689436047293	0.9092531051460176
0.018880330379733357	0.1099385800080992	0.8711810896121676
0.005540752916388558	0.24994290600714578	0.7445163410764659
0.011629384080822258	0.4991520796670077	0.4892185362521701
0.005709462911401952	0.4707939563392715	0.5234965807493266
0.022034619172022096	0.4735697910812843	0.5043955897466937
0.017165108619268454	0.5016446520360981	0.48119023934463356
0.017849596742880725	0.3779466386721997	0.6042037645849198
0.01392332330808932	0.2431310989351059	0.7429455777568049
0.01766219616554371	0.23650184909700983	0.7458359547374466
7.574426857859806E-4	0.2871462745963457	0.7120962827178685
0.011851846545308964	0.1775038775326021	0.8106442759220891
0.021863865699324858	0.18647209442920493	0.7916640398714703
0.01540249360336865	0.22014323951036113	0.7644542668862704
0.009369308362702222	0.18308000690240736	0.8075506847348906
0.00898206271200791	0.215803223658815	0.7752147136291773
0.005871639008540153	0.10944654546930122	0.8846818155221587
0.008169157093842416	0.23204562936207468	0.759785213544083
0.014232834103386216	0.23701850293342988	0.7487486629631841
0.020917272604671244	0.25655028020439624	0.7225324471909327
0.010869795713896624	0.2564744385552232	0.7326557657308803
0.01926494225110509	0.383003608442513	0.597731449306382
0.007446866735287383	0.42920932536435236	0.5633438079003604
0.010321544263913074	0.5379577780942364	0.45172067764185064
0.002059282205969293	0.7133309994982189	0.28460971829581194
0.006331941594469426	0.6656314767080438	0.32803658169748684
0.020368702559922625	0.743601158093096	0.23603013934698158
0.005013600966879694	0.8458897963984083	0.14909660263471214
0.017352607471750436	0.8484198377048495	0.13422755482340018
0.016162740070993886	0.8511960504903794	0.13264120943862692
7.983034787671928E-4	0.8349503578770189	0.1642513386442141
0.005948179907058149	0.8053390022122309	0.18871281788071118
0.006738691380027972	0.7893630878217499	0.20389822079822217
0.017260364864516264	0.8565481357100283	0.1261914994254556
0.009752450254759681	0.7454487868735916	0.24479876287164887
0.008730695495231866	0.8704407550590264	0.12082854944574192
0.018521042623146633	0.8586128735693789	0.12286608380747457
0.021046275644691748	0.8716272802403283	0.1073264441149801
0.010608479193978892	0.8937529651532348	0.09563855565278656
0.01852496700406525	0.9059966567712925	0.07547837622464243
0.01260776827877147	0.8837998376032992	0.10359239411792948
0.004446348245005172	0.7340468801493757	0.2615067716056192
0.010859658879007528	0.8910415376828671	0.09809880343812552
0.020905259922935848	0.861445294340856	0.11764944573620811
0.014624326529353082	0.8956619092737333	0.08971376419691365
0.002603764938025055	0.9036726639523126	0.0937235711096624
0.017548256313044797	0.9081037693009492	0.07434797438600615
0.006203357157312517	0.9340791522700579	0.05971749057262965
0.020651025232772735	0.4714330701080354	0.507915904659192
0.004468200401630207	0.4469200002936113	0.5486117993047587
0.004700863217994233	0.4303210374354154	0.5649780993465905
0.007788189890436281	0.5821552967796246	0.4100565133299392
0.004109598311952567	0.5689787318719695	0.4269116698160781
0.01640136780694973	0.5803943255732187	0.4032043066198317
0.0012136511685253426	0.6146536196243422	0.3841327292071326
0.0014382841483924214	0.5558081734463132	0.44275354240529446
0.01808716411014971	0.6183412980960081	0.3635715377938422
0.01809466479976357	0.7517764055644873	0.23012892963574935
0.006802432192013319	0.6595535035461205	0.3336440642618664
0.0016856563215790765	0.640668455996632	0.35764588768178907
0.003697957423455689	0.5129203916516786	0.48338165092486585
0.008136112072603785	0.48067789747982337	0.511185990447573
0.011426473849312557	0.5364838878725773	0.4520896382781102
0.009545868917746059	0.577419757089501	0.413034373992753
0.017289826306358558	0.5823886714604273	0.40032150223321433
0.014170141699120786	0.6414436647935224	0.344386193507357
0.001667042451166223	0.6623252934080828	0.33600766414075106
0.007484058540317584	0.8757519861860685	0.116763955273614
0.016736407014405597	0.8196569338893811	0.1636066590962134
0.00435045839296494	0.7484195033668959	0.24723003824013934
0.0169362671722319	0.6792984614027133	0.3037652714250549
0.00374285032813787	0.6166736423595667	0.37958350731229556
4.1595709447761475E-4	0.5999172940361887	0.39966674886933384
0.013718444568424637	0.6768153116212801	0.3094662438102953
0.02041077605159225	0.6786835613362386	0.3009056626121693
0.0076379787935837995	0.34995888875254383	0.6424031324538725
0.011614455346225683	0.34614007934894897	0.6422454653048255
9.100788542965588E-4	0.38736299533365515	0.6117269258120483
0.013078982500634273	0.3693518399071719	0.617569177592194
0.021651701345094976	0.2647068947662041	0.7136414038887011
0.016748434880851204	0.27688055105227305	0.7063710140668759
0.0024807637324106846	0.30933967919891225	0.6881795570686772
0.012024672053651098	0.28189831090719003	0.706077017039159
0.006631362201471425	0.3226815551250889	0.6706870826734397
0.015324386001048906	0.05424774543588906	0.9304278685630621
0.007007256794911321	0.054324283840802234	0.9386684593642866
0.007917175315988345	0.08805621387597268	0.9040266108080391
0.006817082450222833	0.24251234282093329	0.750670574728844
0.0028825407103993395	0.7405977170660365	0.2565197422235643
0.0080201189317059	0.6590498386092353	0.33293004245905894
0.007661138194935524	0.5059630943537934	0.4863757674512712
0.006847828857193428	0.4582593813550782	0.5348927897877285
0.00719608514728054	0.4524658288887836	0.540338085963936
0.015391999392353362	0.38633484769579507	0.5982731529118517
0.01093673351416824	0.32999750069988354	0.6590657657859483
0.007784102222844869	0.36150221300422536	0.6307136847729299
0.011260128011130743	0.3669339273461738	0.6218059446426956
0.015306605361872727	0.8103901990682973	0.1743031955698301
0.0221677068743088	0.8531348257888818	0.12469746733680948
0.012780623857321871	0.7557479613193825	0.23147141482329583
0.00705433219847823	0.5485955435042397	0.4443501242972822
0.003868875654198911	0.5027030701126299	0.4934280542331714
4.902382547787854E-4	0.407414369535437	0.5920953922097842
5.29447682586448E-4	0.4275789930199038	0.5718915592975099
0.01907125592587766	0.8363835073844992	0.14454523668962327
0.007877250074546482	0.7768168134462317	0.21530593647922205
0.02060945554818494	0.6804856313475282	0.2989049131042871
0.008682789904471744	0.6867995472851334	0.30451766281039505
0.007527571303576286	0.5613765419716151	0.4310958867248087
0.021912956337651224	0.5240950699723688	0.45399197368998023
0.009881276782731818	0.5380360784780726	0.45208264473919574
0.01813736513373021	0.09545879059788631	0.8864038442683836
0.015587405274665012	0.13263166443009383	0.8517809302952414
0.0023458484286473236	0.0386659372084312	0.9589882143629216
0.02069438531578044	0.08055006408955034	0.8987555505946694
0.01253894714491921	0.0863002423037067	0.9011608105513742
0.015071115545331026	0.05770089772001219	0.9272279867346568
0.010965626459237598	0.09216846484059699	0.8968659087001655
0.0029739528654176284	0.13333698951900863	0.8636890576155739
0.012231897970159333	0.10011407556044083	0.8876540264694
0.011365356745618005	0.08114171892315308	0.907492924331229
0.0018718797704637136	0.05779641704348659	0.9403317031860499
0.015168814079431714	0.03801223413594662	0.9468189517846217
0.02023689721599986	0.06687281906888698	0.9128902837151133
0.02017782803174961	0.05405120695402976	0.9257709650142207
2.105151454683818E-4	0.041074944460323615	0.9587145403942082
0.00801261121393948	0.08268748683814797	0.9092999019479128
0.002561451695154038	0.1249904489572507	0.8724480993475954
0.015239511755113289	0.2983067113060952	0.6864537769387917
0.00442978695223839	0.3566248232338163	0.6389453898139454
0.005498345293835527	0.33256370451208533	0.6619379501940793
9.696585584340611E-4	0.11858803388762976	0.8804423075539364
0.0036724032819355212	0.08765708211967418	0.9086705145983903
0.0012032295319761577	0.15749983244323723	0.8412969380247868
0.011196313527686907	0.1946568844676778	0.7941468020046354
0.01084969915795897	0.16807362225414618	0.8210766785878949
0.01671076510160996	0.05079663456031369	0.9324926003380766
0.0203115111835937	0.07134223665298078	0.9083462521634257
0.009565158966384824	0.059660024853054994	0.9307748161805602
0.0173257632064579	0.0385662959159393	0.9441079408776029
0.012841370710721	0.03424939687625128	0.9529092324130279
0.018441070746749166	0.10566360803428804	0.8758953212189629
0.014950321350807927	0.04452306777951848	0.9405266108696737
2.0841690122486156E-4	0.07222911844444024	0.9275624646543351
0.01569168849570185	0.16735959341212778	0.8169487180921705
0.019400087992356763	0.20460888896889326	0.7759910230387501
6.156272561110288E-4	0.8427608351114202	0.1566235376324689
0.014609641313377497	0.8633247719262085	0.12206558676041418
0.006143618087400271	0.8782237259453057	0.11563265596729408
0.0023774901757604994	0.5208742635812413	0.4767482462429984
0.009917010827221184	0.5361279033055754	0.45395508586720357
0.022177959180020412	0.584839789216903	0.3929822516030767
0.008671860097927864	0.6090057418656492	0.38232239803642315
0.015311508696285503	0.6226618814033631	0.3620266099003515
0.007841336308482716	0.5843936676050041	0.4077649960865133
0.02028664196122265	0.6010033487278879	0.3787100093108896
0.012960536246274024	0.608619179699261	0.37842028405446515
0.019785202570940075	0.5304386118119453	0.4497761856171147
3.0110382496972843E-4	0.6199184901667605	0.3797804060082698
0.002594523418930461	0.5352395343923837	0.462165942188686
0.017619474988000094	0.5476802537583446	0.43470027125365546
0.006990995149278589	0.4514683062918213	0.5415406985589002
0.0027890913206305434	0.08906858441251189	0.9081423242668577
0.0026849598030825317	0.8925674509797846	0.10474758921713287
0.005877475352422612	0.8614022920873049	0.13272023256027263
0.01577768903000809	0.706843223024864	0.277379087945128
0.005594704551481089	0.6455146736746784	0.3488906217738406
0.012292889120498751	0.6271417045353139	0.36056540634418743
0.0038427061922443606	0.611815953718448	0.38434134008930776
0.020415015607453624	0.4628284159200273	0.5167565684725192
0.0061281199786109575	0.44447826992985423	0.5493936100915349
0.006450927836259224	0.43517686580212644	0.5583722063616144
0.004991129778527892	0.8330900639581956	0.16191880626327662
0.0074756120071992616	0.8617445934197775	0.1307797945730234
0.00900341032164409	0.6494187315817653	0.3415778580965907
0.008915187028955274	0.5756456940483616	0.41543911892268326
0.008471684265098645	0.7124447122772251	0.2790836034576765
0.0028433791077885906	0.7226567022838843	0.27449991860832723
0.005533463110586778	0.7237555485269977	0.2707109883624156
0.00639955349962168	0.6424955410405595	0.351104905459819
0.0019824837460755695	0.6815620976164412	0.31645541863748333
0.0136673072433392	0.6627531902435493	0.3235795025131116
0.001517664962093046	0.6312842395135301	0.367198095524377
0.017102519684520312	0.6726459104559247	0.31025156985955504
0.005113248763664091	0.9396579048112867	0.05522884642504933
0.0030861053190790466	0.7919540422969791	0.20495985238394204
0.0068952630884482335	0.7465075556361196	0.24659718127543237
0.01370309853606727	0.5925117103127435	0.3937851911511894
0.014221974649438307	0.5398958288126368	0.44588219653792505
0.004980454887501207	0.6120844527455903	0.38293509236690865
0.014349442763328168	0.7943125702371934	0.19133798699947852
0.003865311523990278	0.7323437433796367	0.26379094509637313
0.007103138824028243	0.7398625399418742	0.25303432123409775
0.01900702193153392	0.7452854043558578	0.23570757371260842
0.002961229424047196	0.7145035260902661	0.28253524448568673
0.011700021270472372	0.7374542540133613	0.2508457247161664
0.020395590773396477	0.759663568484443	0.21994084074216058
0.012177652523114368	0.6638615026246665	0.32396084485221927
0.017451936607133345	0.654371258790892	0.32817680460197485
0.01702247565990689	0.8881719005233483	0.09480562381674501
0.005445927983470877	0.8126474019030371	0.1819066701134921
0.00376538772600965	0.8307039936959162	0.16553061857807433
0.012572388202395257	0.8225896241855982	0.1648379876120067
0.017407290623720484	0.7379597211697582	0.2446329882065215
0.01976147577881676	0.7174470162102702	0.26279150801091317
0.011783023967013195	0.7297121251499021	0.2585048508830847
0.0034418865426536494	0.7518647820320856	0.2446933314252609
0.021986733962130856	0.4908955783321908	0.4871176877056785
0.008667578102571571	0.5034252707458522	0.48790715115157635
0.014683547333022684	0.28581037721934	0.6995060754476374
6.278298435636875E-4	0.32591857334267604	0.6734535968137605
0.007890013686066233	0.3162337114491979	0.675876274864736
0.007256677526165767	0.64802042016194	0.3447229023118945
0.005188104086577328	0.19162967205886655	0.8031822238545563
0.011864659420482315	0.6842546072055761	0.3038807333739417
0.004781541446012838	0.6253600433004314	0.369858415253556
0.022050285756117227	0.6761159529020013	0.30183376134188156
0.001684821927045832	0.6821026085787424	0.3162125694942119
0.01291834632513017	0.6660816527703448	0.3210000009045252
3.657890566712285E-4	0.6507446590688994	0.3488895518744293
0.016930029828764515	0.662999285103301	0.3200706850679347
0.01710737554934305	0.6787228188536683	0.3041698055969888
0.012709025458561951	0.6873226772927351	0.2999682972487031
0.01153303218556423	0.3007450980489106	0.6877218697655253
0.011978111978870443	0.3936719392940922	0.5943499487270374
0.0020108380456923536	0.4216645277360674	0.5763246342182404
0.013002502832381302	0.542785969645991	0.44421152752162785
0.013499790736124617	0.5967411957995787	0.38975901346429676
0.01799503345122533	0.5466094756771656	0.43539549087160917
0.010571583452894218	0.557126763284506	0.4323016532625999
0.010244727490453354	0.5368703404438677	0.45288493206567904
0.007078373470150057	0.5418857927149141	0.45103583381493595
0.014732358776866294	0.49833922227732763	0.48692841894580624
0.007516157466878393	0.5155610197633833	0.47692282276973846
0.017613152597810156	0.5296756935906186	0.45271115381157145
0.01617641662097602	0.6665018507147858	0.31732173266423824
0.015468634361756273	0.6588240815331938	0.3257072841050501
0.009364691931636804	0.8482634769839639	0.1423718310843994
0.0095511003968336	0.905195739519815	0.08525316008335149
0.015603165750131542	0.914827438068416	0.06956939618145253
0.022245501337426032	0.580023104453069	0.397731394209505
0.017480105232086984	0.6619643323870412	0.320555562380872
0.015526095576566146	0.8757751016106735	0.10869880281276051
0.00780645037282196	0.8909397394142289	0.10125381021294932
0.013749937791598221	0.7801359649893675	0.2061140972190343
0.014758229685585711	0.8649265383692556	0.12031523194515892
0.01945824826548126	0.7504568051381219	0.230084946596397
0.02057417731696054	0.38355993950514644	0.5958658831778931
0.004066816709539678	0.493197114047023	0.5027360692434375
0.012264414006755708	0.3375995943920271	0.6501359916012173
0.005515597510555914	0.35188171501405097	0.6426026874753932
0.009356640294594487	0.35940268627295757	0.631240673432448
6.611840014058012E-4	0.5304845391416072	0.4688542768569871
0.013107933711726527	0.49976937452777936	0.4871226917604943
0.014738606027564327	0.7826073510670843	0.20265404290535152
0.016539697164374534	0.8034575881508432	0.18000271468478227
0.015393879221711038	0.8219823398389214	0.1626237809393677
0.01054040009600321	0.7358458231002344	0.2536137768037625
0.003548850445032503	0.10390638670265281	0.8925447628523149
0.013957197058091897	0.8874516330665979	0.0985911698753103
0.010561744856888489	0.7543542826517536	0.23508397249135798
0.016720508097907205	0.7455805627369452	0.23769892916514773
0.014209554498849974	0.8473890033601548	0.13840144214099528
0.018602033429094667	0.7730216136464527	0.20837635292445272
0.020130835181875917	0.7769056360700979	0.20296352874802626
0.0073943283077168576	0.7877493691313078	0.20485630256097553
0.008078745649816588	0.7937121167022517	0.19820913764793183
0.01674258262463868	0.7884754285514773	0.19478198882388403
0.013894470266315018	0.7782565203451228	0.20784900938856235
8.435232641565427E-4	0.8126925364628181	0.1864639402730255
0.01632936197902113	0.7840132603986583	0.1996573776223208
0.018774513094043932	0.8573730606827654	0.12385242622319081
0.021191355324886196	0.8860989818783913	0.09270966279672266
0.01616663609986113	0.8908360028835332	0.09299736101660583
0.0033491854927685805	0.907580254824036	0.08907055968319555
0.008602857820897203	0.8897308037880722	0.10166633839103073
0.017904324837094032	0.871930059871373	0.11016561529153324
0.006625515493913603	0.7951172119731484	0.19825727253293815
0.01897797731797063	0.7495872241645414	0.23143479851748822
4.443664146467907E-4	0.7349514820490071	0.2646041515363463
0.0094830750669464	0.7312561243291265	0.2592608006039273
0.006335634074773666	0.921823009581453	0.07184135634377337
0.018769288177094945	0.8832559825871221	0.09797472923578307
0.005819908891953274	0.9066097378795547	0.08757035322849216
0.0024069577268140407	0.9408054840445963	0.056787558228589885
0.0177739451248069	0.8685341126798624	0.11369194219533088
0.017048886869176383	0.5576480356782341	0.42530307745258966
0.01489309954181306	0.5786294495388855	0.4064774509193016
0.015517157861358766	0.17299650271550737	0.811486339423134
0.009065298876827221	0.15344089489173085	0.837493806231442
0.01902455425468208	0.12141571769426884	0.8595597280510493
0.002101638101035752	0.09835495247723985	0.8995434094217246
0.018289836500802292	0.06102729247205929	0.9206828710271385
3.2170351243598905E-4	0.08086859154426168	0.9188097049433024
0.0033564401834520474	0.3625054126876399	0.6341381471289083
0.02020620003168372	0.30558925181211255	0.6742045481562038
0.015747783624766865	0.4084711707395882	0.575781045635645
0.010435295610896955	0.387588105774139	0.6019765986149642
0.00483365919491302	0.29062018394684364	0.7045461568582435
0.014980263392365134	0.24657096801303585	0.7384487685945991
0.0110901204770128	0.23940117263397848	0.749508706889009
0.01909938406559375	0.5775208072132367	0.40337980872116963
9.544359148099257E-4	0.6089251542110675	0.3901204098741227
0.01956876451818723	0.5079310016567362	0.47250023382507667
0.016958756310768264	0.5458060692539938	0.43723517443523807
0.001978397841961077	0.6116283029219829	0.38639329923605603
0.011667477044265184	0.5636790097778771	0.42465351317785793
0.003915916766099203	0.5515057660731878	0.44457831716071317
0.0017025153739125276	0.5812974955979353	0.4169999890281524
0.007552818413965545	0.7566160211382233	0.23583116044781122
0.015233062298808664	0.7714782790559479	0.21328865864524355
0.002466711583325454	0.7278621386593732	0.26967114975730155
0.016087226957630096	0.7395255020806057	0.24438727096176438
0.015651277428276045	0.7057151997102233	0.2786335228615006
0.006254621564220686	0.4989014096231552	0.49484396881262427
0.0215808964268408	0.8563180723152327	0.12210103125792668
0.010197008376370054	0.8354713679803376	0.15433162364329248
0.013148941233843359	0.8596636830709481	0.12718737569520866
0.018149259004834828	0.8867331990681115	0.09511754192705374
0.015177262988782525	0.8908510716922068	0.09397166531901091
0.001345584916406406	0.8867826769705058	0.11187173811308787
0.0016504711984717257	0.8934354021507794	0.10491412665074892
0.011973373153561784	0.8968861460826245	0.09114048076381381
0.01580749202384968	0.866453597208996	0.11773891076715448
0.008340145853385772	0.8223639730562633	0.16929588109035104
0.01605762828042495	0.7527279345713661	0.2312144371482091
0.014049962369098556	0.6325601571260068	0.3533898805048948
0.009100916594742547	0.6156136150413954	0.3752854683638621
0.005548512589651	0.6235543807671978	0.37089710664315134
0.00747752082151798	0.6600861522049859	0.33243632697349623
0.015058406755677323	0.7455353399784903	0.23940625326583254
0.011475789016342441	0.703568239831552	0.28495597115210564
0.017342496036823918	0.7231805043562489	0.25947699960692727
9.339254109241857E-4	0.7857815006642728	0.2132845739248031
0.01866073899213344	0.2706013470322673	0.7107379139755994
0.010818410457854422	0.20018902773345174	0.7889925618086939
0.004641056845833824	0.19586870274192275	0.7994902404122435
0.021964411994595867	0.17562089833329264	0.8024146896721116
0.010715147516529244	0.3760865401145489	0.613198312368922
0.014458871755937186	0.29859413244767125	0.6869469957963917
0.007554684615863727	0.31199636631260147	0.6804489490715349
3.7209255075221215E-4	0.0799016016321612	0.9197263058170866
6.720606305130605E-4	0.6436589950798224	0.3556689442896647
6.942028672920486E-4	0.5243415630638396	0.4749642340688685
8.339527448706363E-4	0.6743385353655801	0.3248275118895494
0.007544743281826138	0.1453143237791488	0.8471409329390251
0.012481321455852845	0.19864180809452467	0.7888768704496227
0.006749111088819704	0.46377448611676364	0.5294764027944168
0.005870060833528257	0.46419704099103287	0.529932898175439
0.009724176534974871	0.46269600211003126	0.527579821354994
0.020874482334177602	0.7123852827880628	0.2667402348777597
0.00887581144122973	0.7684814077808031	0.22264278077796726
0.004833459579022814	0.6306485419593224	0.36451799846165484
0.008184315439001166	0.6686520862371099	0.323163598323889
0.0038220064956226985	0.7209797664974855	0.27519822700689195
0.017551206488004845	0.6125862597672846	0.36986253374471056
0.01105180885488355	0.6036365241173793	0.3853116670277371
0.019336431267666876	0.6895188110018649	0.29114475773046844
0.017207250106794414	0.6283348557086618	0.354457894184544
0.008059427715060075	0.637700906686679	0.3542396655982611
0.01282377160070336	0.5894568020016306	0.39771942639766616
0.012201553717158142	0.6252405257046858	0.36255792057815617
0.019280752265260492	0.5505343104451965	0.43018493728954316
0.006815654264403892	0.5751552762136956	0.41802906952190066
0.01745733224599283	0.5604830302858252	0.4220596374681821
0.011210991745765342	0.1505786435928983	0.8382103646613366
0.0073229643382102805	0.11857547177693237	0.8741015638848575
0.019585500966615377	0.7017623482680113	0.2786521507653734
0.0030009093669824405	0.7423245964472382	0.2546744941857795
0.010484497796781622	0.45702758133458954	0.532487920868629
0.011021885547921606	0.40471384148715217	0.5842642729649263
0.0031679077544269907	0.5807115752843687	0.41612051696120445
0.014063321455916655	0.4633079333674221	0.5226287451766614
0.009986669790325808	0.40481830105595334	0.585195029153721
0.013160417726036822	0.5189226743197981	0.46791690795416513
0.012075908712727512	0.5342241033116334	0.4536999879756392
0.011922715495738312	0.6185619069483002	0.36951537755596175
0.003929613303337076	0.6289266119515843	0.36714377474507875
0.0042837637643240445	0.6407394306858571	0.354976805549819
0.013112149957999475	0.6581543594988162	0.32873349054318446
0.0016812334382879657	0.606241351971162	0.39207741459055023
2.9455292064789473E-4	0.7154125283743118	0.28429291870504053
0.006179549849395005	0.6582528482897085	0.3355676018608966
0.021528636593173445	0.5285757318291001	0.4498956315777266
0.014908055488909	0.4113533483162088	0.5737385961948823
0.0011465861249470022	0.4468320245925495	0.5520213892825035
0.016421171176235316	0.4486787937662262	0.5349000350575386
0.004508932390341502	0.5687922498848548	0.4266988177248039
0.015574861895280678	0.40465513165500466	0.5797700064497149
4.8531405354373947E-4	0.41250067301949583	0.5870140129269605
0.01757308035231414	0.4376681391522738	0.5447587804954122
0.011192064315480033	0.46992724402560093	0.5188806916589191
0.004069766804031594	0.48670351660436084	0.5092267165916078
0.006113610653760815	0.48700338631380113	0.5068830030324382
0.010637417783225911	0.47715727144379283	0.5122053107729814
0.005878286533377075	0.48564448334920707	0.508477230117416
0.011128594521671864	0.5141863005840571	0.4746851048942711
0.021898019423784665	0.5530276565321228	0.42507432404409257
1.809708535083776E-4	0.5953464169165525	0.40447261222993924
0.02086383389669899	0.34671176212840815	0.632424403974893
0.016220441285094922	0.42972584752202747	0.5540537111928777
0.013208397502397218	0.33700453832866195	0.6497870641689409
0.01123301157471518	0.29711565451971467	0.6916513339055703
0.015553593551214273	0.24865517260203102	0.7357912338467548
0.016355377982590513	0.24270791493082008	0.7409367070865895
0.0037148320188045703	0.2598646126745804	0.7364205553066152
0.01642270290851644	0.22662990577329511	0.7569473913181886
0.01567060150138827	0.17395642912550138	0.8103729693731105
0.008649513445549262	0.17919800208824055	0.8121524844662102
0.004974364671564535	0.034360130368510045	0.9606655049599255
0.005650894991480415	0.18094875517001296	0.8134003498385067
0.012375369535821246	0.06742916928692422	0.9201954611772547
0.013910625201125681	0.15804767390784996	0.8280417008910245
0.013770243789452352	0.2218408779232476	0.7643888782873002
0.017391759143212726	0.2292034945110899	0.7534047463456974
0.00989302249758467	0.32109848353998954	0.6690084939624259
0.013006941910648884	0.2948154946010344	0.6921775634883168
0.019262996690114664	0.5337918524597962	0.44694515085008923
0.008741466980046964	0.8818691579821072	0.10938937503784602
0.008432186762597771	0.8015337210094617	0.1900340922279406
0.017461731299539318	0.7737040458316482	0.20883422286881248
0.01725071093263819	0.828933854297049	0.15381543477031295
0.010013421978685655	0.8210611408960877	0.16892543712522665
0.0018196780005712565	0.8337533084074503	0.1644270135919786
0.004406991004800798	0.7006049047727203	0.29498810422247906
0.014738205178390862	0.6362473939418556	0.3490144008797536
0.015626751951163087	0.7902731863166397	0.1941000617321973
3.8261726959837317E-4	0.8497724043045916	0.1498449784258103
0.013192991641856278	0.8934466819547774	0.09336032640336644
0.010369441349769193	0.8641845059662917	0.1254460526839392
0.020162596254942544	0.7511011979440435	0.228736205801014
0.017498495402574255	0.7596872762932825	0.22281422830414338
0.004409423326481088	0.9192136588065288	0.07637691786699036
0.01231503341168605	0.9205636566457357	0.06712130994257842
0.009814312348224108	0.8808608879214983	0.10932479973027767
0.003963941745140809	0.8371140563973102	0.15892200185754918
0.007138308190822229	0.883150334226804	0.10971135758237394
0.007688137145157703	0.93207193161633	0.060239931238512456
0.0010116913776571645	0.8305927250526061	0.1683955835697369
0.021311883941171172	0.8375187088474866	0.14116940721134238
0.015848818966576916	0.28560477139658547	0.6985464096368377
0.011640361379317843	0.2612044431371673	0.7271551954835149
0.013554801496405922	0.2574471494420083	0.7289980490615859
0.015181550727299764	0.21665595393457387	0.7681624953381265
0.012212875806275336	0.23561805485194576	0.7521690693417791
0.006747929734895686	0.2952769475988829	0.6979751226662214
0.007090365522191389	0.23647703634235032	0.7564325981354584
0.00820517356830086	0.18339525388865874	0.8083995725430405
7.67124072981018E-4	0.15525142594469218	0.8439814499823269
0.0035138519333629548	0.16653865424818554	0.8299474938184516
0.013188593557575623	0.15942184910044993	0.8273895573419745
6.621243892784845E-4	0.17897545626184835	0.8203624193488732
0.009230710336647852	0.33493862034148597	0.6558306693218663
0.017728001066564747	0.280157421441282	0.7021145774921533
0.0032106847054703125	0.27476824699587193	0.7220210682986579
0.010132643657108809	0.2395756315311749	0.7502917248117165
0.014929154031936731	0.11968148715916166	0.8653893588089018
0.021325347009154116	0.09919301986559736	0.8794816331252486
7.375296493475902E-4	0.0369794215159287	0.9622830488347238
0.01390360409001079	0.0325305987695888	0.9535657971404005
0.0017920813659247914	0.08364380573093577	0.9145641129031395
0.001872589254152901	0.12594347886446694	0.8721839318813802
0.0017704815001592933	0.8360890423866167	0.16214047611322416
0.020713932997228957	0.7176394271084159	0.26164663989435527
0.008964668005126353	0.7068801460105423	0.28415518598433154
0.00598695525815085	0.670921390524622	0.3230916542172273
0.007323095204464614	0.6621396243440397	0.33053728045149583
0.013088718985210024	0.42510924701470654	0.5618020340000835
0.005138736994911575	0.38472586720314883	0.6101353958019398
0.010415804820812058	0.4479466033389481	0.5416375918402401
0.007839376717002522	0.43719068643004466	0.5549699368529529
0.005895297829988877	0.5240485808955577	0.4700561212744535
0.01714446821281984	0.7117592161321908	0.2710963156549894
0.002671561783384069	0.7882090680293222	0.20911937018729382
0.019490194430365537	0.7976085409094875	0.182901264660147
0.012512841688224807	0.8218492984584846	0.16563785985329063
0.011223233510845865	0.8092351825774247	0.17954158391172953
0.015098222239198766	0.8165456324774141	0.1683561452833873
0.013849543385046792	0.8093589511180801	0.17679150549687325
0.018325672268405202	0.42756647029086503	0.5541078574407299
0.017881032837615995	0.6511047208494314	0.33101424631295273
0.012530678887449298	0.6345655551164822	0.3529037659960687
0.015404407335537551	0.6469884266504681	0.3376071660139945
0.017799861506751724	0.6399322575223783	0.34226788097087013
0.021922529290057446	0.6163217575014255	0.36175571320851724
0.007931938808285355	0.938759175595275	0.05330888559643965
0.018613213432760345	0.9243074282391802	0.05707935832805966
0.01316052358688291	0.40054793407031025	0.586291542342807
0.005100136934019561	0.294687019327482	0.7002128437384987
0.01231966609261198	0.18782297830806113	0.7998573555993269
0.01929196855503751	0.18919749989512982	0.7915105315498328
0.011571849371134979	0.036027619029002644	0.9524005315998625
0.013106678447368403	0.057843084806660894	0.9290502367459709
0.00941619211900857	0.35301420679129514	0.6375696010896964
0.013001336046738476	0.41699243385448476	0.5700062300987769
0.008754576996793495	0.4568149055780282	0.5344305174251784
0.0051697898857772095	0.4628190872442173	0.5320111228700057
0.012296085254432376	0.4776566602369803	0.5100472545085875
0.0065014646111259955	0.534686688125278	0.4588118472635961
0.005900376351263781	0.5996070235329081	0.3944926001158283
0.010944489378991507	0.545847632263996	0.44320787835701264
0.014194245176758769	0.8781329477096975	0.10767280711354382
0.012199798024099984	0.8301539149305085	0.15764628704539163
0.019375422416388677	0.9173803949487945	0.0632441826348169
0.0015160756829020183	0.7319827565684396	0.26650116774865845
0.019486706421008027	0.5778824468645114	0.4026308467144807
0.017179705661487576	0.1387943670472001	0.8440259272913125
0.004129698634037449	0.14323613623216708	0.8526341651337956
0.017917290098052985	0.759769796153118	0.22231291374882917
0.016846038760517656	0.7788254354123172	0.20432852582716535
0.014489668517007559	0.8506570185118664	0.1348533129711261
0.005523132821733223	0.767883578051065	0.22659328912720195
0.007046351872007417	0.7773879444362763	0.2155657036917163
0.017782851193509697	0.845579898233293	0.13663725057319748
0.020470354961869386	0.8560696531186545	0.12345999191947626
0.0023072730332497904	0.8307538374802839	0.16693888948646643
0.021235014635215432	0.8123516650921554	0.1664133202726293
0.01671798031492233	0.5020621717436397	0.4812198479414381
0.005197100946668698	0.5272242263204072	0.4675786727329243
0.022200603619612902	0.6601572710632484	0.31764212531713887
0.02174920215449805	0.6831623995156559	0.295088398329846
0.013725374492663978	0.3297309152622901	0.6565437102450461
0.016047591902528358	0.5658466007686705	0.4181058073288012
0.014536196105515153	0.5899160682459108	0.3955477356485742
0.007462671665002363	0.55537529544589	0.4371620328891078
0.02145807191256044	0.5406445962597035	0.4378973318277361
0.014749684348045577	0.5421227903716065	0.44312752528034804
0.005589343014672732	0.572754420238097	0.42165623674723035
0.017670903416022454	0.5457221523449378	0.4366069442390398
0.002150233934754664	0.4973223663054039	0.5005273997598416
0.006695110822278194	0.2976162386438468	0.6956886505338751
0.005608754512823999	0.3408235710480924	0.6535676744390837
0.011254601315846824	0.4273917936907815	0.5613536049933718
0.0023845429144802033	0.40632771886394575	0.5912877382215742
0.018461715626751585	0.11462893825202597	0.8669093461212226
0.010258329565917212	0.054447204136741034	0.9352944662973418
0.00356449566839373	0.1349439176137402	0.8614915867178663
0.009732145332869757	0.1596295854532368	0.8306382692138936
0.003377711019854679	0.20469865734967327	0.7919236316304722
0.0011197496102495208	0.5567933416516859	0.44208690873806467
0.009472748945159482	0.15195845396611843	0.8385687970887222
0.005488897768740064	0.5100055825515202	0.4845055196797399
0.013212401513972627	0.4781420453073208	0.5086455531787067
0.020883035311743903	0.45908993511612217	0.5200270295721341
0.016455474069498044	0.547043338902957	0.4365011870275451
0.01609002415296873	0.5987479831437569	0.38516199270327456
0.019121196247360583	0.6069646832252351	0.37391412052740436
0.01393905076892149	0.6203435804942907	0.36571736873678795
0.006424752479649631	0.6214774306132298	0.3720978169071207
0.012560119408481785	0.5987994085802624	0.388640472011256
0.01399902223666899	0.6018918808750016	0.3841090968883295
0.020533400647212097	0.6128425902295253	0.36662400912326276
0.016254611067967717	0.7884451676409181	0.19530022129111435
0.0028541408658421807	0.5944705901068276	0.40267526902733036
0.018577792298506646	0.587564038965446	0.3938581687360475
0.013112803897272263	0.5582859675270985	0.4286012285756294
0.01565232594276922	0.5533309347255979	0.431016739331633
0.014562858198086559	0.5530538953023625	0.4323832464995511
0.017730937329151875	0.6007841168175896	0.38148494585325865
0.007312411115533879	0.51429753333193	0.47839005555253633
0.013391038472384043	0.44430685960372046	0.5423021019238956
0.014694737012468984	0.4312107993376636	0.5540944636498676
0.01329900129220285	0.33094735522392177	0.6557536434838755
0.004858840295714317	0.29314537859075973	0.701995781113526
0.017661712555317566	0.13136034482126338	0.8509779426234191
0.011132058861911487	0.16227364313956738	0.8265942979985212
0.0026722048612720095	0.21636754913328377	0.7809602460054443
0.013431819918784893	0.11493267608770097	0.8716355039935143
0.018157063614440416	0.08920364417705298	0.8926392922085068
0.015223483704650431	0.08895490939653089	0.8958216068988188
0.02137078528513392	0.17911028262013368	0.7995189320947325
0.018861308428309853	0.19932412024425267	0.7818145713274376
0.01285803980791006	0.24088537755071776	0.7462565826413723
0.022148715093434967	0.3040711276252254	0.6737801572813398
0.02073740007208491	0.3143459189539278	0.6649166809739874
0.0073372980809292	0.9186604950262858	0.07400220689278514
0.014174385569980963	0.8893534189842294	0.09647219544578972
0.015877832727393182	0.8351387641986892	0.14898340307391772
0.004567778288259605	0.7665380837501716	0.228894137961569
0.0034616312369883384	0.7499311146588374	0.24660725410417444
0.021038624414561335	0.7303432683371309	0.24861810724830785
0.013525322329323797	0.7394505189456446	0.24702415872503172
0.01012805009078438	0.8043589998147869	0.1855129500944289
0.0030324397840476025	0.7808791635073682	0.21608839670858432
0.011118255626358708	0.7715596802298632	0.21732206414377814
0.005050259894393394	0.754474959826078	0.2404747802795288
0.004301930078772276	0.9312442756646409	0.06445379425658693
8.973679092681985E-4	0.8776732240063504	0.12142940808438152
0.007400283120018447	0.9301615815272126	0.0624381353527691
0.003577335013173033	0.8901003366397221	0.10632232834710503
0.012166040595752214	0.9267668264583364	0.061067132945911484
0.0035415247555100615	0.8195279420735927	0.1769305331708974
0.007964914002879797	0.8478851645726506	0.1441499214244697
0.011434821478436552	0.7811114538693191	0.20745372465224443
0.010312430278233087	0.8015164753571236	0.18817109436464344
0.012990522804703586	0.5489888784355921	0.4380205987597044
0.00899455474394889	0.6096488902998551	0.381356554956196
0.01595660948527411	0.6035255625402351	0.38051782797449096
0.002780750242369734	0.6097009551389738	0.3875182946186566
0.01599684288899944	0.6237950765814004	0.3602080805296002
0.0019103255604601133	0.44901877757703446	0.5490708968625055
0.008042363048537615	0.1833183934664983	0.8086392434849643
0.002605515848322415	0.23888834685937083	0.758506137292307
0.001968178559463185	0.16199068604414302	0.8360411353963939
0.019242109938929386	0.1531769620071416	0.827580928053929
0.005098321214515866	0.13938190155152985	0.8555197772339544
0.010463274010177548	0.22180429334293378	0.7677324326468888
0.007132956922842215	0.4058598887132306	0.5870071543639273
0.014319354780154836	0.3644332642719206	0.6212473809479246
0.00747765459021954	0.7090790157178887	0.2834433296918919
0.0014595145235674067	0.8688150928004233	0.1297253926760095
0.0057521623455693005	0.7404162946582861	0.25383154299614485
0.02063793572640432	0.37953111239095394	0.5998309518826419
0.0030003313597536385	0.47234618050372346	0.524653488136523
0.018185837928262505	0.4970702083997789	0.48474395367195877
0.013911066674955341	0.2756456070795377	0.710443326245507
0.01717799618965099	0.23993406547884155	0.7428879383315076
0.009450744699057545	0.23185763324202888	0.7586916220589137
0.009804897261897927	0.21555002809340068	0.7746450746447016
0.005434541672397097	0.15282412556092448	0.8417413327666786
4.807915685116626E-4	0.10043377254349742	0.8990854358879911
0.006742358405453619	0.10310227053012555	0.890155371064421
6.934158543026592E-4	0.24692443123722457	0.7523821529084729
0.007284224168015274	0.23375447605244754	0.7589612997795373
0.007986803443475299	0.20822377473476106	0.7837894218217638
0.01594402843974363	0.08030398590890309	0.9037519856513534
0.017173566731067513	0.11350540799519906	0.8693210252737336
0.002838931337904027	0.24786776036504798	0.7492933082970481
0.009113518310663593	0.21061155820209948	0.780274923487237
0.00942990145445921	0.16234987131574258	0.8282202272297983
3.2884981437592E-4	0.13769401748857343	0.8619771326970508
0.013178649278435484	0.11411159754772526	0.8727097531738395
0.01732799203841512	0.05767030097352016	0.9250017069880648
0.002512998905265351	0.12745717080066105	0.8700298302940738
0.01132690365969341	0.16086618965794075	0.8278069066823659
6.029679011443911E-4	0.24880124401266562	0.7505957880861901
0.012532886988227965	0.2523818510621803	0.7350852619495918
0.01315664278509554	0.20218929651157802	0.7846540607033266
0.016679849468443975	0.18058270152041234	0.8027374490111439
0.004742387792706748	0.5815844763600708	0.4136731358472226
0.018281123832642465	0.3909058103517049	0.5908130658156527
0.009113044328983744	0.36967167360819403	0.6212152820628223
0.016103696510526067	0.6906468895234485	0.2932494139660255
0.019575768010217265	0.6236757404452316	0.3567484915445513
0.010341658924738761	0.4902694862073359	0.49938885486792545
0.0014445263474462955	0.3736268173680511	0.6249286562845027
0.006369307495918408	0.2277275037237108	0.7659031887803709
0.009216615712137721	0.20259724430950873	0.7881861399783536
0.020593274176103016	0.10557528751010578	0.8738314383137913
0.010395559285166944	0.04499845900720989	0.9446059817076233
0.018826314498876895	0.23929930338119998	0.7418743821199233
0.006379011973851545	0.30291584494809787	0.6907051430780508
0.006120342715135507	0.23507715893150782	0.7588024983533568
0.006968061029869854	0.25524357461430336	0.737788364355827
0.011800121557203225	0.30920753940094825	0.6789923390418486
0.013820880099472188	0.28905368459938224	0.6971254353011457
0.003838684719662755	0.32322500969378576	0.6729363055865516
2.8698063585602673E-4	0.25327606965440025	0.7464369497097438
0.004923405203030529	0.3728890324112494	0.6221875623857203
0.0075222359087451784	0.38751598364894807	0.6049617804423069
0.02140784044663202	0.3448739435575186	0.6337182159958494
0.0028323009338970806	0.3719012667641369	0.6252664323019662
0.007801980273702269	0.38486584862264706	0.6073321711036508
0.014543195341099102	0.4307407524728017	0.5547160521860993
0.019037576755350283	0.7432681168803061	0.23769430636434363
0.004657564550587967	0.37983172910265095	0.6155107063467612
0.012314380308194706	0.38642051102203295	0.6012651086697725
0.012849883336704448	0.8763859435543035	0.11076417310899217
0.001365430980979132	0.8803407648259924	0.11829380419302857
0.013939263759442322	0.8446360058598034	0.1414247303807545
0.0017340223648989461	0.9214518038650734	0.07681417377002775
0.0013490983575695226	0.9198642046217413	0.07878669702068919
