0.1534406570844335	0.3857624581919405	0.4607968847236261
0.15190750414864088	0.3872334590492551	0.46085903680210416
0.15376618798990904	0.3854912189200302	0.46074259309006094
0.15455305032606304	0.38396827328093225	0.46147867639300477
0.15192036485765953	0.38508901311161736	0.4629906220307233
0.15284823034522932	0.3840822449660868	0.463069524688684
0.1547499764643009	0.38397330742371905	0.4612767161119802
0.15293324730305768	0.38453910415752707	0.4625276485394154
0.150835375524772	0.3868621278242521	0.462302496650976
0.15278656340795588	0.38593708797027054	0.4612763486217737
0.1526510977857109	0.38543510586048424	0.4619137963538049
0.15299090900686857	0.3852770713561069	0.4617320196370247
0.15455029742998605	0.3849647667869861	0.46048493578302796
0.15054648717933233	0.3867421227880665	0.46271139003260126
0.15257339154657906	0.3865485166290984	0.4608780918243227
0.15036280352649584	0.38704742565255124	0.462589770820953
0.15245866561477123	0.38553933071427354	0.46200200367095534
0.1538402094979899	0.3860132466300421	0.46014654387196813
0.1532760909656398	0.38653777475505596	0.4601861342793043
0.15242903943245226	0.3856117396875887	0.4619592208799591
0.15331962899884832	0.3845101925471586	0.4621701784539932
0.1537503481547226	0.3851552988913262	0.4610943529539513
0.15202187226103203	0.3847245776548791	0.46325355008408897
0.15285055933841374	0.38449734169276667	0.4626520989688197
0.15223897376668638	0.3864298400977279	0.4613311861355859
0.15239763991333605	0.3843764530577563	0.46322590702890776
0.15250859728380095	0.3856540956591699	0.4618373070570293
0.15501394678890887	0.38439588231733324	0.46059017089375803
0.15218776332740283	0.3852143010359221	0.4625979356366752
0.1504399265452302	0.3867954637411148	0.46276460971365513
0.15069461062807857	0.3863213808917186	0.462984008480203
0.15119402940691135	0.3863418016541766	0.4624641689389122
0.1550393163196898	0.3848943813246357	0.4600663023556746
0.15019314714122362	0.38660594932532066	0.4632009035334558
0.15284158949644125	0.3854043113518382	0.46175409915172066
0.15493529001152828	0.3848172083251215	0.4602475016633504
0.15335506435624724	0.38590764897281704	0.4607372866709359
0.1534808005287217	0.3854286137019436	0.4610905857693348
0.15347655405071525	0.38464753365394944	0.4618759122953354
0.1531024296837724	0.3846469913468386	0.46225057896938915
0.15212270449095863	0.3859901689785201	0.4618871265305214
0.1551475152952944	0.38392897679593735	0.4609235079087684
0.15238270328904469	0.38639414804952	0.46122314866143543
0.15226697604759903	0.3860023377757204	0.46173068617668067
0.15117294815297272	0.38545508609169876	0.4633719657553287
0.15226938924272748	0.38485141761394576	0.46287919314332693
0.15161336743599635	0.3848303225885674	0.4635563099754363
0.15095572738297275	0.3869530267609181	0.4620912458561093
0.15342532058345953	0.3847706497494936	0.46180402966704703
0.15078766856463943	0.38663664752619475	0.4625756839091659
0.15053795404450487	0.3862539383937566	0.46320810756173864
0.1529528973947691	0.38449813859235404	0.462548964012877
0.1545675251463115	0.3845197354790243	0.4609127393746643
0.15211372144550173	0.3856155049594368	0.4622707735950616
0.15482410905652233	0.38408612088052363	0.46108977006295415
0.15036357246385595	0.3860031929609579	0.46363323457518624
0.15056127011378778	0.38657809890442396	0.46286063098178837
0.15342975088126443	0.38494282006929736	0.4616274290494383
0.15100621639701306	0.38695995608848505	0.46203382751450195
0.15195858824241668	0.3843444201624984	0.46369699159508504
0.15326172751887396	0.3856036274402076	0.4611346450409185
0.15183339516829525	0.38590047300591135	0.4622661318257935
0.15126934600057956	0.38534999594540525	0.4633806580540153
0.15409977803623814	0.38567515263325586	0.4602250693305061
0.1540729849205313	0.38440166916490415	0.4615253459145646
0.15315931392402907	0.3845418818047332	0.4622988042712379
0.1524359395525522	0.38590996899603164	0.46165409145141634
0.1513917012058171	0.3863308983427765	0.46227740045140653
0.15217632999982816	0.3858657504530515	0.46195791954712045
0.15294659104965305	0.3869296641887512	0.46012374476159584
0.15274480535515267	0.3844677416369738	0.4627874530078736
0.15354524695299276	0.3840747048813072	0.46238004816570016
0.15244540204450596	0.3863581141949073	0.4611964837605868
0.15172982367007076	0.38480589550694966	0.46346428082297975
0.15349364909449173	0.3855337562052047	0.4609725947003037
0.15147260016195094	0.38452263154295047	0.46400476829509874
0.15162729538499373	0.3865930098144403	0.46177969480056613
0.15219070210662852	0.38684820386079305	0.4609610940325785
0.15071862810633144	0.3856037785141323	0.4636775933795364
0.15255088558551994	0.386349983317795	0.46109913109668516
0.1545026177764319	0.38420110203170926	0.461296280191859
0.15155212043747565	0.38690078389095206	0.4615470956715724
0.15111168010375292	0.3866287423945533	0.4622595775016939
0.15276563337882776	0.3863970443194786	0.4608373223016938
0.15100950840550148	0.38578612949087393	0.4632043621036247
0.15318739481517574	0.38531046726551577	0.4615021379193086
0.1504379564932825	0.38556859405036453	0.46399344945635307
0.15237073089617026	0.3838359186494243	0.46379335045440556
0.15461686830566543	0.38429590038293443	0.4610872313114003
0.15353640597773613	0.38396314048546876	0.46250045353679525
0.15511028263740687	0.38463813996527196	0.4602515773973213
0.15278627441221426	0.3860504561744241	0.4611632694133618
0.15100011281958997	0.3865116452694813	0.46248824191092885
0.1525462771303631	0.38510994392402764	0.4623437789456094
0.15437596024894445	0.3851017940882901	0.46052224566276556
0.1525996588412406	0.3853904083635294	0.4620099327952301
0.1537757374567961	0.3841778438963994	0.46204641864680457
0.15070096990083348	0.38688376766625615	0.4624152624329105
0.1508524427894869	0.3861624199233748	0.4629851372871384
0.15495670453068694	0.384559488384951	0.4604838070843621
0.15118072187660447	0.38483340613888706	0.4639858719845086
0.1523639583698285	0.3839383737986328	0.46369766783153876
0.1516122303385664	0.38690370885412656	0.4614840608073072
0.15279254723306063	0.3851765894650171	0.46203086330192245
0.1512889920837485	0.38657393521952194	0.4621370726967297
0.15244870915468944	0.38379774123674487	0.46375354960856574
0.15279858898688745	0.3861205418566741	0.46108086915643853
0.15066791287200965	0.3860904996374053	0.46324158749058514
0.15261512366815472	0.3872061629656127	0.4601787133662327
0.1516599710516535	0.3850784167876941	0.4632616121606525
0.1530170633715719	0.3862415083532245	0.4607414282752037
0.1544848032394606	0.3849076702211562	0.46060752653938336
0.1504326068540263	0.3868612210298867	0.4627061721160871
0.15242220395971937	0.3852570061700586	0.4623207898702222
0.15484341359066628	0.38397493325137755	0.46118165315795623
0.1542994498879412	0.38519990288593287	0.46050064722612605
0.1531651179085207	0.38618554541564115	0.4606493366758383
0.1536551421543363	0.3838774945991725	0.4624673632464914
0.15360569130015445	0.38477100787724927	0.4616233008225964
0.1501311899630398	0.38651667090414654	0.4633521391328138
0.15156109096575843	0.3858794444195253	0.4625594646147164
0.15254478829578413	0.3862225023991811	0.4612327093050349
0.15058613979633337	0.386507766778973	0.4629060934246937
0.1537401079693938	0.3861756067746439	0.4600842852559624
0.15393703970483036	0.3837844667835645	0.46227849351160527
0.15207381323576608	0.3857265243181018	0.4621996624461322
0.15451122057240302	0.3853325000722801	0.460156279355317
0.1547767552106622	0.38449199168191095	0.460731253107427
0.15223900884981756	0.38620355156096514	0.46155743958921736
0.15513927710054934	0.38477486801468475	0.460085854884766
0.15169155320427985	0.384518520548784	0.46378992624693627
0.15106354536125352	0.3849529311686764	0.4639835234700702
0.15159375423265076	0.3858022485334103	0.4626039972339391
0.15216923439048968	0.38441686105683515	0.46341390455267534
0.15265637216432393	0.3849289315890084	0.46241469624666776
0.15514368889913915	0.3839992673335629	0.4608570437672981
0.15396433717117997	0.3844900532427553	0.46154560958606483
0.15115651448987	0.38680174627052877	0.46204173923960135
0.1538927927201036	0.3857957648841277	0.4603114423957688
0.14998657064488313	0.38644607614129106	0.4635673532138259
0.15240054826431648	0.38441343694217633	0.4631860147935073
0.151654789959269	0.3849822695680693	0.4633629404726618
0.15227503131192133	0.3855386016689662	0.4621863670191126
0.15333544524007076	0.3857919155097712	0.46087263925015814
0.15245467224128556	0.38397936199323374	0.4635659657654808
0.15222143826241935	0.3860206700677523	0.4617578916698284
0.15150123040943292	0.3854407162346063	0.4630580533559609
0.15185145704667158	0.38586408243295467	0.46228446052037386
0.15264925564558762	0.38406008981821016	0.46329065453620233
0.15451159126692665	0.3844857382981378	0.4610026704349357
0.1513528046633863	0.3847835042693182	0.46386369106729564
0.15416622532525354	0.3852910901353491	0.4605426845393974
0.15405633619255107	0.38557976259454363	0.46036390121290544
0.15165446765837787	0.3870987249117227	0.46124680742989954
0.1516615145832	0.38471122294608445	0.4636272624707156
0.15048389146082233	0.3870569149642152	0.4624591935749626
0.15293621033375654	0.38637639182856964	0.4606873978376739
0.15257243576441026	0.38467835014080315	0.46274921409478675
0.15447880710381726	0.3844145150097547	0.4611066778864281
0.15233096290548087	0.3871508610853724	0.46051817600914685
0.15181370249987947	0.3844442703415177	0.46374202715860297
0.15162931357306308	0.3852205155272979	0.46315017089963906
0.15045306774191436	0.3858713085782983	0.46367562367978743
0.15247650305118374	0.3866755284093249	0.4608479685394915
0.15379700382192804	0.38406683319049234	0.4621361629875797
0.15209284534708412	0.3851805146177396	0.4627266400351764
0.15317209605235965	0.3864970669180723	0.46033083702956823
0.15321119110292675	0.38529751133301404	0.46149129756405927
0.15130511547074366	0.3862565729756758	0.4624383115535807
0.15256581122908816	0.3848578064366581	0.4625763823342538
0.1527259589920701	0.3840349063331314	0.4632391346747986
0.152182133950579	0.38465681331542134	0.46316105273399977
0.15331193146920674	0.3863598133368198	0.4603282551939736
0.15119507002484062	0.3861915968518279	0.46261333312333164
0.15510160537887013	0.3840969513079077	0.46080144331322226
0.1516289047631527	0.3848994565273524	0.46347163870949504
0.15319475989481193	0.3866679972653708	0.46013724283981733
0.15431322850023496	0.38378812544472485	0.4618986460550403
0.15509552429285775	0.3839782992434311	0.4609261764637113
0.1504211564454303	0.3859710090839976	0.4636078344705722
0.1531916031662009	0.3849567278765445	0.4618516689572547
0.15157945158549768	0.38477731954327904	0.46364322887122345
0.153295590580867	0.3862136962954788	0.4604907131236543
0.15233923163040158	0.38661424364420394	0.4610465247253946
0.15333045686525085	0.3855005558276368	0.4611689873071124
0.15249096474755475	0.38723116891514936	0.460277866337296
0.1502834627982665	0.38713274503819645	0.4625837921635372
0.15270439717473192	0.3871639611977883	0.4601316416274799
0.151579143118234	0.38642312503986365	0.46199773184190246
0.15287764539297294	0.38382677109860147	0.4632955835084257
0.1504277581094131	0.3859063131050768	0.4636659287855102
0.15316719969220924	0.3847280429973481	0.46210475731044276
0.1513462373032049	0.38505230629775977	0.46360145639903544
0.15340440744600026	0.3838534051487324	0.4627421874052675
0.15227507471888785	0.3843706583161117	0.46335426696500054
0.150675131134983	0.38626554896486354	0.4630593199001536
0.15307420277036898	0.38451271955798966	0.4624130776716415
0.1527846990431344	0.3854976171367213	0.46171768382014444
0.15070780227714894	0.3856507895105255	0.4636414082123257
0.15201535612713923	0.3860819618855883	0.4619026819872726
0.15164483464142275	0.38545334210836546	0.4629018232502119
0.15364275857190646	0.3843266956556242	0.46203054577246944
0.1538037009976167	0.3846275057625016	0.46156879323988176
0.15344917647961764	0.3840781882976975	0.46247263522268495
0.15409665570703102	0.3838937569126044	0.4620095873803647
0.152073228129953	0.38610294145933294	0.4618238304107142
0.15420425158458317	0.385614940118124	0.46018080829729296
0.1544129963184897	0.3840085426622241	0.46157846101928635
0.15150857351084152	0.3846159724094912	0.46387545407966746
0.1509884037885567	0.38587554510153077	0.4631360511099126
0.1545459725636717	0.38433698518826925	0.4611170422480592
0.15251623781924395	0.3870684049403153	0.46041535724044086
0.15110352203373678	0.3870923217692675	0.46180415619699583
0.15044738979865785	0.3861855927034445	0.46336701749789777
0.15241191646564128	0.38607745704382984	0.461510626490529
0.15377623675963562	0.3838279831160356	0.4623957801243289
0.15123659880229845	0.38570560631235395	0.4630577948853477
0.1533008775153324	0.38648837950222725	0.46021074298244047
0.15239886682138354	0.38652694710878793	0.4610741860698287
0.15243423024162733	0.3845536791391622	0.46301209061921056
0.1545238410380837	0.3837751560843152	0.4617010028776012
0.15411287600042173	0.3842033262800818	0.46168379771949664
0.1541026219909425	0.38417618124032243	0.4617211967687352
0.15033768282458	0.38682831957311187	0.46283399760230826
0.15312117661290817	0.38527897308772624	0.4615998502993657
0.15295478558962725	0.3863876734069198	0.460657541003453
0.15243701847027158	0.38692998308162113	0.4606329984481074
0.1532175036789075	0.38522888222831797	0.4615536140927747
0.15194029280948376	0.3871993604158359	0.46086034677468046
0.15304886864391914	0.384959012699112	0.461992118656969
0.15100877311568683	0.3861224592572162	0.4628687676270971
0.15213326766146007	0.38419556767388663	0.4636711646646534
0.15263632490977955	0.3843867584893119	0.4629769166009087
0.15494449578155625	0.3839663697828538	0.4610891344355901
0.15044194510843487	0.38704672166175486	0.4625113332298104
0.15373428023365648	0.38563106406862435	0.4606346556977193
0.15306713532390814	0.386176523473311	0.460756341202781
0.15512463324096987	0.38441744780457276	0.4604579189544574
0.1502836382702155	0.38686058421128366	0.46285577751850093
0.15166114198260433	0.3870661687520821	0.46127268926531373
0.153436182868815	0.38613712943902784	0.46042668769215733
0.151433051660469	0.38460740784437747	0.46395954049515364
0.15205432565243088	0.3865083369943032	0.4614373373532661
0.15118116033643145	0.38545176328654257	0.4633670763770261
0.1531001390666714	0.3854864460489368	0.4614134148843919
0.15186045193286518	0.385460729076271	0.46267881899086394
0.15321418847360763	0.38398879906042216	0.4627970124659704
0.1524088209192921	0.3861754071350243	0.46141577194568373
0.15158658812797976	0.3846513075041077	0.46376210436791265
0.15293610056317325	0.3855830296250141	0.4614808698118128
0.1538766157065154	0.38530856307776795	0.46081482121571676
0.15318469721662636	0.38635078799175376	0.46046451479162
0.15131571396890947	0.3853284677498839	0.46335581828120675
0.15379718198308368	0.38521099119098384	0.46099182682593254
0.1511439143357553	0.3872222789280074	0.46163380673623744
0.15095431113510432	0.38670799080083246	0.46233769806406333
0.15011532601035477	0.386737333149921	0.4631473408397243
0.15445016027180952	0.3854989631690039	0.4600508765591867
0.15345466872178037	0.3846418807025995	0.4619034505756202
0.1510192665206534	0.3853482917817719	0.4636324416975748
0.1529984123958823	0.3868499339229448	0.46015165368117295
0.1527809828020178	0.38590891848452	0.4613100987134623
0.1550033797547169	0.3840997055619974	0.46089691468328586
0.1536482450742822	0.3847213981392465	0.46163035678647146
0.15326234563495308	0.3848625888337991	0.4618750655312479
0.1508588596228128	0.3870861626655681	0.4620549777116192
0.1523171628560416	0.38543371808276056	0.4622491190611979
0.15322032470011154	0.3867429287920709	0.4600367465078177
0.15105142392900736	0.3865024025902782	0.4624461734807146
0.15129253073649845	0.38622060771974837	0.4624868615437533
0.1517348677892959	0.3871642334282501	0.4611008987824541
0.15148944207337517	0.38480286522357193	0.463707692703053
0.15290059311063103	0.38632403280552374	0.46077537408384533
0.1540395691013151	0.38450098658635	0.461459444312335
0.15272299390094723	0.38677345981123074	0.46050354628782214
0.15275630541842536	0.38672247827697553	0.4605212163045992
0.15080132987203157	0.38517896477831104	0.46401970534965753
0.15230782981551416	0.3867746027304053	0.46091756745408063
0.15348097745761863	0.3858002875199044	0.46071873502247707
0.15084198606672128	0.386660973108101	0.46249704082517784
0.1534057932811403	0.3845089843252106	0.46208522239364924
0.15505009450434312	0.38427176641119815	0.46067813908445887
0.15251485813397161	0.38427911017167504	0.4632060316943535
0.15092303002098828	0.38536033084752247	0.4637166391314894
0.1503177617563214	0.38567632534657315	0.4640059128971056
0.1524736012703668	0.3866988800661784	0.46082751866345495
0.15227742375229297	0.38707485821146875	0.4606477180362384
0.15245291064603217	0.3867546838063664	0.46079240554760154
0.155260685996857	0.3846253033184843	0.4601140106846588
0.15145656444171432	0.3848702679002894	0.46367316765799643
0.15180633243457062	0.38702672739127686	0.46116694017415266
0.15153054445652972	0.3872052080975914	0.46126424744587896
0.15392443584229198	0.3837699604763962	0.4623056036813119
0.15460348519972336	0.3841662072777765	0.4612303075225002
0.15134560657163199	0.3863217122761676	0.46233268115220055
0.15320545396761695	0.38580065244373546	0.46099389358864773
0.15312168946110935	0.38528981387876515	0.46158849666012564
0.15057325222491058	0.38545877599154776	0.46396797178354177
0.15497136486815988	0.3848893610742553	0.460139274057585
0.15314873362186882	0.38540736996482583	0.4614438964133055
0.15167405020374253	0.38639517555664354	0.46193077423961404
0.1523291661700853	0.38590202445542393	0.46176880937449094
0.15352138450263444	0.3847970302794801	0.4616815852178856
0.1541267246381707	0.3851049906732686	0.4607682846885608
0.1542835354706486	0.38561143362786987	0.4601050309014817
0.15202254379340036	0.3867946333690223	0.46118282283757744
0.15285394363503946	0.38424152861036853	0.4629045277545922
0.15184566132915048	0.384350290674871	0.46380404799597863
0.15296792499340908	0.3844333738603649	0.46259870114622614
0.1502628552608904	0.38588929603857897	0.46384784870053075
0.15348582103341474	0.3839411088348872	0.4625730701316981
0.15156130783435579	0.386261842703413	0.4621768494622313
0.15167157033461276	0.38520807039812127	0.4631203592672661
0.15013059819088484	0.38705915208249564	0.46281024972661966
0.15200412476235514	0.38454621139781364	0.4634496638398313
0.1536017809683382	0.3854066482997121	0.4609915707319498
0.1516097277364024	0.384769284671072	0.4636209875925257
0.15140969966618717	0.3847423022359889	0.46384799809782407
0.15276869643643132	0.3847300149566338	0.46250128860693507
0.15393796472929333	0.38545096842296533	0.46061106684774145
0.1544990622464123	0.3853393707745381	0.46016156697904975
0.15237724900585706	0.38470257094471755	0.46292018004942553
0.15431381714573034	0.385238723940645	0.4604474589136248
0.15279395571374266	0.3860994588959594	0.461106585390298
0.15512922321695233	0.38469877361741783	0.46017200316563
0.15119840656569264	0.38567027696160444	0.46313131647270306
0.15340707381391172	0.38420345324085303	0.46238947294523536
0.15451618034160985	0.38463560242125155	0.4608482172371387
0.1500161631975433	0.38719596413293256	0.46278787266952426
0.15259113258420592	0.38677310368669326	0.4606357637291009
0.15286703945685537	0.38406398006128667	0.4630689804818581
0.15169907386280607	0.3869502498038734	0.4613506763333207
0.15062946070925864	0.38537891177573147	0.46399162751501
0.1529160009599949	0.38394257708818924	0.46314142195181596
0.15497319435273904	0.3842027701354821	0.460824035511779
0.15386995313354734	0.384804821220957	0.46132522564549583
0.15392247360611427	0.38520930742994836	0.4608682189639375
0.15040638183705313	0.385671799726752	0.463921818436195
0.1534885824052512	0.38645015259439114	0.46006126500035777
0.1514408653650199	0.3846675461239846	0.4638915885109956
0.1523570872617382	0.3854279486134833	0.4622149641247787
0.1525884959875573	0.38578681427245765	0.46162468973998516
0.15271241773045913	0.38486802262064146	0.4624195596488996
0.15046212589646868	0.3871717428537172	0.4623661312498142
0.1522053019369784	0.3869765171913555	0.4608181808716662
0.1520372692524512	0.38446591450045414	0.4634968162470948
0.1520382649184389	0.3849080587566408	0.46305367632492045
0.15113449447530258	0.38660552717563723	0.4622599783490603
0.15461978662990772	0.38513820140701815	0.46024201196307424
0.15521312080869093	0.384343888854921	0.4604429903363882
0.15121647641192767	0.38657506492704863	0.4622084586610238
0.15061828579712197	0.38679411333691827	0.4625876008659599
0.15338485382136344	0.38523250653452235	0.46138263964411436
0.15074816108728428	0.38646382495764675	0.46278801395506913
0.1521152244928653	0.38590927458935953	0.4619755009177753
0.15237056780665537	0.383786274481092	0.4638431577122527
0.15422412156145981	0.38521586338559055	0.46056001505294974
0.15254997411502907	0.3844545770649539	0.46299544882001714
0.15448398224071458	0.38448463804679284	0.46103137971249275
0.15193592242279774	0.3866393727570855	0.4614247048201169
0.15004879980411176	0.38612954798199517	0.46382165221389315
0.15016255736540182	0.3865233135511148	0.46331412908348346
0.15020467548157868	0.38695877020691744	0.46283655431150406
0.15010604558034624	0.3867022265726514	0.46319172784700247
0.15264745732053886	0.386149000274629	0.4612035424048323
0.1520949597654838	0.385032667651875	0.46287237258264136
0.15357234711041431	0.38527414821255096	0.46115350467703486
0.15310407501932677	0.38673481567251117	0.4601611093081621
0.15293081369304373	0.3861613471247642	0.46090783918219214
0.1527972474992686	0.3863795568060222	0.4608231956947093
0.15482719034778464	0.38460179692967955	0.4605710127225359
0.15326034844822947	0.3842914210123441	0.4624482305394265
0.15374161335417283	0.38573384360380825	0.46052454304201906
0.15241905209949247	0.3847338293657999	0.4628471185347077
0.15223882263072053	0.38497422080808597	0.4627869565611936
0.15076626415037425	0.3866831871346645	0.4625505487149614
0.15155949551224188	0.3869923432097798	0.4614481612779784
0.15109775531638087	0.385186135866484	0.4637161088171352
0.15380151178186774	0.3856242158137507	0.46057427240438165
0.1537119152235036	0.3841024833687548	0.46218560140774173
0.1533022760526238	0.38644631129515966	0.46025141265221664
0.15051592835159563	0.38655721294718565	0.46292685870121886
0.15157594605297414	0.3863318587057519	0.4620921952412741
0.153418014066397	0.38464111275087587	0.46194087318272725
0.15037061793824896	0.3863360089170344	0.46329337314471675
0.1518629647324803	0.3867247434878105	0.4614122917797094
0.15476102856580792	0.3845447409436703	0.4606942304905219
0.15385235878678444	0.38603570113557967	0.460111940077636
0.15209647267373355	0.38503861882050905	0.46286490850575746
0.15450420441170676	0.3854482956169749	0.46004749997131844
0.15156266242110117	0.38582838240160855	0.4626089551772904
0.15155363588373894	0.3872008461624761	0.4612455179537851
0.15283495088860913	0.3866361283722233	0.46052892073916774
0.15282018023353355	0.38624208829425494	0.4609377314722116
0.15022925153644145	0.3869465228362666	0.46282422562729203
0.15092422864788402	0.38524528929874274	0.46383048205337335
0.15189234930604395	0.3841082170081311	0.4639994336858251
0.1511726510757841	0.38550309526583715	0.46332425365837887
0.15230088974209172	0.3841420873119739	0.4635570229459345
0.15232412453911398	0.3870782337579318	0.4605976417029543
0.15252317137179106	0.3843323163249526	0.46314451230325643
0.1502997207232779	0.38644414596753723	0.463256133309185
0.1533545181841638	0.3839034877148781	0.4627419941009583
0.150249879487191	0.3864479631629629	0.46330215734984614
0.1532324218426565	0.384816355209583	0.46195122294776053
0.15203247300629888	0.38514341535403085	0.46282411163967035
0.15233377444057597	0.38457311618086154	0.4630931093785626
0.15111377821296373	0.38488622347238843	0.46399999831464794
0.15302236095209543	0.38616644587752835	0.46081119317037633
0.15097452099387582	0.38654262094878356	0.46248285805734074
0.15174236688555898	0.3861184369132337	0.4621391962012074
0.15455106934415253	0.38491884133084714	0.46053008932500045
0.15310876291964332	0.386122940229606	0.46076829685075077
0.15064442691285745	0.38543869771662065	0.463916875370522
0.15482182346343015	0.3849775303750177	0.46020064616155226
0.15206126649525442	0.3861943399005149	0.4617443936042308
0.1503530115801491	0.38614048575185084	0.4635065026680002
0.15095473842728446	0.38637302756103775	0.4626722340116779
0.1535830747501128	0.384453802398588	0.46196312285129937
0.1518251785114516	0.38453339200666753	0.4636414294818809
0.15191530663479091	0.38561202760071633	0.46247266576449286
0.15107347021824719	0.3862421804564843	0.46268434932526864
0.15162760141117398	0.38542475106306845	0.4629476475257577
0.1531287692748523	0.3859818343341296	0.4608893963910182
0.15324094400190325	0.3863998356027699	0.46035922039532695
0.15296060244698345	0.38466190838726	0.46237748916575666
0.1524860862618222	0.3846166326899679	0.46289728104821004
0.15008838309879924	0.3868861498712943	0.46302546702990655
0.15026498344101513	0.3863070943286869	0.4634279222302981
0.15413099291932292	0.3840023123852151	0.4618666946954621
0.15166287122735722	0.3859197555399575	0.46241737323268545
0.15167771360118798	0.38643472148403185	0.4618875649147803
0.1546306874471211	0.3842813784747187	0.4610879340781603
0.15404703473657658	0.38428303865881697	0.4616699266046066
0.15389673584625876	0.38408837201642604	0.46201489213731534
0.1527290452004177	0.38723122413094635	0.4600397306686361
0.15057754309836896	0.38693435399923626	0.4624881029023949
0.15119117631154455	0.38629357015307275	0.4625152535353828
0.1511914121926617	0.3853544058421384	0.4634541819652
0.15318367611810282	0.38564174672737916	0.46117457715451815
0.15479758618619704	0.38490218198496223	0.46030023182884083
0.15319482099417803	0.38443719682235616	0.4623679821834659
0.15130936036367154	0.3869699562313879	0.46172068340494066
0.15177382833357217	0.3855520891495699	0.46267408251685804
0.154662909373598	0.38404681768264304	0.46129027294375907
0.1532345586299731	0.3860830305719517	0.46068241079807537
0.15217859898461247	0.3871929638010952	0.4606284372142925
0.15269108489561617	0.3857103072802282	0.46159860782415574
0.1512616126202549	0.38679600286029103	0.4619423845194542
0.1533628790139061	0.38470805710264877	0.46192906388344523
0.1513660948068899	0.38500733643556206	0.4636265687575482
0.15194992230850043	0.38577135772648535	0.46227871996501435
0.1528100390624548	0.38389295252794053	0.4632970084096048
0.1535707153990818	0.38390215721558946	0.46252712738532886
0.15247593636172987	0.387214536657364	0.4603095269809062
0.15365789412291933	0.38598331596002156	0.46035878991705925
0.15283684990323404	0.3847297921825311	0.462433357914235
0.1508267910013181	0.38688011671814543	0.46229309228053656
0.1503991506450114	0.3868116417583862	0.4627892075966025
0.1523082028859926	0.38680581076822196	0.4608859863457856
0.15075606600404493	0.386053510931037	0.46319042306491814
0.15189739083865167	0.38645287048765886	0.4616497386736895
0.15127253092856224	0.38621947481650054	0.46250799425493727
0.1527891802968296	0.3856939016476214	0.46151691805554906
0.15265046320131503	0.38492642400243465	0.4624231127962504
0.15394352041928977	0.38441567367971025	0.4616408059010001
0.15223701411534563	0.38485400972020917	0.4629089761644454
0.1524304544711291	0.3860392800531262	0.4615302654757448
0.15386248512570871	0.38507709499826337	0.4610604198760281
0.1525663359281724	0.3843020755192027	0.46313158855262504
0.15291413343350152	0.3848044339475506	0.46228143261894805
0.15222628128880866	0.3849822611120117	0.4627914575991797
0.15317905119966502	0.386133041396449	0.4606879074038861
0.1551693547892477	0.38471536731823375	0.4601152778925187
0.15436016383545792	0.38475531454635553	0.46088452161818666
0.1540027159634071	0.3853111070722519	0.4606861769643411
0.15449687405230944	0.38435925843063107	0.46114386751705955
0.1547823756604968	0.38491882383088677	0.4602988005086165
0.15087322496723787	0.3852043922386701	0.46392238279409215
0.1510910820198737	0.3858140458123708	0.46309487216775563
0.15139617098380578	0.3862724493348549	0.46233137968133947
0.1513214817944471	0.38721301087355475	0.4614655073319983
0.15303031873416273	0.38666644140553724	0.46030323986030014
0.15471262615511772	0.3842063278241883	0.4610810460206941
0.15406631116822542	0.38551186803078863	0.46042182080098604
0.15169366033714465	0.38527523674709707	0.4630311029157584
0.15313583489567198	0.3851061480028734	0.46175801710145475
0.15192932110238988	0.38678754990688086	0.4612831289907293
0.15001767745856517	0.38659136006750994	0.46339096247392497
0.15333173710450482	0.3848400837962119	0.4618281790992834
0.15351667315109313	0.3861905700066137	0.46029275684229326
0.15009386013327083	0.3864729361085646	0.4634332037581647
0.15215418613884588	0.3865559573679652	0.461289856493189
0.15319256729887287	0.385455489806238	0.46135194289488923
0.15000068969024777	0.38616562668218496	0.4638336836275674
0.15127776800018702	0.38653936742078465	0.46218286457902846
0.15266507591517656	0.3852796785748739	0.4620552455099497
0.1514756669573359	0.3849051446427401	0.4636191883999241
0.1507636150681989	0.38561777859389057	0.46361860633791063
0.1513718450105518	0.38555411509444987	0.46307403989499846
0.15100520119111088	0.3868363728024343	0.4621584260064549
0.15301652327295767	0.3863733742307425	0.46061010249629997
0.15362118381916662	0.38620572439004663	0.46017309179078686
0.15299879474069675	0.38522475606962364	0.46177644918967975
0.1514775009112742	0.3859166564557319	0.462605842632994
0.1535671647782683	0.38490195547491907	0.46153087974681273
0.1511597540999937	0.3850959044825448	0.46374434141746157
0.15469117305955357	0.3840963360924863	0.46121249084796023
0.14987500018178707	0.38695707900715987	0.4631679208110532
0.1516085718306946	0.386676715154049	0.4617147130152565
0.15156768376830027	0.3853892286618523	0.4630430875698476
0.15455094857623627	0.3841548732551018	0.46129417816866203
0.15402002699137918	0.3854452259713768	0.4605347470372442
0.15025723696072313	0.3859455556426568	0.46379720739662017
0.15083668619230686	0.3869985686334337	0.4621647451742596
0.15263628667013746	0.3868069466183489	0.46055676671151374
0.15469019083487817	0.38505483914873617	0.4602549700163858
0.15233626283857607	0.3870636932270412	0.4606000439343829
0.1549380501475938	0.38476645632639933	0.460295493526007
0.15144141511292564	0.38645710098141667	0.46210148390565786
0.15052000650081254	0.3867979881014663	0.4626820053977213
0.15335818974198434	0.3847445459532942	0.46189726430472156
0.15464520829546236	0.3838977806416858	0.461457011062852
0.150864293438156	0.38595150593253785	0.4631842006293063
0.15487897255972227	0.3838161072990285	0.46130492014124935
0.15227977115190958	0.38695324281888893	0.46076698602920163
0.1507132306807193	0.3854527926915636	0.46383397662771725
0.15335034427512895	0.3855093611697927	0.4611402945550785
0.1507380550099406	0.3864781091402698	0.46278383584978966
0.15228781983025685	0.38646762551516894	0.4612445546545743
0.15292822677958462	0.3841888175497063	0.46288295567070914
0.15136092978049134	0.38513808454089316	0.46350098567861564
0.15231294484472155	0.3869887196025226	0.46069833555275597
0.15484041699317297	0.38470057237985267	0.4604590106269745
0.15459342091450162	0.3853368168849939	0.46006976220050466
0.15252387966372366	0.38516093589755407	0.46231518443872244
0.15306175598704153	0.3853115381710037	0.46162670584195487
0.15483963373321125	0.3846599973883339	0.46050036887845497
0.1536826088288759	0.3841920392711572	0.46212535189996695
0.15205945444469143	0.38479496696068566	0.463145578594623
0.1520740191769862	0.38606628649956287	0.4618596943234511
0.15360970336233243	0.3845676184924327	0.461822678145235
0.15187698944127662	0.38704779781853316	0.46107521274019037
0.15438847900330316	0.38409825187803415	0.4615132691186628
0.15163632475013356	0.385588842657395	0.4627748325924716
0.151044054917778	0.3853007894422086	0.46365515564001347
0.15253815821751057	0.3866543721038607	0.46080746967862884
0.15504702103152354	0.3837868842428089	0.4611660947256677
0.1524063010332133	0.3859825589357522	0.46161114003103465
0.15408718274474162	0.3846940614466332	0.4612187558086253
0.15254536068471808	0.38585240402907073	0.46160223528621125
0.1546929324226099	0.3845744869561759	0.4607325806212143
0.1550304510625488	0.38433758565851617	0.46063196327893513
0.15248534477147385	0.3854890338982593	0.462025621330267
0.15330711060650615	0.3843260774827622	0.4623668119107318
0.15284823940027165	0.3849027668054985	0.4622489937942299
0.15234285431961225	0.3841351155922639	0.463522030088124
0.1520548518752307	0.3847600864049836	0.46318506171978585
0.15163703508833803	0.38481689681561926	0.4635460680960428
0.150791506504932	0.3864428796412094	0.4627656138538587
0.15119667668842224	0.38494970630848985	0.463853617003088
0.152405981552924	0.38544389522096933	0.4621501232261067
0.15302037326059123	0.3859504248751963	0.4610292018642126
0.15170385843715528	0.3851385893177824	0.4631575522450625
0.15160722712202923	0.38612824647185506	0.46226452640611587
0.15403989734005097	0.3840795584404436	0.46188054421950553
0.1547272256015671	0.38500983210405754	0.4602629422943755
0.1534722299510029	0.38430599238410607	0.46222177766489114
0.15419865811111894	0.3841115323203152	0.461689809568566
0.15175579530496747	0.38515012560862494	0.4630940790864077
0.1541039187682099	0.384818484437168	0.46107759679462224
0.15439665722745033	0.3847793720445887	0.4608239707279611
0.15336739057873888	0.38624238092517366	0.4603902284960876
0.15210200762602433	0.38561158203642026	0.4622864103375555
0.152946598211628	0.3865355792880628	0.46051782250030926
0.15362840697269847	0.38609294180440185	0.4602786512228998
0.152775931708523	0.3842481387098933	0.46297592958158384
0.15117837494849506	0.38533564447059326	0.46348598058091184
0.15064837377942314	0.38557333687401385	0.4637782893465632
0.15163322934335985	0.3847397867215942	0.4636269839350461
0.15153871378488537	0.3871769702118143	0.46128431600330044
0.15390191985686952	0.3843577149872605	0.4617403651558701
0.1505093788485523	0.38710991598109584	0.46238070517035196
0.15334704073038702	0.38611322753959443	0.4605397317300186
0.15382598631178762	0.3859215175747516	0.46025249611346086
0.15322188258287162	0.3859432559820988	0.4608348614350297
0.15461262370805637	0.3841672523593674	0.46122012393257633
0.15191664876055289	0.38567586291837047	0.46240748832107675
0.1507701655637982	0.3871729353407654	0.4620568990954365
0.15157311311104488	0.3848191597835048	0.4636077271054505
0.15158453124273874	0.38588774081841704	0.46252772793884434
0.15308258979394007	0.385624262557712	0.46129314764834806
0.15466111137909266	0.38474315158935285	0.4605957370315546
0.15357499074043984	0.38496619013330396	0.4614588191262563
0.1500969265700225	0.38682920977792207	0.4630738636520556
0.1516839039458344	0.38649282328994156	0.4618232727642242
0.15370612884529125	0.38608501374659215	0.4602088574081167
0.15147625480955706	0.38509279313893	0.463430952051513
0.15196759212531274	0.38529729861587664	0.46273510925881073
0.1543235336754566	0.3843160757986315	0.46136039052591205
0.1513731457012906	0.38621393124904996	0.46241292304965953
0.153008133496276	0.3859954833338211	0.460996383169903
0.15487293066037303	0.3843267551138162	0.4608003142258109
0.15221308037532977	0.3867573343905291	0.4610295852341413
0.1541324277609724	0.3850612443709758	0.460806327868052
0.15297576214789588	0.38510583387010033	0.4619184039820039
0.15058842517711948	0.3855226099972251	0.46388896482565556
0.1519148523648815	0.386883070961887	0.46120207667323154
0.15441430069597903	0.38481783349896426	0.46076786580505685
0.15426526267984716	0.3855605947590759	0.4601741425610771
0.15114882938870505	0.38662054069519636	0.4622306299160987
0.15440946355375407	0.383864098891006	0.46172643755524007
0.15475013772523077	0.38399063716459897	0.46125922511017037
0.154690413173667	0.38388597054791407	0.461423616278419
0.15046789910112468	0.38617005078251204	0.4633620501163634
0.15182464186790975	0.3848358666413972	0.4633394914906932
0.15129266147500098	0.3848308261491748	0.46387651237582433
0.15306741204286248	0.38452407020727797	0.4624085177498597
0.15320661439795302	0.38572984549058137	0.4610635401114657
0.15302930523463631	0.38627152939618714	0.46069916536917666
0.15379696524719	0.38457992379269507	0.461623110960115
0.1528680281561351	0.38497213408475767	0.46215983775910735
0.15335737171728817	0.38537244467623344	0.4612701836064785
0.15045670605215516	0.38620033931607073	0.4633429546317742
0.15046597822661212	0.3855952939787326	0.4639387277946554
0.1537789443555186	0.3846727770537406	0.461548278590741
0.15223302112016499	0.38411197019043863	0.46365500868939646
0.15215581579470777	0.38555073761182723	0.4622934465934651
0.15210318875719117	0.3848816600720769	0.463015151170732
0.15143783786713874	0.38699928236357195	0.46156287976928945
0.15340664921760797	0.38453368232654417	0.462059668455848
0.1511455763444502	0.3856121091870566	0.46324231446849334
0.1512244260111134	0.38678029432618466	0.46199527966270204
0.15281653065532616	0.38529572912811527	0.4618877402165587
0.1530019587481093	0.38443675274073313	0.46256128851115774
0.1510646809055608	0.3858366904050259	0.4630986286894134
0.15013895422198925	0.38604298155988853	0.46381806421812233
0.1533227838294834	0.38636192369848044	0.46031529247203623
0.15055899740134546	0.38649252983179694	0.46294847276685774
0.15430548237021363	0.3855960417155466	0.46009847591423986
0.152663568285541	0.38704585010611703	0.4602905816083421
0.15329550006835024	0.38453755149710367	0.4621669484345462
0.15231648044421425	0.385236873162301	0.4624466463934849
0.15083074552938647	0.3863608698340355	0.46280838463657814
0.15276204396689463	0.38644909318413334	0.46078886284897214
0.15261985121300198	0.38386057942915175	0.4635195693578464
0.1545260196119901	0.3848505541941931	0.4606234261938169
0.15495544256393648	0.3848606029357003	0.46018395450036337
0.15129294726349934	0.3846908043775036	0.46401624835899724
0.15333223087349893	0.3863125532184272	0.460355215908074
0.15442376030791657	0.38544690076475296	0.46012933892733054
0.15180965562789145	0.38584586691117834	0.4623444774609303
0.15357948886221684	0.3854688086121814	0.46095170252560186
0.15077107584288033	0.38686608857921667	0.4623628355779031
0.15282398487746923	0.38638154941646075	0.46079446570607013
0.15512057235276866	0.38389685834407183	0.4609825693031596
0.15390848960347125	0.38452280858524485	0.46156870181128407
0.1521779969509523	0.3847235831296555	0.4630984199193924
0.15076560205978232	0.38533169533171485	0.46390270260850297
0.15048138597772986	0.3857334511745978	0.4637851628476724
0.1542399985904646	0.38532999917773625	0.4604300022317993
0.15522967169282775	0.3839502972657584	0.46082003104141395
0.14984590422960745	0.3867159684301889	0.4634381273402038
0.15200123660049164	0.3846632909708467	0.4633354724286618
0.15456159161257974	0.3839770593208218	0.4614613490665986
0.15349058218200207	0.38516236978025403	0.46134704803774407
0.1531768817451517	0.38376788715552046	0.463055231099328
0.15454794273581518	0.38506995421314705	0.4603821030510378
0.15397502694235726	0.38486261183783177	0.46116236121981113
0.15015289694419115	0.3860295976753063	0.4638175053805027
0.1518904800092804	0.3843941875573733	0.4637153324333464
0.1511331298872774	0.3852251653649756	0.46364170474774713
0.1515012096070576	0.3872095922377379	0.46128919815520464
0.15452529686672595	0.38383495024351366	0.46163975288976056
0.15128979062161918	0.38491394755500613	0.4637962618233748
0.1498977142591988	0.3869089272338959	0.4631933585069054
0.1535044446159855	0.3843177965567041	0.4621777588273105
0.15122842815785242	0.38482435169469614	0.4639472201474516
0.15388556931091568	0.38558772922870105	0.4605267014603834
0.1528835012998389	0.38408273138320664	0.46303376731695456
0.15434308315864873	0.38428252396225915	0.4613743928790922
0.1531626261260502	0.3839104217656757	0.4629269521082743
0.15072012147373193	0.3859273635783547	0.4633525149479135
0.15180502975053078	0.3857523865929657	0.46244258365650365
