0.34982265137733576	0.399449958971263	0.2507273896514014
0.34898937082778375	0.39959283607174056	0.2514177931004758
0.3491410364122697	0.39969723641628796	0.2511617271714424
0.34932595079932605	0.39982930177208853	0.25084474742858553
0.35027045389028016	0.39997714413225327	0.24975240197746668
0.34887358749185265	0.39872675011438885	0.2523996623937586
0.35009362745243533	0.39957022057248415	0.25033615197508063
0.3498850989592827	0.39960634177305127	0.25050855926766613
0.35017061056317805	0.3988663079776489	0.25096308145917323
0.34888324496146866	0.400343845287891	0.2507729097506405
0.3493791804148071	0.4005503798241443	0.2500704397610487
0.3492025392982977	0.4005124935331551	0.2502849671685473
0.34914979479240826	0.39940297297096394	0.25144723223662785
0.34944169721487606	0.4002864450724145	0.25027185771270954
0.3503219313245649	0.39912474312780044	0.25055332554763476
0.34947272781327043	0.4003057985007309	0.2502214736859988
0.3498899444037653	0.3996722950122776	0.25043776058395717
0.3498672719809779	0.4003407287330774	0.24979199928594484
0.35024771934428467	0.3988894703435805	0.2508628103121349
0.35006580684445393	0.3998789459673562	0.25005524718819
0.3501338011909566	0.3996227640302209	0.2502434347788226
0.35009331473964456	0.39915758720349137	0.2507490980568642
0.3500662869589435	0.4001309163580524	0.24980279668300415
0.34936510811119775	0.40064041629335273	0.24999447559544966
0.3496967435064381	0.39849274509583854	0.2518105113977235
0.35013414113827196	0.399044606673721	0.25082125218800716
0.3487927014277701	0.3992552339091352	0.25195206466309483
0.3493239206426062	0.39866021938305696	0.25201585997433695
0.34937483614987724	0.39898782855622494	0.2516373352938979
0.3501317390938359	0.4003086010012482	0.24955965990491605
0.3495592910604393	0.3990591696699065	0.25138153926965423
0.34978244981865847	0.3985132096110755	0.2517043405702662
0.3500988289202294	0.399091612950931	0.2508095581288397
0.35007762429039296	0.39996352921225165	0.2499588464973555
0.349297397380933	0.40020519651180575	0.25049740610726134
0.3495653249564142	0.4004326748508572	0.2500020001927287
0.35003632765236503	0.3986352062634789	0.25132846608415615
0.3497528229592811	0.3990346166268304	0.25121256041388856
0.34971958806405967	0.4002522167366088	0.25002819519933167
0.3488050865404486	0.39978674678131354	0.25140816667823795
0.34958037677191833	0.40008926681048673	0.25033035641759505
0.3500502631238916	0.39854395624024086	0.25140578063586766
0.34932201480922526	0.39942223876785066	0.25125574642292414
0.34953586888842497	0.39934559755729254	0.2511185335542826
0.34989819614478124	0.40016479832636	0.2499370055288589
0.3494638681354932	0.39948925290042026	0.25104687896408673
0.3491104176625385	0.3998501542527101	0.25103942808475155
0.34911153477173895	0.39916516592761825	0.2517232993006429
0.34883542591438	0.40011957266885506	0.25104500141676506
0.3490244063706261	0.4002002535686989	0.25077534006067503
0.34907350886859956	0.3987987623248254	0.2521277288065752
0.35017049026040625	0.3986042021811849	0.251225307558409
0.34922700666999534	0.3985830213580611	0.25218997197194365
0.34932104513578355	0.40045217188464677	0.2502267829795698
0.3488596402723885	0.3998877583629875	0.2512526013646241
0.35006288118827605	0.39970357185390765	0.2502335469578164
0.3499327155505318	0.3998030794873098	0.2502642049621585
0.3502349449870451	0.39911731276246265	0.25064774225049236
0.34902177007604807	0.3995168406295315	0.2514613892944205
0.34945091541424206	0.3987888382576338	0.25176024632812427
0.34947202049985093	0.40017451683254823	0.25035346266760095
0.34984490132467305	0.4000514954545001	0.250103603220827
0.35003281071841597	0.4001760336698402	0.24979115561174392
0.348984657583954	0.3998389213633325	0.25117642105271354
0.34910456511265553	0.39903372813519544	0.25186170675214914
0.3499042716577919	0.40006633587415497	0.2500293924680532
0.3496655812479522	0.39953691762160465	0.2507975011304432
0.3488342892228081	0.39969550973571455	0.25147020104147744
0.3499391525046707	0.3989307919943273	0.2511300555010021
0.3499837164807849	0.3999053194600024	0.2501109640592128
0.34938388794180975	0.4001568001442035	0.25045931191398685
0.34936046139730054	0.40055856581604676	0.2500809727866528
0.34887010143018415	0.3997515708081065	0.25137832776170943
0.34953517898215425	0.3985808158386642	0.25188400517918164
0.3498745881826561	0.39865349880533807	0.251471913012006
0.3491220681097837	0.3995017246704071	0.25137620721980924
0.35011848770014936	0.39979187701293395	0.25008963528691686
0.3492157683380938	0.39968007673796097	0.25110415492394533
0.3492137150068565	0.39860210687310377	0.25218417812003985
0.34979017705981114	0.4003052004689533	0.24990462247123568
0.3500793334646944	0.4001740586481423	0.24974660788716335
0.34948192612197687	0.39883054245933947	0.2516875314186838
0.3495442743673554	0.3990497464183038	0.25140597921434094
0.3503201096044745	0.39977572097940883	0.24990416941611673
0.34930924885505765	0.39849151998817106	0.2521992311567714
0.3492653628748317	0.39894985362866664	0.2517847834965018
0.34961342163289183	0.3988469955854765	0.2515395827816318
0.3503514219779468	0.39877590601083046	0.2508726720112229
0.34888615509128873	0.39966384424727175	0.25145000066143963
0.3496098430176327	0.3992554148387988	0.2511347421435687
0.3497443769474905	0.3987818361278853	0.2514737869246243
0.3499966801383945	0.39906011030784416	0.2509432095537615
0.3489445461320364	0.40019665168499907	0.2508588021829647
0.34997529332226107	0.3991792540852953	0.25084545259244373
0.34978845756121524	0.39979216277340424	0.2504193796653807
0.34991374555970967	0.40040375792492366	0.24968249651536678
0.3490762919351944	0.39849545939352404	0.25242824867128166
0.34987942209400824	0.3986252149552976	0.25149536295069425
0.34942166090313287	0.3999281347993582	0.2506502042975091
0.3496528247322105	0.3986077086588731	0.2517394666089165
0.3492062042912133	0.40052709079751925	0.25026670491126757
0.3497727224748177	0.3996669746849426	0.2505603028402398
0.3503742728910977	0.39861980650203443	0.251005920606868
0.3493027259185167	0.39870019032733756	0.2519970837541458
0.35034105421629447	0.3992991830674579	0.25035976271624777
0.3493124188096719	0.3994552156496812	0.25123236554064704
0.3488691434032868	0.39929770008445487	0.2518331565122585
0.350187955918357	0.3987404222111239	0.25107162187051923
0.35015964579803155	0.40016654682953545	0.24967380737243308
0.35027407348589346	0.39905913032275864	0.25066679619134796
0.3488209629398295	0.40019381980296936	0.25098521725720124
0.3496535293227488	0.39946748557384953	0.2508789851034018
0.34933138806428776	0.39965628636555356	0.2510123255701588
0.3502148014280064	0.399608211619101	0.25017698695289275
0.34980173596551484	0.3996913983585507	0.25050686567593455
0.34896630878706114	0.39995111057439003	0.25108258063854894
0.3503054128294666	0.3990730538055226	0.2506215333650109
0.34985038867552437	0.3993417219631277	0.250807889361348
0.349836015484705	0.40027405217401124	0.24988993234128387
0.3502650326582357	0.3997424727673241	0.2499924945744403
0.34957540315653385	0.399523002642045	0.2509015942014213
0.3489361689503997	0.39874014155583026	0.25232368949377015
0.3500723017095572	0.39890896686774513	0.2510187314226978
0.3499250165661693	0.3993261225547765	0.2507488608790543
0.3487991426899017	0.4000308926378752	0.2511699646722232
0.3503465585564283	0.3992730963788112	0.2503803450647606
0.3492515783095169	0.4000819722113594	0.2506664494791238
0.34950558908266177	0.3988803442798937	0.2516140666374446
0.3491243554045359	0.39893280013135496	0.25194284446410925
0.3496969718942379	0.4004861717142843	0.2498168563914779
0.3498545151561921	0.40058829758025166	0.24955718726355636
0.3503507192913538	0.3988357850449094	0.2508134956637369
0.34995330441663175	0.3991773404688818	0.25086935511448655
0.349659162336835	0.39890884313685065	0.2514319945263145
0.34883201531022767	0.39851213771937083	0.2526558469704016
0.34971413317200445	0.39915078348732097	0.2511350833406747
0.34907371338415993	0.40008916241734654	0.25083712419849363
0.3492882293832337	0.39931766071390074	0.25139410990286565
0.3500572398853968	0.3994785519607395	0.25046420815386383
0.34936196654609153	0.39978217721233406	0.2508558562415745
0.34937131212457856	0.40062021769118017	0.2500084701842414
0.3495135435511763	0.39887105508772347	0.2516154013611004
0.3500605553470058	0.3995936781274063	0.25034576652558804
0.3489479442878878	0.3985181624533146	0.25253389325879777
0.34891580255693855	0.4001267864974086	0.25095741094565294
0.34877736815051247	0.39954367844056926	0.2516789534089184
0.34955485355101185	0.40037926836065235	0.2500658780883359
0.3501899605435082	0.3989178784962154	0.2508921609602765
0.35040345616338775	0.39910861503729966	0.2504879287993127
0.3487406647228819	0.3992764819254859	0.2519828533516323
0.34909499259271315	0.40008364142661057	0.25082136598067645
0.34958909641723496	0.3996357292148959	0.2507751743678693
0.34912825895315247	0.3996709600126838	0.25120078103416377
0.3497826929060625	0.40054039393464846	0.24967691315928914
0.3492204201860092	0.39890118595982593	0.251878393854165
0.3490458522998452	0.3987866919944617	0.2521674557056932
0.3489969826644607	0.3989779452048013	0.2520250721307381
0.34948596990552605	0.3990775172109145	0.2514365128835595
0.3501832719586763	0.3992372642004999	0.25057946384082386
0.34943950249258265	0.39994754880829503	0.25061294869912243
0.3495466708061396	0.39880671312778804	0.25164661606607247
0.35030219934562973	0.3997583157992081	0.24993948485516226
0.34993929705369453	0.4000239751028453	0.25003672784346026
0.34899170394406676	0.39879433973228384	0.25221395632364957
0.3494555201889288	0.3995167962868442	0.2510276835242271
0.3495537794781468	0.3992616781812068	0.2511845423406465
0.3502349600213719	0.39931942696988604	0.2504456130087422
0.34987627715355574	0.3994514228126103	0.25067230003383406
0.3499102915560361	0.4005036217309257	0.24958608671303834
0.34969976541580494	0.4003465751381466	0.24995365944604858
0.3490493302399771	0.39991690110964306	0.25103376865037996
0.348912613841952	0.39851745681031725	0.2525699293477309
0.3496736591803362	0.39925016255215784	0.2510761782675061
0.34975685114175054	0.40014463048722365	0.2500985183710259
0.34878618520416427	0.4001569449584773	0.25105686983735853
0.3490820888967424	0.39956076428715315	0.25135714681610455
0.34954176658124275	0.3989596255426509	0.25149860787610645
0.3499415519165626	0.39876610051764305	0.2512923475657945
0.3492906080529785	0.39879342011128394	0.2519159718357377
0.349729403029514	0.3987743909160336	0.2514962060544525
0.3489764849489865	0.40013124457046745	0.2508922704805462
0.3501640652782419	0.39980068811036923	0.250035246611389
0.35004889253446964	0.40001307204112657	0.2499380354244039
0.35026724227451017	0.399532994138618	0.25019976358687196
0.3502270279051708	0.40022435331974143	0.24954861877508788
0.34930828924532914	0.3990057131523393	0.2516859976023317
0.3489781796282332	0.39893142452064567	0.2520903958511213
0.34931636781948133	0.400463729935076	0.25021990224544277
0.3495649954922381	0.3994307421929623	0.2510042623147998
0.35009376531558345	0.39979451016717193	0.2501117245172447
0.34984324529550287	0.3992119583656698	0.2509447963388274
0.34965521920450143	0.3997117618585597	0.2506330189369389
0.3491472785569078	0.3999871984307126	0.25086552301237963
0.350359654118778	0.399439094179196	0.2502012517020261
0.3490804263802578	0.40022795603749706	0.2506916175822453
0.3497638549096892	0.40024661733394185	0.24998952775636907
0.3500389370103242	0.4002689268751735	0.24969213611450242
0.35021544667036236	0.3990132797759998	0.25077127355363793
0.34958254624483864	0.3999179911767413	0.2504994625784201
0.3494727509081381	0.399603904253235	0.250923344838627
0.35002936180731303	0.3990432870770093	0.25092735111567777
0.3499216930719891	0.39860441234491695	0.251473894583094
0.3495249065233191	0.3988787159684424	0.2515963775082387
0.3488811332916304	0.3986088904153158	0.25250997629305394
0.3494272992050743	0.3994522353416835	0.2511204654532423
0.34904621480366993	0.4003536029306263	0.2506001822657039
0.3500424126933968	0.3985948718749378	0.2513627154316655
0.34887555343754606	0.399975470252779	0.251148976309675
0.34903830644449946	0.39880957091744035	0.2521521226380603
0.3502221699589928	0.3985247462882305	0.25125308375277683
0.3494042934246414	0.40035338168531254	0.25024232489004616
0.34888629573327606	0.4000869361579214	0.25102676810880264
0.34969792679219086	0.39906346774829415	0.2512386054595151
0.3496387540686914	0.39954601388410443	0.2508152320472043
0.3491903375224657	0.4003904362335368	0.2504192262439976
0.34889179587061847	0.3997543676190012	0.2513538365103804
0.34954973745269236	0.3993004705009833	0.25114979204632454
0.3497094116751696	0.40042027498437965	0.24987031334045084
0.35009709382699916	0.400285106618643	0.24961779955435792
0.34883024351790615	0.4001722571985559	0.25099749928353804
0.34908097880071054	0.3993612686099891	0.25155775258930047
0.34932160844342447	0.3986839859113108	0.2519944056452648
0.34974930103436586	0.4003349003883642	0.24991579857727006
0.35008197170538485	0.3987350901537361	0.25118293814087916
0.34983869731626666	0.39978290119771326	0.2503784014860202
0.3503210413940807	0.3985313840256036	0.25114757458031584
0.3495649575891316	0.3993168637609353	0.25111817864993324
0.3488090470492591	0.3988106530395569	0.25238029991118416
0.350216472991241	0.3994277510832521	0.25035577592550706
0.3487838586556302	0.39984133844597175	0.2513748028983982
0.3501629189568934	0.3985607892923829	0.2512762917507238
0.3499946487026204	0.4000580293053433	0.2499473219920364
0.35008565050890406	0.39862044740009633	0.2512939020909998
0.35016361781675304	0.39950371131784146	0.25033267086540567
0.3499950217693701	0.39920267826267863	0.2508022999679514
0.348919745013839	0.4004681198031955	0.2506121351829656
0.3500317248399876	0.39853396887135717	0.2514343062886553
0.35024472325704364	0.39905897345680497	0.25069630328615145
0.3500049128710966	0.39999180369519355	0.25000328343371
0.3488256605208331	0.3992050405708785	0.2519692989082885
0.35020165029116895	0.4003044477130786	0.24949390199575255
0.34926037802824916	0.3990103902104973	0.2517292317612536
0.34982053648302647	0.40015354170368755	0.2500259218132861
0.3495878618743207	0.400598291964466	0.24981384616121333
0.34946894682632523	0.3991525256856492	0.2513785274880257
0.35020061777779266	0.3995117473267873	0.25028763489542016
0.34936306895717356	0.39913198118288673	0.2515049498599398
0.34963801322583543	0.39887315576414695	0.25148883101001773
0.3502130084412131	0.4002368850777324	0.24955010648105458
0.3501671044579789	0.4000355050938029	0.2497973904482183
0.34892295549187513	0.39994130223053215	0.25113574227759283
0.34917879391257034	0.39942383959332584	0.25139736649410394
0.34947455735069455	0.39927791180759337	0.25124753084171214
0.3498670186777393	0.3996110977560434	0.2505218835662174
0.3489858274431709	0.39992191363054796	0.2510922589262812
0.34993316392517143	0.399447428184062	0.25061940789076675
0.350301073303711	0.3996764049831202	0.25002252171316885
0.3492306338480889	0.39945584683321655	0.2513135193186947
0.34937040052148294	0.40030079000388213	0.250328809474635
0.34973916608241107	0.39999066889654716	0.2502701650210418
0.3496153128711657	0.39939919906210797	0.2509854880667265
0.35035943068593856	0.3992483559278543	0.25039221338620726
0.35012440150726887	0.3994372665321565	0.25043833196057474
0.35013106475549577	0.3999894800550011	0.24987945518950322
0.34983569064503806	0.3992712566439523	0.25089305271100976
0.3501574336038093	0.40021819351923793	0.24962437287695294
0.3495012139851776	0.39965647844839275	0.2508423075664298
0.34876719664508743	0.3999770545012595	0.2512557488536532
0.3503387073411961	0.39952445344869747	0.25013683921010654
0.34893816251008714	0.3998404008686448	0.25122143662126817
0.34938363499528435	0.39937551728350007	0.2512408477212157
0.34881731360482693	0.4002111552105722	0.250971531184601
0.3496436901818029	0.39982796160414447	0.25052834821405273
0.3488770937061953	0.39924948669407595	0.25187341959972886
0.34979123428206227	0.3999486422643219	0.2502601234536159
0.34901140887138243	0.4004502042587835	0.2505383868698341
0.34909671819984794	0.39950278379384874	0.2514004980063034
0.3501048043315541	0.3996018318678597	0.2502933638005863
0.34947733479772436	0.3999407366764994	0.2505819285257764
0.3498983503758933	0.39990423276208675	0.2501974168620201
0.3488291141972143	0.39972455917692806	0.2514463266258578
0.3492588661249796	0.400421773254562	0.2503193606204585
0.34901095923356296	0.39978037237266895	0.2512086683937682
0.3495035619643648	0.40043092042431394	0.2500655176113214
0.35029250164798803	0.4000931330077161	0.24961436534429599
0.34959116863182793	0.399458099705703	0.2509507316624692
0.3500876981085316	0.39989380661566537	0.2500184952758031
0.34874604519778474	0.4002243862686379	0.2510295685335775
0.34951279744526875	0.3992144323575222	0.25127277019720917
0.35021951222933034	0.39877579591599244	0.2510046918546773
0.3503338654797421	0.39907783757665916	0.25058829694359885
0.3495028221593918	0.40001296126594155	0.2504842165746668
0.3488336739619281	0.4001622682088499	0.2510040578292221
0.3499595664072786	0.39899208472979153	0.25104834886293
0.34931283979973166	0.40058697535358295	0.2501001848466855
0.349580442516567	0.3986186935564868	0.25180086392694634
0.35002352210352505	0.3991433173903074	0.25083316050616766
0.3490448111404724	0.39898092892881265	0.25197425993071504
0.3494599671128355	0.39949097992401394	0.25104905296315067
0.3493998959942166	0.39991080273387614	0.25068930127190736
0.35004221527601365	0.3995356055902879	0.2504221791336985
0.34888391841019784	0.39971739945359963	0.25139868213620264
0.3498933806469606	0.39904766384263535	0.25105895551040414
0.3488438438437117	0.39953256758929656	0.25162358856699185
0.349981797576718	0.3994652185851911	0.25055298383809105
0.3499308469706135	0.3998567021868073	0.25021245084257926
0.34933988126149484	0.3992992900208415	0.25136082871766374
0.3496114658403412	0.4003732124706682	0.25001532168899065
0.34991801655946714	0.39854887788877913	0.25153310555175384
0.3498931094784362	0.39928084187536084	0.25082604864620306
0.3499711743108393	0.3991423416498977	0.25088648403926306
0.3495706750833505	0.39892586403260777	0.25150346088404185
0.34885535256903	0.3997192157568756	0.2514254316740946
0.35031113154503557	0.3989037097334568	0.25078515872150775
0.350257675082944	0.3985879517144934	0.25115437320256273
0.35003758014717934	0.4000280678564836	0.24993435199633718
0.3489764199611001	0.3999350120475079	0.2510885679913921
0.3503897996314745	0.4000242945535527	0.24958590581497286
0.3503108252695506	0.3992814974616336	0.2504076772688159
0.3500506307173802	0.39924171976847245	0.2507076495141475
0.34889214951861847	0.3989380366910197	0.25216981379036196
0.34915889158175845	0.39891485922114767	0.25192624919709405
0.3496866791500366	0.3998822671917444	0.2504310536582191
0.34943897859846035	0.39860219167468464	0.2519588297268551
0.349993713899425	0.40001275453644	0.24999353156413512
0.34902224174404317	0.40060219578560025	0.25037556247035664
0.3503297759637671	0.39912005359262903	0.250550170443604
0.3502356219409731	0.40026472852225237	0.24949964953677473
0.35000072709742763	0.3997123904033814	0.250286882499191
0.3493270838103218	0.40038300475038124	0.250289911439297
0.34922035576038046	0.40011461553046274	0.25066502870915697
0.3492510705263746	0.39870086258298965	0.25204806689063586
0.34963087258826275	0.3987515049962099	0.25161762241552743
0.3487410563432799	0.3987593047099677	0.25249963894675254
0.34980838251973556	0.40060982341135215	0.24958179406891237
0.348768567078197	0.4003595887290139	0.2508718441927893
0.35028954384731165	0.39892682521386347	0.250783630938825
0.3492763194055652	0.39983981007301383	0.2508838705214211
0.3496162705575634	0.398537020515406	0.2518467089270307
0.35035525364957604	0.3985709239635462	0.2510738223868779
0.34985910139711807	0.3995339046602725	0.25060699394260955
0.3488684647066536	0.399861211044346	0.2512703242490004
0.348842520094765	0.3987640218678321	0.252393458037403
0.34884444124874286	0.4005127112853782	0.25064284746587906
0.34957887383342756	0.39870403275022914	0.2517170934163434
0.3501164372042291	0.39956551424903697	0.250318048546734
0.3492975627343183	0.3994769424217689	0.251225494843913
0.3498991907664076	0.3991195970214519	0.25098121221214065
0.3501459892485894	0.39880035042274814	0.25105366032866255
0.34944109984752936	0.39930938163487006	0.25124951851760063
0.350346531903489	0.40011140907211445	0.24954205902439663
0.3494335512205119	0.39901747291680223	0.25154897586268604
0.3501130908579481	0.3989067968689011	0.25098011227315087
0.34991612211586964	0.4004071175585501	0.24967676032558045
0.3490156909577376	0.40040788455481613	0.2505764244874464
0.3488115191666643	0.400157885144142	0.25103059568919384
0.3497267089151679	0.40027492303161305	0.2499983680532192
0.3499747800667227	0.39975541280001003	0.2502698071332674
0.34920426294075924	0.4001433896075277	0.25065234745171316
0.3495124946224261	0.39963041441544356	0.25085709096213044
0.3498261387854953	0.3998143500303686	0.25035951118413624
0.34896772103545043	0.39905268903703195	0.25197958992751773
0.3496880471597174	0.40058351013898674	0.249728442701296
0.34895069392690053	0.39851053552304594	0.25253877055005364
0.3490875716765015	0.3995854036227203	0.2513270247007783
0.35010314942827214	0.3993337197386432	0.25056313083308474
0.34898028359315514	0.39937074701144815	0.25164896939539677
0.34951193930612084	0.39942223298237756	0.2510658277115017
0.34991451246223443	0.4001708366348752	0.24991465090289056
0.35008245250359327	0.39865437057217035	0.2512631769242365
0.3496610402399407	0.39883403516028587	0.25150492459977347
0.3501328513252873	0.39888709495228253	0.2509800537224302
0.34911402516416534	0.40013065313150853	0.25075532170432624
0.34999036014492246	0.3986490899146979	0.25136054994037976
0.3494133407043014	0.4004263823275112	0.2501602769681875
0.3496567063738473	0.40031525329206313	0.25002804033408965
0.350115503896119	0.3992878270418604	0.2505966690620207
0.3489623595639613	0.40060037172240126	0.2504372687136375
0.34879130190626073	0.3995741141002199	0.25163458399351946
0.3503880055155876	0.399511548149902	0.25010044633451056
0.34886809147909337	0.4005315642888948	0.2506003442320119
0.349789145087659	0.3988506990787671	0.25136015583357396
0.34892915657605467	0.4002694270329902	0.25080141639095527
0.3501279122074406	0.4000952668337008	0.2497768209588587
0.34970907187074657	0.39912411354152055	0.251166814587733
0.34974679854411317	0.3996880568404454	0.2505651446154415
0.34883929668747915	0.39870912387898394	0.252451579433537
0.3498149942973513	0.39950666841797755	0.25067833728467126
0.3500863526688146	0.3986137514984034	0.25129989583278206
0.3494558444610119	0.39866161612059997	0.25188253941838823
0.3487767557436383	0.4005450412139662	0.2506782030423955
0.3492713504688857	0.3988715433733113	0.2518571061578031
0.349389447719819	0.4001691110315564	0.2504414412486247
0.34931709101674197	0.40007143104731624	0.25061147793594196
0.3492437895091939	0.40025896061923105	0.2504972498715751
0.3503905332495648	0.3986721058673672	0.2509373608830681
0.34891414419378186	0.40028797835211777	0.2507978774541005
0.34970694839638117	0.40029194251984973	0.2500011090837692
0.3503675870503185	0.3994779043673923	0.2501545085822893
0.3502158426212591	0.3996142870677887	0.2501698703109523
0.349674844948315	0.400308995395851	0.2500161596558341
0.3495637458982119	0.3994732530557934	0.2509630010459948
0.3489728365065311	0.3994862511406649	0.2515409123528041
0.3496914375943314	0.3991419689995611	0.2511665934061076
0.34887053704087145	0.40014090555385284	0.2509885574052758
0.3496822809887969	0.3996865211868062	0.250631197824397
0.3497889841723027	0.40048226578366775	0.24972875004402967
0.3499173569745448	0.3986812569624619	0.2514013860629934
0.34930105638379805	0.39952750549390587	0.2511714381222962
0.34917000824797023	0.39887207281377574	0.2519579189382541
0.3487903384595942	0.3992113147672388	0.2519983467731671
0.34932073052191537	0.39893255983332976	0.25174670964475493
0.3503694546652675	0.40012928395340863	0.249501261381324
0.35016677612531477	0.39887947785237987	0.25095374602230547
0.34929692057829637	0.4005680695146753	0.2501350099070285
0.35012963109522643	0.3991363739014474	0.2507339950033262
0.34987163855052905	0.39861125366260064	0.2515171077868704
0.34875551201408284	0.4004229157259641	0.25082157225995316
0.3499929626970222	0.39862951221388265	0.2513775250890953
0.349947685485422	0.4004438419213232	0.24960847259325492
0.3494435703159089	0.3985004150445068	0.25205601463958444
0.35039070204020606	0.39877469897334344	0.2508345989864506
0.3500702761805629	0.40043509629393725	0.24949462752549995
0.3499372167804012	0.3990890504005472	0.2509737328190518
0.3489255360417006	0.39917148556910353	0.2519029783891959
0.34997844220557817	0.39925162381804224	0.2507699339763797
0.3493895068556857	0.3995384205654343	0.25107207257888003
0.349684987784443	0.3997226876159748	0.25059232459958236
0.3502008481891086	0.3990314526709535	0.25076769913993796
0.3492259416678571	0.40009236874738957	0.25068168958475345
0.3499101491283984	0.398686371568587	0.25140347930301477
0.34919827875191345	0.3999269107035453	0.25087481054454136
0.3492151716976225	0.4004793959813887	0.2503054323209889
0.3495760597581142	0.3996838286820577	0.2507401115598282
0.3489074629240859	0.39929234764728533	0.25180018942862886
0.34964394345855393	0.3991942279391711	0.2511618286022751
0.34965456085074276	0.3994596463641166	0.2508857927851407
0.34908963563506934	0.3996076920978842	0.25130267226704656
0.34900067386479505	0.39963850750192453	0.2513608186332805
0.35018135314852633	0.39903999105275356	0.2507786557987203
0.34967690997315226	0.3988199705783679	0.25150311944848
0.34957012006041843	0.39931320332015147	0.2511166766194302
0.3501993323395045	0.39904768114726896	0.25075298651322664
0.3500015041839362	0.40000604315083893	0.24999245266522493
0.34924304176654164	0.4002378722427307	0.2505190859907278
0.3490792336107271	0.4004748043530475	0.2504459620362255
0.3498603029342558	0.39873602987868967	0.25140366718705465
0.3487992418735771	0.39919187899191555	0.2520088791345074
0.3499496377371476	0.3997338671556441	0.25031649510720844
0.3489716840689884	0.39988393480706663	0.25114438112394516
0.3498167279135844	0.4003523527145334	0.2498309193718823
0.350083831714135	0.4001968322359204	0.24971933604994473
0.3489386174077105	0.3994581748492961	0.25160320774299355
0.34943205732902044	0.40020706976397913	0.2503608729070005
0.3503079499783366	0.3985544577753156	0.2511375922463479
0.34999531588889815	0.39959097360440543	0.25041371050669653
0.3487978574808768	0.39894275135861296	0.2522593911605103
0.3488202654257756	0.39926182950788314	0.2519179050663414
0.34884697937280773	0.39936483489475116	0.2517881857324412
0.34970972862299154	0.39980787008529606	0.2504824012917125
0.3502330551247593	0.3995985864602293	0.25016835841501156
0.3499722127981697	0.39992716837829984	0.2501006188235306
0.35000013088142773	0.39969403435657946	0.25030583476199286
0.35015213977087983	0.399561254854986	0.2502866053741343
0.3488629299063507	0.4003490083516667	0.2507880617419827
0.3499829541011744	0.4001343689911085	0.2498826769077172
0.34885259989808876	0.39997376983890964	0.2511736302630017
0.3491772530090325	0.39966319914228354	0.25115954784868405
0.3491805833010003	0.4004017380664865	0.25041767863251335
0.34978281601395145	0.3987026058558723	0.25151457813017636
0.34958593661307114	0.3993453925280627	0.2510686708588662
0.3499736331401007	0.3994500502581815	0.2505763166017179
0.3497268673634076	0.39970245915463654	0.250570673481956
0.35011544674103967	0.39952889568223504	0.2503556575767254
0.34983568287488687	0.400122979749386	0.25004133737572726
0.34921678599650124	0.398740762169552	0.2520424518339469
0.3503797648749287	0.3998585863610172	0.24976164876405424
0.34986303662989954	0.40011813659924583	0.2500188267708547
0.3490136756279747	0.39936836870143316	0.2516179556705922
0.34982229834391043	0.40041445822244526	0.24976324343364445
0.3496851898822856	0.4001502814510407	0.2501645286666738
0.35010960523577633	0.39894477149171614	0.2509456232725077
0.3489050454112171	0.3997858237364519	0.25130913085233114
0.3489391343810803	0.39866451736161157	0.25239634825730817
0.3503573341197551	0.3993871639774896	0.2502555019027554
0.34899408359651496	0.3991112171215931	0.2518946992818921
0.350035955371316	0.399492958371931	0.2504710862567532
0.34985358180538423	0.4000042325944645	0.2501421856001514
0.34920190308744414	0.3988148587059343	0.25198323820662166
0.3487784927411683	0.4005100057521832	0.25071150150664867
0.3487402247001223	0.39971927120058015	0.25154050409929773
0.34947456565004614	0.3997148511910295	0.25081058315892446
0.34886690791403474	0.39898849263965364	0.25214459944631173
0.34992641334612656	0.399264487950183	0.2508090987036906
0.3492149012486679	0.3992952160571761	0.25148988269415606
0.35000921286884334	0.39904465043230386	0.25094613669885285
0.34903268375826896	0.3985112995749509	0.2524560166667802
0.3495152535658796	0.3985041084235616	0.2519806380105589
0.3492048146053396	0.4005147266181722	0.2502804587764883
0.3496599668337091	0.3987424215025659	0.25159761166372513
0.3495638980956846	0.399932918813611	0.2505031830907045
0.34943349354447867	0.3988696392955713	0.25169686715995016
0.3498332422194796	0.39956059832170515	0.25060615945881537
0.3503509674610785	0.40007146300740853	0.24957756953151303
0.34880089718992996	0.39858299453291296	0.2526161082771572
0.3495097681951143	0.39893456327235466	0.25155566853253114
0.349150547996977	0.39910383346367606	0.25174561853934707
0.3495621408703289	0.39951793684464965	0.2509199222850216
0.34922192381432593	0.39921163042837776	0.25156644575729636
0.3497986651752218	0.39979037326629013	0.2504109615584882
0.34949500165915864	0.4000859880774884	0.250419010263353
0.3493193822152411	0.3996087732484125	0.2510718445363465
0.3493960435387141	0.39968522647837784	0.25091872998290815
0.3489179860971695	0.3990971229897847	0.2519848909130459
0.34898255628010233	0.39893056357993795	0.25208688013995983
0.3487412180845551	0.40039949126572516	0.25085929064971985
0.3500237784148638	0.39919730809808773	0.25077891348704856
0.3491880233147273	0.3998622567724212	0.25094971991285164
0.3499166667388238	0.40056248459642013	0.24952084866475616
0.34970997058863046	0.39904086571782194	0.2512491636935477
0.35035355801940476	0.398737270552779	0.2509091714278163
0.3494497932519876	0.40063613713441215	0.2499140696136004
0.3503738599375297	0.39969959810782185	0.24992654195464858
0.34987821789269785	0.39865446587233694	0.2514673162349653
0.35005041690405564	0.39893237368673073	0.25101720940921374
0.34873692385953226	0.3985293529922792	0.25273372314818865
0.34960396899670526	0.40021628615061977	0.2501797448526751
0.35010388551053373	0.3991742272501499	0.2507218872393165
0.35001233315699665	0.39907093541284294	0.2509167314301605
0.34898534655302366	0.400069897453319	0.2509447559936574
0.3490341491555003	0.3990078948024979	0.25195795604200194
0.3499364517883966	0.40006724476524813	0.2499963034463554
0.3498569419626468	0.3998815408904357	0.25026151714691763
0.3498355742869933	0.3998260563121592	0.25033836940084764
0.3502264194478824	0.39881969001464773	0.25095389053747
0.34990314253232696	0.3985486919082648	0.2515481655594083
0.34941917690194724	0.400106834986157	0.2504739881118959
0.34954643290575366	0.39919184546397196	0.2512617216302745
0.3499895834964653	0.3990390583944806	0.2509713581090542
0.3491510266521855	0.39876421408621965	0.2520847592615949
0.34935785315588236	0.40025035961471056	0.25039178722940725
0.3502911006966842	0.39876170640946274	0.2509471928938532
0.34946317885828404	0.39948899942798566	0.2510478217137304
0.3493754544957279	0.399527103072822	0.25109744243145027
0.34887094987738565	0.4003488501015947	0.25078020002101975
0.34938948471950637	0.39954010935831863	0.2510704059221751
0.3493980436338293	0.4004250797881228	0.250176876578048
0.3492233209428202	0.4006289885049854	0.25014769055219443
0.349294108207011	0.3988901871833399	0.25181570460964925
0.3496815408096453	0.40043735023141047	0.24988110895894428
0.3494779086261588	0.4002960950155678	0.25022599635827353
0.3503448070752984	0.3986371602724149	0.2510180326522868
0.3494623531865553	0.3996046833723964	0.25093296344104843
0.3501605961224149	0.39941788961634767	0.25042151426123754
0.3495443399868586	0.400576249787557	0.2498794102255845
0.34930774594556446	0.3992309423784804	0.2514613116759553
0.35026830904972994	0.39929438625795893	0.25043730469231124
0.34936340787864223	0.3997134852286005	0.25092310689275743
0.34994593939846164	0.40048153059662517	0.24957253000491328
0.3490618801359936	0.3985679719035672	0.25237014796043933
0.34940005625733084	0.40010873181807216	0.2504912119245971
0.34955132147732826	0.3995385440551342	0.2509101344675376
0.3498943726098013	0.4002266633735684	0.24987896401663046
0.35012268754628667	0.39908263527507887	0.2507946771786346
0.3494230623446571	0.399920653274591	0.25065628438075205
0.349799806320572	0.40027085841006843	0.24992933526935965
0.3493840195861303	0.39871708159580344	0.2518988988180664
0.34941427206438247	0.39990208107530567	0.250683646860312
0.3501171776059495	0.39990107101348604	0.24998175138056458
0.3496382148704989	0.39962439108206055	0.25073739404744066
0.34950931096390775	0.3990174978212737	0.25147319121481865
0.34903410413367225	0.39969272795580024	0.2512731679105277
0.34927085607162006	0.39991442623073314	0.2508147176976469
0.349483352268329	0.40011531063689165	0.25040133709477946
0.3502251043240995	0.39852041881942063	0.25125447685648
0.3495966996092591	0.3986558136022854	0.2517474867884556
0.35034551055478524	0.3986872937640049	0.25096719568120995
0.35040085487678874	0.3988138616368863	0.25078528348632506
0.3502971853012088	0.3988941262979111	0.2508086884008802
0.34931166117451484	0.3986296188619378	0.25205871996354745
0.3495375294411838	0.39855571920571775	0.25190675135309853
0.349798192780485	0.3993102738411164	0.2508915333783987
0.3492761242486853	0.39879543007641755	0.25192844567489725
0.3500690295947705	0.3996884812919956	0.25024248911323405
0.34959776349648053	0.4002590596193596	0.25014317688416
0.34936001462705324	0.3992981758333157	0.25134180953963114
0.3500819155717071	0.3999736399906534	0.24994444443763963
0.3488284729881811	0.3997918487000793	0.25137967831173974
0.3489312592746074	0.39862134641507313	0.2524473943103196
0.3494655653701718	0.40019333896107423	0.25034109566875407
0.34929071032362713	0.3986068315414962	0.25210245813487686
0.3489432349206219	0.39891138453626523	0.252145380543113
0.34895996421904624	0.3989010929422542	0.2521389428386997
0.349601197103423	0.4002887073824811	0.25011009551409596
0.34898612236099846	0.40016064868792056	0.2508532289510811
0.34954852551583987	0.39959065720889525	0.250860817275265
0.34883813675959735	0.4002360576025863	0.2509258056378164
0.34911414575228233	0.40001365243650516	0.2508722018112126
0.3502929952570883	0.3994120882516662	0.25029491649124563
0.3493649420492764	0.39867421877107306	0.2519608391796507
0.34953620425631415	0.3990093061023673	0.25145448964131867
0.34957515568917513	0.4002793890178831	0.25014545529294185
0.34947870009029974	0.3999162484946496	0.25060505141505085
0.35018434104804297	0.4000871657065797	0.24972849324537744
0.34924127780176856	0.39996264255235436	0.25079607964587725
0.3500062435087012	0.39942846834312984	0.25056528814816903
0.3501014989615525	0.399615102395187	0.2502833986432606
0.34987107956539065	0.3999430860626315	0.25018583437197794
0.3499576341303253	0.40011293871165765	0.24992942715801714
0.34983151294123643	0.39851421488435745	0.2516542721744062
0.3487724128475102	0.39965890116119174	0.2515686859912981
0.34997810017200925	0.4001490532840365	0.24987284654395434
0.3494915430607236	0.39907102472624034	0.25143743221303616
0.34963874940680606	0.4000156596936685	0.25034559089952557
0.35022224030071236	0.399051092748225	0.25072666695106277
0.3488422433155471	0.3986234696290736	0.25253428705537945
0.34970895369897986	0.3998440475580334	0.2504469987429868
0.3500643195516814	0.3995101634808055	0.25042551696751325
0.3489653396974561	0.39909617572356293	0.2519384845789811
0.34930334326161794	0.3993897291462979	0.2513069275920843
0.3495367865429069	0.39913553151451653	0.2513276819425767
0.35027159623625204	0.39859953116092073	0.2511288726028274
0.3499492740629877	0.39964373469516645	0.250406991241846
0.35009552524205984	0.39872679290659196	0.25117768185134837
0.3497261696723109	0.400221248534157	0.2500525817935322
0.3499697881288849	0.39909694236831694	0.25093326950279826
0.3498633230646524	0.39943864476279517	0.2506980321725525
0.35037780507724475	0.3997574813447966	0.24986471357795878
0.3495867377189134	0.40059641643371147	0.2498168458473752
0.3501112522342669	0.39921614406940786	0.2506726036963253
0.34881585093673495	0.3995096925020204	0.2516744565612447
0.35004114659723384	0.4003667791794047	0.24959207422336155
0.3499979752350305	0.3992855336836648	0.2507164910813048
0.34986183642664404	0.40046494847503983	0.24967321509831625
0.34892241498580984	0.3992714424166135	0.25180614259757683
0.35028252411578353	0.39854752246651837	0.2511699534176982
0.34926880862317544	0.3996014186902791	0.2511297726865455
0.34949524492953127	0.40019501075887576	0.2503097443115931
0.348917915270553	0.39879497058224944	0.2522871141471977
0.3500209378358773	0.39977933391350967	0.25019972825061315
0.3498745452543679	0.40058668956116245	0.24953876518446974
0.349468877112215	0.3985945342662246	0.2519365886215605
0.34915393457713206	0.39961160030530973	0.25123446511755837
0.34934599978851877	0.3989593674555619	0.25169463275591947
0.3498253983987194	0.3987875117866091	0.2513870898146716
0.34878330301441884	0.39875573531251607	0.25246096167306525
0.34922539077161135	0.4005048386629406	0.25026977056544814
0.35036090347372595	0.40005166767227707	0.2495874288539971
0.35023117145298666	0.39983992793534284	0.24992890061167056
0.34954801603340513	0.40013506267856797	0.25031692128802696
0.3496286579008697	0.39907329284030835	0.25129804925882204
0.3501436462103458	0.39974507312983654	0.25011128065981775
0.3493098666351804	0.4003441578078155	0.2503459755570042
0.35034448538165025	0.3993854833539869	0.250270031264363
0.3493449606706703	0.40051861595375227	0.2501364233755775
0.34913846974468504	0.3999673090111733	0.2508942212441418
0.349650732834634	0.39938093795780716	0.2509683292075589
0.349991009250466	0.39911178142120884	0.25089720932832527
0.34881936116140794	0.3999089032073586	0.25127173563123356
0.3499091126086503	0.39994330776923903	0.25014757962211076
0.348763386991922	0.39941838231437493	0.2518182306937031
0.34969743842059314	0.4003920680109221	0.24991049356848488
0.3496474440579872	0.39850050677052373	0.2518520491714892
0.3488774167580658	0.40007077017556786	0.2510518130663665
0.34939195501364195	0.39926543368046397	0.2513426113058942
0.3494900078426379	0.4006313573352805	0.24987863482208172
0.3493283142813399	0.3992177151502703	0.2514539705683899
0.3491363667333	0.3986073012103171	0.252256332056383
0.3503891457700361	0.3994617033009526	0.25014915092901135
0.34940724495628883	0.3991392780001198	0.25145347704359156
0.3497207576645124	0.3993852131157111	0.2508940292197766
0.34875099618893596	0.39978459197980737	0.2514644118312568
0.34994268129911743	0.400507371079323	0.24954994762155974
0.34982969423550236	0.40037747134893176	0.249792834415566
0.34995613033972317	0.3990296129331017	0.25101425672717526
0.35003274186344496	0.3989471490162568	0.2510201091202984
0.349136437325296	0.4003696482684277	0.25049391440627644
0.3501518104288939	0.3986908307051894	0.25115735886591684
0.3495993858532975	0.4004122444350638	0.24998836971163885
0.35007247465531965	0.4003414146490051	0.24958611069567538
0.3490326246708877	0.4005820111498178	0.25038536417929463
0.3499217645424371	0.39978096758670695	0.250297267870856
0.3491509622016359	0.4001043652476417	0.2507446725507225
0.34962388715217296	0.40007857077847575	0.25029754206935134
0.3495406403716242	0.39893845804329	0.25152090158508594
0.3501507944897314	0.39935138614020615	0.25049781937006255
0.34887032615313424	0.39848604447915903	0.2526436293677069
