0.24145764171357387	0.20684744438017544	0.10374509487015489	0.27569393271799536	0.17225588631810015
0.24142678552243468	0.20666960313684785	0.10381561234932471	0.275623546598944	0.17246445239244854
0.24113680240895569	0.20718100142612889	0.10346218458096551	0.2757969269770474	0.17242308460690234
0.2413978610270488	0.20649359332204184	0.10346653475292468	0.27616585853309916	0.17247615236488525
0.24112548340861398	0.20727779272103392	0.10332589231928122	0.27593194979038776	0.17233888176068288
0.24117367918874674	0.20716160891540902	0.10334748192210536	0.27575553441740874	0.17256169555632986
0.24127314284034823	0.20710801074413668	0.10357967255477077	0.27567893444356506	0.17236023941717896
0.2411186942391673	0.20654394366204018	0.10357845716083926	0.27616853130984875	0.17259037362810425
0.2414846163872738	0.2069331147772147	0.10365840801248087	0.27559050290964077	0.1723333579133896
0.24147594113791357	0.20654469464304684	0.10346535898155766	0.27600982721967005	0.17250417801781162
0.24127539078569601	0.20659638290936308	0.10374682220131085	0.27597606489448834	0.17240533920914147
0.24140238526227797	0.20695897549911127	0.10349287769096895	0.2757116192800412	0.1724341422676004
0.24118826290412687	0.20663113323099777	0.10367667776129467	0.27613722049633016	0.17236670560725026
0.24151408747529896	0.20655551371204547	0.10335887310593542	0.27610032489028646	0.1724712008164334
0.24126702104101244	0.2068947902566627	0.1036601875968158	0.27587326363038345	0.17230473747512542
0.2414469071554772	0.2067323219673464	0.1037044992822652	0.2756352015921273	0.17248107000278368
0.24145714070360086	0.20680521188685944	0.10369380867630973	0.27577061819872	0.17227322053450972
0.24135210664559792	0.20651458022341426	0.10353343534908989	0.27616625148280805	0.17243362629908968
0.24142542343538909	0.20704777765902677	0.10327493043456862	0.27571146529086843	0.1725404031801469
0.24129505598868756	0.20670220549081408	0.10340716911870364	0.2760971960187777	0.17249837338301682
0.24130245263250438	0.20686939140753102	0.10358680674769712	0.27588313836450945	0.17235821084775776
0.24129206214513246	0.20682839861733426	0.1032790311652268	0.2760730277509783	0.17252748032132792
0.24134403111405295	0.20711333763233275	0.10352954422419913	0.275638221777288	0.17237486525212695
0.24150674615164136	0.20678840169911863	0.10341524303199387	0.27605321024402185	0.172236398873224
0.24114878030193904	0.20706259904361246	0.10363124693148884	0.27565600294216036	0.17250137078079902
0.24118374919085533	0.2067585865676738	0.10376992396549152	0.27584482878743044	0.1724429114885487
0.2412504230694998	0.20692993648618943	0.10343983969285375	0.2758329425284223	0.17254685822303456
0.24148463070610454	0.20644448096356174	0.10359912571810793	0.2761185789895022	0.17235318362272334
0.24131411027508085	0.20726944657419064	0.10337294297475988	0.2756073366889954	0.17243616348697297
0.2411263510826533	0.20745104418386484	0.10355676067783173	0.2756332143754104	0.17223262968023947
0.2413700751001055	0.20679405685258528	0.10350782444664468	0.2760132043462779	0.1723148392543864
0.24133348745873826	0.2069293303155821	0.10366730592413241	0.27574927299282687	0.17232060330872012
0.24115366535395172	0.20704830111308814	0.10363236189671704	0.2758196375958121	0.1723460340404308
0.24114125937850642	0.2069542563004933	0.10372215027527593	0.2758482742818365	0.1723340597638876
0.24123814612843347	0.20671254704260916	0.10376774093938507	0.2758431124759241	0.17243845341364797
0.24152899399059446	0.20707407723249505	0.103374961505883	0.2756252231217902	0.172396744149237
0.24149885470654459	0.20670323982634678	0.10355711658809705	0.2758950234449874	0.1723457654340239
0.2413726895651494	0.20708317246291577	0.10357461837411852	0.275653987403272	0.17231553219454404
0.24148312327903562	0.2064730718856581	0.10357387307304053	0.2760550835820909	0.17241484818017458
0.24128715762033232	0.20703865479308028	0.10340435316704112	0.27568928568543855	0.1725805487341075
0.24152977921484162	0.20668850568311087	0.1034160051288935	0.27594738092505117	0.1724183290481026
0.24147841643425622	0.20692717252762863	0.10336026603060167	0.27564562812274485	0.1725885168847684
0.24137574482190938	0.20650517058707374	0.10373997714906007	0.27581553574613493	0.17256357169582162
0.2412003982410553	0.20695393511874297	0.10370258073215456	0.2758940186894605	0.17224906721858646
0.24113862152620572	0.2071676120909577	0.10342481916791409	0.2758988141117973	0.172370133103125
0.24134414916485034	0.20712869492631256	0.1036106228287243	0.27561910038627424	0.17229743269383832
0.24136345642070112	0.20675253798582113	0.10363220531365382	0.2757007076979605	0.17255109258186319
0.24132384359399384	0.20698304616081895	0.1036719499258271	0.27562250609815264	0.1723986542212072
0.24143085509354517	0.20656118542424756	0.10362070557225637	0.275946214567411	0.17244103934253963
0.24140826994487805	0.20662501577308254	0.10362234132774575	0.2758469297015388	0.1724974432527546
0.24117758611794235	0.20667494389573102	0.10377034342721815	0.2758211040420349	0.17255602251707336
0.2412160275859555	0.20709990474538428	0.10344909404094413	0.2757463784288866	0.17248859519882925
0.2414837909577446	0.20641983704287367	0.10367647432373679	0.2760044307529673	0.1724154669226773
0.24148150802929008	0.20637795806506654	0.10377342765079711	0.2758670870610267	0.17250001919381933
0.24147349749568398	0.20646822840818702	0.10362569336321825	0.27583866974964205	0.17259391098326848
0.2413111133229361	0.207100839457386	0.10346374827768667	0.27584002107770317	0.1722842778642878
0.2411416195554829	0.2071412651191875	0.10363367617404877	0.275813899994167	0.17226953915711352
0.24126283254574615	0.20678604311865034	0.10347600218022447	0.2758919919857116	0.17258313016966717
0.24134272321897696	0.20711621909128988	0.10340068558750695	0.275871369800721	0.17226900230150494
0.24150968449402005	0.20684530859083994	0.10372398388762818	0.2756455262992956	0.17227549672821602
0.24118671752643567	0.20693061214524472	0.10360861003495597	0.2759237290815734	0.17235033121178997
0.24122939014969624	0.20668998581993261	0.10360597056349641	0.2761575547282577	0.17231709873861678
0.2412825253419308	0.2069225559306566	0.10371894291461915	0.2756598890889237	0.17241608672386954
0.24148035170906726	0.2067085894985658	0.10345505518224363	0.2759523852747084	0.17240361833541468
0.24134325168111365	0.20683028976022588	0.10349497276330588	0.27592258562391503	0.1724089001714393
0.24134405736826098	0.2067356648344959	0.1036795120964297	0.2759237629092618	0.1723170027915514
0.2412943025812804	0.20741175586690436	0.1033723130347318	0.27564578577436427	0.1722758427427189
0.24123355671251973	0.20682209643278143	0.10379303951320644	0.27590647613476155	0.17224483120673065
0.24121417699240108	0.2068263577656871	0.10354048829718308	0.27615674378394306	0.17226223316078543
0.24141904813876242	0.20651721379327329	0.10351968788300964	0.2759852304284982	0.17255881975645626
0.24116839030282788	0.20658669529870832	0.10369020009880214	0.276041009089966	0.17251370520969544
0.24134893443229738	0.20642251405815343	0.10359987710967498	0.2761346129609512	0.17249406143892276
0.2411251815196457	0.20678111858632842	0.10368078379300272	0.2759625331409071	0.17245038296011583
0.24122216729936802	0.20706263487981066	0.10325455076026253	0.2759498967444757	0.17251075031608287
0.24126011921727472	0.20712437403822848	0.10360006650433046	0.2757069970180832	0.17230844322208289
0.24149785133226148	0.20705669502915922	0.10327435220376499	0.27574338975293067	0.17242771168188342
0.24114980095535887	0.20707157980201527	0.10373920544159443	0.2756617167675658	0.17237769703346537
0.24113294433233112	0.20733966773851484	0.10344896387992562	0.27559374373834905	0.17248468031087913
0.24151108545666555	0.20687144241980873	0.10362598413069442	0.2757572478164244	0.17223424017640662
0.2413271065258865	0.20660695132491066	0.10365365955788469	0.2761102745979074	0.1723020079934105
0.24148454797796254	0.20666771605469575	0.10365642192067188	0.2756272664743354	0.17256404757233415
0.24131107936016946	0.20750172833239172	0.10333337425963841	0.275601493226044	0.17225232482175618
0.24112850288554732	0.20687962289665623	0.10380630156623406	0.27576947198666446	0.1724161006648977
0.24116009122708715	0.20720307841062913	0.10345732032860447	0.2758382039009972	0.17234130613268178
0.24118042524592748	0.20748976943977465	0.10326384334637291	0.27579127389537683	0.1722746880725479
0.24125432472199487	0.20654797352601276	0.10374449509578132	0.2758791120996032	0.17257409455660763
0.241232358128023	0.20717301025697155	0.10341783466798202	0.27593782406704254	0.17223897287998066
0.24123603498558965	0.20669796965096873	0.10379761599487042	0.2759415281651837	0.17232685120338725
0.24122866215294836	0.20718598310056893	0.10345801786867465	0.27560709382361076	0.17252024305419705
0.24152453857812115	0.20653233015721206	0.10355126823954655	0.27615065941358524	0.17224120361153475
0.24124895521073997	0.20705374114214628	0.10351665509600796	0.27588423261725065	0.17229641593385486
0.2412071779290359	0.20732626801318607	0.10350552193747847	0.2757221993786802	0.17223883274161908
0.24145316155169338	0.2067588954615266	0.10345802465347799	0.2759141289565512	0.17241578937675053
0.24148016997866728	0.20643962064736018	0.10379021509146576	0.2757936188962279	0.17249637538627866
0.2412495045467281	0.2068847306773311	0.10342883619466746	0.2761419064100429	0.1722950221712302
0.24132907333791725	0.20694261154837712	0.10335684393266034	0.27611333279919315	0.1722581383818519
0.24116371176950277	0.20715752643080976	0.10328159467048374	0.27611330215959473	0.17228386496960874
0.24134765286881948	0.20700054036152837	0.1036169553180399	0.2757272109773397	0.17230764047427227
0.24129918560115748	0.20656092002960372	0.10352039359806635	0.2761554933436914	0.17246400742748083
0.2413737167656549	0.2066101507936647	0.10382165500495136	0.2757612426036016	0.17243323483212722
0.24148449951027745	0.20725551167473358	0.1032564844504668	0.27577203345524803	0.17223147090927382
0.24136561446317112	0.20713296058142683	0.10327058873615552	0.2758426796383559	0.17238815658089038
0.2414880639427286	0.20696658639862267	0.10327690692510584	0.27586437407523295	0.17240406865830968
0.24143322270349593	0.20665512228778077	0.10374482754122262	0.2757441829303291	0.17242264453717138
0.24138856927164967	0.2072251446236286	0.1033280303747616	0.2756941270859758	0.1723641286439841
0.24126837032269743	0.20651047559965524	0.10365948182013304	0.27611459094667545	0.1724470813108386
0.24123654129511618	0.20650852451920376	0.10376841770254094	0.2760917831622768	0.17239473332086208
0.24115492488941215	0.20708182519258156	0.1036571117520924	0.27574238061980866	0.172363757546105
0.2414048382000681	0.20649930028007732	0.10355296655045108	0.27611732138492356	0.17242557358447969
0.24117429451404798	0.20691756120258767	0.10370406944797786	0.2757639331048911	0.1724401417304951
0.24143140638342256	0.20696909658722992	0.10363037616304063	0.2757225774422949	0.17224654342401174
0.2413432856091455	0.2069763094925276	0.10357997456188212	0.27563080797049155	0.17246962236595298
0.24147633889472114	0.20686295221862552	0.1035343154045641	0.27563980524365245	0.17248658823843654
0.24147630808424206	0.20645907039465117	0.10369739942342825	0.2758364999149373	0.17253072218274101
0.24126678283006137	0.20665911074783697	0.10351172076663255	0.27602390981965863	0.17253847583581025
0.24137970166495187	0.20686055845480736	0.10329569657358177	0.2760751120983802	0.17238893120827853
0.24152886400117396	0.20662604633339549	0.10326126873369885	0.27613191961492856	0.1724519013168029
0.24143051753564937	0.2065974634992783	0.10370999769453641	0.2758292690705976	0.17243275219993803
0.24137938365200004	0.2065948249073575	0.10366279062588003	0.2761288921048881	0.17223410870987407
0.24119015973891084	0.20638713771326261	0.10379325007321812	0.2760503555233684	0.17257909695123982
0.24130750576364013	0.20666099162243767	0.10375313127684722	0.27602416735488927	0.1722542039821855
0.24152855545715546	0.2065524993744333	0.10360841064998473	0.2760241039933959	0.17228643052503037
0.24125319547035798	0.20732048707840636	0.10339686786007532	0.27562575503497266	0.17240369455618743
0.24153219140642415	0.20675412224055154	0.10338835109316027	0.2760390129651237	0.17228632229474014
0.24125544822195366	0.20733995314580875	0.10340793377353064	0.2756450875840086	0.17235157727469816
0.24147407957602418	0.20697830331280873	0.10336771391379326	0.2757797675850105	0.17240013561236311
0.24130865644011645	0.20664517916589067	0.10328680143169375	0.27617783821381614	0.1725815247484827
0.2411954747779006	0.20703878830006392	0.10342106975861676	0.2759502404614768	0.17239442670194166
0.2414938990840212	0.20652922542802285	0.10353477176251814	0.2761243081273443	0.17231779559809332
0.241353882427298	0.2067132155318651	0.10374467980970395	0.27563652890207446	0.17255169332905818
0.2414609163348646	0.20669714828869346	0.10365378911283073	0.275812035513999	0.1723761107496119
0.24113913245778873	0.20693797195774707	0.10330837015537121	0.27615545841528555	0.17245906701380717
0.24133714413617124	0.20645770609323702	0.10353907279033467	0.27609170458915094	0.1725743723911059
0.24122575475664326	0.20677975024190814	0.10353550765147967	0.27613850110630456	0.17232048624366408
0.24135232795491313	0.20706990500977152	0.10339932388279119	0.2758158230294705	0.17236262012305342
0.24135772759785928	0.20684673772109893	0.10363456479126029	0.2757465095263286	0.17241446036345265
0.24143805452060324	0.20670602585368772	0.1035133008003171	0.27588561684092505	0.17245700198446667
0.24130797938065945	0.20688301323540922	0.10377793330408565	0.2757778200561565	0.1722532540236889
0.24139417732197974	0.2065470504333338	0.10378520642357161	0.27587127383910254	0.1724022919820121
0.24148270295936244	0.20642580639799396	0.10370416079686455	0.2760747565561761	0.1723125732896027
0.24125707766624094	0.2067879332265526	0.10334791778548734	0.27612776292861774	0.17247930839310116
0.24115223068758557	0.20689174019261045	0.10365525645963071	0.2758126789228912	0.17248809373728188
0.2412380512335907	0.20694251364341226	0.10350695648302814	0.2759743707575965	0.17233810788237217
0.24114719250342437	0.2071337079812807	0.10334853070280325	0.27601633378191426	0.17235423503057715
0.24131419897984424	0.206701863879763	0.10357679722548453	0.276013481933031	0.17239365798187703
0.24127054344614465	0.20705760967522005	0.1036402914356454	0.27566364820955597	0.17236790723343365
0.2413896042779079	0.20679417752098264	0.10360054549812686	0.27564369400169564	0.1725719787012867
0.24138723752277602	0.20682931764816734	0.10328322251747854	0.27609427335867875	0.1724059489528991
0.241505941819089	0.20705447630363807	0.10337879299546933	0.27581603008940037	0.17224475879240295
0.24116943075469205	0.20712713472633312	0.10369706082044733	0.2756209977174734	0.17238537598105383
0.2414147771230808	0.20670083924469454	0.103526725575516	0.27605405173474373	0.17230360632196473
0.24112114269649249	0.20725739740565044	0.10356050261569032	0.2757143082420917	0.17234664904007477
0.24127511015648873	0.2068537752285946	0.10378458671358906	0.27559827854279006	0.17248824935853732
0.24144798331796877	0.20698251328590914	0.10347452326079637	0.2756202024740382	0.1724747776612873
0.24121668859786144	0.20677922390070233	0.10370526588129249	0.27599794550420176	0.1723008761159417
0.24141562172962006	0.2072131264646869	0.10329491380532028	0.27572126508044226	0.17235507291993019
0.24118236164864149	0.2071047297448311	0.10350684675139545	0.275840728283076	0.1723653335720557
0.2411557358018124	0.20752751244547574	0.10339426946061442	0.275651872962349	0.17227060932974822
0.24135576969799166	0.20662747924187305	0.10375695808141076	0.27582012679509826	0.17243966618362605
0.24143675219753236	0.20680221279097538	0.10337263177358831	0.27587360763988206	0.17251479559802166
0.24115852783496466	0.20709170623834802	0.10368949394559701	0.27561064246640693	0.17244962951468312
0.24124651480811396	0.20716600009998173	0.10329058327185064	0.27603847768382783	0.17225842413622555
0.24148255738375096	0.20652657544753816	0.10351026390396775	0.2761216751340561	0.17235892813068676
0.24133102251471714	0.2067681855713767	0.10339634514440266	0.27595028681295597	0.17255415995654735
0.2414039790781273	0.2070303719392835	0.10327197391033209	0.27573152810545387	0.172562146966803
0.24118095505580514	0.20707383719854275	0.10356669298658941	0.2756670189890468	0.17251149577001568
0.24121557152612283	0.20664377180490917	0.10378776655302738	0.27581823885113144	0.17253465126480896
0.24143592100140404	0.20682116530686284	0.10344875843197389	0.27603391819908235	0.17226023706067659
0.24114577803630347	0.20674412018345556	0.10365487564160908	0.27605747389879126	0.17239775223984038
0.24149828702144718	0.2063671064287179	0.10355783115675422	0.27616180178995803	0.1724149736031224
0.24122681913214428	0.20697969390881707	0.1032790490990077	0.27617311276658274	0.172341325093448
0.24132302614746354	0.20720489599132902	0.10337069032817213	0.27578659996208776	0.1723147875709473
0.2412515536447766	0.2067464502764217	0.10364448581037947	0.27579940526499375	0.17255810500342822
0.24149024905815242	0.20665237317257598	0.1034588161323633	0.27605493178804613	0.17234362984886187
0.24126385299670713	0.2067727344576163	0.10372111345567431	0.27572862528632913	0.17251367380367288
0.2412441021418893	0.20674002984645862	0.10331569460312023	0.2761166516728076	0.17258352173572403
0.24128430109085747	0.20707927116298766	0.1033427837099901	0.275724667881748	0.17256897615441658
0.24152840841607004	0.20660372278141603	0.10348567292025801	0.2757885111506417	0.172593684731614
0.24151010982143883	0.20682850353144575	0.1035469548008162	0.2757685570421446	0.17234587480415436
0.241136899773996	0.20682047199856296	0.10333333513226381	0.27614448927527946	0.17256480381989753
0.241183996593197	0.20678325462131283	0.10376024091338343	0.275768678882096	0.1725038289900105
0.24139674398208782	0.20652033780648663	0.10348858306235124	0.2761545605707869	0.17243977457828716
0.2413910400313936	0.20704286410405648	0.10359976798704514	0.2757315431776065	0.17223478469989806
0.24116204839077654	0.20745020466924557	0.103485469970944	0.27565207978976486	0.1722501971792688
0.24124179017340203	0.20729812411347054	0.10356476186657788	0.2755989766698267	0.17229634717672257
0.24151679201413617	0.2067847057172761	0.10348568961289675	0.27581000765696595	0.17240280499872473
0.24150312317669093	0.206704113573111	0.10337193010783675	0.2760972366387511	0.17232359650361004
0.24146505034794424	0.2066781470133871	0.10331018245764001	0.27597688497908457	0.17256973520194382
0.24129630332934823	0.20732457226190878	0.10329222298737145	0.275716947431404	0.17236995398996727
0.24151597727393626	0.20646812420207702	0.10364473689647731	0.2758959011901755	0.17247526043733366
0.24142814392461917	0.20643826829916545	0.10356598218148934	0.27605109300099606	0.17251651259372974
0.241144629146257	0.20702255509454495	0.10378133375566996	0.2756417956503073	0.17240968635322057
0.24136840373534665	0.20683008364828157	0.10368043905580404	0.27563150837960687	0.17248956518096062
0.24128531951888738	0.20664567878189022	0.10357992112211654	0.2760425754390401	0.1724465051380655
0.24151718714089976	0.2069752880420381	0.10336716791579992	0.2758059776841223	0.17233437921713968
0.24117485608418263	0.20708884989274315	0.10345038162539688	0.2758326837242469	0.17245322867343016
0.24121113508958797	0.20717447063992936	0.10330024273046876	0.2758487605450024	0.17246539099501124
0.24141784266121835	0.20690758387082142	0.1033183620203726	0.2759721853090795	0.17238402613850784
0.2414642800957026	0.20672070053778396	0.10332063912221873	0.27606607706547426	0.1724283031788202
0.2412416647838949	0.2066553973614136	0.10359543283251259	0.2759426076945155	0.1725648973276631
0.24146404721472603	0.20657234421080553	0.1037493161277275	0.2759276786109269	0.1722866138358138
0.24146790049855946	0.20673119488888067	0.1034502105840872	0.2758195573612331	0.17253113666723935
0.24112025766195536	0.206592396475815	0.10377837863966735	0.2761261196925189	0.17238284753004315
0.24119888902864128	0.20665686255583293	0.10368920480834676	0.275912079368935	0.17254296423824372
0.2414156475060572	0.20655501483536967	0.10376929104116404	0.27581141801152836	0.17244862860588048
0.2412672364568963	0.2069465372604603	0.10363583473537263	0.275670235261018	0.17248015628625246
0.24118238539429626	0.20715850117654827	0.10326698219268465	0.27597458046503204	0.1724175507714385
0.24126320167395787	0.20724475988193808	0.10339971395356164	0.2758257840677123	0.17226654042282985
0.24112726008952207	0.20703811500933228	0.10346472792255534	0.2758699906599162	0.17249990631867385
0.2414753565138918	0.20672035842135889	0.10353134080128606	0.27570050577683763	0.17257243848662537
0.24128291382269826	0.2069057950402426	0.10350684348669369	0.27606811488632066	0.17223633276404457
0.24152571277931656	0.2064393931581142	0.1036434581914027	0.27603933480739273	0.1723521010637736
0.24132406244045101	0.20723875990361967	0.10335356557767192	0.27580171749738897	0.1722818945808682
0.2413633774834802	0.20696115533245674	0.10330054868572092	0.2760151729832354	0.17235974551510652
0.2412886836000853	0.20689736744984424	0.10327262286097616	0.27603951532808957	0.17250181076100451
0.2414657134401148	0.20649054316071638	0.1035544553921098	0.27611553301965935	0.17237375498739943
0.24146043611054696	0.2065718800107273	0.10357125785114608	0.2758514918447856	0.17254493418279385
0.24113228775835668	0.20714064494559944	0.103492591421201	0.27564942950942506	0.17258504636541758
0.24148196013211098	0.20651853534028247	0.10346827091951055	0.27594610191685454	0.17258513169124123
0.24146870006603688	0.20667727185182697	0.10356186773107828	0.27582537606553287	0.17246678428552473
0.24147966398115484	0.20657672113403286	0.10371237972837032	0.27574049591918554	0.1724907392372562
0.2412716104922811	0.20721549469715264	0.10350586580501912	0.2757297990702867	0.17227722993526015
0.24148481016252327	0.2066450668014669	0.1032698738097464	0.2760199286292065	0.1725803205970567
0.24150924874384666	0.2065512598307573	0.10360473659022762	0.27587301053773916	0.17246174429742905
0.24149252195023643	0.2063528195489028	0.10367733170407423	0.27591582140961385	0.17256150538717244
0.24123899751577269	0.20711233787298208	0.10367332556602579	0.2756562688762536	0.1723190701689656
0.2415199637138396	0.20685465083964433	0.10349246498929116	0.27573605966524206	0.17239686079198263
0.2412108375436061	0.20657022811082598	0.10381066480526979	0.2761666424924438	0.17224162704785412
0.24134847814944685	0.20669862185665927	0.10335448965387764	0.27604931448968895	0.17254909585032707
0.24130835848348114	0.20730395596318119	0.10344765747970182	0.2757017377144337	0.1722382903592019
0.24136240572797832	0.20685926724782994	0.10376525283807897	0.27560049450673796	0.17241257967937462
0.24141911980476105	0.20634164299365607	0.10380922765565087	0.27598703440293293	0.1724429751429988
0.24149880244872923	0.20659902745093692	0.10375860026700356	0.27581628788471935	0.17232728194861074
0.2412556167040677	0.2067353315653014	0.10380044289098823	0.27593427825961153	0.1722743305800309
0.24147108831010816	0.20705304667525787	0.10328661319593047	0.27580459554806275	0.1723846562706405
0.24117291483046877	0.2067615489731777	0.10365703629801915	0.2759366528716804	0.17247184702665375
0.24144705867991417	0.20682205135611817	0.10325598404660974	0.27609388383873745	0.17238102207862022
0.24150260626417688	0.20699940747913984	0.10347286226721816	0.27572287499229853	0.17230224899716634
0.24127281569266812	0.2067367708421005	0.10358215617343164	0.2758573934014953	0.17255086389030416
0.24150424556848454	0.2064987653200869	0.10377333423438245	0.27589541629137515	0.1723282385856707
0.24114924203619378	0.20705451938126637	0.10333585238889884	0.27606610116644364	0.17239428502719711
0.2414699285324887	0.20653218814606034	0.10369460612818945	0.27595645774335237	0.17234681944990893
0.24138969865862403	0.20642875000499378	0.10362964866704963	0.27597449946986774	0.17257740319946457
0.24144558240722774	0.20663152472712826	0.10337572604200715	0.27604083521129197	0.17250633161234463
0.24115485137388068	0.20736926861607557	0.10327479406415167	0.2756561293680198	0.17254495657787203
0.24125635427455766	0.2070182111990873	0.10342248168265819	0.27591683046316196	0.1723861223805347
0.24152642252925746	0.2064072011837021	0.1036403527033306	0.27597670028059185	0.1724493233031178
0.2413766801197564	0.20705808175683044	0.10335464464187083	0.27564754325698876	0.1725630502245533
0.24120975633854316	0.20736467144676105	0.1032807648990726	0.2759045889694843	0.17224021834613867
0.24125992149687783	0.20723969522671026	0.10340867455007333	0.2757964279625021	0.17229528076383627
0.24119467121161645	0.20700097016487873	0.10341237122965481	0.2761277804294862	0.17226420696436354
0.24143583669501886	0.2071590773502644	0.10345954605349872	0.2756182898370644	0.1723272500641534
0.2411902940732033	0.20711853587571322	0.10365968747042577	0.2757505608479338	0.17228092173272366
0.2412861977036253	0.20681902295357024	0.1033941405615391	0.2760059376807931	0.17249470110047196
0.24132551258294457	0.20698185649237727	0.10325859563422526	0.27610608511052703	0.1723279501799256
0.2415155215782134	0.20700564524177653	0.10340663697686854	0.27583904741165655	0.17223314879148474
0.2411766680343448	0.20732528169044562	0.1032593351124959	0.2757797208268729	0.17245899433584053
0.2411500936231255	0.20683717002065904	0.10332549762136042	0.2761000152580774	0.17258722347677735
0.2413637389352336	0.20715701133874498	0.10335588151913859	0.27563596215083563	0.17248740605604698
0.2414137143885101	0.20691203374462971	0.10363909356751377	0.2757996947599604	0.1722354635393858
0.24142448223568924	0.20738094029053208	0.10328592166959834	0.27560050588044427	0.17230814992373583
0.24136798402845133	0.206606165722434	0.10361674058832442	0.27617178249588037	0.17223732716490966
0.24148702140589087	0.2066659248961903	0.1035446827264535	0.2758016863338379	0.1725006846376272
0.241455623011888	0.20672565139250476	0.10366925104498687	0.27564592335386806	0.17250355119675204
0.24116406917281563	0.2069763452456933	0.10356857458187706	0.2760159701502002	0.17227504084941359
0.2411629612334645	0.2069676640065442	0.10337728888484361	0.2759526913650191	0.1725393945101283
0.2412913833580855	0.20668688721145723	0.10358092290769946	0.2761687322561856	0.17227207426657196
0.2414779919616405	0.2067980245453361	0.10368166494842986	0.2756916116373662	0.1723507069072271
0.2412259299369616	0.20653226911830233	0.10369934115130623	0.276173289281597	0.17236917051183254
0.24119715290809204	0.2067708753852176	0.10372073704745424	0.2760074289290907	0.17230380573014514
0.24150533544224112	0.2068126064391355	0.1033873758927058	0.2758526888204103	0.17244199340550703
0.24135906090867107	0.20653127306869343	0.10373624464043152	0.2758879906338142	0.17248543074838957
0.24127984402098962	0.20655532591381787	0.10379386609990024	0.27598792798867533	0.1723830359766167
0.24151294754165642	0.20682260584839293	0.1036807801872126	0.27564366373674054	0.1723400026859973
0.24140225614381683	0.20702125163472454	0.10363330504776207	0.2756437441819351	0.17229944299176123
0.24124727175609909	0.20716106341518364	0.10359184950752362	0.27569275992799136	0.17230705539320207
0.24114874418447596	0.20678859434459923	0.10355988507856599	0.2760451714704427	0.1724576049219158
0.2412179340385185	0.20680221750549918	0.10371418831985324	0.2757566334754247	0.17250902666070417
0.2411399229760765	0.20673551747786345	0.10359949093741126	0.27607031394080067	0.17245475466784785
0.2413975483184943	0.20686316263068566	0.10358968599406422	0.275654453481552	0.1724951495752036
0.2412413475741209	0.20719407839329623	0.10343257211340029	0.2758228651896112	0.17230913672957104
0.24128901642908365	0.20666780296022771	0.10369046921718947	0.27607643402060417	0.17227627737289478
0.24125050369240703	0.2066470821059012	0.10338725113144584	0.2761245420723252	0.17259062099792055
0.24137686902563105	0.20665706524871863	0.10345018166597993	0.2761190453649587	0.17239683869471145
0.24136356556602714	0.2065460328105417	0.10379679244895418	0.27581950961830803	0.1724740995561687
0.24126882264930907	0.20676147890022534	0.10373971910245926	0.2759262025390947	0.17230377680891137
0.24141463190674356	0.20653376461359463	0.10354165703392292	0.2759971824826319	0.17251276396310675
0.24150143512395494	0.20645731828408723	0.10359424385387174	0.2760534619667948	0.17239354077129102
0.24130123003488657	0.20677044236692546	0.10357177699078977	0.2758211034938402	0.17253544711355775
0.24129844391866825	0.20667757116161106	0.10343250580935481	0.27600755612364614	0.17258392298671948
0.2415245337652078	0.20679856592636095	0.10326050052209057	0.27609137386695326	0.17232502591938714
0.2412501064814855	0.2069496046009023	0.10365817834795638	0.27569877398776	0.17244333658189556
0.241287400147554	0.20698300501468597	0.10327981045014013	0.2758974540313516	0.17255233035626802
0.2411251954175044	0.20689872356233516	0.10375918027162151	0.2759773276843262	0.1722395730642125
0.2413548826092004	0.2069842045547104	0.10352692117419485	0.2756565625437501	0.17247742911814398
0.24121135016553044	0.2072381574209953	0.10333296368269672	0.27564769675266226	0.17256983197811504
0.24130348757249548	0.20637441593379363	0.10365725068924227	0.2760921002181637	0.17257274558630464
0.2413592185963425	0.20647962108643367	0.10370398499617338	0.2761225297465564	0.17233464557449382
0.2413646686755916	0.20657652447639308	0.10380281439483917	0.27597419820869584	0.17228179424448006
0.24144373598638072	0.2065784992109788	0.10355143481743227	0.2760617452620707	0.17236458472313726
0.24133032527416637	0.20649535654138954	0.10351435387867021	0.27606808043282904	0.17259188387294458
0.2412358160039637	0.20703721865251165	0.10331311709932	0.27604835097827757	0.17236549726592684
0.24137332148074467	0.20702904751818973	0.10327235611230613	0.2760304568505929	0.1722948180381663
0.24152093873331468	0.2067132406003396	0.10362681530665671	0.27574672757206853	0.1723922777876202
0.24152184248569397	0.20643921819460698	0.10350569060616947	0.27611781229693666	0.17241543641659263
0.24119912580406072	0.2071349802401731	0.10363802748130915	0.275731402204232	0.1722964642702248
0.24119795538596805	0.20703658544769052	0.10372100051673608	0.2757520178452677	0.17229244080433742
0.24127918915186625	0.20677512161498085	0.10356960461274349	0.2758384735197759	0.17253761110063323
0.24136901551555548	0.20718727831375142	0.10343317448546735	0.2756011489268669	0.17240938275835865
0.2413633360139491	0.2068338177150964	0.10365086291406864	0.2756051543278388	0.1725468290290469
0.24153300467236888	0.20653808323935732	0.10362255162315535	0.2757626257877742	0.17254373467734394
0.24132271273278028	0.2066058133455237	0.10369012497241721	0.2760053396546028	0.1723760092946758
0.24136295442860314	0.20682750976204825	0.1034168563124863	0.27585009196906424	0.1725425875277978
0.24116807255396727	0.20751130685249528	0.10338253698903441	0.2756408591882391	0.17229722441626366
0.2411866341835863	0.2068091743032562	0.10375181984008164	0.27572710001261236	0.17252527166046328
0.2411645386366001	0.2070686493275498	0.10337831512468475	0.27600674211424076	0.17238175479692436
0.24123965562271882	0.20680723230117953	0.10379566817700799	0.2756030744000899	0.17255436949900355
0.24123938838019815	0.20674156229526205	0.10358968764981713	0.27598690302941137	0.17244245864531105
0.24116385527534115	0.20705677387764423	0.10349139681065668	0.2758534903884333	0.17243448364792435
0.24130024247430104	0.20688595508115182	0.1035499295050349	0.2757544565577477	0.17250941638176426
0.2412455263747827	0.20715773518138736	0.10355530290098572	0.2758111476026781	0.17223028794016587
0.24152790602286955	0.20664340051730126	0.10338744733052141	0.2760362876746166	0.17240495845469098
0.24136737803559674	0.20666768783232597	0.10333627236659415	0.2761514828382615	0.1724771789272213
0.24114415094670072	0.20747082705796943	0.10336595498980641	0.2757820773832952	0.17223698962222797
0.24115681524645388	0.2071366054753837	0.10345391080186674	0.27592742269875853	0.1723252457775369
0.24152485153328018	0.20647058311650499	0.10372355784894441	0.275881075607576	0.17239993189369415
0.24126411478568727	0.20690119498018775	0.10343326858403172	0.27599560187628236	0.17240581977381064
0.2412009944421586	0.20715919673745545	0.10335684970060802	0.27588419126994845	0.17239876784982927
0.24134803105275338	0.20734047713423748	0.10327296471595997	0.2756226103869556	0.17241591671009335
0.241151492472105	0.20697813807048218	0.10356622411465027	0.2759869887809855	0.17231715656177676
0.2412014302395422	0.2074264147183631	0.10344770550225543	0.2756811650999708	0.1722432844398682
0.24145729179335496	0.20694644440941487	0.10331386638112577	0.27569191324923964	0.17259048416686448
0.24120706637196215	0.20696964511687005	0.1035737200648119	0.27599661463995406	0.17225295380640154
0.24148081083086048	0.2069603794538055	0.10335762030621455	0.27565356364864024	0.17254762576047902
0.24142406643241185	0.20684897824447268	0.10368232507503598	0.27567861289691686	0.17236601735116236
0.24125826914151646	0.20685555316873772	0.10363386802039483	0.27572292881596266	0.17252938085338806
0.2414144621709104	0.2068592121673283	0.10331615256939078	0.27616309779627174	0.17224707529609853
0.24121125951886707	0.2069036076711964	0.10360307654362169	0.27574621795535204	0.17253583831096259
0.24127537447819056	0.20663889793661755	0.10358157194984088	0.27598913890020504	0.17251501673514574
0.2412725550655186	0.20674740926273605	0.10341456406502286	0.276177938709842	0.17238753289688025
0.24132958358188406	0.20637187048051928	0.10377699687411518	0.2759903286629315	0.17253122040054977
0.2412095317401361	0.20696451947046532	0.1037197404199073	0.2756132400577986	0.17249296831169245
0.24149802853511232	0.20672288865589047	0.10362547791187812	0.2757045782958536	0.17244902660126524
0.24146214396828203	0.2070946258542502	0.10331499052319787	0.2757645132916166	0.172363726362653
0.24141127378711286	0.2064675287519563	0.10375486103872922	0.27613091805616463	0.17223541836603679
0.2412640863122821	0.20703917189318	0.10367540397208486	0.27565072030307136	0.17237061751938143
0.2414929305907104	0.20704618767595384	0.10327437599094141	0.2758466562343035	0.17233984950809064
0.24149687828405958	0.20696006615981744	0.10358415974907767	0.2757225835523848	0.17223631225466024
0.2413395483464414	0.2063871244464485	0.10375633209573724	0.27607341096749927	0.1724435841438734
0.24149457952311737	0.20647259393297734	0.10364917477910339	0.2758271346564972	0.1725565171083045
0.24145767741183755	0.206542810652657	0.10353348605181344	0.2760572657368786	0.17240876014681314
0.24143139646131562	0.20712171760602316	0.10330052309651498	0.27590583241608474	0.1722405304200613
0.24133951879253204	0.20713973286164303	0.10356583535675057	0.2755950856091895	0.17235982737988462
0.24128632219428195	0.20718532607837759	0.1033215104629315	0.27582652485049275	0.172380316413916
0.24127290221996847	0.2069651302801861	0.10378699213765258	0.2756982472562731	0.1722767281059195
0.2412757725007536	0.20688174704466492	0.10337251990276948	0.27589498591079226	0.1725749746410195
0.24138870264407727	0.20641545245606754	0.10375887844369983	0.2760750417910679	0.1723619246650872
0.24131023110591363	0.2065421049112207	0.1037370406724415	0.27605516653763285	0.17235545677279113
0.24148639947046874	0.20662341130434275	0.1032938203868356	0.27611978066188714	0.17247658817646555
0.2414019322874872	0.2063417476721919	0.10357731183360924	0.2761094455737248	0.17256956263298662
0.24128638340370542	0.20699180687972848	0.1037429227881388	0.2757142102745334	0.1722646766538936
0.24112948462493564	0.20656661251224642	0.10376150450018977	0.2761492324655983	0.1723931658970296
0.24118646955385872	0.2072465878349543	0.10352576575884094	0.27574560423678923	0.17229557261555653
0.24115361751194372	0.2072517590543527	0.10338343806841917	0.2756620977667832	0.17254908759850096
0.2412687204647499	0.20704238653591187	0.10358102707400244	0.2757121510201521	0.17239571490518343
0.2412820670919587	0.2064511179958998	0.10365488014187627	0.2761227235654803	0.17248921120478466
0.24116203409668813	0.20669643739581406	0.10357300680645855	0.276088948916107	0.17247957278493195
0.24130687135560858	0.20681055787841432	0.10347753845453116	0.2759110435915505	0.1724939887198952
0.24149135424992418	0.20707987321724045	0.10338307483777895	0.275757402020947	0.17228829567410917
0.2414703566759916	0.20653706891781898	0.10351750420556666	0.2761342383234087	0.17234083187721377
0.24148279769117192	0.20675312093616594	0.10360932070894102	0.2756396733193901	0.1725150873443308
0.241308380292781	0.20693433897299507	0.10343661649606872	0.2760008522416098	0.17231981199654514
0.24147028389284309	0.20676538660154178	0.10345039560842054	0.27599389366519	0.17232004023200437
0.2413588638904014	0.2065021344491461	0.10381997545986751	0.27598565088521076	0.1723333753153739
0.2412848090907579	0.2068781010829128	0.10379802760847597	0.2755916674411368	0.17244739477671628
0.24142175632364998	0.20704396370527886	0.10363531009656558	0.2756447987552729	0.17225417111923239
0.2413432223853364	0.2066193284802066	0.10360624623547864	0.2759527818705415	0.17247842102843663
0.24139186068841653	0.20671231084207475	0.10372519248858303	0.2756649302135419	0.17250570576738353
0.24120800639158946	0.206689965404791	0.10371542563914493	0.2759989955914716	0.17238760697300276
0.24145463662319155	0.20688556181032766	0.1033807882051664	0.27574678940934594	0.17253222395196816
0.24116986765004522	0.20703558394595775	0.10349692853974239	0.27585221676913063	0.17244540309512374
0.24124221390332168	0.20684623066272173	0.10345586505093773	0.27606536302475615	0.17239032735826249
0.24122650040345892	0.20670365011529726	0.10375759590659615	0.27595882679201217	0.17235342678263527
0.24126439055152848	0.20670681342441455	0.10354903050019855	0.27612835926448887	0.1723514062593693
0.24128289943569606	0.20709310518619634	0.10343289763339979	0.2756274059297591	0.17256369181494843
0.24121312062649428	0.20700422883134828	0.10365815601179948	0.2757803195468234	0.1723441749835343
0.24129434466832528	0.206918372459895	0.10361688489802666	0.2756273701751405	0.17254302779861233
0.2412784392874257	0.2072567346270468	0.10326792618395171	0.2757977615724394	0.17239913832913617
0.24115387512667785	0.2065845677981824	0.1038165425158441	0.27605963034914405	0.17238538421015137
0.2412933229951823	0.2067932198027784	0.10359846481697867	0.2759880037985271	0.17232698858653328
0.24111922446848855	0.20659534313546604	0.10370556136922433	0.27602547241589825	0.1725543986109226
0.24135249372742515	0.207176908261699	0.10345502854789164	0.27572212210659713	0.17229344735638685
0.24138507355467748	0.20647753064609586	0.10367238382564098	0.27588328374345605	0.17258172823012935
0.24129744106149653	0.20751516484705604	0.1032943579092684	0.2756289528793999	0.17226408330277893
0.2415181021341483	0.2064584305330472	0.10331634876068342	0.27611678443107457	0.1725903341410463
0.24115949872033926	0.2065680818925318	0.10361903197282596	0.2761244954603763	0.1725288919539264
0.2412206534774894	0.206869248091884	0.10360261320556964	0.2758195917784697	0.172487893446587
0.24130822778521477	0.20670839814752887	0.10365769619053171	0.2760812695883115	0.1722444082884129
0.24134641728608242	0.20646025974449053	0.10369530441010795	0.2761610228401218	0.17233699571919708
0.24116911223855236	0.2074016234473252	0.10348753120072887	0.2756193202039291	0.17232241290946423
0.24151967631151366	0.20676537202213774	0.10336775823076544	0.27597305815366613	0.17237413528191675
0.24134880939985082	0.20704434541204966	0.1035427629216406	0.2756953920649956	0.1723686902014631
0.24149833718806424	0.2069094042517543	0.10357803207976451	0.2756229388861192	0.1723912875942975
0.24134166590286124	0.20716541499360747	0.10338522995888841	0.2756228074838726	0.1724848816607701
0.24120314122617703	0.20686297199012094	0.10371634279455885	0.2757805528527847	0.1724369911363583
0.24121870226453937	0.20735287724930665	0.10325558313268318	0.27578524653794617	0.17238759081552438
