0.23131575100720397	0.07373826043203849	0.30884385265568404	0.15503846023290116	0.23106367567217212
0.235166504053828	0.06725969395301934	0.3118706705179608	0.1521257578053682	0.23357737366982345
0.2392518529218533	0.06257950699202916	0.3133569714894163	0.15534643771341036	0.2294652308832906
0.23837308512431232	0.06986345673629976	0.308876745653487	0.15487659040670182	0.22801012207919882
0.236948777920183	0.06824255081626743	0.3067292862391164	0.1570435418969348	0.23103584312749814
0.22854003626370098	0.07218582484440109	0.31454382463003777	0.15341194660078372	0.23131836766107622
0.23601606287376492	0.06606423480105181	0.31552365180061437	0.15505416038634962	0.22734189013821904
0.23632483167362875	0.07359661310013524	0.3070945318204684	0.1531996433513344	0.2297843800544329
0.23314868989471	0.07023171691737456	0.31211539434498203	0.15508326759751678	0.22942093124541635
0.2406046019656033	0.06095593413638106	0.3150636769643151	0.15296545806649614	0.2304103288672041
0.23175393906611447	0.07123865347489552	0.31100560097304547	0.15373511239765508	0.2322666940882892
0.2361241746992896	0.06420915444424657	0.3147905311276226	0.1542468635706021	0.23062927615823883
0.22696173798843883	0.07327375203776251	0.3134538247878713	0.1561502767176462	0.23016040846828092
0.23993827023562084	0.061489947787277816	0.31628846557573864	0.1546920636350268	0.22759125276633566
0.23583886710684301	0.07119316244861332	0.3093161856420965	0.15627968077098167	0.22737210403146527
0.23433063012806887	0.07229073645531375	0.3120241210208426	0.15370312267094033	0.2276513897248342
0.23767598357890282	0.06731429447290052	0.30872369755714474	0.1530233581807837	0.23326266621026798
0.2361383358496509	0.06948117931177722	0.3126968026648074	0.1541802140431483	0.2275034681306159
0.23082316375478532	0.07587258448156824	0.31166623003077687	0.15431721917313976	0.22732080255972958
0.24160027653211025	0.06810012650104563	0.31066072478869583	0.15250593599411666	0.2271329361840314
0.23838409007361805	0.06456579419942032	0.31607913618238404	0.15256915884507635	0.228401820699501
0.23890798854091141	0.07339223710662399	0.3077590308244918	0.15236532310633624	0.2275754204216363
0.2334907908262186	0.07100707916649873	0.3151098138948312	0.15174566320810345	0.22864665290434777
0.23013702665506638	0.07503264145010206	0.3068392945396176	0.15646175988705513	0.23152927746815855
0.22898585152593953	0.06723326809836394	0.3134923403975248	0.15588124068330123	0.23440729929487025
0.2310628354630092	0.06993788320328914	0.31343829713783977	0.1535681290030048	0.23199285519285687
0.23573109345612359	0.07364939196356537	0.3086236074718776	0.15350044649478947	0.2284954606136437
0.24151833275182805	0.06031486336036054	0.31513673728118774	0.1522398632592577	0.2307902033473657
0.23612729761731602	0.06382859200522542	0.3168233093447505	0.15431562720276729	0.22890517382994052
0.23176742857066987	0.07257868565204526	0.3110240788806883	0.1564966750214148	0.22813313187518156
0.23340738010434176	0.0676437958808439	0.3138025868595717	0.15378358052134816	0.2313626566338943
0.23217959042217956	0.07471834309200628	0.3067733240463309	0.15676551514073314	0.22956322729874984
0.24083999541295514	0.06491630209062324	0.30700615915194285	0.15621626756129112	0.2310212757831874
0.23245190250825543	0.06630411219652271	0.3164492246138928	0.15227966282422253	0.23251509785710628
0.2378242423659248	0.061873565363604555	0.3129149846979382	0.15382685731213416	0.23356035026039798
0.22831757653324286	0.07761970838567328	0.3078001855323115	0.153202946816626	0.2330595827321461
0.23086650367115139	0.0659806960950661	0.31535495821104	0.15694589461235853	0.23085194741038376
0.23209827751020357	0.06434589952910919	0.31490687864519173	0.1545285345799422	0.2341204097355531
0.23661561571723078	0.07283078134024004	0.3060564093101652	0.15590946237844136	0.22858773125392234
0.23423841422315853	0.06742984090069329	0.3145871348768173	0.1517082465072031	0.2320363634921276
0.2323711726812077	0.07250103309613498	0.3154877604007542	0.1516339679695104	0.2280060658523925
0.23952215752488967	0.06284326910146001	0.30741840092489603	0.156743282794501	0.23347288965425297
0.2367093683267169	0.062270081980352054	0.31700612716651244	0.15284446883649944	0.2311699536899189
0.23151842893078284	0.06923143629093223	0.31213595679327627	0.1531214292203749	0.23399274876463355
0.2319596626039833	0.07045514290460969	0.3097401372165642	0.15696259756955447	0.23088245970528815
0.23383114855082016	0.06259724114402682	0.31384143271651777	0.15533566494489162	0.23439451264374342
0.23791240379717915	0.06184703493238802	0.3114685059616688	0.15506992279835152	0.23370213251041222
0.23068204405353693	0.06992981572679571	0.31515913053891054	0.15244103354553515	0.23178797613522145
0.23468738464825126	0.07282379932975544	0.3062582220046624	0.15333523695376267	0.232895357063568
0.2345785174672169	0.07129719972817589	0.3090075789621587	0.15193180089985608	0.23318490294259214
0.2287601481272071	0.07017381475994897	0.31211309863928693	0.15664292437425972	0.23231001409929702
0.231770995831946	0.07046448701360455	0.3081950851221143	0.15648724073727938	0.23308219129505553
0.23086524312184342	0.07479490392124899	0.3079103182436795	0.15261619244505295	0.2338133422681749
0.22882661428860715	0.07774355203019874	0.30878057972215694	0.1536231046495546	0.2310261493094823
0.2381017359296473	0.07205557460415632	0.30653161325407696	0.15509839571330766	0.22821268049881147
0.23571913128591568	0.06737887517446561	0.31010125929576426	0.15625170640447428	0.23054902783937992
0.23035611930363045	0.07196852741285917	0.31129577420745214	0.1522568837842571	0.2341226952918009
0.23340352311392404	0.06558597002607966	0.310963279131959	0.15622887910189728	0.23381834862613982
0.23135868947576285	0.07102466349137909	0.3113045279055938	0.15637996812738938	0.22993215099987457
0.23972300486307174	0.0625512752276976	0.30860542507619365	0.1564623121614142	0.23265798267162252
0.23664615870911918	0.06918721425458549	0.30730374170522246	0.15719907846380385	0.2296638068672688
0.23998543851710344	0.06444998441969843	0.31433074652184834	0.1533849302349953	0.22784890030635427
0.2367048397489319	0.06308177504361581	0.3162409544496799	0.15498287242299202	0.2289895583347801
0.2321614187114157	0.0678102403189052	0.31043449212496343	0.15496652729200994	0.23462732155270546
0.23849844938713255	0.07094652701490223	0.30594934996121925	0.15452944651251174	0.23007622712423403
0.23278361095487957	0.07050755795355323	0.30720448847429144	0.15631570950202556	0.23318863311525
0.232690651838175	0.06986113788485007	0.3095134794591853	0.15438938241623423	0.2335453484015552
0.23842456808440113	0.06166846632263706	0.3133172899422841	0.15508930499783363	0.23150037065284385
0.24144592693532402	0.07060301481721545	0.3078362486120609	0.15217923375148917	0.22793557588391025
0.2359106946042299	0.07529213369132434	0.30669767542193593	0.1540647800792327	0.22803471620327687
0.23360541738086363	0.07535496082778351	0.30611267280119253	0.15599987028842816	0.22892707870173193
0.23247310343768213	0.0640415108934673	0.3151102100824434	0.15652759327176388	0.231847582314643
0.23273314124736078	0.06574105513853296	0.3130194159279218	0.15525361267217722	0.23325277501400696
0.23636035645892062	0.0717759998829115	0.30720307456149126	0.1522676049282224	0.232392964168454
0.2297731194061437	0.07329857417533245	0.3150285872207436	0.15336166228904513	0.22853805690873488
0.23880245156675922	0.062321479254884904	0.31365923892815006	0.1540666635953093	0.2311501666548963
0.23220063182601722	0.06693762619429877	0.3146885581969656	0.15232843283352798	0.2338447509491902
0.23113882246092346	0.07408577761879218	0.30821138697003014	0.15388938657887385	0.23267462637138014
0.2387582480198523	0.0675172612881495	0.30703265889752074	0.1561428312791444	0.23054900051533278
0.23194384435624912	0.07061434985358275	0.31165326426097617	0.15725795455739167	0.22853058697180006
0.24125819971443088	0.06379664332860227	0.3127454204731382	0.15182984578014508	0.23036989070368336
0.24036820251166052	0.06759968874824046	0.31120377938759747	0.15360470568424903	0.22722362366825233
0.23980040909771394	0.06026153394606998	0.31111328972150526	0.15492253060359926	0.23390223663111132
0.23545371389993075	0.06431960847478804	0.31409197891430923	0.153338634873023	0.23279606383794876
0.23050271737926228	0.07606551373557913	0.3083308749874161	0.15240335275153805	0.2326975411462042
0.2330926881852196	0.06748437335424284	0.31256594856175324	0.15312297188587332	0.23373401801291072
0.22947700663187443	0.07542754586718167	0.30921702456443484	0.15377889481188936	0.23209952812461945
0.23717532827738716	0.06450510200469575	0.30812882626423754	0.15644563856935734	0.23374510488432196
0.22994094708643276	0.07192531752615036	0.3111545364843739	0.1535521768619326	0.2334270220411101
0.23799875926827863	0.06615819215251673	0.3077151510707461	0.15656630736902324	0.23156159013943511
0.2329306512133151	0.07396515384979002	0.3107128608521816	0.15254597573032844	0.22984535835438458
0.24115448857611188	0.07011434027093272	0.30924280179602753	0.15229532355054679	0.22719304580638086
0.22716578619347072	0.07263476545459177	0.31289181505282393	0.15446251924040447	0.23284511405870886
0.23070732025102234	0.07133910851171749	0.3156720630119031	0.15317712273948514	0.2291043854858717
0.23627286509327175	0.06069301475965652	0.3154882744180957	0.157230356435082	0.23031548929389375
0.22982368975288492	0.07221278108399395	0.30928127259584404	0.15609426871610627	0.2325879878511706
0.23610440917303602	0.06760342121679658	0.31178615695999135	0.15714294843681686	0.22736306421335892
0.2288271700146968	0.07318356783733876	0.3116222150618441	0.1536706677394727	0.2326963793466474
0.2409218402704484	0.06894161989853428	0.30694657776478634	0.15348430877652014	0.2297056532897106
0.2310548307863025	0.07253751656565058	0.31142859567949005	0.15435850795258899	0.2306205490159676
0.2403186775246941	0.06018765587523217	0.3164697368176489	0.15490995251458944	0.22811397726783506
0.2300673137142629	0.0674598317105479	0.316556385179943	0.15674305770106067	0.22917341169418531
0.2351124372661307	0.06348831144250355	0.31146739633206555	0.1570769963361055	0.23285485862319447
0.22863040243983584	0.07756425878537371	0.3119733375436297	0.15408785578991582	0.22774414544124466
0.22990280039168304	0.07772862866502137	0.30785429275902676	0.1552568455290708	0.22925743265519782
0.228100851308872	0.07383674662576853	0.30798172664064283	0.15561314046774757	0.23446753495696887
0.23657083229452663	0.06411232399906275	0.311755910990587	0.1535158168442552	0.23404511587156818
0.23500850347844796	0.06295016096588166	0.31653596078746427	0.15425512924482143	0.2312502455233844
0.23244112856047147	0.07406883238101783	0.3096002822751207	0.15618851992525012	0.22770123685813964
0.23954998645704745	0.06039248030592484	0.31255234456503234	0.15488989359597238	0.23261529507602274
0.23344462475183397	0.07339579932908535	0.31306029602711927	0.15271975512125097	0.22737952477071022
0.23998953988626592	0.06066300904982333	0.310306030024248	0.15632829869605186	0.23271312234361063
0.23206865847949742	0.07274390398610356	0.31254294613630806	0.1522617898188388	0.23038270157925192
0.23316305545518226	0.0651650397440128	0.3142557842604843	0.1551572426308753	0.23225887790944505
0.2280529337287166	0.07262293292056576	0.3099725283483087	0.15630611750558768	0.23304548749682102
0.2385422607510492	0.06572628565645092	0.3136383384019913	0.1519560380056051	0.23013707718490328
0.23251035160868247	0.07522456743260465	0.3064481769955062	0.1520040301358898	0.23381287382731666
0.23469199416371012	0.0679079668339593	0.310247377358369	0.1533511117695434	0.23380154987441795
0.24007412416362073	0.06357825415018503	0.31269041809270337	0.15503000775400166	0.22862719583948898
0.24115821163973664	0.06138053246052935	0.3110086701459024	0.1559961024049138	0.23045648334891758
0.23800073325752508	0.07113568271264473	0.3059342343654496	0.15540780013527142	0.22952154952910891
0.23422371903238387	0.06716224408509672	0.3138445000917925	0.15729731754864348	0.22747221924208322
0.23188701447875593	0.07081607405785442	0.30739214848160645	0.1567290836499643	0.2331756793318187
0.23797477080277638	0.06411192688725073	0.3121435429671611	0.1527606788360718	0.23300908050673969
0.22990557821627383	0.0655231281131208	0.31557385417788175	0.15682459991631015	0.23217283957641316
0.2345231952430423	0.06542201549296756	0.31265269086303105	0.15448153892040778	0.23292055948055113
0.23079440213677524	0.07642865194317883	0.30618836300162083	0.15391064641028313	0.23267793650814178
0.23603661743191084	0.0675110044386821	0.31565148527491316	0.15211574486335463	0.22868514799113904
0.2299261420987801	0.06516642609677967	0.3137643540014882	0.15727406229942176	0.23386901550353
0.23660639157278412	0.07327212400171335	0.3061238203237271	0.15349964376932895	0.23049802033244626
0.2275514116223006	0.07110864551164142	0.31383239012048986	0.157048928718902	0.23045862402666586
0.23006339926755323	0.07694925951756523	0.3099564372417254	0.15583114416603266	0.22719975980712317
0.23459553792893206	0.06867519386325627	0.3103321560384317	0.1528965464449477	0.23350056572443206
0.2303880645076081	0.06899626961206393	0.31687102135956857	0.15325395247993218	0.230490692040827
0.2369958149801132	0.07000131872403048	0.30823599531544105	0.153844073755265	0.23092279722515005
0.2316034291197239	0.06902111092414046	0.31546655097865073	0.15209488779012525	0.23181402118735944
0.24055781846040336	0.06266249879439972	0.3081388556099467	0.15515871668508077	0.23348211045016926
0.22758122534408737	0.0747356911353319	0.30753234336016094	0.15650175292648627	0.2336489872339333
0.23114418836704326	0.06701679937021451	0.31406201835025116	0.15367369775317713	0.23410329615931366
0.23251679755532906	0.0732519895078664	0.3097322698065168	0.15273881784149146	0.23176012528879603
0.23693848525080868	0.06572135500873577	0.3097961193058051	0.15614408558713794	0.2313999548475123
0.23590947020733322	0.06711436770942822	0.31593773462131736	0.15155047210068118	0.22948795536123978
0.2341543822812962	0.06809705283608572	0.3144333483362271	0.15174301031090281	0.23157220623548788
0.23615987904965802	0.06163996585709372	0.31706733785384267	0.15152960241993574	0.23360321481946958
0.2293620022460472	0.07476706426410037	0.3153764025947495	0.15144439096667656	0.2290501399284261
0.23586788111801937	0.06849278801253747	0.30978309241782465	0.1572213840981156	0.22863485435350267
0.24019769133899754	0.06139405004392803	0.3149151675200806	0.15387976971815603	0.22961332137883758
0.23067580847957672	0.07418994605573731	0.30830116893034953	0.15389072664900955	0.2329423498853266
0.23634956303458227	0.06638117049218153	0.3150130536233979	0.1534414889145117	0.22881472393532637
0.2410838698290569	0.07070936308801587	0.30659783765650056	0.15298043496686153	0.2286284944595649
0.23888974759463671	0.0717945238319119	0.3056649461889547	0.15407023256911972	0.2295805498153767
0.23627550225874905	0.06813460656801193	0.3062252180021104	0.1546310912271176	0.23473358194401073
0.22830989563314408	0.07231224605984163	0.31147832771377715	0.15680522668400193	0.23109430390923497
0.234224247342589	0.06771442143321979	0.3144125236613099	0.1530689467906512	0.23057986077222986
0.23007774506075987	0.07585663340177606	0.31079445179411436	0.15434798378598624	0.22892318595736322
0.23347778509468253	0.07010361420693104	0.3099548504550452	0.1550480962393007	0.2314156540040403
0.23585375194381242	0.06337466966720234	0.31572118072838734	0.15543727170405985	0.22961312595653774
0.22997461116705395	0.06291941581124771	0.31660705680194645	0.15568532318719017	0.23481359303256147
0.23952287197959016	0.06765267382198173	0.3071944455615431	0.15199811316724393	0.23363189546964083
0.2383993158849907	0.06910622371020722	0.3063498997532068	0.15719173138052622	0.2289528292710688
0.23545886802793867	0.07230322196795447	0.31271691425955905	0.15172738936842584	0.22779360637612175
0.23500683078260987	0.06595098270604005	0.31266895024981833	0.1527918096323873	0.23358142662914422
0.23901865115129695	0.06039185774318337	0.3115495458165793	0.15685772417095975	0.23218222111798043
0.2334184728503979	0.06624913847096625	0.31436805552933145	0.1539932398932122	0.23197109325609194
0.24052098006825215	0.06646051277974943	0.3115745674248423	0.15336741123310027	0.22807652849405557
0.24143068547876806	0.06153461606233854	0.31167020677184754	0.15452203634723677	0.23084245533980885
0.2384112678622907	0.06199929097539977	0.31628949513552124	0.15365715533033378	0.22964279069645427
0.23713868081837114	0.07198156367454847	0.30698442725829234	0.1544548223072029	0.22944050594158488
0.2333737537390131	0.06987405042010195	0.3116719145902092	0.1569090335159322	0.22817124773474334
0.2301553132302147	0.07035002722967248	0.3107130328225443	0.1554507175369264	0.2333309091806418
0.23493101844500325	0.06843179809864686	0.3100502461577616	0.1520546379176001	0.23453229938098794
0.2303974699405863	0.06664735378009112	0.3154626297326993	0.1545023887127146	0.23299015783390847
0.23853802384829356	0.061260216264183015	0.31581676461039654	0.1564319209542692	0.22795307432285744
0.22907335340314613	0.07078269237658752	0.3124639954157531	0.15501043812222948	0.2326695206822835
0.2365090269152098	0.071868621399297	0.30931430854795733	0.1537933586037802	0.2285146845337554
0.23551164747371256	0.0692494436268935	0.3113005935184566	0.15474592178365176	0.22919239359728535
0.23388519892796011	0.07711772185313091	0.30815304405420674	0.1535160889275953	0.22732794623710673
0.23964717684458328	0.062407533359133044	0.31124457798571104	0.15359585557905114	0.23310485623152125
0.23587387831173837	0.06581615621214407	0.31156265098279756	0.1548478854587873	0.2318994290345324
0.2334819865160168	0.06520456346496498	0.31479742072382766	0.15422264197781405	0.23229338731737628
0.23287420704446088	0.07344987823445912	0.3133276226757854	0.15201163031651715	0.22833666172877717
0.23910813179230556	0.07007438930907714	0.307238695526613	0.15242776793123813	0.231151015440766
0.23373406721392445	0.07652365177422084	0.3095755716046626	0.15223445631065297	0.22793225309653897
0.2285403953844804	0.06898899096792224	0.3163572404549331	0.15192892662658733	0.23418444656607668
0.2278792062611504	0.06494287024044115	0.31675916658177733	0.1556491917626564	0.23476956515397446
0.23737452271312134	0.07036941243834319	0.30983772091874273	0.1514725451704374	0.2309457987593551
0.23125160102374484	0.06643442596288102	0.3145727584808646	0.15483846386052957	0.23290275067197974
0.2406559810375154	0.061522660987540556	0.3159799611992448	0.1532191738352463	0.2286222229404527
0.23187627342609965	0.07723569232029823	0.3074666275673854	0.15543219538035877	0.22798921130585773
0.23479656682682007	0.059676340652705995	0.3141421920961611	0.1572697204550461	0.23411517996926645
0.24165382900091137	0.06002410079674858	0.31469746078901284	0.15221822451151953	0.23140638490180743
0.2336310668316363	0.07426816039252837	0.3086106405148315	0.15392152252130745	0.22956860973969612
0.23543354951510054	0.07226891783979639	0.31044311883046033	0.15245396105421605	0.22940045276042645
0.23741413186445373	0.06307543033797097	0.31475858458908695	0.15433113102478932	0.23042072218369877
0.228787869365605	0.07425017665634662	0.3092608711424552	0.15714319177809796	0.23055789105749497
0.23083616283982933	0.0725734261106	0.3109573581491323	0.15330836478650245	0.2323246881139357
0.23406502624400782	0.06258997399938243	0.31390047877835625	0.1563494661072721	0.2330950548709812
0.23296255942556457	0.06513579996906294	0.3163225850649848	0.1515035436506162	0.2340755118897713
0.23834177215525582	0.06331944743541393	0.3146568591906792	0.1528957228968692	0.23078619832178157
0.24098577130280724	0.06555818736583546	0.3086537688725599	0.1569230541238364	0.22787921833496075
0.23244456376442788	0.07234239610771351	0.30922429630861265	0.15149613925588226	0.23449260456336346
0.23600827362187043	0.07066426876340998	0.30677428868110757	0.15468853349215675	0.23186463544145502
0.2280947315449555	0.07136799241861783	0.3148043557688256	0.15649032727408646	0.22924259299351435
0.2341214910302031	0.0687747523676939	0.31217670561082045	0.15272282334985426	0.23220422764142803
0.2413047715984201	0.060540956282677055	0.30706473630874936	0.1564633642926561	0.23462617151749715
0.24150296207545008	0.06564602368619707	0.3073147657163402	0.1514006698412571	0.23413557868075532
0.24051130970061446	0.07034235711982145	0.3101592652253879	0.15183739602172924	0.2271496719324467
0.23761750063621645	0.06269794432431283	0.31321933721296624	0.1568525707573878	0.22961264706911647
0.24164565315853598	0.06421529708416202	0.31118830144026227	0.15371437330216606	0.22923637501487343
0.2295841598796199	0.0738786156612771	0.31279629480348614	0.1549069798157634	0.2288339498398532
0.23896062189347717	0.06284889934449497	0.30902593495422725	0.1552132396848132	0.23395130412298717
0.23969856967789777	0.06307527531826954	0.31156403050033743	0.15328051084986993	0.23238161365362506
0.22963471343714426	0.06820437035760804	0.316626056765313	0.15285418982201876	0.23268066961791567
0.23810196482708745	0.0632386506599325	0.31158556876863636	0.15717067033622373	0.22990314540811968
0.2307087701232858	0.07308040585713238	0.31507399520531404	0.15284429517673281	0.22829253363753474
0.23735601228026293	0.06227004440761555	0.31126190081717303	0.15434908915621914	0.2347629533387291
0.2402385970692365	0.06504433006158042	0.3090830570348215	0.1556992076365616	0.22993480819779974
0.24006591461011312	0.06523191332520509	0.3112421062706255	0.1523579801117485	0.23110208568230758
0.23414935530301356	0.0765928962927592	0.30634827124042174	0.15338676417540575	0.22952271298839946
0.23051820909399953	0.07340786986421127	0.3171735954953362	0.151705188409036	0.22719513713741676
0.23016620265000287	0.06774558755552448	0.3165278765447828	0.15416476107468416	0.2313955721750054
0.23126830747563754	0.07305017730591348	0.31105364073961095	0.157128221813504	0.22749965266533378
0.23017206075258925	0.07284847470944825	0.31524962071064244	0.15425427502850395	0.2274755687988159
0.2379943898580621	0.06685293164676653	0.3126289244701351	0.1543123271384088	0.22821142688662718
0.2374590376232667	0.06687422496287163	0.312426905121734	0.15458659537999153	0.22865323691213588
0.23134946110158483	0.07266656648022621	0.30621379434759755	0.15691316474375955	0.23285701332683167
0.23376039235543938	0.07149024807455553	0.3125676430782467	0.15470196604872868	0.22747975044302945
0.2316964704215406	0.07574000400552554	0.3085946055991726	0.15412456649412976	0.22984435347963122
0.24083271908381967	0.06595855283326296	0.3091481781441078	0.1555356810899115	0.22852486884889783
0.22995749791116543	0.0713906171388638	0.3146070554964149	0.15462361881075046	0.2294212106428052
0.24011713151707945	0.06140798680683979	0.3150709690610055	0.1544110518688101	0.2289928607462649
0.22712719806152795	0.06837773767481362	0.3163198431214438	0.15523308816112097	0.23294213298109342
0.2297597646189981	0.07677066993693248	0.3084952444571764	0.15199351415708012	0.23298080682981268
0.2382912202137466	0.07181166792822591	0.3063105197409236	0.15632831599334843	0.2272582761237552
0.227159334070378	0.06930222267015054	0.3136754379176824	0.1551282636508723	0.23473474169091654
0.2406328757235798	0.06069894970642803	0.31220947304409125	0.1560764440420375	0.23038225748386312
0.23971736369063756	0.06927990316733562	0.3067171094712869	0.15258697561714818	0.23169864805359153
0.23220748154176443	0.0685826707117703	0.3103397774971432	0.15546427453390485	0.233405795715417
0.23851923261191257	0.07303486598968328	0.30613685521949413	0.15311366687875222	0.22919537930015754
0.23954149730552907	0.06427371036889196	0.3159489660421959	0.15251603777085954	0.22771978851252336
0.23475425991993965	0.06221028505125467	0.31480400508439377	0.15497881531625574	0.23325263462815587
0.23739357498614938	0.06444583902839848	0.31644857014661487	0.15363424358445685	0.22807777225438017
0.2378583487565346	0.05936137163407565	0.31511186764098764	0.15368866051797853	0.2339797514504233
0.22902274113947452	0.07593276348260346	0.30649599490353063	0.15552409795754976	0.23302440251684137
0.24038521206245372	0.06152756595051029	0.31246667360119296	0.1519277505886172	0.23369279779722563
0.22996251730665854	0.0731399646395772	0.3100338777273606	0.1551328190533857	0.23173082127301778
0.22709148651294647	0.07716019256259164	0.30695376572092187	0.15522446671336185	0.2335700884901779
0.23323689399270012	0.06993607321878137	0.30940414316303555	0.1531711064529851	0.23425178317249765
0.24136911381310744	0.07116307684512332	0.3060371412964463	0.15407332235385002	0.2273573456914726
0.2271785687040208	0.07381156057127927	0.31444447624171845	0.15264757408203747	0.23191782040094377
0.235601693466701	0.07025734564797972	0.31160050201978795	0.15229506302011067	0.23024539584542048
0.2300270646284709	0.07518884770994788	0.3106504905231548	0.15643251070586772	0.22770108643255843
0.2362107781347894	0.06537359210323315	0.31146213954415003	0.15330950811105792	0.2336439821067693
0.23885873553067238	0.06502300598629038	0.30831021610525866	0.15655757720944602	0.2312504651683323
0.2355193861949383	0.06910309509710469	0.3072828868513604	0.15383169035906724	0.23426294149752913
0.234720543539344	0.07198688091842786	0.3146525253248203	0.15157093353151319	0.22706911668589447
0.23034678692409585	0.07308961474402006	0.31064657882459357	0.1548602013097048	0.2310568181975855
0.23422007610788118	0.0630903976183377	0.31703160137944286	0.1544885077909619	0.2311694171033761
0.2387826277612768	0.06075364820821638	0.31247209940536785	0.1534210443269561	0.23457058029818262
0.23826250135193747	0.06383776880220318	0.31434455564116226	0.15243194614489394	0.23112322805980293
0.2416887149391288	0.0657461422004765	0.30721801226549394	0.15419471764731618	0.2311524129475843
0.2402196628196855	0.06911750180916412	0.3097965442526658	0.15264282594863815	0.22822346516984626
0.22915030720508106	0.07574409306118156	0.3101884560154478	0.15519320215396923	0.22972394156432013
0.22836771318765792	0.07101121595873111	0.3138898174778649	0.15713166259886335	0.22959959077688247
0.23728778068294304	0.06748690627640033	0.3093673551027141	0.15726818687088207	0.22858977106706022
0.2318419698697354	0.0695277228688877	0.3132213246410275	0.157071599426019	0.22833738319433017
0.22809027203460852	0.07462753111896248	0.3112670376187338	0.15498663876340357	0.23102852046429137
0.23879353800200354	0.06721950934661544	0.3133235590660834	0.1528755220715516	0.22778787151374574
0.23397463714944364	0.0781495654020232	0.306360741932869	0.1543513726000162	0.22716368291564776
0.22781379205959645	0.07572055730857216	0.3072244806369494	0.15527627659583126	0.23396489339905047
0.23277787737600653	0.06365874077768097	0.3124554598692764	0.15730857283338026	0.23379934914365558
0.230488928572275	0.07136095365005987	0.31299535410734375	0.15184994581723904	0.23330481785308207
0.23501535067765172	0.06537115129979718	0.3109451906267847	0.15477518644006044	0.2338931209557057
0.2289031759043751	0.07095909365451855	0.31382176970960757	0.15636158859587815	0.2299543721356204
0.2350356465200651	0.06426411478635632	0.31488172113491186	0.15441339135323637	0.2314051262054301
0.23221004686094512	0.07068384458439345	0.31527973711338325	0.1515232263225646	0.23030314511871336
0.23112713934139723	0.07300883096835353	0.30881663905561574	0.1531765514043064	0.2338708392303269
0.23834607672605954	0.06111883035719909	0.3143203635374433	0.15612262412249744	0.2300921052568004
0.22992162775205985	0.07302267621517616	0.3077784702685691	0.15571982025291853	0.23355740551127616
0.22754342568168684	0.07463470344899337	0.30931669418826946	0.1552863522985417	0.2332188243825084
0.23190210715809215	0.06864139412316875	0.3132944914966372	0.1557359382561204	0.23042606896598128
0.23249496996509866	0.06515884028917507	0.31468360124933814	0.1540921635398491	0.23357042495653882
0.23054740623235104	0.07179880348131368	0.31180434878615715	0.1515652469510343	0.23428419454914362
0.23753859873004715	0.07105915963670748	0.3103303172014776	0.1515019365773191	0.22956998785444846
0.23466695609720528	0.07334951653870025	0.3087706960517681	0.15142483051425148	0.23178800079807463
0.22741850516228146	0.07741441426802467	0.309643584812122	0.1566741097108938	0.22884938604667782
0.2397755279801212	0.06634534242048293	0.3125247789467424	0.15234944272152612	0.22900490793112713
0.2273035803227712	0.0731167738751411	0.31225172065291973	0.15496740765270628	0.23236051749646147
0.2407786032255519	0.06213724691622011	0.3106419455541447	0.1520002634955072	0.23444194080857586
0.2411819215358298	0.06548245958757618	0.30982403443089757	0.15487780669832787	0.22863377774736834
0.22836559059654857	0.07205949251626725	0.31333546224322295	0.15459132205034062	0.23164813259362038
0.2271858946197035	0.07635477913410398	0.31365999442196574	0.1550042080973901	0.22779512372683644
0.23660774336580476	0.06694853573235002	0.3101380195732465	0.15221900278241088	0.23408669854618763
0.2295993322569854	0.07000329750099837	0.3163484622114572	0.1555677897551226	0.22848111827543627
0.2285073404918399	0.07800946252973255	0.307109766879012	0.1519214970112029	0.2344519330882124
0.2379482282039806	0.06781465457968561	0.30724591554346115	0.1548723076069879	0.23211889406588448
0.2309152402037013	0.0774909287515027	0.30722427914071937	0.15395082604827218	0.23041872585580422
0.2386106310085249	0.06115208264606753	0.3167938862793066	0.15404206146050747	0.22940133860559328
0.23120576267210094	0.07619981875040718	0.30809703068915084	0.15577685431715538	0.2287205335711854
0.23741450782557652	0.06688569081452997	0.3078762062261599	0.15638469017033343	0.23143890496339994
0.2319676629505203	0.06553131209183069	0.3157316634251803	0.15423100927525954	0.232538352257209
0.24071511176667135	0.06341783347580088	0.31513713934891224	0.15314689027179154	0.22758302513682377
0.23749888154994672	0.07132014927759206	0.3058555382446475	0.1568978261535336	0.2284276047742799
0.23334204659594793	0.07055124869076274	0.308256641218817	0.15664554194809183	0.2312045215463802
0.2400036024280621	0.07128495589625838	0.3094680719655389	0.15181116156084978	0.22743220814929063
0.24057385152195812	0.06611604598754398	0.310572642220852	0.15399081477043702	0.22874664549920865
0.23747975795074128	0.07102646245016303	0.30942644744642667	0.153472812463889	0.22859451968877978
0.23043386206256408	0.07450818986089949	0.30868667718359755	0.15447934968318494	0.2318919212097537
0.2372031726931949	0.06328491324185406	0.31334800324803713	0.15434538279579135	0.2318185280211223
0.23728108006891618	0.06396997012346883	0.3102300012937807	0.15684739666688008	0.23167155184695398
0.22789729414622295	0.0699871045901915	0.3111158865116158	0.15690558723047532	0.2340941275214942
0.22896526655547147	0.0696297167077208	0.3144637229352583	0.15501225864286444	0.23192903515868474
0.23762396693678944	0.06212282559464946	0.31704724674872464	0.1519614892840678	0.23124447143576846
0.23483511106134333	0.07199758819485313	0.31133810583962374	0.15375071259133088	0.22807848231284866
0.2356097386672344	0.064133614781788	0.31103485338485587	0.15443362574070524	0.2347881674254163
0.23956582878854504	0.06437037311610766	0.3089740886977864	0.15270961223723115	0.23438009716032954
0.23604249593457063	0.07203461577803241	0.30887183561581194	0.15190108078239334	0.23114997188919145
0.23229086374267133	0.06255097637178375	0.3169413834128938	0.15410312506836688	0.23411365140428406
0.23720558317994397	0.07510086285116009	0.3076931490607345	0.15267247095551004	0.22732793395265113
0.2348698340019782	0.06763451104731177	0.3102218484890271	0.15326966838230072	0.23400413807938197
0.22861999928065424	0.067143083997588	0.31532904675265977	0.15617654106899592	0.23273132890010184
0.2295565439155915	0.07665139026381658	0.3079405823110172	0.1538408990195981	0.2320105844899764
0.2341143974019891	0.06852966098198718	0.31490723711783014	0.15521964677155198	0.22722905772664134
0.23825232880564962	0.06250717892765403	0.31296822109390743	0.1558460962650883	0.23042617490770045
0.23828727051832854	0.06387636155652263	0.3146359890744122	0.15540190305857132	0.2277984757921651
0.2303964114926116	0.0692970056491504	0.3144048283986762	0.15200243925138152	0.23389931520818005
0.24097957309141255	0.06096060675128348	0.3104497614398344	0.15427343246739314	0.23333662625007623
0.2302149336651375	0.06928818223747613	0.31373351011916983	0.156277495676291	0.2304858783019253
0.2348068529775308	0.06873166566929048	0.3106893844881152	0.15539277682862088	0.23037932003644246
0.2355396208935951	0.06853171779463804	0.31372715518711064	0.1543974511158377	0.2278040550088183
0.2357565464186974	0.06159909203333877	0.3148196023779416	0.15613790863871707	0.2316868505313049
0.23395714775670695	0.07190921849754009	0.3075570439691621	0.15452587520261268	0.2320507145739779
0.2376399852327093	0.06796829210837876	0.3123337899054952	0.1536978435310136	0.22836008922240292
0.23415294585078847	0.06956557776539204	0.3149770574246781	0.15215636839890967	0.22914805056023146
0.23301513071847973	0.07025102456685642	0.3105902945041043	0.15353095423840432	0.232612595972155
0.2313078960274773	0.07055600939154577	0.3164093842570223	0.15146842924211618	0.23025828108183816
0.22761316613185276	0.07514638372029737	0.308611570772063	0.15433989188205777	0.23428898749372884
0.23038858322314576	0.07544142279862598	0.3090848358107841	0.15420315523675404	0.2308820029306899
0.23574975754702795	0.06956123584436563	0.3093161299450089	0.15577563665130556	0.22959724001229173
0.23569850818931531	0.0682616194944316	0.30742640205808214	0.15535283891135251	0.2332606313468182
0.23591478847338065	0.06876110006808184	0.3074250556967163	0.15618480313535615	0.23171425262646483
0.2352754638102426	0.07305314539117419	0.31070652585511566	0.15242591843222625	0.22853894651124104
0.23522624041672008	0.06358588696615528	0.3136282730751516	0.15469422743766037	0.23286537210431238
0.23572498000485415	0.06628727162387388	0.3168556586727054	0.15218004285164455	0.22895204684692178
0.23670103021579525	0.06500792926185961	0.3109478559528806	0.15586931046309246	0.2314738741063718
0.24166172349196258	0.06714410075380389	0.30653785597813044	0.15446038375885182	0.23019593601725105
0.23951420919739927	0.06566346416276567	0.30851979374987404	0.15685785332595492	0.22944467956400588
0.23723395984351092	0.06740910055683183	0.3068880834728922	0.15616972482405594	0.23229913130270885
0.23418056734242926	0.06311532835013325	0.31098045783768213	0.15708819019435807	0.23463545627539711
0.2285338729746429	0.0698801895797524	0.3149652178746162	0.1561100215417226	0.2305106980292657
0.23457076565418988	0.07252624956228917	0.3090943319760087	0.15352955824662035	0.23027909456089163
0.23500950012243035	0.0735047546748307	0.30606172346371935	0.15268451792041526	0.2327395038186041
0.24174127340958773	0.05941180107262539	0.31608510787381483	0.1549904712518078	0.227771346392164
0.23885671146582904	0.06933636284214587	0.3063828653627558	0.15664388742446678	0.22878017290480232
0.23823123661805273	0.07167433349833613	0.3074278697154088	0.15228393919491526	0.23038262097328685
0.22888181860859302	0.07200927120523018	0.3164604822216557	0.15562751430916205	0.22702091365535887
0.23306682240348253	0.06979904387771452	0.3142005118178465	0.15545139220098425	0.22748222969997195
0.23909515420833327	0.06569160942649363	0.3097264550475897	0.15607808034436857	0.2294087009732145
0.23136722420061845	0.07321387168735152	0.3067817805087426	0.15435029086469132	0.23428683273859582
0.2375427911443439	0.06583155894494644	0.31225015245774984	0.15302653360257068	0.2313489638503889
0.2336316290728031	0.07242068162014256	0.308771694568243	0.1568120869955849	0.22836390774322624
0.23151561828710165	0.06747245501997998	0.3169051451570322	0.15437292951396914	0.22973385202191676
0.24017982591921505	0.06601773493839863	0.30838926830091984	0.15683034343695285	0.22858282740451338
0.23633257412267233	0.06601935504339757	0.3092035321354716	0.15536166892303818	0.23308286977542012
0.2365069416606036	0.06354507802796411	0.31539690508241397	0.15348872852177325	0.2310623467072448
0.2305489211168067	0.07360739626341148	0.3119357617259745	0.15579429089027771	0.2281136300035294
0.23030221705827914	0.07703970078117986	0.3086423478581719	0.1544765833523561	0.22953915095001273
0.22842506548747035	0.06867128684837226	0.31364729451814644	0.1564782351448154	0.23277811800119533
0.23094884930441673	0.06982919796201723	0.3169960702274369	0.15270437282693944	0.22952150967918944
0.23557122537503403	0.07153188803850086	0.3083566323573253	0.15502693037794008	0.2295133238511995
0.2359098323693536	0.06665021183927569	0.31430966592416953	0.15490458954524572	0.22822570032195522
0.23247810713416198	0.0664411880912783	0.31289150009494704	0.15704217260351144	0.23114703207610104
0.23496744476161094	0.061555944786538364	0.3164404751973635	0.15370118521948983	0.23333495003499705
0.22802407622536386	0.07175593468463282	0.310643478459707	0.15704739637832654	0.23252911425196957
0.24088728952877347	0.06724048919399153	0.30846973909861153	0.15308292349157634	0.23031955868704684
0.23126465049417771	0.06497002918456629	0.3167295441327055	0.15297492402701396	0.23406085216153635
0.23492424302363069	0.07206668491100429	0.3121195053644318	0.15297056657157507	0.22791900012935792
0.22748968999102262	0.07367074758694175	0.30934178081730257	0.1572618698914911	0.2322359117132417
0.23456161075095572	0.0730382082272546	0.307640519057334	0.1529305303883196	0.23182913157613583
0.2333353969512437	0.06635963882722568	0.315279833827528	0.15239857656536113	0.23262655382864128
0.23048092629609668	0.06954676476520755	0.3105333079508327	0.15712334669902575	0.23231565428883708
0.23528812617925188	0.06893980453917437	0.3132853839491192	0.1530100660846345	0.22947661924781984
0.23659668950649648	0.06730248663946048	0.31487753506846405	0.1538686417453065	0.22735464704027222
0.22843485630754914	0.07750943006113639	0.30881085102736483	0.15213494406909187	0.23310991853485752
0.22942133818248547	0.07593250042282712	0.30763273553044734	0.15544888426919468	0.23156454159504514
0.23579780382893178	0.07035794586534777	0.3118669639074707	0.15442940749999656	0.22754787889825293
0.23135999149720576	0.07092597205908857	0.3088192528609992	0.1549796502581982	0.23391513332450803
0.22962098332800784	0.07353010316550468	0.30874172816582657	0.15450706258563152	0.23360012275502917
0.2315035725499332	0.07275659698165235	0.3092779875173906	0.15613461964094644	0.23032722331007718
0.23928933108051442	0.06418975494093673	0.30733945099768634	0.15471336466017763	0.23446809832068463
0.22849110734611583	0.07264104944745722	0.31656491888415655	0.15423933733969522	0.2280635869825749
0.2272633424822901	0.07161384702922188	0.3171657251381212	0.15604405085603673	0.22791303449432987
0.22933886448013027	0.07520799123152315	0.3099558715756524	0.15636168884996127	0.22913558386273267
0.23200598398375355	0.0759680455347359	0.3060198263415729	0.15385926523489937	0.2321468789050381
0.23772656467700742	0.06611314761501574	0.3066938628719543	0.15585325213152526	0.233613172704497
0.23464608692822653	0.06589024232393276	0.30996487049902105	0.15583506816598125	0.2336637320828382
0.24049082300224545	0.06682294839756134	0.30566480158065373	0.15224456901022615	0.23477685800931308
0.23884352063561348	0.06183036116834156	0.3127356723753859	0.15294233059024465	0.23364811523041418
0.2331505375934254	0.06827995481599519	0.3149010888318692	0.15595949369596118	0.22770892506274884
0.24178492438520205	0.059611073203018394	0.3128332742556953	0.1564723500491384	0.22929837810694562
0.23275276242470552	0.06340634362235645	0.3134274779105767	0.1565139731973002	0.2338994428450609
0.23100534005628937	0.07165272480056786	0.31217582083087014	0.15383226352922244	0.23133385078304997
0.23614779701394412	0.07314150771968356	0.3056896242357859	0.15247113339339852	0.23254993763718768
0.2332820567344262	0.07535836605879767	0.3064651525397917	0.1516532403642185	0.23324118430276566
0.23397327840578128	0.06691417441782463	0.3131909836979702	0.152505562798918	0.23341600067950566
0.2389528383143884	0.06353614920925629	0.31038065712927954	0.15404213356886892	0.23308822177820657
