0.16822029950681194	0.1684668470172205	0.2923420886215309	0.26938562686545897	0.10158513798897745
0.1649262647307708	0.1702836731953687	0.2957459687661743	0.267910154978784	0.10113393832890202
0.16804661242711344	0.16420199629403567	0.29280270049117374	0.27204070366373745	0.10290798712393953
0.16556557359350413	0.16220068632850923	0.2997852978942098	0.27019615530946794	0.10225228687430862
0.16616769614106752	0.16224697808723695	0.3001195262011494	0.26846007673803385	0.10300572283251208
0.16865493283923202	0.16231693863540836	0.30269408911707596	0.26494820152093557	0.10138583788734791
0.16733939461050734	0.16761100018479347	0.2954680549270573	0.26678278618814644	0.1027987640894952
0.16753044149843765	0.16981114681712975	0.2990512416777938	0.26369690982932303	0.09991026017731554
0.16552064450727993	0.16393824541225915	0.2969413031198189	0.2707780450062477	0.10282176195439416
0.16804030258882935	0.17122347000189123	0.29231236592364906	0.2656465596039511	0.102777301881679
0.16562178382260603	0.16527817067174388	0.295857366657671	0.27161525894394456	0.10162741990403433
0.16756587278931767	0.16418741204663503	0.29366244293502997	0.27177188386955964	0.10281238835945747
0.16693648065356023	0.16718641856283825	0.3011017410172242	0.2635049750756659	0.10127038469071122
0.16496924541156868	0.1700952823172806	0.3006211162011821	0.2639887821748048	0.10032557389516363
0.16753146563894816	0.1694959177116264	0.2948565635291116	0.2656192029286114	0.10249685019170228
0.16820473624482768	0.17076761893533327	0.2929698469086839	0.2653488631986977	0.10270893471245726
0.16524483360552933	0.17005656783571316	0.29896235313131797	0.264167729380716	0.1015685160467234
0.16488656888781075	0.16605361591708556	0.30477817616444747	0.2633821384986983	0.10089950053195776
0.16660217771853836	0.17044957916832776	0.29529134951780894	0.26739849242905767	0.10025840116626705
0.16587195337289817	0.16999139368718258	0.29337942353383395	0.2687893719922602	0.10196785741382489
0.16491788859264814	0.16913614909866964	0.29827155031925007	0.2653260862739955	0.10234832571543642
0.16572934048583027	0.16291052944993706	0.30278059833522897	0.26709697771802365	0.10148255401097987
0.16696262551507374	0.1647062918967334	0.2962733281096739	0.2721035220730542	0.09995423240546461
0.16591714544463876	0.16515382019452782	0.29997262168391065	0.2668820088936934	0.10207440378322923
0.16781794933039648	0.17018697391899834	0.2953089497048961	0.26669551132977354	0.09999061571593537
0.1649347174067821	0.16755043080896154	0.29858260200546094	0.2666153134842424	0.10231693629455282
0.16778398827681326	0.16689798835888245	0.2961465585804879	0.2683748697228289	0.10079659506098726
0.16678150099991135	0.1701234196930955	0.29591722870866244	0.2644577200377704	0.10272013056056006
0.16802811842371104	0.1643790777847636	0.3003165290424845	0.2666975810123279	0.10057869373671277
0.16798137918099942	0.1677510909402637	0.29645152021811133	0.2653354815679689	0.10248052809265648
0.16707901682290147	0.1699240800635568	0.29546963381246183	0.2659048767398979	0.10162239256118186
0.16640735970510773	0.1625009053393542	0.30279043112812376	0.26831798123576195	0.09998332259165214
0.1682638301549122	0.1646776334934184	0.29559594417187174	0.27072295999540824	0.10073963218438924
0.16669111917037358	0.16545865315158537	0.2937819032743887	0.27126675876210693	0.10280156564154525
0.1678239671648922	0.170758844459644	0.29329859066085795	0.26522537619217873	0.10289322152242693
0.1656315193992711	0.17023113329259074	0.29811429065704587	0.26539474945275204	0.10062830719834008
0.167498579453218	0.16815149772611293	0.2966038116508274	0.2675961491133109	0.10014996205653055
0.16862782368800622	0.1698728677390361	0.2946565698363862	0.26547884962401613	0.10136388911255514
0.16486744271253395	0.16509035043866413	0.3037643557196502	0.26501599994103114	0.10126185118812034
0.16552933408589382	0.16642124876398445	0.30060101165353065	0.2646649564399507	0.10278344905664022
0.16906259632806045	0.1620626138330276	0.30001586646807177	0.26765946968826165	0.1011994536825783
0.16565820475055837	0.16370165166720552	0.3010396245978395	0.2667302582388391	0.1028702607455573
0.16709880515442743	0.16468243274007907	0.3013947792678988	0.2660753223266541	0.10074866051094034
0.16875601444881738	0.16961427382922095	0.2947155004872701	0.2638437338653181	0.10307047736937332
0.16645209238827638	0.16464277906728744	0.3033978482393321	0.2646525459108306	0.1008547343942733
0.16776455832289697	0.16668298616059846	0.2985206145129753	0.2651505476531307	0.10188129335039842
0.1665245557040414	0.16529171900751527	0.3011538688104437	0.2667254083060605	0.10030444817193887
0.16698661493335	0.16215320391715515	0.2994987755148111	0.2684506252658827	0.10291078036880094
0.1687819859226793	0.16679640590021136	0.2979004110110079	0.26617681743837285	0.10034437972772843
0.16741330128516438	0.16566982669797778	0.30050475422510137	0.2637611806912723	0.10265093710048395
0.1648016237150291	0.16644810517340672	0.2994671579152751	0.2691074476084006	0.10017566558788821
0.16696086871308294	0.17054343352092305	0.29499866374783357	0.2644454268987561	0.10305160711940413
0.16644409862704154	0.1692241951973042	0.2941077103298078	0.2675023521302379	0.10272164371560832
0.1674356531479589	0.1685536271009347	0.2940692154558115	0.2697100944642352	0.10023140983105948
0.16619690115844954	0.17008037802939105	0.29845239918044747	0.2651502391282733	0.1001200825034385
0.16821039226079187	0.16756356044107204	0.29921806354619396	0.2640233145755691	0.1009846691763728
0.16766823338915296	0.16957448010039874	0.2933640647314619	0.26675048533001855	0.10264273644896764
0.1686861678186945	0.17036101126406547	0.2956873550409466	0.26530468857618	0.09996077730011323
0.16473360613788654	0.16470626068722374	0.30438282922648147	0.26460708372237746	0.10157022022603059
0.16673094633030672	0.16466077733934692	0.2991798427205337	0.266757447449573	0.10267098616023948
0.16509047731628101	0.16224831271931645	0.29693273346794186	0.27247029023286845	0.1032581862635921
0.16481397685285334	0.16381279875778593	0.2963814662114034	0.2722109341486783	0.10278082402927886
0.1649361230286315	0.16779858786916477	0.2941472170060076	0.27223420151045036	0.10088387058574558
0.16904838416063211	0.16369046929894193	0.3023960807528918	0.26336470101841614	0.10150036476911775
0.16725334730715988	0.16246026510019118	0.30390893067672753	0.2654961680878756	0.1008812888280457
0.16534590517807352	0.16276483501262629	0.30213326871140295	0.26833129525989874	0.10142469583799832
0.167236272514417	0.16294755588034968	0.30223942796494285	0.26455478138811883	0.1030219622521714
0.16888313807707703	0.16951110797613256	0.2975640513309279	0.2639212428174102	0.10012045979845216
0.16865897778163416	0.16693898722134218	0.2962350921921472	0.2668714105349544	0.1012955322699218
0.1669180115247769	0.16368282694189995	0.3019022367536356	0.26582373860031905	0.10167318617936838
0.16895023993227418	0.16691490738636827	0.29323086052655856	0.27085011843169166	0.10005387372310716
0.1671644942332468	0.16803401046330435	0.29708875394437195	0.26540976432467445	0.10230297703440228
0.16464981871812384	0.16601755345536723	0.3016113455557213	0.2660456114765042	0.10167567079428325
0.16527807879955264	0.16419414417536993	0.29870855322751544	0.271110570330748	0.10070865346681375
0.1671904924084422	0.16351230873843256	0.29763518632158503	0.27064056590926044	0.10102144662227958
0.16693842256793617	0.16912949358236834	0.29283453832459516	0.2703984235592183	0.1006991219658819
0.16820010260664275	0.16644846573213307	0.2938180100641309	0.26949013359437934	0.10204328800271376
0.16519105025214148	0.16796089548036194	0.2959485046546004	0.2687374656623629	0.10216208395053311
0.16591394175974555	0.1665544310389191	0.30295941640106594	0.26330015108563243	0.10127205971463685
0.16645209759694696	0.1695367102669534	0.29656678889882404	0.2646436080600492	0.1028007951772262
0.16729738852385256	0.16877610053672665	0.29655146740442745	0.2663178183519998	0.10105722518299332
0.16826182745126106	0.16228623938453435	0.29583223836699235	0.27220171702536883	0.10141797777184319
0.1656349433826922	0.17085840200930075	0.2987160423768107	0.26424582271329067	0.10054478951790552
0.16726464622999657	0.16575608549007315	0.29327618071222855	0.2716672388567144	0.10203584871098713
0.1651021501812037	0.16316299268711343	0.2990055888787616	0.27238506812603624	0.10034420012688484
0.1651136920382757	0.1655440107347384	0.3002790077509313	0.2670131516554049	0.10205013782064948
0.16680112269169667	0.16472196555180696	0.3034149781653197	0.2646901887192801	0.10037174487189639
0.1654828848425043	0.1668529990550612	0.2990809337693564	0.26738143570840756	0.1012017466246703
0.1679111684407284	0.16601298409053217	0.29254154680609	0.27069036332779095	0.10284393733485826
0.16637373980914166	0.16388658818912072	0.2984247347683665	0.271377182165118	0.09993775506825289
0.16765936434815965	0.16492580209041727	0.2994349625437851	0.2649535417485923	0.10302632926904545
0.16561305697246467	0.16976676057387707	0.2993519325942329	0.2642561534343034	0.1010120964251218
0.16541228636623245	0.1625256115138497	0.3025878760790101	0.2664325880233797	0.10304163801752786
0.16629889813858417	0.16324348956470847	0.3009990893457112	0.2666958261873622	0.10276269676363377
0.16806063863098922	0.16278275407600168	0.2970196420089127	0.2721791490849003	0.09995781619919589
0.16584869641346345	0.1675475213379596	0.29871686224692656	0.26715379523007454	0.10073312477157563
0.1649389670318795	0.16806157261049814	0.29470808726469866	0.2722624905920304	0.10002888250089316
0.16523661680042112	0.16665250805973472	0.2940539362781399	0.2707592371594927	0.10329770170221134
0.16604314112477692	0.1638103962676764	0.29983242646084984	0.26927413502761627	0.10103990111908037
0.1690590633551488	0.16887388903438122	0.2930569455424261	0.267336561678382	0.10167354038966167
0.16527280681439432	0.1710043350656807	0.2951495755616844	0.26856316014669546	0.10001012241154487
0.16666764304349305	0.16460248982979014	0.29944692049473953	0.26614221563510104	0.10314073099687604
0.16842791547907032	0.16322822724284247	0.29812275119170173	0.26909790647426346	0.10112319961212185
0.16533388965760845	0.1656322549406031	0.29462181892356665	0.27118789666958526	0.10322413980863637
0.16655460982510684	0.1714055890479624	0.2942084801798931	0.26507984738886836	0.10275147355816908
0.16752178823558486	0.1643404692659887	0.30177292493841895	0.2659370001150847	0.1004278174449226
0.1653834901071819	0.16950724811432316	0.295961619119115	0.2681295718050736	0.1010180708543062
0.1684724011831982	0.16759401610153296	0.29585259749085896	0.2675201111653861	0.10056087405902353
0.1665897795327582	0.16786252519644235	0.29517930980962054	0.26763302566428704	0.10273535979689169
0.1677922544145186	0.16668106328395266	0.2971620018997662	0.26789571909049126	0.10046896131127109
0.16468336138377973	0.1629089805267054	0.30440131724186403	0.26581602048293695	0.10219032036471369
0.16593388797634454	0.16825939088960562	0.29880204798410803	0.26581656866422376	0.10118810448571788
0.1689865623057996	0.16524388031672552	0.2937864398312318	0.27179285079812027	0.1001902667481226
0.1677027326568239	0.16673586883106917	0.3007387402292043	0.26371673364841264	0.1011059246344898
0.16625905502614774	0.17065640887180808	0.29229315998500394	0.2678539350306542	0.10293744108638583
0.1648871768459996	0.17052704794892692	0.29766484872445687	0.263979501146212	0.10294142533440442
0.16713965249942392	0.16302214489363082	0.2967079841387859	0.2702548017131928	0.10287541675496636
0.16689561930152255	0.16393874322440583	0.3036694804733727	0.26339497840182496	0.10210117859887374
0.16648002553177801	0.17025948496009893	0.2957248812184929	0.26731186779685046	0.10022374049277948
0.1651645005775609	0.16606192758609375	0.29783463529266924	0.27022880802541177	0.10071012851826415
0.16718349968430363	0.16315032340298624	0.2962633437961408	0.27216821401823116	0.10123461909833795
0.16760507640322067	0.16742893129507924	0.2997615862621781	0.26433101353073774	0.10087339250878405
0.16750595158692655	0.16238374588146137	0.3033425344300248	0.2665646321300282	0.10020313597155889
0.16813673341138635	0.16503897195105396	0.29894476984096185	0.267554681801724	0.1003248429948736
0.1662017255459041	0.16574354964608176	0.2996534302277931	0.268320694619883	0.10008059996033784
0.16532882207143182	0.16208229750803013	0.2980523525243778	0.27177147357347176	0.10276505432268829
0.16604016320890788	0.1682792161772005	0.2935635676050921	0.26900633723491835	0.10311071577388091
0.16829114018759075	0.16615939617051984	0.2983831815674165	0.26487278474982706	0.10229349732464568
0.16789869651618783	0.16523361538641895	0.2985984227914178	0.26558337329319437	0.10268589201278089
0.1671847828508169	0.16380396906235994	0.2997602482861532	0.2668451323895436	0.10240586741112609
0.16666285079184406	0.16304397318213104	0.30105721826410214	0.26713007014452117	0.10210588761740139
0.16510396184705328	0.16689252328183155	0.29574896681017815	0.2693446431850472	0.10290990487588962
0.166743787516666	0.16313490673207134	0.2990830176033252	0.2703191126046667	0.10071917554327062
0.16753281816005516	0.1683990567459358	0.298729819818108	0.26497051619277157	0.1003677890831293
0.16780766724908586	0.16936716620711864	0.29235101960992277	0.2693889576222413	0.10108518931163119
0.167968809159568	0.16563833462233243	0.3005950875837084	0.26473110824271	0.10106666039168093
0.16616778074033206	0.1632790050764206	0.3008871504403218	0.26654491996847995	0.10312114377444537
0.16618659661544427	0.17081021237664848	0.2972093254606598	0.26414310300162486	0.10165076254562234
0.1651454237776131	0.17019156085596904	0.2954575727917572	0.2671873664331826	0.10201807614147784
0.1678660325364508	0.16928269883283784	0.2955623919879895	0.2640927749548485	0.10319610168787312
0.16728391381610694	0.162488277135143	0.2958377097315468	0.2721057383703215	0.10228436094688154
0.1665970574228013	0.1702370439180496	0.2957429815219711	0.26447765286195746	0.10294526427522033
0.16570473827647902	0.16339837073229818	0.30251518886594764	0.2669457828579116	0.10143591926736338
0.16548907004778748	0.17030782550507256	0.292499956157018	0.2687340438277517	0.10296910446237005
0.1665896781998083	0.1705133270290337	0.2992539292458885	0.26355118616997364	0.10009187935529566
0.16675429881465753	0.17113422240198106	0.29778830121190025	0.2637480980179615	0.10057507955349942
0.16767107481181417	0.17005660770725864	0.2923445564856437	0.2697879962918854	0.10013976470339786
0.16782138387862083	0.1625799853201418	0.29773974124319635	0.27080903780202836	0.10104985175601247
0.1689394158165562	0.1704840451778729	0.29307011346460643	0.26627322227596284	0.10123320326500143
0.16589528696611272	0.1643604484661454	0.2973751089127773	0.27210269723771874	0.10026645841724564
0.1691204291752207	0.16246154085468292	0.29952963635795216	0.2674527662867444	0.1014356273253996
0.16595239201616474	0.1677086912234733	0.29719983897742713	0.26815246033882134	0.10098661744411329
0.1654823216724677	0.1637462853979721	0.3002403840086194	0.2675262024801392	0.10300480644080141
0.16814696181831773	0.1630930269382525	0.301512105182841	0.2667993692301451	0.1004485368304435
0.16657469836363098	0.16794126188928468	0.2943171209091528	0.2686487420045656	0.10251817683336571
0.16913633691304286	0.16649214355163566	0.29684346966501984	0.2668461946778346	0.10068185519246681
0.16846184375823603	0.16528412741588477	0.2991910087683668	0.26534225934543176	0.10172076071208047
0.16474209856329822	0.1706358405820274	0.2954100357294997	0.26631019945426343	0.10290182567091102
0.1691146332062964	0.1688896608364918	0.2969774949704598	0.26421781252472315	0.10080039846202865
0.168196412235637	0.17080490300339402	0.2952739911709842	0.26437388688279295	0.1013508067071916
0.16883901406223326	0.16286037581570303	0.2943638970544352	0.27220065917240155	0.10173605389522668
0.16880222831002792	0.16618822561329855	0.2994032266273066	0.2655052822563532	0.10010103719301353
0.16749744009489878	0.16684076857454483	0.2930182615807304	0.27243004646286706	0.10021348328695871
0.16489308261521637	0.1646245734966642	0.30379433642085907	0.26505329720072895	0.10163471026653116
0.16715830328511494	0.16678364186227335	0.29812071757298614	0.2672760394053459	0.10066129787427949
0.16645852961575555	0.164730572448822	0.3004447029154331	0.26694648018188055	0.10141971483810855
0.16550319966948937	0.16894211547877477	0.29739976108622135	0.26731416463671454	0.10084075912879982
0.16703928500123633	0.16410339050916917	0.2990292799458605	0.2696879893548092	0.10014005518892467
0.16554754425653756	0.16556318586074803	0.29471842931674047	0.27228293240118884	0.10188790816478488
0.16681393464595234	0.16644790861419234	0.2998732627068111	0.2650568993540516	0.10180799467899246
0.16867481141322185	0.16397593909378907	0.29711951915544627	0.26788664972046994	0.10234308061707265
0.16678640386180607	0.16203394175847996	0.29614621092796534	0.2718899098324842	0.1031435336192642
0.1652774145904038	0.16620492937612097	0.30269372691152746	0.2639295409125577	0.10189438820938981
0.1677440280672417	0.162237992305943	0.2976016130296541	0.27031855526749576	0.10209781132966525
0.1678261326512964	0.16326275247249245	0.30340001524677773	0.264554146346148	0.10095695328328524
0.16502539867732058	0.1625855732696081	0.29819664598239654	0.2713888930647897	0.10280348900588487
0.1682927086455228	0.16320977451008528	0.30237220041706164	0.2636516855509053	0.10247363087642479
0.16497340801946803	0.16969294451965442	0.29553127070634105	0.26981146184412175	0.09999091491041456
0.16467610639182814	0.16818507716150854	0.29337951373223947	0.27144230198327834	0.1023170007311453
0.16746512145266018	0.16421246966049774	0.2965119309595329	0.26868833472945	0.10312214319785908
0.16794325552264483	0.167049333296426	0.29453086354454594	0.26927737741463664	0.1011991702217464
0.1680891118939973	0.16319213711477837	0.2986095134746489	0.2677191730621017	0.10239006445447352
0.16503724863120756	0.16533597216203277	0.30264453130967783	0.264484634029909	0.10249761386717261
0.16533944848196946	0.1691098983834198	0.2922403824138445	0.27256467844892535	0.10074559227184074
0.1676610802663568	0.16756391229943654	0.2940385884805262	0.26834796376918957	0.10238845518449069
0.166163843613138	0.1705084358708987	0.29912794935196935	0.2635502674266409	0.10064950373735293
0.1675678399189613	0.17032145181332323	0.29435744219480864	0.2646658482420269	0.10308741783087977
0.164674394262437	0.167390971965714	0.3011761438178294	0.2642959489928286	0.1024625409611908
0.16609874546428433	0.16657746649427674	0.30153649582344416	0.2634822253145525	0.10230506690344207
0.16824485961188443	0.16729806293637312	0.298207501652491	0.263446023753902	0.1028035520453492
0.16890351223432695	0.16306808832962985	0.3024923272826615	0.26511274194455914	0.10042333020882233
0.16541796437905337	0.16353653597751458	0.3020441761632692	0.26588473660715867	0.10311658687300401
0.16562388674768075	0.1713009092272003	0.292615592046461	0.2672182570287911	0.10324135494986664
0.1665202538176438	0.1701002801811889	0.2977419528550068	0.26459601373656527	0.10104149940959498
0.1680780598943573	0.16473340537873174	0.29668205363229716	0.2696735782813554	0.10083290281325821
0.16639925698132002	0.16578895266237398	0.29944755554404123	0.2662630370301512	0.10210119778211335
0.16673361271953602	0.16926108174953883	0.2956101685105324	0.2670896355161434	0.10130550150424916
0.16821465106898392	0.16645568957195062	0.2955599201682873	0.26725951231448075	0.1025102268762972
0.1675551568590958	0.16964570441042942	0.2939556113397438	0.2666550770449826	0.1021884503457482
0.16838368116098493	0.17121801281792348	0.29309043088788767	0.26628733596258675	0.10102053917061696
0.16751249592480827	0.16526720150910293	0.2978514666810436	0.26646134166812474	0.10290749421692025
0.16478419615259393	0.16489615653403275	0.30395765425641336	0.26340211756335097	0.1029598754936088
0.16603607009212706	0.16287004385776743	0.3044996717166032	0.2645719327598956	0.10202228157360657
0.1658613170199542	0.16526752584832405	0.3003543098397962	0.26695910233582937	0.10155774495609597
0.16886181184919252	0.1659021596369601	0.2932486645435896	0.27193187635757576	0.10005548761268182
0.1673664830813489	0.162945381460157	0.3002118436954716	0.26643094652338334	0.10304534523963896
0.16509154095241874	0.16515555714399202	0.2988986734544702	0.26806055556920416	0.10279367287991467
0.16894510389778422	0.1676462633547945	0.29708452747414393	0.2645299276715438	0.10179417760173332
0.1688116917248449	0.1647730803661419	0.3024741015694013	0.26348283232712033	0.10045829401249137
0.16590963116774562	0.16926530618510316	0.2970294487093359	0.26742647454821467	0.10036913938960049
0.16882862221532013	0.1651045423668303	0.2972354059563685	0.2677019948818207	0.10112943457966016
0.16744670471376058	0.1627433127520576	0.2960644494746626	0.2704594448981631	0.10328608816135593
0.16504584115564164	0.16648021895351145	0.29631673265420355	0.270401700528887	0.10175550670775618
0.1678616455503128	0.1626928928705421	0.2954583222515622	0.2716297656640554	0.10235737366352726
0.16708908575347559	0.1637964456662227	0.30276684562369116	0.2660487798918575	0.10029884306475287
0.1651778162952262	0.16933929476485493	0.29288976881124185	0.2714037631842223	0.10118935694445451
0.16543183626864874	0.1697714100704606	0.295917526110294	0.2680833029698863	0.10079592458071016
0.16518852635545261	0.1644053232440217	0.29982657812507907	0.2676237717113765	0.10295580056406985
0.16512402412644753	0.162237017636899	0.30378080827696685	0.26638925043141093	0.10246889952827551
0.16650172553687806	0.1688074371438577	0.29385755280885417	0.26996582884433284	0.10086745566607702
0.16787915192872543	0.16670392008218374	0.29907573232721296	0.26333121742392757	0.1030099782379501
0.16831216859620843	0.168752844673908	0.29434952176156537	0.26732577792321444	0.10125968704510357
0.16533595932663914	0.16498307790686337	0.2965403529410782	0.27243889230037566	0.10070171752504337
0.16870000262443108	0.16443595089173219	0.2986228762482503	0.26529415537672857	0.10294701485885763
0.16656987991519207	0.16591079246401322	0.2969313436700163	0.27042609932431383	0.10016188462646433
0.1647965110842096	0.17016870279233987	0.29292004697560764	0.26905327623798125	0.1030614629098615
0.16858744358611097	0.16210519323426853	0.29797065865873607	0.2692102904663513	0.10212641405453292
0.16800995176003355	0.16458168639070325	0.3040892093387425	0.26332436878037446	0.09999478373014598
0.16471615189785427	0.1700832197617671	0.2938492282988383	0.2701908495278564	0.10116055051368375
0.16771243154383858	0.16818465674906835	0.2931640650771772	0.2697307316086051	0.10120811502131058
0.16602645053523796	0.16469550587574922	0.29911406526626044	0.26950803539923995	0.10065594292351221
0.16696354623084692	0.16432822979699874	0.30063105859235867	0.265635346942217	0.10244181843757846
0.1651446190258022	0.168107481013608	0.3012843293177345	0.2637775404563594	0.10168603018649566
0.1654883117496324	0.1638090628358961	0.30160448461236156	0.2667945219572804	0.10230361884482941
0.1674579106251449	0.16662581690398973	0.2979093063179116	0.2647023932600642	0.1033045728928894
0.16576098959947644	0.16308307565258018	0.29853660238854973	0.27189777827916034	0.10072155408023312
0.16577557536551296	0.168822018469238	0.29887632729780245	0.2663254182747512	0.10020066059269514
0.16719470957352253	0.1622064564586873	0.3026376384548732	0.2673708868660791	0.10059030864683763
0.16778959694759088	0.1707561160291984	0.29695351938645653	0.2646478280731165	0.09985293956363747
0.16721214800155892	0.17012886360679935	0.2921822522838077	0.2692170771545897	0.10125965895324415
0.16700356907252423	0.16270828022918188	0.30256182896092243	0.26662823760172444	0.10109808413564685
0.16828317630827463	0.16635003324769435	0.2950502250207128	0.26975244633417217	0.10056411908914581
0.16486211827895592	0.1647031782151463	0.2969152383129059	0.27086805308262063	0.10265141211037102
0.16730194648160812	0.16663092833151516	0.29796027979868656	0.266514572691393	0.10159227269679696
0.16568948432925126	0.1700157824218485	0.2944160495130048	0.26910925878652237	0.10076942494937285
0.1686280044722762	0.16580780425371008	0.29903715590884244	0.26475250835634356	0.10177452700882754
0.16576826126951824	0.16807716559117952	0.2987085197918122	0.26418910667259327	0.10325694667489663
0.16708905387092027	0.1704810381040369	0.2954842925963596	0.2659864071899814	0.10095920823870166
0.16526490322098242	0.16919596788720054	0.29535539543518996	0.2677315936607916	0.1024521397958353
0.16770485516314465	0.16701816758092622	0.3004213987378962	0.2643369750548289	0.1005186034632038
0.16781633367422316	0.1661390103555303	0.29717237997774554	0.268717859880879	0.10015441611162178
0.1656978090473867	0.16600371817518372	0.29833034552703974	0.2678563869364134	0.10211174031397621
0.16597935879798123	0.16870313964113948	0.2935671771645549	0.2696691341882291	0.10208119020809513
0.16832642840244252	0.16359993083488106	0.2972611519755357	0.26861817236563623	0.10219431642150423
0.16889380021717967	0.16250255636452737	0.30173102104752747	0.26691554129279316	0.0999570810779721
0.168933440482675	0.16550271319000476	0.29770674918376266	0.26467086817277347	0.10318622897078389
0.16753571200550116	0.16700365059670016	0.29357633760331864	0.2706575608986274	0.10122673889585244
0.1662959047523382	0.16440939667917273	0.29955809620710083	0.26831027583921946	0.10142632652216856
0.1651091291040212	0.16726050985824648	0.2939144040760485	0.27042784806574716	0.10328810889593651
0.16773327652879316	0.16429382177485835	0.299410885488236	0.26827718940512896	0.10028482680298331
0.1664587796327674	0.17084861084804215	0.29404668217368235	0.2669244048744252	0.10172152247108271
0.16816943435624768	0.16923677165942028	0.2937731881392989	0.2659347200292319	0.10288588581580105
0.16847582470471933	0.170302771249671	0.295223207469804	0.26552727647032925	0.10047092010547616
0.16528700621925901	0.16518268989238116	0.3028506798083792	0.26399516881475305	0.10268445526522733
0.16881268396766266	0.16612344098648443	0.29470447650645765	0.2687322812810699	0.10162711725832518
0.16562622745981606	0.17035145429172044	0.29812247444560963	0.26384598952718097	0.1020538542756727
0.16869068779264385	0.16687918461065276	0.29538787098537006	0.26606039514236823	0.10298186146896489
0.16832073247892504	0.1704326662388901	0.29441063502822334	0.26671094039501597	0.10012502585894531
0.1675874980194296	0.16801038648075797	0.2926317694222584	0.2706585362027373	0.10111180987481654
0.16518437568635547	0.16715461687477362	0.2988450595385132	0.26605678730250315	0.10275916059785434
0.16548079626500575	0.16822655948561888	0.29757856712254804	0.26677628328578185	0.10193779384104526
0.16702994670407167	0.1652366765019156	0.2992481930627069	0.2667635085486075	0.10172167518269813
0.1651599239770272	0.1649607739039835	0.2952575587631127	0.2714382178426695	0.10318352551320689
0.16567360999629582	0.16596973721191752	0.2999433505369514	0.2682856519800542	0.10012765027478082
0.1666249229827252	0.16731611901204374	0.2959417551066994	0.2679900799331806	0.10212712296535092
0.16737438666950233	0.1671390859752416	0.29416965514397364	0.2686054366374975	0.10271143557378473
0.16637141830129792	0.16354406194313098	0.2988446166177371	0.2705994243148243	0.1006404788230095
0.16551575814277203	0.1648555360273197	0.298776904960858	0.26778184213532585	0.10306995873372418
0.1670768549454832	0.17040941842607418	0.29503107770802195	0.26467364755727996	0.10280900136314056
0.1650160968067438	0.16234275326481146	0.30207644117035076	0.2677105786177625	0.10285413014033126
0.16693343443867065	0.1632047083219813	0.3042951397242072	0.265070718024218	0.10049599949092265
0.16654536097507727	0.16684603057420797	0.29261200093350737	0.2707229475326008	0.10327365998460641
0.16682981062757168	0.16951870418365952	0.29681860553141076	0.26670513487145014	0.10012774478590769
0.1660435179950926	0.16905229540423614	0.2947622120990392	0.26712276274120644	0.10301921176042542
0.16842084678703267	0.16451979499980485	0.2992887135661451	0.2656615711670297	0.10210907347998745
0.16688378158529038	0.1670359127881738	0.2932139344244398	0.2715693822729034	0.10129698892919241
0.16911691313618607	0.16428711548674185	0.29350808050920296	0.27102289293306414	0.10206499793480478
0.16575062398616136	0.16744295895033537	0.2984558613795172	0.26748133580422967	0.10086921987975617
0.16726854256103257	0.16597239641165984	0.29542376302645723	0.2696740641668662	0.10166123383398397
0.16594137962424474	0.17104892483590128	0.29242257319819415	0.27018363275349194	0.10040348958816772
0.16775528064810874	0.16212494158439067	0.30220108915816457	0.2671120546559945	0.10080663395334127
0.16717506625547895	0.16650428662178832	0.3010206659021235	0.26427418375620837	0.10102579746440066
0.16511558657908293	0.1629468008038504	0.30048362870893003	0.2698519005909883	0.10160208331714812
0.16850269559764108	0.1639036257963718	0.2959191712396829	0.26953569524395593	0.10213881212234807
0.16877394651397315	0.16375077544452254	0.297726297240574	0.26697599144844847	0.10277298935248166
0.16798766012926802	0.163076827131514	0.3012001427291947	0.26633690774060137	0.10139846226942165
0.1652815296466571	0.16414018972359776	0.30174553608946186	0.2668119488729024	0.10202079566738073
0.16701728871698718	0.16315032368819593	0.2956866366116576	0.27248748295625647	0.10165826802690262
0.16770938040070976	0.1652095372238829	0.29996264012735846	0.2649986338489995	0.10211980839904913
0.16872326999376575	0.16694697225137578	0.2983422254011263	0.26474032240173373	0.10124720995199823
0.16627207604373131	0.17018864044226112	0.29539960039945057	0.26793915634849497	0.1002005267660618
0.16758654697927294	0.166901601415556	0.2965365162454492	0.2675071782750424	0.10146815708467924
0.16630220850622182	0.1637958320376668	0.30299543858302586	0.26459463921496185	0.10231188165812347
0.16856720806823033	0.171292589106548	0.2935963935152875	0.26360262859140315	0.10294118071853084
0.1663739703324018	0.1703646867767062	0.2963220821752571	0.26663005624396957	0.10030920447166516
0.16798912119737358	0.16904686234360478	0.29790831027754106	0.26355615491674167	0.10149955126473875
0.1675726772206185	0.16808807374068702	0.29804251648660257	0.265582801251658	0.10071393130043373
0.16492829489024285	0.1671944619808038	0.29747403310150505	0.26869949715258	0.1017037128748681
0.16760913448491127	0.1686667932584109	0.2991890636250497	0.2639244770307497	0.10061053160087813
0.16786882925150395	0.1652836602316384	0.29265184638281316	0.27257256834773946	0.10162309578630478
0.16880786596430547	0.16390317976360486	0.29758077693984686	0.26946503464215626	0.10024314269008634
0.16468463491153434	0.16291337418189897	0.30220467467521483	0.26901813572979105	0.10117918050156055
0.16586602199702521	0.16603289714026115	0.3000613250187616	0.2652340815485684	0.1028056742953834
0.166034166575993	0.16518632589487972	0.30444485870651844	0.2632994582795325	0.10103519054307618
0.16514257125249837	0.16683564799878306	0.3007765373461725	0.26545118980235693	0.1017940536001889
0.16522213051100168	0.16945006551410638	0.29365429850895025	0.2700993943756783	0.10157411109026314
0.16603338375671878	0.1692786956605656	0.294074280863951	0.26843369872020173	0.10217994099856267
0.16537563586633888	0.16373595681313113	0.2998256133388695	0.2708081844845806	0.1002546094970797
0.16477666344798192	0.16293589185530427	0.29724920291254764	0.27255165685057103	0.10248658493359496
0.16542845110344193	0.1631652651247814	0.30283073129710514	0.26796445671800884	0.10061109575666247
0.1670472755826118	0.16871275277768838	0.2978126004592974	0.26487468367532085	0.10155268750508137
0.1677632363957268	0.16863317898002533	0.2952655942086103	0.2683006099880435	0.10003738042759389
0.16766702136011855	0.16790688957001038	0.2941369951574984	0.26926729215454626	0.10102180175782621
0.1683428237905509	0.1659837396727076	0.29663479245037305	0.26881600763280666	0.10022263645356164
0.16747450619193585	0.16314125757357326	0.3015407668429743	0.26604057624088817	0.1018028931506282
0.16673430005392792	0.16395926603339717	0.30004742727311967	0.26737895037783727	0.10188005626171781
0.1676137468551875	0.17032418230328103	0.2934288771395197	0.26874344192311195	0.09988975177889957
0.16854630703789963	0.16251035296445007	0.3009808837068413	0.2668956684016156	0.10106678788919325
0.16851050754259758	0.16234788659716967	0.30110032071481757	0.2659940680245745	0.10204721712084053
0.16654962652810393	0.16553837852836917	0.304030571153889	0.2635229651099599	0.10035845867967788
0.1653036871031867	0.1700642362683231	0.2973463343292758	0.2658654472227747	0.10142029507643945
0.16743825966326684	0.16582846978830282	0.2932763179394994	0.2718893653950526	0.1015675872138782
0.16485776821923506	0.17061757021112442	0.2942056339109142	0.2684486585985542	0.10187036906017191
0.1659245447481367	0.170461156643428	0.2980959291078644	0.264562465479674	0.10095590402089673
0.1656006856634083	0.16862909163527828	0.2925991607833639	0.2701565488696303	0.10301451304831902
0.16625995335780994	0.16657122426183135	0.3018152184471915	0.2651453286477634	0.10020827528540355
0.16568813973406496	0.17103261472470932	0.2958551785238242	0.2669201802009411	0.10050388681646019
0.16862592065789445	0.16377692517544165	0.30262388107722565	0.264051343136952	0.10092192995248606
0.16601053635543345	0.16308199139732643	0.3031670374710801	0.2669495836299174	0.10079085114624248
0.16654805170251186	0.16370313281563928	0.3023748871083234	0.266084767505828	0.10128916086769728
0.16608668672152616	0.16308896041330562	0.2998307943601234	0.2681132042415962	0.10288035426344846
0.1659700627992074	0.1652833557578544	0.3003500576190007	0.2652160858271837	0.10318043799675362
0.1669934440063412	0.16766337645307577	0.2952381967896571	0.2670600508619015	0.10304493188902421
0.16570596612094662	0.1656569848509211	0.3010470475200707	0.2658556040356538	0.10173439747240753
0.16616833436500203	0.1658036453013904	0.2979445285805024	0.2686944738867123	0.10138901786639264
0.16808059374579476	0.16790396534028923	0.2985354027433917	0.2655299260244438	0.09995011214608028
0.164646080670477	0.162033509964596	0.2990316341136757	0.2725781732549888	0.10171060199626222
0.16534680466322266	0.16704141796247912	0.2962506033743999	0.2705462792220369	0.10081489477786124
0.16552044491332168	0.16266991411345172	0.29792569068775826	0.2722256367372734	0.10165831354819474
0.1668937621583081	0.16246647342689585	0.30272858867176344	0.2654789066099237	0.10243226913310871
0.16598005352669226	0.1638209232072228	0.29697674618102826	0.27068431080987065	0.10253796627518577
0.1678240218049902	0.16730153840805004	0.2966897899676241	0.26653550335863546	0.10164914646070002
0.16885326886050073	0.16433769816820903	0.2976064511113634	0.26593910770398854	0.10326347415593809
0.16803272859340518	0.16294455178832215	0.3014459211066989	0.2672863688561853	0.10029042965538837
0.16655495717171986	0.16801270525571033	0.29732780252696467	0.26760291112393697	0.10050162392166799
0.16737653509929917	0.16757949375858552	0.29724887163800934	0.26608822483823674	0.101706874665869
0.1660395228021619	0.1624037805933513	0.3032765672113069	0.26556950118571687	0.1027106282074628
0.16536692681646664	0.1687615780310495	0.2993726811989727	0.2639829177598407	0.10251589619367033
0.168118784739198	0.16312352567317434	0.29639528952997224	0.269066536686475	0.10329586337118019
0.16568406855781292	0.16412983996036545	0.30330658165763535	0.26516887383358456	0.10171063599060148
0.1662246399519162	0.165135417526807	0.29361773232670074	0.27215980451116245	0.1028624056834134
0.1659229789019945	0.16781845941743573	0.2961495961887564	0.26912577248467356	0.10098319300713962
0.16750013198796737	0.16290563423477994	0.29697893619217874	0.2725471202028398	0.10006817738223395
0.16853240590129925	0.16597711101026405	0.2972563578380668	0.2663002413682032	0.10193388388216654
0.16539288215994194	0.16875683533681554	0.2982702722081777	0.26507063410676424	0.10250937618830039
0.16830028767679123	0.16377261483111188	0.2941815484653319	0.2708519955101151	0.10289355351664968
0.1681601652890502	0.16721206628135182	0.2967216860761106	0.26555641110751255	0.10234967124597459
0.16529269376756225	0.1663909998280288	0.3005004221630484	0.267508819491718	0.10030706474964235
0.16689155765341485	0.1635360967843037	0.304284977795547	0.26486357923308934	0.10042378853364492
0.16773715975476802	0.16506143924659955	0.30012230206598167	0.26602026962932873	0.10105882930332181
0.1650642817977049	0.16874627121487784	0.293272744618813	0.27132120409698246	0.10159549827162165
0.1660618959509146	0.1694234371793832	0.2954504915717815	0.26720496453111314	0.1018592107668074
0.1669127541635379	0.16697256786610998	0.2977393965032984	0.2661357398424419	0.10223954162461166
0.1652088079804282	0.17029391411932987	0.2966998275780189	0.26559351675280857	0.10220393356941432
0.1681026228803258	0.167389829023533	0.29701972095924783	0.26719107875431825	0.10029674838257491
0.16685060926104603	0.16348741634849162	0.29961515603257216	0.2701190600138535	0.0999277583440365
0.16648672705983633	0.16562281830145045	0.2990734439988137	0.26600352968789803	0.10281348095200127
0.1690619932315554	0.1620489075052336	0.30337138682800097	0.2636422401111542	0.10187547232405564
0.16805452151123818	0.16374324310629051	0.2928224616451182	0.2725190057219229	0.10286076801543001
0.1669957100986967	0.16400003739666003	0.3012075619614669	0.2651304144863331	0.10266627605684306
0.1675213997144623	0.16792831295710658	0.29732300631501074	0.26594889306492625	0.1012783879484939
0.16480674925308728	0.16840001958968365	0.2991455178892912	0.2646669918839281	0.10298072138400956
0.1648440527246802	0.16923778455511354	0.29673544196139084	0.26784587806119514	0.10133684269762008
0.16499569362151828	0.16504597392115666	0.29657893786514317	0.2722747856706002	0.10110460892158149
0.16612945229433806	0.1686067403357018	0.2982869263996598	0.26615220067616396	0.1008246802941361
0.1690455419086595	0.16254257154140833	0.30223051471140194	0.266035430499974	0.100145941338556
0.16713921400367562	0.16655529524434257	0.2972568079036822	0.2679629314322119	0.1010857514160875
0.16900367263601324	0.17042984438284028	0.29400859155062115	0.26349779587963795	0.10306009555088713
0.16468198143629015	0.1686570151096327	0.29540841741181495	0.2697983482164883	0.10145423782577369
0.16878155187031418	0.17016144305370454	0.2950591864598374	0.2646918654035933	0.10130595321255036
0.16623785808108743	0.16907287216425718	0.29233479855000444	0.26972762369217296	0.10262684751247778
0.16598521712230224	0.1661885367441639	0.3003898661317139	0.26465904814352087	0.10277733185829885
0.16699525548690947	0.16605632020078318	0.2962965914061373	0.27063802123030856	0.10001381167586128
0.1662228621316098	0.16492283732306143	0.30416557285620727	0.26364761669196324	0.10104111099715803
0.16596700835995482	0.1650578228998703	0.3025074588645737	0.26659075771974355	0.09987695215585737
0.16613564523102162	0.16702026000601544	0.29566807470104906	0.2685980051048954	0.10257801495701833
0.16833601309805274	0.16285641877003432	0.3023036489579234	0.2635849719954747	0.10291894717851469
0.165934184661653	0.16362547435057784	0.3037864423255541	0.26650380032140547	0.10015009834080937
0.16592082732758395	0.16441897906919128	0.29775734580033797	0.2704284891416867	0.10147435866119986
0.16599275782618972	0.16544572525246817	0.2961573228542977	0.2705613318894158	0.10184286217762847
0.16621993513310968	0.1626401447282557	0.3035335102293758	0.2643213593988895	0.10328505051036911
0.16738155876421246	0.16932058006202944	0.29241527833587866	0.2683829237664523	0.10249965907142697
0.16713393709889984	0.1704450935291016	0.2941420580801992	0.26811782560590186	0.10016108568589731
0.16562060411575397	0.16925505461266138	0.29429027322501694	0.26953272344149765	0.10130134460506984
0.16525577900606275	0.1657820843054046	0.3010254747115575	0.2670884766286815	0.10084818534829348
0.16574374510256484	0.16641838847012408	0.2947244252002567	0.27009428299689653	0.10301915823015761
0.1670272237831799	0.16236841472758703	0.29919164670037623	0.2709969956415741	0.1004157191472825
0.16585078695752653	0.16864182468304081	0.29804740248608036	0.26442430064277594	0.10303568523057613
