0.15316115358813492	0.38525323213107593	0.46158561428078926
0.15278041997976496	0.38534088421392076	0.46187869580631435
0.15215440099135735	0.3854501114552684	0.46239548755337434
0.152579743614358	0.3857410217012391	0.4616792346844031
0.15344887977123878	0.3847058993947411	0.46184522083402024
0.1532625427683818	0.3846947815816342	0.4620426756499841
0.1527749501430587	0.3861986136721054	0.46102643618483596
0.15084369996659053	0.386046938469304	0.4631093615641056
0.15343062371106098	0.385670294867551	0.46089908142138813
0.15262541098379412	0.38617436628529145	0.46120022273091454
0.15113009425369633	0.3859380417831924	0.46293186396311137
0.15158435117883695	0.38639789562562454	0.4620177531955386
0.1516994155055937	0.3855730093093509	0.4627275751850555
0.15402884232929737	0.38486279988063327	0.4611083577900695
0.15376248919464136	0.3850820244669225	0.4611554863384362
0.15258213342034854	0.38494593968925456	0.462471926890397
0.15318321017759384	0.3848938325211932	0.46192295730121313
0.15230891680585945	0.38443995945595943	0.4632511237381812
0.15399777403471732	0.3843206028151849	0.461681623150098
0.1527232398621901	0.38496192960308845	0.46231483053472155
0.15316463798981111	0.38490397652372865	0.4619313854864604
0.15325754116333218	0.3844046648627197	0.46233779397394825
0.1531934148634985	0.3843719723447686	0.46243461279173304
0.15303484057569833	0.385356358654558	0.46160880076974375
0.1526834946432642	0.38589526107756206	0.46142124427917386
0.15351555487456492	0.38542327904480467	0.4610611660806305
0.1521194619740288	0.3864332263990858	0.4614473116268855
0.15232477690128263	0.3858579067832469	0.4618173163154706
0.15334064804351605	0.3854480110370766	0.4612113409194074
0.15259582540612898	0.3861053676712224	0.46129880692264874
0.15252325778924836	0.3861528108858493	0.46132393132490246
0.15225639101640454	0.3852268402565727	0.46251676872702285
0.15326933077056915	0.3853849563206864	0.46134571290874454
0.15308871834754395	0.3852037592933615	0.4617075223590947
0.15245966294628951	0.38450071085440946	0.46303962619930117
0.15155119926199367	0.38549595686006305	0.4629528438779434
0.15212648658536787	0.38548774010728276	0.4623857733073495
0.15137421486981684	0.38587850469097995	0.4627472804392033
0.15272581591740145	0.3851503696977732	0.4621238143848254
0.15131650740206615	0.3865667581217445	0.4621167344761895
0.15272694151476174	0.38480000212142884	0.46247305636380953
0.15121413822336374	0.3860221418763763	0.46276371990026005
0.15253163151496396	0.38574474541925946	0.4617236230657767
0.15167580485661425	0.3865100559749875	0.46181413916839836
0.1540732113409016	0.38438570184117116	0.4615410868179274
0.15279924881668672	0.3862896219729137	0.4609111292103997
0.1522069652794057	0.38625639129032385	0.46153664343027057
0.15107551119997253	0.3857428835498305	0.463181605250197
0.1528194595651755	0.3848126571184993	0.4623678833163253
0.1524104479147979	0.38547504576908653	0.46211450631611567
0.15324020962361254	0.3846872234652463	0.4620725669111413
0.1533025822148285	0.38509513975403986	0.46160227803113174
0.1524480832446291	0.3856781264119962	0.46187379034337483
0.15297394828600208	0.38429618639980034	0.4627298653141977
0.1530827177011043	0.3850186177934454	0.4618986645054504
0.15188014426674978	0.38658664341451715	0.4615332123187331
0.15191567971196868	0.38651905506797807	0.46156526522005337
0.15356319751815517	0.38505482525220774	0.46138197722963725
0.1527892813464338	0.385189080792368	0.4620216378611983
0.15349715770263783	0.3849924417034234	0.4615104005939389
0.15304052312288263	0.3858387248082118	0.46112075206890574
0.15345503694957147	0.38504585960968596	0.46149910344074274
0.1513061022123608	0.3855537906331255	0.46314010715451387
0.15150313730144954	0.385568017211461	0.46292884548708957
0.1537191020736295	0.38482782211891947	0.4614530758074512
0.15123188264816725	0.38663867264409535	0.46212944470773754
0.15324676096329767	0.3845675175562188	0.46218572148048365
0.15309536499756507	0.38489215942198984	0.4620124755804452
0.15208288854928576	0.3858084668205619	0.46210864463015244
0.15130712812682257	0.38583997958003813	0.46285289229313936
0.1517343813769998	0.38590438567437824	0.4623612329486221
0.1514756187029593	0.38578847680259565	0.4627359044944452
0.15419411456225268	0.38450262059545376	0.46130326484229367
0.15283501439932706	0.38544539003439937	0.4617195955662736
0.15378929169441866	0.38439362353539036	0.4618170847701911
0.15322567636809942	0.38582803313147584	0.46094629050042485
0.15299080311490315	0.3846540130914236	0.46235518379367335
0.15386567147572855	0.3845528831016149	0.46158144542265667
0.15415678748483264	0.38499848102327144	0.4608447314918961
0.1541187828099252	0.3849701784038547	0.4609110387862202
0.1521242806048751	0.38486244666035324	0.4630132727347718
0.15122043671461194	0.38611045402109556	0.4626691092642926
0.15180567197504824	0.3865484979698378	0.46164583005511406
0.15272428754268452	0.38516552658258013	0.4621101858747354
0.1530257068563396	0.38579432909351113	0.4611799640501494
0.15174940112314675	0.38551536930350155	0.4627352295733518
0.15130791397940152	0.38553319910460515	0.46315888691599344
0.15263667710710666	0.3842680830807681	0.4630952398121254
0.15245028866113602	0.38462059845927526	0.4629291128795888
0.15188371695795252	0.3855382557179763	0.4625780273240713
0.15086531679924886	0.38654684637038667	0.4625878368303646
0.15406851971564547	0.384276406227508	0.46165507405684664
0.1529142588811752	0.3862073897292377	0.4608783513895872
0.1523868947797004	0.3857066660036346	0.4619064392166651
0.15300034793068626	0.38556270539875814	0.4614369466705557
0.1517493580920331	0.38618397096317986	0.46206667094478715
0.1533209891977091	0.384884310831748	0.461794699970543
0.1537294367164393	0.3849560821138535	0.4613144811697073
0.1542260775563607	0.3843425897733485	0.46143133267029096
0.15320039120801152	0.38495316765072124	0.4618464411412674
0.15278057681578222	0.3862143177253738	0.4610051054588441
0.15088153222354844	0.3859277804925897	0.463190687283862
0.1528178475404564	0.3854858256069855	0.46169632685255824
0.153554880733113	0.38472016606738924	0.4617249531994979
0.15200630541534194	0.385157107972941	0.46283658661171717
0.15205789243269519	0.38507662193144143	0.4628654856358635
0.15074239756240942	0.3860164222676229	0.4632411801699678
0.15377143392009382	0.3853175456476086	0.4609110204322977
0.15200626066886364	0.3865677763352494	0.46142596299588706
0.15283311409181283	0.3859682993985633	0.461198586509624
0.15136365869637486	0.3856575569757516	0.46297878432787365
0.153775695119857	0.38437560624687195	0.46184869863327116
0.15298159328188035	0.3851761293997842	0.46184227731833555
0.1539366525248897	0.38452450090971585	0.46153884656539457
0.15115889270940916	0.38667761587773597	0.46216349141285495
0.15190729418039073	0.38668239479377176	0.4614103110258376
0.15361076904254817	0.3845692607934602	0.4618199701639917
0.1524307894145939	0.38459910979987766	0.4629701007855286
0.15187936094477422	0.3860941144306319	0.462026524624594
0.15243234495880126	0.3848467620692585	0.4627208929719404
0.15332494782687137	0.38521771541080374	0.46145733676232503
0.15152144655039143	0.3866400066108837	0.46183854683872494
0.15276062366916235	0.3843078688943815	0.4629315074364563
0.15157711811911095	0.38563512425537777	0.4627877576255114
0.15291508397651016	0.3849382191335182	0.4621466968899718
0.1522680259237147	0.3846473971084688	0.4630845769678167
0.15293294569162535	0.38558111448265875	0.46148593982571606
0.15240891893073388	0.38603758158111096	0.46155349948815527
0.1525631762974452	0.38505838110685675	0.46237844259569816
0.15389213294838144	0.3848647304240335	0.46124313662758515
0.15341613329539272	0.38489499755996065	0.4616888691446467
0.15281769450347937	0.3846510397387859	0.46253126575773484
0.1536924770929583	0.38469708874887815	0.46161043415816366
0.15391431338174308	0.3851087896550295	0.4609768969632276
0.15201035597317503	0.38636459742911394	0.46162504659771114
0.15355790317096873	0.3843215911467205	0.4621205056823109
0.1535882054799672	0.3854616743438541	0.4609501201761788
0.15200321178285844	0.38646572447623795	0.46153106374090375
0.15277063920653053	0.38524867189971895	0.4619806888937506
0.15361561867132528	0.38482387602762946	0.46156050530104537
0.15353451935157422	0.3846665959671448	0.46179888468128105
0.1525143458175024	0.38521567170288934	0.4622699824796084
0.1534771565561694	0.38466689064449006	0.46185595279934066
0.15185622489812528	0.38579115800043523	0.4623526171014396
0.15176875607538898	0.386409953087194	0.4618212908374172
0.15266217233693324	0.38553398118177556	0.46180384648129136
0.15110211919136812	0.3856446853033784	0.46325319550525357
0.15173518795165114	0.3863448353557456	0.4619199766926034
0.15181011056710497	0.38598666771836837	0.4622032217145268
0.15373495767904727	0.38501364139559985	0.461251400925353
0.15118254377092388	0.38580321160553666	0.46301424462353963
0.1509959742554539	0.3862659827324398	0.4627380430121064
0.15195509715529487	0.3854041615752834	0.4626407412694219
0.15270474670005915	0.3847780048185346	0.4625172484814064
0.15285598353278984	0.385508083570529	0.46163593289668126
0.15351442038206253	0.3853012042555216	0.46118437536241597
0.15312378653853068	0.3848595809648593	0.4620166324966102
0.15253040651134542	0.38582970355547125	0.46163988993318344
0.15282031315699512	0.3847348186693161	0.4624448681736889
0.15200315854432983	0.38590731520911487	0.4620895262465554
0.15191253609486122	0.3851974666631655	0.46288999724197344
0.15084791498454642	0.38599331887802923	0.4631587661374245
0.15324967338564716	0.38579214285219554	0.46095818376215747
0.15299304605837663	0.3858207576731583	0.4611861962684652
0.1539714529251384	0.38483041157048087	0.4611981355043809
0.15404340022233654	0.38475876275265464	0.46119783702500894
0.15211895117829738	0.386446200638141	0.46143484818356173
0.15333962247913796	0.38460845476258665	0.4620519227582755
0.15207670156786707	0.38479110423004803	0.463132194202085
0.152653662815787	0.38586647042012784	0.46147986676408526
0.15194399338187645	0.3854675397196712	0.4625884668984525
0.1519278424507463	0.3865103356045739	0.46156182194467993
0.15082463732223275	0.38668086191704465	0.46249450076072274
0.15213386118047445	0.38481274189850234	0.4630533969210233
0.15304682576567186	0.38571824622049733	0.461234928013831
0.15114902779377787	0.386485218987334	0.4623657532188883
0.15191035536005404	0.38542283225879304	0.46266681238115304
0.15242100943713324	0.38433919189572124	0.46323979866714565
0.1514575590064224	0.38617771171357057	0.46236472928000716
0.1537130068024759	0.3845292407030533	0.46175775249447093
0.1509646489565242	0.3867436184889757	0.4622917325545002
0.15159986207088888	0.3852322483726566	0.4631678895564546
0.15228815086041347	0.3845171039366432	0.46319474520294346
0.15313990833995467	0.38458723774563675	0.46227285391440875
0.15414215629200806	0.3844369109276238	0.4614209327803682
0.15257877002810882	0.3865033634565896	0.4609178665153017
0.1519963027582208	0.38606883701835504	0.46193486022342434
0.15086669291488447	0.385932288439003	0.46320101864611263
0.15152247900159255	0.38629059516609887	0.4621869258323087
0.15340378241816988	0.38447588324294096	0.46212033433888927
0.15165115605204416	0.3853998151412938	0.46294902880666217
0.15266485337843017	0.38625315660498766	0.46108199001658234
0.15124771096747414	0.3864766860325875	0.46227560299993853
0.15085116429554396	0.3858933672188336	0.46325546848562255
0.1522113555453461	0.38660988208948666	0.4611787623651674
0.1508606321145376	0.38636360037518624	0.46277576751027627
0.15241288751672197	0.38600266780321735	0.46158444468006077
0.15195661491801743	0.3866669549919533	0.4613764300900294
0.15206944940125494	0.3862663498577565	0.4616642007409887
0.15357153012804142	0.3844741245130321	0.46195434535892665
0.15213863128150917	0.38465149391831205	0.46320987480017894
0.15089750937467902	0.38664662506062103	0.4624558655647001
0.15346907363852164	0.3842627861765336	0.4622681401849449
0.15166838354975754	0.38553228064300815	0.4627993358072344
0.1517217541365563	0.3865975343200868	0.461680711543357
0.15259077903413454	0.38571079359443944	0.4616984273714262
0.15340830029300662	0.3855846407668326	0.4610070589401609
0.15272681823682943	0.38440418592888215	0.46286899583428853
0.1537119569757884	0.3847127408203566	0.46157530220385506
0.15357616567065904	0.38458011631698513	0.4618437180123559
0.15169710410825588	0.3866088093660873	0.46169408652565697
0.15264277278210336	0.38444194900869594	0.4629152782092008
0.1531278400387015	0.38493572572188417	0.46193643423941444
0.15162645986235018	0.38618244759202597	0.46219109254562396
0.15199380428841996	0.38616486279539586	0.4618413329161843
0.1530390159892578	0.3847599198342626	0.4622010641764797
0.15257122883198862	0.384351368083528	0.46307740308448353
0.15314392291250228	0.38492400368799917	0.4619320733994987
0.1531190480124598	0.3855541755283014	0.4613267764592389
0.1524393317207614	0.38592949643197977	0.46163117184725894
0.15176267348243055	0.3865982635963752	0.4616390629211944
0.15199030002981537	0.3854427604159686	0.4625669395542161
0.15142540670081006	0.38640917482033954	0.4621654184788505
0.15175019994367522	0.3850726459016558	0.4631771541546691
0.152260495555801	0.3850517274156204	0.46268777702857866
0.1513344934112752	0.38635932364943637	0.4623061829392886
0.15355450139122168	0.38460027063306446	0.46184522797571403
0.15268807961575445	0.38497682361134417	0.4623350967729015
0.15421727714423877	0.3847186096597351	0.46106411319602625
0.15256579883810706	0.3844479475509601	0.46298625361093293
0.1540818238452163	0.3843467218201336	0.46157145433465024
0.15239175877926053	0.38490399036191036	0.4627042508588292
0.15276942889549722	0.3843351517330176	0.4628954193714854
0.15384675892792304	0.3843190919927988	0.4618341490792783
0.15403864355467883	0.38504389289130686	0.4609174635540144
0.1524358228798865	0.3864909581422708	0.4610732189778428
0.1524306500995578	0.38531476000777454	0.46225458989266777
0.15190574350378377	0.3866707262397304	0.4614235302564859
0.1535318537311921	0.3855131284117185	0.46095501785708953
0.1513473012615788	0.38651623309164934	0.46213646564677197
0.15208490010553438	0.38584451441825696	0.4620705854762088
0.15159683085687264	0.3858620118554972	0.4625411572876303
0.150766121668018	0.38675529260222224	0.46247858572975986
0.15196946925055616	0.38597640722350457	0.4620541235259394
0.1527354132819645	0.38505121030599054	0.4622133764120451
0.15100442987480867	0.38629530546666935	0.4627002646585221
0.15075139969568463	0.38610773488416056	0.4631408654201549
0.1530107948816684	0.38515695155477536	0.4618322535635563
0.15202657833610916	0.386013841580653	0.46195958008323795
0.1530500528030354	0.3858435999242923	0.4611063472726724
0.15257081779284914	0.3852479317068783	0.46218125050027264
0.15337977330822378	0.3847833818501741	0.46183684484160226
0.1519564532964629	0.3852614504138059	0.4627820962897313
0.15151541632582155	0.3861398003597381	0.4623447833144404
0.15295850847167233	0.3848372532878613	0.4622042382404665
0.1529687378186371	0.38578200698988097	0.4612492551914821
0.15192003079461275	0.3848731275640519	0.46320684164133547
0.1537449335225116	0.38450251712485406	0.46175254935263443
0.1537375238799036	0.3844380745181945	0.46182440160190197
0.15394671679971172	0.38452947091041195	0.46152381228987643
0.15243598323858565	0.3846162121223726	0.46294780463904184
0.1529570239514302	0.38609861854773375	0.4609443575008362
0.15388053421214581	0.38461314796234863	0.46150631782550566
0.1523866295777877	0.3848410926844837	0.4627722777377287
0.15307892162465708	0.3859279526450225	0.46099312573032053
0.1530424253598233	0.3857401899173969	0.46121738472277996
0.15200443248685758	0.38590620811242654	0.462089359400716
0.15126270236617748	0.3856176920147805	0.4631196056190421
0.1521405771520858	0.3864516184705844	0.4614078043773299
0.15384773561913356	0.3849051122098784	0.4612471521709881
0.15232958355633383	0.3854164146869095	0.4622540017567568
0.15321096658716443	0.3845846431680746	0.462204390244761
0.15213166655473792	0.3856818407896002	0.462186492655662
0.15381904046599862	0.38444294716788846	0.46173801236611306
0.15347038621110903	0.38551145577162005	0.46101815801727103
0.15257077685795542	0.38566191410411	0.4617673090379347
0.1522761966807158	0.384565813153092	0.4631579901661923
0.1536349867420163	0.3848928258816568	0.461472187376327
0.15227317005830088	0.3850065279033588	0.4627203020383404
0.15189521531096295	0.3853776407765816	0.4627271439124555
0.1532731155301093	0.3845263412267047	0.4622005432431861
0.15309818915821205	0.385560549889228	0.4613412609525601
0.15385757289322227	0.3852661137949748	0.460876313311803
0.1513461109599042	0.38627449973317435	0.4623793893069216
0.1539529873586691	0.38483874715660543	0.4612082654847256
0.1524256076389428	0.3846805652803398	0.4628938270807176
0.15216636812386572	0.38510044413957517	0.46273318773655925
0.15096549241231352	0.38616849410757104	0.4628660134801156
0.15205460230258674	0.3847843884567694	0.46316100924064396
0.1521635950049744	0.385411788474119	0.4624246165209067
0.15292019752449293	0.38431391222005384	0.46276589025545334
0.1539805431984609	0.38489557713880157	0.4611238796627376
0.15297623643327146	0.3846941076211162	0.4623296559456124
0.15358928738430838	0.3853130394248139	0.46109767319087785
0.153999211312804	0.38445353984395825	0.4615472488432379
0.15224490170143246	0.3856686956465001	0.4620864026520676
0.1529343086869786	0.3858557131945285	0.46120997811849296
0.15110061176924108	0.3857850246038752	0.46311436362688385
0.1519559446812394	0.3859287347200668	0.4621153205986939
0.15230915981700344	0.3846521312498362	0.46303870893316046
0.1517000083985514	0.3850895562475736	0.4632104353538751
0.15292091924046763	0.38487797623045217	0.46220110452908025
0.15407723145767888	0.3843640498133004	0.4615587187290208
0.15179001040345425	0.38515636326650987	0.463053626330036
0.15383427896046792	0.384368337572101	0.4617973834674312
0.15250867914201388	0.385215252021475	0.46227606883651123
0.15186328451788522	0.3856422688702926	0.4624944466118223
0.15336178856363256	0.38527184361108546	0.4613663678252821
0.15194776489161116	0.38615459498875704	0.46189764011963197
0.15297661284278125	0.38498794496025246	0.4620354421969664
0.15261089016534057	0.38576668779952933	0.4616224220351302
0.15149589565611526	0.38531123991932964	0.46319286442455526
0.15281121020029975	0.3852348978809519	0.46195389191874847
0.15260248076962407	0.3844124758309446	0.4629850433994314
0.15228996033943853	0.38581463344854344	0.4618954062120182
0.1524850311658634	0.3862593958359719	0.46125557299816483
0.15246683789825594	0.38612492128357756	0.4614082408181666
0.15248508627617133	0.38607343195571014	0.4614414817681186
0.15292992117223686	0.38582982979358565	0.4612402490341776
0.15266098657508173	0.3861348489659142	0.46120416445900414
0.1534727807846294	0.38435375701254904	0.4621734622028216
0.15157813337726694	0.38611495301764265	0.4623069136050906
0.1535593703754119	0.38450025459025927	0.46194037503432894
0.15232257360012402	0.3845022112447336	0.4631752151551425
0.1510555900474091	0.3863607784696596	0.4625836314829314
0.15271126872398988	0.38573063993878814	0.4615580913372221
0.15392692719108914	0.38499513199860524	0.46107794081030573
0.1535492956459669	0.3848408332955919	0.4616098710584413
0.15416458518338672	0.3845410406727622	0.4612943741438512
0.1522418240615898	0.38616999141897856	0.4615881845194318
0.15337193852965997	0.3848560246942436	0.46177203677609646
0.1525889045437429	0.38637464900402957	0.46103644645222763
0.15364420088876446	0.3850766640867034	0.4612791350245322
0.15335917219887424	0.3846363696471823	0.46200445815394364
0.15166714716064775	0.386354091342435	0.4619787614969174
0.15251166828238558	0.3854257105091057	0.46206262120850883
0.15345395808825846	0.3855448741654744	0.4610011677462672
0.1531329190084229	0.38483358756401914	0.46203349342755806
0.15199504764370375	0.38625183040733135	0.461753121948965
0.15138459365925672	0.385611518165375	0.4630038881753684
0.15253144418820122	0.38565495288442714	0.4618136029273718
0.15256566887146011	0.38490483565380157	0.46252949547473843
0.15261760139848415	0.3854894741836703	0.4618929244178457
0.15305276340529622	0.38467299652639597	0.4622742400683079
0.1508708508438197	0.3862875837009489	0.4628415654552315
0.15077142016159265	0.3866129062229361	0.46261567361547135
0.1511635403612112	0.38647834026234246	0.46235811937644644
0.1513433537611556	0.3865361612844139	0.4621204849544306
0.15292146649584465	0.38557988916749536	0.4614986443366601
0.15270336934408324	0.3859406194517889	0.46135601120412795
0.1524500983617842	0.3862792143741089	0.461270687264107
0.15190713896103925	0.3861698120303374	0.46192304900862347
0.1523886926004831	0.38483435614833206	0.4627769512511849
0.15180080008859131	0.3855733376789696	0.4626258622324392
0.15233661675447174	0.38551385377704067	0.4621495294684877
0.1522587645943682	0.3855790964954823	0.4621621389101497
0.15186164360011292	0.3855764764670651	0.46256187993282205
0.15188910871255384	0.386389355711123	0.46172153557632334
0.15245353487621136	0.38559178367293223	0.4619546814508565
0.152884381290887	0.38616884788316486	0.46094677082594826
0.15290462766173507	0.3859537379107181	0.46114163442754696
0.15240314490242723	0.3852809850636002	0.4623158700339727
0.15318756913902193	0.3851345723938311	0.46167785846714715
0.15387551649353037	0.3847742287987391	0.4613502547077306
0.152464297542325	0.385623615807855	0.46191208664982014
0.15248015753284755	0.3855877832998094	0.4619320591673432
0.1526409599156347	0.3857215999426661	0.4616374401416994
0.15136251882248264	0.38617852488747445	0.462458956290043
0.15323378044839586	0.3854526394268679	0.46131358012473633
0.15238864084839637	0.38667724914485774	0.460934110006746
0.15399774002836514	0.38443866110074065	0.4615635988708944
0.15167563389884126	0.3855734316555432	0.46275093444561566
0.1529892867030619	0.3860727478569137	0.4609379654400245
0.15363455260395653	0.38470496333196036	0.4616604840640832
0.15180885364314048	0.3865136833546262	0.46167746300223345
0.15125408128112156	0.38648417869329754	0.462261740025581
0.15212485304271567	0.386146921596555	0.46172822536072944
0.15260630928574587	0.38534792398359097	0.4620457667306632
0.15225863256339367	0.38469300401815	0.46304836341845645
0.15416149884178607	0.38481455431732037	0.46102394684089365
0.15213032402247512	0.3864207782653387	0.46144889771218633
0.15080760310471722	0.3867102917335634	0.4624821051617195
0.152282026742203	0.3859813717034437	0.46173660155435337
0.15166951766785625	0.3853800817581896	0.4629504005739543
0.15092402439474123	0.38581366806073936	0.4632623075445196
0.15288331404195477	0.384672682000514	0.4624440039575314
0.15306766162976856	0.3850029378052503	0.4619294005649813
0.1522146786455948	0.3851640308201494	0.46262129053425594
0.15165785060728648	0.3865262767674768	0.4618158726252369
0.15323538264148295	0.3847523939083509	0.46201222345016624
0.15171887995288363	0.38571253945911244	0.4625685805880041
0.15171679271476574	0.38664626555060855	0.46163694173462577
0.15213942250138598	0.3849048544887005	0.4629557230099136
0.154205632816922	0.3848312387959126	0.4609631283871655
0.15280605736455155	0.3861924677653055	0.46100147487014304
0.15172037304470093	0.38623607516416303	0.4620435517911362
0.15243821757896392	0.38600429307549	0.4615574893455462
0.15328342603142336	0.3843916764216593	0.4623248975469175
0.15361782154947728	0.38440506030333155	0.4619771181471913
0.1519231174409909	0.3847803361442986	0.46329654641471063
0.15151297633598426	0.38652159512221657	0.46196542854179934
0.15130843495749163	0.3862024027071824	0.462489162335326
0.1533435414640264	0.38504315108552406	0.4616133074504497
0.15121804607651945	0.38638154537074354	0.4624004085527371
0.15197750571895896	0.3861790751343861	0.46184341914665505
0.15203344832416338	0.3856846904822372	0.46228186119359954
0.15327454972272564	0.3856122590895879	0.46111319118768657
0.15102151054918572	0.3862324466872248	0.46274604276358966
0.15351140341211267	0.3851420201852499	0.4613465764026376
0.15392186235185165	0.38431382169978995	0.46176431594835854
0.15082502468474732	0.38598833581945785	0.46318663949579497
0.15304192463205307	0.38481879660623836	0.4621392787617087
0.15253151894276934	0.3851281343104413	0.4623403467467895
0.15230731432171457	0.3864909710047087	0.46120171467357685
0.15356665118321977	0.3853971851663523	0.461036163650428
0.15285703673091955	0.38511941480210005	0.46202354846698057
0.15295901977123408	0.3860801195986179	0.4609608606301482
0.15272708119791922	0.38548021015000017	0.4617927086520808
0.15142696874614886	0.386099819293392	0.46247321196045926
0.15210509136864506	0.38646878360657866	0.4614261250247764
0.15286758733523742	0.3853075461517185	0.4618248665130441
0.1512161898716643	0.38652384947935925	0.46225996064897656
0.152111739942168	0.38510754651669077	0.46278071354114136
0.15248236034692425	0.38617880735648635	0.46133883229658956
0.1529532922446038	0.3854257286102314	0.461620979145165
0.1522357216006264	0.3860759969886491	0.4616882814107246
0.1517701719486296	0.385023091318787	0.46320673673258356
0.1513148733496152	0.38596002872730256	0.46272509792308236
0.15099750577904206	0.38644171515160874	0.46256077906934934
0.15254048630293943	0.38490310132620525	0.46255641237085543
0.15270767311566308	0.38507035075051493	0.4622219761338221
0.15333451933123132	0.3842952560553243	0.4623702246134445
0.15336878912521967	0.38495591072340224	0.46167530015137825
0.15101727221392194	0.3858548222798247	0.4631279055062535
0.15269825655621744	0.38467509693520274	0.46262664650858
0.15270659676291992	0.38516495787964744	0.4621284453574328
0.1520708203951477	0.3862707171892944	0.461658462415558
0.15233898537532156	0.38629631708878615	0.46136469753589243
0.1527726854748201	0.38550038685845467	0.46172692766672535
0.15238092040637208	0.3867548126519736	0.46086426694165444
0.15233714659823855	0.38520750767360246	0.46245534572815916
0.15309140864273013	0.3859746541025223	0.4609339372547476
0.15232085445789117	0.38489817818385436	0.4627809673582546
0.1524856702878254	0.3856721981229877	0.46184213158918697
0.15347052212265072	0.3846599374136793	0.46186954046367
0.1520208107736693	0.3854032980395725	0.46257589118675824
0.15309647825723127	0.38593820471433216	0.4609653170284367
0.15226227922610538	0.38577792231745084	0.46195979845644386
0.15402055236182075	0.38477469232756656	0.4612047553106128
0.15147256056218417	0.38567451304336736	0.46285292639444864
0.15251094290286174	0.3859678470649788	0.4615212100321596
0.15180810111881327	0.386127989329156	0.4620639095520309
0.15302767549521468	0.3856315900121223	0.4613407344926631
0.1514990907898144	0.38577229093370674	0.46272861827647893
0.15172616584147608	0.38672201862135525	0.46155181553716884
0.15256040444348917	0.38504056148445603	0.4623990340720549
0.15252452409116007	0.3862196847955944	0.46125579111324566
0.15165546544448028	0.3853529822949852	0.4629915522605347
0.15219795549010978	0.3850157257524659	0.46278631875742443
0.1535207742943041	0.38528292804565567	0.46119629766004033
0.15289294232237363	0.3848829071263636	0.46222415055126287
0.15168058596948714	0.38675016538397167	0.4615692486465413
0.15317859118619478	0.3846717897267746	0.46214961908703067
0.15178471104289448	0.38556854024440534	0.4626467487127003
0.15147174169465155	0.3858297625060796	0.46269849579926897
0.1535306797191969	0.3849390440646595	0.46153027621614373
0.15370927930958972	0.3853039319076651	0.46098678878274535
0.1508485121842833	0.3863164945034523	0.4628349933122645
0.15255767774520373	0.3846246012198178	0.4628177210349786
0.15208937943787249	0.386633500056237	0.46127712050589065
0.1520860155055025	0.38500375737695586	0.4629102271175418
0.1527644566523907	0.385261925852617	0.4619736174949925
0.15264208286993647	0.38619095199187925	0.46116696513818434
0.15414004551108273	0.38446908333862106	0.4613908711502963
0.15218573624217183	0.38505007171720096	0.46276419204062735
0.15277828341826294	0.3847572482627579	0.46246446831897925
0.1516765851824832	0.38575417183523025	0.46256924298228663
0.15182381450704263	0.38521268757497157	0.4629634979179859
0.15241718705722423	0.3844024700775134	0.46318034286526255
0.15283358912077433	0.38451847098073366	0.46264793989849207
0.15399162243497133	0.3848451862394948	0.461163191325534
0.1533635331333189	0.38440041655123436	0.4622360503154469
0.1518742127919055	0.38656295165781107	0.46156283555028355
0.15347036742691134	0.38563541698076564	0.46089421559232313
0.15404705711421715	0.38452824604160046	0.4614246968441825
0.15079120664229104	0.38627245984948183	0.46293633350822727
0.15310361474965545	0.38478819645599843	0.46210818879434623
0.15219385606481134	0.3865470814081596	0.4612590625270292
0.1540610649273491	0.3846854944882776	0.46125344058437345
0.15352579963713273	0.3844148785557926	0.4620593218070748
0.15157912910001387	0.38585505911557927	0.462565811784407
0.15207418572841191	0.38674825007892477	0.4611775641926634
0.15415241843563726	0.3844126047036702	0.4614349768606926
0.15253009989147498	0.38524964580814874	0.4622202543003764
0.15124728406452437	0.3855321308682982	0.46322058506717756
0.1537428378612372	0.3842877320568723	0.4619694300818906
0.15231796975596046	0.3857598882496742	0.46192214199436543
0.15178894849441282	0.3866634369888827	0.46154761451670456
0.1526707330436347	0.38640812812736214	0.46092113882900326
0.15274890343089365	0.385405242575932	0.4618458539931745
0.15215350510342934	0.38470790573270963	0.46313858916386114
0.1527015791037264	0.38454291346109104	0.46275550743518273
0.15170131645403678	0.38520489722942924	0.4630937863165341
0.15164317145543327	0.38566137662399946	0.4626954519205674
0.15382220089984244	0.384884655786767	0.46129314331339066
0.152361015230468	0.38435949592812935	0.4632794888414028
0.15145862514033898	0.3854006797512388	0.4631406951084223
0.15327437405526945	0.3851913221539512	0.4615343037907795
0.15209517837910108	0.3866553416958572	0.46124947992504184
0.15183590223688617	0.38525313192234734	0.4629109658407666
0.15088535964189212	0.3858385773838598	0.4632760629742482
0.154095578830711	0.3847195179404804	0.4611849032288087
0.1524936436513158	0.38520476494292083	0.46230159140576355
0.152114509973706	0.3865323779932256	0.4613531120330685
0.15202988920080945	0.38638862933002505	0.46158148146916567
0.15313540881582138	0.38477933599533404	0.4620852551888447
0.15294390500319277	0.38619001076926995	0.4608660842275374
0.15285193749750314	0.3859851807444851	0.46116288175801184
0.1524071118027559	0.38641146133226345	0.46118142686498076
0.15125509377739382	0.38587980763807506	0.46286509858453123
0.15214060875798907	0.3849782730550213	0.46288111818698974
0.1521973019162611	0.3862163784534488	0.4615863196302902
0.15172144204422666	0.38672342444397534	0.46155513351179817
0.1514148802650062	0.38610155588736733	0.46248356384762657
0.1527836829912193	0.38464512422676805	0.46257119278201275
0.1538018501368576	0.38459865175408614	0.4615994981090564
0.1512126837122525	0.38635654926003005	0.4624307670277176
0.15372203795536432	0.38500345423216775	0.46127450781246804
0.15416450586183283	0.3845184395128268	0.46131705462534045
0.1516723146079198	0.385874571281254	0.4624531141108263
0.150883175565439	0.3864298889685261	0.462686935466035
0.15302031543883504	0.3847118193974356	0.4622678651637294
0.15183917623653864	0.385556805054031	0.4626040187094305
0.15331051070966017	0.3852692612178292	0.4614202280725108
0.15292020473270712	0.38542725722116605	0.46165253804612694
0.1525013355689536	0.38462007319330815	0.4628785912377384
0.1520631826145093	0.38506526809698866	0.46287154928850216
0.1522304440155108	0.3864786577197188	0.46129089826477054
0.15279322909521728	0.38522389170124693	0.4619828792035359
0.15153567882496138	0.3860921101188684	0.4623722110561703
0.15393432807852264	0.38469304944151816	0.4613726224799593
0.15212088504087512	0.38583552297101487	0.4620435919881102
0.15244456263711598	0.3860094158770077	0.4615460214858764
0.15073701218176985	0.3864182272874028	0.46284476053082746
0.15186797286090753	0.3859418911626081	0.4621901359764845
0.1511610542183603	0.385695895621053	0.46314305016058677
0.15165270844997408	0.38596578869425774	0.4623815028557683
0.15315094883670388	0.3846872130433601	0.46216183811993605
0.1531908880401303	0.3845757162506638	0.462233395709206
0.15321466953524004	0.38441968624726286	0.4623656442174972
0.15331821124817258	0.38451448232644325	0.4621673064253843
0.15360838979476504	0.385020543573243	0.461371066631992
0.15163100725877102	0.3853397584314874	0.46302923430974174
0.15163975189586154	0.3862883283624081	0.46207191974173045
0.15330083682243512	0.3853461136312647	0.4613530495463003
0.15302373013660775	0.38577062514348104	0.4612056447199113
0.15350989066431953	0.3850412715472993	0.4614488377883813
0.1518005746614624	0.3850152382262446	0.46318418711229314
0.1541407003104133	0.3847299799310634	0.4611293197585234
0.151696756528826	0.38624737680583454	0.46205586666533954
0.15153895181799054	0.38555078068853843	0.4629102674934711
0.15282856310173099	0.38627841950742553	0.46089301739084365
0.15111517065678234	0.38579289149742396	0.46309193784579383
0.15148929961593438	0.3853116174474538	0.46319908293661194
0.15183161262727257	0.3855314880918385	0.462636899280889
0.15135044952600335	0.3855403190479847	0.463109231426012
0.15148064115961835	0.3855879110080781	0.46293144783230367
0.15264865626913518	0.3844746077226434	0.46287673600822155
0.15122156207677312	0.3860783102345359	0.46270012768869107
0.1524689870518762	0.38561905176885125	0.4619119611792727
0.15376313984906434	0.38512304955538773	0.461113810595548
0.15339254653316867	0.384528532285779	0.4620789211810524
0.15222392035416268	0.3860892875786963	0.46168679206714114
0.151957080420254	0.38662760963435344	0.4614153099453927
0.152303329315514	0.3850358283630301	0.46266084232145605
0.1532339547301987	0.38480809231307783	0.4619579529567236
0.15112524490202217	0.3856816439487883	0.4631931111491897
0.15284493999302476	0.38461275433136716	0.46254230567560817
0.1520532532651143	0.38508094325716763	0.4628658034777182
0.15172743524259422	0.38505127181371585	0.4632212929436901
0.1521995960090643	0.38643855376985764	0.4613618502210782
0.1526183188167873	0.38635415896965813	0.4610275222135547
0.15311094660944993	0.38504158980474373	0.4618474635858065
0.15231122472712377	0.3849598587510463	0.46272891652183
0.15336800823636565	0.3854432536005999	0.4611887381630346
0.1519577294562909	0.3854228418700882	0.46261942867362105
0.1528186921544825	0.3849615109740345	0.46221979687148307
0.15359294073412924	0.3843472723902308	0.4620597868756401
0.15225670223796503	0.38674581281928283	0.4609974849427523
0.15249253770697274	0.38618230907789053	0.46132515321513684
0.15229006388488747	0.3847414140249758	0.46296852209013684
0.15106861058480905	0.3864835159546611	0.4624478734605299
0.15316735810000215	0.385138797951569	0.46169384394842894
0.15262958827822215	0.3855971700165507	0.4617732417052273
0.15340713194994238	0.38491361486639664	0.4616792531836611
0.15231568250302235	0.385812051977098	0.46187226551987975
0.1511241347109813	0.3859063864001359	0.4629694788888829
0.15314282730044393	0.3855240450769295	0.4613331276226267
0.1516607918558163	0.3850449850155674	0.46329422312861646
0.15122774322873905	0.38653584112856576	0.46223641564269535
0.15201066683103798	0.38532351274578247	0.46266582042317966
0.15154019849093694	0.3856468474140676	0.4628129540949956
0.15260753528872936	0.38508352792804595	0.46230893678322477
0.15298831988248063	0.38595170139628654	0.46105997872123294
0.15189534650787098	0.38624616719414584	0.4618584862979833
0.15195555902512936	0.38482389441338805	0.4632205465614827
0.15132668966450985	0.38667478482473017	0.46199852551076015
0.15230332581006667	0.38447046166597315	0.4632262125239603
0.1511456837386414	0.3861031165720445	0.4627511996893142
0.15204947461513593	0.38546276191797085	0.46248776346689335
0.15176911829066259	0.3859388349516862	0.46229204675765134
0.1520211420784444	0.3863887343759647	0.46159012354559104
0.15354306885686184	0.38503387688870844	0.46142305425442987
0.15272933979947367	0.3845322944992681	0.4627383657012583
0.15277161221532073	0.38607271405596005	0.46115567372871935
0.15315516545284621	0.38516798999914825	0.4616768445480056
0.15273589783882735	0.38491350729013424	0.4623505948710386
0.15161959783589668	0.3853337896644672	0.4630466124996363
0.15363841120859262	0.38504897397469967	0.4613126148167078
0.15256312571009928	0.38478041305602656	0.46265646123387427
0.15313292711544663	0.3859332859782416	0.46093378690631187
0.15079917771644427	0.38605252145138685	0.46314830083216896
0.15201519906989824	0.3862587537900245	0.46172604714007737
0.1522182452027463	0.3855301929941803	0.4622515618030736
0.1538677354327185	0.38495646810502204	0.4611757964622596
0.15293405752715586	0.3853122702854681	0.4617536721873762
0.1512374107989948	0.38568790761054317	0.4630746815904621
0.15244770701258265	0.3852147986809427	0.46233749430647475
0.15370224127715154	0.3853991942770687	0.46089856444577987
0.15259847305510746	0.3846754113295995	0.4627261156152932
0.15239988299626792	0.38445822720080325	0.463141889802929
0.152207223724815	0.38566894696065895	0.46212382931452617
0.15271888002163808	0.3861920362386677	0.4610890837396943
0.1516859168639102	0.3855655608848405	0.4627485222512494
0.15377329029146047	0.38498443407297184	0.4612422756355678
0.15320263548762497	0.38571546774358934	0.4610818967687858
0.15293813654091415	0.38437390155826173	0.46268796190082423
0.15333937264027192	0.3847337763074783	0.4619268510522499
0.15099114562201083	0.38601506384711237	0.46299379053087697
0.15091645963484396	0.38673922658453025	0.4623443137806259
0.1532216216780911	0.3855364564587955	0.4612419218631135
0.15124345850386436	0.3867417790669371	0.4620147624291987
0.1518889717077807	0.3862511689425965	0.461859859349623
0.1520794485149754	0.3858407199115142	0.4620798315735105
0.15136908259811993	0.3855579892320553	0.4630729281698249
0.15345599120512488	0.3854054600995684	0.46113854869530685
0.15266412919543723	0.384870656899874	0.46246521390468887
0.15308357038755355	0.3860748723524239	0.46084155726002274
0.15257205942391372	0.386056907951973	0.4613710326241134
0.15323507964382127	0.3851529820625913	0.4616119382935876
0.15261856957506467	0.3851827663163886	0.4621986641085469
0.15231001090250185	0.38615648780831346	0.4615335012891848
0.15368406404841078	0.38521131376601886	0.46110462218557047
0.15261468429252675	0.3846314642774811	0.4627538514299922
0.15278079926257548	0.38517053394390727	0.4620486667935174
0.15243703039574025	0.38485993526759327	0.4627030343366666
0.15109638771945064	0.38663080855156934	0.46227280372898016
0.15273456051026088	0.38499657841120655	0.4622688610785327
0.15354692450616222	0.38477484214077484	0.461678233353063
0.1516407507232816	0.3857976306313148	0.4625616186454038
0.15167537286495747	0.3851299840283608	0.4631946431066819
0.15186898673596383	0.38500437189297304	0.46312664137106324
0.15228405832571978	0.38517578098048244	0.46254016069379794
0.1513489849296411	0.3865207288615816	0.4621302862087774
0.15386280245695444	0.38477015841888	0.46136703912416566
0.15108654560779616	0.3865995688343567	0.46231388555784725
0.15385052987292644	0.38474730494145115	0.46140216518562255
0.15316111221268852	0.3847894927763459	0.46204939501096576
0.152161273571283	0.3861750558277183	0.4616636706009988
0.15296351905582076	0.3852141921093818	0.4618222888347976
0.15352076700985415	0.38446226685451457	0.46201696613563137
0.1518698214468142	0.3861064316293641	0.4620237469238218
0.15320132642015788	0.38463717679520815	0.46216149678463414
0.15403052487537383	0.38461185568272216	0.4613576194419041
0.1514243300610859	0.38675576555023583	0.46181990438867837
0.1520309177688449	0.3848387476083659	0.4631303346227893
0.15187512883448734	0.38582911989617674	0.46229575126933603
0.1528218622203225	0.38545296166044957	0.46172517611922803
0.15106319176314942	0.386634667216485	0.4623021410203657
0.15274328818997918	0.3846291202046308	0.46262759160539013
0.15194473812727816	0.38506341036505276	0.4629918515076692
0.15250506024384286	0.38452120095587805	0.46297373880027926
0.15233201636942265	0.38534955068547183	0.46231843294510566
0.15133151364188846	0.3856601265262104	0.46300835983190125
