0.3349773442507419	0.21851373513895783	0.08784852615952428	0.09045511435899582	0.2682052800917799
0.32843199929636135	0.2209504733612344	0.08538336202097527	0.09000038064284162	0.27523378467858706
0.3275611177971358	0.22375803435757502	0.08820342094315095	0.09285836292537586	0.26761906397676205
0.32265470994173306	0.23244622197196307	0.08557946707919917	0.0911509859573501	0.2681686150497543
0.31935456027316245	0.24009406026573843	0.08841761940217481	0.08908865938471013	0.2630451006742139
0.3268135289223609	0.22252081126172232	0.08744417336895152	0.0908325262786077	0.2723889601683573
0.3299565157174579	0.23520571519324954	0.08762798843511728	0.09262964500517282	0.25458013564900217
0.32504202743513044	0.22708091475058748	0.08766175226608891	0.088354384420313	0.27186092112787985
0.3176367438377174	0.2321862793870281	0.08627935256843627	0.09062499063302273	0.2732726335737952
0.3306451930868619	0.23170676639481386	0.0857967508095219	0.08955705698689738	0.26229423272190466
0.3237443696543775	0.23624744546304258	0.08920109472371746	0.0899942521195643	0.2608128380392979
0.3258801303484743	0.2379727277104517	0.08860834357525284	0.092451098513731	0.25508769985208984
0.34118124348852275	0.21877997915098688	0.08658404322115493	0.08898414335333978	0.26447059078599533
0.3211697088412497	0.24636500933288075	0.08592927136963381	0.08871552396879587	0.2578204864874396
0.3191331431403802	0.23658296970720527	0.08849378785289859	0.08933435004345695	0.2664557492560587
0.3306744233916038	0.22233221628018324	0.08783620702071318	0.09117435798070317	0.26798279532679625
0.33907767986427007	0.21903838498424782	0.08696856772338707	0.08850571093938378	0.266409656488711
0.32555493569905936	0.2308737337622229	0.08695481076708075	0.08991751814861478	0.26669900162302196
0.3409050254388466	0.2219656004746473	0.08693270047194421	0.08955638580776161	0.26064028780679993
0.3311264223600239	0.22959407054643244	0.0871207257994954	0.08913779449521214	0.2630209867988358
0.32834664979988376	0.22626541572730013	0.08928118061941978	0.09268734696945818	0.26341940688393783
0.33312486977526556	0.2119133169807998	0.08780740446591129	0.09276507266338471	0.27438933611463834
0.34026886993551536	0.20945833966771374	0.08746904721474602	0.08893938362644643	0.2738643595555781
0.33970392757538126	0.21521957148154164	0.08650353848374145	0.09208424225106951	0.2664887202082658
0.320310190422246	0.22799064869796798	0.08826669011761537	0.08904424200306804	0.2743882287591023
0.32738943782415164	0.2296292820674253	0.08606041498603074	0.09215286866661442	0.26476799645577764
0.3355220249759614	0.21829010276785	0.08586053211795455	0.09020762059898908	0.2701197195392447
0.33939939218689974	0.21243570992124186	0.085718424725874	0.09246422479129979	0.2699822483746843
0.3386056219453789	0.21265952358421059	0.08634129719852224	0.09386183581322603	0.2685317214586619
0.3288325392015148	0.2215006975474763	0.0881715220031004	0.08912692780516603	0.27236831344274215
0.336408246033528	0.2209349879567752	0.08795437832668587	0.09291092570869142	0.26179146197431924
0.3268511949893952	0.23567796252791756	0.08613053049895944	0.08869571169635314	0.26264460028737435
0.33081690225834703	0.23408308615110393	0.08892181661295998	0.09056677157870423	0.25561142339888454
0.33138213227775765	0.21741598615210034	0.08676573169402113	0.08974682511342161	0.27468932476269897
0.3385530908138842	0.21697488791899336	0.08647652803556595	0.09036594739408545	0.2676295458374708
0.33938793107616777	0.20715204085204433	0.08615640557109978	0.09408125396628893	0.27322236853439885
0.34044629168329243	0.21859331844476565	0.08724413763722139	0.08963907684536121	0.26407717538935904
0.3247119184212111	0.23749721044381175	0.08802381547724855	0.08816164840133493	0.26160540725639336
0.3221009445916526	0.24137242490563815	0.08577501319225796	0.08880934061364969	0.26194227669680126
0.32837942339047854	0.2274756068632418	0.08878321406209819	0.08825549954398396	0.2671062561401972
0.32855607137399834	0.23295083386693935	0.0891847528696815	0.0943570091621447	0.2549513327272358
0.3398318036849294	0.2176709963806596	0.08665634162633551	0.08795575620094961	0.2678851021071256
0.3257313907266256	0.23295954615029613	0.08680942967459651	0.09401145190428313	0.26048818154419834
0.3205211372487763	0.23771772277177056	0.08587422231814337	0.08945362883195275	0.2664332888293567
0.3331901531825132	0.22795688213727944	0.08831981275443919	0.0906801690217632	0.25985298290400466
0.3243727378338407	0.24515935793967922	0.0876164585894062	0.08735361711330113	0.2554978285237725
0.3184864330834071	0.22816268195915157	0.08856461223759947	0.09442007992173601	0.27036619279810564
0.33534473827706784	0.22938457680172536	0.08705844272185585	0.09179211442679366	0.25642012777255696
0.33899472322094626	0.21378783912828678	0.08911576009126031	0.0918981608138933	0.266203516745613
0.3348892936811029	0.22421822824851975	0.08863171858617147	0.08994498449835119	0.26231577498585446
0.3281760886099868	0.22522862373090133	0.08650375633862194	0.09394880821402557	0.266142723106464
0.31876994211668785	0.24304079715512295	0.08917133378981855	0.09121575547206902	0.2578021714663013
0.32956374806703104	0.23772898177150326	0.08764743879456936	0.0873432255541167	0.25771660581277933
0.33301961194853047	0.219007280605996	0.08897002336546489	0.08974249253400707	0.2692605915460013
0.33491204525374463	0.22571240908889373	0.08649931705525495	0.09282775743822852	0.2600484711638779
0.3239234593928918	0.2263436494741397	0.08575291892351301	0.0907359487558135	0.2732440234536417
0.32971567270676916	0.2411424586932613	0.086239842515157	0.08889208688152482	0.2540099392032874
0.3367159437040058	0.2079725097156531	0.08667590661421241	0.09345112791379342	0.27518451205233496
0.33171596794414115	0.22059908937673725	0.08656920714050113	0.09334467181846938	0.2677710637201508
0.32875697250274827	0.231089963653117	0.08729638185959027	0.09451540164653342	0.2583412803380108
0.33872904608057436	0.21127531543322334	0.08845086181122745	0.09179628200768318	0.26974849466729134
0.33827312619469274	0.21033694432576988	0.08891947314881148	0.08817711225027458	0.27429334408045103
0.339237017662095	0.20597410771635888	0.08840047227018907	0.09317913368762741	0.27320926866372935
0.3409162066031647	0.21803938721638905	0.08626746903651251	0.08907375930017657	0.2657031778437569
0.3415567099664161	0.21291560045918562	0.08624954090751148	0.09174899664151139	0.2675291520253751
0.31776677265435094	0.22988796827000246	0.08769931512348328	0.08950664758634364	0.2751392963658194
0.33301176544903627	0.22691511262721795	0.08835051865646287	0.09116070905127874	0.26056189421600384
0.3175051334977469	0.24082859896874803	0.08567172526315597	0.09073131310964293	0.2652632291607058
0.3231745257616091	0.23711976469213678	0.08722511844085551	0.08737066446979926	0.26510992663559907
0.32662616188682736	0.2382024269427233	0.08742460549536624	0.08811397319875469	0.25963283247632807
0.31858249804784017	0.2466108937068141	0.08591573130536796	0.09163672742473454	0.25725414951524295
0.33577396536200055	0.22565874364368604	0.0859924778637541	0.0874880859726248	0.26508672715793424
0.3304602595939208	0.23483900255862872	0.08671451981926062	0.09304559819705543	0.25494061983113414
0.32383264903460907	0.22680353854433324	0.08580160616442505	0.09433869973678065	0.2692235065198517
0.31975113451007076	0.22538836811532353	0.08775621497699128	0.09252794172578227	0.2745763406718319
0.32026185035676497	0.22471190984944925	0.08809853004832716	0.09422219671730182	0.27270551302815654
0.3380642242465025	0.23174598990673487	0.08816272868993215	0.08742942523094274	0.25459763192588747
0.32200197086765336	0.22905828596852307	0.08714488017386476	0.09081267646758012	0.2709821865223784
0.3353005756649724	0.2330632608716149	0.08565822453466776	0.09177603607294316	0.25420190285580146
0.3308407169037111	0.23379046620610774	0.08714881586120019	0.08764427933077869	0.260575721698202
0.33651772316837264	0.21928058293177802	0.08562026629869056	0.09093497186671508	0.2676464557344434
0.32631204860220586	0.23226312203872576	0.0867654869753759	0.09141790526266462	0.26324143712102754
0.3328853020248803	0.22127889466957648	0.08838377653272048	0.08905588467062969	0.26839614210219265
0.33575328075854505	0.2240042562689354	0.0872687573162347	0.0922776408567834	0.26069606479950114
0.32979665578648387	0.22154344781053018	0.08792240688096195	0.08806762588520747	0.2726698636368162
0.3218477983324982	0.24366511337164096	0.0856473696729451	0.0911166204373295	0.2577230981855859
0.32615796409983216	0.2321922117960789	0.0857273569292333	0.0895873587545713	0.2663351084202841
0.3356197837006514	0.21356939382984744	0.0857802218407077	0.09253521577482143	0.27249538485397173
0.33557618022216246	0.22280903690746684	0.08830048073023251	0.09065074449451425	0.26266355764562355
0.32653886633998136	0.2275747833665986	0.08918984929087143	0.08769834313672614	0.26899815786582215
0.31921647081344845	0.2431926074822371	0.08842269835559921	0.09099684604667789	0.2581713773020371
0.317507047649502	0.23668489509642676	0.08712592415450857	0.08981113792093394	0.26887099517862845
0.32902017387462557	0.22368342404738956	0.08607161719323218	0.0908398074396868	0.2703849774450656
0.31937724765437736	0.2260598922702448	0.08537932378317935	0.09378299059191512	0.27540054570028305
0.32406879200844285	0.23896021609986556	0.08847403640711417	0.08789797182325447	0.2605989836613226
0.3323245238822046	0.22899946755849768	0.0861540952644793	0.09204330509774836	0.2604786081970697
0.34025084235545	0.22436987251442858	0.08918939555784088	0.08840110973377682	0.25778877983850335
0.3314827618682321	0.22055368812383272	0.08638072657987862	0.09149297115099869	0.2700898522770575
0.3406226297930761	0.20440316916936774	0.08917577627158102	0.09137350229957514	0.27442492246639966
0.33001043608340186	0.2259910053990713	0.08745987528671836	0.08780613357924545	0.2687325496515627
0.3372682169263262	0.22577481967972712	0.08794403177741797	0.08711519779039592	0.26189773382613246
0.33162084881462467	0.23226723305899932	0.088050116628934	0.09339298026252914	0.2546688212349126
0.33760469940408966	0.22765183244730197	0.0858630698641254	0.09124950344494165	0.257630894839541
0.32341453698214956	0.22945275827263484	0.08560793314313306	0.09083825968861743	0.2706865119134648
0.32078250100384287	0.23890710822158626	0.0858081238872411	0.09206888102097975	0.2624333858663497
0.34146731992533985	0.22177875725171334	0.08548621452618378	0.0899058733071373	0.2613618349896254
0.32450065811058004	0.22218055351870408	0.08894602807011581	0.09180338655720288	0.27256937374339685
0.33525126856637566	0.2329511182088867	0.08732493774936849	0.08869549343367795	0.2557771820416909
0.33419884166311153	0.21870823689800356	0.08655425116906805	0.0935824644534665	0.26695620581635
0.34119955475603436	0.218087950310366	0.08578460491815096	0.0940986149179611	0.2608292750974872
0.3257736004325398	0.22919663920417457	0.08610791767398093	0.08959152853155304	0.26933031415775144
0.3325289496422834	0.23488131191193048	0.08616601529149852	0.08709244051026067	0.2593312826440266
0.3299108031793014	0.22455720057729467	0.08577629225072085	0.09209483088570003	0.2676608731069828
0.3312028304639089	0.2185497752564617	0.08633654345064254	0.09073071542117783	0.2731801354078087
0.32821483007456953	0.22892364510720029	0.08700537104974125	0.0920716199794876	0.263784533789001
0.32963342434161824	0.21644252307635747	0.08582987921676548	0.09322352290163693	0.2748706504636216
0.3222454733496162	0.22678777465666475	0.08878466819682711	0.0918161984932702	0.2703658853036215
0.3260682807771358	0.23042948035537608	0.08707419591368057	0.09240502254774668	0.26402302040606057
0.3198938054065593	0.23266830380329628	0.08912295895418997	0.09429802833337345	0.26401690350258067
0.32848251931260314	0.22250733031162695	0.08919373256197363	0.08766459420871112	0.27215182360508483
0.32049960017318607	0.22955487562186253	0.08798342189669929	0.0903000844326906	0.2716620178755612
0.31928418712105155	0.23451087771533724	0.08615398994577145	0.09143805002232377	0.2686128951955157
0.3212186593358448	0.2315926791701215	0.08933343743724331	0.0934182530547446	0.2644369710020455
0.3351849351158546	0.21747251595788386	0.08670328098537428	0.09098138687930209	0.2696578810615849
0.32705703088719285	0.21989194628167485	0.08793207433652986	0.0931547756031041	0.27196417289149805
0.33633317729493073	0.22078656758767717	0.08579156664389478	0.09231687167639212	0.2647718167971049
0.3292322956667131	0.22770417461463272	0.08797350949102785	0.09078209580897971	0.2643079244186463
0.3309012934170001	0.22944768129881876	0.08770846403454591	0.0916922529333161	0.2602503083163188
0.3330502910347986	0.21471228825037159	0.08910137062473501	0.08902085603409923	0.27411519405599527
0.3311423911166717	0.2192032110844071	0.0870155282218052	0.0906061073404659	0.2720327622366498
0.33215185315746065	0.21916458033186334	0.08604479582036068	0.09028671554389175	0.27235205514642324
0.3303404194217118	0.22257022669423956	0.08613974753672729	0.09351374806358545	0.2674358582837356
0.33919001029819873	0.22274640723043043	0.08617890917246522	0.09201052525374104	0.2598741480451643
0.33201016166773945	0.22122300897186903	0.08648668398000497	0.08788206113525338	0.27239808424513284
0.32497822821964895	0.2383177888181221	0.08708634876329828	0.08878056568636386	0.2608370685125665
0.3214364687663955	0.24270914151502884	0.08629945935793158	0.09355072275868846	0.2560042076019553
0.33757290237945947	0.21085546624488744	0.08843630287351957	0.08947645787584965	0.2736588706262835
0.3210182685811165	0.24999688930512995	0.08737652171436108	0.08694949829902472	0.25465882210036744
0.3316966866059434	0.23510608352330975	0.08688758813784289	0.09181291842924523	0.2544967233036584
0.3373522228516546	0.2242742688240549	0.08656918730811805	0.09131945490384583	0.26048486611232624
0.3365236652706449	0.21657885839672975	0.08925873212750539	0.08905431873570233	0.26858442546941735
0.32735658882463015	0.2285597914084244	0.08910585350295666	0.09144335023682174	0.26353441602716676
0.33967146834323414	0.2295673289330775	0.08542903103054082	0.0917662653967312	0.253565906296416
0.318976386583626	0.24222060501829346	0.08814188529478942	0.09177158068659952	0.2588895424166913
0.32074114884559946	0.2382959102143157	0.08807519732887373	0.09014548525346668	0.2627422583577441
0.31989405079594935	0.23521528685498827	0.08763991302206266	0.09329532495730275	0.26395542436969666
0.33768500385565337	0.228286437243615	0.0857345950609654	0.09304087629928909	0.2552530875404769
0.33407043910985956	0.22551901609847985	0.08829169931322345	0.08850546575479266	0.2636133797236442
0.32469165246169396	0.2359666641664687	0.08603166439358736	0.08729530418943961	0.2660147147888101
0.32799818157814553	0.2285120107006899	0.08874520369028539	0.0901579086636773	0.2645866953672016
0.3290631232964475	0.21562719432158675	0.08863889990964056	0.09221339573416998	0.2744573867381549
0.3411735963664233	0.21653776699684096	0.0856872081629553	0.08799003142402563	0.26861139704975445
0.34183318088469705	0.22762817953379508	0.0873985563237502	0.08836514330628979	0.25477493995146755
0.33494373233148933	0.23430899622044155	0.08909845960046889	0.08773056481742932	0.2539182470301706
0.3301889175775605	0.23450618779938823	0.08614191154773242	0.08874022391130815	0.2604227591640104
0.3262445158335468	0.23301974038588752	0.08755419973127174	0.09309526793701117	0.26008627611228247
0.33338247513426383	0.22656476595452615	0.0873162500964615	0.09008839364584999	0.2626481151688982
0.3319550894309285	0.2208844968632319	0.08757635321326188	0.08789522010884276	0.2716888403837347
0.33685163706943744	0.22567507286898628	0.08712760894868332	0.09435756758133133	0.2559881135315613
0.3301776659935277	0.23198248315750342	0.08795962169899295	0.09171020896978171	0.2581700201801939
0.31808777365713203	0.24119307628737188	0.08770313258145002	0.09207260917368545	0.26094340830036034
0.3214869671558605	0.22899647352441518	0.08795386978176649	0.09328501834593256	0.26827767119202495
0.32505232188334454	0.2289687371476572	0.08538885754668427	0.09083425666176231	0.26975582676055143
0.3385168007477255	0.22584046731749918	0.08666392141518536	0.08836515509239312	0.26061365542719656
0.33840554754425844	0.21674794383872809	0.08729345984072545	0.08745412009702061	0.2700989286792671
0.3379918271048816	0.21554156007287803	0.089261935547838	0.08833896061722016	0.2688657166571819
0.3245435255842909	0.23429199170521875	0.08667251247814832	0.09342428615888108	0.26106768407346065
0.3318895844792649	0.21858502493524043	0.0857771700053208	0.09432350264238497	0.26942471793778855
0.3191416053570467	0.22734836060639912	0.08557427710280811	0.0938579323267183	0.27407782460702745
0.31762386353054284	0.23403209253860288	0.08643895411280168	0.08920258638954422	0.2727025034285081
0.32256239981959023	0.23051912258335638	0.08645830694622937	0.09419763694260361	0.2662625337082201
0.3368454479603542	0.22844033916192868	0.08891039649804929	0.0905847520753572	0.2552190643043103
0.3316718300282888	0.2317452733480821	0.08843030086838677	0.08701518191662261	0.2611374138386194
0.3222126227397541	0.229862907492571	0.0872446234859866	0.0903833238378534	0.27029652244383456
0.3330996229398363	0.22213043250053688	0.08692851419899203	0.08828581414450046	0.269555616216134
0.3315187337759187	0.22601999575231302	0.08550472937818773	0.0914559522539108	0.2655005888396695
0.3216709115744957	0.22690537470075367	0.08854161165390388	0.0892637593531237	0.2736183427177228
0.33882589220370407	0.22604291903239135	0.08586031142761158	0.09389537192270322	0.25537550541358944
0.3290850935289181	0.22305726561424383	0.08728329225112227	0.08778944867370313	0.2727848999320124
0.32237674711153874	0.2272580825553023	0.08677328520413145	0.09400214280473526	0.269589742324292
0.3374881782943173	0.21717786677935907	0.0891234869875815	0.08939349843276766	0.2668169695059741
0.3399144100684155	0.20510307135746889	0.08785414718004862	0.09212180181650274	0.27500656957756386
0.3383955790145842	0.20975086086476846	0.08880232021193961	0.0939746470008858	0.2690765929078216
0.334397126082839	0.21028987316924586	0.08924793927489687	0.09263546957702476	0.27342959189599314
0.3370133580587262	0.21054647712034535	0.0882711464921266	0.0916741981250799	0.2724948202037216
0.32720642227172125	0.2412299117025762	0.08869912779006117	0.08840468695716525	0.2544598512784758
0.3378420026396186	0.22209744612448176	0.0867848834940887	0.08698418088828301	0.26629148685352755
0.3372379867274662	0.21956323135681127	0.08564868857071875	0.09059527451937643	0.2669548188256271
0.32503754754213465	0.23663863929456988	0.0884572749533437	0.09120166425080982	0.2586648739591417
0.33658081913306614	0.21274707386191033	0.0856348038644791	0.09003726007894924	0.27500004306159487
0.32132628165649013	0.22699825492108294	0.08821413543778783	0.09244971973171992	0.2710116082529189
0.3210541785637743	0.23134707037994362	0.08827204985724606	0.09371782565121824	0.2656088755478175
0.33929639123047106	0.22735773065233006	0.08749419597435448	0.09187577390532999	0.25397590823751415
0.3254445491398459	0.22831605311269587	0.0868927791523541	0.08914380409700082	0.270202814498103
0.3413952905480191	0.22391207818166092	0.08619763095676507	0.08888686954569257	0.259608130767862
0.33222090622123013	0.21671668799350818	0.08915942289573858	0.09287151974717922	0.26903146314234355
0.3351816288788738	0.20876728586856821	0.08789947633648693	0.09452246404476052	0.27362914487131024
0.33986241890267105	0.22494461830251966	0.08843289981477223	0.09161815606415809	0.2551419069158786
0.334399118501418	0.23279939075054476	0.08681025417553932	0.08942522289556509	0.2565660136769325
0.3176085051970632	0.24259723617286363	0.08554578261969016	0.08787212575159498	0.2663763502587877
0.32604940491338663	0.24189685754744783	0.08664919331742046	0.08810199704849858	0.2573025471732462
0.3182864738840798	0.25114258461724126	0.08871989292522196	0.0883293316634851	0.2535217169099716
0.3225346219479607	0.22550398854318587	0.08818559930626607	0.09437555759869277	0.2694002326038943
0.33544399118481794	0.22285761213055114	0.08739117659532174	0.08835530487541154	0.2659519152138973
0.330412770498838	0.23533023320980392	0.08621955531408494	0.08750811221738648	0.2605293287598863
0.32552853838865947	0.22037273197467167	0.08629977218129933	0.09211720356984954	0.27568175388551963
0.34115973928749754	0.2282009176854823	0.08719048499126734	0.08757969333700406	0.25586916469874843
0.3350258960878644	0.2194094093860121	0.08868675191777253	0.08749192045029382	0.26938602215805674
0.32998966419067255	0.2285566669287682	0.08726746004657043	0.09196536879737222	0.2622208400366163
0.334465130363561	0.22095320042147146	0.08564485328252554	0.08883784045191079	0.2700989754805309
0.33806941033548266	0.23277477565626337	0.08687592164328306	0.08822637537034957	0.25405351699462103
0.3348770245716428	0.2236687960366838	0.08602658003957407	0.08723719586722274	0.2681904034848763
0.3317790033848239	0.23780912411591654	0.08657526992929385	0.08810204367326038	0.25573455889670504
0.3321781471042232	0.2208058124830294	0.08633314097274511	0.08900910482300013	0.2716737946170018
0.33951176047700204	0.23044508795001203	0.08645608428929834	0.08989270976199536	0.25369435752169195
0.33476297306281233	0.2244583433122596	0.08834418334725767	0.09102132654371618	0.26141317373395384
0.32279888591573885	0.22636548477297763	0.08572187120073044	0.09286802179624994	0.2722457363143028
0.3249017072184797	0.23105645098192157	0.08570223455348026	0.09110405830668508	0.267235548939433
0.33982804526722993	0.2177360852703091	0.08758413077886669	0.0900463247880158	0.26480541389557816
0.33298822816749674	0.22218651426841649	0.08734258668770319	0.08945247769844948	0.26803019317793386
0.3328164810655431	0.2118145725050274	0.08883954624601703	0.091373746174146	0.27515565400926617
0.33010753486779065	0.22513200218771331	0.08556656975168928	0.09029003827765607	0.26890385491515034
0.326916896872538	0.23619331644666003	0.0867015867630398	0.0892914847430875	0.2608967151746744
0.32469341107881566	0.22923227229164933	0.08615526971840254	0.0873408241664175	0.27257822274471466
0.3326396030606982	0.2243529985291891	0.08586584264589121	0.0902572902986701	0.266884265465551
0.32414402975141854	0.22298068198078091	0.088753333437598	0.09326811578888322	0.27085383904131904
0.3332707225388578	0.21722062221924024	0.08785023260556556	0.0904714563288299	0.27118696630750616
0.32969583305373745	0.22507999664829043	0.08805747651877849	0.08831307929906693	0.2688536144801264
0.3178033007780037	0.24236424904855006	0.08842438136605946	0.09426001911582407	0.25714804969156246
0.3348226395400121	0.21453322949600823	0.08764914823190882	0.09447955666269098	0.2685154260693795
0.34036592247668107	0.2090219511736658	0.088425572582484	0.09209810474995513	0.27008844901721374
0.33803769551924145	0.2112179358987878	0.08586370824458166	0.0904939042129456	0.2743867561244432
0.33874323846889304	0.20954000970488434	0.08846382426595786	0.09240888759897282	0.27084403996129164
0.33507863931452647	0.22115496165117868	0.08590129958026854	0.0932927748924041	0.2645723245616219
0.3186945418644568	0.23889915431833444	0.08831699565315548	0.08929618606016546	0.26479312210388756
0.32116934284016435	0.2420547640401968	0.08633417940570956	0.09437893893600485	0.2560627747779241
0.33707702582411747	0.2242879045661086	0.08657287744905173	0.08754503781924636	0.2645171543414756
0.3356755121976359	0.21080116851050065	0.0856467581955116	0.09373233236339276	0.27414422873295874
0.3216020555493825	0.2344685081320435	0.0887826199950058	0.0942844376536112	0.2608623786699567
0.33241983539844144	0.2369422178871266	0.08929426933478253	0.08696724929358965	0.2543764280860595
0.3196884752288743	0.2363970962158149	0.08765282818287863	0.09315988258740993	0.2631017177850219
0.32815596731036334	0.2299888860215437	0.08737857846724573	0.0942885961592124	0.26018797204163463
0.31836238134755823	0.24165467779354927	0.08554011336277897	0.09180522944311023	0.262637598053003
0.3215321670034886	0.22332543921566772	0.08927677622172774	0.09219737255057488	0.27366824500854076
0.32039140834638435	0.24709240171971553	0.08569795169723692	0.08900482074763691	0.25781341748902603
0.3234878435055191	0.22431250423608523	0.08623166414181689	0.094420040698853	0.2715479474177255
0.3228019116312217	0.23402362993002154	0.08610070387267908	0.09157275984216963	0.26550099472390776
0.3305535847479479	0.22113704377265359	0.08869627240092637	0.09152160205566254	0.2680914970228093
0.34127050340461484	0.222354548542285	0.08682802309209635	0.08921103602421002	0.2603358889367935
0.3294770174272039	0.22113497346904354	0.08719733123309857	0.09373278326558343	0.26845789460507025
0.3330487199515141	0.22169328147173759	0.0861779688149155	0.08881032675042261	0.27026970301140985
0.3392024415941409	0.2212832557714479	0.08683361880840937	0.0869567259363838	0.26572395788961767
0.332891432403446	0.21674591337357269	0.08684480472676669	0.08936185518477113	0.2741559943114432
0.3305265945034367	0.21635487002612733	0.08567993090827444	0.09312518005418198	0.27431342450797924
0.3399587699862407	0.21462764210207705	0.08914372642549748	0.08691667930407633	0.26935318218210813
0.3260103532883122	0.22425970953496133	0.08606694731325945	0.09376791718915445	0.2698950726743123
0.3236725760184529	0.23230232929098826	0.08692090124283895	0.08788047043537556	0.26922372301234404
0.3404940195585706	0.2139977862973234	0.08601029209470777	0.08786337602477513	0.2716345260246227
0.31853770372108203	0.24046708021428445	0.08746291861406184	0.09058941937804944	0.2629428780725219
0.3416063485527261	0.22722992148474366	0.08836851362843853	0.08749428655159261	0.25530092978249885
0.3210403404884965	0.24384428759373028	0.0854437532044032	0.0922833923587802	0.2573882263545896
0.3250424717086695	0.23200693558187518	0.08559307411547044	0.08895125451189351	0.268406264082091
0.3324723180524948	0.23610643282728938	0.08717131648525625	0.08727409754176435	0.2569758350931949
0.33069346851361253	0.23038562654234668	0.08599490811573274	0.09190707852812244	0.2610189183001853
0.3361854647546072	0.21726310219889958	0.08627387517996424	0.08741253742905016	0.2728650204374785
0.3195793364642067	0.23806748194103347	0.08653910998864621	0.08818433898281226	0.26762973262330103
0.3244486663753177	0.21822443900688304	0.08920284383056146	0.09414426359354355	0.2739797871936939
0.33704319680777006	0.21788806522401896	0.088188199199724	0.0919098127801718	0.26497072598831484
0.321330664838026	0.22857295990685567	0.08925704841288315	0.09152510536310707	0.26931422147912776
0.34149727116487427	0.21050638945003972	0.08562968396216102	0.09362325142048787	0.26874340400243685
0.32011356039962574	0.23336885178926173	0.08584944449144975	0.09034725147376511	0.27032089184589736
0.325110447304953	0.24152863946823333	0.08927505995272735	0.08702324366403201	0.257062609610054
0.3328038453331147	0.2354346444364223	0.08654593455335638	0.08935998820190574	0.25585558747520054
0.3277907936239641	0.24331324282323302	0.08649083274529823	0.08732176250546811	0.25508336830203626
0.3395482446441952	0.21945608485056115	0.08916768885869884	0.09016749723295328	0.2616604844135912
0.3389635259120799	0.21405199418820647	0.08621028775217873	0.09215648466670537	0.26861770748082925
0.3194954019791121	0.2396510451469056	0.08726725391374875	0.09173940893374775	0.26184689002648553
0.31798661531147826	0.24819322553394688	0.08768709869850731	0.09035887729465276	0.2557741831614145
0.32086150233836686	0.23967960229390173	0.0883308520879113	0.08768689789446636	0.26344114538535346
0.32236421079498245	0.23711530128664426	0.08855219594783358	0.09121306938407679	0.26075522258646255
0.3396636025484255	0.21926690455805084	0.08696958231244994	0.08807968763139544	0.266020222949678
0.325897329162047	0.2260984182054719	0.08895770543326247	0.09212427830881117	0.26692226889040715
0.32540368630754735	0.2171756874808125	0.08893396152626924	0.0944057186523605	0.2740809460330101
0.34059832774443877	0.22641190992416207	0.08820794153985524	0.08776631885296343	0.2570155019385802
0.32543278204433046	0.2257650629099529	0.08771387645112652	0.08863744680399976	0.27245083179059004
0.3376283560422534	0.22955690330638062	0.0868434652348124	0.08773057987280238	0.2582406955437509
0.3396616637511424	0.22735530469049864	0.08551121723737046	0.0908228029549219	0.2566490113660663
0.3215824826709481	0.23133890965720694	0.08773002206136646	0.09322791341880793	0.26612067219167035
0.32658668463040197	0.23863920593320337	0.08634602145616042	0.08908654253828086	0.2593415454419531
0.3404456370229042	0.21986512349871756	0.08903622325705976	0.09301302911292708	0.2576399871083911
0.33247703410090573	0.23220331753112888	0.08770250571332261	0.08732472086049908	0.26029242179414336
0.3280019578637967	0.23021442165651698	0.08923095506451413	0.08889672731219588	0.26365593810297605
0.3312760963323239	0.2275916034825976	0.08561091827453224	0.08699254124623595	0.26852884066431004
0.33707194944390406	0.22712322848790323	0.08786616717184835	0.091715963383069	0.25622269151327504
0.3303707348431253	0.22290025344442127	0.08663071691614999	0.09200742482410199	0.2680908699722012
0.3210286086640145	0.23722219180853948	0.08725512664440574	0.09193837307211017	0.26255569981092985
0.3238512957254247	0.23456957680988527	0.08905500002372961	0.08923556905305915	0.263288558387901
0.3346929278966827	0.23096501217530804	0.08557709873662746	0.0909044057155418	0.25786055547583964
0.3403198381203185	0.21249972114219778	0.08877768516656345	0.09111002520166687	0.2672927303692531
0.3398361954724918	0.2116938569161294	0.08642599101248967	0.08973185461151212	0.2723121019873767
0.3279559643770108	0.23748157733539452	0.08613896515771063	0.08960852593351998	0.25881496719636377
0.33602039598072697	0.2278228304015103	0.08683928719444962	0.09347120063100456	0.2558462857923082
0.3336122955495313	0.23573898428986337	0.0858294428750309	0.08851278083231581	0.2563064964532583
0.3242073586178731	0.22868303612672677	0.08567785897460642	0.0905465917125317	0.2708851545682617
0.329517599180474	0.21314615693571812	0.08910077323705791	0.09271836362790101	0.2755171070188486
0.34132735317039115	0.22873848698789323	0.08624371001207727	0.08987538611188872	0.2538150637177493
0.3416739087994394	0.21380581520152875	0.08866946848042666	0.0886648837485079	0.2671859237700971
0.327134008827351	0.2360777565176194	0.08551131857659082	0.08705408773151549	0.26422282834692296
0.33936780059929283	0.2119591932143676	0.08766722745836054	0.09190883671326071	0.269096942014718
0.3225733587343162	0.22382083432271124	0.08844665015718726	0.09027594417860532	0.27488321260717974
0.3194738572329393	0.2486967803555614	0.08703718747557054	0.08713363351897864	0.25765854141694977
0.32571317433490254	0.23614743389930148	0.08766676518544333	0.09139179799945854	0.2590808285808938
0.33680787721116523	0.23046683110647018	0.08562089090887023	0.08876187617694122	0.25834252459655277
0.33175034737994746	0.2238783125638109	0.08790996830480054	0.09342035523036975	0.2630410165210709
0.33494953787642523	0.21785657889818155	0.08912250675806395	0.0904490757361362	0.26762230073119275
0.32424772617285563	0.24575951965057785	0.08632241441474126	0.088861538485724	0.25480880127610095
0.31965300245216355	0.23649110308391402	0.08879594708064442	0.09227391402902889	0.2627860333542489
0.3417567082575358	0.21743337863863976	0.08861831938850685	0.09145315997420549	0.26073843374111183
0.3369074716078798	0.21341584907172237	0.08934087348501187	0.0930528911520996	0.267282914683286
0.33860984724572496	0.2100285931818709	0.08863180831397284	0.09282415861721002	0.26990559264122105
0.34101441633123364	0.21762692385471	0.08775401902321285	0.08740014917374463	0.2662044916170986
0.3370966625718367	0.22861596486404862	0.08649708013945236	0.0940071965675994	0.2537830958570626
0.33024898847103035	0.23351853912072912	0.08933131061545796	0.09125401899312605	0.25564714279965617
0.3343238305252112	0.21175786904005325	0.0889840314647023	0.09132716939051602	0.2736070995795169
0.3409834953217824	0.22064425598152765	0.08904397369654266	0.08709803402757497	0.26223024097257197
0.3386831924403355	0.22873757666264533	0.0888220324692768	0.08732742380600989	0.2564297746217322
0.3266091099008619	0.2420851505591703	0.08551517316809526	0.08726752060813282	0.25852304576373947
0.3218053913240384	0.23657911508200533	0.0876992318215903	0.08712956604783763	0.26678669572452807
0.32089152515756747	0.2285081147478593	0.08856991864927247	0.09311875538347526	0.2689116860618252
0.3386691714025619	0.21222176532549766	0.08751997580204438	0.08706080480901278	0.2745282826608829
0.3209869297595168	0.23004957560714823	0.08668797236866572	0.09317565739791113	0.26909986486675785
0.3199975979272045	0.23471725072048077	0.0879782202475115	0.08805078892836643	0.26925614217643645
0.32852613359125205	0.22173509013977516	0.088320584236286	0.08713735683792713	0.2742808351947594
0.33306135281021465	0.22738430278494276	0.0868355387946493	0.09353197448474458	0.25918683112544844
0.3306923934293113	0.2348130487429298	0.08764518770683098	0.09315506402133931	0.2536943060995883
0.33333228180726904	0.2330214044606705	0.08877288147662568	0.0893666364298835	0.2555067958255509
0.3384371010889153	0.21964339323126597	0.08660057398618791	0.09284748973860316	0.26247144195502736
0.33751563975028376	0.2081081930034962	0.08761267846877605	0.09338507783176421	0.2733784109456795
0.32854548134338335	0.22510100147273077	0.08819244593137922	0.08982930045000699	0.26833177080249937
0.3210816820258564	0.245359657574893	0.08727271513754027	0.09254709970660994	0.25373884555510007
0.33479220763170014	0.2309382229820332	0.08739937653750827	0.08795472390234578	0.2589154689464123
0.3299469568608653	0.2312396972543253	0.08544165191297767	0.09330006873868862	0.26007162523314287
0.3236869104422445	0.23374001157933877	0.08657021259377956	0.0931859977422385	0.26281686764239837
0.33814295772373903	0.22268670098737797	0.08830987248912292	0.08966288693744429	0.26119758186231545
0.33788029004217945	0.22115794091588417	0.08827305057401694	0.08708218423084209	0.26560653423707703
0.3220925276687198	0.22658822781792007	0.08555828875876971	0.09157453721684096	0.27418641853774917
0.3235713954247055	0.22649754120498655	0.08732626697285235	0.08960024336993913	0.27300455302751625
0.31851365691084765	0.2447589882794181	0.08565190618706375	0.08744846181033618	0.26362698681233404
0.3277212793051393	0.22684841439386097	0.08615047025709328	0.0922503893737603	0.2670294466701459
0.3220420425501688	0.22704238772933016	0.08603414089414596	0.0913305209881829	0.2735509078381718
0.33208333666042644	0.22605005840869657	0.08854502374612748	0.09004480992211077	0.2632767712626385
0.3341565980046041	0.23234894391243666	0.08624700721399853	0.08921790025106631	0.25802955061789407
0.32361846890977664	0.2261086965043197	0.08896293700092756	0.08986657760448716	0.27144331998048865
0.3340521690718005	0.22688710059422315	0.08825155511617536	0.09261511871190456	0.2581940565058961
0.3255892340235622	0.23858959888269712	0.08599676539653342	0.09084909405169868	0.25897530764550825
0.3370622493036637	0.2091405887105196	0.08692630671405574	0.09410171315073163	0.27276914212102904
0.3413101358146511	0.20489047808395958	0.08825588819041266	0.0918922281788201	0.27365126973215625
0.32921918889669866	0.22904612996324833	0.0869019449579202	0.09214849597987561	0.2626842402022569
0.3330192696170559	0.22908582821466641	0.0869260635643155	0.09262780279172594	0.25834103581223594
0.3397111541905051	0.21965045816836415	0.08884103934278856	0.09298211628603566	0.25881523201230616
0.3245593574209486	0.22515989753413831	0.08591223283496359	0.09023008563086793	0.2741384265790813
0.341899535928908	0.21403986134749825	0.08565666909105871	0.09435793620059799	0.2640459974319368
0.33984374968464737	0.2183507505974485	0.08705974478924003	0.08723428415096611	0.26751147077769766
0.3274168569529743	0.22137557043562206	0.08758272218328288	0.09334859710742437	0.27027625332069616
0.327174019929209	0.22128166141105376	0.0880480894839727	0.0918445293293425	0.2716516998464217
0.3288228155767693	0.22520423987906044	0.08767136505200496	0.08708585047609671	0.27121572901606833
0.3408985973958359	0.20763342323654932	0.08561828241271233	0.09021318996389062	0.27563650699101155
0.3303782651562197	0.21842784765271808	0.08561078103278429	0.0932323295973115	0.27235077656096607
0.32825371279373117	0.22242210776652885	0.0857145734901954	0.08913639410284759	0.27447321184669665
0.3177359820268143	0.24212027564782676	0.08726733970443117	0.09079184086276847	0.262084561758159
0.3335795123476617	0.22047996887785482	0.08924447354257715	0.09243527320359156	0.26426077202831444
0.3383629555101797	0.2298990775894047	0.08683636798097051	0.09022558623277609	0.25467601268666873
0.3263312116645702	0.23364987363566253	0.08654522220577482	0.08857345116803796	0.26490024132595424
0.33445557614750887	0.2363186261904218	0.0858457322203352	0.08927612054498638	0.2541039448967474
0.3249708572197906	0.22503946052653212	0.08821698901577864	0.0918397255472697	0.2699329676906287
0.32699884334841284	0.2409045408936384	0.08933476369558924	0.08787697979858258	0.25488487226377665
0.3395622577940199	0.21156023317588787	0.08911967553892026	0.09123860179187636	0.2685192316992953
0.3396546509395777	0.2079781982371756	0.08730788577675604	0.09097872778890011	0.2740805372575903
0.3417428601675148	0.21757133917142701	0.08689975815861511	0.087968513486571	0.26581752901587175
0.3246544775300492	0.22455684570907625	0.08906067590394029	0.08838624911365098	0.27334175174328296
0.3281098336917231	0.2229674790444132	0.08827111063050855	0.0901999068349482	0.2704516697984067
0.32835880348986324	0.21988147125332277	0.08577752453237575	0.09453442702756994	0.271447773696868
0.3274232993368152	0.22908017261323205	0.08912595836407217	0.0874222644429901	0.26694830524289015
0.325617666312352	0.22228734678540682	0.08672220981659662	0.09126949304490445	0.27410328404073986
0.3195260079852535	0.23604065353222548	0.08896454505991087	0.08844254446413209	0.2670262489584778
0.32752382212141196	0.2324501585945805	0.0874264056648677	0.09277829100885203	0.2598213226102875
0.3227066277521755	0.2253317941727216	0.08574557245690022	0.09265711385566312	0.2735588917625393
0.32850307626558817	0.22973702086425307	0.08701317436426274	0.0902517542227841	0.26449497428311164
0.3179878701734642	0.22849067295979328	0.08762249332141504	0.0919286406515358	0.27397032289379136
0.3375339798583212	0.2192944235196514	0.08874749976983884	0.0907017781014081	0.2637223187507802
0.3311843514148471	0.21207761484751841	0.08812925105838762	0.09444657938945634	0.27416220328979024
0.32191728582956836	0.2414580017473756	0.08626649583307003	0.0896807115510891	0.26067750503889653
0.3186955954428622	0.24658140794233008	0.08834814165834849	0.08895834114911846	0.25741651380734043
0.33341796974474414	0.21353166824719813	0.08748283333436371	0.09038293759683143	0.2751845910768623
0.3192188194061294	0.24366507994091513	0.08726186086329059	0.08737398004971872	0.2624802597399459
0.33527620206541364	0.23408378375398073	0.08754519365484774	0.08776008749411841	0.25533473303163917
0.3322132506847738	0.22886575802155706	0.08779145515403625	0.08743940353882196	0.26369013260081064
0.32394546202388175	0.23575769701985655	0.08858283929650432	0.08804965126472608	0.26366435039503106
0.3413776841201148	0.21814734229497293	0.08557635651591203	0.08906254897243751	0.26583606809656235
0.3217183534186082	0.23518319330406437	0.08917078404883728	0.0936995379712146	0.26022813125727523
0.333297993182862	0.2245898570228994	0.08768632922632486	0.09135279038174057	0.2630730301861729
0.32776237314192846	0.23947781774776267	0.08637197345440717	0.08955808903653367	0.25682974661936775
0.32939937072360737	0.23430705369422183	0.08871372064654395	0.08904042063669558	0.25853943429893095
0.3267346702344749	0.237932458522277	0.08667748641504193	0.09225208090672597	0.25640330392148
0.3327038208988461	0.22613287422927433	0.08892922076393288	0.09242996841153935	0.25980411569640705
0.33355373782410935	0.23458611341072516	0.0865641976289107	0.09179882155263454	0.25349712958362
0.33971101720403896	0.21630711296788827	0.08553360891128158	0.09008383717865584	0.26836442373813507
