0.16525899939476663	0.16530504792221898	0.6694359526830145
0.16514518848697007	0.165338545637978	0.6695162658750521
0.16534118686662685	0.1654860571006705	0.6691727560327028
0.16531161938049513	0.16547815806972874	0.6692102225497762
0.16528777297338376	0.1655806115919888	0.6691316154346276
0.1654121742031156	0.16529185335369848	0.669295972443186
0.16539826850196251	0.16554304472005504	0.6690586867779826
0.16531427682334407	0.1654371132674561	0.6692486099091999
0.16529633037470273	0.16537312626200748	0.6693305433632899
0.16524243016019985	0.1654994359525315	0.6692581338872687
0.16520947865053878	0.16526702233170834	0.669523499017753
0.16524381090044743	0.16548422566451113	0.6692719634350415
0.16529040603018819	0.16555204722353895	0.6691575467462729
0.16528369534334436	0.16540513635621207	0.6693111683004437
0.1653926833598511	0.16533733456255767	0.6692699820775914
0.16536120662582937	0.1653861233136691	0.6692526700605017
0.16541314286069725	0.16553028897364885	0.669056568165654
0.16511238910546633	0.1655304432537964	0.6693571676407374
0.165218953864139	0.1652951793300926	0.6694858668057685
0.1651677377993575	0.16532173041253068	0.6695105317881119
0.1651281944486656	0.16552268948297597	0.6693491160683585
0.16512866382777036	0.16556405607958363	0.6693072800926461
0.1653283956487511	0.16537283989426171	0.6692987644569872
0.1651902200157618	0.16534610285720125	0.669463677127037
0.16526300571717945	0.1654814533265913	0.6692555409562294
0.16536960097065498	0.165521418228051	0.6691089808012941
0.16518991992891066	0.16540538854009312	0.6694046915309964
0.16517486355713573	0.16551863384593013	0.6693065025969342
0.16541124479133915	0.16551858897832505	0.6690701662303359
0.16511125466233226	0.16552778172625487	0.6693609636114131
0.16530664636034426	0.16548169199000262	0.6692116616496533
0.16526943391884297	0.16551506034512092	0.6692155057360363
0.16538526496147338	0.16535928722880075	0.6692554478097259
0.16533894148959077	0.165405201019619	0.6692558574907903
0.16519131941336174	0.1654403896159116	0.6693682909707268
0.16540463615924403	0.1653872191295752	0.6692081447111808
0.16533894003854355	0.16550856045915263	0.6691524995023039
0.1651995590697327	0.1655580828933058	0.6692423580369616
0.16527915915888525	0.16556548453942932	0.6691553563016857
0.16524533722934745	0.16537731193410837	0.6693773508365444
0.16512567849663753	0.16533468968789217	0.6695396318154704
0.16524921531641978	0.16555885793637376	0.6691919267472066
0.1651973540913047	0.16552792107461456	0.6692747248340809
0.1651831950185	0.1655036625952973	0.6693131423862029
0.1654069845921794	0.16554947795880393	0.6690435374490169
0.165174101008756	0.16529663094642244	0.6695292680448217
0.16538972827341666	0.1655662398352477	0.6690440318913358
0.16518271145244434	0.16550937902303314	0.6693079095245227
0.16520433757373398	0.16535938209551027	0.6694362803307559
0.1653874356786035	0.16544184901647171	0.6691707153049249
0.16535449240977518	0.1655266818394368	0.6691188257507881
0.16541091501630067	0.1655678154528628	0.6690212695308366
0.16541452717359922	0.16528972846593978	0.6692957443604611
0.1652029751404622	0.16532840314304503	0.6694686217164929
0.16532151800758055	0.1653847832948059	0.6692936986976137
0.1651243011017639	0.16531605055197443	0.6695596483462618
0.16518409390605693	0.16539486508382073	0.6694210410101225
0.16532593840911675	0.16554452409237289	0.6691295374985105
0.16530792561933946	0.1654673408439345	0.6692247335367262
0.16512107049235425	0.1655487454911349	0.6693301840165109
0.1653252826416119	0.1655196106135054	0.6691551067448829
0.16524195107314105	0.16554582059157325	0.6692122283352859
0.16514679451804645	0.1654825625090806	0.6693706429728731
0.1652762891025889	0.16533856362490934	0.6693851472725019
0.16539302538222567	0.1652861483802276	0.6693208262375469
0.16524932657475816	0.16554859781913966	0.6692020756061023
0.1652891889770457	0.16549938047877633	0.6692114305441781
0.1652544173604993	0.1652998316673201	0.6694457509721807
0.1652146556846224	0.16532890965379202	0.6694564346615857
0.16519274984261637	0.1653016854395553	0.6695055647178285
0.16524005966705466	0.16538635689424402	0.6693735834387013
0.16521983570228266	0.1654245272693383	0.6693556370283792
0.16527595808673046	0.16540453129774335	0.6693195106155263
0.1651995807587354	0.1652726137069475	0.6695278055343172
0.1651451015662816	0.16548259187677705	0.6693723065569415
0.16536288023238335	0.16535506665648197	0.6692820531111348
0.16534515503724784	0.16528775502836282	0.6693670899343895
0.16541637706953288	0.1655146516713539	0.6690689712591134
0.16524721130236053	0.16537381697471865	0.6693789717229209
0.16524948565630337	0.16558151571634724	0.6691689986273495
0.16519111906393769	0.16544229696121854	0.6693665839748438
0.1652688836187531	0.16530316816146837	0.6694279482197786
0.16511251086599568	0.16532775390809257	0.669559735225912
0.1651770555026017	0.1655460465167098	0.6692768979806887
0.16517208527123017	0.1654970368415909	0.6693308778871792
0.16527320692607772	0.16535823726091722	0.6693685558130051
0.16532552546433446	0.1653153390173979	0.6693591355182678
0.1653859730730116	0.16552910552039907	0.6690849214065895
0.16529798519914143	0.1654439149785093	0.6692580998223494
0.16540493913688153	0.16541711297395262	0.669177947889166
0.1651731101054996	0.16551225969667366	0.6693146301978269
0.1651109732567984	0.16550005233470055	0.6693889744085012
0.16517706095549067	0.1652803826468412	0.6695425563976682
0.16522254434343217	0.16546762971943663	0.6693098259371313
0.16529473445933435	0.16542228071304116	0.6692829848276246
0.16520546138629105	0.1655548895324384	0.6692396490812706
0.16522169450430313	0.1655069131625027	0.6692713923331943
0.16526330786393043	0.16531712149919164	0.669419570636878
0.1653453105012295	0.1655551357129614	0.6690995537858093
0.16530757716864777	0.1655227258566469	0.6691696969747054
0.16528509050074403	0.16548399443478043	0.6692309150644757
0.16526588850958518	0.16530861403084962	0.6694254974595653
0.16528160768557976	0.16556683623513996	0.6691515560792805
0.16529442825613463	0.16537057838285002	0.6693349933610154
0.1652441539978593	0.16543938047045523	0.6693164655316856
0.16519414152967832	0.16548096996029946	0.6693248885100224
0.16515182331240608	0.16548806293307422	0.6693601137545198
0.16519555079635492	0.16547735421376347	0.6693270949898817
0.16536896861431755	0.16551261552127217	0.6691184158644103
0.1651335498884443	0.16553608630036165	0.6693303638111943
0.16513532144824702	0.165465035745178	0.6693996428065752
0.16519239322718066	0.16534110099084992	0.6694665057819695
0.165109597569187	0.16538371230782836	0.6695066901229847
0.16513549352173904	0.1654343268498685	0.6694301796283926
0.16537993301082743	0.16553983749144469	0.669080229497728
0.16537657280631218	0.16555444517405926	0.6690689820196287
0.1651687778017561	0.165546868832934	0.66928435336531
0.16525777713290016	0.16531201835846804	0.669430204508632
0.16521741004145546	0.16529424730156445	0.6694883426569802
0.16521518238184663	0.1654345639864015	0.6693502536317519
0.16538721538862783	0.16552246707995955	0.6690903175314127
0.1651327524805553	0.16544934815221424	0.6694178993672306
0.16519268640602686	0.16534812079612604	0.6694591927978473
0.16516951569118557	0.1653420213559172	0.6694884629528973
0.16526502440587398	0.16539188815208405	0.6693430874420421
0.1654138120249363	0.1653505943438064	0.6692355936312575
0.16524247754820598	0.16539968701483143	0.6693578354369627
0.16530206654873614	0.16532738342498787	0.6693705500262761
0.16520061261305904	0.1653024981382229	0.6694968892487182
0.16525051111482056	0.16534402774044593	0.6694054611447336
0.1652734955146908	0.16549264761641422	0.6692338568688951
0.16521382102177246	0.16535311887876555	0.6694330600994621
0.1654139831289658	0.16543729316549144	0.6691487237055429
0.1651454298423992	0.16536185042373325	0.6694927197338676
0.16528159249877386	0.16556602571060747	0.6691523817906189
0.16517770786561914	0.16553332476039512	0.6692889673739859
0.16538820329031756	0.1655001962987977	0.6691116004108848
0.1653681641783551	0.16549906853798296	0.6691327672836621
0.16542060538158562	0.16538829300813007	0.6691911016102845
0.1651517328734931	0.16546040010745178	0.6693878670190552
0.16541182309856564	0.16553930736181977	0.6690488695396147
0.16527099204466278	0.165355738632246	0.6693732693230914
0.16539867732208757	0.16558219752176984	0.6690191251561427
0.1652973036626963	0.1654890860797651	0.6692136102575388
0.16524591763942909	0.1654803547050136	0.6692737276555574
0.1652354933690319	0.16529168931681176	0.6694728173141564
0.16534773129040375	0.16540616602911895	0.6692461026804775
0.16518526273852516	0.1653303324820091	0.6694844047794659
0.16523344115428143	0.16536561800203625	0.6694009408436825
0.16522312062406214	0.16550702967668213	0.6692698496992558
0.16513672288405165	0.16539795354390266	0.6694653235720458
0.16541980816938912	0.16548163660981063	0.6690985552208004
0.16530472619681247	0.1654903404873364	0.6692049333158512
0.16513482951482344	0.16540494562921543	0.6694602248559612
0.165192267984723	0.16544233476226344	0.6693653972530137
0.16522069355573255	0.1653625166531649	0.6694167897911028
0.16538122378785464	0.16545989608618344	0.669158880125962
0.16518811412876272	0.16551071933355088	0.6693011665376866
0.16532027675707478	0.16546302020638481	0.6692167030365406
0.16512965828543655	0.16532231357064814	0.6695480281439155
0.16512484404445227	0.16554340207745832	0.6693317538780895
0.16529925068764065	0.16554339477413815	0.6691573545382212
0.16525025680514654	0.16546226995825652	0.669287473236597
0.1652123622631333	0.16544133280367518	0.6693463049331916
0.16532059079100125	0.16550484387743608	0.6691745653315628
0.16535934824330492	0.16551008920397345	0.6691305625527217
0.16513809330005325	0.16558190718040194	0.6692799995195449
0.16519042960503189	0.16536433459861533	0.669445235796353
0.16535300693239158	0.16530843298398185	0.6693385600836267
0.16535767101203722	0.165566459375013	0.66907586961295
0.16529167866750816	0.16536307823138136	0.6693452431011107
0.16540206924202466	0.1652833908815977	0.6693145398763778
0.16534801466536517	0.16533648839586773	0.6693154969387672
0.16523052139449926	0.1653222394351827	0.6694472391703181
0.16516617310044046	0.16554150247978516	0.6692923244197745
0.1653068444330483	0.16538105711744563	0.6693120984495062
0.16529505570760222	0.16534296404229504	0.6693619802501029
0.1651161137620712	0.16554200678641354	0.6693418794515154
0.16532985766245228	0.16538984466071305	0.6692802976768348
0.16522352814822397	0.16546603446666158	0.6693104373851146
0.16521653573711273	0.16557520413782817	0.6692082601250593
0.16528267364492877	0.16529525030609868	0.6694220760489726
0.16537230211680617	0.16527274497220784	0.6693549529109861
0.1653613290356205	0.16545331615138234	0.6691853548129973
0.1652859943269715	0.16545569409938576	0.6692583115736428
0.1654200977821453	0.16554293347037105	0.6690369687474838
0.1654021568586541	0.1654898293837152	0.6691080137576308
0.16518405115639967	0.16535688059737763	0.6694590682462228
0.16533723207565335	0.16557715189141084	0.6690856160329359
0.1652934929011755	0.16555875870131803	0.6691477483975066
0.16535049113353706	0.16530940534821864	0.6693401035182445
0.16519194366814946	0.16545745246332288	0.6693506038685277
0.16533639478359358	0.1654655340490213	0.6691980711673853
0.16526016851525066	0.16527476009218356	0.6694650713925658
0.1652651746826736	0.16534641789505344	0.6693884074222731
0.16518432332153507	0.1655024907978147	0.6693131858806504
0.16534715378200765	0.16545717474772875	0.6691956714702637
0.165417271664528	0.16527716712967994	0.6693055612057922
0.1652835340832151	0.16554265954462488	0.6691738063721602
0.1652864618833778	0.16557608967159587	0.6691374484450264
0.1651990376732246	0.16536796440347168	0.6694329979233038
0.16524938986742527	0.16529787879286573	0.6694527313397092
0.16532135073425822	0.1654436008262543	0.6692350484394876
0.16525448668827472	0.1655715706976467	0.6691739426140787
0.16524337365231756	0.16529324222929032	0.6694633841183922
0.16521221087552024	0.16547769833362944	0.6693100907908505
0.16530223347556502	0.16526679314531345	0.6694309733791216
0.16525458562915885	0.1655817662851708	0.6691636480856704
0.16520214459573332	0.16534031768643973	0.6694575377178271
0.1651197649344976	0.165467035833253	0.6694131992322495
0.1652396773505661	0.1652868767281277	0.6694734459213063
0.1652721692038411	0.16529374133577307	0.669434089460386
0.16520780248220088	0.16534616462539517	0.6694460328924041
0.16529684559162677	0.16549187646296556	0.6692112779454078
0.1652092536118261	0.16552226596364772	0.6692684804245264
0.16514528061795633	0.16550795957427367	0.6693467598077701
0.1652597980330261	0.16545024298754454	0.6692899589794294
0.16516865491290278	0.16535428992046725	0.66947705516663
0.1651224064794248	0.16555311792921457	0.6693244755913608
0.16518727938308606	0.165390163879142	0.6694225567377721
0.16523150383023458	0.16551664909838737	0.6692518470713782
0.16511844370453085	0.1654685300571762	0.6694130262382931
0.16531027170985946	0.16545497306711615	0.6692347552230246
0.16541607231343	0.16547275993983956	0.6691111677467305
0.16532874131508538	0.16535274076038498	0.6693185179245298
0.1653158484676254	0.16540877877400292	0.6692753727583718
0.16534631628057214	0.16548929879418006	0.669164384925248
0.1651206838475162	0.16546682340570776	0.6694124927467762
0.16541835725883616	0.16527911678614987	0.669302525955014
0.16520260580625123	0.16557847475816354	0.6692189194355853
0.1653583804671983	0.16551346277238155	0.6691281567604203
0.16541820923070513	0.16553376618439225	0.6690480245849028
0.16516455349809195	0.16528350756599897	0.6695519389359093
0.1651546362831129	0.165344916800424	0.6695004469164632
0.16519263375602652	0.1653860139837968	0.6694213522601768
0.16522640612283482	0.16546129914563634	0.6693122947315289
0.16529396665286233	0.16530215499605427	0.6694038783510835
0.16534346281725765	0.16527062559258887	0.6693859115901536
0.1652261593406982	0.16549809478360042	0.6692757458757015
0.16527906761858316	0.1654400015949321	0.6692809307864849
0.16537375455946024	0.16548575702807689	0.669140488412463
0.16514634781018483	0.16548133214179384	0.6693723200480215
0.16530267547888386	0.16535699071281115	0.669340333808305
0.16527487873470698	0.1654249171848669	0.6693002040804262
0.16523785379970485	0.16549155940557925	0.669270586794716
0.165389274132658	0.16529841283259814	0.669312313034744
0.16523784626346316	0.16557608905868348	0.6691860646778535
0.16531231540841893	0.1654055659338059	0.6692821186577753
0.1653769539581046	0.1654319257886456	0.6691911202532499
0.16521009758907615	0.16533590545858895	0.669453996952335
0.16534087968358488	0.1655465679318172	0.669112552384598
0.16515235874847856	0.16531480605359994	0.6695328351979216
0.16533022212774517	0.16535523076799546	0.6693145471042594
0.16525480476572835	0.16532116252648726	0.6694240327077845
0.1651877506551717	0.16535962348565175	0.6694526258591766
0.16536940888907328	0.16528201882163285	0.669348572289294
0.16519221839656542	0.16557530661157333	0.6692324749918614
0.16539944611927668	0.16550788331649124	0.6690926705642322
0.16522367585298575	0.16556960417417566	0.6692067199728388
0.16537306716523908	0.16549767935355364	0.6691292534812074
0.16533366615487832	0.16534486776665652	0.6693214660784653
0.1651334935846432	0.1655648608371939	0.6693016455781631
0.16529107409094132	0.16554789983792662	0.6691610260711323
0.16522066878577393	0.16540668853760168	0.6693726426766244
0.16540863814877646	0.16527451576922486	0.6693168460819988
0.16515822385070644	0.16547676824329427	0.6693650079059994
0.16513454901838648	0.16556495612596023	0.6693004948556533
0.16525444577645276	0.16528188592637677	0.6694636682971706
0.1653212227446305	0.16536070437880313	0.6693180728765664
0.16510844538538874	0.1653154709710768	0.6695760836435346
0.1652031656301795	0.16546532533040426	0.6693315090394164
0.1652995818663725	0.16541668499234813	0.6692837331412795
0.16528408934157332	0.16541484923011512	0.6693010614283117
0.16537861571853374	0.16542888832538122	0.6691924959560852
0.1654012300773616	0.16544933436622017	0.6691494355564184
0.1651768770047082	0.16550733558069827	0.6693157874145936
0.1653732373362083	0.16548628532031762	0.6691404773434743
0.1651534890943245	0.16543125894690078	0.6694152519587748
0.16515025062258687	0.16550550231193317	0.66934424706548
0.16515517135076546	0.16533803880870918	0.6695067898405256
0.16524786808025888	0.1653271596569984	0.6694249722627428
0.1653320555179842	0.1654380597431642	0.6692298847388518
0.16529018184349664	0.1655362371039274	0.6691735810525761
0.16530592868465624	0.16546962854278963	0.6692244427725542
0.16540872502620219	0.165298274521729	0.669293000452069
0.1651429392796336	0.16555994627070597	0.6692971144496604
0.1651818860655706	0.16535782796931306	0.6694602859651164
0.16529016911384603	0.16532995257503802	0.669379878311116
0.1652931297064322	0.1654823210889509	0.669224549204617
0.1651148367315112	0.16553236069516	0.6693528025733289
0.16533391880967807	0.16553301844783253	0.6691330627424895
0.16519617125265185	0.16531718572804344	0.6694866430193048
0.16541708082959522	0.16554916621734875	0.6690337529530561
0.16526680863935947	0.16539146020304213	0.6693417311575984
0.16530497408170033	0.1654068095786772	0.6692882163396225
0.1653125348094797	0.1653753096277352	0.6693121555627852
0.1651091615183195	0.16530040860323858	0.6695904298784421
0.16517277469577551	0.16556566156300756	0.669261563741217
0.16527199496349754	0.16553977299728323	0.6691882320392193
0.16534020200663127	0.16551125814195805	0.6691485398514108
0.16537677393821534	0.16542898885177942	0.6691942372100054
0.16520413251772098	0.16555682914914038	0.6692390383331388
0.16523911804360716	0.16544037215714263	0.6693205097992503
0.16513012029366242	0.16527709737046975	0.6695927823358679
0.16514494994904533	0.16536599234360325	0.6694890577073516
0.16527109447676105	0.16529576964910442	0.6694331358741347
0.1654165946059459	0.16551581474258442	0.6690675906514698
0.1651963868170372	0.1655699375663085	0.6692336756166544
0.16518813679785557	0.1654910749444369	0.6693207882577077
0.1652618001861979	0.16555367859437853	0.6691845212194236
0.16536996705268323	0.16529149037061508	0.6693385425767018
0.1652714992507207	0.16527682672228639	0.669451674026993
0.16537038763139106	0.16554633287137072	0.6690832794972383
0.16539276224306468	0.1654354751986261	0.6691717625583093
0.1652293962156057	0.1654449447559485	0.669325659028446
0.16521330238555865	0.16542888607077627	0.6693578115436652
0.16518257611214612	0.16553304645822015	0.6692843774296338
0.16527479896112252	0.16554094969257974	0.6691842513462979
0.16522162937512408	0.16527082400236653	0.6695075466225096
0.1653490136631918	0.16527321120043367	0.6693777751363746
0.16526809578098306	0.16527042812574755	0.6694614760932696
0.16539596179596347	0.16537804270756082	0.6692259954964759
0.16536705782570182	0.1652678202712602	0.6693651219030381
0.16519914940049996	0.16544447609600488	0.6693563745034953
0.16538760898712757	0.1652788402930151	0.6693335507198575
0.16519633844226372	0.1655294519492614	0.669274209608475
0.16536886191484515	0.1653718336415243	0.6692593044436307
0.16533158568283313	0.1654075422875888	0.6692608720295783
0.16535080130648852	0.16557228531363413	0.6690769133798775
0.1654143657556449	0.16543558850596998	0.6691500457383852
0.16539525657026352	0.16551464953643663	0.6690900938933
0.16514512828021918	0.16544000904371942	0.6694148626760614
0.16532778681304694	0.16552417492304805	0.6691480382639052
0.1652022334633954	0.1652984566990306	0.6694993098375741
0.16521560203102922	0.1654821598093195	0.6693022381596514
0.16512151966812624	0.1654221644118031	0.6694563159200708
0.16528552060814705	0.16556170739433118	0.6691527719975219
0.16540410123247368	0.1654772840242864	0.6691186147432401
0.16530472181477607	0.16549192562876094	0.6692033525564631
0.1654178742573899	0.16548401570621096	0.6690981100363993
0.16530376461108492	0.16557510998954095	0.6691211253993743
0.16527034728260243	0.16544673073925176	0.669282921978146
0.16539281575510556	0.1654765565191092	0.6691306277257854
0.16538404825662822	0.16543225567840616	0.6691836960649657
0.1653868364135785	0.16537809841342765	0.669235065172994
0.16522381161955774	0.16545057109924213	0.6693256172812003
0.16527700987768523	0.16552573577179952	0.6691972543505154
0.16527076406211424	0.16532363019344515	0.6694056057444406
0.16534899728602265	0.1652844011442918	0.6693666015696857
0.16517001922622165	0.16538346843577026	0.6694465123380082
0.16538981607425565	0.1653117384209436	0.6692984455048009
0.16534503421208602	0.1653791337819369	0.6692758320059773
0.16536738026178505	0.16531652669525249	0.6693160930429626
0.16514947237495353	0.16536580568691292	0.6694847219381337
0.16539899886574366	0.1653372115878633	0.6692637895463931
0.16538547630272218	0.16556135237691227	0.6690531713203656
0.16529238540900337	0.1653576958917416	0.6693499186992551
0.16535890832622532	0.1654135607461612	0.6692275309276136
0.16528525815817396	0.16549352636484194	0.6692212154769843
0.16534977791104216	0.16527831012396493	0.669371911964993
0.16529454162417467	0.16533072060349402	0.6693747377723315
0.16515466207534485	0.16538314671216015	0.6694621912124952
0.16522247466688023	0.16533484879069998	0.66944267654242
0.16522421771566007	0.16527561905405255	0.6695001632302875
0.16536253262822054	0.16551907647990952	0.6691183908918701
0.1651221047082346	0.1655410893025987	0.6693368059891668
0.16522484324691472	0.1654512576471286	0.6693238991059568
0.16514404808407973	0.1654217028746891	0.6694342490412313
0.16525768150168357	0.16546199612410262	0.6692803223742139
0.16542140498407246	0.16530624446777012	0.6692723505481575
0.1653485645275348	0.1654583263038336	0.6691931091686317
0.1652702050192395	0.1655278666704486	0.669201928310312
0.16527784267213413	0.16538403682475913	0.6693381205031068
0.16511759267416173	0.1653701461592112	0.6695122611666272
0.16530833299606698	0.1654818266647168	0.6692098403392164
0.1651837933014701	0.1652676108812841	0.6695485958172459
0.1651162369176763	0.16550704959461623	0.6693767134877076
0.16511150026004323	0.16541928425635694	0.6694692154835999
0.1651949605689368	0.16552470255600654	0.6692803368750568
0.16521257326782082	0.16557185018235412	0.6692155765498251
0.16539201558742195	0.16550872373740494	0.6690992606751731
0.16537142489462786	0.1654738598473296	0.6691547152580426
0.16529540574899618	0.16551740433729062	0.6691871899137133
0.1653776420415699	0.16541380238904776	0.6692085555693825
0.1652388388555317	0.16529627712625622	0.6694648840182122
0.16526787931843964	0.16532485074310985	0.6694072699384507
0.1651643465534513	0.16532667245051189	0.669508980996037
0.16539275808172896	0.16529958299512	0.6693076589231511
0.16540935906195264	0.16541149910115216	0.6691791418368953
0.16537212655025127	0.1652978382145744	0.6693300352351744
0.16519763340747975	0.16535273789057547	0.6694496287019449
0.1652075832747183	0.165272438405271	0.6695199783200108
0.16532997909831765	0.16541485338853973	0.6692551675131428
0.16541536551327268	0.16526695061463975	0.6693176838720876
0.16512834692652656	0.16527474028229788	0.6695969127911756
0.16520480283733158	0.16549363331233047	0.6693015638503381
0.16522488822207496	0.16538705351401564	0.6693880582639096
0.16528853584639266	0.16530522193564534	0.6694062422179621
0.16533615809412855	0.1655629272288336	0.6691009146770379
0.1651703211574936	0.1654826116863858	0.6693470671561207
0.165113980078813	0.16542467555280904	0.6694613443683781
0.16529432975608216	0.16549431106053608	0.6692113591833819
0.16541260428289709	0.16531660424277644	0.6692707914743266
0.16525806815113683	0.1655807143394929	0.6691612175093704
0.1651519909507253	0.16553472241716105	0.6693132866321138
0.1654139308210453	0.16544923233313963	0.6691368368458152
0.16534371325737884	0.16542236396092402	0.6692339227816972
0.16522006888991114	0.16554308351158592	0.6692368475985031
0.1652372358232323	0.16549784380651134	0.6692649203702565
0.16541796108543688	0.16549609799526804	0.6690859409192952
0.16524713182339784	0.16531436508510827	0.669438503091494
0.16539801624066505	0.16553749025911413	0.6690644935002209
0.16536870579237778	0.1654939877111652	0.6691373064964572
0.16529054525907455	0.16550678987725634	0.6692026648636692
0.16534638453954117	0.16533165078634754	0.6693219646741114
0.16526388471033948	0.16556915150432577	0.6691669637853348
0.16536430007976669	0.16548085286539171	0.6691548470548416
0.16540666209527632	0.16538041212774168	0.6692129257769821
0.16537270360482187	0.16540368924757756	0.6692236071476008
0.16530291159850907	0.1653281134734863	0.6693689749280047
0.16528546376378014	0.16533020171011803	0.6693843345261019
0.16533644709362946	0.16527400589102081	0.6693895470153499
0.16527184105477835	0.16554914702992676	0.669179011915295
0.16518105229196547	0.16545978415367507	0.6693591635543595
0.1652113850374918	0.16542363883934513	0.6693649761231633
0.16519247635746007	0.1654560181770191	0.669351505465521
0.16533773930878776	0.16550626696262769	0.6691559937285847
0.1653562344842502	0.16549169836819655	0.6691520671475534
0.16511022503199027	0.16529960341986943	0.6695901715481405
0.16531309054236532	0.165414485826533	0.6692724236311018
0.165346779130182	0.16528681843842935	0.6693664024313888
0.16515869686576656	0.16528467173810651	0.669556631396127
0.16536559637381515	0.16540968486652735	0.6692247187596576
0.1653124476597715	0.16547088113843847	0.6692166712017902
0.1652669397006682	0.16556095800390902	0.6691721022954229
0.16538431795006223	0.16548651568774753	0.6691291663621903
0.16521076470466112	0.16537057719274015	0.6694186581025989
0.16522500406206297	0.1652801555058983	0.6694948404320389
0.1651616243511215	0.1654309025537633	0.6694074730951153
0.1654090581439518	0.16537642618859716	0.6692145156674512
0.16522351160361848	0.16554829248986613	0.6692281959065155
0.16533047651885222	0.16534123220702074	0.6693282912741272
0.16512653715696557	0.16557132870279317	0.6693021341402414
0.16521978029927176	0.16534293563677604	0.6694372840639523
0.16511288647962008	0.16554123633533419	0.6693458771850458
0.1651641976247502	0.1652710668805345	0.6695647354947154
0.16533919509445896	0.16536122847567147	0.6692995764298697
0.16522625209042235	0.16532408912144747	0.6694496587881302
0.16519238647310946	0.16555046753704994	0.6692571459898407
0.1652282545577866	0.16552275673394415	0.6692489887082693
0.16535145471961155	0.16533487445793632	0.6693136708224523
0.16518084729918575	0.16528211888508149	0.6695370338157329
0.16538603622773884	0.1655333629691318	0.6690806008031295
0.16529805053981486	0.16532168047698648	0.6693802689831988
0.16523212751209604	0.16542676420129654	0.6693411082866075
0.1651082008593289	0.16549802471034514	0.6693937744303261
0.16526387101909207	0.1654727234444453	0.6692634055364628
0.16520585314191877	0.1654759094762418	0.6693182373818396
0.16522308350802786	0.16547672513071726	0.6693001913612551
0.16541063442151874	0.16546362985048846	0.6691257357279929
0.16514102319262985	0.16527849008412238	0.6695804867232479
0.16521444939628585	0.1652688649029629	0.6695166857007513
0.16522516255896097	0.16539695387030462	0.6693778835707346
0.16522702429012828	0.1655058085620012	0.6692671671478707
0.16515667130801745	0.1654980401166416	0.669345288575341
0.16516704086177852	0.16550409471677685	0.6693288644214448
0.16525257304355873	0.16543654868986787	0.6693108782665735
0.1652194689099979	0.1655301245104052	0.669250406579597
0.1652001481302145	0.16534376046161497	0.6694560914081706
0.1651167663193121	0.16533407431332678	0.6695491593673613
0.1651229612569894	0.1652881147782382	0.6695889239647725
0.16542273522449272	0.16549046222007946	0.669086802555428
0.16516380048218657	0.16550460913293938	0.6693315903848742
0.1652953129590034	0.16526931016740454	0.6694353768735922
0.1653248410267197	0.16555134685035872	0.6691238121229217
0.1653428918123167	0.16548872153431726	0.6691683866533662
0.16520522325827408	0.16555221214640464	0.6692425645953214
0.1652364909584255	0.1654810406324906	0.669282468409084
0.16510729306189995	0.16533296725685515	0.669559739681245
0.16533218199172087	0.1655498667558008	0.6691179512524784
0.1651433469966664	0.16538698679921857	0.6694696662041151
0.16522108184675727	0.16551936019543256	0.6692595579578102
0.1653955432399828	0.16539290151472483	0.6692115552452925
0.16518353335772668	0.16541170901758478	0.6694047576246887
0.16522275935966868	0.1653738746788288	0.6694033659615026
0.16519410451858887	0.16538587240394598	0.6694200230774653
0.16530775664917965	0.1653917061080138	0.6693005372428067
0.16534432953921743	0.1652671928734501	0.6693884775873327
0.16539879654369682	0.1654071420417284	0.6691940614145749
0.16519514678542613	0.16538804513862065	0.6694168080759534
0.16534605128895044	0.16531151673932742	0.6693424319717223
0.1652437012879561	0.16530702409282433	0.6694492746192197
0.16519252986893146	0.16535985954199398	0.6694476105890746
0.16534850739117876	0.1654711154653942	0.6691803771434272
0.16511059926808963	0.16535297204482247	0.669536428687088
0.1654225252844928	0.1655382986264369	0.6690391760890704
0.16541885894896888	0.16556146063300825	0.6690196804180231
0.16521949692906668	0.1655296003394734	0.66925090273146
0.16522707884333396	0.1652763709780608	0.6694965501786054
0.16516316498956055	0.16529792327533654	0.6695389117351032
0.16541394104383517	0.16531982070519355	0.6692662382509713
0.16521750085245393	0.1654608348904349	0.6693216642571113
0.1653623954563687	0.1655555932932971	0.6690820112503344
0.16525025142580663	0.1654464591273212	0.6693032894468722
0.16523904680381213	0.16547968153561046	0.6692812716605776
0.16534238226849365	0.16544305510632262	0.6692145626251838
0.16513507634147828	0.1654724588862616	0.6693924647722602
0.16536142341628463	0.16536634238349313	0.6692722342002224
0.1653677642617704	0.1654653032587736	0.6691669324794561
0.165159184999768	0.1653190068245421	0.66952180817569
0.16517171405428835	0.1652762005110902	0.6695520854346215
0.16534414125580696	0.16539953939651153	0.6692563193476816
0.16540659415944317	0.16544716253117198	0.669146243309385
0.16532881994255846	0.16532646340078738	0.6693447166566543
0.16525090604284604	0.1655189487448839	0.6692301452122702
0.165197623921346	0.16534061799599648	0.6694617580826576
0.1652128399751181	0.16529420811694678	0.6694929519079352
0.16540323363911175	0.1652936147579827	0.6693031516029057
0.16535974091316966	0.16552223992837617	0.6691180191584543
0.16523551577672707	0.16550121226971554	0.6692632719535575
0.16536741877113104	0.16554829456636194	0.6690842866625071
0.16529333596373086	0.16547297019739723	0.669233693838872
0.1652393844437288	0.16550209328665272	0.6692585222696186
0.16540335586034113	0.16543440611053556	0.6691622380291234
0.16537195669934837	0.16538953025205808	0.6692385130485937
0.16534748914865002	0.1654224849551471	0.669230025896203
0.16517030743079514	0.16542004609578836	0.6694096464734166
0.16528236498835797	0.16531668613588035	0.6694009488757617
0.16511943466689238	0.1655228364794814	0.6693577288536263
0.16534260353187735	0.1653660299231275	0.6692913665449953
0.16540681942984783	0.16545446018122642	0.6691387203889259
0.1652217547833973	0.1655203393412562	0.6692579058753465
0.16521332183428966	0.16533751840394942	0.669449159761761
0.16539770554169392	0.1654069702233916	0.6691953242349147
0.16512247100289612	0.16547788870472924	0.6693996402923748
0.16521797847799233	0.1652778217752669	0.6695041997467408
0.16520932993478557	0.1655455814340916	0.669245088631123
0.16527362630908904	0.16528062561017723	0.6694457480807339
0.16514583293919927	0.16550705614484065	0.6693471109159601
0.16533220124409137	0.16536507189281346	0.6693027268630953
0.16516292688777207	0.16550815062057106	0.669328922491657
0.1651560659001102	0.1654386849741363	0.6694052491257536
0.16511501909069126	0.16537488286952834	0.6695100980397806
0.16511675978205725	0.16555491918617654	0.6693283210317662
0.165199943957075	0.16541328942940237	0.6693867666135227
0.16528850050136468	0.16545713504817938	0.669254364450456
0.1654086559487862	0.1655247235828787	0.6690666204683352
0.16512319852902224	0.16529672930768413	0.6695800721632936
0.16515743017199586	0.1654443176978705	0.6693982521301338
0.16535339241170277	0.16545150300943567	0.6691951045788616
0.16525103115307932	0.16538236686882257	0.6693666019780982
0.1652309167713074	0.16541524021192777	0.6693538430167649
0.16537666151907074	0.16528712007152985	0.6693362184093996
0.1652923520349393	0.16531951831385472	0.6693881296512061
0.1654139268112666	0.16555392040609557	0.669032152782638
0.16515195079024228	0.16526852760238053	0.6695795216073773
0.16521792948568137	0.16530836930007098	0.6694737012142478
0.16520463557980064	0.16554814345268976	0.6692472209675098
0.1652447222709846	0.1653140100136205	0.6694412677153949
0.1651324750694599	0.16533927573222665	0.6695282491983136
0.16512724400296772	0.16538326466731076	0.6694894913297216
0.16533100725153527	0.1652672181319313	0.6694017746165335
0.16536014917851788	0.16539730169323164	0.6692425491282505
0.1654071486551638	0.16530982692990764	0.6692830244149287
0.16511959985998823	0.16534805898636312	0.6695323411536488
0.1652540149592148	0.16528120228272375	0.6694647827580615
0.16533498076410336	0.16527091403318203	0.6693941052027147
0.16530606487122054	0.16538687391327817	0.6693070612155014
0.16533688423225548	0.1652849748101606	0.6693781409575841
0.16532171353232902	0.16529175958995534	0.6693865268777157
0.16531711039412764	0.16547824120885038	0.6692046483970221
0.1652812433830467	0.16551190691988837	0.6692068496970651
0.16513248896808436	0.16556495145571593	0.6693025595761999
0.16540441373168063	0.16553176289689592	0.6690638233714237
0.1651519815785599	0.1655494566751646	0.6692985617462756
0.16518550972766533	0.16557006726257162	0.6692444230097632
0.16535655122528792	0.16536583486757445	0.6692776139071377
0.16538368833620026	0.16547582309842918	0.6691404885653707
0.16528433920357544	0.16532977800665355	0.6693858827897712
0.1653910438974087	0.16537430395782482	0.6692346521447666
0.1653160743977302	0.1654462678260584	0.6692376577762116
0.1651466709653156	0.16528664016437816	0.6695666888703063
0.16540503014537106	0.16540537617883574	0.6691895936757933
0.16515631483520685	0.1653305187623173	0.669513166402476
0.1652577737105172	0.16553457873569344	0.6692076475537896
0.1654110342342392	0.16554866827758785	0.6690402974881731
0.16522000943580217	0.16557279133246577	0.6692071992317321
0.16511380655565128	0.16545396228413106	0.6694322311602178
0.16532585355557328	0.16527786586587168	0.6693962805785552
0.16524541716366858	0.16557644013882028	0.6691781426975112
0.16521177896676692	0.16545012487758798	0.6693380961556452
0.16534172966211438	0.1653832867573377	0.669274983580548
0.16540562479742252	0.16545844280368613	0.6691359323988915
0.16524876867358068	0.16531357835137228	0.6694376529750472
0.16541026369274905	0.1653696443459141	0.6692200919613369
0.16522216561732056	0.1653725674901912	0.6694052668924884
0.16517657708387673	0.16543959741821945	0.669383825497904
0.16511759079725052	0.16542884561075905	0.6694535635919905
0.16532658366884453	0.16532364834801427	0.6693497679831413
0.16516492170557678	0.16535154328994117	0.6694835350044821
0.16517120950247474	0.1655407040059869	0.6692880864915385
0.16522008801455523	0.16530934940529185	0.669470562580153
0.16528085714027207	0.16532064887245623	0.6693984939872718
0.16532279561703306	0.16550537523732212	0.669171829145645
0.16515773447051862	0.16549386639332486	0.6693483991361566
0.16521881484773834	0.16548844702463134	0.6692927381276305
0.16541836532399376	0.16554657994890437	0.669035054727102
0.16522350574069877	0.16546508782400426	0.6693114064352971
0.16515180564507226	0.16542811111080813	0.6694200832441197
0.1651392622298457	0.16531561290047436	0.66954512486968
0.1653461215836034	0.1653013993817985	0.6693524790345982
0.1651447088851613	0.1655494142612049	0.669305876853634
0.16536317129034378	0.16537729161653558	0.6692595370931208
0.16523735567212539	0.16548928385652562	0.669273360471349
0.16513712229199193	0.16548484032678962	0.6693780373812186
0.16529384721665868	0.16544810133690624	0.6692580514464352
0.1652832323346899	0.1654737207080618	0.6692430469572483
0.16541490693806757	0.1654692789902879	0.6691158140716447
0.16529468503844963	0.16548584673219027	0.6692194682293602
0.16529505154235813	0.16554723400560684	0.6691577144520351
0.16534925511594714	0.16531098132822714	0.6693397635558258
0.16523962986164464	0.16528522264125256	0.669475147497103
0.16520953158441856	0.16555126264062892	0.6692392057749526
0.16517021543709492	0.16531097451207444	0.6695188100508307
0.1652776139598341	0.1654502632407489	0.6692721227994172
0.16520520593552762	0.16530965636682232	0.6694851376976503
0.16513813904153749	0.16553406924313604	0.6693277917153266
0.1654161944068655	0.165431028220779	0.6691527773723556
0.16539101142403945	0.16556996958382486	0.6690390189921358
0.16522721378180602	0.16535376601875368	0.6694190201994404
0.16529945122827489	0.1654960232341535	0.6692045255375717
0.16525816021709586	0.16545996989535666	0.6692818698875476
0.16512305066933963	0.16554585888318687	0.6693310904474736
0.16541403142312516	0.16537807776464986	0.6692078908122251
0.16528199085782885	0.16538332698719638	0.6693346821549748
0.16519642285735145	0.16552551769701968	0.669278059445629
0.16532728882843511	0.16543813846060912	0.6692345727109559
0.16511190806157627	0.1654918687886161	0.6693962231498077
0.1654186334963666	0.16537341200787073	0.6692079544957628
0.1654073029188847	0.16545969103194103	0.6691330060491744
0.16514905104293476	0.16530136886116994	0.6695495800958955
0.16525656432311686	0.16547585702391793	0.6692675786529653
0.16520351878861017	0.16551764175664974	0.6692788394547402
0.1651693009327409	0.16532651001283577	0.6695041890544235
0.16517687654886892	0.16531541048358434	0.6695077129675469
0.16536829589412474	0.16551777948810414	0.6691139246177713
0.16529500981600953	0.16550739617368934	0.6691975940103012
0.16516865286156915	0.16553019844420425	0.6693011486942267
0.1652209275236838	0.16556819334139278	0.6692108791349236
0.16512377324781002	0.1654366672951577	0.6694395594570324
0.16513568902996525	0.16550609945687772	0.6693582115131571
0.16522025504154428	0.16538465174142053	0.6693950932170353
0.16531111697154005	0.1652787732396407	0.6694101097888194
0.1651551052577837	0.16534267332568325	0.6695022214165331
0.16518780809207878	0.1655591403622029	0.6692530515457185
0.16537800500144686	0.16544269631643185	0.6691792986821214
0.16533861105236783	0.165469836984489	0.6691915519631433
0.16511233132370456	0.16551137034590785	0.6693762983303877
0.16539275996745728	0.16535784759812577	0.6692493924344171
0.16522907884892604	0.1653230569231333	0.6694478642279408
0.16534631514377796	0.16537894886856996	0.6692747359876522
0.16529635626937356	0.16549042417233234	0.6692132195582943
0.165272703558451	0.16533903308366077	0.6693882633578884
0.1654048116199361	0.1654477010382321	0.6691474873418319
0.1654089274655621	0.16542910167892683	0.6691619708555112
0.16526065524795408	0.16549604424681158	0.6692433005052345
0.16516472763739323	0.16553781653584176	0.6692974558267651
0.1653586429257493	0.1655042448821115	0.6691371121921392
0.16529372089879327	0.16549373231357234	0.6692125467876345
0.16534049605124243	0.16552717230450414	0.6691323316442535
0.16515403859730046	0.1654994623769349	0.6693464990257647
0.16522681976853218	0.1652960000984353	0.6694771801330327
0.16540766235653434	0.16552828696670324	0.6690640506767626
0.16518717817226553	0.16533296544404386	0.6694798563836908
0.1652666481703315	0.16546941816396366	0.669263933665705
0.16538431915576846	0.16528865495958683	0.6693270258846449
0.16530754615913898	0.16553773611678388	0.6691547177240773
0.1653483359539814	0.16540673891842872	0.66924492512759
0.16514011688231703	0.16552392103356325	0.6693359620841198
0.1652706440105709	0.16536378465869261	0.6693655713307366
0.16539652806844776	0.1654694052753246	0.6691340666562278
0.16511456184360548	0.16556115221453127	0.6693242859418633
0.16519509947118455	0.165330852167426	0.6694740483613896
0.16536872320153495	0.16535844667932026	0.6692728301191448
0.1652571578599961	0.16543308170120513	0.669309760438799
0.16524506247933446	0.16544194335339768	0.669312994167268
