0.1570050486942364	0.188609845816151	0.07983570738765652	0.11712282092821799	0.05533636261795733	0.12554419140912665	0.06516457564448108	0.04326312321873952	0.05224596340864901	0.11587236087478435
0.22459832523615558	0.10200983182490501	0.09695957548753378	0.11757370833055855	0.04939797128223436	0.1338984787748893	0.07542682333092568	0.04021886780417665	0.03959132274411574	0.12032509518450515
0.17528511514134298	0.10265446875532548	0.0792056125336896	0.13840914878205934	0.05683263094002786	0.1323413596633613	0.07768802663726038	0.06505162765544888	0.04610176174719821	0.12643024814428586
0.10797366327576716	0.14693741194502394	0.09199641337961365	0.14017073499860858	0.05357085182741044	0.1452452294646468	0.08225742482235443	0.06107323828097169	0.053384865244599955	0.11739016676100328
0.2309462353561878	0.05795207205909047	0.09635270281786949	0.13625953170154229	0.060067382647538844	0.12352390438832402	0.06359883682528594	0.050775121575288955	0.059999053189303354	0.1205251594395687
0.15073419545277347	0.1478462038884884	0.08289617817753957	0.13812951276247154	0.048790251037631766	0.14234808448256486	0.06321053475769445	0.04682700342705673	0.050643570569731004	0.12857446544404807
0.2049486289628737	0.08284182800870378	0.09889714008793675	0.11582662565261413	0.04348195439591215	0.1362229854075573	0.07976448088448428	0.0765736320887288	0.03180992893441818	0.12963279557677077
0.0828909048759548	0.2190053772635996	0.08119106343295653	0.12842340944142377	0.045791397343936766	0.14317735748698412	0.0835389836527659	0.05825148749021078	0.04696127101402405	0.11076874799814367
0.08377542009425601	0.21965233397434236	0.08316780459878739	0.1080480848061402	0.049987678107690135	0.12986957749546346	0.07552873615507465	0.05315577371826506	0.06515132775481622	0.13166326329516445
0.13897956035251105	0.14280504280572437	0.09686004416462576	0.13310699589181518	0.05223984754188946	0.14533135332406016	0.07894082694186866	0.049737641192455204	0.05340839492722887	0.10859029285782122
0.1474644577222575	0.14395168821389892	0.09438596174018683	0.11310916765068865	0.05805316989720424	0.14849335770955374	0.08202101983887503	0.062308619832279186	0.028852312993575394	0.12136024440148041
0.18822173861199604	0.16389936905023894	0.08002368087236722	0.1087419396096635	0.04570438314680845	0.14690718646261816	0.07048780014791314	0.042306321738796164	0.04236657510830162	0.11134100525129662
0.2434850577884623	0.06714713234620737	0.09720942513253518	0.1329518070391706	0.051116561201793906	0.1379311839578683	0.06426834970447894	0.03959371537809281	0.05418149251673289	0.11211527493465752
0.1923133317313205	0.11684620082873486	0.07932856952469042	0.11629642806184011	0.04721423204473348	0.13912519432647066	0.07496955306061498	0.06447954464373162	0.053209726051968595	0.11621721972589463
0.16442447557775436	0.11772954194755841	0.07992088847325675	0.12577767379918303	0.05186595981589894	0.14657628334212017	0.0742927280835991	0.062437626426681846	0.056414288770881574	0.12056053376306575
0.08927137353383287	0.19304940735441714	0.08910574658995508	0.1373462396193772	0.0428934647953152	0.13257285764098503	0.0769813698627281	0.06540817343209164	0.047768777093834376	0.12560259007746333
0.12442052263057204	0.1549267614074638	0.0910166679134829	0.136072097011917	0.05057760340071004	0.15138099762038285	0.0748564284879115	0.05610252806692785	0.04628697726155411	0.11435941619907782
0.2051488922947456	0.10544928691139002	0.09046939998774425	0.1199327626511496	0.06222779415494498	0.155692310706112	0.06702842298677586	0.05647845908202163	0.03131328197886786	0.10625938924624798
0.1754109092895098	0.12736942913634486	0.09147871671629017	0.1128019176191413	0.039322205043274695	0.12815912612633884	0.07970358120150564	0.06330960421143186	0.057626717587370764	0.12481779306879197
0.1993127094100133	0.07964091561996772	0.09995869832256489	0.11730116313964502	0.06298063232398027	0.13418749188107085	0.0735401505499254	0.05419797601917085	0.06324441531951866	0.11563584741414289
0.209415363139564	0.061118659834938256	0.09156336592311322	0.12350813732298346	0.049724921068621496	0.1369679665671943	0.07404024730922466	0.0625986885859002	0.05719614684074297	0.13386650340771725
0.195563164781689	0.11571745270546155	0.08535107565121765	0.109758693208786	0.03985652232972054	0.15189749957696466	0.0701517444466957	0.06578150808176533	0.0457724670714359	0.12014987214626355
0.1980237719594361	0.10088534450811171	0.08320343539622313	0.11093527693037612	0.05209166891765745	0.14994798886949906	0.08388805194546828	0.061657652610638755	0.049149759838567106	0.11021704902402214
0.19892321133112095	0.06526440167017036	0.09663115211431186	0.1369799725101316	0.056931654895681125	0.13069160170572958	0.07992527242089804	0.0463124507589523	0.06370338363641367	0.1246368989565904
0.16878122951317548	0.12335978539848758	0.09338652113163894	0.122603474504921	0.06221920756179727	0.150133454904766	0.07961154013569545	0.04026661417475783	0.0386231959505027	0.12101497672425764
0.10926610056261382	0.17204887474761876	0.08989678094542744	0.1383589747600701	0.061032357275504406	0.1374294735720234	0.08334432985997921	0.05208023830188559	0.0296504446750364	0.1268924252998408
0.09418813858788629	0.17007327768777647	0.07993009107912309	0.13259594815238868	0.059159263078181056	0.1337749782421644	0.0770957988218775	0.05765892793549356	0.06408638940962963	0.13143718700547927
0.14713090091967584	0.14837236310385077	0.09342210391087383	0.11850599223633175	0.048894579298157576	0.15057525288015064	0.07173776513049754	0.06290123112091273	0.05045543290651714	0.10800437849303206
0.1367943896462586	0.2050099878838957	0.08116690601730983	0.1360543903440824	0.040465713031506645	0.12875303339443345	0.07499181136032004	0.046421979460170966	0.03589208283930674	0.11444970602271551
0.03816508551363414	0.23376900122962274	0.08020608038673584	0.13277536059882256	0.052994152650794886	0.14776230441469831	0.07894630324253615	0.06079627689694325	0.044807402584027115	0.12977803248218506
0.06923680734322935	0.23110809968512103	0.08445635569385371	0.12125468059100158	0.057750329763973055	0.15424175557506065	0.06884274490624304	0.042113740438423794	0.05311524488590678	0.11788024111718698
0.09834381285842617	0.23158666458386462	0.09525944975845337	0.1110816455371591	0.05088356232661426	0.14588596594693337	0.0738486431066535	0.043887407468117326	0.037242434242673955	0.11198041417110431
0.08524689153111326	0.18893526159233814	0.09497247800170633	0.12966293912102825	0.05122390203172104	0.15161386780578714	0.07701885407612662	0.05279452655783901	0.0456925098818453	0.1228387694004949
0.06499592073535837	0.23200026964165466	0.09776978590690866	0.13038304210847956	0.051766394179972926	0.15033144335739193	0.06851150907824566	0.04712886482333403	0.04605676583767863	0.11105600433097557
0.11953614406234453	0.184841709663289	0.07879785369583144	0.13439686123257183	0.05040910184522263	0.13160900765709926	0.0685022368163831	0.061890471564923076	0.060359165777541454	0.10965744768479364
0.14147350798786215	0.18711503861730389	0.07923866552193598	0.11173279033565678	0.05422836938668504	0.12203024258228365	0.08241868547310324	0.06159093467177843	0.04147493344450709	0.11869683197888363
0.08591121091924894	0.23493389669622122	0.1008228230522831	0.11708262408228377	0.04841643969743905	0.1261281952586359	0.06867872077412077	0.05168987565404288	0.05705300123438569	0.10928321263133864
0.1330152048795668	0.14051147629125166	0.09885714634609111	0.1347169988074669	0.06188512342752779	0.1297732978424309	0.07786326515116922	0.03900879391893776	0.06048273131608848	0.12388596201946928
0.0704668899951977	0.22334914247566934	0.08905474213804378	0.13971660487504978	0.04783941171508614	0.14528454015205214	0.07677361000204852	0.03789990699365618	0.0415504280637416	0.12806472358945478
0.1755378714819542	0.13065193347339807	0.09941781068205974	0.13008295791850544	0.05542507122008442	0.14148931211425203	0.06702773360174616	0.052655660000109204	0.031357976957272105	0.11635367255061849
0.11263012031006095	0.15074096786148125	0.0966675007392431	0.12463566904812216	0.05600999107747019	0.13666949004288043	0.07240275712705925	0.06484480378041504	0.056247867777585274	0.1291508322356823
0.20041803111177076	0.1259203963258863	0.08253375132720217	0.11354154816467796	0.03883518500611237	0.14626103581462452	0.07322080052562592	0.044996934396702826	0.04145748975671264	0.13281482757068439
0.2197857326245138	0.13336329074352712	0.09095706020923591	0.11391548733428077	0.044561475816531096	0.12521421361949892	0.08363056636240676	0.03619856442866995	0.04073039868695624	0.1116432101743792
0.24428204455089936	0.08588308850779477	0.09243788775228508	0.10892171263135271	0.04560592599228214	0.1301570835506916	0.07736511249390719	0.06742793753049643	0.03432907598873196	0.11359013100155853
0.23588575465457778	0.09730959685187103	0.08669265431980028	0.12356240642589679	0.039672569815340064	0.14979337586436625	0.07151295534259132	0.050482714993125906	0.036637267278023355	0.10845070445440701
0.24567000400546973	0.07242373850771798	0.09367824690306832	0.11882805133738664	0.048422429912674765	0.12824015192488197	0.08408947509640331	0.04705463353695385	0.04476462192314868	0.11682864685229453
0.19225050982671005	0.10566217303928546	0.09127337342203642	0.12004378390400541	0.046671513459572045	0.13035938741768383	0.07661926293602103	0.05524594264543582	0.055749843711302614	0.12612420963794718
0.18227143112078292	0.10850642832057711	0.08504489960102216	0.13548457585846801	0.039271467749288455	0.14095438390042608	0.06852248436395786	0.07564972444299807	0.03735792824415271	0.12693667639832648
0.13995673263836325	0.12136744337376851	0.09790994972398981	0.13447517798086592	0.04963947261577162	0.13773642284530535	0.0637643617227156	0.06577648010037856	0.061864718280520065	0.12750924071832123
0.20922181016907063	0.1539580465794897	0.09155591554063455	0.11377911979313421	0.04463103385043201	0.12487317377156748	0.07515239020368056	0.03988228756758202	0.03206956519057451	0.11487665733383419
0.12120467473151453	0.1886148386504909	0.09313001506185718	0.10845403827526123	0.04292814674853718	0.12522804843948337	0.08220018073835014	0.07170757905824005	0.052624568013537876	0.11390791028272744
0.22738169177387174	0.10258849900716395	0.08718983223309072	0.1232414153289979	0.04659907437274865	0.1365855343807645	0.07076885416967607	0.05673169544072842	0.03275479054991816	0.11615861274303965
0.125582072238743	0.12261560764786034	0.09549460438569099	0.14038748712839705	0.04911613589777119	0.15315657341112454	0.075019808775962	0.04921290046147686	0.0650171357268581	0.12439767432611587
0.24287885490001898	0.07112501676295044	0.09596393981083202	0.10713397744492002	0.04363064960420866	0.12214381953602962	0.07490473624879776	0.04415422856839683	0.06473927759231968	0.13332549953152573
0.2511729660704246	0.06582272015557288	0.0852643943142504	0.11724769131329829	0.06277276424082155	0.12799365972729532	0.0680281033435814	0.06974913533348542	0.04427665907181926	0.10767190642945067
0.14391727670827464	0.152839311851497	0.09589027627015345	0.12007805513093961	0.05086437782311138	0.12615337909500168	0.06636933715659986	0.07169210066112636	0.06383214156291576	0.10836374374038017
0.23373484584922055	0.07219748798043207	0.09281862124174436	0.11113886028889679	0.04629262858341259	0.13733027764390923	0.07655235716930694	0.06366011582940631	0.059226485289482295	0.10704832012418869
0.2173153489416092	0.06828641397617284	0.08150712161593407	0.11850714758619096	0.045145388314183736	0.14937133825893287	0.08502465883072599	0.03793816238239887	0.06525371554993595	0.1316507045439153
0.2076141947948738	0.0964729664299866	0.08961966765854447	0.12425646231126529	0.04096049735908797	0.13966540503711222	0.07622177776940024	0.07346596917193969	0.039017679179458004	0.11270538028833157
0.1980658033369551	0.11189799683356656	0.08297470619127834	0.12781718278044515	0.04744184577805499	0.12252252635260706	0.0771977898977106	0.06234194205293653	0.03561109957404708	0.1341291072023984
0.17443289610506296	0.08556580027536738	0.09867843630304247	0.12513570394155116	0.06084729706266171	0.13364747646485928	0.0821935446793753	0.07460154370178997	0.05292013220998309	0.11197716925630653
0.10143644900052513	0.19928290723953507	0.07951957872566727	0.12550898256211815	0.05756545931910499	0.14873512586964163	0.07758634905632461	0.04508600264130441	0.04024916305742495	0.12502998252835376
0.1718003099510323	0.10627938394281802	0.09185426299982599	0.11682841154697604	0.06172041509134296	0.1463474970664123	0.07637086896384049	0.06357414054555496	0.05312215409986134	0.11210255579233544
0.08682818852050363	0.22976547608555464	0.08637778807733305	0.1121559370079937	0.04358654263487943	0.13126922424450915	0.06777364348220634	0.07423118005539109	0.048300945753171225	0.11971107413845769
0.08052940661037183	0.2085558931955797	0.08238605511169958	0.1104797375859241	0.06146790430478177	0.15424119507760747	0.07290938778034611	0.07259756324571023	0.03265358548860087	0.1241792715993783
0.043985424420084324	0.22979402149629974	0.09494191689505338	0.13040509347153928	0.04710494559307098	0.15368722372681204	0.07324504745399256	0.06973062321036683	0.04137752921726013	0.11572817451552073
0.07446966352017163	0.21873307726649782	0.09674180029237225	0.12137326638487317	0.04982557408926683	0.14317526418572463	0.08364968153955742	0.05278264750473212	0.035731321310707845	0.12351770390609626
0.0701645376985701	0.22401172562111926	0.08609994715781188	0.11295233511644365	0.05200347154868046	0.1464411079619906	0.07097332421993	0.05688050768404382	0.048633668670410066	0.1318393743210001
0.09358791598054653	0.17834354750782894	0.08311972225685096	0.13063390380344372	0.04811299135242524	0.15130466097241696	0.06789132415443487	0.07476144443170117	0.060844195426194674	0.11140029411415692
0.08685009712785234	0.19608862359641632	0.0968682742104658	0.12257466211412087	0.06201982231913873	0.1261209042971645	0.08131238215043649	0.039402628915729904	0.05968085004663338	0.12908175522204166
0.10344947654294587	0.2290732121205375	0.08866259164235074	0.11181554841485952	0.049835994306770444	0.12256008445213881	0.06876792826968571	0.06800138188196683	0.037589342500053156	0.12024443986869136
0.20736304111857193	0.05699955150571982	0.09716001990152212	0.13852163233820183	0.06001689177785565	0.13463965135789957	0.07463338349970605	0.05241358712166672	0.044112046348725106	0.13414019503013097
0.0995761079638695	0.1909921974070959	0.08134668812962187	0.11862640454484215	0.05224052637365304	0.15419629637591936	0.06526519422727986	0.07187381487582437	0.044662409838938065	0.12122036026295586
0.22296512617382996	0.06979974244197631	0.0892708527268006	0.1322884556422934	0.053713976735942054	0.13919400389178085	0.06426380374651025	0.05114813523653951	0.05625969730011601	0.12109620610421089
0.2526781438291205	0.06118903190285706	0.09644796910652778	0.111084668227758	0.04499551825557335	0.12915705240055023	0.08193847899264853	0.055516578099673794	0.05801649104077897	0.10897606814451155
0.1782115822892281	0.11358394035271001	0.09335089697238208	0.11480053339719722	0.06297783189333597	0.1458653124847215	0.08098361835229653	0.040856666491960465	0.043394702552321245	0.12597491521384677
0.12480779271897868	0.15715727029189497	0.09602355760435755	0.13703374132783377	0.040214627106358376	0.14393956570329428	0.07684181523419811	0.06972762194291952	0.03634721637696703	0.11790679169319768
0.16654128252899136	0.08302532634698631	0.09915410702591895	0.11421892443185415	0.06111497583382804	0.15164764874102588	0.07866963737371087	0.06894414758390796	0.06053184475003943	0.11615210538373691
0.19348537011056738	0.11217063343013539	0.10054744388129318	0.1392335502642491	0.04684980031917933	0.1261256840413271	0.07664571827569591	0.06454714482803864	0.03209183521436229	0.10830281963515151
0.09668962547773259	0.22684404949080322	0.07804288123548615	0.12864542673886148	0.04557855902792427	0.14293174986008308	0.06343457802653833	0.04723630817362456	0.06087987821906257	0.10971694374988367
0.13756780066073435	0.16931704860243663	0.08292900178014762	0.11441462542483705	0.04946368041656768	0.15484421467817366	0.07371544583108444	0.0447092819863127	0.043385329411847855	0.1296535712078579
0.1133919789978165	0.21748686756509428	0.08720008123586291	0.11065247387162587	0.041349561716178054	0.1375668977430481	0.06650713906598082	0.05513623930025221	0.05037503103619857	0.12033372946794262
0.19649995462876613	0.06946617831278787	0.10070377411281048	0.11850211455010738	0.04348759720598498	0.14556349539450647	0.07229774134331292	0.06488602036247064	0.06387676557607463	0.12471635851317836
0.2142384120238557	0.06132613302806319	0.08975047961622154	0.11917103054272851	0.05869431448487271	0.15394020378084927	0.06688060777366636	0.06831590671117593	0.04249242204749221	0.12519048999107438
0.18918583825519264	0.0909423023888742	0.1002051988313904	0.13444381975392958	0.050173273724440734	0.15606209993043008	0.07553626067726271	0.046325100565631466	0.044422517064936495	0.11270358880791154
0.24158492933865072	0.04921265991731427	0.09153568654963913	0.12480790204410985	0.06104858171266812	0.15102315849711095	0.06353691965527325	0.04884489169792118	0.05075047641718273	0.11765479417012958
0.21573237730239608	0.09097028004475696	0.09778067320638759	0.11393245602495677	0.04663850017630133	0.13956858597878188	0.07354073328966197	0.06199129484818324	0.03576929711460679	0.1240758020139672
0.15838153619240625	0.17417086353840056	0.07954308385919057	0.11271001638358476	0.04215801866223172	0.13763432981684975	0.08020094744902964	0.05631752653770506	0.032117915335989525	0.12676576222461208
0.10919195237564522	0.20265132051656348	0.09700493539079173	0.11985939146481628	0.05325336747167898	0.13531758960073964	0.06844028096894687	0.054723928157463596	0.04913234389307622	0.11042489016027791
0.23986778386703794	0.05225173252233542	0.08618957834874369	0.13186260649281178	0.05481262483525659	0.15047065011850133	0.07329166966068296	0.04214619066876401	0.042121059169710116	0.12698610431615592
0.21881987149678783	0.0699915323963886	0.09194137666988186	0.10895068472827657	0.0442253183276178	0.14748925563716875	0.08448029551438063	0.04613883996346124	0.060739487117875295	0.1272233381481612
0.10156031716884456	0.1695885077416126	0.09631044239779299	0.13514013429124827	0.05080369330552844	0.14261153150685088	0.06524291889338904	0.052485015920725776	0.053872997996448284	0.13238444077755912
0.11226086340773363	0.23394700170472954	0.08759941551798874	0.11062865181683089	0.05884164906244703	0.12814917233885043	0.08108918828401075	0.03766556906283323	0.02910851376715058	0.12070997503742514
0.20498753174835216	0.0514092184061737	0.09922227613814734	0.12712592111829982	0.056612626512974766	0.14867748173696627	0.06942445313097038	0.06123696721991104	0.052519635643562476	0.12878388834464188
0.14748441886914435	0.12088906690344758	0.0977617867149144	0.13960496889211693	0.04247515111502678	0.13869320356574946	0.0669847875585187	0.073295144704264	0.06375279978234297	0.10905867189447473
0.1139721567596401	0.16334396401358647	0.08978761147763326	0.13090006541084392	0.03930958318795733	0.1471854344516165	0.0739037259501964	0.05547942991762993	0.05839058216770398	0.12772744666319202
0.23741685521236544	0.07402562068075541	0.08746900915715947	0.10729562653325395	0.057383750074443185	0.12656249947368686	0.07376868108172087	0.04587527353103312	0.06572485443776391	0.1244778298178176
0.24746634441422966	0.061325016306445816	0.08499687746533145	0.10824522297742702	0.04276980654774949	0.13041446909131504	0.0698027033487204	0.07561089714670674	0.054461726212049304	0.12490693649002488
0.12460767844406627	0.2102513038520369	0.09666757889958517	0.13362627339183603	0.04520034900259723	0.12421303466895933	0.08445073598245302	0.037916197536899086	0.03494409328848068	0.10812275493308618
0.12626369330459505	0.21145621643170648	0.08680876570384279	0.10756591310121495	0.04471698065359846	0.14861097576397478	0.06884104664539555	0.04784705342234516	0.03863079195560942	0.11925856301771726
0.07729136787967225	0.23195721094422977	0.07922062209310174	0.12558705960546443	0.03971939487483452	0.14331298729621217	0.07473493125364888	0.047388207497844066	0.05864974337051009	0.12213847518448206
0.15705496597523042	0.13648907667941837	0.08523057096336259	0.12447539061003851	0.04944014711767035	0.1379651615676516	0.0631613910257589	0.07026447747936174	0.0584805491447987	0.11743826943670871
0.16406641010585116	0.18081512393515908	0.08747374996130565	0.10735059600813798	0.0618975322262414	0.1322737405265585	0.06742089249783559	0.03847821459749325	0.04239439622719765	0.11782934391421965
0.09267267369430492	0.21502356643978782	0.0858728684657457	0.11480088153966805	0.05200716241945567	0.14272709418811194	0.0770942881801671	0.06416149451999398	0.04622815809992932	0.10941181245283549
0.03932799833666842	0.23516028630343921	0.08861905003028335	0.12918639622065314	0.03969006740638278	0.15530893842924087	0.07633345758924057	0.04421489261339404	0.06197966286637724	0.13017925020432036
0.2238045794890267	0.05163571134160954	0.09803613450366365	0.13197115370912307	0.043727323318852214	0.154946152320329	0.06908316593985424	0.04581218419589071	0.0621499156983229	0.11883367948332775
0.13515896154128434	0.14629349887697676	0.07833165679985625	0.1396946840879814	0.0431564666402011	0.14653766489884715	0.08102699702944648	0.04829437116574213	0.058814426871372914	0.12269127208829142
0.1762422662319323	0.18246111585179484	0.08518757021630229	0.11983200680358987	0.04503820516358731	0.1259054485711711	0.06355044481408945	0.03615550752141784	0.03779262757373182	0.12783480725238303
0.16905875812471866	0.15368781298249548	0.0852671020324153	0.11114386792966142	0.05224181777168775	0.13340100374533187	0.06565661595549496	0.07404924258932971	0.031260097228952066	0.12423368163991262
0.1489126565093206	0.11187702342233652	0.09083787283809504	0.13349570110709646	0.04510200630454035	0.14588081731598734	0.07383034780182988	0.07574513443400317	0.0648297131019849	0.10948872716480562
0.07108846691635791	0.20000457511456726	0.09041718671242965	0.13556371945602239	0.05078537901911674	0.14319217897191178	0.07546916636459991	0.04624008891643385	0.05672230971157257	0.13051692881698795
0.16594951271757802	0.11831817347305437	0.08662597798893694	0.12366904856001615	0.05594842805861762	0.12823230813401484	0.07840074189729519	0.051513272508300144	0.06430179640426327	0.1270407402579233
0.20550051005192055	0.11617785693311719	0.09034346630443119	0.10778228556284536	0.04962653054976912	0.14389432286965892	0.06556056019045288	0.06841291362823021	0.040680373413767144	0.1120211804958072
0.1668850127001642	0.1418561883000659	0.09459718386477597	0.13737347371041952	0.05086307888035181	0.127868937342055	0.06585346889801036	0.056699916319619306	0.04688991891351685	0.11111282107102094
0.06221200773389095	0.23316144607437678	0.0999263609904274	0.12135667037404203	0.048114931493203845	0.13996277787017947	0.08051044806822882	0.04307911924493253	0.038343454501209524	0.1333327836495086
0.11328147705207017	0.23288341810399393	0.0821982612030251	0.10798813239421014	0.03879901750191458	0.13297342219306302	0.06784679273954813	0.06111279368573403	0.04458010398845625	0.11833658113798459
0.10193847433845066	0.20677349515461674	0.09635188194135277	0.12921501401928662	0.054062182298076626	0.12398031738645542	0.080605490374706	0.044742522497225254	0.05401234886842824	0.10831827312140162
0.19830742828310766	0.1088558447960938	0.08937852705981995	0.11564914934457018	0.057123991639429716	0.14159571244961539	0.06950797984924623	0.0546641410815948	0.04879401063697032	0.1161232148595518
0.17560487349259885	0.10884853754230703	0.09344249560654096	0.10783205778759544	0.06017923838426497	0.14728837702634467	0.08135175354283594	0.04926424368135752	0.04911337660268984	0.12707504633346464
0.16451169186743742	0.16127703542913646	0.0954273817142762	0.10683070373249628	0.04662662302448226	0.13996588665229667	0.0660238272386504	0.06265216056328388	0.043486226877994166	0.11319846289994616
0.11877044743673953	0.2138801811210431	0.07822490360825336	0.1222065977639252	0.05476540166070014	0.13168060414028182	0.08358527381845327	0.03648761875918091	0.037857239287653006	0.12254173240376957
0.12084943138916854	0.2082251911682481	0.08248658166185907	0.11126662564345964	0.0580486041983761	0.12547946323557999	0.07413018858432611	0.05039059977503916	0.043357031809719046	0.1257662825342242
0.037605185175934946	0.23824592728765182	0.09327217484102503	0.10729877707393265	0.060583005188739956	0.13336683591879472	0.08422314220053458	0.07498213338172775	0.04652950199027198	0.12389331694138656
0.1926959467304569	0.06573697134443235	0.10011015278567759	0.11006129627542595	0.05421937878912423	0.15319519083728564	0.08393931833265253	0.07346889926272954	0.059921764961699084	0.10665108068051606
0.09105684173544969	0.1607071604926249	0.09911616846355228	0.10794450966380939	0.05580765052894723	0.15113248605821075	0.08159847704443973	0.06987443680962732	0.05326030222943671	0.12950196697390196
0.20358441933461685	0.11483295746056141	0.07858971268467069	0.11164028504209021	0.06249959334228766	0.13814974404754557	0.07947190187592855	0.060391384216713154	0.033459839932905674	0.11738016206268005
0.07128135675547283	0.2247847583309809	0.09726979704386758	0.11652633351167453	0.03902657058061392	0.15211162015028268	0.06493362523966159	0.058965794687787884	0.06385886218934646	0.11124128151031158
0.04582234112483615	0.23874401953911656	0.09879553844881973	0.13860624966162066	0.04371832025707689	0.12769470528067733	0.07622721683904701	0.05695093999770652	0.060656774458207045	0.1127838943928921
0.05944957991930079	0.21206272210506383	0.0802800214210743	0.12373524524360464	0.05350707557380461	0.13969736391785653	0.0756983616022338	0.07559010214949116	0.05651249899356146	0.12346702907400886
0.07779185918577228	0.19645239056244695	0.07913155855839261	0.10943878382470759	0.06150417972586245	0.14717161011274682	0.07948824555879465	0.0656321289270874	0.050535357156672595	0.1328538863875166
0.1032148421317377	0.20653509116751814	0.08312424281492095	0.10831121224077793	0.04745347659021906	0.15185451763863453	0.07906682824283875	0.07173827489549357	0.032609904229349465	0.11609161004850982
0.18656381402954442	0.07246911441261074	0.07932976854848327	0.1386049881917918	0.05318425297983709	0.15332102910182194	0.08488879952800138	0.04492005278561597	0.06565418944393459	0.12106399097835865
0.117444976539652	0.18488666229798378	0.08144180579978821	0.12586045701028403	0.053610544426136	0.13810485177108808	0.08229066201350298	0.06356605905948133	0.04406403820459053	0.10872994287749299
0.1785932723459219	0.1599037991072246	0.08550929464483996	0.12766300061113012	0.06145210170397434	0.126013169510775	0.07617929203454715	0.04005280075669866	0.037405366518504846	0.10722790276638328
0.07884443760771426	0.1733489876523584	0.09785224382108544	0.12413287115349933	0.05765888794254246	0.15502326271256162	0.08365005151719421	0.053911846169919994	0.06076066195756045	0.11481674946556382
0.07261403344441478	0.2075408362945345	0.09802504704408643	0.13188449727403262	0.053740245444831455	0.1303522383718437	0.08163331051244184	0.060588923646506504	0.04298493236838081	0.12063593559892738
0.060932590019855674	0.21538907696013965	0.09311271604879845	0.13425875708505483	0.041963308785840286	0.15232187329229124	0.08151025848146942	0.055528654138625	0.05501507485780073	0.1099676903301247
0.2211547345646888	0.04878866214811068	0.10044706944686371	0.1215158628000027	0.04000130805131722	0.1499966131748329	0.08246891742021668	0.060373462714402575	0.055414902083160675	0.11983846759640383
0.20354222920531226	0.09551588890535184	0.09998889916719521	0.12972553977666573	0.05418692102009876	0.1273929665755113	0.08349202266595478	0.04297450974042745	0.04666124546042974	0.11651977748305273
0.10812524287753801	0.21673170303051348	0.09276355521509516	0.11693801813784177	0.04545821150868645	0.12241949394229158	0.06936518729499218	0.05812032427110532	0.05387233622827747	0.11620592749365849
0.15610555161733994	0.12568956620034463	0.09092466731788822	0.10747700019524041	0.04600653380895177	0.14451618684392203	0.0830010594099612	0.07165762968321807	0.053951369212870914	0.12067043571026267
0.19439163995499703	0.07244525278661515	0.0842176212620406	0.1086230842471491	0.05560683634712522	0.14925526324084584	0.07068458835919691	0.07483506777609313	0.06380851304245636	0.1261321329834805
0.16302389501138145	0.14325264131403	0.08403479792068051	0.13129640234593754	0.03948190864617136	0.14023703666075815	0.07171684987419055	0.05138307133655297	0.06104184411141148	0.11453155277888583
0.25215307328857006	0.06568733204117605	0.08082319105428169	0.13003076635814328	0.05623933675757074	0.12497606661389025	0.08289029244736631	0.05284963081684159	0.036124234761846244	0.11822607586031353
0.18027793718063156	0.1573797465911699	0.08976586820570567	0.11980808292191406	0.04952257071282305	0.12209859848528322	0.06872047778213544	0.04532279203884637	0.04761071501360853	0.11949321106788208
0.11375786188728854	0.16745642864741567	0.09297188645023384	0.1095304309052255	0.058418453830675086	0.14118294107591378	0.07341990852863561	0.07491875202214043	0.05182404047768574	0.11651929617478574
0.11032455323718167	0.22871488956866576	0.08977575429296589	0.11317321911515908	0.04771401692675124	0.13300915345293773	0.0725953890392026	0.049570850102997936	0.03257046546091673	0.12255170880322132
0.10364708758947783	0.19770646245940254	0.08709667640282265	0.1259352691934244	0.051799201049070126	0.14751338489504254	0.07964159814490046	0.043570083210986	0.050069771746737865	0.11302046530813553
0.1726957554611342	0.12125142220309064	0.09461795889971786	0.11194899950127585	0.041312410016666086	0.15019192666887166	0.06929512008107996	0.06544615984145102	0.040062277203431446	0.13317797012328114
0.2056978847918982	0.05610753431959954	0.09751842985567234	0.10900089632548876	0.05269800934763339	0.15416576673729526	0.07894784034006999	0.06411021947014633	0.05183325202405326	0.12992016678814272
0.2413483869135713	0.057555892568054164	0.09248610058932277	0.12861379534386091	0.060949746269253494	0.129183362693915	0.07413956116416656	0.06516521822814282	0.03455521371759053	0.11600272251212228
0.22577062630217798	0.06898491773651114	0.08165176521918008	0.1309850835755711	0.04052188441929218	0.14924005176357796	0.0688643804969101	0.06258315499480767	0.06535564268482313	0.10604249280714842
0.15062160440400157	0.1757168042879652	0.07873106481940027	0.12526689505981778	0.04228890172531457	0.12333874265143994	0.07871736877905978	0.050945205020501136	0.058801458980996715	0.11557195427150287
0.24840284252224593	0.06270955541066456	0.09937892195566292	0.14035889150460754	0.03995282945487009	0.12282077205242316	0.06355863294186265	0.051919724910247184	0.0651350170649969	0.10576281218241881
0.1500386766156202	0.1471709706954457	0.08498617362412365	0.11257401904221022	0.04522067196793651	0.14989829727286144	0.08053897634580673	0.04146364003542646	0.057485197901697344	0.13062337649887157
0.23421806005019108	0.06516954007626746	0.09547756161150352	0.10835064627062603	0.05677312800975117	0.14390446651852484	0.07883644335277977	0.06681484304823568	0.03768327835422108	0.11277203270789918
0.22573443399811888	0.0894450307855643	0.09521286970389166	0.11919211635841803	0.04602948142015977	0.12712253829779657	0.07357037256820835	0.045633625159271544	0.04944532254424799	0.1286142091643227
0.2512049636789165	0.06479520854496741	0.09095994102503685	0.1199630785786958	0.04198464371442029	0.15142363249656335	0.07817022695041469	0.05254159945789852	0.04287047127688362	0.10608623427620276
0.12630309962264297	0.17529010574095522	0.10067760415963746	0.10956709065698422	0.04491783365835613	0.14274896709688725	0.08440717934303982	0.037403900514488275	0.0655658693865413	0.11311834982046726
0.185857258223168	0.1314069764468661	0.08940434889671425	0.10680070988620213	0.06013203748318997	0.12702640762250844	0.06516193487149105	0.041697299349572385	0.06204560424694343	0.1304674229733441
0.18118130531706633	0.15793680282882977	0.09625937640165527	0.12535917824875412	0.041559865628194435	0.12189327234046576	0.06439444146895196	0.046560722420980784	0.05510715430272159	0.1097478810423799
0.1583208916595028	0.15240594540127902	0.07869550381197757	0.1174599305418071	0.04482429207746608	0.15629515598711644	0.0724364630586919	0.045939246481475085	0.042912511466889264	0.13071005951379464
0.17516922053309664	0.1283591143707251	0.07978350778355675	0.10719034056541119	0.04016583575374734	0.13187112822946173	0.0766638380482376	0.07086161370516134	0.057758603339931734	0.13217679767067042
0.1016695649273669	0.22166893736657817	0.07806502294806578	0.11799952353506173	0.04348035025281328	0.1399450568420338	0.08242827314195882	0.058708548835820065	0.049866401494188105	0.10616832065611333
0.22236722665563907	0.08428704411159374	0.08016285434524204	0.13056082379814105	0.046145926615659194	0.12934996143339422	0.07675711303554404	0.05573149387185	0.05257240267989282	0.12206515345304364
0.14093594663074765	0.1784126003728107	0.09398840910086646	0.12784463875933544	0.053526936104810935	0.13227897020624835	0.08459380141588223	0.038016397390874083	0.04107999074706823	0.10932230927135582
0.07601482940022379	0.22212393611714176	0.08529283947899302	0.11742992140615072	0.056497620306718795	0.12684789412485387	0.0682535360601523	0.07065933297452012	0.06314370957617357	0.11373638055507201
0.06224952424499306	0.21597241762493924	0.09285256876791306	0.10759659523250945	0.06155834116398711	0.1483424629903362	0.06696322718541901	0.07652782202938188	0.043228230079762904	0.12470881068075802
0.11821171667478385	0.15167152784458546	0.07859357324051058	0.12999279933070623	0.05214291800492623	0.14909405766927405	0.07810469562891263	0.06544476644249711	0.05038730654199847	0.12635663862180535
0.13064237734978074	0.12956154999554195	0.07998343780723333	0.125283735047616	0.048613190279166996	0.1441690126438704	0.08454398757682696	0.0749451509409759	0.06114999664226898	0.12110756171671865
0.15509582638661562	0.1466402072583901	0.07837948743063437	0.13794392903132865	0.043887767967567735	0.13784391792929523	0.06641159713893832	0.03892668111971343	0.06447438309443983	0.13039620264307664
0.16492685574466398	0.1339050650110353	0.08769229288467179	0.13168404792274668	0.0573551841017236	0.12385563746098002	0.07927553359706181	0.04305973445358323	0.06604453321521511	0.11220111560831834
0.22128152853715852	0.08245253874775547	0.09944605387286351	0.11422101192555063	0.06086344913859227	0.1323616260522453	0.06501463013812275	0.06473673486755771	0.04940998908292774	0.1102124376372259
0.2270438458553875	0.07081752061419966	0.08180582560015635	0.11156469720437986	0.04902711658628328	0.15404991983555302	0.07985836180971549	0.04906271034758318	0.051695450255478906	0.1250745518912626
0.23516875941809412	0.0766244482076453	0.07809978609497081	0.1241240896130884	0.049494346369168316	0.12691067866906786	0.06731941254270911	0.07199350143635365	0.04142296456489792	0.12884201308400434
0.1925206220928244	0.10739941664785234	0.07807987366414978	0.13374448037882936	0.06011444213741492	0.14305556827083388	0.07012153476012103	0.06772689831337947	0.03522719001528793	0.1120099737193068
0.09706649363697652	0.18260873096159733	0.08588520916960908	0.11932822131309165	0.061893774778447985	0.14433166419978566	0.07812741753211777	0.05067482382821086	0.047875043520207	0.13220862105995607
0.1455618204805614	0.18451597671646738	0.08803149598021465	0.11578717100529454	0.04965208203329868	0.14718304847505417	0.07947673117261046	0.045765792949419605	0.030451463828722755	0.11357441735835623
0.06623011595817721	0.22208121216500792	0.09381614633926422	0.13269414930627996	0.049856511549966065	0.14046763377776567	0.08033333513373306	0.05268296935101534	0.042611420454995164	0.11922650596379536
0.08022223787219812	0.2101987024994769	0.09444961993639134	0.1335352853983668	0.043031731524881045	0.1285568227570169	0.08062784519763372	0.06292891237217471	0.0476822169722208	0.11876662546963965
0.20019783631991672	0.07037680333339541	0.09329569122699712	0.12163239521921954	0.059306053538828195	0.15340104308984964	0.07509591351073339	0.07230565883601633	0.031142039082255574	0.12324656584278793
0.22163494479367343	0.07105043063245955	0.07789766580448437	0.1339904119259155	0.05195528869935284	0.14050783673593312	0.08278104668185071	0.06462145895422286	0.04446100858017146	0.11109990719193598
0.2472265424624156	0.05634123550560641	0.09946726248524222	0.10811687176776645	0.060954425961686945	0.13410735689520556	0.06593787171703484	0.061856071107370444	0.03393963194190325	0.1320527301557681
0.1686327535457881	0.09330076140517715	0.09448530979784386	0.13461345529433577	0.0572316180127883	0.1372941351046513	0.06488022732418025	0.05133802111202968	0.06461164459373128	0.13361207380947418
0.1607641127123343	0.13256741916604203	0.08462310375698581	0.12446055909047864	0.05956641537078686	0.1383855604090311	0.06940955958972281	0.060965299944230306	0.03713345008095978	0.13212451987942828
0.2001503726989478	0.12262589372991912	0.08270948834719802	0.1071431014532583	0.04802270214414281	0.15563286371059049	0.06651708103090967	0.05413675714710121	0.03041223814346601	0.13264950159446642
0.1862273954543508	0.10990442370741763	0.08794756869944631	0.13854974328551872	0.04774731490242823	0.12926234100625944	0.07144664386879059	0.06546402428210621	0.05454888772994618	0.10890165706373577
0.13646610502230622	0.1977729106963988	0.07796022394324918	0.12636823343654294	0.04423093137769862	0.14632755839018644	0.07172386375585339	0.0409578126502998	0.034053458543836554	0.12413890218362801
0.20271177383617645	0.1326914615347963	0.08147650836895515	0.1123860459424452	0.04524904885639226	0.14067212603118787	0.0674267833178778	0.037573917081281966	0.06196444060427321	0.11784789442661364
0.23461803639512158	0.11270739200963704	0.08017917173678145	0.10754282446417052	0.040015317696606496	0.1349150612116639	0.06844665016762089	0.042786478786431166	0.04585179566354023	0.13293727186842655
0.11948155829676951	0.2289261797362202	0.0812458227672053	0.10873383559040033	0.04796424176676442	0.14367135928727048	0.06603174981577734	0.03778601515316581	0.038098783877299223	0.12806045370912733
0.0882718247626958	0.23012687606919957	0.08302877691918271	0.11969336174199763	0.06170346346944736	0.12458772682418628	0.06747682531781074	0.040417575038180664	0.06425281513394071	0.12044075472335852
0.05260476301487569	0.23200355662175964	0.08809278793654803	0.12169147166396332	0.06249051460642566	0.13241327552011986	0.07054461093924626	0.07250866630793794	0.04678875209177573	0.1208616012973479
0.09784207908681421	0.17758845435754447	0.08587476800467844	0.10646516996304851	0.0507090592540776	0.13911767067751798	0.0849618472612291	0.06786302528006116	0.05679862192731343	0.13277930418771505
0.0710021338943466	0.22208760295512758	0.09018501975777105	0.11800309938115508	0.04256232409029618	0.14911232733755797	0.08305138890114168	0.06922614163368004	0.03544001124539849	0.11932995080352538
0.1614986187154574	0.14559965099903077	0.09627509405828541	0.12576193136636787	0.05169548853402442	0.14957278885666733	0.06584062298134859	0.04622826439052686	0.04288553326126731	0.11464200683702395
0.04445344315043133	0.22173146825827217	0.09817917661202737	0.11668794155709619	0.044097289940577676	0.14999389184682024	0.08086380610530357	0.06387342781241023	0.05498221290854841	0.12513734180851283
0.10066875776616797	0.16529084698569968	0.10076307257676903	0.11926531074152288	0.05098290448590647	0.14280647976575964	0.06802820816192136	0.0683366667410788	0.0505947335490503	0.1332630192261238
0.17837657974779236	0.11480158714499789	0.08352040186619185	0.11518636883675142	0.04317457576689603	0.14987287697085633	0.0680154316965342	0.07341582700464422	0.06070310533445087	0.11293324563088471
0.09413097217396672	0.22591614441946045	0.08331798108084137	0.12388365535957258	0.05367564965216768	0.15167707099539426	0.07196188057944193	0.052230827406384746	0.030170185512663872	0.11303563282010634
