0.15037029609770508	0.05343542838170226	0.03730177728558737	0.14796933139791546	0.04315295564479592	0.20731080700173954	0.23596774044237268	0.12449166374818148
0.11789416619935776	0.04967570614238924	0.0320201801644015	0.1615320200890344	0.047390948989055826	0.08049148520621381	0.26426438983695905	0.24673110337258822
0.11903581314825919	0.08054136573493392	0.12515219526102678	0.15135570053104735	0.07172807359569512	0.07509348974423913	0.26624345692700646	0.11084990505779185
0.1696517893532462	0.08510374438172144	0.03784063920746179	0.1465846294802147	0.05166268304236092	0.19560073224071184	0.2780229795880773	0.03553280270620561
0.1198073931734074	0.06517782274444231	0.0322672531351615	0.15390242496889575	0.06295495834435463	0.21973366321491444	0.2630089696621094	0.08314751475671436
0.15094720603854173	0.08150290884972085	0.07651899623689935	0.10825279480378996	0.04360205251823024	0.11231493073683721	0.26591376455277205	0.1609473462632084
0.20475065620296007	0.06460528448892597	0.0549981238218588	0.13984468001467334	0.05814478225079332	0.10311146018624437	0.29526538134556457	0.07927963168897932
0.17276043149641798	0.05640534350611259	0.012106159424285778	0.13546382800364645	0.07862525515500017	0.21402271979575838	0.2953791387753968	0.03523712384338164
0.19385700606383321	0.06173303395386823	0.1451960486747793	0.13687237401455568	0.08587275893204409	0.09188672171786023	0.24876044383356932	0.03582161280948967
0.19047638445091353	0.07888608126455848	0.01582621559303321	0.16030781773684938	0.07707995924398181	0.03223576376649551	0.30145294442739584	0.143734833516772
0.1670140489292933	0.07904199149424203	0.06110845273839935	0.1758939741850387	0.05369680747529461	0.05094848101791273	0.2701377812173681	0.14215846294245094
0.2001102642364577	0.07873417272738248	0.05808295929114385	0.13242652009437964	0.05693578273111556	0.2061396726218186	0.19080248650236964	0.07676814179533233
0.12787483182658024	0.06421834359463365	0.05344147733125118	0.17743581786722795	0.07195269490075168	0.1508376910766415	0.2572014961910464	0.09703764721186725
0.1236321635241063	0.08238708590682065	0.05527043856912778	0.10121322124363	0.08395529668389673	0.09215508452921832	0.23421115976181184	0.2271755497813882
0.1562481360940892	0.04723150437769795	0.06320236536525159	0.10976325593930918	0.044595268778087116	0.17764311928161758	0.18624012088792732	0.21507622927601985
0.19300105894792197	0.05338280018937473	0.07088496106060052	0.1170049206304888	0.04852367333300901	0.21905002692525616	0.2504891081539075	0.047663450759441006
0.16455003966672996	0.056926997959067055	0.069766095125909	0.1206001112242706	0.044521664564179136	0.29547266673723127	0.2098879648243348	0.03827445989827792
0.1666280927705551	0.05925693688706257	0.030183883975188147	0.13759211798806992	0.06100735082516845	0.22815892545848854	0.18687483901812962	0.1302978530773374
0.1696370309121189	0.06819432480187385	0.12406748528716163	0.12213317630282078	0.061832919914618326	0.01245483707316046	0.21014608953329197	0.23153413617495383
0.1713729632961042	0.05811587538400853	0.04004943636759646	0.14222513257990826	0.06806041477080671	0.18807513402172943	0.21694018165891454	0.11516086192093161
0.18412059345190068	0.06007492108990978	0.024579331906603358	0.10081218535400964	0.05226964090259886	0.2664786971239532	0.187806601428244	0.12385802874278017
0.12237181541278673	0.049844628214447656	0.13787791263884291	0.10266244597244475	0.06511431750938403	0.07544468039025515	0.16593316971137365	0.28075103015046493
0.19099520820143984	0.08239441338397739	0.052408186674146845	0.14290751660846715	0.08783446639517817	0.17210424155885728	0.19717108976598843	0.0741848774119447
0.20070001862902226	0.07014658110899744	0.048687629335897695	0.129856776898385	0.0670518828727569	0.1953085868960036	0.25777386813026704	0.030474656128669814
0.1865907741204781	0.05449313318262132	0.005292692219660666	0.14845285596347246	0.08580856642017824	0.04443530535753862	0.26307607885892953	0.21185059387712085
0.13637722580894632	0.05755414727879413	0.04915708947226753	0.13557337603892	0.04517186729907763	0.04400848774478107	0.22813619724947776	0.3040216091077354
0.1448728571076911	0.05239947642974564	0.06279176667305084	0.16739389603834331	0.07380159757676172	0.11418496098477914	0.2755337869097797	0.10902165827984832
0.17033722385865646	0.05502574837546648	0.07891434758261473	0.13343213159613776	0.058822833096846217	0.15532653056340873	0.1618360597618455	0.18630512516502384
0.1538845499850283	0.06463198211265758	0.03490013269393058	0.12267265823374635	0.08535598612421091	0.1043834492168855	0.29833138600603853	0.135839855627502
0.16724542887960017	0.07049795994235686	0.11655879079095127	0.10426823524379703	0.05269653922012919	0.19015758812369665	0.26504682915577327	0.03352862864369541
0.1933106678599929	0.05280987075935528	0.09823711255714604	0.134043287443971	0.07544575680105492	0.1461884368211325	0.1653048455852453	0.13466002217210177
0.11915394844009237	0.06319098979330881	0.05047728731526106	0.15940281805403717	0.08855829511238383	0.05063216013291244	0.2715021911046078	0.19708231004739624
0.18640147419050984	0.08336518262875144	0.06676189105242833	0.10839987159370645	0.055870110729488554	0.03137809577647771	0.175870884401097	0.29195248962754045
0.19368513740985938	0.057408254629126715	0.11810460179924755	0.13543529609278132	0.04421516491957311	0.03667768803632045	0.1934597264774156	0.2210141306356756
0.14261327880485125	0.08211088358322727	0.009127368257095841	0.1263268310243466	0.08444504494065197	0.037983286944276815	0.2525145788438746	0.26487872760167536
0.15195383819433902	0.05336213695671896	0.14192316036962452	0.15641641396996958	0.0651540545228322	0.10601293660728499	0.16944369230691803	0.1557337670723125
0.1622371714874942	0.04679805676260251	0.07928059789010472	0.16751359347065453	0.06867683600228153	0.19605018398648855	0.20951122282024381	0.06993233758012987
0.20967300749736406	0.054136839741349085	0.140931224238659	0.11544285242167786	0.08257154561574026	0.15528961984862247	0.17702743705131452	0.06492747358527248
0.2128925380279875	0.08279079345985671	0.15227583184873494	0.1320619067588	0.05266933488111243	0.07740188916723383	0.2388238394581532	0.05108386639812115
0.1714847835956434	0.057709129134559264	0.01972239287323109	0.17528363735758187	0.04376162321550804	0.20023495589176432	0.2839613895674109	0.047842088364300914
0.18465084730483483	0.06746987308729377	0.029810835902287836	0.1392416917736477	0.08024699199895717	0.13541532238976753	0.28214203188622833	0.08102240565698259
0.17522040202722441	0.04601733254140304	0.046930427169767405	0.12203522852550092	0.05133713500731621	0.06214496041272084	0.3035510714403823	0.19276344287568464
0.1371371590325656	0.07356216260635388	0.12612109080292314	0.1033819097765992	0.0558581534346097	0.2210492348222226	0.2260950976836334	0.05679519184109223
0.12838805197788244	0.05541986339220012	0.11315348025581348	0.16276257844034184	0.06531407141899867	0.01534573087589819	0.3010191488677186	0.15859707477114643
0.13759355793752387	0.05931179746315832	0.12259580479487332	0.12944255448553166	0.058797079950191844	0.22647223788040843	0.1947011804442055	0.07108578704410684
0.12557869192277182	0.053316427390000296	0.12942768527515136	0.14136711793447687	0.06393651562683879	0.10926179374321648	0.24714363315794075	0.12996813494960338
0.11822857844596832	0.06269525973520766	0.05844200412664825	0.17263546759848286	0.059362072293838	0.0642206878864532	0.16126317249217084	0.3031527574212306
0.172034468355085	0.07177232542484518	0.12269788097455306	0.1298832693934355	0.05158816406067315	0.22820956787384383	0.15881382645938746	0.06500049745817663
0.16419617927394506	0.060317730839401035	0.021393879066560664	0.135667633086615	0.08455892685369765	0.20978471485357322	0.1870980650836844	0.13698287094252273
0.11672318296357456	0.060943247052643035	0.14251311333771485	0.11208117926486977	0.04754607850737505	0.1825828255821297	0.25347630442967656	0.08413406886201624
0.21490811273920135	0.04328892614737842	0.07088610697752795	0.11426580149304999	0.054981053228708804	0.2589774825639205	0.16098912467934443	0.08170339217086833
0.1726618122114648	0.05815385472519448	0.05677837857622174	0.1318150464450706	0.044366401860810256	0.10388955870123473	0.26333297624871377	0.1690019712312894
0.12517308525870463	0.0600379222827046	0.006463078071121051	0.10739652716409548	0.06151386599938427	0.009672405075690602	0.2835964661298488	0.34614665001845035
0.1644071177469103	0.04431297262525126	0.06662611955382881	0.11546913079528737	0.045126203308653676	0.034640517915208904	0.21380148962153642	0.31561644843332304
0.12779040103424633	0.06606536236552123	0.060672492115417406	0.12531702196182587	0.0641613932299894	0.08416759823414449	0.21578647671804213	0.2560392543408129
0.2062554685778329	0.0687480690779567	0.014952817852396966	0.1597715041625859	0.05140040610262764	0.07986438548185983	0.19645666491194347	0.2225506838327963
0.1613099471710461	0.04977317654083373	0.026361287963602792	0.1770910059545521	0.08112891150246207	0.01977783152862382	0.2835169440108506	0.20104089532802855
0.1646517366813679	0.05102214937958137	0.10145940359115505	0.16352032394520544	0.0802796979926704	0.019341541474524104	0.27905364096294055	0.14067150597255493
0.12634314207482464	0.04828503737228472	0.1541093358464206	0.1599123963354513	0.04353309531528908	0.08112777183455308	0.19626316200427896	0.19042605921689748
0.1467185222907667	0.0645417549507569	0.004467318523652772	0.10489981761965057	0.04569548080187062	0.2933125385398313	0.2746867360326511	0.06567783124081988
0.11951582852042238	0.05590512740619874	0.12681218156699206	0.17807389373356963	0.055443718687137294	0.13323035158453084	0.22497834883554313	0.1060405496656057
0.20717773559135214	0.08001589547946276	0.026478204717602496	0.1420758428925847	0.05602896348661689	0.23014605067898336	0.22226825602814315	0.03580905112525423
0.1772041320504516	0.055290645855300385	0.021753364261661093	0.10675977181966603	0.044786680063281875	0.215271721445075	0.18165879842214466	0.1972748860824191
0.12613524695776016	0.05064789500484869	0.01715598547570163	0.11474322808255348	0.08490360976337832	0.252154790612544	0.18088236901521426	0.17337687508799923
0.16471378028997985	0.07238829281299428	0.01607340713746215	0.1785330053402625	0.06646156224765246	0.2822489799791601	0.1666975884072194	0.05288338378526902
0.14705136489221918	0.04557455885090833	0.09236572402432586	0.12300509926819225	0.047594975652011165	0.18087787220339904	0.24791451852363153	0.11561588658531242
0.1392264352957597	0.0703277849704166	0.04860348711964632	0.12042054084519961	0.07757672811166592	0.25001362125228377	0.2104815549311263	0.08334984747390153
0.1771936461457976	0.06796243411524619	0.12476251659016775	0.18152077569275843	0.06427441788084895	0.11783559908980745	0.19199606956890036	0.07445454091647301
0.15852084508479963	0.05369822650868038	0.023744608336495512	0.13154990976196967	0.06602090369715327	0.14581095592063775	0.24363252114979395	0.17702202954046958
0.16044830897270695	0.051869005131078935	0.023434674378212644	0.15328060589402243	0.08529332297712292	0.19453642228344048	0.2307449098646186	0.10039275049879684
0.1618860974264338	0.0562550213933245	0.10901612784497401	0.15979632423958998	0.05481111503781162	0.1381052034389053	0.21915055689939164	0.10097955371956889
0.2109776120848565	0.0454533633491947	0.03688307826088719	0.15012267824217562	0.055368737682996536	0.011852847112619747	0.21542646459033576	0.2739152186769337
0.16428499853666736	0.07917629724912299	0.011391505591230686	0.13318408407146987	0.07360463033959622	0.1635598517974819	0.2219003211034306	0.15289831131100012
0.1779303751114778	0.06601658138580122	0.1109015229957087	0.10700852065181153	0.058329438129594735	0.11180350992829075	0.18886863613517765	0.17914141566213737
0.15688723132955754	0.053748578844830086	0.03442208088867117	0.1756129724633772	0.06308424588110087	0.1623007246473804	0.21520021562571934	0.13874395031936315
0.18561420260294667	0.06789344231889355	0.1074641990581896	0.15258564608486208	0.043874583105033116	0.19406896342501168	0.19504137821485956	0.053457585190203494
0.1678927976264569	0.08690219225445246	0.03969806600553112	0.1374733565696788	0.05446028886079583	0.059182511908253466	0.2626868977801996	0.19170388899463156
0.14116567985013248	0.05451655985914758	0.14778889524408975	0.11044138952637038	0.04334758427729832	0.16377208652228353	0.29975394646751263	0.039213858253165104
0.16533675923127977	0.07943500596252778	0.09284751225706461	0.12449741948760815	0.06866439582502823	0.09805535312582202	0.19434147110209188	0.17682208300857735
0.16022496110376158	0.08394794452139864	0.008279085846926507	0.12360325755357796	0.059269866470264235	0.0152645397039997	0.2802430718980745	0.2691672729019966
0.14858717057202242	0.05066173109517433	0.014635691015321348	0.16396766837799814	0.08364961682160174	0.012975525444333669	0.18453366793070142	0.34098892874284675
0.15016095922432635	0.06534077129122848	0.021602983414008403	0.15189361115173158	0.07123877576437701	0.03026839853431028	0.2998918046438275	0.2096026959761902
0.19301432624866033	0.06860605042506158	0.10233259829650476	0.10260370719507311	0.06469526267581338	0.06660904951904144	0.18598249475091516	0.21615651088892998
0.1865210667334232	0.07331197548687424	0.026299950753996798	0.16286460461442143	0.06351664371405247	0.12040148909628143	0.21607679033833127	0.15100747926261895
0.14076940733469753	0.08296887940505912	0.09131815282689754	0.14952014503489802	0.05649325789008358	0.16520032466187748	0.24305908516901512	0.07067074767747139
0.1334102937509114	0.06521128592017947	0.13152089851979354	0.12895541370145297	0.0646277557569068	0.12439924706296088	0.23523678657075106	0.11663831871704365
0.14060189299471437	0.0784072214483317	0.04024792138042903	0.11311077038432049	0.0821712207758811	0.02681502318365314	0.24077609763163538	0.2778698522010346
0.17181879452697651	0.0775735227388103	0.12715223902875988	0.12629023381399562	0.06921527989867166	0.07058156762537918	0.2726513234094804	0.08471703895792626
0.16936456399774785	0.06398076091593174	0.04893012536391983	0.11357785517550562	0.08246474996479272	0.06896354008200459	0.3056463644036821	0.14707204009641528
0.1417690407187611	0.047967561585002816	0.07538215146846355	0.16760346331749704	0.06562869217143175	0.09366564574735625	0.18165673050891404	0.22632671448257327
0.1875933196662688	0.0644145753062225	0.08467373238848652	0.15576672092896307	0.06749340278621609	0.0749947580916153	0.27376539671418176	0.09129809411804576
0.13898313324282108	0.06520978523784901	0.15320481273145437	0.170150446433542	0.0869335256857022	0.11959474937731324	0.19947161968571725	0.06645192760560066
0.15769878592308878	0.05626178669615141	0.12007673698564138	0.14893515031730775	0.06862791373730365	0.1971893335006364	0.18247262735167671	0.06873766548819377
0.11516341582857756	0.05224266936792511	0.03548544864035477	0.17435534894497262	0.06936487045064561	0.2570920371470098	0.24676607689452595	0.049530132725988385
0.1166417381628548	0.06730011439334592	0.011408126330629154	0.17042190971776683	0.04536734891977459	0.15691991035554065	0.2701573559206317	0.16178349619945612
0.14048397640211527	0.06437437465006612	0.14247019890551438	0.11625903740022817	0.04299172242310231	0.05338536115515072	0.18869774269209205	0.25133758637173076
0.19796447155755	0.06697894155347027	0.05377593106947039	0.15841034418152777	0.08386411070990815	0.045279068231699277	0.21732158740171698	0.17640554529465693
0.163263662904494	0.055697141697631264	0.05194679432504114	0.10338057353207303	0.06859164121546373	0.2023992656049586	0.15789811683410518	0.1968228038862328
0.2161733822311464	0.06545577069298264	0.0878887076546145	0.131450225635503	0.0529219288245258	0.17073310848023998	0.2435381594349214	0.03183871704606597
0.18544403603409268	0.07426714547873836	0.12003433620910559	0.1429018359319254	0.06802187751304933	0.08492803065778504	0.258319682185152	0.06608305599015138
0.2075926266896036	0.0747720352873701	0.05290197441483979	0.11249993504292205	0.05423175657021287	0.10850875312263403	0.3032282821781159	0.0862646366943014
0.15747823905729383	0.060652377348110284	0.027407235645244846	0.12850504872623297	0.046860973693001906	0.09412020639979007	0.1791119613816436	0.30586395774868225
0.20604113553696585	0.07587607367635879	0.008243198727211284	0.16492267013176384	0.05745524003796511	0.18504192205668532	0.28158623745634836	0.020833522376701233
0.2049829052673591	0.04461182765888598	0.06986579307555757	0.1728716484763231	0.046454841294663665	0.011963313283619645	0.3047289516661508	0.14452071927743987
0.15501913336568976	0.07876148224329271	0.06312461014701096	0.13812604105320678	0.0665073588263512	0.030403946226167405	0.265478504307469	0.2025789238308119
0.19219862673937443	0.08616068143315199	0.004535969457413219	0.1383800928511348	0.056466020416311546	0.011369749773672819	0.2088538637169442	0.30203499561199676
0.20003673660097104	0.0486785148123523	0.06612907986187128	0.1813270416662423	0.054975235925630236	0.04236979124746357	0.2732058006822463	0.13327779920322275
0.12124092238865732	0.06952077890323088	0.12377661491322836	0.13943820763401435	0.07624777951294771	0.13006592193048028	0.17836104663379937	0.16134872808364148
0.17569906537459157	0.05672104299057343	0.008354544616455115	0.16208899206314192	0.07510554296803032	0.21768939285962915	0.16413266536796656	0.1402087537596117
0.1601109852297019	0.055676744947827275	0.014590418316882639	0.10893049974052554	0.08053847207328359	0.1522253392616461	0.21869571397024035	0.2092318264598924
0.19043998090354908	0.04813961701629972	0.0827331717218982	0.15227446593101046	0.07923678077868937	0.22474367479509222	0.2044188731744972	0.01801343567896345
0.21595893731400737	0.06706634057678144	0.053517985762952844	0.12823090229817422	0.050968268593267696	0.1860680932150594	0.26798000998798466	0.030209462251772165
0.1266994797762239	0.052827494325815086	0.1538760344776276	0.10215671982207619	0.04658875148630301	0.19794034678496863	0.22233556210787114	0.09757561121911416
0.20192877060857217	0.081851041993347	0.040479831280786846	0.17569985660183868	0.056136582613363295	0.10391575423952819	0.17523020900229658	0.16475795366026702
0.13461930725785376	0.06995396524183647	0.06006137562413583	0.16461763500657367	0.0798066853298455	0.1769492365949261	0.18251866139557693	0.13147313354925153
0.11340910372239763	0.047894905246885236	0.10784837450809605	0.11107405762588146	0.07271072831553427	0.1489612806487449	0.16020195502765028	0.23789959490481
0.19402288941635273	0.07611172153511381	0.007540823437600916	0.10880858173315157	0.046833848588380037	0.23245462689660246	0.2163605079830021	0.11786700040979611
0.13433002345341932	0.044509221202974264	0.0963783128093119	0.1809435609948436	0.058200866213255736	0.13893120467008319	0.1751572906997022	0.17154951995640955
0.16080566792815182	0.07382784891738478	0.029243455906891647	0.13249826799474146	0.049684677937607113	0.1126561766014669	0.21475935836381801	0.22652454634993807
0.18675250302560542	0.07714753912679467	0.060022287855207135	0.12104834283055332	0.05833981024935572	0.1177760747903743	0.16630945016868803	0.2126039919534211
0.16096135098529554	0.05154708390547219	0.14944186758403757	0.10047418583295369	0.0721917855762976	0.03927869801553585	0.17269629694555663	0.2534087311548507
0.17128053340046845	0.05290497385652877	0.030044329707219902	0.1456222817839945	0.06963776443855471	0.08211058857052353	0.16418280028665427	0.2842167279560556
0.1365162419857522	0.06916973434775989	0.07238886989623755	0.10993979623735697	0.08380362563783299	0.16909315140369946	0.16838660221517684	0.19070197827618388
0.1254970978991233	0.08052258087536432	0.0975371309090288	0.12508936662610137	0.06829889835779941	0.011882807173692084	0.2687643992512564	0.22240771890763406
0.1569812759850236	0.045528092687863106	0.084058879067714	0.17007923141129955	0.06611648645666582	0.08271738851392488	0.21639602221642412	0.17812262366108467
0.14051407016885048	0.07878090667815159	0.08680692781854589	0.1226989457152152	0.0793573940876284	0.2718478919951183	0.17920214569655485	0.04079171783993503
0.20847150445643348	0.0765487652862625	0.030853454390789486	0.1765983910044413	0.04765649966595145	0.06584334015694504	0.19718203566862813	0.19684600937054833
0.13459289075958147	0.08329652647316976	0.09614893419603418	0.17973762391995385	0.06790142651305708	0.15942098196346507	0.25111574545411763	0.027785870720620748
0.1942086805971313	0.06945731393233848	0.02180035218969449	0.13123834883141422	0.061885285533056555	0.10997844311675734	0.2899324039481319	0.12149917185147543
0.12615261715443946	0.05002189098979763	0.1397928777117259	0.1523305241077326	0.06269815686449287	0.033073715669943396	0.2394906229883867	0.19643959451348128
0.16033573565385767	0.05669081268387985	0.065562671998674	0.16511413574420067	0.08828631613850987	0.17122971727575775	0.1800020833483898	0.11277852715673022
0.13795743954348672	0.0550949656980671	0.059902279100951916	0.15743784113630482	0.08500367106424317	0.3000405284779031	0.18743399754670695	0.017129277432336068
0.15153746086456124	0.07916632863386922	0.12008837288704982	0.12802966397191662	0.08648475023504534	0.07998743663850208	0.22766792659196347	0.12703806017709196
0.12586482364703988	0.06236575664102706	0.02232659371262556	0.16194673627502398	0.0805336063263391	0.18219788052412458	0.3044474958010132	0.06031710707280637
0.1429158500547045	0.07705474150396324	0.10390332943204572	0.11387184728307448	0.051083082861123966	0.27864259488399723	0.177803555028279	0.05472499895281162
0.21551071278284845	0.07534125617715116	0.01796507164086665	0.15535312259866357	0.04703404162425795	0.02401122743531102	0.23971153295963843	0.22507303478126264
0.18322967963480113	0.06789053809984863	0.009745769061709347	0.136958704376389	0.046245526845758486	0.08143320173435145	0.2125765055628467	0.261920074684295
0.19945650894538514	0.04585961738417289	0.09795575674811222	0.1299162011308246	0.08849416253374934	0.09816072766354651	0.2823747050819838	0.05778232051222526
0.14774844625905373	0.05322853191655805	0.03736887799503728	0.16179210523408127	0.07585937776011227	0.23977123571861905	0.16355801207048626	0.12067341304605182
0.13993327153952123	0.05863538497885171	0.10352740022276827	0.17966833648089142	0.054842687254041705	0.01376316759434551	0.22379288759511906	0.2258368643344609
0.1873176173154797	0.07871061192957499	0.006867421863271023	0.1581789242738031	0.05129622103743789	0.06524274631638097	0.15900846988794204	0.2933779873761101
0.16018165129381629	0.0554693264946287	0.1052882545554859	0.15479287172347436	0.04611412178846162	0.0616692168487324	0.3004497192258325	0.11603483806956794
0.20524033498179958	0.043766229420704406	0.018345121887999444	0.16188774583252025	0.054521840658562776	0.2417534552520908	0.22529013707161585	0.04919513489470656
0.2096195811928212	0.05116895505281817	0.05209132198877796	0.1316135630053909	0.04407293716283868	0.21490119492180224	0.16497337105868623	0.1315590756168644
0.16050104503913387	0.04545421070996816	0.022754046748904938	0.11161137292440716	0.07391437800352418	0.12359090274556131	0.25806967616529525	0.20410436766320494
0.11949483761506424	0.07019635077092876	0.06727109390123219	0.12239473600911191	0.05638264579839171	0.13120584390987675	0.18771357374494815	0.24534091825044607
0.13836451888337492	0.0652152367527922	0.01983862765103714	0.10830334289358405	0.08687282979644492	0.045446889036019705	0.2997815311512988	0.23617702383544809
0.15298115058452372	0.07227686295408789	0.03263526554594236	0.10995838852708611	0.0565481201283423	0.1189298606513413	0.15778686363774821	0.2988834879709279
0.1317470857437713	0.081795228060356	0.12070012408752158	0.13099999499565895	0.07748611202564931	0.0774008453697045	0.15901713841572898	0.22085347130160915
0.11901023492067206	0.05646866693000452	0.07234714262145414	0.11822684919084463	0.05901175882804535	0.11057388207828371	0.238253729088947	0.22610773634174833
0.19439734523611668	0.043302639866162326	0.12532553901721913	0.1431169626784694	0.055154662341729346	0.10282514799811796	0.21017509662323913	0.1257026062389458
0.20988985966629115	0.08338728924043678	0.05032906959423042	0.16300903686212154	0.05136761302070786	0.14668551594017915	0.20713057627615028	0.08820103939988258
0.21376880383478097	0.07123340023063446	0.09944016155711556	0.1681686489317004	0.04609013785141647	0.10610852540951513	0.24990199625129159	0.04528832593354523
0.2102538532723366	0.05167079490348442	0.12417250483510921	0.12777873254338665	0.06593359072437394	0.05688312190082549	0.30009471703267726	0.06321268478780619
0.194764046681718	0.044743972606726606	0.012832510681873466	0.14350190869081644	0.06524931236595076	0.2588335799393122	0.19647888138560737	0.08359578764799484
0.11626616927251605	0.08523951834087144	0.025853313282613685	0.1020692601654238	0.08652294851919518	0.19931018002027068	0.17776225157374526	0.20697635882536372
0.11385698784526146	0.06170251458273063	0.013147763773674964	0.16921417775744368	0.04378895211031321	0.077164129681145	0.15956438241478038	0.36156109183465046
0.2012932074816072	0.08418425246606087	0.08701627664417055	0.13641975915701005	0.06625049643458492	0.23217511154323822	0.1664843887189974	0.026176507554330555
0.12647075386471512	0.05213308045469965	0.04067684626569705	0.10770455333128487	0.08370144119947728	0.025988246228048267	0.2753373049576119	0.2879877736984656
0.1433959724155586	0.04319245558244661	0.007228392474403433	0.12139761463185131	0.05404796604412147	0.18113124825469748	0.2241656883205695	0.2254406622763514
0.12576509274962314	0.08159442985876095	0.027396985671784974	0.12006313105780105	0.08205142388227271	0.1813740752073756	0.23776366342968802	0.14399119814269337
0.18802360172241628	0.07858332801224854	0.14187386292157303	0.13761857359854465	0.08610083881288151	0.11329036840240285	0.2122605651136496	0.04224886141628334
0.2002676309526895	0.045970166836732884	0.09443620848352487	0.17610291779734433	0.06595907855772806	0.06158719550927097	0.23116245834738813	0.12451434351532098
0.15368669501787163	0.05154461456762373	0.00637282761571345	0.11870961270111284	0.08727577749354617	0.1609297873055367	0.2475765988277613	0.173904086470834
0.21492318750305794	0.07695940539381918	0.1005782793886483	0.13358790287324823	0.053340616986023964	0.10378224815819224	0.28317764324641737	0.03365071645059255
0.16039110007605134	0.08383888207625108	0.14459009076785323	0.11982643663035614	0.06270890257761161	0.0662577776290245	0.2060379031036247	0.15634890713922717
0.19270232286907585	0.0461649174004377	0.02851431165391502	0.16751258200711294	0.047740913719456865	0.21125804273092957	0.16287086907894882	0.143236040540123
0.12749775904374974	0.06715200324492239	0.0320475147628385	0.1401198930325015	0.07477329719381035	0.053512789332901975	0.2432938174452508	0.2616029259440245
0.19572477643012764	0.05715566172110989	0.02742930407449584	0.1385301593159806	0.07336061250610287	0.10591711626287627	0.29791423412579676	0.10396813556350983
0.1205776888992849	0.08087940279774467	0.09633938786866209	0.13041527225402624	0.07765973828289977	0.17281798922018143	0.20723707015738083	0.11407345051981987
0.17549370362404615	0.0432657636850341	0.015244000943564859	0.12383711469505937	0.07851635734427995	0.11463603597778159	0.18237254527601127	0.2666344784542225
0.18677672029333964	0.07685844877094686	0.039887675703310366	0.13263460083867454	0.08211385695815063	0.042136329556068	0.19984497303199308	0.23974739484751664
0.14235477281461487	0.06061161621242872	0.09122147097004799	0.12797071524509507	0.05892911763549702	0.10110505832579272	0.2585722158726705	0.15923503292385288
0.11698934714386774	0.08044633023968174	0.032999868908169944	0.12648229030569014	0.05920475764909032	0.017904698825005172	0.27659061465249435	0.2893820922760004
0.18220786676956477	0.07882882876476678	0.05954428050349156	0.1689775975544615	0.04622783374740759	0.19716435273804178	0.21797150758454426	0.04907773233772146
0.18333013163997647	0.07686264450534083	0.11259615969667926	0.18048531340354726	0.07532235648993273	0.013382346413530921	0.18218474742354412	0.1758363004274482
0.1479925116726175	0.07775945045690412	0.13137561791168226	0.14313512795219846	0.0822779484109007	0.1020536738452792	0.18634034562898932	0.1290653241214282
0.1594556059688304	0.08319725297530291	0.15166568719135215	0.11263263420306824	0.04835088339190215	0.1647565697010459	0.17318155551211362	0.10675981105638445
0.12835651213272328	0.05810920206073651	0.15091815949570914	0.15797287594406959	0.08779960061799072	0.08367989390507957	0.1876390111379112	0.14552474470577983
0.181526572057504	0.07228539646373315	0.0467176463737109	0.1359592679273317	0.07567492956744235	0.11258836937548858	0.2933153113482865	0.08193250688650265
0.17124394290562683	0.05039310461896589	0.1394822243226658	0.14137728248357892	0.047709611970960894	0.1277495245491003	0.17310708424966642	0.14893722489943476
0.16357205194546565	0.07553533517885822	0.13441610222910066	0.16175368246157074	0.0865336223957669	0.03720195400436639	0.2884420133516273	0.05254523843324392
0.20658716083739181	0.04576640540798635	0.10276465166736551	0.10525913396849167	0.05246767850819606	0.2310845661433381	0.19368931476492898	0.062381088702301274
0.2034260772308754	0.06207590542609369	0.012395683532841165	0.1114633284133908	0.0848021910345301	0.17146460331563756	0.20829252552673572	0.1460796855198953
0.11882970394093526	0.07701320809999312	0.00525967895493476	0.13976010706640188	0.07126404871383582	0.29293073502111355	0.21975729796717927	0.0751852202356061
0.11376971871060412	0.06576483243542436	0.09627475336952371	0.12673036348226704	0.043882658236512856	0.21431748267887918	0.18770753672012763	0.15155265436666085
0.20403376397224926	0.07259060596186552	0.006724951618693381	0.12935993162642145	0.06331193159788615	0.011541661019127847	0.2833563156502763	0.22908083855347988
0.15981778017007642	0.06678968472027089	0.08252902215618389	0.10562000034628617	0.08293844617587573	0.07935525649803873	0.1703868228059673	0.25256298712730063
0.18853694413865818	0.08018093195336268	0.03110166977395397	0.127686063974389	0.05707591296548352	0.17962687954557285	0.1786484543817493	0.1571431432668303
0.12956304478326497	0.05423501158066993	0.007540577094836048	0.149750511683203	0.08031626141460149	0.24142036778957637	0.18492719669254606	0.15224702896130188
0.11466085591048224	0.0454199131259619	0.017502166268212813	0.09990963096975403	0.06520223375164128	0.18260013256413607	0.2772237352512535	0.19748133215855798
0.17383256441599113	0.0779731210693953	0.05437245593633726	0.130867104638276	0.06316867821497477	0.030289834940768923	0.16484836683610288	0.3046478739481535
0.1990050506738681	0.07932979646611946	0.06772607886585504	0.11767319133718201	0.07917577330846762	0.14329921247227265	0.1628719500613358	0.1509189468148991
0.14591061414602408	0.08000855768966578	0.13112708056541947	0.1293645510677507	0.05384658576631693	0.10503885207684507	0.16709026103502828	0.18761349765294943
0.18573529822302262	0.06252124945373849	0.02065159363436364	0.15586911914599302	0.051370528193422596	0.2801392419736668	0.20600869554285436	0.03770427383293827
0.1553189060160702	0.0834909534221607	0.014594353227703971	0.10367130483270036	0.07934492071598867	0.13570968560341617	0.2989664655243468	0.12890341065761293
0.16614911146089828	0.07468183363699578	0.12159841232616006	0.11546408383010955	0.07811585682548049	0.097642700949261	0.1896604001847022	0.1566876007863924
0.1376568604648689	0.0509916415461633	0.00803123882090348	0.15546083034524003	0.05834868170023606	0.08021935352867463	0.21411021269921576	0.29518118089469764
0.1573762632336588	0.08108922236741868	0.0913905661196772	0.100017622370086	0.08085786572309825	0.048287538967394406	0.2579219662159966	0.1830589550026698
0.11557378503282298	0.06039844203726964	0.1325265827973347	0.1572352881817494	0.05514592312672442	0.13054184283599213	0.28365100143812216	0.06492713454998433
0.14718095023818675	0.05664908393361265	0.08538651615304252	0.1619776217464013	0.08570821999281833	0.20170511968567995	0.18252687158744146	0.07886561666281677
0.15375947623154124	0.0513279857794378	0.010062706018960824	0.14238782075472087	0.0858728116094036	0.24892012873537261	0.254627116950483	0.05304195392007982
0.11524249519202306	0.08093890376656643	0.004657048233492014	0.1631698321738458	0.06178833149207402	0.04676320029643037	0.2877772064301244	0.2396629824154437
0.21032194620178368	0.08285128381112018	0.01732859003272412	0.14702420912928105	0.06547285860513474	0.1427671286340348	0.2762780099681681	0.05795597361775312
0.12938294643701947	0.07600626278818912	0.13293176619785502	0.15368857174371856	0.06959781436048255	0.056587445889448654	0.21698504815119335	0.16482014443209309
0.1927712657801033	0.052929098439036606	0.01193233533149271	0.13463251520758793	0.048636094154481196	0.23578340919701798	0.25935917093271155	0.06395611095756841
0.1192349950553308	0.05402891114369447	0.013242652621377235	0.10406576947087884	0.06535322481359551	0.16149650633307727	0.2036366474178179	0.2789412931442278
0.1941219490673617	0.06422546483894033	0.14544486399978784	0.1191163532726478	0.05322879404595106	0.1478531116877831	0.2552745935838827	0.02073486950364517
0.17532972023865967	0.06992970929081258	0.01821351800606634	0.17647276220131725	0.05901605853035495	0.07352936877802912	0.2674621898193923	0.16004667313536755
0.18063634551591418	0.08556954817142573	0.034840558344603714	0.10427435028127582	0.0849997670386512	0.08791915488531613	0.26429115625264776	0.15746911951016523
0.17308996123617604	0.07323997310916511	0.02444921416393185	0.14844794979453024	0.08417695731546126	0.16166470372832548	0.16624591239884112	0.16868532825356863
0.12058320240320478	0.06255555446833835	0.05871584534201421	0.13979172440877072	0.05686956042795252	0.0716399268841548	0.23147485269687498	0.25836933336868945
0.15330785398052088	0.05557389195790226	0.023903427460903875	0.10293774941157781	0.061754172343978314	0.029092235117742893	0.18696277374481832	0.3864678959825555
0.17790872393777266	0.07204490427983043	0.07870929152472222	0.1094727306795588	0.058650984476213586	0.034670337331453416	0.2729082758036473	0.19563475196680136
0.21197212420236308	0.05569720196503364	0.07596390983922283	0.14329824189481716	0.07092349753389915	0.16465916456047242	0.23632682043819997	0.04115903956599151
0.19810356784747613	0.08392940750478156	0.07811073936988057	0.17511757925212684	0.06181073020001872	0.04903940218293566	0.2762077258557691	0.07768084778701122
0.11561367365117736	0.07115482791969005	0.042039044642286735	0.1655301291507882	0.08504500834809112	0.254899758054346	0.16680256862334158	0.09891498961027867
0.1779358839066122	0.0866388891998437	0.07602449069357015	0.13571988449951675	0.07032371895295274	0.10129957017984603	0.2961165078570617	0.055941054710596544
0.1745983576426049	0.04784917527846408	0.12678797572098183	0.10420362728457402	0.0735105399439768	0.12391383379497589	0.2480764157215678	0.10106007461285448
0.13061613778228312	0.05262587764474158	0.029797002341492157	0.11435054362573241	0.0500078468845216	0.22323019128551838	0.27423039250336734	0.12514200793234323
0.13604506914303371	0.044186186127430346	0.11052432287349577	0.13914398627413527	0.07339643308628693	0.21269914515935168	0.1750169295406544	0.10898792779561164
0.12159884254323441	0.047710460647328895	0.004844675307264595	0.17733109347509696	0.07205204341381942	0.023548414471178128	0.23732535749711578	0.3155891126449616
0.15984248052333663	0.08204910396626829	0.13637184796725232	0.10531467131441974	0.05674388045996438	0.11453353546311582	0.23745887229238233	0.10768560801326027
0.20905366244043527	0.05718308603542606	0.07019452172838553	0.15749441438966372	0.06371048921141105	0.0526036124825115	0.29280532957968525	0.09695488413248138
0.13260473524057706	0.05575934479439194	0.03787288226046276	0.1475509636712456	0.04714533616323502	0.2708485845786721	0.24704016533279896	0.06117798795861637
0.1279352774203469	0.04800724836908174	0.0788987401879757	0.11050860233272972	0.07238564982699737	0.02772914499644892	0.27070479521066515	0.26383054165575426
0.12106294710451644	0.07298253494424212	0.11937040526405733	0.17620584286291516	0.05571594363878919	0.05890169389079414	0.19413356878619514	0.2016270635084902
0.1749385352800185	0.05265439521664296	0.06978915155243294	0.12435799452866676	0.043565229110335585	0.12224548010330182	0.17039351514720047	0.24205569906140073
0.16618668417312404	0.04672776155993906	0.016343509585744806	0.17218765903640204	0.06109890027768418	0.23209978398216158	0.21041365558574715	0.09494204579919696
0.18510691625593886	0.06934081258034575	0.08863209154386353	0.14433046750693296	0.04589152890679901	0.09785064464232578	0.2894202638341372	0.07942727472965667
0.1963349506233363	0.048811020515291736	0.05908740812101643	0.12875034108631625	0.08515173240334956	0.23544701081517544	0.19221415674620865	0.054203379689305387
0.15981306367350254	0.0557326066797615	0.14808464697414234	0.1524634995913624	0.07481580563437071	0.04222648804271753	0.2739192826603859	0.09294460674375687
0.15612817600774048	0.047901553899471455	0.08964693895626435	0.1404719930723727	0.060233544106590056	0.2730842250258192	0.20251999551176283	0.030013573419978637
0.21394700230191593	0.06588259731005075	0.07183640736998198	0.14517896338311748	0.051235794713031135	0.03405598684540462	0.24408898342591154	0.17377426465058632
0.15215386352441632	0.06165473072982358	0.07810661172325067	0.10781023839847478	0.0431297900046696	0.21637792142036325	0.2578636840954589	0.08290316010354265
0.19043844414911898	0.07694304291691996	0.03283993372021522	0.1291479437819943	0.08522015202123409	0.13239295343928983	0.1838542438337977	0.1691632861374297
0.15503131948147364	0.07372968622055541	0.09479950653598715	0.13456698420896643	0.06380785546071371	0.08847619360578785	0.28681269440030976	0.10277576008620584
0.11398366528277502	0.06190985157933521	0.08564755885624392	0.13660951629639118	0.06763862548739427	0.15555680152713078	0.15939173886662836	0.219262242104101
0.1230717582374686	0.04447481110332925	0.06365202882758994	0.10001367378979917	0.07048283514794954	0.055427795077827635	0.2744353736919577	0.26844172412407785
0.14932980476654029	0.05891684704484998	0.012258874876126827	0.13747273300642907	0.07563644373858155	0.15356360645356443	0.27993425056349275	0.13288743955041485
0.13275263602419002	0.06572012293459173	0.07584325766210095	0.11962861963220035	0.06465655071066226	0.30060495852093727	0.2007827968286137	0.04001105768670349
0.20271863274773583	0.05645278304669572	0.034597780582795126	0.12374177087002884	0.08126504412687892	0.22791345952417952	0.2145732203154253	0.0587373087862605
0.1360988115052915	0.04715596554553089	0.1211292217271577	0.12350603208563044	0.0824519492406642	0.045632096017856436	0.28545074210507987	0.15857518177278876
0.1733102529241053	0.0562845219875079	0.016360836634028	0.14102352427817078	0.04457706016979521	0.2500127082397017	0.16326494730080848	0.15516614846588236
0.12332903681740359	0.07048370162212116	0.09481072027863503	0.10699493497693216	0.07174362603366595	0.039689518868930324	0.19236683282926426	0.3005816285730473
0.12189851928225036	0.06183054407449992	0.019121126587278783	0.1722006171194159	0.04938035677154083	0.24552259562058448	0.2678838045010751	0.06216243604335438
0.12068816206723619	0.04420431528647796	0.05921104213767428	0.1655269100167399	0.06814717650165122	0.14077968152057102	0.2311388386733284	0.1703038737963208
0.11816282951645511	0.04875624272496665	0.009005673231280903	0.10053236117669667	0.07587825708355792	0.27880190767064583	0.29405151137800317	0.07481121721839357
0.20118141017790958	0.07246392844440287	0.012425828948570583	0.10209248956847992	0.06159760357310046	0.1694525067491709	0.2571332368485173	0.12365299568984817
0.13833104520461098	0.08651753433401392	0.10192584673133862	0.150190413804931	0.08460549265334846	0.08142807032301638	0.18226501511921656	0.17473658182952387
0.12994757375083713	0.06531132427058699	0.021274962976767522	0.10459430531119775	0.05814668911364197	0.15278120439756027	0.18493510078225345	0.2830088393971547
