0.30548880453952554	0.47381556206162756	0.220695633398847
0.3099093860363907	0.27425003583291385	0.4158405781306955
0.07511055369452319	0.14763167598142013	0.7772577703240569
0.1270741685733141	0.10357055093775192	0.7693552804889341
0.09082907614651248	0.42633447166738675	0.4828364521861009
0.27855296500506765	0.4681286075773309	0.2533184274176016
0.17023985133399713	0.4630581643947813	0.3667019842712217
0.3836626869834107	0.17637462311580648	0.4399626899007829
0.06406345411268849	0.2504022139113204	0.6855343319759912
0.08136071945197043	0.3528663490494586	0.5657729314985711
0.42422300192292983	0.30614751961130726	0.269629478465763
0.1832754549544351	0.3116042044858591	0.5051203405597059
0.3778875448112445	0.4403547600862877	0.18175769510246798
0.05215799415938349	0.39083768813104824	0.5570043177095684
0.4071586615158431	0.13341857533417117	0.45942276314998587
0.27849872935071324	0.23854397519994872	0.4829572954493382
0.06740548442974137	0.07915957351218261	0.8534349420580761
0.4265205382224083	0.14868079584453534	0.4247986659330565
0.15246766833005962	0.29813194533773124	0.5494003863322092
0.11300402096078493	0.3692777986753254	0.5177181803638898
0.07735892176805392	0.27914514700223747	0.6434959312297087
0.404275126962432	0.32254889343795007	0.27317597959961804
0.2452330009358515	0.06850458751478189	0.6862624115493667
0.22976531695246485	0.06200643550310553	0.7082282475444297
0.22206380391575845	0.4510219142796721	0.3269142818045696
0.2191530545673075	0.09641536910411924	0.6844315763285733
0.3698656530371884	0.43927251565651415	0.19086183130629752
0.40929885199825605	0.33751065988730355	0.25319048811444045
0.38467899272516215	0.38914387530647415	0.2261771319683638
0.055606371734898685	0.5250139869480427	0.41937964131705874
0.27942276491107365	0.48765794488213	0.23291929020679653
0.27201881885164075	0.11968990812900276	0.6082912730193566
0.055026811418080745	0.19026665917426017	0.7547065294076593
0.05513163785903891	0.166206275728628	0.7786620864123333
0.44514169521557195	0.4248110210123588	0.13004728377206942
0.1965142701068716	0.44052350593676864	0.36296222395635985
0.21117543095119784	0.13336786632732225	0.6554567027214799
0.21871181587104874	0.43471970761527406	0.3465684765136773
0.3198617813747243	0.11891524505003509	0.5612229735752406
0.2225730180975107	0.23082952418700892	0.5465974577154805
0.3120132652413844	0.35298646404796535	0.3350002707106503
0.08165789792290495	0.11705505091132651	0.8012870511657686
0.2180020515273564	0.5208748110423667	0.2611231374302771
0.33619590390504284	0.2279232142414379	0.4358808818535194
0.412732248757708	0.2292078813742442	0.3580598698680479
0.4391801319993603	0.4696348573427186	0.09118501065792117
0.2572585033393862	0.49308871450329805	0.24965278215731587
0.15508711945151704	0.39321472669982654	0.4516981538486565
0.1241534135408269	0.2878216901956173	0.5880248962635559
0.17829735568173888	0.0863657059653477	0.7353369383529136
0.10506606009105457	0.5050748642940329	0.3898590756149126
0.41605670169958503	0.4006475914809811	0.18329570681943394
0.07002279754386992	0.44211880335432674	0.4878583991018034
0.4320431508711326	0.4434629084096627	0.12449394071920478
0.20776717801683992	0.4358617714050371	0.35637105057812307
0.3306946076781642	0.4443148263064979	0.224990566015338
0.40953224221800727	0.4790710664287484	0.11139669135324443
0.3888768978558399	0.4834930915512177	0.12763001059294243
0.40465441463806057	0.41878407107506266	0.1765615142868769
0.3862425574582373	0.2477333587424294	0.3660240837993333
0.07166120739925208	0.10076602315915664	0.8275727694415914
0.40512698699336963	0.3495218829351185	0.24535113007151196
0.24861969637454423	0.23081265956589062	0.5205676440595652
0.052714857360186385	0.48247556248923323	0.4648095801505805
0.12148557043071945	0.2255212052765403	0.6529932242927403
0.16965126062542335	0.2763121031645318	0.554036636210045
0.36395393412474203	0.1599437485253254	0.4761023173499327
0.34025115026847025	0.46852762277279103	0.1912212269587388
0.3691990109086618	0.36596467767222474	0.26483631141911357
0.38851729600244556	0.13532903066053648	0.4761536733370181
0.3272610646950054	0.06941602790036994	0.6033229074046248
0.26092350406761744	0.14320439707129762	0.595872098861085
0.22810157353072702	0.09938800481947424	0.6725104216497988
0.36557037146010374	0.15803870263880565	0.47639092590109067
0.3602564277275302	0.35449376019418205	0.28524981207828787
0.3893998562212753	0.07309720608577785	0.537502937692947
0.16553886003000348	0.19450398647733944	0.6399571534926571
0.10878129785239857	0.3067117053374035	0.5845069968101981
0.43860011977741986	0.30861962677069094	0.2527802534518893
0.3666846031074532	0.3524380148293758	0.28087738206317103
0.08520542707658052	0.4619704866421723	0.4528240862812473
0.2168125829102866	0.3437803818129234	0.43940703527679004
0.11060692046311915	0.3804904291980415	0.5089026503388395
0.3466053530006321	0.0741102422424143	0.5792844047569536
0.2988627634965999	0.24786537159194488	0.4532718649114553
0.31745488297422153	0.43261970158373786	0.24992541544204072
0.32519446682513675	0.09936047336226089	0.5754450598126025
0.29656153685798814	0.19747401369441725	0.5059644494475948
0.13628998405804826	0.27913965934235396	0.5845703565995979
0.2095044600611406	0.23942914792311157	0.5510663920157479
0.05451233346118772	0.27648429528605095	0.6690033712527614
0.12238293991939067	0.38193132715111167	0.49568573292949775
0.45201957802657095	0.27761794404089496	0.2703624779325342
0.1371136147437185	0.21862210463280282	0.6442642806234788
0.26234847524419547	0.33021496539155853	0.40743655936424616
0.07039787269278314	0.48225323935417863	0.44734888795303834
0.13053963152370007	0.4805647021591459	0.38889566631715417
0.4037685586714225	0.23203498515184556	0.3641964561767321
0.145760699680599	0.24290777021493773	0.6113315301044633
0.37982925252199556	0.10822163565463411	0.5119491118233704
0.10293769286390544	0.14238161690400222	0.7546806902320925
0.06402438022995649	0.43782833779970487	0.49814728197033875
0.31992731941750624	0.3541902295025477	0.3258824510799462
0.3980769197512616	0.33929733031200854	0.26262574993673
0.29759110446018844	0.15083353642142128	0.5515753591183903
0.20868026364438164	0.5165105804939446	0.2748091558616738
0.0748817351996911	0.4073368993920036	0.5177813654083054
0.0764153938572456	0.25471111612613595	0.6688734900166186
0.10774498340606914	0.19908697853730567	0.6931680380566253
0.2784075193720424	0.33128342814986567	0.39030905247809206
0.0709314771307814	0.46420090761703875	0.46486761525218
0.2549987093045465	0.4413691540477429	0.3036321366477107
0.15243532192332793	0.14951555197517513	0.698049126101497
0.45260481021418875	0.15829370284070365	0.38910148694510766
0.3010999515679546	0.445625307438354	0.2532747409936915
0.4490922500076543	0.41819824189297927	0.13270950809936655
0.2718488439793306	0.10932579713513796	0.6188253588855316
0.44601495745986713	0.3683601894667214	0.18562485307341162
0.06553195129063255	0.5065073155117114	0.42796073319765615
0.07323341676335776	0.20322247868716253	0.7235441045494798
0.10485035678781962	0.12427401983030445	0.7708756233818761
0.22369741435884036	0.41619633410391804	0.36010625153724174
0.11316904038632661	0.5069816083720153	0.37984935124165825
0.05290490846652929	0.14020464965777613	0.8068904418756947
0.3757132853818047	0.36246295506087534	0.26182375955732
0.051721960591143035	0.1648835824862236	0.7833944569226334
0.44741834928488594	0.4958345923720607	0.05674705834305349
0.2676096183900577	0.1107303423896312	0.6216600392203113
0.07473296122965017	0.2675656374995006	0.6577014012708493
0.3053276085019913	0.5173520544866155	0.1773203370113933
0.16021681332054868	0.24564867511122057	0.5941345115682308
0.20593410200345638	0.23531460163687623	0.5587512963596675
0.22939832449608988	0.5063542870183573	0.264247388485553
0.2724906928166755	0.30641754435484164	0.421091762828483
0.3280219288674715	0.522755469706446	0.14922260142608262
0.28200073776164014	0.3356964572261293	0.3823028050122307
0.2304097970255809	0.5232593094704272	0.2463308935039921
0.12159799476664629	0.05787935091868479	0.820522654314669
0.1266812658564624	0.08342849559042764	0.7898902385531101
0.19976244116036662	0.1745233536558575	0.625714205183776
0.26680774505880295	0.20811466162890827	0.5250775933122889
0.21498169992438515	0.5173432104454203	0.26767508963019465
0.1950877472494374	0.11705071787849114	0.6878615348720716
0.2856295053293751	0.15588014030688743	0.5584903543637376
0.27505126485713394	0.12092839023234861	0.6040203449105175
0.21250735240605478	0.4348573099870434	0.3526353376069019
0.3082934035542802	0.47802393433057616	0.21368266211514375
0.1483752136409442	0.395298285988793	0.4563265003702629
0.36940914514158457	0.24031664660828517	0.39027420825013037
0.23539600373063185	0.4289420746838447	0.33566192158552355
0.08901188463422033	0.2730890484477283	0.6378990669180515
0.21318703083202845	0.2574699328401443	0.5293430363278274
0.1328589760602343	0.36281911577561277	0.504321908164153
0.060047753172658924	0.18679614431179706	0.7531561025155441
0.10003234029987673	0.42665066774516724	0.47331699195495613
0.31851455489345815	0.2997516331383874	0.3817338119681546
0.3205940586634573	0.34313468292565397	0.33627125841088884
0.3223005252997707	0.2733318988974786	0.4043675758027508
0.22451071538046946	0.33092849199935437	0.4445607926201763
0.32379341910638737	0.11223259346605333	0.5639739874275593
0.08413787172292389	0.17564943479193615	0.7402126934851401
0.2162416953517842	0.16505495352265526	0.6187033511255606
0.12687582406757494	0.1298908622389396	0.7432333136934857
0.2204485240336207	0.12139228974651689	0.6581591862198626
0.16803366676864165	0.2836286643583189	0.5483376688730396
0.1730522161938016	0.3313762432899733	0.49557154051622526
0.15598687377072062	0.1365103861693732	0.7075027400599063
0.32226683273816237	0.3870048633297341	0.29072830393210364
0.2308986461042989	0.33974611456996373	0.4293552393257375
0.17118415258297892	0.07934702822553569	0.7494688191914856
0.15611473579375068	0.09168236247675166	0.7522029017294978
0.05152120573040758	0.4117363302668554	0.5367424640027371
0.1979666793946956	0.3496253947660791	0.4524079258392254
0.39957663260843995	0.06597202930643187	0.5344513380851283
0.3828213350995334	0.4062870894629109	0.21089157543755577
0.31365310612951924	0.2655791845404932	0.4207677093299877
0.1860669867052615	0.25365052949097905	0.5602824838037596
0.27712711298081194	0.13323737823447737	0.5896355087847108
0.25012662829843146	0.3723406190672446	0.37753275263432406
0.10028145007251094	0.14074679578856716	0.758971754138922
0.3617596581719175	0.3498341348690774	0.28840620695900515
0.09802341034114989	0.10200501111120264	0.7999715785476477
0.23777382659974838	0.4946763695468601	0.2675498038533916
0.43581683712541675	0.41996800095013365	0.1442151619244497
0.3212591827297152	0.4031085108885899	0.275632306381695
0.08707356451655077	0.49704274293233996	0.41588369255110935
0.13459743682963388	0.25005105506316627	0.6153515081072
0.24807335686182821	0.1240980458289048	0.6278285973092671
0.412743630748149	0.42387433984766365	0.16338202940418742
0.22797809682888673	0.26676755632848764	0.5052543468426258
0.32207020436236106	0.23283672514755233	0.44509307049008673
0.24779896585136482	0.1945360085163626	0.5576650256322726
0.16827403552039796	0.2502496575970212	0.5814763068825809
0.24967317202495218	0.2405248566603854	0.5098019713146625
0.4025925232236029	0.288522185142327	0.3088852916340702
0.30796213913151993	0.4604300346445125	0.2316078262239677
0.4335242388337375	0.41675638226777073	0.1497193788984919
0.30770216282800456	0.0792866325470385	0.6130112046249571
0.3440333516268178	0.4151355423495369	0.24083110602364544
0.22433030318018116	0.36500508217759303	0.4106646146422259
0.10097395326274194	0.19749736525521264	0.7015286814820456
0.43751165390608815	0.34133219530999187	0.2211561507839201
0.20775533731958062	0.38967075742033946	0.40257390526008
0.44835831784578195	0.3385787490068964	0.21306293314732172
0.0818818454778592	0.5066377411239097	0.4114804133982312
0.28095754465594214	0.11557372479225297	0.6034687305518049
0.36016429950657824	0.4608986284345277	0.17893707205889411
0.08415697777456899	0.2894193413776097	0.6264236808478214
0.11115045807027768	0.1339850620572788	0.7548644798724436
0.38472815178001213	0.31642195783829524	0.29884989038169274
0.4444357837134343	0.49639386683531517	0.05917034945125066
0.35801526081080537	0.46527082837571215	0.1767139108134826
0.29026536099820927	0.2416245454380333	0.4681100935637576
0.16678016676925358	0.12326822633061046	0.7099516069001361
0.12195598589114753	0.12127642002443062	0.7567675940844221
0.13531733905614426	0.49384503655514544	0.37083762438871043
0.4077396328332884	0.36100546962487834	0.23125489754183332
0.12056950386769624	0.2647594479972515	0.6146710481350524
0.2779152635454606	0.3029589358891524	0.4191258005653871
0.08278761289642111	0.09220249179998558	0.8250098953035934
0.059179554187462124	0.13217926013399015	0.8086411856785478
0.339956123760808	0.3243058382570533	0.3357380379821388
0.23846408404119768	0.10926634493351534	0.652269571025287
0.2888670353940757	0.1549777456245781	0.5561552189813463
0.1686800065359085	0.17964965029109647	0.6516703431729951
0.3902376855542726	0.21990382184040097	0.38985849260532657
0.13024244294798787	0.09649988313811061	0.7732576739139017
0.4394527638664778	0.3064093106824638	0.25413792545105857
0.09017114024639328	0.12970362044008987	0.780125239313517
0.44307735311845764	0.3909903938942457	0.16593225298729675
0.3198674058080212	0.23774708082873716	0.4423855133632417
0.16656231910887853	0.4986565050368681	0.3347811758542535
0.30452480635809026	0.41181539081703744	0.2836598028248724
0.2531653243372144	0.12418790333814164	0.622646772324644
0.3592032827668313	0.3141479428754318	0.32664877435773704
0.2790508158843917	0.12174598494082328	0.5992031991747852
0.17470551154529262	0.09897384138795265	0.7263206470667548
0.1763629685164557	0.231850441620567	0.5917865898629775
0.16761164581740504	0.5077631217209924	0.3246252324616027
0.24016065244349605	0.37188258985337	0.38795675770313404
0.3728743952031196	0.413861769362015	0.21326383543486546
0.16927975294870062	0.2182808112941324	0.6124394357571672
0.23162196210182012	0.2780828816564294	0.4902951562417506
0.21216957204733378	0.17872633300267843	0.609104094949988
0.44670686511603186	0.43235202008795975	0.12094111479600853
0.36194407554311747	0.3191571307198331	0.3188987937370496
0.2882653304463059	0.4065256560436563	0.30520901351003793
0.27947374015878435	0.3962936793459406	0.32423258049527515
0.12205972161016534	0.4987864466353254	0.3791538317545094
0.4314578695401726	0.20521653388943742	0.36332559657039004
0.11930038517753469	0.29255253614154864	0.5881470786809168
0.24579388527348417	0.15918679669092384	0.595019318035592
0.40518651919989446	0.3093564797768737	0.28545700102323196
0.20600962332140899	0.27062276801809226	0.5233676086604988
0.07298591487100464	0.44336733448766563	0.4836467506413299
0.3827387087490265	0.3279192961925993	0.2893419950583743
0.3133949783123247	0.3299301140663903	0.35667490762128506
0.31081797990766924	0.1360590036072219	0.553123016485109
0.3746483562958989	0.3145307505828854	0.3108208931212158
0.18117704267972978	0.5165162808359136	0.3023066764843567
0.14854133868266595	0.1647848881947837	0.6866737731225505
0.05705171082707744	0.18412569335278467	0.758822595820138
0.4566203057931451	0.40750052127133374	0.13587917293552126
0.21802080461647932	0.1518972779542086	0.6300819174293122
0.38764537626076684	0.24682667240992462	0.36552795132930865
0.3465839872088945	0.3025406182155203	0.3508753945755853
0.11165299291465164	0.09097551713111529	0.7973714899542331
0.35253267261875865	0.44378618925994073	0.2036811381213007
0.12904185244588287	0.458991161420354	0.41196698613376326
0.21424226594595386	0.15641507312699582	0.6293426609270505
0.3952525670559822	0.3589072632104107	0.24584016973360717
0.1930657620137501	0.10174117201990016	0.7051930659663499
0.16965297702579693	0.08794609411992926	0.7424009288542739
0.11486843813620351	0.20202415483654362	0.683107407027253
0.16494804633422072	0.3144889950604045	0.5205629586053749
0.0928972328298599	0.4186219352872729	0.48848083188286734
0.43566692621961833	0.4646927894010048	0.099640284379377
0.18639627635849287	0.4386656122391133	0.37493811140239386
0.05472510613607451	0.44371695950000334	0.5015579343639223
0.17280841670211827	0.09430394861095703	0.7328876346869249
0.19498075000140302	0.5249504795557053	0.2800687704428918
0.13539883809935074	0.5085733774874887	0.35602778441316074
0.3203262103682908	0.26122393949654854	0.4184498501351608
0.22567319244197015	0.13559852645224468	0.6387282811057853
0.3763551068469668	0.08693942279049666	0.5367054703625367
0.3692640927552889	0.3045779491729371	0.3261579580717741
0.3499788227248309	0.3641131067065713	0.2859080705685979
0.14436971217406314	0.08865769149606129	0.7669725963298757
0.2445056696928199	0.09404099825325318	0.6614533320539271
0.10173595405340369	0.3660472206558553	0.5322168252907411
0.07094051064708201	0.14928961074176114	0.7797698786111569
0.04970956637892021	0.35065610271471837	0.5996343309063616
0.22379332739910057	0.3981762637450169	0.3780304088558826
0.2428880397560948	0.05926931125506374	0.6978426489888416
0.15647315231004852	0.5142519523822011	0.32927489530775056
0.2847908448532871	0.24921245583042184	0.4659966993162912
0.43752994084037017	0.22864853845017138	0.33382152070945853
0.06110641183651322	0.31023648843424145	0.6286570997292454
0.35943231204086074	0.31226772181356416	0.3282999661455752
0.10665647464612321	0.31833273571992016	0.5750107896339568
0.29244207566846925	0.05854136912717234	0.6490165552043585
0.43537427418149677	0.5007765666435966	0.06384915917490674
0.2106126298791769	0.5178451056871267	0.2715422644336965
0.2612816656684886	0.5144394729386487	0.2242788613928629
0.210939943393881	0.26626626683399296	0.5227937897721262
0.12200857259414777	0.43863399575628026	0.43935743164957214
0.3993387677471997	0.2847604069748544	0.315900825277946
0.336468275064956	0.26147968128767507	0.402052043647369
0.27177780252808886	0.3649493648304846	0.3632728326414266
0.3223713912605702	0.3235983075951547	0.35403030114427525
0.0570163378420836	0.16122751574470995	0.7817561464132066
0.18839877073253114	0.48435596160912875	0.3272452676583402
0.22080752163899123	0.4432958034032408	0.3358966749577681
0.32204146425338953	0.2464247256572409	0.4315338100893697
0.3429965822024439	0.21468410140812927	0.44231931638942695
0.22527699310821342	0.4818447678683232	0.29287823902346344
0.11522015170818739	0.27904707593553413	0.6057327723562786
0.3047857920932193	0.39140807442712966	0.30380613347965113
0.351020280985354	0.19689573736257773	0.4520839816520684
0.15866274529737096	0.30305358160904744	0.5382836730935817
0.2737795200572608	0.4216221476429839	0.30459833229975536
0.07868880035826359	0.181341421156364	0.7399697784853725
0.3305195217964986	0.32094600063920375	0.34853447756429773
0.19284532876315114	0.19134134346133558	0.6158133277755133
0.3993029806216931	0.24476176232998675	0.35593525704832024
0.051714107422393185	0.3833271678387819	0.564958724738825
0.07950441402078984	0.4365797469390831	0.48391583904012725
0.11549990768910101	0.36347117556886016	0.5210289167420389
0.17819547193920426	0.33135842024514184	0.490446107815654
0.26691580301571943	0.11970975692871619	0.6133744400555645
0.4503265468166705	0.37114536807830417	0.17852808510502544
0.16404687810177293	0.1233643363656507	0.7125887855325765
0.39487140178956126	0.5101373895598664	0.09499120865057234
0.3615140081693859	0.35071453673032643	0.2877714551002878
0.362600758361488	0.2608138483802905	0.3765853932582217
0.314090813447043	0.05849687772370393	0.6274123088292533
0.2511442986929942	0.3301420548016919	0.418713646505314
0.2850050201572447	0.4071979183469797	0.3077970614957757
0.13250672562430144	0.13883419545228576	0.728659078923413
0.14919357104596298	0.22153409402858829	0.6292723349254489
0.12040203028090549	0.16408486274669776	0.7155131069723968
0.2678917091478559	0.30749453882572475	0.42461375202641943
0.19733184260746825	0.4605971117222787	0.34207104567025315
0.25225748908519025	0.3401187749598545	0.4076237359549554
0.31740155288056254	0.41368023616641075	0.2689182109530268
0.05886924844245983	0.16017568788486422	0.7809550636726761
0.13267738652601038	0.5042541259860771	0.3630684874879126
0.11833921026610023	0.482996889517356	0.3986639002165439
0.37847922008931867	0.5098954501498385	0.11162532976084294
0.27352187201026035	0.428560224348296	0.29791790364144377
0.31321336665451305	0.5172431292392936	0.16954350410619345
0.05801416039877777	0.32789347102581917	0.6140923685754032
0.20524606299671627	0.07990454431528005	0.7148493926880038
0.4085206265385233	0.3263157497774818	0.26516362368399504
0.18209602276780174	0.33513891866779744	0.48276505856440094
0.13621362617767002	0.07052095537579389	0.7932654184465362
0.24910376896344835	0.2898183304501162	0.46107790058643555
0.12825876557206897	0.5113746426180852	0.3603665918098459
0.07278755481179422	0.11828771620006945	0.8089247289881365
0.16260870830062318	0.2746177249068481	0.5627735667925289
0.10082156977625101	0.40819168070267886	0.49098674952107024
0.12228171869935014	0.16637115645830913	0.7113471248423409
0.11973871921006696	0.47616102196709253	0.40410025882284056
0.09162949796703956	0.1863240659772676	0.722046436055693
0.3020704963894514	0.18398505345776262	0.5139444501527861
0.24321533514658705	0.1678398288978826	0.5889448359555305
0.45517704784012103	0.11288063568977902	0.43194231647010006
0.21607251708085806	0.346196666706863	0.43773081621227905
0.2275353411657453	0.2643878952276629	0.5080767636065919
0.17494863783069012	0.32707494306290097	0.497976419106409
0.2514060186938714	0.33780797805036206	0.41078600325576664
0.17759799422067218	0.2633490492670268	0.5590529565123011
0.20724194256094988	0.3702152196738526	0.42254283776519763
0.39141311768773457	0.24264825514867996	0.3659386271635856
0.07474940005816932	0.22309361611418327	0.7021569838276476
0.2988983769570258	0.5108279368171812	0.1902736862257931
0.38848876786374076	0.4132248991533818	0.19828633298287754
0.4034522237045973	0.40290977615771584	0.193638000137687
0.27606659728777905	0.09433277940540619	0.6296006233068149
0.19633523028477798	0.0761683816460425	0.7274963880691796
0.10409847464620894	0.3357457574134723	0.5601557679403188
0.14594936941058495	0.4055898716546459	0.44846075893476933
0.42519440704230993	0.3430415530731862	0.23176403988450398
0.08593956444232778	0.0934683409154334	0.8205920946422389
0.4311637820725106	0.3994895773466548	0.16934664058083465
0.1438504003413898	0.2841992472139487	0.5719503524446616
0.42465088056177214	0.40146250310371845	0.17388661633450953
0.14291181920202883	0.14441404350370557	0.7126741372942658
0.13108293849781236	0.1873085245819619	0.6816085369202258
0.18625419200317495	0.3967848641782998	0.4169609438185254
0.1900147925590825	0.16683223729602265	0.643152970144895
0.24121470782752008	0.30532380152001526	0.45346149065246477
0.3582469491538549	0.1950323724238593	0.4467206784222859
0.42939511750595916	0.5081665589954771	0.062438323498563875
0.10751201335245553	0.34680266227335904	0.5456853243741855
0.2935167713574	0.42327583751041653	0.2832073911321836
0.19028426470683982	0.35710838597080785	0.45260734932235247
0.40726713304300266	0.41215495483928033	0.18057791211771712
0.355161370812593	0.0993947456389242	0.5454438835484829
0.45297518051207875	0.44544649671497	0.10157832277295137
0.13487553196478552	0.378462784207393	0.4866616838278216
0.44691118619124137	0.3990083729778389	0.15408044083091982
0.34583664686910165	0.228940583083294	0.42522277004760445
0.10380304065723367	0.3161271735797298	0.5800697857630367
0.40143599399832164	0.512999378540451	0.08556462746122759
0.43870479004811935	0.4604955833630946	0.10079962658878613
0.3364213064858972	0.1616257169922169	0.501952976521886
0.3607049104904589	0.1351840178508142	0.504111071658727
0.13174157242046544	0.15351474343673693	0.7147436841427978
0.05759656055964801	0.38903295247207303	0.5533704869682791
0.1628489300988426	0.15250553359963348	0.684645536301524
0.34624160411274724	0.47426286698131614	0.17949552890593673
0.422104471027871	0.4054905834044888	0.17240494556764027
0.35014444504883674	0.139318251501663	0.5105373034495003
0.10035877389083925	0.3368284782559182	0.5628127478532426
0.4466795280814001	0.08128669412567119	0.47203377779292877
0.10625531916438055	0.2360691176120588	0.6576755632235607
0.11565369422033958	0.32770539243198077	0.5566409133476797
0.06246726787483048	0.07499038926462903	0.8625423428605407
0.05835799567258426	0.09763434696813622	0.8440076573592796
0.37563938539125935	0.41585291170457483	0.20850770290416593
0.43386811377935053	0.22799946664746118	0.33813241957318835
0.412769027142303	0.34492061241095884	0.24231036044673832
0.4031354264477545	0.44361829595995417	0.15324627759229142
0.40162935848942144	0.2495108471907825	0.34885979431979613
0.44597991231526923	0.40163194649473366	0.15238814118999722
0.3442833584903486	0.445879301264757	0.20983734024489453
0.13167771265778921	0.09811821133504606	0.7702040760071649
0.35084620217281093	0.13049210923559396	0.5186616885915952
0.4502448886374295	0.36772971012861316	0.18202540123395747
0.22084810165366775	0.4873259126785142	0.2918259856678182
0.19705612015542406	0.21739029511800748	0.5855535847265686
0.4307625302173138	0.4064352336775878	0.16280223610509847
0.45450616432536917	0.44228417895024624	0.10320965672438467
0.38284697521254385	0.46031342330462843	0.1568396014828278
0.259322424948752	0.35068542017207677	0.3899921548791713
0.38071458970271305	0.27443467012624395	0.3448507401710431
0.22886661906532502	0.17430439439056983	0.5968289865441052
0.32766256137985894	0.4769197038232466	0.19541773479689462
0.4439049299574258	0.34827162013586455	0.20782344990670973
0.4498753744370318	0.32276209401936395	0.22736253154360436
0.31575659595022143	0.36768595990564706	0.3165574441441316
0.09546857542442783	0.08183446225719349	0.8226969623183789
0.16847613030502276	0.2992101692148128	0.5323137004801646
0.29507092545010133	0.3164713500028682	0.3884577245470306
0.10848454949247352	0.24137412552516696	0.6501413249823597
0.4345354748524926	0.05972557018513047	0.505738954962377
0.35312983825337063	0.23472074370196755	0.41214941804466193
0.11589698761660144	0.285822161441658	0.5982808509417408
0.427592908741531	0.1493712703150103	0.4230358209434588
0.33606692166309565	0.2534254513067045	0.41050762703019994
0.0992189046141422	0.34009719136087246	0.5606839040249855
0.4134037777322744	0.21284587595006638	0.37375034631765935
0.40252163418524045	0.3387977440033607	0.25868062181139895
0.08027753043836222	0.3563157926952757	0.5634066768663623
0.1662668525761121	0.4849475897029193	0.34878555772096875
0.054745784089640814	0.31774827188312144	0.6275059440272379
0.2527531080425974	0.3961726039759964	0.35107428798140633
0.3932510637943453	0.0961609152488436	0.5105880209568112
0.31539262074385555	0.11403925265089146	0.5705681266052531
0.30468485001391143	0.399355776197302	0.2959593737887867
0.25781738271644733	0.3134960572071728	0.42868656007638006
0.22825267808564767	0.5238739219229686	0.2478733999913839
0.27167131464321587	0.23709805800063766	0.49123062735614664
0.06828781381801236	0.1047923223433257	0.8269198638386621
0.0915644075210274	0.07238306579603204	0.8360525266829406
0.22782229895751543	0.26214562914331196	0.5100320718991728
0.24597612059089535	0.31174440165779627	0.4422794777513085
0.4509060641325113	0.21740575687985605	0.3316881789876328
0.06860104432074221	0.08134620578923768	0.8500527498900202
0.2086152758338405	0.38068726905322425	0.4106974551129354
0.3575456387259469	0.24655407917995836	0.3959002820940948
0.18468128556744023	0.37132100769894694	0.44399770673361294
0.13222643905906487	0.3664192637748751	0.5013542971660602
0.20479316865439637	0.4229494482599001	0.37225738308570366
0.31379723977411134	0.1878368017780403	0.4983659584478485
0.295336130295226	0.1394509661750535	0.5652129035297206
0.41123771585316093	0.462939902507146	0.12582238163969314
0.24890638622632824	0.333094520241088	0.41799909353258385
0.0730625413736069	0.39872271010201776	0.5282147485243756
0.4052948867216629	0.46645600374831686	0.12824910953002033
0.18739915772799168	0.49093035681186126	0.32167048546014715
0.41564569209471264	0.17256090606851038	0.4117934018367771
0.30521853612262395	0.2846109446395054	0.41017051923787073
0.35793369706755174	0.08951465150656529	0.552551651425883
0.29033440513960385	0.2829705970722754	0.4266949977881208
0.39386151401003877	0.16774834738869854	0.43839013860126286
0.15496415782033826	0.11414649542425814	0.7308893467554037
0.0941790392554342	0.2236057961403958	0.6822151646041701
0.31694344765048094	0.22716321582184024	0.45589333652767894
0.27658759277999667	0.1458512338838778	0.5775611733361257
0.3131942344043242	0.12049137899740908	0.5663143865982667
0.17406023437895915	0.15946072768898123	0.6664790379320598
0.09006426145974897	0.3895454331267344	0.5203903054135167
0.05529288697435519	0.351094150751791	0.593612962273854
0.2966681521925202	0.4880792931831732	0.21525255462430667
0.44723232305049754	0.23026462299710504	0.32250305395239753
0.451695407223202	0.09767969660655709	0.45062489617024104
0.11065627712365955	0.11299244727103527	0.7763512756053053
0.2579317554176874	0.11321480675950066	0.628853437822812
0.09518085739224333	0.4233657056118293	0.4814534369959275
0.28604299446919457	0.48127122929521127	0.23268577623559433
0.09186034430833837	0.2529894394850927	0.655150216206569
0.3812032580916159	0.30827500112985373	0.3105217407785305
0.09119041804582609	0.08233464257718615	0.8264749393769879
0.2644967542882072	0.48843903642322734	0.24706420928856557
0.11488938148458239	0.5158053206748264	0.36930529784059135
0.20351835086009742	0.40754999418677224	0.3889316549531304
0.3061368930362364	0.2353106727151642	0.4585524342485995
0.1887711285124172	0.2344014244172395	0.5768274470703434
0.22860306719908755	0.2889113175726077	0.48248561522830485
0.3996164888569519	0.3561666017466373	0.24421690939641094
0.21104125570907573	0.31782286410979155	0.47113588018113284
0.08274657950783232	0.2383524578969397	0.6789009625952281
0.4271760908731008	0.19964037949188435	0.373183529635015
0.16931199943845068	0.409633818879363	0.42105418168218645
0.16592516007998376	0.33374349004926396	0.5003313498707523
0.4353713266063658	0.12682560017140151	0.4378030732222328
0.08338467502043709	0.2091253503638757	0.7074899746156873
0.1981906545940288	0.3051158423559758	0.49669350304999554
0.12186578309269414	0.13688985836364803	0.7412443585436579
0.18791108296290646	0.15168583779837852	0.6604030792387151
0.28062808391575284	0.18951004710866645	0.5298618689755809
0.4338928536673542	0.12385161978513187	0.44225552654751404
0.34013541903107053	0.17371220413491884	0.48615237683401075
0.07275033039648521	0.32087540132316367	0.6063742682803512
0.18229755922497348	0.25259798422240953	0.5651044565526171
0.2917307246454598	0.3483897058958117	0.3598795694587286
0.08793428097864223	0.41337556488077165	0.49869015414058626
0.4155641932125165	0.15784762748075373	0.4265881793067299
0.34207208229254993	0.0657371045994945	0.5921908131079556
0.16681381469880804	0.1909603653852115	0.6422258199159805
0.3947283789426179	0.5133950794898889	0.0918765415674932
0.23981111085406231	0.443865968327628	0.3163229208183098
0.33854143884974125	0.25003353153984426	0.4114250296104146
0.4244337485354719	0.49384398364930615	0.08172226781522207
0.34569638653894974	0.40331909276132993	0.25098452069972044
0.23618493030061097	0.3270102553645601	0.43680481433482904
0.4432321895081864	0.4179477642230469	0.13882004626876684
0.13864259702571333	0.2079970548253462	0.6533603481489406
0.2378137941925474	0.3506427609797329	0.4115434448277198
0.35188601812684694	0.4743243456111996	0.1737896362619535
0.20372701435294893	0.32637576176167504	0.46989722388537614
0.33355745958337174	0.41865621607629966	0.2477863243403287
0.45556564235316954	0.42860777731158123	0.11582658033524931
0.3818143359257179	0.5043699590926136	0.11381570498166857
0.19453252611485986	0.260237702013719	0.5452297718714213
0.38277099235885853	0.2523758297254499	0.3648531779156916
0.14754735987710416	0.14483860868527798	0.707614031437618
0.4333397262270168	0.39510038907559264	0.17155988469739075
0.17024721959791292	0.3304730479051758	0.4992797324969114
0.13671764151094298	0.34735067448092866	0.5159316840081285
0.2937084321892275	0.26341789979812896	0.44287366801264366
0.16521575622375387	0.2580287894380498	0.5767554543381964
0.2600542626323201	0.20547247342926106	0.534473263938419
0.20057339059690182	0.275988991014514	0.5234376183885843
0.07674949478597132	0.3424210939232321	0.5808294112907967
0.18598233309464104	0.0606369331892489	0.7533807337161103
0.45083027854031626	0.09562339492780689	0.45354632653187693
0.05150765515111061	0.36895257270076187	0.5795397721481276
0.43149144200474565	0.23243023713506722	0.3360783208601872
0.21787898358722346	0.07968373363963144	0.7024372827731452
0.10278594574943067	0.36124387522093093	0.5359701790296385
0.2632333826217681	0.42609697928933554	0.31066963808889647
0.3882262960981011	0.31982246953721327	0.29195123436468573
0.4007399171509438	0.11063983724097465	0.4886202456080816
0.1633129111094614	0.14941867314197965	0.6872684157485591
0.3987393881434125	0.14549953855418823	0.45576107330239934
0.11404918200654601	0.500291844194449	0.38565897379900504
0.38800148473737583	0.056060027373238785	0.5559384878893854
0.10607068813823814	0.3270225045111714	0.5669068073505906
0.08843653096702314	0.4205321500966816	0.49103131893629537
0.14989802902242588	0.09600192010006364	0.7541000508775106
0.22591220470047188	0.06865913179302807	0.7054286635065001
0.3823943212919864	0.28131808853556595	0.33628759017244775
0.23374098297240123	0.5098353820295749	0.25642363499802395
0.3725249119661711	0.28685118150791006	0.3406239065259189
0.43702296124387086	0.4345971716430415	0.12837986711308771
0.32821073682786045	0.3507369307450789	0.3210523324270607
0.2601112164572115	0.497517010926491	0.2423717726162976
0.30325916799214425	0.17109610820328303	0.5256447238045728
0.3059757041123148	0.28055911135707523	0.4134651845306101
0.1758139434764405	0.4008303941108568	0.42335566241270284
0.11074492586637974	0.38560655083697887	0.5036485232966414
0.13718718646357073	0.41782344573499686	0.44498936780143256
0.4121882588589386	0.24761420407060183	0.3401975370704597
0.33556975464001654	0.5057265079553709	0.15870373740461266
0.12865052587687908	0.18087321099819542	0.6904762631249257
0.24468761174859055	0.12835246022380561	0.6269599280276039
0.1516208084413898	0.3160001743787999	0.5323790171798104
0.26106692376199736	0.38925590949442634	0.34967716674357646
0.3549720269707186	0.34641336461813677	0.29861460841114473
0.19896989844607216	0.06420261671050215	0.7368274848434258
0.07500826360777396	0.3649841394051575	0.5600075969870686
0.4446145216496393	0.25456481159403577	0.300820666756325
0.39844665922531497	0.4734836699136449	0.1280696708610402
0.41514809589489704	0.20604038550621745	0.3788115185988856
0.11334498270945803	0.2253812605079218	0.6612737567826203
0.18192397618421827	0.20540274583086968	0.6126732779849122
0.3151109786483092	0.20201635315840566	0.4828726681932852
0.051469527125949766	0.2755153104150182	0.6730151624590321
0.45446611821107724	0.05953026812255219	0.4860036136663707
0.25103963766756815	0.32464455539530535	0.42431580693712667
0.32679004672289513	0.1344949780095437	0.5387149752675613
0.16949923020609164	0.3567767123041233	0.4737240574897852
0.2182383074853465	0.15549273029794708	0.6262689622167066
0.10061798948531128	0.4389016440942224	0.46048036642046647
0.45309476418880634	0.2603715727196084	0.28653366309158534
0.1287969178957386	0.22647052802051193	0.6447325540837496
0.08732765091180567	0.07272706884901681	0.8399452802391776
0.052846189927233	0.1286821896317425	0.8184716204410246
0.07906426189208726	0.16274813058392767	0.7581876075239852
0.15727637942999614	0.46215873306860844	0.3805648875013955
0.3352120016690879	0.4542657313119414	0.21052226701897084
0.22687533280166378	0.16604218450931607	0.6070824826890202
0.43400249309715666	0.399286052707848	0.16671145419499542
0.2830986181884203	0.31986964256492695	0.39703173924665286
0.14989498306465368	0.48476321942332506	0.36534179751202134
0.2345753983306167	0.49950057265378167	0.26592402901560175
0.3072712413938282	0.1332822870969303	0.5594464715092415
0.3344875049807968	0.2566580286920368	0.4088544663271665
0.4039671365409809	0.4198422889346345	0.17619057452438475
0.13358011095660405	0.13476571923628192	0.7316541698071142
0.22779049706048216	0.07873504270890874	0.6934744602306093
0.29588931029224635	0.07344386541035708	0.6306668242973967
0.2096058959563693	0.07009487094853306	0.7202992330950978
0.3628091642214029	0.33681172818541183	0.3003791075931853
0.24120630807316257	0.4900006262950371	0.26879306563180044
0.1636134517717851	0.35400401558311906	0.48238253264509595
0.1066578747322876	0.4875459393734809	0.4057961858942316
0.2562127474357381	0.4376929077344019	0.3060943448298602
0.29988857082088394	0.3034684981093473	0.3966429310697689
0.19664809957706417	0.23895892794910836	0.5643929724738276
0.1265312459552172	0.12087210920154662	0.7525966448432363
0.10707714243453414	0.2693383534254761	0.6235845041399899
0.3728771937238647	0.22038509819935886	0.40673770807677656
0.07679214856588557	0.2332650568789454	0.6899427945551692
0.12326780098390847	0.2966010133845737	0.580131185631518
0.0803107120607145	0.24925112422521906	0.6704381637140666
0.1308161887379552	0.2382593969013574	0.6309244143606876
0.14876538698316943	0.238427700327838	0.6128069126889928
0.2533847018727534	0.25386378797832554	0.49275151014892116
0.06817171739600703	0.3876325536812421	0.544195728922751
0.09926480727116146	0.4021161448019453	0.4986190479268934
0.14361601993436454	0.15584836174041378	0.7005356183252218
0.24077754641129764	0.0761957234694533	0.6830267301192492
0.24952456334685563	0.3426546307939048	0.40782080585923974
0.19022252786312457	0.08259893955408176	0.7271785325827937
0.4319455860038792	0.11740887810028339	0.45064553589583745
0.22459626917564157	0.5106541891222971	0.2647495417020615
0.41815480994682497	0.4811348135957234	0.10071037645745176
0.08110902968605543	0.4195268087636341	0.4993641615503106
0.3525940307861397	0.12697755058121335	0.5204284186326471
0.4573863325516049	0.11957272825126292	0.4230409391971323
0.10493920820936489	0.2532369449653924	0.6418238468252428
0.3821476667421932	0.4378688366616485	0.1799834965961584
0.26317283778389	0.4958419703071153	0.24098519190899476
0.3405878532310668	0.17563662445750156	0.48377552231143184
0.355884705209951	0.3397041101084725	0.3044111846815766
0.10973056305531104	0.4089645402590206	0.48130489668566845
0.3446323032133697	0.2782341551521958	0.37713354163443463
0.2944627304241893	0.4593804152769503	0.24615685429886053
0.07590185265778715	0.1387388487103942	0.7853592986318187
0.1196851756580824	0.3878271690982671	0.4924876552436506
0.27016054635326403	0.4298396484382696	0.2999998052084664
0.44871917618819773	0.4209756349957916	0.13030518881601072
0.0959466931720307	0.32178716508291466	0.5822661417450548
0.37771926372326853	0.5031010513482944	0.11917968492843717
0.3550883382600414	0.45963817740861007	0.18527348433134866
0.11413722483199779	0.42928445501441603	0.45657832015358635
0.15976682398945158	0.07879061650492114	0.7614425595056273
0.1952130602562342	0.06560816443008899	0.7391787753136769
0.09091624774634705	0.5024213112654436	0.40666244098820936
0.1109226282448526	0.3256665111503325	0.563410860604815
0.3525811805928394	0.16031113472680217	0.4871076846803586
0.11219713394979675	0.24601755096806038	0.6417853150821431
0.22700230416484166	0.10985308636559754	0.663144609469561
0.16989497639499024	0.1222358982651596	0.7078691253398504
0.347819880270342	0.3034277399600209	0.34875237976963724
0.40448080155810384	0.44020494789047143	0.15531425055142487
0.1400720556229481	0.42156066361409805	0.43836728076295395
0.15327343150825257	0.4462567837355051	0.4004697847562425
0.3194763772288804	0.20782066836245425	0.4727029544086655
0.35175201581142745	0.15280979623689755	0.49543818795167516
0.34848100814777094	0.5009358188103167	0.1505831730419125
