0.028431784990570377	0.04170484238728152	0.2923459438665228	0.17395165286418596	0.059841676793697826	0.07035792952359116	0.21921036415325884	0.11415580542089133
0.07333622615445731	0.12956320066525195	0.11964044751887201	0.177120846894193	0.06479032462291422	0.08184800582744735	0.1999623226697399	0.15373862564712404
0.029502468629782355	0.02012565333709923	0.280223006629407	0.16503922594096793	0.07477684272760741	0.08261938858883255	0.22955014059530238	0.11816327355100097
0.0927379972043503	0.052487187903537125	0.23701409585922728	0.15852019521751057	0.05630376031987483	0.07074508465086021	0.2200471095856442	0.11214456925899524
0.05315219008870643	0.10950179082099978	0.1966610771774021	0.157885298763298	0.0731151124327106	0.08805447666549254	0.1894282214539155	0.13220183259747484
0.11659990906874779	0.10325460397090398	0.15297841918723912	0.1453291171156015	0.06650707515462889	0.07784486010630659	0.19750715749858527	0.13997885789798664
0.15666835745534644	0.11688733690904135	0.07822155643125958	0.15965294692407284	0.07154376498921095	0.07053561169151892	0.2162395170286266	0.1302509085709231
0.12168527220540763	0.05603199661035389	0.14155082613749462	0.16515073819710552	0.06709941296791802	0.0672885847408562	0.23284726097395592	0.14834590816690796
0.12410099447683183	0.08514364235767675	0.1979240242420568	0.17015208040276117	0.06533629217963097	0.06536678043254873	0.17922653912586084	0.11274964678263268
0.043585319184855933	0.09059190285518046	0.2193624797497487	0.17504570286859789	0.06152869753693593	0.06365406891055114	0.19936244322651456	0.14686938566761523
0.17580449668118547	0.0976048892950527	0.11483904210586993	0.14606777034628687	0.0579287757908466	0.07485194794677724	0.2042245081906594	0.12867856964332156
0.1194085334039583	0.07269415573998078	0.17526875780927098	0.1550005306586254	0.057480148283084814	0.07139844748296642	0.19849773196389053	0.1502516946582226
0.15928515445248764	0.059856439002366965	0.10959198395849769	0.1823831632807042	0.05973608314239122	0.07327383355039824	0.2342050682256485	0.1216682743875053
0.06702664232870129	0.029115543937635463	0.21875384716517227	0.1549899712983797	0.06964877931198615	0.08844232841577254	0.22189860924208435	0.15012427830026806
0.14867866927080534	0.0662298386012726	0.15101634236315048	0.1498092067020815	0.06048397980068948	0.08021077916655912	0.21098129967409857	0.13258988442134267
0.2666894122627387	0.021182396679329696	0.09558150242057029	0.17497454876990573	0.06625547598055834	0.06453284633526385	0.18362715440318128	0.12715666314845187
0.16303155179720813	0.056830789395569736	0.15094109364051372	0.14938569039208155	0.06334711753491074	0.06438971854968878	0.2190904416187529	0.13298359707127422
0.10885438147009885	0.09126924773569786	0.20286936601660135	0.1524062827704312	0.058217572524301694	0.08317550182014354	0.1836992474890493	0.11950840017367595
0.27445013635925475	0.028557292596249118	0.06389871965978056	0.14558368366669097	0.06423531748397257	0.06720845433424774	0.20298180930007598	0.15308458659972798
0.18450025949962082	0.0360202491155726	0.13105785423908894	0.1605846987543588	0.057301102874601814	0.08420956998907955	0.20808856027371914	0.13823770525395807
0.08623022230994042	0.1027294518162571	0.17546429119132229	0.16772033738143663	0.055130263101387966	0.07769979759933933	0.20703415114386126	0.1279914854564548
0.07785072267312826	0.09544504218471479	0.17278151900528077	0.14185399894758802	0.06364257584449716	0.06539312723462805	0.2298219034093359	0.1532111107008269
0.08454898867717534	0.09369556697945097	0.17594535798420508	0.14557224840681002	0.05965220155812785	0.07276160143372593	0.243593339077911	0.12423069588259361
0.023025576259146058	0.11676888477553454	0.18423871459356675	0.17812649524039334	0.05758856185066845	0.08079321169193313	0.22399376998869877	0.1354647856000588
0.03058778426460443	0.049398518749144596	0.3248162888968512	0.14822216711930053	0.06035100372781019	0.0676329171541118	0.19433103606130991	0.12466028402686714
0.0297719835930199	0.14009345151836472	0.19403843637420462	0.16172254524749444	0.056028616826992964	0.06849328457688794	0.196273593407163	0.15357808845587226
0.08388570448651853	0.062452676938937995	0.21020663478924484	0.17943721556280928	0.058460915138139016	0.08880285344086764	0.184597784282312	0.1321562153611705
0.130441680397311	0.1322840712118588	0.09423530780996968	0.1563267617039084	0.056921190796789464	0.0690371525920535	0.24169205542989236	0.11906178005821655
0.21242109925594005	0.036689442634220984	0.11047877525219457	0.13459390242615635	0.0748909070137488	0.08399385147873326	0.19357093852566898	0.15336108341333674
0.16314031348622	0.0556701945765955	0.1701534226918087	0.16897245585324586	0.0705923485770545	0.07338310021524233	0.18084328393698063	0.11724488066285219
0.05566736121357867	0.09004042775331421	0.21828290832271743	0.15850295990809965	0.06183551557853398	0.06728831554276563	0.2021274322068191	0.1462550794741711
0.06994285046632931	0.04652515345679656	0.24935827884555728	0.14971803535898862	0.0657010318880332	0.06376180722407554	0.2094640960114708	0.14552874674874847
0.16696279328057317	0.12358323853603156	0.10085957178765781	0.1646277334248905	0.0547501552760193	0.06989167209458924	0.18299959208018918	0.13632524352004902
0.18413880455284337	0.06968093265697245	0.11879720797222156	0.149533585549004	0.055551786496075284	0.06546206364711282	0.2234983551060794	0.13333726401969087
0.10504339574392768	0.06484303452076935	0.1406571787695115	0.1698321861832015	0.06385755867907081	0.07479748897912725	0.23281083734688696	0.14815831977750468
0.14820491266202665	0.06557695029595514	0.15944370025195423	0.14127066671139205	0.0608513186729419	0.07602798512411527	0.22652654224761257	0.12209792403400202
0.0399123755541016	0.12702164013208417	0.1339179813696413	0.17004935155445877	0.0638293280898799	0.08749371821933974	0.23322474447613506	0.1445508606043593
0.25931837377729394	0.03935695369690431	0.0927235923086839	0.16533146956949077	0.06802514130800416	0.06789974360482409	0.1915943905629104	0.11575033517188814
0.20376444298014829	0.039393792165453634	0.12111924543348648	0.1512156498247161	0.0646681338691697	0.07845981510463532	0.22230505859514593	0.11907386202724432
0.15167296337610506	0.1190410482573568	0.05697308012307335	0.1373741656077586	0.07398298636784326	0.08374062312873758	0.22949054472149918	0.14772458841762592
0.14750731867776717	0.09311299094581607	0.10051137861471604	0.14432569986253146	0.0745796842046417	0.08294267593683655	0.20850797061440118	0.14851228114328957
0.09784641048455922	0.047201141488169424	0.22248197889919766	0.16457730405693582	0.06249222308588334	0.07660499787379554	0.18098398497179932	0.14781195913965947
0.11596401194346068	0.05110874958892006	0.1928998445378757	0.13442017913646617	0.05396740769074551	0.08684302329827409	0.2263386657322132	0.13845811807204433
0.08882281387968094	0.06755159200927793	0.22950595103092064	0.1523050362316386	0.0637905307015437	0.0736241028126625	0.19775748873170373	0.12664248460257177
0.034540088072081185	0.09130862206254475	0.26276627802902053	0.14706467194008468	0.07180274264108061	0.06490999675591674	0.18343784509047903	0.14416975540879232
0.03224433351708755	0.0440268266842683	0.2911313732916919	0.15616787958322342	0.05864994978916874	0.08442219733488349	0.19243093442459652	0.1409265053750799
0.15161467539442247	0.039571093068334354	0.14468562324077922	0.15941610569893544	0.06757619233379739	0.07560080106474794	0.20799960507399853	0.15353590412498444
0.09331647236902818	0.06565865070954433	0.17049862471112812	0.1665195499544138	0.055172719950419016	0.07449957242970029	0.22688706611456472	0.14744734376120133
0.23224256961310885	0.09317240366146022	0.06554098295544021	0.13392627571728746	0.05594124511761381	0.07900458183378606	0.21632829370326206	0.12384364739804107
0.1768531184474777	0.11637354224821984	0.07540155694913245	0.1522754346841004	0.06297952920329568	0.0711761380752358	0.21833269307436126	0.1266079873181766
0.13774221166999376	0.05601892825843924	0.15671287269628636	0.17545205802097347	0.07027377117647107	0.07642136531333102	0.19514175918637033	0.13223703367813452
0.07557390131687546	0.0968824063333469	0.1891006850995468	0.15321507964058656	0.05425559146557178	0.0734476065854508	0.21924397166257648	0.138280757896045
0.06009072865373635	0.04148571112922601	0.3016949109059925	0.13711796541712784	0.06493600739622	0.07003199055431437	0.21147254159406556	0.11317014434931719
0.11922518155650175	0.12549277723588084	0.11905737413923548	0.15474064325155257	0.07555568535582266	0.06723536654639058	0.20311779497480587	0.13557517693981008
0.05022018126580892	0.08507182116213925	0.28380421240278403	0.15515976331110945	0.05655048674765964	0.06450371754349654	0.18832188942078798	0.11636792814621402
0.16144911723916136	0.11380256624419918	0.09068985753056119	0.1449573389907034	0.07530219672218498	0.07371552351592134	0.22083926309759355	0.11924413665967477
0.11209188728185347	0.02829374448980225	0.25779716967174937	0.13906724612074753	0.06760069615731396	0.06556274283925925	0.21717394711269095	0.11241256632658299
0.15031744980725803	0.13842040933855435	0.07042976303436713	0.13535537660080746	0.06896495842152425	0.07577952711028077	0.24137490735812783	0.11935760832907996
0.17339559959217832	0.14449253099634757	0.06939176031478589	0.1561673981282521	0.053327116759535664	0.07130898776219535	0.1993594463843888	0.13255716006231608
0.06567374224970995	0.12560085518526376	0.1745083536781347	0.17827253111106517	0.06764123736211214	0.07398429624817385	0.197697140624299	0.11662184354124128
0.09081395715946887	0.068752938267868	0.15796247147324624	0.16953992988203076	0.07289807344009612	0.08811502263114171	0.2056289247810512	0.1462886823650969
0.0353223518038019	0.0565351705577023	0.2377007589042687	0.1809795228284733	0.06917565365345824	0.07951759742662257	0.22090800243695233	0.11986094238872046
0.1258364556088027	0.09038073746287226	0.11766979819229946	0.16360734735490307	0.055682380358515235	0.07700599725116952	0.23401130930150565	0.1358059744699319
0.05550846677625822	0.045503794486385404	0.25495856973505115	0.14059759955031959	0.05997549769959107	0.06728163994338753	0.23276877220597794	0.1434056596030289
0.08194574409844242	0.05731492416645412	0.27189864241076644	0.1485659224820016	0.05870478372589502	0.06503952853547099	0.1909623954954875	0.1255680590854818
0.028937339701822898	0.0639128941900517	0.296446917568289	0.14798308370757182	0.056880874578635984	0.08261693018987976	0.1929855384339613	0.1302364216297873
0.025470053067165863	0.09433486864896194	0.23376009225558975	0.15837336344813918	0.0761487930478271	0.06794502315609308	0.20798620125670633	0.13598160511951657
0.07038947797811029	0.11053878943469993	0.09965051713679456	0.17457778952079822	0.07640592111006647	0.07722168236794902	0.2412003834705611	0.1500154389810202
0.16912179543693573	0.13479125517270152	0.07133977252828724	0.17814884469366643	0.0584972883944625	0.07502400987040335	0.1909534851645368	0.12212354873900617
0.17806182912295107	0.03323855193318605	0.1290386627273716	0.16280203036882634	0.07469925664663829	0.07030815323426637	0.2222222850940419	0.12962923087271816
0.159569337248055	0.09737481520606096	0.08265482684972775	0.17770437744200832	0.0635385089509031	0.08227073539919055	0.2034248896845191	0.13346250921953498
0.036659949420335125	0.0952169033745786	0.18858767425289888	0.16970549693516782	0.06279277344780909	0.08688345066643507	0.2195251468530393	0.14062860504973587
0.029594114410583197	0.07872244321251237	0.2665125679343392	0.16324577983202057	0.06394366836901763	0.07395475279190286	0.2030833683184629	0.12094330513116104
0.11825169170807481	0.06992551190419372	0.1671464881579945	0.15146565470560358	0.05393576834238434	0.07981090451826575	0.2423590924602616	0.1171048882032215
0.16855372917584038	0.13595825582574173	0.0856012639724903	0.1315431508921037	0.05430810324127103	0.06473736450776416	0.2219917625029618	0.13730636988182673
0.166022462857807	0.01880943953773738	0.1734928233243407	0.13424490388636906	0.07400972211438586	0.0647524330190342	0.23602162119994297	0.1326465940603826
0.15689809214401418	0.03297496533539944	0.14920507202722924	0.17880383448714562	0.07465210371419562	0.06718405218164143	0.2250649069341285	0.11521697317624574
0.17751256746988647	0.07484821079189927	0.07330163742240271	0.15553859477948137	0.06873775668264989	0.0835230860691904	0.21746493544386197	0.14907321134062762
0.1529929082748063	0.04254705693541748	0.09535357315959186	0.18111354271092606	0.07430256048298181	0.08596378190993723	0.2412585468097201	0.1264680297166189
0.16194305642103962	0.06903491845065991	0.12721929566227205	0.17839010194455554	0.06271639395082017	0.07115947775206499	0.18396371227269281	0.14557304354589462
0.09036324287198658	0.08591907768111445	0.15193047607414545	0.16298828099372742	0.06537421180103828	0.0698993964258692	0.2367762049529001	0.1367491091992183
0.038102899459113215	0.10353530089638856	0.2302776458549855	0.15126105887621788	0.058403190459435594	0.07148687326699547	0.19213423028498072	0.15479880090188286
0.0689661722900983	0.14441495256948753	0.1145525162080394	0.163619995939331	0.06266682259898716	0.07538836201249888	0.23239519226413086	0.1379959861174267
0.09340285313775547	0.1195017698990111	0.15533626546441207	0.1413749379896686	0.058863308175256215	0.08788478833268482	0.21576178367492999	0.12787429332628156
0.04471466404191489	0.06689880441890064	0.2538404415773227	0.1494639219211669	0.07040637891278896	0.06562838153745575	0.21777195165851557	0.13127545593193435
0.023649849004249796	0.10683831167891322	0.2281800574209818	0.13435170742431563	0.06151056550601755	0.08598082584467383	0.20761683005825424	0.15187185306259376
0.049624099018819284	0.12749214304151732	0.23396642888028069	0.1376601409950718	0.053968950095440185	0.08421599296662327	0.18545172793263287	0.12762051706961441
0.03641136392494382	0.09253142267127494	0.2582623888299472	0.164588612643745	0.053774090713993514	0.06441711945909515	0.17972154453249567	0.15029345722450452
0.04019987710786528	0.04928660589578661	0.2343417411278375	0.1598369004757381	0.05819913892938554	0.08496124005712449	0.23291864728022407	0.14025584912603817
0.02604726215134706	0.11076307019078906	0.21119591278211286	0.16826508938749857	0.05717588468131041	0.07817360776010178	0.2188391362453347	0.12954003680150544
0.053589376194336444	0.04190805391825911	0.2790131573584253	0.1541757758665948	0.05573050225370106	0.08504026517157823	0.21317483912908156	0.1173680301080233
0.1652712273801865	0.05090990624451158	0.11996135695877636	0.13948046215679702	0.07358289566511687	0.06799563015551902	0.23453974936807986	0.14825877207101254
0.11578348388092202	0.14494072776155648	0.11666022938566621	0.18095080323698035	0.06238843244361618	0.07481761576522489	0.17834577563222764	0.126112931893806
0.11617946040832543	0.04047975931943522	0.16168395035761152	0.1768993930101276	0.07701455926391831	0.07938932912735402	0.2140479293730097	0.13430561914021796
0.12730753433199285	0.020755008190580904	0.17720476467182197	0.17222575929083703	0.06751591788234393	0.07724124069048235	0.21250205327220026	0.14524772166974048
0.03165555360136563	0.0981182973094627	0.22144210461060448	0.1457115353838073	0.05755270159988314	0.06871346914856297	0.24148363100145553	0.13532270734485805
0.029733126414108538	0.11593454591335609	0.2543094298022426	0.1556101569274077	0.06288465708561386	0.07304901409731594	0.19217800205654767	0.11630106770340748
0.06534653578346353	0.025609514154538285	0.2657893971851816	0.1693490612090689	0.06079588489565879	0.08633272566368135	0.18306989229602616	0.1437069888123812
0.0756940382659528	0.023875211785174655	0.2770192456073781	0.14557240760302761	0.06556430296488416	0.08738790669526827	0.21067727378834455	0.1142096132899697
0.08789000558136814	0.10668641754821448	0.16090513234897505	0.16945261892797187	0.06455330943772228	0.08925619241379223	0.20507962385656653	0.11617669988538919
0.04053898752140038	0.04595046074335607	0.254798347777502	0.17981853463023773	0.06404922985567085	0.07158782450128373	0.19786922138097784	0.1453873935895712
0.11229761896144971	0.03680292698085334	0.22206522950426089	0.14484599559639083	0.07406395950238412	0.07220081527943395	0.21170737370049378	0.12601608047473317
0.22994635216804826	0.05336801517904888	0.0657947327948731	0.17534954923995527	0.059719060443633495	0.06574257099350383	0.23728947907518882	0.11279024010574804
0.18663668710354164	0.1390909060602857	0.06602393512499238	0.144785130885538	0.07153488212998889	0.07250341235201373	0.18724991849212777	0.13217512785151164
0.08255098090514948	0.12522579734040212	0.1814206236741519	0.1322146375538935	0.05375653937128495	0.07696484629383502	0.22048104837692944	0.12738552648435336
0.1325940493525955	0.033781834779114964	0.15991724279762032	0.16034125422237688	0.07675098572946784	0.08607223676597744	0.21706945408466521	0.13347294226818157
0.02438162097518648	0.09091972159216917	0.25554858971161937	0.14195446645260215	0.05424344465330286	0.07517637307462616	0.22606118125559815	0.13171460228489548
0.1389946341109022	0.023868080788504525	0.20815092059705043	0.17270924350698386	0.07251534739050375	0.06594260817711699	0.18575559305340075	0.1320635723755373
0.14482894909203045	0.0475063044822079	0.1420879379438213	0.1537078173569644	0.057385974430317455	0.08816861568171258	0.23453426073144967	0.131780140281496
0.12145909571802047	0.056383521925420704	0.16640828585314488	0.14639123663307535	0.07189722161790316	0.0870012745408872	0.21771227429540643	0.1327470894161416
0.08746899232485195	0.036548191066677824	0.2648503717584352	0.16401932894244453	0.056434200479146365	0.07226691897870263	0.19488532391725116	0.12352667253249011
0.1769469560058255	0.028047182607078766	0.19469093054517234	0.13516868049727263	0.07326754299882281	0.06841908205881084	0.2022249899831928	0.1212346353038241
0.1037298046114169	0.10964369028393271	0.09217546422644497	0.1663705460708605	0.06309992769588124	0.0807000835202728	0.24058076952397323	0.14369971406721746
0.049324575466484985	0.04001662108816842	0.29329974942242526	0.1565663886101736	0.07653203522120672	0.06849553867993373	0.20287243043808467	0.11289266107352243
0.0806926842534419	0.01948212134014106	0.28683935163853935	0.17573049360088167	0.06286400155720773	0.06825011338637102	0.18477123428665668	0.12136999993676044
0.17654844714248036	0.033071869636692564	0.15529181873564205	0.16749991142441156	0.06918666983120478	0.06866718209135625	0.17847133426767484	0.15126276687053736
0.22311041523965255	0.05861520424021549	0.1430407115432984	0.13415423987335431	0.0746494020927016	0.0735355111636878	0.18003996072338896	0.11285455512370066
0.03881045320476424	0.09265759676869424	0.23660592172123843	0.1761067099383723	0.058991067807459566	0.06355118810058175	0.1988105002839656	0.1344665621749237
0.03235188727185295	0.12908316567162847	0.14416480558624054	0.1650746576871936	0.07141453512641677	0.08870857237428975	0.23867379653072307	0.13052857975165466
0.20346189838007828	0.060650570582088115	0.11596969573572584	0.15937387770087946	0.05936771580063871	0.08718049941273871	0.18554195174173746	0.1284537906461132
0.17174209392057949	0.10941281788370281	0.06683056713974664	0.17956541086423874	0.07451313778073801	0.07462240599084677	0.18688560700614323	0.13642795941400404
0.07524997591941662	0.09018606457731139	0.22970172829483043	0.13148390373883342	0.07202336595473996	0.07307408873602933	0.18737635616898024	0.14090451660985837
0.16098840321105892	0.04327489543791761	0.14870122647532805	0.15287958382776579	0.06847894436248786	0.0734526531750213	0.23407721482029692	0.11814707869012332
0.1918317141600759	0.06168009274730121	0.13570753536956637	0.13951017673896093	0.0720492145281352	0.06718542642566591	0.21902670443864825	0.11300913559164597
0.041994781432445144	0.09360604705528265	0.21818955062489356	0.17146214244460767	0.06583064458159274	0.07366069654771326	0.22224544106943508	0.11301069624402968
0.04173223603960635	0.13294907247468182	0.12352688723050748	0.17715246135452722	0.07695465691841116	0.08172786306120934	0.23271971609499298	0.13323710682606343
0.06547477441542764	0.1302082809797313	0.0992553898484306	0.17176139174964963	0.07469117849850425	0.08189166351171392	0.23836755551182792	0.13834976548471453
0.16585536986179095	0.08430009390171078	0.07546605222088568	0.17150010165306673	0.06915840875167678	0.08852799531272917	0.2210900132754367	0.124101965022703
0.11732087619927188	0.029436720995593968	0.2382606207165296	0.15216466190056005	0.06908434015825497	0.07045933241606595	0.20419458651820593	0.11907886109551746
0.05699433681830038	0.1424010484755539	0.20157682997704107	0.17625153397487922	0.0557449335991813	0.06383032855468732	0.18846088867962238	0.11474009992073424
0.07241691388459007	0.08801592075636089	0.22542467100638816	0.15793147509543598	0.06196251317192769	0.08208063845971458	0.17979747229016224	0.1323703953354202
0.15936679154903116	0.12405326167856273	0.07029123776633404	0.1753608370263698	0.0745190615699804	0.06903729697356228	0.20800677839788073	0.11936473503827862
0.0896906612627098	0.13987347304227118	0.163534367589646	0.15539996051153177	0.056248086554991694	0.08827821901475114	0.18602497910666918	0.12095025291742904
0.11090587166450637	0.02309845057619206	0.22106628700964367	0.13485727091376543	0.06086001346855652	0.07701745043805874	0.22290842878781292	0.14928622714146406
0.10383057040374855	0.10899608663570226	0.19123163483214617	0.1334981142452746	0.061720093429196	0.08366661027146415	0.18403605373518261	0.13302083644728546
0.14918154796472297	0.03659502548968112	0.15636090031998456	0.1505725852606284	0.07656026270157676	0.07410507815467852	0.22679626555695864	0.12982833455176881
0.06547395943196824	0.06678465878496309	0.23274867397404786	0.16231383469584118	0.06420110117685689	0.08774541765558119	0.2034628786232076	0.11726947565753373
0.05455261059631025	0.04045401111948589	0.2523744660528433	0.15990658694495494	0.07297898114416894	0.08710763605648432	0.21145385579299558	0.12117185229275657
0.08491860858071473	0.023718687667786592	0.20890166678238853	0.1815150049092451	0.07649954978185904	0.06772530529098206	0.20902883834069963	0.1476923386463241
0.05301661787605391	0.028006771571364622	0.258901007456272	0.15748225417412032	0.06582003219479984	0.06367261822799884	0.2339152060311105	0.13918549246827983
0.045056787772824666	0.030460691090487144	0.3075685375055765	0.15010609587040002	0.0764227195995183	0.0660941204841905	0.20865232122056837	0.11563872645643429
0.06143367943801377	0.041798717158695625	0.2577035763292451	0.13225898208684284	0.06097102789450373	0.07993805485265051	0.24372161327925848	0.12217434896078971
0.16484602195235895	0.049059034514420743	0.14118601531262773	0.1477473298840233	0.07466887196223154	0.08252748247327452	0.18717104219176328	0.1527942017092997
0.12139191526323576	0.04872604269456127	0.17067922764872773	0.17750101211110728	0.06373959624416045	0.06597085148267322	0.20074002825348475	0.15125132630204935
0.10697566243000553	0.06558983451646641	0.19795837877607061	0.15482690943519636	0.06424235118969071	0.08598973077662656	0.20211548408560912	0.12230164879033449
0.16611604802242333	0.12116493600679797	0.12940396059961262	0.14714171149926883	0.05814559687052201	0.07254925332200224	0.18832307069778226	0.11715542298159048
0.10220830670450459	0.12438531308024565	0.08279690766954273	0.17591425631722313	0.06751509363425874	0.08014315009634923	0.21307258225416262	0.1539643902437131
0.10188227224896126	0.08224967763681341	0.2121390302009485	0.1598873365771093	0.07489653966779006	0.07590665409752556	0.18048588823092038	0.11255260133993135
0.177558607310413	0.05916992741280032	0.09331285463369976	0.18255044946941043	0.06887798384351637	0.06561144772745842	0.21196947385721543	0.140949255745486
0.09292463895283362	0.09715432270384161	0.19718644649902373	0.14931321324784483	0.06837651162333494	0.07756425487455651	0.19201275404623064	0.1254678580523339
0.06753344382214146	0.13659058358148973	0.17444579123281512	0.14599332515808877	0.06031342288334682	0.07738489479783339	0.1825110346112185	0.155227503913066
0.1944866145669938	0.019836882036031858	0.16439003530132099	0.15501176370443048	0.06072105084496367	0.07961691259372618	0.2062252760499149	0.11971146490261791
0.1996234867813935	0.047358010603298806	0.06301084233875905	0.18246751965644625	0.0705512345990644	0.0803054842832589	0.2308773192607776	0.12580610247700127
0.2069134572107874	0.1201781670081738	0.06578918881827878	0.1376220801432567	0.05905813214196046	0.08700718485985731	0.19140190514532407	0.1320298846723612
0.11590557689552185	0.06820304150446632	0.17988717087163936	0.14443722746457197	0.06658553008374735	0.06791295418998647	0.20770547482912	0.14936302416094646
0.10902060993480431	0.08360871923432699	0.20243168230904962	0.13939365115901564	0.0622669964234429	0.07904287482490718	0.19346593679352997	0.13076952932092317
0.11806739525454682	0.12415225121680744	0.12534306257731134	0.16269111603944453	0.055232028244921	0.08364590045877081	0.2044805985711658	0.12638764763703203
0.23400368757938822	0.06464623200416146	0.06038214293595855	0.1569052254267814	0.05715852953645084	0.07274173516990515	0.20777398267646935	0.14638846467088482
0.12729964332661312	0.12637910808342354	0.10676347013510598	0.13838481640660905	0.05904507518206262	0.07550642100398422	0.2313373934652904	0.1352840723969109
0.25187410905684615	0.03408652045466905	0.09418586573828351	0.1467434642869607	0.06644196707883324	0.077201855099169	0.2142664629868513	0.11519975529838677
0.16465155917992236	0.04853196691796936	0.17524910909396796	0.13421309550106614	0.05856039959690565	0.0645401149755232	0.22935662666125117	0.12489712807339391
0.11100951287667861	0.11887116181921716	0.12227859802047586	0.1533711932238407	0.07323865286615061	0.07417724435239301	0.20016044681287948	0.14689319002836437
0.1270256768308177	0.10015352309883827	0.1744498175468641	0.13305297811332706	0.056991722131005965	0.08518525903514934	0.18357755887996013	0.13956346436403722
0.07811432151663131	0.13799690613619658	0.10544100154235325	0.15763988671081464	0.056135765063868664	0.0746261565277315	0.23826170635312044	0.15178425614928343
0.04740116457161696	0.12618599053990975	0.14589625999802724	0.1825438295484515	0.07598001148220498	0.0873724048957351	0.22044578094636846	0.11417455801768582
0.054305857391482304	0.09681720046719394	0.2438852255206366	0.14364871356216982	0.06384801372861475	0.0735780732294517	0.18983174612958825	0.1340851699708624
0.10172422755828535	0.05304348427440132	0.22092978702355276	0.15386846401194387	0.05330619089392054	0.08760241346623004	0.2106695896331408	0.11885584313852517
0.043532886212552344	0.029823903899095144	0.30471471778635256	0.14738626601114016	0.07517490863680454	0.0793700392225933	0.19292619171331923	0.12707108651814253
0.03600863598440632	0.03862871277464626	0.25112846434790803	0.1367647772653728	0.06746081784684292	0.08123553611749032	0.2399965576750681	0.14877649798826503
0.07522153912765779	0.12335812616109856	0.19391840330389065	0.13952374976770743	0.061070327727848595	0.07261344991943205	0.2118161641721153	0.12247823982024941
0.08926454496816326	0.042714987121689016	0.2124777944343414	0.14788817375203062	0.057506007444056956	0.07707499435044521	0.23198618150315758	0.14108731642611577
0.1651632315296932	0.04317781489131818	0.20366694288781373	0.13490895555719515	0.060287631484531215	0.08488662865340071	0.1888865571598244	0.11902223783622323
0.1442142096573849	0.08148082077385212	0.0886935874267719	0.18116252607122418	0.06626471755239846	0.08646711255483322	0.23523031306865605	0.11648671289487891
0.20620480918644868	0.023560679239087404	0.1316224931272613	0.16070116339809126	0.07196603226858814	0.06463673379228987	0.2044688630419941	0.13683922594623904
0.18952244646343785	0.07966486363263084	0.08495486541323874	0.17421879903925877	0.06261585871959485	0.08813264084508579	0.19872692543813525	0.12216360044861768
0.0812718892911638	0.10940418796536425	0.18770719205574188	0.17094879290132653	0.06506117965545469	0.06898866533701709	0.19463515819092672	0.12198293460300486
0.06144454102269227	0.11827200669911027	0.13267254495334788	0.17883943273064584	0.05474139503253546	0.08267137190320362	0.2332853703058133	0.13807333735265115
0.1406502042656062	0.06403163262351076	0.1748328515071525	0.14986004375989515	0.07321366884026807	0.06468924113841187	0.1993219415240858	0.13340041634106942
0.19926773739475934	0.033078374038116004	0.14191934702305675	0.15504763412388134	0.05628892697131875	0.0663815187116203	0.2317681827407378	0.11624827899650941
0.08205138144283083	0.10410072356927635	0.1165077970718656	0.16787396947313407	0.06988677550306222	0.07214198005974248	0.2382289880993784	0.14920838478070986
0.2822126557487863	0.027128701660143334	0.07504843393571609	0.16139134424617152	0.05786073345110343	0.06389689082603965	0.18889672490967277	0.1435645152223667
0.14409924749204153	0.06378440586415068	0.12651340726145802	0.17437761595994045	0.057226261956031435	0.07569679135848063	0.21900822198836062	0.1392940481195364
0.057285025333804473	0.058100159020298886	0.1869204062583943	0.1677689463131587	0.07556380602691465	0.08090049400705568	0.2385394299079791	0.13492173313239403
0.14642551636334367	0.14394811845354102	0.08783169163158626	0.1404799255004385	0.05324382693756356	0.07286691475806903	0.220931804410569	0.1342722019448887
0.14446567668833382	0.06594278224412428	0.15551328267690223	0.1606337904215278	0.07217734456968587	0.06460446634856142	0.2062740470382167	0.13038861001264765
0.10050852463204558	0.06553242440055701	0.16752025745695787	0.17240088223330396	0.06622569592463365	0.08788125314677814	0.2205861189659284	0.11934484323979525
0.25453817406910717	0.08205384274467417	0.061134390960798826	0.14191754928163108	0.053986741207392164	0.07876841318952306	0.2003974747305655	0.12720341381630773
0.14507903282506285	0.0955258839321405	0.1574943758517993	0.15686101862381882	0.05930686235694739	0.06936046802480719	0.18351598381643663	0.1328563745689871
0.11564550542162302	0.07214045595161844	0.16551778428372504	0.1712887535602474	0.0651376380268224	0.06804315261238006	0.2089324326437621	0.13329427749982128
0.10303199270573268	0.07119783114528752	0.22014115689477648	0.1804515145579566	0.05667748454103429	0.06578017635646857	0.18469601413829315	0.11802382966045052
0.13650629637865136	0.05407774932956419	0.1985437658220311	0.1306008965419172	0.061569555902637435	0.0839753759837589	0.21962034433082334	0.11510601571061625
0.18825464222800942	0.08123243150183337	0.12591885872359965	0.1491542801866535	0.07588685079841519	0.08849077491150675	0.17849628388470168	0.11256587776528021
0.19055987109466252	0.08638265208414209	0.10438500559056406	0.1636962904709225	0.05775403837389441	0.07011473547560512	0.2067979317712509	0.12030947513895818
0.08743247175885915	0.1114057435834511	0.16485951809774396	0.1373821617629212	0.05823790098128721	0.08497709500995637	0.23264564835210444	0.12305946045367636
0.15081362918957603	0.10821946017781947	0.09906681067920856	0.1413563222363833	0.07542482933867502	0.07472355569895282	0.19645103819661439	0.1539443544827702
0.24638848305355793	0.043228175811174496	0.06025393493484704	0.16058467295471957	0.06556831459295787	0.07466603127279918	0.21049037102395984	0.13882001635598384
0.2749548623574422	0.0336947058392804	0.06090432532503512	0.14638354277761953	0.07221632058942591	0.0814092739177795	0.17865858155919634	0.15177838763422072
0.08365578922021741	0.05454163515557732	0.26031347371966806	0.15548423860802105	0.05791211595100551	0.0846755717322291	0.19110711951064382	0.11231005610263754
0.1337612535350374	0.05616362380782568	0.18026539466200237	0.155856973118148	0.07362031467315358	0.06867683243890457	0.17853726111134202	0.15311834665358615
0.16373123203828935	0.07915730524205167	0.1180287698275637	0.13276233181807182	0.07683469755873101	0.08398019986506966	0.19907095441181408	0.14643450923840848
0.1964756932557216	0.08323931882406135	0.06419416144228046	0.1607251687952848	0.07636526068174446	0.07129824527348136	0.2259754458156944	0.12172670591173136
0.31547684966020056	0.027225822983107134	0.06230257114274737	0.15608006890078535	0.06716604186564866	0.07913894948665712	0.1795700149211658	0.11303968103968781
0.1652776627040687	0.09054949784621383	0.1411261571444067	0.1420552485488026	0.0673296394082478	0.07326953353392107	0.20232777788645706	0.11806448292788194
0.13801258230327842	0.1362714304255588	0.08711774866387544	0.18151833102793166	0.054745231798542154	0.08024143399749004	0.20026554343368091	0.12182769834964233
0.20156450733547146	0.11332456920886773	0.06099561528113867	0.13872423822678678	0.06713972140205748	0.07244611114950672	0.2284190330755733	0.11738620432059763
0.09564035598485209	0.04875960683057309	0.2518398925105573	0.14330608166532446	0.0690501849308807	0.06791430606586825	0.2000125784084012	0.12347699360354268
0.09277159532047195	0.1435612040907624	0.08727823578454066	0.16430591480502568	0.06961171905006255	0.07480815017423592	0.24043186722068882	0.12723131355421174
0.2646457617975117	0.02279162578815097	0.0890882678332705	0.16394985493861897	0.06311875998455577	0.07920570949942213	0.18069348647538278	0.13650653368308693
0.09632403127066823	0.14415625638324306	0.14096078025537875	0.1550782302253344	0.06133959731855253	0.0777943625241114	0.18802637683134193	0.13632036519136945
0.04112056222096527	0.09875953455352793	0.1971662934239901	0.1694599648478464	0.07585959848806842	0.07699335427827576	0.19161556415868575	0.14902512802864012
0.03356248234279094	0.02465242055579843	0.2839933237062005	0.14849269656828915	0.060568780442071354	0.07286494134516042	0.2320866486086386	0.14377870643105042
0.10644155091050189	0.09853070469949099	0.1657111688967654	0.15548013659444013	0.062133409921859756	0.0845180849662855	0.19818030914594836	0.12900463486470776
0.03518666392134656	0.025409873537699024	0.282393541772856	0.16396486283163503	0.0668079349036518	0.07078661071524149	0.20972459648608327	0.14572591583148653
0.16620601981752645	0.08605930344577563	0.12157690227487657	0.1616894256402875	0.07062089178219885	0.0814937741951119	0.18578434353744505	0.12656933930677783
0.08201366170396764	0.11480748598476248	0.16518774277738868	0.1787711588618805	0.05553960472855858	0.08279727185979929	0.19561540201283228	0.12526767207081033
0.11931677266071523	0.12833883759350606	0.12311197663652396	0.1381502619113739	0.07307599211833185	0.07435076755374906	0.19305774981681495	0.15059764170898476
0.26297109925414436	0.04545086550617945	0.06843519502759207	0.13679796007805833	0.062151265781273446	0.08238690976181055	0.1974365645021544	0.14437014008878707
0.08479064765993569	0.11310938685808969	0.1753992556425399	0.14477312691791186	0.06538495802547745	0.07926892172931456	0.21615955938466747	0.1211141437820632
0.0525903536424497	0.07558938255293926	0.15903023754078355	0.17411375378620927	0.06380519148603303	0.08911875481510198	0.23814007736097292	0.14761224881551005
0.026367416188695175	0.13375714844128916	0.18803120637058607	0.15113550037944307	0.07133419488806128	0.07291653974637219	0.22353851273988867	0.13291948124566422
0.247742731605182	0.03088143307090066	0.08953341576321933	0.1370594304415078	0.07524235021732237	0.08421183365847737	0.1838305799891915	0.15149822525419873
0.17927439732121964	0.12038439384670184	0.08768798606660244	0.1528528925337289	0.05704710914832832	0.07540700569330247	0.1860815928416794	0.14126462254843675
0.10806131588008104	0.02899893193705448	0.1749036282513319	0.16418123410309649	0.06300141302653398	0.08241607097540044	0.22464718596699118	0.1537902198595103
0.07989156345084679	0.04019628189643312	0.27176238416309767	0.15617387845743638	0.06451843764784607	0.08783108895844204	0.1812804481953342	0.11834591723056356
0.11284901026872342	0.09232299771453589	0.1078798501922793	0.16302142315063636	0.07205519708717653	0.07141126707266243	0.24389478532113254	0.13656546919285334
0.24543595477621932	0.04592366084969694	0.09655274994486869	0.13347043920314178	0.06166993411623166	0.07869610738984252	0.19548408463306674	0.1427670690869321
0.07971400498627183	0.05995971919475784	0.17723389011690044	0.16165666619933494	0.07252225186567231	0.08307358675811262	0.2403479791398893	0.12549190173906047
0.07138572855706665	0.024857720727700178	0.2106981129401868	0.1592877359212984	0.07596016666136234	0.08645575443636896	0.21654072256439072	0.15481405819162575
0.06226031073667537	0.05088810763178281	0.24748781428703154	0.17392556875472726	0.06581450392552587	0.0736906358714231	0.20411280731159023	0.1218202514812437
0.04956743441929137	0.12236117415750794	0.14270491073234912	0.18093083230032672	0.06089048916544264	0.0776609677014499	0.22366337479796133	0.1422208167256708
0.08139153352081344	0.08072425479694001	0.1776189295889881	0.15893409631314115	0.07473881942759106	0.0891444321894231	0.195044389042425	0.14240354512067796
0.08673370408240769	0.09668443529384697	0.18436451252377437	0.17933699768930803	0.05880034367243499	0.07289405532316669	0.1872783448244486	0.13390760659061243
0.056946308191035244	0.022112509206926145	0.2573362860100352	0.1558307879439817	0.05753686114224428	0.06982632368932026	0.2431558754804423	0.13725504833601462
0.031004287279247852	0.024564227041477982	0.306317085942586	0.14649741184306625	0.0632208553634492	0.06592792671170827	0.24034439856104406	0.1221238072574202
0.02741755741983974	0.13856296260203674	0.2112855050014058	0.14950677523594344	0.06218094327443889	0.07359124369364016	0.19483206232906408	0.14262295044363094
0.18124354416780314	0.052524921182164216	0.16593919277973102	0.1368262893248039	0.056126958243471706	0.0670098651679831	0.19262149517814303	0.14770773395589962
0.15428610373620924	0.09126003581548014	0.12431907667212883	0.1353922932969921	0.07091741163486434	0.0735879834164837	0.21789508842812286	0.13234200699971857
0.1955037810531463	0.08987080431140268	0.08052202541737133	0.15458426727957864	0.06658046215275712	0.08453821689895111	0.20547665178367835	0.12292379110311419
0.11675742164929699	0.10321633833681985	0.1701062671672715	0.15759468821219422	0.06947248212565778	0.08374019561692356	0.18567412462730018	0.11343848226453565
0.09920985903074203	0.0688892017336857	0.2187046527219203	0.1647073166263779	0.05356532475538299	0.07926360746844116	0.19600078445882624	0.11965925320462345
0.13660435120223652	0.1083671942839809	0.14068647928164377	0.13844694872231506	0.06034876285146648	0.08199658512180676	0.21396344955701235	0.11958622897953793
0.22858534315943108	0.04847359146470248	0.1322697074402971	0.15311126379532372	0.05349627542502855	0.07404124070404484	0.18720530432301727	0.12281727368815468
0.20508133478118384	0.041267048161841346	0.07351987350565647	0.17522207505274856	0.07331614536130673	0.06497979640884709	0.21407235978436998	0.1525413669440457
0.06927346232977824	0.08246283687562539	0.24911567549156352	0.1377419035374084	0.05700307795488051	0.06951586623642009	0.18832777511248336	0.14655940246184032
0.05961227253850235	0.033798480472704076	0.28364321199777054	0.14922770110784617	0.060506841586818405	0.07273674131756519	0.19359093421246726	0.14688381676632584
0.07605421438414733	0.062352600894228796	0.24795690588949898	0.15252085656037873	0.06344648902320976	0.08507054533279287	0.19922321387724284	0.11337517403850052
0.08011118923188247	0.0694965836977873	0.2198900681797898	0.13114903209247805	0.06547625460014411	0.08290128520209883	0.2244585848726593	0.12651700212315994
0.1312717596620295	0.022755309523370543	0.22226035429891744	0.1709868888956724	0.05578068603325785	0.08195822677900212	0.17912799062113566	0.13585878418661423
0.03385155699676018	0.10896094661451189	0.1775239561047473	0.17006291859435327	0.0663630518048484	0.08773623929914859	0.2382592833763769	0.11724204720925333
0.21886010686042462	0.03516606783579179	0.10982403109229912	0.13997055249384663	0.0651219349657168	0.06822185785264319	0.24127457513619763	0.12156087376307997
0.12372122277862298	0.0540867157794189	0.15016208130582537	0.17718478187707654	0.059590067463892574	0.0880488857139797	0.20415557319595545	0.14305067188522827
0.1505866074674522	0.04648616701996057	0.2464627848448634	0.132632313702226	0.06165940243224405	0.06659842016587678	0.18095158242275056	0.11462272194462621
