0.09763419003700075	0.13651213963178815	0.07594714486031164	0.04501583373487477	0.06840984159921815	0.13704930660931056	0.06389864040880786	0.025520101686591717	0.2535851823185117	0.09642761911358466
0.09503935606152321	0.21315966970187786	0.02113879928732887	0.0599408858790131	0.06643793014162906	0.17959434968420993	0.08372492377965289	0.03160661865136315	0.181708463691829	0.06764900312157289
0.05675453281528233	0.1651261364484185	0.06051515752723314	0.06666475650234889	0.07408022188659816	0.1410833236622241	0.06839509667595192	0.024909639670712497	0.2729161038599622	0.06955503095126829
0.0432632417916995	0.24439536222216696	0.07106533320766037	0.06729983845272827	0.06314736571226823	0.12623575049408717	0.06843582658503855	0.02142598250861809	0.23110419269137594	0.06362710633435692
0.04592061953224947	0.21481026961192656	0.020504048691929747	0.04565434336092139	0.06423581929885432	0.16391336665151995	0.07483523669255114	0.02516894184852471	0.2782207681726655	0.0667365861388572
0.06690542121207718	0.06526095024795181	0.1298823111285924	0.06339538343631274	0.08711158905546526	0.17659731343934415	0.05519180536460629	0.03446751431967755	0.24496838355278933	0.07621932824318325
0.10711847204345167	0.16833835466977365	0.14368180656082646	0.030860376095774786	0.06891723107684965	0.1178818331365393	0.06996639962558697	0.027269058293729387	0.1940851695574326	0.07188129894003545
0.12024548566275257	0.10301665062297831	0.11065773335499252	0.043697760812859254	0.061558338007751436	0.16408585890770322	0.06589845923437823	0.025868923886187875	0.2087524240243826	0.09621836548601392
0.05899553533875515	0.08867969768581763	0.13057418218716957	0.04747855965386448	0.09227878013526816	0.16679837410974688	0.04939277070997669	0.01637678448334362	0.2736387047245336	0.0757866109715242
0.14485227298754422	0.050424592299708935	0.048062151735066214	0.06105139193350568	0.08071895210927191	0.16764213671545397	0.06472635642248112	0.03200332484561565	0.28364334403846636	0.06687547691288585
0.07905369735737808	0.11684322965637724	0.10699201195655164	0.035719341962499096	0.06352739903223747	0.18145450255669415	0.05776192329177098	0.027476950948667533	0.26694347869352897	0.0642274645442948
0.12270102184493305	0.16150342998613013	0.08866088496342209	0.03363612219396632	0.06955473061026506	0.13362379145911477	0.05681217892666252	0.03562419762763894	0.2078732629744156	0.09001037941345148
0.11856659262172017	0.16839784518575293	0.049822117926174435	0.04091854147875943	0.08988774317944451	0.14678886633155452	0.049855232241646584	0.02458501493712774	0.23865220319461777	0.07252584290320183
0.10740863106755158	0.17989382740956553	0.07858562284807905	0.05220393352031278	0.09085549525104664	0.1486101394238393	0.07392728501289647	0.025250272676095933	0.17506651006445378	0.06819828272615884
0.025979980587269122	0.28055826393465755	0.06974537768239683	0.0315311057997969	0.06756491305187856	0.1560787619538029	0.07144557381690142	0.02118518277942462	0.19596607327110788	0.07994476712276422
0.20620146414624257	0.118292420095516	0.08041316388859485	0.06468006644200489	0.06105139921637751	0.13918806612299242	0.06362523007177658	0.016876076313409427	0.18462546937980057	0.06504664432328505
0.10105010775990732	0.15166819008769833	0.07481292611052151	0.043107934716457616	0.06407279862454322	0.18071125311623892	0.05599417921890624	0.02143048040033073	0.2299537987331305	0.07719833123226558
0.10573529441304129	0.06300945485692819	0.07815306841923249	0.06647388249392638	0.088492123389587	0.18010855004025286	0.06961383467765368	0.03311889650462574	0.22120868371845936	0.09408621148629297
0.25679947058158603	0.019891068135642953	0.02989204494889447	0.06018081602198139	0.08182893922712862	0.17521302685538842	0.05512927325854288	0.020570907034527963	0.22622604948395791	0.07426840445234914
0.1196078071266815	0.1792830803648771	0.031630903171866925	0.04349965690387683	0.07224757383175912	0.1457540209460828	0.08543247392449202	0.02373010438902584	0.2127087190117425	0.08610566032959525
0.07938635561277328	0.1869763741843537	0.06194493889248013	0.03405692391809231	0.0733330766048072	0.1437698017703926	0.056392165255503356	0.021205305980089573	0.25685920760146025	0.08607585018004753
0.041829148555776005	0.1188214700067389	0.08684439902949864	0.053838501539836325	0.06760138031327019	0.14449726942949873	0.07605457030845486	0.02677212387705248	0.2949322129663279	0.08880892397354599
0.055146282409898516	0.07039464485144747	0.07181345947575929	0.0509642334677253	0.08427661927493996	0.17916148701661957	0.07436855416020585	0.03643046336938453	0.29249985628376896	0.08494439969025058
0.23023410889811746	0.026686439391183217	0.04190975268333833	0.059700723009579085	0.08059097662722416	0.15949238107051936	0.07411898582316856	0.025028220596553172	0.20864665981574892	0.09359175208456755
0.22968302802879448	0.024484566717416043	0.0455943149015976	0.04965600557792621	0.08504980278612825	0.16974818802662506	0.0605411930656254	0.01900461509618097	0.2451477384285457	0.07109054737116002
0.2135501542745696	0.0721762564289289	0.01367155624752188	0.04967759045213477	0.0836779399831996	0.11658983789935075	0.0736083504365949	0.032432823625962406	0.24569343334882238	0.09892205730291465
0.028947137857416746	0.19723223860115066	0.11606569413915804	0.0633230186731705	0.06391813611507735	0.1407088296241281	0.07161782402399733	0.030871540975554473	0.21913001947629196	0.06818556051405482
0.10476324218236327	0.06196891308863018	0.10303646316408747	0.03475656024617857	0.08644418572802638	0.1331322696775524	0.08466551352195084	0.03458909544393303	0.27516196816047206	0.08148178878680573
0.2650054444553362	0.060548802963526036	0.05848402169081911	0.038424977026861734	0.06151365909855283	0.13497889966764343	0.07924248485684988	0.02247067651404938	0.18499263557492454	0.09433839815143669
0.19405036770616862	0.12215487142997061	0.08752428285262909	0.03381733498714255	0.06080562782311896	0.1514865669288368	0.054996268857367955	0.030059499893539968	0.19046345391381853	0.07464172560740673
0.09729034943591461	0.08225810277376056	0.04046595316048136	0.059256156610314005	0.0808236326157817	0.16491432027972192	0.08758249306006904	0.03148942897320932	0.2886906155715325	0.0672289475192149
0.03574750506255309	0.1855094878027918	0.07907589651247326	0.055251140137295	0.06978329789812027	0.16382979339472642	0.08465921427860681	0.021821576095896397	0.2049999594064285	0.09932212941110842
0.13098804945290213	0.16452415812143747	0.04911624525666146	0.05059582249927247	0.09015024647245323	0.1362345721535273	0.08373246080953572	0.01916998853439908	0.195370780870035	0.08011767582977604
0.11665771737957267	0.13470725959226587	0.0263609904291921	0.045086749051786494	0.0739739226145989	0.1489491484557996	0.053576715470515276	0.03245962048487687	0.26599927367615483	0.10222860284523734
0.13149084985074436	0.1274248473792651	0.12555248001153216	0.04203189393332057	0.0893538709476333	0.12896930130553105	0.07382019303913229	0.024737067710841776	0.1726362167802225	0.08398327904177683
0.21755399494265543	0.08103870376510537	0.08540388495926451	0.056668936561622606	0.07317973659403687	0.11894750745030996	0.06539267172644009	0.02220667083328086	0.17669122453519567	0.10291666863208843
0.17300149152596822	0.08030589291353546	0.06298617154867192	0.04450861925677659	0.07694929480553271	0.11805112589859676	0.06907041099638533	0.016531670758725872	0.257479860636359	0.10111546165944803
0.12346749381761271	0.12098868007941999	0.09298973621270723	0.05153201559947217	0.08799180613721712	0.12759990878048408	0.06830784911065339	0.025758109151829495	0.21718420932263743	0.08418019178796632
0.15072367367081474	0.10288221219955354	0.14719143832503803	0.03443166424046713	0.07662426228314231	0.12495848434698129	0.08767982684908115	0.02485485510911961	0.17810664366882323	0.07254693930697888
0.12676381068553677	0.028778698228225416	0.12278031955027377	0.06386583600087192	0.08558258680437492	0.15646247976818048	0.07279042315025867	0.028990420970686062	0.23178276956475902	0.0822026552768329
0.14367604842343173	0.23130413618875267	0.02891322933649744	0.04168073952020618	0.07088886353729133	0.12726294056033172	0.0655508183842623	0.031169189200610972	0.19089267176579067	0.06866136308282489
0.2876737958453593	0.07931542333196126	0.024139504526100253	0.06253723526640623	0.07075857777155314	0.1286294359671693	0.05496965579492455	0.027852292020419514	0.16860717167959027	0.09551690779651593
0.20725108267807507	0.03051914354851419	0.05877264416681335	0.05950140699671575	0.07936321354006416	0.1652905921651193	0.06073504649162862	0.026048924972598655	0.22745181554593846	0.08506612989453223
0.14400034658856825	0.07826735106816442	0.06655280453157861	0.058637336071322654	0.06642050541180353	0.12773771801547007	0.05592361974371761	0.02085035593678118	0.28392807713876617	0.09768188549382739
0.19906614039232728	0.13635662538537865	0.07709594004006373	0.04401370346739582	0.06442628021935738	0.11846832487949399	0.07829867737936982	0.022120224407446723	0.1906540315162868	0.06950005231287967
0.09473574046862936	0.14482436846764757	0.14374433457205363	0.04356516826940909	0.0648457714592922	0.1384897786193835	0.07118036692305693	0.031168426788869788	0.1979162179464215	0.06952982648523638
0.060151256047905076	0.19057774815136003	0.1362621846721733	0.04909242654007609	0.05855808788654756	0.14683829324453232	0.06004639250486014	0.034344875943362566	0.18028864321852878	0.08384009179065412
0.09784627803135085	0.15110837352236078	0.09145444567903348	0.05314642590279002	0.08620396901672492	0.12930236330192715	0.07462925609416249	0.03432901330217296	0.21005163595702342	0.07192823919245386
0.06885880954192716	0.23500954742914415	0.07471814529254876	0.05040647675342555	0.07235766857349483	0.13265018500089684	0.08134490640050993	0.036109092337513846	0.1778584529686052	0.07068671570193372
0.17096568965374814	0.16632251979832435	0.01515534137959526	0.06408112704911995	0.06641416242983214	0.14760316284230682	0.07067578761489596	0.0227300516417102	0.19571980606081515	0.08033235152965192
0.05143053522248686	0.10658463705348986	0.08123293504565568	0.04927426752825938	0.09283075509893418	0.1426236223117909	0.07975895933948182	0.024908850760434725	0.2796271419231956	0.091728295716271
0.09482746202580937	0.2196139485807217	0.058713576205967045	0.04619965321029714	0.0643446747420248	0.11914810600075562	0.06200801696161833	0.033489974977336634	0.19882847956670702	0.10282610772876229
0.03440995525373845	0.1615439539135892	0.08302494854658878	0.05190559579729948	0.06105259461072278	0.15212415904267879	0.07592713174474475	0.026665497636469984	0.2644825162580425	0.08886364719612531
0.2316009631484583	0.10067904896110316	0.04267700040308757	0.03369407350151396	0.08249033771819046	0.13300690602570314	0.054213251564016796	0.029893194906013998	0.22658810508084304	0.06515711869106934
0.13003105345359958	0.14822058707479407	0.07969050263009483	0.030908635812737312	0.08169518434645483	0.1857974182787544	0.0517431336166853	0.018693047292731538	0.17007018146578046	0.10315025602836758
0.22109727287836173	0.06597744581063938	0.05450145941084538	0.0401782333395724	0.060805713243047656	0.1633825868493366	0.07113055245532691	0.020679668108329413	0.22633132318213517	0.07591574472240514
0.1737192114334189	0.10919328561757469	0.07532800595564357	0.03424050756675215	0.07563178067022118	0.11534062141195797	0.08637284774706987	0.03070183644203134	0.20340054545126182	0.09607135770406838
0.11142148778643368	0.23550295021527579	0.04349486007802394	0.0645923648633775	0.06287954676738576	0.1334254247179244	0.06033060284464905	0.028166951522887354	0.18544558715899317	0.07474022404504928
0.1032687430656801	0.1917381938175013	0.03216291135417072	0.05942053479666739	0.09064793939782735	0.14492062432874075	0.08248071804911494	0.029519371842190417	0.18916639406598557	0.07667456928212137
0.12837761959857805	0.06531915596048693	0.07016468464914914	0.03682236234283254	0.08849488680867586	0.16866355253117243	0.08770105527966238	0.01935713342733747	0.23559730674921042	0.09950224265289467
0.1029961397000701	0.14612634474554545	0.06688543540217778	0.04393365407892918	0.08762197201631575	0.1547208151006421	0.07131604225894231	0.020000221935949275	0.20883771915316468	0.09756165560826327
0.14479752226030396	0.07381898002223697	0.10009741032453887	0.049850675372369875	0.06247698309146619	0.1465285525966988	0.08691070212881344	0.03180634661857272	0.2180078568053925	0.08570497077960657
0.09168193152415786	0.09834721178900056	0.10486463292425516	0.05682176733036285	0.08290734785274323	0.12792883080413933	0.08234202430461397	0.033451368552181546	0.23488540101259542	0.08676948390595005
0.19761882030620131	0.06713238927597247	0.05104547488122166	0.04099567244261844	0.06883685352682552	0.1512786802077128	0.08726243318566813	0.03373385605550361	0.23275066813612033	0.06934515198215564
0.08007479405422623	0.12745894765884125	0.1173850231538859	0.04374715814008985	0.06160313649887546	0.15659844973666742	0.06956727839192792	0.024242073894794408	0.22297816548133692	0.09634497298935463
0.06274009109944796	0.13378411071817392	0.09801579685147442	0.06080169593430814	0.07506200805849454	0.12412392562324859	0.061232231762003646	0.021750039811248248	0.27271141638038826	0.0897786837612123
0.20585071419078493	0.054181792483144836	0.08567054858125867	0.032870218066631304	0.08296684932219517	0.15065465459700983	0.05643277204515564	0.03457424080399954	0.22665825001494522	0.07013995989487473
0.27559059624048343	0.04790729952816233	0.0282202444768761	0.06675742819002811	0.08542877904876459	0.15788225038418727	0.052060257761967814	0.02921540197531218	0.19173046247860562	0.06520727991561223
0.22572579100733747	0.030518645545034334	0.12558047302044648	0.04031127838485212	0.07945292646142438	0.12724175564383366	0.07149323953053999	0.01844393599676787	0.21185357492076762	0.06937837948899592
0.09091690945929472	0.16833585024124004	0.09639336513804214	0.05137496010882373	0.07137105715994982	0.13488700025134606	0.058983639199743795	0.033725716921047796	0.19995351422462077	0.09405798729589111
0.20453319018202615	0.045348572705727265	0.02498389570866273	0.0328061150178508	0.07334381113950814	0.18289855592008508	0.05525902158729578	0.017190111859771415	0.28348346676681296	0.08015325911225947
0.07926205916479902	0.07595734133293604	0.09143199706082861	0.06453811792204714	0.08843024451861858	0.15354291614332605	0.05350465442377695	0.03249865054274177	0.2598771494532626	0.10095686943766316
0.06339561679599978	0.2055569043166906	0.01653801465651994	0.06713964827604192	0.06186625202092351	0.16695003262726632	0.06762227991453347	0.024312674780599966	0.2446971843550269	0.08192139225639755
0.08394728667466625	0.19703173105064314	0.08457020857797796	0.04335736413779105	0.09343376157505	0.13650445810129147	0.0676495780108042	0.032155058672507536	0.19384845377127585	0.06750209942799253
0.19356309665066274	0.08328516976737099	0.03602916760077972	0.04390060344899921	0.06614337285705603	0.16567755980999155	0.05360157687614653	0.019421256817241536	0.2620937598647973	0.0762844363069542
0.07559853440715869	0.22274263606549333	0.026543483434452425	0.04176497174243695	0.0643261474279265	0.18471492886492374	0.05988138163155945	0.028643383484205018	0.20116566221090712	0.09461887073093675
0.14193476499134144	0.19694192524308635	0.047649356803442414	0.059355813908607565	0.05912497763206613	0.12053192556537089	0.05919526381372963	0.028102982884799454	0.19741027819435059	0.08975271096320549
0.14532024667407623	0.2089336532719841	0.015196549757043154	0.03557996771995728	0.06593833780372113	0.14654402885953768	0.054315198413038515	0.026477894152213466	0.23775076007662532	0.06394336327180308
0.1101924580357081	0.11470167933990845	0.08282989941988261	0.03099068133887556	0.058529823905225514	0.14793222770795195	0.055997417484420636	0.03603969340619413	0.2820227726583534	0.08076334670347961
0.21716733067869531	0.08282913386079731	0.06181896464342278	0.059524636569112874	0.061711892029925504	0.13468271562253414	0.08054248702114486	0.01798567195351651	0.21464054532883226	0.06909662229201818
0.24484544726398177	0.03255942659571606	0.032657187664552514	0.03987277518593365	0.09269415464734629	0.15495694984294858	0.05973062268383587	0.016839398626529944	0.25234171744235145	0.07350232004680374
0.2680671045523739	0.035440939093376755	0.014554492940807864	0.037645745230309696	0.06857671967972118	0.17604324640187535	0.07672109482816536	0.023905551907506498	0.20422503544589965	0.09482006991996345
0.14331754138714803	0.07647834649676094	0.06481063330075665	0.06185353454741606	0.0817778402742016	0.14940376826794766	0.06476744957654484	0.02137249359896906	0.24270897905228744	0.0935094134979676
0.15887467453940357	0.08343257399070934	0.05088323439977944	0.03580233870871456	0.09029019267745504	0.18232313802884909	0.0714847583534529	0.028799995581905616	0.23031029463275848	0.06779879908697184
0.052566676606777295	0.021501074443289442	0.13832916751513397	0.04929874229169808	0.08898647579816521	0.17815300440197707	0.08321496176921495	0.018248118926916787	0.2692869706086159	0.10041480763821138
0.14007738980509132	0.10073229963010233	0.03073538017176454	0.04047642087138603	0.07823470892450891	0.1456766407173965	0.07815507239119092	0.019341922523470154	0.29610977906021624	0.07046038590487297
0.17071651873046056	0.14175853091780383	0.06903455545567408	0.0355360204567048	0.05982264568279172	0.12866696974651493	0.066371626290394	0.02905452997354309	0.21876082537001804	0.08027777737609486
0.12103903956518833	0.026473936524981256	0.13059966098296266	0.060128115271667705	0.06856765607463566	0.17047699556007562	0.0753267834653537	0.026282897641297126	0.23985111676274995	0.08125379815108794
0.04232373423572031	0.22393651248358643	0.03425180385033477	0.05807162804871473	0.0758759491301993	0.12728035977856939	0.05509330579427356	0.02745870385810492	0.28483932346607527	0.07086867935442134
0.10503955821933315	0.21084554632939734	0.045181521978303156	0.045364403517827466	0.08455526737377457	0.12770505489652667	0.07797682591197497	0.03217187607248147	0.16857195613212628	0.10258798956825484
0.055222461182980576	0.13293938347420503	0.04078076739509008	0.052406193377428884	0.08862057716635191	0.1684317864638492	0.05241935164525454	0.0353247039144156	0.2776807391071295	0.0961740362732947
0.229827947365431	0.05637294588045722	0.01494597312411905	0.061595996773703025	0.08582026346129255	0.1540474198949477	0.05954595351722991	0.023786127819680272	0.23246412998782862	0.08159324217531048
0.1455764212771216	0.13526944082509437	0.020325698548945836	0.033175314244136	0.0866142331770943	0.15973253992102968	0.05447614068786313	0.03348939949588742	0.2305870415865658	0.10075377023626178
0.02684001586538738	0.12786643436063452	0.12949192872500204	0.06485253292652329	0.07651631158251039	0.17663393459554189	0.06669043459125079	0.034251122088983094	0.21989414053770062	0.07696314472646601
0.08222008950657617	0.16606338861438938	0.01955847187925841	0.06409348167701921	0.06875470795361735	0.15503308374870678	0.054968952385957566	0.030333353313439754	0.26316636401019267	0.09580810691084267
0.04562230889600814	0.039428990879221644	0.06840344061823778	0.06770475089630984	0.0714399506581721	0.18489732316130703	0.08753486973373352	0.034828382705978975	0.29856644070297433	0.10157354174805663
0.07414813899135284	0.17316848920059788	0.07278399836670937	0.060039650631646964	0.09039623949649844	0.11720733250404583	0.06861765270818138	0.030156017944707875	0.23179917333738076	0.08168330681887861
0.17811372184365148	0.022522849691320873	0.13849798780248565	0.06653828818865135	0.05905296300513589	0.1716996424593611	0.06953147074379971	0.01731282714240133	0.19333235793050962	0.08339789119268282
0.03102923456209608	0.14394722249903885	0.07533786417541101	0.05962988237693642	0.09221040664646855	0.17891380876870955	0.04926825121657287	0.02822817143251466	0.24737318790861917	0.09406197041363284
0.2108842870701348	0.12065470814712012	0.026222324200974173	0.05870108669295544	0.08962352307856093	0.12039544365914805	0.07852142816164129	0.024018943808119975	0.1721720280124271	0.09880622716891796
0.08399875083482511	0.18375090123510018	0.06091519952934569	0.03676185285625867	0.07837513835180276	0.14402113006189313	0.04930478194277866	0.03284785377752891	0.23615506240671563	0.09386932900375125
0.05325612195529394	0.1561281744073369	0.020718161255507475	0.05154389431010728	0.0747997312942712	0.1717047488193381	0.08008723332399993	0.03260652134859576	0.2834879348662295	0.07566747841931998
0.06773112033943346	0.0930679710171843	0.1447393916036847	0.033209036389797955	0.07597035172765843	0.18178279995198438	0.08071337685928526	0.019844135258024698	0.21653629228304108	0.08640552456990577
0.2818804722702788	0.02436366503215312	0.014671750472562708	0.05135842473981189	0.0763732812397758	0.1721844238499889	0.08332185300233241	0.02433131396272059	0.1754689676031791	0.09604584782719654
0.12362394497546897	0.10559442413307732	0.08442301438025818	0.06290902834454803	0.06672625905294678	0.16533334392260474	0.07794215971811055	0.02386003404772341	0.21050088752080753	0.07908690390445441
0.25585198644912976	0.06697493728792991	0.04190567277974518	0.05510839013410212	0.07322178774775352	0.13211007589776882	0.07403036318478635	0.028159642991482242	0.17582913274784612	0.0968080107794557
0.16830978320628237	0.07856664443501031	0.027336233910632585	0.03552055105587158	0.08820170528091978	0.17945959769976783	0.06766784876066673	0.027060758218740655	0.23579978817163877	0.09207708926046923
0.08496822196048137	0.14574164170752843	0.11607574768410986	0.0672360940787328	0.08078458967381881	0.14725995637533923	0.07050634420905173	0.028764453799845713	0.182795405808571	0.07586754470252101
0.044688593904337964	0.18377658777986297	0.09521637557275996	0.0466074061036355	0.09079791856458985	0.12026804962671556	0.05732913845237555	0.02734194615663882	0.2690358789483042	0.06493810489077963
0.07430635269029723	0.1354118394956209	0.06606445081256686	0.03701446203426123	0.0610056227133499	0.16472728912299284	0.08542172956206279	0.025415189458567716	0.2824314201966593	0.06820164391362123
0.04794111363674647	0.2530095236817161	0.08876785890659587	0.03326527717562702	0.07307863191338479	0.14707973122331208	0.08016492112526638	0.03410284381699498	0.17272262895658613	0.06986746956377028
0.06880130213621224	0.21501250994658494	0.040679945872042295	0.06701459081131272	0.08244585060262591	0.16660955855531695	0.07349443217148877	0.03375327494750224	0.18567207319762435	0.06651646175928952
0.057211508978918524	0.1566938846328194	0.08377493066362535	0.053240542672010525	0.08729299559898862	0.1563361884948199	0.04903628791469548	0.0222876667044956	0.24126266214886316	0.09286333219076338
0.08633787527521364	0.19978904528706534	0.06063727242841217	0.036222622740098534	0.07479823545102107	0.15935928198939428	0.06278468295441716	0.022869237034102555	0.2247834208326851	0.07241832600759016
0.13605573406885887	0.05980811939897545	0.09020669505164962	0.05408404747462652	0.07807081784683609	0.16434371115517296	0.04967812897330115	0.028626628162658235	0.2712702807394101	0.06785583712851084
0.039197172229336254	0.17212121945050946	0.07996990651515282	0.042048778114505	0.0840201279767335	0.14126732034948516	0.05871409207203979	0.03513234658412709	0.2834994193469707	0.06402961736114024
0.1321308369193207	0.10904653651669939	0.10309802760299093	0.04489556571624309	0.05844798520655364	0.15501613708910195	0.06391062444096057	0.0249959796248949	0.20885313994838872	0.099605166934846
0.0705298399719437	0.177192183060166	0.124893083745221	0.052737057657873454	0.06380106236703367	0.14017207423581604	0.07726936277776401	0.03131186151437218	0.18703163032369355	0.07506184434611635
0.02613601460330381	0.14451789395889011	0.13473423566659992	0.053338896945374734	0.07857853532468596	0.138618355196236	0.060476633317744215	0.03578328399626991	0.2504537446909559	0.07736240629993948
0.16124960598182353	0.09541119202808135	0.06897625616302244	0.06464844223137346	0.09146223491516316	0.13864111261722206	0.07311177900534374	0.022583014297538367	0.18439588558840952	0.09952047717202227
0.21870068440991347	0.07377885256830519	0.12318136202871502	0.06511611815332174	0.06384155356156293	0.14044976256283642	0.04946470974841433	0.022479436042755874	0.16747942472146504	0.07550809620270985
0.07036239743712493	0.10537732823842398	0.10689101567073678	0.05786331495193611	0.08497444814596185	0.14105899194710447	0.08593478153265653	0.021902671287491432	0.24481115245432833	0.08082389833423556
0.15461316864234712	0.04906401838316013	0.10789456988832898	0.067614523906944	0.07838428105674625	0.1771169417745399	0.07550017550053117	0.019216018369070914	0.17344940631772426	0.09714689616060715
0.12978327788156221	0.11743780882648804	0.05158141733780362	0.0661547354558114	0.07491604968453845	0.12090114246110877	0.05325052746786085	0.02578428521183393	0.27139412859738926	0.08879662707560337
0.11886997183111231	0.1744227336341987	0.013775365125786365	0.04375554836462246	0.08643367456658477	0.16213537766463404	0.07339679397327616	0.024099468316306105	0.23754078785282634	0.06557027867065271
0.14029838829703756	0.16783627815641394	0.0181566392498691	0.0572310845631657	0.06563258317047332	0.15473158656468408	0.05619910979383348	0.03440339184808543	0.23414856760090197	0.07136237075553528
0.12427267304111256	0.14143056848759678	0.08484836897088976	0.06705722060529842	0.0802756643582257	0.12713553746695877	0.07581388301940037	0.031229464203073917	0.1746755978709299	0.0932610219765137
0.06801480648778946	0.27024973966095517	0.025862453036116964	0.035065149383377556	0.0824512394379418	0.16285178322022076	0.05502210941185117	0.01760009922964463	0.18548540110711056	0.0973972190249919
0.048169674849029245	0.2455915827630939	0.052722592501495476	0.03307700784278675	0.05917788087685202	0.1296719516043257	0.08656790879593489	0.03241206484854492	0.24132244488345478	0.07128689103448224
0.16999776526545834	0.06912817103900086	0.10583768561805589	0.0672727865348997	0.07801473805119036	0.13680750927436647	0.07219561999476697	0.026446420873413784	0.18395722015518928	0.09034208319365815
0.0773651662589705	0.018459652676509952	0.13252176661633014	0.0568542045807046	0.07858152477706618	0.12457108066334663	0.08605867393755169	0.031293916441017075	0.2966963032815824	0.09759771076692081
0.11913098686136249	0.0594813009415987	0.09504031400275961	0.06214299542508096	0.06837112454469349	0.11761526053056862	0.08690422859800115	0.03574996865929661	0.2534393243613078	0.10212449607533047
0.15909698325338584	0.10981655781081186	0.10790061652910508	0.047327951084758284	0.06699103305574632	0.14360283511406413	0.06591185225429078	0.028620329656518298	0.1819740778072863	0.088757763434033
0.21995911068800406	0.054771927312604544	0.06462075506491499	0.0637754656508576	0.06897520633545624	0.164273587099145	0.05393705657286415	0.017366096733338443	0.22447463258219696	0.06784616196061785
0.20519978715905837	0.06071541621486607	0.01727273516919174	0.04398578329243743	0.08980053809927051	0.13266932612982804	0.07342821088800575	0.032493645571393684	0.24923775854967617	0.09519679892627209
0.12993129400043937	0.09862732664103568	0.06489361654155143	0.05572725891355636	0.0758035830674902	0.1849126247723868	0.055737218397849245	0.02615356285692476	0.213420856408472	0.09479265840029404
0.033622600077146916	0.1257049746810877	0.06380258435237357	0.04906180706704543	0.06937831517468072	0.1827433335697396	0.07681805708311401	0.023759996528962282	0.29290737625033164	0.08220095521551814
0.2232058740767235	0.03683799465742496	0.14691342662048537	0.036681631655937005	0.07200971408682923	0.15209298832432938	0.054015963578632586	0.0201391308676116	0.19061435217294848	0.06748892395907767
0.1013651013267904	0.08450795499756378	0.1037203952987078	0.04453391227498698	0.08911271211403637	0.1749211620608155	0.05452321649328654	0.034937512836881165	0.22094747514992982	0.09143055744700156
0.17285591421610536	0.0919037117923303	0.05998093152628894	0.03695715785546426	0.060653544603153906	0.15443977408349105	0.07882094074145223	0.027255332887642286	0.250582712495517	0.06654997979855454
0.23851025396965314	0.073473933094684	0.03065975157541226	0.04320801972722169	0.09281395651930838	0.1795743079541285	0.06423613355538703	0.017808413315801463	0.1918675647971761	0.0678476654912273
0.1554721733109253	0.11097547091850082	0.032794171277885975	0.04981523681933591	0.07668512123321404	0.18042693123961123	0.080657552560397	0.035039222423657604	0.21456994341297983	0.06356417680349219
0.044962129899886	0.14218252362622694	0.10931224319554837	0.05159753203366522	0.06584183214384873	0.12279836473486223	0.07782002941961055	0.025149069561145	0.27970265119785315	0.08063362418735384
0.027531985487920088	0.15812707161380868	0.10986553929958329	0.05076403251543612	0.08330971238297438	0.1822886685445475	0.05580718462821792	0.030040584032619486	0.21177954814614208	0.09048567334875049
0.02572065997317699	0.204347603049113	0.1198332504767837	0.030337489553576208	0.08480398255733453	0.14497427721833012	0.0629982793835119	0.02597083482611226	0.2280990810260451	0.07291454193601621
0.08561713717209915	0.16199522873107636	0.09363565319370644	0.05441765748600443	0.08817785057671114	0.17756035123723862	0.055851272939939973	0.021345623057933194	0.18308489641151537	0.07831432919377528
0.060070225073739915	0.05654375095307495	0.11212528936977723	0.05447799875372123	0.06858971606494887	0.18012429729385707	0.08297937122619131	0.03440971439431252	0.27287000339693723	0.07780963347343965
0.1647686775794725	0.10627058443715805	0.031158865703692182	0.039194298046282716	0.07242180215625384	0.13372870744118243	0.07145996706779348	0.017172297473900505	0.278866904139838	0.08495789595442621
0.20057639923669046	0.05744591726834832	0.03723936149113438	0.06023619760778994	0.09068831497985853	0.16892437454853404	0.07567794431422775	0.027236518002578466	0.2054753929647293	0.07649957958610866
0.2549152476221725	0.03458462440634209	0.01481959463221083	0.034187051246786324	0.06132711210063365	0.1846904802069906	0.07837516882386052	0.03593813419081515	0.2039307392397612	0.09723184753042688
0.07071190260058419	0.19153889624231973	0.138936285380562	0.042114517159162486	0.06284962986067028	0.11683660226542207	0.0834113733221487	0.02702298479841264	0.17670549306861905	0.08987231530209883
0.11708544333171741	0.10646810997087611	0.11204555628449504	0.05060950766846967	0.0874061487762862	0.1637399612852195	0.05709432605485375	0.025245406244130617	0.20719950988960784	0.0731060304943438
0.10799584337574024	0.1415968873198999	0.02296726732927898	0.06649037055083107	0.0923269177333878	0.13587249032852952	0.07796711986106206	0.03063192740789339	0.2361376703373364	0.08801350575604057
0.054403952362647175	0.27974975429527726	0.04735719772604965	0.03575610734028786	0.062161604223392466	0.12722711877920612	0.07048907163919246	0.02049590658751055	0.22196605499013622	0.08039323205630028
0.13365112781090843	0.11299993473560885	0.12414136919036808	0.034674161795738845	0.07123247530589462	0.1190755909299338	0.08137063404687724	0.025739424543745754	0.21317821431031797	0.08393706733060632
0.17334254337098598	0.10800856391809849	0.02971460535543187	0.04597916966784074	0.05939144553167689	0.12083442950714052	0.06436461733783355	0.03225030792157528	0.27122692625210637	0.09488739113731019
0.05029951670252979	0.23897080543979426	0.04576906457909322	0.031933349785339044	0.07633794376284658	0.1650693549014558	0.055443033681100075	0.026127948982778273	0.24594450611835877	0.0641044760467041
0.1274471241796592	0.18267116997815186	0.03759636090277823	0.03337695783402844	0.08604065392986386	0.16227311380791398	0.054593447002774645	0.032329760407995276	0.2122270069338796	0.07144440502295488
0.21736225608716608	0.10221933529084568	0.045810191758482326	0.06467690429347797	0.06715063060241605	0.13000245843940403	0.05119758525739109	0.016463188049924846	0.23084642079851264	0.07427102942237915
0.027766226366923857	0.22555618719921278	0.026197485789996852	0.04310818759255328	0.08052606623832896	0.16940256515674712	0.05860796460529554	0.026048797156444717	0.27913866912537777	0.06364785076911914
0.10560202610991762	0.14871400864108528	0.07637761266099913	0.05296165964341902	0.07274764675650117	0.13030468546777615	0.058434066199787665	0.033725658890988136	0.22140632286002648	0.09972631276949928
0.22374425142200405	0.11164331416330649	0.048992135851012884	0.043522987792716704	0.06948452646166653	0.1684419853621128	0.06151230030465771	0.025052365331227774	0.17629591633946573	0.07131021697182918
0.046928069000647804	0.2417493167660565	0.03891555781634117	0.0581627058279684	0.05848611342451642	0.15522576906038069	0.059643318478289346	0.0197391335240389	0.2378738378254358	0.08327617827632501
0.12860242533657607	0.07930039001340602	0.07651539078613763	0.051103089802902735	0.08879980419001333	0.13217432135998913	0.06080469679626344	0.03484803873955325	0.2666940559258302	0.0811577870493281
0.16037246384358314	0.1355088428509994	0.12660192060713577	0.03536277764021846	0.09352315922919238	0.11760208716807144	0.07585153930610411	0.017197734453843053	0.16800583296191798	0.06997364193893416
0.14360438866338243	0.08725211731870129	0.05975793325086816	0.04508882409650643	0.06516264836020474	0.15147114746678342	0.05811651889911408	0.02093502674509054	0.29510385839719433	0.07350753680215444
0.09594746651625492	0.13916869698762263	0.019133180597200428	0.05860276876797108	0.06569668927588691	0.17883326720417564	0.07998951448180532	0.03414022886075346	0.22916932791463895	0.09931885939369058
0.22649987746785993	0.07021257682496956	0.059215099143941546	0.05595647290053299	0.06817777343339679	0.1808687189421237	0.0575757298252861	0.030994159256697823	0.1673196025726159	0.08317998963257545
0.29995919747886524	0.027557140023231744	0.01535100575879235	0.037153971549562556	0.08250102934783637	0.1307905727969519	0.07475088345252218	0.02817670803905363	0.20839703361781886	0.09536245793536502
0.06820129508753797	0.13071418130041582	0.07609846815423979	0.06460287179432093	0.07655181621127581	0.14044715269332847	0.0838492254986155	0.018162297060338187	0.2491151664428395	0.09225752575708801
0.2043043738608795	0.06439190767666078	0.023418016003448144	0.06725615160311713	0.06657082999329633	0.14378485542418862	0.04918645120702884	0.03129285164833116	0.25301282062309777	0.0967817419599515
0.032632184164671146	0.14863055358069163	0.08426566859703213	0.057325483785575955	0.07664429845113041	0.16172315620908168	0.06530148540600092	0.02825443481207271	0.2602421475109608	0.08498058748278263
0.18180320810042283	0.14805830593851785	0.022208691850723827	0.06353430913804665	0.06131686397260307	0.14135774849654886	0.07104307118930742	0.023216318569291433	0.2108521645074487	0.07660931823708922
0.26777450150704835	0.0246815374400515	0.07594916556427447	0.03098888696841992	0.07902169022711908	0.12032600738497254	0.05179646987408998	0.024718691929526818	0.2543999708097719	0.07034307829472516
0.2527046296910498	0.07894959064314569	0.03193798623005599	0.030299350037007955	0.07440768236383985	0.1305425965828159	0.049150586734024046	0.02484501649578487	0.23822411955584843	0.08893844166642735
0.211899080862126	0.057347868092926704	0.027535535887846088	0.04315475497956562	0.06133966734009437	0.18472372611689958	0.0771942547108204	0.02542722316817332	0.2181673693893879	0.0932105194521599
0.23239728127489123	0.0681387474339167	0.05678754459276792	0.03093764994203696	0.07986953845348713	0.16101424164200903	0.06850968844601352	0.03589286830493864	0.17344996013888458	0.09300247977105403
0.05162075506412596	0.23031601108533256	0.07659670195651423	0.0656780395706715	0.0638435908598731	0.11873319876896127	0.07447255223703975	0.02520130451387889	0.22716211543583392	0.06637573050776882
0.13835275624874654	0.13485747355287148	0.1183182342151897	0.03214729952556669	0.08678766101725492	0.13104445100393047	0.06647873101423175	0.022369040167683776	0.1947140383118529	0.07493031494267169
0.19300318710064834	0.06523547959847445	0.041988194306940944	0.0348185176913003	0.07530745684488069	0.13312283629032196	0.05907191383628133	0.03038229818926573	0.27163617721404126	0.09543393892784488
0.2246171000676993	0.049406354877000985	0.055730112102959986	0.05151812535320231	0.0604217314737418	0.17173379495361374	0.07888953421341734	0.01849159370757962	0.1907349421128393	0.09845671113794534
0.17421857571929783	0.11049517103537604	0.10774481891018389	0.06505750444899136	0.07486900430110278	0.13063669793580254	0.05829604237511663	0.02095079986684907	0.1788362469017839	0.07889513850549573
0.1950622371734243	0.11249937276351846	0.04946410222700669	0.057671995472842394	0.07449554816592804	0.15095186509037112	0.06868462401255551	0.030571427513475774	0.18614330911062035	0.07445551847025715
0.21051733012167445	0.11128245044332277	0.015971366643188434	0.050808080792973484	0.08522252951831623	0.1311088361151726	0.06090304332094788	0.016926641901423872	0.22739230700671192	0.08986741413626813
0.08788938978430876	0.080326216787362	0.09386920301400568	0.06613965614265552	0.0738827003143804	0.17900517189961165	0.06798815505836844	0.020147379630752943	0.26592926848388065	0.06482285888467393
0.20340077045485788	0.05484763909727972	0.018267345230449664	0.055106442762917915	0.09238049977716263	0.1240786462728225	0.08108586960769416	0.031160972823671015	0.24805702378239614	0.09161479019074818
0.1835639667678865	0.031115424801318375	0.020694073385835704	0.06133588482017956	0.07136632078938338	0.16260813596732246	0.07038848500992613	0.033646668447825656	0.29481855589511025	0.0704624841152118
0.09358590822020839	0.1626224986386407	0.016460873621844965	0.06701170310567404	0.07876949604487735	0.1180947874006138	0.05637542027750245	0.028200383094409545	0.2961136884087865	0.08276524118744225
0.12852089517560486	0.16217399253852663	0.03782157307070652	0.05393641448527283	0.090534126438171	0.1604490035458921	0.07268270869919083	0.023987503117404524	0.17724597189869906	0.09264781103053159
0.17705468660917711	0.03461111415608907	0.11499220137025751	0.057144573885546494	0.08933320594153918	0.16131664410144497	0.0696055072707484	0.018060497752227303	0.19288436601890507	0.08499720289406472
0.18409477298242025	0.030982437604162097	0.049522178863360425	0.06551471181942767	0.05955888993011056	0.17363033461286467	0.07170001106145649	0.024937757608749403	0.2523789630522028	0.08767994246524545
0.1566824944170579	0.06411341125259473	0.036911553523663654	0.04580917678247403	0.06345032018406863	0.17763194428037746	0.08421244799263217	0.03571303654655732	0.25353651335787564	0.08193910166269833
0.11560862273161182	0.1599540048321786	0.08949308151578302	0.030304266310382064	0.06447229655548883	0.1579855582051506	0.07101799188572464	0.02691408283300742	0.20145114054116234	0.08279895458951067
0.0614441339179945	0.1372780599272103	0.050202439105685816	0.06315305340123151	0.08856820922125641	0.15828589947952887	0.060736865040205625	0.021331457779085364	0.2571479971454386	0.10185188498236294
0.08749281234844375	0.13277054982434183	0.028093504086531787	0.06347317062315572	0.06460211984531038	0.1695994024276064	0.07836719900176392	0.03608130121989839	0.2521295620249878	0.08739037859795994
0.09689719878406192	0.06189921918592354	0.07952763406340932	0.06197877685066296	0.06591698464491233	0.17743430733173535	0.08432623854476487	0.02134776056389158	0.2860456287574478	0.06462625127319033
0.05154102466703134	0.23376734551646494	0.10875253673215776	0.040229332798697844	0.0838261909682339	0.13119754789617144	0.05776397694909956	0.027639344324996276	0.16778328879305776	0.09749941135408925
0.16798857192722788	0.17274454447418613	0.065489536940643	0.032340656786345665	0.08060785952125946	0.12687804466233954	0.07043084091724822	0.026591920793709742	0.1786338221816982	0.07829420179534197
0.21710861394230724	0.0716223457769595	0.07293535025813372	0.035459385368221366	0.06921530706608973	0.1291651236982455	0.055413245931761286	0.021523665394596547	0.2334765516284687	0.09408041093521624
0.09601369066137061	0.18411171160991735	0.06642330204525027	0.04649655636582364	0.06896751664603504	0.16699168181188956	0.058901014222137955	0.026592615182554916	0.20044530307574276	0.08505660837927784
