0.1903271174941552	0.2784959192875502	0.5311769632182948
0.19005103393941614	0.2591689252806265	0.5507800407799575
0.17664360766887424	0.24651716366891163	0.5768392286622142
0.18569374209100722	0.24024575895169642	0.5740604989572964
0.18228446129570314	0.25888997092442745	0.5588255677798696
0.17694106598675377	0.2817067519333718	0.5413521820798746
0.19174409017882624	0.2476009642596569	0.560654945561517
0.1859650335890764	0.27530382301161066	0.538731143399313
0.1774134459806118	0.28540668175966016	0.5371798722597282
0.18712957104372535	0.2391442174180935	0.5737262115381813
0.1923146485068436	0.2570647093797561	0.5506206421134004
0.18453433904040253	0.22850884297321766	0.5869568179863799
0.18110517751155628	0.26444356684028075	0.5544512556481631
0.18909476599213176	0.24721495515606295	0.5636902788518054
0.1955800087284944	0.2720002518293507	0.5324197394421549
0.18985950859043035	0.25081854584652996	0.5593219455630398
0.18024344911462742	0.28785311139266173	0.531903439492711
0.18101689353075298	0.27701771470427694	0.5419653917649702
0.1890823035820724	0.2796628736576908	0.5312548227602369
0.1928450582601828	0.25937557290485097	0.5477793688349664
0.19554057589595814	0.23530508111617346	0.5691543429878685
0.19125838460951167	0.2365899325529736	0.5721516828375148
0.19569137484813576	0.25779291359220313	0.5465157115596613
0.19610548496052438	0.2340555408483747	0.569838974191101
0.19553733834122528	0.22542757368492838	0.5790350879738464
0.19625222775054446	0.24997721684438665	0.553770555405069
0.176510303073402	0.2817738285347231	0.541715868391875
0.19473096187483022	0.2317761521280946	0.5734928859970753
0.17724028255768026	0.27001847990574745	0.5527412375365724
0.1854541517365744	0.2671176816247889	0.5474281666386368
0.19601094553632767	0.22558631455020212	0.5784027399134704
0.18420469766787576	0.25382745243616744	0.5619678498959569
0.19589495015663574	0.25469802315541673	0.5494070266879476
0.19367263682938934	0.24284549439471376	0.563481868775897
0.18324768662905602	0.26602243896828004	0.5507298744026641
0.18009679893638447	0.23928781683597916	0.5806153842276365
0.19341960060443733	0.22476120368046693	0.5818191957150959
0.19614639282275564	0.26327995218471817	0.5405736549925263
0.19357502864830084	0.2623417034266567	0.5440832679250426
0.18892382635986588	0.24269941748105392	0.5683767561590803
0.17687198062958662	0.2782606323493183	0.5448673870210952
0.18954240095989275	0.2427733657554278	0.5676842332846795
0.18186424742528726	0.263900568235998	0.5542351843387149
0.18559511892163058	0.26946650827476365	0.5449383728036059
0.19337971799381304	0.26514026067353125	0.5414800213326558
0.19612266169473383	0.2524162148214513	0.5514611234838149
0.1819317853698159	0.2723126504372675	0.5457555641929168
0.18805588783270236	0.2772122724541546	0.5347318397131432
0.18117933071107023	0.2785329167027047	0.5402877525862252
0.18135536863219087	0.24073519940487717	0.5779094319629321
0.19579050689949312	0.25106459585525276	0.5531448972452543
0.18734127674727716	0.270214938163291	0.5424437850894319
0.1932659662446023	0.22892347654596001	0.5778105572094379
0.18296536761489313	0.23281896506795055	0.5842156673171565
0.19038590661815724	0.25224088818612067	0.5573732051957222
0.19462109940798447	0.23993187268078092	0.5654470279112347
0.18535238649388458	0.23860795370056942	0.5760396598055462
0.18185959556931372	0.27855332985273834	0.5395870745779481
0.1855677381729926	0.27880422492954116	0.5356280368974664
0.195167882348799	0.23229094605489678	0.5725411715963044
0.18795201151989943	0.2643286435191117	0.547719344960989
0.1932318446624302	0.22750764367456755	0.5792605116630024
0.1959988369183262	0.21601035687664472	0.5879908062050292
0.18760504221242355	0.25317856765064156	0.559216390136935
0.1807244449163218	0.2761235560850199	0.5431519989986584
0.1902279888837314	0.26801083462008396	0.5417611764961847
0.18775366581293176	0.22976732700063993	0.5824790071864284
0.1893800374591213	0.2305307405366032	0.5800892220042756
0.18612583197619376	0.23045164887906167	0.5834225191447446
0.19230516212499116	0.22268680105449992	0.5850080368205091
0.1810222690349319	0.2581290462356808	0.5608486847293874
0.19019978667796109	0.2265348402779952	0.5832653730440438
0.18539747329750614	0.22916677283044457	0.5854357538720494
0.17656602373256908	0.2567337089567177	0.5667002673107133
0.18064115293173227	0.2510070840801174	0.5683517629881505
0.17713793550705012	0.23365562116338376	0.5892064433295663
0.19439053784536608	0.24059982464231974	0.5650096375123143
0.18751173822671188	0.2739148471863307	0.5385734145869575
0.1912641601963268	0.23797242394418794	0.5707634158594854
0.18827987063999896	0.23946072190646706	0.5722594074535341
0.18570872314992193	0.2542772637846399	0.5600140130654383
0.1919353720186487	0.252312701144881	0.5557519268364703
0.18839796945921494	0.26938039595403235	0.5422216345867529
0.17761865229016183	0.28089509979295346	0.5414862479168848
0.18035805459067158	0.23553236387783366	0.584109581531495
0.19477032678596845	0.25076854353379674	0.554461129680235
0.18578530596795878	0.24898088034130494	0.5652338136907364
0.17673544806891503	0.2897054175760888	0.5335591343549962
0.19314044502539723	0.23632799117735304	0.5705315637972499
0.18535373790004855	0.2546218628080542	0.5600243992918974
0.1917307527555546	0.2479398229587556	0.5603294242856899
0.18210359515906516	0.2672171340961556	0.5506792707447794
0.1825331044090764	0.2558714199987845	0.5615954755921392
0.19523194544009675	0.2539552552486038	0.5508127993112996
0.1947189789110796	0.2523911165978836	0.5528899044910369
0.19423534164383463	0.22163017576801813	0.5841344825881474
0.18282849877363466	0.2406355617453666	0.5765359394809988
0.19312613206090568	0.2538555881672526	0.5530182797718418
0.19294073130041955	0.22349229011586558	0.583566978583715
0.18449711758202908	0.2673070871141715	0.5481957953037995
0.19476641298505365	0.2435192960392898	0.5617142909756567
0.19270116577729185	0.27120329948943467	0.5360955347332736
0.18385657066773822	0.26420925212275365	0.5519341772095082
0.17657879746267122	0.25734714596239266	0.5660740565749363
0.1816365593134487	0.25533408486029346	0.563029355826258
0.19355708239352723	0.22714495330192014	0.5792979643045527
0.18634290649703006	0.2334408242798017	0.5802162692231684
0.19399619975112842	0.21588253352917244	0.5901212667196993
0.19571317824840867	0.22374745168192223	0.5805393700696693
0.18252057692932622	0.2609177612560375	0.5565616618146365
0.1933306045091428	0.23856592068298307	0.5681034748078743
0.18341578613645124	0.2687786973030447	0.5478055165605041
0.1794334283618972	0.26906219688919536	0.5515043747489076
0.18490717157879952	0.28038395698633706	0.5347088714348636
0.18835146935388455	0.237044593168392	0.5746039374777235
0.19505603091119342	0.2506697859387218	0.5542741831500849
0.19378420966098883	0.2632967232035647	0.5429190671354466
0.19377827591888333	0.23891135665821508	0.5673103674229016
0.1832084141660738	0.2814391242631011	0.5353524615708252
0.18453554546483233	0.24488762979322964	0.5705768247419382
0.18786908321374154	0.26720147514910664	0.544929441637152
0.19496888434569407	0.24854175862642836	0.5564893570278777
0.17989537505181719	0.27520233152291507	0.5449022934252679
0.1959680064756029	0.24473888505448943	0.5592931084699078
0.1818290885298486	0.2323002802486185	0.5858706312215329
0.18841554013602685	0.23023018276108015	0.5813542771028931
0.1817460710709757	0.25558376131012567	0.5626701676188988
0.18860055756743366	0.2466012147039828	0.5647982277285837
0.19095926798491988	0.24692415285117741	0.5621165791639029
0.18367728993248306	0.23159438337443855	0.5847283266930785
0.19593553686108287	0.2239012225426552	0.580163240596262
0.18123409392403322	0.25978631818291487	0.558979587893052
0.1841450312630181	0.2272950559924803	0.5885599127445018
0.18208453274016023	0.23081134685090487	0.587104120408935
0.19621175813167363	0.22934488545508824	0.5744433564132382
0.18517005674799752	0.24943929348915403	0.5653906497628486
0.1939299820331664	0.22833534780836334	0.5777346701584704
0.19384376603536213	0.2180305895679301	0.5881256443967079
0.1824405286173439	0.2619936382756556	0.5555658331070007
0.17985673857959877	0.26275612448959784	0.5573871369308036
0.18790922692723894	0.24140161473674593	0.5706891583360152
0.1911646378433043	0.23929444206368633	0.5695409200930095
0.18548912064535575	0.2502157663594606	0.5642951129951838
0.18116405690653253	0.28675907232128356	0.532076870772184
0.1826094527033605	0.2589381829972528	0.5584523642993868
0.17995625951602778	0.2392236961749299	0.5808200443090424
0.1920900500051479	0.22567339468288494	0.5822365553119673
0.1828725446278564	0.261495797168634	0.5556316582035097
0.18741736809003826	0.2301411207309889	0.5824415111789729
0.1885010661088433	0.23514207576422047	0.5763568581269364
0.18380269961330362	0.25167004592983927	0.5645272544568573
0.18009477926567452	0.26810737227828235	0.5517978484560432
0.18811643603349942	0.2575464540529661	0.5543371099135346
0.18070544214302123	0.288621735384584	0.5306728224723949
0.19017551752257653	0.2456174999508984	0.5642069825265252
0.1771551811338117	0.27304435297018714	0.5498004658960013
0.18625005867556554	0.25884267622692636	0.5549072650975082
0.19519087007715424	0.22067630360248208	0.5841328263203638
0.19382840129912118	0.26299842785990174	0.5431731708409772
0.19314586772105247	0.2734638035277102	0.5333903287512374
0.19402824849709444	0.2729582224359524	0.5330135290669533
0.18624003973364417	0.26056935667382486	0.553190603592531
0.1917582312948206	0.2686860865897328	0.5395556821154467
0.17989779663424413	0.271964799791828	0.5481374035739279
0.17756088714527585	0.27585210276542793	0.5465870100892963
0.18696927698324411	0.24230049627751787	0.5707302267392381
0.17916052072940591	0.2645706325669548	0.5562688467036394
0.1860845742461253	0.2242634082484467	0.5896520175054281
0.1931393645808186	0.24230514667894426	0.5645554887402373
0.1887730830926932	0.2509569581819033	0.5602699587254036
0.1853448706063918	0.2572812774512155	0.5573738519423929
0.19095552985502803	0.27566914884171134	0.5333753213032608
0.18099561950617876	0.26476782452664455	0.5542365559671768
0.1911455787765144	0.27136211457656195	0.5374923066469237
0.18634357866248125	0.2679922329928691	0.5456641883446498
0.1951184236039835	0.2441288051031653	0.5607527712928514
0.18810697285798597	0.22719478739166188	0.5846982397503523
0.18205733612585334	0.26942524907861354	0.5485174147955332
0.19492938565561435	0.2544017962864298	0.550668818057956
0.17994180170350993	0.2722257852917561	0.5478324130047341
0.17777276172660808	0.25048512676714957	0.5717421115062424
0.1831931916253302	0.26824811104952245	0.5485586973251475
0.1781320387422379	0.2368422061624763	0.5850257550952859
0.18347100717056078	0.24754912732755738	0.568979865501882
0.19618450799554887	0.2448072200744638	0.5590082719299875
0.19008584545235596	0.25720003463119123	0.5527141199164529
0.1888925900346779	0.23109056717065588	0.5800168427946664
0.1913608107196243	0.2514879639072102	0.5571512253731656
0.19308920105525562	0.21842764641611828	0.5884831525286263
0.194809807158216	0.2164735537876705	0.5887166390541136
0.18200899557361863	0.2363712855176912	0.5816197189086902
0.18506380341667936	0.27549449431962625	0.5394417022636946
0.17624343752440008	0.23764705892824792	0.5861095035473521
0.18659403986330922	0.2723933846204707	0.5410125755162202
0.18426508165055375	0.2415147181400053	0.5742202002094411
0.192945295956172	0.26863521746391467	0.5384194865799135
0.18783951757662332	0.23162020664971628	0.5805402757736605
0.19370018091599817	0.26523501838340063	0.5410648007006014
0.18628850210819192	0.2822144548110793	0.5314970430807289
0.18617651514432687	0.25625973842825445	0.5575637464274188
0.18549785499203233	0.265444156422103	0.5490579885858649
0.18972467251094555	0.2782351296119861	0.5320401978770685
0.18348355632490881	0.25318596952057393	0.5633304741545173
0.17923470501032288	0.2487238400409972	0.5720414549486801
0.18031404137013446	0.2525792291779113	0.5671067294519544
0.18091331362704732	0.2708148232854193	0.5482718630875335
0.1837785583461021	0.26155650851512946	0.5546649331387685
0.1961824566742365	0.23124098652230457	0.5725765568034591
0.19184454808930212	0.2608842826403335	0.5472711692703645
0.19212136010309808	0.27495903478103706	0.532919605115865
0.1852922140578018	0.2811656517829575	0.5335421341592408
0.17683140570231182	0.2755749676006054	0.5475936266970829
0.18623680879776922	0.2550294100316596	0.5587337811705714
0.19200878858065498	0.273669209756519	0.5343220016628262
0.18802538793924914	0.25530880351406293	0.556665808546688
0.18518709774535164	0.2668082812346655	0.5480046210199829
0.18203729870473576	0.2696065689935775	0.5483561323016869
0.17773437077936624	0.25635825438211557	0.5659073748385183
0.19551951234403298	0.22214265807391786	0.5823378295820493
0.18335557903559271	0.23745884501902928	0.5791855759453781
0.18018126827986145	0.2518939703684778	0.5679247613516608
0.1892570007452439	0.25555533302485584	0.5551876662299005
0.192590243909448	0.25292725384320425	0.5544825022473479
0.19468668606051004	0.2445142461389567	0.5607990678005333
0.1856352305059582	0.24650149367367785	0.5678632758203641
0.17715909155364504	0.2797566576618127	0.5430842507845424
0.19434775230089202	0.26598767311890514	0.5396645745802029
0.1797802325875138	0.23376889020605018	0.5864508772064361
0.18674769147655992	0.248563081862181	0.5646892266612591
0.18021678777548514	0.2622108095385992	0.5575724026859158
0.18540917670275633	0.23610824256093665	0.5784825807363071
0.18272805528525832	0.23878328989897693	0.5784886548157648
0.17972960584148243	0.23505273478966973	0.5852176593688481
0.17820098379615054	0.29098656038474574	0.5308124558191039
0.1786704160096158	0.2638722707844684	0.557457313205916
0.19370399742168276	0.2407512841905578	0.5655447183877595
0.19204552943041092	0.2765731078308534	0.5313813627387358
0.17660548780325025	0.28100150315315653	0.5423930090435933
0.18155672402801973	0.27736964455613056	0.5410736314158499
0.1886217043634548	0.2384373495051577	0.5729409461313877
0.19245971682228363	0.22747813616962817	0.5800621470080882
0.18916273708560036	0.2764869576172564	0.5343503052971434
0.1833775515794123	0.22913953563257006	0.5874829127880178
0.1940513177737306	0.25449113582680527	0.5514575463994642
0.1780497311409291	0.23268189534803538	0.5892683735110357
0.18910450182278396	0.2710177662151303	0.5398777319620858
0.18145454526183852	0.28170847390834375	0.5368369808298179
0.19528015398210047	0.22074996244595757	0.583969883571942
0.18158261806400056	0.23937968808431542	0.5790376938516841
0.18755277599250733	0.23961515369165998	0.5728320703158328
0.18951080806934617	0.27652452843742087	0.5339646634932331
0.18257539288447852	0.27634112980690856	0.5410834773086131
0.1950181971083041	0.2331498032961201	0.571831999595576
0.18538090669475843	0.2409411697872335	0.5736779235180082
0.1857922582931752	0.2621915439731465	0.5520161977336784
0.1953460327286773	0.23923873140222154	0.5654152358691014
0.17774782260253205	0.2330463154900217	0.5892058619074464
0.18760353765804094	0.245308444705501	0.5670880176364582
0.19116567097215548	0.26006853929567625	0.5487657897321684
0.18914063427241862	0.230025028873976	0.5808343368536055
0.18477457925426255	0.2819028788744826	0.5333225418712549
0.17709942107083887	0.26525881481378066	0.5576417641153806
0.19522806535276171	0.2548270310094197	0.5499449036378187
0.18230125056211266	0.27784100932721056	0.5398577401106769
0.1794195681668752	0.24923902591712854	0.5713414059159964
0.18100239253067715	0.2859716204542384	0.5330259870150846
0.18136866626709902	0.23671230362426837	0.5819190301086328
0.17936614888788277	0.2832807696384012	0.5373530814737162
0.17753173114644463	0.2795766390601231	0.5428916297934324
0.18971772588741864	0.27472340132851936	0.5355588727840621
0.1846013283556812	0.25237843185390885	0.56302023979041
0.18685485281453432	0.2671720246964644	0.5459731224890014
0.19150077893911466	0.2332281875125045	0.5752710335483809
0.19322158279005194	0.26341275921023466	0.5433656579997135
0.18271118899108105	0.28201529570581296	0.5352735153031061
0.19300098876476024	0.27120859309017686	0.535790418145063
0.19304705887410195	0.23537682350519193	0.5715761176207063
0.19616648913489082	0.26794252530808865	0.5358909855570206
0.17941018833610886	0.289798249317237	0.5307915623466543
0.18127391625127354	0.25865362123323243	0.5600724625154941
0.1957256981765489	0.22071128560510228	0.5835630162183489
0.18385704508770562	0.26995777293488843	0.5461851819774061
0.17937506204149667	0.2616402248289414	0.5589847131295621
0.19549064425048568	0.22895412786742328	0.5755552278820911
0.18638217542388053	0.22479610565945665	0.5888217189166629
0.18142854098567723	0.24030997599036558	0.5782614830239573
0.18793487363346498	0.25302402938613333	0.5590410969804018
0.18268319189100599	0.26299051884427793	0.5543262892647162
0.18516311435814442	0.2513820852668158	0.5634548003750398
0.18884342530828216	0.2713581869999815	0.5397983876917365
0.1783798942022016	0.2540001016113207	0.5676200041864778
0.18818321600180218	0.2707478020190384	0.5410689819791595
0.17907738522617495	0.25748074308122926	0.563441871692596
0.19172962944319447	0.23790279550960294	0.5703675750472027
0.19598647805194733	0.22473112482150723	0.5792823971265455
0.1960754103498954	0.26284014938982525	0.5410844402602795
0.19505446528760656	0.259765751290254	0.5451797834221396
0.17806321620231613	0.25502759955003085	0.5669091842476531
0.18832128156450306	0.25469906997650404	0.5569796484589931
0.1928682037982517	0.25064933942194756	0.5564824567798008
0.182749054585171	0.2828959600116361	0.534354985403193
0.17705923745141397	0.2374352939320745	0.5855054686165116
0.19496344904338675	0.2400828625218826	0.5649536884347308
0.18985348274995223	0.22273114654241746	0.5874153707076304
0.18622764312695111	0.24161926642120368	0.5721530904518453
0.1781272198543711	0.275559068434547	0.546313711711082
0.18281817735015526	0.28353964796536096	0.5336421746844839
0.17733610856267634	0.24379462262767748	0.5788692688096463
0.19266262077113513	0.24059214705336204	0.566745232175503
0.18661772138664295	0.2820113815532907	0.5313708970600665
0.19408414872809254	0.23283173066764568	0.5730841206042618
0.19234542393838733	0.2662946566569624	0.5413599194046503
0.18081477722666228	0.27736516131523187	0.541820061458106
0.18491790906591016	0.2790593893498252	0.5360227015842647
0.1947363928506975	0.2411196280504029	0.5641439790988997
0.18968811818096862	0.2233911784710069	0.5869207033480246
0.1942789484266368	0.22348126842709468	0.5822397831462687
0.18626149532248135	0.2527990140878048	0.5609394905897139
0.1807765174908554	0.24787285902794043	0.5713506234812042
0.1840265448762626	0.27872803163540105	0.5372454234883365
0.1911528480586624	0.23065101937533966	0.5781961325659981
0.19509975070356467	0.2733978688013726	0.5315023804950628
0.18831138199121897	0.25178567177567246	0.5599029462331087
0.18282488040798045	0.2576088914445589	0.5595662281474608
0.18753981560680066	0.2567046373413789	0.5557555470518205
0.19067620488391818	0.25152120533057676	0.5578025897855052
0.17766704787426346	0.2753368097160148	0.5469961424097218
0.19013253707651293	0.24146052567869675	0.5684069372447904
0.19622454686507165	0.22618361373075216	0.5775918394041764
0.19195320812658845	0.22004565794058484	0.5880011339328268
0.1938984000684142	0.25632512850421174	0.5497764714273742
0.1807042556625792	0.2485174288136048	0.5707783155238161
0.1785537767096622	0.25282815537656655	0.5686180679137713
0.17812824689179457	0.25832043455422904	0.5635513185539766
0.17644056416789375	0.28110342800264426	0.5424560078294621
0.18070277500356896	0.27804738160714043	0.5412498433892907
0.1777466024652225	0.2622865641768096	0.559966833357968
0.18257946403702133	0.2590324652057797	0.5583880707571991
0.19248376130939918	0.23149712226825112	0.5760191164223498
0.1818717168689496	0.23823261039259877	0.5798956727384518
0.1887779858833117	0.22108638603302092	0.5901356280836675
0.17898102915782851	0.24026370028744132	0.5807552705547303
0.1803394011684459	0.26014294190739007	0.5595176569241642
0.1825125578860628	0.26300022546275326	0.5544872166511841
0.1891316347448675	0.2712699485574418	0.5395984166976908
0.178385342699534	0.24766937579938342	0.5739452815010827
0.1877669199538014	0.26779762960650433	0.5444354504396944
0.18224431060835758	0.2380879419703102	0.5796677474213323
0.19418641739909867	0.24033596511697844	0.565477617483923
0.18793416617860287	0.2737292502036203	0.5383365836177769
0.1873852874757908	0.2660265443577763	0.5465881681664331
0.19175878861911083	0.24884712621751454	0.5593940851633747
0.182642905034959	0.2489712340919728	0.5683858608730683
0.18641074296203075	0.238220924009256	0.5753683330287134
0.18701358191431677	0.24050129603292422	0.5724851220527591
0.17882181828658	0.266928281492956	0.5542499002204642
0.18729703487733917	0.262259885270754	0.550443079851907
0.18513020960362553	0.22994523929854888	0.5849245510978257
0.17742084277881676	0.286635632309497	0.5359435249116864
0.18798465809815304	0.22857357396590894	0.5834417679359382
0.18361625842620422	0.23146253855349003	0.5849212030203059
0.18599862357642805	0.24717989361144577	0.5668214828121263
0.1856124271775216	0.22879885738439232	0.5855887154380862
0.18386473148356516	0.23780407819740246	0.5783311903190325
0.192300127825956	0.25057617763325873	0.5571236945407854
0.19017833860712507	0.2703110863933902	0.5395105749994848
0.19192685574716437	0.26687698197685983	0.5411961622759759
0.17796318955947021	0.2810517932319761	0.5409850172085537
0.19062446251911278	0.22113490201841002	0.5882406354624774
0.19260837764896097	0.2722786309319254	0.5351129914191137
0.18269671973187374	0.28530385900995286	0.5319994212581736
0.1872836405938272	0.27927118614667645	0.5334451732594965
0.1870717090237719	0.2734921580526757	0.5394361329235525
0.18847847177530458	0.2373652755317456	0.57415625269295
0.18620951601879662	0.24928749602466885	0.5645029879565346
0.19206857703923727	0.2201421130866886	0.5877893098740743
0.18694077064417622	0.22697320096252777	0.5860860283932962
0.18974258765741245	0.23459842448187584	0.5756589878607118
0.1939216441197723	0.24471973556076046	0.5613586203194674
0.17671061180124709	0.27826712355255623	0.5450222646461969
0.1787715177753136	0.2733741069073744	0.5478543753173122
0.19091261965688322	0.23675033785420757	0.5723370424889094
0.1885317750639386	0.22162500665646193	0.5898432182795996
0.1764464280197398	0.27003311162077004	0.5535204603594903
0.19212350494489366	0.2608559553255184	0.5470205397295881
0.18768424758519214	0.27008819368926557	0.5422275587255424
0.18829881054082742	0.2358043890100743	0.5758968004490984
0.19341960476101838	0.22133640783763533	0.5852439874013464
0.19334872644738144	0.2571164776569024	0.5495347958957163
0.18995163212032604	0.2533634141170815	0.5566849537625925
0.18506102892604046	0.24590054224304603	0.5690384288309136
0.1916193311145732	0.2635552514239985	0.5448254174614284
0.19467845561814948	0.27449453797869716	0.5308270064031535
0.18545548553675129	0.2576057318018204	0.5569387826614285
0.19409061170185538	0.2735639628103027	0.532345425487842
0.1869220339605507	0.2573205639774245	0.555757402062025
0.1821911739974896	0.24917402668725952	0.568634799315251
0.18763946710498983	0.2345690099045365	0.5777915229904738
0.19608468830104991	0.2622005379121158	0.5417147737868344
0.18053685021853552	0.2293398549972045	0.5901232947842601
0.18942688752055623	0.23001364373769706	0.5805594687417468
0.19332377631551298	0.255079820666364	0.5515964030181231
0.18157857815826306	0.24093241340341123	0.5774890084383258
0.18946905595497188	0.2491711357676163	0.5613598082774119
0.19343663663509664	0.22437899005848438	0.5821843733064191
0.18814411116904498	0.25562273175672073	0.5562331570742344
0.1961353863834856	0.2600072050178327	0.5438574085986818
0.18060064695020073	0.28033774823424984	0.5390616048155495
0.19407867166098194	0.2322295771858203	0.5736917511531978
0.19417496286445113	0.22182512246699396	0.583999914668555
0.1926788139851555	0.2508309366123544	0.5564902494024901
0.18489651171742622	0.26534441040770174	0.5497590778748721
0.18595805584560482	0.2249815860137836	0.5890603581406116
0.17711535450652474	0.28078662568465673	0.5420980198088187
0.18145555363700386	0.24663052624713525	0.571913920115861
0.18520920308499886	0.2445848870998731	0.5702059098151282
0.1868120679901558	0.25399135931966477	0.5591965726901795
0.19051485353272796	0.23829105209891252	0.5711940943683597
0.18941234670313858	0.22781621308074512	0.5827714402161164
0.17872038118408595	0.23538948316331532	0.5858901356525988
0.18157898570478795	0.23741935234542894	0.5810016619497832
0.19193608029263548	0.2323297480332497	0.575734171674115
0.19123359382714264	0.2283133422877032	0.5804530638851543
0.1922211630477798	0.24627223721637484	0.5615065997358455
0.19443617541691935	0.2656513972705264	0.5399124273125544
0.19023582041149611	0.26846776673690914	0.5412964128515949
0.1914689976015302	0.23810479911466564	0.5704262032838043
0.17925898706484772	0.23172020134975496	0.5890208115853974
0.19234894935110258	0.23254070745373168	0.5751103431951659
0.1880413253834884	0.23907543777591217	0.5728832368405996
0.17654365228326308	0.23480545532887187	0.5886508923878652
0.19191902691062276	0.22630098739228122	0.5817799856970961
0.18440683410462066	0.24480764379218492	0.5707855221031946
0.1853105103266674	0.2700024567777654	0.5446870328955673
0.19301032773758484	0.26953903526672385	0.5374506369956914
0.1881307414002955	0.22738651914021638	0.5844827394594883
0.19596902539721467	0.2525145172235796	0.5515164573792058
0.19042236905198273	0.23365646429304807	0.5759211666549693
0.19387667462185948	0.22286893475668573	0.5832543906214549
0.17659792291688522	0.26795942275358464	0.5554426543295302
0.19581554681058394	0.2381417622406284	0.5660426909487877
0.18424945589608763	0.23077493526762097	0.5849756088362915
0.17855443311968883	0.23554330191467782	0.5859022649656335
0.19181614277810569	0.2467611174625838	0.5614227397593106
0.1843443682158005	0.2432504716321225	0.5724051601520772
0.18723693583446696	0.22791849785660614	0.584844566308927
0.18045402987829073	0.2294498910485786	0.5900960790731308
0.19216370868133129	0.22010851774194196	0.5877277735767269
0.19275464446793986	0.2286526648316253	0.578592690700435
0.18003312216396006	0.2841080312791965	0.5358588465568436
0.1954236155756812	0.25126806066053464	0.5533083237637844
0.18016583188095	0.26968389678514565	0.5501502713339045
0.19331774901464882	0.2271312064992168	0.5795510444861345
0.18045233009938927	0.28152602695154394	0.538021642949067
0.18588692938914608	0.264674918328512	0.549438152282342
0.17674246560371712	0.28172836452549777	0.5415291698707853
0.1823193548682841	0.23005424713710515	0.5876263979946108
0.17939617239388747	0.2500028129492754	0.5706010146568372
0.191526311839062	0.22535689673334153	0.5831167914275966
0.19391293818914862	0.25260330971705447	0.553483752093797
0.17873636414896987	0.29013045672710724	0.531133179123923
0.18817392151054374	0.2640628180864738	0.5477632604029826
0.18169166819326504	0.2664751781094284	0.5518331536973067
0.18927755436844135	0.2231835055589526	0.5875389400726061
0.1797320958723316	0.24118309134838933	0.5790848127792791
0.19566585398625086	0.2674650405648171	0.5368691054489322
0.18792623963865282	0.267449178429878	0.5446245819314693
0.19568957368025877	0.25397319401203705	0.5503372323077043
0.19556114389651397	0.2596510350698607	0.5447878210336254
0.19524970065121675	0.24540822947702534	0.559342069871758
0.1961036572729953	0.21468775845665033	0.5892085842703545
0.18165787414036658	0.23929001698925145	0.5790521088703822
0.18180771792773698	0.23736203176362033	0.5808302503086428
0.1888722777011176	0.26458762805089103	0.5465400942479914
0.18201408796396001	0.26856221112967743	0.5494237009063627
0.1941566575251993	0.23689856116583946	0.5689447813089613
0.19426632794980206	0.2192729488205011	0.586460723229697
0.19178898611182207	0.2340601916622057	0.5741508222259724
0.17855146086943324	0.2440715227271578	0.5773770164034091
0.195380512829196	0.2485547197916429	0.5560647673791612
0.19594415665918558	0.22371385215719458	0.58034199118362
0.18813090701348512	0.23516434243191084	0.5767047505546041
0.17665234360826199	0.23907067226624232	0.5842769841254958
0.1832480866339986	0.25255805045184315	0.5641938629141583
0.1910423084503077	0.26398219059938666	0.5449755009503058
0.18241362897601865	0.26299300170310935	0.5545933693208721
0.19525459206767556	0.26606228622416983	0.5386831217081547
0.18552298274134246	0.23839678569845163	0.576080231560206
0.1921442629711935	0.2428704413900785	0.5649852956387281
0.17990982229235594	0.2542951700971793	0.5657950076104649
0.18623421378870894	0.24769787266460325	0.566067913546688
0.18770811592308287	0.2585825352411707	0.5537093488357465
0.18963990750244913	0.2685607762759552	0.5417993162215957
0.17839194645466555	0.23524891904853962	0.5863591344967949
0.17939815282696214	0.2438527084480458	0.5767491387249921
0.1902622657388162	0.2768917138241139	0.53284602043707
0.18091222682926753	0.2782766499243964	0.5408111232463362
0.19541120460326072	0.22786573311580904	0.5767230622809304
0.17706525890044658	0.26224329925094414	0.5606914418486094
0.18385880843770808	0.2461624905422466	0.5699787010200454
0.17828656772450668	0.23805529353739613	0.5836581387380974
0.18309592259964264	0.27156739085998216	0.5453366865403753
0.18228810459350747	0.2788989544007919	0.5388129410057008
0.19560308956263792	0.25609396075320445	0.5483029496841577
0.18745388651385855	0.28161738332179054	0.530928730164351
0.1873550158295816	0.24958597890345843	0.5630590052669601
0.18472404331859582	0.2531323905409692	0.562143566140435
0.19238218145467306	0.2766210078168121	0.5309968107285149
0.19216254747746947	0.23830344612266646	0.5695340063998642
0.18399021820255212	0.26048124347204	0.555528538325408
0.19591794438939994	0.2578581129125368	0.5462239426980634
0.17753753239157977	0.26766648765086026	0.5547959799575601
0.18374370904232018	0.28559323494250993	0.53066305601517
0.18310000896619205	0.2452947794886753	0.5716052115451328
0.1831145856296587	0.2519192096258962	0.5649662047444453
0.18849086491652997	0.23371611098740688	0.5777930240960633
0.19542289107510163	0.2154425919162171	0.5891345170086814
0.18091806684053793	0.23113473300155313	0.5879472001579091
0.1842031447554977	0.25607974498541736	0.5597171102590851
0.17971976699063302	0.27755530390240674	0.5427249291069604
0.1950829240260016	0.2674553752649596	0.537461700709039
0.19234587789384958	0.26675618592518385	0.5408979361809667
0.17721700072921726	0.2843571048877683	0.5384258943830146
0.18338556819869395	0.25321867531603126	0.563395756485275
0.1872241017288594	0.27383594534584865	0.5389399529252921
0.17746581236938325	0.25700786957805155	0.5655263180525653
0.1854984864423508	0.25166590569434394	0.5628356078633053
0.18688490788134993	0.24543235279357567	0.5676827393250745
0.1945106898942115	0.24165853697337222	0.5638307731324164
0.19477022689454004	0.2489448990013054	0.5562848741041546
0.18612092389208348	0.2831828889044822	0.5306961872034345
0.18770663496532763	0.28106428231904146	0.531229082715631
0.18784253933078474	0.2808484447615108	0.5313090159077045
0.18638420942476563	0.27555326934486046	0.538062521230374
0.1955809469277313	0.2722586743074286	0.5321603787648402
0.17619917006991345	0.2637328151995587	0.5600680147305279
0.1959988601785423	0.25541425922111227	0.5485868806003456
0.18598175876013698	0.25019295900660277	0.5638252822332603
0.17787276898521245	0.2745331103291614	0.5475941206856263
0.1871361131308268	0.28154921282608575	0.5313146740430876
0.1873090152619539	0.27392970543885026	0.5387612792991959
0.18085939139333349	0.28014944189392127	0.5389911667127454
0.18416064512497304	0.27026337218932495	0.5455759826857022
0.17749303558611135	0.2567808246849108	0.5657261397289779
0.19422457925167175	0.24564526963676905	0.5601301511115593
0.19185423533068657	0.2756059858871346	0.532539778782179
0.17653265832974613	0.257943682273174	0.56552365939708
0.18487206577263784	0.26467692366111273	0.5504510105662496
0.1762681129129849	0.24121089800849177	0.5825209890785235
0.17638162138040356	0.2862733465211832	0.5373450320984133
0.19286565562926386	0.25006712948427035	0.5570672148864659
0.18663619518244423	0.28120516199327994	0.5321586428242759
0.19329473466070468	0.26734074823813836	0.5393645171011571
0.18078034490557324	0.2815334610132487	0.5376861940811781
0.1833349715279418	0.22799126991436447	0.5886737585576939
0.19529860682096847	0.2535705140246358	0.5511308791543958
0.19305698118855258	0.21690058932982947	0.590042429481618
0.1858332922395179	0.2595289414171993	0.554637766343283
0.19405707323275453	0.27513018910772136	0.5308127376595242
0.19083757385163516	0.24706414096878362	0.5620982851795813
0.18487767681880266	0.26075031972895113	0.5543720034522464
0.1962004813278446	0.2283230570377314	0.5754764616344241
0.19476376718630334	0.22438803724264078	0.580848195571056
0.1866079958254154	0.250132657410996	0.5632593467635887
0.19336126570905257	0.269013250594045	0.5376254836969026
0.19501800383861645	0.2560215925264254	0.5489604036349582
0.1806236200095992	0.2773827377999868	0.5419936421904141
0.19605677852972359	0.23152342982606436	0.5724197916442122
0.1827065101586459	0.24498195444866522	0.572311535392689
0.18579621818887604	0.22998494727130583	0.5842188345398183
0.180103905825489	0.28011401978741635	0.5397820743870948
0.19332399373948012	0.22146849144978353	0.5852075148107365
0.1960480214947163	0.2624132555682538	0.5415387229370301
0.18840780224735337	0.25443796816208775	0.5571542295905589
0.19266353651735224	0.23958218150648453	0.5677542819761634
0.18820812845493565	0.22882746578782004	0.5829644057572445
0.18767930260061108	0.22876610173699197	0.5835545956623971
0.18310492152011926	0.23248060310004073	0.5844144753798401
0.1828871473582209	0.2378138666219705	0.5792989860198088
0.184270451229189	0.28244826998616257	0.5332812787846485
0.1789083458521353	0.28206087829909693	0.5390307758487679
0.19450115964945686	0.2530932629343002	0.5524055774162431
0.18824521740814856	0.2368996237608198	0.5748551588310318
0.18145762856684408	0.25847071018852635	0.5600716612446297
0.19599332582363657	0.24865576757268687	0.5553509066036767
0.1853758854354286	0.23658944198495488	0.5780346725796166
0.1952357012274482	0.24201800588740052	0.5627462928851514
0.18867686722897	0.2647137446135391	0.546609388157491
0.18171044055836136	0.2631231150504333	0.5551664443912054
0.1890997393117511	0.2689597048616181	0.5419405558266309
0.1800623889130021	0.2737909322716165	0.5461466788153815
0.18620511643509258	0.2406110145614343	0.5731838690034732
0.17755600982486414	0.2701788919933343	0.5522650981818017
0.19440389278678455	0.2418326640388826	0.563763443174333
0.19103985167936707	0.2565670300537865	0.5523931182668466
0.192491260029422	0.2604766853481485	0.5470320546224297
0.18580572215919056	0.25734066821895973	0.5568536096218498
0.19433443674404965	0.2668125719301977	0.5388529913257527
0.18047591105106545	0.27656965162161373	0.542954437327321
0.17984456419510778	0.28241315482384466	0.5377422809810477
0.19324907371666014	0.22674311818046802	0.580007808102872
0.19335874675090578	0.25939475529688183	0.5472464979522125
0.1906732239861063	0.2710884766509341	0.5382382993629597
0.17863785075156408	0.2847957182327414	0.5365664310156947
0.1933522627290261	0.2516719717953429	0.5549757654756311
0.19158609036448548	0.261152130601172	0.5472617790343426
0.17886260758924818	0.24514351923025088	0.575993873180501
0.18512353100191364	0.2761919129973518	0.5386845560007347
0.19117719768315938	0.2572802029402046	0.5515425993766361
0.19012661783428125	0.2717480875257463	0.5381252946399726
0.17663842708133864	0.2820120223479638	0.5413495505706977
0.17870134127371612	0.2723627905162705	0.5489358682100135
0.1764832284334275	0.2693399040539383	0.5541768675126343
0.1937093882798116	0.24924264163837132	0.5570479700818172
0.1788816414806418	0.288776521955442	0.5323418365639163
0.1838259701536963	0.27608664488316026	0.5400873849631436
0.17845984496924724	0.2567849927726587	0.5647551622580942
0.18776233561344124	0.2731484260910307	0.5390892382955281
0.17816071339462553	0.2657483580894171	0.5560909285159574
0.18690217178984606	0.22689561926095267	0.5862022089492014
0.18856322469441225	0.2385954294621234	0.5728413458434645
0.18845438542704648	0.2682907362571783	0.5432548783157753
0.190547425226807	0.27821043487740227	0.5312421398957908
0.18857429432227524	0.2404993325284595	0.5709263731492654
0.1771558024382779	0.24193812249610733	0.5809060750656149
0.17850590048393827	0.2535712003564271	0.5679228991596348
0.19352162723728322	0.25902549028695054	0.5474528824757663
0.18169975508545871	0.25687816282009135	0.5614220820944501
0.19563264622961576	0.2612100314759464	0.5431573222944379
0.1923520190558109	0.23012237931184115	0.577525601632348
0.18739131639791048	0.25904834055149467	0.553560343050595
0.19588844001392136	0.2521391255324616	0.5519724344536172
0.17700008131039102	0.23488336944061683	0.5881165492489923
0.19484731560922278	0.2210434212655681	0.5841092631252092
0.19060257695221408	0.2424776830098333	0.5669197400379528
0.18975524035684835	0.2521080518977554	0.5581367077453964
0.19553010245709485	0.24217567799305148	0.5622942195498538
0.18361942883701193	0.2259801529659371	0.590400418197051
0.19070355457842417	0.250308195278239	0.558988250143337
0.17625074760899243	0.2880661731026463	0.5356830792883613
0.18484515569330728	0.2582049493571514	0.5569498949495415
0.18337647842009958	0.28249956356667255	0.534123958013228
0.1910711825472693	0.2471283693434292	0.5618004481093016
0.18713324227923928	0.26926148929905436	0.5436052684217065
0.19040562492258267	0.26921234948185296	0.5403820255955645
0.19090005254695247	0.24595250254188664	0.563147444911161
0.1838715301128882	0.2817586228430539	0.534369847044058
0.17938092754870819	0.28379068352879977	0.5368283889224922
0.18573167965646795	0.28261536833168394	0.5316529520118483
0.17750760256406972	0.2724892908804885	0.5500031065554418
0.1800311970436201	0.27429816232788273	0.5456706406284972
0.17965708913298123	0.25351963407598377	0.5668232767910352
0.1933698813512349	0.2675337704178923	0.539096348230873
0.18696928393578638	0.2501797116877851	0.5628510043764287
0.1798102146207449	0.24738670810258287	0.5728030772766723
0.1830299654889751	0.27257986586358735	0.5443901686474377
0.18098440234994043	0.23647089500934715	0.5825447026407126
0.18830280306406388	0.23047543705900098	0.5812217598769353
0.1777586289516602	0.29031201941067997	0.53192935163766
0.17636188490057242	0.24662563314443572	0.577012481954992
0.1862889152027091	0.2577928113760636	0.5559182734212275
0.17909149219491483	0.2741622958382611	0.5467462119668243
0.18675443654636967	0.22876724012359934	0.5844783233300311
0.19600437215529612	0.2441306996668346	0.5598649281778695
0.18391506893221543	0.2520369708777852	0.5640479601899995
0.18598245034471297	0.26097190426850086	0.5530456453867862
0.1957926897330126	0.23255619608109965	0.5716511141858879
0.178961806658054	0.2400171900573284	0.5810210032846177
0.1906227133949559	0.24386048548844708	0.5655168011165972
0.19402811839273587	0.23947516954405917	0.5664967120632051
0.19488928714830922	0.24537205982791	0.5597386530237809
0.18327797732104972	0.2741491307690874	0.5425728919098629
0.18301348426824265	0.23622298077808102	0.5807635349536764
0.1952668180511495	0.27301995291299874	0.5317132290358518
0.1850190240836145	0.239775401646072	0.5752055742703136
0.18504062502512517	0.24258711377303283	0.572372261201842
0.1828302336147631	0.24795687539452965	0.5692128909907074
0.18197106937077048	0.2820475839501501	0.5359813466790795
0.18164828091135055	0.2473632303668506	0.570988488721799
0.18823471435717923	0.22546761186452183	0.586297673778299
0.18489396779340916	0.24677990893587398	0.568326123270717
0.18407448544913618	0.25045229831857374	0.5654732162322902
0.19316324056727108	0.24089794966989697	0.5659388097628321
0.18090453557426184	0.23432050045086933	0.5847749639748689
0.19499392568086898	0.27199533222576755	0.5330107420933636
0.1888756624555777	0.2772140259634148	0.5339103115810077
0.1934194413694451	0.22665812845436314	0.5799224301761918
0.18769159614439113	0.24415675457041308	0.5681516492851959
