0.0741505869260884	0.06449356526350988	0.06272367909451518	0.05313454175085412	0.039092197320847316	0.057797770129238105	0.03314685698366897	0.24365846617605397	2.624024863598362E-5	0.371776096106588
0.07415083903526115	0.06449546109978159	0.0627183006699631	0.05314038712022879	0.03908467896730121	0.057797401826041636	0.03314409935711719	0.24366292269453732	2.625738075109907E-5	0.3717796518490169
0.07414766971333824	0.06449215669680086	0.06270883741192249	0.053151109686547196	0.03907723271838086	0.05779960293750146	0.03314675381426023	0.2436737340916727	2.6245246455267046E-5	0.3717766576831206
0.07415140572564638	0.0644945589391252	0.0627125230534013	0.05315116398570427	0.0390734632593044	0.05779898635562358	0.03314400350567681	0.24367168156295038	2.6237660869551926E-5	0.37177597595169803
0.07414602826101062	0.06449537729441446	0.06272566906694378	0.053150421249912205	0.039065099648165076	0.057804395214121104	0.03314049081826398	0.24367004481590737	2.623085163687422E-5	0.3717762427796245
0.07414973369361604	0.06449224803306325	0.0627244410296226	0.053155924983439906	0.039067530988981726	0.05779793855917226	0.03314255491993971	0.24366621905904567	2.623482401904742E-5	0.3717771739090997
0.07415031180919432	0.06449374582537609	0.06272094218010901	0.05315616364425562	0.03907201479402281	0.05780003270860509	0.03313534586684615	0.2436665352445896	2.6250882873196657E-5	0.3717786570441281
0.07415002007075891	0.06449619302512606	0.06271318387408474	0.05315902371968269	0.039079081497265446	0.057801845780267286	0.033133546520632176	0.24366346887997553	2.6224425084667158E-5	0.37177741220712246
0.0741448071410654	0.06449708058890846	0.06271001086221399	0.0531635431584946	0.03908159265262448	0.057796852169200386	0.033136411888139594	0.2436680851672547	2.6214555040579568E-5	0.37177540181705776
0.0741382139663302	0.06450599068629344	0.06269980980975112	0.05315440088697139	0.03908401467075778	0.05779695112621918	0.03314113954707809	0.243674307648591	2.624193749933834E-5	0.3717789297205084
0.07414472346390828	0.06449943375795235	0.06269667649262253	0.05315102935140174	0.03908559710836459	0.057801286920287465	0.03313764853791146	0.2436798407039094	2.6218452723339447E-5	0.3717775452109188
0.0741331580300983	0.06450504880379533	0.06268536400981956	0.05314702800566222	0.03907538209823935	0.05781172713086789	0.03314698772415134	0.2436962004939321	2.6244397764968452E-5	0.3717728593056689
0.07412716744075912	0.06450580071496387	0.06268950001152308	0.05314598087209137	0.039085818140794745	0.057806794580799695	0.03314627013580344	0.24369647566052494	2.6254030254302396E-5	0.37176993841248535
0.07412604459329546	0.06451543542646992	0.06269488616841616	0.05315579193678084	0.039065028694817	0.057816595106847155	0.03313549398687457	0.24369460331455467	2.6214811187641462E-5	0.37176990596075654
0.07412171247160579	0.06452077013101798	0.06269388055374157	0.05315996954411386	0.03906081176179483	0.05782337369203394	0.03314293021968996	0.24369512642206337	2.6237208910331877E-5	0.3717551879950284
0.07412466178214608	0.06451651599982175	0.06269101604308522	0.05314224415866165	0.039064568188482016	0.05782550307915607	0.033138007484241644	0.243713307463074	2.6222034002099104E-5	0.37175795376732934
0.07413690246892975	0.06452870344165107	0.06268900942213754	0.053131043987062636	0.039043220851902635	0.05781905329404015	0.03314670759416112	0.2437323087369616	2.621529582245985E-5	0.37174683490733096
0.0741271508017878	0.06456558519973087	0.06264214640496282	0.053126136555838754	0.0390537701275823	0.05783813206869874	0.033122078430957644	0.24373219910253258	2.6228186991272828E-5	0.3717665731209172
0.07413667658448866	0.06463116928618495	0.06266609931677952	0.05314028238088982	0.038982737090312455	0.057882562176034213	0.033080373019651166	0.24368609281737208	2.625832865633948E-5	0.3717677489996308
0.07414334639397074	0.06464067943470321	0.06267450716613573	0.053142966520172474	0.03897864396283853	0.057884640299525586	0.033064427012113026	0.24368883623878312	2.6226445628427242E-5	0.3717557265261291
0.07414608250407914	0.06465623885893981	0.06266802624326634	0.05311936461975349	0.03896437900331726	0.05789676993826243	0.033058832540730124	0.24373189968954867	2.6251864783291556E-5	0.37173215473731946
0.07413583465167622	0.06465345068567221	0.06268214783528663	0.05321654270482361	0.03901607608271093	0.05788443622884416	0.032994989924798906	0.24370038293761875	2.6258188609851185E-5	0.3716898807599587
0.07413420496509678	0.06464830262249319	0.0627152864478046	0.053219117359531026	0.03900863058694225	0.057884419149336876	0.032996280282575674	0.2436940339058632	2.621472973965422E-5	0.37167350995061665
0.07413499598050327	0.06462347068614158	0.06270694977628057	0.053214933578811324	0.039029622583764495	0.05787680100322551	0.032996736908602206	0.2437147433551074	2.622165844873292E-5	0.3716755244691149
0.07413024475841415	0.06461622140452886	0.06270697052819763	0.05320201729304953	0.0390316442437027	0.057892896527726306	0.033004051389482675	0.24371594686241654	2.624266867810865E-5	0.3716737643238034
0.07412193670517028	0.06466178626953886	0.06262758137404736	0.05319446114426975	0.039018686485244036	0.057885517278191606	0.03306658719187082	0.2437204237579263	2.6257741843171978E-5	0.37167676205189776
0.07413545991675186	0.06467209616899122	0.06262228433751438	0.05319905999465551	0.03901578556774475	0.057872030376008354	0.03306114972131839	0.24371978622591173	2.6237011845994807E-5	0.37167611067925777
0.07413342032093337	0.06466740448455582	0.06263379612819386	0.053186600836816506	0.03901772955449873	0.05786679906732914	0.033056717359303114	0.24372609720420985	2.621622039290783E-5	0.37168521882376665
0.07414382275758068	0.06465904388061307	0.06263654125666322	0.05318534918914994	0.03901783765237957	0.057865716105386614	0.033060657064710855	0.24371627045525374	2.624025487009407E-5	0.3716885213833922
0.07414088139417857	0.06465277440708002	0.06264242062280465	0.05318121209724953	0.039008817390031286	0.05786915876255066	0.03306968493944239	0.2437128095415247	2.625805235677292E-5	0.3716959827927814
0.07414649035165363	0.06463862558190148	0.06264578868903581	0.05318785164202134	0.03901702827654888	0.05782446732312621	0.03314490569914104	0.2436949519967943	2.6253914440069193E-5	0.3716736365253372
0.07414015741584205	0.06463760695872126	0.06265359556399075	0.05318915269824003	0.039013181015608175	0.05782645489257879	0.03313873266616274	0.2436970656089565	2.6235523306161745E-5	0.3716778176565935
0.07412709551386429	0.06464169315455348	0.0626528168189623	0.05319184376845017	0.0390130831187966	0.05783793567184797	0.03313804136872513	0.2436920275621326	2.6241891143183316E-5	0.3716792211315242
0.07412515904180289	0.0646394581758096	0.06266432526400215	0.05319808287918684	0.03900925123728124	0.057830188022765516	0.03313209313812378	0.24368875278582436	2.6227084097593667E-5	0.3716864623711059
0.07412000398128855	0.0646318396777059	0.06266286619992854	0.05318851226580522	0.039006056187417884	0.057859433535132794	0.033136228218659844	0.24367212869051413	2.623132493227709E-5	0.3716966999186148
0.07413470748056016	0.06463913475105419	0.06265441714555396	0.053199943765579655	0.03899412128534725	0.0578709723972442	0.03312147470693913	0.24367917796209115	2.6258440545157136E-5	0.3716797920650851
0.07413633197873677	0.06463561729169845	0.06265020120075983	0.053206739136253664	0.038995871470170765	0.057872000485422	0.03310715662668327	0.24367330021168998	2.6217028175193335E-5	0.37169656457041
0.07412793564414284	0.06463192812394565	0.06264540462729609	0.053221194340553765	0.03899677711731252	0.057880038315479734	0.03310924589878521	0.2436622846292889	2.6215888904682072E-5	0.37169897541429053
0.07412581010344742	0.06463222174154258	0.06265080102355836	0.053230528870924165	0.03899985638177851	0.0578873819561504	0.03309495168293404	0.24365665406691212	2.6244035178563108E-5	0.3716955501375738
0.07412288262168164	0.06462471879423101	0.06265729433874687	0.05322637620643371	0.038996413845351394	0.057889048833205364	0.03310517483454618	0.24365654267811937	2.6222413180496118E-5	0.3716953254345039
0.07412266139116847	0.06462017998036446	0.06266891109686216	0.05321211939719349	0.03898185445252013	0.057882856223944554	0.033120877298053644	0.2436928093799779	2.621594276860928E-5	0.37167151483714655
0.07411798852020193	0.06462454848809622	0.0626862015581714	0.05321203209999398	0.03897601720485759	0.057883518554692995	0.03311034661809151	0.24368583675041394	2.6230619486020124E-5	0.3716772795859944
0.07411262304457236	0.06462163072523477	0.06269490404372945	0.05321560478259905	0.03897878576877821	0.05787729363404004	0.033108354512812826	0.24369423820132163	2.6262448404923422E-5	0.3716703028385067
0.07412327734394558	0.06463867984318614	0.06267883305330108	0.05320718482485648	0.03896242999924931	0.05786401090430026	0.03313171237588354	0.24371566472882816	2.6240073239175432E-5	0.3716519668532102
0.07409434360267508	0.06461007718828787	0.06270582219438713	0.053178924341862874	0.03898004080051165	0.0578597376165188	0.03311437634597357	0.24373084617057617	2.6226764621925525E-5	0.37169960497458493
0.07409974985984465	0.0646098847185722	0.06270012619266203	0.05318452082440812	0.038989449046129304	0.05784776251636027	0.03311325325086728	0.24372880356724175	2.6215049590633255E-5	0.3717002349743237
0.07410244615841755	0.06462246721604613	0.06269418929803282	0.053205346628090136	0.038993815367361406	0.0578380192990494	0.033107264256177854	0.24370570347779963	2.6256863488602344E-5	0.3717044914355365
0.07410280491787405	0.06463922805757583	0.06272279866734867	0.0532215807705262	0.03893735068121311	0.05789389395341812	0.03309452476672997	0.24366409209472567	2.625454725815879E-5	0.3716974715433302
0.07411139230261357	0.06464233556881213	0.06272273759537574	0.05321054120794968	0.03893972353692079	0.057860727089960845	0.03311405834872126	0.24365989481519879	2.6246800769055834E-5	0.37171234273367815
0.07407722274505371	0.06463938055130417	0.06272266891866793	0.05319554494197199	0.03895417976015617	0.05785119448172965	0.03312894649925703	0.24366631320187043	2.6257405448606996E-5	0.37173829149454024
0.07410065041959751	0.06462799521927032	0.0627227794540716	0.05319341616609848	0.03895357320953062	0.05786135990252075	0.033116937709958286	0.24365852342682498	2.6257323372816388E-5	0.37173850716875456
0.07409986773843606	0.06461832378753266	0.06269991123048177	0.053218636200253036	0.03893149548570275	0.05787420311013866	0.03310583426543444	0.2436688500599411	2.6262932997303534E-5	0.3717566151890822
0.07409920004309296	0.06464991780995472	0.06270772205034855	0.05324481695985882	0.03887859093579747	0.05782676698567166	0.033123563478915	0.24372082970271536	2.6260944799447183E-5	0.37172233108884595
0.07411312599186487	0.06463120481683371	0.06269072967944975	0.05323251438799064	0.03889438261674268	0.057817881388281464	0.03307432430531289	0.24376254329704994	2.6221320232430734E-5	0.37175707219624166
0.07411515892215736	0.06463219819989971	0.06268902573286127	0.053231148006973886	0.03888784390624482	0.0578243235513376	0.03307648338794804	0.24376070997164634	2.6248573067946812E-5	0.37175685974786304
0.07414399295266513	0.06464979849917939	0.06270439659832393	0.05321324491297044	0.038863149055622825	0.057810261857007175	0.03307425062615543	0.24376704617257106	2.6221407122606344E-5	0.371747637918382
0.0741361201484978	0.0646530006676324	0.06269998189326259	0.053237464962085375	0.03887285023788777	0.05780983830072599	0.03304906363099534	0.24376788025416857	2.6220082759861874E-5	0.3717475798219842
0.07413673479284077	0.06466435014192948	0.06270577124147926	0.053238643523762896	0.03886061649666057	0.05781696122631422	0.0330473822749346	0.2437742709608965	2.625500434749739E-5	0.37172901433683414
0.07413438887890089	0.0646946777336297	0.0626582289625085	0.05323307148970893	0.038822625703811196	0.05784567523474255	0.03299497791487639	0.2438216511417115	2.625986792768875E-5	0.3717684430721826
0.07410340151481985	0.06469330242271698	0.06266288964833977	0.053237981941665694	0.03885976852222077	0.05783891988482977	0.03299871898035997	0.2438250360330435	2.6215505737975375E-5	0.37175376554626566
0.07411806865021602	0.06468912067516683	0.06264992596576024	0.053277119242714596	0.03885372123737045	0.05789118973611139	0.03297816185177317	0.2438099733802508	2.6234376599224007E-5	0.37170648488403724
0.07411102971979178	0.06469266142809349	0.06265111977358057	0.053272548304480666	0.03885647802319733	0.05790077090541865	0.03298266574626678	0.24380233791945222	2.625425934492387E-5	0.37170413392037355
0.0741023496888632	0.06469389582233132	0.0626472410193986	0.05325257245081884	0.03887021231201007	0.05790709824107143	0.03298874956639629	0.24379412974975045	2.622540180709232E-5	0.3717175257475526
0.074075550649115	0.06470219345057684	0.06267759402386464	0.05327589582068525	0.038841823988220725	0.057918341961364375	0.032979794096137216	0.24376412854718166	2.6258070335835604E-5	0.37173841939251845
0.07407164713281583	0.06470186703720922	0.06266876860275813	0.05328067092694623	0.038844993141847486	0.057923905747280624	0.032981259980140176	0.2437726787663262	2.6240387021994604E-5	0.37172796827765414
0.07406449415396475	0.06469709386152458	0.06267969759387176	0.0532707676092255	0.03884907983784796	0.05791954481093019	0.0329750099154056	0.24377735942979833	2.622627172757519E-5	0.3717407265157037
0.07406573086204983	0.06470113274107522	0.06269879034047121	0.053261106950332385	0.03885937043205542	0.057929203797918036	0.03295768614401719	0.24378214025338452	2.6256696464541096E-5	0.3717185817822316
0.07406193469364106	0.06465504428039023	0.06271185764533453	0.05325185664454815	0.03886864745992381	0.057941072005038105	0.03295313946289981	0.2438050809787164	2.6252210586052982E-5	0.3717251146189218
0.07405706828541221	0.06465415709083588	0.06270972165902118	0.05325627140374119	0.038873307786324585	0.057951295104927456	0.03295425205108084	0.2438002688717385	2.625351889344596E-5	0.3717174042280247
0.07405134370666659	0.06464954720383559	0.06271064208351446	0.05327188678922555	0.038871639313562745	0.057945189741074245	0.03294446419108894	0.24379920554297396	2.6214527732534854E-5	0.3717298669003254
0.07405605149095937	0.06464564636400129	0.06272068870289028	0.0532663809772593	0.03887245200697861	0.057946759715458644	0.032939636308904216	0.24380107404383933	2.6231985514782452E-5	0.3717250784041941
0.07402889681606137	0.06466469318962012	0.0627119305945775	0.05326631404338345	0.03886277646263468	0.05795233639931386	0.03294648361183124	0.2438023890978745	2.624857911191769E-5	0.37173793120559134
0.07400002305168063	0.06467922167227419	0.0627086155916797	0.053292951911970636	0.03886092627565175	0.05795680810851468	0.03293209567315243	0.24381710762943792	2.6264218831686947E-5	0.37172598586680633
0.07400348718637269	0.0646777533929423	0.06271192513098678	0.05328746124169091	0.03884198450264954	0.057925724392871455	0.03297468778992073	0.24379873054150003	2.6217130379313502E-5	0.37175202869068624
0.0740080188535388	0.064667000135011	0.0626942067876439	0.05331538412501333	0.03883863862891496	0.057930235442229215	0.03297079542163989	0.24378557372663295	2.6260016097331973E-5	0.3717638868632786
0.07402497758389329	0.06473142668894492	0.06271251347433167	0.053393893834291176	0.03879618208051927	0.05799467110172535	0.03298208803769674	0.24370035324301492	2.6224568080657207E-5	0.371637669387502
0.07402308192182028	0.06472929902559049	0.06271757894959216	0.05339961156498381	0.038772989932513935	0.05800009553273704	0.032986430968408254	0.24370020293810346	2.62486968857778E-5	0.37164446046936483
0.0740217501144585	0.06472851479148492	0.06272393244219995	0.05340246005055396	0.038774218550069225	0.05799935583651586	0.03299049811441204	0.24370011665416436	2.6254943443701495E-5	0.37163289850269743
0.07401108271029318	0.06473740651809654	0.06271695329598918	0.05339556257257014	0.03877563083634447	0.058009643206428	0.03298029733590152	0.24370022773056782	2.6217352617041723E-5	0.37164697844119204
0.07401239995800342	0.06473936324805722	0.06271668956464001	0.05339228699694455	0.03877947875750416	0.05801455199915173	0.03297248647966981	0.24370396570353958	2.6249542773013057E-5	0.3716425277497165
0.0740174975412796	0.06473606505068234	0.06271383401837324	0.05338919507754569	0.03879438136646145	0.05801475466461174	0.03298018608839552	0.24368716738654939	2.6229069150979223E-5	0.37164068973695
0.07401632946578578	0.06472975866307462	0.06267955874297197	0.053416550409871505	0.03875948665447884	0.05801510763689777	0.03300171259524852	0.24367519398313936	2.62420721453549E-5	0.37168005977638624
0.0740034336878023	0.06472366189713685	0.06268906824652384	0.053387930393489616	0.03876529461634933	0.058023543317801504	0.03300522106651192	0.24368290294143008	2.624715343614581E-5	0.3716926966795184
0.07401286182569804	0.06473902019296864	0.0626989887474063	0.053367179525500685	0.03876288908176058	0.05805352956670072	0.03298458036918017	0.2436686776459323	2.6237928073130634E-5	0.3716860351167794
0.07402436618857791	0.06473557905391288	0.06270308347820686	0.05336264989186598	0.03877187913103805	0.058044536224106325	0.03298634091723719	0.24366908117684755	2.6223927266297298E-5	0.37167626001094095
0.07397670835214844	0.06476746701324915	0.06271587134321431	0.053353968020622936	0.038796815272921864	0.05802333642901286	0.03299770474864658	0.2436750158861628	2.6233894602475938E-5	0.3716668790394185
0.07397436163405752	0.06478007394210156	0.0627081762405315	0.053361101326623736	0.038793416060163205	0.05801630638435807	0.033003696475637986	0.24367131146622123	2.6227204864504028E-5	0.37166532926544066
0.07397626802223124	0.0647814747522556	0.06270273980317587	0.053366467661149455	0.03878234515594197	0.05800549070349347	0.03301552406651373	0.24368101826075156	2.6264342696841192E-5	0.37166240723179017
0.07397554042717014	0.06478791992011163	0.06268792430816714	0.053361600292311476	0.03879795515098777	0.05801012586070943	0.03301567025905221	0.24367461017519143	2.6238806442438478E-5	0.3716624147998563
0.0739954703074214	0.06476467901141	0.06267205994801173	0.053380903717225245	0.03877719098115706	0.057993299697600156	0.0330362406571512	0.24369625593261451	2.6216586649252527E-5	0.3716576831607594
0.07399204168948881	0.06477594225170197	0.06266820131795735	0.05338141134797838	0.0387872604580256	0.05798616332524932	0.033029954518890445	0.24369500586443887	2.6227519101668095E-5	0.37165779170716745
0.07398998191302691	0.0647765023595396	0.06265908832102585	0.05337544542942693	0.03878451012170271	0.05798743509096393	0.03303563329577704	0.24369934437509305	2.6231875856444486E-5	0.3716658272175875
0.07400919661970248	0.06477033184168074	0.06265466147324324	0.053421136402259234	0.03878538570166176	0.05795568025152921	0.03302501277554405	0.2437047004857275	2.6245985387168824E-5	0.3716476484632646
0.07401685971499626	0.06479078622461079	0.06267631856294384	0.05341151443676498	0.03878581945163295	0.0579468014934793	0.033029776523250384	0.24370199157002598	2.6226108335428155E-5	0.37161390591396004
0.07397844203272899	0.06479120585250955	0.06265582232442955	0.05340026033211148	0.038775942369433755	0.05798248242674235	0.03300493868974515	0.2437372243341545	2.6246960886502912E-5	0.3716474346772581
0.07398647557666535	0.06476025780306112	0.06267686502750693	0.053384052528383893	0.03876051151213222	0.05798687318642297	0.032996251401054916	0.2437516001731032	2.6215753119354646E-5	0.37167089703854994
0.07400744597908845	0.06474626182002233	0.06265612388598864	0.053385294467644985	0.0387797929942345	0.05798840957820117	0.032997122815728516	0.24375887265443397	2.6219482444175823E-5	0.3716544563222133
0.07398796408492211	0.06474307386175018	0.06269785214935923	0.05340592614159967	0.03875535565336653	0.057995167133172085	0.032996683047521944	0.24372469395942992	2.6256619583595042E-5	0.37166702734929463
0.07400080265312557	0.06468402674075713	0.0626672150654931	0.05341696678224815	0.03876213854101332	0.058028313940862705	0.03305987122594259	0.24374747654804152	2.623587070693656E-5	0.3716069526318089
0.07404397687753135	0.06468004718212615	0.06261265107763489	0.05336313549718532	0.03882644114072737	0.05801005616705836	0.033090162184491276	0.24375472952790006	2.6257546077379512E-5	0.37159254279926773
0.07406077383881372	0.06467902554868366	0.06259487495316825	0.05338738753121441	0.038848720455671615	0.05802543648070495	0.03306094864627358	0.24374641302762923	2.6225864567491763E-5	0.37157019365327304
0.07406424776597254	0.06468060928268204	0.06258589456837839	0.05337623698982737	0.03886804286220101	0.05801508039086876	0.03307459180431095	0.2437422771878462	2.6248185148528003E-5	0.3715667709627642
0.07406959903203152	0.06466863684696131	0.06257574848681709	0.053383882075738236	0.03891244995891939	0.05798980767692617	0.033026902092349555	0.24379682925305524	2.6230008366684432E-5	0.37154991456883474
0.07406916923730807	0.06467345369340692	0.06257694731302275	0.05337663375545196	0.038913115056402325	0.0579833312596008	0.0330286618843349	0.24380201060687212	2.6217677876069767E-5	0.3715504595157241
0.07400695931545626	0.06461601626869615	0.06260310519628909	0.053402286930141395	0.03888858321161736	0.057952958577574834	0.03314129807500024	0.24378082599157314	2.6247372565235683E-5	0.3715817190610863
0.07400745907433275	0.0645970250786621	0.0626126914248321	0.05340580990045417	0.038882706281057555	0.05795567761090692	0.03313724286640629	0.24379049807470793	2.6222868621472717E-5	0.37158466682001867
0.07397831272294628	0.0645669953750893	0.06263369069444526	0.05342129784867493	0.03887474741722387	0.058019524566193664	0.03313737641615848	0.24375954151035517	2.6235660990275855E-5	0.37158227778792274
0.07399170737724386	0.06453471445603719	0.0626703337762949	0.05345190819207659	0.03888844230196814	0.058001101907268995	0.033130252509249475	0.24375403770409027	2.6220257359321764E-5	0.3715512815184112
0.073983154006374	0.06452820649085458	0.06268238659648617	0.05346236335260102	0.03888334071246045	0.05800391884772743	0.03311777475748967	0.2437557166121258	2.622297843972443E-5	0.37155691564544113
0.07400013579379218	0.06451731578308076	0.06271149539190563	0.05347583071774972	0.03887420460457258	0.057990147297612225	0.03311760877931137	0.24372675880205857	2.625435980598001E-5	0.3715602484701109
0.07401559864601048	0.06454791997257191	0.06271587810759226	0.0534558533889713	0.038859490140892836	0.057999462154018744	0.03311411780843593	0.24370960465384506	2.623165171580788E-5	0.37155584347594567
0.07398561108194705	0.06458218630575518	0.06270782829519367	0.053479396844231586	0.038897285766584466	0.05797282970198765	0.033100565825743986	0.24373718803801525	2.6228417673662685E-5	0.3715108797228674
0.07397677696761705	0.06459077810769187	0.06270759174929619	0.053470580394988296	0.03890483092868181	0.05798258710758713	0.03309671630226521	0.24374067871819438	2.6254436603853626E-5	0.3715032052870742
0.07397256695129967	0.06458477565821517	0.0626960783757401	0.05348819024672907	0.03891780331553698	0.057986010584735195	0.033081209034873924	0.24374607849979818	2.622816987708776E-5	0.3715010591631945
0.0739696615153475	0.06458969316405494	0.06269713725882439	0.05349315459210596	0.03893074425748182	0.05798243238403557	0.03306413007396114	0.24374664809139568	2.6245647794617688E-5	0.37150015301499834
0.07398936714197252	0.06459052627996933	0.0626979591216443	0.0534985954076022	0.03893551851361857	0.05796066451597537	0.03305623890974731	0.24373301239319423	2.622700678762968E-5	0.37151189070948853
0.0739842806809781	0.06457784817236106	0.06269086188237302	0.053508525332588014	0.03895163427698813	0.05795522856557669	0.03306495623071902	0.2437318182538633	2.6243288689234423E-5	0.37150860331586344
0.07398557318739829	0.06458708967669313	0.06269101248588427	0.053507750233263034	0.03895416909794128	0.05795232324618094	0.03306709481012175	0.2437248650860901	2.6244536125222262E-5	0.37150387764030196
0.07400818812992442	0.06459205260437814	0.06272473422036562	0.05351305203735915	0.03895447716387106	0.05794239043592882	0.03303762479348683	0.24373574099251566	2.6224226864740574E-5	0.3714655153953055
0.07402795947739216	0.06458624774648457	0.06271750519840176	0.05350998121203143	0.03895242474795094	0.057945311463346735	0.03302837873038843	0.24374605811029976	2.622970392125723E-5	0.371459903609783
0.07402699178661225	0.064602238264301	0.06271325829524038	0.05350908913904366	0.03894335174613728	0.057948106709130975	0.03303583400888112	0.24374784535829774	2.6242045497767985E-5	0.37144704264685774
0.07403493975617757	0.06460919219389641	0.06268633961317188	0.05349216824460133	0.03896423111702199	0.05795860637696035	0.0330553493595038	0.24373080906688943	2.6263892106956344E-5	0.37144210037967024
0.07402504805809931	0.06455732689963502	0.06270320184748057	0.05346702339486826	0.03896734507586237	0.05795922749065036	0.03306087156522158	0.24376617769897407	2.623872148770079E-5	0.3714675392477208
0.07403248747786632	0.06455146494821352	0.06270831194769251	0.053457203234896694	0.038972851300116226	0.05797566690114783	0.03304973744767303	0.24376437488171193	2.6226359186976023E-5	0.37146167550149495
0.07405119628267715	0.06454117660910703	0.06270357396062141	0.05344820172342815	0.03896775544450472	0.05798146966682799	0.03305973254181489	0.2437574717711421	2.623147215659316E-5	0.3714631905277199
0.07405841337340793	0.0645336293557208	0.06269611768359004	0.0534362791743698	0.038980979624575904	0.057995140122597204	0.033061182608270234	0.24375244046461997	2.625727621299867E-5	0.3714595603166351
0.07406248485511163	0.0645222718311071	0.06270313699188604	0.05343582008770267	0.03900342117624607	0.05797651738019946	0.033059670517101555	0.243765323926891	2.6254402794009812E-5	0.37144509883096044
0.07404899497348456	0.06452171669877217	0.06271373937563494	0.0534292097291362	0.038992641265949514	0.05797392825319998	0.03307265066067881	0.24376758936283904	2.6222982738882683E-5	0.3714533066975658
0.07404804782152587	0.06455829235701407	0.06268067973116162	0.05342655733558341	0.0390016654642245	0.05797703099565471	0.0330560380639764	0.24380212722452343	2.621653778026034E-5	0.3714233444685557
0.07406342800144898	0.06456644228389298	0.06266593070194547	0.05346822497643193	0.03898813632598133	0.057979378628141134	0.03307335565949074	0.24375077599336537	2.6250406538502746E-5	0.3714180770227635
0.07406823701757946	0.06458693916925376	0.06264673904894044	0.053436591738712985	0.038970982122932415	0.0579636948616257	0.03313254682070507	0.24373975173063878	2.626181127289573E-5	0.3714282556783385
0.07405166064912642	0.06463091209221852	0.0626558207012538	0.05338074342715962	0.03894967083323762	0.0580101565794201	0.033133097782923795	0.24371321168509352	2.626607330570574E-5	0.3714484601762609
0.07402121281419766	0.06465676684879422	0.062656058809648	0.05337003859370961	0.03894846044143871	0.05805064550494922	0.03312098522125259	0.24370585760456925	2.6254313069143387E-5	0.3714437198483716
0.07397432906352407	0.06470250779755815	0.06264611059279764	0.053406307868031785	0.03898448213255486	0.05804708406915153	0.03311777348950261	0.24368181765635366	2.624416643959293E-5	0.3714133431640861
0.07397101801273037	0.06469300520000533	0.06263453577139244	0.0534296203023257	0.03897322627820972	0.058054400324757796	0.033132432022532174	0.24367037914757084	2.6232580307358755E-5	0.3714151503601683
0.07399026532472208	0.06472184725771905	0.06262022341377804	0.0534436113556986	0.038956920299886635	0.058035496481002063	0.033126718753704265	0.2436672012623708	2.624468406478564E-5	0.3714114711670536
0.07401055948983733	0.06472689405376694	0.06260140995542637	0.05343551352352578	0.038959331138468736	0.058024755061526344	0.03314115010527134	0.24367080289976367	2.6260094148217172E-5	0.3714033236782652
0.0740588609388443	0.06468460155094435	0.06262994858798845	0.05340847456861196	0.03896726907950177	0.058003090819258224	0.03312572731526231	0.24368994286071388	2.623834738470221E-5	0.37140584593148995
0.07405695556423443	0.0646669985875678	0.06261766101272362	0.05342012841133577	0.03895792162291009	0.058006654226829116	0.03313015505982339	0.24369105408935082	2.622897123547019E-5	0.3714262424539894
0.07404288330045904	0.06467700759472345	0.06261518860359222	0.053432049799580786	0.038943296270832664	0.05801919376703843	0.033142833489742854	0.24366907656217018	2.6260648075523974E-5	0.37143220996378484
0.07404604145556479	0.0647145447810143	0.06267578519177372	0.05360334734584872	0.03883214611885482	0.05800017214642515	0.03310828144443538	0.2436806900867196	2.62408032384448E-5	0.371312750626125
0.07406702083215728	0.0646984174824013	0.06265873155865559	0.053564787246166985	0.038824256776374466	0.05801380328108641	0.0331190331973705	0.24370066546470293	2.6262189792070068E-5	0.3713270219712924
0.07406086757001586	0.0647098144404411	0.06271242980353561	0.053556188121996744	0.03874243598046849	0.058054454957965074	0.033141721937477275	0.24369271491377698	2.623575555345259E-5	0.37130313651876945
0.07406641177391972	0.06472327068438707	0.06272165356419292	0.05354976214058138	0.03874350077344858	0.05804453749967188	0.03312812197543845	0.24368002862162286	2.624538337696325E-5	0.3713164675833602
0.07407067683758466	0.06472600314466047	0.06271023533387182	0.05355109412464129	0.038742322725375644	0.05805002404787998	0.03312354876367346	0.24367900757696848	2.6220301877794006E-5	0.3713208671434663
0.07407357903828632	0.06473799427226709	0.06270903561366326	0.053561802256206645	0.03875377901932779	0.058020328995197414	0.03311656622329384	0.24367501299726868	2.621516509802857E-5	0.3713256864193909
0.0740499016755885	0.06474871032856332	0.06271479938839615	0.05358123794304534	0.03877765328868063	0.058016725475756446	0.033097337287910145	0.243672727524333	2.6225983670011277E-5	0.3713146811040564
0.07404145068046472	0.06476072775352387	0.06271022051583747	0.05357697341563582	0.038790840809651415	0.05802291440854121	0.033070236060110045	0.24365892528724786	2.6229248295706054E-5	0.37134148182069177
0.07399672971422518	0.0647673911073559	0.06268288772059048	0.05359227021976544	0.03880407900788838	0.05804888085937197	0.033050373547489395	0.24367173685703608	2.6237545421872732E-5	0.3713594134208553
0.07399414007192971	0.06475725902155527	0.06267263944090265	0.053591960431824	0.03881564432689044	0.05805657896371391	0.03305956870779875	0.24366093338876044	2.6251613246708327E-5	0.37136502403337807
0.07399547050411628	0.06476156917878742	0.06266887200149984	0.05359847007144851	0.03881481321971444	0.058055391542183914	0.03305715596535955	0.24365816334235335	2.621847094259888E-5	0.3713638757035941
0.0740047322133626	0.06476596502458096	0.06266346046895577	0.05360160626283921	0.03881043968048037	0.058054194752534496	0.0330448584773866	0.2436673338972466	2.6239403135550066E-5	0.3713611698194778
0.07401685367145552	0.06476337152995998	0.06264164424131091	0.053615038826434765	0.03881962470679137	0.058048707992966145	0.03304562254668793	0.24365688957981002	2.6246809214050537E-5	0.3713660000953692
0.0739881067790748	0.06477455351030004	0.06263659406130637	0.05360058859053832	0.03882542908145113	0.05805429882162028	0.03306422693696785	0.24366457239796552	2.6249692953631E-5	0.37136538012782205
0.07400015521470761	0.06478652983094413	0.0626237177541654	0.0536045657739664	0.03882706464724564	0.05804952072254396	0.03305963143020449	0.24365858060826961	2.6253734522641015E-5	0.3713639802834301
0.07397147398847848	0.06477564880600431	0.06260690221042998	0.05360889257825559	0.038856377228118605	0.058056262710463435	0.03309730076954659	0.24365636769537435	2.624202252729524E-5	0.3713445319908013
0.0739708295786308	0.0647863826928981	0.06261220655135571	0.05360995290532647	0.03884788727786527	0.058056699795831904	0.03309357114409826	0.24365708107242967	2.6235520115130972E-5	0.3713391534614486
0.07398079343396916	0.06478996774034666	0.06259497337167694	0.05361931051490999	0.03883733112472785	0.05804997228880007	0.03309978959930758	0.24366245570324385	2.6247897839767886E-5	0.3713391583251781
0.07397019577750366	0.06476684770788112	0.06258281859915775	0.053605948492741584	0.03885445655302594	0.05804542345119644	0.03312528839269446	0.24367030369008885	2.6225480772718024E-5	0.37135249185493746
0.07397819511600033	0.0647700316980431	0.06259809583751272	0.05358861187047473	0.038852830170831104	0.05803540793924561	0.03312047033805787	0.24368790423781217	2.62499658819082E-5	0.3713422028261404
0.07396942778985242	0.06478356061288001	0.06259261213193149	0.053636152470920975	0.03886592653432227	0.05797249115151041	0.03312091300320054	0.24368232834646164	2.621430904502231E-5	0.37135037364987517
0.07406157050950724	0.0647981794284588	0.06258894524929084	0.05367919340132629	0.03883783643893078	0.057949592311560494	0.03308814281881302	0.24369043558804426	2.625198417745278E-5	0.3712798522698908
0.07404556000374697	0.06484299181523989	0.06256725386864631	0.053710313137889876	0.03885639723563036	0.05796490718595683	0.033058419954402465	0.24366833934385057	2.6265344197626272E-5	0.3712595521104391
0.07402165825013592	0.06482229832118452	0.06258779751501972	0.05371954215577504	0.03887118488799042	0.05794797811143809	0.033036287628531974	0.24373895301325982	2.6236618109923282E-5	0.37122806349855453
0.07399994723271228	0.06483586346373299	0.06267001726603535	0.053660011259891796	0.03883898634890239	0.05799244222053733	0.033026927530109565	0.2437027129680036	2.623312772499775E-5	0.3712468585823496
0.07400197076224144	0.06483209233143547	0.06266452695414451	0.05366279364455606	0.038845297274342605	0.05799050116329131	0.033023522145497836	0.24369725047249174	2.62246915810338E-5	0.37125582056041795
0.07406177606350733	0.06478110285150442	0.06264438467709912	0.05365924147516978	0.03884807314412094	0.05793703480500999	0.032909962008638036	0.24377543162519727	2.6238791482099955E-5	0.37135675455827094
0.07406757965996336	0.06479516121354437	0.06262979769385577	0.05366718578563162	0.03884981999710713	0.05792212520126678	0.03290129338848216	0.24379504294630183	2.621455044723997E-5	0.37134577956339965
0.07407121969168107	0.0647997521800406	0.06262963755821227	0.053665213900703355	0.038840906128426604	0.05792330780684463	0.03290435440569468	0.24378718605489386	2.626485511914023E-5	0.3713521574183838
0.07407273754507386	0.06480285561770617	0.06262954253000624	0.053666560881816774	0.03884350169580344	0.05792368474948039	0.032882432669545866	0.24379779837908377	2.621625741816569E-5	0.37135466967406533
0.0740738892459061	0.06479655645162866	0.06261141536939888	0.05364884664928855	0.03885357682139265	0.05793925708765908	0.03289444059751262	0.24378564794408408	2.6265261936248008E-5	0.37137010457119307
0.07404365154433928	0.06482990033813565	0.06264638342042093	0.05365846147700582	0.038854603370317944	0.05790749137503693	0.03286815008224489	0.24378008484242703	2.624495409134231E-5	0.3713850285959802
0.07399295792755814	0.06484119559015743	0.06266450263903604	0.05364669165150965	0.03886016965286565	0.05786986386291201	0.03293783559757549	0.24379013036178748	2.6220996895781612E-5	0.3713704317197023
0.07413708391457142	0.06462686613696675	0.06268157267891139	0.053636666479949684	0.038830495820089836	0.0580568836580499	0.03288185821538593	0.2436810546259281	2.6239608390737912E-5	0.37144127886175626
0.0741411552345499	0.06466523446408959	0.06267692785162914	0.05361207889026241	0.03886598142232907	0.05798916007479875	0.03293876775377261	0.24366853139088906	2.6217691041025004E-5	0.37141594522663846
0.07411891242883079	0.06464272832710075	0.0626684111747932	0.05360965427299478	0.03889568986199097	0.05800385638339836	0.032947063399996465	0.2436560012047035	2.6267134152921368E-5	0.37143141581203826
0.0741281299906996	0.06462963134330307	0.06268712600232695	0.053619789005873386	0.038884331832578355	0.057977490061481445	0.032946768092651915	0.24368536388941825	2.621782678000062E-5	0.37141515195488695
0.07411207687460748	0.06463616571545336	0.06270154164714503	0.053604935776657425	0.0388459341267387	0.05800392836409104	0.03298915080794278	0.24368563727204196	2.6223784413192952E-5	0.371394405630909
0.07411027696128923	0.06463276596331771	0.06268424427665825	0.05362328998081207	0.03883768837415295	0.057997555834794816	0.03298294556810262	0.24370028529133164	2.6249788181428868E-5	0.3714046979613592
0.07411779933938459	0.06462982775749321	0.0626832658733006	0.0536196659287258	0.03884290153581267	0.05799174190656628	0.03298343248559937	0.2437063660148998	2.6220655288358707E-5	0.37139877850292924
0.0741202161345413	0.06462645838118569	0.0626826288281902	0.05361962955140592	0.038846163460598604	0.057992416967588854	0.032997980825290776	0.24369174373871821	2.621790547087388E-5	0.37139654420700957
0.07410931830585991	0.06468985294084	0.0626800102005897	0.05367011767873847	0.03884201565917729	0.05796744545220331	0.032944134438304476	0.24371621033855106	2.6259892600452583E-5	0.37135463509313527
0.07412303000484105	0.06469400661289045	0.06269610416659335	0.053679239258979036	0.03883499359911719	0.057961611632054266	0.032933633293167314	0.24368429962741794	2.6236940646892637E-5	0.3713668448642925
0.07410795107823515	0.06469205930861244	0.06269363935767641	0.05371757419203883	0.03879247063712034	0.057983302458447294	0.03291780297636426	0.24366841787496563	2.6238456241042818E-5	0.37140054366029857
0.07410049277731597	0.06469597047757916	0.0626964215488778	0.05371985740627511	0.03879612112541894	0.05798252443611044	0.03290620237126146	0.24367954054853835	2.6247932113379613E-5	0.37139662137650925
0.07405889550501077	0.06467015029378931	0.06269983632228146	0.05375608613289751	0.038794371717782314	0.058024846814091896	0.032921232677831674	0.24367265630792795	2.6261495108120814E-5	0.371375662733279
0.0740580650245109	0.06467104385044638	0.06269643336804627	0.05376410369387499	0.03878421900920871	0.05802526892208937	0.03291889701094111	0.24367467399151882	2.6235673234342727E-5	0.37138105945612904
0.0740563635127496	0.06464620972168052	0.06269548592947026	0.053760744577734	0.038774513028358354	0.05802904164310274	0.03292744771098177	0.24370036522070382	2.624203463290342E-5	0.37138358662058596
0.07406790466305721	0.06463945751229573	0.06268981586990979	0.053756945616593235	0.03875105494002623	0.05804411624840192	0.032925303272544754	0.24370892866716815	2.6239098686292595E-5	0.37139023411131666
0.07407854688608659	0.06461665548481717	0.06270361090893761	0.05373188730152406	0.038766686908435447	0.058052499687973394	0.03293037767512659	0.24371223228106642	2.624635515939555E-5	0.3713812565108733
0.07408120716952586	0.06461147197619316	0.06268905754930287	0.05374226976496839	0.0387674171723951	0.05804166168809448	0.03293199409536443	0.24372146371173725	2.623809020144141E-5	0.371387218782217
0.07406282793274312	0.06464536030627897	0.06269139493244891	0.0537178610768613	0.03877692178566286	0.058052607644613	0.032938571422275076	0.24370001665726976	2.623258506037618E-5	0.3713882056567866
0.07402694284521816	0.06464567071053477	0.0627071832963493	0.05373038748740423	0.0387804553350197	0.058042035451469826	0.032952698411796835	0.2437085284269953	2.6237614090943162E-5	0.3713798604211209
0.07402674888610111	0.06464324965415187	0.06269010166332345	0.05372344812584601	0.038790027883824685	0.05803928278765034	0.03296315812250741	0.24371609669263233	2.6243041684304025E-5	0.3713816431422784
0.07405208790561357	0.06464617663390915	0.06270624310207285	0.05369644610375906	0.038759050178603816	0.05804448024334945	0.03297053666760098	0.24370590120357355	2.6247462684411693E-5	0.3713928304988331
0.07405614130092633	0.06464456493855014	0.06269814262877077	0.05368127505334104	0.03876171382146727	0.058052500026854234	0.03296089013201636	0.24370955048045484	2.626497014553142E-5	0.3714089566474734
0.07406193253551965	0.06464533377855672	0.06268992249268117	0.05366940092804892	0.03875943818580131	0.058052278645018225	0.03296423254014398	0.24371564290759629	2.6263191905656624E-5	0.3714155547947281
0.07402308064766296	0.06472407378912223	0.06266560041977567	0.05370249044294468	0.03878687792080355	0.05797886545112168	0.03298129417097055	0.24369907201004837	2.623615794954126E-5	0.3714124089896007
