0.18175947977534154	0.09093543872718701	0.09091915327499461	0.27276394608790944	0.3636219821345672
0.18185053046937877	0.09090683660629709	0.09092109578616359	0.2727352900196479	0.3635862471185124
0.1818210228894755	0.09091527061468414	0.09091804876673763	0.27275519952549593	0.3635904582036066
0.1818443068788534	0.09091787766508815	0.09091381310609611	0.27275300090306404	0.3635710014468981
0.18178154219064002	0.09090668791654019	0.09091952058010325	0.27278871436709573	0.36360353494562064
0.18180249695243594	0.09091519563756076	0.09090621576939864	0.2727647653946518	0.3636113262459527
0.1817666584643505	0.09093908843080355	0.0909186644578791	0.27276931045983005	0.3636062781871366
0.18178701392733326	0.09093218519337382	0.09091465469568821	0.2727867423418185	0.363579403841786
0.1817859411458267	0.09092806206553389	0.0909060356824141	0.2727929491216128	0.3635870119846123
0.18175040780403262	0.09091924858417161	0.09091068552463957	0.27279651798017607	0.36362314010697994
0.1817921642319208	0.09093361776950301	0.09091650752982389	0.27277695705649313	0.36358075341225893
0.18174469152552286	0.09091341931289716	0.09092263008805641	0.2727810293662376	0.36363822970728577
0.1818345080496948	0.09091205458724173	0.09092256534477795	0.27274093131260263	0.3635899407056827
0.18178752723671837	0.09091278560707042	0.09091373116630194	0.2727568269184236	0.3636291290714855
0.18182296567182812	0.09091956682726247	0.09091003130255075	0.2727340008047525	0.36361343539360597
0.1817809900458029	0.09092334490363288	0.09090840921999663	0.2727776793308694	0.363609576499698
0.18183555653240052	0.0909165360067766	0.09090776663024318	0.2727504100238066	0.3635897308067728
0.1817746823732923	0.09091006711505696	0.09091394533296751	0.27278517479651265	0.3636161303821704
0.18179039009200665	0.09092733696157705	0.0909056564392517	0.2727747103481036	0.36360190615906074
0.18182452750350928	0.09093943140346611	0.09091707741704955	0.27274400122898845	0.3635749624469864
0.18178164068992606	0.0909138049485654	0.09091042721284696	0.27279167821604206	0.36360244893261934
0.18184788608723626	0.09093242283264659	0.09090414543196935	0.2727417777028136	0.36357376794533397
0.18172488814104742	0.09092405606485418	0.09091560861555549	0.2727991798531755	0.36363626732536725
0.18176447104014293	0.09093797592189029	0.0909205409376996	0.2727484621076436	0.3636285499926234
0.18182437872969268	0.09092024338732384	0.09091151305945247	0.2727506408476348	0.363593223975896
0.18185043928417705	0.09091333447757552	0.09091600654578451	0.2727358592700856	0.36358436042237713
0.1817897491124848	0.09092059829934113	0.09091550453956339	0.27276164972027916	0.3636124983283313
0.1817561442688836	0.0909058265755678	0.09090738339780273	0.2727966054315783	0.36363404032616736
0.18177449481719105	0.09093380132265338	0.09091115673748318	0.27279439591248356	0.36358615121018856
0.18176663560820838	0.09092743563554995	0.09091890362110663	0.2727637602156318	0.36362326491950303
0.18174000279021774	0.09093733942605284	0.09091848281102052	0.2727962105281565	0.36360796444455223
0.18175481836454555	0.09092613508466107	0.09091050249681909	0.2727813954085919	0.36362714864538215
0.18183708899206763	0.09091713513707396	0.09091017591840192	0.27276269588247076	0.36357290406998555
0.18177501134517435	0.09091021284446044	0.09091371076895484	0.2727916261473543	0.36360943889405584
0.18177493979478426	0.09092645748372202	0.0909198593898434	0.2727443182541239	0.36363442507752625
0.1817352446817261	0.09091843987510485	0.09091917861909604	0.27279307799157193	0.36363405883250083
0.1817427483396522	0.09090530326091452	0.09092228012399127	0.2727932626326727	0.3636364056427691
0.18178729258907847	0.09091648440906137	0.09091980320020733	0.2727372390271481	0.3636391807745045
0.1817871427765193	0.090905969262196	0.09092299823610318	0.272755024470926	0.3636288652542553
0.18178490942239942	0.09091898986455539	0.09092429287058225	0.27277875884429675	0.36359304899816597
0.18177104062218613	0.0909284754031732	0.09090616857187457	0.2727643664786037	0.3636299489241622
0.18179246217768208	0.09093360338980301	0.0909237873941518	0.272777873810099	0.3635722732282639
0.18181094763091482	0.09093379233848625	0.09091326278815362	0.2727597518005221	0.363582245441923
0.1818190185687646	0.09091274061306157	0.09091036642244751	0.27273533745212386	0.36362253694360225
0.18179120051455014	0.09092537809870868	0.09091191199078871	0.2727926411761733	0.363578868219779
0.18181598978578012	0.09090882480873952	0.09092251375539595	0.27275514674157003	0.36359752490851416
0.1817666869278383	0.09092758659053383	0.09092409415715755	0.2727915262902706	0.36359010603419956
0.1818460402675174	0.09091447175465552	0.09091351295053786	0.27274265060451397	0.363583324422775
0.18177060719048357	0.09093749453470525	0.09091369607725107	0.27274198504932995	0.36363621714822997
0.1817844984199276	0.09093046119009278	0.090915079140604	0.2727648056309052	0.3636051556184702
0.18178002946947164	0.09093683888841826	0.09090627832766542	0.272737272530174	0.3636395807842705
0.18179231329248546	0.0909067816784314	0.09092290066375476	0.2727557981392215	0.36362220622610664
0.18179503581798137	0.09092792540144218	0.09090725404839722	0.2727621887186882	0.3636075960134909
0.18177246323505025	0.09094031918146059	0.09092248188095452	0.27274941787617446	0.36361531782636003
0.18179508508416303	0.09093657676126121	0.09091198789047986	0.2727582756080425	0.3635980746560532
0.18179394151340994	0.09091070532818951	0.09091064912408492	0.2727772597449726	0.3636074442893429
0.18181155053813633	0.09093191379750919	0.0909077318095916	0.27274433968294154	0.3636044641718212
0.1817789205145196	0.09093880957150074	0.0909052474977298	0.27279934401080375	0.3635776784054459
0.181789420718253	0.0909286448482459	0.0909074077245545	0.272753076848104	0.36362144986084244
0.18183748312484305	0.09092020240938761	0.09091006508677235	0.27274750947506254	0.36358473990393425
0.18182415881515537	0.09091433460158359	0.09090585379589906	0.27277560526678746	0.36358004752057427
0.18176412428492253	0.09090919339481819	0.09092389554132388	0.27279463488724826	0.36360815189168694
0.18185386396413164	0.09090838217604394	0.09091760521248055	0.27274662535484223	0.3635735232925015
0.18182778097360358	0.09091640723447297	0.09090553954754957	0.2727544728508751	0.3635957993934985
0.181820877371178	0.0909185259477702	0.09091560410164322	0.27275954026318006	0.36358545231622835
0.1817678687994456	0.0909343295249623	0.09091781591302195	0.2727511419926666	0.36362884376990334
0.18181169877284786	0.09092072096510852	0.09091589713063773	0.27277660429980205	0.36357507883160356
0.18182109324093548	0.09091686307885599	0.09092035193600276	0.2727651632002121	0.36357652854399347
0.18177610464200156	0.09091785456898138	0.0909241222744123	0.27274191895321015	0.3636399995613944
0.1817325004986817	0.0909286196304742	0.09092455502703485	0.2727953359683501	0.3636189888754589
0.18182538055836692	0.09093849876810366	0.09091447190762583	0.27274524633525543	0.3635764024306479
0.18178599759396558	0.09093980390230458	0.09090719291862782	0.2727562168758346	0.3636107887092672
0.1818098312551381	0.09092869686208328	0.09091588555226919	0.27274027872849105	0.36360530760201815
0.1818249362690583	0.09090739735331542	0.09090883517481207	0.27274699499770827	0.36361183620510573
0.18179189405321222	0.09093683635728234	0.09091232741285493	0.2727816902758624	0.36357725190078793
0.1817591575717416	0.09092687835539794	0.09090589191855193	0.27279370609168146	0.3636143660626268
0.18181188244434598	0.09093359862782027	0.09090603037982642	0.27274824994988744	0.36360023859811963
0.18183903766079226	0.09091617834854844	0.09090693394108929	0.2727654373926738	0.36357241265689605
0.18181029304686147	0.09091470962157719	0.09092332069652272	0.2727729882467665	0.36357868838827195
0.18177958409447853	0.09090696562551771	0.0909042170894913	0.2727945025534291	0.36361473063708316
0.1818001419447356	0.09093150264220319	0.09091174941785211	0.272743209273553	0.36361339672165593
0.18183983039527313	0.09090906642395984	0.09092157595105985	0.27273678265631696	0.36359274457339
0.18172769366100855	0.09092508383050124	0.09091099932838474	0.27279731398112306	0.3636389091989822
0.18176332079720342	0.09091506905883613	0.09090708910307636	0.2727947841325997	0.36361973690828414
0.18185030730286006	0.09091979757589885	0.09090787036103158	0.27274022827452005	0.3635817964856892
0.18177169545701588	0.09092529620288214	0.09090647718827954	0.2727871431272858	0.36360938802453646
0.18178175198820545	0.09092488166660498	0.0909131878872719	0.27274894469089733	0.3636312337670201
0.18176713699802882	0.09093896056271089	0.09090759529449557	0.27279236140765106	0.36359394573711346
0.18181308927554968	0.09091738810831616	0.09090952637580298	0.2727434409215326	0.36361655531879833
0.1818047209398167	0.09093337410580832	0.09091576475952264	0.2727355946026395	0.3636105455922126
0.1818075721297558	0.09093652166748419	0.09090552109337335	0.2727519192662738	0.3635984658431126
0.1818207187291276	0.09092899944294253	0.09092182966600973	0.27273311051779003	0.3635953416441299
0.18177565383477995	0.09091737872592984	0.09092032804337627	0.27275825188277436	0.3636283875131394
0.18175857866201922	0.09091937187224078	0.09091309931381722	0.27276944665816916	0.36363950349375346
0.1818218902426108	0.09092086185294464	0.0909071014922624	0.27275954067176084	0.3635906057404211
0.1817983988219957	0.09092763716271601	0.09092198854245351	0.27274457366459426	0.36360740180824036
0.18184793001346006	0.09090954268578207	0.09090784912315193	0.2727471747368383	0.3635875034407674
0.18183985404475286	0.09092947928875314	0.09091939927504443	0.27273703920953307	0.3635742281819163
0.18183784293979083	0.09093023375965942	0.09091150396715937	0.2727356026066279	0.3635848167267623
0.18183269095332386	0.09092191174740799	0.09091539209505414	0.27273326670809295	0.36359673849612084
0.18180867853661162	0.09092051855907188	0.0909208473466436	0.2727554277056996	0.3635945278519731
0.18176559267729894	0.09093904396933991	0.09091220994467505	0.272766917921926	0.3636162354867599
0.1817593100874516	0.09092484704710162	0.09091555381168737	0.2727789458411011	0.36362134321265815
0.18182193882614117	0.09090605727575313	0.09091756491498079	0.27277478251511	0.3635796564680147
0.18177166679970963	0.09093145002019468	0.09091004048384076	0.27278476035161303	0.3636020823446417
0.18176643353665012	0.09091852032789025	0.09090429428276772	0.2727807415081532	0.36363001034453857
0.1818392822665416	0.09090659908849866	0.09090653555625626	0.27276291295243765	0.3635846701362656
0.18176833772873005	0.09091412437544011	0.0909218616539921	0.27278940972733856	0.363606266514499
0.18179450711075706	0.09091477153147381	0.09091907764547288	0.2727491054397068	0.36362253827258917
0.1817796565760356	0.09092653209313145	0.09092133585468457	0.27276947100781734	0.3636030044683308
0.18173206726838728	0.09092915837132066	0.0909176406738208	0.27278492979914	0.36363620388733103
0.18183011589581355	0.09093528472972684	0.09091202595097393	0.2727435495714997	0.36357902385198576
0.18174853654766066	0.09093160487997418	0.09090988775686581	0.27279141904359855	0.3636185517719006
0.18176936876149763	0.0909387420163411	0.09091681296029445	0.2727695893047629	0.3636054869571037
0.18185400335122423	0.09090589566863982	0.09090467952510964	0.27276419717982603	0.36357122427520006
0.18179995911399055	0.09091765457988195	0.09091828107155212	0.272748685831993	0.3636154194025822
0.18183847635005904	0.09093517037053275	0.09092080653802032	0.2727332914003688	0.3635722553410189
0.1817746904063879	0.09093750655631723	0.0909087195777859	0.2727600717085536	0.3636190117509551
0.18181308598102047	0.09092746481683345	0.0909059403185566	0.27276996880308385	0.36358354008050536
0.18176376106284334	0.09091133046228597	0.09090988719688972	0.27277502800926545	0.3636399932687153
0.18177930706100812	0.0909369790765649	0.09091081815688727	0.2727821691504468	0.36359072655509267
0.18177110939624758	0.0909189536240225	0.0909076343825137	0.2727793118572506	0.36362299073996546
0.18180231002440847	0.090909256697257	0.09092282259979591	0.27273694124767367	0.36362866943086475
0.18181808747743322	0.0909139561132312	0.09091292467334695	0.2727452619283234	0.363609769807665
0.18180624527851258	0.09091595706808353	0.09091376137918034	0.2727498385799816	0.36361419769424175
0.18179679043645663	0.09092252078748421	0.09091037457346378	0.27279103182735076	0.3635792823752444
0.18179783669257288	0.09091010284624157	0.09091727816687449	0.2727438286506463	0.3636309536436646
0.18177235589065838	0.09093128267017084	0.09091939270008778	0.27276057937215126	0.3636163893669315
0.18181115629937028	0.0909222896728564	0.09091396419787952	0.2727611961863946	0.363591393643499
0.18178939295295488	0.09090595877519773	0.09091018172596002	0.27276217699406907	0.36363228955181803
0.18185061950680279	0.09091846051654971	0.09090864955182427	0.2727489524460171	0.36357331797880593
0.18181211614610476	0.09091289292447546	0.09091054354206454	0.27276477523380893	0.36359967215354605
0.18176738701222941	0.09093075031234332	0.09091865484837314	0.2727581755250768	0.36362503230197707
0.1817947456056862	0.09091878665191533	0.09091980382944292	0.27277637362741813	0.36359029028553724
0.18184330364938642	0.09090919904844534	0.09090616252287641	0.2727532128766191	0.36358812190267253
0.18177238361212777	0.09092476775276265	0.09091661062852985	0.2727884597096317	0.3635977782969477
0.1817403248646276	0.09091834987255391	0.09091744227119977	0.2727923183139117	0.36363156467770674
0.18179303768715205	0.09091116016150623	0.09091874331848923	0.2727371389176311	0.36363991991522127
0.1818055094360539	0.0909180470358493	0.09092188204293715	0.272783125730935	0.36357143575422446
0.181750034333606	0.09094040599728934	0.09092099642701834	0.27277381152648994	0.3636147517155961
0.18178188891870112	0.09091201975616461	0.09091381365979426	0.27276960022661795	0.3636226774387219
0.18172573315483587	0.09092187764748762	0.09092085050117561	0.27279290701552616	0.36363863168097454
0.18176498848571615	0.09092968463471435	0.09090423707084325	0.2727896223343032	0.36361146747442286
0.1818394506766082	0.0909076070191048	0.09091517726004085	0.2727349245289021	0.36360284051534386
0.1818224772633468	0.0909133933493464	0.09090869612502347	0.27276063092978964	0.36359480233249347
0.1817862263370718	0.09091474694960977	0.0909203168040871	0.2727773715748182	0.36360133833441294
0.18178336717965515	0.09093642212893388	0.09092248267504796	0.2727591457903742	0.3635985822259886
0.18178528913289177	0.09092524714764355	0.0909051656248421	0.27278359886109227	0.3636006992335301
0.18183740150357774	0.09091787626091602	0.09090486472415234	0.27274904431109676	0.3635908132002569
0.1817749815126964	0.09090511439951095	0.09092430615783553	0.2727854844659316	0.36361011346402533
0.18179566334232133	0.09092033540024719	0.09090569826619996	0.27275585581930645	0.3636224471719249
0.181772750322803	0.09091192450672916	0.0909216544062687	0.27277165144767956	0.36362201931651933
0.18178593175562147	0.09092153998737579	0.0909242339507785	0.2727822214915956	0.36358607281462846
0.18176570813876763	0.09092540778330535	0.09090889955334097	0.272794127081168	0.3636058574434179
0.18184873317639855	0.09090530275598316	0.09090480404261353	0.27274363910474897	0.36359752092025555
0.1817713477643602	0.09093988541010826	0.09092374772101663	0.27278987817866246	0.3635751409258522
0.18181439965695997	0.09092061164175715	0.09092380058085282	0.27273399273414345	0.3636071953862864
0.1817709543402784	0.09091576432216543	0.09091271640629352	0.2727916615017132	0.3636089034295492
0.18175108641719895	0.09093565321890522	0.09092322997178207	0.27276489106884877	0.3636251393232648
0.18177452682762862	0.09090525114366438	0.09091753667405456	0.2727719891482153	0.36363069620643684
0.18174656709073897	0.09093090008170059	0.09090452213490033	0.2727833398005565	0.3636346708921034
0.18181511197137618	0.09091948517394874	0.09090439490864873	0.27275059185115486	0.3636104160948713
0.1817438137719909	0.09091744120146747	0.09091523731930098	0.2727900767225549	0.3636334309846855
0.18174252749201025	0.0909293152091867	0.09090708887239167	0.2727993686988457	0.3636216997275655
0.18178542419237503	0.09092234570150125	0.09090523604079757	0.27275997679631336	0.36362701726901253
0.18177026818565312	0.09090552849996611	0.09091196301978194	0.27279938392963743	0.3636128563649611
0.1817978570160148	0.09090932006307556	0.09092465616657872	0.2727545263995613	0.3636136403547694
0.18182772043080273	0.09092273741801858	0.09091968824553856	0.2727480028451058	0.36358185106053414
0.18180936817505763	0.09090728944404285	0.09091729136841058	0.27278529478617575	0.36358075622631303
0.18176565984326806	0.09090892060709214	0.09091951528616111	0.2727718032618255	0.36363410100165294
0.1817558740071327	0.09091828189026319	0.09091287720132422	0.27277519769436526	0.36363776920691443
0.1817679545262638	0.09092259245852295	0.09090765917782002	0.27279994000529695	0.36360185383209603
0.18180918726331974	0.0909091513444985	0.09092405739609272	0.2727777894890735	0.3635798145070153
0.1817857766775864	0.09092330486031135	0.0909184079040187	0.2727653982546005	0.3636071123034828
0.1817552231728735	0.09091554499137422	0.09092167120597787	0.2727981776299045	0.3636093829998697
0.1817983488120378	0.09093377376140976	0.09090844536203749	0.2727504373935418	0.3636089946709729
0.18179249854151522	0.09092378293291511	0.09090506547857406	0.27274897872583553	0.3636296743211599
0.18178105256594174	0.09093959185614074	0.09090872072016312	0.27279787465225835	0.36357276020549584
0.18180791084807962	0.09093031262860228	0.09091411107081684	0.2727733596082881	0.3635743058442129
0.18181474105447554	0.09092110984222247	0.09091309237204483	0.2727447962211473	0.3636062605101097
0.1818209342736515	0.09091738370773203	0.09092119496275289	0.27276655901837155	0.3635739280374919
0.18174052202056984	0.09093534769248462	0.09091553434406496	0.2727884484512712	0.3636201474916092
0.18183818789090736	0.09091607019338863	0.09091870559478082	0.27273307405638997	0.363593962264533
0.18180274301883065	0.09093402440183837	0.0909133534101183	0.2727619839430758	0.36358789522613666
0.18180479457797946	0.09092418056740424	0.0909217817898356	0.27274866890357297	0.3636005741612075
0.1818299058600485	0.090912537372614	0.09091734785836222	0.2727476198207042	0.36359258908827086
0.181770236337955	0.09091142791061242	0.09091365857384055	0.2727834348328953	0.3636212423446965
0.18182354989560157	0.09094026907754815	0.09090659458020439	0.27275353696078786	0.3635760494858578
0.18175654890999896	0.0909135418123698	0.09091872614327035	0.2727830111270896	0.3636281720072711
0.18179082474088978	0.09093898077156246	0.09092024373224317	0.2727630582376628	0.3635868925176416
0.18178368931005245	0.09092199290415769	0.09091686786902621	0.272793593688385	0.3635838562283785
0.18174752689150842	0.09091754990191686	0.09091202630515789	0.27279257577474453	0.3636303211266721
0.18180671745680066	0.0909231073241425	0.0909140981376008	0.2727358598038362	0.36362021727761973
0.18182315887331663	0.09093719285170121	0.09090642597213874	0.2727348551087423	0.36359836719410094
0.18180447738756209	0.09090572723879935	0.0909040610186142	0.272785979826009	0.36359975452901516
0.18178821731879932	0.09090679392201764	0.09091794199299534	0.2727906635493087	0.3635963832168788
0.18179249465504443	0.09091109966412446	0.0909181566679641	0.2727425881664889	0.3636356608463779
0.18183297979221993	0.09092467760001915	0.09091585097190429	0.27275446857992214	0.3635720230559342
0.18174334369655865	0.09093536159632117	0.09091782163461866	0.2727769309254312	0.36362654214707013
0.18178094080944435	0.09093481768937424	0.0909238547527153	0.27278823282467807	0.36357215392378783
0.1818087263161293	0.09093942970292329	0.09092265334126903	0.2727331739589395	0.3635960166807387
0.18178155547727987	0.09093777560370572	0.09091024492532651	0.27279279818465285	0.36357762580903485
0.18179943372071733	0.09093543722735845	0.09092262090670011	0.27274643004385507	0.36359607810136885
0.181803873621116	0.09090694897758385	0.09092458222044122	0.2727811590568069	0.36358343612405186
0.18179723408295775	0.09092185511209983	0.09092033333393965	0.27274325397613053	0.363617323494872
0.18178461951221053	0.09091295616322109	0.09090680472683796	0.2727904797689822	0.36360513982874804
0.18180626542904368	0.09091885292375802	0.09091206946633323	0.2727450873652344	0.36361772481563037
0.18179723804850279	0.09090632251766623	0.09090694562107361	0.2727950582730347	0.3635944355397225
0.1817638199780501	0.09092197795037361	0.09092226458396109	0.2727541372013995	0.3636378002862155
0.18178993259521634	0.09093442137995643	0.09090953943917364	0.27276062213892255	0.36360548444673085
0.1817780805819071	0.09093993428623036	0.09092468704257613	0.27277769376788324	0.363579604321403
0.18177642646954606	0.09093074082274356	0.09091897358220638	0.2727544094350726	0.3636194496904312
0.18172186503801896	0.09093351919545105	0.09091454775490984	0.27279761236286104	0.3636324556487589
0.18179124504071426	0.09091063471866001	0.09090651716920303	0.27275265066333976	0.3636389524080827
0.18176536969269977	0.09092264244508015	0.09090654314995258	0.2727676620427727	0.36363778266949465
0.181811248759841	0.09093220466092213	0.09092378836582639	0.27275739505024665	0.36357536316316363
0.18180890116816625	0.0909282839516349	0.09091620348967104	0.2727605924545231	0.3635860189360045
0.18174015325551293	0.09091773141237022	0.09091608530191775	0.2727963236778703	0.3636297063523286
0.18178618817935002	0.0909261132330946	0.09091965380081748	0.2727395137737978	0.3636285310129399
0.18181999402374532	0.09090914577708488	0.09090738128875227	0.27274264351449445	0.3636208353959229
0.18172277741620163	0.09093478139609866	0.09091505218515976	0.27279696352452787	0.36363042547801183
0.18179683432882274	0.09090971879910688	0.09091959747552063	0.27279339495095334	0.36358045444559617
0.18175618237433314	0.09093773193931137	0.09091958787288924	0.2727521378771611	0.3636343599363049
0.18178634677761168	0.09092190655820258	0.0909104186750773	0.27278710906747766	0.3635942189216306
0.18182527565565232	0.0909110590072944	0.09091265373848308	0.2727775662991936	0.3635734452993764
0.18181828740910413	0.0909095876542196	0.09092015743992217	0.2727400844177754	0.36361188307897846
0.18183618946978347	0.09093168432487736	0.09090572099443496	0.27274237199637014	0.36358403321453386
0.18176450414431516	0.09091327334201593	0.0909117061223344	0.2727814197846006	0.36362909660673376
0.18180919363778653	0.09093736230414373	0.09090779604764543	0.27273974596916295	0.3636059020412611
0.18179047262154854	0.09091549073919786	0.09092433877922904	0.27277571372192316	0.3635939841381012
0.18179399124598927	0.0909266150053813	0.09090410128738169	0.27277778924357066	0.3635975032176768
0.18179475248508276	0.09090634590113354	0.09091004480576745	0.272767269798494	0.363621587009522
0.18179102536988676	0.09092080783407404	0.0909239561461331	0.2727802203537108	0.3635839902961951
0.18175417764737783	0.09093680619848231	0.09091780374020082	0.2727530413763251	0.36363817103761376
0.18179314082375503	0.09092892705952621	0.09091332473780477	0.2727842865797432	0.3635803207991706
0.18177496169191193	0.09091073563005382	0.0909195093562601	0.2727730640576319	0.363621729264142
0.18182862125033314	0.0909245154131219	0.09091428385566457	0.27275281674419594	0.36357976273668424
0.1818221876853703	0.0909102397174952	0.09090914661634489	0.27277058385609143	0.3635878421246979
0.18177533696045994	0.09093606656261226	0.09092212203532388	0.2727428723578789	0.3636236020837248
0.18179740133215133	0.09092463637535217	0.09091266878686463	0.2727582047379573	0.36360708876767434
0.18181318325136694	0.09092217175915787	0.09091146485799101	0.2727419872266583	0.36361119290482563
0.1818495942887951	0.09091758360362584	0.09090541111197141	0.2727516333124515	0.3635757776831559
0.18180766243887497	0.09092360939496988	0.0909105122470895	0.27273847509907223	0.3636197408199932
0.18179802659305994	0.09093499231844615	0.0909056122354484	0.2727776608132598	0.36358370803978546
0.18174408103162767	0.09091863394430943	0.09092333381111088	0.2727853714506329	0.3636285797623189
0.18176665807426723	0.09092744826940485	0.0909080221653422	0.2727757468425469	0.36362212464843857
0.18176575277711843	0.09092518189837909	0.09092392595792971	0.2727521881012362	0.36363295126533635
0.18182293447853137	0.09091054912890086	0.09092105433005025	0.27276027959812543	0.36358518246439187
0.18178914415059944	0.0909059544655627	0.09091570029058504	0.2727787476009165	0.3636104534923361
0.18181441197822829	0.09091926594568629	0.09090938316796766	0.27273984848273736	0.36361709042538015
0.18179749933999706	0.09092045998106661	0.09091343449642147	0.2727667035535519	0.3636019026289627
0.18175496027138943	0.09092296392097401	0.09090391345880787	0.2727909459527606	0.3636272163960679
0.1817783849072205	0.09091608459584445	0.09091752093378337	0.27275998353673936	0.3636280260264121
0.18180842391453111	0.09093384602823432	0.09091429724110292	0.27276682613082687	0.36357660668530456
0.1817676838034573	0.09093242668921102	0.0909181100255282	0.27275187913714016	0.36362990034466314
0.18178659871044095	0.09091841297851418	0.09091209753352338	0.2727847135988168	0.3635981771787045
0.18179781675676404	0.09091368767239322	0.09091137649335093	0.2727740680449664	0.36360305103252516
0.18183990166386255	0.09092824160338632	0.0909130610502873	0.2727334055039255	0.36358539017853814
0.18181703552086337	0.09090496143733279	0.09090723473757226	0.27279092258438475	0.36357984571984664
0.1818058726522967	0.09090869700916139	0.09091814043633452	0.2727543571025775	0.3636129327996297
0.18177985287997822	0.09093550419298975	0.0909106913213997	0.2727813246734519	0.3635926269321802
0.18177548393024873	0.09091964936907715	0.09091914443879542	0.27274632408558624	0.3636393981762922
0.18182170849235912	0.09093830204864486	0.09092182110428915	0.27273949769834877	0.36357867065635796
0.1817708476466864	0.09092121084236472	0.09091974726097049	0.27276184350327626	0.3636263507467019
0.18182141472966332	0.09092656911114065	0.09091764467007617	0.27273898708333844	0.3635953844057812
0.18179584853513645	0.0909074035921599	0.09092381477688036	0.27275276890407796	0.3636201641917452
0.18183868003484596	0.09091094088888582	0.09092047788739166	0.272749375615856	0.3635805255730204
0.1818148018049629	0.09091126483975355	0.09091261767100568	0.27277874262211277	0.36358257306216485
0.18182229490174798	0.09091709589124064	0.09091818688401312	0.272754683852251	0.36358773847074705
0.18176879868996906	0.09092800359248798	0.09091553297187875	0.2727525625681755	0.3636351021774885
0.18174631438279978	0.09093797877013557	0.09092156991346001	0.27276792447452897	0.36362621245907545
0.18175131412594406	0.09091037021018153	0.09091720365048658	0.27278368293346744	0.36363742907992014
0.1818130710546632	0.09091329619794417	0.09091811751872234	0.2727567355313124	0.36359877969735765
0.18175626371251752	0.09093823464209946	0.09091888347236518	0.27277679460686466	0.363609823566153
0.18174454049800232	0.09092695753841296	0.09091268659105103	0.2727845420726138	0.3636312732999196
0.18181595282547536	0.09092299037445656	0.09091451199139465	0.2727677380325073	0.36357880677616594
0.18181870284037396	0.09092796152753792	0.0909233982175161	0.27274637075701014	0.36358356665756164
0.18178568905765224	0.09092687196474694	0.09090968859926546	0.2727544201685953	0.3636233302097398
0.1818155921599769	0.09091452050889703	0.09092067190119413	0.27273763730071365	0.36361157812921807
0.18175715848718238	0.09091505821823709	0.09091058676450534	0.2727836228809793	0.36363357364909576
0.1817488861758617	0.09093942176996442	0.09090583814712563	0.2727783569887178	0.3636274969183303
0.18176830959198279	0.09091329454430541	0.09091087702539338	0.2727810675312822	0.36362645130703597
0.18178083363020517	0.09092333766183744	0.09091584329411212	0.27279975031943904	0.36358023509440607
0.18184261194146453	0.09090606611233572	0.09092030429880248	0.2727466563240537	0.3635843613233434
0.1817828428478537	0.09091054624402209	0.09091313824483332	0.27277928299363097	0.36361418966965964
0.18175517707785344	0.09092327860914239	0.09091619046750853	0.27276730120567777	0.36363805263981763
0.18181528098612898	0.09090889227587286	0.09091296365069919	0.2727896932092352	0.36357316987806354
0.1817847867643995	0.09091089804189545	0.09091288649023838	0.2727542698854415	0.36363715881802505
0.18179540393563762	0.0909082802273378	0.09090457090740364	0.272797043456147	0.3635947014734737
0.18175966841108052	0.09093537804634928	0.09091404496800304	0.27275391930696	0.36363698926760685
0.1818240146276972	0.09091284011799819	0.09092028009661232	0.2727528617401017	0.36359000341759035
0.18180137279092035	0.09091452608518705	0.0909098444441476	0.27276351840486135	0.3636107382748835
0.1818431861802344	0.0909193792075239	0.09092089655077856	0.27274487577480583	0.3635716622866571
0.18181462287174663	0.09092283675478531	0.09092251490438386	0.27274947532758237	0.36359055014150166
0.18177753560431545	0.09092423206241482	0.09092010665876095	0.272765016230988	0.36361310944352054
0.18177555043403543	0.09093861134124907	0.09091781057971574	0.27278294042060336	0.3635850872243962
0.18177376834181977	0.09092369677338061	0.09090897068437763	0.272754652930852	0.3636389112695698
0.18179009593576156	0.09091666590463605	0.09091878598995153	0.27273490912874854	0.36363954304090207
0.1818010729832376	0.09092251361221965	0.09090959787807484	0.27274237620708475	0.36362443931938293
0.18178848242209086	0.09093078002590152	0.09091410322073498	0.2727375613297033	0.3636290730015691
0.18178854603900746	0.0909357832321851	0.09091272656380972	0.2727624267859416	0.3636005173790559
0.1817933900383481	0.09093589803272008	0.09090865716809697	0.2727563860713864	0.3636056686894482
0.181773860697914	0.090932652045364	0.0909220575699406	0.2727554620646663	0.3636159676221149
0.1818344967548351	0.0909136333602744	0.09092236735739535	0.2727440829438478	0.36358541958364715
0.18177345508052256	0.09093793931450908	0.0909189863996262	0.27279017188562393	0.36357944731971803
0.18177493141806714	0.09092003959851337	0.09091307536449779	0.27277910443664805	0.36361284918227343
0.18180875126250642	0.09091664844877605	0.09091335689745579	0.2727501389878985	0.36361110440336303
0.18176375980190326	0.09091304668940736	0.09091190259137887	0.2727862018900251	0.3636250890272852
0.18179968458016485	0.09091217608673646	0.09091868571790013	0.27274962327817853	0.36361983033701983
0.1818220358588601	0.09092382947141558	0.09090487798771585	0.27276854330322486	0.3635807133787835
0.18179534425588822	0.09091148943597918	0.09091709289214109	0.272752135433788	0.36362393798220327
0.18183319351894456	0.09093935606345602	0.09091278798919213	0.2727362069212592	0.36357845550714796
0.18175930142500496	0.09092537408799031	0.09091409468962985	0.27278818309319924	0.36361304670417544
0.18181091134873417	0.09091298590164254	0.09090661817195052	0.2727977307254864	0.3635717538521861
0.1817471422162057	0.09093179656840426	0.0909145808042082	0.27277310925681003	0.3636333711543716
0.18181556653931236	0.0909211707368894	0.09090514005877633	0.2727614269403171	0.3635966957247046
0.1817728408102285	0.09091345411671939	0.0909046961141219	0.27278862587953834	0.36362038307939165
0.18178698749814987	0.09093971739399995	0.09091638480059769	0.27274906388259446	0.3636078464246578
0.1817861348546904	0.09092817810377089	0.09091481513073678	0.272799836195666	0.3635710357151357
0.18181377448165936	0.09091049253794098	0.09090517489661193	0.27277186221962335	0.36359869586416416
0.18175052653978976	0.09091694603179372	0.09091505496177571	0.27278209000481835	0.36363538246182225
0.1817750831807013	0.09092547847296073	0.09092375533899809	0.27278857552748154	0.3635871074798581
0.18179133039269949	0.09093723755495664	0.09091083893853799	0.27278458926704463	0.3635760038467611
0.1817947500483314	0.09092369580515224	0.09091947464719284	0.27278988721989483	0.3635721922794285
0.18180610723932283	0.09092183861455724	0.09091078405359608	0.27274516136068794	0.3636161087318357
0.18174646955439308	0.09093756023575228	0.09091398529514116	0.272782070995941	0.3636199139187723
0.18175491304893268	0.09093487598643363	0.09091013589766617	0.2727639609044985	0.3636361141624688
0.1818200400580398	0.09090807038596069	0.09091493236038202	0.2727516648054914	0.3636052923901259
0.18180797828408612	0.09091852921271446	0.09090957040099218	0.27278808596336396	0.36357583613884303
0.18176743393872394	0.0909193065442414	0.09092209566364276	0.2727922417957375	0.3635989220576542
0.18175275217948206	0.09093154944025482	0.0909095195085689	0.27277775196584025	0.36362842690585373
0.18177908679060673	0.0909062962903264	0.09092291194584425	0.2727773246308473	0.36361438034237514
0.18181181315011774	0.0909258828156066	0.09091315768893299	0.2727559140388411	0.3635932323065014
0.18183466721665908	0.09091903025432713	0.09090781862108896	0.2727336236307649	0.36360486027715966
0.18182071792472806	0.09090912020203058	0.09091424407800029	0.2727821402260903	0.36357377756915055
0.18178855277988204	0.09092873125917529	0.09091154862385653	0.27278508409721675	0.3635860832398692
0.18174911664480684	0.0909131577024228	0.09091563742823855	0.27279232219927796	0.36362976602525365
0.18180365614075628	0.09092915124282067	0.09090816937272919	0.2727526624513278	0.36360636079236586
0.1818215577974461	0.09090881087154642	0.09090726594450071	0.27277718026716147	0.3635851851193451
0.18176678219753833	0.09092748922308656	0.09091530554936887	0.27279571700237043	0.3635947060276356
0.1817901191282544	0.09094033030684087	0.09091241369743625	0.2727618028872394	0.3635953339802289
0.18177732755497913	0.09093915193500744	0.090922505770401	0.27278913023566664	0.36357188450394556
0.18180866187249262	0.09091890691455075	0.09091470483576758	0.27276389792894024	0.3635938284482486
0.1817770364587062	0.09091868027908143	0.09092337172514056	0.272769911342278	0.3636110001947936
0.18176803049226445	0.09094020962605102	0.09092367411450421	0.27277280158005934	0.3635952841871207
0.1818173145347716	0.09092065728054441	0.09091817250018665	0.27273319532553814	0.36361066035895906
0.18176972490966473	0.09091077842090306	0.09090843407823504	0.2727912465565299	0.3636198160346671
0.18177941700855646	0.09093841876940584	0.09090557763908	0.2727379835377629	0.3636386030451946
0.18178990966739253	0.09092121271109188	0.09092145300835955	0.2727714327188912	0.3635959918942646
0.181821041245111	0.09093246999720801	0.09092256444414737	0.27274698167874845	0.3635769426347849
0.18173738222758912	0.0909343843201112	0.09092333793380677	0.2727986811868096	0.3636062143316831
0.1818202006697662	0.0909158045884671	0.0909080909077456	0.2727806102991344	0.36357529353488655
0.18176718706655987	0.09092011143917297	0.09092098865957557	0.2727887608798777	0.3636029519548136
0.18174658502560787	0.09094005953767807	0.09092213621735895	0.2727836968047379	0.363607522414617
0.1818047944499895	0.09090531580585468	0.09091883754136884	0.2727592064601595	0.36361184574262734
0.18177222268901477	0.0909286754948144	0.09090935895880924	0.2727859026114023	0.3636038402459591
0.18178993460464865	0.090906819740626	0.09090711033279045	0.2727887891911487	0.363607346130786
0.18176234091019414	0.09091541457838993	0.09091250224543623	0.27277385392667364	0.3636358883393059
0.18180050259403824	0.09094005293943291	0.09091939369902854	0.27275446138524306	0.3635855893822571
0.18177585919051967	0.0909273036472733	0.09091732511058805	0.27277590164475807	0.3636036104068607
0.18172656122699307	0.09093801082783598	0.09090985301149088	0.2727857486342963	0.36363982629938363
0.1817326304356779	0.09092077499837546	0.09092319288796606	0.2727999501630239	0.3636234515149565
0.18182034087494492	0.09091729281173262	0.09091058708873251	0.27275727022691826	0.36359450899767154
0.1817511424251639	0.09092691764224695	0.09091872452165964	0.27277435168212727	0.363628863728802
0.18179158893985572	0.09093966465122666	0.09090903154405339	0.2727706490443638	0.3635890658205002
0.18180182769079442	0.0909148624886455	0.09091476691047709	0.2727717151171165	0.36359682779296626
0.18172368404136616	0.09093774503678674	0.0909157754380698	0.27279497323669577	0.36362782224708134
0.18179684675517754	0.09093318648964699	0.09092073346205112	0.2727472518894664	0.36360198140365774
0.18185140011212503	0.09091512238999153	0.09091779302922237	0.272735272038814	0.36358041242984696
0.18179797860954888	0.09092506295164238	0.09092125663606726	0.27277967874076336	0.3635760230619779
0.18179119299552843	0.09091347944401454	0.09090582714095513	0.27275937599481276	0.3636301244246889
0.18177312328402756	0.0909191496919967	0.09091323181564205	0.2727875992626338	0.3636068959456997
0.18176488464864932	0.09093183397103549	0.0909119884483318	0.2727525580158694	0.36363873491611376
0.18181280172067668	0.0909113065011387	0.09092176913616772	0.27275743180839485	0.3635966908336218
0.1817849038817882	0.09092186301878563	0.0909220911463989	0.272738912540097	0.36363222941293005
0.18180044155890887	0.09093081329426562	0.09090867261570237	0.2727555345845348	0.3636045379465882
0.18183873620575422	0.09091806523492556	0.09091067628693034	0.2727518932042942	0.36358062906809546
0.1818307379992248	0.09090704132584762	0.09092344647146472	0.2727352291997244	0.36360354500373826
0.1817541789239625	0.09092817078020667	0.0909178832363271	0.2727953945561506	0.3636043725033529
0.18178896536316158	0.09092930291660606	0.09091731847537103	0.2727689070191951	0.36359550622566605
0.1818253490419321	0.0909072335413264	0.09090488341011778	0.2727636502633624	0.3635988837432611
0.18173214509977345	0.09093348150689123	0.09090571797844768	0.2727936714944083	0.3636349839204791
0.1818003318035548	0.09092962209484526	0.09091364078483337	0.27276404507487095	0.36359236024189545
0.18179773930621318	0.09091463463352739	0.09090555648621856	0.2727655323776688	0.3636165371963719
0.1818041985921257	0.09092334716822505	0.09092033434782441	0.27275874329445227	0.36359337659737245
0.18182221972055052	0.09092550513871525	0.09091858125071423	0.2727406724011406	0.3635930214888792
0.1817991641133107	0.09092967816025663	0.09091188841654867	0.27276114091185744	0.36359812839802635
0.18180662415831444	0.0909261923156375	0.09090556643431157	0.27278986876157185	0.3635717483301645
0.1817325192975528	0.09093761003599082	0.0909218615702629	0.2727702720650077	0.3636377370311856
0.18178828335777558	0.09092599664353697	0.0909189008880262	0.2727920347785306	0.3635747843321304
0.18172978448296268	0.0909239440448974	0.09092368331916284	0.2727922605519877	0.3636303276009892
0.18179629706509945	0.09093086081776999	0.09090522484452199	0.2727622484894946	0.3636053687831138
0.18180755677199967	0.09093484197122384	0.0909243657337834	0.27274880123823847	0.3635844342847544
0.18183178847312764	0.0909265663933086	0.09092174134154925	0.27274658221811265	0.36357332157390165
0.1818050705751059	0.0909188625896938	0.0909093337682224	0.27274773862990287	0.3636189944370748
0.18178857566819273	0.09091842108148675	0.0909070162809237	0.27278845552857606	0.36359753144082063
0.18182789335740318	0.0909194547572569	0.09091752320967827	0.2727381617900678	0.3635969668855936
0.18181488098409865	0.09091716478704809	0.09092198843998121	0.2727534299190645	0.36359253586980733
0.18178277685534208	0.09092015674286853	0.09091237483323779	0.27277831071233544	0.363606380856216
0.18179152931189882	0.09092347706590663	0.09090896553759409	0.27277816143619477	0.36359786664840543
0.1817538107586737	0.09091606524272561	0.09091516953860439	0.27279218237045666	0.36362277208953947
0.18176944060979758	0.09091355920349167	0.09091177221047429	0.27277140266160826	0.36363382531462807
0.1817706404384703	0.0909323714422682	0.09090404274763911	0.27277657597565175	0.3636163693959704
0.1818296562059856	0.09091801708380773	0.09091118040134125	0.27275436430544076	0.36358678200342454
0.1818180103373786	0.09092623528044277	0.09091757010806306	0.27276589006471536	0.36357229420939996
0.1818340656798465	0.09090781306493559	0.0909065493596021	0.272748924984307	0.3636026469113086
0.18181644733630808	0.09091642778678691	0.09091521011862827	0.27275693938375556	0.36359497537452096
