0.18245678103585983	0.1544550282358616	0.6630881907282787
0.031680822632606354	0.17267754591357753	0.7956416314538163
0.1888277652414049	0.30317371557852546	0.5079985191800698
0.21645741727218046	0.3312407167526352	0.45230186597518446
0.1101116879309667	0.44848222428123774	0.44140608778779566
0.10317975999560183	0.39720460424624154	0.4996156357581567
0.2032593852872934	0.24976093955226666	0.5469796751604401
0.0748794198152356	0.12779701847336783	0.7973235617113967
0.09506870405036877	0.4173118343143256	0.4876194616353057
0.21882455950795054	0.25438598309263705	0.5267894573994125
0.21237048178059018	0.10952374559669678	0.6781057726227131
0.2006654039199645	0.3455479786946675	0.4537866173853681
0.15683959308620612	0.3265325498866879	0.5166278570271061
0.2268242435404143	0.3554108664500306	0.4177648900095552
0.16598137220790354	0.38180497999844454	0.45221364779365203
0.04642473634646177	0.4452945845750511	0.5082806790784873
0.2567528281417273	0.19268286878207064	0.5505643030762022
0.05401687141970046	0.5714818479085386	0.374501280671761
0.05960172184658469	0.0859332576931856	0.8544650204602299
0.21371608364223665	0.24642778249727335	0.5398561338604901
0.07384961518328736	0.11489894225831318	0.8112514425583996
0.15176928765519324	0.48216111817821283	0.366069594166594
0.030536719970719606	0.44684964534186544	0.5226136346874151
0.12410789549288628	0.19161777946547975	0.6842743250416341
0.2273096527094815	0.5949996958755384	0.1776906514149803
0.2760100121918897	0.11108833240173605	0.6129016554063743
0.04589242179535091	0.4382689375723685	0.5158386406322806
0.10507257929047806	0.21882908836523088	0.6760983323442912
0.21154251837358334	0.5258170238434963	0.26264045778292056
0.09640102403879941	0.5494360213958397	0.354162954565361
0.06520685679783478	0.4730987528474176	0.46169439035474774
0.16126912758008294	0.47459661242345297	0.36413425999646415
0.18381299388039868	0.5448944282338042	0.27129257788579725
0.21287941634378668	0.5629554568154291	0.22416512684078424
0.1815420020180452	0.14442413262817805	0.674033865353777
0.09217480906384257	0.4593977924880006	0.44842739844815693
0.08757614123209884	0.5482983135913466	0.3641255451765547
0.20183975095538353	0.08006180905944149	0.7180984399851751
0.18755506029518637	0.3935726091500525	0.41887233055476125
0.2562785874179006	0.6501873030312775	0.09353410955082211
0.18998196775882029	0.5916059731428389	0.2184120590983409
0.041604131938151656	0.4401709969002852	0.5182248711615632
0.10333300149109415	0.33880868140684245	0.5578583171020636
0.22321752406453027	0.48813514528113044	0.2886473306543394
0.08211001814439445	0.5575118534864164	0.36037812836918937
0.1291875344028284	0.11277428031869441	0.7580381852784772
0.24755648151073717	0.15330544381624073	0.5991380746730222
0.09964567407955399	0.6878531736269312	0.2125011522935149
0.04905665806548487	0.5474647393551256	0.40347860257938956
0.2676073714244206	0.28120506527910877	0.45118756329647075
0.2768600465725918	0.514732613387197	0.20840734004021133
0.11404869331210454	0.6002079617503138	0.28574334493758174
0.20218394124771777	0.6110042093821144	0.1868118493701679
0.03843618842004004	0.648539783762593	0.31302402781736716
0.031756962322513516	0.4501875278787793	0.5180555097987073
0.23234979171366998	0.38414926967462515	0.383500938611705
0.14596194716157795	0.4807997633143687	0.37323828952405347
0.13514066257486224	0.3771274832612275	0.4877318541639104
0.09324813120376846	0.4060241216963192	0.5007277470999124
0.0409368746784432	0.3704643771772519	0.588598748144305
0.28548423476268014	0.40726909168443515	0.3072466735528848
0.16216617875482145	0.4085970525025918	0.42923676874258687
0.09638931664234399	0.5773598229044395	0.3262508604532165
0.2666974515427731	0.5694344907084485	0.16386805774877844
0.09549817237993055	0.6367093163761897	0.26779251124388
0.10128284177428573	0.5327004040521578	0.36601675417355656
0.11875532956442555	0.3078002844519983	0.5734443859835763
0.05373864095145031	0.5435197575184111	0.4027416015301387
0.05197581750866409	0.31089663440319404	0.637127548088142
0.17754399163013218	0.3002816482956598	0.5221743600742081
0.2057179735073225	0.6263524434371671	0.16792958305551048
0.23418067164852568	0.7003367656560913	0.06548256269538316
0.08536423437757124	0.6172836706123903	0.29735209501003856
0.1837054518903963	0.4593433049072629	0.35695124320234095
0.19680717405914672	0.3704186955823108	0.4327741303585426
0.03526820595732705	0.31044622062081384	0.6542855734218593
0.20824907722020716	0.243933529771725	0.5478173930080679
0.07006456935621064	0.3634031561446558	0.5665322744991337
0.19519887861022342	0.25821224552384	0.5465888758659367
0.1693295673784929	0.19199617562113677	0.6386742570003705
0.15704734450279356	0.3124654012283304	0.5304872542688762
0.06539653471052592	0.23450412014508076	0.7000993451443935
0.17852669513327235	0.5947211704020648	0.2267521344646629
0.20839364571504623	0.6543401276591435	0.13726622662581037
0.23785360506571163	0.10728893111195506	0.6548574638223335
0.1364885842026939	0.31754764217059855	0.5459637736267077
0.0767188391556356	0.08199729479719764	0.8412838660471669
0.04745554987561329	0.5192983217601638	0.43324612836422305
0.28313419833941167	0.6806420864607841	0.036223715199804385
0.16151644311394214	0.6368140318388932	0.2016695250471648
0.26369767620030743	0.5728008954473514	0.16350142835234124
0.10405900508361182	0.6379626791386193	0.2579783157777691
0.21679261282796852	0.43241371780887833	0.35079366936315326
0.22226444876833645	0.655890843510113	0.12184470772155073
0.2047365711102968	0.08892666913902592	0.7063367597506774
0.10747210313849523	0.10825061457540763	0.7842772822860973
0.08992163082008586	0.07932971288077167	0.8307486562991426
0.045210426882416666	0.3452734180900612	0.6095161550275223
0.2378692828244332	0.3169086427774965	0.44522207439807043
0.19369069370203343	0.5729041851651281	0.23340512113283865
0.16200570591187063	0.3875429096770597	0.4504513844110698
0.20451238449519504	0.31427427405201264	0.48121334145279243
0.23362035005701332	0.38158639564309305	0.38479325429989375
0.2518560130789822	0.17243848905352682	0.5757054978674911
0.1352446081431721	0.2691381494768702	0.5956172423799577
0.2832804397604741	0.2230476378239804	0.4936719224155456
0.18039457333997871	0.39384694062941084	0.4257584860306106
0.23049355300409602	0.4783562050145841	0.29115024198132
0.0926577709652496	0.6903725817822506	0.2169696472524999
0.10582088367102865	0.11710171893249263	0.7770773973964789
0.09112960443347945	0.2775593068585245	0.6313110887079962
0.058861719860418715	0.11177950251144714	0.8293587776281344
0.266482066904432	0.1613016249548272	0.572216308140741
0.08895119313873479	0.26256997902377205	0.6484788278374933
0.09265961336335532	0.7032601741990285	0.2040802124376163
0.10965924367171251	0.45488753564995177	0.43545322067833586
0.06594654817263707	0.5220168341043805	0.41203661772298256
0.09345362567108068	0.25451201589468264	0.6520343584342367
0.22058477807512228	0.1484276195638719	0.6309876023610059
0.2584085399675158	0.5337479410401328	0.2078435189923516
0.25471672380157917	0.23658717145245337	0.5086961047459676
0.08626466883628678	0.278584176507338	0.6351511546563753
0.033649849706271606	0.4252240328036215	0.541126117490107
0.05305736301511632	0.4743015870583367	0.4726410499265471
0.13433131400996284	0.44609197421347446	0.41957671177656286
0.2830861031481217	0.4227763208880221	0.2941375759638563
0.1689267538664992	0.6132444082353059	0.21782883789819504
0.09283214063102266	0.515514364512695	0.3916534948562824
0.23961554765059695	0.651788835027503	0.1085956173219002
0.11609220984092325	0.6987013736158829	0.18520641654319392
0.11124026597204614	0.3980431802361514	0.4907165537918026
0.052764260765995774	0.2923921385247314	0.654843600709273
0.2217917105006136	0.2547718132437697	0.5234364762556167
0.13742879616140113	0.2555361133334589	0.6070350905051402
0.1955684314523952	0.1725903961904585	0.6318411723571464
0.11217115456307775	0.11054888576308952	0.7772799596738329
0.07053554693903691	0.3642660974870915	0.5651983555738718
0.2830671876909486	0.12733898266567295	0.5895938296433786
0.202609636729786	0.33855435453119664	0.4588360087390174
0.09289205052156388	0.19660032082231493	0.7105076286561213
0.11062848026107713	0.4305800995183218	0.45879142022060115
0.17904863720290776	0.17986878106739645	0.6410825817296959
0.11104396698864388	0.1687696813274796	0.7201863516838767
0.15930862003644036	0.3989077953952944	0.44178358456826533
0.07787053720634524	0.3381654859095051	0.5839639768841498
0.259837215026403	0.2257360224556173	0.5144267625179798
0.22274954341500275	0.4330474499832884	0.34420300660170894
0.10153975716870958	0.2030596464427921	0.6954005963884985
0.2172802452591719	0.394510796551127	0.38820895818970125
0.07644475198005468	0.44095420397239293	0.48260104404755255
0.16842175644412258	0.21621391930981243	0.6153643242460651
0.187327384520089	0.3668635916178215	0.44580902386208965
0.17607583417535505	0.33671492145922793	0.4872092443654171
0.03994546922883513	0.5016381143736567	0.4584164163975083
0.09465251565963292	0.6640389868442524	0.24130849749611474
0.16280619819862177	0.4632193427998786	0.3739744590014998
0.11902787920035338	0.2391079846593599	0.6418641361402868
0.23026632522159157	0.5867820451350059	0.18295162964340259
0.06597623360495286	0.44964821620843287	0.4843755501866144
0.030046507747164886	0.2951810097001915	0.6747724825526438
0.2646784159151283	0.14660111175559645	0.5887204723292754
0.21043526037690025	0.300356056990278	0.4892086826328219
0.0813016838923134	0.6091921642716849	0.3095061518360018
0.2199873601779	0.3169987208435232	0.4630139189785769
0.2606034110176866	0.10699589665829184	0.6324006923240217
0.16006072924090156	0.5547838207099507	0.2851554500491479
0.18583496421541557	0.5789426834458473	0.23522235233873715
0.03961986481579871	0.12014032228854232	0.8402398128956591
0.2618194210405387	0.5257491299267529	0.21243144903270844
0.041487694748995496	0.44626991235749536	0.5122423928935093
0.041122496878204795	0.3862760678144759	0.5726014353073194
0.03520548298676329	0.4796347654684798	0.48515975154475705
0.1625192986564401	0.6209576250210975	0.2165230763224625
0.2506912691028957	0.11416065342381648	0.6351480774732878
0.17089434644718	0.4632390141187611	0.365866639434059
0.049837430472227495	0.2877501979149421	0.6624123716128305
0.24024865889091074	0.5963121789409551	0.16343916216813434
0.24356535114966965	0.5522798922004536	0.20415475664987684
0.13793242692460214	0.22698694820356055	0.6350806248718375
0.15255560586735578	0.44846422560312854	0.3989801685295158
0.1089273297049552	0.14763432261418774	0.7434383476808573
0.09874009757933283	0.49157009402156493	0.40968980839910235
0.04724655650548465	0.38228954112346575	0.5704639023710497
0.06998069358133158	0.5740581270266929	0.3559611793919757
0.2469273244645187	0.14838859961214712	0.6046840759233343
0.09477131258318097	0.6274268958660425	0.27780179155077667
0.08553405616351484	0.18730270533816828	0.727163238498317
0.22590471506462825	0.6927640897583339	0.08133119517703791
0.28554364008913435	0.3043402951885204	0.41011606472234535
0.20468969272530968	0.6805562974401567	0.11475400983453382
0.11991625818076657	0.28746709356220146	0.5926166482570321
0.15627450256747616	0.5299678758155681	0.31375762161695586
0.11515766423280535	0.5923164747695354	0.2925258609976594
0.14050636042863748	0.16530746242457844	0.6941861771467842
0.13622868017627676	0.12816233085737638	0.735608988966347
0.14000439902789566	0.13199599380102342	0.727999607171081
0.2552566386758757	0.12873603597902755	0.6160073253450968
0.23451224418751931	0.4216496983935559	0.34383805741892487
0.1624049421714744	0.4578247661205682	0.37977029170795756
0.06953609208288192	0.49322475835598817	0.43723914956113
0.15006773978700536	0.30739560360272716	0.5425366566102676
0.13422046772120821	0.2981014907496017	0.5676780415291902
0.054861075899154566	0.7002310911199985	0.244907832980847
0.04395062855865606	0.3757640199838975	0.5802853514574465
0.12964969743720883	0.2028254176383515	0.6675248849244397
0.2214498169823825	0.5589424861793568	0.21960769683826073
0.2861100649831296	0.30901767828004906	0.4048722567368215
0.13133216935552042	0.5564979956861853	0.3121698349582944
0.10943136981882709	0.46784754638490206	0.42272108379627094
0.11214162721809978	0.08833327198510926	0.7995251007967911
0.1869130784791738	0.2888727196704041	0.5242142018504222
0.2595452124315689	0.32343306458089816	0.41702172298753304
0.05805963035931094	0.1765542754008897	0.7653860942397994
0.22187831404594	0.5636343653050514	0.21448732064900872
0.17131386943925958	0.5394008350324468	0.28928529552829363
0.14224738534313566	0.6199462866719629	0.2378063279849016
0.22792765506557153	0.503245631907504	0.2688267130269245
0.26205980410126734	0.7014757613316305	0.036464434567102355
0.03140177833131963	0.4206806658315144	0.5479175558371661
0.16398353763192935	0.32969980474484595	0.5063166576232249
0.2711626311913997	0.48191275294578806	0.24692461586281234
0.09869005010021331	0.6039504996014221	0.2973594502983647
0.17502151231218147	0.553709277334769	0.27126921035304963
0.14059535725433392	0.19827601397708372	0.6611286287685825
0.06639178733145423	0.30712959865731215	0.6264786140112337
0.2507690160728844	0.4649822178742894	0.2842487660528264
0.10257020412513304	0.18288751680398108	0.714542279070886
0.033944874616150145	0.49392551380619765	0.4721296115776524
0.11418157789217454	0.5765263969426732	0.3092920251651524
0.1833579341365651	0.10555025830460563	0.7110918075588295
0.2706758413135918	0.436094830549041	0.2932293281373673
0.06305442817167384	0.4714297511642134	0.46551582066411296
0.22797058456122637	0.3336882981813362	0.4383411172574376
0.08074178063561166	0.2066976450710131	0.7125605742933754
0.2781504020222498	0.5490070637634124	0.17284253421433793
0.06217997763505906	0.5803171010800523	0.3575029212848887
0.06057206442748836	0.16831224080314272	0.771115694769369
0.2803060645163588	0.3286997105007654	0.3909942249828759
0.11062238952823372	0.49283691659234957	0.3965406938794168
0.14450287042725818	0.6230689085002415	0.23242822107250044
0.17498430056469108	0.37020954092014263	0.4548061585151664
0.13911185221167696	0.3049387507569211	0.5559493970314021
0.2624562486288435	0.4940445748389184	0.24349917653223824
0.11790482176907602	0.08850487491643505	0.7935903033144891
0.07062617081827921	0.30051516772850834	0.6288586614532126
0.19752869258739475	0.13454994371721646	0.6679213636953889
0.2030058595567099	0.46708307895453943	0.3299110614887508
0.1579399277913899	0.13866453857368471	0.7033955336349255
0.10443002321278128	0.30716327072816113	0.5884067060590576
0.05413496119051703	0.31260961600941517	0.633255422800068
0.2483551409917661	0.6228408148038389	0.12880404420439504
0.19749759486828844	0.21819281307683136	0.5843095920548802
0.26957952519398287	0.5076281200919969	0.22279235471402037
0.19340440317169372	0.15689383066048795	0.6497017661678185
0.11681621071403653	0.3971067311177537	0.48607705816820995
0.23501172468524456	0.3895937725682715	0.3753945027464841
0.03890980797287824	0.22041320294167438	0.7406769890854475
0.04711684412128536	0.14904821720081948	0.8038349386778953
0.0640822176736498	0.3549110648799029	0.5810067174464475
0.031050169889317747	0.4163038774700848	0.5526459526405976
0.11758433610537328	0.08270718391336751	0.7997084799812594
0.12763591930263207	0.12646378337748193	0.7459002973198862
0.09813808875519159	0.17574390224328376	0.7261180090015248
0.08173082988407998	0.365054490133861	0.5532146799820592
0.1489475421932497	0.29472213746291837	0.5563303203438321
0.11997988176309149	0.48451002627212414	0.39551009196478454
0.08765653974038251	0.4595540450127888	0.4527894152468288
0.26728178381472034	0.31946599586562213	0.41325222031965764
0.17745270866799595	0.6654598766863722	0.15708741464563192
0.06646629471274534	0.5938115302419726	0.3397221750452822
0.17547935038144657	0.31281217497419994	0.5117084746443537
0.14664387996904588	0.4194163589024237	0.4339397611285306
0.1595779841567197	0.6977899052396492	0.14263211060363112
0.20165835807703986	0.30168268424950745	0.4966589576734528
0.0342215298917084	0.6614575733466744	0.3043208967616173
0.16829964586173798	0.5270301794107631	0.304670174727499
0.14123166222623793	0.34297844333703975	0.5157898944367225
0.22913006960663065	0.5364514980914941	0.23441843230187542
0.058604793506811026	0.5361035249306931	0.40529168156249595
0.19197394868567855	0.12239487324931697	0.6856311780650046
0.14777039024195418	0.26353264799633425	0.5886969617617117
0.08971409327662638	0.5526930815765297	0.357592825146844
0.06953419349669743	0.6141924685076905	0.3162733379956123
0.20939468118978372	0.25570864723015796	0.5348966715800585
0.08631518394280102	0.41589536046597364	0.4977894555912255
0.050888399063654444	0.1281264282454476	0.8209851726908981
0.21437366801638308	0.2479717769236235	0.5376545550599936
0.27296495020922407	0.587884334116301	0.13915071567447507
0.11202953770769403	0.23519613814639423	0.6527743241459119
0.11643707150178656	0.6580847267321412	0.22547820176607236
0.17291217000643067	0.1512005091875105	0.675887320806059
0.2290687601780316	0.3997910654970922	0.37114017432487634
0.051248158878872685	0.6865561465517565	0.262195694569371
0.1960491699889847	0.10158872055068852	0.702362109460327
0.22973179672835267	0.4476045665067045	0.3226636367649429
0.0357075884972351	0.18270127637781025	0.7815911351249547
0.03334703178018633	0.30233257034447336	0.6643203978753405
0.2704621383907822	0.08484507917546472	0.6446927824337532
0.14679825919390982	0.6738555543070134	0.1793461864990769
0.20602234050121634	0.3666020031652235	0.4273756563335603
0.2781571647047818	0.2352948301531863	0.486548005142032
0.19593977933122475	0.16484348524524334	0.6392167354235321
0.031312378894895576	0.5718760642706302	0.39681155683447433
0.23190417796112978	0.48403295530371304	0.2840628667351573
0.06812522320034298	0.44501728380677624	0.48685749299288095
0.07937045006748283	0.1174534662066192	0.8031760837258981
0.11588189081422354	0.39779912040203924	0.48631898878373736
0.18844241315242335	0.5987685065670089	0.2127890802805679
0.04399978432822993	0.5069620444602374	0.4490381712115328
0.175950558071445	0.11869422191014012	0.705355220018415
0.09088578940725492	0.18477940864251774	0.7243348019502276
0.15593943853526165	0.5084739582770542	0.33558660318768424
0.1590651270571199	0.46006853065032893	0.38086634229255134
0.06091839570925223	0.15151675244086565	0.7875648518498822
0.08032149576942882	0.2741652851196304	0.645513219110941
0.1558385306947231	0.295236089159646	0.548925380145631
0.04051002009405502	0.5412644178288339	0.4182255620771112
0.148670417190374	0.4373488438239425	0.4139807389856836
0.11295080446344602	0.19642664881137947	0.6906225467251745
0.1730642085073841	0.1891543134682016	0.6377814780244144
0.11694033195851755	0.4186276418219588	0.4644320262195238
0.2644374674799031	0.6801258904143903	0.0554366421057067
0.2713300408925138	0.2124476437888424	0.5162223153186439
0.04569084361365705	0.2684157048251024	0.6858934515612407
0.12559375809768497	0.12077442305814054	0.7536318188441746
0.0654353507232785	0.09447850379393938	0.8400861454827823
0.25266718686535583	0.3369192583798939	0.4104135547547504
0.09298863484738926	0.3136173183485679	0.5933940468040431
0.24165731146154645	0.19275871189169624	0.5655839766467574
0.25604398247283533	0.3479234628126007	0.3960325547145641
0.2556914235926027	0.15213562312695006	0.5921729532804474
0.24063103789992202	0.07861491159940831	0.6807540505006697
0.13276207859002256	0.19577892238229888	0.6714589990276787
0.12407972769107059	0.35580522306560636	0.5201150492433232
0.0714318403669465	0.503172641804792	0.4253955178282616
0.21399661231307787	0.3208741227338284	0.4651292649530938
0.1716909595728364	0.40054276914232034	0.4277662712848434
0.10586498356006618	0.6677032228974075	0.22643179354252646
0.07023284196052915	0.6695513855855888	0.2602157724538822
0.20921349662270353	0.5246123293419739	0.26617417403532273
0.26891193895715537	0.17323888790207684	0.5578491731407679
0.0537236534610816	0.6547576022360242	0.29151874430289426
0.21226891110711035	0.17866325162939606	0.6090678372634937
0.14235788737519084	0.24023712118841092	0.6174049914363984
0.13466720268409194	0.6800053193024003	0.18532747801350785
0.1203168750193794	0.33376204517762836	0.5459210798029923
0.12111357195490946	0.2419662048256595	0.6369202232194311
0.12069208119257915	0.5907769422638507	0.2885309765435703
0.2019330132122549	0.21089823101481103	0.5871687557729341
0.2599288874634391	0.5195684682491272	0.22050264428743382
0.27651716734873594	0.20801198498184803	0.5154708476694162
0.06568088932303634	0.17689322245478822	0.7574258882221755
0.18605337028235608	0.2849427062759253	0.5290039234417188
0.0648219636533417	0.6151122609609689	0.3200657753856895
0.18656426082646368	0.4673212321787429	0.3461145069947935
0.24898899894255405	0.5777534598967861	0.17325754116066
0.07229160327664785	0.6601499522084647	0.26755844451488753
0.0955687522355173	0.5789012147337049	0.3255300330307779
0.057623791555531045	0.3064482669931917	0.6359279414512773
0.17246691942270703	0.6215415017448174	0.20599157883247576
0.272497798470805	0.6489270857377482	0.07857511579144688
0.2172539293117789	0.33672983080739793	0.4460162398808233
0.18486022391353357	0.3029135416331556	0.512226234453311
0.22453344120818117	0.18775113684438824	0.5877154219474308
0.11343827770918827	0.13516597486069803	0.7513957474301138
0.12119668389811822	0.3948177902472582	0.4839855258546236
0.10100229526421695	0.25087647410516695	0.6481212306306161
0.17736284161190835	0.38712054531000856	0.43551661307808326
0.04811230023194357	0.33794687642504745	0.613940823343009
0.14121197915466482	0.15947607735035146	0.6993119434949838
0.11054513870361765	0.3586586170822307	0.5307962442141518
0.03155814843188709	0.5011093811103877	0.4673324704577252
0.18442639318780613	0.5877109490195553	0.22786265779263865
0.0855474503031678	0.33581589672107887	0.5786366529757535
0.20409378119696198	0.6493498893036154	0.1465563294994227
0.22972483333560806	0.1412280659312905	0.6290471007331015
0.0517359270747943	0.308884817585534	0.6393792553396718
0.07045078544340766	0.4072985604043522	0.5222506541522403
0.19669809096615454	0.3112887955111277	0.4920131135227179
0.1069816447344484	0.259053600528005	0.6339647547375467
0.2161215070460511	0.2969903126921478	0.4868881802618012
0.15890623301167697	0.6629810412666238	0.17811272572169928
0.07891255598183233	0.349708183498535	0.5713792605196327
0.236386180340601	0.4552903766454255	0.30832344301397363
0.12064451657182296	0.5702989103508251	0.3090565730773521
0.26200170176398496	0.49185912848511804	0.2461391697508971
0.25120763669713464	0.10975568545661685	0.6390366778462486
0.08601827030940046	0.5199417275023854	0.3940400021882143
0.2553811949220806	0.14963483790394702	0.5949839671739725
0.17214081177951118	0.6725231940620529	0.15533599415843602
0.06715081161203695	0.6655313482041316	0.2673178401838315
0.10432208494523978	0.17142896205073777	0.7242489530040226
0.23236985152632894	0.42174953303805884	0.3458806154356123
0.13147155009404832	0.6808899654150047	0.1876384844909471
0.054214038713307655	0.25415929599563036	0.6916266652910621
0.04922452925226595	0.1932664919608253	0.7575089787869088
0.04265246609977402	0.6291534516072111	0.32819408229301494
0.189415616050365	0.30002138192385	0.5105630020257852
0.2315656726495851	0.6948229132507943	0.07361141409962074
0.10583615234235524	0.5676040832183108	0.3265597644393341
0.12268943731670462	0.08014735629443809	0.7971632063888574
0.2251728290891738	0.3117083623678092	0.4631188085430171
0.0878889200704959	0.634200179361778	0.27791090056772616
0.1383307047375134	0.18238383332303598	0.6792854619394507
0.2053746623805574	0.15022981556943554	0.644395522050007
0.0810449118925427	0.4831597454618701	0.4357953426455872
0.11126635316526276	0.4728103661129667	0.41592328072177065
0.07709494794995375	0.1903154450248435	0.7325896070252029
0.06843041057314592	0.37413658445673575	0.5574330049701184
0.23925393975911585	0.10970962709278276	0.6510364331481016
0.05035950370197839	0.42389888508019435	0.5257416112178275
0.18789374193404462	0.41412099567267124	0.39798526239328424
0.19767262342436645	0.6369668412661647	0.16536053530946895
0.11717737448254537	0.6455993299043952	0.2372232956130596
0.07810405577820062	0.3645604131558754	0.5573355310659242
0.24069345582565077	0.48892182004409895	0.2703847241302504
0.1544944076844899	0.07822505353131576	0.7672805387841946
0.2036063970013992	0.23489709955032603	0.5614965034482748
0.23059785021667265	0.5695121966964632	0.19988995308686427
0.05225470795896808	0.28538220542956305	0.6623630866114689
0.047726020178589956	0.36096618429679533	0.5913077955246149
0.13984602602575788	0.14080144645680515	0.7193525275174371
0.21592166995354536	0.5626984791734371	0.22137985087301765
0.1921227412842934	0.5697735299145696	0.23810372880113706
0.19196745465684967	0.32008826999920087	0.4879442753439496
0.12349604250099311	0.43184885356019737	0.44465510393880964
0.10822118073349762	0.5063975012735343	0.38538131799296815
0.14419214606723035	0.39356535785122476	0.462242496081545
0.14030086107467893	0.6016061304634295	0.2580930084618917
0.09371710760730945	0.4494871735164059	0.4567957188762848
0.05725473818214205	0.5971784500313579	0.34556681178650017
0.25150070684043074	0.25504392606173587	0.4934553670978335
0.05832812399129239	0.37467306266917433	0.5669988133395334
0.19081363360233008	0.232436661691722	0.576749704705948
0.0794133259321142	0.5418325871299271	0.3787540869379588
0.24020149200125912	0.3302186195439959	0.4295798884547451
0.12199849759793052	0.396645658582037	0.4813558438200326
0.25121669502033234	0.5148598271457511	0.23392347783391676
0.16287336517887965	0.5924047904873815	0.24472184433373909
0.27606527409166176	0.4714734990318058	0.25246122687653255
0.05625408303394264	0.386505305149069	0.5572406118169885
0.1647182172497428	0.6944461888586961	0.14083559389156114
0.07340059112018027	0.27719762345526827	0.6494017854245515
0.14875704793280234	0.4418458733720173	0.4093970786951805
0.27157875741636484	0.4851851741258312	0.2432360684578041
0.039876499265257714	0.4152603845418302	0.5448631161929123
0.03833980741873355	0.5723275458643502	0.38933264671691636
0.15059697266623576	0.25013818382478864	0.5992648435089757
0.23920634630515025	0.5266440784688118	0.234149575226038
0.24857558304875554	0.4790545960328504	0.2723698209183942
0.05378807417386072	0.3151683932764886	0.6310435325496508
0.20419593220037469	0.15026116196580885	0.6455429058338166
0.2251447870032951	0.5248144300075007	0.2500407829892043
0.2202710919391206	0.17702689326667842	0.602702014794201
0.23992613814326774	0.517220843591979	0.24285301826475347
0.24309272960797798	0.4774576148978242	0.279449655494198
0.25890550177766253	0.4060419564129705	0.3350525418093671
0.20644008903231073	0.42620711934786326	0.36735279161982615
0.24659968679223992	0.1801532067368963	0.5732471064708639
0.16966812001947862	0.20896057005662427	0.6213713099238972
0.17253409892316907	0.498376404908667	0.329089496168164
0.27535158883354743	0.6900706150584965	0.03457779610795614
0.252843470112593	0.42563323672436704	0.32152329316304
0.25300593475479904	0.6088579276048338	0.13813613764036728
0.2832515377980339	0.6903675422799265	0.026380919922039836
0.17205478078792824	0.49354817205075674	0.33439704716131513
0.15764912242356896	0.3820805121603241	0.46027036541610705
0.16252303499963242	0.25605843672942197	0.5814185282709458
0.2228607366004295	0.10070211092577502	0.6764371524737955
0.2805259737112293	0.2384361582703942	0.48103786801837667
0.04251663719387677	0.5325155277457447	0.4249678350603787
0.23380344215064014	0.5951062361411422	0.17109032170821775
0.10561385366530776	0.1464362518825945	0.7479498944520979
0.14036518791054425	0.5159449578073217	0.3436898542821341
0.18685287540189383	0.13402522654475602	0.6791218980533502
0.2664862369712494	0.31705328471702027	0.4164604783117305
0.2317358796851303	0.651815098259396	0.1164490220554738
0.12603937293208353	0.48794312520025107	0.3860175018676655
0.11079623023358479	0.4273273737433416	0.46187639602307373
0.25785740000646074	0.17936756984287486	0.5627750301506644
0.22604344191419973	0.3504797635299794	0.423476794555821
0.17538668505731092	0.5966836907927555	0.22792962414993362
0.04017216878870983	0.12492521663462003	0.8349026145766703
0.10719141887073336	0.5307316958773599	0.36207688525190684
0.23288216458241656	0.2697058792895123	0.4974119561280713
0.16935199803051026	0.21243906804932772	0.6182089339201622
0.22817542648694547	0.5976026854008163	0.17422188811223832
0.22455309865691442	0.09628605863347345	0.6791608427096122
0.09895627397067291	0.2787628808138451	0.6222808452154822
0.054738758461026604	0.6524820281289376	0.29277921341003593
0.2530395792066311	0.45459566898997206	0.292364751803397
0.1819636839887591	0.22328406504854925	0.5947522509626918
0.07970569743647371	0.6550758470301822	0.2652184555333442
0.05615124067636357	0.09122259071052835	0.8526261686131082
0.2385650721698785	0.4263230562666976	0.33511187156342404
0.10778543439354951	0.2979634323785738	0.5942511332278768
0.06803846070206432	0.4760980046074236	0.4558635346905123
0.047265533027400164	0.5409610474157054	0.41177341955689456
0.0798883727782767	0.1845504579096312	0.7355611693120923
0.11681054658639334	0.1753565986548875	0.7078328547587193
0.07444206574841589	0.5083491718297453	0.417208762421839
0.15582462148948964	0.4687736573311175	0.375401721179393
0.22628102594314325	0.1944245684127396	0.5792944056441173
0.18543934108287446	0.08791533117730171	0.7266453277398239
0.05582283779986491	0.34510693384247704	0.5990702283576581
0.04290074789457238	0.401657782696844	0.5554414694085837
0.2199996016555652	0.10636071266917824	0.6736396856752567
0.059367730743281166	0.24736889268835618	0.6932633765683627
0.2475974662800365	0.14455055286002272	0.607851980859941
0.18163138250707564	0.37416398239249565	0.44420463510042885
0.20036868580208872	0.6295207780591365	0.17011053613877491
0.059566451721893454	0.1666218204363828	0.7738117278417238
0.13088921519758046	0.1658634453183643	0.7032473394840553
0.039089342680594	0.17866314946039344	0.7822475078590128
0.2616600378838061	0.08563555126507746	0.6527044108511164
0.11290515635512485	0.6284826277229201	0.2586122159219552
0.08090162046394422	0.47873319620691257	0.4403651833291433
0.06308162546232399	0.3121429199213265	0.6247754546163496
0.14748895113782215	0.6113663741367308	0.24114467472544712
0.11914904986172181	0.27223688310607996	0.6086140670321983
0.2119604085326114	0.5811410379402058	0.20689855352718292
0.14721577097449148	0.2948269656170277	0.5579572634084808
0.15321569930474438	0.36500595898135485	0.4817783417139009
0.26843034967871615	0.18869264138509606	0.5428770089361878
0.1626900985516174	0.5558131076138659	0.28149679383451676
0.26694754843149693	0.30612086935247773	0.42693158221602545
0.10961820245251494	0.3116520069375865	0.5787297906098987
0.20521964233625645	0.10711001621783217	0.6876703414459114
0.16149246147290786	0.10069514503494675	0.7378123934921454
0.2330978961364663	0.4310250359570604	0.3358770679064734
0.15980017855326703	0.14652910246655637	0.6936707189801767
0.20755535108467243	0.3074335707639384	0.4850110781513893
0.18026623016863255	0.142101258602526	0.6776325112288415
0.05120463141880671	0.21615918706121012	0.7326361815199833
0.039764080157938364	0.5259482271523265	0.4342876926897352
0.2772278348875099	0.44242552474484054	0.28034664036764967
0.21154578389162443	0.15513713380811073	0.633317082300265
0.2669873322629509	0.1688590746273901	0.5641535931096591
0.11151626014518382	0.4678768817970267	0.42060685805778963
0.14560604969681654	0.69129076055037	0.16310318975281368
0.2766825636076885	0.2664637267280469	0.45685370966426475
0.03673071548647877	0.5019179753658298	0.4613513091476915
0.14473209118305874	0.5119124190009344	0.34335548981600694
0.24681162247291966	0.2973653059051491	0.45582307162193136
0.2328997622023467	0.15280749812515051	0.6142927396725029
0.25030980741663794	0.11793242135190685	0.6317577712314553
0.06610206295041726	0.6392211026308225	0.29467683441876025
0.06451356417432075	0.3904304854836643	0.5450559503420151
0.2765108035741699	0.09661924310849146	0.6268699533173387
0.21988262321123953	0.15572624017466385	0.6243911366140967
0.07501527624837145	0.33523237769640735	0.5897523460552213
0.04167779593906573	0.5050482362388097	0.4532739678221247
0.26051024395797506	0.5922947587033045	0.1471949973387206
0.2629763613982362	0.4353334725208791	0.3016901660808848
0.11661323024239503	0.3309036330438534	0.5524831367137517
0.17169869014410744	0.11196867015942269	0.71633263969647
0.14814284867176558	0.16140660177183214	0.6904505495564024
0.17749384371428095	0.6336721372557381	0.18883401902998115
0.042849059801423894	0.21323076745991282	0.7439201727386635
0.045969729758165156	0.25916170121806426	0.6948685690237707
0.15579343292270867	0.5484587454041158	0.29574782167317565
0.0727083557512383	0.6541488860857873	0.2731427581629746
0.2672295812744691	0.6106136121664827	0.12215680655904829
0.045764347780276826	0.4868123328885337	0.4674233193311896
0.1705901292267653	0.5171844172071282	0.31222545356610665
0.2634807724093781	0.31305375180083495	0.42346547578978705
0.2558518183905031	0.5321142474842844	0.21203393412521254
0.14372399963018054	0.2862193311808046	0.570056669189015
0.2711310896016927	0.3832632437326266	0.3456056666656808
0.24117258422762594	0.5327484526876413	0.2260789630847329
0.28612005147629377	0.4261552736441583	0.2877246748795481
0.11483123053066255	0.1914393106378966	0.693729458831441
0.06682536434046421	0.6458673333290272	0.28730730233050866
0.15867547189590658	0.3079373689586318	0.5333871591454618
0.03521707517536948	0.1281672126595949	0.8366157121650357
0.09854827984344022	0.5837998900037363	0.31765183015282356
0.1894211812182507	0.6992936768456444	0.11128514193610509
0.24117075973899366	0.25891985874375456	0.49990938151725195
0.26116340607917754	0.3760352286480793	0.3628013652727433
0.0984200452631066	0.6808289851898996	0.2207509695469939
0.06059777230963603	0.5009109736478432	0.438491254042521
0.2750098978099965	0.6734096749237115	0.05158042726629214
0.15055635093006073	0.6880523565352057	0.1613912925347336
0.10032839601728849	0.3295886755715104	0.5700829284112012
0.10100019384095346	0.23654043945476816	0.6624593667042784
0.09859348216036301	0.19478015022366152	0.7066263676159756
0.0602788362591295	0.3135490963677959	0.6261720673730747
0.1802022426450378	0.126153144319732	0.6936446130352303
0.09648892897005554	0.40312513586910176	0.5003859351608428
0.18891365780017197	0.20448364701070537	0.6066026951891228
0.2522887937600592	0.5117125154595341	0.23599869078040686
0.14365237183905583	0.5457248398369001	0.3106227883240441
0.04111536150958117	0.29916995566351756	0.6597146828269014
0.19824699517174527	0.39587317048046944	0.4058798343477854
0.24423255295920754	0.16416529472426836	0.5916021523165242
0.12877558255140603	0.23980789576694075	0.6314165216816534
0.1140306258489876	0.39632490919782115	0.48964446495319136
0.08519241297857236	0.43869476022804976	0.47611282679337796
0.19190861622609431	0.6796046036041979	0.12848678016970785
0.22612291866867046	0.2843116963803161	0.48956538495101354
0.21233867472602214	0.3148058553844082	0.4728554698895697
0.2617230152833332	0.26200300052625225	0.47627398419041467
0.2608272842756947	0.23030561734030133	0.5088670983840041
0.05974304773172323	0.6878419550379572	0.2524149972303197
0.18911503085504383	0.34819783462066717	0.4626871345242891
0.1000736178669881	0.6223424144766169	0.27758396765639515
0.1623863258749508	0.3963022024517781	0.4413114716732712
0.14789404648654841	0.1691321260298023	0.6829738274836494
0.22078911746899327	0.09420147176576243	0.6850094107652445
0.20065490263150254	0.5248877255598488	0.2744573718086488
0.04211315765218171	0.2981910651651785	0.6596957771826399
0.2540286545667343	0.6971927907048889	0.048778554728377
0.22581052777067623	0.6862044233593245	0.0879850488699993
0.13705646635444352	0.5014083920920377	0.3615351415535189
0.14178504053303298	0.3845717987301902	0.4736431607367769
0.1863736241942274	0.42389340352374755	0.3897329722820252
0.08090494189297948	0.41129888490395017	0.5077961732030705
0.24288521397713322	0.47554099829966623	0.28157378772320063
0.26844680069500204	0.5849624651205843	0.14659073418441385
0.17982863679390998	0.33420208528790535	0.4859692779181848
0.03684986935484036	0.4014296107918908	0.5617205198532689
0.2289986450809221	0.26695804431213055	0.5040433106069475
0.1429672430869206	0.4442610635544767	0.41277169335860286
0.26684135729221414	0.37140200637890736	0.3617566363288786
0.22503146573547772	0.6921367742448375	0.08283176001968484
0.04200609427697716	0.36149444280703263	0.5964994629159903
0.06294542916325757	0.1494754676441734	0.7875791031925692
0.09750748665188927	0.6486460037148996	0.25384650963321137
0.24250194858447782	0.31749041679478474	0.44000763462073755
0.27327989738156155	0.4703161789814285	0.25640392363701003
0.09253893594575993	0.40958769538617407	0.4978733686680662
0.06947376364061586	0.0776832101380619	0.8528430262213224
0.21426003305124988	0.22084920744532155	0.5648907595034287
0.2744451481269467	0.3225969263407474	0.402957925532306
0.2800520268084041	0.25122051131746004	0.46872746187413594
0.117301257223588	0.12174126590104214	0.76095747687537
0.24271964530692433	0.16499196530250723	0.5922883893905686
0.24293566893512225	0.4711046636485168	0.2859596674163611
0.1279353166156839	0.08936977887862327	0.782694904505693
0.2809598393816231	0.32764553506908844	0.39139462554928856
0.06917159401586093	0.47636127598493255	0.4544671299992067
0.24658007381924918	0.3983195619296901	0.35510036425106084
0.25000197614649017	0.6751112730487587	0.07488675080475127
0.2215882789820363	0.10946250403007074	0.668949216987893
0.12173704922766893	0.4771878158534454	0.4010751349188858
0.03435491455172268	0.6249813101279662	0.34066377532031117
0.17512869779799822	0.1952537654866165	0.6296175367153853
0.15598018251177506	0.3576636867768511	0.48635613071137396
0.11460240844984723	0.6305433589380134	0.25485423261213946
0.057278672974548195	0.18210305905385266	0.7606182679715993
0.07079297151934905	0.5037737316462011	0.42543329683444997
0.2687470035351807	0.38950325692569865	0.34174973953912074
0.15351640454980087	0.32465496429626234	0.5218286311539369
0.23848898099264781	0.6192564183819651	0.14225460062538722
0.22825937856850093	0.5949329914703517	0.17680762996114752
0.15117587052086595	0.40926693655075824	0.4395571929283759
0.08438833169094492	0.27817683931919757	0.6374348289898577
0.23873882594375223	0.3936519818234235	0.3676091922328244
0.07064780109627378	0.22714545392751567	0.7022067449762107
0.0364210863773099	0.16212548377486016	0.8014534298478301
0.2607617837609581	0.3813678279860505	0.35787038825299156
0.27704811134382645	0.5203021379435664	0.2026497507126072
0.21869986956016718	0.2205381166636819	0.5607620137761511
0.2405237210850275	0.6870604845892945	0.07241579432567818
0.12662624067242953	0.23396690839916146	0.6394068509284092
0.20321607244789636	0.4246580797880841	0.37212584776401963
0.1535665988907385	0.46471017005949605	0.3817232310497656
0.07864888004779813	0.5878280050993827	0.3335231148528192
0.05558582616852498	0.619354904603844	0.3250592692276311
0.16989957575216064	0.3919946223568488	0.4381058018909907
0.19497281883466022	0.5541931720606181	0.25083400910472176
0.14107410294460443	0.35938718933305913	0.4995387077223365
0.22772181936738917	0.17929212943904194	0.592986051193569
0.18026270838504216	0.6449028460023487	0.17483444561260925
0.054896839508637996	0.2973946149886412	0.647708545502721
0.23132880025805835	0.28638028546657623	0.4822909142753655
0.043400471111248784	0.13074301135079208	0.8258565175379593
0.05639782668375748	0.515560756928281	0.42804141638796167
0.20439649924969552	0.50724006848879	0.2883634322615146
0.1524472959393602	0.16763060743583486	0.6799220966248051
0.18518497879170334	0.20658115795193707	0.6082338632563596
0.029979604064214294	0.11323510534500761	0.8567852905907781
0.19501561861888042	0.2189596302528481	0.5860247511282716
0.07912082527697478	0.5595470128812148	0.36133216184181055
0.12300657407728449	0.3214928884814936	0.5555005374412221
0.16587665523187592	0.28819498196341103	0.5459283628047131
