0.5115463393105191	0.2450187117892452	0.24343494890023581
0.510602813439599	0.24468246950555161	0.24471471705484954
0.5043039953413601	0.25326520843180045	0.2424307962268396
0.5156644954762439	0.2383066430018337	0.24602886152192247
0.5156729250850729	0.24416412559512188	0.2401629493198053
0.5162458313792363	0.23683358525351372	0.24692058336725006
0.5036914149108842	0.2551813947635344	0.24112719032558144
0.512875878322079	0.24002389140052194	0.2471002302773992
0.5091003482161258	0.2515627043248289	0.2393369474590454
0.5003479337072867	0.25042398613283795	0.24922808015987546
0.513984836615317	0.24096148771618175	0.24505367566850128
0.5046876005760214	0.24877394267090241	0.2465384567530763
0.5095624421362697	0.24609941705128047	0.24433814081244998
0.4985009812556639	0.2514281710820772	0.250070847662259
0.5011341456555747	0.24493884448068898	0.2539270098637365
0.5146808233361744	0.24260834283570376	0.24271083382812203
0.5113361643728344	0.24383599149201873	0.244827844135147
0.49996076171816384	0.24942634194159452	0.25061289634024175
0.5096966664788747	0.25112280171628315	0.2391805318048423
0.5081966449593152	0.23751280581328188	0.25429054922740313
0.5156842050057499	0.24024214242135786	0.24407365257289237
0.5179825271452296	0.2418520306664775	0.24016544218829294
0.5136414265607532	0.2358260505290158	0.2505325229102311
0.49941450214213967	0.247771607663531	0.25281389019432937
0.5166293676325635	0.24072244264695714	0.24264818972047947
0.5029919650989711	0.2516469074425535	0.24536112745847535
0.508363770556814	0.25081648534394013	0.240819744099246
0.514701449599186	0.2438096631697362	0.24148888723107795
0.5044433040238999	0.24679994627390542	0.24875674970219475
0.49983138629905816	0.24725429753051825	0.2529143161704237
0.51411956834387	0.2473733245086034	0.2385071071475268
0.512291922575285	0.23604451437566681	0.2516635630490483
0.4993917000707001	0.2508474292430517	0.24976087068624833
0.5127216676019352	0.24503539872088484	0.24224293367718014
0.5007135486555463	0.2501687630364989	0.24911768830795494
0.5081121278435372	0.23929415462844916	0.2525937175280138
0.5031059666044584	0.23728220334279507	0.2596118300527466
0.5093629551807834	0.25024782103873	0.2403892237804866
0.5114073626897974	0.2474718488875804	0.24112078842262236
0.5124824856307032	0.243326038233412	0.2441914761358849
0.5131554116550476	0.23708846709877718	0.2497561212461753
0.5026179086507548	0.24270767892962636	0.25467441241961886
0.5059691799491557	0.23915419259395768	0.25487662745688683
0.5046370637698403	0.23947600788895249	0.2558869283412073
0.5107497424142573	0.23984439193748328	0.24940586564825956
0.5052066348448271	0.23982248185331234	0.2549708833018607
0.49847489505517983	0.2540394841274862	0.24748562081733405
0.5036979890915387	0.24985551430429032	0.246446496604171
0.5087358887523542	0.2389856558142539	0.252278455433392
0.5065504515735235	0.2490884442881881	0.24436110413828843
0.5083667818352632	0.24581617730227745	0.2458170408624595
0.5163798015666106	0.2441583752918106	0.239461823141579
0.5146058771090622	0.24687396860159222	0.23852015428934562
0.5123149279442277	0.2422772921467162	0.2454077799090562
0.5011160467452274	0.24370639973793673	0.255177553516836
0.5113155563748153	0.23866779925220127	0.25001664437298354
0.5066974754505427	0.24327771405719245	0.25002481049226505
0.5160130329708992	0.2445924813019584	0.23939448572714256
0.49922367470617346	0.25121556667350287	0.24956075862032376
0.5054022283185173	0.2554199156439592	0.23917785603752362
0.5102177574363823	0.2457442158175283	0.2440380267460895
0.5094036966220428	0.23985513351977344	0.25074116985818384
0.5069778349260199	0.24818213733849714	0.24484002773548313
0.5007673775663803	0.24297189745981346	0.25626072497380625
0.5011805368969892	0.25557833478713976	0.2432411283158712
0.5039775752206246	0.23601707556601037	0.2600053492133652
0.5117775944502597	0.23892245388999328	0.24929995165974717
0.5009037527987161	0.2551185895464642	0.2439776576548197
0.5103806334702081	0.24912876266053205	0.2404906038692599
0.5062474084715765	0.23693902033556014	0.25681357119286347
0.5044427529927229	0.2539049507489083	0.24165229625836898
0.5066145777887436	0.24342532634738978	0.24996009586386675
0.5166691980205729	0.24008071943218737	0.24325008254723984
0.5112231270255687	0.23610295126490546	0.25267392170952596
0.5163055085124408	0.23773978751236574	0.24595470397519348
0.5059558122077744	0.2401778169649343	0.25386637082729147
0.5042876129292602	0.2548693830675775	0.24084300400316241
0.4984428119171361	0.2536574254056122	0.24789976267725183
0.5012208751418565	0.25552424615189684	0.24325487870624674
0.5058639032817169	0.2386572015461737	0.2554788951721094
0.5114099168570099	0.23961568259504984	0.24897440054794043
0.5143569655302136	0.2422017223277601	0.24344131214202636
0.5103185314848913	0.24678025413254293	0.24290121438256593
0.5151967023921773	0.24668376370301384	0.23811953390480897
0.508683785278734	0.2527710093657898	0.23854520535547633
0.5082279965615402	0.24626997442433085	0.24550202901412907
0.5010078824129921	0.24477153226683285	0.25422058532017516
0.51181628238325	0.23803224550313276	0.2501514721136173
0.5074420649314464	0.23873844860710972	0.253819486461444
0.5086841354274266	0.24092770585572082	0.25038815871685266
0.5005865714827581	0.24166627894756204	0.25774714956968
0.5017184510631282	0.24104146737161766	0.25724008156525424
0.5009022118182674	0.24475555608956953	0.25434223209216317
0.5064863946073456	0.23868282894542062	0.2548307764472339
0.507697795530193	0.2418451008303561	0.250457103639451
0.5063627239160824	0.2406619086891619	0.25297536739475585
0.5057195996097024	0.24800012781386632	0.24628027257643145
0.5138302258973809	0.2467148530586154	0.2394549210440038
0.5047178694034424	0.24966231637626563	0.24561981422029208
0.5011288985119453	0.24590350188192145	0.25296759960613335
0.5057655231085852	0.23778730547953397	0.2564471714118809
0.5082824569418977	0.24014159579512676	0.2515759472629757
0.5088482998208328	0.24975890904200485	0.24139279113716253
0.5152953960205181	0.23978547454998778	0.24491912942949426
0.4997606613770315	0.24133745633574055	0.258901882287228
0.50422261559926	0.24245542110532642	0.2533219632954137
0.5137173521845084	0.23776061145282137	0.24852203636267023
0.5087144992465378	0.24550877480522182	0.24577672594824054
0.5089190474952894	0.23660357516355357	0.25447737734115716
0.518538644385362	0.23621346546333433	0.24524789015130383
0.5171952420981847	0.24261709247652619	0.24018766542528924
0.5089822333887624	0.2364764538205666	0.25454131279067116
0.5047697729975322	0.23917090234488678	0.2560593246575811
0.5102248229895954	0.24094373447972653	0.24883144253067824
0.5024345249692449	0.2528445017451351	0.2447209732856201
0.5052451224804846	0.23764342145043957	0.25711145606907604
0.5074871760385266	0.24097619144131957	0.25153663252015396
0.5059514917743486	0.2448367587085953	0.24921174951705613
0.5074484753845239	0.2449835965515441	0.24756792806393207
0.5046707818385839	0.23723772102994783	0.25809149713146834
0.5087046235025707	0.24258484251315066	0.24871053398427873
0.5058523083177642	0.2503308235953917	0.24381686808684422
0.5088990081021445	0.24348537441410822	0.24761561748374739
0.5029583960033936	0.24430270943091423	0.25273889456569226
0.49891701516230064	0.2451312106031152	0.25595177423458426
0.5050153326174012	0.2496890374621949	0.2452956299204041
0.4990400167348944	0.2501101972058417	0.250849786059264
0.5076201870566296	0.24891718492566198	0.24346262801770857
0.5177261491170463	0.2413410924451697	0.24093275843778408
0.5150358732968117	0.24698354572977574	0.23798058097341274
0.5093352356883264	0.23760011027980288	0.25306465403187084
0.5011316449229642	0.24285926580410785	0.256009089272928
0.5144971130602745	0.242459531395145	0.2430433555445806
0.5078108562991737	0.23837308135051635	0.25381606235031007
0.5037969672322637	0.25573842539970426	0.24046460736803202
0.5001810133243549	0.2561808392885787	0.24363814738706646
0.5045732270467236	0.24367470488467455	0.25175206806860195
0.5040914025361751	0.24316841298865716	0.2527401844751677
0.5113697626653565	0.2361775091951562	0.2524527281394874
0.51443032757883	0.23964773107686216	0.245921941344308
0.5037103719483429	0.24215325668005913	0.2541363713715981
0.5062576949450659	0.25499903790905537	0.23874326714587887
0.502512396559628	0.2517110813908903	0.2457765220494818
0.5014547253119237	0.2499653326576694	0.24857994203040695
0.5171260407357272	0.2433492951015559	0.239524664162717
0.5180533002361929	0.23734781024187798	0.24459888952192915
0.5170222917267484	0.24388461538875603	0.2390930928844957
0.5022315713358042	0.2546145190329735	0.24315390963122244
0.5097734058476374	0.24651492146881654	0.24371167268354615
0.4995285158218582	0.2504090786229399	0.2500624055552021
0.5060243297566387	0.24842876916679585	0.24554690107656557
0.5159294428422194	0.23981409558645375	0.24425646157132694
0.5108740890024741	0.24598590122109384	0.24314000977643216
0.5060070045111618	0.2554651746137986	0.23852782087503982
0.4996261924663592	0.2515222178496116	0.24885158968402932
0.5045130035518384	0.25136232737491515	0.24412466907324656
0.5093007945519646	0.25255195258575946	0.238147252862276
0.503628813756136	0.2548886613622351	0.24148252488162902
0.5133985934777929	0.24189331580716933	0.2447080907150378
0.5017355110471541	0.2467965785784496	0.2514679103743964
0.515645460685465	0.2429930162235229	0.2413615230910122
0.509849805714284	0.25030755973519436	0.23984263455052168
0.4992456940109693	0.2517648147760297	0.24898949121300112
0.5006243834851725	0.2518206227057176	0.24755499380911017
0.49975728356586124	0.25127028399563267	0.24897243243850614
0.5113674498206524	0.24077622418287342	0.24785632599647425
0.49902361969292675	0.2520477402530756	0.24892864005399773
0.5003728344199962	0.25050478878466476	0.2491223767953391
0.5050158741718032	0.24327211971983814	0.25171200610835875
0.508000474729497	0.2383237555749207	0.2536757696955823
0.4985944412770418	0.24677248688567607	0.25463307183728223
0.5160087569164216	0.24321098255965634	0.24078026052392226
0.5001508912861006	0.2431738564200626	0.25667525229383686
0.5088101541314236	0.23956041395853128	0.25162943191004516
0.5056657067991637	0.246324675257539	0.2480096179432974
0.5002972280953013	0.2444422930030431	0.2552604789016557
0.5031159139232295	0.25636384331145223	0.2405202427653183
0.5106774776353575	0.24839500334664963	0.24092751901799292
0.49955654684368045	0.24680263481642323	0.2536408183398964
0.5051913027287617	0.2497940396476903	0.24501465762354813
0.5050986106563577	0.2549002773248322	0.24000111201881014
0.5037563058352466	0.2393071587924643	0.25693653537228933
0.503810818486597	0.2511615356018506	0.24502764591155246
0.4983792860434735	0.2548217658908023	0.24679894806572428
0.5042982923664837	0.23777063513878086	0.25793107249473557
0.5012379020377431	0.24190798421837145	0.25685411374388556
0.5114602171870657	0.2499287357854115	0.2386110470275229
0.5067178122952958	0.23550142363718352	0.25778076406752076
0.5053033744836068	0.23550636635351496	0.2591902591628783
0.5154694642033966	0.2451108795105777	0.23941965628602574
0.5084250339589994	0.24537423554938156	0.24620073049161914
0.4997057952245907	0.246603547822119	0.2536906569532904
0.4982027747270833	0.2470832730440169	0.2547139522288999
0.510147816876608	0.250338600587375	0.23951358253601712
0.49856268619098865	0.2510977821095179	0.25033953169949363
0.5172586786865366	0.238446019402207	0.24429530191125648
0.5002525814182954	0.24911245688266592	0.2506349616990387
0.5002111948743112	0.2488266009198908	0.25096220420579807
0.5137000484199199	0.23973506133677736	0.2465648902433028
0.5052905969785058	0.2452234196740174	0.2494859833474769
0.5099331090294263	0.24924561048493513	0.24082128048563858
0.5164026159963784	0.23806117705594704	0.2455362069476747
0.5033016492101725	0.25135677963028785	0.24534157115953975
0.5005020279065485	0.24419416011935036	0.25530381197410124
0.5178693837297998	0.23850923840691673	0.24362137786328358
0.49828489015125466	0.24486153064716293	0.2568535792015826
0.5153682985410719	0.23988604375069345	0.24474565770823467
0.5027986030279253	0.24720488925825915	0.24999650771381565
0.49858754384250015	0.24732253182622072	0.2540899243312792
0.5131821647800116	0.24454973398674817	0.24226810123324033
0.4994714644251151	0.24543455854162233	0.25509397703326264
0.505331521422709	0.25024935234262935	0.24441912623466178
0.5151781403367841	0.23719174104454963	0.2476301186186664
0.5181614495147697	0.24036125068860922	0.24147729979662108
0.5070137109410268	0.2372326011973036	0.25575368786166974
0.5104388518874455	0.24117747804656026	0.2483836700659943
0.5070659610838152	0.24204913530444	0.2508849036117449
0.4998109200090034	0.2554929327960056	0.2446961471949911
0.5041401433398514	0.25336290442223686	0.24249695223791196
0.5141786823661207	0.24491851613619509	0.24090280149768423
0.5057967658523894	0.24979404838165675	0.24440918576595394
0.4991550358092735	0.2437120078872097	0.2571329563035169
0.5077149372657161	0.24399799668011424	0.24828706605416967
0.5012353719978955	0.24819310328881583	0.25057152471328875
0.5146487819668133	0.24501786053479302	0.2403333574983938
0.5000683376113225	0.24421184643204252	0.25571981595663507
0.506026410459524	0.24194799682627402	0.252025592714202
0.5138235055901224	0.24611558145658619	0.24006091295329157
0.5030943143356525	0.25056413134722166	0.24634155431712587
0.5052353958116567	0.2523854779539262	0.24237912623441732
0.5130121770440219	0.2386683583176184	0.24831946463835974
0.5093705651473641	0.2418671187512768	0.24876231610135918
0.5153857548057652	0.24575361767043932	0.23886062752379553
0.508126529066369	0.24999976897598564	0.2418737019576454
0.5063112508292474	0.23527096319729812	0.25841778597345455
0.5060567350388154	0.23923477093468015	0.2547084940265045
0.5162109991295605	0.23561047217668502	0.24817852869375462
0.5095117344132354	0.24635402949607854	0.2441342360906862
0.5165587698211361	0.2417201236647003	0.24172110651416367
0.5177917821317215	0.24369645962160436	0.23851175824667428
0.49829425948553085	0.24573948682778107	0.2559662536866881
0.5016997151922854	0.24022041268360633	0.2580798721241084
0.5050266437228728	0.25406761015495694	0.24090574612217047
0.501500507019175	0.23910217561269842	0.25939731736812666
0.5089896819774402	0.24621139856766333	0.2447989194548966
0.5070417298709675	0.24465887003398468	0.24829940009504786
0.503280146123344	0.23873359319390886	0.25798626068274727
0.5113471712264923	0.23858558911803712	0.2500672396554706
0.5024041165447064	0.25334875223555986	0.2442471312197338
0.4992982023149113	0.24324631997117374	0.2574554777139151
0.5129575461263342	0.23598053491621723	0.2510619189574487
0.501717525066844	0.2395022753432669	0.2587801995898892
0.510135784307622	0.24665730332312477	0.24320691236925343
0.5058865205981603	0.23617367582475107	0.25793980357708873
0.5008112030523568	0.24730985269810984	0.2518789442495334
0.5000223067704778	0.25125501645382337	0.24872267677569893
0.49928367761133413	0.24950698662764922	0.2512093357610168
0.504705213958798	0.2485748390267155	0.24671994701448655
0.5067112314873019	0.24376526352000688	0.24952350499269135
0.5149327281403708	0.24663560729465256	0.23843166456497672
0.5072232743619771	0.2466148853150263	0.24616184032299665
0.508318145067545	0.2387247086541763	0.25295714627827875
0.5026606803570013	0.24365460974609257	0.25368470989690617
0.5018612362773862	0.24982256049302765	0.24831620322958622
0.5009033415458011	0.2507590552400807	0.24833760321411827
0.5082521871799752	0.24477743099370258	0.24697038182632228
0.5141240485168215	0.24080800192074564	0.245067949562433
0.5150241663843357	0.24014494156939306	0.24483089204627134
0.5044797511525669	0.2519703476323697	0.2435499012150635
0.5031665681785537	0.24295372343532837	0.25387970838611806
0.5050831527387318	0.2446610154277547	0.2502558318335135
0.5075533835421273	0.2485454436243178	0.24390117283355495
0.5128292874394558	0.2432588431485701	0.2439118694119743
0.5025861417651077	0.2543053222165712	0.24310853601832114
0.5172909183716531	0.2361333403903817	0.24657574123796538
0.5117727973244326	0.240535743336435	0.24769145933913253
0.5056280954674826	0.23797338827082867	0.25639851626168886
0.5143118827955326	0.24434059822939855	0.2413475189750689
0.513967783491975	0.24564742683493934	0.24038478967308574
0.5040430234326058	0.2451473846251526	0.2508095919422417
0.5152397834327245	0.24423445040449154	0.24052576616278415
0.5063878068795614	0.23588286424034102	0.25772932888009764
0.5049072760948267	0.2373682057488079	0.25772451815636555
0.5161978993688277	0.245062814520243	0.23873928611092948
0.5105785101634517	0.24242593702036047	0.246995552816188
0.5143319942457247	0.242538317954604	0.2431296877996713
0.5009152996495263	0.2532864056252797	0.2457982947251941
0.4999190574555704	0.25166860108346345	0.24841234146096625
0.5029543070013842	0.25261589930860723	0.2444297936900087
0.5000050141970045	0.23999173939676935	0.2600032464062262
0.5018330537452449	0.2458855942239338	0.25228135203082136
0.4998715404956926	0.250904155982866	0.2492243035214415
0.506268673737085	0.24297747407371306	0.2507538521892021
0.5179190947377201	0.24369198363409736	0.23838892162818265
0.5082057443604174	0.24757097277358076	0.24422328286600195
0.5130744567053073	0.23561520016967366	0.25131034312501915
0.5010207148131418	0.25252494340888865	0.2464543417779696
0.5148292464793778	0.24692330573853463	0.23824744778208767
0.515456650491721	0.23986912955713474	0.24467421995114438
0.5077548487200213	0.2444806181464913	0.24776453313348754
0.5092883585131924	0.2372038510010239	0.25350779048578376
0.5000403350965089	0.2513764235710507	0.2485832413324405
0.5116900803812642	0.24819137385894613	0.24011854575978983
0.5171753754217138	0.24214369986276948	0.24068092471551683
0.49860126984298714	0.24585431749474546	0.2555444126622675
0.5009970681640572	0.25079527576945054	0.24820765606649242
0.5062253887493571	0.24242000162863941	0.25135460962200357
0.5078658075007504	0.24663979692249116	0.24549439557675856
0.5175241181521427	0.24332417886805713	0.23915170297980023
0.5064449573425385	0.23661027353991657	0.25694476911754505
0.49932678302202604	0.25086632403220865	0.24980689294576536
0.5106769826983836	0.23594132497541725	0.2533816923261993
0.5030716180824837	0.23928320510386525	0.25764517681365123
0.5132957811103205	0.23585408852407944	0.2508501303656002
0.5028302670851578	0.25048169949311955	0.2466880334217228
0.5036978142334722	0.2384973044548404	0.25780488131168755
0.5051314348687997	0.25593586228224635	0.23893270284895402
0.5026213155544843	0.24637658978216925	0.25100209466334655
0.5081404125392053	0.24767601597129085	0.24418357148950387
0.5125016669214006	0.24389725652473637	0.2436010765538631
0.5102098515515086	0.2510077039049844	0.23878244454350717
0.5092313398946959	0.24136475834665982	0.24940390175864435
0.5043634156311518	0.24943437591750997	0.24620220845133822
0.5043662239220489	0.2502382034614829	0.24539557261646827
0.5037317847135057	0.2397901734457099	0.25647804184078454
0.5104134138707856	0.2378548482839745	0.25173173784523994
0.5184990139459068	0.2382915306797719	0.24320945537432134
0.5020102475068731	0.24561905444912296	0.252370698044004
0.5115503891779043	0.2446493435117597	0.24380026731033602
0.5039941427339614	0.2519490402268718	0.24405681703916682
0.509017664600981	0.2472126083567678	0.24376972704225128
0.5096009778623931	0.2411358617894452	0.24926316034816176
0.5032460390022366	0.2554635819714085	0.24129037902635503
0.49928346360380077	0.24578247906738207	0.25493405732881724
0.5034783569114499	0.25063479684376544	0.2458868462447848
0.5034815409124935	0.24368914164340588	0.2528293174441007
0.5158340388106917	0.23648236471391215	0.24768359647539628
0.5113266278730924	0.23814899238731438	0.2505243797395934
0.5049087292833224	0.25316993151889927	0.24192133919777842
0.5056413513475135	0.2535662587778528	0.24079238987463372
0.5174363694454097	0.24166128674124132	0.24090234381334907
0.5110058936323216	0.24797470187707366	0.2410194044906048
0.5015778685565169	0.25515172103708955	0.24327041040639366
0.5101509721940257	0.24895108745933228	0.2408979403466421
0.5098108033190967	0.2448647474704328	0.24532444921047067
0.5139139471859218	0.23860233361606425	0.24748371919801404
0.5019397232688433	0.23995139279625868	0.2581088839348981
0.5084563023905229	0.24532635142597542	0.24621734618350183
0.5134915387152184	0.24565218252225865	0.24085627876252313
0.5138699503417681	0.24818292639670306	0.23794712326152895
0.5058617603495603	0.24114027112796516	0.2529979685224746
0.5071222895522491	0.2411733468507872	0.2517043635969638
0.5073475874543587	0.25184188365422017	0.24081052889142124
0.5119439353428002	0.24323230668898327	0.24482375796821662
0.5077937458856112	0.2464803724507147	0.2457258816636742
0.5073366025055263	0.24174282613050535	0.2509205713639685
0.5080290110257271	0.238963957977077	0.25300703099719607
0.5146641880045215	0.2370101088983786	0.24832570309710006
0.5152143065915813	0.24458098844478138	0.2402047049636374
0.5054318453153067	0.2554650601421442	0.23910309454254913
0.49840100169116175	0.2534284032995824	0.24817059500925603
0.5025839410319564	0.2464344623756955	0.2509815965923483
0.5023885475721881	0.24505350818641924	0.2525579442413927
0.5161726212823061	0.23871054067331016	0.24511683804438375
0.5096055666878765	0.24132829260687091	0.24906614070525268
0.505484367568146	0.25207829530510756	0.24243733712674664
0.5062756374285466	0.25126025412772646	0.24246410844372712
0.5143059360356916	0.2445097878078598	0.24118427615644866
0.5073374315748049	0.24706636555949046	0.24559620286570472
0.5064339045722256	0.2517847051253319	0.24178139030244264
0.5100410807668669	0.23816821192735316	0.25179070730578
0.50501667833205	0.25528773415345274	0.23969558751449746
0.503628281750506	0.24258703625216077	0.2537846819973333
0.5073885141590673	0.25329193195589034	0.2393195538850424
0.5009436461461083	0.2528377091001993	0.24621864475369246
0.5011362052409432	0.2546376858664464	0.24422610889261054
0.5010406027994629	0.24023890424376376	0.2587204929567734
0.5038874049328711	0.24174630912176331	0.2543662859453657
0.5136183449648872	0.24037813504569916	0.2460035199894137
0.5083536671158378	0.2441497806694374	0.24749655221472483
0.502909074392597	0.244124757907009	0.25296616770039404
0.5094368098959788	0.24478862573384044	0.24577456437018083
0.5057296748687641	0.25201622375085925	0.24225410138037679
0.5104804320456471	0.2453209977356783	0.24419857021867464
0.5079008585252365	0.25396596870032906	0.23813317277443452
0.5052902602392872	0.25095821025857834	0.24375152950213455
0.5080055188875988	0.24835662278821716	0.2436378583241841
0.5079100759072054	0.24212240857022294	0.2499675155225718
0.5068930532750054	0.25011515271772666	0.242991794007268
0.5067365376792057	0.24610228938244746	0.2471611729383469
0.5062458775253897	0.2519004157331187	0.24185370674149162
0.5119320744961203	0.2468008053474739	0.24126712015640586
0.5118540620585708	0.23593346368926016	0.25221247425216914
0.4986136304120302	0.25269271744653765	0.24869365214143227
0.5054258571746705	0.23541201932763564	0.25916212349769396
0.5174499968448535	0.24363580883061237	0.23891419432453426
0.5023620857654029	0.2524767964727037	0.2451611177618935
0.5017434841247049	0.2407374770507047	0.2575190388245905
0.5008290961210617	0.2487050106762249	0.2504658932027134
0.5097821689170392	0.24981831238546143	0.24039951869749948
0.5010953875288315	0.25053445935130997	0.24837015311985855
0.501279838464774	0.24054521623926634	0.25817494529595975
0.49930987886870404	0.24630695082155557	0.25438317030974045
0.5121533567426161	0.23671655186057658	0.2511300913968074
0.5071615117116012	0.23926681459304566	0.2535716736953533
0.5048027612012722	0.2394964727245854	0.25570076607414244
0.5093871432726536	0.24357673066282848	0.24703612606451808
0.5119703927983835	0.2479085098319892	0.2401210973696274
0.512071727184031	0.24601639302384914	0.24191187979211987
0.512734312964824	0.24202782361711042	0.2452378634180657
0.5005111678120638	0.2474437439235161	0.2520450882644202
0.5005407882222772	0.24130693304298645	0.2581522787347364
0.5170527840430457	0.2381753931270214	0.24477182282993298
0.5084355197230437	0.25319022381111167	0.2383742564658447
0.49830512433189067	0.25390225297666363	0.2477926226914458
0.5139560942195921	0.24013749322748845	0.24590641255291956
0.5096438400083263	0.2516130661418542	0.2387430938498196
0.5114841984936823	0.2366683491694641	0.2518474523368537
0.5009653611657066	0.2547548265967897	0.24427981223750375
0.5110679500925022	0.2421684816479375	0.24676356825956042
0.5041098165452531	0.24827022689773362	0.24761995655701344
0.5173740109804061	0.2402719416156172	0.24235404740397673
0.5123349008516671	0.23649219230863358	0.2511729068396994
0.507202414484845	0.23882395760742592	0.25397362790772904
0.5016754582888566	0.2393313267039269	0.25899321500721656
0.5117840273469192	0.24798569683746316	0.24023027581561776
0.50344200563751	0.2504299854739	0.24612800888859013
0.4995181474629865	0.24957787735742554	0.2509039751795881
0.5056779204018602	0.24981893505972635	0.24450314453841354
0.5158530935190876	0.24284156688047745	0.24130533960043507
0.5165474908652863	0.2408757837925815	0.24257672534213226
0.5117385896380368	0.25006815827472073	0.2381932520872426
0.5117324430860295	0.24478002343142247	0.24348753348254815
0.5017985580017905	0.2558586261595735	0.2423428158386361
0.5049555165599207	0.25308483253218095	0.24195965090789848
0.49832370163574413	0.25162286161530095	0.250053436748955
0.5095537434073023	0.24607760460213746	0.2443686519905603
0.5094396137158271	0.24012528458015225	0.2504351017040207
0.5106633038059065	0.2425309108549106	0.24680578533918296
0.5093177904480901	0.24327085380795066	0.24741135574395934
0.5115589800087252	0.23809391357981455	0.2503471064114603
0.5067461345058928	0.2371219645086378	0.2561319009854696
0.5048359174483652	0.2556846519267979	0.23947943062483698
0.5050948023599395	0.24401086237251352	0.25089433526754706
0.5062201643831845	0.2533418525086248	0.2404379831081908
0.5032937409078034	0.24019219256408558	0.25651406652811104
0.508241456322919	0.2377231528548068	0.2540353908222743
0.503116206427527	0.23741177744355418	0.2594720161289189
0.5122819085254371	0.23948044870280796	0.24823764277175497
0.5106685897900487	0.2361484234296157	0.25318298678033574
0.5166690569892065	0.24051568905476986	0.24281525395602366
0.5013664235680345	0.2431748860997728	0.25545869033219276
0.5062663945611435	0.2546083273719873	0.23912527806686926
0.49910418144705065	0.2501915211950526	0.25070429735789684
0.5114463760129639	0.24568218437996348	0.24287143960707264
0.5122983446208489	0.23981904097905404	0.2478826144000972
0.5082696087892782	0.24232529875477535	0.24940509245594653
0.5056184030191018	0.2543511744028072	0.24003042257809115
0.5039687733095524	0.2563543599512295	0.23967686673921823
0.5044089299872296	0.25637994763188776	0.23921112238088277
0.5183838163385552	0.24006362242671847	0.24155256123472635
0.5084342589066193	0.2521495895747693	0.23941615151861156
0.5018613120035695	0.24486520162281697	0.25327348637361363
0.5003349431396239	0.2491718729880842	0.250493183872292
0.49847254300578236	0.252533912018334	0.24899354497588375
0.5004913222842016	0.24513841622847937	0.2543702614873192
0.5122814822445765	0.23933200845003832	0.24838650930538533
0.5084279170088375	0.24205887483977756	0.2495132081513851
0.5065064841260283	0.2387295425448659	0.2547639733291059
0.5152879454592222	0.24622373942876966	0.23848831511200827
0.5087681481916801	0.24039427012342396	0.250837581684896
0.5075435122926343	0.23680485273605772	0.2556516349713081
0.5011002466892158	0.24195944019301632	0.256940313117768
0.5053988438934395	0.24572597937064178	0.24887517673591886
0.5032102151990303	0.2508046416476517	0.24598514315331804
0.5081017289242254	0.252784399597349	0.23911387147842567
0.49976463097043244	0.24535939395640666	0.25487597507316095
0.5132589070489739	0.23585929619577445	0.25088179675525174
0.5185027000316489	0.24053827102704037	0.2409590289413109
0.4983261602638365	0.24935953348748813	0.25231430624867546
0.5175379635038352	0.23722744922012323	0.2452345872760417
0.49888630960288255	0.2551375013539878	0.24597618904312976
0.5072003466665429	0.25165734261442146	0.24114231071903575
0.5018919310640653	0.24060186898545297	0.25750619995048185
0.5028443900516243	0.25563917656570523	0.24151643338267062
0.4982548988220519	0.246481385573314	0.25526371560463423
0.5101086166174322	0.24476920154774578	0.245122181834822
0.5025709892479416	0.252401515608701	0.24502749514335748
0.5128980891993429	0.23743992660957716	0.2496619841910801
0.5108844726536748	0.24781318229469568	0.24130234505162973
0.5149665130703638	0.24643601788003824	0.23859746904959814
0.5175626326784551	0.23815163041125587	0.2442857369102891
0.5166623884365977	0.2411205324044427	0.24221707915895968
0.5042600352876776	0.24220283512676602	0.2535371295855564
0.5075869257227442	0.24664412675003056	0.2457689475272253
0.517601074349048	0.23555908914858498	0.24683983650236713
0.5023824316411379	0.24786035025170702	0.24975721810715515
0.5033229731852112	0.24171033574596346	0.2549666910688254
0.5050429326702703	0.2449542137512527	0.25000285357847707
0.51484192450781	0.24428696484615497	0.2408711106460351
0.5064074382998938	0.24182729383952012	0.2517652678605862
0.5157754367499034	0.24471067528132617	0.23951388796877043
0.506788173953059	0.2433941840333218	0.24981764201361933
0.5145635076651729	0.23723436524216923	0.24820212709265796
0.5041468151029235	0.23832583086725528	0.25752735402982135
0.5081169080626868	0.24660711987412082	0.2452759720631924
0.5051945227908866	0.2463806037531528	0.2484248734559607
0.5080559535723348	0.23638381753097007	0.25556022889669516
0.499143527161478	0.249417548677361	0.25143892416116115
0.508510187336233	0.24512181409238476	0.24636799857138236
0.5008111708030051	0.2418997671850862	0.2572890620119088
0.5097369356333952	0.24172721197694685	0.24853585238965806
0.5050188245522115	0.23844519696596872	0.2565359784818199
0.5059900768422083	0.24665301500747527	0.24735690815031652
0.5165203455076448	0.24250613572983687	0.24097351876251838
0.5082531183644567	0.24404657452686582	0.24770030710867758
0.5090521667223898	0.2508098157345872	0.24013801754302308
0.5040071262588408	0.2486087925082854	0.24738408123287386
0.5111687707640074	0.24026257353897212	0.2485686556970206
0.503483431255943	0.2476474481106889	0.24886912063336822
0.5038875940189236	0.24721077469858063	0.24890163128249593
0.5133386029819358	0.24150486727740203	0.24515652974066224
0.5015163910801135	0.25170389162227824	0.24677971729760834
0.5091494124420791	0.24585063683181316	0.24499995072610783
0.5023578956360413	0.25333970883249385	0.244302395531465
0.5058247427713364	0.24514803185515527	0.24902722537350844
0.5055795527403858	0.24321987026811714	0.2512005769914972
0.5129824336352744	0.24730752695950403	0.23971003940522162
0.5069549627961565	0.23833381941711299	0.2547112177867306
0.5086474937793855	0.23814458975526254	0.2532079164653521
0.5054939062683108	0.249904542430818	0.2446015513008713
0.5068369960027259	0.23637312830950222	0.256789875687772
0.5106154204001998	0.25004178714215497	0.23934279245764523
0.5042091181503785	0.2515182469267945	0.24427263492282708
0.5085868194596996	0.23857146611326618	0.2528417144270343
0.5027730229366348	0.23878004708964817	0.2584469299737171
0.5042993871432291	0.2399195311822985	0.25578108167447244
0.5150121407753439	0.24089471137326993	0.2440931478513864
0.5097642267132066	0.24435279404764243	0.24588297923915103
0.5115618537368605	0.2448167477586098	0.2436213985045298
0.5164919576721252	0.24353368128338398	0.23997436104449096
0.5110954089422852	0.24571500187953316	0.24318958917818168
0.5003632755718053	0.25546714051636515	0.2441695839118297
0.5047345195911337	0.2445517872054243	0.25071369320344206
0.5052925959701566	0.2439113770025267	0.2507960270273167
0.5063894323147666	0.24997729199546903	0.24363327568976434
0.5069691076654967	0.23929531640879254	0.2537355759257107
0.5095660995804909	0.24246458369909962	0.24796931672040956
0.5038633608799474	0.2392376039986116	0.256899035121441
0.5076700631337276	0.2464416388438273	0.2458882980224452
0.5032800261965034	0.2534236054347019	0.24329636836879484
0.5032943037885997	0.2410963897074609	0.2556093065039394
0.5031088168590869	0.25416230725600664	0.2427288758849065
0.5113063775656361	0.23955201996661538	0.24914160246774852
0.5095884674667193	0.24510863847362316	0.24530289405965774
0.5147864643176527	0.2428461495111094	0.24236738617123801
0.5107247867829972	0.23555477372295072	0.25372043949405215
0.5008140060611073	0.2471711200593981	0.2520148738794947
0.5095543306711683	0.2360224829673413	0.2544231863614905
0.5041529748562604	0.24312171803673951	0.2527253071070002
0.5143342213069351	0.23527255411961756	0.2503932245734475
0.5113935924417679	0.24326571734315172	0.2453406902150806
0.5115052449262929	0.2383415268453774	0.25015322822832975
0.5064560325487819	0.25381976035879605	0.2397242070924221
0.515236959545901	0.23745910580656834	0.24730393464753073
0.5047836698924117	0.2483199838962752	0.24689634621131312
0.5041398939309518	0.23677915882354636	0.25908094724550196
0.5046762773991792	0.24751238840879003	0.2478113341920309
0.5078644136366285	0.23821186294755822	0.25392372341581343
0.5013069220418155	0.25197024226113274	0.24672283569705195
0.5136242876960819	0.23579909343846236	0.25057661886545585
0.49910072644658954	0.25412275982850674	0.24677651372490383
0.5144354126794503	0.236040391613487	0.2495241957070629
0.5019215957734421	0.2511907063714677	0.2468876978550903
0.5000573926876233	0.2413296523680521	0.2586129549443247
0.5165609538043375	0.23707021679413084	0.2463688294015318
0.5003714091906492	0.24208029668232323	0.25754829412702773
0.5058371653769269	0.2411231465348298	0.2530396880882434
0.5159896971550882	0.23749774514132996	0.2465125577035819
0.5036759933263454	0.24730043416901387	0.24902357250464086
0.49848765567417996	0.25429754187435066	0.24721480245146948
0.5089881525271275	0.2453107070498621	0.24570114042301056
0.5121509421557711	0.24193095547819593	0.2459181023660331
0.5002599146614382	0.253419492654465	0.24632059268409692
0.5104133901615293	0.24591489673733746	0.2436717131011334
0.5149278957323966	0.242240267710917	0.24283183655668655
0.5001240663079698	0.25528185494501476	0.24459407874701547
0.5021539123349943	0.24548363780144344	0.2523624498635624
0.5153732268500881	0.2366755681177511	0.24795120503216098
0.5024489903413998	0.24562971851551202	0.25192129114308826
0.505678736225845	0.25249129838181933	0.24182996539233576
0.5043734783972931	0.24080872833671385	0.2548177932659932
0.5142819446361877	0.24469925835323067	0.24101879701058176
0.5117592167977902	0.23660719064873945	0.25163359255347034
0.5102578975523977	0.24489268745066678	0.24484941499693558
0.5068939503736098	0.24050167410373535	0.2526043755226549
0.5061531846272925	0.239464416953318	0.2543823984193896
0.5148940896909426	0.24545188387192562	0.23965402643713182
0.5144606396174648	0.24129049580785109	0.24424886457468425
0.4998498959446274	0.2529847018310988	0.24716540222427386
0.49976704545309963	0.2521055685886102	0.2481273859582903
0.5124898620284788	0.23738945421684537	0.25012068375467594
0.5027193811123829	0.24999991954622552	0.24728069934139169
0.5075305143853002	0.25347136477759113	0.23899812083710875
0.5033042466153077	0.2541853987775059	0.2425103546071865
0.5006860245334142	0.252181077987016	0.24713289747956996
0.5092573867160941	0.25160987917062044	0.23913273411328556
0.5112863149324567	0.24372175517765585	0.24499192988988755
0.5152281074243231	0.23921495523414457	0.2455569373415324
0.5097911842025095	0.23731717997413765	0.25289163582335294
0.5146985190075571	0.23676948395802958	0.24853199703441337
0.5024049491013913	0.25503477854455797	0.24256027235405084
0.5007483238869492	0.25048749372010415	0.24876418239294668
0.5125230638764455	0.24215186540874578	0.24532507071480883
0.5045257767158159	0.23761048116256542	0.25786374212161883
0.5167560588870515	0.2432726228179632	0.2399713182949855
0.510658244770448	0.24569575811781288	0.24364599711173923
0.5129050202968248	0.23682299809865548	0.25027198160451986
0.5140503674050377	0.23610194241777946	0.2498476901771829
0.5142079872168392	0.24202814023096306	0.24376387255219778
0.5133880707867424	0.24368433690083185	0.2429275923124259
0.4988406242740993	0.24933198302012582	0.251827392705775
0.5089698010221608	0.24787408909686942	0.24315610988096986
0.5077195369492872	0.23548843152725418	0.25679203152345875
0.5076051527996206	0.2466844958504828	0.2457103513498967
0.5011412061953282	0.24654988906507855	0.25230890473959344
0.5053221293492014	0.23834728276290917	0.2563305878878894
0.4997199837222227	0.2538147328578085	0.24646528341996893
0.5037905753893757	0.24175374417752704	0.2544556804330975
0.5050885695552711	0.24564690572117323	0.24926452472355567
0.4984613567693546	0.25037742432439697	0.25116121890624854
0.5116873639722981	0.2427819102394187	0.2455307257882833
0.5171490125910572	0.23730270569288398	0.2455482817160589
0.5062911295815917	0.24103203234717901	0.2526768380712294
0.5057002197756088	0.2359683356325342	0.2583314445918572
0.5007005808008607	0.25414465092442495	0.2451547682747145
0.4993794223243726	0.24330041346224257	0.25732016421338494
0.5150227723983644	0.24459581713389525	0.2403814104677405
0.4992068063937132	0.2551974400472789	0.24559575355900803
0.5145360441658844	0.23556582760040728	0.2498981282337084
0.5176003303660043	0.23804254754036663	0.2443571220936292
0.4986373371876525	0.243323547069642	0.2580391157427056
0.5051757192815309	0.23519200296311352	0.25963227775535563
0.5102566378444238	0.2438665304617405	0.24587683169383584
0.5168004544880314	0.2433593516743799	0.23984019383758887
0.4982527890476522	0.2440601817292566	0.25768702922309134
0.5076688248237264	0.23596398497020116	0.2563671902060725
0.5022997183331395	0.2559327159017026	0.24176756576515795
0.5028312332600406	0.24036179635707117	0.2568069703828883
0.5011268099782884	0.23999049788957355	0.2588826921321381
0.5108658138329858	0.23798762779774676	0.2511465583692675
0.5120832049772487	0.24277760614145005	0.2451391888813014
0.5025909395369624	0.24872547528520056	0.24868358517783712
0.5020677682021129	0.243913402500967	0.2540188292969203
0.5062466298928686	0.2413623080017017	0.2523910621054298
0.4999747383197433	0.2418701917300804	0.2581550699501764
0.5099837622357891	0.24150153660668217	0.24851470115752877
0.4982821748756511	0.25002767542199567	0.25169014970235337
0.5102081371105338	0.2496370182263556	0.24015484466311077
0.504480511197948	0.25482579772274727	0.24069369107930486
0.5032873674247148	0.24110467152744022	0.2556079610478451
0.5110720493768361	0.23975569743807207	0.24917225318509195
0.5119317546985918	0.24855296795013895	0.23951527735126946
0.5132608427854292	0.2369752049701109	0.24976395224446002
0.5055403184196556	0.24553475735904745	0.24892492422129703
0.5018810020760375	0.2386669795424605	0.2594520183815021
0.5064875985767114	0.2492728619528751	0.24423953947041355
0.5021927392240704	0.25533921026555567	0.24246805051037404
0.5033451001050971	0.24875081833269358	0.24790408156220936
0.5081286017914137	0.2444828796201359	0.24738851858845054
0.5150552071761869	0.23597481670648374	0.24896997611732946
0.506128082173123	0.2409508565972731	0.252921061229604
0.5066437174144507	0.24947044509138522	0.24388583749416426
0.5103164418812969	0.24362078743430554	0.24606277068439775
0.50261619246371	0.2541181969868073	0.24326561054948279
0.5025938496537309	0.2460704257083923	0.2513357246378769
0.505655277992896	0.24685634414093988	0.2474883778661642
0.5105606966471945	0.2467862423369911	0.24265306101581458
0.49901555984448526	0.24890215460533832	0.25208228555017653
0.5179943266444827	0.23910037588958255	0.24290529746593478
0.5065755217759378	0.2396806823554027	0.25374379586865964
0.506652105747609	0.24352262472574956	0.2498252695266415
0.5034969833878603	0.23759402174334718	0.2589089948687926
0.5094902496204935	0.24547314709334067	0.24503660328616597
0.5063255364770951	0.2537694862537656	0.2399049772691394
0.49863012173275356	0.25175842575600754	0.249611452511239
0.5051441048852618	0.25505321769873435	0.23980267741600397
0.5094220151982259	0.24839253051112528	0.24218545429064886
