0.06963110053036864	0.28317464917940116	0.6471942502902304
0.1607023005972009	0.2616817414825108	0.5776159579202884
0.19786665647104332	0.5534383827229646	0.24869496080599215
0.09337986302449514	0.2569484362882157	0.6496717006872893
0.2364876075504975	0.06863839662502308	0.6948739958244795
0.044926481592912126	0.4962882027037143	0.45878531570337366
0.10555948849885935	0.7422871989625575	0.15215331253858336
0.16458658017666827	0.12857650319793995	0.7068369166253918
0.05870669511666471	0.25422950469218186	0.6870638001911535
0.23773794907050855	0.4992505992993391	0.2630114516301525
0.1148855274841877	0.5699845950198278	0.31512987749598464
0.06825186194782235	0.725012870630287	0.20673526742189074
0.06825112648522463	0.7244516458374899	0.2072972276772856
0.2121921555493847	0.5466356047378227	0.24117223971279272
0.14233094199238994	0.46897011430205005	0.38869894370556013
0.20633209333502295	0.6196065190136402	0.17406138765133694
0.1803910853726859	0.6804141316977054	0.13919478292960888
0.22716917835941636	0.4304972810860537	0.3423335405545301
0.06624980924572882	0.2440797818968041	0.6896704088574672
0.20521159184059756	0.2676550563877584	0.5271333517716441
0.21696758340722205	0.6122796342589399	0.17075278233383812
0.2008230511889807	0.6644447961619937	0.13473215264902574
0.21554055095451302	0.6606948739326881	0.12376457511279904
0.1035762907789064	0.3500598895717884	0.5463638196493054
0.2213694222252207	0.5091843589278391	0.26944621884694037
0.09219105152377824	0.6575521768281343	0.2502567716480877
0.1591078983615237	0.31947106481165766	0.5214210368268188
0.08599782451145971	0.395994481812668	0.5180076936758724
0.077641287096818	0.23445775266557803	0.687900960237604
0.137835725368198	0.7166798363690646	0.14548443826273755
0.2202225558180561	0.6438254613560432	0.13595198282590087
0.18982821656704904	0.2998143709452508	0.5103574124877002
0.14033059894118516	0.4318230436448178	0.42784635741399724
0.07887545630162407	0.4966734777065771	0.42445106599179894
0.12941709985786304	0.4567001693088048	0.41388273083333227
0.15381403519546283	0.6462685020077984	0.1999174627967389
0.24276390813370738	0.056684804508574826	0.700551287357718
0.055217422834268615	0.515002743763961	0.4297798334017705
0.1525767765739965	0.26791192957393867	0.579511293852065
0.1878022324491859	0.1855922220765813	0.626605545474233
0.2123748256234233	0.07417999586116364	0.7134451785154132
0.16037811596004498	0.5196172486113877	0.3200046354285675
0.2129923468837921	0.5004132674430148	0.2865943856731932
0.07297787928173799	0.6458570956350922	0.28116502508317
0.22187746102692596	0.3921155289987854	0.3860070099742888
0.0696389828965826	0.5667548562482146	0.3636061608552029
0.08381133890609446	0.19734779058722687	0.7188408705066788
0.2172141850782744	0.6085482030373618	0.17423761188436387
0.13037993418220856	0.5212070392924545	0.3484130265253371
0.04248212750345526	0.4747303564401908	0.48278751605635417
0.20014379352825745	0.38272250420538756	0.41713370226635504
0.1641095749532779	0.2982076581599955	0.5376827668867267
0.20777372207706876	0.16053873486465492	0.6316875430582765
0.16959427362592325	0.13228156322212653	0.6981241631519504
0.19355152662900316	0.43171596511683935	0.3747325082541576
0.16401505972470484	0.5817130528744626	0.25427188740083273
0.08233276367646175	0.6157323820976032	0.30193485422593525
0.2211469967747332	0.3447950467228861	0.4340579565023808
0.19970555033166745	0.450647645922424	0.3496468037459087
0.19878592597013664	0.2368323953106809	0.5643816787191827
0.06599446616851712	0.5863108780753878	0.3476946557560952
0.20182037978179365	0.7028653817461481	0.09531423847205844
0.1481188776407764	0.18802033423433867	0.663860788124885
0.11239687798341153	0.35250931394500196	0.5350938080715867
0.1839271993588115	0.5335188548999459	0.2825539457412427
0.20634654356017726	0.22011617345658996	0.5735372829832329
0.09120497779977732	0.764978436179742	0.14381658602048075
0.23286393804949734	0.5990486436340745	0.16808741831642823
0.0704060435920818	0.3899925506287591	0.5396014057791592
0.216398045151453	0.11092890537920991	0.6726730494693373
0.2152140422054888	0.17630506339573465	0.6084808943987766
0.23037168172004724	0.11471940660420443	0.6549089116757484
0.1817914606300829	0.3954382472065866	0.4227702921633306
0.08531716084714078	0.21741691640054445	0.6972659227523148
0.1385241876125152	0.5313873221944229	0.3300884901930621
0.18564276877714478	0.24293526703109783	0.5714219641917575
0.07239332077676558	0.4279551781042479	0.4996515011189867
0.24025812412690517	0.3446238501555698	0.41511802571752515
0.03536193296682494	0.41506031975378693	0.5495777472793882
0.13033740916752037	0.42442430893386035	0.4452382818986194
0.1830556929731611	0.6400854999011394	0.17685880712569957
0.18805972849962183	0.6261166998196024	0.18582357168077596
0.1507577663471677	0.6856054145262861	0.16363681912654632
0.13376656377731522	0.32748294460749994	0.538750491615185
0.0921129111779187	0.6640994531322411	0.24378763568984035
0.2013267228231015	0.28890491899904536	0.5097683581778534
0.16967873975334852	0.2764172832714634	0.5539039769751881
0.1678222960440154	0.24160381434696318	0.5905738896090216
0.1365678024664116	0.42435068139207	0.4390815161415185
0.20773728089194232	0.2594194236719561	0.5328432954361018
0.21336422298458468	0.27486878857529257	0.5117669884401229
0.18912817686486016	0.43636675993302076	0.3745050632021192
0.1139272971754369	0.21010096800214084	0.6759717348224223
0.2316288242503123	0.4471633716870621	0.32120780406262567
0.13334029548946424	0.5484545028658143	0.31820520164472155
0.03596861237843535	0.5887329370531318	0.37529845056843303
0.17509758102856365	0.36499964094028436	0.45990277803115215
0.19717437462023285	0.40441406242560696	0.3984115629541603
0.0650383762270701	0.30820721520982763	0.6267544085631025
0.23046646604792165	0.23253478082741183	0.5369987531246667
0.18361523117691073	0.5296066767931744	0.286778092029915
0.18514453603920517	0.7151979480710903	0.09965751588970473
0.06658666453348538	0.7200488951056573	0.21336444036085744
0.10935040904808815	0.354214188715939	0.536435402235973
0.1807804013774908	0.6137352148872226	0.20548438373528666
0.17542761065093093	0.4443700632691266	0.3802023260799426
0.2240235051675325	0.40719559099781477	0.36878090383465284
0.05132505388072628	0.4405528071800974	0.5081221389391763
0.10914956676667553	0.5457219295493326	0.34512850368399206
0.11998410950278779	0.20896467660920925	0.6710512138880032
0.05104357424724765	0.28193179925903994	0.6670246264937125
0.20807860057867641	0.6084611885806269	0.18346021084069677
0.23390897137204164	0.5880668039057577	0.1780242247222008
0.07143540881544413	0.6093841350403492	0.31918045614420676
0.18054344348417609	0.5260469299302499	0.2934096265855742
0.12324748722809917	0.3102327250277212	0.5665197877441798
0.049094436600661484	0.48156823257513476	0.4693373308242039
0.10307970832976929	0.5769040471400704	0.32001624453016037
0.14720780444560605	0.15126221660465	0.701529978949744
0.13997729065771145	0.27832109453855425	0.5817016148037344
0.08566716537123764	0.40974683773844356	0.504585996890319
0.18801434480038887	0.3307167461854476	0.48126890901416364
0.1829718873866718	0.09798764891513276	0.7190404636981955
0.20431052491057522	0.43217764458556834	0.36351183050385655
0.1266129812062558	0.7420850978971207	0.13130192089662346
0.13627504783071137	0.17787158889750007	0.6858533632717887
0.11601670822867938	0.5179475601029404	0.3660357316683803
0.24397708840757915	0.5683815607297573	0.18764135086266362
0.10531319026159955	0.7285901375146285	0.166096672223772
0.10299263301153516	0.29454639697043955	0.6024609700180255
0.20331132838954658	0.3913898972577141	0.4052987743527394
0.2062719791506763	0.36179954914905144	0.4319284717002724
0.18560877070256016	0.10838394226560288	0.706007287031837
0.06630438263588195	0.2777395734907767	0.6559560438733414
0.17810768766648394	0.691273697271846	0.13061861506167027
0.18124812575920174	0.6788069799504903	0.139944894290308
0.154056381704126	0.5192000031198436	0.3267436151760305
0.20375180511501895	0.390818212841705	0.4054299820432762
0.1543247191526224	0.21940956076647156	0.6262657200809062
0.1840034974361393	0.6873724197062743	0.12862408285758656
0.04669716429425602	0.5924515411759916	0.36085129452975245
0.06511333765429639	0.3290955561497116	0.6057911061959922
0.12898537062787105	0.6608758302743523	0.21013879909777677
0.20519927061674723	0.06719485902125455	0.7276058703619983
0.20204421492615193	0.0746109167660911	0.723344868307757
0.15057546053362467	0.6354407340733293	0.21398380539304612
0.06771935626240971	0.6395344867084686	0.2927461570291218
0.1464414325386275	0.20692379528240123	0.6466347721789714
0.13399591948518677	0.31059070346676454	0.5554133770480488
0.14558546754925614	0.679241218527348	0.17517331392339602
0.2382374770170453	0.2839092346634238	0.47785328831953094
0.1580108396797055	0.12832303394424902	0.7136661263760455
0.13742384758212334	0.16394226009005108	0.6986338923278257
0.11125951522305996	0.16818415646131862	0.7205563283156216
0.21808488366060833	0.6200678433640019	0.16184727297538998
0.16057506890573345	0.4478051871236109	0.3916197439706558
0.1621991642468564	0.23322114905334607	0.6045796866997977
0.2205079975164252	0.12557010511242453	0.6539218973711505
0.08217883178031082	0.298981578035291	0.6188395901843983
0.17988471000735407	0.2314260775913405	0.5886892124013056
0.08940669702628556	0.3405560129215388	0.5700372900521757
0.13559672076839352	0.45316978876779057	0.411233490463816
0.14047303565269215	0.5115429758340654	0.3479839885132426
0.13624996303254133	0.3900146028348109	0.47373543413264796
0.060431631843329336	0.7581950648481053	0.18137330330856544
0.18588975128401605	0.21922508355913536	0.5948851651568487
0.12932890572784297	0.346229429634933	0.5244416646372242
0.07958501491430298	0.24496187247886442	0.6754531126068327
0.1547577402194556	0.4680155018467934	0.3772267579337511
0.2323630999832693	0.5210912840405721	0.24654561597615876
0.20007648653051124	0.5219480444127848	0.2779754690567041
0.11873783802367671	0.5036800510747266	0.3775821109015968
0.20990718086597854	0.31950702779189466	0.4705857913421269
0.1455490949354362	0.6067786076651492	0.2476722973994147
0.1057064552689452	0.645205123986344	0.24908842074471094
0.03796373966129951	0.5510933826966257	0.410942877642075
0.05029868002821536	0.7701797882564871	0.1795215317152976
0.06949134084855318	0.2932285785408826	0.6372800806105643
0.22228990395709544	0.20902617000572726	0.5686839260371774
0.18108271096755607	0.4502880117237397	0.3686292773087044
0.12083128086767336	0.2777006429625209	0.6014680761698059
0.18386402115025607	0.23922363286570994	0.5769123459840342
0.06227633600055538	0.3430776272622496	0.5946460367371952
0.10699855446806111	0.33223045188098155	0.5607709936509575
0.0958151461110775	0.5739921199475804	0.33019273394134224
0.1920313222517352	0.15510182626016122	0.6528668514881037
0.14519300142320962	0.29591326917143307	0.5588937294053574
0.03181988009481895	0.37196988294265376	0.5962102369625275
0.06442083040504748	0.5337687662347396	0.40181040336021306
0.15091317187712824	0.20860190580102556	0.6404849223218463
0.11503822637724903	0.39516919573199316	0.4897925778907579
0.06887041151523066	0.3915457204370547	0.5395838680477147
0.04921653907353718	0.5174759648705924	0.43330749605587043
0.05846151624881707	0.35649084736634706	0.585047636384836
0.1623810990449619	0.7307804087402141	0.10683849221482408
0.24281087749737035	0.2123573964893259	0.5448317260133039
0.14208915919040774	0.20965155923612136	0.648259281573471
0.1455031494545364	0.6737398014586287	0.180757049086835
0.06881481697357711	0.8093601935392445	0.12182498948717846
0.0400865790416543	0.29324328538141026	0.6666701355769356
0.17976439159748114	0.4008413300434986	0.4193942783590204
0.04801301767688798	0.523994236188387	0.4279927461347251
0.10940346363423395	0.7420187053561853	0.14857783100958089
0.10466254696342789	0.18978840827451765	0.7055490447620546
0.080989931596742	0.3544066872485143	0.5646033811547437
0.15471365777709487	0.6639669984905554	0.18131934373234992
0.08939397596662599	0.8068004094006511	0.10380561463272311
0.24092051707060536	0.4576692916789916	0.30141019125040314
0.1288958911071137	0.5435174510814504	0.327586657811436
0.1641387745869824	0.4069418644814542	0.4289193609315635
0.12725067864346484	0.3527479219806991	0.5200013993758361
0.12587047949167404	0.667033986870142	0.20709553363818406
0.21666785742790717	0.6087476266124447	0.17458451595964825
0.1501386599970835	0.49231913019550166	0.35754220980741497
0.052785393214888066	0.5965752724890575	0.3506393342960546
0.2153836346788101	0.2756018669690335	0.5090144983521565
0.06068479692197093	0.6765105515499698	0.26280465152805943
0.18856013341572347	0.6915565433148203	0.11988332326945633
0.1485845596531831	0.4658904652008004	0.38552497514601664
0.060469285422007635	0.7501835738360045	0.18934714074198794
0.14472368225441212	0.7613846531481251	0.09389166459746295
0.20839415066711103	0.48176727144660647	0.3098385778862826
0.055602031962882326	0.3812868356837085	0.5631111323534093
0.0907576868647513	0.5836185220188557	0.3256237911163932
0.1357524996812741	0.15422805306184223	0.7100194472568838
0.12015900183024925	0.5952326279014218	0.284608370268329
0.14825940120927583	0.7367708657550857	0.11496973303563868
0.17296732804420756	0.3292007028020129	0.4978319691537797
0.0827106065879169	0.1953990026079701	0.7218903908041131
0.07717218373815204	0.32405328202601374	0.5987745342358344
0.10284429908747572	0.18568078563378712	0.7114749152787373
0.20637559371784323	0.33388397646427476	0.45974042981788216
0.05233295417326844	0.8340348426384308	0.11363220318830086
0.1429891654471081	0.7220360675900749	0.13497476696281716
0.15675542917251473	0.50824835849679	0.33499621233069543
0.03744357098029216	0.5786519593125592	0.38390446970714875
0.0848182335521524	0.8127211422703106	0.10246062417753718
0.03688300729200439	0.28189551351445147	0.6812214791935443
0.1724938663268106	0.253891250323629	0.5736148833495605
0.051632115065563866	0.32812653637725614	0.6202413485571802
0.1337384165419385	0.1860148420938602	0.6802467413642015
0.03872168464660236	0.5665607349436375	0.39471758040976024
0.07516972022176294	0.7657518496724788	0.15907843010575845
0.22162915183202403	0.4831440369353305	0.2952268112326456
0.13001081808252754	0.14515842696242948	0.7248307549550431
0.2279450585385742	0.05431987471291433	0.7177350667485116
0.14708576476063762	0.4797247773285666	0.3731894579107959
0.1812621370326581	0.38342777438913045	0.4353100885782116
0.087832939078648	0.6803434811555411	0.23182357976581103
0.055914292692053225	0.7959420738428311	0.14814363346511572
0.20119244830706065	0.5200446116088012	0.2787629400841382
0.14657796002077259	0.5360386723188209	0.31738336766040665
0.17578426672567904	0.6800806818045141	0.14413505146980699
0.05046377961592585	0.5968473925624563	0.3526888278216179
0.0569897823530946	0.675657902510985	0.2673523151359205
0.16278551859760612	0.21596101192695166	0.6212534694754424
0.24123197842130772	0.19624517397706612	0.5625228476016263
0.1649658303460848	0.412060986744295	0.4229731829096203
0.1415004510520627	0.629567832258549	0.22893171668938841
0.09132117263558676	0.25436289730860256	0.6543159300558108
0.14952369311788818	0.24638963052985466	0.6040866763522572
0.18216623944155652	0.4618932009519668	0.3559405596064768
0.04879056077753974	0.40153440282417463	0.5496750363982859
0.14055482410632486	0.6107364849655885	0.24870869092808673
0.23594116905396753	0.4598103863968164	0.3042484445492163
0.23545974593016886	0.3912990338343209	0.3732412202355103
0.21998969851284944	0.4361301509734097	0.34388015051374093
0.1747692094138556	0.32282296851100367	0.5024078220751409
0.1912775032572538	0.44698103840959413	0.3617414583331522
0.1116683774552813	0.3189923508736007	0.5693392716711181
0.12972753666966702	0.1446630452245659	0.7256094181057672
0.17579085268619318	0.15512317750085652	0.6690859698129504
0.07513506915497248	0.24343236464184992	0.6814325662031777
0.0962935261351931	0.48201083401625133	0.4216956398485557
0.11275683519111213	0.33314533409223324	0.5540978307166549
0.05901806671848514	0.3673847350590726	0.5735971982224424
0.09215460078479507	0.5507783389094512	0.35706706030575386
0.19576884635870997	0.2421685034243305	0.5620626502169597
0.09937724890283636	0.4534297758686209	0.44719297522854284
0.08915363714902674	0.557110557241408	0.35373580560956536
0.23341649752579793	0.4870839345746798	0.2794995678995224
0.1396029704227027	0.3238682832309803	0.5365287463463171
0.2006272235701182	0.44110617552015674	0.3582666009097252
0.16697305587182137	0.21727822615950482	0.6157487179686739
0.2006517441749385	0.39126975075968035	0.4080785050653813
0.1473366920959548	0.6960735055679241	0.15658980233612121
0.13119448470182846	0.5338819866502729	0.33492352864789876
0.08680035971674074	0.2066331548169799	0.7065664854662794
0.07211453360604703	0.45577124630077326	0.4721142200931799
0.03997214449775527	0.32869106286439886	0.6313367926378459
0.17832481233746425	0.5285461537260018	0.2931290339365341
0.05492770925078083	0.6202335591566925	0.3248387315925268
0.19920834995189168	0.4111847803875458	0.3896068696605626
0.0433270618604949	0.7456376437081724	0.21103529443133284
0.2003730460275525	0.23557457432606244	0.5640523796463852
0.11641010107175687	0.706861705481297	0.17672819344694626
0.18843214646928505	0.5740386517308944	0.23752920179982065
0.24177943207382074	0.5122594947609436	0.24596107316523583
0.09288474180429312	0.7326792657181252	0.17443599247758168
0.0517637875401995	0.26743430279348646	0.6808019096663143
0.17275257045811912	0.328131108951621	0.49911632059026
0.03700375401616596	0.7173841205207221	0.24561212546311212
0.11335219089032406	0.4603472036286427	0.4263006054810334
0.2299190320679407	0.3682672584470983	0.4018137094849611
0.22840249658444162	0.3605390483251097	0.4110584550904488
0.09369088041201873	0.7324756389964195	0.17383348059156178
0.1684551155863424	0.14083388636095578	0.6907109980527019
0.17118074928319157	0.5025123788305281	0.3263068718862805
0.2422205055426439	0.6485145260007755	0.10926496845658074
0.04286051305834071	0.7601091186265638	0.19703036831509566
0.1321719818333014	0.21028246284161203	0.6575455553250867
0.18656793803563956	0.16239694248418213	0.6510351194801784
0.23253649070553803	0.10636413122287813	0.6610993780715839
0.2275113718338288	0.4837508977800822	0.28873773038608913
0.07528219028534994	0.3956072857226087	0.5291105239920415
0.1259308106077347	0.5056079866804246	0.36846120271184074
0.22903821844096386	0.2326221716103829	0.5383396099486534
0.04321806690741492	0.23511979864082422	0.7216621344517611
0.24140455662963428	0.2573352028722246	0.5012602404981412
0.10348505825991797	0.23774328091496044	0.6587716608251217
0.08862415013054967	0.7176751866479474	0.19370066322150312
0.20264774063108643	0.3052773330628098	0.49207492630610383
0.13114438277985052	0.30450100547936754	0.564354611740782
0.12181383968229267	0.4159429514542098	0.4622432088634976
0.11267376545434615	0.6487030161331274	0.2386232184125266
0.05249313117065563	0.33674331635328314	0.6107635524760614
0.07413671807082733	0.598285269407271	0.32757801252190183
0.14619494709620567	0.5055847411893708	0.3482203117144237
0.2129372676676798	0.3764337172071691	0.41062901512515115
0.2434003981060302	0.6367890610622606	0.11981054083170925
0.16535506975613673	0.4914122623440558	0.3432326678998076
0.21881215949421992	0.49724130578438985	0.2839465347213903
0.23018432013932488	0.05719144391178427	0.712624235948891
0.17236657930780896	0.7064525645515545	0.12118085614063662
0.10205312416604415	0.6682063466672055	0.22974052916675047
0.08305573422191115	0.5383744946713198	0.37856977110676915
0.20945806567137445	0.49952981633978005	0.29101211798884563
0.22797642167364146	0.09203834072676953	0.6799852375995892
0.0398667168649266	0.4646075926575028	0.4955256904775708
0.05682090891527031	0.39008808451725807	0.5530910065674717
0.24156235065688564	0.5180578985108224	0.24037975083229204
0.17838365869424297	0.6325746944571422	0.18904164684861488
0.13790072436067125	0.27092665871473426	0.5911726169245946
0.10130896302358183	0.6114198377122513	0.28727119926416694
0.16054341559000837	0.5344870439545492	0.30496954045544256
0.0420945972751105	0.8067764278495385	0.15112897487535112
0.1682676161289821	0.5520644379109868	0.2796679459600312
0.14646025476492497	0.5678846624245484	0.2856550828105267
0.1608020777939248	0.41420846407250594	0.42498945813356936
0.05738825022796934	0.5886306529317532	0.35398109684027756
0.17775073776776618	0.5129452962223016	0.3093039660099324
0.22626127935764953	0.6156094718709901	0.1581292487713604
0.06437995520895018	0.381309792804547	0.554310251986503
0.1282556860317796	0.47884656791825464	0.3928977460499659
0.041417748364489304	0.35278135606535727	0.6058008955701535
0.18768987315098817	0.11378656625175604	0.698523560597256
0.057395829867691095	0.5547073865864383	0.38789678354587087
0.09863757469674486	0.6840274556549644	0.21733496964829094
0.16640536651026738	0.5035457374827043	0.33004889600702847
0.22897701333566323	0.15067201506000819	0.6203509716043287
0.061584735221394904	0.6315534031841796	0.3068618615944255
0.09628320991944664	0.566402786085336	0.33731400399521744
0.19866031469785322	0.11031953938260339	0.6910201459195435
0.21286630717321173	0.14547995802971472	0.6416537347970737
0.16402984357672684	0.4821717284298867	0.35379842799338657
0.20784139811525912	0.3889118435362111	0.40324675834852985
0.2029094724289872	0.5022428507237882	0.29484767684722474
0.21857674457374335	0.061103533695925694	0.7203197217303311
0.10463028566058594	0.301623357495854	0.5937463568435601
0.07650902291631789	0.23440715233371828	0.689083824749964
0.18823206264035033	0.5666008952196192	0.24516704214003057
0.05131852058633041	0.5708944629591606	0.3777870164545092
0.18663480755467288	0.5289280104234704	0.28443718202185686
0.1550257498967704	0.15418022835769407	0.6907940217455357
0.05640316562056835	0.7727397998351749	0.17085703454425683
0.09777358433499256	0.6517828259731095	0.250443589691898
0.08195524883879601	0.6417651740190793	0.27627957714212487
0.03639076741577085	0.47892211047237554	0.4846871221118537
0.18779080370786774	0.29381871596619796	0.5183904803259344
0.14835693218314266	0.11809463443257037	0.7335484333842871
0.14150437709143446	0.6005658315662881	0.25792979134227756
0.1570504741287011	0.16375330464201698	0.6791962212292821
0.13683179438564144	0.5760765024148622	0.2870917031994965
0.24449822660679957	0.5849672311888466	0.17053454220435393
0.03327522972126917	0.2642333410134974	0.7024914292652336
0.08504169360113997	0.32082933864783486	0.5941289677510253
0.219863100474555	0.6255816871247043	0.15455521240074077
0.12808698754570602	0.6313506230947266	0.24056238935956759
0.09130564854022621	0.5711432649554772	0.33755108650429677
0.08255790984413136	0.6724560626033997	0.24498602755246895
0.12005058515229533	0.4787787233040318	0.40117069154367296
0.05406526850387061	0.5895120045353593	0.3564227269607701
0.061787839643243414	0.8002686192724636	0.13794354108429316
0.07309164942451252	0.6084134493301692	0.31849490124531843
0.037709193509931294	0.550036029844901	0.41225477664516796
0.2376003653924545	0.40645654330585446	0.35594309130169116
0.22241060631675677	0.35039681285202595	0.42719258083121736
0.06517594891971346	0.5816712639535255	0.3531527871267611
0.21677334975903623	0.5331810140800919	0.25004563616087205
0.23830616261526047	0.5643079883673696	0.19738584901736994
0.0409986382476748	0.42967409302043136	0.529327268731894
0.04897602387122835	0.40657438718968375	0.5444495889390881
0.04562691245798317	0.5933445885820438	0.3610284989599732
0.09754051265676689	0.5693994848471396	0.3330600024960936
0.11654472862659448	0.49189141855885776	0.39156385281454786
0.09785268853338858	0.7161799818486301	0.18596732961798143
0.04494965504960319	0.8429911799901576	0.1120591649602394
0.2327014794066828	0.11426994969071785	0.6530285709025995
0.1893571532067903	0.07585511588315436	0.7347877309100554
0.1569908815937819	0.317822710338457	0.5251864080677613
0.1627568242654742	0.5240372041375849	0.313205971596941
0.24200149093219175	0.3534418259001627	0.4045566831676457
0.07262819277702026	0.24956013916017886	0.677811668062801
0.22177659067667269	0.26450033581994326	0.5137230735033842
0.10445518392849593	0.7433354517531264	0.15220936431837784
0.03392097656079224	0.8451743510704385	0.12090467236876934
0.05069432873938651	0.5403024682268747	0.40900320303373905
0.11223851939565241	0.539065978633334	0.3486955019710137
0.21872707051196577	0.5600737665751538	0.2211991629128805
0.1764449522516095	0.25530325038677265	0.5682517973616179
0.143067365096815	0.21859115414926905	0.6383414807539161
0.24095505959058716	0.1005196133265005	0.6585253270829126
0.03395822659789044	0.29775331135034283	0.6682884620517668
0.23584958194505531	0.237445184074563	0.5267052339803817
0.09968228907845056	0.21990068759888437	0.6804170233226652
0.2067092136018211	0.44094621956862345	0.35234456682955556
0.09407547819152112	0.4149352345425986	0.49098928726588037
0.08865458390390313	0.8149338533810692	0.09641156271502777
0.0691569434041141	0.4527286967329851	0.47811435986290096
0.21472947312608653	0.17004538103189723	0.6152251458420164
0.06488473519167087	0.4364367334481919	0.4986785313601374
0.05252277417789997	0.735798933729966	0.2116782920921342
0.1777131721874618	0.22416533072315817	0.5981214970893802
0.23534576135837193	0.0829253697286555	0.6817288689129727
0.044531345886775264	0.2702778359324127	0.6851908181808122
0.047928005456138956	0.6188288607333425	0.3332431338105186
0.15739728286164328	0.43200365222737835	0.41059906491097853
0.139652342870015	0.5125269673303317	0.34782068979965347
0.1143848603357343	0.35839702620591324	0.5272181134583526
0.1694675224928734	0.5966518311315021	0.2338806463756247
0.07593321833139438	0.45026632200002303	0.4738004596685827
0.0913141200856527	0.5147676632700543	0.39391821664429316
0.032327452272065293	0.7827183023913764	0.18495424533655833
0.21808851912080118	0.5989493736434732	0.1829621072357256
0.06576185090981262	0.6067466632035636	0.3274914858866239
0.12151451711198763	0.5576692915744581	0.3208161913135544
0.07693747362601872	0.49802562099019243	0.425036905383789
0.24472915796789865	0.26562377240196566	0.48964706963013577
0.061250619815418184	0.7639700096956197	0.17477937048896233
0.16880161832505178	0.47329429054790073	0.35790409112704763
0.07101934603224441	0.6181949102201736	0.31078574374758206
0.1726895964477643	0.33467698863005485	0.49263341492218093
0.0779650332711761	0.4725910350993266	0.44944393162949736
0.17043025516237242	0.12400292262895601	0.7055668222086717
0.21150249067903934	0.4783782167451572	0.3101192925758036
0.16692828225583597	0.55755391020151	0.27551780754265415
0.09043323336856729	0.24354854538482398	0.6660182212466088
0.048837637218623386	0.7747031676952865	0.17645919508609023
0.1958661491698375	0.32373668164064084	0.4803971691895218
0.2444093348770944	0.44906564163872587	0.3065250234841798
0.22416676677231107	0.5223980483923488	0.2534351848353402
0.2308917034236691	0.4843129910064783	0.2847953055698528
0.055808549837306876	0.493667573363366	0.45052387679932726
0.18452665171404953	0.10289952277585263	0.712573825510098
0.20841567608892142	0.45972475876163055	0.33185956514944814
0.12371025878511951	0.2286210630976402	0.6476686781172405
0.12603523062273916	0.16595312229018447	0.7080116470870765
0.034077934938140375	0.24734985738272988	0.7185722076791299
0.22701036142255535	0.5543038129401745	0.2186858256372703
0.06791291743532973	0.7850402520140893	0.1470468305505811
0.10855490192004957	0.3676446712301017	0.5238004268498488
0.049383778171961545	0.4135790041226846	0.537037217705354
0.23603390054367993	0.49613953866597627	0.26782656079034395
0.08894936666468098	0.5073973688391493	0.4036532644961698
0.1662473649766794	0.21520474093188077	0.61854789409144
0.1727733829503011	0.09871094738663966	0.7285156696630594
0.10330087572454968	0.32961966379755103	0.5670794604778995
0.19219553997418187	0.6348226785232127	0.1729817815026054
0.11412509924632924	0.4712936488124355	0.4145812519412354
0.11167502024155643	0.6953151328782043	0.19300984688023942
0.21591845335494514	0.5515134005017288	0.23256814614332616
0.11603042100464381	0.4620026056092119	0.4219669733861444
0.10183487722391982	0.32681445871371123	0.5713506640623691
0.19695591128122594	0.12848107851277588	0.6745630102059983
0.077581287224875	0.218157367393511	0.7042613453816141
0.1672933269913356	0.17958131346985798	0.6531253595388066
0.035490484204662276	0.36967097409915595	0.5948385416961819
0.2427219606055589	0.5333134895731385	0.2239645498213027
0.042062419913831195	0.6828697836088549	0.27506779647731405
0.1565626380088064	0.5228404284986203	0.32059693349257334
0.2418403197408321	0.17678897447420888	0.5813707057849592
0.17571791376963064	0.3142981279338131	0.5099839582965564
0.1664610910230107	0.2896462403733521	0.5438926686036373
0.08848737701434944	0.6851782369827518	0.2263343860028989
0.21543673255533707	0.251538139308125	0.533025128136538
0.0927035307551129	0.5275477581380597	0.3797487111068276
0.05271601333989151	0.6873173731113098	0.2599666135487989
0.21127438494305711	0.6816369805173726	0.10708863453957035
0.08134070962804629	0.49928415986283203	0.41937513050912184
0.21003530946386192	0.3232591451341021	0.4667055454020361
0.03491532781729756	0.28908527507969917	0.6759993971030034
0.12881224073075104	0.19871692839903907	0.6724708308702101
0.09295928161094438	0.3127127420520565	0.5943279763369993
0.2017944754649605	0.5173755295297018	0.28082999500533784
0.17046140054792647	0.6955660438619451	0.13397255559012852
0.23805052459252463	0.27122077645929754	0.49072869894817794
0.23388527339889006	0.07175330181446055	0.6943614247866495
0.04213171700719914	0.5526163640850188	0.40525191890778217
0.08363109160730933	0.31403437806846396	0.6023345303242269
0.09514708358679408	0.18664997679175732	0.7182029396214488
0.1353798417582537	0.2745029708186936	0.5901171874230529
0.1775788142660848	0.6434592747123351	0.1789619110215802
0.12098805490209752	0.2776054714509768	0.6014064736469258
0.1335097083814425	0.38698245292591527	0.47950783869264235
0.18015179122783215	0.2917721191371994	0.5280760896349685
0.12798731208940667	0.3384056545278586	0.5336070333827349
0.11602765448500146	0.327865902204294	0.5561064433107046
0.16728240563333258	0.2135365765543583	0.6191810178123093
0.11638644712708357	0.6618954894379098	0.22171806343500677
0.19384767875489772	0.6512441993328775	0.15490812191222492
0.05192438449235126	0.3959275236448089	0.55214809186284
0.1389121977877791	0.3704388015300595	0.49064900068216155
0.12030030916901716	0.24719585397260335	0.6325038368583796
0.2319085747924779	0.38589874463490614	0.3821926805726161
0.07951111153844925	0.6785219748041059	0.241966913657445
0.05446039848031192	0.4089792601928899	0.5365603413267984
0.0604283988797516	0.5337310946496171	0.40584050647063147
0.1628995060616818	0.5636963314956873	0.273404162442631
0.15593743505721042	0.5447978199988566	0.2992647449439332
0.12246074396248913	0.4290095110181209	0.44852974501939
0.06676478130189822	0.5664388117367352	0.3667964069613668
0.24306079738837272	0.6132313463559951	0.14370785625563237
0.04923220616766588	0.42220758661570035	0.5285602072166339
0.034768048379668404	0.3055141942927532	0.6597177573275785
0.21859329742856115	0.18772503369150023	0.5936816688799387
0.215149321835419	0.3951251749434724	0.38972550322110877
0.14689859732481506	0.31251582915413406	0.540585573521051
0.049538392346904714	0.7761015269793952	0.17436008067370015
0.053320439859952995	0.2726092606286318	0.6740702995114153
0.11514994467257342	0.6320320775880199	0.25281797773940673
0.23845197269915708	0.08000552319908516	0.6815425041017578
0.20673740702651153	0.4548590218225721	0.3384035711509165
0.2434216938645623	0.2507996361785579	0.5057786699568799
0.2217055540795385	0.16961201343523719	0.6086824324852245
0.052895387407419614	0.24926017547139184	0.6978444371211887
0.0589303550714011	0.6654618287824632	0.2756078161461358
0.23097830095706517	0.17771196618171428	0.5913097328612207
0.15467262842966217	0.34350210920962604	0.5018252623607119
0.12453920506653846	0.35247192238911795	0.5229888725443437
0.04542411762987991	0.43885341757393903	0.5157224647961812
0.21406099026120623	0.10172828270455275	0.6842107270342411
0.19194068364463476	0.1344178861013225	0.6736414302540428
0.1254406472528683	0.6726590549448062	0.2019002978023256
0.1186377833295641	0.7709511737850718	0.11041104288536413
0.1744179172643942	0.6053089125550393	0.2202731701805667
0.06663478746019641	0.5322518488968035	0.40111336364300015
0.12267358476540907	0.6827004289383847	0.19462598629620642
0.21661429433485668	0.34391780681076073	0.43946789885438275
0.2418508931562683	0.3039732832586866	0.45417582358504527
0.1748177018370329	0.31040021361520176	0.5147820845477654
0.09703418909496034	0.6308341847842126	0.2721316261208272
0.2311919292605993	0.6403601731325644	0.12844789760683636
0.08419826976772332	0.6169147490243452	0.2988869812079316
0.17491168069320576	0.6568074515891478	0.1682808677176465
0.17041267593550474	0.6295842697809813	0.20000305428351417
0.16699975530212896	0.32133170208755324	0.5116685426103179
0.1933282735635961	0.26526342880923526	0.5414082976271688
0.1470951252294116	0.4230815296121037	0.4298233451584848
0.1750937108960997	0.21793694739383707	0.6069693417100634
0.0680209320334042	0.34239066414102537	0.5895884038255705
0.17193587837015464	0.29981330081976565	0.5282508208100798
0.10667072500620409	0.487805107337988	0.4055241676558081
0.17773123922611006	0.11097597398848905	0.711292786785401
0.10222846043387213	0.5855527850394862	0.3122187545266418
0.14514211170194535	0.42701515989823174	0.42784272839982307
0.11639824400711046	0.4166722715844008	0.4669294844084889
0.12952517185975093	0.47867155716022475	0.39180327098002443
0.16309872484709337	0.20914027743957592	0.6277609977133308
0.1889417516253024	0.44810837544748927	0.36294987292720843
0.08810072269879829	0.2993633781406944	0.6125358991605074
0.07177562461273901	0.3190614310848562	0.6091629443024049
0.22339035606144608	0.06379375442511359	0.7128158895134404
0.03555237532981498	0.29676708522132117	0.667680539448864
0.07576826047889962	0.6251233175478093	0.29910842197329124
0.2207056700580528	0.06304483351219586	0.7162494964297514
0.0562297010199152	0.4572949812555169	0.4864753177245681
0.08796862835929811	0.266908820929891	0.6451225507108109
0.12897109946397556	0.378428106363118	0.49260079417290653
0.16716194986476746	0.5444576573826807	0.28838039275255195
0.13120502929944639	0.3781151451382637	0.49067982556229006
0.18631128701866156	0.1059328019510154	0.7077559110303231
0.040477418628477646	0.4635567813832727	0.49596579998824974
0.17264520744526307	0.2200675909013879	0.6072872016533492
0.1282648202612477	0.1755259715380006	0.6962092082007518
0.17418633832099883	0.545196496890271	0.2806171647887303
0.07996638091118824	0.6144750704397115	0.30555854864910037
0.12724407456536246	0.7070647153200533	0.16569121011458438
0.17021999623212364	0.6664106212378533	0.16336938253002312
0.12877388585835395	0.2784250574426153	0.5928010566990308
0.15189186920294379	0.7323674775534328	0.11574065324362351
0.19897213879223075	0.5721443005587366	0.22888356064903287
0.21953780465422557	0.21938158208817418	0.5610806132576004
0.20482851848952674	0.2875767524606967	0.5075947290497766
0.15815870600473653	0.15703936138482222	0.6848019326104413
0.19632465906807195	0.41098284456175793	0.39269249637017023
0.09394344477369904	0.5637744296981296	0.3422821255281714
0.07652365778758607	0.2022446572658917	0.7212316849465223
0.054478561663793834	0.3419085541964411	0.6036128841397652
0.08534841119439429	0.4548072228903114	0.4598443659152945
0.24445395138558434	0.2667913553911057	0.48875469322331
0.12898791428528383	0.6856265621617059	0.1853855235530103
0.21607831690590032	0.5635201013603739	0.22040158173372587
0.12726160438766504	0.5445191474473472	0.32821924816498793
0.24235295108924387	0.1323708571595981	0.6252761917511581
0.1976812975348574	0.5479738844004628	0.25434481806467996
0.09903481959047142	0.3252746341458064	0.5756905462637223
0.07723967745845661	0.4891274842340477	0.43363283830749577
0.05674624239105297	0.31857011253449996	0.6246836450744472
0.12484112218361115	0.197535811111218	0.6776230667051709
0.10662200033746283	0.46523290177072646	0.4281450978918109
0.15734332972222437	0.23192540724064564	0.6107312630371301
0.21482256396378896	0.09086689375879581	0.6943105422774154
0.03959842893395765	0.27171910707502556	0.688682463991017
0.21726355443135686	0.5933583304424945	0.18937811512614866
0.16325943860814776	0.625320944224028	0.21141961716782431
0.1421739802631867	0.5956996055460901	0.2621264141907233
0.07796496701152861	0.7068867797891568	0.21514825319931472
0.11804443826884764	0.5987785601001112	0.2831770016310413
0.23440701535955547	0.4701974967117031	0.2953954879287416
0.1357579568699893	0.2412480500922573	0.6229939930377535
0.12944658994475766	0.5552386960715359	0.3153147139837066
0.11593650314372492	0.7362183677499523	0.14784512910632286
0.1008292557018497	0.676586700263615	0.2225840440345354
0.22638347361853078	0.5340478602748603	0.2395686661066091
0.13995266600719397	0.6554477579396722	0.20459957605313397
0.04144356697910895	0.3569554738337673	0.6016009591871239
0.05973588424367732	0.29673250423903047	0.6435316115172923
0.1873001170937105	0.1829095515989651	0.6297903313073245
0.13468138436318566	0.332833690003254	0.5324849256335604
0.22757393703594853	0.32229154442791685	0.45013451853613473
0.11606118556175724	0.6023074576582482	0.2816313567799946
0.15793310557937235	0.15177861726042013	0.6902882771602077
0.1548265840566147	0.4259584595624476	0.4192149563809378
0.1512244909638671	0.25284074989647004	0.595934759139663
0.17628738440820585	0.1490554559289266	0.6746571596628677
0.18818544795667796	0.10535595174722517	0.706458600296097
0.1376937007965799	0.6498505692884968	0.21245572991492337
0.10903249436182416	0.45896371518327195	0.432003790454904
0.15972168176543378	0.715959573050663	0.12431874518390329
0.05396175836726691	0.3910826191315103	0.5549556225012229
0.12308052422632815	0.645927199537473	0.23099227623619895
0.14519234732084538	0.37251432676120794	0.4822933259179468
0.11869913466066515	0.5048746346131765	0.37642623072615844
0.04746077516969427	0.8576394684224012	0.09489975640790455
0.11721941058789342	0.7641768469515335	0.11860374246057315
0.11464864627846894	0.6589762058205049	0.22637514790102634
0.17887416373222337	0.4307164918421523	0.39040934442562447
0.04720854279138087	0.8177905452772146	0.13500091193140465
0.10868607806688596	0.24424760041371607	0.6470663215193981
0.06686674690693067	0.7873990805375457	0.14573417255552368
0.03730277186703129	0.4965409276817085	0.46615630045126033
0.18675707262661942	0.23779466911481534	0.5754482582585654
0.061314961997051665	0.6295437314674456	0.30914130653550287
0.1865491958990578	0.3506670672143733	0.46278373688656904
0.18147906978835693	0.1252934716904507	0.6932274585211924
0.12739371023523008	0.7718121080578768	0.1007941817068933
0.18114498558612582	0.24837180640107576	0.5704832080127985
0.03960101209298389	0.616995480652829	0.3434035072541872
0.17192938239206604	0.5511456095985147	0.27692500800941944
0.09304833437596904	0.6461621790918473	0.2607894865321838
0.23333416844736105	0.5512229567619302	0.2154428747907089
0.2014714021381361	0.5178789589644381	0.28064963889742595
0.09562048637118015	0.7249378103638945	0.1794417032649255
0.10937751559494194	0.3456681913685446	0.5449542930365135
0.19831268714100808	0.6642501573315873	0.13743715552740465
0.1495239131586444	0.7376304852575623	0.11284560158379339
0.06869443491497562	0.37244893200507334	0.5588566330799511
0.04515951461571155	0.36613538090061654	0.5887051044836721
0.23698337920439144	0.6632088849732561	0.09980773582235253
0.1604322256588159	0.3106106105739264	0.5289571637672578
0.23127649767076558	0.4473535408748763	0.3213699614543583
0.0981810845982877	0.6619833178771829	0.23983559752452951
0.21977394492937866	0.10763192707110997	0.6725941279995115
0.24248791929249228	0.22916304561876913	0.5283490350887388
0.13957456650970362	0.30027611933395926	0.5601493141563373
0.09183572676720547	0.3526368240435873	0.5555274491892073
