0.1819426957169581	0.09100890935300458	0.09069804619609458	0.2731064256243515	0.36324392310959097
0.18176179573469747	0.0910279232832534	0.09068040192123519	0.27308721850022066	0.36344266056059304
0.1818081663216598	0.09108274823120747	0.09068319674539244	0.2731245693472867	0.3633013193544534
0.18167015686293664	0.09116528328472358	0.09074395542167818	0.2731157510110652	0.3633048534195962
0.1817513140668587	0.09108922242068333	0.09070505791234137	0.27305320968694513	0.3634011959131712
0.18185322444708565	0.09099071995640709	0.09075031791161918	0.27312030929645936	0.3632854283884285
0.18193565307265874	0.09100186744376154	0.09072053476968292	0.2730078108234831	0.36333413389041347
0.1818216714737515	0.09111644744029433	0.09070111044553798	0.27298245943760385	0.36337831120281217
0.1819277295621703	0.09109947972104523	0.0906836050657217	0.2729841212443809	0.36330506440668164
0.1818080116751774	0.09103341256783845	0.0906784108009702	0.2730236536881187	0.363456511267895
0.18182152046016037	0.09114458498777775	0.09070614104705918	0.2730026908126535	0.363325062692349
0.18186021138356762	0.09111791744524823	0.09072043397812746	0.27303569477687684	0.36326574241617965
0.18179166185492296	0.09100989952079444	0.09072037623586328	0.2730464685260616	0.3634315938623575
0.18174778921433288	0.09103526549238827	0.09072039584127306	0.2730963803272394	0.36340016912476625
0.18173341923183123	0.09118249846150268	0.09069751605295327	0.27306676628720605	0.36331979996650654
0.1820300185212052	0.09099784672473779	0.09071420033825289	0.2729895289957494	0.3632684054200545
0.18203375268834537	0.09100777560684802	0.09069358776760816	0.27302260550679214	0.3632422784304061
0.18190301188795058	0.09111020100655129	0.09069859350454641	0.27297721087893717	0.36331098272201434
0.18177336088610865	0.09105773695087267	0.09068910228011855	0.2731077707083852	0.3633720291745147
0.18204682873510217	0.09098736343005756	0.09068480644308156	0.27301627917997523	0.3632647222117833
0.18190010730028075	0.09104790180032238	0.09071069212893673	0.27307573692252973	0.3632655618479302
0.18184963460175735	0.09102120553943133	0.09073886049283605	0.27298728155934604	0.36340301780662904
0.18192962936262203	0.0909988694016788	0.09069117124984132	0.27298567133648466	0.3633946586493729
0.18183780196751598	0.09104884125875279	0.09074357249085	0.2730772708786484	0.36329251340423263
0.18189121804801486	0.09109983100343784	0.09068821026213478	0.27298238597442837	0.3633383547119839
0.1818116621657721	0.09110695985015983	0.09072015150384637	0.27304080328907304	0.3633204231911485
0.18173527866449238	0.09115482666627611	0.09068559002773256	0.27298819563189936	0.3634361090095994
0.18190675545970186	0.09110021861058612	0.09072519245063873	0.2730171553360863	0.36325067814298684
0.18195246302279736	0.09102938578394347	0.09073310966059808	0.27304358081513247	0.3632414607175284
0.1818992774640916	0.09108547606395065	0.09068917396296236	0.27302416586888145	0.36330190664011375
0.1818794337492322	0.09116009490030502	0.09067945537578387	0.2730188050451481	0.3632622109295306
0.18193451523129137	0.09100778150184582	0.09070401371326625	0.27304059086780363	0.36331309868579265
0.18196198388120843	0.09100892316148963	0.09072385182425054	0.2730419364762585	0.36326330465679263
0.18181197791766424	0.0910276480033405	0.09070893979096907	0.2730902360118547	0.3633611982761713
0.18164373095742628	0.09118586652964199	0.09072058576834209	0.2730915031401163	0.36335831360447307
0.18195129191056714	0.09100718211605185	0.09074434921838669	0.2729913467812342	0.36330582997375993
0.1817473168339242	0.09110710573953874	0.09074985420803829	0.27307445765401905	0.3633212655644795
0.1817236784051501	0.09115002839924845	0.09069978172905965	0.273085331007736	0.36334118045880553
0.18167809001171065	0.09115630274302267	0.09070923032062451	0.2730154757397326	0.36344090118490935
0.18173264860944385	0.09110822919700506	0.09074330720177903	0.2730205716775601	0.3633952433142118
0.18201266819979076	0.09099084122687237	0.09071511867827105	0.2729888077337757	0.3632925641612899
0.18188117844040558	0.09103250782407371	0.09074936988578781	0.2730368400979049	0.36330010375182775
0.1818125934579485	0.09101129433239087	0.09070562349839809	0.27312676830578947	0.3633437204054729
0.18185837144708905	0.09101336661032847	0.09068382661801055	0.27302523057518285	0.3634192047493889
0.18167288429321568	0.09117504878035074	0.09069811821858373	0.2729964111320814	0.3634575375757682
0.18174943849950964	0.09102515359349482	0.0907219486816087	0.27312041361383577	0.3633830456115509
0.18167395181451523	0.09116485856884184	0.09068020668381721	0.27303325146914803	0.3634477314636775
0.18174690386399966	0.09099543515492103	0.0907408230967103	0.27307385297511916	0.36344298490924964
0.1819144143188668	0.09105385654095516	0.09069277102052353	0.2730082108052084	0.3633307473144459
0.18184608630780452	0.09103676457597533	0.09069826956672805	0.2730084839777168	0.36341039557177507
0.18188244616688623	0.09103051563601033	0.09074970454034606	0.27307547801839077	0.36326185563836644
0.181916550837534	0.0910557243136936	0.09072050789205408	0.27300672122410474	0.36330049573261336
0.18185247503788204	0.09105457587136678	0.0907435893133619	0.2730298100708062	0.36331954970658287
0.18179234026413119	0.0910052600108728	0.09074797446072524	0.2730946180172312	0.36335980724703937
0.1819499019828429	0.09112238733035516	0.09068526544743069	0.2729869134620785	0.36325553177729264
0.18184098839319515	0.09102691175623037	0.09075115877046008	0.27311260287286465	0.3632683382072496
0.1819179244426275	0.09100120493255193	0.09070166171304511	0.2730300475374442	0.36334916137433104
0.18185369562598028	0.09098719062931233	0.09069571048674567	0.2730527227592918	0.36341068049866965
0.18166726694128243	0.09115843772053503	0.09071451237934319	0.27300182493607184	0.3634579580227673
0.1817390319485496	0.09099501055947175	0.09074513700215663	0.2730639252761868	0.363456895213635
0.18171897225754718	0.0911233895416706	0.09073809682373829	0.27303666167959595	0.3633828796974478
0.18170903577073633	0.09116061285850884	0.09068341783533417	0.2729928432736056	0.36345409026181486
0.1818189929237118	0.09112066410979888	0.0907075454030711	0.27299269466217035	0.36336010290124765
0.18178213464022294	0.09112588764622166	0.09070313363874001	0.2730709835388321	0.36331786053598314
0.1817932809282224	0.09103181266167645	0.0907454350908373	0.27305597152705774	0.3633734997922059
0.18183963290287733	0.09112990661073024	0.09071542285485096	0.2730149204570255	0.3633001171745157
0.1817381427739504	0.09109404165165981	0.09070528160783752	0.27303723276937486	0.36342530119717725
0.1819418657673079	0.0911294096361179	0.09068939692031658	0.2729890584548983	0.36325026922135917
0.18179470498488237	0.0911053216461981	0.09074569080159109	0.2729802822955665	0.3633740002717618
0.18171038899691702	0.09116642303057208	0.09071480845153292	0.27307170079088794	0.3633366787300898
0.1817585957435189	0.09106021480207194	0.09073028987654543	0.2730132586915669	0.3634376408862966
0.18174116836588644	0.09100239352871059	0.0907247371624069	0.2730798056295364	0.3634518953134595
0.18181821203461224	0.09099237285068006	0.09074210906172979	0.27312380094067273	0.363323505112305
0.1817331180400965	0.09108404093295129	0.09073611849653163	0.273114459500161	0.36333226303025934
0.18176632243928814	0.09104694664353039	0.09074306918936417	0.27312121918718846	0.3633224425406286
0.18178899110689317	0.0910576777658251	0.09070709986240416	0.27302026374949223	0.36342596751538514
0.18176535016570616	0.0910874888584021	0.09069308664838341	0.2730541290726357	0.3633999452548724
0.18180968688356147	0.0910549542512257	0.09072161780368074	0.2730457346841817	0.3633680063773502
0.18172376499900045	0.09113966815233286	0.09074193243337093	0.27306741059296913	0.3633272238223264
0.18173803156615442	0.09108732292593727	0.09071917605238089	0.2731115032055866	0.3633439662499406
0.18193906491099834	0.09103535430331877	0.0907510557101064	0.27301609736129206	0.3632584277142842
0.18189156763115694	0.0910071052171462	0.090727566173338	0.27302181901022354	0.3633519419681351
0.18164678453016608	0.09112962325297627	0.09071726797625124	0.27312755723101884	0.3633787670095874
0.1819422844703837	0.0910535259354496	0.09071937565165783	0.2729814105470899	0.3633034033954188
0.18174639256581399	0.09099207162134623	0.09071048619536762	0.27310002002607564	0.3634510295913963
0.18193160934811453	0.09099749555544695	0.09070367597009571	0.27309986358266963	0.36326735554367295
0.18171651928541374	0.0910949456182496	0.09071295270910967	0.27306688950568453	0.36340869288154226
0.1816529350331315	0.09117774645141534	0.0907258684966581	0.2731006404676116	0.36334280955118325
0.1817258268394232	0.09109687876986214	0.09070478034770874	0.27307463773142004	0.3633978763115856
0.18173013734626717	0.09105811172525463	0.09068634180245283	0.27309591256305754	0.36342949656296764
0.18174463013432735	0.09108457588620004	0.09074133655904898	0.27305611893965787	0.36337333848076553
0.1818100302642509	0.09115461971687659	0.09069484877594493	0.2730824797380717	0.36325802150485564
0.18163940345380933	0.09112819735664979	0.0906993061919541	0.2730957122047554	0.36343738079283117
0.18188745532702272	0.09109209269898424	0.09071999624385518	0.2730427108709337	0.363257744859204
0.18185845140013826	0.09099910622060071	0.09068380865702932	0.2730555984572709	0.3634030352649606
0.1818569491713004	0.09114031149629391	0.09068802289555519	0.2730495491265724	0.36326516731027786
0.1817449653744714	0.09102866639733527	0.09072663164605434	0.27307203326113516	0.3634277033210036
0.18177081782028773	0.09108228852138214	0.09073442312052982	0.2731099037343666	0.36330256680343354
0.18195620692608175	0.0910484025961547	0.09068098086895703	0.2730051125032106	0.36330929710559573
0.18182389023367188	0.09109191528432348	0.09070093236656675	0.2729821162463068	0.3634011458691309
0.18177363334405452	0.09104275111833368	0.09074741567015349	0.2731285838674256	0.3633076160000325
0.18179673397998136	0.0911087100090004	0.09074773396301605	0.273027280088259	0.36331954195974303
0.18181774874299686	0.09103055372619365	0.09067823832916005	0.273030840010699	0.3634426191909502
0.18181157713236304	0.09111468469850201	0.09074644365699919	0.2730444504374015	0.36328284407473405
0.18183460032590215	0.09110258930096243	0.09072477360083837	0.27300186255106	0.3633361742212368
0.18186727307589706	0.09109444729304012	0.09071921303291128	0.27300120977400666	0.36331785682414464
0.18174996517691505	0.091100368958668	0.09074309416182877	0.2731177711895928	0.36328880051299517
0.18178505589105398	0.09101370303184478	0.09069860805489577	0.2731132797692029	0.36338935325300237
0.18179889556861026	0.09105941893961769	0.09068613178375326	0.2730817895511368	0.36337376415688183
0.1816732455647048	0.09103046204066484	0.09073629005469447	0.2731235246954521	0.3634364776444836
0.1817661970940505	0.09110427554065237	0.09073883970030158	0.2730225170692122	0.36336817059578314
0.18180180396922777	0.0910442023345312	0.09074757525964264	0.2730603606657529	0.3633460577708453
0.18179590818291544	0.09112866517451063	0.0906992873989923	0.2729968829436741	0.36337925629990736
0.18177248651400227	0.09105818479585176	0.09070860253800098	0.2730861176422679	0.3633746085098769
0.18171170317769234	0.09115369680812233	0.09071651134869668	0.2730328127691545	0.36338527589633396
0.18185345526918245	0.09112389092748452	0.09067792417764908	0.27299076751786955	0.3633539621078142
0.18202745419474636	0.0909868641063688	0.09068807270870982	0.2729831203890645	0.36331448860111026
0.18188354115277147	0.09099439445595703	0.09070945683020623	0.2730882103164952	0.3633243972445699
0.1817623404663077	0.0911622660655739	0.09068027044961832	0.2731257400779685	0.36326938294053135
0.1817976561431817	0.09111060301409446	0.09072583643257992	0.27304147131673767	0.36332443309340606
0.181895353094132	0.09102917745165329	0.09074620645324864	0.2730102999580719	0.36331896304289396
0.18164391769587077	0.09118629263786845	0.09070898048568748	0.273020056428369	0.36344075275220405
0.18188995944258418	0.09116115060907282	0.0907175225186159	0.27298606467686026	0.3632453027528666
0.18172620179272875	0.09103052472375758	0.09070978762234753	0.2731088853631144	0.36342460049805153
0.18180926726173835	0.09111749120039446	0.0906921411903689	0.27311495099767413	0.36326614934982393
0.18174842759410267	0.09110094946469181	0.09071800389685916	0.27312365394359944	0.36330896510074673
0.18199123609586235	0.09101947948977067	0.09073627048901454	0.2729879552093928	0.36326505871595943
0.1818426697126574	0.0910628424083427	0.09068468071894428	0.27305057702627666	0.3633592301337788
0.18170414537899127	0.09117782534189502	0.09073778231573401	0.27311815994443256	0.3632620870189469
0.1820241124641947	0.09098357900736334	0.09071464479977494	0.2730219275053356	0.3632557362233312
0.18167049318613687	0.09110099892973947	0.09074267670380984	0.2730519549281538	0.36343387625215984
0.18170627317045246	0.09118148977237797	0.09073887733495059	0.27299578955708903	0.3633775701651298
0.18185855903872739	0.09104570890582012	0.09072808371364144	0.2731095197154114	0.3632581286263995
0.18169927146574527	0.09110896936863054	0.090745658391338	0.2730726064455104	0.3633734943287755
0.1819226177077339	0.0910481773639561	0.0907390440039292	0.2729975401018454	0.36329262082253516
0.1818932144887941	0.09101938719972835	0.09071294323964188	0.27310192389139576	0.36327253118043973
0.18169766455140357	0.09116086407861254	0.09068955008412033	0.27304116053192273	0.36341076075394063
0.18182537947528363	0.09103248276935313	0.09072145431905804	0.27309052787104016	0.3633301555652648
0.18174077833408397	0.09113867827772457	0.09069002415505317	0.2730503113146236	0.3633802079185145
0.1819021874682126	0.09103393758928136	0.09074895438549009	0.27305653586056866	0.36325838469644706
0.18173045847447064	0.09118633767288423	0.09068180199805306	0.2730472286824096	0.3633541731721822
0.18174648417135844	0.0911482178429935	0.09068796944463765	0.2730789175852126	0.36333841095579766
0.18167799387240297	0.09110568823941234	0.09072254393613023	0.27306913715964315	0.36342463679241116
0.18185114716247472	0.09099870695751318	0.09072044381920023	0.27303956442695543	0.3633901376338562
0.18178740996145254	0.09106978575925992	0.09074759033152324	0.2730744918857036	0.3633207220620605
0.18193758993145684	0.09099859220471479	0.09069909096545489	0.27307089234167525	0.36329383455669806
0.18190901716011762	0.09100186265686283	0.09074120001668681	0.27305638906837526	0.3632915310979573
0.18178317320852533	0.09107536030908481	0.09070823738742345	0.27310780659179873	0.36332542250316746
0.18176966781757145	0.09113104999219489	0.09068741108416904	0.2730447757628489	0.36336709534321554
0.18172850168484048	0.09110619951388346	0.09071075611049065	0.2730780841253658	0.36337645856541934
0.18171623940670228	0.09114196999177157	0.09068494154002636	0.2730311047377846	0.363425744323715
0.1817389340506038	0.09114047922665666	0.0907342175517893	0.2730228830000483	0.36336348617090175
0.18170912435037334	0.0911471583085427	0.09068436386519327	0.27304162752693156	0.36341772594895894
0.18191647306060807	0.09110682903342968	0.09068811317927977	0.27300697293117177	0.3632816117955105
0.18180314358456456	0.09101250633748281	0.09074394859608159	0.27298861089764975	0.36345179058422106
0.18174790146215808	0.09112016851155307	0.09068203248146142	0.2730110588461201	0.3634388386987071
0.1817650162866525	0.0910811506406917	0.0907496519719909	0.27304527410440865	0.36335890699625606
0.18178952419505123	0.09111534467013784	0.0907264026539877	0.2729981415311643	0.3633705869496587
0.18171341595325166	0.09111115386886104	0.09069729825597592	0.2730220121609888	0.36345611976092235
0.1817450869098781	0.09108452567441874	0.09070286279604561	0.27309748364685654	0.36337004097280085
0.1818407577931279	0.09100135757227557	0.0906875686829979	0.27308492615055735	0.36338538980104107
0.1818634015392268	0.09112012490834523	0.09067723498603582	0.273027558296823	0.36331168026956895
0.18169744191557083	0.09107751603015748	0.09075076870973159	0.27310744446471275	0.3633668288798272
0.18178982642607427	0.09106456262220287	0.0906858371677146	0.2731050699705755	0.3633547038134326
0.18182968419400786	0.09110791440651093	0.0907289003724005	0.27298960182147103	0.3633438992056095
0.18188438703582735	0.09104259545611358	0.09068158159440412	0.2730368068741835	0.36335462903947124
0.18184242400907089	0.09100648788422673	0.09070295546061542	0.27301906784882124	0.3634290647972655
0.1819707766361058	0.09101558593542791	0.09072368509937914	0.27298146118075783	0.3633084911483291
0.18176661253435955	0.09116240705327937	0.09072858839965502	0.27306279540157985	0.363279596611126
0.18188396011528293	0.0909845315627345	0.09070124839598402	0.2730888393646403	0.3633414205613581
0.18192217784695705	0.09106025655465827	0.09073483911957805	0.2730032765682858	0.36327944991052064
0.181664834655422	0.09112326219465111	0.09073335697468837	0.27303215395804087	0.3634463922171975
0.18187910277629502	0.09104546089296744	0.09075019210993296	0.27300150534608836	0.36332373887471603
0.18177222777212443	0.09107813676053093	0.09074623966269046	0.27310724225419875	0.3632961535504552
0.18184034934135782	0.09112265234615735	0.09068321534210297	0.27309890478624743	0.36325487818413427
0.1818566110135402	0.09103416902219039	0.09072448761772833	0.2730759591243155	0.3633087732222254
0.18174205625919912	0.09116109391120464	0.0907328129919872	0.2731226783542473	0.3632413584833615
0.18195167879120785	0.09099548221042011	0.09074329058398525	0.273037507002864	0.3632720414115226
0.1817524585996644	0.09115000751290442	0.09071490949467842	0.27306876573442884	0.3633138586583237
0.18180544924901734	0.09116887430080689	0.09071943157152795	0.27305718397518985	0.3632490609034577
0.1817291312324175	0.0911839333978341	0.09071802185029104	0.2731268536656734	0.36324205985378377
0.18179719400507355	0.09106015859541773	0.09069404405003276	0.2730627863231891	0.3633858170262867
0.18169894745886422	0.09116721576901671	0.09072977569618076	0.2729913994804346	0.3634126615955035
0.18170414480828484	0.09103041229956299	0.09069423696110729	0.27312773298244203	0.36344347294860263
0.18181180044203665	0.09115531459901305	0.09071193717526194	0.27303733080528	0.36328361697840816
0.18186213248616942	0.09102162727197124	0.09067946513288122	0.2730896817693581	0.3633470933396198
0.1817787472283212	0.09104826402445537	0.090724968262175	0.27306695133890013	0.36338106914614804
0.1817373645264988	0.09100055927881018	0.09073999185622234	0.2730810339818286	0.36344105035663987
0.1817294841496426	0.0911641666188411	0.0907448673861675	0.27299940258523525	0.36336207926011327
0.18171994247328835	0.09117805778824462	0.0907146322823193	0.2729790309697461	0.3634083364864015
0.18185685288809245	0.09115878276052361	0.09073331732970905	0.2729782143043954	0.3632728327172793
0.1819427555659003	0.09111099135675975	0.09070082132945849	0.2729942000641737	0.36325123168370754
0.1818402957226349	0.09099862959402963	0.09074332448909062	0.2730765919103194	0.3633411582839252
0.18183283757350446	0.09101468952932636	0.09069410449315958	0.2730616102099519	0.3633967581940575
0.18203046103919862	0.09099966478834082	0.09070084092120956	0.272992162307223	0.3632768709440278
0.18203546263418452	0.09103729420251852	0.0906780517141266	0.27299535035113565	0.3632538410980345
0.18179899322156154	0.09102533493533563	0.09070442079502421	0.2730612672198241	0.3634099838282543
0.18195573386639768	0.09099090495632932	0.09068336378192693	0.2729893071632261	0.3633806902321197
0.18205974301984634	0.09099672764644895	0.0907064089887378	0.2729772533104771	0.36325986703448965
0.18169481671309537	0.09107170041555727	0.09073731561613824	0.27306234174475713	0.3634338255104518
0.18168388241656053	0.09107468292107047	0.09073195501485007	0.2731048542483143	0.3634046253992044
0.18170621507818227	0.09110422015168179	0.09070924071254366	0.2731195492548072	0.36336077480278484
0.18180347022062204	0.09102128386855757	0.09068194267615506	0.27312344746514494	0.3633698557695202
0.18191673784635154	0.09103100366198155	0.09068568716290629	0.2729984364971474	0.363368134831613
0.18180099706615	0.0910580361276876	0.09071323983204266	0.27302115140005456	0.36340657557406497
0.18181124234518395	0.09103184934178987	0.09068518906800628	0.273071966559466	0.3633997526855537
0.18195792625964557	0.09102366218453695	0.09069250235286326	0.27305279411446093	0.36327311508849314
0.18176006400485806	0.09108249362856656	0.09074167209637808	0.2730863372801329	0.3633294329900642
0.1816390375104081	0.09109743117982136	0.09071444017478555	0.27309236701704387	0.36345672411794083
0.1819100713200173	0.09110807076299865	0.09070694110144892	0.2730007756816874	0.3632741411338475
0.1816850837893897	0.09117333205771636	0.09074156096808858	0.27307891104674936	0.36332111213805585
0.18168518372669365	0.09116292621113162	0.09072851027555262	0.2730713452388364	0.3633520345477855
0.18173395390733804	0.0911856815639128	0.09072643608405212	0.2730228324958417	0.36333109594885515
0.18181346125108952	0.09110197380961454	0.0907054208556149	0.2730251866282195	0.3633539574554613
0.1817725133311071	0.09118425144440118	0.09074579756404269	0.2730174532142798	0.36327998444616905
0.18181858327434663	0.0911005582181684	0.09069075532789429	0.27304699216106515	0.36334311101852534
0.18173554714264314	0.0911498482066012	0.09068205616633061	0.273048104012211	0.3633844444722138
0.18195068150364724	0.09103989795404943	0.0907499291754713	0.2730052359415557	0.3632542554252761
0.18190382646283612	0.09100265991800514	0.09071148983018122	0.272984121570003	0.36339790221897433
0.18166462711912854	0.09115167934830284	0.09069799512407078	0.2730758398777857	0.36340985853071195
0.1818526264093181	0.0910942272248433	0.09068279097755685	0.2730221500789068	0.36334820530937484
0.18179530850872858	0.09115012415493723	0.09073664989706542	0.2730773231752292	0.3632405942640394
0.18193412051804678	0.09104346880545755	0.09072087131896953	0.2729770524621704	0.36332448689535557
0.18180268941273947	0.09110868289963048	0.09069613211490896	0.2730765757284599	0.363315919844261
0.18172385211502662	0.09111587450219231	0.09072620016850459	0.2730317165875646	0.36340235662671166
0.18165873903764213	0.09114495304841422	0.0907257525690954	0.2731282946718363	0.36334226067301173
0.18166822541033328	0.0911634888089292	0.0907047229854658	0.2730808033091965	0.363382759486075
0.18189468511312354	0.09107806058880712	0.09071014371006134	0.2730603092120196	0.3632568013759882
0.18166908323252068	0.09118794000042366	0.0907134477417246	0.2730171938330961	0.3634123351922348
0.18170251738257368	0.09112743859548653	0.09072278974908304	0.2730415834152217	0.3634056708576348
0.1817527149011013	0.09104171421462666	0.09073827277100498	0.2731123213201879	0.36335497679307893
0.18168351938669425	0.0910745033469205	0.09070404558590489	0.2731112514963804	0.3634266801840998
0.1817450719105053	0.09110537404586726	0.09071638072659503	0.2731254928204472	0.363307680496585
0.181884700112421	0.09102348156111578	0.09074513055944428	0.27303502112383093	0.3633116666431878
0.18186623252388917	0.09101041194556948	0.09070565173786754	0.2731206959792614	0.3632970078134122
0.18164872811194263	0.09108601821117218	0.09072787404347964	0.2731011664205127	0.36343621321289266
0.18177395466301702	0.09111201457354869	0.09074071768646842	0.2730660688712285	0.3633072442057372
0.18174463076065628	0.09104409740554993	0.09074322473927823	0.2731217046974965	0.3633463423970188
0.18186598369760484	0.09116037724296278	0.09069052757522757	0.27300322189956194	0.3632798895846427
0.18188207085475155	0.09103533936557087	0.09068175042044427	0.2731019056621984	0.3632989336970347
0.18188877333204317	0.0910095433993818	0.09069805437554564	0.2729878541184547	0.36341577477457443
0.18180716669887892	0.09109222537630016	0.09071403858559413	0.2729939586491818	0.3633926106900448
0.1818448105065032	0.09105923130847046	0.09068368026361387	0.27299843732067797	0.36341384060073434
0.18166326388766446	0.09113327778606288	0.09067874583479217	0.2730660517134361	0.3634586607780442
0.18173328481287954	0.09108727295862978	0.09072667012713992	0.27308012386331076	0.3633726482380397
0.18180668580987822	0.09099596825400594	0.09071066322714895	0.2730664123771683	0.36342027033179836
0.18167980398316005	0.09117449249580245	0.09071470357779168	0.27298925355538306	0.36344174638786253
0.18193566854353693	0.09105389308040183	0.09072612239868887	0.27303354716271794	0.36325076881465423
0.1817104817539049	0.09112730968504767	0.09073065703025447	0.27312044722604933	0.36331110430474345
0.18190084645112095	0.09112578926971045	0.09069203608663091	0.27301635297254223	0.36326497521999523
0.18179012165602232	0.0911079610421748	0.09067817828711923	0.2730378913701748	0.36338584764450854
0.1818062590097928	0.09109812744780743	0.09071380997650896	0.27304165855675405	0.3633401450091366
0.1818047731877244	0.09102835004415906	0.09073122746676916	0.2731287202490542	0.3633069290522929
0.18189342292015234	0.09114083518667765	0.09069194849842019	0.2730315380144748	0.36324225538027477
0.18169337498062715	0.09116959097621986	0.09070326626900294	0.27306891046144066	0.3633648573127092
0.18190256640628563	0.09108050565929915	0.09068010742562119	0.27309417478263276	0.3632426457261611
0.18197535425200773	0.09103551690539173	0.09068407849973409	0.2730514141306365	0.3632536362122297
0.18191316999273957	0.0910143669287248	0.09068306169212598	0.27311857705046705	0.36327082433594243
0.1816511756154351	0.09112616036478069	0.09074734815881094	0.2730847342938767	0.3633905815670964
0.1818753896069484	0.0910155366092573	0.0907060244645888	0.2730043387408031	0.36339871057840223
0.18186374790478277	0.091067054893808	0.09070620723136924	0.2730133965327157	0.36334959343732404
0.1818901344273342	0.09108022212836604	0.09069245469096214	0.27305149977314713	0.3632856889801903
0.18193778215779527	0.09108073444432727	0.09070345326800058	0.2729990776409763	0.3632789524889003
0.18186964264467986	0.090990331173725	0.09070108084486016	0.27306173800579175	0.36337720733094303
0.18169107153052927	0.09118306111575517	0.09072572047035737	0.2731079665647613	0.3632921803185967
0.18181017762111024	0.09114881616179177	0.0907089773417662	0.273009298709596	0.36332273016573563
0.18168833945835325	0.0911534848208884	0.09072183196571743	0.2730258384143132	0.3634105053407275
0.18185283422105253	0.09107930338184611	0.09070163378958851	0.2729881098124355	0.3633781187950772
0.18164166082098682	0.0911391323899684	0.09070885837337256	0.273118591644897	0.363391756770775
0.1817512266206495	0.0910399245236858	0.0907154581654897	0.27303857997214404	0.36345481071803076
0.18172977188736722	0.09111035961004246	0.09068337357087253	0.2730185468671448	0.36345794806457277
0.18185270996479855	0.0910604640110454	0.09075078806923774	0.2729991693199169	0.3633368686350012
0.1818049099836234	0.0911758660661234	0.0906779197108355	0.27299043408745594	0.36335087015196155
0.1818628114457096	0.09101091849157569	0.09072161423780783	0.2730054472076595	0.36339920861724717
0.18186397372702875	0.09099176814085325	0.09069217635971977	0.2730336976432672	0.36341838412913086
0.18184852187831135	0.09098400096961617	0.09072136006971934	0.27304120361464956	0.3634049134677034
0.1818274966194959	0.09109138673789466	0.0907313076127009	0.2730460567769899	0.36330375225291844
0.1817652238574724	0.09109113377005536	0.09073281804363625	0.2730428606469858	0.3633679636818499
0.18183411892452989	0.09116708814582815	0.09074205007209483	0.27300328922474004	0.3632534536328069
0.1818846244205244	0.09114094355430052	0.0906907942389627	0.2730210926140113	0.36326254517220086
0.18179646861077914	0.0910298016523751	0.09068278892979648	0.2730520000628651	0.363438940744184
0.1817478735473016	0.09102360137099379	0.09073915606793258	0.27303461786245703	0.3634547511513148
0.181781256794931	0.09111723370862777	0.09069323505999773	0.27311947955413873	0.36328879488230453
0.18179156362995705	0.09101906102838936	0.09073824924246753	0.27302413089186506	0.3634269952073208
0.1818128354728438	0.09106033530292235	0.0907111091146963	0.2730607955045682	0.3633549246049691
0.1817542027050105	0.09118745428167355	0.09074673737430278	0.27300996546400474	0.36330164017500827
0.1818418968311663	0.09103097180403515	0.09068689216828729	0.273033100092299	0.3634071391042121
0.18170393547280858	0.09114014198226116	0.09069085283473487	0.27304113090197335	0.3634239388082218
0.18169604945946247	0.09115007760689306	0.09073923914292771	0.2729929941717655	0.36342163961895113
0.18196557237480487	0.09100032128763083	0.0906798764244403	0.27310674848613653	0.36324748142698726
0.18172582329512038	0.09111278763827635	0.09070044739697017	0.27309314794663375	0.3633677937229991
0.18168725318365186	0.09113717487393666	0.09073132371872308	0.27309087121791475	0.3633533770057734
0.1820471297990917	0.09103627761216344	0.09069165747220759	0.27297906398844785	0.3632458711280892
0.18190066987802328	0.09101479687015618	0.09068196513880045	0.2730626828530781	0.36333988525994176
0.18178482443461286	0.09113309586750196	0.09069958880248517	0.2730874959823839	0.36329499491301587
0.18173429805392094	0.09114577264028242	0.09068528125770697	0.27308312659059136	0.3633515214574981
0.1819435084973933	0.09101148666105968	0.0907173580635088	0.27305768805702	0.36326995872101797
0.181781775717204	0.09109967535825919	0.09068064588188032	0.2730420559398026	0.3633958471028537
0.18168983313808784	0.09108832970098181	0.09067866740261371	0.2730907989842795	0.3634523707740369
0.1817945335306866	0.09118386835526504	0.09069767823421884	0.2730095104428091	0.3633144094370202
0.18171593794077748	0.09110731166033006	0.09073335317528983	0.27306719107562316	0.3633762061479793
0.1816829124859639	0.0911392040258167	0.09070988255675444	0.27310740338808737	0.36336059754337735
0.18180702588880418	0.09117168410925015	0.0906944512524737	0.27298025403381027	0.3633465847156615
0.18176342157902622	0.09108054993002898	0.09072661524554515	0.272990564541198	0.3634388487042014
0.18190189974205	0.09110799832922346	0.0906794968086475	0.2730050404996299	0.36330556462044883
0.18166548039432115	0.0910669856580303	0.09073367570967751	0.2730799521577312	0.36345390608023964
0.18175981728382762	0.0911216513957541	0.09070109643751967	0.27305233963176057	0.3633650952511379
0.18195386056751858	0.09107158227208484	0.0907044600460705	0.27301299322926	0.3632571038850659
0.18178664840555658	0.09107914565870974	0.0906929974723603	0.27311624203801144	0.3633249664253617
0.18197056491828778	0.09106307489857049	0.09069983233532268	0.2730021925192957	0.3632643353285231
0.18183797186266473	0.09109786122736571	0.09069544269669752	0.2729828904476404	0.3633858337656315
0.18176267197588603	0.09104963013609474	0.09072588691507616	0.27300792636383636	0.3634538846091065
0.18192278591223596	0.0910020104393323	0.09071115571081771	0.27309438692779586	0.36326966100981795
0.18184308177977104	0.09111455788992653	0.09074695245916153	0.2730026663471307	0.3632927415240099
0.18195925298683524	0.09102377503116857	0.09067836431823327	0.2730780333878383	0.3632605742759244
0.18167795898974234	0.09116208914387239	0.09074648766737317	0.27297888958950495	0.36343457460950696
0.1817242316135309	0.09116852117229077	0.09073618640958259	0.27299904783794	0.36337201296665556
0.181902635164108	0.09114515202663442	0.09068235602865257	0.27299348571864235	0.3632763710619625
0.1819077241436022	0.09104262854908039	0.09068185582237519	0.27306694619791355	0.36330084528702844
0.181896262803915	0.09098744303197595	0.09068447589928094	0.27301248671003375	0.3634193315547941
0.18167321188994584	0.09110502689433933	0.09073568134965189	0.2730864423396965	0.36339963752636617
0.18171658211112346	0.09116754738254434	0.0907345622228315	0.2730121058009288	0.36336920248257176
0.1819809150267382	0.0910913251558287	0.09068294448268513	0.2729838165407874	0.3632609987939604
0.1818824003868645	0.09100927459715169	0.09073595776057156	0.2729964156027144	0.3633759516526976
0.18190516418795918	0.09103722874361148	0.09068044002195151	0.27299612835997894	0.3633810386864987
0.18176399170140384	0.09112548335214174	0.09070286469584095	0.2731166760193867	0.3632909842312265
0.18191283763102953	0.09105924341022656	0.09070220344752433	0.2730101454644567	0.3633155700467627
0.18205324001169962	0.09098397597190831	0.09071889425139111	0.2730000141625021	0.36324387560249866
0.18178627209456677	0.09107189304126737	0.09071058600549486	0.2730676462461986	0.36336360261247214
0.18185332030679763	0.09107952675234444	0.09068029726016587	0.2731064120161114	0.36328044366458045
0.1817999041086515	0.09105360374094909	0.09073817804447709	0.2730434373453144	0.36336487676060775
0.1817571660430503	0.0909888341385097	0.09068912065816824	0.27312509467498197	0.3634397844852896
0.18190296072720127	0.09114539765467522	0.09067811660043379	0.2730156799301584	0.36325784508753106
0.181922886521645	0.09099704032124434	0.09069013952613447	0.273001757101027	0.363388176529949
0.18188556660119198	0.09101299727243974	0.09072126792034531	0.27304110545229066	0.36333906275373207
0.1817129650950275	0.09109744759396292	0.09074862931808213	0.27310152149399936	0.3633394364989279
0.18201621479256241	0.09098969633819187	0.09069149727099085	0.2729843860219531	0.36331820557630157
0.1818248952149925	0.09107473269490955	0.09068321710792052	0.2729989636247896	0.36341819135738757
0.18191245244542115	0.09103676239157979	0.09069427861023963	0.27307725597298194	0.3632792505797773
0.18171523108296606	0.09109554156846142	0.09073851422282342	0.27306638511033754	0.3633843280154113
0.18177219703263098	0.09109867132339666	0.09075107257327744	0.2730379614462879	0.3633400976244068
0.18177681191501657	0.09108521063976335	0.09074685343643732	0.2730553076193761	0.36333581638940643
0.1818196647069898	0.091042705109183	0.09069087087178526	0.2730593314037618	0.36338742790827994
0.18171826248774756	0.0911495160926254	0.09075076762479005	0.2730999043518972	0.36328154944293956
0.18175725650569233	0.09111550495297843	0.09073794666304577	0.27299342730323356	0.3633958645750497
0.18167757352458463	0.09116763662887467	0.09074782733131669	0.2731216628731955	0.36328529964202827
0.181957979347641	0.09101984365464902	0.09070718889897522	0.2730122442867499	0.36330274381198463
0.18173642354946135	0.09101486562578379	0.09069789767262382	0.27309538046146303	0.3634554326906678
0.1817793746025145	0.09102369277851904	0.09074349546427908	0.27311648778503433	0.36333694936965283
0.18190795382659994	0.09105136126701623	0.09073532515578406	0.2730232600206913	0.3632820997299082
0.18178363820807047	0.09107763454239612	0.0907335569790739	0.2730763200740898	0.3633288501963695
0.1817333113980189	0.09118836539624271	0.09070816928816215	0.2730508044955461	0.3633193494220299
0.18179102636236613	0.09108455068129143	0.0907444201435694	0.27300325448699514	0.3633767483257777
0.1818053101126649	0.09117553994555337	0.09067722680878762	0.27297711697337335	0.3633648061596205
0.18179481016228816	0.09107272331678996	0.09070580202196278	0.27311072557775007	0.36331593892120884
0.18188874402360014	0.0910952896517273	0.09071232284029229	0.2730402490227369	0.3632633944616432
0.18186376904104334	0.09105388935531639	0.09074682758223862	0.27304566182817724	0.36328985219322424
0.1817114828178366	0.09118431107070517	0.09071340184411565	0.27311047888912016	0.3632803253782222
0.18168589198427768	0.0910511734414981	0.09072793103460439	0.27308699357637356	0.3634480099632461
0.18177002700840536	0.09103435114780495	0.09074526800855026	0.27300256960000524	0.363447784235234
0.18175930979379962	0.09110791014771866	0.09070116676652863	0.27311617962173407	0.36331543367021885
0.1818922856641836	0.09098933151763565	0.09069517765912961	0.27306664306913064	0.36335656208992023
0.18173290648111667	0.09112045281627675	0.09070740252797473	0.27310047386480474	0.36333876430982687
0.1819383359833531	0.09102120658229011	0.09071607083168921	0.27307411443758267	0.36325027216508465
0.18183892675119773	0.09098708669358486	0.09071943294894272	0.27309081904221294	0.36336373456406157
0.18175001335897936	0.09109243378410334	0.09070156062684766	0.27303792095774326	0.3634180712723262
0.1817576449074985	0.09113042383818379	0.09068459756331873	0.2730236014732773	0.3634037322177215
0.1818487133847739	0.09100324760222976	0.09070316280164033	0.2730766877924453	0.3633681884189105
0.18172475841677455	0.0911302126599952	0.09072938695997972	0.27302752503786665	0.3633881169253837
0.18170198357012204	0.091110915645818	0.09070843888219807	0.2731149661332873	0.3633636957685744
0.18190787624310512	0.09102133464530983	0.09073098678697583	0.2730739025596781	0.3632658997649309
0.18179253458858854	0.09108739484097073	0.09072625262480294	0.2730158408044956	0.363377977141142
0.18181012341288433	0.0910583632027071	0.09072308150645049	0.2730100462000006	0.3633983856779573
0.18184241338434337	0.09101768492148066	0.0907438016132243	0.2730946108170345	0.3633014892639169
0.1818392317285471	0.09118403823089681	0.0907032330654151	0.27300509871578954	0.36326839825935126
0.18163983693946825	0.09118597839530253	0.0906991001714516	0.27312229611301075	0.3633527883807667
0.18184584815017957	0.09110788205692492	0.09074503477982011	0.27305982426904496	0.3632414107440302
0.18200045629671124	0.09099942111435666	0.09072656528543119	0.2730314961668293	0.3632420611366714
0.1819036926675906	0.09109325032742178	0.0907347181229143	0.27297949400509197	0.3632888448769811
0.18188266652703577	0.0910004729821685	0.09070898049885052	0.27297846508049917	0.3634294149114458
0.18184797817427262	0.0910539185752004	0.09070457169664368	0.27309307068823746	0.3633004608656456
0.18195585097512032	0.09099043723198477	0.09073188369175605	0.27300271319752734	0.36331911490361135
0.18174268245732678	0.09116028094240124	0.09067913137291424	0.2730669516432934	0.3633509535840641
0.18185458886707784	0.09113235605868548	0.09074724046352212	0.27298032179830684	0.3632854928124075
0.18180964941430505	0.09098939853760912	0.09068938854831188	0.2731081514988477	0.3634034120009261
0.1817994228192085	0.09113829826727934	0.09072863226643117	0.27306315181962915	0.36327049482745166
0.18173976009442466	0.09115941086858217	0.0907103033024178	0.27304857105079733	0.3633419546837778
0.18200684743854575	0.09098257073772568	0.09073382322385809	0.2730104036323102	0.36326635496756
0.18190705629536624	0.09099219740944726	0.09069176482739476	0.27298759386227417	0.36342138760551734
0.18166963459891888	0.09117843430565932	0.09073414559632137	0.2730529535614008	0.3633648319376993
0.1818509816954053	0.09118703410482272	0.09067722338066682	0.2729966830710626	0.36328807774804234
0.18171336177508907	0.09115563347019018	0.09068196115864766	0.2730467181904588	0.36340232540561407
0.18190843719335548	0.09104767613105784	0.09070635747095256	0.27300034049808136	0.3633371887065525
0.1819022811229137	0.09106151913727051	0.09069795780738305	0.27306241694404104	0.3632758249883915
0.18168586238232542	0.09109794250358419	0.09073461923040549	0.2730544503734199	0.36342712551026474
0.18170151996841746	0.0911107363211588	0.09071182259617744	0.2730875233838204	0.3633883977304257
0.18163622003462182	0.09112404440768702	0.09072048529462111	0.27311232030510224	0.36340692995796764
0.18166085007846353	0.09108257617082186	0.09074544528230698	0.2730958914621514	0.36341523700625605
0.18187216191053557	0.09101548106010296	0.09067993421850884	0.27307176425691715	0.36336065855393523
0.18185700720233489	0.0911166793183274	0.09073936543658893	0.2730120625042667	0.36327488553848186
0.18174984628602006	0.0910953255403986	0.09073795910701131	0.27311057189185545	0.36330629717471435
0.18183456479343274	0.09099354707306004	0.09074429223017871	0.273086579846814	0.36334101605651425
0.1818441610371972	0.09110508039763981	0.090720776501013	0.2729772775843963	0.36335270447975343
0.18178164077201628	0.09118768947343998	0.0907206814718871	0.2729889742267432	0.3633210140559133
0.18181478434505294	0.09118704155836735	0.09072593121278102	0.27301919385558904	0.36325304902820943
0.18170761209887315	0.0910747101321903	0.0907357799681212	0.27303944123408747	0.3634424565667277
0.1817961782818654	0.09102450390389843	0.090716970036189	0.2731191913207689	0.36334315645727805
