0.24065149518258575	0.20702905989351245	0.10350895468094913	0.27623744836189185	0.1725730418810606
0.2409161300557766	0.20694406653241088	0.10352051925967298	0.27612621301068974	0.17249307114144952
0.240926031967238	0.20699933247854188	0.1035781632036183	0.27623083371841245	0.1722656386321891
0.240650546277805	0.20689846775299683	0.1037476759037267	0.27617313013230427	0.17253017993316697
0.24068552645958763	0.20696740148593912	0.10371801251261974	0.2761365596749887	0.17249249986686457
0.24064901649977485	0.20705138691905395	0.10366155331984815	0.276062218839663	0.1725758244216598
0.24082793311277623	0.20690691720252674	0.10353507546953304	0.2762393933897438	0.17249068082541993
0.2410322835553026	0.2067789049720703	0.10356939959848979	0.2761739069889856	0.17244550488515145
0.24064952998207984	0.20708253603604485	0.10376599202174627	0.27610249786062685	0.17239944409950198
0.24126142314716206	0.20691352540050648	0.10350935748408821	0.2760256431980463	0.1722900507701967
0.2406400848109148	0.2070473475485667	0.10380767730763389	0.27605988152772853	0.1724450088051558
0.24080589519894974	0.20673639550730766	0.10369798524569274	0.2762293759992248	0.17253034804882478
0.2412787623630961	0.20688419288274462	0.10353000232790023	0.2760544567466937	0.17225258567956508
0.2407060931839851	0.20687921034656445	0.10377445133821908	0.2760957139354241	0.172544531195807
0.2407911892602287	0.20698828206926456	0.10362121339553453	0.276142623809814	0.17245669146515794
0.24104197668577276	0.2067574010031724	0.10360426890410214	0.27626522035979517	0.17233113304715733
0.2408106243809891	0.20702160743883902	0.10360310846374288	0.276182407837576	0.17238225187885275
0.24059995874158163	0.20712382215407865	0.10366671254394824	0.2762373655922097	0.17237214096818154
0.24097826415443682	0.20675934841917107	0.10366603863391809	0.27624376361889424	0.1723525851735795
0.24074071052746357	0.20686154296037554	0.10368314945723067	0.27616945805399284	0.17254513900093713
0.24074506626009534	0.20698152672401265	0.10365782634224947	0.27610929521174044	0.1725062854619019
0.2407572755003167	0.20682625332264096	0.10362291632924998	0.2762060821811764	0.17258747266661567
0.2407460164627598	0.20675264030638046	0.10376847077357623	0.27620893745383973	0.1725239350034435
0.24114060531077966	0.20681947599862413	0.10361172574751591	0.2761583370168444	0.17226985592623562
0.2408380873146178	0.20700502635300672	0.1037079898619946	0.2760844047887956	0.17236449168158505
0.24104685379936452	0.206946175050609	0.10357046488732717	0.27609570678921347	0.17234079947348563
0.24108312134638665	0.20679374731864944	0.1036738956334404	0.276133212369157	0.17231602333236623
0.24110145586588477	0.20687888147189423	0.10351783182625691	0.2761584613634258	0.17234336947253798
0.2408487368654984	0.20687812504618158	0.10353129904752946	0.2762716439833647	0.17247019505742558
0.24059856444820948	0.20708379346206626	0.10362454046408667	0.2762391704778503	0.17245393114778704
0.24081350508503174	0.20708814594355032	0.1037554506947053	0.27606463103510837	0.17227826724160406
0.24098206235914502	0.2069748965553121	0.10375099869597819	0.27604357723208517	0.17224846515747932
0.24080609444500656	0.20684910389725747	0.10360510695801978	0.27615173754312405	0.17258795715659186
0.24083449865540452	0.2069388912533873	0.1035711641042688	0.27618386331391664	0.17247158267302257
0.24085399179722722	0.20682862743857883	0.10375319292538478	0.276099605354067	0.17246458248474195
0.2408063665930018	0.206856693501065	0.10364513936250613	0.2761652587109457	0.1725265418324811
0.2407741073446606	0.20712766199648924	0.1037286134322894	0.2760273050863937	0.17234231214016682
0.24076486272153427	0.20702779506537733	0.10372988669258386	0.2761691982382337	0.17230825728227056
0.241075490484491	0.20673109932878853	0.10365386090059342	0.27615196833802735	0.17238758094809944
0.24091385577296442	0.20691558644061	0.10378259998542019	0.2761214336055014	0.17226652419550373
0.24070368296998673	0.20695751730922748	0.10370388967222244	0.2761208683609214	0.1725140416876417
0.24091961018046218	0.20681361943623072	0.10367113525894486	0.27620614582048036	0.1723894893038816
0.24121367363339627	0.20680797410294718	0.10364252093338318	0.27603602761488166	0.17229980371539141
0.24074458376747032	0.20712517186834456	0.1037053186161055	0.27616236625392837	0.17226255949415104
0.24118353668356352	0.20678065759275815	0.10367979396291152	0.2761041824796313	0.17225182928113522
0.24094229439016177	0.20700643437214516	0.10359745373486519	0.27620201258798993	0.17225180491483771
0.241130131023021	0.2070339135076671	0.10351695413001336	0.2760321041147996	0.17228689722449866
0.2410392169484334	0.20690083885972965	0.1036721288935877	0.27608889297095185	0.17229892232729715
0.2407902047031582	0.20711473338960806	0.103638610714244	0.2760908622476138	0.1723655889453757
0.24088145767320687	0.20700905900725158	0.1035819863191434	0.2760871902068829	0.17244030679351502
0.2408136541402588	0.20678574349728465	0.10377341316420548	0.27607311492472764	0.17255407427352323
0.2406655933788711	0.20691768650187659	0.10366405700413324	0.27616809830183436	0.17258456481328444
0.2409865367210484	0.20676516101672685	0.103738154191731	0.27605467298222996	0.17245547508826353
0.24066174444084093	0.20716691297941772	0.10359648507646999	0.276215157695532	0.17235969980773908
0.24104141172748367	0.2067733125264993	0.10370929980147522	0.27618090655624883	0.17229506938829273
0.2408860476546487	0.20681507929999324	0.10359138803127721	0.2762373560267526	0.172470128987328
0.2406445893942227	0.20716389553659253	0.10366261875703836	0.27608739728223775	0.1724414990299084
0.2408221457275711	0.2070987201972464	0.10367497167426079	0.27608709192747927	0.17231707047344216
0.24086648288983	0.20704629422161172	0.1036603086091758	0.276162652182827	0.17226426209655524
0.2408243380479483	0.20681513031916393	0.10376871555516821	0.27615595124450376	0.17243586483321555
0.24071596409337515	0.20700880229656665	0.10367133242384857	0.27623274320943464	0.17237115797677477
0.24085759500076842	0.2069863536914898	0.10360724193401133	0.2760692050383486	0.17247960433538162
0.2407371373565978	0.2067919267851285	0.1038044337706348	0.2761736468313858	0.17249285525625285
0.24075677151381347	0.20682822575684676	0.10365275436792774	0.2762710372615914	0.17249121109982044
0.24061382667612508	0.20695829724622342	0.1036560478301763	0.2762733247862718	0.17249850346120316
0.2408430158962575	0.20684704261253836	0.1037249145784681	0.2760447241678582	0.17254030274487758
0.2407250188212937	0.20687455759294052	0.10373246048426303	0.27620363212418664	0.1724643309773159
0.24089728503513602	0.20693937813987345	0.10368215376649738	0.27622463625220195	0.1722565468062909
0.24087293201145124	0.20691779374326977	0.10378129136526487	0.2760846619596353	0.17234332092037852
0.2405914069707172	0.20705253271438145	0.10366051195380369	0.2762587937369212	0.17243675462417626
0.24072574723115375	0.20701820610670493	0.10364740535305754	0.27623239707263064	0.17237624423645287
0.24062514260429374	0.20716292719974294	0.10365993116542857	0.276145149850926	0.17240684917960852
0.24088582823218685	0.20694635949015958	0.1036714409304168	0.27623493277059225	0.17226143857664428
0.24101012949029002	0.2069703225853015	0.10357182057983728	0.2762002046956385	0.17224752264893242
0.24089632966648414	0.2070899645104958	0.1035824029561912	0.27618628341042056	0.1722450194564081
0.24083286933155001	0.20714289533006036	0.10356352026573892	0.2760367457976308	0.17242396927501968
0.2408484960003736	0.20686107990726366	0.10360896510702401	0.27623387056127024	0.17244758842406818
0.2411882816924582	0.20678790057555396	0.10370830520274286	0.27603420097472425	0.17228131155452045
0.24098135125337805	0.2069651281309814	0.1037605559568621	0.2760406332635593	0.17225233139521892
0.24097115657586016	0.2069756066545313	0.10354343320697601	0.27604495358789893	0.17246484997473335
0.24088729748749735	0.20693902243459916	0.10353589171733461	0.27618374459373685	0.17245404376683177
0.24060812559027855	0.20691707060115866	0.10371122744279612	0.2761822440916581	0.17258133227410832
0.24098207042018302	0.20693023607255706	0.10354020403873544	0.27621585180065067	0.17233163766787357
0.241011667744201	0.20691289996608092	0.10377475584499575	0.2760248745092333	0.17227580193548878
0.24076301036515396	0.20692054296148993	0.10367942379902137	0.2761200978378741	0.17251692503646038
0.24084138200564417	0.20686061510371875	0.10357510726156231	0.276250525128535	0.17247237050053954
0.24122325350905405	0.20677462731471283	0.10355804976134315	0.2761349843079214	0.17230908510696835
0.24083678239912754	0.20687473750988095	0.10365097363487842	0.27623038478657175	0.17240712166954114
0.24116978614936202	0.20679959085062066	0.10359472435465046	0.2760385153658577	0.1723973832795089
0.24118646568815327	0.20677111317795643	0.10364077421306087	0.27608206229556204	0.17231958462526714
0.2405922472304205	0.207070336924607	0.10353727824504602	0.2763113981730616	0.17248873942686468
0.2406638638901592	0.20699908924483681	0.10356314410846924	0.27619722851911965	0.17257667423741488
0.24088372426800336	0.206797658723645	0.10358041614811106	0.2761626717553635	0.17257552910487683
0.24084526319657568	0.20690015655084273	0.103719192655791	0.2761709647939653	0.17236442280282507
0.24115645448921502	0.20678510693489366	0.1036012293606446	0.2760970748207029	0.1723601343945436
0.24105785573070285	0.20673427587657062	0.10373834079702046	0.276192544244789	0.17227698335091687
0.24103103148672234	0.20692650285510733	0.10366982341226733	0.2761168732113007	0.17225576903460205
0.24070118923590572	0.2070882814666878	0.10363451555057383	0.2762723210855898	0.17230369266124262
0.2410105514246973	0.2069061982023947	0.10351652523537622	0.27626999535538943	0.1722967297821421
0.24075368000904646	0.20710033551566304	0.10359871924820639	0.27619170103618224	0.17235556419090162
0.24088837262907264	0.20700410151579965	0.10367676729900073	0.27616108388205735	0.17226967467406937
0.24075128684730304	0.2068068431035852	0.10356351368794259	0.27630472253064653	0.17257363383052243
0.24097857507504178	0.20686816860344628	0.10380582064944002	0.2760880613687777	0.1722593743032939
0.24110673912125216	0.20683298680789586	0.10365153378537578	0.276061721436932	0.17234701884854395
0.24099346644395997	0.20705594100135072	0.10357832184518272	0.27612204464593476	0.1722502260635716
0.24070919979574795	0.2071662967785506	0.10363624509300956	0.2761137273014817	0.17237453103120992
0.24097359512003055	0.20680450150973256	0.10351589500593081	0.27616182238404413	0.1725441859802617
0.24095568417068924	0.20675608402102755	0.10371458095725149	0.2761649743191463	0.17240867653188516
0.2406601172651036	0.20709360418442554	0.10371107271109642	0.27620064022499524	0.17233456561437893
0.24093612413263943	0.2069549475316579	0.1036159850397824	0.2760764624013866	0.1724164808945334
0.24099281734753558	0.20694156276720344	0.10361842198144694	0.2761132542740611	0.1723339436297527
0.24069727242099914	0.2067737615217331	0.10371894673542814	0.27625339206134125	0.1725566272604981
0.24092696749839665	0.20703764944799732	0.10373859877719563	0.2760503915893955	0.1722463926870147
0.24084222439738348	0.20691395825391082	0.10368874859060519	0.27608552997086994	0.17246953878723034
0.24114735055046127	0.20702986475155494	0.10351996354120743	0.2760327209354183	0.17227010022135783
0.24069778242954876	0.20704242134170825	0.10367596088551016	0.2762983908459963	0.17228544449723632
0.24112037576382922	0.20687937484688884	0.1036017568350122	0.2760522267595229	0.1723462657947466
0.2408165633731259	0.20697930086424904	0.10353231202561132	0.2762262284492132	0.17244559528780032
0.24092406348903142	0.20691956439999326	0.10367045552267565	0.27604564771267576	0.1724402688756237
0.24070321194012506	0.20707713124312843	0.10364264009794834	0.2762353623367875	0.1723416543820104
0.24088917891116146	0.20695886689050705	0.10364852783801251	0.2761647572399131	0.1723386691204057
0.24078490327070015	0.20679563194155373	0.10377431855982314	0.27611289723957433	0.17253224898834835
0.24075566321361266	0.20702311048320907	0.1036107240537769	0.2762169691806746	0.17239353306872654
0.2409813675320991	0.20683274081175482	0.10360085781900964	0.27610830456550073	0.17247672927163546
0.24064061405675205	0.20697221935006868	0.10371816953520424	0.2762387657252126	0.17243023133276217
0.2407808045399003	0.20672905950073214	0.10370520734801772	0.27631248033824035	0.17247244827310923
0.24077061126485644	0.2071338302969939	0.10362792613094723	0.27620117106055164	0.17226646124665057
0.24087664140147103	0.20687744486664905	0.10369468851112626	0.2761043341797359	0.17244689104101754
0.2410364166036784	0.2070594648003487	0.10358213315800456	0.27603936904655874	0.17228261639140938
0.24102211708025392	0.20682121941327147	0.10357476983643404	0.27629415502640925	0.17228773864363103
0.24060086429093577	0.20714339580943122	0.10354218507407317	0.27626279199573417	0.1724507628298254
0.2408147122565996	0.20699758397749507	0.10368283528444862	0.27622383907349546	0.172281029407961
0.24108964953933507	0.20682853857104389	0.10361895395830456	0.27605799133463976	0.1724048665966765
0.24086967107977036	0.2069955754225247	0.10360115929424515	0.2762200266259174	0.17231356757754213
0.2410350409303634	0.20672947831700525	0.10374335369510432	0.27603639320491874	0.17245573385260807
0.2408501319147333	0.20706315452382787	0.10354254816379053	0.27627072235604444	0.17227344304160364
0.24060830585600024	0.20716774776547575	0.10369815093067268	0.27605098055045196	0.17247481489739913
0.24073481620995776	0.20678842564302477	0.10367248139316118	0.2762355578710764	0.17256871888277964
0.24121428922443822	0.2067775951252456	0.10364699194166273	0.27602815981243767	0.17233296389621558
0.24080425071386122	0.2068950870045811	0.1037526705233068	0.2762435609233931	0.17230443083485755
0.24089824773110521	0.20684617308560357	0.10353085796845277	0.27629070270685474	0.17243401850798348
0.24085940594230115	0.20675770476450214	0.10366952651039553	0.2762086407312053	0.17250472205159562
0.24103680919777082	0.20691219508751102	0.10351887090474543	0.27605375018944855	0.17247837462052396
0.2410404087046188	0.20695455244135058	0.10354152213776166	0.2760321516645529	0.17243136505171583
0.24105587723456115	0.2067982505004758	0.10356850043262626	0.2761982287038355	0.17237914312850106
0.24100880866961266	0.206854282977005	0.10356163486226165	0.2762946546458508	0.17228061884526963
0.2406656048760885	0.20689075808732058	0.10369799122071634	0.2762269268684183	0.17251871894745605
0.2408036101865909	0.20716371109214057	0.10366501270119718	0.2760496243940729	0.1723180416259982
0.24091542014838715	0.20680105589671904	0.10376302502453853	0.27625777906331683	0.17226271986703823
0.2408020773994908	0.20684222267197208	0.10357517737315779	0.27628185170047354	0.17249867085490556
0.24086019463326702	0.20696216898469655	0.10365641071993817	0.27614816600736414	0.17237305965473385
0.2405867159388576	0.20716789385635448	0.1037533633257081	0.2761373576795805	0.17235466919949904
0.2406652971952914	0.20716492262722705	0.1038041320626936	0.27604184646644736	0.17232380164834035
0.24081210516194643	0.20681436148599266	0.10360974981020425	0.276174395743594	0.17258938779826244
0.24098816031639458	0.20709986553443493	0.10355051929161242	0.27602809551405605	0.17233335934350175
0.24083618584348226	0.20681874056525132	0.10364115862284252	0.27618461242096926	0.17251930254745437
0.24093006454878663	0.20707129900684051	0.10355551282936293	0.2760583568195638	0.17238476679544584
0.24061203777832163	0.20713403424460325	0.10363914974192318	0.2760785525737178	0.1725362256614339
0.24078615826893351	0.2070755921962647	0.10374391898886702	0.2761402555619845	0.17225407498394996
0.24073241070288154	0.20696468686671238	0.10365623040809929	0.2762928000651541	0.17235387195715246
0.24096473686791794	0.206801670931674	0.10366237372076625	0.27620705125450584	0.17236416722513573
0.24065817290426228	0.20701245492092235	0.10376445155271134	0.27617264822338194	0.17239227239872187
0.24116627685761016	0.20685099343463603	0.10357688132937982	0.27609528903616476	0.172310559342209
0.24081543092024266	0.20684072442335155	0.10363216626956955	0.27624621822769824	0.17246546015913777
0.24059320271248164	0.2069130862272052	0.10376773097616014	0.2761825165678802	0.17254346351627256
0.24074585726528183	0.20703649223000853	0.10368748186316283	0.2760800496257429	0.17245011901580368
0.24060860174605028	0.20712244044026848	0.10370450379740838	0.27604085489469526	0.17252359912157736
0.24080785195308313	0.20708836932285046	0.1035889199128015	0.27617694490057815	0.17233791391068654
0.24065051418761152	0.20703021473618866	0.1036549624310215	0.2762198419275469	0.1724444667176312
0.24098719632527735	0.2068898040316282	0.10369018856948811	0.27603484733322736	0.17239796374037875
0.24070342946101453	0.2070658041497664	0.10367985577682243	0.2761046157267682	0.17244629488562818
0.24073344867751562	0.20690949003020334	0.10374974792555856	0.2760523522756402	0.17255496109108198
0.2409685617862919	0.20688263854045302	0.10362190038045875	0.27627943396718047	0.17224746532561563
0.24068825433213126	0.20680331980532496	0.10370897552352427	0.27628552408484625	0.172513926254173
0.2406043572516564	0.20685385262940217	0.10377513868937571	0.27620775759361244	0.172558893835953
0.2406801623895523	0.20705457837801933	0.10367008188370241	0.27614875031221897	0.17244642703650673
0.24068428713335555	0.20698721411641716	0.10352723678921656	0.2762649375082909	0.1725363244527196
0.24092664436246633	0.20684867806964707	0.10354623226922267	0.27627886976947236	0.17239957552919127
0.24059845828676002	0.20713433529890712	0.10379874339186128	0.2761277302702851	0.17234073275218623
0.24111202124381673	0.20677457617009543	0.10363180934249017	0.27620651346358993	0.1722750797800075
0.2408283392873711	0.20696862741010053	0.10368061276737148	0.2762020415301586	0.17232037900499803
0.24088330525130247	0.20705884887535503	0.10360412898160933	0.27619619146064994	0.17225752543108297
0.2406717076110364	0.20709162199899217	0.10362228675336302	0.27631824436875524	0.17229613926785292
0.24106446165078455	0.20683201356120345	0.10352764554442782	0.27621228321390656	0.17236359602967738
0.24092396843774494	0.2067996535652998	0.10352374253822144	0.27630373723198687	0.1724488982267467
0.24063638276296873	0.20705367423938892	0.10369249903342893	0.27620591699185065	0.17241152697236256
0.24067959710057657	0.20706945386193323	0.10376601424585878	0.27614089834880684	0.17234403644282434
0.24080222687956632	0.20717064201315605	0.103625600661344	0.2761325858016196	0.17226894464431378
0.24097911926140964	0.20673593791980627	0.10374488462171122	0.27616621389839363	0.17237384429867902
0.24059801534598915	0.20701601325750976	0.10375483713984754	0.27613279259839296	0.1724983416582603
0.2408560997231095	0.2068438343813007	0.103700007678636	0.2763114676825351	0.1722885905344184
0.2407530358000093	0.20690605634492543	0.1036639224551272	0.27627683455417545	0.17240015084576235
0.24098560978967745	0.20682069168136605	0.103642795133358	0.2762661106928403	0.17228479270275793
0.24098410472025752	0.20673558645989334	0.1035155096724845	0.2762147802021464	0.172550018945218
0.24106483981905702	0.20685102139268116	0.10357103160768279	0.27623762423576065	0.17227548294481815
0.24120569501096872	0.20677602863124658	0.10360215313213769	0.27614754805373765	0.17226857517190913
0.24090935714678113	0.20689605602755223	0.10362728451126811	0.27619288509441825	0.17237441721997998
0.24063758207246577	0.20694333214188668	0.10375769218197993	0.2763014112818539	0.17235998232181346
0.24095159878829198	0.20675496919959255	0.10358402335188915	0.27614347253746613	0.17256593612275992
0.24103628803663682	0.2069172941465696	0.10355835139070607	0.2761059879012059	0.17238207852488138
0.2409440686130278	0.2067564863813575	0.10379565209479318	0.2760916151058064	0.17241217780501494
0.2410010245659111	0.20683028585142477	0.10361578175933078	0.2760889915821703	0.17246391624116275
0.2409851077480536	0.2067786955081042	0.10373417851994521	0.2761994590589837	0.17230255916491308
0.24075604312713636	0.20685859980724045	0.10354633767842188	0.2762703977802766	0.17256862160692443
0.24082351079146555	0.20697193824602966	0.10351731842734373	0.2762496810368761	0.1724375514982847
0.24112213231140658	0.2067752793900042	0.1036754172064205	0.2760509682353469	0.17237620285682154
0.24086948477863243	0.20689204336357153	0.10359762909045217	0.2762710878279677	0.1723697549393759
0.24085024792197385	0.20683538094191362	0.10374015892481543	0.2761979547612724	0.17237625745002444
0.24088753040727456	0.2068268939712754	0.10356532707719716	0.27624763689576765	0.172472611648485
0.24079115953518335	0.20707905900163157	0.10357969430700585	0.27606061188680464	0.17248947526937436
0.24128897422286638	0.20675332855023554	0.10363679736586387	0.2760525322486933	0.17226836761234066
0.2410305209994615	0.20698667513254715	0.10354998365514169	0.27611641811760074	0.17231640209524865
0.2407479044585839	0.20702311771895252	0.1035654958815995	0.2760785066629364	0.17258497527792746
0.24092863608569276	0.2070150077192611	0.10376753298413094	0.27604329141074796	0.172245531800167
0.24099103731012	0.2068578691064138	0.10373103195358137	0.27602831200582706	0.1723917496240575
0.24135407491030142	0.20677294034433472	0.1035434569235601	0.27607022087768424	0.17225930694411928
0.24108052504125888	0.2067360208833833	0.10361314326245404	0.276034244173542	0.17253606663936152
0.2407826658767888	0.20708904827564564	0.10360705613139021	0.2760354483961425	0.17248578132003262
0.24097961936630152	0.20679456296658663	0.10351287655243076	0.27629313707167663	0.1724198040430042
0.24084190488526863	0.2069324028899438	0.10369963501896577	0.27621300626257617	0.1723130509432454
0.24083794215471346	0.2067507289677467	0.10355809180251326	0.27631319089297224	0.17254004618205407
0.24091008274611847	0.20691757941550126	0.10363932010479864	0.27623524215160583	0.17229777558197557
0.2408477945641448	0.20684085284754397	0.10353022297898773	0.2762085991004389	0.17257253050888435
0.24073994717859395	0.2071018540929848	0.10355231227110369	0.27630029421812924	0.17230559223918807
0.24093930876666486	0.20678256454356955	0.10378232273094506	0.2760406698176089	0.17245513414121139
0.2408373600705826	0.20705834406686088	0.10355688313829173	0.2761006054556435	0.172446807268621
0.2410564283269644	0.2067889519734132	0.103614471843171	0.27604009292337794	0.1725000549330732
0.2408224086516333	0.20712627237639178	0.10360119559194583	0.2761704309495123	0.17227969243051647
0.2409078927391184	0.20679241948178442	0.10369684323599505	0.27602227594498885	0.1725805685981131
0.24102437333402876	0.20673470828017465	0.10369161843429911	0.27608064404579613	0.1724686559057011
0.24091044706685283	0.20686168805732497	0.10366893850633177	0.27605277257364724	0.17250615379584294
0.24080608266174144	0.2068477639130112	0.10368205883405582	0.2762150307767429	0.1724490638144484
0.24083179268191257	0.20691071107695477	0.10368511303396685	0.276063511898319	0.17250887130884646
0.24058518855782218	0.20714734961147632	0.10371570757692412	0.2760855470476609	0.17246620720611627
0.24107369821750732	0.20692887538788826	0.10367439599793993	0.2760412042378548	0.17228182615880946
0.2410231659191465	0.206850987833293	0.10373979582309643	0.27610063226073256	0.17228541816373127
0.24101173483736357	0.20695817901933233	0.10352331788642508	0.2762324145224526	0.17227435373442612
0.2406859080822491	0.20701344634610766	0.10365383739209243	0.2762442493871309	0.17240255879241967
0.24113051610905875	0.20677377247273765	0.10361974086306133	0.2761008348053938	0.17237513574974822
0.24119628033572976	0.2067549207888401	0.10371229019978714	0.27607818163435294	0.17225832704128977
0.24062335745343805	0.20690631444585011	0.10374661949973395	0.2761550235241563	0.17256868507682138
0.24077921392200635	0.20698011902916147	0.10364835816716485	0.2762479400504765	0.17234436883119061
0.24085743044386734	0.2071050086046926	0.10364605006637731	0.27612371623265203	0.17226779465241046
0.2408624068696167	0.2070604754117217	0.10375420851770743	0.2760731571371488	0.1722497520638051
0.2409945917828123	0.20677749229035527	0.10354925258919392	0.27613035873537856	0.17254830460225973
0.2406375307560208	0.2071029966236525	0.10351410040469967	0.2762305019363779	0.1725148702792489
0.2406137755686865	0.2068763097910298	0.10373279110590392	0.2762967597469833	0.1724803637873962
0.24086991455167991	0.2068178828030093	0.10372094314504131	0.27625154192659634	0.1723397175736729
0.24073988211837935	0.20714202057383402	0.10365337002834338	0.2760999431505132	0.17236478412892978
0.24101646681828204	0.20672952039438952	0.10360087648930515	0.27610964957642786	0.17254348672159517
0.24073631393938721	0.20706373274614848	0.10364342283010182	0.2763044112066504	0.1722521192777119
0.2408557728181871	0.20672993238444062	0.1035814658886213	0.2763033474851816	0.17252948142356914
0.24094644962092152	0.20692306910778965	0.10359441152411503	0.2761838019337374	0.17235226781343616
0.24101426114431204	0.20682270522529586	0.10352555904793193	0.27619519845991003	0.1724422761225499
0.2408492219637356	0.20715890218930325	0.103573298341165	0.2760882206911769	0.17233035681461906
0.24084493195662487	0.20688035244363864	0.10380733275278235	0.2761259988146715	0.1723413840322824
0.2406186185599694	0.20702569566872217	0.10378830130595428	0.2760768285027332	0.1724905559626207
0.2408845155660284	0.2070000085074717	0.1036196622692675	0.2760763687330152	0.17241944492421693
0.24078915598050188	0.20710055888706227	0.10370283402559918	0.2761255779441003	0.17228187316273613
0.2411462169898278	0.2067980543669866	0.10353851501883109	0.2760968147395385	0.17242039888481578
0.24071206300237474	0.20678570104229999	0.10370968346069352	0.27626845609272366	0.1725240964019079
0.24098377911740454	0.20678204165706188	0.10380103616936046	0.2761811204795267	0.1722520225766462
0.24107820816479625	0.20674338139432563	0.1035198478938941	0.2762855817072082	0.17237298083977554
0.2409906629525927	0.20693081542926997	0.10364981610058288	0.2761317252028141	0.1722969803147401
0.24080948316525025	0.20682908348604723	0.10372347337960766	0.276265899669362	0.17237206029973265
0.2408327640818596	0.20712084667608574	0.1036306191199426	0.2761034159323872	0.17231235418972457
0.24094503841034087	0.2069401423393243	0.10368642217215321	0.27613579259046084	0.17229260448772046
0.24102445748882645	0.20680476150300248	0.10370269558563118	0.27619437261573976	0.17227371280679993
0.2411541807862826	0.20677145708566425	0.1036995524568145	0.27604809660340474	0.17232671306783368
0.24075309424213326	0.2070188403947555	0.10351308678664949	0.2763159408056076	0.1723990377708539
0.24061920661688924	0.2071344362214659	0.10363721301199146	0.27607132221829195	0.1725378219313612
0.24067350772255658	0.20694970187982195	0.10362243002329329	0.27623366841863417	0.1725206919556938
0.24119725369497447	0.20690934351387902	0.10353275613604158	0.2761143497043136	0.17224629695079108
0.24092556664597103	0.2068207347955452	0.10378712360440051	0.2761582632093744	0.17230831174470862
0.240623094981632	0.20711280411076177	0.10361182831674348	0.2762742524775226	0.17237802011333989
0.24095896617249646	0.20693701667314832	0.1037492867065018	0.27609562218405426	0.1722591082637989
0.2410585071262028	0.20679413850284661	0.10353302470129286	0.27624192947024473	0.17237240019941277
0.2406944688672267	0.2069655484999385	0.10377729813132246	0.2761053285476739	0.17245735595383815
0.24059831998238418	0.2070520904001475	0.10356835607260276	0.2762058662845765	0.17257536726028885
0.24085897233826162	0.20711548454643428	0.10364915967635352	0.2760768227334627	0.1722995607054877
0.24089873243481896	0.20698259763044127	0.10353702453751076	0.2762123605185556	0.17236928487867317
0.24101485831992783	0.20673707155135898	0.10377232788132086	0.2761574612495906	0.17231828099780142
0.2407264651769238	0.20686375150898537	0.10378765815666517	0.2763057698552807	0.17231635530214467
0.24074146310471845	0.20690960504867031	0.10374376776269892	0.2761089561929465	0.17249620789096556
0.2408367291047152	0.2067644433880772	0.10378168689678569	0.2762629821725681	0.17235415843785354
0.2408826082494091	0.20675840217645372	0.10372181864829182	0.27615830350422454	0.17247886742162058
0.24089098221800193	0.20703297233654303	0.10351169863541775	0.27602281770671844	0.17254152910331857
0.24071831969540045	0.2070725523410577	0.1035542043161417	0.27608693669802903	0.1725679869493709
0.24089646949747	0.20674725240222586	0.10377971689277235	0.2763175588800872	0.17225900232744434
0.24068762443196448	0.20694430077499645	0.10352589223151311	0.27625405065989084	0.1725881319016349
0.24107487635791647	0.20681980577173473	0.10355536469050272	0.2762920784497456	0.17225787473010018
0.2406880549125509	0.20694852177606204	0.1036279605947816	0.2762154611483206	0.1725200015682846
0.24084188043734686	0.20695592054454184	0.10372757888961465	0.2760904391915935	0.17238418093690297
0.24082963753950515	0.20705631705359506	0.10358751232335717	0.27617824281057957	0.17234829027296286
0.24101835159680984	0.20688464742847673	0.10359019279335178	0.2762177712686298	0.17228903691273162
0.24126615514621697	0.2067354094279033	0.10365518153567183	0.27606996696288955	0.17227328692731816
0.24085720619560325	0.20693061692186093	0.10369767228294925	0.2761644150873981	0.17235008951218825
0.24068906852136746	0.20704949242480106	0.10371614615316173	0.27617203339373136	0.17237325950693813
0.24101308988108291	0.20692384460698882	0.10363435589779396	0.2760503522446288	0.17237835736950527
0.240990756908556	0.20688750749667473	0.1037226894556199	0.2760228256469091	0.17237622049224002
0.24075043222006043	0.2070862226235416	0.10369707480269581	0.2761352615587533	0.17233100879494864
0.24062472339964616	0.20700170767450837	0.10360070313829202	0.27622181919479827	0.17255104659275491
0.24088231216155342	0.20692537133814679	0.10356970978206848	0.27617996686607255	0.17244263985215852
0.24089352415410165	0.20704661394704993	0.10353200471526343	0.2762084370097166	0.17231942017386814
0.24069673270872305	0.20714366247208968	0.10368752068968612	0.2760473282242566	0.17242475590524434
0.2408530735260086	0.20677282408588316	0.10373081453870774	0.27608826064063835	0.1725550272087619
0.2409053114636865	0.20686597188131545	0.10356463818453493	0.276194262807098	0.17246981566336483
0.2406330314912702	0.20707700772347254	0.1036296937007106	0.2760944339153374	0.17256583316920904
0.24063727520975697	0.20704982540453873	0.10380103038391275	0.27603748328181565	0.1724743857199756
0.24063954770490503	0.207049928693075	0.10354490137820767	0.27619634495227013	0.1725692772715419
0.24081222805756364	0.20689450116112323	0.10373357432178745	0.2760372019290295	0.172522494530496
0.24058673276808684	0.20703866972907378	0.103795210622869	0.27614278318239643	0.1724366036975737
0.24062616246571827	0.2070896101964725	0.1035701675461366	0.2761727111081345	0.17254134868353782
0.24066109796916374	0.2070890288207371	0.10371354230679294	0.27624900357763815	0.17228732732566773
0.24083462144790557	0.20673030166860848	0.10375608713688284	0.2761970491452107	0.1724819406013922
0.24063263493952813	0.20700901678888226	0.10354708045351521	0.2762405689255446	0.17257069889252954
0.24087419141614277	0.20703974903515154	0.10354173807531247	0.2761566184558547	0.17238770301753825
0.24094186614335256	0.2069304375362838	0.10355652823202975	0.276112140755872	0.1724590273324616
0.24073380836677677	0.20699859986573502	0.10362155019023662	0.27629606795932116	0.1723499736179302
0.24081458175970624	0.20699394663992388	0.10370702483292807	0.27605158863817747	0.17243285812926407
0.24063920350177243	0.20700388148826232	0.10359819076385637	0.27629873960812723	0.17245998463798137
0.24087052907625128	0.20703933238917213	0.10372924083674019	0.27609356803108354	0.17226732966675257
0.24063672331507047	0.2070641821910155	0.10374364955551636	0.2761410218694732	0.1724144230689242
0.24131147479647663	0.20676980762935832	0.1035838803514289	0.27608682052643724	0.17224801669629866
0.2405895750558531	0.2070911625945437	0.10367082871894209	0.2762577539104895	0.17239067972017139
0.2407601656993078	0.20702192362382113	0.10366527639614141	0.27617075885405346	0.17238187542667593
0.24083551456563695	0.2069109035995643	0.10363365243955928	0.2761433245938523	0.17247660480138693
0.24104473272816967	0.20678323560039025	0.10361640962754434	0.2761953968188378	0.1723602252250577
0.24069923063501517	0.20691761630378394	0.10378092520010027	0.27628697055431134	0.17231525730678904
0.24094447805181946	0.20686313005650697	0.10361024627780852	0.27627071537259934	0.17231143024126552
0.24073900184484018	0.20701568782051105	0.1035617485335501	0.27629889334143487	0.17238466845966355
0.24088642033377405	0.20690569713702925	0.10365124513778856	0.27619324734127254	0.17236339005013532
0.24072681635983872	0.20695401612767983	0.10372200076983477	0.2761194504268814	0.172477716315765
0.2405913925327377	0.20702869889933953	0.10366612221438452	0.2761731130926251	0.17254067326091294
0.2407599215015212	0.20687921285964267	0.10377394894606026	0.27616331395123883	0.17242360274153679
0.24081144994052572	0.2069834317471626	0.1035087630489903	0.2762713135984382	0.17242504166488287
0.24088189164448978	0.20701324421070763	0.103538186412659	0.2761257444534658	0.17244093327867754
0.24089093380296323	0.2067982746841152	0.10362084604338168	0.2762715928426432	0.17241835262689645
0.2408408596541609	0.20707276073313896	0.1037479837079661	0.27608501041239353	0.17225338549234026
0.24063484730272522	0.20707102292340823	0.10365896974423368	0.27630282194855543	0.1723323380810772
0.24100979424470464	0.2068650576703506	0.10378284268868015	0.2760813423562104	0.17226096304005392
0.2410565588759863	0.20672977355608366	0.10377340799346264	0.27604886157444714	0.17239139800002
0.24086404646973983	0.2068739172922182	0.10358477994824232	0.27617003838897847	0.1725072179008209
0.24110064934271047	0.20690483225612982	0.10366461239408813	0.2760625525728727	0.17226735343419858
0.2406474503373746	0.2068055962306677	0.10372281760274664	0.2762667190917424	0.1725574167374684
0.24094574599995183	0.20677482203575004	0.10365790393449932	0.2762539917936258	0.17236753623617276
0.24096036255021042	0.20697376273176146	0.10363249141192618	0.2761019032415611	0.1723314800645406
0.2406514964674541	0.20699753515976896	0.10379718315438113	0.2762270101473373	0.17232677507105826
0.24092406680798883	0.20687365305856803	0.10363093714037162	0.27626852291562026	0.17230282007745104
0.24065129363947907	0.20709217626658855	0.10352502739911518	0.2762159270855497	0.17251557560926725
0.24077627940566254	0.2067710652624952	0.10378321966914122	0.2760895604201677	0.17257987524253313
0.24084775802651093	0.20674049324977642	0.10362941414779521	0.2762021384694507	0.17258019610646647
0.2410782454007152	0.20682271587709716	0.1036399528765817	0.276188151642882	0.1722709342027236
0.24080259101686835	0.20676780576273818	0.1037284489777907	0.2761478680548898	0.17255328618771273
0.24066047855050982	0.20716328419763994	0.10375997489817633	0.2761698816553272	0.17224638069834647
0.24084348373896552	0.2070565487666774	0.10360392613526415	0.2760320441492612	0.17246399720983152
0.24096139999795507	0.2067859259289903	0.10364828251387465	0.27608737963487795	0.17251701192430174
0.2409585784423619	0.20684324342903543	0.10354342949283228	0.27624963908887235	0.1724051095468978
0.24080631404096753	0.20696627936553813	0.10368067168827044	0.27606367377310614	0.1724830611321175
0.24084345535778465	0.2069467424234038	0.10363068265007713	0.27613082409130907	0.17244829547742513
0.24120003199456724	0.2068227971726038	0.10352056510287944	0.2761325132978567	0.17232409243209254
0.24100026901223126	0.20677195066407764	0.10363782660463403	0.2760425588810867	0.1725473948379701
0.24095202966218332	0.2068305982751328	0.10374547998617237	0.27610064338311846	0.17237124869339285
0.24080883839080286	0.20677163363861498	0.10379161530913489	0.27625366478863767	0.1723742478728094
0.2411050013354072	0.2069594541414322	0.10354150614187733	0.27608515154033336	0.1723088868409497
0.24068433224967445	0.2071310624281663	0.10376484424014584	0.27609306016581864	0.17232670091619445
0.24073899801915052	0.20696483975187252	0.10364643681413264	0.2762431461503143	0.1724065792645297
0.24071169685678911	0.20714431299741803	0.10357567363825859	0.2762402401141132	0.17232807639342085
0.24096852333468033	0.20714746001381096	0.10353594209664187	0.2760642674067325	0.17228380714813413
0.24070691021666824	0.20711056569466357	0.10352611909267469	0.27629545374188824	0.17236095125410503
0.2409465791518855	0.20707566602321684	0.10362372615978398	0.2760796961765868	0.17227433248852667
0.2410909700815203	0.20696883591300683	0.10357828888868273	0.27604431051397427	0.17231759460281562
0.24079089024183808	0.2068820401900965	0.10375587284468832	0.27618532142751795	0.17238587529585891
0.24082389737048895	0.20678209277390985	0.10353617710140676	0.2762888113773017	0.17256902137689242
0.24082890583220046	0.20683503296356875	0.10380120885762562	0.27605019675718434	0.17248465558942055
0.24083288100840178	0.20683958445101536	0.10368277215870972	0.2762554188108588	0.17238934357101407
0.24095641767880205	0.20697199531413327	0.10356046482777194	0.27622634724697886	0.1722847749323136
0.24080653321165352	0.20676588760724193	0.10373046177929145	0.2761759246843226	0.17252119271749025
0.240960121392008	0.20688109470119975	0.10372048601998428	0.2760770660726271	0.17236123181418062
0.24067970558842788	0.20691202039641945	0.10363555567658411	0.27630885646831893	0.17246386187024937
0.24106738490513302	0.2068736841131332	0.10357836081146529	0.27606485900888045	0.17241571116138776
0.24061627548521075	0.2071449786856073	0.10364961580808484	0.2763024235562916	0.1722867064648053
0.24098419983419483	0.2068732137751509	0.10375576900578093	0.27612034852430467	0.17226646886056846
0.24078756638229157	0.2068249831273771	0.10376016076606095	0.27629988090678587	0.17232740881748426
0.24073713012212355	0.20715349308207315	0.10357018081881796	0.2762656800522729	0.17227351592471218
0.24076945928456625	0.20706145683269556	0.10374761384391587	0.2761747599576245	0.17224671008119752
0.2408055618654642	0.20707330688912787	0.1036984949057876	0.27607589039405966	0.17234674594556038
0.2408958305435435	0.2068532898701721	0.10366455763725668	0.2760640053710102	0.17252231657801728
0.24078959681455805	0.20685910007329128	0.10373395226926635	0.2761296810599748	0.17248766978290928
0.2407176891447074	0.20700526184121248	0.10380755114233296	0.27617583253799	0.1722936653337569
0.2409454369152107	0.20694388671415948	0.10366390980588952	0.2760400408283324	0.17240672573640764
0.24102170855390703	0.20694178900025736	0.10353952182245907	0.2762259142129221	0.1722710664104542
0.24067083482122464	0.2070703715700438	0.10358473293579813	0.2762608920130973	0.17241316865983589
0.2408760187598975	0.20688570252457805	0.10352293391521078	0.27615905327153806	0.17255629152877536
0.24097409262563402	0.20682743720690255	0.10366760914359775	0.276047938273477	0.1724829227503884
0.24089433961692286	0.20691631948388162	0.10362815754283716	0.2760247378569538	0.17253644549940436
0.2411193606965254	0.2068570513818939	0.10370976073846659	0.27603060770892224	0.17228321947419162
0.2410257732743328	0.2069443014006575	0.10352276901788174	0.27621186962899646	0.17229528667813127
0.24121162997285234	0.20679498267289964	0.10362369584048624	0.27607327073757487	0.17229642077618665
0.24088475398276912	0.20682860803456657	0.10366215051237629	0.27629392284339516	0.1723305646268926
0.24069961752734714	0.2070405517753675	0.10371084042456517	0.27623282296951246	0.17231616730320745
0.24062722508227358	0.20691621424609632	0.10372172608343136	0.27614684886504515	0.17258798572315334
0.24062484006442186	0.20693625340711796	0.10371068509808612	0.2762957609466674	0.17243246048370642
0.24078657039436066	0.20717044113909147	0.10354262385582218	0.27602225599330243	0.17247810861742302
0.24113152696691986	0.20673358638477282	0.10351899032875596	0.27608509093650685	0.17253080538304427
0.24075948699894856	0.20710930267541086	0.10353107359058013	0.2761411499020117	0.17245898683304847
