0.16659460399881829	0.1669450345602131	0.6664603614409688
0.16703717932869755	0.16712338795284049	0.665839432718462
0.1664465983872748	0.16670919174442586	0.6668442098682994
0.16516717225073685	0.16504241953330118	0.669790408215962
0.16549396813371098	0.16588095035613656	0.6686250815101525
0.166969991455639	0.16696733264312733	0.6660626759012338
0.1663344579053609	0.16746983935073836	0.6661957027439008
0.1667703520028965	0.16608630706877175	0.6671433409283318
0.1668973768864126	0.1654514114707007	0.6676512116428868
0.16636921865207865	0.16601528147453584	0.6676154998733856
0.16675682391467192	0.16569778790466105	0.6675453881806671
0.16621958646923496	0.16721523549353526	0.6665651780372299
0.16600817481236585	0.1666548813966427	0.6673369437909915
0.16632960747096504	0.16624115806235723	0.6674292344666779
0.16635752689083777	0.16577324890260117	0.6678692242065611
0.1669361085007635	0.16526903467062287	0.6677948568286137
0.16697771573074305	0.16636617625446287	0.6666561080147941
0.1668481625088937	0.16602350609450248	0.667128331396604
0.16524339065940652	0.1673836820089138	0.6673729273316797
0.16696717419676654	0.16592723525253172	0.667105590550702
0.16634727991396306	0.16718993368677748	0.6664627863992596
0.16643173464676608	0.16649452501159595	0.667073740341638
0.16520000275637997	0.16644162448984656	0.6683583727537736
0.16637208252483976	0.16722404607148955	0.6664038714036707
0.16520240023915544	0.16678482912229908	0.6680127706385456
0.1665881981275263	0.16737439007151017	0.6660374118009637
0.16678732407387867	0.16512523078668517	0.6680874451394363
0.1656638434384915	0.16511460367303563	0.669221552888473
0.16517395424074294	0.16661308598783245	0.6682129597714248
0.16590469400795022	0.16716610316236558	0.6669292028296844
0.1656962381958453	0.16555217958084237	0.6687515822233124
0.16608927669395876	0.16558074591634964	0.6683299773896918
0.16592649863433678	0.1668510111610476	0.6672224902046158
0.16615454999036222	0.16687553103832817	0.6669699189713097
0.16679166128720807	0.16556134407634027	0.6676469946364518
0.16543077161291164	0.16691429463717028	0.6676549337499181
0.16671839433323177	0.16623877953468846	0.6670428261320799
0.1651524099618945	0.1660269656670307	0.6688206243710749
0.1663033774771468	0.1650130533928031	0.6686835691300502
0.16686816844024588	0.1665473646291068	0.6665844669306474
0.16566869671217463	0.1665721485374976	0.6677591547503279
0.1656858279965338	0.16553855305937862	0.6687756189440877
0.1663884241933838	0.16734082013621898	0.6662707556703974
0.16544424326268414	0.16557031544977702	0.6689854412875389
0.166931004145479	0.1655109600536231	0.6675580358008981
0.16636406662114586	0.16665889132139694	0.6669770420574573
0.16571983698061213	0.16553003713366332	0.6687501258857247
0.16642396430744	0.165996519431964	0.6675795162605961
0.16573706128350027	0.1667355594403469	0.6675273792761529
0.16635666628083726	0.1650130648250705	0.6686302688940924
0.16523807253042566	0.166932530707048	0.6678293967625264
0.16582682183279102	0.1649395291137109	0.6692336490534982
0.16680260764372282	0.1655020188528327	0.6676953735034447
0.1658277631609545	0.16537927678515574	0.6687929600538899
0.16521808516023206	0.16504774279725043	0.6697341720425176
0.16648000439209693	0.16740231036784392	0.6661176852400593
0.16677578954324893	0.16609157813175957	0.6671326323249916
0.16567625643629946	0.1651765498093884	0.6691471937543123
0.16586836562493412	0.1667286093351273	0.6674030250399388
0.16657738671456684	0.16606256859051094	0.6673600446949224
0.1656342709598199	0.166088197766852	0.6682775312733282
0.1658432485899015	0.16622798413588508	0.6679287672742136
0.1661342936920776	0.1650121998946826	0.6688535064132399
0.16586800052157374	0.16627888230562202	0.6678531171728044
0.16550816058024007	0.16666972219882253	0.6678221172209375
0.16669872500553412	0.16543168255978186	0.667869592434684
0.16686669799937953	0.1654894522750586	0.667643849725562
0.16693131344765533	0.1665704348702543	0.6664982516820905
0.16667465202617932	0.16711220970619695	0.6662131382676239
0.1664576808532366	0.1673503869212668	0.6661919322254968
0.16616236446691474	0.1659956456806529	0.6678419898524326
0.16654560544626182	0.16532933409190265	0.6681250604618356
0.16506371861155447	0.1656024350748182	0.6693338463136275
0.16622836788919831	0.16727709296184484	0.666494539148957
0.16600115826869843	0.1668351184076147	0.6671637233236869
0.1658638574985448	0.16547052464900944	0.6686656178524459
0.16622408674048514	0.1668420233376448	0.6669338899218702
0.16539588753430665	0.16500891440062937	0.6695951980650641
0.1653169915077291	0.16668223083561057	0.6680007776566604
0.16697905750528486	0.16667385138159685	0.6663470911131184
0.16568442060209418	0.16709754159271423	0.6672180378051917
0.16635558927711602	0.16601509086990096	0.6676293198529831
0.16613768914249483	0.16663069979202394	0.6672316110654813
0.16633172216795916	0.16587897583595412	0.6677893019960868
0.16680586145119156	0.1668122576840802	0.6663818808647284
0.1653417342649694	0.16593166943905766	0.668726596295973
0.16584668985799145	0.16619345581172257	0.667959854330286
0.16597210902104342	0.16579297426117817	0.6682349167177785
0.1658681244426873	0.16536625399635302	0.6687656215609598
0.16688849691266966	0.16575121239493046	0.6673602906924
0.16535905187161415	0.16575216322716269	0.6688887849012233
0.16585758221337157	0.16698339471399332	0.6671590230726352
0.16567229505802195	0.16706504022551494	0.6672626647164632
0.1669679381101658	0.16581539472974113	0.6672166671600932
0.16661585952958544	0.1657459555648046	0.6676381849056101
0.1669089692855282	0.1657085427870178	0.6673824879274541
0.1658213520360193	0.16746383344873	0.6667148145152508
0.16530493861317516	0.16569339237675584	0.6690016690100691
0.1669848411047649	0.16528757014596607	0.6677275887492691
0.16510634664352075	0.16600267026734827	0.6688909830891311
0.16589355759937022	0.16597556463859342	0.6681308777620365
0.16578776274932197	0.1664829936579258	0.6677292435927524
0.16706191702423376	0.1671325425300208	0.6658055404457456
0.16555537198450684	0.1666608434907515	0.6677837845247417
0.16564576001470377	0.167353914575958	0.6670003254093384
0.16562204982664555	0.16678620078452988	0.6675917493888246
0.16591596656811625	0.16517294506109825	0.6689110883707856
0.16561299333613452	0.16500371583930484	0.6693832908245607
0.16519544366554784	0.16673110360275456	0.6680734527316977
0.1661914569613229	0.16543050162720002	0.6683780414114772
0.16683523115697638	0.16668287771505577	0.666481891127968
0.16554785554513082	0.16525794245662867	0.6691942019982406
0.16520711388197162	0.16689097875435205	0.6679019073636764
0.16518951085608796	0.16512789727953608	0.6696825918643761
0.16562996351691497	0.16518955908991034	0.6691804773931748
0.1655241308141417	0.16656436570877786	0.6679115034770806
0.1659655894594072	0.16615867151912778	0.6678757390214651
0.16535667805745444	0.1649175706724425	0.6697257512701031
0.16595008006972198	0.16632008520826588	0.6677298347220122
0.16609595854535575	0.16586554049687618	0.6680385009577683
0.16709472738288025	0.16650093853963888	0.666404334077481
0.16695970228461487	0.1662261850473668	0.6668141126680185
0.16550341954660036	0.165429108315178	0.6690674721382217
0.16603026828934422	0.16647922431243006	0.6674905073982258
0.16579113927461242	0.16594955130756212	0.6682593094178256
0.1671433334196804	0.16558268960079936	0.6672739769795204
0.16706640931227157	0.16656326230966798	0.6663703283780605
0.16509815330175706	0.16694993449401446	0.6679519122042286
0.16558653369836424	0.16561530073240266	0.6687981655692332
0.16577604273955546	0.1651256569568444	0.6690983003036004
0.16653679463595505	0.16738305546689822	0.6660801498971468
0.16655886268831038	0.16569602911172346	0.6677451081999662
0.1655927113785458	0.16587167580870377	0.6685356128127505
0.16617892836076925	0.1651448799668065	0.6686761916724244
0.16548522420076184	0.16659840516133728	0.667916370637901
0.16571790104947212	0.16546350279591443	0.6688185961546136
0.16562296163113133	0.16537074300735133	0.6690062953615175
0.16638452263348105	0.16526705982854356	0.6683484175379755
0.1656307695248609	0.16576816956442392	0.6686010609107154
0.16550868592247914	0.16667733105980626	0.6678139830177148
0.16603904894059407	0.16567668764306703	0.6682842634163391
0.16554201389490686	0.16551654261679255	0.6689414434883008
0.1668316046812537	0.16611277974832478	0.6670556155704216
0.16619076479965758	0.16687959334476954	0.666929641855573
0.16677731814693336	0.16717561041926554	0.6660470714338012
0.1670630802045052	0.16626813048460914	0.6666687893108858
0.16694814681539305	0.1669794508624307	0.6660724023221765
0.16690999932744435	0.16688464818058513	0.6662053524919707
0.16661605428348436	0.16715578573733353	0.6662281599791822
0.1669340928528545	0.16643787831155715	0.6666280288355885
0.16582415548591828	0.167307586036998	0.6668682584770839
0.16674272293459655	0.16697638523371777	0.6662808918316858
0.16623086625569594	0.16503195379644192	0.6687371799478623
0.16627870852442084	0.16651528386762177	0.6672060076079576
0.16608080309932022	0.16675666149928864	0.6671625354013913
0.1659974770974815	0.16724899118700765	0.666753531715511
0.1654354767631635	0.16704108395297407	0.6675234392838625
0.16702887951926226	0.1649470921814989	0.6680240282992389
0.1661553133834081	0.16636171296572178	0.6674829736508703
0.1655400068147799	0.16506801134116666	0.6693919818440536
0.16660125547940166	0.1667744904482712	0.6666242540723273
0.16605006148999682	0.16745117073964372	0.6664987677703595
0.16632407868084656	0.166117487032153	0.6675584342870005
0.16666373865858164	0.1662341082112567	0.6671021531301617
0.16713936396176007	0.16617307776239826	0.6666875582758418
0.1654160305508467	0.16697660531515612	0.6676073641339972
0.16627847198805978	0.16713518047116072	0.6665863475407796
0.16591908677845063	0.16663926815403518	0.6674416450675142
0.16595583914634318	0.16531988488291857	0.6687242759707384
0.16563648151011567	0.16702137539282264	0.6673421430970619
0.16627840144977227	0.16503926889177878	0.6686823296584491
0.16534916360008556	0.1667779911127626	0.667872845287152
0.16656188913088382	0.1650001265641814	0.668437984304935
0.16711242164711504	0.16601985892776885	0.6668677194251162
0.16575060247833176	0.1673551575011421	0.6668942400205262
0.16564419708171932	0.1665213237435766	0.6678344791747042
0.16519505863486708	0.16513890634510525	0.6696660350200279
0.16634989866198197	0.16496709318219677	0.6686830081558214
0.16663947435660287	0.16614252918106548	0.6672179964623317
0.16590864299374947	0.1673731686387422	0.6667181883675085
0.16518132120496837	0.1654080503918598	0.669410628403172
0.16594437059910955	0.1649702190131882	0.6690854103877024
0.16713812199345432	0.16555701603110876	0.667304861975437
0.16680822478219137	0.16674131167700362	0.6664504635408051
0.16709045172300757	0.16542347175023048	0.6674860765267621
0.1653230601971997	0.16573573405555297	0.6689412057472475
0.1661894012185512	0.1674175014344446	0.6663930973470042
0.16572030640690477	0.16710613291736542	0.66717356067573
0.16634327276394667	0.16617443270649634	0.6674822945295571
0.16643942968410244	0.164992314323128	0.6685682559927697
0.16550997229190378	0.1652826772856299	0.6692073504224665
0.1655116896626038	0.1673667289348295	0.6671215814025668
0.16566461521490716	0.16658778720991407	0.6677475975751789
0.16681850465634826	0.16593720774420337	0.6672442875994484
0.16565696796237075	0.1649298246891891	0.6694132073484402
0.16546158396159108	0.16523709161542205	0.669301324422987
0.16533407360789348	0.16671834098277774	0.6679475854093289
0.16601396687569553	0.16719521502348483	0.6667908181008197
0.16619671984840148	0.16557256183511496	0.6682307183164837
0.1665720123512188	0.16527654972409905	0.6681514379246822
0.1655031369873548	0.1674814955153349	0.6670153674973105
0.16535038186761047	0.16666310437370696	0.6679865137586827
0.16548333021913744	0.16723250740427525	0.6672841623765875
0.1662503733701038	0.16696036461921282	0.6667892620106834
0.16569036655050598	0.1659969927627706	0.6683126406867235
0.16695650441312151	0.16686362228642276	0.6661798733004558
0.16576512138926963	0.1674213540903654	0.666813524520365
0.16584102514777116	0.16612874962663876	0.6680302252255902
0.16571700713360207	0.16549810863319853	0.6687848842331996
0.16614057503646615	0.1667622365627207	0.6670971884008132
0.16558527978585177	0.16687668374748615	0.6675380364666622
0.16697360630720257	0.16607354342435998	0.6669528502684376
0.1667129338322946	0.16648660332753817	0.6668004628401674
0.16556977882875815	0.16668100986517811	0.6677492113060638
0.16660686102102032	0.16715990071192455	0.6662332382670553
0.16612663151154686	0.16574986037151357	0.6681235081169397
0.16587494345590373	0.16619986097958406	0.6679251955645124
0.16680419650195175	0.16610514245367386	0.6670906610443745
0.1656374115385327	0.16731541389241156	0.6670471745690558
0.16551010187147483	0.1662591239195576	0.6682307742089677
0.16574320945122134	0.1666980664379243	0.6675587241108545
0.16562059915751454	0.16591817983613083	0.6684612210063547
0.16577630429240614	0.16692622673587754	0.6672974689717164
0.16628183808713531	0.16690151691201854	0.6668166450008463
0.16616687969861121	0.16538134974251936	0.6684517705588695
0.16681872400183634	0.16519706373991783	0.667984212258246
0.16571297713543134	0.16522720406143143	0.6690598188031374
0.16670973524335733	0.1673268650300627	0.66596339972658
0.16616486313373796	0.16556616870077398	0.6682689681654882
0.16543457443686896	0.16551046670107297	0.6690549588620582
0.1655301872831189	0.1667850284740967	0.6676847842427844
0.1658932601527583	0.16547997519667554	0.6686267646505664
0.16662412207484312	0.1650029243824478	0.6683729535427092
0.1661449323536593	0.16745449364895396	0.6664005739973868
0.16582954999377802	0.1663515199148201	0.6678189300914019
0.16615690263435867	0.16543543908826863	0.6684076582773728
0.16666372860639297	0.16659393221100932	0.6667423391825978
0.16620022255849362	0.16711542811576058	0.6666843493257459
0.16550736218580553	0.16549724029499455	0.6689953975192
0.16697559270166035	0.16576268632550117	0.6672617209728386
0.16528918328438508	0.16716777609885525	0.6675430406167597
0.16555235251512473	0.1652840040226508	0.6691636434622246
0.1652498656001688	0.16493629132850957	0.6698138430713219
0.16623918475450108	0.16630354471916237	0.6674572705263366
0.16697702385478475	0.16633898162217448	0.666683994523041
0.16527455368383273	0.16748374454717013	0.6672417017689972
0.16671252591525598	0.16587183509551523	0.667415638989229
0.1656570635284256	0.16684008786568696	0.6675028486058876
0.16575735294245744	0.16660472046924027	0.6676379265883023
0.16515940087420314	0.1664152787502088	0.6684253203755881
0.16581167146639647	0.16643097684716274	0.667757351686441
0.16635228115072903	0.16629412251967457	0.6673535963295965
0.16670065644717555	0.1657032678836602	0.6675960756691643
0.16680332792297506	0.16650942815870323	0.6666872439183218
0.16709510405310055	0.16637670573020447	0.6665281902166951
0.16648578576261397	0.1649616025087184	0.6685526117286678
0.16628243469425447	0.16715345556530048	0.6665641097404451
0.16702901707055698	0.16697402773815154	0.6659969551912917
0.16525803325553762	0.16506469118317318	0.6696772755612893
0.16653025840176533	0.1670347520618734	0.6664349895363614
0.16583981154528957	0.16584977787352664	0.6683104105811839
0.16687064044988248	0.1653979176479822	0.6677314419021354
0.1662632822371297	0.16512202175511345	0.6686146960077569
0.16563524590887696	0.16661814739884062	0.6677466066922826
0.16528069528897915	0.1674636044827058	0.667255700228315
0.1654439920422618	0.166339551964713	0.6682164559930253
0.16641253468974182	0.1656266134616052	0.6679608518486531
0.16688237049062643	0.1665676141024574	0.6665500154069163
0.16678631366031366	0.16708834652679017	0.6661253398128963
0.1652340342401998	0.16608491208320386	0.6686810536765965
0.1670525196159384	0.16644526515188063	0.6665022152321811
0.16614834185895816	0.1672769042884948	0.6665747538525473
0.16616771631806254	0.16543943808275308	0.6683928455991845
0.16576110074370817	0.16556259905149298	0.668676300204799
0.1662235232083063	0.16687727993901247	0.6668991968526814
0.16516144606447725	0.16633863808592486	0.668499915849598
0.16690695677745893	0.16635376568985139	0.6667392775326898
0.1666325687425979	0.16649309477449992	0.6668743364829022
0.16708711718519545	0.1666945917177739	0.6662182910970308
0.16647446807113817	0.1668052309136931	0.6667203010151689
0.1656668339129855	0.1665832274700244	0.6677499386169903
0.1663572621575485	0.1671618331589822	0.6664809046834694
0.16572552703779656	0.1665664112510417	0.6677080617111618
0.16572658226680442	0.16711857808518987	0.6671548396480058
0.16615069649113132	0.16739767337353212	0.6664516301353367
0.16520492176693788	0.1669541623306923	0.6678409159023699
0.16623465728569953	0.16531524573248552	0.668450096981815
0.16647814436511596	0.1667274138146788	0.6667944418202054
0.16561597224096078	0.1656322274877502	0.6687518002712891
0.16591989626238665	0.1649510194835801	0.6691290842540334
0.16630377534380827	0.16572772738416336	0.6679684972720284
0.1659666727882342	0.16529702554797177	0.6687363016637942
0.16571383133536458	0.16657710105409568	0.6677090676105399
0.16700894146367418	0.1664965857806398	0.6664944727556862
0.16673118817474586	0.16573845587163877	0.6675303559536154
0.1653091716279742	0.16604745511449281	0.6686433732575331
0.16567943252850076	0.16546644099154975	0.6688541264799497
0.1656197750738175	0.1674374541543528	0.6669427707718298
0.16632284041292303	0.1663531736232494	0.6673239859638277
0.16664740956439406	0.167444425648835	0.6659081647867711
0.16627559297759448	0.16515227213535333	0.6685721348870524
0.16714983038768394	0.16564741026651136	0.6672027593458048
0.1657328571636512	0.16558151805654306	0.6686856247798059
0.16606130332893776	0.16518933689266374	0.6687493597783987
0.1661212989043524	0.16500557880561373	0.6688731222900339
0.16678080884966928	0.16686894548799974	0.6663502456623311
0.16580288008196517	0.16530027461624913	0.6688968453017858
0.16567103595669225	0.1654002362033548	0.668928727839953
0.1651755827760027	0.16650311917354643	0.6683212980504509
0.16606153267897428	0.16669190355044575	0.6672465637705801
0.16594776479191864	0.16547677032508695	0.6685754648829945
0.1666599335907674	0.16689562610755307	0.6664444403016796
0.16713680351566376	0.16640871621634706	0.6664544802679893
0.16700174338752538	0.1665971817622162	0.6664010748502586
0.16701014890516974	0.16661545206169429	0.6663743990331361
0.16655388683761954	0.16706751877246234	0.6663785943899183
0.16596950651937353	0.16587332519712567	0.6681571682835009
0.16621045684158797	0.16689829613569285	0.6668912470227193
0.16520537649838496	0.16621169685517379	0.6685829266464414
0.16556466233716494	0.1662777038563768	0.6681576338064583
0.16580064483366908	0.16675753398059756	0.6674418211857335
0.1660309542302922	0.16602134335320545	0.6679477024165024
0.16617675899002923	0.16496255013532674	0.6688606908746442
0.1662805689649834	0.16724791389322846	0.6664715171417882
0.1658641512049912	0.1674247522886172	0.6667110965063918
0.1665649135864776	0.16589540852054832	0.6675396778929743
0.166018928267132	0.16551761875091964	0.6684634529819485
0.16638861239068733	0.16569147830894343	0.6679199093003694
0.1660356656613647	0.16680376072430952	0.6671605736143259
0.16536913209395163	0.16719873505530075	0.6674321328507478
0.16525683938498203	0.16711413973494987	0.6676290208800681
0.16591933674379095	0.1671882832140146	0.6668923800421945
0.16564301449085783	0.16724770974857345	0.6671092757605689
0.16675191500740771	0.1656088352451412	0.6676392497474513
0.16573156377557685	0.1671075665474851	0.6671608696769382
0.16615644598432983	0.1669551247475092	0.6668884292681612
0.1660884230557107	0.1669206136903715	0.6669909632539179
0.16618374042607692	0.16746861965776724	0.6663476399161559
0.16508420268911733	0.16704866598889095	0.6678671313219918
0.1668921204436944	0.16509139582515903	0.6680164837311467
0.16620882049752272	0.166420047769887	0.6673711317325903
0.1665747513294856	0.1674395583513289	0.6659856903191856
0.16637883648855722	0.16512239156253192	0.668498771948911
0.16654894927580946	0.1669985366390379	0.6664525140851527
0.16574979982874027	0.16605781183989712	0.6681923883313627
0.16602094416617427	0.16553870951820443	0.6684403463156214
0.16681383808267583	0.16668092328901876	0.6665052386283055
0.16650522869459633	0.16499491973923308	0.6684998515661706
0.16631900002149058	0.16637360356654454	0.667307396411965
0.16665511732418314	0.1661875924206821	0.6671572902551348
0.16713926373507526	0.16529059734371485	0.66757013892121
0.16540754188870793	0.1674809531578355	0.6671115049534566
0.16679603763046924	0.16528727651027136	0.6679166858592596
0.16559885345515385	0.16505141998087342	0.6693497265639728
0.16706484549449796	0.16706678798740943	0.6658683665180928
0.16692854706954574	0.16524755807824903	0.6678238948522053
0.16531570809058374	0.16668615974799703	0.6679981321614193
0.16709575919210184	0.1667671918930146	0.6661370489148837
0.16546226199040642	0.16607054439021157	0.6684671936193821
0.16600164016838975	0.1662674787481998	0.6677308810834106
0.16563177223430223	0.16529266266622683	0.6690755650994711
0.16600176206326295	0.1654040507989124	0.6685941871378247
0.16661174950143443	0.16663856046759323	0.6667496900309724
0.16628852332897207	0.16550736229284463	0.6682041143781834
0.16618434815825311	0.16519225545730143	0.6686233963844457
0.1661112872190475	0.16583913734198913	0.6680495754389635
0.16640111624226397	0.16587497239387605	0.66772391136386
0.1651398776778013	0.1651689783750907	0.669691143947108
0.16592514018484844	0.16562214810785136	0.6684527117073003
0.16534339067963116	0.1663477210349653	0.6683088882854037
0.16646644130145094	0.16652333668148084	0.6670102220170684
0.16581144348854804	0.1652177037690744	0.6689708527423777
0.16673320969263572	0.1658656738879502	0.6674011164194142
0.16623397734647843	0.16706932986583928	0.6666966927876824
0.166862359585975	0.16513574560336058	0.6680018948106645
0.16680314629247853	0.16605721339572466	0.6671396403117968
0.16625741414024323	0.1649332659879016	0.6688093198718553
0.16670067874278338	0.1661459241957533	0.6671533970614634
0.16508216247994717	0.16576055844837448	0.6691572790716784
0.1655038325453598	0.16497507113837087	0.6695210963162694
0.16711838824107794	0.16578109063869284	0.6671005211202294
0.16620689112754047	0.16553832170120852	0.6682547871712512
0.1670955126917273	0.1665474421447775	0.6663570451634953
0.16585451516192556	0.16630102566145005	0.6678444591766245
0.16635868669244405	0.1666128785796154	0.6670284347279407
0.16562537246974593	0.16597657745378952	0.6683980500764647
0.16695102796319639	0.16511712319528116	0.6679318488415227
0.16628450892689123	0.16706727212021705	0.6666482189528918
0.16585028584118525	0.16573508608825072	0.6684146280705641
0.16582362362010553	0.1663898327010246	0.6677865436788699
0.16682176274185223	0.16715627081273982	0.666021966445408
0.1669303487575164	0.1667453978126267	0.666324253429857
0.16624237707089018	0.16631157343366282	0.6674460494954471
0.16631911972039207	0.16598687976785398	0.6676940005117541
0.16635611838801595	0.16581416156561968	0.6678297200463645
0.16659388970249933	0.16564360013478202	0.6677625101627187
0.16632636607977352	0.1667321522073092	0.6669414817129173
0.16525696033868872	0.16603173923388964	0.6687113004274218
0.16628351020403895	0.16721556298608387	0.6665009268098774
0.16688723343542622	0.1656993576981169	0.667413408866457
0.165271726914547	0.16665011449874048	0.6680781585867126
0.1668334325472882	0.1653778522883518	0.6677887151643602
0.16656519147142068	0.16613896647816423	0.6672958420504151
0.16554632721013218	0.16700737385448305	0.6674462989353849
0.16569918043163437	0.16556828783060196	0.6687325317377638
0.1667078083277641	0.16616171169461658	0.6671304799776194
0.1659280514959352	0.16572974085655634	0.6683422076475086
0.16666522612024437	0.16504657891408847	0.6682881949656672
0.165686588086003	0.16623419307334597	0.6680792188406511
0.16517979066806426	0.16563919668685737	0.6691810126450786
0.16564097797653693	0.16727470196849697	0.6670843200549662
0.165561846727504	0.1653733102987922	0.6690648429737039
0.16646169138771982	0.16552794288164485	0.6680103657306354
0.16635124016608524	0.16678191250629576	0.6668668473276191
0.1667396669635904	0.16667295881409794	0.6665873742223118
0.16564846726969495	0.1669061519084065	0.6674453808218987
0.16552684589151298	0.1656997048939159	0.6687734492145713
0.1670977847226376	0.16697405434690663	0.6659281609304559
0.16629236682480145	0.16511575097881148	0.6685918821963872
0.1651993849710431	0.16581512409902133	0.6689854909299358
0.1651533378836284	0.16719925011150671	0.667647412004865
0.1654607086143582	0.16508740202787336	0.6694518893577686
0.16683956080147194	0.16673071711237922	0.666429722086149
0.1657597847533814	0.16520222961687608	0.6690379856297426
0.16525562313527048	0.16679359579572914	0.6679507810690004
0.16660016776880998	0.16565022015258307	0.6677496120786071
0.16560960121053545	0.16677668432074796	0.6676137144687168
0.16657846542936786	0.16617208280066195	0.6672494517699703
0.16584365886258343	0.16717158447232214	0.6669847566650945
0.1661416123690036	0.16574390032587966	0.6681144873051169
0.1656580876893634	0.1656766029849936	0.6686653093256432
0.16635743242266327	0.16728605613689043	0.6663565114404464
0.16604495361550095	0.16672300625110262	0.6672320401333965
0.16714061292296217	0.16505917211162469	0.6678002149654133
0.16538275229589638	0.16535407808888586	0.6692631696152179
0.16656780427090268	0.1656712655601042	0.6677609301689933
0.16658481943256032	0.16657538860724497	0.6668397919601948
0.16582664891609195	0.16509940059535083	0.6690739504885573
0.16576665204072036	0.1659097244253151	0.6683236235339647
0.1670519590029361	0.16595372046953488	0.6669943205275292
0.16664922935917253	0.16511079332212633	0.6682399773187012
0.16704389513382134	0.16495968241628392	0.6679964224498949
0.1664365740426342	0.165052505603893	0.6685109203534729
0.166867395630729	0.16657990975800857	0.6665526946112625
0.1667920112578276	0.16557758017267132	0.6676304085695013
0.16639467741810196	0.16551290438636784	0.6680924181955303
0.1658858339420447	0.16543893136523957	0.6686752346927158
0.16591925675187327	0.1651857603089498	0.668894982939177
0.16570652356524707	0.1652854482002596	0.6690080282344935
0.1670500498782055	0.16716728661724062	0.6657826635045541
0.16689951246748724	0.16521618841705465	0.6678842991154583
0.16577313031411978	0.16623740438374174	0.6679894653021387
0.1659951528539233	0.16747918195819933	0.6665256651878775
0.16523727816063796	0.16596218399897067	0.6688005378403915
0.1665518822974315	0.16624614856072595	0.6672019691418427
0.16676298208461487	0.16511801756122838	0.6681190003541568
0.1651234667880147	0.16558145008781427	0.6692950831241711
0.16647436746558647	0.1673015421212113	0.6662240904132024
0.16573284603860367	0.16729180039244923	0.6669753535689471
0.165612216309165	0.16674082924085054	0.6676469544499846
0.16681318077347862	0.16555146964097112	0.6676353495855505
0.16544719010830528	0.16654377781128143	0.6680090320804134
0.1659844575137032	0.1653642616584902	0.6686512808278067
0.16708359578657078	0.16705457835718468	0.6658618258562445
0.16604707184039164	0.16690563103331774	0.6670472971262907
0.16536560236373687	0.16609456425770516	0.6685398333785582
0.16650267989500905	0.1649936047713358	0.6685037153336553
0.16551594678064196	0.16741427039114137	0.6670697828282168
0.16587050385745852	0.16656804668407948	0.6675614494584621
0.16598037285681616	0.16540487996679964	0.6686147471763844
0.1665063854125701	0.16657785618558968	0.6669157584018404
0.16682267517500896	0.16626225595177868	0.6669150688732124
0.16661989964942026	0.16589883593438248	0.6674812644161974
0.1651974819367939	0.16555944440401865	0.6692430736591874
0.1658514782911593	0.16617958134821653	0.6679689403606243
0.16650707771432005	0.16517849365018994	0.6683144286354901
0.16695971115836883	0.16514359929502168	0.6678966895466096
0.16684391535458165	0.164961244895867	0.6681948397495514
0.16667166455294902	0.16747345803313424	0.6658548774139168
0.16683413383819407	0.16644743724017647	0.6667184289216296
0.16605893516617598	0.1674571182790337	0.6664839465547905
0.16634360655835093	0.16701061187909683	0.6666457815625524
0.16659119353355	0.16574356453411243	0.6676652419323377
0.16615912700420438	0.16711938062954018	0.6667214923662556
0.16544239084615658	0.1672743561393076	0.6672832530145358
0.1658088475525087	0.16599467904311727	0.6681964734043742
0.165338776716153	0.1654862681091082	0.6691749551747389
0.16531272146980266	0.1653139173780474	0.6693733611521501
0.16539462492181745	0.16653575975746948	0.6680696153207132
0.1657547742416371	0.16723864887471634	0.6670065768836466
0.16711183719356212	0.16616663261757184	0.6667215301888662
0.16692119922738605	0.1657365596442106	0.6673422411284035
0.16563706330025013	0.1658070959855597	0.6685558407141903
0.16518880851260437	0.16597983426049673	0.668831357226899
0.1652830377307238	0.1672657919767244	0.6674511702925519
0.16568915634191347	0.16674872429091775	0.6675621193671689
0.16557500319084495	0.1671443820124216	0.6672806147967336
0.16686737884215566	0.16664137010445018	0.6664912510533942
0.16513062466194722	0.16687376144821867	0.6679956138898342
0.16560021446691253	0.16637754311244968	0.6680222424206379
0.16568149540733396	0.16491403824936487	0.6694044663433013
0.16525536317810527	0.16644349854320845	0.6683011382786864
0.1667623930670739	0.16584350608869944	0.6673941008442268
0.1671248783783897	0.16707602646147662	0.6657990951601338
0.16622810646701042	0.16679158236014635	0.6669803111728434
0.16547401987200416	0.1666671582782846	0.6678588218497113
0.16663324341766317	0.16696302040002303	0.6664037361823139
0.1651885527618321	0.1664932826865444	0.6683181645516236
0.16542122964127068	0.16640179104851283	0.6681769793102166
0.16663903556899876	0.1670944411152539	0.6662665233157474
0.16649257676772156	0.167351122355477	0.6661563008768016
0.1665090546989005	0.16671068639203457	0.666780258909065
0.16554923824407408	0.16602626962453354	0.6684244921313924
0.16701298622325744	0.16616289454140618	0.6668241192353365
0.16606753018626802	0.16546412745214978	0.6684683423615823
0.16707584265769526	0.1663204855863591	0.6666036717559458
0.16589898555526653	0.16695548468804033	0.6671455297566933
0.16538750011588813	0.16628903242066462	0.6683234674634474
0.16514372402125904	0.16603722125899611	0.668819054719745
0.16607103705457715	0.16599054544702466	0.6679384174983983
0.16623039753206487	0.16648577642091053	0.6672838260470246
0.16669870128830822	0.16522268383579392	0.6680786148758979
0.16680882977645287	0.16549441909339413	0.667696751130153
0.1655591915712429	0.16580345030305205	0.6686373581257052
0.16547009585587213	0.16655794998954718	0.6679719541545809
0.165700603070475	0.16556510857288131	0.6687342883566438
0.1658613146411777	0.16683788825795365	0.6673007971008688
0.16507674426010496	0.16643215124081195	0.6684911044990831
0.16689914649161883	0.16638789539602272	0.6667129581123585
0.1669973945813766	0.16534262927897236	0.6676599761396511
0.1668348041795616	0.16634101592093126	0.6668241798995073
0.1669478084334967	0.1655416370781584	0.6675105544883451
0.1669853839792457	0.16623238237100046	0.666782233649754
0.16609109592027474	0.16601508531108677	0.6678938187686386
0.165408691531108	0.16742074685205055	0.6671705616168415
0.16541777102576966	0.16528731069154534	0.6692949182826851
0.1668395217397669	0.1660392108938762	0.667121267366357
0.16712934464223703	0.1651680396853415	0.6677026156724216
0.1662149129202563	0.16703992314535382	0.66674516393439
0.16682372326686265	0.16669435140925498	0.6664819253238825
0.16636171308543632	0.16540269305171298	0.6682355938628508
0.16553618354530664	0.16707849655755896	0.6673853198971346
0.16598852188681001	0.16650631701778748	0.6675051610954026
0.16687686689110579	0.16689813024602557	0.6662250028628688
0.16715386302301719	0.16661807340531393	0.666228063571669
0.16530436996863213	0.16693445960424086	0.6677611704271271
0.16546821549630691	0.16508693963301824	0.6694448448706749
0.16541411364335548	0.1651802223792082	0.6694056639774364
0.16690724615394736	0.1654229457144405	0.6676698081316124
0.16533815930563778	0.1658625386325212	0.6687993020618411
0.16522596494785763	0.16699471954626485	0.6677793155058775
0.1662197936321048	0.16491112581979359	0.6688690805481018
0.1665790389890304	0.16524751623538692	0.6681734447755828
0.1651815444905952	0.1650112513345114	0.6698072041748936
0.1659425794039689	0.1660134745922751	0.6680439460037562
0.16654320325958683	0.16644984559691245	0.6670069511435008
0.16713187145719097	0.16591409089630552	0.6669540376465035
0.16572073067306806	0.16507439960611353	0.6692048697208185
0.16699262172055812	0.16494257062669176	0.6680648076527502
0.1655806379339855	0.16660185184872783	0.6678175102172867
0.1665163151238434	0.1653160898763709	0.6681675949997858
0.16696443184271398	0.16688274265517317	0.666152825502113
0.16639751373989392	0.1651532983897926	0.6684491878703136
0.16675273754704134	0.1662776032486757	0.6669696592042831
0.16619318557945512	0.1658127042623714	0.6679941101581737
0.16670030049550302	0.16672661864498553	0.6665730808595116
0.16581214120586651	0.16545314614663018	0.6687347126475034
0.1667896981271003	0.16521380223042303	0.6679964996424768
0.1660748265229543	0.1668053619271609	0.667119811549885
0.16657423514536607	0.16494302898938795	0.6684827358652461
0.16654693327247408	0.16707988458325096	0.6663731821442751
0.16663794058958356	0.1659006278020958	0.6674614316083207
0.16603162065115115	0.16639704044645115	0.6675713389023978
0.16648402017948946	0.16503697703956766	0.668479002780943
0.16653083221424794	0.16680822993830244	0.6666609378474497
0.16620286259348951	0.16741007024777466	0.666387067158736
0.16528562386375417	0.16641363282672478	0.6683007433095212
0.16621351163925166	0.16634019674402595	0.6674462916167225
0.1664798557251186	0.16744724005679532	0.6660729042180862
0.16528424941928832	0.1668118032148811	0.6679039473658308
0.1661782442327251	0.16664730523197047	0.6671744505353046
0.16614185871684206	0.1673089660900718	0.6665491751930863
0.1669122761027813	0.16669986010766727	0.6663878637895515
0.1662256781094317	0.16566702253705046	0.668107299353518
0.16538206643308317	0.16617959394934184	0.668438339617575
0.1668888761771036	0.16493989759348146	0.668171226229415
0.16588826057614087	0.16552655383402815	0.6685851855898312
0.16599053383264575	0.1666563232944862	0.6673531428728682
0.16653974426246196	0.1664560427652858	0.6670042129722523
0.16633623225753652	0.16729609095180373	0.6663676767906599
0.1661582638141644	0.16650547046618797	0.6673362657196478
0.165837457868525	0.16682343809271555	0.6673391040387595
0.16635327700604902	0.16644350312563982	0.6672032198683113
0.16549103631318157	0.16517138791683966	0.6693375757699789
0.16652350536259905	0.16541391916092554	0.6680625754764755
0.1659084294264106	0.16657874187570682	0.6675128286978826
0.16650502804603137	0.1668334164983325	0.6666615554556362
0.1665135437282951	0.16748154824734213	0.6660049080243629
0.16648637654732726	0.1649520330393356	0.6685615904133373
0.1653434514682813	0.1669694437867619	0.6676871047449568
0.16677505292656292	0.16533749573416712	0.6678874513392701
0.16520309087630491	0.16597647136269536	0.6688204377609999
0.16599169804211703	0.16598738601370785	0.6680209159441752
0.1653088543028815	0.16708146589091588	0.6676096798062028
0.16517235942053027	0.16586665514446247	0.6689609854350074
0.16516820013149075	0.1654213799539321	0.6694104199145772
0.16622144299302125	0.1654747211657105	0.6683038358412683
0.1652313307324681	0.16682048894217816	0.6679481803253537
0.16628306507849033	0.1666863549608888	0.667030579960621
0.16526135707044745	0.16683691827191627	0.6679017246576364
0.16698797673924914	0.16548009343111153	0.6675319298296394
0.16608889032005156	0.16665763954755997	0.6672534701323886
0.16643507694672555	0.16532574154469476	0.6682391815085797
0.1657219513608409	0.16523919129814146	0.6690388573410178
0.16667712559852227	0.16698657643109566	0.6663362979703822
0.1668838042526191	0.16658976651815394	0.6665264292292271
0.16673844713444963	0.16609823942150265	0.6671633134440479
0.1662537278197383	0.16681541076356515	0.6669308614166967
0.1666538626902628	0.16595220676253028	0.667393930547207
0.16633866575599182	0.16672711581430558	0.6669342184297027
0.16663728893224256	0.16571356715634764	0.66764914391141
0.16612865667701393	0.1657100479106114	0.6681612954123748
0.16605955568030617	0.1664390956786656	0.6675013486410284
0.1658650330631215	0.16701691460557017	0.6671180523313085
0.1656992594997968	0.16523162739143998	0.6690691131087634
0.16508330524991302	0.16554214824182434	0.6693745465082628
0.16519528203358474	0.1667923811638557	0.6680123368025597
0.16657904122657363	0.16539627032835083	0.6680246884450757
0.1655979961646713	0.1663526878359522	0.6680493159993766
0.16622515495332274	0.16670809421662386	0.6670667508300535
0.16540488632408884	0.16617268040252026	0.668422433273391
0.16560134129037496	0.16744459934703937	0.6669540593625858
0.16544743199047118	0.1661421515660254	0.6684104164435035
0.16568425096447284	0.1672698810758263	0.6670458679597009
0.16697360536464192	0.16508242347135693	0.6679439711640013
0.16669470973569228	0.16567573145013098	0.667629558814177
0.1661123593643078	0.16675881736170567	0.6671288232739867
0.16591928924893948	0.16542153042479799	0.6686591803262627
0.16528732283237746	0.16698670562953444	0.6677259715380882
0.1651840997564784	0.1672112710421329	0.6676046292013889
0.1657292902896153	0.1654359407336694	0.6688347689767153
0.16636444618681662	0.16526658558625001	0.6683689682269335
0.16518390148328893	0.16664984976448638	0.6681662487522249
0.16594306564243258	0.16729447889988952	0.6667624554576781
0.16530205901393336	0.1649655523014817	0.6697323886845851
0.16518036061648533	0.166674272643783	0.6681453667397318
0.16516705219586997	0.16499750363468474	0.6698354441694454
0.16693476403084784	0.16662893673554652	0.6664362992336057
0.16556013786754378	0.16592270352085028	0.6685171586116061
0.1662426587265902	0.1667957286761117	0.6669616125972981
0.16701919710247515	0.16602095439177933	0.6669598485057456
0.16571532508804693	0.16567076498796812	0.6686139099239851
0.16658388090653659	0.1658367043438381	0.6675794147496255
0.16595946460460922	0.16666316541533155	0.6673773699800594
0.16714015775872476	0.16511163252520872	0.6677482097160666
0.16581451199286454	0.16615184528685398	0.6680336427202817
0.16612253428606819	0.1672042672318667	0.6666731984820652
0.16591557802538273	0.16572335140649785	0.6683610705681196
0.166949050388314	0.16567724715665388	0.6673737024550324
0.16632317589209994	0.16706215422196702	0.6666146698859331
0.16625423504291983	0.16587515022449928	0.667870614732581
0.16612878279486976	0.16544260854866324	0.6684286086564671
0.16620713909918858	0.1671880938315401	0.6666047670692714
0.166655467661974	0.16612166623451557	0.6672228661035104
0.16690570779849673	0.16660394876843293	0.6664903434330705
0.16586074583623417	0.1670930226189497	0.6670462315448162
0.16594206946142864	0.16747682333786418	0.6665811072007073
0.1657318866146252	0.16600171717812662	0.6682663962072484
0.1667480143634516	0.16611535481816214	0.6671366308183864
0.16506690354711304	0.16627295792209426	0.6686601385307929
0.16628425329362603	0.1666038328057758	0.6671119139005983
0.1660148318696923	0.16665416144518636	0.6673310066851215
0.16662832381136622	0.16510046778610865	0.6682712084025253
0.16582166187563308	0.1658138459541721	0.668364492170195
0.16658474470565537	0.16738209268676774	0.6660331626075771
0.16679669213778764	0.16689896035523938	0.6663043475069731
0.16626649067446783	0.1670824889237238	0.6666510204018086
0.1653389429480288	0.16654563091750016	0.6681154261344712
0.16565134638755824	0.16598400271614322	0.6683646508962986
0.16574353216050763	0.1663621801632163	0.6678942876762761
0.1666633675305456	0.16627586557613408	0.6670607668933205
0.16516259289905819	0.16496294182453988	0.669874465276402
0.16676730371748055	0.16499978531089793	0.6682329109716216
0.1664921262571612	0.16611958776648877	0.6673882859763501
0.16519102456257004	0.16719479483481492	0.6676141806026152
0.16579016356737086	0.16499488257360911	0.6692149538590202
