0.22566168664962058	0.05224837525629042	0.3398115229449489	0.1535137287762638	0.2287646863728761
0.22096563338521139	0.052793851971102035	0.34359033833968583	0.16189675759904293	0.22075341870495763
0.23356080698767578	0.08420193640206607	0.32521514293906895	0.14879660882301118	0.20822550484817776
0.22620450326506655	0.09750002119495886	0.30167221941615935	0.16066223440646904	0.21396102171734596
0.22131746326200033	0.12384982375844432	0.29453244073885054	0.15214309765893091	0.20815717458177363
0.22205235954910282	0.10930120217795604	0.3035201595431503	0.14294988556520913	0.2221763931645815
0.25186623970420263	0.09480445700924282	0.28718274387393605	0.15389814114777672	0.21224841826484153
0.22463337456083987	0.07372726376284094	0.3108201020585327	0.16403937297319962	0.2267798866445866
0.23761381724624187	0.11948279717669778	0.28228303942873456	0.1432732197663147	0.2173471263820108
0.22747291257239288	0.07930962903207416	0.3170396027920941	0.16396934350968217	0.2122085120937564
0.2502214378824995	0.058742147780648374	0.30107757424187465	0.15705600511038684	0.23290283498459036
0.23769307667894382	0.08370880780791576	0.3056706044892385	0.1437397706046497	0.229187740419252
0.2206363727787343	0.08402926547786811	0.3180442458316103	0.16231710315857786	0.21497301275320924
0.22454317602093748	0.06367126183725078	0.31364035514890254	0.16407021495275753	0.23407499204015142
0.24031316168298195	0.05527140568042049	0.3209523914102727	0.1583758967249169	0.22508714450140774
0.23300390919661218	0.08102814304778719	0.2941332495402287	0.15048760655855797	0.24134709165681376
0.2402035987226283	0.08613044684225404	0.2996370249801792	0.14761364124924545	0.22641528820569276
0.2232730802091161	0.05737819504471975	0.3461860480835337	0.1618569186293218	0.21130575803330837
0.24001132396940988	0.06882485343674635	0.2883500063905622	0.16282497626198705	0.23998883994129427
0.22108033578911662	0.08092627435104556	0.3213703909425416	0.15302807994802886	0.2235949189692671
0.24033793616827337	0.07895119049893619	0.2958071739369112	0.16064129475943728	0.2242624046364417
0.25735508190971235	0.05311923928812229	0.297475462656966	0.1622174639215062	0.22983275222369287
0.2353004841961611	0.0607445050973805	0.3143551847912699	0.14583743578379443	0.24376239013139386
0.25628163543633176	0.09484148953135259	0.29292870205797195	0.14220100363665145	0.213747169337692
0.23924974325089787	0.0795609953922567	0.30776199562935447	0.1417389912282858	0.23168827449920493
0.22908069512954674	0.05868800699274823	0.32314099273638336	0.1530279628630439	0.23606234227827755
0.22795915777250872	0.07585398608335515	0.3462180436508605	0.14158147053041598	0.20838734196285938
0.22406715849428427	0.07800096085416199	0.30409731005625884	0.15805040652222924	0.2357841640730654
0.2537983107832543	0.0798528859485541	0.28340278573605343	0.15189075338328634	0.23105526414885155
0.25230913433420143	0.05355425707302683	0.33071243542523077	0.15353840568706306	0.20988576748047763
0.2206448340997477	0.05254424614846598	0.3553720031938149	0.143761105436414	0.22767781112155716
0.23035246632247805	0.07447173003832205	0.33197376782492544	0.14713001244668478	0.2160720233675894
0.2374742851213357	0.09095999358275413	0.29347832208212454	0.1495687009953417	0.22851869821844367
0.22721587904016205	0.05459921225396239	0.3451808995445911	0.14395158258762109	0.22905242657366323
0.22444395807561915	0.08016372207842157	0.3322059989454533	0.15137491207307963	0.2118114088274262
0.25401094414041253	0.055149353075415464	0.32350309945533695	0.1472033751766322	0.22013322815220263
0.24360660136512055	0.09613382412074105	0.2898272811893434	0.14262370207729008	0.22780859124750466
0.22450806875601245	0.09086966166498694	0.3097195207700174	0.15679156140881012	0.21811118740017285
0.23948334802082955	0.07350113643201892	0.3116118031656283	0.15971608609459614	0.2156876262869269
0.22974724723543627	0.08173757940663344	0.2979592485034709	0.1460549032024127	0.24450102165204643
0.23807809121297485	0.08973111277126064	0.29739403560973776	0.15167791074485631	0.2231188496611702
0.22819332565222397	0.0505020678939998	0.3366416438965511	0.15789752114628774	0.22676544141093713
0.23404352744087603	0.06350064232001557	0.33033202207524814	0.14621485405944956	0.2259089541044105
0.22841251044782018	0.09802396296927596	0.31241639038952895	0.1480832192269325	0.2130639169664422
0.22258623112382928	0.08697580951256552	0.3035318518525141	0.16122947631509835	0.22567663119599257
0.23492860952896288	0.07897737212857199	0.3130319947949545	0.15029210337506577	0.22276992017244457
0.24099134213704315	0.06471346689283086	0.3361887300399605	0.14138277593640036	0.21672368499376485
0.25760458449455725	0.0658630253472687	0.3234618934124218	0.14403662762956707	0.2090338691161849
0.25407037391742326	0.054627943243078125	0.30440721952664623	0.15146879001825064	0.23542567329460148
0.23731632506599804	0.07008588233529192	0.32170175949398766	0.15914634963687452	0.2117496834678476
0.24718441279872694	0.05771902266706028	0.32252201886364995	0.15174520848004544	0.2208293371905172
0.24975479721217533	0.0753930526309562	0.2895762384963956	0.15044166982433804	0.23483424183613455
0.22742412463598122	0.06823134691684815	0.34567436076748814	0.1456283956792288	0.21304177200045346
0.23190314066015155	0.06565639598092671	0.31076424191228746	0.1514719421500458	0.24020427929658822
0.24413728118142258	0.07042706111300628	0.32684825563669007	0.1455957399559786	0.21299166211290224
0.2336864163320185	0.06446577359075073	0.30946785920453534	0.15098067630418274	0.24139927456851235
0.23373441398247588	0.06622864141867188	0.31171775673904	0.16324242315195295	0.22507676470785903
0.23244216962758568	0.06021548702956822	0.3257208343481622	0.16343784893375446	0.2181836600609292
0.2507572727193729	0.05972975335880487	0.3321248222433796	0.1451243084398631	0.21226384323857925
0.24452695253960183	0.0880592295021944	0.28859819079256577	0.1424201492814501	0.2363954778841877
0.25300810268728263	0.07139754114571989	0.29425976347440075	0.1442208141307712	0.23711377856182528
0.2323593578235014	0.11961514496447088	0.28477696032965727	0.14865958103446048	0.21458895584790974
0.2208622061011682	0.05620821297341083	0.32784395972570823	0.16195611090609033	0.23312951029362222
0.2528701553495893	0.0911160019609927	0.29146314426269604	0.14177749319822747	0.22277320522849423
0.23629425222562872	0.05808718554287928	0.32618468602959494	0.15489107735198046	0.22454279884991635
0.2487939254940944	0.08004025338364362	0.2862552886137139	0.15593743748048186	0.2289730950280659
0.2523988379556683	0.05689460096404572	0.3152127495267292	0.15888629009791977	0.21660752145563683
0.23567062930729143	0.07082130260720404	0.32651993067451957	0.15589369574457212	0.2110944416664126
0.24029583168294577	0.05647753469124128	0.33387290638005956	0.1484804483384765	0.22087327890727665
0.2295337187564412	0.0817414865035347	0.3182283790651721	0.15314469919044787	0.2173517164844039
0.22851473685048324	0.09227445561336928	0.2977659521780571	0.1443680642562894	0.23707679110180074
0.25082275757211225	0.05690816593656578	0.3142888877239859	0.15021297383030857	0.22776721493702723
0.23841801343534805	0.09203012045515115	0.2875525014907574	0.14721514797445812	0.234784216644285
0.2334922456880964	0.08364743419779502	0.3006107120630178	0.15161383978177356	0.23063576826931695
0.24364417972137342	0.0721607336407731	0.3000631023178312	0.1412245373305504	0.24290744698947161
0.22588704627805864	0.10938892783002278	0.30733440545683666	0.14540829874643002	0.2119813216886516
0.23772934311444577	0.051674253278253146	0.326298513055605	0.15911499673433432	0.22518289381736148
0.23869062527708687	0.06533103967902656	0.3071466425803741	0.1476035289875159	0.24122816347599635
0.22271913357247106	0.06248500355052647	0.3399439611876904	0.16157131415319534	0.2132805875361165
0.2198914657207812	0.12127222249916607	0.2902506008879385	0.15820772636314795	0.210377984528966
0.24454821530379575	0.08619010365964863	0.2924246633877645	0.14612520447722077	0.23071181317157008
0.24358495522873502	0.06121131501954502	0.310935120534381	0.14104466804335697	0.24322394117398177
0.2365538077648205	0.07066916171537596	0.3084998829110816	0.16378576742093406	0.22049138018778766
0.25118398951475773	0.07894177860622757	0.2824698569390346	0.15245286667626434	0.23495150826371547
0.2262272840213397	0.10254872766649004	0.3087597326330118	0.1517372644187202	0.210726991260438
0.22149439993734935	0.12296401131835158	0.2895297860586882	0.14482609353030046	0.22118570915531022
0.23012848479506712	0.057340839996250004	0.3250930161605993	0.15968860782040079	0.22774905122768258
0.22957839135988872	0.0873658493482072	0.3008802630547118	0.15471447767597324	0.22746101856121878
0.23602518358564473	0.0562571415961782	0.32506908186271444	0.15144922527690902	0.23119936767855334
0.22722585390439137	0.10050447531165607	0.29438490217922275	0.14827323749618657	0.22961153110854302
0.23375098987513354	0.10664020841644829	0.29396675456228244	0.15344345465590592	0.21219859249022957
0.24240438556529442	0.09119150498095978	0.29909630639528895	0.15779538531293807	0.20951241774551854
0.24320564118271062	0.08999118959316176	0.30801299905905755	0.14224531503573265	0.2165448551293372
0.23493870139028905	0.11809841239515997	0.2830521601567709	0.1422457935409832	0.22166493251679656
0.22486420917116293	0.0869510273097885	0.3028514284071825	0.15034957184940234	0.23498376326246356
0.24915910628184545	0.09960429308254508	0.2822036625316454	0.1522501945176286	0.21678274358633517
0.22860823670232452	0.05807191056165148	0.31077295977477093	0.16370748165189108	0.23883941130936176
0.23492779152440213	0.0614328056942427	0.3231044298131127	0.15263187859193633	0.22790309437630588
0.2404387924477892	0.06921327003336161	0.31438568950240453	0.16036726213161273	0.21559498588483167
0.22535135115977803	0.07691695577341132	0.3275747635239161	0.147809541428177	0.22234738811471727
0.22793858602465117	0.11178394765431601	0.2876551870646622	0.15901883076652834	0.21360344848984206
0.23693538685715487	0.08157526084965007	0.3054409102784134	0.1618456631240687	0.21420277889071274
0.2207913630496025	0.09624432626551564	0.30885796083931005	0.14550849608585367	0.22859785375971786
0.22273166165619482	0.11735676998082951	0.28432114563795957	0.1471060951526601	0.22848432757235576
0.23013636489754716	0.06040535308836148	0.33683620383813817	0.15993106981004182	0.2126910083659111
0.25386715839476454	0.057008268903563086	0.3223130731463578	0.14629497266442132	0.220516526890893
0.24004505100033127	0.11602481349410708	0.28279689764994453	0.14211044698665812	0.21902279086895876
0.24830926106440313	0.051432690664659025	0.32401840813743943	0.1581806679746729	0.21805897215882522
0.2206270805480108	0.08999977284049042	0.2919030861896177	0.15642294277835328	0.24104711764352757
0.2198482500804665	0.07620306391229136	0.301852265900901	0.15911168593688907	0.2429847341694519
0.2520860958177989	0.09746296442254168	0.2927694969370615	0.14404370450113185	0.21363773832146582
0.2555457575577168	0.06677759725438892	0.309202810829142	0.15259696922931368	0.21587686512943832
0.2219945522473442	0.12087084294465736	0.2907383924603234	0.1441220089518506	0.2222742033958242
0.23762859307750925	0.09878903395468606	0.2824615070440562	0.15244285862478416	0.2286780072989641
0.22372181887905465	0.11581470327915896	0.2926326158858251	0.14856655762275772	0.21926430433320335
0.25472769667569345	0.0614783759567519	0.30025738959591397	0.15654094820686815	0.22699558956477225
0.22820874797205526	0.09254813539662939	0.30209945926817816	0.1623460686125286	0.2147975887506084
0.2206363077428419	0.062360145875619	0.34402587101639037	0.16040730160426325	0.21257037376088522
0.22406428845102733	0.06749480690099771	0.31972703440073735	0.15452172690058613	0.23419214334665123
0.2446878553329474	0.08082066513083373	0.2965872905563508	0.14980036972114055	0.22810381925872725
0.2353473260970687	0.05392629966550186	0.35141782449860365	0.14259912916561324	0.2167094205732123
0.2351854736435972	0.0725514540143759	0.32716153751898674	0.14958490841496747	0.21551662640807248
0.23106922215058642	0.06239287230569246	0.312530056467305	0.162428525385383	0.2315793236910329
0.23389117183630814	0.0678733202166798	0.3071093911552895	0.15578203908697885	0.23534407770474347
0.22942944942421858	0.09904186469196742	0.31555627525239	0.142479539392495	0.21349287123892874
0.2408574019526362	0.07645446615826614	0.29101650481367347	0.1561870323980134	0.23548459467741054
0.222227046952739	0.05822960795602086	0.3423582618230737	0.14627691120602856	0.2309081720621376
0.2533239379414155	0.05990091391605337	0.29423358929731425	0.16186076827762985	0.23068079056758675
0.24465426435015475	0.06838157234701966	0.31497553219541874	0.15522199064322312	0.21676664046418348
0.25500016167544937	0.05127751163008287	0.3259080945727689	0.15296911311765699	0.21484511900404163
0.2536775080052355	0.05607632288843056	0.32177822298847375	0.15679713093343656	0.21167081518442335
0.22420260451873547	0.10764411000848795	0.28518622995293896	0.15185262287065943	0.23111443264917797
0.22568912784342268	0.09572591636465097	0.2976388069267316	0.14360628622016894	0.2373398626450256
0.2540293954227276	0.07891964566391631	0.2901859548498479	0.1587246730185816	0.21814033104492636
0.2474438965439962	0.0729502176891576	0.28697393923265324	0.1524370330009005	0.24019491353329217
0.23842732573685882	0.06134394065244639	0.30200239979471655	0.15879595047340556	0.23943038334257238
0.2310917665535014	0.09771116014097206	0.2854006658250945	0.1571102829857157	0.22868612449471615
0.22571410252214463	0.12239366994032104	0.28516812530017294	0.15350795518760638	0.21321614704975475
0.24761919314058123	0.06605904215041936	0.3057663641046001	0.14467929004355162	0.23587611056084742
0.23850291888925082	0.06041048982476663	0.3298081508612213	0.14867500229341418	0.22260343813134686
0.2503625521334837	0.059329633527198944	0.3167180850994178	0.15836126430599523	0.2152284649339041
0.2412244890474773	0.07811457331388046	0.3211444463294636	0.14982065516944398	0.20969583613973447
0.2471625052920077	0.06221496699434209	0.3056816858921277	0.15265480217220712	0.2322860396493152
0.2233958114591444	0.06946985528069599	0.33437469631637406	0.14478660947091454	0.2279730274728708
0.2355898236449994	0.07314976355358674	0.319413038686844	0.16366462619739924	0.20818274791717037
0.22240406866022827	0.08926264403212658	0.33169749388279446	0.1445724542581012	0.2120633391667493
0.2462594391361951	0.09940653348033694	0.2865157349401648	0.15006757060874576	0.21775072183455707
0.2301414992147311	0.09024083499248818	0.3043770573230325	0.1533929155885982	0.2218476928811498
0.2231245168367944	0.10216683092947075	0.3130541221761982	0.1436201014702248	0.21803442858731162
0.251184221877351	0.06494729767815591	0.2998556874388367	0.16388903113014092	0.22012376187551516
0.23467137015507916	0.07425338311175234	0.3393212775333664	0.14111233161831394	0.21064163758148796
0.25519071797356896	0.07890468878542824	0.30319371321999544	0.15359665329943262	0.20911422672157443
0.253721673948305	0.05790874303164151	0.3167126982623323	0.1423086897499352	0.22934819500778572
0.2523784123910058	0.07422944861175071	0.3053384625032063	0.1595935080902134	0.2084601684038236
0.22499516743628517	0.07583644251474235	0.3102318401364819	0.1585927182988362	0.2303438316136541
0.24152195353667533	0.10077878649157594	0.29328093080654677	0.14101357531654624	0.2234047538486555
0.23138887721637386	0.06593379133452024	0.30262080108801925	0.1625236518037691	0.23753287855731736
0.25034987354754157	0.06749910615109381	0.31275877967464727	0.15947022178239673	0.20992201884432035
0.2539606560951048	0.07910859285441688	0.29684565788785217	0.14726642392231357	0.22281866924031232
0.24005674357243403	0.0669878996341243	0.3184578708680583	0.14484315775107207	0.22965432817431103
0.23608254953242755	0.10729304320028017	0.2823852116019973	0.14913524442915438	0.22510395123614035
0.24268332205817608	0.06301188841709654	0.31315816003120134	0.1572548734708077	0.22389175602271807
0.22895431565459184	0.10823231013874397	0.2851082797495621	0.15240050554291545	0.22530458891418637
0.23879993915008527	0.070823283935598	0.3085442019864927	0.15242567390945658	0.2294069010183672
0.22020328637211836	0.0631223434547652	0.3378329260729138	0.14113146666276932	0.23770997743743305
0.23330116543654467	0.055588228095488745	0.30713832387268386	0.16305854112042628	0.24091374147485617
0.2307867427706173	0.06077232197445795	0.3126597694037111	0.15679844975190382	0.23898271609930954
0.2570304048300774	0.07818683484071978	0.298003726318634	0.15390480297135584	0.21287423103921277
0.23269948297334064	0.05410993640266687	0.3376250213472198	0.15262523755244722	0.22294032172432518
0.2554058606093841	0.07153145344334619	0.287813337224507	0.15442147154759037	0.23082787717517206
0.23059776723353867	0.06431981026207534	0.33907637638697297	0.15096450662606434	0.21504153949134838
0.22434978179217313	0.09122523450087167	0.3186752954081493	0.15091861462675688	0.21483107367204873
0.22253014882755337	0.06318156374614231	0.35294173453145783	0.14656284929780977	0.21478370359703644
0.22406977776977963	0.06346398985585566	0.3371501419593186	0.16206950786664379	0.2132465825484021
0.2266090786318019	0.05900070002691388	0.3519009133815487	0.1526409581246149	0.20984834983512032
0.23081653123142307	0.08085746329675235	0.32305005891948535	0.1533420217591323	0.21193392479320666
0.22598994963883878	0.07337075908883475	0.303751752657757	0.15385187650030993	0.2430356621142593
0.2383973257365786	0.05429652810388019	0.3119271852644374	0.15526984139754077	0.2401091194975628
0.2246530932244748	0.05431907350376061	0.3406086844529418	0.1449990384828163	0.23542011033600627
0.2410253733544273	0.0705767213207382	0.2956977654622202	0.16025852647039857	0.23244161339221547
0.23825849881449446	0.05582509691867177	0.32375411807039595	0.16145044080416351	0.22071184539227406
0.23086071511148928	0.07486264760962846	0.2977684089645819	0.15479182408465894	0.24171640422964114
0.23296077891011346	0.09269455679424025	0.2949963502893867	0.155072340209711	0.22427597379654832
0.2530065482290765	0.06079492305336018	0.2989735325028018	0.15179698244836853	0.23542801376639275
0.24234675612391735	0.06983099592809805	0.3181374058757166	0.14873118992551265	0.22095365214675514
0.2226510346299735	0.05947839643276143	0.3397618353308268	0.14902993573818482	0.22907879786825322
0.24606643993151756	0.06242766296269911	0.2990609791541328	0.15752388409387016	0.23492103385778007
0.22762609525297223	0.07802704721350849	0.30636934572045194	0.16082815285276686	0.22714935896030028
0.24617897622922727	0.07509416735400885	0.29761100324055495	0.1504867863990122	0.2306290667771965
0.24523758280724461	0.06215867821528073	0.29860832188014075	0.15440938775926755	0.23958602933806614
0.24126537844405815	0.0883801220178162	0.2889119173096972	0.14749131206729768	0.23395127016113054
0.24854109907641425	0.08169722662191364	0.2817092483569624	0.15717945237517	0.23087297356953937
0.24678835639014451	0.06242063704696296	0.31426564577626276	0.1462809873947601	0.2302443733918694
0.2400955052840058	0.10451482319898649	0.29829301393792457	0.1484754114163812	0.2086212461627017
0.22354554697943488	0.08951041298746928	0.3177874330184244	0.14561212048409572	0.22354448653057551
0.23122566060311006	0.0924087441049863	0.28442914433483524	0.1491715354179827	0.24276491553908547
0.2485849993108525	0.0716573543020618	0.3035173568784792	0.16200658891719125	0.21423370059141497
0.249820369507164	0.0883664143735017	0.2965960460339227	0.14251900915338817	0.22269816093202316
0.22071425873233194	0.09603178753762388	0.31539377773451527	0.14604848489981342	0.22181169109571525
0.24625400708376577	0.0866423314407562	0.2893225682675866	0.1570974717256054	0.2206836214822858
0.25307481353389805	0.05510671921620508	0.3085206025061715	0.1515192443709643	0.23177862037276073
0.22919683376542183	0.07073445258147412	0.32348643115981524	0.16170494717924822	0.21487733531404035
0.22910906705204748	0.08304455000652085	0.32872997116434366	0.14161742590379559	0.2174989858732922
0.2260099159754071	0.06323628462092973	0.32775506376308405	0.15884652291408174	0.2241522127264971
0.22640191674099575	0.06559570660755354	0.3321545737267433	0.15646208995776528	0.21938571296694187
0.25382930057274306	0.05661827339226569	0.3060502861593597	0.15373249003527506	0.22976964984035622
0.23323752193973857	0.09491655083887406	0.2876941071498845	0.15663848515741902	0.22751333491408354
0.2226633721807664	0.08709180482053681	0.3377121650354451	0.14103167338475786	0.2115009845784936
0.23790315075941768	0.0962026151634364	0.2861594478509333	0.15993428524030143	0.21980050098591095
0.23363473147856056	0.05651383712763405	0.32260653806432416	0.14831271466072873	0.23893217866875227
0.2493098687608574	0.05916318599865897	0.2994792271682803	0.15786781785263387	0.23417990021956925
0.22232978442955204	0.09415804314945146	0.2825009736965055	0.1636633965454416	0.23734780217904913
0.24820326515467298	0.08998182594862783	0.28515079533749044	0.14442425891159294	0.2322398546476156
0.22974998047594428	0.07752275860627426	0.33202042526984354	0.14964408297949666	0.21106275266844104
0.2227279074867758	0.07692724814665262	0.32862745250571834	0.15392907557763455	0.21778831628321849
0.22060051149965065	0.05106017599435858	0.3468652761429206	0.14105913052998464	0.2404149058330852
0.23450561619985852	0.06977770897091173	0.3137141902555725	0.1583007040841487	0.2237017804895083
0.2339000592181057	0.07371465494391558	0.3214515158345785	0.1540514596541939	0.21688231034920613
0.2230048514424115	0.09717953325830285	0.3237777949411963	0.14377866078307622	0.2122591595750129
0.23351275846892908	0.06995526778076736	0.3170227847038012	0.14310237420775768	0.23640681483874448
0.25374656340263224	0.05258129269725656	0.3232863023325856	0.1538349624187646	0.21655087914876078
0.23996452821091904	0.06709759415618133	0.29242166347606624	0.15822541342387414	0.242290800732959
0.2362887657055966	0.05100842483702439	0.3304591288002594	0.1516474715019549	0.23059620915516443
0.23071101055568702	0.05298761564627391	0.3150260766221789	0.16414656684465787	0.23712873033120208
0.25433630643346516	0.06968056342714055	0.3081391159100233	0.15218020058652001	0.2156638136428507
0.24903799269328072	0.06704027586458744	0.33176087402200105	0.14306769555381002	0.20909316186632051
0.24371379988425915	0.06370757785998143	0.319444743599632	0.15062852715686578	0.2225053514992614
0.2271908624803683	0.074969016200847	0.33070889348215543	0.15091739106961893	0.21621383676701011
0.22751891615081002	0.07681389433839696	0.32376954024703297	0.14880814753872887	0.22308950172503098
0.24729667576501804	0.05837204664014689	0.3200402704615223	0.16211824517897178	0.21217276195434073
0.24238091753244986	0.06259456943252073	0.3138374596264379	0.16208727304354806	0.2190997803650432
0.24541858842600797	0.054701742920640506	0.3133026515856608	0.16113955298614688	0.2254374640815436
0.2492581510722111	0.09363341899635699	0.2841542920230538	0.14709664480499085	0.225857493103387
0.23264883184913646	0.07388043081186374	0.3121278618306593	0.15345541337326005	0.22788746213508015
0.2460684287401512	0.050710045542763815	0.31554645673269566	0.14523188736735942	0.24244318161702968
0.23755497817751176	0.08398185330836307	0.29904374356012786	0.15950402897993254	0.21991539597406456
0.22820176861663152	0.11060771063429657	0.2880672231769737	0.15053858001087886	0.2225847175612191
0.22170341069353933	0.05990394220856643	0.3359034687943779	0.14623986061281163	0.23624931769070445
0.23387352240494086	0.09539355686787615	0.29869343695508865	0.15275176017240372	0.21928772359969037
0.244823820639424	0.05894963913729653	0.29742189502485156	0.15814025391967032	0.24066439127875736
0.24564927349320317	0.07367589713889866	0.31028987739259295	0.1551171983475636	0.21526775362774137
0.2220748232864443	0.10385763843808246	0.2866230523149752	0.1567963923883225	0.2306480935721753
0.22698519077000667	0.09416644663960706	0.31585305318929235	0.1483180664883395	0.21467724291275414
0.22725979129579216	0.061820814264343854	0.3170443175000788	0.16420571839217504	0.22966935854760998
0.250669867187609	0.058243307814235645	0.3144523537377941	0.15094713756176315	0.2256873336985978
0.2497854752928513	0.06930781896813085	0.2845959749040665	0.15373066032416197	0.24258007051078911
0.22245548227310413	0.09345310714771338	0.2960049894782584	0.14800757575844053	0.24007884534248333
0.2213980160643968	0.07948682111524046	0.3234400981279664	0.15501841846087483	0.22065664623152126
0.23455077066847105	0.06350565424352009	0.34638396019078166	0.14168704632408718	0.21387256857313977
0.2483457519091508	0.09628464960617684	0.2882678757796257	0.15656009812351335	0.21054162458153305
0.23997265092184622	0.08555631375246964	0.2915581662393878	0.15603931129702087	0.2268735577892753
0.2551907252811601	0.06293198525761748	0.32114725439375624	0.1462225435210825	0.21450749154638338
0.22582198720317376	0.0743244704228884	0.34071339252128424	0.144465489587635	0.21467466026501839
0.22016371395322126	0.09936066317783926	0.29505136553294103	0.1581532793296545	0.22727097800634363
0.2407759392247366	0.06745752364916308	0.33636210676663125	0.14418350541057412	0.2112209249488947
0.23240980698934383	0.0769957045633371	0.29043644450043316	0.16404112859867193	0.23611691534821372
0.2564399685651955	0.05432638562098968	0.324311419408877	0.1565018916480837	0.2084203347568539
0.23130981369049589	0.11589245366241355	0.2964676008844685	0.1432785447227985	0.21305158703982335
0.24443797335531897	0.05696862291692778	0.3219321404499841	0.14546834182817042	0.23119292144959847
0.22209911390682852	0.11351018214543267	0.30624875660151035	0.14772349864188689	0.21041844870434134
0.23228466929040717	0.10505913668576171	0.2910335117637926	0.14183789413935333	0.22978478812068492
0.23795942512046006	0.10612566392472574	0.2909103418045184	0.1434475393390393	0.2215570298112562
0.24723667105032304	0.09192840725824758	0.29126687526610673	0.14942725210037633	0.22014079432494604
0.2204226605831615	0.06291636975807346	0.3524830862974954	0.15363565626988712	0.21054222709138226
0.23540793806948934	0.05578389404796061	0.32699893296853194	0.15225363476430004	0.22955560014971782
0.22548817278415456	0.07077492376909228	0.3314792452605021	0.15593065601280334	0.2163270021734475
0.24149167746453185	0.10287565627676819	0.2880749763052714	0.14962751870531582	0.21793017124811248
0.23933883241601867	0.06872839180054777	0.3106764199832487	0.15586829007377023	0.22538806572641443
0.22327700771640344	0.051179422864456925	0.34126014962294327	0.14442229791105887	0.23986112188513725
0.24520644294205268	0.07647668898356151	0.31450265321421667	0.15556855866701264	0.20824565619315627
0.24816682446900207	0.05242535702650156	0.3263066406633074	0.1608079117999074	0.21229326604128135
0.24667276230693136	0.06985464438735473	0.3267685445366537	0.14492430149303598	0.21177974727602394
0.22568873715403387	0.07564826843450109	0.3306107079752788	0.1531922734840202	0.21486001295216575
0.2380669535728015	0.0652176367637291	0.30635399162704186	0.1475699235072154	0.24279149452921192
0.2399801567876244	0.10274127958983884	0.29404791364769134	0.1493121192148717	0.21391853075997344
0.2316890447709377	0.059179654372010865	0.3266304806135538	0.16142106796234218	0.22107975228115526
0.24928615900646334	0.053948670298118756	0.3417097975818127	0.14525127443424835	0.20980409867935668
0.23365548495048624	0.11548851705416308	0.28820828380263624	0.1426619735712879	0.21998574062142626
0.24298270665052937	0.09404925166874938	0.28772532483990043	0.16281797221714017	0.2124247446236804
0.22470488173004896	0.06684808100096212	0.3301533256765876	0.1594225435655029	0.21887116802689816
0.22659578588655938	0.10707478771400232	0.28949648456579485	0.1455024074309635	0.23133053440267975
0.23735591755810248	0.057237003317694296	0.30842698770792687	0.16417287165768665	0.2328072197585895
0.2290239626719823	0.05277245712173023	0.3286751503179078	0.1478767443419105	0.24165168554646893
0.2383010147525177	0.07159831579628603	0.3084338198929727	0.16088665074455233	0.22078019881367097
0.25170853326433495	0.08080413392823814	0.28817826822557546	0.1551803447883939	0.22412871979345733
0.23122628034130221	0.07171553767229824	0.33716193101944736	0.1498445940057552	0.21005165696119674
0.2352638634762143	0.0740143655776114	0.33262754803987654	0.14831941063940138	0.20977481226689615
0.224680515623171	0.10781191969123885	0.2957850106941033	0.14280311981606794	0.22891943417541868
0.23018724234062612	0.09524911029713697	0.30461124033580717	0.15677681047708733	0.21317559654934218
0.24941549951322303	0.0919238724848092	0.2850438960836492	0.1606076374827488	0.21300909443556945
0.23771001046951995	0.09484708977989703	0.3087247539150656	0.14865149818237564	0.21006664765314148
0.24314472985944519	0.05421311071471602	0.3125344700868516	0.1617311721684639	0.22837651717052304
0.22375212743868678	0.09246960028782511	0.2966803056238837	0.16126236684288386	0.2258355998067203
0.24651844400790532	0.08743718401422781	0.3010318877654238	0.14467741485224678	0.22033506936019603
0.22230509877448718	0.10852929721318126	0.29818979206284457	0.14839716342412881	0.22257864852535797
0.22522161212073066	0.10194199608287695	0.3024133408448543	0.15239022307991323	0.21803282787162465
0.23660443852602991	0.10145260734032954	0.30133869895025256	0.1420753874655158	0.218528867717872
0.2202284090354345	0.10691491611137781	0.30596136729161805	0.14531850513263944	0.22157680242892996
0.244035462438759	0.061367504852352095	0.331671990017121	0.14891348475849348	0.21401155793327414
0.22002929420555595	0.08301123019402414	0.31392153234879616	0.1600513139581788	0.22298662929344473
0.23390767122795228	0.06078961025502372	0.3044475551525079	0.15681236642798174	0.2440427969365342
0.23367694260482613	0.0957009204083406	0.2901262665310237	0.14793938130398826	0.2325564891518211
0.23486488419656384	0.09090433489194935	0.3032084103353968	0.1573508372145128	0.21367153336157696
0.24183256407341627	0.0791807597413899	0.2965697222844608	0.14406486095148488	0.23835209294924786
0.23410983498588533	0.06650950744656015	0.3143986605496956	0.1476951738879233	0.23728682312993538
0.22164304900103354	0.0903545178386638	0.31466006432194527	0.14497863012230292	0.22836373871605423
0.22715302580863944	0.10838606887063967	0.28831091123312746	0.1485635194346893	0.22758647465290385
0.22908469639385945	0.11050265484440064	0.2819156287876906	0.15798151840427757	0.22051550156977154
0.24700982853879555	0.09062461529214351	0.29710094414532634	0.15208225905620865	0.21318235296752566
0.22729609621571278	0.1068642149738489	0.3047707081608083	0.14334462262402073	0.21772435802560902
0.24646402354721042	0.05544896207823802	0.29897269562843554	0.1607000814997308	0.23841423724638494
0.24681240238745	0.07147048623991553	0.30432559782653124	0.14594025456492937	0.23145125898117358
0.2384960517694844	0.08170477267318617	0.2887967188569971	0.159904643658975	0.2310978130413571
0.22670976069361568	0.09195445121828076	0.32104769437258385	0.1487822963120851	0.21150579740343442
0.23464832829898338	0.07090894392827096	0.3242726384127466	0.1544853176566231	0.21568477170337563
0.2364235712380089	0.07336481889224478	0.29982880155906844	0.14592203839682763	0.2444607699138501
0.22384071805876515	0.10016762608454666	0.30604044563237126	0.15471021220110828	0.21524099802320837
0.22341901148352378	0.08835486268431024	0.3159933861233935	0.15027619112336915	0.22195654858540306
0.22647859517511237	0.05626859529194986	0.3240426162693967	0.16014898163414815	0.23306121162939267
0.22026753606309832	0.08811569190114354	0.320964745399548	0.16118162747320858	0.20947039916300128
0.23601990569420955	0.050712098289423496	0.3157761255776959	0.15375859664746702	0.2437332737912038
0.2219097846873061	0.07926678828249684	0.32164916786570363	0.16110425709092327	0.21607000207356997
0.25726070477566987	0.0578044790837115	0.29379886070149375	0.16041611033094147	0.2307198451081831
0.2462951953154361	0.08178144860320294	0.2964397558254185	0.1437656800022694	0.23171792025367277
0.22650219087237827	0.07800812987313929	0.3220243245653172	0.14680150208529366	0.2266638526038713
0.25122297324041637	0.062406888144296735	0.2984661971204111	0.14328811769320826	0.24461582380166727
0.2204274942187243	0.10439862518417467	0.31070575561138897	0.14757208468899033	0.2168960402967215
0.22446620993170557	0.1063915755755877	0.3037175810515127	0.14593402183085255	0.21949061161034125
0.23989957950266588	0.06817493785152418	0.30105069502931464	0.1480836512224118	0.24279113639408328
0.2411641797156158	0.08704725695029449	0.31324472790033964	0.14352938302638957	0.21501445240736025
0.222445788568751	0.07692024512847474	0.3097312376121968	0.1500171073095153	0.2408856213810619
0.2253232295090547	0.07323091388280739	0.3150839700843163	0.15496219781157888	0.23139968871224248
0.2406434652254086	0.06327444515075592	0.3180528119263527	0.15381500750278337	0.22421427019469914
0.25332243668317256	0.0941712223425369	0.28789206728692773	0.1486938933858306	0.2159203803015319
0.23265497417809206	0.08048967426386726	0.28747972074912487	0.16036080504228664	0.239014825766629
0.24441925586672747	0.06630610619622634	0.31550370228151386	0.14908278955863052	0.22468814609690155
0.22603655693230543	0.08760668852611389	0.29065490507281455	0.16044152721872473	0.23526032225004118
0.24314782308380345	0.07006851337137754	0.2875591120692702	0.15642665860475466	0.24279789287079392
0.24433837585263796	0.05589433117455403	0.31357810176835843	0.1478470301425444	0.23834216106190495
0.24211324096030742	0.0929376852927857	0.28295060529950067	0.1600792419983375	0.22191922644906847
0.2241537897984558	0.07443172405284085	0.3155742925520595	0.14184282514749147	0.24399736844915215
0.24385919674410506	0.10512435844287737	0.2825501764690934	0.1414887428750785	0.22697752546884536
0.24910925961960168	0.06766519638134494	0.2994161022310296	0.15875676796425975	0.2250526738037638
0.22300370837181518	0.08535937513068974	0.30810950010718907	0.15943708888845493	0.2240903275018509
0.2387865378309638	0.07573654372792242	0.2947213226835278	0.1476031264110848	0.24315246934650092
0.2201944354948716	0.054948941054142914	0.35132503922664793	0.15592211347297863	0.2176094707513587
0.23620251647884757	0.1048134159849465	0.2938404462309293	0.1432805460420848	0.22186307526319157
0.22173836652683881	0.06686924832130642	0.3162479356594076	0.15055417076699645	0.24459027872545047
0.23782857316604222	0.054733798428690805	0.31506395863090186	0.148312789969474	0.24406087980489083
0.2422262925784483	0.059768666366807194	0.3180509291900093	0.1604556900924086	0.21949842177232637
0.22435658859374907	0.053678503193021476	0.3474449301753347	0.14320388836890335	0.23131608966899114
0.2338952240557089	0.0687555697721321	0.32265618295591036	0.14587280798615207	0.2288202152300963
0.23674114657095435	0.055077775121866124	0.33008748928830006	0.14122295121582307	0.23687063780305617
0.230515719030078	0.07553416675045127	0.3091443256958949	0.15643216702470042	0.22837362149887513
0.23009062307148476	0.09561943134222463	0.2860714289026707	0.1560243391369277	0.23219417754669197
0.24275218849392902	0.0634856716132415	0.3178621279449935	0.1555320813256857	0.22036793062215002
0.25286368618646227	0.09921682359101196	0.284955702387682	0.14642156890286073	0.21654221893198275
0.22005115799649783	0.06810223168121515	0.3278830204565696	0.14333653014340053	0.24062705972231663
0.23827761161358257	0.07937800237447148	0.29450897717729274	0.1549516550827681	0.23288375375188486
0.22873741315010895	0.12524846397773526	0.2904983467309981	0.1410873340714785	0.2144284420696789
0.24675724239332944	0.05863517768079443	0.2985297154945313	0.15941655217667636	0.23666131225466827
0.24487075529387609	0.09260527279656593	0.3042455799746374	0.14106844895618809	0.21720994297873222
0.23465483111790306	0.09092235225540837	0.28715833358139	0.15720227816674948	0.2300622048785489
0.23479713943143557	0.0661686451432476	0.3109000405554773	0.1568554282378929	0.23127874663194634
0.24022701175072353	0.08748274946408226	0.2984288054049391	0.15721568447356846	0.21664574890668642
0.22786207965252472	0.05611941828079839	0.3463960312052171	0.1411799936810434	0.22844247718041613
0.22590384393293256	0.07820490289701255	0.3031728465539051	0.15952195133416874	0.23319645528198088
0.22725368846167202	0.0985818353191296	0.2979436088212194	0.1614917845864425	0.21472908281153627
0.25443011714599517	0.08395095829489599	0.28358992476743905	0.14336280019761027	0.23466619959405927
0.24832874971294294	0.06652583436822307	0.3292249632208468	0.1431214977400345	0.21279895495795237
0.2400680390581417	0.051541849019877684	0.32432389714924703	0.16192800710627903	0.22213820766645437
0.23025598137955045	0.11562070020639328	0.2841361467421754	0.14929893400302505	0.2206882376688556
0.25224904604154713	0.10402018587732154	0.2847538723184354	0.14768699109009442	0.21128990467260128
0.23965843797704067	0.05244194205497252	0.33073868169607323	0.152820791807891	0.22434014646402237
0.23575181180052115	0.059135270063953554	0.32275892374300696	0.14807383628434972	0.23428015810816832
0.2416800376537971	0.059761051128330384	0.3317362250005319	0.1420749166356597	0.22474776958168072
0.2348520710431294	0.07668568422799972	0.331483667088604	0.1473749843932988	0.20960359324696778
0.2365030299419082	0.09219322300114186	0.28519461436241134	0.153575951525215	0.2325331811693234
0.256816983119761	0.07372512703105166	0.2971641509012549	0.15489890820294955	0.2173948307449826
0.24628046800979414	0.050706584658073706	0.3114127776899201	0.16302751368259316	0.22857265595961868
0.2333455441256968	0.07184558465177651	0.3193749909201908	0.1501050014782591	0.22532887882407657
0.2543073947268355	0.07097037422457134	0.2869102061093582	0.14778534224962225	0.24002668268961241
0.24905978053850528	0.06860390742637884	0.29121691017301105	0.1547976397309278	0.23632176213117675
0.2267362842590323	0.10543484461543678	0.2990850185619368	0.15847474799658112	0.21026910456701275
0.22991534062619928	0.07318868503163678	0.3336358705530873	0.1534433126428827	0.2098167911461937
0.2211527016645808	0.10772329529734218	0.3023148352713912	0.15480712262350396	0.21400204514318166
0.2428131259755295	0.07652672511255915	0.31024877143914265	0.14793062947513055	0.22248074799763787
0.22842411059893286	0.09006324983606823	0.2827805562198618	0.15538875640516164	0.24334332693997524
0.25237431902843777	0.08735301596673124	0.2866027105406418	0.15222915441491972	0.22144080004926925
0.23387272985853824	0.10761376488317356	0.29475807706164153	0.1528377917072662	0.21091763648938022
0.23926381896595	0.05482280898132247	0.30373871308979133	0.16340453841755403	0.2387701205453819
0.2460249158843468	0.07287937250389448	0.3108784141220527	0.14175086842280604	0.22846642906689973
0.2458996553465891	0.08020778039347613	0.29533442095437745	0.1615366384778929	0.21702150482766414
0.25022297883420447	0.0676025833726436	0.2933325654201612	0.15512940762027697	0.23371246475271354
0.22978536017632478	0.06552852984992971	0.32229371613399915	0.15859879095870622	0.22379360288103992
0.23119520257331186	0.10045141459776302	0.28895729889471033	0.1583840661094904	0.2210120178247241
0.2203027123559361	0.11360443689456491	0.2940685420009608	0.14637781436988714	0.22564649437865084
0.24555371331936884	0.07556286089934983	0.3077104190848029	0.15282215752341047	0.21835084917306768
0.22546004519096857	0.11911870606121291	0.287445561005803	0.14962487188201262	0.21835081586000268
0.25149056987792856	0.05955807061252941	0.32557144593508336	0.15229535946045145	0.211084554114007
0.23869146045468254	0.05476928256639349	0.3264195501431846	0.14327054770090794	0.23684915913483115
0.2457771908018579	0.06685434206770971	0.3161692738302425	0.14551019378402133	0.22568899951616828
0.22942711117589043	0.09216908971655087	0.3174905500866268	0.1485735021594624	0.21233974686146925
0.22130630704152565	0.08377622504020436	0.3051672988423363	0.161544749901232	0.2282054191747015
0.22358328563735672	0.07917366624218855	0.2949197028759132	0.15779083076676093	0.24453251447778038
0.24354075467542838	0.07938794579495681	0.2934096992109314	0.1572595756740472	0.22640202464463594
