0.18823253007683746	0.2699113166412106	0.541856153281952
0.18579978160134078	0.25911935786286255	0.5550808605357969
0.18099965920201233	0.2710538886317951	0.5479464521661928
0.19076357603722094	0.2691868849408602	0.540049539021919
0.18896575536530577	0.26812256688369374	0.5429116777510006
0.1958134176870097	0.22903258259724757	0.5751539997157429
0.18117317486871018	0.25981149067306897	0.559015334458221
0.19997544018698882	0.25005674997213445	0.5499678098408769
0.1780735577287555	0.28473941426846827	0.5371870280027764
0.19913473181382857	0.23115251803637518	0.5697127501497964
0.17897513587997854	0.2616411142706127	0.5593837498494089
0.19119285637880035	0.2220755256234747	0.5867316179977251
0.1944855240991245	0.2147925443231369	0.5907219315777388
0.18390789911560115	0.2684091014055468	0.5476829994788521
0.19596574407325376	0.22351238268137003	0.5805218732453763
0.18209378968003723	0.27103175724626605	0.5468744530736969
0.18806706155894354	0.25210549672884963	0.5598274417122069
0.18005121627386586	0.26897752033998146	0.5509712633861528
0.19057437778887318	0.27488976642777346	0.5345358557833535
0.19226619211381138	0.2624011780000217	0.545332629886167
0.19199364106788094	0.24496879212890812	0.563037566803211
0.198833148475676	0.2170246797934444	0.5841421717308797
0.19713629720925485	0.23703435292729164	0.5658293498634537
0.19278864500060222	0.24217916133497946	0.5650321936644185
0.19431663780658626	0.26959558392341204	0.5360877782700018
0.18607305484332393	0.259342937198658	0.5545840079580182
0.19785802027964072	0.22391470459736235	0.5782272751229971
0.18469295552140633	0.24439172256078118	0.5709153219178127
0.18757590514995123	0.2695825376636768	0.5428415571863721
0.19101404647619785	0.2700862271554829	0.5388997263683193
0.19351717221477377	0.2610014527245915	0.5454813750606349
0.18552179738723268	0.2327990722283126	0.5816791303844548
0.1853491182360464	0.22524621464606193	0.5894046671178919
0.18832836637401912	0.23945155015284758	0.5722200834731335
0.17872204963096675	0.24118972387338972	0.5800882264956436
0.18988136685764026	0.23889137880243286	0.571227254339927
0.18439506194993954	0.2624871965805629	0.5531177414694977
0.18066245558649766	0.24978524005011815	0.5695523043633843
0.199755248985313	0.2271019167784546	0.5731428342362326
0.1958295972279564	0.24322810652329022	0.5609422962487536
0.19819167737167087	0.26808179891504114	0.5337265237132881
0.18861930700341856	0.2281900655789979	0.5831906274175837
0.18765072825624213	0.23943468591334316	0.5729145858304148
0.1953593591783357	0.24359373968344394	0.5610469011382204
0.18517704764245108	0.2385422290806305	0.5762807232769185
0.17988956297922348	0.23875226301952435	0.5813581740012523
0.198629208106115	0.2528139273728247	0.5485568645210603
0.1834435292612254	0.2336405185115895	0.5829159522271852
0.18237526627465916	0.24849313575484805	0.569131597970493
0.18188648241076996	0.24036001288819944	0.5777535047010307
0.19678050525215568	0.246712934451959	0.5565065602958854
0.19417129582295412	0.22873045801369202	0.577098246163354
0.18823117568537828	0.23546077810771995	0.5763080462069019
0.1909436201209724	0.2328419863481044	0.5762143935309233
0.1798994278299446	0.23502479587365854	0.585075776296397
0.19902450028432428	0.25467466464957444	0.5463008350661014
0.17797229642501095	0.2301611736644802	0.591866529910509
0.1825557885421783	0.23411818907528842	0.5833260223825334
0.18202482945071916	0.2452304624767498	0.5727447080725312
0.18266940852369587	0.28340013387392976	0.5339304576023745
0.1913369884744321	0.25398763765429244	0.5546753738712755
0.18962701710233704	0.25571396205414565	0.5546590208435175
0.1933586731887195	0.2719179377839328	0.5347233890273478
0.1967345590530557	0.24920799466520618	0.5540574462817383
0.1985858119201409	0.22247176959182924	0.57894241848803
0.18100319197395032	0.25061763506124696	0.5683791729648029
0.19224931218955332	0.22653567874973612	0.5812150090607107
0.19381595052435344	0.24998099468110352	0.5562030547945431
0.19004293281767043	0.2515709586316227	0.558386108550707
0.189947133952691	0.2326228657067999	0.5774300003405092
0.19259749775425697	0.2717231484882124	0.5356793537575307
0.19739718312448648	0.25416375755256265	0.548439059322951
0.18343788742492326	0.2620513534260923	0.5545107591489845
0.18649820523902283	0.2419677501344275	0.5715340446265498
0.1881317815811489	0.2773114502121243	0.5345567682067269
0.19865933225382232	0.22809993070482873	0.573240737041349
0.18935080893920012	0.2304493498922055	0.5801998411685945
0.18943781450258088	0.24258016412650382	0.5679820213709155
0.18699083686900453	0.2597970232010809	0.5532121399299148
0.1923406747044248	0.23092664821866063	0.5767326770769147
0.1901399714676068	0.2710147511261206	0.5388452774062727
0.1905579803880801	0.2588888999546697	0.5505531196572504
0.18384619931073676	0.2671812932123237	0.5489725074769396
0.18631114969257495	0.22079786354033806	0.5928909867670871
0.18518003242967496	0.23561121328381007	0.5792087542865151
0.1959465365100097	0.23295827204392772	0.5710951914460627
0.18953512803755151	0.24886671374177732	0.5615981582206713
0.19416104780606497	0.2302266996294495	0.5756122525644857
0.19005355607908436	0.2369332065108382	0.5730132374100776
0.19302617940606387	0.23506770161843854	0.5719061189754977
0.18076508426982543	0.23031652207637726	0.5889183936537974
0.19669409979914776	0.2110608493076175	0.5922450508932349
0.1809645824522687	0.22902504218874148	0.5900103753589899
0.19520719595407948	0.23330526811064306	0.5714875359352776
0.18434112049085383	0.2748255984807263	0.54083328102842
0.1976535388409144	0.24484401955722074	0.5575024416018649
0.1851334169695062	0.2703238542786699	0.5445427287518241
0.18177239388043945	0.23267001019003006	0.5855575959295306
0.1830383230567837	0.24500070431249008	0.5719609726307263
0.18951747509840217	0.22692792229556355	0.5835546026060344
0.18788237543602263	0.2418557018583619	0.5702619227056156
0.19302872262887516	0.22054444939235548	0.5864268279787694
0.19460529331103377	0.22304887299454196	0.5823458336944244
0.19306417836410147	0.21441046291492266	0.592525358720976
0.180873165691805	0.22881534529889197	0.5903114890093031
0.1834180000091791	0.23234276992086594	0.584239230069955
0.1896821293240279	0.22042049326764546	0.5898973774083267
0.19911983377493656	0.21030092496238872	0.5905792412626748
0.1887023672749983	0.24612932713842164	0.5651683055865802
0.19265920798800595	0.22152644194918586	0.5858143500628084
0.1911331259065358	0.25933502718277707	0.5495318469106872
0.19626131253058907	0.23703676624512338	0.5667019212242876
0.19698964213260772	0.2542958067753323	0.5487145510920601
0.19056807254531064	0.2648402803859141	0.5445916470687754
0.1785824709843953	0.23488099030503912	0.5865365387105657
0.18101460566218816	0.24643341566375912	0.5725519786740528
0.194776593806804	0.25952762291390197	0.5456957832792941
0.19874784726360528	0.2638852908850664	0.5373668618513284
0.19687669916433578	0.23053881267607537	0.572584488159589
0.19723580976885552	0.22258399861716527	0.5801801916139794
0.19075798879655878	0.2759400075408298	0.5333020036626115
0.19253400942465043	0.24995827874888937	0.5575077118264603
0.19908594752992742	0.24955277007461124	0.5513612823954614
0.1856785090373738	0.24090795758766956	0.5734135333749568
0.19783275962388336	0.21685605974429883	0.5853111806318179
0.18919542996183175	0.22196149581355165	0.5888430742246167
0.17750833940270389	0.27392602226989404	0.5485656383274021
0.19384084267606289	0.24768224300282576	0.5584769143211115
0.1805611033430873	0.26100519121290633	0.5584337054440065
0.18930859519665605	0.2417302397387452	0.5689611650645989
0.19267664852283078	0.2609240009235585	0.5463993505536109
0.1911947389619167	0.21982687229122017	0.5889783887468633
0.19340227474622082	0.22899876123222895	0.5775989640215504
0.1919723374671916	0.2267473095152168	0.5812803530175917
0.1923459357079669	0.24760400509954375	0.5600500591924895
0.187677613349599	0.23578150811412824	0.5765408785362729
0.19357966623079742	0.2227758683414824	0.5836444654277203
0.18910328527154105	0.23401969600748607	0.576877018720973
0.19692402363089967	0.252029305743301	0.5510466706257995
0.19764986668746795	0.2460124991595486	0.5563376341529835
0.19577132995370689	0.22155833440893621	0.582670335637357
0.19148799680508358	0.2591539009795991	0.5493581022153174
0.1841570805486005	0.2663356113106197	0.5495073081407799
0.1898513158771024	0.2693122077925539	0.5408364763303439
0.19459473188219445	0.24561392198296655	0.5597913461348392
0.1956065781600897	0.22061823451631998	0.5837751873235903
0.18473805319989994	0.24595624982194111	0.569305696978159
0.18082238032655704	0.2606433814566049	0.5585342382168382
0.18123006812786852	0.2787100182882021	0.5400599135839295
0.18152576574953794	0.23043491615966616	0.588039318090796
0.18304562649105396	0.2776877259518378	0.5392666475571084
0.1961373126184582	0.254505907050399	0.5493567803311429
0.18247784829873095	0.23210949888457164	0.5854126528166975
0.18862343428276485	0.22743604280055862	0.5839405229166766
0.18416781884929972	0.2524915501216737	0.5633406310290267
0.17879312548111978	0.27696988195524064	0.5442369925636397
0.18291324922740118	0.2593486714498125	0.5577380793227864
0.19341328318888243	0.24905477845760987	0.5575319383535078
0.1864348545946723	0.25045528019788715	0.5631098652074407
0.17834846948311892	0.26277114343301833	0.5588803870838629
0.18149224351311333	0.2574244857873118	0.561083270699575
0.17953580762332075	0.25443673793497384	0.5660274544417055
0.18639977445195538	0.2427366223266923	0.5708636032213524
0.1900730901908627	0.23805939425436295	0.5718675155547746
0.19157175528160683	0.27336480370228017	0.5350634410161131
0.19355621161009004	0.23436146962474208	0.572082318765168
0.17816803112121776	0.2543399958092328	0.5674919730695496
0.19911268773902763	0.21351102858821017	0.5873762836727623
0.17803019400833386	0.24239016700193639	0.5795796389897299
0.19491750074615155	0.21960165415858834	0.5854808450952602
0.1979760251831554	0.21260926828701443	0.5894147065298303
0.19949350737314603	0.24186338253052173	0.5586431100963324
0.18198575193376285	0.2679669833906411	0.5500472646755961
0.18912161440991487	0.27218709678011166	0.5386912888099736
0.17836538075244923	0.2595769097611722	0.5620577094863787
0.17822776703252072	0.2605596358193767	0.5612125971481027
0.18851384542168087	0.2522756212015319	0.5592105333767874
0.18620917893490924	0.23929498217062017	0.5744958388944708
0.17778001624981007	0.24986260383782843	0.5723573799123616
0.18413499826160123	0.28273163592116596	0.5331333658172329
0.19263689099861045	0.26661677712332565	0.5407463318780641
0.19496035324849376	0.27031107829464085	0.5347285684568654
0.18585524900860687	0.24144086449208157	0.5727038864993117
0.18691434202253115	0.25505710937745874	0.5580285486000103
0.19626733593953988	0.24259316138179604	0.5611395026786642
0.18280804813737866	0.2773619469985385	0.539830004864083
0.1856474534264207	0.2725912376812112	0.5417613088923683
0.18267068583784885	0.22475602060594072	0.5925732935562106
0.18254286775533787	0.2504787937364535	0.5669783385082088
0.18409744515410179	0.25831154542384455	0.5575910094220538
0.17985319064084368	0.25248566394598065	0.5676611454131758
0.19425460133858866	0.21523587837291905	0.5905095202884925
0.18481245392064424	0.2378522375065794	0.5773353085727764
0.19310021635848434	0.2647346060309557	0.54216517761056
0.18951660403953458	0.2534393773339071	0.5570440186265584
0.19425772779065348	0.22182438992755107	0.5839178822817956
0.18745737231132512	0.22101993602131925	0.5915226916673557
0.19565537201112365	0.22576410911303027	0.5785805188758462
0.1885292028743514	0.241778827825438	0.5696919693002107
0.18521253485358735	0.25352047156049684	0.5612669935859159
0.1909243043223295	0.25545935307089507	0.5536163426067755
0.19414954229613976	0.26374494129037995	0.5421055164134804
0.18391658648675147	0.2249658770334264	0.5911175364798222
0.1910900431795498	0.24419928055714565	0.5647106762633046
0.18904200177435948	0.2516692545977981	0.5592887436278425
0.18181022868994595	0.2515757579706031	0.566614013339451
0.18187460788858892	0.2649279978827578	0.5531973942286534
0.1979328695511891	0.23683480679489854	0.5652323236539125
0.17903953806429068	0.25406421762489617	0.5668962443108133
0.19373723612208243	0.24403655735943133	0.5622262065184864
0.19046984915114837	0.2600031565281137	0.549526994320738
0.19013966895444645	0.2677481475559328	0.5421121834896209
0.18493281588957278	0.22408685956763574	0.5909803245427916
0.18970778512743744	0.2522773159759441	0.5580148988966186
0.18445679871176526	0.25532652774144554	0.5602166735467893
0.186721809299795	0.22296785919504908	0.5903103315051561
0.18046133355324814	0.23463504921796102	0.5849036172287909
0.19062703486925509	0.25315411434457713	0.5562188507861678
0.18804028001728915	0.2609136563398992	0.5510460636428118
0.18022523479562413	0.2775880687381588	0.5421866964662172
0.19143700220280244	0.2644363719269076	0.54412662587029
0.19523559808616453	0.23561647503556882	0.5691479268782668
0.1954994459043486	0.2661591002502204	0.5383414538454311
0.19473559542246063	0.24065037601306488	0.5646140285644746
0.18096294543903474	0.22866007976293762	0.5903769747980278
0.17971543868959963	0.26265164252403994	0.5576329187863606
0.19454963476861462	0.2182404029897705	0.587209962241615
0.1920171375906049	0.2284456641358612	0.579537198273534
0.18092391135919805	0.27695470706592173	0.5421213815748803
0.18759908753066	0.2563645796289617	0.5560363328403785
0.19432174758356974	0.25759933013406056	0.5480789222823699
0.1861329267145611	0.2505383146765757	0.5633287586088632
0.1803855839415789	0.25921241438800074	0.5604020016704205
0.19300257113110153	0.23999612184757502	0.5670013070213236
0.18230310154175777	0.24218585246881966	0.5755110459894227
0.19621944106178307	0.2356763317664038	0.5681042271718133
0.1954712089987684	0.22594775313512053	0.5785810378661111
0.1975295756579266	0.25328744899720657	0.5491829753448669
0.17929986031272016	0.24524079367287777	0.5754593460144022
0.17778500936859865	0.2700898629689236	0.5521251276624779
0.18010877651356977	0.24512750530925104	0.5747637181771793
0.1780850334110003	0.2444459088805341	0.5774690577084657
0.1853936447349517	0.2607265724733893	0.5538797827916591
0.19170840397122066	0.23944634472934176	0.5688452512994377
0.18541561767611991	0.2671938111847121	0.5473905711391681
0.1779108627600583	0.2735054470403622	0.5485836901995795
0.18837263387315945	0.23709309553149369	0.574534270595347
0.18168272097328172	0.22763883610422897	0.5906784429224894
0.17896513529065664	0.2865172188769459	0.5345176458323976
0.17928016315234624	0.24426092425537976	0.5764589125922741
0.18514573041400065	0.23411403212658183	0.5807402374594176
0.1799411738884323	0.22840242024635038	0.5916564058652174
0.19304233709673244	0.2718448995546197	0.535112763348648
0.19758702947593018	0.2549475917821653	0.5474653787419046
0.19824466909565785	0.21096704091492446	0.5907882899894178
0.1845570383969341	0.2724006199163828	0.5430423416866832
0.1786165471073245	0.2706062680429523	0.5507771848497233
0.18814890979087429	0.23767997483196296	0.5741711153771629
0.18168804374378683	0.2545013013115591	0.5638106549446542
0.18130588485229127	0.24313795077261854	0.5755561643750904
0.19619021460318042	0.22313657657961983	0.5806732088171999
0.18270531100037873	0.2630702875038641	0.5542244014957572
0.1962414526647947	0.2359890952467657	0.5677694520884398
0.19030018470017118	0.23855939218417094	0.571140423115658
0.18171503138463857	0.26129202619443126	0.5569929424209303
0.1983219751972433	0.23766675545003438	0.5640112693527224
0.18665792018136645	0.26996831365326507	0.5433737661653686
0.19609050668663872	0.22712145930784383	0.5767880340055176
0.19008188160672007	0.22783414386343687	0.5820839745298432
0.19941230876257426	0.2221690728920056	0.5784186183454203
0.18947517161431685	0.26576596946459297	0.5447588589210903
0.189294776971075	0.26332561616590017	0.547379606863025
0.19663328657300086	0.26543186696813437	0.5379348464588649
0.18589956529002535	0.23718634806233888	0.5769140866476359
0.18247316052591908	0.23776205998155583	0.5797647794925253
0.1946708280222237	0.23181138998416886	0.5735177819936075
0.19401422625869816	0.23044462312152514	0.5755411506197768
0.1811508073059235	0.2737036719274518	0.5451455207666248
0.19606113012399598	0.21194411430818252	0.5919947555678216
0.19896510442623785	0.21355746845067047	0.5874774271230918
0.17991736401466227	0.25057599161097555	0.5695066443743623
0.1909415187333568	0.27262093751870636	0.536437543747937
0.18404421453635555	0.26135476911645994	0.5546010163471846
0.18918873309653214	0.27382193760545503	0.536989329298013
0.19802006196953176	0.2491583817874834	0.552821556242985
0.18550754099799535	0.2683231535207602	0.5461693054812446
0.18047871443600375	0.2644199446737208	0.5551013408902755
0.17865742654133093	0.22901101180090486	0.5923315616577643
0.1848314585320803	0.2467508604080694	0.5684176810598505
0.18461319547396082	0.24732569568454177	0.5680611088414975
0.17813511454572484	0.23771273087370898	0.5841521545805664
0.19511227882443472	0.22250772875406025	0.5823799924215052
0.19857339277738992	0.2504181208490035	0.5510084863736067
0.19707563166725964	0.23298528628417392	0.5699390820485666
0.18024808297437006	0.25475487406230446	0.5649970429633256
0.18717665740474265	0.2528382189425379	0.5599851236527196
0.18697068298866723	0.2352758025315757	0.5777535144797572
0.19111903047805845	0.21715482811131906	0.5917261414106226
0.1790935896606017	0.23703937300617067	0.5838670373332278
0.18573539420813434	0.2278024528222036	0.5864621529696622
0.1817119727162847	0.26415569204566924	0.5541323352380462
0.1792202638027055	0.24920865130363462	0.57157108489366
0.18298808286050894	0.22755249202210934	0.5894594251173819
0.19337990924131956	0.23307313753540815	0.5735469532232724
0.18939865127327907	0.2288142932890472	0.5817870554376738
0.18676905600221672	0.24935665811255528	0.5638742858852281
0.18153301274491943	0.2532209054691662	0.5652460817859145
0.1819653427608613	0.25222145370264704	0.5658132035364918
0.17826504673098864	0.27383610723498086	0.5478988460340306
0.1926365881577063	0.23546924231464217	0.5718941695276516
0.1817821618660836	0.2409264881870864	0.5772913499468302
0.19362817088976483	0.23455616520681977	0.5718156639034155
0.18257139566505395	0.24945268374467205	0.5679759205902741
0.1956224970240289	0.22472292473278793	0.5796545782431832
0.1914803748441953	0.21843917630573437	0.5900804488500705
0.19089023122063542	0.2741733455372426	0.5349364232421221
0.18005465277498947	0.28504254354335173	0.5349028036816589
0.18465246331805638	0.2803040303625862	0.5350435063193575
0.18077324447352325	0.23407798302633426	0.5851487725001426
0.19669241621118877	0.22561042438251436	0.577697159406297
0.1958751917780727	0.2613402684417453	0.5427845397801822
0.18013546273705125	0.260371321755242	0.5594932155077068
0.19325691943876805	0.2255116500086801	0.581231430552552
0.19207654479890254	0.2522498478514923	0.5556736073496054
0.18686582549876196	0.24255832311117453	0.5705758513900636
0.19230680359338154	0.22232813431796583	0.5853650620886528
0.18265559509211238	0.2808367213999573	0.5365076835079304
0.1936089159482389	0.2581114239348984	0.5482796601168629
0.18177654622749603	0.2674801383149119	0.5507433154575923
0.19843952097802425	0.24705313831871556	0.5545073407032604
0.18124576519345367	0.2429766348804372	0.5757775999261092
0.19361925991329226	0.24817350189578496	0.5582072381909229
0.17960726116839767	0.27104317206193573	0.5493495667696667
0.1796550987076695	0.27103816017438553	0.5493067411179451
0.1909133496871673	0.26510236487762634	0.5439842854352065
0.18069376576609414	0.2778810419870793	0.5414251922468266
0.1884641490833598	0.2735514182982025	0.5379844326184378
0.1922392969156049	0.24436717906914535	0.5633935240152499
0.1786812643481329	0.24162290959556892	0.5796958260562983
0.1806413760649708	0.2420337858762209	0.5773248380588084
0.19206510646218464	0.2509932355941128	0.5569416579437027
0.19075053198900246	0.26459590276452477	0.5446535652464729
0.18270855084099208	0.23711547621010387	0.5801759729489041
0.1796821958030949	0.2623476729477393	0.5579701312491658
0.18336462842142376	0.24562788808797328	0.571007483490603
0.18146516069976962	0.2783290100931827	0.5402058292070477
0.1875727539377639	0.2778745734198254	0.5345526726424108
0.18531967373676717	0.25676621780760756	0.5579141084556254
0.1928663521957301	0.2418643464262737	0.5652693013779964
0.1926964154631994	0.2662960503377789	0.5410075341990217
0.1999376547607378	0.2495968543030121	0.5504654909362502
0.1957444395100777	0.26094691893914723	0.5433086415507752
0.1919743125376686	0.25632162318816876	0.5517040642741627
0.18751485347122418	0.2693232470993534	0.5431618994294225
0.19078584164460408	0.27319605346535636	0.5360181048900396
0.17836993666842976	0.2508083019214724	0.5708217614100979
0.19118400692987042	0.2640434783382215	0.5447725147319082
0.18799970525962745	0.2538854154487234	0.5581148792916493
0.19850966222987285	0.24048033169687774	0.5610100060732495
0.1959371427988367	0.2381326621018513	0.5659301950993121
0.1995684367863378	0.2556086712915162	0.5448228919221461
0.1899180997726769	0.22709693402377953	0.5829849662035437
0.19240790155854368	0.2603883727723423	0.5472037256691141
0.19521390799989582	0.26428107313717714	0.5405050188629272
0.1886160612094099	0.27115597020654736	0.5402279685840428
0.181744665984641	0.2267990215328176	0.5914563124825415
0.19835762691293296	0.21473933367823322	0.5869030394088339
0.17949610829696458	0.2362240374003992	0.5842798543026363
0.1997579181312581	0.23498789114125915	0.5652541907274828
0.19406201119279412	0.21667242553665478	0.5892655632705512
0.18468440439951828	0.2824203244092983	0.5328952711911835
0.19045306578397947	0.2231848541954041	0.5863620800206165
0.19439365384986074	0.26550885207693614	0.5400974940732033
0.18359203796962284	0.23407146294325615	0.5823364990871212
0.19521272857702207	0.21407176854695378	0.5907155028760243
0.18214831515913452	0.23329118043059321	0.5845605044102724
0.1829182481023159	0.2780027248593131	0.5390790270383711
0.19477755905958233	0.2681043911078389	0.5371180498325788
0.19983307807258055	0.23157978424634715	0.5685871376810724
0.1867118132468682	0.2276677521992556	0.5856204345538762
0.19968434052010864	0.22926028319368102	0.5710553762862104
0.19116385680925313	0.26903781597972176	0.5397983272110252
0.18528177531231393	0.24204760727790567	0.5726706174097805
0.1899420864729044	0.2252428580325029	0.5848150554945928
0.19808527325947717	0.25758954395484757	0.5443251827856754
0.18820015199223433	0.26508623753908034	0.5467136104686855
0.19978741091024635	0.23334664024419746	0.5668659488455563
0.19741821873879623	0.2185028018838622	0.5840789793773417
0.17818613380289608	0.2680853653219546	0.5537285008751494
0.1900311679420143	0.22113237031583602	0.5888364617421498
0.1827051311128777	0.2260424271961303	0.5912524416909921
0.18825133769638006	0.2745415081556813	0.5372071541479387
0.18717530247180914	0.2528091630810112	0.5600155344471798
0.1834920161367164	0.2605333493652542	0.5559746344980295
0.19997095462706113	0.2304023017938177	0.5696267435791214
0.17801388790670578	0.239620845723789	0.5823652663695054
0.19571579244660986	0.2564109767288789	0.5478732308245113
0.17880956694153552	0.2852210086551259	0.5359694244033387
0.19035259876076696	0.2222536036253377	0.5873937976138954
0.1917800370578126	0.23517509992782926	0.5730448630143583
0.19730406666902284	0.2498626760437739	0.5528332572872035
0.19373527904073512	0.23101389232055586	0.5752508286387091
0.1823163015883989	0.23283675304979187	0.5848469453618094
0.18847436971366527	0.22636631429463505	0.5851593159916998
0.18010752758617968	0.2554995740482759	0.5643928983655445
0.1977746745131868	0.22528532757359038	0.5769399979132229
0.19993064348203932	0.24225884020759653	0.5578105163103643
0.19765772899163048	0.2163421823330643	0.5860000886753054
0.18076625354605877	0.23453392586601754	0.5846998205879238
0.18979128015096647	0.25202218394090614	0.5581865359081275
0.18403249707471386	0.26325549113318836	0.552712011792098
0.1895777596699003	0.24627517062559856	0.5641470697045012
0.19406188880794106	0.2600759393011283	0.5458621718909308
0.1875123532102988	0.23796900612373775	0.5745186406659636
0.19070409883850703	0.2396768563711171	0.569619044790376
0.19285263019474758	0.24811050440540078	0.5590368653998518
0.19868614897861114	0.23813741052056553	0.5631764405008235
0.19920957506069048	0.2414380050825693	0.5593524198567403
0.19594962122998222	0.26737659779797374	0.5366737809720442
0.18246714312795756	0.2592765466679218	0.5582563102041207
0.17868547160144826	0.24222729416517447	0.5790872342333774
0.17902449213650123	0.24680131568722155	0.5741741921762773
0.18918885178754977	0.2293423385955926	0.5814688096168578
0.19544692184732335	0.2691656987857486	0.5353873793669282
0.19940482502541845	0.26118064380867084	0.5394145311659109
0.18637066699044744	0.23646151169799984	0.5771678213115529
0.18156166217702296	0.24208911261600752	0.5763492252069696
0.18019979301415096	0.24559522673916048	0.5742049802466886
0.17977597362458175	0.2871477124626161	0.5330763139128023
0.19246900341637918	0.2591044639156517	0.5484265326679693
0.18349491168567522	0.2677173410134094	0.5487877473009155
0.19197582697473695	0.26267779532651225	0.5453463776987508
0.17825862485337032	0.28465140988349424	0.5370899652631356
0.1898628262337373	0.24208815690432822	0.5680490168619347
0.1860123398027302	0.2773674476685346	0.5366202125287354
0.19967936402290198	0.2486606802613677	0.5516599557157305
0.19959919908949622	0.2524931686227728	0.547907632287731
0.1967478978450494	0.22675918482949775	0.5764929173254529
0.19157861568902806	0.2447423838877729	0.5636790004231992
0.18661670931771537	0.22599897326166057	0.5873843174206241
0.18322273952507068	0.27880707618288564	0.5379701842920438
0.1904705589563571	0.22716657705341567	0.5823628639902274
0.18551575003941828	0.27170161588262487	0.542782634077957
0.18442589714314042	0.274957784103564	0.5406163187532957
0.18422445431381762	0.26835489917317495	0.5474206465130076
0.19078515450553263	0.2637007260911624	0.5455141194033051
0.19221644017574266	0.27173320764214687	0.5360503521821106
0.19776284586333115	0.2402386006229998	0.5619985535136691
0.19935977961637993	0.2588670048721205	0.5417732155114997
0.1995046719778606	0.21567904215791023	0.5848162858642293
0.1886176862679203	0.2361447458839176	0.5752375678481623
0.1801609134496326	0.26699710808970845	0.5528419784606591
0.1943772961066208	0.22212193856473333	0.5835007653286459
0.19471587162861273	0.22539814215534698	0.5798859862160404
0.19400528643544643	0.22078410121597564	0.5852106123485781
0.18941677286667552	0.26635717748845134	0.5442260496448732
0.18313161372064038	0.2819549354655092	0.5349134508138506
0.19133400275093906	0.2663954255055305	0.5422705717435305
0.18832513982681587	0.2539662603026053	0.5577085998705791
0.1923333553504241	0.23984743774844236	0.5678192069011336
0.19733293868692875	0.22520259264798553	0.5774644686650858
0.17884919384264228	0.23781259156736778	0.5833382145899901
0.1829386719619885	0.2736447147222883	0.5434166133157233
0.17870215699569988	0.25137547736547383	0.5699223656388264
0.18702718631511764	0.259407356103316	0.5535654575815665
0.19452204399623418	0.21960053209875763	0.5858774239050083
0.18551482497112526	0.2529083650188241	0.5615768100100508
0.18471699630049135	0.235272703891774	0.5800102998077348
0.19673127052365172	0.25242232246132845	0.55084640701502
0.18257919082200613	0.24039637791844212	0.5770244312595518
0.1793451277122664	0.24554030475665176	0.5751145675310819
0.1875906163953959	0.2583121631544619	0.5540972204501422
0.187602764155521	0.24842172505407212	0.5639755107904071
0.19033672266093984	0.2750963457816289	0.5345669315574313
0.1847698965204048	0.27283239488471267	0.5423977085948827
0.19707587670506949	0.21892935167519764	0.583994771619733
0.18449686161111845	0.22699387666280857	0.5885092617260731
0.19813236539443627	0.26209994451964436	0.5397676900859195
0.1929664256475028	0.23231153997921153	0.5747220343732857
0.18539383063575174	0.28166260548634364	0.5329435638779048
0.193366211767362	0.21766673518567756	0.5889670530469606
0.190883988880263	0.25733409925443684	0.5517819118653002
0.17885985453952685	0.24961268990465868	0.5715274555558145
0.1932286865199032	0.2256347166252658	0.5811365968548311
0.1827257163084438	0.24771928156277695	0.5695550021287794
0.17782755419637675	0.26500703500412065	0.5571654107995028
0.1910977071333619	0.26786316523965437	0.5410391276269838
0.19491100742523731	0.22754655585929773	0.5775424367154651
0.1915715898378306	0.22728670587231914	0.5811417042898503
0.19342702379856724	0.2719228210854524	0.5346501551159805
0.19532209163845965	0.26809674407372036	0.5365811642878201
0.18949903909654844	0.26786765989857353	0.5426333010048782
0.18831781891996538	0.27626811195632617	0.5354140691237086
0.19874242743849477	0.2446873892305997	0.5565701833309056
0.19937574818827203	0.2611409269276673	0.5394833248840607
0.17803325050688795	0.26981929745088784	0.5521474520422244
0.18851212748434043	0.24609318434141333	0.5653946881742464
0.19460903556574874	0.2394980438951776	0.5658929205390738
0.1943000928999507	0.2581768936495271	0.5475230134505223
0.19627233826234086	0.23238437578576987	0.5713432859518894
0.1981034984408429	0.22419776657583088	0.5776987349833264
0.1798174490581542	0.2341237989207539	0.586058752021092
0.17789834367735158	0.23294714198300467	0.5891545143396439
0.19531613855904717	0.27042958765158925	0.5342542737893637
0.1921359877262681	0.24915014236832653	0.5587138699054055
0.18892701232760378	0.2654470550151884	0.5456259326572079
0.1780463240582564	0.2768592585504877	0.545094417391256
0.189931337210275	0.23752090852334912	0.572547754266376
0.19048479259705703	0.24435085308526133	0.5651643543176817
0.1904940538781288	0.21797478592378422	0.591531160198087
0.19455857782961847	0.2256400089860376	0.5798014131843441
0.18188992275998725	0.25992266305831135	0.5581874141817015
0.18751334236709244	0.2577591968643471	0.5547274607685605
0.18768573746702	0.240768946859947	0.5715453156730331
0.1794666723351968	0.2739701617933981	0.5465631658714052
0.18936084955819932	0.25300363116990116	0.5576355192718996
0.19358652631166945	0.2505114426224628	0.5559020310658679
0.1821263329863053	0.25435968507431944	0.5635139819393754
0.1924005829127668	0.24334628374237058	0.5642531333448627
0.18943045941562525	0.2230616111271437	0.5875079294572312
0.17970500797321165	0.23452667344465183	0.5857683185821367
0.18464318618324563	0.2788807486120968	0.5364760652046576
0.1928761592434031	0.24479827498797985	0.5623255657686173
0.19780135970877236	0.22350780501875456	0.5786908352724732
0.18778950364268382	0.2240411691852408	0.5881693271720755
0.18441196309143423	0.27466365580706953	0.5409243811014963
0.19026217792292166	0.2203196858075267	0.5894181362695518
0.1992352666839499	0.2648519955002601	0.5359127378157902
0.1802488209367384	0.28354709947656176	0.5362040795867
0.19512690347007355	0.2664817239606433	0.5383913725692833
0.1797014654333525	0.27509237695860594	0.5452061576080417
0.18281462006244853	0.2579164263721875	0.5592689535653641
0.1879531062073386	0.27437737202872514	0.5376695217639363
0.19444933926349509	0.2235240220011365	0.5820266387353685
0.18974074422939152	0.24244547898634652	0.567813776784262
0.19852874981453547	0.266782784435689	0.5346884657497757
0.18447166581014285	0.2274222442769718	0.5881060899128854
0.19987874452046825	0.24765477779980094	0.552466477679731
0.18497489767669847	0.2639770108263606	0.551048091496941
0.1776814223052564	0.24369575807342536	0.5786228196213183
0.1966444920964143	0.23985560195502864	0.5634999059485573
0.18241182651505025	0.24144388004084136	0.5761442934441086
0.19937316708154884	0.23844956461761685	0.5621772683008345
0.18205245492395955	0.2748129144427034	0.5431346306333372
0.18141752906728884	0.2520654140037307	0.5665170569289806
0.1928864327461103	0.2706113426192772	0.5365022246346126
0.1794144699237931	0.25022290226552707	0.5703626278106799
0.1888665729164807	0.21902596992117013	0.5921074571623492
0.19720238548243338	0.21261998728734363	0.590177627230223
0.179621270097201	0.22779593242481744	0.5925827974779817
0.18766028372581536	0.27520889587154895	0.5371308204026358
0.19919101249345383	0.2562211187848449	0.5445878687217014
0.18046271586647356	0.2762890721175971	0.5432482120159294
0.17923518210253195	0.2590778491428761	0.561686968754592
0.19534545585012095	0.21518203949087888	0.5894725046590004
0.18948940766193664	0.26172866368892966	0.5487819286491338
0.1796770904205755	0.24377164137098922	0.5765512682084354
0.1817568593687356	0.2554687962626293	0.5627743443686353
0.17879737867958587	0.2813856579522494	0.5398169633681649
0.1955423332674991	0.23840943800602413	0.5660482287264769
0.19859911375786932	0.251035673845719	0.5503652123964118
0.17823655169788816	0.2469913118663019	0.57477213643581
0.19165758371547906	0.2575817224775141	0.5507606938070069
0.18448397947486703	0.2754293947431485	0.5400866257819845
0.19975947404940617	0.25949762879251115	0.5407428971580828
0.18481997588802457	0.2327202081386579	0.5824598159733176
0.17781954769761338	0.25660805097564715	0.5655724013267396
0.18593707149910052	0.23754874986858882	0.5765141786323107
0.18326253691337518	0.25200752804410076	0.5647299350425241
0.19000308208085775	0.27335032191617403	0.5366465960029684
0.19188761025632967	0.2721178771061691	0.5359945126375013
0.1952441276372492	0.22131062289132805	0.5834452494714228
0.18559024756618858	0.25682620147779756	0.557583550956014
0.18866999138545318	0.2397937708716122	0.5715362377429347
0.17769875870176766	0.2642161757671704	0.5580850655310621
0.1933431213892702	0.21655308174607313	0.5901037968646567
0.1900306678028749	0.267589679581859	0.5423796526152662
0.18779745202661668	0.24035608436662434	0.5718464636067591
0.19457162703610728	0.2714477967823934	0.5339805761814994
0.18373395566300793	0.26546842985163904	0.5507976144853531
0.17806726685834842	0.2469509049390622	0.5749818282025896
0.17871908999940123	0.27354368167033477	0.5477372283302642
0.19198147570747587	0.2372905934012017	0.5707279308913226
0.1941911153751214	0.23856699986200194	0.5672418847628767
0.19666053498537808	0.2427994219665083	0.5605400430481138
0.18784413340912387	0.22818212258442747	0.5839737440064487
0.1851449205694892	0.28044495045765394	0.534410128972857
0.1893901925175808	0.23012714167487913	0.5804826658075402
0.18005612372282515	0.2278546895786341	0.5920891866985409
0.1856579247797563	0.23344650370886183	0.580895571511382
0.17781657078014848	0.2691333348748056	0.553050094345046
0.178972997115488	0.2805728339276998	0.5404541689568123
0.19610683007351457	0.22481301538063697	0.5790801545458486
0.19744470402318606	0.24940061545089456	0.5531546805259195
0.19219555226678292	0.2532697789574705	0.5545346687757466
0.19322838435354656	0.2331219255844607	0.5736496900619928
0.1955396193327451	0.2537825006818265	0.5506778799854285
0.18101796174407678	0.2765751447430172	0.5424068935129062
0.19481117439010706	0.22107622251126546	0.5841126030986277
0.18876795117612752	0.22392497731855932	0.5873070715053132
0.1984536413009828	0.267444386510443	0.5341019721885744
0.1793929990128023	0.2748093879323404	0.5457976130548574
0.19555349175108905	0.2706235465658021	0.5338229616831089
0.19132867632303543	0.23538063502180526	0.5732906886551594
0.19233857807189766	0.26193488318002656	0.5457265387480759
0.18047961441917937	0.24203922282077017	0.5774811627600506
0.19854445768919765	0.21140149385819473	0.5900540484526078
0.19969444762276578	0.25403151659473056	0.5462740357825038
0.19520592709534051	0.24599369517306946	0.5588003777315902
0.178377357393283	0.25479204266596683	0.5668305999407502
0.18806943916615235	0.24151809919333844	0.5704124616405093
0.1831730497676982	0.26060854798229793	0.556218402250004
0.1986274278953015	0.23924351344249936	0.5621290586621992
0.18158001292953677	0.23242080470281712	0.5859991823676463
0.19476407497269238	0.2571014261874557	0.548134498839852
0.19896553745899584	0.21928287742525154	0.5817515851157528
0.18003928127840885	0.2344548544473537	0.5855058642742376
0.18501338733281725	0.23788417050311028	0.5771024421640726
0.19402471412708924	0.24444210361564023	0.5615331822572707
0.18656332397525652	0.25558108882181746	0.5578555872029262
0.18147685256309037	0.24744076421960445	0.5710823832173053
0.17783907163224988	0.2497445891433509	0.5724163392243993
0.19233140118754888	0.2376391090890601	0.5700294897233911
0.1949947158896474	0.2270420544722933	0.5779632296380595
0.177871189471227	0.26206834146476565	0.5600604690640074
0.17941592983608554	0.2769826867043878	0.5436013834595268
0.17777892193529785	0.28117788446526737	0.541043193599435
0.19565843622321882	0.23289357517915926	0.571447988597622
0.18067758872214368	0.25333535868338025	0.5659870525944762
0.17875452983496104	0.2803051094913892	0.5409403606736499
0.19321912896823812	0.23725260021020111	0.5695282708215609
0.181829431403123	0.2643553703668332	0.5538151982300439
0.18884728779741752	0.25735260795159276	0.5538001042509898
0.1817465637911967	0.2305879021508968	0.5876655340579067
0.18304312861000166	0.28174308889527594	0.5352137824947225
0.1923706322871998	0.24940197483696172	0.5582273928758386
0.1947338619400948	0.21264798137707308	0.5926181566828322
0.18466713679539656	0.25173115173283983	0.5636017114717637
0.19362274639767554	0.2491809344011486	0.557196319201176
0.18162659196504843	0.24077708195436381	0.5775963260805879
0.18269381842479665	0.2779201102238218	0.5393860713513817
0.1793030702290736	0.23936069318716538	0.5813362365837611
0.19377593087414974	0.24650513190702206	0.5597189372188283
0.18034039854714304	0.2369451905411652	0.582714410911692
0.17991628114291716	0.24687057205618623	0.5732131468008967
0.18128806864293304	0.2808619494222265	0.5378499819348406
0.1908284105525917	0.2521828218350265	0.5569887676123819
0.18088947894434462	0.23808003841487357	0.5810304826407819
0.19125438986188292	0.2407960464760305	0.5679495636620867
0.19085157075159784	0.25715436467702296	0.5519940645713793
0.19640839364194543	0.2180438042276419	0.5855478021304128
0.18977465803220686	0.22401462036387698	0.5862107216039163
0.19593618580207564	0.2138155025478249	0.5902483116500996
0.19583025383548294	0.26842405671748587	0.5357456894470313
0.1996835280388637	0.22377266675161495	0.5765438052095215
0.1947970689125977	0.24979322516144087	0.5554097059259616
0.19801096799583434	0.21409411556373778	0.5878949164404279
0.18716351363951864	0.23810387419395207	0.5747326121665294
0.19477343041123324	0.23474853661375814	0.5704780329750088
0.1801309802783262	0.24619124987553775	0.5736777698461362
0.17816975138936142	0.25797017805606676	0.563860070554572
0.1932420461559142	0.2731558221956638	0.5336021316484221
0.19140147995335713	0.27139308223607816	0.5372054378105648
0.19415945458211575	0.2243217232399033	0.581518822177981
0.18463127109760433	0.24231417574327743	0.5730545531591184
0.1968273167048646	0.21122421003944603	0.5919484732556894
0.18576840545366258	0.2363190148666254	0.5779125796797121
0.1818691952208519	0.25341481789682363	0.5647159868823246
0.17833601582915445	0.2445160268103413	0.5771479573605044
0.18891536213310672	0.2499266347145112	0.5611580031523822
0.1846121961639439	0.2745740515482976	0.5408137522877585
0.1945927123672735	0.21410048362048312	0.5913068040122436
0.18985299106339076	0.2578546858964837	0.5522923230401257
0.17754580505492115	0.25276329603713465	0.5696908989079443
0.18473445761386098	0.263736243041044	0.5515292993450952
0.18221019234391866	0.2780826787873421	0.5397071288687393
0.18607639962297184	0.23816360608231374	0.5757599942947145
0.1977184824628443	0.2518264405645145	0.5504550769726413
0.19604299328874036	0.21310584133709148	0.5908511653741683
0.19218144967683842	0.24288100770295964	0.5649375426202021
0.1815383716942642	0.24897863596367295	0.569482992342063
0.19828946190729954	0.26383013439375397	0.5378804036989466
0.19007703111229976	0.2537140065113722	0.5562089623763281
0.19743032385829484	0.2278460206380077	0.5747236555036975
0.1941831983451511	0.22742514796374602	0.578391653691103
0.180524814087941	0.2570614016770114	0.5624137842350477
0.18802737136774308	0.2743145585621618	0.5376580700700953
0.19169309204201931	0.2625929854632534	0.5457139224947274
