0.45403331959067433	0.2778842793926534	0.26808240101667236
0.4745602252330899	0.26170000824713147	0.2637397665197788
0.4604757532728966	0.2730107803780998	0.2665134663490037
0.4744422666577463	0.2684832306782153	0.25707450266403853
0.47845311467433543	0.26711807257080833	0.25442881275485635
0.47000603079122716	0.27307115614300037	0.25692281306577264
0.47233337476172027	0.26215621020378427	0.2655104150344956
0.4656618287945234	0.28036170417818695	0.2539764670272898
0.486530723388781	0.26917140650956856	0.24429787010165058
0.48976325647158797	0.2659831101794667	0.24425363334894543
0.476617948276144	0.2680673752432655	0.2553146764805906
0.4708493673011927	0.28276783943242534	0.24638279326638204
0.46126550992826787	0.28695932397336493	0.2517751660983673
0.4657750382929119	0.2773869371291331	0.25683802457795507
0.46199247003392585	0.28822034647514927	0.24978718349092502
0.44914592099462247	0.29194756275305034	0.2589065162523273
0.47620116699281057	0.27718751603540004	0.24661131697178953
0.45847614230827066	0.281231509825652	0.26029234786607747
0.4623344418099711	0.29037892905362006	0.24728662913640903
0.4726145136351457	0.26592386036268273	0.2614616260021717
0.4524997794728991	0.2917043234941007	0.2557958970330003
0.4768385956514909	0.26154577228362613	0.2616156320648831
0.47464130038366037	0.27435807503775855	0.2510006245785812
0.4774863903266765	0.2754707323374204	0.2470428773359032
0.46203756018608494	0.2740881547487709	0.2638742850651443
0.46931842099761845	0.2746961047987604	0.2559854742036212
0.46915378564666127	0.2804741576398096	0.25037205671352925
0.4675111571947741	0.28568006537665824	0.24680877742856772
0.489739735861525	0.2612792151754447	0.24898104896303036
0.4880690817710278	0.25999180916228865	0.25193910906668365
0.47846887933376625	0.2752970218544034	0.2462340988118304
0.47976785588492266	0.2763850632768101	0.2438470808382674
0.4687342753325001	0.2642639098448683	0.2670018148226317
0.4710848159593849	0.26508963146003883	0.2638255525805764
0.47353605417489014	0.2619580643461133	0.2645058814789967
0.4530448642013819	0.28101005904995874	0.26594507674865947
0.47509674382595535	0.2664918591515318	0.258411397022513
0.4812888834935051	0.2627057411210927	0.25600537538540236
0.4654879398912246	0.2712802615867537	0.2632317985220217
0.4745591844279514	0.2758042145091457	0.24963660106290297
0.467783525749192	0.26545838879023775	0.2667580854605704
0.4772329272613471	0.27263774747950775	0.25012932525914533
0.44929427828812296	0.28783491579809206	0.2628708059137851
0.4555866006742449	0.2807238667851122	0.2636895325406431
0.45453088128708974	0.2865772106154434	0.258891908097467
0.4884856503691593	0.262915468981187	0.24859888064965377
0.4561655341477721	0.28314972733473903	0.26068473851748897
0.48328192026491995	0.2649329860893948	0.25178509364568535
0.46765409929421453	0.264758100232272	0.26758780047351355
0.48277881808581347	0.266627233861845	0.25059394805234164
0.4575963943785274	0.2771453404448406	0.2652582651766321
0.4725828703475478	0.2621847076946342	0.2652324219578181
0.4757415270198526	0.27682890178036673	0.2474295711997807
0.46260075889345975	0.2699522243488929	0.2674470167576475
0.4693480402990141	0.2717721473383447	0.25887981236264135
0.45928381952097297	0.27873517300240425	0.2619810074766229
0.4683392683856373	0.2642485855227922	0.26741214609157066
0.44677270361959676	0.29088790736602904	0.2623393890143743
0.4668938619228782	0.2686823295587299	0.26442380851839203
0.47157552525364865	0.2785902133202224	0.24983426142612908
0.45654853535103496	0.2931252924285387	0.2503261722204264
0.46538800355549026	0.2726589825884484	0.26195301385606146
0.45386798507663606	0.2841723298630349	0.2619596850603292
0.47050013213856945	0.2803462314409732	0.24915363642045743
0.4561989330942975	0.2859449061772982	0.25785616072840445
0.46061496710832034	0.2864595762657174	0.25292545662596233
0.469689714750295	0.2708618669974293	0.2594484182522758
0.4630372365464761	0.2763462916641588	0.2606164717893652
0.47847285572493564	0.2730615364295718	0.24846560784549265
0.4779436319604624	0.27626695455310346	0.2457894134864342
0.47037964444788893	0.27710981393380946	0.2525105416183017
0.4523001692474451	0.2872234400797707	0.2604763906727844
0.485701609965313	0.2637194147371009	0.2505789752975862
0.48476496286691795	0.2672391731714375	0.24799586396164466
0.46106306755357107	0.28811530238231137	0.2508216300641177
0.4684866176806179	0.2688987723405568	0.26261460997882535
0.4737136847191715	0.26861203041224074	0.2576742848685879
0.46801160471887016	0.28055115459735064	0.25143724068377926
0.47078188760919587	0.27966881357079587	0.24954929882000837
0.4532195728333663	0.28538334844710395	0.2613970787195299
0.4540023316952184	0.27773926113913283	0.2682584071656488
0.45541546159675295	0.27982617017185524	0.2647583682313919
0.46001983472514973	0.28510350597313594	0.25487665930171444
0.4871668219734153	0.26649565200567127	0.2463375260209135
0.46841020897243	0.28714404159580065	0.24444574943176944
0.4592314936710876	0.2899292219058699	0.2508392844230426
0.48349527816991256	0.2637135377915456	0.25279118403854195
0.4606919656898574	0.27577332192566584	0.2635347123844769
0.4740219192320281	0.27908144401523605	0.24689663675273593
0.4726789516259868	0.2671617260222166	0.2601593223517967
0.4662867879391289	0.26768934066126404	0.26602387139960715
0.47967387789936133	0.26609292413851837	0.2542331979621204
0.46038990010896763	0.2745436876681057	0.2650664122229267
0.46645392401012187	0.27376055966170454	0.2597855163281737
0.46436358724795584	0.26927470978775697	0.2663617029642873
0.45747937797010974	0.27948172133678023	0.2630389006931101
0.4628853642143101	0.2928913547322667	0.24422328105342334
0.4590245795220299	0.282859857735009	0.2581155627429612
0.4858919607075329	0.2604390792411173	0.2536689600513499
0.4589533301769409	0.2785797661105059	0.2624669037125533
0.4649762702209115	0.2674290832307295	0.2675946465483592
0.4691133204732461	0.272471629999956	0.258415049526798
0.4689316082497393	0.2859831888211224	0.24508520292913843
0.4794915043693056	0.2760041463209615	0.24450434930973297
0.46983144585917785	0.26481667889140525	0.265351875249417
0.4579918019409783	0.2781106183070641	0.26389757975195766
0.4617439935522226	0.2723328494367321	0.2659231570110454
0.4667358952099684	0.28415858391484633	0.24910552087518534
0.4640925479926934	0.28778177035912633	0.24812568164818039
0.4627262153151757	0.27148656326670617	0.2657872214181182
0.4517408375053566	0.28734076739087033	0.2609183951037732
0.467160479303048	0.2695252941584555	0.2633142265384966
0.45954793169538877	0.29345609153162583	0.24699597677298551
0.46127541562791174	0.29107022416883005	0.24765436020325826
0.4711403946323438	0.28152575878541464	0.24733384658224167
0.4851764373797919	0.26765180271895866	0.24717175990124957
0.4731068415572333	0.27918216874976715	0.24771098969299962
0.44676728090148327	0.2878658244662241	0.2653668946322927
0.4592789256184461	0.2883150058637572	0.25240606851779684
0.4661776561423009	0.28141002257087133	0.2524123212868279
0.4601951879720494	0.28336785527670294	0.2564369567512478
0.46953850489904353	0.2653772681178419	0.2650842269831147
0.4652218982562366	0.28357690999911295	0.25120119174465055
0.46881470639479195	0.2858582743386182	0.24532701926658992
0.46694369529596663	0.28142606374055623	0.2516302409634773
0.4753099599747761	0.2626035918246905	0.26208644820053356
0.467347244077635	0.2849356239135618	0.2477171320088033
0.47751741900494493	0.27234082139395216	0.250141759601103
0.45086582418138976	0.2858556929066545	0.26327848291195577
0.47423318002515397	0.26152534829771	0.26424147167713613
0.4776184269799557	0.2782002516651283	0.2441813213549161
0.4780537447134545	0.2711021839453579	0.25084407134118764
0.45563114517757963	0.2897866257669177	0.25458222905550276
0.4805310477337645	0.2732472502287711	0.24622170203746452
0.47714813393989297	0.261802981561441	0.2610488844986661
0.47082765199640597	0.26145485833245546	0.26771748967113873
0.4748117471078723	0.26729151450897515	0.25789673838315263
0.45533235317026943	0.27918149266199405	0.26548615416773663
0.483565281154539	0.2726969862032929	0.2437377326421682
0.46097145360496006	0.2886886425141573	0.25033990388088273
0.4538417888027804	0.2862589740245635	0.2598992371726562
0.47888954885171586	0.26347567088262636	0.2576347802656579
0.47862930725139496	0.2767807302536588	0.24458996249494638
0.47600588081847145	0.2619861011891814	0.26200801799234724
0.46078964798684685	0.28460276390844347	0.2546075881047098
0.4779916483474561	0.26833431198317614	0.25367403966936786
0.45596906724827835	0.28055960350204584	0.2634713292496759
0.46832600844271577	0.2874308554354339	0.24424313612185045
0.4796959040202858	0.2627427238163802	0.25756137216333413
0.46317263937923964	0.26859392390613657	0.26823343671462396
0.45495366230996925	0.29371413052838036	0.2513322071616505
0.4537991494161721	0.291499401956634	0.254701448627194
0.4493122800452384	0.2852480257119855	0.26543969424277625
0.4609179879404821	0.2766009542789327	0.2624810577805853
0.45443604525887094	0.29034581890931976	0.2552181358318094
0.45722677486987057	0.28487419608954617	0.25789902904058337
0.47473177632235075	0.27589359331984775	0.2493746303578016
0.4615756168174188	0.282235460542953	0.2561889226396283
0.4680010796060587	0.2676574095644515	0.26434151082949
0.4653986988357983	0.28720372872575745	0.24739757243844432
0.46407993190926267	0.27108871618213426	0.2648313519086032
0.4645636857948221	0.2764389080111964	0.2589974061939816
0.4648092998856206	0.2759639962487244	0.2592267038656551
0.4845671942249026	0.2713112997112354	0.24412150606386213
0.4709953279365294	0.2642807603672448	0.26472391169622594
0.48195861093329334	0.2657759547888671	0.25226543427783965
0.4690441935745713	0.2819894588775802	0.24896634754784863
0.45602472496644825	0.28374714724671013	0.26022812778684173
0.4698593863439444	0.2631684070483288	0.2669722066077269
0.4621739459361077	0.2732765943740343	0.2645494596898581
0.471297672938198	0.2664645828184606	0.2622377442433415
0.475589282192469	0.26754242726915817	0.25686829053837296
0.4735057077151756	0.28285566616341634	0.24363862612140819
0.47559955773255935	0.2679829922438477	0.256417450023593
0.4785383001469858	0.26317273059847135	0.258288969254543
0.4533748756659728	0.29230663870966955	0.25431848562435777
0.47103931883483824	0.26749998799382096	0.2614606931713409
0.4898547509761036	0.2619576920582835	0.248187556965613
0.45703195857686724	0.2844901992109967	0.25847784221213616
0.46401172307674676	0.2825122080457994	0.25347606887745394
0.47660367890961575	0.26876524767787124	0.25463107341251306
0.46678291065134736	0.2736169328572107	0.259600156491442
0.46488926909548806	0.27802781831104817	0.2570829125934639
0.44911692841621265	0.28732421080731013	0.26355886077647733
0.4607501229583486	0.292143974669378	0.24710590237227348
0.4601403156985472	0.2927322448666304	0.24712743943482252
0.4500817392830242	0.28256129387504947	0.2673569668419264
0.4564441794750381	0.2928039527124409	0.2507518678125211
0.4708299428286253	0.26079904812627064	0.2683710090451042
0.4573374040924493	0.2845456238000232	0.25811697210752765
0.4781557805918487	0.2646171760600167	0.2572270433481347
0.47548648195550736	0.26179752854084976	0.26271598950364305
0.4725052165739231	0.2778332429179024	0.2496615405081746
0.4761531512620947	0.26165097768964696	0.2621958710482584
0.47197163306519196	0.28180028091306775	0.24622808602174034
0.46095863222746236	0.27526230591061196	0.26377906186192573
0.4684801549555649	0.264290644167637	0.26722920087679825
0.4505165723133088	0.28403621181001226	0.26544721587667897
0.47024019796620176	0.2800352439333239	0.24972455810047445
0.4549742340575089	0.2925371880450126	0.2524885778974786
0.48492254388383843	0.26222752839585595	0.2528499277203057
0.46836481135739083	0.2812611319673645	0.2503740566752447
0.46454327128600775	0.2707766637101936	0.26468006500379876
0.4476146366389203	0.28723487451129515	0.2651504888497847
0.45120725538279394	0.2814354806606264	0.26735726395657977
0.46232527839286774	0.28520253285224595	0.2524721887548864
0.47449437370503983	0.2707468231322355	0.25475880316272476
0.4826958829356729	0.26715292764864174	0.2501511894156855
0.46993646834174974	0.28194035997331246	0.24812317168493792
0.4560380836093826	0.2797495304731379	0.26421238591747964
0.47688343022313195	0.2795888102252774	0.24352775955159084
0.47636946324421364	0.28003692410189274	0.24359361265389376
0.48068602619403655	0.2735616198528229	0.24575235395314063
0.48029854696619023	0.2709230085587614	0.24877844447504843
0.44763095563768496	0.2883356855056434	0.2640333588566717
0.4720041105804733	0.2630123634960493	0.2649835259234775
0.4725275670210035	0.26620222074561856	0.261270212233378
0.4690973395588831	0.26631112156035786	0.26459153888075915
0.45964079428257154	0.2917369458455224	0.24862225987190617
0.453246455156352	0.2907768518720044	0.2559766929716437
0.4663506659732469	0.2680069604253008	0.2656423736014524
0.4811580332495664	0.26912451076509525	0.24971745598533843
0.48730980751287317	0.26504829543988817	0.2476418970472388
0.4647257584090425	0.27226542042839913	0.2630088211625585
0.4573022764428096	0.28082690563226625	0.2618708179249242
0.459111446569494	0.27412231720166974	0.2667662362288364
0.4602896405220577	0.280766352786205	0.2589440066917374
0.4714358292355592	0.2658389617643434	0.26272520900009744
0.47821011781391265	0.2779140323919393	0.2438758497941482
0.46750116963945076	0.27429619392754023	0.25820263643300917
0.47628059223206914	0.26823557512461144	0.25548383264331953
0.4844381592774564	0.2639714843897556	0.25159035633278815
0.4706808618949653	0.2605288580263268	0.26879028007870803
0.47038093623313665	0.27339034976887167	0.25622871399799185
0.47374954769679306	0.27330416532472535	0.2529462869784817
0.4864714409140193	0.26717773403583805	0.24635082505014277
0.4735174766096654	0.2804155690034245	0.24606695438691017
0.4700120234572979	0.2627763638269965	0.2672116127157057
0.4471025631426177	0.29098583566819597	0.26191160118918644
0.4519139038748077	0.28112751762667365	0.26695857849851873
0.45157569180927726	0.282357212214028	0.2660670959766948
0.47010798501793344	0.27459661345622605	0.2552954015258406
0.4497418890017889	0.2841177173546665	0.2661403936435447
0.481735512532188	0.26829363873170675	0.2499708487361053
0.48103795938250293	0.26270083732539984	0.25626120329209734
0.45134966174800706	0.2929259775407414	0.25572436071125165
0.45254834862944104	0.279797494382122	0.2676541569884371
0.47012794385161594	0.2787905082116167	0.2510815479367674
0.48423091766118054	0.2621330316888406	0.2536360506499789
0.46303040347876634	0.2906030963868214	0.24636650013441236
0.487340354420834	0.26642976516293015	0.2462298804162359
0.4872487687748839	0.26273929847397887	0.25001193275113737
0.4689266122634063	0.2636556010754934	0.26741778666110033
0.4510977957948903	0.2824343151389908	0.26646788906611896
0.4636742797434331	0.269652331179108	0.266673389077459
0.47419352305278184	0.27379246679849434	0.25201401014872393
0.45188108955514544	0.28611465214653364	0.262004258298321
0.47161631022371286	0.28014327004231665	0.2482404197339706
0.44863970176329193	0.2898950383493831	0.26146525988732505
0.45852881191974965	0.27619987723144684	0.2652713108488036
0.4765138954710233	0.2732472599385408	0.25023884459043594
0.4597252927847173	0.2917063148737105	0.24856839234157224
0.4564913920500342	0.2888418768987954	0.2546667310511705
0.4610700890219609	0.28531779357612946	0.2536121174019098
0.47793907304744565	0.2611007388414815	0.2609601881110729
0.4650026985915167	0.2744290243153812	0.26056827709310215
0.4578829775406431	0.29087664731397883	0.2512403751453781
0.46403183331972225	0.28462961419977	0.2513385524805078
0.4542998607547525	0.28356302594476795	0.2621371133004797
0.47450929372599776	0.26683981295541204	0.25865089331859026
0.45864965818451603	0.2786514114829246	0.2626989303325595
0.461263001165321	0.27999152532595994	0.25874547350871924
0.454843436192728	0.28692895838385263	0.2582276054234195
0.4676246594615864	0.27496315943874544	0.2574121810996683
0.4691132109474742	0.26544886317216665	0.26543792588035925
0.45869419337899187	0.2925528240004247	0.2487529826205836
0.47277573396982575	0.26122936997350155	0.2659948960566728
0.48184368491361584	0.2747581811794602	0.24339813390692402
0.47703007057565205	0.27396998337431583	0.24899994605003228
0.46250731645304033	0.2789040145662557	0.2585886689807041
0.4892534165280866	0.2658874306875381	0.24485915278437537
0.4497158632094649	0.284858732020973	0.2654254047695622
0.45469043365170303	0.29267924022729525	0.2526303261210018
0.4588807524530698	0.28165504680402575	0.25946420074290455
0.47748376520709057	0.2641660236452234	0.25835021114768614
0.46864602682540435	0.2642447472673193	0.2671092259072765
0.46396334465430844	0.27588854467255225	0.2601481106731394
0.4547021148963857	0.2785710576697521	0.26672682743386233
0.46649856817460444	0.27970824289664387	0.2537931889287518
0.47637559106029387	0.2732989010108562	0.25032550792885006
0.4534835976038537	0.2859537391983122	0.26056266319783417
0.46655583865344386	0.28005808294387075	0.2533860784026855
0.4588404432524873	0.2742625796551928	0.26689697709231996
0.45858638192674117	0.27636156109770693	0.265052056975552
0.474997798165637	0.2769715423143945	0.2480306595199686
0.4833407049854702	0.2693206295973292	0.2473386654172007
0.47046691644901195	0.27760329000767564	0.2519297935433126
0.485201590696389	0.2672889375232379	0.2475094717803732
0.45183564999411663	0.2931112216315864	0.25505312837429706
0.4794950284388344	0.26615326243347515	0.25435170912769056
0.44819990476460025	0.29383548615737465	0.25796460907802526
0.46887346711929234	0.2742205387479761	0.25690599413273163
0.48169972054212934	0.2665835083689885	0.25171677108888224
0.4766478557029722	0.2763567885626511	0.2469953557343768
0.47914546290707	0.2679007327233575	0.2529538043695726
0.45351100400276345	0.28960069455981213	0.25688830143742447
0.45132822493828695	0.28748732808641453	0.2611844469752987
0.4706912965131775	0.2804218754042082	0.24888682808261442
0.45098058849406775	0.28223474827609585	0.2667846632298365
0.44880442516381747	0.28441677458247816	0.26677880025370443
0.4710229290249302	0.2833960628172493	0.2455810081578206
0.479825328871996	0.2719012421276705	0.24827342900033356
0.4848419070525948	0.26369283852268455	0.25146525442472073
0.4783122773607408	0.2622641399998767	0.2594235826393826
0.47228603101641353	0.26846318905191124	0.25925077993167533
0.45858989621444524	0.28704982885218183	0.254360274933373
0.4567059129735682	0.27619742680730863	0.2670966602191232
0.4868053223342912	0.2614612407946236	0.2517334368710853
0.4589018971314832	0.2923688590628394	0.24872924380567749
0.4709490402514167	0.2682434378216636	0.2608075219269198
0.46890773873686586	0.276265706037852	0.2548265552252823
0.4726124735784111	0.27648088713707103	0.250906639284518
0.4471949114473833	0.29088274881435433	0.26192233973826246
0.4831811066153192	0.2663759329556542	0.2504429604290267
0.4622895002017352	0.2755972638210664	0.2621132359771985
0.4674066842787517	0.279340420993136	0.2532528947281124
0.47519547679421154	0.26393948507061943	0.26086503813516915
0.47712560711864993	0.2618254068688939	0.2610489860124563
0.46250971635534577	0.2796612537516122	0.2578290298930421
0.48987863536802123	0.26233571254458465	0.24778565208739423
0.4866087224586648	0.26935006925832966	0.24404120828300563
0.48686741967810254	0.2651648511022839	0.24796772921961366
0.4641920153461844	0.2871415369407727	0.248666447713043
0.4897363913449523	0.2627282551388267	0.24753535351622113
0.45674253101433526	0.2776135178122817	0.26564395117338313
0.48727483985348724	0.2630852394294147	0.24963992071709817
0.4734238209839773	0.2665751623471104	0.26000101666891245
0.46557850570280424	0.2877856440592078	0.24663585023798806
0.45457964402532325	0.29008884343135727	0.2553315125433196
0.46754026157740164	0.284005561020164	0.24845417740243445
0.47850682167211583	0.2659149275438135	0.25557825078407076
0.46399746191916547	0.28176073369297533	0.25424180438785937
0.4600346288833831	0.28621993042258476	0.25374544069403226
0.4674484260902763	0.2882009423238514	0.2443506315858724
0.46715399418624676	0.27722097189176487	0.2556250339219885
0.46536279936494834	0.27805917564806926	0.2565780249869825
0.48270354831667467	0.2676946327885015	0.2496018188948239
0.48375493965619776	0.26242331672897445	0.2538217436148279
0.4853446398344927	0.2653022130307533	0.24935314713475407
0.4707264361160281	0.26646837713066956	0.26280518675330244
0.48187891891695134	0.26567200810920827	0.2524490729738405
0.4839764805186503	0.2610000245767744	0.25502349490457543
0.4598498997176644	0.2797259624823438	0.26042413779999185
0.48533327189091996	0.26325556613948514	0.251411161969595
0.47537991016469	0.27381101611696956	0.2508090737183405
0.4831913626194815	0.2633857760463708	0.2534228613341478
0.4706954629283856	0.2772568386017751	0.25204769846983943
0.4601626422966815	0.2909194744291652	0.24891788327415337
0.45786607046970174	0.29265905805695	0.24947487147334832
0.4602057627334274	0.2781943004820741	0.2615999367844986
0.4783729248735091	0.26460656582610387	0.25702050930038717
0.47164181224589574	0.2701768943997295	0.25818129335437484
0.4808259615624844	0.2746917218024228	0.2444823166350929
0.4866132697874726	0.2632566224217203	0.25013010779080713
0.4784189270037916	0.2684179935664839	0.25316307942972466
0.4713900068121354	0.2727498686504742	0.25586012453739054
0.44906760010816005	0.2879752035887174	0.2629571963031226
0.47045570971426426	0.2861538996665479	0.24339039061918788
0.47373504002188804	0.27357260548594203	0.25269235449217003
0.46696429711641024	0.26768313190426	0.26535257097932985
0.48786267591553767	0.2617761773868575	0.25036114669760495
0.4557572169006074	0.2848310279268216	0.25941175517257115
0.4808930098079116	0.27547820412552265	0.24362878606656582
0.4801492656878354	0.26949804921276266	0.250352685099402
0.46134905913842567	0.2844604701227279	0.2541904707388465
0.45521423450005855	0.27691078771831296	0.2678749777816286
0.4665786401389696	0.27972137692172205	0.25369998293930845
0.47869727815870805	0.2606537750079718	0.26064894683332024
0.4794846099782448	0.26487363324946145	0.2556417567722938
0.4588044415447306	0.2761501136331761	0.2650454448220934
0.4793779337380957	0.27012923381185583	0.2504928324500486
0.45138107554921536	0.2822727167588963	0.26634620769188844
0.4518442607241997	0.2847642644295951	0.26339147484620534
0.45356132437456015	0.2917108482826743	0.25472782734276567
0.4779407855346135	0.2664166514399058	0.2556425630254808
0.46151171093133425	0.2770415566247127	0.26144673244395317
0.4788742974520828	0.27581068780563484	0.24531501474228243
0.468720209005961	0.265755430111507	0.2655243608825321
0.45393628239570216	0.27790574365075676	0.26815797395354124
0.48489347894426366	0.26367732382233	0.25142919723340645
0.4564841503939796	0.289748189375943	0.2537676602300775
0.47335665326254983	0.26514288243119555	0.26150046430625473
0.46988930156302544	0.28381754962830674	0.24629314880866793
0.46921357597856145	0.2874870132405712	0.24329941078086748
0.4765139725265284	0.2696034440758028	0.25388258339766895
0.4805933726813614	0.2608541993511485	0.25855242796749023
0.4589747313766689	0.28338837406601036	0.25763689455732086
0.47585800253972677	0.2637700215435218	0.2603719759167515
0.4486367894404556	0.29266466036043515	0.2586985501991094
0.45120092658119526	0.284511024947503	0.26428804847130183
0.48869164491875705	0.26692611323526616	0.24438224184597687
0.46303120397662284	0.28933348012576965	0.24763531589760762
0.47080977140323854	0.27638742473682465	0.252802803859937
0.45868407851347315	0.28572658292332276	0.2555893385632042
0.4517964591101532	0.2938240235526012	0.25437951733724573
0.47210618939826554	0.27384780315063734	0.25404600745109723
0.4698443584115041	0.2808688013606034	0.24928684022789258
0.4568805617688614	0.2841745800503557	0.25894485818078306
0.4576185968628849	0.29334266499959105	0.24903873813752414
0.46512276239978834	0.2845880078530022	0.2502892297472096
0.46790610045849285	0.2675760885595203	0.264517810981987
0.4851064698398348	0.2675412658029709	0.24735226435719443
0.462051652703774	0.28781147926214706	0.25013686803407903
0.4715531736335415	0.27336684828698044	0.2550799780794782
0.47098020026299203	0.2789417482438641	0.250078051493144
0.4695776766882713	0.2866548855696343	0.24376743774209453
0.4750924857077864	0.2748797789543251	0.25002773533788863
0.4725911946081258	0.27126382221693757	0.2561449831749367
0.4772658079727814	0.2631848854926357	0.25954930653458297
0.45783827800918797	0.2756159393202961	0.2665457826705161
0.4772381167555415	0.2721698017083418	0.25059208153611673
0.4671916107371756	0.2836693206738624	0.24913906858896212
0.4695415543053122	0.2723249070559059	0.258133538638782
0.4504786505252091	0.28531132433749784	0.2642100251372932
0.4661594917495771	0.2867178221401725	0.24712268611025048
0.4833795733082934	0.26967085640206423	0.2469495702896425
0.48431471396431913	0.2629073962634512	0.25277788977222976
0.48974018057223473	0.25988252051861277	0.2503772989091526
0.47192521991901265	0.2620773912480386	0.2659973888329489
0.4652783079494791	0.29139609936488603	0.24332559268563497
0.45942994912141366	0.27999241342881553	0.2605776374497708
0.48031317438299276	0.269213031196068	0.2504737944209394
0.4583333284251233	0.2774172598391031	0.26424941173577365
0.4774858332705872	0.27655103779697926	0.24596312893243366
0.4691539227067766	0.27838217245757396	0.25246390483564957
0.4742634399543282	0.2738520637223141	0.25188449632335785
0.47809002704412856	0.267344009829309	0.25456596312656254
0.4778375368133645	0.26782855233334346	0.25433391085329216
0.4830980060319167	0.27356471418045525	0.24333727978762812
0.4887537549806136	0.26378353153503553	0.24746271348435103
0.4823744524742809	0.2612756148718901	0.2563499326538291
0.45855933160032536	0.28467833060984266	0.25676233778983204
0.4682969115227786	0.2744017712382514	0.2573013172389702
0.4793916205065919	0.2746661730990264	0.24594220639438175
0.4867461434340111	0.2644028952876262	0.24885096127836276
0.48390522087764154	0.2661739009262597	0.24992087819609893
0.4832217996852056	0.27209685328733707	0.24468134702745745
0.4815952475281975	0.26099693457636713	0.25740781789543543
0.4774551700717744	0.2711433905817325	0.25140143934649317
0.4504423756852224	0.28408423197606725	0.2654733923387105
0.4686302810667927	0.2869834808152085	0.2443862381179988
0.47351222063214315	0.27263354908292814	0.25385423028492876
0.4587799026564404	0.27974213887751326	0.26147795846604643
0.46333475453006984	0.2704082213043507	0.26625702416557956
0.47549563302164577	0.2654583908027932	0.25904597617556113
0.4660246888057854	0.27940502564815234	0.2545702855460623
0.4806752926150956	0.27243423806810124	0.24689046931680322
0.45853993993433806	0.2780453170498534	0.2634147430158086
0.46434105389895974	0.2751693125912727	0.2604896335097677
0.48356649167083154	0.27127368738220814	0.24515982094696037
0.4817910378713288	0.2747568087917052	0.2434521533369661
0.47310572613048046	0.27020504430624853	0.25668922956327106
0.48498617752535367	0.2664060796645994	0.24860774281004702
0.4816847955942331	0.27310273841120764	0.24521246599455937
0.4803176239959605	0.2670072041800354	0.25267517182400423
0.4512249421907296	0.29193761572061033	0.25683744208866016
0.4508121230045061	0.2866541420195119	0.2625337349759821
0.4736567392369415	0.275049372666867	0.2512938880961916
0.45063238680127793	0.2895648844713197	0.2598027287274025
0.4635923527258356	0.285976568473863	0.2504310788003015
0.45996904014259576	0.28327657170381476	0.2567543881535896
0.465175088166833	0.27673470157097213	0.258090210262195
0.45191688712573064	0.2879743885792302	0.26010872429503923
0.4553055651847687	0.2817464875149923	0.26294794730023907
0.4576484962541135	0.2853337682991072	0.25701773544677936
0.4594884987526578	0.2859431696433279	0.2545683316040144
0.4517008748562999	0.29378763719020956	0.25451148795349066
0.47398094712829764	0.27024313764868113	0.25577591522302134
0.4591814631539838	0.2886748830749314	0.252143653771085
0.48775124028966954	0.2663641879695426	0.24588457174078795
0.470303857009405	0.2852421430080451	0.2444539999825499
0.46553641801555545	0.27714267702533807	0.25732090495910653
0.4825906604269203	0.2656342451238575	0.2517750944492223
0.4781036664817374	0.2667305855883035	0.2551657479299592
0.4655880673602178	0.2911103548351456	0.24330157780463674
0.4557807695883432	0.28042030412568403	0.2637989262859729
0.47941289024444617	0.2675107166131735	0.25307639314238045
0.46865238466194087	0.2821657758608303	0.24918183947722897
0.4735503026269132	0.2722558373072531	0.2541938600658338
0.45861233247852584	0.28464187016982845	0.2567457973516458
0.46818381979028717	0.27624005447927164	0.2555761257304413
0.45343494925688277	0.28197549798035243	0.26458955276276497
0.467587737778838	0.26987584043455803	0.262536421786604
0.4646930060737061	0.2813496098983287	0.2539573840279653
0.4645654906983875	0.27851619055278537	0.2569183187488273
0.45313593456659146	0.27810756827899874	0.26875649715440986
0.4737687434118387	0.2727112745942672	0.2535199819938942
0.45846975529227973	0.27451289534155576	0.26701734936616456
0.47562261939825656	0.26854304715833976	0.2558343334434038
0.4705697860204867	0.2784617248768378	0.25096848910267555
0.4725911671059464	0.2635413758435304	0.2638674570505233
0.45128470952657557	0.28493288195095223	0.2637824085224723
0.44985883823317446	0.2862520664037494	0.26388909536307625
0.4841803451732569	0.2714163414100702	0.24440331341667296
0.4719717151588413	0.2827378153256621	0.24529046951549668
0.48615843641277096	0.25978665514573646	0.2540549084414927
0.464151624683982	0.29176606077508455	0.24408231454093357
0.4736210618585878	0.26789666489196473	0.25848227324944756
0.46556509655046363	0.2792757119562072	0.25515919149332933
0.4656259610680962	0.2823959938685238	0.2519780450633801
0.4616679386976069	0.28605508226133897	0.25227697904105423
0.4665864995533693	0.2740951165233154	0.25931838392331535
0.47171523011976735	0.2676586908707953	0.26062607900943746
0.46843647973910196	0.28109162932640186	0.2504718909344963
0.4732422677746679	0.27996610979941344	0.2467916224259188
0.4787133483666844	0.2664032960850027	0.25488335554831304
0.4559537076488909	0.2771731231477288	0.2668731692033804
0.45988872879783305	0.28832480972911656	0.2517864614730505
0.47210452750402376	0.2825621431870786	0.24533332930889767
0.4704155292117864	0.27185065922034646	0.25773381156786723
0.480443550323187	0.2725045511322406	0.24705189854457257
0.47104999226414723	0.27295169571832045	0.2559983120175324
0.47253896548889557	0.2745951856507947	0.2528658488603098
0.47205067039565574	0.27055309844770237	0.257396231156642
0.46230743209158415	0.28080783459963377	0.2568847333087822
0.4872491834948337	0.26004204323257374	0.25270877327259267
0.4525855359891696	0.2880000013832182	0.25941446262761225
0.46835125621910767	0.2827282430580513	0.24892050072284114
0.4547356200430001	0.28885133728196516	0.25641304267503484
0.45754287819419887	0.2825249387353925	0.2599321830704088
0.4657235753402884	0.27583253417457854	0.25844389048513317
0.46011189255549345	0.27884659353683	0.26104151390767666
0.46722400068269515	0.2816945729108324	0.2510814264064726
0.45596663966085205	0.2920895662152875	0.25194379412386053
0.46094562048122545	0.2903554235530479	0.24869895596572672
0.44975373077064595	0.29120152402082244	0.25904474520853166
0.4883116956948526	0.26028420719630735	0.25140409710884015
0.4786640129476538	0.25980002739148705	0.2615359596608593
0.4784618878518292	0.27719529618953415	0.24434281595863672
0.4822226327623701	0.26689314506387873	0.2508842221737513
0.46507861531196026	0.28860943437639336	0.2463119503116465
0.4627930954414932	0.2764982600675704	0.2607086444909365
0.4753252598213071	0.27185727376592217	0.25281746641277086
0.45400244510278676	0.293905994064507	0.25209156083270634
0.4572339544302707	0.29268620257867145	0.25007984299105795
0.4675251895817687	0.28737204811700234	0.2451027623012291
0.44875243522294395	0.2904226658389601	0.2608248989380961
0.46753738445397486	0.28088297573408916	0.2515796398119361
0.4688881845902925	0.275793754634464	0.2553180607752436
0.4783967203819337	0.27581893280882686	0.24578434680923955
0.47915403782914345	0.26205240760079845	0.2587935545700582
0.44907317556144527	0.28232151514435055	0.2686053092942043
0.4724852334099248	0.27045099108374204	0.25706377550633325
0.47236681159630955	0.2664463649261762	0.2611868234775143
0.45214378036688735	0.2871079220204833	0.2607482976126294
0.4842572653537989	0.27087541261494974	0.24486732203125144
0.4553775185115857	0.2911988752563259	0.2534236062320886
0.4778257136558081	0.2787596605790771	0.2434146257651149
0.47534309422820487	0.2760210199161786	0.24863588585561663
0.4878525584966904	0.2657292967561388	0.24641814474717094
0.48131801097239746	0.2613382794803746	0.25734370954722807
0.47070181429556845	0.2719107911729338	0.25738739453149784
0.4471054914891118	0.28735488156933653	0.2655396269415518
0.48956391896287166	0.2624360357816211	0.2480000452555074
0.4463645040802814	0.29370809393900643	0.25992740198071224
0.46964996117485047	0.2624447774051867	0.267905261419963
0.46147981607844835	0.29332763194880473	0.24519255197274706
0.4810266791752979	0.26062716663171503	0.2583461541929872
0.4708501512629492	0.26962654649890905	0.2595233022381419
0.4883359137038873	0.26485556482056055	0.2468085214755522
0.47596607774314764	0.2797071879337475	0.24432673432310498
0.446366519981598	0.2894011680278037	0.26423231199059843
0.47417327068235937	0.26713195032532333	0.2586947789923174
0.4713898491473367	0.27866527915288836	0.24994487169977503
0.478177563600399	0.27355679482945594	0.2482656415701452
0.4727984226212851	0.26461244658005484	0.2625891307986602
0.4605015304625313	0.27453596736274244	0.26496250217472633
0.4708393829988974	0.28570154850046153	0.2434590685006412
0.4570822767742988	0.2754444632298824	0.26747325999581895
0.47880820356959464	0.25980416473404233	0.2613876316963631
0.48183697967484695	0.2612921012650601	0.2568709190600931
0.4643503476156706	0.26748362055099795	0.2681660318333315
0.45714827689342047	0.2842164387478882	0.25863528435869143
0.4628216323919796	0.27836945187593376	0.25880891573208675
0.48123976763768356	0.26473052017844717	0.2540297121838694
0.4593510296550565	0.2720127636278085	0.2686362067171351
0.46655880344436473	0.2753116896865247	0.2581295068691107
0.46664340629320666	0.2816770385940768	0.25167955511271667
0.4609036820468476	0.2917601285406004	0.2473361894125521
0.4746888668980388	0.2664803497101766	0.2588307833917848
0.45398444786861614	0.28766455594963974	0.2583509961817442
0.4809731103443735	0.26239535790844104	0.25663153174718556
0.4732270772952637	0.26633614949548334	0.26043677320925307
0.46103003234634543	0.2916130250293212	0.2473569426243335
0.48987669595028427	0.26359574272876163	0.2465275613209542
0.4793568841301522	0.2699856270498775	0.25065748881997035
0.4508898006353843	0.28819977953418247	0.26091041983043334
0.4488938586913249	0.28320287771700087	0.2679032635916744
0.4591898109343459	0.28444005452720417	0.25637013453845003
0.4672778272626235	0.2793324361998065	0.25338973653757013
0.4898980053302182	0.26455405610365545	0.2455479385661264
0.47410138049159545	0.27582085373817755	0.25007776577022717
0.45870179375680575	0.2734853272397517	0.26781287900344264
0.47334494508566455	0.2670268315056254	0.25962822340871017
0.4687913690626413	0.27135270094184005	0.25985592999551876
0.4647454343585164	0.2820286983860396	0.2532258672554441
0.46160214818115713	0.2753977111266329	0.26300014069221
0.4752082443695401	0.2786693596993141	0.24612239593114582
0.4526119989133618	0.29381038751384736	0.253577613572791
0.4759206860641919	0.27115932215158883	0.2529199917842193
0.4565414949898855	0.2761000041535048	0.26735850085660984
0.46957101851658456	0.27913714478868235	0.2512918366947332
0.4712804830769282	0.27138295746443564	0.25733655945863626
0.4631355388372848	0.28099178709464934	0.25587267406806596
0.48550992997299564	0.2602286840336513	0.25426138599335313
0.46925258099637257	0.2793497816739947	0.25139763732963283
0.48038525623250666	0.27407486760049826	0.24553987616699519
0.46424685562763435	0.2854966212606877	0.250256523111678
0.461759343823754	0.283101363048497	0.2551392931277491
0.44674312304715447	0.28545309382344974	0.26780378312939584
0.4606728788889132	0.2782894111795929	0.26103770993149406
0.4877857977160056	0.2600974004882958	0.2521168017956987
0.47286206082224447	0.2751658868747772	0.2519720523029784
0.46357331242073735	0.273105464071254	0.26332122350800874
0.47055641189466824	0.2632496103450199	0.26619397776031195
0.4521684886443616	0.29262150080294663	0.2552100105526919
0.4722617417087189	0.28325902007398757	0.24447923821729367
0.46023122032214436	0.29142961199271494	0.24833916768514083
0.4795266047204237	0.2710134017912334	0.24945999348834302
0.4766869227753273	0.2614714823081147	0.2618415949165581
0.47506928771980445	0.26748486441505903	0.25744584786513663
0.4623319519382761	0.27581125767352116	0.26185679038820286
0.4816094810314871	0.2601724640083025	0.25821805496021055
0.4625925847211803	0.2896929239971926	0.2477144912816272
0.4747543480387429	0.2705238705360622	0.254721781425195
0.4744853104188111	0.26029300896196295	0.2652216806192261
0.4833252937007744	0.2687248180968911	0.24794988820233466
0.48740732532687914	0.2648068301025375	0.24778584457058345
0.47512158248538133	0.2686995890406258	0.256178828473993
0.468498191647514	0.2637230819743168	0.2677787263781693
0.47652083352391633	0.2714466190750366	0.2520325474010472
0.4665339008560163	0.27140315135968446	0.26206294778429934
0.4630392558745666	0.2752340682406331	0.26172667588480036
0.463174458716991	0.271617436913136	0.2652081043698731
0.46119895404783373	0.2825707821165601	0.25623026383560626
0.45561053953262465	0.2836288411140187	0.26076061935335676
0.4532017419113322	0.2854564661043338	0.26134179198433405
0.455321203686325	0.2891352738486143	0.25554352246506074
0.4715585307012601	0.2812961256367953	0.24714534366194474
0.4859935180392857	0.2602137284987081	0.2537927534620063
0.47212076769929684	0.2802516471537169	0.24762758514698632
0.4822878865572222	0.2704077806352141	0.24730433280756378
0.4585530950320275	0.27606521897048	0.2653816859974926
0.4867205788092871	0.26099621363580394	0.2522832075549091
0.4844270762698311	0.2639694607971148	0.25160346293305424
0.4628206154591493	0.279813256235923	0.2573661283049278
0.4861629042997545	0.25991464845038237	0.25392244724986324
0.4851678184942782	0.26497586504727755	0.24985631645844433
0.4658445495825836	0.27189755141978	0.2622578989976366
0.4644250543413336	0.2675075205639451	0.2680674250947214
0.45873673808618515	0.28323495411240673	0.25802830780140823
0.47167373186205597	0.2777767567878979	0.25054951135004616
0.48968011448916693	0.266152682159143	0.24416720335169018
0.4698320246814828	0.28457311128150015	0.24559486403701716
0.4564928397363404	0.28821603705009663	0.25529112321356306
0.4787265841704359	0.2734264378277229	0.24784697800184124
0.4556774496300376	0.279789728291419	0.2645328220785435
0.47628602360313327	0.27388271030527256	0.24983126609159428
0.4780598203373154	0.2663531061637947	0.25558707349889
0.47315746632268657	0.28207878994521673	0.24476374373209678
0.4621163589740061	0.2897506038510965	0.24813303717489746
0.4487048055491488	0.2849601131878666	0.26633508126298466
0.4470903969241329	0.2841073261763656	0.26880227689950165
0.46408475533011095	0.2741465874353555	0.26176865723453363
0.4827578186582339	0.2665163600024977	0.2507258213392686
0.4814946031083469	0.26348590200611766	0.25501949488553555
0.4670713743138224	0.2894519402568615	0.24347668542931616
0.46692594751001426	0.26603995481813525	0.2670340976718506
0.46435926000134153	0.2790669102683563	0.25657382973030224
0.4808494531673385	0.27086855776671354	0.24828198906594803
0.46579429656535165	0.2835498476125725	0.25065585582207595
0.4642448269021343	0.27599105088170084	0.25976412221616496
0.465009663522104	0.2841980860049599	0.2507922504729362
0.4673106116604949	0.27067658008666007	0.2620128082528451
0.4630784198600697	0.26938147921016065	0.26754010092976976
0.4656148129815997	0.2758045522924509	0.2585806347259496
0.48945634061211674	0.2634722926270408	0.24707136676084257
