0.18665984009165865	0.10150499012973933	0.018954647582460404	4.538149778021694E-6	0.030754212863158756	0.009112371849454473	0.1913447076628509	0.06892591778066343	0.0296468473835398	0.36309192650669614
0.18665915644552797	0.10150474522821983	0.01895452957188415	4.537744347332673E-6	0.030755071454854677	0.009113091442585541	0.191344800291755	0.06892627811907517	0.029646790321931057	0.3630909993798191
0.1866589986339814	0.10150483548153763	0.018954434257831665	4.536635993715454E-6	0.030755233792520056	0.009113416722697928	0.19134486129438075	0.06892612752106482	0.029646910651278807	0.3630906450087131
0.18665928600347598	0.10150499340991553	0.01895424631349829	4.537288864514544E-6	0.0307552929624631	0.009113606091504162	0.1913447319382306	0.06892615395649943	0.02964670498836984	0.36309044704717847
0.18665914597614502	0.10150493839899018	0.01895411843081936	4.538612532370423E-6	0.03075512612530941	0.009113346341148076	0.19134496607868556	0.06892650119045826	0.029647003251331155	0.3630903155945804
0.18665915071796174	0.10150486954404717	0.018954592663159783	4.5384358644678935E-6	0.03075496906635257	0.009113614773198928	0.1913446448136219	0.06892628932952119	0.029647097561882413	0.36309023309438976
0.18665948358290407	0.10150471289050686	0.018954272755830004	4.538368328727005E-6	0.030755202157265973	0.009114249951225228	0.19134499609441843	0.06892583532029362	0.02964682381249717	0.3630898850667297
0.18665948774814078	0.10150477315733299	0.018954314399107303	4.537407227223067E-6	0.030755379575641464	0.00911428270855745	0.1913447154317171	0.06892593432145867	0.029646849821825638	0.3630897254289912
0.18665941350094667	0.10150379864910487	0.018954625828756247	4.536642573757521E-6	0.030755589740632583	0.0091148026882302	0.1913444715428332	0.06892593034071241	0.029646760125137353	0.3630900709410726
0.18665954565566417	0.10150401761279561	0.018954496175425897	4.537049154096362E-6	0.030755450080871702	0.009114754660538099	0.19134396682874877	0.06892651357860387	0.02964671621895469	0.36309000213924303
0.18666013618019933	0.10150388217513653	0.018954418524210537	4.536671084409694E-6	0.030755514100059833	0.009114554708861564	0.19134390129105772	0.06892624585104463	0.029647064118421565	0.3630897463799237
0.18666052518700088	0.10150358280692037	0.01895421998456355	4.537139236801546E-6	0.03075590410485554	0.009114115205789572	0.1913438381356688	0.06892661769597641	0.02964698003407594	0.363089679705912
0.18666062969104058	0.10150335721621097	0.018953445010858008	4.538121643346549E-6	0.030756123838925828	0.009114610997693604	0.19134448586133757	0.06892608238710819	0.029646948187067257	0.36308977868811454
0.18666072671535747	0.10150330026343779	0.018953982994107194	4.536468264010329E-6	0.03075601845636343	0.009113719145657478	0.19134487687097235	0.06892586246505343	0.02964749293980698	0.36308948368097976
0.186660554916366	0.1015032201284311	0.018954441095248062	4.536593950721368E-6	0.03075626514446593	0.00911361736012549	0.19134483552653642	0.0689260765705707	0.02964721843211733	0.363089234232188
0.18666100290493265	0.10150321290270549	0.018953809362281665	4.5377129460622E-6	0.03075629986641526	0.00911341025729262	0.19134487543941248	0.06892600101407881	0.029647500375333313	0.36308935016460153
0.18666074288839024	0.10150317936625296	0.018954044854628913	4.5385088855709466E-6	0.03075650484427435	0.009113549610869437	0.19134427024734763	0.06892597433635887	0.029647940802664904	0.363089254540327
0.18666096203406563	0.10150302523744467	0.018954475894241832	4.536388513706746E-6	0.030756208420330833	0.009113318311699994	0.19134416354771616	0.0689258565753946	0.029648172977388407	0.363089280613204
0.18666018220182792	0.10150380609659022	0.018954167101314617	4.537003801624584E-6	0.030756982159479987	0.009112367285210102	0.19134296304895512	0.0689266074220718	0.029648736747629023	0.3630896509331194
0.1866595862289334	0.10150328970003394	0.018952780517232037	4.53639214210988E-6	0.030755206684552366	0.009112955002436612	0.19134392003269757	0.06892697043080906	0.029651890578716575	0.36308886443244615
0.1866579432203141	0.10150414375717334	0.01895258888178078	4.537041568469791E-6	0.03075549715768615	0.009112569297747647	0.19134260338136838	0.06892798206937122	0.029654003713191324	0.3630881314797984
0.1866583533707405	0.10150450876401419	0.018951390757430533	4.53649275661272E-6	0.030755330367157427	0.009113078134980454	0.19134497112334728	0.06892710405062286	0.02965324730547321	0.3630874796334768
0.1866587267521644	0.10150428492719202	0.01895113399671859	4.536587223921695E-6	0.03075563457896871	0.009112953861128426	0.1913448334527304	0.06892741928945495	0.02965299297223767	0.3630874835821807
0.18665907118790775	0.10150453746927839	0.01895114206928271	4.537672810778215E-6	0.030755522965940058	0.00911300059519253	0.19134483196208796	0.06892724205513079	0.029652827363347734	0.36308728665902107
0.18665961797556457	0.10150442196409495	0.01895119162553996	4.53647318648942E-6	0.030755484345180953	0.00911250845355377	0.19134493350392437	0.06892762557362592	0.029653722198562188	0.36308595788676673
0.18665993055031138	0.10150406684371209	0.01895139410735988	4.536450576311801E-6	0.030755135945130865	0.009112711189773928	0.19134485673321777	0.06892816321620936	0.029653827718388384	0.36308537724531986
0.18665964036516183	0.10150363490222958	0.018951129238254302	4.537384499528341E-6	0.03075570090739095	0.00911298537235751	0.19134478021915768	0.06892761027179223	0.029653619017979152	0.3630863623211771
0.18666001944706845	0.10150336187885264	0.018951123961772426	4.5385107753648235E-6	0.030755812002421792	0.009113187007949455	0.19134479255055692	0.06892744591118756	0.029653325051769153	0.36308639367764606
0.18666089133662797	0.10150318835372926	0.018951644553419855	4.536981687230934E-6	0.03075598931618466	0.009113081571943057	0.19134417162837009	0.06892789518803097	0.02965352838373911	0.3630850726862676
0.1866611318458441	0.1015033068500988	0.018951415661316626	4.538587086447277E-6	0.03075641714357169	0.009112667315263487	0.19134397014271032	0.06892883309455534	0.02965342298738581	0.3630842963721672
0.18665964075443414	0.10150441455492527	0.018951190899984968	4.537339032301135E-6	0.030758094701175964	0.00911237402990027	0.19134380425190772	0.06892908689300754	0.029652423349679366	0.36308443322595235
0.18665950119968797	0.10150484868317838	0.018951293655460624	4.538523529759586E-6	0.030758347906884934	0.009112389143084418	0.1913434738914318	0.06892918056806346	0.029652100609271245	0.3630843258194072
0.1866591532913613	0.10150499022495417	0.01895132949596294	4.536971285482028E-6	0.03075830171212364	0.009112449776139231	0.1913436481162884	0.06892887977512321	0.029652106384310553	0.3630846042524509
0.18665916606324995	0.10150496274979995	0.01895109553599121	4.536580505740129E-6	0.03075853041737485	0.009112863962971382	0.19134339854488897	0.06892890186398332	0.02965187783468079	0.36308466644655374
0.18665886120878408	0.10150465332156461	0.01895083500515904	4.536545365071976E-6	0.030759178446652102	0.009112675884544383	0.19134362619613782	0.06892860572762839	0.029652143880200224	0.3630848837839641
0.18665892192937783	0.10150376718410659	0.018951323820544458	4.5383305266044616E-6	0.030758763970803696	0.009112384217672423	0.19134458164397883	0.06892786275344602	0.02965255407923928	0.3630853020703041
0.18665861016594457	0.10150395224474426	0.018951250942624523	4.537517600711194E-6	0.03075902929707848	0.009112424167014646	0.19134463877978458	0.0689275594404204	0.029652691216344007	0.3630853062284437
0.18665854546016722	0.10150391984983934	0.01895087304795902	4.5376545301095694E-6	0.030758726430761996	0.009112572953082113	0.19134401946370333	0.06892766868629543	0.029652818169760106	0.36308631828390125
0.18665832227672435	0.10150448269143603	0.01895122032060581	4.538402825243759E-6	0.03075940886371631	0.00911257808390506	0.19134413895163252	0.06892649452682098	0.02965204346635572	0.3630867724159778
0.18665805734302915	0.10150460306107721	0.01895141552600413	4.537839533524934E-6	0.03075940778468611	0.009112613906291325	0.19134430964024218	0.06892601627664051	0.02965225269986692	0.3630867859226288
0.18665809676200756	0.101504978040874	0.018950880060615585	4.5376947196834605E-6	0.03076021284547696	0.009112341434690488	0.19134407528425768	0.06892600395563676	0.029652303224239562	0.36308657069748157
0.18665782508541512	0.10150433934136512	0.018950328308300388	4.538442789123187E-6	0.03076029530321825	0.00911281987063052	0.19134440909432804	0.06892610532266044	0.029652227914151924	0.36308711131714094
0.1866577173461677	0.1015025044264612	0.018949490540201494	4.536748623759634E-6	0.03075879254485782	0.00911642490637836	0.19134374252508263	0.06892671185064023	0.029653463988611642	0.363086615122975
0.1866571788132887	0.101502729580222	0.018949240751686552	4.536490859644027E-6	0.03075928107120099	0.00911685090224805	0.19134387252125182	0.06892634481786687	0.02965394053436099	0.36308602451701427
0.18665734032705988	0.10150235907056299	0.01894989472253704	4.5384411538479386E-6	0.030759026210725612	0.009116635940474127	0.19134380112422728	0.06892641011005698	0.029654118701125068	0.3630858753520769
0.18665866675023246	0.10150224030460143	0.018949706059614074	4.537070436572144E-6	0.03075939422203572	0.009115802655701888	0.19134323635553596	0.0689260236738817	0.029653895505222377	0.36308649740273774
0.18665786829862185	0.10150208039534556	0.018950353557582386	4.537843640059491E-6	0.030759526229011347	0.009115516703683782	0.1913429518091619	0.06892613985737497	0.02965403891840175	0.3630869863871762
0.18665803518160928	0.10150243610028753	0.018950901091066688	4.536590616041614E-6	0.030760062806285085	0.009114723173985137	0.1913433812669308	0.06892587561894266	0.029653165509231527	0.3630868826610451
0.1866577614151968	0.10150243173973875	0.018950780972986955	4.536447004974131E-6	0.030760270027254122	0.00911511081526846	0.1913436058595128	0.06892593450728571	0.029653016203193036	0.36308655201255824
0.18665947660596643	0.10150070292344099	0.01895075399174008	4.538495823172561E-6	0.03076214574057938	0.009115779383769854	0.19134315484522973	0.06892610813611492	0.029651895446363596	0.3630854444309718
0.18665945247802618	0.10150042425299645	0.018950716755431418	4.5385110965801E-6	0.03076236874776779	0.009115634208158738	0.19134318310747211	0.06892608176550838	0.02965202344465445	0.36308557672888764
0.18666042277892003	0.10150007025325294	0.018949861782144403	4.538001797893543E-6	0.030762331371925508	0.009114810210937893	0.19134280151876512	0.06892639917543908	0.029652472394362014	0.36308629251245494
0.1866594654048934	0.10150018644456359	0.018952137836056884	4.537606250257231E-6	0.03076295469976492	0.009113828534461826	0.19134256744183686	0.0689268524749575	0.029652837449615374	0.3630846321075992
0.18665869888103692	0.1015006049153133	0.018952088525805016	4.536439942845472E-6	0.03076282194791248	0.009113945263619541	0.19134256152791748	0.06892649603409101	0.029653523549910174	0.3630847229144511
0.18665882264758157	0.10150050811985384	0.018951696324609663	4.536473590943668E-6	0.030762557278351324	0.009114424279960426	0.19134234917595314	0.06892657203506238	0.029653924403152107	0.36308460926188446
0.18665906705012256	0.10149952934610361	0.018951196303516535	4.537979481564203E-6	0.030762993272692288	0.009114654030095856	0.19134243379585492	0.06892695214947608	0.029653745823214825	0.36308489024944157
0.18665924938542897	0.10149955314042013	0.018950509041653546	4.536888854073107E-6	0.030763356760433527	0.009114735179994726	0.1913423353606093	0.06892743543540325	0.02965349754371245	0.3630847912634899
0.18665953983549433	0.10149769850781279	0.018950704886616695	4.538623137637088E-6	0.030763837421199522	0.00911476135626342	0.19134355947854254	0.06892740956310753	0.029653431502263225	0.3630845188255621
0.18665749667403597	0.10149625113219135	0.018949231307371944	4.537460860418174E-6	0.030766068118567927	0.00911523422685287	0.1913434901759102	0.06892687049828868	0.029653640974386677	0.3630871794315338
0.1866577371873397	0.10149590540602825	0.018948953422723278	4.538018956237733E-6	0.030765823659310493	0.009115054077119641	0.19134349897532832	0.06892682027202776	0.029654262395875777	0.36308740658529043
0.18665767328025076	0.10149478920391647	0.018949816144089734	4.538489162472792E-6	0.030765823554762886	0.009115300389273454	0.19134359473782103	0.06892633305067827	0.02965323487224046	0.3630888962778042
0.1866578255758874	0.1014947910021858	0.018949655263617096	4.53671938070721E-6	0.030766570482807412	0.009115278643242783	0.19134359241560983	0.06892683499467829	0.029652716276138996	0.36308819862645153
0.1866560654968242	0.10149479704304352	0.018950876676319242	4.536470431651396E-6	0.03076435265318188	0.009116191481822536	0.19134317056492828	0.06892704856482099	0.029653709615602666	0.36308925143302484
0.18665649952430358	0.10149538953777605	0.01895194514061442	4.5368065297451965E-6	0.030765626189230386	0.009115092774994005	0.19134276782777201	0.06892634504783618	0.029652878838155997	0.36308891831278745
0.18665411554067335	0.10149531474666139	0.01895201741465785	4.536748265365764E-6	0.030766564505895155	0.009116889304523729	0.19134140099366906	0.06892677110650579	0.029652639342513443	0.3630897502966347
0.18665515280607398	0.10149263336775394	0.01895295548641511	4.538152939284612E-6	0.030765234630123997	0.009116799643029264	0.19134450546277607	0.06892641210125638	0.029653489095942023	0.36308827925368975
0.18665543811285012	0.10149218323668033	0.018953097310253866	4.5385722090701686E-6	0.030764775581941586	0.009117189522651434	0.19134455364237846	0.06892597353915844	0.02965376658120432	0.36308848390067217
0.18665472239546266	0.10149171360680789	0.01895412760267101	4.5364570707140395E-6	0.03076736622699469	0.009112704117722345	0.19134144809640125	0.06893099904968743	0.029650954234324067	0.3630914282128578
0.18665510784550082	0.10149085139160469	0.018954329973683848	4.537700653228782E-6	0.030766923611743657	0.009112703249010645	0.1913421288776384	0.06893132999576244	0.029650222397868298	0.3630918649565337
0.1866575358704149	0.10149130476560667	0.01895387722282528	4.536867889842755E-6	0.030768038301333303	0.009113094620988249	0.19133973962845885	0.06893105047515784	0.029649393697690152	0.3630914285496347
0.18665740640378342	0.10149117551933523	0.01895423781016381	4.538058161890346E-6	0.030768028517107512	0.009113326151780454	0.19133987516759168	0.0689308256141201	0.029649066949962485	0.3630915198079933
0.18665776826473512	0.10149129451820108	0.018954233269321524	4.538244384330592E-6	0.03076780635744933	0.009113166437012946	0.1913397580354982	0.06893075148331979	0.0296492961867858	0.3630913872032918
0.18665777083141247	0.10149328729124707	0.018954176747785975	4.538538116494184E-6	0.030768493346691586	0.009114951945210975	0.19133933544702433	0.06892963473879314	0.029646770837906775	0.363091040275811
0.186657822578835	0.10149314360583338	0.018954092468032688	4.538130596795642E-6	0.030768817987369967	0.009115682034222874	0.1913391001719994	0.06892933185604515	0.029646827753822477	0.3630906434132421
0.18665765394230682	0.1014927299012789	0.01895413238269679	4.5383581689512065E-6	0.030768978119817422	0.009115922291933101	0.19133888476404176	0.06892993502651965	0.029646909880034225	0.36309031533320224
0.1866576391459778	0.10149240161047543	0.018954274451119177	4.537399980367174E-6	0.03076880808528548	0.009116193135876846	0.19133847783407865	0.06892995717769207	0.02964723901496641	0.36309047214454765
0.18665850220929148	0.1014941186327384	0.01895289405428599	4.536592555004493E-6	0.030768863755735856	0.009117087396780257	0.1913351727178878	0.06892927713356442	0.029648230024656788	0.3630913174825038
0.18666165655413475	0.10149277278284519	0.018953431543921706	4.537800115542168E-6	0.030768513819475457	0.009119226373055248	0.19133317210104134	0.06892715727466599	0.029650669793934756	0.36308886195680995
0.18666028284796143	0.10149173948043058	0.01895438421082017	4.536475180547117E-6	0.03076764854975371	0.009120561592954199	0.1913344984443462	0.06892636858683227	0.029650965565598777	0.36308901424612194
0.1866604063169513	0.10149151592955721	0.018954651405986137	4.5368766278391925E-6	0.0307682180576251	0.009120465466259428	0.19133411873618644	0.0689262988769001	0.029650965701757973	0.36308882263214837
0.18666119329017528	0.10149129732375206	0.018953742670367743	4.536521030287788E-6	0.030768730602743793	0.009119537740601022	0.1913343154676908	0.06892678163255342	0.029651590661450025	0.36308827408963545
0.18666095923417192	0.10149199201565866	0.0189516305219372	4.537919050431882E-6	0.030769685240058714	0.009119946179220892	0.19133132014946508	0.06892680714009301	0.02965240441393674	0.3630907171864072
0.18666031995603116	0.10149146311312185	0.018951018386216115	4.537181879829544E-6	0.030770277891533027	0.009120564249713456	0.1913328849350745	0.06892653894563393	0.029651316151634757	0.36309107918916117
0.18665979614960504	0.10149238386302652	0.018950457368487675	4.536495171139632E-6	0.030769862991696956	0.009120478234393617	0.19133231715091087	0.06892723126494582	0.029651659406338682	0.36309127707542355
0.18665937459023102	0.1014928665615928	0.01895107907871793	4.537160235518201E-6	0.030769012622677602	0.009120568800047427	0.19133331303312034	0.06892692409294447	0.02965148203527719	0.36309084202515557
0.18665823033934895	0.1014925656035351	0.01895266731745522	4.536670198784787E-6	0.030769529294272444	0.0091216350758139	0.1913330240797524	0.06892785766492746	0.029650387495391187	0.3630895664593044
0.1866570400904709	0.10149232420184189	0.01895256941099091	4.536408128877345E-6	0.03077014678404172	0.009121219737901629	0.19133318423648019	0.06892834242741842	0.02965065554438774	0.3630899811583375
0.186657782442537	0.10149090494072081	0.01895217306678805	4.5383190947351215E-6	0.030770820581008593	0.00912059844499448	0.19133389416472432	0.0689296257244219	0.029649106213315346	0.3630905561023946
0.1866578776546728	0.10149120718232696	0.018952707207938818	4.538128735270819E-6	0.030770940869334892	0.009120620696677503	0.19133364120300517	0.06892893573838624	0.029648669302199615	0.3630908620167226
0.18665811467506888	0.1014914541369053	0.018952309829257177	4.537866804654733E-6	0.03077107533550834	0.009120232782069401	0.19133371534300847	0.06892909764180538	0.029648708660832176	0.36309075372874006
0.18665934495494246	0.10149283849717897	0.018951919285584443	4.537030271520304E-6	0.030769717599199664	0.009119972618078356	0.19133348059770156	0.06893095718371217	0.029648087183831134	0.36308914504949963
0.18665890277646743	0.10149340416549299	0.018951697365136494	4.536592932619099E-6	0.030769300308429573	0.00911977901385716	0.19133417350420484	0.068931013874593	0.029648534410749036	0.3630886579881366
0.1866533294676011	0.1014967235877505	0.018952372434109868	4.538465676287573E-6	0.030767085564896948	0.009118864681928615	0.191333533056617	0.06893200529192559	0.029650526899168236	0.36309102055032566
0.18665557128729854	0.10149709628635595	0.01894932374965	4.538428147654594E-6	0.030767511528789246	0.00911862501756687	0.19133441654287292	0.06893220616013643	0.029651080270467575	0.36308963072871464
0.18665521934713736	0.1014956987284803	0.018949374119262466	4.538275611434828E-6	0.0307672780188495	0.009119342676765466	0.1913355442384636	0.06893324833286346	0.029649698325459953	0.36309005793710636
0.18665560296082412	0.10149587961576816	0.018949693712289634	4.537450118080599E-6	0.03076711244807262	0.009118646047221901	0.19133534492044335	0.0689334426145795	0.029649476708961064	0.3630902635217214
0.18665566246923043	0.10149638219464971	0.018949596426096504	4.537075134439239E-6	0.030767113801730778	0.009118877414267035	0.1913349064871825	0.06893291068239961	0.029649638498925115	0.3630903749503837
0.18665574903120902	0.10149645608360416	0.018949542732996275	4.537624587921951E-6	0.030767031174197906	0.009118797179557589	0.1913348052689625	0.06893331610176602	0.02964929031936421	0.3630904744837542
0.18665552869261265	0.10149688734613846	0.018949572404436205	4.536392268592038E-6	0.030767406440854975	0.009118557541205594	0.19133431971600556	0.0689330071096811	0.029649663410537666	0.3630905209462591
0.18665433075740773	0.10149837562793625	0.018950088498812204	4.537850710209512E-6	0.030772744604545307	0.009122277231698159	0.19133386142671605	0.0689308206336884	0.02964762792979679	0.3630853354386887
0.18665355609927098	0.101498873383524	0.018949037914893996	4.538241083901218E-6	0.030773453715758	0.0091219788394164	0.1913339662644172	0.06892960146738801	0.02964872378646584	0.36308627028778145
0.18665501436758677	0.10149668801027968	0.018950171464280116	4.538485372407308E-6	0.03077244252358026	0.00912079710960502	0.1913324433475071	0.06893082415761381	0.029651479861711114	0.36308560067246354
0.18665469347194774	0.10149654266710145	0.01895006040429932	4.536500975080293E-6	0.030772963257664668	0.009120849767677311	0.19133309340637333	0.06893112057951067	0.02965114544865652	0.3630849944957938
0.18665395854090436	0.10149485584969573	0.01894932201136755	4.536588461098723E-6	0.030774494613538303	0.009119993248093775	0.19133242247426474	0.0689323322241666	0.029653293061748506	0.3630847913877592
0.1866539559232267	0.10149482171948151	0.018949657287608668	4.5380098190050955E-6	0.030774412502249743	0.009119782142047714	0.19133252705089288	0.06893258435527924	0.029652708245590714	0.36308501276380367
0.18665227230022247	0.10149185412746646	0.01895139463690236	4.538249824811991E-6	0.030782459688703925	0.00911976248354883	0.19133131913470208	0.06892624256342533	0.0296563421709906	0.36308381464421297
0.18665296428518646	0.10149109407620949	0.018952026761255042	4.5377090958920174E-6	0.03078408112523394	0.009118235318009593	0.19133160850670566	0.06892625056111233	0.029655394041198185	0.3630838076159931
0.186650021628066	0.10149008263040214	0.01895233397714753	4.536807972729817E-6	0.03078153418311884	0.00911845318237782	0.19133446586588215	0.0689268385036705	0.029656231237595018	0.36308550198376727
0.1866501995486487	0.10149011413375966	0.018951885702496576	4.538510967280751E-6	0.030781365787629925	0.009118542847054836	0.19133447867509545	0.06892688430715234	0.029656192291522013	0.363085798195673
0.18665089782107996	0.10148972040026603	0.018951666101455003	4.538025187059147E-6	0.030781240306161736	0.009117909206142569	0.1913349427310933	0.0689261397675989	0.029656607741479657	0.3630863378995356
0.18665098737706642	0.10148972269561826	0.018952059698706766	4.538473825685396E-6	0.030781480443380874	0.00911791866970553	0.19133444021419183	0.06892634582777996	0.02965609938586279	0.3630864072138617
0.1866511045536514	0.1014895606171397	0.018951532416743133	4.537830289488842E-6	0.030781496595355298	0.009117151916928981	0.19133412114905524	0.06892652179693733	0.029657133115160425	0.36308684000873886
0.1866513002577645	0.1014896672759779	0.018951307946291837	4.537533611917444E-6	0.030781973099144946	0.009116896846397674	0.19133409457135198	0.06892698088774976	0.029656872269586368	0.363086369312123
0.18665114805085736	0.10148943752102266	0.018951458863490492	4.538174387266891E-6	0.030782291435051193	0.009116886370409444	0.19133418013384346	0.06892666207667966	0.0296568713968918	0.3630865259773665
0.18664711974742693	0.10148988523694448	0.018942312132745207	4.537661121586933E-6	0.03078777934952258	0.0091218035545884	0.19133796442290724	0.06892837680046485	0.02965471307807753	0.3630855080162011
0.1866497668203601	0.1014861626703439	0.018942426857790948	4.536646588726434E-6	0.030787887672695788	0.009123034165413602	0.1913347964147235	0.06893096300341522	0.029659838359102367	0.3630805873895656
0.1866490292204928	0.10148669554666459	0.0189426004187649	4.537164224965862E-6	0.030787370706329434	0.009123210840972618	0.19133474438272857	0.06893063057018167	0.029660426915505703	0.36308075423413455
0.18664890345064938	0.10148665829116699	0.018942132195433545	4.538305387255526E-6	0.030787456157489027	0.009123134107262301	0.1913348165098126	0.06893067965564761	0.029660853675296875	0.3630808276518543
0.18664896991557742	0.10148598048675872	0.018941000321306023	4.53640529443633E-6	0.03078539846226698	0.009122111012111661	0.19133868712186988	0.06893168741955535	0.029662195234775354	0.363079433620484
0.18665010448036096	0.10148759220293509	0.01893823776128016	4.536387597522951E-6	0.030780661952344426	0.00912605014874733	0.19133892171538325	0.06893085858462768	0.02966633521263269	0.3630767015540907
0.18665025037437588	0.10148835574801926	0.018938911787370658	4.537212284133618E-6	0.030779487938624464	0.00912657792754129	0.19133972974689667	0.06893092641772394	0.02966533224905002	0.3630758905981135
0.18665351368360913	0.10148590529844337	0.018940880780174293	4.5364742717601825E-6	0.03077888787787625	0.009126481124073646	0.1913411508010141	0.06892819087340091	0.029663308903299407	0.363077144183837
0.1866506747172224	0.10148647332148997	0.018940941685048243	4.536533836432821E-6	0.030779741867718327	0.009128475593148791	0.19134072621810638	0.0689283225338934	0.029661930461721733	0.36307817706781415
0.18665457308209715	0.10148761299242091	0.018938080871630583	4.5371342153460725E-6	0.030781390347569312	0.009126919712336881	0.19133826814670657	0.06892779271627113	0.029658426294083842	0.36308239870266806
0.1866543750363578	0.10148668405248054	0.018937246826975798	4.5380575742215434E-6	0.030781081053762177	0.009127012351438923	0.19133890915734159	0.06892855691857039	0.02965883776931809	0.36308275877618035
0.18664647665365156	0.10149390734079407	0.01893210826084453	4.536961574652665E-6	0.030781677348179964	0.009131677924866771	0.19133884347456298	0.0689316476715423	0.029662345314790187	0.3630767790491928
0.18665388628998814	0.10149217440509394	0.01892816253693362	4.536786136030702E-6	0.030776499143071664	0.00912651885769182	0.19133880770106526	0.06893362674459746	0.029667855142901017	0.36307793239252095
0.18665332373534776	0.10149219847386966	0.018926526111034583	4.538296976955292E-6	0.03077701216234746	0.009126080615529344	0.19134023239670434	0.06893436170948254	0.029668406089313648	0.36307732040939367
0.1866515977109837	0.10149249441032751	0.018930210705843983	4.538149296420824E-6	0.030775414899733525	0.00912834431635752	0.19133495785729793	0.06893563435927089	0.02967176838215467	0.3630750392087338
0.1866526331654801	0.10149308850968108	0.018930738111522613	4.538567209264044E-6	0.03077656640248143	0.009126583978694217	0.19133519122931686	0.0689345722689516	0.029671025124757444	0.3630750626419053
0.18665314968488356	0.10149299545601459	0.018931161300461907	4.53756179777387E-6	0.03077663022538414	0.009126442375542387	0.1913351776912628	0.06893406719395773	0.029671030308666455	0.36307480820202864
0.1866537668827271	0.10149252852925351	0.01893225339534628	4.536521786183134E-6	0.03077594314897074	0.009126085694157557	0.191335470588198	0.0689329391587771	0.02967125840366465	0.3630752176771188
0.18665378726509624	0.10149247344782261	0.01893226481221731	4.537890989711468E-6	0.030776279326231712	0.009126178222483586	0.19133543454915986	0.06893293400354161	0.02967094397459595	0.36307516650786126
0.18665506543610993	0.10149075754223595	0.018931103563831056	4.537602820042785E-6	0.03077446726856735	0.009127685175684741	0.19133592571146418	0.06893475638394927	0.029671839734094416	0.3630738615812429
0.18665672720552287	0.10149058911354293	0.018929094541948646	4.5376646693046085E-6	0.03077476768827371	0.009126255446760781	0.19133553169703293	0.06893482565702111	0.029673153649030518	0.363074517336197
0.18665732137390856	0.10149053564003052	0.018928248606631295	4.536630935733643E-6	0.030775123224334164	0.009126063336099069	0.19133495835416647	0.06893539641455279	0.029673429209153362	0.3630743872101878
0.18665746164698127	0.10148854283886743	0.018930153395456534	4.5369665272188E-6	0.030779079811038543	0.009124806028192253	0.19133196219604623	0.06893393498898046	0.029673395615264594	0.36307612651264526
0.18666048339208077	0.10148757739487271	0.01893082091528353	4.537931976827947E-6	0.0307789166440776	0.009127025964841828	0.19132998614404823	0.06893350722519162	0.029671098701919876	0.36307604568570684
0.18666182892207284	0.10148972640812992	0.018929414600791908	4.537617332892041E-6	0.030777733157292944	0.009127651528886407	0.19133046714372848	0.0689332099612552	0.0296704976627592	0.36307493299775
0.18666046498296446	0.10148553945486011	0.018928367922810135	4.537241785743107E-6	0.030776830458198845	0.009129350124977745	0.19133277086295175	0.06893846784907998	0.029669194277362032	0.36307447682500915
0.18666032069564695	0.1014849912002653	0.01892866854977629	4.538060761366536E-6	0.03077661448585378	0.009129463160358925	0.19133295776234716	0.06893845478068744	0.02966962342001403	0.3630743678842886
0.18666010345116077	0.10148561012389674	0.01892819801668473	4.538059431555275E-6	0.03077567441739544	0.009130215493228816	0.19133353516753898	0.06893835615877422	0.02966868682223757	0.363075082289651
0.1866611068880901	0.10148571212399332	0.018927927783263965	4.538168504500395E-6	0.030775685675234532	0.009129593291397481	0.19133293662522505	0.068938336957127	0.029668542602076367	0.3630756198850876
0.18666165881357694	0.10148584987831652	0.018927618814179717	4.5377793270739986E-6	0.03077618327966905	0.009128938582027	0.19133335010332936	0.06893812033541197	0.029667700039591627	0.3630760423745706
0.18666174792232465	0.10148688838994326	0.01892809776496389	4.5381657335780146E-6	0.030775193054927916	0.00912898368698005	0.19133341051129688	0.06893765481479375	0.02966741273414293	0.36307607295489297
0.1866618157408675	0.1014869687932069	0.01892823681928825	4.537233802323626E-6	0.03077536164100511	0.00912935168375037	0.19133431548000412	0.06893726696942733	0.02966725414478945	0.36307489149385846
0.18666130372613354	0.1014862259589819	0.018927679585283783	4.538204877765906E-6	0.030775046164798064	0.009129144821340765	0.19133486064859734	0.06893804698364883	0.029667890333271274	0.3630752635730665
0.18666127186286868	0.10148556561694574	0.018928593151950154	4.5378571951887325E-6	0.03077548454697128	0.009129336942656094	0.19133506592806526	0.06893736891812244	0.029668019190175005	0.36307475598504996
0.18666189622958168	0.10148505908685802	0.01892771186769239	4.538364109824E-6	0.03077523465494758	0.009128964584063495	0.19133605167113704	0.06893777313043448	0.029667939716880393	0.36307483069429497
0.1866606901123631	0.1014868603743364	0.018925469679774667	4.536814792441279E-6	0.030774519341190548	0.009128421532448014	0.19133867659394077	0.06893773411935816	0.029665743296249145	0.3630773481355466
0.18666082137779533	0.1014860581277827	0.0189253422483613	4.536804784224802E-6	0.030774481631372072	0.009128728957135887	0.19133925318169803	0.06893792669738437	0.029665588829303147	0.3630772621443828
0.1866614870101408	0.10148621183011484	0.018927316579767775	4.537085948982944E-6	0.030766170498293402	0.009126831043748243	0.19133545132572322	0.06894313848390543	0.029669380174165177	0.363079475968192
0.18666191883036412	0.10148616745099827	0.018927343688436418	4.5378022294068066E-6	0.03076648772599329	0.009126975785079497	0.19133519828099887	0.06894294149575585	0.029668995220979447	0.3630794337191648
0.18666072942607798	0.10148552016047852	0.018927110177357223	4.537909991317313E-6	0.03076797687630127	0.009127040243793808	0.1913330147144776	0.06894350487630205	0.029670075143362964	0.3630804904718571
0.1866604321875121	0.10148550958932634	0.01892704381872981	4.5365468060165615E-6	0.030768810291654236	0.009127038846006352	0.1913335448845001	0.06894418497829728	0.029669598808030828	0.3630793000491368
0.1866611329041164	0.10148515004012568	0.018927865968530244	4.537981151700454E-6	0.030768450403397166	0.009127228917512206	0.1913335386291281	0.06894347549884673	0.029669562324327728	0.3630790573328638
0.18666170157782253	0.1014850953581773	0.01892833379415583	4.537057309225712E-6	0.030767927983864754	0.009127951090837902	0.1913331097863099	0.06894419181986368	0.029668903250240172	0.3630782482814185
0.18666165338300528	0.10148565320941888	0.018928128345412923	4.537850000235766E-6	0.03076803264666078	0.00912768706416775	0.19133341105905727	0.0689441229970298	0.029668179724430685	0.36307859372081625
0.18666099392217553	0.10148521493353686	0.018928059267375077	4.5382582056913146E-6	0.030768785900646647	0.009130347788868023	0.19133252491206107	0.0689445955264171	0.02966791648392983	0.36307702300678396
0.1866607549792343	0.10148529906346816	0.018927105827177534	4.537046667404954E-6	0.03076834423385552	0.009130335464851744	0.19133295565384886	0.06894565551920992	0.029668444956342188	0.3630765672553442
0.18666105343747816	0.10148546131795641	0.018926853288009346	4.536861447759777E-6	0.030768390535016746	0.00912897113389162	0.19133271973801275	0.06894523321268432	0.029668620871968712	0.363078159603534
0.1866588475107569	0.10148480472140858	0.018925461718065126	4.537509528487749E-6	0.030768315273464866	0.0091308742183384	0.19133276043845185	0.06894654489585561	0.02966762351418832	0.3630802301999417
0.18665876790698	0.10148433823390904	0.018925466296144125	4.538209579116326E-6	0.030768207964109062	0.009131074196455327	0.19133292733116858	0.0689466820513455	0.029667221432116253	0.3630807763781928
0.18665616021433631	0.10148388116526315	0.018926145868321212	4.5384087206251644E-6	0.0307687249941907	0.009133019703855175	0.1913334026038705	0.06894654000109333	0.029667204965377572	0.3630803820749712
0.1866568926852914	0.1014847104618074	0.01892366911343006	4.538204514278887E-6	0.030766380525935097	0.00913324104409842	0.19133392194339477	0.06895067275666127	0.02966562059110721	0.3630803526737599
0.1866506310096699	0.10148545084832757	0.018927509324314543	4.536735621410437E-6	0.030771313750606502	0.009141072022756658	0.19133355517133382	0.06894946074122113	0.029659894038014264	0.3630765763581341
0.18665163278649333	0.10148524043613698	0.018927428466062976	4.536723666792586E-6	0.03077113063003517	0.009141463920105924	0.19133251222022282	0.06894942088549312	0.02965954201692217	0.3630770919148607
0.1866505101683617	0.10148612681417983	0.01892749762471821	4.538148595370495E-6	0.030770458415712354	0.009141642269880304	0.19133401087781654	0.06894935640239352	0.02965932308087213	0.3630765361974699
0.18665135260776483	0.101484454897774	0.018927779082589358	4.537893219219713E-6	0.030771060027842523	0.009143140733027771	0.19133289396206207	0.0689482796870469	0.02965928151316212	0.3630772195955111
0.18665248155342742	0.10148403206415453	0.018928766140258388	4.537338382806788E-6	0.03076947099690998	0.009141695713704781	0.19133285766579167	0.06894952603995033	0.029659414095292977	0.36307721839212687
0.18665223813466117	0.10148430018434627	0.018928585638270948	4.537265251028377E-6	0.030768418027996416	0.009141534346094701	0.19133299735237602	0.06894909208099606	0.02965919192472527	0.3630791050452819
0.18665151360766696	0.10148410555120473	0.018926779526603973	4.5378665275985774E-6	0.030768844873047818	0.009141600164232142	0.19133422689381346	0.06894863757799524	0.029660506517982604	0.3630792474209253
0.18665237187093786	0.10148453738410196	0.01892637915474181	4.536954813519345E-6	0.030768996880914834	0.009140897299676778	0.19133348738697603	0.06894879431578246	0.02965988260626891	0.36308011614578567
0.18665242381650768	0.10148479584693246	0.01892612852052243	4.538171912593647E-6	0.03076906858626259	0.00914060278116717	0.19133330720494918	0.0689494422708522	0.02965974302092421	0.3630799497799693
0.18665270152413	0.1014845840479509	0.01892581314196505	4.536600841265059E-6	0.030768975099015924	0.009138902749597	0.19133361100983282	0.06894973432559796	0.02966032806692062	0.36308081343414833
0.18665262395081963	0.10148476329333403	0.018925745617130216	4.536760387918726E-6	0.030769652478330217	0.009138219565926753	0.19133354628591895	0.0689496888367465	0.02966038278811174	0.36308084042329386
0.186652724727998	0.10148472686414255	0.01892710498845193	4.537311002208999E-6	0.03076916475176468	0.009137073020955552	0.19133402338499858	0.06894958771407876	0.029661600902682245	0.3630794563339253
0.1866526421946195	0.10148547233842528	0.018926479993432804	4.537476854860056E-6	0.03076655669157702	0.009136876865456944	0.19133435582761205	0.06895004049551902	0.02966356630302383	0.36307947181347844
0.18665268087599662	0.10147940562677055	0.018928327710246634	4.5386114068957095E-6	0.030766479792158866	0.009136989334925266	0.1913359608937696	0.06894639622763571	0.029666491265184572	0.3630827296619051
0.1866528975871366	0.10147911048644762	0.018928192901904103	4.538312540172673E-6	0.03076625764739324	0.009137011758762706	0.19133653842719794	0.06894624072389537	0.02966628849244192	0.3630829236622803
0.1866528819571819	0.10147904710790645	0.018927212618500153	4.536807224883588E-6	0.03076620600983114	0.00913742793939061	0.19133694368997034	0.06894546968659504	0.02966684784970687	0.36308342633369245
0.18665206448939542	0.10146921108245682	0.018935613401093343	4.537717592290047E-6	0.030757509096883337	0.009142417963547755	0.19133194424684943	0.06894870296610646	0.029673528946285138	0.36308447008978983
0.18665224034443106	0.10146945558258454	0.018935978896417904	4.53651902181107E-6	0.030756949453094193	0.00914156436261128	0.19133222209469353	0.06894855077207544	0.02967424200834698	0.3630842599667231
0.18665168594067227	0.10147594604121213	0.01893298171267911	4.536860149381705E-6	0.030755663747524573	0.009143976365748194	0.1913357105320505	0.06894884586679792	0.02967380051190964	0.36307685242125615
0.18665165301506645	0.10147602457187518	0.018932310971666436	4.53666548756726E-6	0.03075548333859314	0.009144257240554524	0.19133546456427103	0.06894891756028945	0.029673886951519082	0.36307746512067696
0.1866528174332582	0.10147542280678169	0.01893170469849094	4.538238020587726E-6	0.030755290033786006	0.009144585538640684	0.19133582954858264	0.0689485381078215	0.02967413052827396	0.3630771430663436
0.18665332676031265	0.10147642011843185	0.018930178532213973	4.538270090045926E-6	0.030754178066199206	0.00914391634320745	0.1913359274767133	0.06894888667509545	0.0296736311485689	0.363078996609167
0.18665442839641097	0.10147610573998304	0.018928597701054026	4.5380421332674725E-6	0.030755447089914484	0.009144014703330067	0.19133770555140361	0.0689478327093323	0.029672408440438613	0.36307892162599953
0.18665438666221834	0.10147651660429631	0.01892829831194677	4.537350958913611E-6	0.03075554885726907	0.00914401245620125	0.19133772280617278	0.06894779327694933	0.02967193197326838	0.3630792517007187
0.1866557713997182	0.10147556412184398	0.01892918872985873	4.53768786652653E-6	0.03075542200277566	0.009144782921372732	0.19133898937925403	0.06894675531314284	0.029670641965602915	0.3630783464785642
0.1866536210790774	0.10147174938928002	0.018934520193350943	4.537655637446014E-6	0.03075619755528329	0.009149142087401557	0.19134461645145573	0.06894918473477929	0.029665737302729714	0.3630706935510044
0.18665215132033325	0.10147353733073367	0.01893617336935935	4.538240530010951E-6	0.030757231149461814	0.009152423391966272	0.1913410909818704	0.0689496338616942	0.02966382727408813	0.3630693930799628
0.18665100356040681	0.10147707303216501	0.018934575133843848	4.5383379253388645E-6	0.030755223070874846	0.009153383061263357	0.19133896268309947	0.06895243585629807	0.029659880491822097	0.36307292477230096
0.186649507816189	0.10147924314413434	0.018934246265921093	4.5376405665847885E-6	0.030754166625892046	0.009153175315102055	0.19133932592062852	0.06895280296920944	0.029660308479500755	0.363072685822856
0.18664963864748904	0.10147943572480732	0.018934362699972618	4.53687526660862E-6	0.03075425595995765	0.009152781077100658	0.19133943572458986	0.06895315182704959	0.02966009087064271	0.3630723105931238
0.18664943143994225	0.10148010865588225	0.01893462447430737	4.536548899106152E-6	0.030754140568156826	0.00915333516641284	0.19133955929319402	0.06895302548489775	0.029659117368189686	0.36307212100011776
0.1866480995400685	0.10147980001963827	0.01893592162413056	4.5371269676991455E-6	0.030755010676955505	0.009151723822527227	0.19133912949033405	0.0689537756729465	0.02966039516354306	0.36307160686288853
