0.3493026448902348	0.4001330507190344	0.25056430439073085
0.3504201995670785	0.3993347987213371	0.25024500171158454
0.3500301222824925	0.400509215489105	0.2494606622284026
0.34929770865351256	0.40027887443063154	0.250423416915856
0.3492520961832015	0.4006203561075783	0.2501275477092203
0.3494159331131479	0.40103932357265126	0.24954474331420096
0.3492500031448962	0.4011800753024904	0.2495699215526135
0.3494727814776214	0.40022137022825044	0.2503058482941283
0.3484446675382075	0.4013023575635816	0.25025297489821097
0.3489807783720103	0.4006162633258396	0.2504029583021502
0.3491504780731208	0.40122064258403034	0.249628879342849
0.3501687084941195	0.3993915805342566	0.25043971097162393
0.35017770519170865	0.39996962334353964	0.24985267146475187
0.35006838228916376	0.4001228633867692	0.24980875432406713
0.34949479101899705	0.40094896413244197	0.2495562448485611
0.34881585225454104	0.40082374869704573	0.25036039904841334
0.3497586725278441	0.3998563321334693	0.2503849953386867
0.3488084733359924	0.4011983899350722	0.24999313672893553
0.3500146353956127	0.39985445810642717	0.2501309064979602
0.35016146688747735	0.40033124346398336	0.2495072896485394
0.3491015460144271	0.40132533189050223	0.24957312209507082
0.35074861858178813	0.399756674126143	0.24949470729206896
0.35101274650694037	0.3995690673576716	0.2494181861353881
0.34894808283871864	0.400986032327296	0.25006588483398545
0.3502435295209661	0.39988659489350886	0.24986987558552515
0.3499308450304993	0.3995477200988624	0.2505214348706384
0.35028748422435263	0.40011611410385206	0.2495964016717954
0.35055014557661107	0.39970052846575294	0.2497493259576361
0.35037158555100867	0.4001477006113827	0.24948071383760873
0.34946092884773194	0.40057812876112614	0.24996094239114203
0.35038171980839067	0.3995347687221609	0.2500835114694485
0.35023479243149946	0.40013619045789	0.24962901711061064
0.35058971414855256	0.3996264821263993	0.24978380372504827
0.35051622048876335	0.39941292667717826	0.2500708528340585
0.34962786975422583	0.3999347186028965	0.2504374116428778
0.348805767833709	0.4010548590246611	0.25013937314163004
0.34821787036171564	0.40112768145266686	0.25065444818561755
0.3486590116158807	0.4010674866991032	0.25027350168501616
0.3492258190265235	0.4007303133119232	0.2500438676615534
0.35043383302624614	0.39940002343572995	0.250166143538024
0.3504126393454469	0.3993557281717694	0.2502316324827838
0.3499568375917462	0.40058964717783896	0.24945351523041498
0.34939059147179713	0.4000446371942852	0.2505647713339178
0.3484542049527243	0.4009540225775241	0.2505917724697518
0.3505726560182095	0.3993855417835389	0.2500418021982517
0.349828295215888	0.39970511334545855	0.2504665914386536
0.35100357044770736	0.3994467523428106	0.24954967720948223
0.34907010481960804	0.4009423725713518	0.24998752260904034
0.3499800510174842	0.39966863089980514	0.2503513180827108
0.3492617842626292	0.4013142643973844	0.24942395133998652
0.3500572018476139	0.39974208726860994	0.25020071088377627
0.3501308558241517	0.39983818394747594	0.2500309602283724
0.3497076843226032	0.4007948696104261	0.24949744606697083
0.3499850605260538	0.4000049791390629	0.2500099603348834
0.3485978322464684	0.40075782709201424	0.2506443406615175
0.34899716025607	0.40076453712644033	0.2502383026174898
0.3496827205982809	0.40027556582868373	0.2500417135730354
0.34946368473474726	0.40046244552825894	0.25007386973699386
0.34980166494708553	0.3995925720753159	0.25060576297759873
0.3502499286262338	0.3998237730592145	0.24992629831455182
0.34891675219356827	0.4014607201801093	0.24962252762632253
0.3506204128014067	0.39975086095116175	0.24962872624743165
0.35033137022078364	0.39962905507167706	0.2500395747075394
0.3498129125105738	0.3996402081117147	0.25054687937771164
0.3499688423567466	0.40018610895789	0.24984504868536356
0.35024950937283156	0.3997312242882233	0.2500192663389453
0.3491851219213274	0.400332459511464	0.25048241856720876
0.3487594581330725	0.40112913673049555	0.25011140513643204
0.3500340260642465	0.40024945501790554	0.24971651891784805
0.3492728109802975	0.40084031734569087	0.24988687167401175
0.34889579843510415	0.40125968066474527	0.24984452090015066
0.3493499981764114	0.40124079522762884	0.24940920659595991
0.3488776300679446	0.4009423307815191	0.2501800391505364
0.34825901990303443	0.40135101918787064	0.25038996090909504
0.3507262352716779	0.3998609241987916	0.24941284052953064
0.34976569754579456	0.39985913816224394	0.2503751642919616
0.3492152926290265	0.4005220274782458	0.2502626798927278
0.3508799697812214	0.39943936990658957	0.24968066031218922
0.3486333554913229	0.4012527807191218	0.2501138637895554
0.3491806129906226	0.400938199795885	0.2498811872134925
0.35009802716694455	0.3998467830397732	0.25005518979328234
0.35010206976574	0.4004918721795277	0.24940605805473243
0.34862608105029014	0.40110327576607985	0.2502706431836301
0.34834801391820447	0.40140272074411487	0.25024926533768077
0.34881077363776625	0.40134618037965153	0.2498430459825823
0.3494749758130108	0.4000984057787408	0.25042661840824854
0.34925579278837876	0.4008068626751896	0.24993734453643177
0.34979389064327976	0.3997920530119572	0.2504140563447631
0.34951825544105874	0.40070245002974153	0.24977929452919984
0.3501032515809527	0.3999936630291788	0.24990308538986858
0.3491060493234397	0.4002321984294831	0.2506617522470773
0.34939544520256205	0.4009869552738141	0.24961759952362395
0.34892090343705556	0.4008447498226865	0.2502343467402581
0.349508775742863	0.3998921187302382	0.2505991055268989
0.34979950172873053	0.4002253846296167	0.24997511364165284
0.3481207270589467	0.40150527672614966	0.25037399621490375
0.34902072307323473	0.4003412964363293	0.250637980490436
0.34994584991060707	0.4002366969407722	0.24981745314862086
0.350954241474207	0.39949947874533875	0.24954627978045435
0.3486551401781953	0.4013152918596793	0.25002956796212544
0.35059711234428736	0.3994398661220816	0.24996302153363115
0.3490775305235538	0.40106971412396575	0.24985275535248064
0.34826140733443345	0.401288110669085	0.2504504819964817
0.3494195028605881	0.4006905688854582	0.24988992825395384
0.3485131622631521	0.4013948582392979	0.25009197949755013
0.34868659837130056	0.400882352451531	0.2504310491771686
0.3508671189464572	0.3995921992384648	0.24954068181507813
0.34901757763560765	0.4013052599089723	0.24967716245542015
0.349551732224561	0.4001496143851882	0.2502986533902509
0.3484185995449194	0.40136433946434064	0.2502170609907401
0.34988112410762084	0.400068818726815	0.2500500571655643
0.3490490367755531	0.40112864436592344	0.24982231885852352
0.34858973248440184	0.40105788789271746	0.25035237962288087
0.34953265831250213	0.400016536716686	0.2504508049708119
0.34884858002106167	0.40078142012195256	0.25036999985698594
0.35057815229071704	0.39952775710498845	0.24989409060429466
0.34866895580984686	0.4010908659905936	0.2502401781995596
0.35104624414789753	0.3994473739483858	0.2495063819037168
0.34888426313313625	0.40144020339824255	0.2496755334686213
0.35085863907867526	0.3995515098163571	0.2495898511049677
0.34983077089502157	0.39975100346994663	0.25041822563503185
0.34816612175957423	0.40137587267815567	0.2504580055622702
0.34869246572556595	0.40143375767477063	0.24987377659966353
0.34882140240324566	0.4015216093769516	0.24965698821980287
0.3486455584384796	0.4008742460500001	0.2504801955115204
0.3496436014133825	0.4008081844055116	0.249548214181106
0.34919972235840574	0.4006290868018624	0.25017119083973194
0.3488006817877464	0.40127916997633556	0.24992014823591813
0.3498010854615856	0.4000070465254493	0.2501918680129652
0.34988844125024715	0.39975405546677895	0.25035750328297396
0.3497489655017242	0.40057364311380683	0.2496773913844691
0.3505130214045751	0.39988027543062754	0.24960670316479744
0.3497998082365271	0.3997039807458143	0.2504962110176587
0.34834458796931816	0.4012639856860555	0.25039142634462647
0.34833134435599367	0.40115212961792884	0.2505165260260776
0.3497194072946736	0.39994202449367355	0.250338568211653
0.35042254004258594	0.3997420796022475	0.24983538035516667
0.35036991105655957	0.3993632141442429	0.2502668747991976
0.35101903502277415	0.39940947416045725	0.24957149081676872
0.3497219631977016	0.39995462424779177	0.25032341255450674
0.34899369893269994	0.40128655639360544	0.24971974467369473
0.3491778505133199	0.40105385015565587	0.24976829933102435
0.3501889060685199	0.3999877844972355	0.24982330943424472
0.3509903214132721	0.3995286820902509	0.24948099649647715
0.34976440990037305	0.39987235481106675	0.2503632352885603
0.3500988909992291	0.39974834283434224	0.25015276616642884
0.34971020113795176	0.40075941491721845	0.2495303839448299
0.3491788762047247	0.40137676203064093	0.24944436176463444
0.349242446416258	0.40064599632622216	0.25011155725752
0.34921157414793474	0.4013668113603525	0.24942161449171285
0.3499338539438548	0.4001538336878664	0.24991231236827896
0.3493353430014283	0.4006207227554375	0.2500439342431343
0.35071015848974224	0.3994094954767337	0.24988034603352416
0.3489129955633159	0.4006679781818099	0.25041902625487433
0.3493600050412221	0.40059158997456235	0.25004840498421566
0.35026363302509067	0.3998350113452722	0.24990135562963717
0.34944118550686587	0.4000444850024454	0.25051432949068886
0.349184360897507	0.40086135540229717	0.249954283700196
0.34858390218833435	0.40120435248583564	0.2502117453258301
0.34998027726455466	0.39947019942543605	0.2505495233100094
0.34903671476666676	0.40107249042442245	0.2498907948089109
0.3508182134161805	0.3996189959503916	0.249562790633428
0.3497928668296261	0.4002889680684506	0.24991816510192344
0.3488923907489965	0.4011960728644456	0.2499115363865581
0.34965523621683386	0.4007158148345039	0.2496289489486623
0.34964609404273134	0.4005998546346244	0.24975405132264442
0.3509060694910659	0.39970528864471133	0.24938864186422288
0.3504664281617551	0.39966558276354225	0.24986798907470276
0.35093317301536897	0.39947582036749335	0.2495910066171378
0.34888617953574175	0.40101416667853007	0.2500996537857283
0.3498642116987626	0.39966747922101226	0.25046830908022527
0.34990942894265215	0.39946942081969633	0.25062115023765164
0.3498994220776904	0.40068839454515726	0.24941218337715243
0.35083865442669543	0.3995720867148451	0.2495892588584595
0.3504916845602581	0.3993747962230598	0.25013351921668225
0.3492080530225149	0.40030523288468545	0.25048671409279977
0.35031275713992754	0.39958273186088433	0.2501045109991882
0.3502848285691013	0.3998729624732387	0.24984220895766013
0.34940788621613206	0.40009405066518045	0.25049806311868755
0.34805271883564176	0.4012890890772357	0.2506581920871226
0.35025814819893614	0.40018255989476126	0.24955929190630272
0.3485150514395502	0.4015067006654707	0.2499782478949793
0.35045792793948044	0.39999963001112265	0.24954244204939702
0.3491865666074903	0.400467301342044	0.2503461320504658
0.3508368904779074	0.3996368812551375	0.24952622826695517
0.34865819413594373	0.4010661154762697	0.2502756903877867
0.34806330848894224	0.40140480134520934	0.25053189016584854
0.3480698629857692	0.40129607083468777	0.25063406617954315
0.3494587999681577	0.400783325994583	0.24975787403725935
0.34912331141771813	0.40100342851600934	0.24987326006627267
0.3494362428145071	0.4002813927845667	0.2502823644009263
0.34931641565154004	0.40077001712396076	0.2499135672244993
0.34810703143244	0.40146816300794647	0.25042480555961366
0.34870262464307367	0.4011930464504464	0.25010432890648004
0.34948240724205953	0.4008121280665692	0.2497054646913714
0.34932338963517556	0.4003440385171011	0.2503325718477234
0.34993670223834744	0.40054810800781465	0.249515189753838
0.3490602161729322	0.4010657251532861	0.24987405867378182
0.34913182991462216	0.4003595605236966	0.2505086095616814
0.3494370066659392	0.4010238750431304	0.24953911829093053
0.35047018516452233	0.3993938517222175	0.2501359631132603
0.35058524471878805	0.3994356168779911	0.2499791384032209
0.3503388568997439	0.3994766284146595	0.2501845146855967
0.3487364309303924	0.4010878825718811	0.2501756864977266
0.3480529154395364	0.4013258518097342	0.2506212327507295
0.35039416032392123	0.39957582742133396	0.2500300122547449
0.34829031384650166	0.401420791306594	0.2502888948469044
0.35000468277178487	0.4006084433551871	0.24938687387302813
0.3501000303198252	0.39996129589082735	0.24993867378934753
0.3482287362526164	0.40147790747418366	0.25029335627320004
0.34965456574111603	0.4004791819993511	0.24986625225953296
0.34988996077221735	0.4003289511124303	0.2497810881153525
0.35070889356949814	0.39953856910060287	0.24975253732989908
0.35035528891000994	0.39970077283127453	0.24994393825871564
0.3497746582629707	0.40018045346868486	0.2500448882683446
0.34936005436584766	0.3999956807372623	0.2506442648968901
0.34954673444509743	0.40030026759656806	0.2501529979583347
0.3501547141707827	0.3997749500356601	0.2500703357935573
0.34833746025282	0.4010495384009541	0.25061300134622605
0.3491355422943917	0.40056148053848684	0.2503029771671215
0.34919129781274333	0.40125405460991304	0.24955464757734377
0.3491993417432375	0.40098794164785334	0.24981271660890925
0.34948282432825745	0.40023539692274124	0.2502817787490014
0.34894362037528637	0.401129618712206	0.24992676091250776
0.3497499703822993	0.39972176047116026	0.2505282691465406
0.34814431320313605	0.40130527065840693	0.25055041613845713
0.3497455715762414	0.40041146534073985	0.2498429630830188
0.34945244046007756	0.4006289674632119	0.24991859207671063
0.3497686693449659	0.40078168366084177	0.24944964699419242
0.3505748557521803	0.40001508566989347	0.24941005857792636
0.35003742506249674	0.3999367760595739	0.25002579887792953
0.3500657863769868	0.39979485660965824	0.25013935701335505
0.3502061752909153	0.4001823883208583	0.24961143638822653
0.349899168695123	0.4003576493138018	0.2497431819910753
0.34935008253333183	0.40064321011669146	0.2500067073499769
0.35010644790396006	0.3997884666001903	0.25010508549584975
0.35029590684581546	0.3999656983269929	0.24973839482719173
0.3507756768780932	0.39976729542276884	0.24945702769913802
0.34924798466842055	0.40108415449297763	0.2496678608386019
0.34896432481029577	0.40098798531595936	0.250047689873745
0.34920427828160927	0.4008914274362286	0.2499042942821623
0.3485953667066173	0.4009486388867983	0.2504559944065845
0.3489126747719636	0.40128474833310446	0.24980257689493207
0.3492170195046009	0.40096231664234827	0.2498206638530509
0.3499545340737852	0.39953186313816447	0.25051360278805046
0.34831688285614926	0.4010687806984641	0.2506143364453867
0.35058899382149733	0.39946953766305104	0.2499414685154518
0.3488182473006579	0.4010442969045014	0.2501374557948408
0.3502843281238361	0.3999499318407037	0.24976574003546032
0.349104671530125	0.40150698575694116	0.24938834271293397
0.3503625158165768	0.40022314949702215	0.24941433468640117
0.35025714105844735	0.39986659219379184	0.24987626674776095
0.3495185802051534	0.400816575148799	0.2496648446460477
0.3491061786820997	0.4014401489853955	0.24945367233250493
0.3504817702219942	0.399563536155322	0.24995469362268385
0.3504041488949632	0.3997740060071435	0.2498218450978934
0.35065645258302025	0.3998538860670287	0.24948966134995115
0.35051882890989294	0.39937932134285636	0.25010184974725086
0.35104265486683855	0.39943205270702353	0.24952529242613802
0.35017578419824186	0.4001722632722504	0.24965195252950784
0.3505584061385666	0.3999859953239258	0.2494555985375077
0.3483691324379365	0.40152391163143764	0.250106955930626
0.3489054445719177	0.4013210212852792	0.2497735341428033
0.3490120757065903	0.4009169365961154	0.2500709876972944
0.3497067969310303	0.40085073462656273	0.24944246844240708
0.3502009115961268	0.39949243614837765	0.25030665225549564
0.3491479051265346	0.40058366063335954	0.250268434240106
0.3500822345374206	0.40001825721947165	0.24989950824310786
0.3498706639733776	0.40003330665035775	0.2500960293762647
0.34930867996695786	0.4007504095313259	0.24994091050171638
0.34919999413497527	0.4012549073474691	0.2495450985175557
0.3498162229450007	0.4003330883172513	0.24985068873774813
0.34909928041999266	0.40114575667319197	0.24975496290681548
0.34957324907833964	0.399863793129283	0.2505629577923775
0.34983326572321866	0.40042722492456967	0.24973950935221179
0.3493744543993387	0.40039987196322857	0.25022567363743287
0.34990101210168145	0.3998136469329746	0.25028534096534405
0.3484838848820846	0.4011328856119966	0.25038322950591885
0.34898581517201005	0.40053776475712843	0.25047642007086157
0.349636994338234	0.40013348804019666	0.2502295176215694
0.35056028979010384	0.3998261992816208	0.2496135109282755
0.3483541205057594	0.4011373504636622	0.2505085290305784
0.3496319966927362	0.4003441930784226	0.25002381022884124
0.3486120777436527	0.40103858931189695	0.2503493329444505
0.3481021838460875	0.40149528032828735	0.2504025358256252
0.34945518916196405	0.40006893027899804	0.2504758805590381
0.34833437316565347	0.4012206424972574	0.25044498433708917
0.34995108296382055	0.39950940269512136	0.2505395143410582
0.34970382256215704	0.3998144485762706	0.25048172886157255
0.34873788591424093	0.4015135484889092	0.24974856559684996
0.3489463829749914	0.40136552378752655	0.24968809323748214
0.3487403060926497	0.40094675211321207	0.2503129417941384
0.3502538718538789	0.3996860677672559	0.2500600603788653
0.34845134277666695	0.4011301644293379	0.25041849279399525
0.34923278896283866	0.4006176104139773	0.2501496006231841
0.3489853819284193	0.40065289561889644	0.25036172245268434
0.349575922617701	0.40079641531702626	0.24962766206527284
0.3488269175359485	0.40131085542924333	0.24986222703480826
0.34913611930353233	0.40100120867573297	0.24986267202073478
0.35028341974062227	0.39997425506678297	0.24974232519259482
0.3497798570732401	0.4007525371193572	0.2494676058074028
0.3502693309125186	0.39983251514619683	0.24989815394128465
0.3493210115247775	0.4006370104841966	0.250041977991026
0.3489169661453367	0.40147889306906187	0.24960414078560156
0.35004933475485495	0.3994841496055708	0.25046651563957434
0.34859197777549494	0.40101456486071413	0.25039345736379104
0.3496343838565973	0.39982214065694394	0.2505434754864589
0.3493358226179143	0.4007288486619579	0.24993532872012791
0.34946569050887494	0.4010237166135316	0.24951059287759358
0.348595509861548	0.4012053300928973	0.25019916004555476
0.34979327047235	0.3998742990049339	0.2503324305227162
0.34876489532601845	0.40064573416252475	0.2505893705114569
0.349336149153438	0.4006066627950244	0.25005718805153776
0.34927857741800605	0.40102568070538835	0.24969574187660568
0.34873153552763775	0.401135517627793	0.2501329468445694
0.3490972541987669	0.40096414363710065	0.2499386021641325
0.3490747128741632	0.4007991881593453	0.25012609896649163
0.35044983520489426	0.3995656819155806	0.24998448287952524
0.3489310774242604	0.40151841303423985	0.24955050954149988
0.35003149404737305	0.3994616904261919	0.25050681552643517
0.34947770953000223	0.40010206618645877	0.2504202242835391
0.34945036526224876	0.40093732354754935	0.249612311190202
0.3495034742480889	0.4007425922641123	0.24975393348779895
0.3506038074939254	0.3998355465518777	0.24956064595419705
0.34985003547383364	0.4003572508788106	0.2497927136473559
0.34890498460360636	0.40128252545691456	0.2498124899394792
0.34903879146470085	0.40071328615366536	0.25024792238163385
0.3501768681477997	0.39959141861425534	0.250231713237945
0.3500110146159059	0.39939998797225496	0.25058899741183926
0.34861513903549207	0.4012956983931817	0.2500891625713263
0.3493250949745842	0.4003411592348628	0.2503337457905531
0.35075705464491064	0.3997658103784528	0.24947713497663665
0.3503495225095667	0.400239845415336	0.2494106320750974
0.34942408461174806	0.4009620403490582	0.24961387503919386
0.34993192880447044	0.40016351565746056	0.24990455553806912
0.3493587545068799	0.4010083776169792	0.24963286787614097
0.34969011396020894	0.40072032217547016	0.24958956386432102
0.34994619549121064	0.4000342712762546	0.25001953323253484
0.34988749142122955	0.4006635261699609	0.24944898240880967
0.35033766640657643	0.3996702089411819	0.24999212465224183
0.35094199731489784	0.39934570423765586	0.24971229844744638
0.3509563024403381	0.39938671024983763	0.24965698730982439
0.35034275578252455	0.3995508816737321	0.25010636254374347
0.34915136757913645	0.40048353020920024	0.2503651022116634
0.35027463076122517	0.4002850013232622	0.24944036791551275
0.35009148090500075	0.4000424340827625	0.24986608501223684
0.3500484803711072	0.4001900882987813	0.24976143133011167
0.34987717324608614	0.3997623492195494	0.2503604775343645
0.35100340241505873	0.3993397664628048	0.24965683112213666
0.3507027027460328	0.3998440030051411	0.24945329424882617
0.348605836301896	0.40087078252387154	0.25052338117423256
0.350064958232517	0.3997546598358136	0.2501803819316695
0.34813244395859594	0.4013472371601795	0.25052031888122467
0.34990239630125236	0.3999349203708089	0.25016268332793884
0.3492065207068678	0.4011742206878799	0.24961925860525241
0.3501135233070835	0.40003894254981304	0.24984753414310357
0.3491493411121357	0.40130990927577637	0.24954074961208808
0.349548851806726	0.40009572414174455	0.25035542405152955
0.3496955120161539	0.400835521138597	0.2494689668452492
0.348894108166935	0.4015354379844861	0.249570453848579
0.34890993143735916	0.4011013439374946	0.24998872462514637
0.3507100145884198	0.3993859734382986	0.2499040119732817
0.34895012765367134	0.4007889606901024	0.2502609116562263
0.3495958348337286	0.4003931287079545	0.250011036458317
0.35038239090814677	0.3997718796455394	0.249845729446314
0.3486288664932408	0.4009479496187305	0.25042318388802876
0.3489814164411388	0.401260178962613	0.2497584045962483
0.34997314919810424	0.40061128388814576	0.2494155669137501
0.35005766017045536	0.39973879229289866	0.2502035475366461
0.34839333667198186	0.4015375314359188	0.25006913189209945
0.3502269017327287	0.3998141272544329	0.2499589710128385
0.3487133352189487	0.4009050386444303	0.2503816261366211
0.34973706351909034	0.4004234100141285	0.24983952646678126
0.34806383935980884	0.4013807848952682	0.25055537574492304
0.3499826067232767	0.39947304311179754	0.2505443501649258
0.35069856270933136	0.39948925155970666	0.24981218573096203
0.3493324210797066	0.40076402686725265	0.24990355205304088
0.35020325317281914	0.4000894716375884	0.24970727518959254
0.35055391177703715	0.39967325430189643	0.24977283392106653
0.3489413795377773	0.4007860593776734	0.25027256108454937
0.3494795284201656	0.4010064027277397	0.24951406885209484
0.348822762906409	0.4014444481148752	0.24973278897871592
0.35022372526568135	0.3996474188485196	0.25012885588579914
0.34851066705208555	0.40152416248998024	0.24996517045793432
0.34855378716276986	0.401153947167658	0.25029226566957224
0.34858925468255475	0.4010525356743687	0.25035820964307665
0.3493059625610149	0.40116704526574426	0.2495269921732409
0.34978111246015026	0.4000536736320727	0.25016521390777713
0.3503452518875637	0.3996317193862551	0.2500230287261813
0.3491609414231433	0.4006076031295824	0.25023145544727443
0.348882385192155	0.4015153122583689	0.2496023025494763
0.3504949253622272	0.4000932275509228	0.24941184708685007
0.35008834397886424	0.40046109185767587	0.24945056416346
0.3489844013937387	0.4013486333822107	0.24966696522405074
0.34830103341212865	0.40141054445159696	0.25028842213627456
0.3497515932137148	0.40002701227436493	0.2502213945119204
0.3500918310611605	0.39996174239007265	0.24994642654876698
0.3482737604940793	0.40144622924549767	0.2502800102604231
0.350438377845232	0.4000151531805205	0.2495464689742476
0.3496967714145056	0.40007310164548887	0.2502301269400056
0.3497664033757924	0.4006560663891985	0.24957753023500917
0.3505014403473888	0.4000457779756149	0.24945278167699642
0.35042993398518996	0.3998187657694192	0.24975130024539094
0.3490386826730048	0.40052129731036334	0.25044002001663196
0.35046595194189	0.39935375651277455	0.25018029154533555
0.34818472677250234	0.4012953578699312	0.25051991535756657
0.3487009174873623	0.40077226374597763	0.25052681876666016
0.34938728713620687	0.40030501437258303	0.2503076984912102
0.34928466028970295	0.4010871683569683	0.24962817135332888
0.3490210412322873	0.40130604257079555	0.24967291619691728
0.35087808096530343	0.39965184110570473	0.24947007792899192
0.34978220304154634	0.40055098079310214	0.2496668161653517
0.350731979236755	0.39986065352143396	0.24940736724181115
0.3493660820564635	0.40079862229656155	0.24983529564697504
0.35058477808751953	0.399450405625426	0.24996481628705458
0.35000348623155664	0.3996806104668121	0.2503159033016314
0.35037314363188954	0.39957230443377245	0.2500545519343381
0.3486389731287107	0.40077083024839577	0.2505901966228936
0.3508067786990161	0.3994681379625137	0.24972508333847035
0.34941176370802707	0.40101496760485567	0.24957326868711743
0.34913607318999096	0.40135255449197915	0.24951137231803
0.35006949249596236	0.4001886894685433	0.24974181803549445
0.3498962001675172	0.400368251635451	0.24973554819703186
0.34961448143198054	0.4004835918847003	0.2499019266833193
0.35029698521508107	0.39955357412939047	0.2501494406555286
0.34958815574226865	0.400081180298837	0.2503306639588945
0.3496022467282614	0.40067839796689897	0.24971935530483974
0.3489615581180872	0.4010430100405683	0.2499954318413446
0.34882064287403514	0.40085975599352475	0.25031960113244023
0.34822270217794055	0.4013890005976596	0.2503882972243999
0.34851370269760656	0.4012204720556329	0.25026582524676066
0.3498871812779294	0.39990917956611866	0.25020363915595206
0.35019906398623607	0.39936744818245085	0.25043348783131325
0.3503286410443296	0.399382834262823	0.25028852469284757
0.34998519739948913	0.40008239476993795	0.24993240783057302
0.3490824541227254	0.40099445949165713	0.24992308638561758
0.34971555870850135	0.39971410680379305	0.2505703344877057
0.35060579238360035	0.3995001375990279	0.2498940700173718
0.350721044131811	0.39985237796709794	0.24942657790109113
0.34956495349087324	0.400946973718547	0.24948807279057988
0.34863321009099696	0.4009381598062531	0.25042863010275007
0.3503427719699375	0.39967185927255017	0.24998536875751243
0.3496010496495361	0.4005939895725057	0.24980496077795833
0.35033992249220086	0.39944187613993865	0.25021820136786066
0.3487643935493839	0.40073164563357727	0.25050396081703896
0.3495006126498697	0.40081855250802356	0.24968083484210685
0.3489289927365547	0.4009317832139956	0.2501392240494499
0.3504983785107814	0.3999745862571229	0.24952703523209577
0.3492334444253382	0.4004480523695798	0.2503185032050821
0.34925805781971164	0.4006291251386941	0.2501128170415944
0.34832140953756774	0.40133559580879674	0.2503429946536356
0.34942411700184717	0.40026618430996486	0.2503096986881881
0.3499099922646119	0.39970628794234403	0.2503837197930442
0.34871444427072795	0.40072403573480475	0.2505615199944674
0.3483550205267333	0.401284341834525	0.2503606376387418
0.3504446600788825	0.39995016209853895	0.2496051778225787
0.3481626314921764	0.40141346260878363	0.25042390589904007
0.34995428838257503	0.4002953036806477	0.24975040793677736
0.3502174929365909	0.39955325461870156	0.2502292524447077
0.34933511646262216	0.40117375004685596	0.249491133490522
0.34923278234086597	0.4010348705433998	0.24973234711573433
0.3495784527998014	0.40102700172625205	0.24939454547394668
0.34879035010564896	0.4012093684878434	0.25000028140650776
0.3490465993580918	0.40029348026224665	0.25065992037966167
0.35050618214268275	0.3993314712838794	0.25016234657343794
0.35044296498760963	0.39984751999209045	0.2497095150203
0.3505899989151301	0.3997116433398059	0.2496983577450641
0.34857999343613516	0.40077647531587957	0.2506435312479854
0.350452930415811	0.3999948238939467	0.24955224569024242
0.3500257708417614	0.3995510510684706	0.2504231780897681
0.3489862451788148	0.40141576113260025	0.24959799368858498
0.34848187356350946	0.40119637805917985	0.2503217483773108
0.3500505987598768	0.3999828462205842	0.24996655501953913
0.34954672607862297	0.4004651527634278	0.24998812115794933
0.35013892921344947	0.40007171927315527	0.2497893515133954
0.3500435584347317	0.3996944345900928	0.2502620069751756
0.3486446669417405	0.401499396754074	0.24985593630418562
0.34901660929147493	0.40105646681686713	0.24992692389165805
0.34898109765368285	0.4013569634220973	0.24966193892421995
0.34978611595840925	0.4002952817605836	0.24991860228100726
0.34912237873531327	0.40053099109258794	0.2503466301720989
0.34917076977143	0.4013411845942243	0.24948804563434582
0.3492611830343254	0.4004237689540726	0.25031504801160215
0.3505107848023639	0.399685796684804	0.24980341851283222
0.35003274271591384	0.40055090906593205	0.24941634821815423
0.3493006986979845	0.40111022911988026	0.24958907218213536
0.34829600180275033	0.401170774753015	0.2505332234442348
0.3496479027682708	0.40094360566987536	0.24940849156185396
0.34907797052056244	0.4006792917028173	0.2502427377766203
0.3510021465954707	0.39947609412302776	0.2495217592815016
0.3504082442862562	0.39936138920713327	0.2502303665066106
0.3502551490842484	0.40019887005899113	0.2495459808567606
0.34859859078678374	0.40108116022223284	0.25032024899098354
0.3486237013586046	0.40082586092782735	0.2505504377135681
0.35016613734843965	0.40041331109431266	0.2494205515572478
0.3492675353209319	0.4010125711476924	0.2497198935313758
0.3489311896330011	0.40103220610207957	0.25003660426491936
0.34941639698665766	0.40065691917626645	0.249926683837076
0.3498905137642203	0.40018629047008725	0.24992319576569258
0.3504383577784083	0.39955473109624606	0.2500069111253458
0.35048955318221764	0.3999572474505868	0.24955319936719567
0.34920058363354434	0.4012016746171403	0.24959774174931543
0.3495765199325447	0.40033970517800965	0.2500837748894458
0.3489969190514006	0.4005773110938865	0.250425769854713
0.3504216885596254	0.39983873290512806	0.24973957853524664
0.3487693443822336	0.4009478647679171	0.2502827908498494
0.35023853071869826	0.40020090945306463	0.2495605598282372
0.3483319564799467	0.4010674850782777	0.2506005584417757
0.3488993023240918	0.40069404046828766	0.2504066572076207
0.3488422907149503	0.4008297083349647	0.2503280009500851
0.34914077710760005	0.40067414824332304	0.250185074649077
0.3496247950294696	0.3999648726003825	0.2504103323701481
0.35040469843734634	0.39932856543606615	0.2502667361265876
0.34860779813864856	0.4014859783201909	0.24990622354116065
0.3492855833047158	0.4013256884408311	0.24938872825445318
0.3503787883310108	0.39932595096775136	0.2502952607012379
0.3500373240238755	0.3999662152462822	0.24999646072984244
0.3489875803525513	0.4004189528940511	0.2505934667533977
0.34839207901329644	0.40144123253565506	0.2501666884510486
0.34921234527035844	0.40046570383066193	0.25032195089897974
0.35074346657983246	0.39982554521141245	0.24943098820875523
0.3491048315770388	0.40146150231074335	0.24943366611221796
0.349010114224464	0.4003364219851805	0.2506534637903557
0.3492765611852095	0.4006080099776132	0.2501154288371774
0.3500399331105745	0.40035838985513944	0.24960167703428615
0.34867543783697397	0.4011406522671732	0.2501839098958529
0.3482679058302172	0.4012637739506127	0.2504683202191702
0.34888680588814003	0.40128219714027014	0.24983099697158995
0.3481562479352836	0.40130218838961124	0.25054156367510527
0.34851966347489355	0.4010492395914973	0.25043109693360927
0.34984606258962603	0.40040550426108323	0.24974843314929088
0.3497176096461423	0.40017847198485695	0.2501039183690008
0.3487875026600063	0.40118218611056655	0.2500303112294272
0.3502383866371452	0.4001416264897273	0.2496199868731277
0.34967423570008227	0.40087567467985397	0.24945008962006382
0.34839277064450636	0.40153302749249586	0.2500742018629979
0.3503035839531633	0.39935918362531686	0.25033723242151995
0.3494002325581777	0.400250939120837	0.2503488283209854
0.3491760366987912	0.4008324732868528	0.2499914900143561
0.3495328586614996	0.400918306851411	0.2495488344870895
0.3492149753488316	0.4010678030672332	0.24971722158393522
0.34884667644168427	0.40117140662901	0.24998191692930585
0.3487753638644694	0.40089271033477497	0.2503319258007558
0.3500023938554484	0.3993598007709479	0.2506378053736038
0.34915732712266084	0.4005258651921047	0.25031680768523457
0.34908269587304214	0.40117463660931013	0.24974266751764784
0.34893169643421607	0.4014854783686919	0.24958282519709213
0.34988154420550616	0.40021253636909593	0.24990591942539805
0.3496447712112037	0.3998280336918993	0.25052719509689714
0.3483537599634517	0.4013779970892619	0.25026824294728656
0.35063417890136694	0.39996064016576605	0.2494051809328671
0.3494964226925203	0.4007078905389869	0.2497956867684929
0.34973947690066554	0.399652648205073	0.25060787489426156
0.3482789528303596	0.401520287318479	0.2502007598511615
0.35046749810897676	0.4000157737318518	0.24951672815917147
0.3489757773249976	0.401279607096738	0.24974461557826452
0.35016187546190763	0.3998884832247827	0.24994964131330977
0.348885245584831	0.4007095545831787	0.2504051998319904
0.34807263255365983	0.4015251959382472	0.2504021715080931
0.3491278500757258	0.4014601330367775	0.24941201688749678
0.3493540809183119	0.40084735598300125	0.24979856309868698
0.3495694852224227	0.4002930044298244	0.250137510347753
0.34870995667369487	0.4006512531114718	0.2506387902148335
0.34850440017038986	0.4009488865507886	0.2505467132788217
0.3484343897729868	0.40100434434502696	0.2505612658819864
0.35022887958785465	0.3998069531485951	0.2499641672635503
0.3503895865213857	0.39952933869126406	0.25008107478735037
0.3491008965986361	0.4013219982666851	0.24957710513467893
0.34958562681714656	0.40007006095517417	0.25034431222767944
0.3498220785142377	0.4005627146402939	0.24961520684546853
0.34873678491088406	0.4010680335228372	0.25019518156627885
0.35037450065409587	0.3997935868547858	0.24983191249111847
0.3483975003325968	0.4013265468395739	0.25027595282782944
0.3488694740814689	0.4008535574856851	0.2502769684328462
0.34992142249711883	0.4004466857805305	0.2496318917223508
0.35066691031656894	0.39968058032187814	0.249652509361553
0.349250489189667	0.40016428925516007	0.250585221555173
0.34842996901418805	0.4011155531788153	0.25045447780699676
0.3496237375149411	0.400962329662784	0.24941393282227506
0.34920958595697044	0.4012869692402477	0.24950344480278197
0.3509106659785161	0.3995556433001587	0.24953369072132536
0.35051440252551375	0.3996444443108329	0.24984115316365346
0.3504244377632335	0.3995471567328967	0.25002840550386984
0.3490821395173177	0.40136511093910887	0.24955274954357354
0.34901825127214303	0.4010290660255672	0.24995268270228987
0.34849393414080176	0.40115616711957647	0.2503498987396219
0.34972242393373343	0.4007985461783181	0.2494790298879486
0.34916434964330845	0.40028805965590275	0.25054759070078897
0.350458257455465	0.39933777247097335	0.25020397007356177
0.34907594624057425	0.4012772292551917	0.24964682450423414
0.3495466473786856	0.40058382560937833	0.24986952701193615
0.34956199739282684	0.40050459025303464	0.24993341235413863
0.3505263168240481	0.3994421088863119	0.25003157428964007
0.3489226171489286	0.40100691088659346	0.25007047196447807
0.34898933542500654	0.4006929766572216	0.250317687917772
0.3500061556795942	0.40031194352223654	0.24968190079816938
0.3491034467913228	0.4005056644932572	0.2503908887154201
0.34920227839951634	0.40106244852427436	0.24973527307620944
0.35018679423398374	0.39959010132807893	0.2502231044379374
0.35056752244302614	0.39979207284139057	0.2496404047155834
0.35017805380558775	0.4004066621428968	0.2494152840515156
0.3490938471063551	0.40047987868640617	0.25042627420723884
0.34935289153516136	0.40078335604928433	0.24986375241555445
0.3507099398482242	0.3997951382778123	0.24949492187396358
0.34933320439372445	0.4003289572918918	0.25033783831438394
0.349538220369451	0.40076174833535483	0.2497000312951943
0.3482948824937721	0.401293892614756	0.250411224891472
0.3494042028673503	0.40007215794844364	0.2505236391842062
0.34815813153995095	0.4013004303420275	0.25054143811802165
0.3504801147707916	0.4001314834474782	0.24938840178173038
0.350233705651774	0.39941557989579757	0.2503507144524285
0.34850289137185236	0.4015164755445655	0.24998063308358226
0.3484379409908649	0.4010183681829388	0.25054369082619643
0.3490563902065952	0.40110980340589386	0.24983380638751104
0.34911494144078387	0.40026808835415506	0.25061697020506124
0.3487235329509534	0.4009825207315459	0.2502939463175008
0.3490159273990384	0.4004845307414714	0.25049954185949036
0.3495440236323972	0.4001838265149412	0.2502721498526616
0.35058435102357693	0.39968347252135594	0.24973217645506726
0.34998258125048104	0.4002162062497579	0.24980121249976117
0.34951657721384455	0.4002414439924574	0.25024197879369814
0.34848593583217824	0.4008696549310299	0.25064440923679193
0.35013931862962877	0.399469617289263	0.2503910640811084
0.3492095591450147	0.40100343330157007	0.24978700755341532
0.3499445192385898	0.3994736553524383	0.250581825408972
0.34845942071788716	0.40098120334330833	0.2505593759388046
0.34904619429849715	0.401535366782964	0.24941843891853904
0.3498540428371027	0.3996430760054066	0.25050288115749086
0.34872762145450387	0.40105349640237276	0.2502188821431235
0.3492604225017598	0.4011980207567153	0.24954155674152498
0.3488907219229317	0.4014922072677528	0.24961707080931556
0.35050524186705556	0.4000309487132582	0.24946380941968632
0.3489897311118054	0.4012978811207972	0.24971238776739754
0.3498035539674449	0.39987512328444874	0.2503213227481065
0.3493540419482783	0.4011175466974663	0.24952841135425552
0.3495366912448372	0.40047642653298166	0.24998688222218118
0.3500225991701118	0.40052864239949637	0.249448758430392
0.3503060401312605	0.39974241564981183	0.24995154421892776
0.3490479527616057	0.4010579951502652	0.2498940520881292
0.3500155825382639	0.39944721288316654	0.25053720457856965
0.3493348586535135	0.4003024991466668	0.25036264219981974
0.35001786722682904	0.40012150752976094	0.24986062524341016
0.3502223923429145	0.39968493335299987	0.2500926743040857
0.349501702161266	0.4006964411592665	0.24980185667946764
0.34876203407313533	0.40104807100117346	0.25018989492569127
0.3494885261135746	0.3998517400630884	0.25065973382333717
0.3501404039225105	0.39953121471638386	0.2503283813611057
0.34889344452615473	0.40118160222767213	0.24992495324617328
0.3504763237694689	0.3997351175548439	0.24978855867568728
0.35032516295959953	0.39950437605753275	0.25017046098286777
0.34926371253391797	0.40009535562426657	0.2506409318418155
0.3487849271012058	0.40137262786895045	0.24984244502984387
0.350021506062889	0.39932345544830206	0.25065503848880905
0.34833465430575755	0.4014559339128518	0.2502094117813908
0.3497208118201378	0.40003533398940605	0.25024385419045625
0.3502217699130049	0.39980101303208165	0.24997721705491355
0.34994379079941834	0.4006137515556352	0.24944245764494652
0.34968147798919386	0.40008081304851173	0.2502377089622945
0.34921815795798794	0.4010254644984957	0.2497563775435165
0.3499251919000585	0.40028695439715356	0.24978785370278805
0.35052630436521326	0.3998433329158573	0.24963036271892955
0.35045946001033856	0.3995381212783044	0.2500024187113572
0.35013022688703765	0.4002618753929864	0.24960789771997602
0.35064550262572847	0.3998197697708469	0.24953472760342477
0.3489092714690474	0.40112607674570167	0.24996465178525112
0.3501520781993559	0.40026993548874046	0.24957798631190373
0.3502851541492456	0.40007628449347754	0.24963856135727694
0.34936095767720465	0.40087938043880633	0.24975966188398907
0.3493589390000313	0.400320771857969	0.2503202891419998
0.3494726011600087	0.40057364694206465	0.24995375189792673
0.3495878995900735	0.4009388478264593	0.24947325258346736
0.34935116271967964	0.40088940110483984	0.24975943617548063
0.3482600350110372	0.40114551797402054	0.2505944470149424
0.34903222598695455	0.401006207176798	0.24996156683624757
0.3494781024268169	0.40073762642821625	0.24978427114496693
0.3498841370376996	0.39999988399110764	0.25011597897119286
0.34847595806953185	0.4010026749706441	0.25052136695982413
0.3496587788631752	0.4004537754392265	0.24988744569759844
0.34950385253168237	0.40068088901529453	0.24981525845302327
0.34972264348386956	0.3998378779297903	0.2504394785863402
0.3499198158175123	0.40023503685573325	0.24984514732675459
0.348887658597786	0.4010240580203038	0.25008828338191036
0.349395739074692	0.4007133955399144	0.24989086538539368
0.34999165434191	0.400437614128995	0.24957073152909515
0.34889347585498387	0.40145843839618656	0.24964808574882966
