0.35059713783310864	0.40111317457151846	0.24828968759537298
0.35014973637082014	0.4016457672124937	0.2482044964166863
0.35067209712513525	0.40015046262046805	0.2491774402543968
0.34934375166744464	0.40025340737775766	0.25040284095479776
0.3498383222270122	0.40059789759399095	0.24956378017899694
0.3501812391400442	0.40165568012835584	0.2481630807316001
0.34999645503263804	0.4003376652755771	0.24966587969178491
0.3492582274310333	0.4003452294364215	0.25039654313254534
0.3493612089869703	0.40115145397150165	0.24948733704152815
0.3504970291590539	0.4002917602329535	0.24921121060799273
0.34934898248656054	0.4015407686352645	0.24911024887817507
0.3493480927989845	0.40163063558310247	0.24902127161791315
0.3494489400021052	0.4011528149578345	0.24939824504006042
0.3505510586352685	0.4002810839578528	0.24916785740687888
0.3501198720523083	0.4015816160794359	0.2482985118682559
0.35083840784770015	0.4006784960366969	0.2484830961156031
0.3503380650519287	0.4010606715882259	0.24860126335984556
0.3498832038763899	0.40166842090363647	0.24844837521997376
0.35022903407996614	0.40160251939217445	0.24816844652785952
0.3499593030377509	0.4008121887752842	0.249228508186965
0.34949240038279705	0.40154894812238834	0.2489586514948147
0.34929772290755745	0.4001900157560156	0.25051226133642707
0.3489321997938065	0.4014446003947394	0.2496231998114542
0.3494113195449834	0.40119557210310386	0.24939310835191283
0.3503204989531823	0.40030436019298343	0.2493751408538344
0.3507972017983151	0.40019652976041764	0.2490062684412674
0.3494800812565768	0.40107059901301323	0.24944931973041012
0.3491708980477202	0.40059462433807513	0.25023447761420475
0.3503163698752708	0.40076319931896404	0.24892043080576529
0.3506295327605161	0.400836989377495	0.24853347786198893
0.34931597697781225	0.4013713833251574	0.24931263969703038
0.3495326772441009	0.40028373767071423	0.25018358508518496
0.3489965700602057	0.4012906576834292	0.24971277225636526
0.35008386340543923	0.40049613374953696	0.2494200028450239
0.34906843822061834	0.4004180051886451	0.2505135565907366
0.35084700541560565	0.4004060474816553	0.2487469471027392
0.35065860378776004	0.4006041952534306	0.24873720095880944
0.34912641367507036	0.40121534464975156	0.24965824167517817
0.34939830250673176	0.40158734199238083	0.24901435550088752
0.350265910147732	0.4005082935807258	0.24922579627154226
0.3493426819459999	0.40111914033567975	0.24953817771832054
0.34972226442907084	0.40130715558117214	0.2489705799897571
0.34996663339064116	0.4013144950904155	0.24871887151894342
0.3491600084653938	0.4016700522600893	0.24916993927451703
0.349540413590106	0.40062878849825345	0.2498307979116406
0.3496984522835684	0.40104383068453076	0.24925771703190103
0.3497439786026386	0.40106447075918583	0.24919155063817566
0.3502550461094431	0.4002667584753047	0.24947819541525235
0.35010832597119024	0.40022124802970716	0.24967042599910272
0.34913666227345236	0.40106254638239835	0.2498007913441494
0.3502439873869231	0.40126038927915775	0.24849562333391928
0.3492531945297459	0.4012023860710624	0.24954441939919178
0.34957958813311435	0.40021913142861576	0.25020128043827006
0.349501357369647	0.40131744761822646	0.24918119501212666
0.348941629443347	0.40138885622390674	0.24966951433274637
0.3503768537312004	0.40152238033285204	0.2481007659359477
0.3493877343092988	0.4007696679678399	0.24984259772286138
0.34936567852732714	0.40095833313805185	0.2496759883346211
0.34988956151849254	0.4004445377521604	0.24966590072934722
0.34898776764472	0.40146849119711664	0.24954374115816347
0.3503657161675022	0.4009957756817789	0.24863850815071908
0.35067368719363223	0.40112445962088183	0.24820185318548602
0.34992204635402546	0.40026009824381925	0.24981785540215537
0.3489162682273535	0.40081073146624585	0.25027300030640076
0.34946486513185926	0.4011088073409853	0.24942632752715557
0.34999449549762457	0.40086278634330713	0.2491427181590684
0.3493750596692387	0.401345589591807	0.2492793507389544
0.35006986339161933	0.401182723145485	0.24874741346289583
0.35019827925991937	0.4003785866609801	0.24942313407910066
0.350186695320311	0.4001122911871666	0.2497010134925225
0.3488744102377292	0.4006722460320842	0.25045334373018674
0.3505707729094803	0.4007276828754103	0.24870154421510954
0.3490177843825269	0.4009827008582888	0.24999951475918442
0.35040960387008346	0.4000907763328956	0.2494996197970211
0.3498500938894041	0.4003665684031944	0.24978333770740158
0.35040494567323927	0.40055792357498193	0.2490371307517789
0.35058376901305105	0.40009101879129444	0.24932521219565462
0.3501688601498442	0.4014273791813955	0.2484037606687604
0.34986192741427125	0.40116070568150086	0.24897736690422806
0.34984216100254467	0.40031978566913157	0.24983805332832382
0.350123781095201	0.40035800309719394	0.24951821580760522
0.3499787246390504	0.40102227508686444	0.2489990002740853
0.3508768275470523	0.4001472367093546	0.24897593574359328
0.350795335556532	0.40040961108507744	0.24879505335839064
0.3508488256752526	0.4008581938559039	0.24829298046884365
0.3489781737932435	0.4005234604719057	0.250498365734851
0.34959350600277866	0.4014319785752922	0.24897451542192922
0.3499182956832619	0.4008261121175506	0.24925559219918764
0.3507774827676934	0.40008397305384297	0.2491385441784637
0.35026220060509483	0.40109535911397487	0.2486424402809304
0.34991489802970255	0.4014799965654935	0.24860510540480407
0.3498110775052845	0.4006329085402539	0.2495560139544617
0.35001284974365054	0.40099084184993417	0.2489963084064154
0.3507466855179746	0.4004387365140746	0.24881457796795092
0.35055327733324765	0.40053844832903607	0.2489082743377164
0.34914077471748695	0.40158708432839846	0.2492721409541147
0.34899237785928994	0.4005616373870855	0.2504459847536247
0.3492539677762948	0.4009821513439724	0.24976388087973284
0.35013182268593895	0.40075635862724096	0.24911181868682022
0.349433197892798	0.4000995689679452	0.25046723313925695
0.3488586328270109	0.4010194881756544	0.2501218789973348
0.34931690677771743	0.4001378727892667	0.25054522043301597
0.34927115728497826	0.401065485238373	0.24966335747664886
0.349557942976776	0.4011267734598042	0.2493152835634199
0.34890565343351093	0.4005086397871243	0.25058570677936487
0.3505738608010183	0.40018984387237966	0.2492362953266022
0.3488861505633764	0.4008692189459301	0.2502446304906936
0.3498310230989622	0.4004542347154616	0.24971474218557632
0.349268407437068	0.40038775165293117	0.25034384091000095
0.3497985865291591	0.4008679316558601	0.2493334818149809
0.34900334054502097	0.40128345905803253	0.24971320039694667
0.34991251984253946	0.4001008360794252	0.24998664407803545
0.3503002314796888	0.40122351975353804	0.24847624876677327
0.3490311758987189	0.40153731654088465	0.24943150756039656
0.3497738142133663	0.4003278439482912	0.24989834183834264
0.3499351209156793	0.40099923832809625	0.24906564075622462
0.34926810549963927	0.4013358594384506	0.24939603506191022
0.3489362766236415	0.40104858706151014	0.2500151363148485
0.35012575612509445	0.4008798088829973	0.24899443499190835
0.3506701989836239	0.40071377771888805	0.2486160232974881
0.35019513918194933	0.40029304576076513	0.24951181505728565
0.34971032101177124	0.4015985229911009	0.24869115599712804
0.34949474860229535	0.4009433925478564	0.24956185884984844
0.34919633584147963	0.4006965844915215	0.25010707966699897
0.35037786048297753	0.4005554330195862	0.2490667064974364
0.34923949982594815	0.401600744849569	0.249159755324483
0.3507099092035773	0.4011369328300402	0.2481531579663826
0.34895434080829557	0.40125659905884214	0.24978906013286245
0.349659877478843	0.4013600384597852	0.24898008406137198
0.3504488393870133	0.4001824551735109	0.24936870543947584
0.34980733944535025	0.40149842087900645	0.2486942396756434
0.3498263124461408	0.4002606099012122	0.2499130776526471
0.3494517220306221	0.4010462209489458	0.2495020570204322
0.3496474656020158	0.40120499294086176	0.24914754145712253
0.35018036918747814	0.4012627781964028	0.24855685261611912
0.34991655914693487	0.40147584365819033	0.2486075971948749
0.35055305210161364	0.40096629073256607	0.2484806571658204
0.34913301118920603	0.40082955316995067	0.25003743564084346
0.3503851924788312	0.40108838042267425	0.24852642709849465
0.3507534923436539	0.4011366096079423	0.24810989804840394
0.3501269717371431	0.4016370693305248	0.24823595893233225
0.35015979009662923	0.40075195566846356	0.24908825423490732
0.3501322056705104	0.4015598515177813	0.2483079428117084
0.3495555266368341	0.40034842871827114	0.2500960446448949
0.3499598810690841	0.40033773534674366	0.24970238358417235
0.34964570638287223	0.4008389444360701	0.24951534918105778
0.34966713456672427	0.4013616037113872	0.24897126172188871
0.35037032753358166	0.4008978271753295	0.24873184529108894
0.34913976422369364	0.4014706899269024	0.2493895458494041
0.3499746156522819	0.40069901504262373	0.2493263693050945
0.35050047923679006	0.4004720089900775	0.24902751177313262
0.34939694267636057	0.400600099987582	0.25000295733605754
0.3497779644342393	0.400706192217389	0.24951584334837182
0.3488954775069343	0.4012059857841245	0.24989853670894138
0.35057664470689837	0.40020688695530404	0.2492164683377977
0.3493611289468053	0.4006581432496146	0.2499807278035802
0.35028266920086215	0.4004937279783132	0.24922360282082473
0.34892699305307473	0.4007407158267473	0.2503322911201781
0.3490331950292742	0.4011852863885025	0.2497815185822234
0.34907350017407696	0.401342985735926	0.2495835140899972
0.3493618489997078	0.4011686007646006	0.24946955023569173
0.35063825820091277	0.4007369907286805	0.24862475107040682
0.34926647494398677	0.4005297121707791	0.25020381288523424
0.3498978078135496	0.40132217563746053	0.24878001654898996
0.34916559891833865	0.4008010151279272	0.25003338595373426
0.34944155438563684	0.40132581015893987	0.2492326354554234
0.34926932464419846	0.4008107978184478	0.24991987753735384
0.34907585922947576	0.40037754862894415	0.25054659214158015
0.349694566784196	0.4010171897911021	0.24928824342470196
0.3488862923163662	0.40090101876281453	0.2502126889208194
0.3488115967069378	0.40064883049261946	0.2505395728004428
0.3489498526991604	0.4014314073830597	0.24961873991777994
0.3492727187779505	0.40167495638073775	0.24905232484131185
0.3488477433894178	0.4010961090433949	0.2500561475671874
0.3495145654286246	0.40019236398698876	0.25029307058438677
0.3494031473144767	0.4005752223104076	0.2500216303751158
0.34922268985982863	0.4003579053596083	0.2504194047805632
0.3507269511601296	0.40094252830905	0.24833052053082058
0.3497205185259863	0.40110742628693363	0.24917205518708022
0.3507253947843564	0.40092238247489653	0.24835222274074717
0.3489642622465688	0.4016058437828965	0.24942989397053483
0.3488765064893674	0.4012673004920156	0.24985619301861708
0.34972678913448	0.4003401828821401	0.24993302798337996
0.3495524275440137	0.4003465582875621	0.2501010141684243
0.3489632402431944	0.4016565777957267	0.24938018196107892
0.3498848960388431	0.40061545278989674	0.24949965117126027
0.35075514672404007	0.4006375813656342	0.2486072719103259
0.3504646119472512	0.40141063789514475	0.24812475015760416
0.3494461435479084	0.40163400887650386	0.24891984757558783
0.34884940920451174	0.4013088545847843	0.24984173621070405
0.35006306665974096	0.40033118704337683	0.24960574629688226
0.35001562532108155	0.4008745531707299	0.24910982150818867
0.3494924088768418	0.40158041793384547	0.24892717318931287
0.3502061576770771	0.4006830599432101	0.24911078237971293
0.35080527540581047	0.4002504029546905	0.2489443216394991
0.3500600264985768	0.40096751331974806	0.24897246018167524
0.3507176984657664	0.4007513243220684	0.2485309772121653
0.350011418606946	0.40107482960858276	0.24891375178447134
0.3491858007104558	0.4005498269437451	0.25026437234579924
0.3497945854570045	0.40058050794902644	0.24962490659396921
0.34909853240999134	0.4011435486210777	0.24975791896893107
0.35057806435319433	0.4013108871899168	0.24811104845688894
0.34892136903428783	0.40061270859181364	0.25046592237389864
0.3492593622206958	0.40092468034448664	0.24981595743481763
0.35039394840180066	0.4004350221935909	0.24917102940460856
0.3496984359189164	0.4016664572953934	0.24863510678569023
0.3495553577334324	0.4009869368387614	0.2494577054278063
0.3504625633229109	0.4003873876420279	0.24915004903506127
0.3501917253780341	0.4006518836710865	0.2491563909508795
0.3493132704303168	0.40096212733882924	0.24972460223085408
0.35017210524077735	0.40144964502084285	0.24837824973837985
0.34937852437948735	0.4008074679214384	0.24981400769907436
0.3497210597591988	0.40008862455946037	0.2501903156813409
0.3503265074823449	0.4002722459173118	0.24940124660034335
0.3504901761086417	0.4007259302631223	0.24878389362823614
0.3503750116831387	0.4009004528709802	0.2487245354458812
0.3489121802251772	0.4010930739411887	0.24999474583363418
0.3501559679987427	0.40110194835891017	0.24874208364234723
0.34930856257214404	0.4010082101550104	0.24968322727284564
0.3491160442783987	0.401598267200785	0.2492856885208164
0.35021408496218565	0.4004319726806682	0.24935394235714625
0.3491401833590924	0.40131924238665884	0.24954057425424883
0.3506721209826776	0.40095073471729825	0.24837714430002428
0.3501952279557663	0.4013100549499745	0.24849471709425924
0.3492964369711769	0.4012878386395486	0.24941572438927462
0.34908850477830006	0.4009765224859231	0.24993497273577697
0.35029241760551655	0.4009590483648993	0.24874853402958425
0.35070762735534633	0.4006525665918663	0.24863980605278746
0.3504291127177946	0.40022395668789246	0.24934693059431307
0.3505455739002507	0.40123393269336216	0.2482204934063872
0.3492877165751951	0.40162579398408516	0.2490864894407199
0.3492554609391977	0.40143578506096966	0.24930875399983274
0.34909443059242684	0.40154401555133223	0.24936155385624104
0.3500695671876242	0.4005490762792715	0.24938135653310434
0.34965847722111176	0.4008835890042378	0.24945793377465053
0.3500991793882309	0.4004253115487584	0.24947550906301086
0.35085868495736156	0.40084717904357753	0.24829413599906103
0.3490256597779695	0.4013943148901453	0.24958002533188534
0.34969269924986207	0.40067239004027505	0.249634910709863
0.34924155738362406	0.40037421972427656	0.2503842228920995
0.3492162348693532	0.40067432364448324	0.25010944148616365
0.3490776001140745	0.40111639164149565	0.24980600824442994
0.3502440043772729	0.40115740209519557	0.24859859352753166
0.3492098864819615	0.4004444057033212	0.25034570781471743
0.3503354010614535	0.40153453254958155	0.24813006638896506
0.3506952125442647	0.4009510968857236	0.24835369057001178
0.3500454731306626	0.40148144366314364	0.24847308320619388
0.34987441060621355	0.4006666358990947	0.2494589534946919
0.350539610118206	0.40121408360851907	0.24824630627327504
0.3505274228502604	0.4002738345009313	0.24919874264880842
0.35054199383606	0.4013066552342728	0.24815135092966734
0.3488342194730763	0.4006375342041066	0.2505282463228172
0.3498511121922988	0.40034944216273366	0.24979944564496764
0.3490300993411251	0.40067438618475903	0.2502955144741159
0.34980965185777674	0.4016455076401424	0.24854484050208098
0.3500668921000853	0.4012174436249689	0.24871566427494596
0.35010616290376717	0.40130798277047053	0.2485858543257624
0.35041209631261605	0.4007861372709224	0.24880176641646168
0.3490806474622101	0.4003613740613497	0.25055797847644035
0.3490281984922287	0.40113278085965554	0.24983902064811586
0.34960677486782676	0.4016178980987654	0.24877532703340793
0.3503701557708794	0.40010109540413774	0.249528748824983
0.34983402719778217	0.40047631667996636	0.24968965612225158
0.35072963563690807	0.4008273104638831	0.24844305389920893
0.34948553712976055	0.4011356686250667	0.2493787942451728
0.3500065194343809	0.4007295033108542	0.249263977254765
0.34958676740748296	0.40023869391967243	0.2501745386728447
0.3488858401702115	0.4011227483608205	0.24999141146896808
0.3496374027717045	0.4000895694442807	0.2502730277840149
0.3492461841442307	0.4003973805675066	0.25035643528826285
0.34965816129936067	0.4003923994213314	0.24994943927930804
0.3501447072336463	0.4016086763595412	0.24824661640681261
0.34928709401971497	0.4009723881174144	0.24974051786287071
0.34935600350315704	0.40048171212065586	0.2501622843761872
0.34945981695558825	0.4011637533033215	0.24937642974109037
0.34897912850830515	0.4009111883249393	0.25010968316675564
0.35035579000443	0.40008426693848487	0.24955994305708523
0.3501675302502771	0.40062591044059065	0.24920655930913238
0.3500025054346107	0.4010498779009869	0.2489476166644025
0.3505153356435875	0.4005615422623308	0.24892312209408177
0.3491332716988126	0.4010667420395035	0.24979998626168404
0.34937822590316986	0.40083304994299485	0.24978872415383543
0.3492606547369167	0.4003369345353627	0.25040241072772074
0.3504665239738671	0.40074953667679575	0.2487839393493373
0.34894791130164676	0.40073892596713556	0.25031316273121773
0.35002783011207	0.4004930974565366	0.2494790724313935
0.3500719026714088	0.4010533060620216	0.2488747912665697
0.34977564655121834	0.4002411249388348	0.24998322850994698
0.34930063626356417	0.40082109296904384	0.2498782707673921
0.3490712947337957	0.40068626316165057	0.25024244210455376
0.3500686262344636	0.40036745470169693	0.24956391906383957
0.3497484050540155	0.40029228445102455	0.24995931049496006
0.34910274581712497	0.4003060077832744	0.25059124639960073
0.3495764967592532	0.4016031179934411	0.24882038524730582
0.34913963708630413	0.40084567530933124	0.2500146876043647
0.34977964743774737	0.40047170538665616	0.24974864717559658
0.3492458095065951	0.40145178316129193	0.24930240733211312
0.35014127962809927	0.40024300739599905	0.24961571297590185
0.3499157408721015	0.4013517646310547	0.24873249449684395
0.3495733860910667	0.40141785313633965	0.24900876077259373
0.35037283939426034	0.4004848664829279	0.24914229412281183
0.35068534836433746	0.4008012949373162	0.24851335669834645
0.34926825212322166	0.4015563243042672	0.2491754235725113
0.34918295519213305	0.40053334469887647	0.2502837001089906
0.3493182324727815	0.4004784131790543	0.2502033543481643
0.35087227079221883	0.4004818414970779	0.2486458877107034
0.3495713490007518	0.4012978235406178	0.24913082745863047
0.35024359455496795	0.4005493332026176	0.2492070722424146
0.35014036734978937	0.40080337434896385	0.24905625830124695
0.3497589102322676	0.4007198875119624	0.24952120225577015
0.35082898059326234	0.40017982313072775	0.24899119627601
0.3504156677053597	0.4002532522241321	0.2493310800705083
0.35058693189385104	0.40017652237701096	0.24923654572913811
0.35089638067174383	0.40081669399230174	0.24828692533595453
0.35027127900126764	0.4008461091125588	0.24888261188617367
0.349268188212131	0.4006308400754379	0.2501009717124311
0.3497494909955919	0.40155996315713477	0.24869054584727346
0.349880894767387	0.4002522034687916	0.2498669017638215
0.349592272348927	0.40117432152916677	0.24923340612190636
0.348883888151139	0.4014944833385653	0.2496216285102958
0.3491490037850937	0.4014636643178259	0.24938733189708048
0.3495701209514168	0.40108122989894857	0.24934864914963475
0.3495505171538872	0.400376856524598	0.25007262632151495
0.34969790722381655	0.40069590695518553	0.24960618582099803
0.3495319879594489	0.4016293755568917	0.24883863648365953
0.3504316834838712	0.40030945170661714	0.24925886480951176
0.3494412408273723	0.40020279167050127	0.2503559675021265
0.34977345736137205	0.4005243093696878	0.24970223326894028
0.349070967076607	0.40066990012996095	0.2502591327934322
0.3500414913652622	0.4008996686466918	0.24905883998804612
0.3488162327145335	0.40133572835537534	0.24984803893009122
0.34909926609329234	0.4004178765174975	0.2504828573892103
0.35043763743152356	0.4004428519904482	0.2491195105780284
0.35074586411093917	0.4006993786946763	0.24855475719438466
0.3497016949766742	0.40118623698671785	0.24911206803660804
0.34938021698056304	0.40062850979044795	0.24999127322898906
0.3502100367414456	0.4010617797049048	0.24872818355364973
0.3501867562558888	0.40057236457121626	0.24924087917289503
0.34892610712672767	0.4009677606155459	0.25010613225772654
0.34975674948681695	0.40030511990736056	0.2499381306058226
0.3489291570561083	0.4011726037365065	0.24989823920738533
0.35059519399804706	0.401041906259151	0.24836289974280207
0.3503266377174532	0.4008667599192271	0.2488066023633198
0.34987974244006387	0.4006388145378903	0.2494814430220459
0.3502717814994372	0.4001986857488724	0.24952953275169049
0.35023699728584473	0.40133486499191406	0.24842813772224137
0.3488494671554571	0.4010948848469913	0.2500556479975517
0.34903783835183794	0.4005507322389001	0.2504114294092621
0.3508935195018227	0.4001853777178917	0.24892110278028573
0.3490319637100697	0.40038417527366693	0.25058386101626345
0.34986942661083825	0.4007230540842132	0.24940751930494862
0.3504410611067101	0.4008311277705343	0.24872781112275566
0.3491228782747569	0.40095188054185643	0.24992524118338677
0.3490452064175436	0.4014553254355484	0.2494994681469081
0.35078529215056914	0.4001550641133034	0.24905964373612755
0.3492970976175846	0.4011270207318506	0.24957588165056493
0.349285464495227	0.40067064968772914	0.25004388581704395
0.3504005666866122	0.40084850778687275	0.24875092552651518
0.3500223925918702	0.40129463959559697	0.24868296781253296
0.3494843811844345	0.40042395320358204	0.2500916656119836
0.3500949155660945	0.4002074678007699	0.24969761663313572
0.35049772333063456	0.40067536059913866	0.24882691607022692
0.3500493095854602	0.40035791203639615	0.24959277837814378
0.34896889198953546	0.40102827660833046	0.2500028314021342
0.3507180370884661	0.4003824753071975	0.2488994876043365
0.34924691775770234	0.40115604287568696	0.24959703936661082
0.35045731080255665	0.4004186257974837	0.24912406339995974
0.3503896449897947	0.40126376203664504	0.24834659297356035
0.34939750750140164	0.40145841485986233	0.24914407763873608
0.34984132485078545	0.4015786905521928	0.2485799845970218
0.34926008210670645	0.4005754836580771	0.25016443423521656
0.3500313600328061	0.40100789065840414	0.24896074930878984
0.3505599686639941	0.4005257278056521	0.24891430353035393
0.34969386127723373	0.4014024035093129	0.2489037352134535
0.3489710310534792	0.4006479730162681	0.25038099593025287
0.3497388604291497	0.4009415393788254	0.24931960019202506
0.34955603531679735	0.40097343585593065	0.24947052882727216
0.34902974807611026	0.40052549804816406	0.25044475387572573
0.34941926955650915	0.40133796928747	0.24924276115602095
0.3496549655268423	0.4011804865768631	0.24916454789629472
0.3501379510199271	0.40142442605724316	0.24843762292282978
0.349669391955329	0.4002373560053917	0.2500932520392795
0.3504065973010739	0.4007956501257637	0.24879775257316256
0.3505394991534204	0.4011442381693976	0.2483162626771821
0.35077623206982667	0.40062556450659886	0.24859820342357458
0.34923698759594457	0.4005728313974599	0.2501901810065956
0.3497789144691985	0.4006961751947873	0.24952491033601432
0.35077442533819214	0.4007260244645863	0.24849955019722167
0.348974037024764	0.4006854475731041	0.2503405154021321
0.3500042813609515	0.4013124146336075	0.24868330400544109
0.3508137434933313	0.40041702439219395	0.24876923211447483
0.34941352511066914	0.4007326148842761	0.24985386000505488
0.3488311214986427	0.4012202670917777	0.2499486114095797
0.34914676193821925	0.40054571597001704	0.2503075220917638
0.34933533239784287	0.40155570601367907	0.24910896158847817
0.35001787665992956	0.40010053248389765	0.24988159085617284
0.34917788140892503	0.4008964234551474	0.24992569513592766
0.35032086919753863	0.40013454731630943	0.24954458348615205
0.3508159818421264	0.4003416177887904	0.24884240036908328
0.34908409177785577	0.40061072597740066	0.2503051822447437
0.34907834893888545	0.40143643639195786	0.24948521466915682
0.3491250513726543	0.4015945796076349	0.24928036901971093
0.3505454484053842	0.4008783966346646	0.2485761549599513
0.34998846739183853	0.40149235976567815	0.24851917284248345
0.3501807275923736	0.4007326683453498	0.24908660406227662
0.34915908102648874	0.4006480650715833	0.2501928539019281
0.3491199759768144	0.40077770559069326	0.2501023184324925
0.34953481926758595	0.4015971292151279	0.24886805151728628
0.3501426909239148	0.40145703751735584	0.24840027155872946
0.3492138457097639	0.40035515592684834	0.2504309983633879
0.3491595376588376	0.40157274451863073	0.24926771782253176
0.35090115577700914	0.40073498390123663	0.24836386032175434
0.3499366040418285	0.40126285260770095	0.24880054335047064
0.34927653492435307	0.40088968175950246	0.24983378331614456
0.3496835472709127	0.40092378737386714	0.24939266535522028
0.3503957574340868	0.40120970637800374	0.24839453618790963
0.34969723447423984	0.4004770103596062	0.24982575516615407
0.34928934383118904	0.4016152741939768	0.24909538197483433
0.34995734605776296	0.40120323670454183	0.2488394172376953
0.3499373757016596	0.4013882148463582	0.24867440945198227
0.3488700724908866	0.4006757296292728	0.2504541978798408
0.34888196970493207	0.4010097744414277	0.2501082558536404
0.3495367933948836	0.4015200852416735	0.24894312136344304
0.3495511143425961	0.4006726033439969	0.24977628231340712
0.34910237254114823	0.40153970945895046	0.24935791799990145
0.3494000549723323	0.4007055687092062	0.24989437631846168
0.34987537257083523	0.4012327103404803	0.24889191708868458
0.35062663072825573	0.4001577606788505	0.24921560859289388
0.3502017808146457	0.4012525923485716	0.24854562683678283
0.35038707192673113	0.4002840191167081	0.24932890895656093
0.3507557517491459	0.4001180990810218	0.2491261491698324
0.3495537320970036	0.4010110069448816	0.2494352609581149
0.3497082872901488	0.4013250412504752	0.24896667145937612
0.3492039125873749	0.4015056524741776	0.24929043493844766
0.35045043284959976	0.4013293659351014	0.24822020121529897
0.34918225955596716	0.40024872726208094	0.250569013181952
0.3491209292076354	0.4013406459531417	0.24953842483922306
0.34903711662208886	0.4003930011015465	0.2505698822763648
0.35058093481046243	0.4012802205523789	0.24813884463715882
0.3504479941961042	0.4005793198376327	0.24897268596626326
0.3503365637349777	0.40047415425266264	0.24918928201235976
0.35076805600066713	0.40024063579223257	0.24899130820710041
0.3491862395759908	0.4010412163270164	0.24977254409699293
0.3491351902586987	0.40084008132106835	0.25002472842023304
0.3494906719672885	0.401414893435541	0.24909443459717065
0.3502980979773572	0.40036329773583207	0.24933860428681082
0.3508452064975515	0.4001463118564429	0.24900848164600567
0.3505660846798285	0.4007636104490191	0.2486703048711525
0.3490610576019766	0.401136069544189	0.2498028728538345
0.35035021161363655	0.4010391897065902	0.2486105986797733
0.34929943241066114	0.4001244501559276	0.25057611743341135
0.3495955473908112	0.40129345072525197	0.24911100188393695
0.3500648066031687	0.40107124447889153	0.24886394891793992
0.34923179240504043	0.40141068093152804	0.24935752666343164
0.3491140020320467	0.40029617808756396	0.2505898198803895
0.34899034038745647	0.40131916648911203	0.24969049312343164
0.34904001923863703	0.4015042605814062	0.24945572017995687
0.3488885791875256	0.4008114907748039	0.2502999300376707
0.3504703027754951	0.4013985904996769	0.2481311067248281
0.34939529665561336	0.40044545947836263	0.2501592438660241
0.34939758612931066	0.4011769531228907	0.2494254607477988
0.3501716408536275	0.4006739839774053	0.24915437516896727
0.349091493130973	0.40060039949649806	0.25030810737252907
0.3502231478726586	0.4015440976521395	0.248232754475202
0.3495640819099948	0.40121371430692904	0.24922220378307627
0.35067657465618834	0.4010558994178535	0.24826752592595824
0.34891866629083806	0.4013417449098284	0.24973958879933367
0.3501734655061874	0.40093210694898673	0.248894427544826
0.35014168101387666	0.4002887651205689	0.24956955386555457
0.3503271167304751	0.40137254076923135	0.24830034250029365
0.3503588640813558	0.40115263091391945	0.24848850500472483
0.34941612520717796	0.40060812221479897	0.24997575257802318
0.34973135838246583	0.40072593632996145	0.2495427052875728
0.3502650890439226	0.40049025839997043	0.24924465255610706
0.34970964509372626	0.4013874962695919	0.24890285863668188
0.3506668392377834	0.4007163470890429	0.2486168136731738
0.34961014442204685	0.4003639234961237	0.25002593208182955
0.3500311474232499	0.400504164127213	0.24946468844953715
0.3494588075391117	0.40037398113808187	0.2501672113228066
0.35005191901002447	0.40111328620911546	0.24883479478086018
0.35036418995375157	0.40129823115717916	0.24833757888906938
0.3498587314789807	0.4015807238943282	0.24856054462669122
0.35000267096968707	0.40151852682668643	0.24847880220362656
0.350241829869463	0.40094088338641193	0.24881728674412518
0.3492339654436471	0.4003638890613195	0.25040214549503353
0.34928668998793067	0.4001254094797272	0.25058790053234226
0.34902624299404905	0.40125107195726506	0.249722685048686
0.34904909679808654	0.4008476208556091	0.25010328234630447
0.35039000516834523	0.40136291216832154	0.24824708266333334
0.3492142701431533	0.40141388994981414	0.24937183990703266
0.3494658927773196	0.40088449323161124	0.2496496139910693
0.3492008815417105	0.40061905170577805	0.25018006675251153
0.350082097805017	0.4007332025521812	0.24918469964280188
0.35035852801660383	0.4014808542300695	0.24816061775332676
0.3506715733538144	0.4011439131721238	0.248184513474062
0.34882135716214097	0.4007380241045136	0.25044061873334555
0.34923628592515066	0.40149498756899926	0.24926872650585022
0.349039482819107	0.4015696369763646	0.24939088020452846
0.35051134469967277	0.4008180115324221	0.2486706437679052
0.35051499488291804	0.4004240988040808	0.24906090631300126
0.3499415300790027	0.40090588543446665	0.24915258448653077
0.35079604264883013	0.4010931732455616	0.24811078410560838
0.34946232510875497	0.4004228732701815	0.2501148016210636
0.3490160050091333	0.4015484759180436	0.2494355190728232
0.34998325115962525	0.40160099401541427	0.24841575482496064
0.35079723961816384	0.40027111016049216	0.24893165022134406
0.34921065002470797	0.4005691646490568	0.25022018532623536
0.3496555740903775	0.4007733430214601	0.2495710828881625
0.35082994314012694	0.40107196825617153	0.2480980886037016
0.34996843074739636	0.4016040753634944	0.24842749388910934
0.35073238542459584	0.40116768211489906	0.2480999324605052
0.3502171943646498	0.4008151523138307	0.2489676533215196
0.3491611750188231	0.40119752962545707	0.24964129535571997
0.34894647172316534	0.4006572818916364	0.25039624638519836
0.3488423126649757	0.40102281241225196	0.2501348749227725
0.34887723945696925	0.40074765977854787	0.250375100764483
0.35073723701321297	0.4002355972322655	0.24902716575452166
0.3488556040834591	0.4012611244530925	0.24988327146344852
0.34944307630535903	0.40017982152732884	0.25037710216731224
0.349381865432209	0.4006255014474531	0.24999263312033798
0.3500284561664374	0.40062160372953265	0.2493499401040301
0.3490924118266276	0.40040532530239875	0.25050226287097377
0.3502583821306368	0.4005866721411563	0.24915494572820707
0.3508526870249077	0.4007932103621901	0.24835410261290225
0.3494459103646268	0.4003738758442086	0.25018021379116473
0.35032805417826207	0.40033361147940716	0.24933833434233094
0.35011707575488643	0.4009870599618023	0.2488958642833114
0.3491175025535742	0.4015268704928305	0.24935562695359542
0.34934575184156463	0.400678961666467	0.2499752864919685
0.34922886125853014	0.4014544333443594	0.24931670539711054
0.350728400709435	0.4007181862604393	0.2485534130301258
0.3494756040426818	0.4006748505316592	0.24984954542565913
0.3498881773741016	0.40078476679483943	0.2493270558310591
0.3508554112794138	0.40079305128976483	0.2483515374308215
0.34909148368974396	0.40039384500939196	0.25051467130086413
0.3501370983115577	0.40149215485291057	0.24837074683553187
0.350299454643484	0.4004328368186482	0.24926770853786787
0.34969784430976747	0.4009401528000344	0.2493620028901982
0.3492955311709428	0.4015604990917214	0.24914396973733588
0.34917286683790266	0.40055821543708436	0.2502689177250131
0.3497391898035407	0.40069810353654967	0.24956270665990982
0.35067887411825305	0.4003184137249721	0.24900271215677494
0.35024808121291784	0.40042056801195813	0.2493313507751242
0.3498616282651299	0.4016375749991855	0.2485007967356847
0.34910242238474104	0.40146476434341194	0.24943281327184713
0.3490601702182394	0.40115539726254346	0.24978443251921723
0.34990842189497295	0.4014980018568469	0.24859357624818024
0.35041081288550086	0.4010165040244672	0.248572683090032
0.35090575147134473	0.4003683215841028	0.2487259269445526
0.3491738110378362	0.4006828131400202	0.25014337582214374
0.35018695127577537	0.400815612821963	0.2489974359022618
0.3491962075510802	0.40144009709316264	0.24936369535575725
0.34996229067273604	0.4001407715000753	0.24989693782718875
0.34952109818203503	0.40058400401571037	0.2498948978022547
0.3491787013362803	0.4013231741674312	0.2494981244962886
0.34977962057118983	0.40120633234628356	0.2490140470825267
0.34967419481973655	0.40143168617431507	0.2488941190059485
0.35082913022373674	0.4003544226908493	0.24881644708541406
0.35042641574134165	0.40096121380698235	0.24861237045167617
0.350182334062117	0.40096216586719324	0.24885550007068985
0.34956988217859	0.4002663649741444	0.2501637528472658
0.34981418696556715	0.4012245226222899	0.2489612904121431
0.34972906421726946	0.40116585122826115	0.24910508455446953
0.3502727291518135	0.4013172295835391	0.24841004126464752
0.34952608281975295	0.40052351679867676	0.2499504003815704
0.3498152601802521	0.4010754976090942	0.24910924221065375
0.3505445510799329	0.4003648567351564	0.24909059218491086
0.3497771370309468	0.4001666444952437	0.25005621847380954
0.34944981736260133	0.40109187236945076	0.249458310267948
0.34893218492597583	0.40085086576987156	0.2502169493041527
0.3505691814545923	0.40082141061203025	0.24860940793337755
0.3488126365511788	0.40061583876193263	0.2505715246868887
0.34920193027497215	0.4009125894914001	0.2498854802336279
0.3492754092583595	0.40112979128334664	0.249594799458294
0.3499112360314934	0.40082120654844566	0.24926755742006107
0.3491409510065678	0.4003437078930623	0.25051534110037005
0.35001980701174396	0.4011249962822766	0.24885519670597955
0.34951716858760845	0.40057346927392345	0.24990936213846823
0.35036260409171127	0.4010203355934644	0.24861706031482442
0.35079200850518893	0.40079659851302324	0.24841139298178794
0.3493200557914754	0.4008152717138121	0.24986467249471264
0.35024344446286765	0.40086875685260576	0.2488877986845267
0.3497380635955206	0.4011611890396891	0.24910074736479035
0.3500698282321368	0.4009542379046901	0.24897593386317324
0.350171978734031	0.4008844871590528	0.24894353410691633
0.34989209271350724	0.4001038440179771	0.25000406326851576
0.3503016637119405	0.401317186582269	0.24838114970579056
0.3496721415917775	0.4002850566432422	0.2500428017649804
0.35021364093051266	0.4004094207239232	0.24937693834556424
0.3507067548362295	0.40115915600205465	0.24813408916171598
0.34961937711065505	0.40080535372997034	0.2495752691593747
0.35009868393554433	0.40046855709371054	0.24943275897074518
0.34959782175029996	0.4009610105457859	0.24944116770391422
0.3502708884931662	0.40054846254272264	0.2491806489641113
0.35049711479889034	0.4002402917879979	0.2492625934131118
0.34902967768576093	0.4008986660688536	0.2500716562453855
0.3501324073566051	0.40014870274931785	0.2497188898940772
0.3491205202137344	0.4014997102385238	0.24937976954774194
0.3503454566057649	0.40043929893747177	0.24921524445676344
0.3488972822921832	0.40094307189474554	0.2501596458130714
0.34927674383029644	0.40130079245036976	0.24942246371933385
0.3488167652054202	0.40139889160010495	0.24978434319447496
0.35072131333506723	0.40090805740924307	0.2483706292556898
0.34941325810116625	0.4001999262329933	0.2503868156658406
0.3500072253043128	0.40029346776315056	0.24969930693253684
0.3503465694085017	0.4013463896715207	0.24830704091997777
0.3489976399456673	0.4016053650070849	0.24939699504724794
0.34977612255182966	0.40116533813540944	0.24905853931276106
0.3501274882330612	0.4012634139845511	0.24860909778238774
0.35036534129005215	0.4002062922001135	0.24942836650983446
0.3502709383186233	0.4015122744184193	0.24821678726295746
0.35012943844911687	0.40061188179148594	0.2492586797593973
0.3498544129482494	0.401347814251968	0.24879777279978263
0.3493056685305337	0.4005520008359212	0.25014233063354524
0.3497969414117056	0.40140289706319654	0.248800161525098
0.34945261965593205	0.40088769395529134	0.24965968638877672
0.34956341730660784	0.4012994914483753	0.24913709124501698
0.3496470024990591	0.4005614280139411	0.24979156948699988
0.3499750524154257	0.401131096562261	0.2488938510223134
0.3499152716937373	0.4001736070950631	0.24991112121119968
0.349158790304741	0.40056896607940173	0.2502722436158573
0.34965865208169983	0.4013715879225934	0.2489697599957069
0.34980291694114624	0.40026805782196856	0.24992902523688534
0.349267599692925	0.4014644334105806	0.24926796689649455
0.3491196457652024	0.4012900601730035	0.24959029406179423
0.3507160205994132	0.40093089803597615	0.24835308136461076
0.3488043474410434	0.4006047642030143	0.2505908883559424
0.34929582324172886	0.40149388385771473	0.24921029290055652
0.34904067905033836	0.40159751818862405	0.24936180276103767
0.3501495483380987	0.40145692212940376	0.24839352953249766
0.3499606305219475	0.40053045945981725	0.24950891001823539
0.3502750011369866	0.4013059902040993	0.2484190086589142
0.35039711725512873	0.4014652657365582	0.24813761700831316
0.3502561933238175	0.4013293168014357	0.24841448987474693
0.34898511678629873	0.4006533951154231	0.2503614880982783
0.35048820848191475	0.4000976896912587	0.24941410182682666
0.34938505151230037	0.400085753879805	0.25052919460789475
0.3496796626257842	0.40082515007641145	0.24949518729780445
0.34977436205776646	0.4013806177046175	0.24884502023761607
0.35022094746740035	0.4003776157138892	0.2494014368187106
0.3506063143567295	0.4006160921423064	0.24877759350096412
0.3503279194648434	0.4002325948763529	0.24943948565880386
0.3493604939551103	0.40067235483793423	0.24996715120695556
0.35040574416141707	0.4010381643740414	0.2485560914645417
0.35037460954802035	0.4009886913282428	0.24863669912373693
0.34993455659380884	0.40093599294710475	0.2491294504590865
0.3507909417680214	0.4009490691361869	0.2482599890957918
0.35077813497374555	0.40088391322826855	0.24833795179798604
0.3499603218579196	0.4005515907360788	0.2494880874060017
0.3490216973428622	0.4015325671271984	0.24944573552993948
0.3492235567544107	0.40031261425200015	0.2504638289935892
0.34935022429961216	0.4008652355070866	0.24978454019330135
0.3496378218548227	0.401302872977012	0.24905930516816543
0.3493956869231088	0.4006844919977553	0.249919821079136
0.35021646211901963	0.4010164957675287	0.2487670421134518
0.3499423868134344	0.40088674551556625	0.24917086767099944
0.34952951368443436	0.40145815134478224	0.2490123349707835
0.34959998053586905	0.4015744459137075	0.24882557355042356
0.34974399982418125	0.4013049631000206	0.2489510370757983
0.3492731731638716	0.40158211253323317	0.24914471430289534
0.34998617422975836	0.4005527109666123	0.2494611148036294
0.3494249004215711	0.4006656691028082	0.24990943047562086
0.3495372191668711	0.4016312391020437	0.24883154173108532
0.34969664959497876	0.40141190509350244	0.2488914453115189
0.3498225150192413	0.40074833283179045	0.2494291521489684
0.34967073586253544	0.4002906410380456	0.25003862309941904
0.34909722951236954	0.40111348090176413	0.2497892895858665
0.34893922024909985	0.40133836449238647	0.24972241525851385
0.34937484192748336	0.4004998203206122	0.2501253377519046
0.34908136289720076	0.40151240809591304	0.2494062290068863
0.35042784066384425	0.4002833156852461	0.24928884365090972
0.3504547148034038	0.4008507927418777	0.24869449245471864
0.34951771011874344	0.4001827537285344	0.25029953615272227
0.3493074791091518	0.4002507330108748	0.2504417878799735
0.349065194272986	0.4003784705794792	0.25055633514753495
0.34919338198317457	0.4007586914407724	0.2500479265760531
0.34898916251183093	0.40125244768342416	0.24975838980474496
0.34989403550198794	0.4013866821066321	0.24871928239138008
0.35040536140738676	0.4011575330941086	0.24843710549850476
0.3509057557527164	0.4007215345224174	0.24837270972486636
0.34931222415354624	0.4009019447065416	0.24978583113991232
0.34949474987411383	0.40155113342134974	0.2489541167045366
0.3494436432765325	0.4015930083997521	0.24896334832371553
0.34995766021488256	0.4014898205007974	0.24855251928432015
