0.3440201625191299	0.28395258339505025	0.37202725408581994
0.3306466001115772	0.5484401940196105	0.12091320586881238
0.291978594847936	0.4957524211329931	0.21226898401907107
0.5209292624585153	0.18898878854415957	0.2900819489973252
0.20179426891318486	0.4449855798342656	0.35322015125254963
0.22057163175469763	0.5687667214101023	0.21066164683520017
0.42103170925898026	0.23306651202449027	0.34590177871652955
0.2644418497587281	0.6464515520709713	0.08910659817030081
0.07327341689586214	0.5470948956892505	0.37963168741488745
0.34212041267878135	0.2757181909701698	0.3821613963510489
0.459305820468787	0.18392807552521584	0.3567661040059973
0.22444955627707927	0.6910962979651873	0.0844541457577335
0.16267270687252106	0.7167775301384198	0.12054976298905917
0.5084912847739895	0.22739099126287016	0.26411772396314037
0.5388353942797226	0.17025889781119743	0.2909057079090801
0.46965409145356773	0.19386812037068268	0.3364777881757497
0.3273921390036608	0.32741433116213364	0.34519352983420565
0.4057943280428383	0.36557110804954746	0.22863456390761433
0.4214289037715093	0.5245579723567488	0.05401312387174201
0.3371547239622217	0.41845992359653905	0.24438535244123938
0.2885689024161323	0.41565569198611	0.2957754055977578
0.5232790456925451	0.2877700901033426	0.18895086420411242
0.48989616670830693	0.14232728549793935	0.3677765477937538
0.13254155512513158	0.7802004707528112	0.08725797412205738
0.3247769849153009	0.32066635458827375	0.3545566604964255
0.36962782157068275	0.24891845923142297	0.3814537191978944
0.10962874884056983	0.7183532443615768	0.1720180067978535
0.1516346436208193	0.7938110952100721	0.054554261169108775
0.08161460243274582	0.8264331068419585	0.09195229072529579
0.24413460464417336	0.6853400892085125	0.07052530614731423
0.18367047299912959	0.5077547050379324	0.3085748219629381
0.4458854529337899	0.16168519569860934	0.39242935136760093
0.5214406387598651	0.37359403419196796	0.10496532704816705
0.308232711826839	0.5406830544835038	0.15108423368965723
0.509524563742247	0.09363528439063312	0.39684015186711996
0.5541347489541073	0.1240500663279484	0.3218151847179444
0.5652322967163752	0.3945111760665184	0.040256527217106486
0.30554898065946157	0.4856809575052618	0.20877006183527677
0.2547691467874403	0.48218856676717337	0.26304228644538646
0.4326837909976321	0.1726510326449372	0.3946651763574308
0.42370834608231267	0.34760101516955866	0.22869063874812878
0.5062504436113757	0.36569435178561593	0.12805520460300843
0.14682840136065511	0.6568708990893398	0.19630069955000518
0.348389221743966	0.5119551819044434	0.13965559635159064
0.36177826075171426	0.4899439377739382	0.14827780147434763
0.19308112345651116	0.5108834168673875	0.29603545967610156
0.1737820673368639	0.6700301829123606	0.1561877497507756
0.4236969613411613	0.51186419141993	0.06443884723890875
0.09437302612620754	0.8354963724266936	0.07013060144709898
0.29913167670165053	0.5163064258981452	0.1845618974002044
0.41549701649021975	0.20272450234869097	0.38177848116108937
0.5415690092192071	0.17433804099772346	0.28409294978306954
0.1327452412127216	0.4666970576972752	0.40055770109000327
0.2838454018604571	0.6593447803221613	0.05680981781738176
0.25335275594172574	0.47756949693218786	0.2690777471260865
0.23634994157276684	0.5269361393361511	0.23671391909108208
0.15163605683100542	0.6034380819535288	0.24492586121546595
0.14865749930201988	0.6383468139810374	0.21299568671694283
0.08710958142567443	0.8531570298348102	0.05973338873951539
0.1812437765672073	0.45371646676271515	0.3650397566700777
0.08540707130613007	0.7756301060414865	0.13896282265238347
0.4085472687399482	0.5402892338191703	0.05116349744088161
0.11503647850257201	0.8309745253555274	0.05398899614190067
0.1583311858197624	0.5004110779984121	0.34125773618182564
0.32205703537607744	0.49568902973292106	0.1822539348910016
0.23349218537913174	0.5917258235433274	0.17478199107754103
0.27252152260247176	0.4224130841045928	0.3050653932929355
0.4970360312299089	0.1349354448402663	0.3680285239298249
0.3342360312100179	0.619076511312101	0.04668745747788122
0.41790156797713485	0.5239179422981443	0.05818048972472106
0.35433384672859397	0.39147113433063113	0.254195018940775
0.31194785611919307	0.3239389389539948	0.3641132049268122
0.14781588862024747	0.6288346727619787	0.223349438617774
0.38016702940888314	0.2909216781490022	0.32891129244211476
0.47649922106776954	0.12158536966354169	0.4019154092686889
0.23066139527060397	0.5375300364669189	0.2318085682624772
0.47356181393981844	0.3621458740922383	0.16429231196794336
0.3293007641635716	0.5068503445160908	0.16384889132033773
0.24320017834220373	0.3935766129652433	0.36322320869255303
0.3950662135847487	0.42811006019591014	0.17682372621934125
0.1489895745968614	0.7218421307018583	0.12916829470128036
0.2994244700982417	0.6529363655498657	0.04763916435189269
0.48649396574775633	0.41158963060344356	0.10191640364880017
0.550087739247868	0.19185208696098663	0.2580601737911455
0.33687573129196124	0.6068434916511558	0.05628077705688311
0.5232827974968135	0.22606510437433236	0.2506520981288542
0.5516240873715372	0.3155102574660491	0.13286565516241378
0.5664597307369028	0.1617933482949623	0.27174692096813496
0.29445610705191605	0.3561057470712685	0.34943814587681554
0.4399691419593515	0.24179793543958983	0.3182329226010588
0.5418931935170143	0.1691813517502776	0.28892545473270825
0.16675543298395015	0.5789816765593785	0.2542628904566715
0.272133035759286	0.3520430201208865	0.3758239441198276
0.204724028794187	0.42017402974824114	0.37510194145757203
0.489694781925875	0.16262368509855776	0.3476815329755673
0.3657425593757558	0.31198424181413675	0.3222731988101076
0.4141782131208781	0.3514655199001483	0.23435626697897372
0.4114324089160801	0.5066101020234638	0.08195748906045625
0.5379936335549326	0.34304024580581	0.11896612063925749
0.3175238048047722	0.26728770951142533	0.4151884856838025
0.4131873246735731	0.4609272887888733	0.12588538653755368
0.5069714744958518	0.19176090601938559	0.3012676194847628
0.5026345658152684	0.4508435672305814	0.04652186695415028
0.12771025562703225	0.5926232090277711	0.27966653534519675
0.32956254631955983	0.545956382406259	0.12448107127418129
0.43348554818202034	0.2126985169478411	0.3538159348701387
0.2981375616539673	0.47322372773352184	0.228638710612511
0.15031305028459285	0.6258597780358929	0.22382717167951438
0.2007558307544809	0.5541464478994577	0.24509772134606161
0.5330028584317953	0.16345031028180435	0.3035468312864005
0.47381898717529847	0.38943478036264345	0.13674623246205814
0.3853541939844205	0.28312053092116163	0.33152527509441804
0.11478369522182755	0.6575670364661635	0.227649268312009
0.4369834423202635	0.3726824219563365	0.1903341357234001
0.4264071947994383	0.1763728279956862	0.3972199772048756
0.12919748446086454	0.6320293161135943	0.23877319942554132
0.4167153113379606	0.5059330430402575	0.07735164562178204
0.3114709629387966	0.6101422043788806	0.078386832682323
0.3872293780632151	0.397836770132519	0.214933851804266
0.5571332196453511	0.3371023838932168	0.10576439646143215
0.19124030440257897	0.5603561769725686	0.2484035186248526
0.26301678582185734	0.48582180462996793	0.2511614095481749
0.36467366772580356	0.5739876787836625	0.06133865349053402
0.2881378403224868	0.3135729121886919	0.3982892474888214
0.2878854217573725	0.43089314144803637	0.2812214367945912
0.4654021874254347	0.29163202369500507	0.24296578887956033
0.18986663799276948	0.6622454847179708	0.1478878772892598
0.21220000517745424	0.5891036686281669	0.198696326194379
0.17818203107409297	0.5976884842947344	0.22412948463117274
0.5567161526508724	0.16448952902310549	0.27879431832602225
0.5058400574619994	0.4484955631139387	0.04566437942406204
0.5016325680353915	0.4047437055819438	0.09362372638266483
0.1080521031692418	0.8094076961074818	0.08254020072327661
0.4757162409019842	0.1985889105776868	0.32569484852032904
0.05584755576519368	0.8044327693971751	0.13971967483763134
0.2372908228928252	0.5214584318996057	0.2412507452075692
0.5766361956783291	0.12150552795926278	0.3018582763624082
0.5154223714082826	0.37681706913606877	0.10776055945564875
0.32525420069571676	0.6172398853132578	0.057505913991025503
0.3193626077783981	0.6007692600465662	0.07986813217503591
0.0613981093094666	0.7582490831667996	0.1803528075237339
0.48183377590908844	0.10477074699027975	0.4133954771006319
0.06240286641425319	0.7604512067052578	0.17714592688048922
0.2329664543531646	0.6911779758451126	0.07585556980172292
0.1275610486200702	0.7018561538487766	0.17058279753115335
0.5630925493342501	0.3349647006295515	0.10194275003619843
0.058613405606450675	0.6610995038521874	0.2802870905413621
0.4570183785336203	0.25748178537546124	0.28549983609091856
0.556063615316529	0.3833114925965437	0.06062489208692745
0.46614442530486533	0.13070055190960567	0.4031550227855291
0.42922337501110236	0.24329803710166098	0.32747858788723677
0.32076235608385895	0.6108031183488075	0.06843452556733365
0.5068722966057915	0.3067914283870046	0.18633627500720396
0.24484628175555603	0.6793970679329315	0.07575665031151252
0.28942054202175915	0.4071317413841392	0.30344771659410175
0.3391142735532513	0.35545809155023333	0.3054276348965155
0.1630403406031659	0.4324135427586665	0.40454611663816775
0.425316934498676	0.19502752488457054	0.37965554061675355
0.1019099151802349	0.54032060366598	0.35776948115378526
0.05728081174525357	0.8505119689147771	0.0922072193399695
0.2650992506960047	0.37922591179255316	0.35567483751144224
0.25302480195881083	0.5014089271873206	0.24556627085386873
0.14410428092003993	0.49905916409847595	0.35683655498148426
0.4040081581549445	0.33277717240062893	0.2632146694444266
0.45890152554443364	0.40168380247097246	0.13941467198459392
0.1762182265096343	0.7310277043273933	0.09275406916297257
0.06787223371009032	0.690327907118317	0.24179985917159286
0.2988701211482815	0.5290235219162156	0.17210635693550302
0.20341527909298499	0.5509796578041494	0.24560506310286573
0.18955020715052423	0.703163447487031	0.10728634536244488
0.26038482567385224	0.4271584045436304	0.31245676978251746
0.07478164007353705	0.6632046437881456	0.2620137161383175
0.5048409342225453	0.17223558289570173	0.32292348288175304
0.48300236028289323	0.19875492063914835	0.3182427190779585
0.2280323040404008	0.5114704319696244	0.26049726398997497
0.3918276747250383	0.27685565248603766	0.3313166727889241
0.42956701303837813	0.3429594391642315	0.22747354779739049
0.5682010267601778	0.08302215150154912	0.3487768217382732
0.47066440359837025	0.37008901000086664	0.1592465864007632
0.1149255020326948	0.8380766845930971	0.04699781337420822
0.197134260881308	0.7460658202822507	0.05679991883644142
0.27353710369119477	0.34024257094330956	0.3862203253654958
0.15473356808788555	0.7110471827925079	0.1342192491196067
0.07718619458151144	0.8063699115572504	0.11644389386123827
0.3222865243358267	0.41296857786967756	0.26474489779449584
0.060929143982681566	0.8270394345975374	0.11203142141978126
0.3051871282281995	0.609720265073018	0.08509260669878255
0.08628241677145143	0.5082444317865618	0.4054731514419869
0.4839439428551451	0.33004710528266784	0.18600895186218713
0.2952655128796911	0.41451267945672143	0.29022180766358757
0.3644416200641663	0.5309391328136135	0.10461924712222034
0.08987817533427916	0.8085298866186559	0.10159193804706504
0.16230885054306682	0.47736386579611123	0.3603272836608221
0.5735197046069977	0.19699160520448866	0.22948869018851373
0.31506625794019766	0.27343957184858214	0.41149417021122026
0.3978119357509863	0.5372946846275584	0.06489337962145547
0.15961668308053117	0.7306648261026629	0.10971849081680607
0.19835979185641067	0.5000124602082477	0.30162774793534175
0.3359593803316194	0.27577218320231234	0.38826843646606846
0.3894472800576867	0.2628989797370662	0.34765374020524714
0.3960164758804837	0.4941696409489856	0.10981388317053081
0.38026748072951577	0.5261310515535844	0.09360146771689987
0.3880355636148047	0.23612514018578296	0.3758392961994125
0.10278225475992098	0.5043313953829778	0.3928863498571014
0.33845537409883814	0.5047787258162295	0.15676590008493246
0.08350786331904347	0.5619759281648973	0.35451620851605936
0.0732113500326882	0.7044914969949793	0.22229715297233266
0.42860123100257586	0.326694476957822	0.24470429203960226
0.44877557755919095	0.13898896634283514	0.412235456097974
0.5505564871484002	0.049195009175529825	0.4002485036760701
0.46233926121324026	0.17916187430606498	0.35849886448069485
0.5220440985026911	0.27638118136637535	0.2015747201309336
0.16034144410010115	0.667070135512184	0.17258842038771507
0.43626780998397313	0.4156377361322753	0.14809445388375167
0.3033181293203743	0.3718991212561453	0.3247827494234805
0.2174484089686747	0.5392055833536398	0.24334600767768572
0.363982066056597	0.5052007242373918	0.13081720970601127
0.40123581225403454	0.2800855290614304	0.31867865868453515
0.23363153959361846	0.5824730787733811	0.18389538163300065
0.13021669186096863	0.5215259905051521	0.34825731763387935
0.5613990154743537	0.3060707287266835	0.1325302557989629
0.12904204118388346	0.7256770001915116	0.1452809586246051
0.5497409908587664	0.2642119398023346	0.1860470693388991
0.05423347131555456	0.7186631195873641	0.2271034090970815
0.48409782061007806	0.43579655731617306	0.08010562207374894
0.16144297040867397	0.6902427421869837	0.1483142874043424
0.3773943365195982	0.4535700646149547	0.16903559886544725
0.17342591374128807	0.4128820769772086	0.41369200928150346
0.3019999596453381	0.5085118729367848	0.18948816741787722
0.5284190961329076	0.2297700232402523	0.2418108806268402
0.5604895399911263	0.3264458746042846	0.11306458540458925
0.0805674633623456	0.5262728880050478	0.39315964863260683
0.2899016149126909	0.5231227657362328	0.18697561935107634
0.5067914097907671	0.13351153545578576	0.35969705475344727
0.3312119329294012	0.5825526276994579	0.08623543937114103
0.3309284518044528	0.34956174305168136	0.31950980514386595
0.22027703027104462	0.5985112082632866	0.18121176146566892
0.27892451492296383	0.3750234686993975	0.34605201637763877
0.15763055510507668	0.43890788555902316	0.4034615593359003
0.23468549319606652	0.39725873795619604	0.3680557688477376
0.1430973344016399	0.5885614240781891	0.268341241520171
0.28860014837116665	0.3024903355950814	0.408909516033752
0.23540118379322664	0.5898912575855675	0.17470755862120604
0.17364950704812626	0.5111360697646494	0.31521442318722437
0.20644373950754888	0.6636161444724402	0.129940116020011
0.5659728163552021	0.2834234449459136	0.1506037386988843
0.10819474298450016	0.6558673011676458	0.23593795584785415
0.5423923076038393	0.18132016879986276	0.276287523596298
0.32487687761591827	0.5243826002799704	0.15074052210411143
0.4269605230107567	0.3552791313543467	0.21776034563489674
0.2262754114095653	0.6299865365089472	0.14373805208148765
0.4147577863845483	0.20093526552073862	0.3843069480947132
0.3936010072465739	0.4224342767945387	0.18396471595888758
0.37784545447269036	0.4474210008575772	0.1747335446697326
0.39839402815966307	0.48956252805389266	0.11204344378644437
0.14429413293999416	0.6702050143108348	0.1855008527491712
0.45017787900674344	0.30865994698051047	0.2411621740127462
0.2600018518952344	0.6129966037566845	0.1270015443480812
0.1360150614212261	0.8041864657352364	0.059798472843537565
0.44578938766286924	0.4541510812208025	0.10005953111632837
0.23705413783283869	0.4191140334415068	0.34383182872565465
0.27376204837464657	0.3682885983406115	0.357949353284742
0.5126430357314173	0.4251438785682722	0.06221308570031048
0.499074583625569	0.2717137484230894	0.2292116679513417
0.20133785644633823	0.39182726380111854	0.4068348797525433
0.07875510785273065	0.8069165125990548	0.11432837954821465
0.12467115604797172	0.6044022739724741	0.2709265699795542
0.28300675132664754	0.4984590560288451	0.21853419264450744
0.35138950015627207	0.3349710797035478	0.31363942014018026
0.18865151728207796	0.6186006939717767	0.19274778874614534
0.14575619850827828	0.46046571464963165	0.39377808684209015
0.13996154769678443	0.6260128283964648	0.2340256239067509
0.23881985885912954	0.45117887735814083	0.31000126378272974
0.14147772399854333	0.5195291188331244	0.33899315716833245
0.2864623022170888	0.30854694949281947	0.40499074829009185
0.3028539060976725	0.6368053932754987	0.060340700626829
0.4335733476958665	0.3631229155571429	0.20330373674699076
0.43953634069526537	0.5071115109324322	0.053352148372302455
0.3325339436186624	0.4757162261714634	0.19174983020987427
0.3934728321831683	0.25509393168216743	0.3514332361346644
0.1154346990524123	0.6137278547742604	0.27083744617332745
0.31049218438287784	0.6225080278994206	0.06699978771770171
0.43666684541521755	0.324569550947692	0.23876360363709054
0.46679944842585197	0.2426340777970486	0.29056647377709954
0.4345088305219923	0.39530194418723813	0.17018922529076963
0.4364836478110463	0.19244669620386878	0.371069655985085
0.43719848350548096	0.3194639019768141	0.24333761451770505
0.4510305460363878	0.17125193894186547	0.37771751502174683
0.2384788452075747	0.7039787110889311	0.05754244370349426
0.1624265667835788	0.7501696549857735	0.08740377823064793
0.2954856614900761	0.3917271914111856	0.3127871470987384
0.49671154691122765	0.3751172800866203	0.1281711730021521
0.5354860256172804	0.2248425894926136	0.23967138489010603
0.16789838092759574	0.7275950833076333	0.10450653576477104
0.5607470527806225	0.326645694891424	0.1126072523279536
0.4144575979696527	0.2929667676464933	0.2925756343838541
0.13436900751237163	0.7679038159487395	0.09772717653888907
0.4731935849680856	0.36721653839283686	0.15958987663907767
0.23947960435472077	0.6916954610675672	0.06882493457771205
0.3387675793180907	0.4538107975825475	0.2074216230993619
0.10755584536167057	0.5636838192915123	0.3287603353468171
0.22760951819123512	0.3979018737362775	0.3744886080724875
0.2862636221953045	0.5872822629029213	0.12645411490177438
0.06391119420707936	0.803122951939352	0.1329658538535687
0.2745603545802624	0.6613925936032456	0.06404705181649206
0.09465647999074298	0.6400263088239555	0.2653172111853016
0.5097863848103584	0.20476584920722665	0.28544776598241506
0.5052018250084978	0.0898388888526252	0.4049592861388771
0.06818728926528039	0.5534451268434826	0.37836758389123715
0.565543923760194	0.22337903319332109	0.211077043046485
0.579162774284302	0.10911801759691794	0.3117192081187802
0.44176502419997965	0.387747021897634	0.1704879539023865
0.4064802384053925	0.2621338135317032	0.33138594806290445
0.2212435209252897	0.5898345573886219	0.1889219216860885
0.2536497857165032	0.4756483390130084	0.2707018752704885
0.4569511304030983	0.39480346271859174	0.14824540687831003
0.5353779140864223	0.22077127530407498	0.24385081060950284
0.10282706178836556	0.8023441042822261	0.09482883392940838
0.1126393158361621	0.6703025026659628	0.2170581814978752
0.08619798708299731	0.6764657783483525	0.2373362345686503
0.37710426764700333	0.44451633035514415	0.17837940199785263
0.34684478224581855	0.33546647021353265	0.3176887475406489
0.37137998622355206	0.46719188870202316	0.16142812507442483
0.06794365872315467	0.6475596610580796	0.2844966802187658
0.4407921201547793	0.4235772794051035	0.1356306004401173
0.2939991094302208	0.6001790060596783	0.10582188451010108
0.5689550684071569	0.2841605527743324	0.1468843788185108
0.30385071982594897	0.49870067193131107	0.1974486082427401
0.43268132959599404	0.4781874724303445	0.08913119797366159
0.47452814186212355	0.36217272854510874	0.16329912959276782
0.3954479355222169	0.4953754134269055	0.1091766510508777
0.0777706865296453	0.6591300655688812	0.26309924790147354
0.30392217083354023	0.4085435403145269	0.287534288851933
0.185230605191453	0.5894777199895634	0.22529167481898366
0.438307915056861	0.2688780268145711	0.292814058128568
0.28845358462374227	0.5873700195343236	0.1241763958419343
0.27150164794395437	0.39162061908819856	0.33687773296784723
0.11866703361377362	0.8332599525183348	0.048073013867891645
0.07874026655068461	0.7794178804756129	0.1418418529737027
0.058598654606114686	0.7296012914621637	0.2118000539317218
0.10188199277592902	0.789354964530789	0.10876304269328207
0.19458099001626775	0.7083884594090817	0.09703055057465082
0.5737788844760179	0.3435816723449779	0.08263944317900429
0.44822310055714676	0.19127968555599045	0.3604972138868629
0.10460958549784838	0.5618051809714107	0.333585233530741
0.46406476511346406	0.34920344875980835	0.18673178612672775
0.5655430418318149	0.24867986619565913	0.1857770919725261
0.36784907828828983	0.5191278977937878	0.11302302391792249
0.5208757945606431	0.27544730615667645	0.20367689928268048
0.44864971426301337	0.35549804754227915	0.19585223819470757
0.09184720168502844	0.6967641492661181	0.21138864904885357
0.2010423263221688	0.5141850254080172	0.284772648269814
0.36443299663412676	0.250802362801018	0.3847646405648554
0.3679375993273806	0.23885409459396217	0.3932083060786573
0.30451028426905796	0.3108855853696244	0.38460413036131774
0.1534286062181712	0.6419930798612018	0.20457831392062714
0.43983845167124525	0.3598990061162894	0.20026254221246542
0.1373237623173923	0.5342088027060554	0.32846743497655245
0.28822514449226666	0.5275137416518537	0.1842611138558798
0.4618783930029483	0.3590369647339914	0.1790846422630604
0.2926057124161197	0.35591863892758224	0.35147564865629816
0.3628709340896106	0.4982754731557683	0.13885359275462117
0.3501556140037707	0.5610255212271105	0.08881886476911885
0.3457662635908874	0.48864118490179154	0.16559255150732122
0.07610896373948695	0.6843920878313605	0.23949894842915267
0.19779889976201614	0.6139062111678326	0.18829488907015135
0.4198104777711351	0.31428135480845654	0.26590816742040846
0.5687108827649662	0.31718797345856053	0.11410114377647343
0.19126109896135934	0.7323562731628444	0.0763826278757963
0.26697973949783094	0.42680105820554554	0.30621920229662364
0.12153804238562149	0.5162201430250135	0.36224181458936505
0.3296407174853241	0.34628994544357194	0.324069337071104
0.4323459018798673	0.43377205034000027	0.13388204778013252
0.45490600508763196	0.18730032890834772	0.3577936660040204
0.2445708409018614	0.37263690835337815	0.3827922507447606
0.1284757385263558	0.6224991285005751	0.24902513297306916
0.30153292501360246	0.5313318303821989	0.1671352446041988
0.31764622471551107	0.36874767094162325	0.3136061043428658
0.3924804240812544	0.32611143649935065	0.28140813941939513
0.31569301868964006	0.6234191528215098	0.06088782848885027
0.1641235126255201	0.7572654626672822	0.07861102470719777
0.5393298549826421	0.3930875059155498	0.06758263910180817
0.2554564140842439	0.4467979356239196	0.29774565029183664
0.074303753290971	0.6193696178213013	0.3063266288877278
0.05478324344203633	0.6354312037161469	0.30978555284181675
0.18606495460994804	0.7250332120697349	0.0889018333203172
0.19975389857662196	0.5431481287629647	0.25709797266041357
0.5118807227148164	0.4447067240828423	0.043412553202341275
0.111214172686946	0.7091707031889762	0.17961512412407787
0.2980373233719233	0.6543777213507362	0.047584955277340524
0.5549506221142168	0.3191254353244211	0.12592394256136222
0.4679338376080965	0.27019845825311717	0.26186770413878646
0.4243747124230201	0.4559845269990424	0.11964076057793763
0.073176069118634	0.8068927844830178	0.11993114639834829
0.4777802801092138	0.39527715045382744	0.12694256943695886
0.48492668790537663	0.2777097455294113	0.23736356656521218
0.34405480345968437	0.4233896045206589	0.2325555920196568
0.45047786979077586	0.2531816421257405	0.29634048808348373
0.22496486110157	0.615799149542705	0.15923598935572514
0.3841373869742093	0.431959760088099	0.18390285293769182
0.054354139008682356	0.8830383780256441	0.06260748296567364
0.1871413638373012	0.6065078668965542	0.20635076926614465
0.07775620811754042	0.8785718613356653	0.04367193054679436
0.1515405443808125	0.7321559591506961	0.11630349646849159
0.1141987361541642	0.6516286908626626	0.23417257298317332
0.1320728349466154	0.5575405968748162	0.3103865681785685
0.37522828791091817	0.3587610116445444	0.26601070044453756
0.09312410629664095	0.7497996640011342	0.1570762297022249
0.18723645594985425	0.40134144157355534	0.4114221024765906
0.13809164482964587	0.5716010259984384	0.2903073291719158
0.5191650998557196	0.20252282521761325	0.27831207492666726
0.4745335579490848	0.4047160016760919	0.12075044037482344
0.39351781227769767	0.3062700394244229	0.30021214829787957
0.16134421361192747	0.5883555936189744	0.25030019276909826
0.4478807622715075	0.3913722694246243	0.16074696830386825
0.4291001376108657	0.19879488395767778	0.3721049784314566
0.43675384201910883	0.18115360527162222	0.38209255270926906
0.4400515181933949	0.3696054280339245	0.1903430537726807
0.3275774819722299	0.4543258170744915	0.21809670095327868
0.3456064415567855	0.5746506159605803	0.0797429424826343
0.33781707205374073	0.6082004555804763	0.05398247236578313
0.28441159881214934	0.443917020303764	0.27167138088408677
0.05404818735313649	0.7049089628304516	0.24104284981641208
0.09834714127019231	0.6791019692965206	0.2225508894332872
0.5006468016556672	0.4069940793917924	0.09235911895254051
0.11107868311956878	0.8429944476781557	0.04592686920227562
0.0755297075332953	0.7122555631500573	0.21221472931664753
0.11565291711975681	0.518138460794606	0.36620862208563737
0.33581139844500973	0.34888257301543546	0.3153060285395549
0.2382123632191318	0.42195313513173044	0.33983450164913787
0.21004683868187354	0.5568564917383042	0.23309666957982234
0.5075786143552238	0.3318955484996094	0.1605258371451669
0.08717911718779403	0.778156276897038	0.134664605915168
0.18843400610742672	0.4010908957541822	0.41047509813839117
0.3149747209167443	0.4336624936358617	0.2513627854473941
0.3523093073373059	0.3490378333569871	0.298652859305707
0.2759877007581614	0.561135127083172	0.16287717215866665
0.113572183377192	0.5280808159758834	0.3583470006469247
0.48518784123839376	0.16540782616467645	0.3494043325969299
0.1228648886610057	0.5531850897103895	0.3239500216286049
0.49848377833601576	0.20763239431331648	0.2938838273506679
0.07300699817560241	0.8324531338473411	0.09453986797705663
0.4366390882521914	0.3140140914963232	0.24934682025148552
0.41562076660891395	0.27838279653165976	0.3059964368594264
0.5363348331651915	0.12248009111226377	0.34118507572254486
0.14207443652529023	0.6427237728364152	0.2152017906382947
0.24636488268345114	0.4445317392899549	0.3091033780265941
0.46030604049587076	0.40237675611384655	0.13731720339028278
0.15248198612170116	0.6879164941060957	0.1596015197722033
0.42775678328524896	0.4276465920991626	0.14459662461558853
0.39231902439205724	0.24830064043296662	0.35938033517497625
0.1270903146076835	0.7436267779898559	0.12928290740246073
0.4050904133263238	0.44587402954293653	0.14903555713073977
0.5138800689737465	0.16934380301850377	0.3167761280077498
0.18318974207920524	0.6355375445256941	0.1812727133951007
0.35594404251087886	0.5709053654401472	0.07315059204897395
0.13042365684460067	0.5354675415610445	0.334108801594355
0.5500469989454349	0.09621145235944314	0.3537415486951221
0.45126776078570463	0.16184194251913112	0.38689029669516434
0.4888191788677613	0.3206687150575972	0.19051210607464159
0.3479134376700783	0.3867866484320389	0.2652999138978829
0.12231656044279399	0.5712779589389216	0.30640548061828454
0.5170145057937652	0.25338064511321656	0.22960484909301837
0.06606217903464007	0.7506573289759807	0.18328049198937935
0.15643089710748406	0.49733315574319137	0.3462359471493247
0.4842884036805395	0.35334210014701484	0.16236949617244575
0.3779041487729041	0.4573544327667769	0.1647414184603191
0.40686478874111903	0.543664457782682	0.04947075347619906
0.10611392022969929	0.6553851542165483	0.2385009255537526
0.10114596635156381	0.7167877181223941	0.18206631552604235
0.5405368276816247	0.41078394758047504	0.04867922473790032
0.33794448502984287	0.2469881242903007	0.41506739067985654
0.14163726324132095	0.5048448238252015	0.3535179129334778
0.16979353718399273	0.6445137585480853	0.18569270426792206
0.16822566505997463	0.4568735270310163	0.3749008079090092
0.30113949441791643	0.42481123210970567	0.27404927347237806
0.5015772352962465	0.3597893794384236	0.13863338526532992
0.46210481596121383	0.487749435948183	0.05014574809060324
0.3762470140200295	0.28304320743641664	0.34070977854355394
0.3716228305351961	0.587258036404112	0.041119133060691926
0.36026432038952766	0.5022306407276868	0.13750503888278565
0.2154379982452486	0.44490459186276493	0.33965740989198656
0.24998986564210765	0.37548633612840115	0.37452379822949133
0.4045965382932219	0.49138103994545096	0.10402242176132726
0.31429327523262857	0.3065658060297634	0.37914091873760813
0.16852084560695088	0.6983921671283957	0.1330869872646535
0.5625934205730079	0.18048062947683796	0.25692594995015433
0.28722145613094574	0.5227408033240192	0.19003774054503525
0.42914296748668623	0.19678083434242805	0.37407619817088583
0.4457729328947763	0.36214660161508094	0.1920804654901428
0.3125447157343574	0.34277210835612304	0.3446831759095197
0.07993895599145773	0.582887612952313	0.33717343105622943
0.49456943046553764	0.1748503242118493	0.33058024532261315
0.18992745464597177	0.5967898518506788	0.21328269350334955
0.06449209325712796	0.7759965915861067	0.15951131515676548
0.09455898372205884	0.8654404876761792	0.04000052860176201
0.09199045535647282	0.49609632380494284	0.41191322083858445
0.3562117352092065	0.5150318422878306	0.12875642250296293
0.4825488539348082	0.37962634689551955	0.13782479916967233
0.21427480613486752	0.4256025507224073	0.36012264314272524
0.3611409760945736	0.30389416537093406	0.3349648585344924
0.18328221666370353	0.5382541383968524	0.2784636449394442
0.4772208855741069	0.25019325991427266	0.27258585451162054
0.5356378602069469	0.23129177263966674	0.23307036715338644
0.5650186154387021	0.08611844335315946	0.3488629412081385
0.2256376918814756	0.45594875646429817	0.31841355165422636
0.33283423621226743	0.38342338337965515	0.2837423804080776
0.22120322526481237	0.6527737668483298	0.12602300788685805
0.5502557799396884	0.2685094820122861	0.18123473804802565
0.10724100138370873	0.8273887603613377	0.0653702382549537
0.15551764096582749	0.6416093633798305	0.20287299565434203
0.18692574229947884	0.6797212022415959	0.1333530554589254
0.38142801061816156	0.4005906005070869	0.21798138887475169
0.1741615730710901	0.4275094757379208	0.3983289511909892
0.16981789750545195	0.6261833696125338	0.20399873288201437
0.21379178569738772	0.3857140892922215	0.40049412501039094
0.16059025631443577	0.6464140949656279	0.19299564871993655
0.5685220354232716	0.2834718525059416	0.14800611207078687
0.40752845413450883	0.383433866675143	0.20903767919034827
0.18569024868299966	0.7105724793871391	0.1037372719298614
0.4936304127885258	0.29950398758476504	0.2068655996267093
0.11773354569157435	0.7522348686652014	0.1300315856432243
0.5016782839462385	0.10740820808233359	0.39091350797142804
0.35824240485158215	0.2392968013106009	0.4024607938378171
0.3943172408491108	0.5047338872373882	0.1009488719135011
0.34722239471870453	0.4405968279462801	0.2121807773350155
0.5582148508673972	0.07058017228772956	0.3712049768448734
0.3812592916495763	0.5660608373691425	0.052679870981281296
0.37488340782162116	0.26360779687453895	0.36150879530384
0.126114740712015	0.571119728429763	0.3027655308582221
0.3409700247326989	0.5163263049014357	0.14270367036586545
0.5227860721000426	0.23954602308099138	0.23766790481896619
0.30291843292138043	0.6129536021444575	0.08412796493416225
0.06369490358559915	0.6975530643016423	0.23875203211275872
0.5457100195888752	0.07545076419272034	0.37883921621840455
0.3364659529434285	0.39216583021809065	0.27136821683848095
0.539578997658591	0.4150554842905063	0.045365518050902776
0.15849197562993578	0.7466683069039182	0.09483971746614611
0.4031901703909681	0.24762449394795127	0.34918533566108073
0.23710926902329788	0.46997484537660217	0.2929158856001001
0.5496624909143559	0.27626399030088356	0.1740735187847606
0.29227342996309313	0.46285315031015917	0.2448734197267478
0.18863575885711403	0.6559547766387099	0.15540946450417614
0.13020893124132224	0.6245181175343155	0.24527295122436238
0.5566282639270028	0.1605883515621445	0.28278338451085283
0.47784858803346236	0.3048727353339302	0.21727867663260753
0.0879778990460813	0.6446619908566743	0.2673601100972446
0.3006667285034551	0.568717965361077	0.13061530613546796
0.38868846845294747	0.42048496567398785	0.1908265658730648
0.13623118889872238	0.7081511163287675	0.15561769477251025
0.368529094380762	0.33655967508405843	0.2949112305351797
0.15385951693790978	0.663303556601474	0.18283692646061633
0.2769788833925958	0.5769264232878417	0.1460946933195626
0.47751614102578405	0.20410284009345217	0.31838101888076387
0.25075841244112174	0.6364451813811838	0.11279640617769465
0.30780410973085537	0.5260157684274744	0.1661801218416702
0.5340032320457206	0.33913591730448733	0.12686085064979216
0.3608614722924257	0.23763506991117744	0.40150345779639696
0.1817005489450751	0.5652651894463141	0.25303426160861087
0.3717176798341967	0.3985911844574397	0.2296911357083637
0.3141339529631633	0.5207797159797278	0.16508633105710893
0.43268014476210503	0.38752158526923697	0.1797982699686581
0.1937845721081244	0.6987126982443377	0.10750272964753799
0.35112940847209295	0.4605940041624922	0.18827658736541494
0.5295343262453537	0.25854062449168447	0.21192504926296196
0.17982425480610698	0.6557088127090458	0.16446693248484737
0.11660074335308718	0.6320848645339846	0.2513143921129284
0.5033061719645318	0.217143418606379	0.2795504094290894
0.19956877394057898	0.7060753042482114	0.09435592181120969
0.17940280190200958	0.4340823347145065	0.386514863383484
0.28602817407732956	0.3035513775237081	0.41042044839896247
0.5235935750909524	0.41926442278390225	0.05714200212514553
0.11366882400538397	0.7855670792286698	0.10076409676594644
0.3178865614046967	0.4094374274247414	0.27267601117056206
0.3471502701624749	0.46604953553085915	0.18680019430666606
0.5124070606597864	0.3539131900563153	0.13367974928389856
0.5602008973591703	0.1533031983743917	0.2864959042664381
0.4207166764202297	0.5007455490924148	0.07853777448735572
0.44202080191336224	0.18744415220834587	0.370535045878292
0.5735823794570797	0.3419444297391387	0.08447319080378171
0.31808145767001955	0.3401872901893093	0.34173125214067124
0.31253797522111665	0.43623119624466655	0.25123082853421685
0.3782827473074834	0.3048496583445117	0.31686759434800493
0.37491533419846396	0.22088820743215926	0.4041964583693769
0.5352993169537128	0.15106668673258133	0.31363399631370587
0.39167151478766304	0.45712782109843186	0.15120066411390526
0.12435230252152457	0.7048254106823869	0.17082228679608868
0.2529783144409247	0.3321638299881709	0.4148578555709045
0.11949073838915086	0.8093287782739853	0.07118048333686383
0.38152171658458417	0.380373764084481	0.23810451933093496
0.18043277100956498	0.6034799273941975	0.21608730159623768
0.1700291159286203	0.5854660631388342	0.2445048209325456
0.12434637286619393	0.6457635091739536	0.2298901179598525
0.07377127416286883	0.879844554334639	0.0463841715024923
0.06754645243878654	0.7414102273718666	0.191043320189347
0.21350652508402435	0.7232604003327192	0.06323307458325644
0.15338525348872706	0.7769617782756936	0.06965296823557954
0.2732654943430314	0.6243560460186914	0.1023784596382773
0.45700543864064436	0.32084908801001555	0.22214547334934018
0.10173058409227057	0.6657588789232551	0.23251053698447438
0.30264665831841	0.5887778396412667	0.1085755020403234
0.1392157834060665	0.5939805307118067	0.2668036858821269
0.13971770857834798	0.7798470535075415	0.08043523791411078
0.2600683469418445	0.47352436328816794	0.2664072897699876
0.2148627276667857	0.7464532097176311	0.038684062615583215
0.5364770995197865	0.41542374771907936	0.048099152761134245
0.18306171425930698	0.5970855630638822	0.21985272267681102
0.1593129308550224	0.5553847240825782	0.28530234506239954
0.22763120632868147	0.6295833755823779	0.1427854180889408
0.21680807571958768	0.5631527081769877	0.2200392161034247
0.062791738204372	0.6102976477018676	0.3269106140937606
0.3499448072610666	0.4015953052790223	0.2484598874599112
0.4238048293921851	0.4474326066259551	0.1287625639818599
0.17000689998589258	0.5564340181464745	0.273559081867633
0.4124420340971284	0.5011466981057777	0.08641126779709393
0.4696298794646906	0.4490964438036086	0.08127367673170088
0.15220808886680587	0.4849605831469346	0.3628313279862597
0.4348925902715489	0.34722288242861227	0.21788452729983893
0.08068786742784967	0.6811198841334489	0.2381922484387016
0.3301057759904921	0.5535326045128863	0.11636161949662163
0.09887915396236086	0.5258804795851092	0.3752403664525301
0.06117611548389951	0.5983316286066988	0.34049225590940185
0.4360938335747837	0.4487813048647011	0.11512486156051532
0.07870165625686698	0.8396248188482619	0.08167352489487123
0.29427624220370474	0.5094491236725192	0.19627463412377627
0.4117785621126174	0.33190412618810544	0.2563173116992773
0.5160152326205997	0.27689326900730427	0.20709149837209614
0.3903629774807629	0.5048211125713967	0.10481590994784049
0.5270776950383815	0.06723944135802973	0.4056828636035889
0.42264235288438556	0.3964221596586456	0.18093548745696894
0.1916557537914619	0.4296241387992382	0.3787201074093
0.07356546260421643	0.8574047659047404	0.06902977149104339
0.20443968838589277	0.49604211666596126	0.2995181949481461
0.4863061720763059	0.10154559501406932	0.4121482329096249
0.14807926027861806	0.5377809758821822	0.31413976383919984
0.4877960181848262	0.32813352625620174	0.18407045555897217
0.17775077947688275	0.6475637639040699	0.17468545661904744
0.18238553795099155	0.7277877294444367	0.08982673260457186
0.5373009184393349	0.07710666055114934	0.3855924210095158
0.38877725701637217	0.2538147507674791	0.35740799221614883
0.527023423063868	0.09024191228045914	0.3827346646556731
0.3552055490646142	0.24573979327994272	0.3990546576554432
0.4153857653581129	0.5024202607316361	0.08219397391025107
0.2294986371291956	0.4396384082724344	0.3308629545983701
0.4816304977382548	0.30744920959550054	0.2109202926662448
0.08449107692799912	0.7880871099563751	0.12742181311562598
0.4820261266176482	0.34421849485340145	0.17375537852895043
0.563638208505847	0.10186716371220497	0.33449462778194816
0.39379709854261863	0.48179688050179725	0.1244060209555842
0.2854728284064885	0.477907346846451	0.23661982474706061
0.37279629248705504	0.4677509109177801	0.15945279659516498
0.4681269505813669	0.18053119166819465	0.35134185775043864
0.16252666164599094	0.7391825058970893	0.09829083245691977
0.21196826598452798	0.4061275990853375	0.3819041349301346
0.24656790093106803	0.7098173851478147	0.04361471392111732
0.5236420764661648	0.19284743952481317	0.2835104840090222
0.09829629240602375	0.7226669738395834	0.17903673375439297
0.4041890976460183	0.4620771037539706	0.1337337986000112
0.10109915279447834	0.5801181605932424	0.3187826866122793
0.23270419737683656	0.727622111064643	0.039673691558520574
0.384288152544908	0.3331985366411115	0.2825133108139806
0.5152073675264798	0.22742286856445673	0.25736976390906363
0.35427691354358726	0.3703086179328632	0.27541446852354967
0.47976615872601036	0.16936165488270657	0.35087218639128315
0.5452535534266255	0.08903857604460721	0.3657078705287673
0.5342491059717197	0.12035655009498472	0.34539434393329566
0.4708626599344504	0.3500291257543816	0.17910821431116808
0.3380369405764887	0.5022750661920673	0.15968799323144417
0.480384450773364	0.2646164656297386	0.2549990835968975
0.2196551971503989	0.47246634253728526	0.3078784603123159
0.09067072266271331	0.7287031594716613	0.18062611786562546
0.29291740416927	0.33742103503724796	0.36966156079348217
0.19453873848191816	0.5354699666652036	0.2699912948528783
0.3825256603231423	0.4875638531263195	0.12991048655053833
0.3923744160619352	0.5277397868732092	0.07988579706485577
0.5536814733739627	0.21199691339149773	0.23432161323453965
0.43809073187009423	0.33287756247295913	0.22903170565694675
0.1423501651214399	0.7458745321418043	0.1117753027367559
0.45013771724015617	0.15346996351920497	0.396392319240639
0.10503178720975315	0.8371134296302376	0.05785478316000936
0.4238034499330528	0.45327153344259546	0.12292501662435182
0.5277103960141761	0.1995867750880348	0.27270282889778924
0.3889286642732242	0.2657305941384288	0.3453407415883471
0.1964146656604754	0.5058877409332327	0.297697593406292
0.5243078019275741	0.13126792708563004	0.34442427098679596
0.23482498126045026	0.4780519486814645	0.2871230700580854
