0.1839777939634285	0.07448840061965722	0.7415338054169144
0.20357996991557017	0.2235748755710179	0.5728451545134121
0.13926763380873222	0.1950778022908936	0.6656545639003743
0.15919694051012356	0.42910806681149993	0.4116949926783766
0.07732075018149703	0.40973984799023677	0.5129394018282664
0.24278880673846934	0.282163962451787	0.47504723080974376
0.14355084425159279	0.2461283321708177	0.6103208235775897
0.1875100085861152	0.27678472350490035	0.5357052679089845
0.12673491751636753	0.15883683235046808	0.7144282501331645
0.15735999045552893	0.5274408670524932	0.31519914249197806
0.20472910257875868	0.49934336746368324	0.29592752995755817
0.19413774725672936	0.12733497315844966	0.6785272795848212
0.08677144682272969	0.6127846241319924	0.300443929045278
0.10143993197508247	0.5521817172362891	0.34637835078862855
0.10418842250668198	0.7049323619706538	0.1908792155226643
0.19822179642816679	0.3376361738800404	0.46414202969179286
0.18283668425953475	0.340928158028156	0.47623515771230934
0.09573620527785806	0.2708056388090749	0.6334581559130672
0.16197849552902588	0.33518984118402567	0.5028316632869485
0.08679871120071864	0.2403290133556799	0.6728722754436016
0.1101838679209618	0.2109512097177653	0.678864922361273
0.24365734331310077	0.39995838273122586	0.3563842739556735
0.21522911737531603	0.5000298852854443	0.2847409973392398
0.14483669121004888	0.4950387703034279	0.36012453848652337
0.1658606769408965	0.506068075030974	0.3280712480281297
0.1620727777598575	0.6013221693147575	0.23660505292538517
0.15497950347511708	0.4980525287788229	0.34696796774606015
0.11396772268658933	0.169805308518221	0.7162269687951898
0.07519695716835778	0.27904965192531556	0.6457533909063268
0.124126864098409	0.15233089314148018	0.723542242760111
0.1231163023854524	0.4855374160855457	0.3913462815290021
0.09745921163891386	0.622995450773834	0.2795453375872523
0.09992773969810859	0.4410186460565352	0.45905361424535635
0.2439673454191034	0.3177617888197261	0.43827086576117064
0.15124284964632595	0.46366205375315117	0.38509509660052305
0.21923295748488192	0.5280691385850372	0.25269790393008096
0.06792231249240854	0.42922899972607226	0.5028486877815194
0.13639127997708797	0.5725694151468501	0.29103930487606205
0.11494920799449834	0.2859209618877601	0.5991298301177417
0.18055276191396752	0.16783717865268946	0.6516100594333432
0.20730907777644886	0.33111483048797186	0.4615760917355794
0.20021821395375497	0.5839300064199022	0.21585177962634294
0.18624871716092245	0.1285757222822425	0.6851755605568352
0.23139386968731734	0.23492431808163078	0.533681812231052
0.09028606043728221	0.303363853370533	0.6063500861921849
0.21255788975944986	0.5175634948690048	0.2698786153715455
0.06049514241377929	0.7172578475992428	0.222247009986978
0.17505688674606878	0.2990127813511669	0.5259303319027644
0.14507586659873578	0.2758317455949545	0.5790923878063099
0.11959451781893266	0.7178584767920639	0.1625470053890035
0.06206814307187192	0.33661110795677607	0.6013207489713521
0.1892450731784643	0.08745305675529241	0.7233018700662434
0.09605015591761709	0.19183093705917664	0.7121189070232063
0.1368676579837504	0.4512107055205307	0.411921636495719
0.22915093281802087	0.060674050467567575	0.7101750167144116
0.20525389451261997	0.06835165499727397	0.7263944504901061
0.08543917730057202	0.18282051173823288	0.7317403109611952
0.1713481739766805	0.31559042223838946	0.5130614037849301
0.2004559109070227	0.28901925871650436	0.5105248303764731
0.1484303413412317	0.19519156098826995	0.6563780976704985
0.07111978353600185	0.5943108812516278	0.33456933521237053
0.17728170223120615	0.5647671151057604	0.25795118266303363
0.14519597936120088	0.32869841496805735	0.5261056056707418
0.13802130818814848	0.4097278774722438	0.45225081433960784
0.22940015110716744	0.09202129547500398	0.6785785534178287
0.22441074477898593	0.1360142273570852	0.639575027863929
0.2108896862160238	0.4345256329198403	0.35458468086413597
0.15687319405551572	0.6088778699777473	0.23424893596673707
0.19798350900476097	0.11542271922975705	0.6865937717654822
0.21254024396077897	0.17799987202639617	0.6094598840128249
0.19905962814788344	0.4799290258206531	0.32101134603146353
0.1751927363814656	0.49184228814893016	0.33296497546960435
0.14721805126492898	0.24479418248611928	0.6079877662489519
0.2353203819958261	0.47036946142941627	0.29431015657475773
0.2277403263326743	0.08456047452954263	0.6876991991377832
0.15302836385009952	0.616125474967659	0.23084616118224158
0.20005863482149272	0.2552786024885558	0.5446627626899516
0.1337172609334077	0.529993451058369	0.3362892880082234
0.13679849054807985	0.24089275272291671	0.6223087567290035
0.18074706113836186	0.5129802840201229	0.30627265484151533
0.15468238999739847	0.5759413788490261	0.2693762311535756
0.10834488375749957	0.5442006771525261	0.34745443908997453
0.1254434142818437	0.6751196287072632	0.19943695701089323
0.054006455533803566	0.4951252858804456	0.450868258585751
0.15648768144374955	0.23742348848691794	0.6060888300693327
0.21930186542231062	0.1686085736566826	0.612089560921007
0.15093413253243115	0.3664666299436424	0.4825992375239266
0.12201532048557351	0.6295487636915984	0.2484359158228282
0.09024859005960947	0.2951292053231746	0.6146222046172161
0.18772403667710097	0.3549511536990793	0.45732480962381983
0.10207830385650274	0.4660366902265477	0.43188500591694967
0.1434441883527537	0.5653653735419625	0.291190438105284
0.24230223787776262	0.5943282367742451	0.16336952534799248
0.1452594898781095	0.2874239669101271	0.5673165432117635
0.1936786743129015	0.4008998887561081	0.40542143693099053
0.07257768633071326	0.503579547895492	0.42384276577379487
0.15991104066174497	0.25716659061195274	0.5829223687263024
0.1780956417653093	0.14662874055962744	0.6752756176750634
0.16393529169217186	0.5331223514299577	0.3029423568778705
0.1509002059565756	0.14075200183910117	0.7083477922043233
0.18562248920747326	0.15243780027608334	0.6619397105164435
0.19327850918664224	0.28808299039465557	0.5186385004187023
0.160243753750012	0.3131193044845751	0.526636941765413
0.05361219572778331	0.412414632812533	0.5339731714596838
0.22451190500666615	0.14308419694585262	0.6324038980474813
0.05575805901774217	0.22673862967612274	0.7175033113061352
0.22114798216188525	0.5487303335192429	0.23012168431887192
0.10105749734494976	0.707263243471036	0.19167925918401443
0.22836605774398122	0.611786473936778	0.15984746831924096
0.1153447965415654	0.15192292128150495	0.7327322821769298
0.07912055854779759	0.30800249755748266	0.6128769438947199
0.10397980416552521	0.4915015807393997	0.4045186150950752
0.060504186859291154	0.5785909074033572	0.36090490573735173
0.23604430031000476	0.5158315186008968	0.24812418108909853
0.07084864137233227	0.3376981360411389	0.591453222586529
0.23247310412669692	0.1819008611832167	0.5856260346900866
0.099758987159101	0.24854650021061941	0.6516945126302798
0.16071420839427963	0.46542052981873644	0.37386526178698404
0.20488259260093672	0.26437275578179587	0.5307446516172676
0.13781800748148368	0.19834567480007875	0.6638363177184377
0.11800905860988181	0.677309535844947	0.20468140554517122
0.1027443366269451	0.4736570166919862	0.42359864668106884
0.10898008163134829	0.7013489189338372	0.1896709994348146
0.15395521214706845	0.41392617754576333	0.43211861030716836
0.14093900118984104	0.3608448920542647	0.49821610675589445
0.2351725437848414	0.5272179637923295	0.23760949242282922
0.13345653785328887	0.24237796566159325	0.624165496485118
0.2162289403068524	0.47157864101703617	0.3121924186761116
0.0860652298476583	0.6103471137567962	0.30358765639554564
0.22531726270322522	0.3460285327775871	0.4286542045191878
0.1236500622396374	0.693602143191772	0.1827477945685907
0.06765990080449746	0.5185162158193536	0.4138238833761491
0.10989494263650332	0.5655140565120376	0.32459100085145914
0.18717927373635482	0.42637319772750915	0.3864475285361361
0.12720293737861108	0.6406383563665646	0.2321587062548244
0.09298113073099915	0.7094228982785991	0.1975959709904019
0.09421748132239102	0.4696921817777233	0.4360903368998858
0.07857879581044036	0.442194740708837	0.47922646348072273
0.18218913931157693	0.1190447905369762	0.698766070151447
0.20262162164610387	0.5543052128517119	0.24307316550218444
0.1413165167822189	0.3202758366542935	0.5384076465634877
0.2088443479762877	0.4768595280360866	0.31429612398762585
0.17114794035586026	0.38550399880067726	0.4433480608434626
0.2058120116323075	0.5322350915893437	0.261952896778349
0.09415576339833154	0.551462395997714	0.3543818406039546
0.16435593736215992	0.2017924805065312	0.6338515821313091
0.22739106249777652	0.31226865898322437	0.4603402785189993
0.16130063139027612	0.30187624366662036	0.5368231249431037
0.22701329118951608	0.31356049689910187	0.45942621191138217
0.10168315087929503	0.701986099696545	0.19633074942416004
0.11955484240168504	0.550235295111466	0.3302098624868491
0.10987952288172656	0.36581881221303386	0.5243016649052397
0.23682418019054075	0.10202182584806249	0.6611539939613968
0.11756726651675584	0.14419936080468493	0.7382333726785594
0.1872319060586951	0.07918752732594092	0.7335805666153641
0.240060639861034	0.3083709577744563	0.45156840236450985
0.20262304854402077	0.07820710957328136	0.719169841882698
0.21029186521793608	0.14806952097407564	0.6416386138079884
0.24062142187803887	0.3250103977123714	0.43436818040958985
0.2239666801373159	0.2970073071849353	0.4790260126777489
0.0920355596777413	0.5338129171955626	0.37415152312669625
0.06523268060698084	0.5467668887235072	0.38800043066951206
0.22852765142288917	0.2884377682532509	0.48303458032386004
0.11331414102546816	0.40839321826496966	0.47829264070956223
0.0908259597856067	0.3471507657907281	0.5620232744236653
0.2342962033498311	0.44312785827909473	0.32257593837107434
0.1741364129890501	0.48776749277964365	0.3380960942313063
0.18067843323551552	0.45244313792025126	0.3668784288442333
0.173706884545357	0.4828117446404312	0.34348137081421193
0.12849170008413477	0.35965500155854707	0.5118532983573183
0.1536466837056214	0.1057076685472273	0.7406456477471515
0.16711721525818252	0.2822606726634861	0.5506221120783314
0.1702598495720167	0.12337971836232448	0.7063604320656589
0.21071722834951478	0.11577165159198888	0.6735111200584964
0.227393449120398	0.3193832618783348	0.4532232890012673
0.2202938796616652	0.44177081569498833	0.3379353046433466
0.1910653259330585	0.5118713103592	0.2970633637077416
0.11888470660263031	0.6105803002577868	0.270534993139583
0.1874852137182549	0.29724639806984005	0.5152683882119051
0.1416093073877983	0.3054790063440741	0.5529116862681277
0.14940238681227064	0.12627452379139875	0.7243230893963307
0.08497638873442895	0.6908515445762844	0.22417206668928677
0.05391385721977149	0.49548209555834577	0.45060404722188285
0.22131377859262408	0.1105160182254703	0.6681702031819058
0.23141510843725166	0.24563908324821132	0.5229458083145372
0.24706320169143325	0.22870212154430275	0.5242346767642642
0.05994909587434116	0.2243540845331395	0.7156968195925195
0.0960445673211334	0.3836594981955381	0.5202959344833287
0.1288634071280988	0.19612466628703915	0.6750119265848622
0.053357799316583465	0.32958296265999965	0.617059238023417
0.15108894491481986	0.1390444456448075	0.7098666094403727
0.13696409346909066	0.3031604131926018	0.5598754933383077
0.09109781073153514	0.18109802358113783	0.7278041656873271
0.10987472815863422	0.18984782608319467	0.7002774457581713
0.18822236516791943	0.27201683759837697	0.5397607972337037
0.18952145849769497	0.13476067909364586	0.6757178624086593
0.22858798391527438	0.45542217442834926	0.3159898416563765
0.20115419727706907	0.078747246568391	0.7200985561545401
0.19698557814939216	0.5742029482182004	0.22881147363240759
0.1518700259321835	0.6043341620703364	0.24379581199748027
0.14865231348778996	0.423100668811703	0.4282470177005071
0.08111752584219994	0.25532957899559333	0.663552895162207
0.16913778526670925	0.24236327721150197	0.5884989375217888
0.125728648382373	0.28155647141505713	0.59271488020257
0.24280403531186986	0.5332479233949927	0.22394804129313747
0.15948217525399805	0.4645963632474811	0.37592146149852096
0.09394183705578216	0.7128475120270154	0.19321065091720263
0.057885289758012215	0.6908580273072702	0.2512566829347177
0.09321918385546635	0.7343988844047936	0.17238193173974017
0.19646761187608133	0.5391661601483382	0.2643662279755807
0.08056235390086036	0.5339175046699612	0.3855201414291785
0.08506380483100517	0.33925246113513796	0.575683734033857
0.09147031147209025	0.37447434863825246	0.5340553398896575
0.17931704899531173	0.5591791831597458	0.26150376784494256
0.07404428100578103	0.2984671680364709	0.6274885509577481
0.18950540922307468	0.22958465255569827	0.5809099382212272
0.1304654819256838	0.31874928019760596	0.5507852378767104
0.22587814124826416	0.5479566747805943	0.2261651839711417
0.2326325483626702	0.20912521535175843	0.5582422362855715
0.11268142112106941	0.27178104798838376	0.6155375308905469
0.22791584132495804	0.09319674499283681	0.6788874136822052
0.15996778204822065	0.2367390055187584	0.603293212433021
0.1454442239900389	0.5129450810423644	0.34161069496759683
0.18532240068537786	0.1559336501908029	0.6587439491238194
0.2075618071279386	0.3388995168598858	0.45353867601217573
0.14121341805273552	0.5533510611661449	0.30543552078111974
0.10299188839949577	0.4608031164692624	0.4362049951312419
0.08391781574519142	0.40890925588850274	0.507172928366306
0.24179541815250055	0.49677373666236535	0.2614308451851342
0.23984517484159407	0.3037799465933056	0.45637487856510045
0.11042491648842662	0.5158941077236185	0.37368097578795495
0.10767914073777707	0.6471632490307038	0.24515761023151925
0.23835574697800635	0.5832219574206575	0.17842229560133624
0.06122258935145003	0.7105637535340004	0.22821365711454975
0.12596618497007472	0.17788412996345498	0.6961496850664705
0.17036733392126074	0.28797122778113693	0.5416614382976025
0.0995066404783308	0.22079185501063237	0.6797015045110368
0.06059604279355224	0.44843695366625247	0.4909670035401954
0.17895468554950186	0.19972386216600185	0.6213214522844963
0.09105381198395804	0.5662318709362908	0.3427143170797514
0.24429496179959423	0.08184366875489518	0.6738613694455107
0.1477322509759965	0.2103043593930098	0.6419633896309938
0.17046556575453212	0.5296274629890075	0.2999069712564605
0.12470968471946323	0.4471965136476471	0.42809380163288974
0.10459387269149722	0.4969411707196376	0.39846495658886527
0.12348286511185971	0.3682856940292415	0.5082314408588989
0.18917935505519748	0.2634017046434291	0.5474189403013735
0.13539683977083183	0.378448089271879	0.48615507095728927
0.07865998235233806	0.4793798813379185	0.4419601363097436
0.07802550076266346	0.27568058265772033	0.6462939165796163
0.13646684322238672	0.5806731952277462	0.28285996154986714
0.18943870608836283	0.32795329786021465	0.48260799605142257
0.1573127017523702	0.47560139819361	0.3670859000540199
0.13679669183201804	0.22557993657751274	0.6376233715904693
0.08320149069359484	0.23771986955256397	0.6790786397538413
0.09843693010796356	0.2616577476812585	0.639905322210778
0.11927973880020432	0.3435175004642989	0.5372027607354969
0.061666250895271	0.25560824380648856	0.6827255052982406
0.19411421156719424	0.5091849150368648	0.29670087339594114
0.15763937829896443	0.6697795886470381	0.17258103305399758
0.10922995183334025	0.21031053859972312	0.6804595095669368
0.17606293595008132	0.36928417420866744	0.4546528898412513
0.10634542709744738	0.4072291694804032	0.4864254034221495
0.17623576979308447	0.44505574995571245	0.3787084802512032
0.1168901118825281	0.18836789278268318	0.6947419953347889
0.06417819423264293	0.6367928005316332	0.29902900523572395
0.12510872708436033	0.5538024629306745	0.32108880998496525
0.126554651934577	0.4991570343169016	0.3742883137485215
0.08092115298562136	0.30987668223640163	0.6092021647779771
0.06771708147320221	0.6956305624011585	0.23665235612563942
0.07697820329629868	0.30209923044491793	0.6209225662587836
0.24372679779771744	0.37596647282436035	0.3803067293779223
0.11771523610531218	0.2065466942937848	0.6757380696009031
0.2128199967337241	0.36145388301773984	0.4257261202485362
0.10603456138438366	0.5776653931609828	0.3163000454546338
0.17429922496631392	0.542855760154968	0.28284501487871827
0.14601841924375675	0.5948167152989603	0.2591648654572831
0.1367214046885546	0.32350558054574546	0.5397730147657
0.10019037414269627	0.5666767038040872	0.33313292205321665
0.11162188165953166	0.211101433505055	0.6772766848354135
0.179290836084993	0.11886228228185089	0.7018468816331562
0.10186599178283398	0.25671949435139957	0.6414145138657665
0.23263474750702853	0.11119693464999769	0.6561683178429739
0.19714368948743738	0.368246074550894	0.4346102359616687
0.09174347960089216	0.22081941081659484	0.6874371095825131
0.08540743142263135	0.6722875461526032	0.24230502242476548
0.14537596668165892	0.6930810945771809	0.16154293874116032
0.098216860111488	0.5281762145714772	0.37360692531703493
0.19356170625557428	0.1329265884946655	0.6735117052497603
0.15551702073199197	0.13328921540049526	0.7111937638675128
0.19024536541844145	0.32900802821704517	0.4807466063645135
0.19813278484589544	0.5134245169117165	0.2884426982423881
0.11895804757059489	0.2003035797237256	0.6807383727056797
0.22318859736696467	0.6056777864861003	0.1711336161469352
0.24388635204624481	0.45056602000778845	0.3055476279459668
0.23773781229573132	0.21115790770736367	0.5511042799969051
0.133484697548794	0.2736763310573798	0.5928389713938262
0.10214720048761633	0.35818413893351286	0.539668660578871
0.1093392562426364	0.39878620062106473	0.49187454313629897
0.18287861394373686	0.4486030964123432	0.36851828964392
0.203991534627307	0.278089664726857	0.5179188006458362
0.12920282212221115	0.24564418230534746	0.6251529955724415
0.2362145980622392	0.5088480727662019	0.254937329171559
0.22806802025144318	0.12574864803317368	0.6461833317153832
0.08921832091983378	0.34051708851079054	0.5702645905693757
0.14849654240371285	0.47727423622348364	0.3742292213728036
0.19571901684876414	0.26540497518746353	0.5388760079637724
0.15154198744002834	0.24775631390893477	0.600701698651037
0.18739911872304976	0.4266233360269852	0.3859775452499652
0.13075433737987777	0.25163073535060343	0.6176149272695189
0.19172308763097934	0.11085375599880457	0.6974231563702162
0.11725614951904334	0.19378662138236735	0.6889572290985895
0.08996425084203785	0.6842809142477932	0.22575483491016907
0.13178647226739074	0.5024279431077565	0.36578558462485283
0.15212876852377455	0.44012801168213467	0.4077432197940909
0.13761539772126588	0.2000353678290343	0.6623492344497
0.12988524437664745	0.2516394990591305	0.6184752565642222
0.058366129485502405	0.6871540111723391	0.25447985934215855
0.2418100440860267	0.5537265393408999	0.20446341657307357
0.16778384712675365	0.5780877940087732	0.25412835886447327
0.24135594935391175	0.17299554856369137	0.5856485020823969
0.17567678205808393	0.646506453364819	0.17781676457709716
0.22413995447404605	0.22679394061564248	0.5490661049103116
0.07237271576199694	0.27663550033983303	0.6509917838981701
0.21343629996444433	0.5663366190266099	0.2202270810089459
0.24436433336658658	0.12935587874913707	0.6262797878842765
0.2440020804996932	0.20501073465851502	0.5509871848417919
0.21489445456497439	0.3349300857485145	0.4501754596865112
0.06205701787317852	0.4044313922753766	0.533511589851445
0.1856192633962932	0.49408065786981226	0.32030007873389466
0.24393684083842257	0.5433603987518489	0.21270276040972858
0.07553568123054988	0.5655656537416625	0.35889866502778783
0.16684971277679658	0.2973469765061441	0.5358033107170594
0.12718308733298228	0.6424550033124844	0.23036190935453346
0.22627379723997082	0.3986607754554625	0.37506542730456677
0.13631003942902603	0.34876654879007235	0.5149234117809017
0.20018081189105327	0.26931557958086716	0.5305036085280797
0.2135264036694392	0.1731262465630073	0.6133473497675537
0.06328694232010623	0.20893249227695426	0.7277805654029397
0.13447266784439033	0.31753013371055877	0.547997198445051
0.08093628023615718	0.24757175293475397	0.671491966829089
0.19828884769403055	0.22808547489202238	0.5736256774139472
0.05834598085565684	0.3503859576146563	0.591268061529687
0.06872871110227896	0.5870474863234627	0.34422380257425844
0.18745127822677848	0.46628067046296684	0.3462680513102548
0.15730414350952873	0.541686340289765	0.3010095162007064
0.07056687214288432	0.7022716376499634	0.22716149020715243
0.16891412695541108	0.6170559383620617	0.21402993468252732
0.10417440640345008	0.37662092351118615	0.5192046700853639
0.24125561669822443	0.34059700364104883	0.4181473796607269
0.2265139330063674	0.3251913017556632	0.4482947652379695
0.18772025160150896	0.4514831332792286	0.36079661511926253
0.13010792864140394	0.5712391801470911	0.2986528912115052
0.14839730419172384	0.3727588702986138	0.4788438255096624
0.19370546922277868	0.5072314185719714	0.29906311220525006
0.18837822407741078	0.4228235255593921	0.3887982503631972
0.19673220868117813	0.4019413800943141	0.40132641122450785
0.05387331328735406	0.31123944157742156	0.6348872451352245
0.14431327135070018	0.6196936430779852	0.2359930855713147
0.07030897807692826	0.37195200700456477	0.5577390149185071
0.0936518750663588	0.4485589946290258	0.45778913030461543
0.20345144306962742	0.08879864728712533	0.7077499096432474
0.06507797558247241	0.33996786200020734	0.5949541624173204
0.1998445128773932	0.3257525667618476	0.4744029203607594
0.10025279822278499	0.4176457382620041	0.48210146351521105
0.08580542047572456	0.46770791426310143	0.44648666526117414
0.22408807841316655	0.5784191261863267	0.19749279540050682
0.10508360031186209	0.732570281882345	0.162346117805793
0.08151658520995975	0.35681320639507447	0.561670208394966
0.16362180110877994	0.11124821330228307	0.725129985588937
0.11742377651268049	0.4684627080049655	0.41411351548235414
0.20683383646191333	0.44934257614661016	0.3438235873914766
0.1031902916157677	0.6387037995804319	0.2581059088038006
0.1555325775064827	0.5394501081628	0.30501731433071744
0.21196049403293837	0.46784210806704574	0.32019739790001595
0.1553320059406629	0.3991342925109029	0.4455337015484343
0.20254689051859748	0.37828500276707866	0.41916810671432403
0.13465973499064246	0.12872914466981436	0.7366111203395433
0.12349902335881979	0.6584371153540067	0.21806386128717362
0.2401026960890044	0.23178444716561297	0.5281128567453828
0.0772467870898167	0.3606438187503269	0.5621093941598565
0.18305050847001164	0.40596286785607866	0.4109866236739098
0.1389669647668702	0.15397015437038922	0.7070628808627406
0.10712036793013285	0.3690561110896238	0.5238235209802435
0.11690387517596107	0.2960658543864465	0.5870302704375925
0.144249115928203	0.20522646858939878	0.6505244154823984
0.21548070579911877	0.4756091029874536	0.3089101912134277
0.2423715207122477	0.47445930285132787	0.2831691764364246
0.1887417442038982	0.32509716426048646	0.4861610915356155
0.20018225514125698	0.17959213742504004	0.6202256074337031
0.17221152100484186	0.6539899610674536	0.17379851792770473
0.08211429682104715	0.43198170988062035	0.48590399329833256
0.19447353487667846	0.3453376357311275	0.46018882939219413
0.235547743174036	0.3768971897612523	0.38755506706471177
0.22924921673830834	0.2880694332042757	0.4826813500574161
0.24012015651373325	0.24301278233510012	0.5168670611511668
0.14248625245607	0.3939197510939178	0.4635939964500123
0.21319285754000233	0.4004544381764441	0.3863527042835537
0.2424251510648218	0.5616341524394268	0.19594069649575147
0.1046457033715118	0.27926896838361936	0.616085328244869
0.2024099665899514	0.15201019272082672	0.645579840689222
0.1379988038529788	0.14414296151416744	0.7178582346328539
0.24350644196676619	0.44439628136672304	0.3120972766665108
0.24211937172455522	0.5171482976000734	0.2407323306753715
0.07062168538579833	0.20653907899573976	0.722839235618462
0.16764084912575136	0.5794206990973765	0.2529384517768723
0.1494465683409552	0.35267790889441497	0.49787552276463
0.14724024330865962	0.264737364773421	0.5880223919179195
0.1520224494886617	0.31547616368623455	0.5325013868251038
0.1785910419382366	0.14298729367541715	0.6784216643863463
0.09853857753868339	0.6735290395736276	0.2279323828876891
0.20399863825578368	0.379447408356586	0.41655395338763046
0.08012589089945327	0.5996373093344585	0.3202367997660883
0.11608343140617447	0.45387963718323937	0.4300369314105863
0.18731232125118574	0.10378945663031786	0.7088982221184965
0.19151058225578318	0.23612385156702653	0.5723655661771905
0.0996424332629656	0.6374971339213966	0.262860432815638
0.22575597615549314	0.526699094841444	0.24754492900306305
0.06984646878587397	0.41236664716670784	0.5177868840474183
0.20207995849439161	0.19567144896449146	0.6022485925411171
0.1306250476183981	0.3962766435809166	0.47309830880068543
0.2209379538464176	0.3573548542055018	0.4217071919480807
0.1099683743651193	0.5804342394797006	0.3095973861551801
0.20873262504997736	0.10292799997453317	0.6883393749754896
0.10207349058930013	0.17681607149296885	0.7211104379177311
0.1935270527877401	0.3421217700272419	0.46435117718501806
0.19876770979770694	0.06194867773387186	0.7392836124684212
0.06331043066405306	0.4332549578129438	0.5034346115230033
0.17424960828020503	0.36892630489937417	0.4568240868204209
0.1159226920910664	0.6429598202347968	0.241117487674137
0.14169540848476736	0.6255416607553808	0.23276293075985197
0.10551828376119277	0.5607905508559252	0.3336911653828821
0.23906382072823604	0.5835917471230521	0.17734443214871204
0.137930888498712	0.19581837945303493	0.6662507320482531
0.17299704446862102	0.10673909547244032	0.7202638600589388
0.13200163617553684	0.207072327912752	0.6609260359117113
0.2352579449799745	0.321121845159472	0.4436202098605536
0.10667714111865884	0.43216682387332384	0.46115603500801744
0.0951482755018549	0.7395919023423614	0.16525982215578378
0.12781457982907451	0.4184775376641062	0.4537078825068194
0.16206578468756472	0.19151489260825125	0.6464193227041841
0.21125828707802236	0.48715980068699033	0.3015819122349874
0.13525434629851654	0.5168861269297377	0.3478595267717459
0.18815185842998589	0.38462200823425674	0.4272261333357575
0.20977351184042273	0.40452917630230417	0.3856973118572732
0.12782820785837073	0.43666868475639253	0.4355031073852369
0.05767865580466497	0.272388865959744	0.6699324782355912
0.20257100367116032	0.13927242690080888	0.6581565694280309
0.062087038448547516	0.39218355023212376	0.5457294113193288
0.18192445827428028	0.6090613623384493	0.20901417938727052
0.10229241481813825	0.34397802124425436	0.5537295639376075
0.09433483661197073	0.4310364296446392	0.4746287337433902
0.20300362691418625	0.4732726051633167	0.3237237679224972
0.24627676647486482	0.2022074013082226	0.5515158322169127
0.23017122102583318	0.2654618282467144	0.5043669507274525
0.12922237750132012	0.6541370627788711	0.21664055971980894
0.14600862200335146	0.6405329928334815	0.21345838516316706
0.22789014241821082	0.29894947601201133	0.4731603815697779
0.15799655723959996	0.17713882116216678	0.6648646215982335
0.14756902977786487	0.679127599673846	0.1733033705482893
0.14039392034430825	0.6945766362059398	0.16502944344975196
0.1255940436071937	0.6332530937247713	0.24115286266803512
0.08291857979794431	0.18043996451513708	0.7366414556869187
0.19793231011946016	0.6120687708891546	0.18999891899138538
0.1396975011993129	0.6410350383678005	0.2192674604328866
0.061420311478834644	0.39692882830601184	0.5416508602151537
0.128988454484093	0.3699238229666706	0.5010877225492365
0.13565549165096086	0.27260057558126183	0.5917439327677775
0.05340184234624179	0.5370618595547568	0.4095362980990015
0.20066443276159035	0.5222403195111474	0.2770952477272624
0.08785714551970589	0.28254694707223266	0.6295959074080616
0.2328465095242159	0.3767210981326709	0.39043239234311333
0.1690454280756266	0.6302960446570034	0.20065852726737013
0.09254435425928731	0.3880626657664879	0.519392979974225
0.21218697626310262	0.10767541067797759	0.68013761305892
0.17629184065285913	0.35421876509819195	0.469489394248949
0.24016400423941467	0.2660990859723701	0.4937369097882154
0.0972531322743998	0.6119502081414621	0.29079665958413825
0.061936798553409	0.3148400830125683	0.6232231184340229
0.08157878266246676	0.49240753049777597	0.4260136868397574
0.2281699300178956	0.5195042778280978	0.25232579215400674
0.05764950925335505	0.4243293267451109	0.5180211640015341
0.05442912028466107	0.33859811241293136	0.6069727673024077
0.15249982062770998	0.2081132706097578	0.6393869087625323
0.08447689902527167	0.3655696871073878	0.5499534138673406
0.23860145699162388	0.33172593757309776	0.42967260543527847
0.1384723211851113	0.22934666818573785	0.632181010629151
0.20279769995722763	0.25408179875811715	0.5431205012846553
0.17225288160536184	0.34246300004927405	0.4852841183453642
0.09801710714354983	0.4213405543085435	0.4806423385479068
0.17759194117068455	0.16361977581349696	0.6587882830158186
0.22977115631721445	0.2464391180879056	0.52378972559488
0.08505268974470995	0.32024583915611743	0.5947014710991727
0.23307510614612192	0.46931191636854064	0.29761297748533755
0.1890897214371406	0.3226473522283371	0.4882629263345224
0.12784972358856422	0.14292612275711464	0.7292241536543214
0.0947846566102126	0.4489714059675088	0.4562439374222787
0.1682850817787645	0.5783918798703671	0.2533230383508685
0.16722836196182647	0.3335295044565204	0.49924213358165326
0.07676816211926696	0.2013486929932712	0.7218831448874621
0.22950446764117532	0.6020187760640012	0.16847675629482356
0.19149813237747876	0.5101679499552658	0.29833391766725553
0.0749264179715558	0.2861599908677741	0.6389135911606703
0.14659455411743477	0.2773547510795111	0.5760506948030543
0.08964014158390493	0.6212248737977552	0.28913498461834003
0.1543979930783516	0.6805507021924952	0.1650513047291532
0.21132438930342595	0.27595923069765976	0.5127163799989145
0.07116659497904293	0.5325791248984842	0.39625428012247293
0.1161954032493488	0.46161739864595014	0.4221871981047012
0.167818650528378	0.2295006245558675	0.6026807249157546
0.11639795495898808	0.1976807732050431	0.685921271835969
0.06538142861897989	0.517202781509748	0.41741578987127215
0.2180638350419496	0.3267518288028842	0.4551843361551663
0.13994190241994514	0.17998414294070791	0.6800739546393471
0.10008226432427894	0.4416640122100062	0.458253723465715
0.22886638527559788	0.42059077081938695	0.3505428439050153
0.2335640563626103	0.3760075545680486	0.39042838906934124
0.1424648855142973	0.448032058057189	0.4095030564285138
0.17574827632591306	0.33116622168173665	0.4930855019923504
0.23209720713175452	0.30963416913277925	0.45826862373546634
0.1999446811116474	0.3647763924564073	0.43527892643194543
0.07197796368513881	0.2404607426368583	0.6875612936780031
0.1393687276300925	0.3408082665907635	0.5198230057791441
0.09361704008850011	0.5584923722712339	0.3478905876402661
0.20244431999243684	0.6089840197622469	0.18857166024531635
0.24392472935877485	0.5259727457854282	0.23010252485579702
0.20492650094720505	0.3714786220270371	0.42359487702575793
0.1257635372189598	0.6113919458874567	0.26284451689358357
0.23107488711541355	0.5370300798397896	0.23189503304479706
0.16238718251065107	0.3847741585514415	0.45283865893790753
0.08030217275166568	0.2777347767235124	0.641963050524822
0.0853553275319236	0.3875859881431323	0.5270586843249443
0.11299170779277737	0.5999363742737469	0.28707191793347586
0.11497283783021756	0.5349915758631065	0.35003558630667597
0.08260704601859925	0.3438065576978597	0.5735863962835411
0.0625645376141038	0.7246781866998427	0.21275727568605357
0.1567169791656094	0.12262796111176344	0.7206550597226273
0.10941084363207196	0.6824997282321533	0.20808942813577483
0.23453962828117417	0.5568359632390993	0.20862440847972658
0.06467336946676971	0.3083939423928842	0.6269326881403463
0.22844099033848042	0.18974141558014507	0.5818175940813746
0.1534572651410523	0.12336809561108919	0.7231746392478586
0.1785519998669457	0.15359042787110344	0.667857572261951
0.23515910044591834	0.35752715958099335	0.40731373997308845
0.059248992160137515	0.2433614113910107	0.6973895964488519
0.15866125201334963	0.6279881527833673	0.21335059520328326
0.2062742661212538	0.18934457093184803	0.6043811629468983
0.11045490716800388	0.5222585576652339	0.36728653516676235
0.1099799157406236	0.33655718369690835	0.5534629005624682
0.11533314250467336	0.3984107337455048	0.486256123749822
0.21899720208903872	0.48645133781939254	0.29455146009156885
0.18612539514450294	0.42748669400585015	0.3863879108496471
0.1178907048547615	0.6363841837678148	0.24572511137742387
0.2176816100262794	0.3499337546986055	0.4323846352751152
0.1993338742676873	0.41439963236147076	0.386266493370842
0.055064603107301435	0.7553926522432266	0.18954274464947207
0.23433693364950792	0.30894886482544154	0.4567142015250506
0.07788560336056827	0.619242623575113	0.30287177306431895
0.22897630166184568	0.6074145059998641	0.1636091923382903
0.24005402349751287	0.5252676452384679	0.23467833126401935
0.10285382781331717	0.7176161344218157	0.17953003776486728
0.16205226292921399	0.6125311147147178	0.22541662235606832
0.11167609573680518	0.3145845911461529	0.5737393131170421
0.16096468039328565	0.32716645935822963	0.5118688602484848
0.24619235049559046	0.3882705987112507	0.365537050793159
0.1651983534429436	0.31297145768386014	0.5218301888731964
0.21662088061383905	0.14467498346163216	0.6387041359245289
0.07605958617734876	0.34402849676338193	0.5799119170592695
0.08011085352424269	0.5220184356449115	0.39787071083084596
0.08235083322134185	0.6657482029047592	0.251900963873899
0.2148863188197539	0.5617687601011896	0.22334492107905668
0.2259194161819658	0.37509955398724354	0.3989810298307908
0.11801977128544935	0.1747093481770752	0.7072708805374757
0.21340101953675283	0.09245193799661364	0.6941470424666336
0.2035164054916216	0.6089998925881432	0.18748370192023533
0.09153369475696338	0.35482716456629004	0.5536391406767467
0.09851234715175214	0.6263113173654795	0.27517633548276843
0.12264479189754482	0.31086189419108173	0.5664933139113736
0.06892792196704406	0.6904159945833586	0.2406560834495975
0.16398642107494518	0.3147022711582942	0.5213113077667608
0.087878061453939	0.46216104852082013	0.449960890025241
0.10334929661625428	0.7083990592057177	0.18825164417802823
0.06166058461615348	0.40580188073568013	0.5325375346481664
0.22735344119971634	0.32478216936532955	0.44786438943495427
0.20312110594154428	0.4443073457826179	0.3525715482758379
0.18446994027313954	0.2192471335008459	0.5962829262260148
0.1515109719461953	0.3353448506228378	0.5131441774309671
0.20336204795940976	0.07370277561270788	0.7229351764278824
0.22264187079257217	0.3909511571474083	0.38640697206001967
0.05462201958624069	0.28985896848345344	0.655519011930306
0.09984256131111152	0.7254288198308521	0.17472861885803662
0.0863534930218568	0.4990506617872217	0.4145958451909216
0.2216507177090415	0.07024076486504982	0.7081085174259087
0.12901501300413828	0.15275264313314146	0.7182323438627203
0.17312117159534773	0.5257328904482552	0.3011459379563972
0.1889700372221195	0.6094948659841501	0.2015350967937305
0.16619311184195196	0.31697083833017936	0.5168360498278688
0.15725118937921181	0.361155403559156	0.48159340706163234
0.21904703538569578	0.40424767067744216	0.37670529393686214
0.14957785211786206	0.40358115498215424	0.4468409928999838
0.1683871750310565	0.41865015159399854	0.4129626733749451
0.23354224312874017	0.10115990788940132	0.6652978489818586
0.11962221462840866	0.18899726871096637	0.691380516660625
0.24536978025490125	0.042894150807409215	0.7117360689376897
0.11641687664979908	0.14296862387259385	0.7406144994776072
0.11607685459242809	0.23709962992692415	0.6468235154806479
0.1243483139234215	0.31773441823376963	0.557917267842809
0.11191243277071286	0.16633777559862628	0.721749791630661
0.07734451195462644	0.39393241649007904	0.5287230715552946
0.22401988260705005	0.5503565428529095	0.22562357454004064
0.19178343347861027	0.33788664008999025	0.4703299264313996
0.20437636190241565	0.4979371595952604	0.29768647850232405
0.2344244171752105	0.10947035755790349	0.6561052252668862
0.16715386066442628	0.2877568437695997	0.5450892955659742
0.20233843352303477	0.1062754758735362	0.6913860906034291
0.17708613851102606	0.4311032487120239	0.3918106127769502
0.2073360025883438	0.3723344643353011	0.42032953307635523
0.1692356595319298	0.5398304557967789	0.29093388467129133
0.22957217304202504	0.11301689608414317	0.657410930873832
0.11425680465293012	0.22300159504205697	0.6627416003050131
0.16871923275552278	0.48923611207860174	0.3420446551658756
0.08057957638124025	0.6229961468395848	0.29642427677917504
0.1658308073056927	0.21823168954095093	0.6159375031533565
0.24700637177145954	0.5311024606887488	0.2218911675397918
0.22772559909429424	0.2260995119121044	0.5461748889936014
0.11216538192389175	0.4304912617392995	0.4573433563368089
0.22092576515928153	0.5252876148044902	0.2537866200362284
0.1253722339762693	0.6594561352824728	0.21517163074125803
0.09774383093082326	0.7073760896278551	0.1948800794413217
0.18249276626935382	0.3429165178447638	0.47459071588588253
0.23238513872799027	0.14001523219668058	0.6275996290753293
0.14387121932961294	0.3395082886477027	0.5166204920226845
0.11149952163112603	0.6800221680408849	0.2084783103279892
0.23949119022699727	0.28395026149623964	0.4765585482767632
0.208609677438374	0.43292324128534726	0.35846708127627885
0.1825858051174273	0.5398023628063262	0.2776118320762465
0.06004603661866764	0.5394303557662746	0.4005236076150579
0.06737318453027452	0.49081369325178326	0.44181312221794233
0.09974249659885531	0.41666012983007433	0.48359737357107047
0.17298685886756382	0.17156757424916397	0.6554455668832723
0.21997585478866902	0.32700393873238265	0.4530202064789485
0.10291615717782238	0.30917747914399957	0.5879063636781783
0.18315563958598904	0.572712108601201	0.24413225181281006
0.15237815781387765	0.6027265485112102	0.24489529367491225
0.11758437829157292	0.55456616567693	0.32784945603149723
0.09179441620637827	0.6696158163830779	0.238589767410544
0.2121500962432386	0.5816655078254085	0.20618439593135302
0.18728059466771615	0.2740770164293001	0.5386423889029839
0.13997895807205596	0.5817409309457344	0.2782801109822098
0.24213146290400492	0.2483181176268962	0.509550419469099
0.19164668278461924	0.3468224978050588	0.46153081941032204
0.23120657063764355	0.45918528217888954	0.30960814718346696
0.09603824508383563	0.6043353802852347	0.2996263746309297
0.11615503647324399	0.17519295492652875	0.7086520086002275
0.10991228073224998	0.18426815450740297	0.7058195647603471
0.2089814193351358	0.5535353828787533	0.2374831977861111
0.22032063179652095	0.5776287884926596	0.20205057971081963
0.20536015450993678	0.13424238352706458	0.6603974619629988
0.11036765298357462	0.6427061223532655	0.24692622466315994
0.1822011718786158	0.5002677766813882	0.3175310514399961
0.09833656249246214	0.5311396853505674	0.37052375215697053
0.14435624112173848	0.46364125388032995	0.3920025049979317
0.06365118304930162	0.20366326256668693	0.7326855543840116
0.06598244972873996	0.4455346122895098	0.48848293798175035
0.24317557017642547	0.22046312143311853	0.5363613083904561
0.20134541070929568	0.07282114612968071	0.7258334431610236
0.05541775667390503	0.46813069812799063	0.4764515451981045
0.11077811658853329	0.23549452935094378	0.6537273540605231
0.13203788861035073	0.30145340602225573	0.5665087053673936
0.18254413455591556	0.17701927658521865	0.6404365888588659
0.22410821442224949	0.6081041654292743	0.16778762014847637
0.19024484049082044	0.5584244091706423	0.25133075033853736
0.12992115737754736	0.24411957661104383	0.6259592660114088
0.07270668762397597	0.3034943438330794	0.6237989685429448
0.07428183103228947	0.49582322167621345	0.42989494729149713
0.081017358094356	0.5717268453553633	0.34725579655028077
0.12326047847845881	0.418779215834552	0.4579603056869893
0.06098565121452837	0.40579415660490925	0.5332201921805626
0.1889770576193714	0.32341562935521256	0.48760731302541616
0.17122345742847606	0.609454747969728	0.21932179460179602
0.07973196510437858	0.5141734888387366	0.40609454605688494
0.08375500765639121	0.24568178143051955	0.6705632109130895
0.20674925603997146	0.34155774219821283	0.4516930017618158
0.07318869614494572	0.3511019459930823	0.5757093578619721
0.17165205478927142	0.6594942266285309	0.16885371858219794
0.14048685866281185	0.696761338948364	0.1627518023888243
