0.3499597804915496	0.39969198594282157	0.25034823356562896
0.3509788734767022	0.39977238166882934	0.24924874485446857
0.35070113512673	0.3996190874166882	0.24967977745658188
0.3513322939456264	0.3989846338297609	0.24968307222461286
0.3511249822700035	0.39932058315714014	0.24955443457285645
0.3514842691578667	0.39898317116338	0.24953255967875346
0.35066100660250615	0.39969027712665595	0.249648716270838
0.35033148705884065	0.39962208679127176	0.2500464261498877
0.35155509459798007	0.39924567433415403	0.24919923106786604
0.35145876919364766	0.3993940924771615	0.24914713832919094
0.35093725532943787	0.39939122172881997	0.24967152294174227
0.35072889937337526	0.3997135519597381	0.2495575486668867
0.34993117195136514	0.4001891637619148	0.2498796642867202
0.35018710774511297	0.4000552618891288	0.2497576303657583
0.3505306388280116	0.39943880988853464	0.25003055128345386
0.35079707858201903	0.39959851860770734	0.24960440281027374
0.35104828132056337	0.3994041815390079	0.24954753714042888
0.3499597346146994	0.4001126239802312	0.24992764140506954
0.3496649892193267	0.40019611462888016	0.2501388961517933
0.3501236506913288	0.4001360037916679	0.2497403455170034
0.35054945964293105	0.39928802026183613	0.2501625200952329
0.3509248746650435	0.39953500492681404	0.24954012040814252
0.3507125720362624	0.40023282038535657	0.24905460757838116
0.350553541066413	0.3997351399598939	0.2497113189736932
0.35129436674345665	0.3991106516018549	0.2495949816546886
0.3504852735011884	0.3999785412781489	0.24953618522066273
0.3497102594089251	0.4003250336309551	0.24996470696011994
0.3512843323846867	0.3992871707120804	0.24942849690323302
0.35039671495371516	0.4001423971705556	0.2494608878757294
0.3498397287459216	0.4002217902175741	0.24993848103650435
0.3514695775869118	0.39914860414573916	0.2493818182673492
0.35097004088496603	0.3998109350155956	0.24921902409943847
0.3513078402354196	0.3990815042635509	0.24961065550102957
0.35036691799868164	0.3998346804291284	0.24979840157219008
0.3504599782088305	0.399862979943189	0.2496770418479806
0.35035059311365246	0.3992493348272165	0.2504000720591312
0.3513949266330995	0.399488535454462	0.2491165379124386
0.3506976008565472	0.3996794489679315	0.24962295017552139
0.3511775269137005	0.39954501070139653	0.24927746238490306
0.3516787552687985	0.39902418150285035	0.24929706322835127
0.351344959815483	0.39935770672440457	0.2492973334601125
0.3503089958871676	0.39957810584106945	0.2501128982717631
0.3507246627129553	0.3989510514906709	0.2503242857963739
0.34991648076269977	0.4001453519478213	0.249938167289479
0.35066172350442903	0.39980528454804043	0.24953299194753065
0.35130090186095	0.39913691583681443	0.24956218230223576
0.34980969804882056	0.39987610081702196	0.2503142011341576
0.35064181017998886	0.40015991449074717	0.24919827532926409
0.3512522213576154	0.39937608516153505	0.24937169348084964
0.3512861506368993	0.3993419679965747	0.24937188136652616
0.35110025984393095	0.39952619938242295	0.2493735407736462
0.3506070669214955	0.4002849756576242	0.2491079574208804
0.3504911435348994	0.40028559844926304	0.24922325801583767
0.35066851440956803	0.3994712446186741	0.24986024097175796
0.35029821410411077	0.39938654909885074	0.25031523679703854
0.35062943658431356	0.3994384576041878	0.24993210581149877
0.351284594129836	0.3989732285910821	0.24974217727908207
0.35014380666154693	0.40023371661679774	0.24962247672165547
0.3512058357501804	0.3994212943948552	0.24937286985496454
0.3508205822417923	0.39947301900719184	0.24970639875101597
0.35127457926371985	0.39949704234416517	0.2492283783921151
0.351074373902231	0.39977314695209665	0.24915247914567246
0.3510109982141723	0.39949472710179024	0.24949427468403756
0.3507262636555535	0.39982867020628027	0.24944506613816636
0.3504333195143283	0.39982556352230697	0.24974111696336482
0.35148385658145886	0.3989497824552074	0.24956636096333384
0.3507207925675238	0.3993648809316169	0.24991432650085943
0.3497564975216971	0.40034980018700383	0.2498937022912992
0.3496426826254211	0.39999560574162246	0.2503617116329565
0.35061663257526465	0.40032185228952033	0.24906151513521516
0.3509793772279944	0.3998713994161876	0.2491492233558181
0.35039868970855087	0.39958703006438107	0.2500142802270682
0.35125047901169953	0.3993490446102694	0.2494004763780312
0.34966496469724356	0.40008929161441376	0.2502457436883428
0.3504408689483718	0.3997023284544827	0.2498568025971456
0.3504128119462362	0.3998507884873825	0.24973639956638144
0.35131852947710923	0.3994869151216309	0.2491945554012599
0.35144923758174357	0.3993642664486624	0.24918649596959414
0.35151911424719173	0.3989797818541062	0.24950110389870223
0.35062050942719103	0.4003292808150964	0.24905020975771264
0.3511469740029535	0.39956297558944176	0.24929005040760485
0.34997703915442346	0.399644684128147	0.2503782767174297
0.349718551640444	0.4001879467465447	0.2500935016130114
0.3502853723947579	0.40035062094046836	0.24936400666477387
0.3503361547716946	0.399277748272717	0.25038609695558844
0.3512977518522	0.3989174700212006	0.2497847781265995
0.3515560616745067	0.39931741637304374	0.24912652195244966
0.35059156044470136	0.40011922996692406	0.2492892095883747
0.35108821927340855	0.39901924886766393	0.24989253185892757
0.35137437338766064	0.3990891170328628	0.24953650957947665
0.35056828658824335	0.39937929733185995	0.2500524160798968
0.35149450509670643	0.3993422266128494	0.24916326829044425
0.35054356572399664	0.3999209805523289	0.24953545372367458
0.3498610605468532	0.4002093587323077	0.24992958072083926
0.3512896938358845	0.39925305027632335	0.24945725588779225
0.35108010442726545	0.3993371722514065	0.24958272332132814
0.35079107661677816	0.39971989158088117	0.24948903180234078
0.35064767405159936	0.3990032978939944	0.2503490280544063
0.3512676445176469	0.3995021417288859	0.24923021375346732
0.35060178240486084	0.3996872580734467	0.24971095952169256
0.3515976695794453	0.3989622308973523	0.24944009952320245
0.3513055224588232	0.39957920129702834	0.24911527624414856
0.3506798365541814	0.3991172544056347	0.25020290904018394
0.3501220925155014	0.39949448154203876	0.25038342594245994
0.35047067292468886	0.3998855686262037	0.24964375844910755
0.34977105316762586	0.40015296663170585	0.2500759802006684
0.3505303049714687	0.39949916171096916	0.24997053331756225
0.3505253650575838	0.39926001352485196	0.25021462141756434
0.3496908777407379	0.3998996464532632	0.250409475805999
0.3503904635925774	0.3994869088257379	0.2501226275816848
0.351492676680687	0.39926265181970766	0.24924467149960544
0.35049102056402426	0.39996398826021917	0.24954499117575668
0.35123129300307665	0.3991650888975534	0.24960361809936998
0.3510436539087498	0.3997703273092486	0.2491860187820017
0.35072413020523135	0.3996433087768372	0.24963256101793158
0.35041411832701375	0.40017214307472104	0.24941373859826532
0.35060539841800126	0.3995772032125437	0.24981739836945516
0.3510381579214192	0.3994547162293393	0.24950712584924162
0.3508673325237649	0.3989694830709141	0.2501631844053211
0.34976192740566747	0.400235070029684	0.2500030025646486
0.3501812437550882	0.39985871654198013	0.2499600397029318
0.3509762749282678	0.39972367968300554	0.2493000453887268
0.3502811044421038	0.4002837641227892	0.2494351314351071
0.3506346367376592	0.3994441473054273	0.2499212159569136
0.3502834034388468	0.39945499275250407	0.2502616038086492
0.3512216614302062	0.39967378955418104	0.24910454901561285
0.351663403477588	0.39895344320911175	0.24938315331330033
0.350600637600504	0.4001293672205346	0.2492699951789616
0.3502177092552485	0.39944877228576975	0.2503335184589819
0.35038537495261735	0.39999153291924633	0.2496230921281364
0.35107731316135077	0.39914178559951147	0.24978090123913788
0.3498910053756694	0.39974691730135375	0.25036207732297694
0.3509070302385497	0.39995357801021253	0.2491393917512379
0.3517316716220617	0.3992163569862951	0.2490519713916433
0.3497055480451677	0.4003509532200528	0.24994349873477958
0.35056855057207487	0.399041653067699	0.25038979636022624
0.3498853931556778	0.40009498921877823	0.2500196176255441
0.3513780579466881	0.3989413846450792	0.24968055740823278
0.350898232042606	0.40004821088720405	0.24905355707019006
0.350531315696988	0.3995729604232303	0.24989572387978182
0.35063189796502625	0.3997214643231255	0.24964663771184842
0.3505894464313695	0.39949205037001956	0.24991850319861106
0.34988532609300355	0.4003384083408933	0.24977626556610327
0.35067333027067005	0.39985210200005594	0.24947456772927412
0.3501373373793605	0.4000642236254963	0.24979843899514326
0.3510411835726974	0.39937971410676487	0.2495791023205378
0.3512891654997095	0.39890970960402783	0.24980112489626277
0.3507873690479645	0.4001513916043456	0.24906123934769006
0.35079253740906924	0.3995020991549486	0.24970536343598226
0.3498993329179759	0.39978694914523694	0.25031371793678725
0.3505663680007621	0.3996562352163303	0.24977739678290772
0.3508242146346871	0.3989122701927077	0.2502635151726053
0.35051674436825125	0.40026464061736494	0.24921861501438397
0.35008353593221003	0.3996548522627561	0.250261611805034
0.3509653303560414	0.3993496125985244	0.2496850570454343
0.35056369581676095	0.40014036575038103	0.2492959384328582
0.3506412479947254	0.39989467037644477	0.24946408162882996
0.3510663788922883	0.3995663887544008	0.24936723235331099
0.35142432002596136	0.3993446674381397	0.24923101253589902
0.3501538722480591	0.39949288751178813	0.2503532402401529
0.3498455413385796	0.40006590633049555	0.250088552330925
0.3506365894250675	0.3989634608790556	0.2503999496958771
0.35085291059488466	0.39934402201109476	0.24980306739402064
0.35050643783702606	0.3996948515391183	0.2497987106238557
0.3503840771461822	0.39957859750950364	0.2500373253443143
0.3512302782512867	0.39921158420138897	0.24955813754732442
0.3511453491130097	0.3994492145903837	0.24940543629660672
0.35047397892470744	0.3991335160442999	0.25039250503099275
0.35091278514520663	0.3996401328700064	0.2494470819847871
0.3505719877658761	0.4002229102324397	0.24920510200168428
0.3499688157407895	0.3999529107153042	0.25007827354390644
0.35119565018409893	0.39967379873416414	0.24913055108173704
0.3506191613631496	0.3992942454979485	0.250086593138902
0.3504290492621389	0.3998223027344783	0.24974864800338292
0.35089939502934625	0.39959313640998784	0.24950746856066597
0.350983900782615	0.39906760913039296	0.24994849008699216
0.3506190392728177	0.39920532739678605	0.25017563333039644
0.35133178349225086	0.3995112552516865	0.24915696125606274
0.3505052011712743	0.39982926228682064	0.24966553654190515
0.3510174837090164	0.39917093478485405	0.24981158150612964
0.3506353677568667	0.3994272424491676	0.24993738979396582
0.3515983090944941	0.3991744905671477	0.24922720033835835
0.34998863388042767	0.40015543411801796	0.24985593200155448
0.35065536509287104	0.399486656746016	0.24985797816111308
0.35160930460362877	0.39929183574039034	0.249098859655981
0.3504110647405478	0.3996859571569774	0.24990297810247492
0.3506694372156102	0.40024619003346973	0.24908437275092016
0.3512235846562456	0.39905040390241664	0.24972601144133788
0.3517316582193928	0.3989483340515049	0.2493200077291024
0.3496805726136806	0.40008394028780786	0.2502354870985117
0.35089481051954885	0.39938970982371413	0.24971547965673713
0.35000180193163355	0.40030462178226	0.24969357628610656
0.35097380168230463	0.39940582000522445	0.24962037831247103
0.3514328051450563	0.3990176931944439	0.24954950166049986
0.35055114215274075	0.39961796404042843	0.24983089380683093
0.35093274390040324	0.4000172715801236	0.24904998451947324
0.3514239569488654	0.3992247888883879	0.24935125416274678
0.35036602764985836	0.4002810510257049	0.24935292132443684
0.35110857578461485	0.3993749246279039	0.24951649958748134
0.35055034966166004	0.39940732286031067	0.2500423274780294
0.3498607345228135	0.3999083807443884	0.2502308847327982
0.3505567743020194	0.4000906953347057	0.24935253036327498
0.3512107276298842	0.399332136692386	0.24945713567772992
0.35073690768218296	0.3991445014790476	0.25011859083876953
0.34997548816291413	0.39966288105269693	0.2503616307843891
0.3516282999170952	0.3990847776222019	0.249286922460703
0.34973157616684014	0.4002319234191406	0.2500365004140194
0.351605310355105	0.39933819712004726	0.24905649252484785
0.35097289739596077	0.39933938976063854	0.24968771284340074
0.3507670142234699	0.399245039811612	0.2499879459649182
0.35043574483258155	0.3992760582098242	0.2502881969575943
0.35134154936211526	0.3992288284835959	0.24942962215428893
0.35030840222250864	0.39987597136746916	0.24981562641002233
0.35029329154759636	0.39955832501799277	0.250148383434411
0.34963169800490324	0.4001920306733295	0.2501762713217674
0.349937956223403	0.3999717713576111	0.25009027241898607
0.3499412320360154	0.4003327957761867	0.24972597218779802
0.3498150383539227	0.3999869337042739	0.25019802794180346
0.34985679029126354	0.40005767020831107	0.2500855395004255
0.34968332981504147	0.40029897613405735	0.25001769405090124
0.3504220176383499	0.39927662898550664	0.25030135337614356
0.34986707888832624	0.40008112553341363	0.25005179557826024
0.3507926977471516	0.3994557686502894	0.24975153360255908
0.3499114755087899	0.3999520628389624	0.2501364616522478
0.3509977049432109	0.3989643394430541	0.25003795561373504
0.3503395144352315	0.4000282879695144	0.24963219759525423
0.3506636240368993	0.3989875273974784	0.25034884856562245
0.35141012352547735	0.39899398776994427	0.2495958887045785
0.3504382110890291	0.39920783346609395	0.25035395544487704
0.3510005297721993	0.3991126636298037	0.24988680659799717
0.3508239968790242	0.4000182158530059	0.24915778726797
0.3506707630540674	0.3996576642909546	0.2496715726549781
0.34991408313001526	0.40024639198531037	0.24983952488467448
0.3496074736424832	0.4001259634538725	0.25026656290364446
0.35042495247067096	0.3999390270065569	0.24963602052277217
0.3508345452791904	0.39916327600247703	0.2500021787183327
0.35038447241899534	0.3992137772568162	0.25040175032418854
0.3509972996083963	0.39893356849467576	0.250069131896928
0.35136292331728336	0.399276011406141	0.24936106527657576
0.35074774771973216	0.3993103301368383	0.2499419221434296
0.35066033172825983	0.40027861933466624	0.24906104893707404
0.35060904906831913	0.3998382766335032	0.2495526742981778
0.3505646602775402	0.3996332075506096	0.2498021321718503
0.3497753956893918	0.3999160511875045	0.2503085531231038
0.3497206087921791	0.4002910051557531	0.24998838605206797
0.3511265096462286	0.399211205751822	0.2496622846019495
0.3507945845348918	0.3990151127600031	0.25019030270510517
0.35113632167593967	0.39898617400742986	0.24987750431663064
0.3509861609714332	0.39976319273277033	0.24925064629579655
0.3510271955330961	0.3995211481608208	0.24945165630608324
0.35099762852772354	0.3989070132097657	0.25009535826251084
0.3511783300482099	0.39968365684912355	0.24913801310266664
0.3504581733255826	0.39914011768507907	0.25040170898933845
0.3513276823962828	0.39891640264099254	0.24975591496272476
0.3514945494241904	0.3993528060394328	0.24915264453637692
0.35161357423183925	0.39928789226951095	0.24909853349864994
0.35002671136753716	0.39957975483110264	0.25039353380136026
0.34991333726732127	0.39999824932244077	0.250088413410238
0.3509223200541181	0.39903743474876624	0.25004024519711576
0.35063731231769624	0.3998102169927631	0.24955247068954073
0.3515438411220094	0.3992341787012741	0.24922198017671657
0.3504460001837908	0.39950939811721337	0.25004460169899595
0.351185448893184	0.39923237133807477	0.2495821797687413
0.35039041049736364	0.39920498398818277	0.2504046055144537
0.3509402411976047	0.39908418098063836	0.24997557782175706
0.3499212046156507	0.4000004904412545	0.25007830494309485
0.3517163920153318	0.3991615921074476	0.24912201587722077
0.35134945749592295	0.39937920619142747	0.2492713363126497
0.35071982425854586	0.3999303326718115	0.24934984306964275
0.35179315433470343	0.39906591717068174	0.24914092849461494
0.34965290215362066	0.40006380760524124	0.2502832902411382
0.35122098438717453	0.39914131970851296	0.24963769590431265
0.3511504227432789	0.39928301598150917	0.249566561275212
0.3510328804762139	0.39908876114761493	0.24987835837617123
0.35059819904591005	0.3998702814669543	0.24953151948713573
0.3511823959361746	0.3989621440208357	0.24985546004298984
0.3515133387638357	0.39913487764697386	0.24935178358919058
0.3506829021653113	0.3995193625577481	0.24979773527694066
0.3514444609259172	0.3991042502178537	0.24945128885622925
0.35098452775656774	0.3997988123104469	0.24921665993298547
0.3514799187407568	0.3991036260926534	0.24941645516659
0.35096197006098745	0.399891412983256	0.24914661695575668
0.35072624591201795	0.3994699864199056	0.24980376766807655
0.3497664104900979	0.4001783754127197	0.25005521409718245
0.3507399599300802	0.399163165961296	0.2500968741086239
0.35118547386965937	0.3989092582007666	0.24990526792957413
0.35060307970582505	0.3996804821845597	0.24971643810961536
0.3510246864396197	0.3998594145591209	0.24911589900125947
0.3502545980508671	0.39944431313462864	0.25030108881450436
0.35067205579810723	0.399956799413936	0.24937114478795686
0.3508165581648209	0.3991051611854321	0.25007828064974713
0.3506953856001399	0.3990816305192064	0.2502229838806538
0.3498609435535226	0.3998487973090892	0.25029025913738834
0.3514135774687516	0.39942005300064365	0.24916636953060486
0.35014575504783957	0.399906680750939	0.24994756420122155
0.3511438263416374	0.39948609638873467	0.24937007726962807
0.3513381465177031	0.39905849508679586	0.24960335839550113
0.35060024036652976	0.3999467234770251	0.24945303615644526
0.35037283110843787	0.4001087843838151	0.24951838450774716
0.3507872533240214	0.3993619587767718	0.24985078789920698
0.35060898331916796	0.4001169539936342	0.24927406268719798
0.3506729872346875	0.39955535637395356	0.24977165639135912
0.35097957557887016	0.39894563489145085	0.2500747895296791
0.35088846480678915	0.3993060888286378	0.2498054463645732
0.3506217270793799	0.3997337013007579	0.2496445716198623
0.3498237163135725	0.40006773173560767	0.25010855195081994
0.3505871414199751	0.39964166618858443	0.24977119239144052
0.3511478648984873	0.39967936479950006	0.24917277030201274
0.35119939384334387	0.3991321280594712	0.2496684780971851
0.34992347929739426	0.40019823225268775	0.24987828844991808
0.3497122356357946	0.4001145351014642	0.2501732292627413
0.35123452980279574	0.39959750136481936	0.249167968832385
0.3506009064034307	0.39944616316824344	0.24995293042832598
0.35005604175925314	0.3997440261618615	0.25019993207888547
0.35059535275375614	0.39989055217719144	0.24951409506905253
0.3504076606592988	0.39990950115701934	0.24968283818368198
0.3500110389280724	0.40003488193063996	0.24995407914128775
0.35010497457539635	0.4001341818730769	0.2497608435515268
0.3505029226093507	0.4003114073338748	0.2491856700567746
0.3502973523325992	0.39989100182821263	0.2498116458391883
0.35061079842123083	0.3992259502299417	0.2501632513488276
0.3504667293116458	0.39938242227998144	0.2501508484083729
0.3500127842352059	0.3996411088219134	0.25034610694288084
0.35045026750237984	0.3999253425489144	0.2496243899487059
0.3506787899010971	0.400273372453231	0.249047837645672
0.3501601001758204	0.4000182641584965	0.24982163566568322
0.35086365289784377	0.39980083140798744	0.24933551569416887
0.3517512793922245	0.3990127549726153	0.2492359656351603
0.3502648878813239	0.40000546156997785	0.24972965054869833
0.35051855037033525	0.3991894451390554	0.2502920044906095
0.3500601643123998	0.39989677804742535	0.250043057640175
0.3505210746088929	0.39926762865775317	0.250211296733354
0.3509485333606566	0.39956346093532147	0.24948800570402205
0.35166276537456603	0.39901160070599073	0.24932563391944335
0.3510231728623138	0.39933641062000497	0.24964041651768126
0.34999482101329416	0.399692567241483	0.250312611745223
0.35055827754920427	0.4000947164614724	0.24934700598932344
0.3506692630826468	0.3990383864600081	0.2502923504573452
0.35002651655489225	0.39982666208543777	0.25014682135967015
0.35021045929120775	0.4001447540315074	0.24964478667728496
0.3516147642177319	0.39912041449372704	0.24926482128854116
0.3505672355670798	0.40028690095238134	0.24914586348053902
0.3511592223588862	0.39921568538756547	0.24962509225354848
0.3509824441400308	0.39984651883844846	0.2491710370215208
0.35156045330215707	0.3992685296253726	0.24917101707247036
0.3513138310785991	0.39916065118185273	0.24952551773954829
0.3510652697784297	0.3998102414479463	0.24912448877362403
0.3512910004916902	0.39934089365471803	0.24936810585359187
0.34982770820732956	0.40025532095990557	0.24991697083276498
0.350508265090166	0.4002611088704501	0.249230626039384
0.35009610251138895	0.3999713738582132	0.24993252363039797
0.3497446039867147	0.3998852190858488	0.2503701769274366
0.3507724416407569	0.399750659432525	0.2494768989267182
0.34995568370923597	0.39976784460598286	0.2502764716847813
0.35091257372070234	0.3998145067433956	0.2492729195359022
0.3508196891022824	0.3990923401522489	0.25008797074546874
0.3500665255959272	0.3997934272013428	0.2501400472027301
0.3503467062402908	0.39966948036006067	0.24998381339964862
0.35100080808138007	0.39924699169754796	0.24975220022107208
0.3507434405934196	0.4001637663377795	0.249092793068801
0.3516579672872556	0.39904039948537534	0.24930163322736912
0.35006695081596584	0.39977943397282045	0.2501536152112138
0.3503869235755079	0.40016314591718494	0.2494499305073073
0.35015528084401815	0.40009268242293217	0.2497520367330498
0.3504833713914482	0.39993666213809176	0.2495799664704601
0.34997316764110675	0.4001486276484075	0.24987820471048588
0.3510122991183202	0.3996356812771473	0.24935201960453257
0.35019504287148256	0.3998294303824719	0.24997552674604567
0.35036330488833867	0.39950738534483654	0.2501293097668249
0.350447043389051	0.40011693768927914	0.24943601892166994
0.35038184404517647	0.3996787910803778	0.24993936487444585
0.34980925139915425	0.4003279436461892	0.24986280495465668
0.3513900205900496	0.3994990962235717	0.24911088318637883
0.35030799187266803	0.3996106623547092	0.25008134577262287
0.3509812955708987	0.3994915297037918	0.2495271747253096
0.3501929719584563	0.3995754349618643	0.2502315930796795
0.3508705844926143	0.39977796590507597	0.24935144960230976
0.35117051151872125	0.39899636616266104	0.24983312231861785
0.35061175166513714	0.399415388969045	0.24997285936581792
0.35014326400391765	0.3997290268021574	0.2501277091939251
0.35010502672751415	0.400306786008405	0.24958818726408094
0.34963681089162846	0.4003092559073155	0.2500539332010562
0.35093105339446407	0.3997924703120274	0.24927647629350863
0.35042818043887264	0.39948041967468473	0.2500913998864428
0.3512417622556327	0.3990146975509393	0.24974354019342804
0.3505483883070045	0.39969600025407154	0.24975561143892405
0.35138912414544227	0.3989902144695313	0.24962066138502653
0.350940059608644	0.3993003896759322	0.24975955071542394
0.3502088612180673	0.39956476979058925	0.25022636899134354
0.35158337819088276	0.39902279553860937	0.249393826270508
0.3503787172557261	0.3992601880386596	0.25036109470561435
0.35128906295613926	0.3994112130718218	0.24929972397203906
0.350354652625546	0.3998498987119996	0.24979544866245448
0.3512200254910943	0.3996525097162662	0.24912746479263959
0.3508142268926969	0.3989740264735955	0.2502117466337077
0.35029755955945385	0.39986977224216946	0.24983266819837685
0.3505480170752417	0.39972374262437493	0.24972824030038349
0.3514497509280967	0.39942705403892587	0.24912319503297747
0.3506598206416814	0.3998946554063843	0.2494455239519344
0.35064543909745227	0.39980228286889086	0.249552278033657
0.35013681174675804	0.39958858331959696	0.2502746049336451
0.3508848489979297	0.3994131341388176	0.24970201686325275
0.35106581732715597	0.39944518640465265	0.24948899626819154
0.35170326108602473	0.3990693510876233	0.24922738782635206
0.3509863623796073	0.39946571055873814	0.24954792706165468
0.35026724995675873	0.4002309312514543	0.24950181879178707
0.3502399361255093	0.4002192572650411	0.24954080660944972
0.35065274552739223	0.3990107695985483	0.25033648487405963
0.3510507377740765	0.39989339720397526	0.24905586502194826
0.3505814835687223	0.39936937060062994	0.25004914583064786
0.35126930050027944	0.3990812424932336	0.2496494570064871
0.350142154527397	0.3996985721871479	0.25015927328545523
0.35000176563954377	0.400279298772409	0.2497189355880474
0.3507635784726823	0.40016427863622045	0.2490721428910974
0.3517783999833629	0.3990333796794888	0.24918822033714838
0.35099939480541464	0.3997488227918641	0.2492517824027214
0.35110071708048046	0.3993159427324282	0.24958334018709147
0.3508301335926778	0.39910782256633026	0.25006204384099207
0.35068382847095203	0.40017014738114776	0.2491460241479003
0.35055531151074076	0.4000486390943256	0.24939604939493373
0.35076010598504953	0.39959104783938343	0.24964884617556715
0.3507558263048487	0.39954133781723944	0.24970283587791198
0.3502894417826348	0.40006265359768456	0.2496479046196807
0.3515612804364234	0.39902832400222443	0.24941039556135228
0.35062892242525445	0.399489643967395	0.24988143360735066
0.35054223704121157	0.3999834055305328	0.24947435742825574
0.35090530369201683	0.3994490088481938	0.24964568745978946
0.35093791285312714	0.39910294839138805	0.24995913875548492
0.35012479867232643	0.3999660491768179	0.2499091521508558
0.3513174748281195	0.39958110197699936	0.2491014231948813
0.351638282153816	0.3989730983121744	0.24938861953400976
0.3510881141444312	0.39913290319676686	0.24977898265880205
0.3513523728376634	0.3994441754092016	0.24920345175313516
0.3501411916937958	0.3996750802371384	0.2501837280690659
0.35090702001473295	0.39988549043099053	0.24920748955427663
0.35103141791548226	0.3995708134849759	0.24939776859954194
0.3513624126910662	0.39907307816374377	0.2495645091451901
0.3506445857542444	0.39976800009800456	0.24958741414775115
0.35048733538215493	0.39930086227041434	0.2502118023474309
0.3511656247939441	0.3989513290725901	0.24988304613346596
0.3503147869520316	0.4001342926650184	0.24955092038295013
0.3499164515292833	0.40030527272940436	0.24977827574131242
0.35123738087227696	0.3990275970392672	0.24973502208845597
0.35099641538954574	0.39950418138375854	0.24949940322669587
0.35042367152148757	0.3996514139995709	0.24992491447894166
0.35085822278846907	0.39951796437417064	0.24962381283736046
0.3502555875549132	0.3994801364409966	0.25026427600409035
0.3506904246455864	0.3996040992832875	0.24970547607112623
0.35076568718342854	0.39923799819989736	0.2499963146166742
0.34969984563525597	0.39997867559803374	0.2503214787667104
0.3505728361103527	0.3996928034514909	0.2497343604381565
0.34972241665123904	0.40007742170189575	0.2502001616468653
0.35045100036374366	0.4000127728538779	0.24953622678237858
0.3506068851409718	0.40020624664338444	0.2491868682156438
0.3512028573811484	0.39949265422461394	0.24930448839423774
0.350677547868673	0.39974336147701306	0.2495790906543141
0.3503908241179722	0.39924596750999924	0.2503632083720287
0.35041376491651094	0.39922499329031247	0.25036124179317676
0.3503785122465755	0.40019551160437156	0.24942597614905304
0.35050578383933045	0.3996818694677859	0.24981234669288377
0.3506960592925221	0.3990585264959587	0.2502454142115193
0.35057518548784583	0.3999371711481375	0.2494876433640168
0.3508810298241082	0.3998460742388032	0.24927289593708873
0.35012286205185383	0.40010536179322453	0.24977177615492174
0.3508961912590372	0.39937105192664946	0.2497327568143134
0.35033312501577196	0.3995530912166261	0.2501137837676021
0.3507068582303097	0.3990183335781734	0.250274808191517
0.3511963078019894	0.39973778895668655	0.24906590324132422
0.3515959880581899	0.3989298166260298	0.24947419531578047
0.3506684608423675	0.4000319886009658	0.2492995505566668
0.35018975285540943	0.3998591271218656	0.24995112002272507
0.35047248440432593	0.39934118890716686	0.2501863266885074
0.3510964695919151	0.39946329434435374	0.2494402360637313
0.35059091330556846	0.4001655311528765	0.24924355554155517
0.3505956711134533	0.3990625108325032	0.2503418180540436
0.35164240975570527	0.39929423247325996	0.2490633577710349
0.35142488452714565	0.3992886866869221	0.24928642878593235
0.3512216658155588	0.39922953450942833	0.24954879967501298
0.350170155234218	0.40032369129855816	0.249506153467224
0.3516263124897133	0.3989279520330534	0.2494457354772334
0.3506644323732664	0.39950904050046754	0.24982652712626613
0.350064273980552	0.399810769008067	0.2501249570113811
0.3508151716128444	0.39903913975841054	0.25014568862874514
0.3498114052857005	0.4002934049879173	0.2498951897263823
0.350498144172386	0.3994359643796208	0.2500658914479933
0.3507405333148121	0.3996830952281826	0.2495763714570054
0.350769485270535	0.39909667209271626	0.25013384263674887
0.35101941983929746	0.3989885135425887	0.24999206661811393
0.350862622584866	0.3997817521702406	0.24935562524489352
0.35107428860495443	0.3995703839318022	0.24935532746324346
0.3513524163444305	0.3991027541938681	0.2495448294617015
0.3514662528817411	0.3990220744807308	0.24951167263752821
0.3499808023061978	0.39986184259312985	0.25015735510067244
0.35055981689992965	0.4002852543939655	0.24915492870610492
0.34995861170959175	0.39994958628122135	0.250091802009187
0.3498789726795531	0.3999054784379359	0.2502155488825112
0.3509793134506141	0.3996889319662872	0.24933175458309886
0.35116196778643916	0.39904959691755604	0.24978843529600497
0.3506212863627796	0.39981618245560957	0.24956253118161087
0.3503100940380913	0.39983536162675426	0.24985454433515453
0.3515145056244863	0.3991858212050732	0.24929967317044063
0.3507501440708389	0.399773120440247	0.24947673548891425
0.35075209295418425	0.39923019292736717	0.2500177141184487
0.35182769550202764	0.39909358827634156	0.2490787162216309
0.35164135700497273	0.3991226710366621	0.24923597195836528
0.3506881116242875	0.4001684605058101	0.24914342786990246
0.3505648160950299	0.39948521976079926	0.249949964144171
0.3506910744489985	0.3996604260343952	0.24964849951660645
0.3509066079728362	0.3990590120306774	0.25003437999648653
0.3503217769803678	0.39949304534972735	0.25018517766990495
0.3505266338472167	0.3994439085700372	0.2500294575827462
0.3515789045764867	0.39893974534787136	0.249481350075642
0.350926684476901	0.39975916339320866	0.24931415212989044
0.3504906494894396	0.4003369634776838	0.2491723870328767
0.35117420008844463	0.3992118384594975	0.24961396145205803
0.3515827489593069	0.39931972862204085	0.24909752241865235
0.35003447168654644	0.4002897355108689	0.24967579280258478
0.35072876728578994	0.39934083536017534	0.24993039735403486
0.3509188115510523	0.399296517147452	0.2497846713014958
0.3512363749058117	0.3991457119133776	0.2496179131808108
0.35010831224221917	0.40033749474784547	0.2495541930099355
0.3508200456665949	0.40002308768735095	0.24915686664605421
0.35006614756604765	0.40011375405067506	0.2498200983832774
0.3504897466701388	0.3999881184411591	0.2495221348887022
0.34980585451568913	0.4002506113811994	0.2499435341031116
0.35091232962159463	0.3994846065202456	0.24960306385815992
0.35063155431440557	0.3995516817154333	0.24981676397016123
0.35069315782665883	0.3995156024424835	0.2497912397308577
0.35020417001656456	0.39951376016082757	0.25028206982260803
0.3499362730897001	0.4001349493306702	0.24992877757962983
0.35025837019686706	0.3993755535687583	0.25036607623437473
0.3503220270529831	0.3994087640237658	0.2502692089232512
0.3503916596422491	0.3995170122530175	0.2500913281047335
0.3511372410527711	0.39980039693543845	0.24906236201179055
0.35140218975930193	0.39892074939141703	0.24967706084928115
0.3501871496337797	0.3997596768826126	0.25005317348360784
0.35064663099294796	0.3994524195983003	0.24990094940875185
0.3497225516477279	0.4002266980120759	0.25005075034019625
0.3498270096427737	0.4002102115390977	0.2499627788181287
0.3507542401667119	0.3997560704490979	0.24948968938419033
0.350983947317136	0.3998267835401065	0.2491892691427576
0.35029033474037735	0.400316626632021	0.24939303862760176
0.35105095128682956	0.39984439983668796	0.24910464887648265
0.35122234100937133	0.39961852145193955	0.2491591375386893
0.3506691809666721	0.3993005180789187	0.2500303009544093
0.35074548616995593	0.39920793541146565	0.2500465784185785
0.3517071243064904	0.39921690673005505	0.24907596896345457
0.3514899523922438	0.3994581681084207	0.2490518794993356
0.3507637328985198	0.39892542137440135	0.25031084572707896
0.3514217532030391	0.3990547065477892	0.24952354024917184
0.3504827789110775	0.3999901091393234	0.24952711194959917
0.3514094949127301	0.3994788495010869	0.2491116555861831
0.3507687989054534	0.3997243826389542	0.24950681845559247
0.3513013455020425	0.39952597582396515	0.24917267867399245
0.3517944714406861	0.39910656526037797	0.24909896329893608
0.350824253360599	0.39979168742459564	0.24938405921480544
0.35078681421077124	0.39994881590736975	0.24926436988185915
0.35009940232801295	0.39989996927856086	0.25000062839342624
0.3514961762407832	0.39900833864335994	0.24949548511585692
0.3510127570462938	0.3997544255755263	0.24923281737817998
0.35033601217516935	0.39931144167561583	0.25035254614921487
0.35141200351107726	0.399280904500832	0.24930709198809092
0.35173370614111577	0.39903145501582626	0.24923483884305808
0.34974906101196546	0.39986895227807323	0.2503819867099614
0.35008092839234906	0.3999381058966964	0.24998096571095466
0.3506795336262178	0.3990773404404419	0.25024312593334036
0.35133875496594125	0.3995030617352896	0.24915818329876924
0.35110179499911637	0.39933223509699634	0.24956596990388744
0.35080419424091563	0.39918689392597495	0.2500089118331095
0.3500185891681855	0.3998797853508358	0.2501016254809788
0.35150399992850867	0.39912289837525416	0.2493731016962373
0.3506431240423398	0.3998727281998772	0.2494841477577831
0.3513342726704818	0.39917031238429734	0.24949541494522104
0.35058295431593856	0.3996870167224834	0.2497300289615781
0.3510818032886256	0.39928126910629813	0.2496369276050764
0.35145028246349613	0.3992910215960042	0.2492586959404998
0.34991538062168104	0.3998481758958915	0.2502364434824276
0.3497336093257343	0.39985577292233754	0.2504106177519283
0.3503463664993905	0.4000777188039235	0.24957591469668616
0.3509038135629533	0.39903130848378165	0.2500648779532651
0.3497386459384589	0.40020245742719984	0.25005889663434133
0.35072762650280087	0.39999421741375035	0.24927815608344886
0.35162973687657395	0.39907287512456446	0.24929738799886167
0.3496689536433034	0.39996905444829134	0.25036199190840536
0.3509291865674434	0.39944080500856016	0.24963000842399657
0.3514003761002257	0.39923219798286963	0.2493674259169048
0.35036361039651565	0.39929524616223155	0.2503411434412529
0.35102873085974007	0.3995223057408348	0.24944896339942518
0.35179898652865627	0.39901547006135385	0.24918554340999
0.35165986547340505	0.39928174295638763	0.24905839157020743
0.3505299188571594	0.39987755429224686	0.24959252685059385
0.351594567859226	0.39921358663549206	0.24919184550528206
0.350246687565313	0.3998668555666337	0.24988645686805339
0.3496901443943522	0.40021110974444135	0.2500987458612065
0.3511503956938704	0.3991299500405393	0.2497196542655904
0.35047357371888815	0.39949843924721107	0.2500279870339009
0.3501765232822456	0.3997688369940726	0.2500546397236819
0.3508353875885135	0.3991686802547485	0.24999593215673807
0.35123629841535203	0.39947836301018236	0.2492853385744657
0.35059468129591104	0.400351136613594	0.24905418209049507
0.3513409176884635	0.3992621704817295	0.2493969118298071
0.350390529037232	0.3992441805152117	0.2503652904475564
0.35094970669135117	0.39967058489754725	0.24937970841110169
0.3497883709505441	0.4001795085271179	0.2500321205223381
0.35172449809162426	0.39905788169322265	0.2492176202151532
0.35052666533826343	0.39916724565262435	0.25030608900911233
0.3498650872361808	0.3997797845491532	0.2503551282146661
0.3509657462114121	0.3995993170370177	0.24943493675157036
0.34989471739878847	0.3998794385789466	0.250225844022265
0.3496451424307054	0.40019092869371464	0.25016392887558014
0.3501040148912411	0.3995171454332853	0.25037883967547364
0.3504265653393828	0.40007457800732715	0.2494988566532901
0.35054559548329683	0.39968295862403314	0.2497714458926701
0.3497842288617737	0.4000475794451496	0.2501681916930768
0.3506233154977722	0.3996094085412869	0.24976727596094106
0.35035447701228056	0.3995060161242852	0.25013950686343434
0.3507572200508762	0.39990776733984684	0.24933501260927707
0.3506613028135489	0.3995042144580115	0.24983448272843975
0.3516729683209789	0.39903661136150415	0.24929042031751705
0.34983236688697406	0.4002024650155097	0.24996516809751634
0.34967049760304747	0.4001501612707683	0.25017934112618434
0.3506383513617016	0.399270406914523	0.25009124172377556
0.35122137225523137	0.39959467188686776	0.249183955857901
0.3497881177609796	0.40010911747976885	0.25010276475925164
0.3505427987487667	0.39976249705660716	0.24969470419462625
0.35005519234787424	0.39997229773677545	0.24997250991535047
0.350508298538733	0.39954302542421793	0.24994867603704918
0.3497051242437745	0.40006536748916194	0.2502295082670637
0.3501727562952551	0.4000086130689323	0.24981863063581267
0.3510495591130489	0.3990628972158466	0.24988754367110458
0.3509578292282095	0.3991982975474154	0.24984387322437523
0.3510942481261736	0.39915029641598115	0.24975545545784536
0.35037202380681226	0.40030874301027036	0.2493192331829175
0.3512244862111109	0.39952741506866307	0.24924809872022613
0.3513761948164879	0.3995369962846626	0.24908680889884963
0.3503796724387521	0.40010158036607	0.24951874719517797
0.349790544630548	0.39988511753121436	0.25032433783823776
0.3512934230667659	0.3992131786139323	0.2494933983193019
0.35057546938678247	0.3997793172382119	0.24964521337500573
0.3505912465691344	0.39922022140939206	0.2501885320214737
0.3512838702770633	0.39931184403522635	0.24940428568771045
0.35053393351242645	0.3992497676440424	0.25021629884353125
0.35058014147304617	0.400167142139466	0.24925271638748792
0.35056378202584965	0.4002485329960832	0.24918768497806726
0.3506036703934211	0.399432794257396	0.24996353534918303
0.35064424323570087	0.39909689548549837	0.25025886127880087
0.3507060332219286	0.398999945085606	0.2502940216924655
0.35165280047183406	0.39911016598053956	0.2492370335476265
0.3505264410313039	0.399345130809144	0.25012842815955216
0.35030617300810407	0.39967527937757114	0.25001854761432485
0.3500001292205013	0.4000845070521113	0.24991536372738754
0.35049615656948474	0.39931410323085176	0.2501897401996636
0.3501769282083997	0.40022303877650045	0.24960003301509998
0.35064439591625873	0.3997841289586735	0.24957147512506792
0.35089498450746254	0.399089167770155	0.2500158477223826
0.3502425911247526	0.3996188889767587	0.2501385198984889
0.3504696951412911	0.3995118968912549	0.2500184079674541
0.3500046386313458	0.4003109746122392	0.24968438675641513
0.3497762698006027	0.39997975047339457	0.2502439797260028
0.3506642516361539	0.3990693511926108	0.25026639717123544
0.3500931277864595	0.40004268387149017	0.24986418834205043
0.35068530109961654	0.399078689140249	0.2502360097601345
0.35052899595255727	0.39971800128102647	0.24975300276641638
0.35124867847573527	0.39894211358050696	0.24980920794375788
0.35051864597051935	0.40026294007702845	0.2492184139524523
0.350982194127041	0.3999321292802378	0.24908567659272127
0.35045322000707435	0.3991702863738508	0.250376493619075
0.35062855214395217	0.40022374304908115	0.2491477048069668
0.3501243979449091	0.39974388848493214	0.25013171357015884
0.35081689341053046	0.3994374232107518	0.24974568337871783
0.3506028523601004	0.3992078470375048	0.25018930060239497
0.3498690872254546	0.4002773637538852	0.2498535490206603
0.3503915808386956	0.399996324493269	0.24961209466803552
0.35015741370026754	0.39972082717722834	0.25012175912250423
0.35060704294262995	0.3996264947685806	0.24976646228878957
0.3507042537998372	0.3996003650339983	0.24969538116616463
0.35038383549722507	0.3995810807319944	0.25003508377078065
0.35137664984683453	0.3992307745414523	0.24939257561171327
0.35128262254434584	0.3992276849984865	0.2494896924571678
0.3507276983557361	0.39952079829699	0.249751503347274
0.3496797991271173	0.40021050255584767	0.25010969831703517
0.349996454978854	0.3996272243621156	0.2503763206590305
0.3505497425437037	0.39926440711321554	0.2501858503430809
0.3504817365696286	0.4003230498079701	0.24919521362240138
0.35079598333407647	0.39941904260178807	0.24978497406413563
