0.18470998697547183	0.28958572595657256	0.5257042870679557
0.18333973008476886	0.2847766906158631	0.5318835792993681
0.18060064849076984	0.2764775284587133	0.542921823050517
0.18060928354129738	0.28594060810443467	0.5334501083542681
0.182898658304207	0.2899979235500746	0.5271034181457185
0.18411102246969083	0.284570551654733	0.5313184258755763
0.18416154238554383	0.2914568618092699	0.5243815958051864
0.1786633900268651	0.290179456292367	0.531157153680768
0.17827022374180654	0.2797512733188658	0.5419785029393278
0.1805956436306536	0.2814211124822389	0.5379832438871076
0.18328770199975025	0.28890485374031144	0.5278074442599384
0.1772316099920148	0.2760868359145702	0.5466815540934151
0.17597717485610664	0.2714674139038024	0.5525554112400911
0.18054476425271054	0.28817600871758464	0.5312792270297049
0.17623641155260375	0.2865970082662817	0.5371665801811147
0.17919153437953453	0.2883664710882854	0.5324419945321802
0.18366556475657922	0.26937292924573136	0.5469615059976896
0.17676691805751332	0.28713775828977167	0.5360953236527151
0.18444174968165875	0.2766647751633431	0.5388934751549983
0.18347910132999085	0.29181607763922157	0.5247048210307876
0.1838839856727813	0.2893317074184515	0.5267843069087673
0.1795888098533008	0.27314826451485297	0.5472629256318464
0.18304213737251898	0.2716989583675186	0.5452589042599625
0.17802833859440761	0.27869341661749697	0.5432782447880955
0.17759149648053918	0.28839505585898023	0.5340134476604806
0.17967127284052567	0.28547265791549625	0.5348560692439781
0.18366541328941982	0.27580614487994465	0.5405284418306356
0.18019743235985036	0.2636778554952882	0.5561247121448616
0.17631926695669708	0.2855497815881016	0.5381309514552014
0.18065018867655688	0.27159725134219415	0.547752559981249
0.18337803021748167	0.2598375765442534	0.556784393238265
0.17970903599550356	0.27439368614967935	0.5458972778548172
0.17512741548410649	0.2990772565548221	0.5257953279610715
0.18487679731601223	0.26962440662973114	0.5454987960542568
0.17606057747294568	0.29062775634415655	0.5333116661828978
0.18575852004754861	0.27327605736654603	0.5409654225859055
0.17869096298099282	0.26511049091921834	0.5561985460997889
0.18583700450934632	0.2655734110484378	0.548589584442216
0.1761392941935206	0.2704365719153686	0.553424133891111
0.18399494289194332	0.2911266340749954	0.5248784230330614
0.17908225682038148	0.29526682652812997	0.5256509166514887
0.1818241522940347	0.2772964201208728	0.5408794275850926
0.17920155715891606	0.2919149655260754	0.5288834773150086
0.17828786449060643	0.2871573822934429	0.5345547532159508
0.18127970263968549	0.2672960536740302	0.5514242436862844
0.18005065154133124	0.2712312778981196	0.5487180705605492
0.17731623523097637	0.2946369325166385	0.5280468322523852
0.1803220334299204	0.29583631941539074	0.523841647154689
0.17818644276665113	0.29523087410061505	0.5265826831327339
0.18152899680780443	0.27469947077381257	0.5437715324183832
0.17720189777858036	0.2914293698961735	0.5313687323252462
0.18221239338694242	0.2927582507584619	0.5250293558545958
0.18152459876452687	0.2625994575785773	0.555875943656896
0.18249635666279132	0.2634224258394889	0.5540812174977199
0.17750215145691634	0.29438874023036665	0.5281091083127171
0.1850206367038063	0.2732058749068731	0.5417734883893207
0.17808493083234203	0.274588719990417	0.5473263491772411
0.1754735344334568	0.2859407140265227	0.5385857515400205
0.1776993124992218	0.281134400840492	0.5411662866602863
0.17704300764756606	0.29680242825476516	0.5261545640976689
0.17558895160258908	0.2927885136125342	0.5316225347848769
0.18141036863326998	0.2865066953258643	0.5320829360408659
0.18222083773614708	0.27668411427001116	0.5410950479938419
0.18294444891875883	0.28531564707915485	0.5317399040020865
0.17785779138543745	0.2905990484116058	0.5315431602029569
0.18445966909802936	0.2894884842841603	0.5260518466178105
0.17936030295478236	0.2745827285615725	0.5460569684836453
0.18198440800001506	0.26207566419757095	0.5559399278024141
0.17963531171633249	0.2797377139651477	0.54062697431852
0.18234814324937076	0.2795099009846373	0.5381419557659921
0.18037872608731947	0.27539734074358263	0.544223933169098
0.18465444311040452	0.2814583297193562	0.5338872271702394
0.18404330365701996	0.2755744449046822	0.540382251438298
0.1796913409056836	0.2862791137098162	0.5340295453845003
0.18083380294960913	0.293613995926867	0.525552201123524
0.17798298860747166	0.28328157776752133	0.5387354336250071
0.18379933805248283	0.2668572750204319	0.5493433869270854
0.17791619763679475	0.2771945460781406	0.5448892562850648
0.17986359851419206	0.280132281463819	0.540004120021989
0.18414469482482632	0.27516494995019225	0.5406903552249815
0.1815660133206149	0.2809051539389579	0.5375288327404273
0.17870787210210692	0.2811444244593603	0.5401477034385329
0.1842956452698789	0.2790019293843805	0.5367024253457408
0.18210849494353887	0.26359194156003474	0.5542995634964265
0.18478889427093884	0.2677067287344048	0.5475043769946564
0.17978677890130262	0.28933179163902867	0.5308814294596688
0.1799827875210239	0.26437877619287375	0.5556384362861025
0.1836690789634996	0.27248885774122006	0.5438420632952805
0.1786940590022227	0.2863139506858716	0.5349919903119058
0.17631760589827467	0.29309523093619	0.5305871631655354
0.17940332016645114	0.2801084332910506	0.5404882465424984
0.17855437891086173	0.28950013914940437	0.531945481939734
0.18370349643201886	0.28105736134175263	0.5352391422262286
0.17662632294056083	0.2746649585719952	0.5487087184874441
0.1757421137376575	0.27162954526667454	0.552628340995668
0.17774567655734355	0.281435135215888	0.5408191882267686
0.1770664599354531	0.2817649937407951	0.5411685463237519
0.18357612052058597	0.2616999203221634	0.5547239591572508
0.18072113110151444	0.26557097298054333	0.5537078959179423
0.17834151966120187	0.2869758152696819	0.5346826650691163
0.17578480539626098	0.28693119459235533	0.5372840000113839
0.1750462018382713	0.2724331986147279	0.5525205995470008
0.18439651859841144	0.27788163488969153	0.5377218465118971
0.17827473151953363	0.2800938036151412	0.5416314648653253
0.18401012460980232	0.2896633722794578	0.52632650311074
0.17979830831242366	0.2932281382926383	0.5269735533949382
0.1778960666794322	0.29675469961714834	0.5253492337034196
0.17989866729396253	0.2650119751706576	0.5550893575353799
0.17661510228768057	0.26994834770622284	0.5534365500060967
0.18098436869726284	0.28992986077357896	0.5290857705291583
0.18582797003925702	0.275083007904668	0.539089022056075
0.17799486126779784	0.2847009743145295	0.5373041644176728
0.1805450763798946	0.28078278939110685	0.5386721342289987
0.18413892770846949	0.26000431884431374	0.5558567534472169
0.17672244931684974	0.2985529333972693	0.524724617285881
0.1811176597538731	0.27599449160833617	0.5428878486377908
0.17652369255444345	0.28086839934535823	0.5426079081001984
0.17938336700094606	0.27051717530242797	0.550099457696626
0.1758916773787977	0.270214786899462	0.5538935357217405
0.18282744344693136	0.2802549748043276	0.5369175817487412
0.18223039368728391	0.28175256029858464	0.5360170460141316
0.18115343969554498	0.2798234701097467	0.5390230901947085
0.175039693713137	0.2728474440462952	0.552112862240568
0.1823471078783366	0.29275426805498556	0.524898624066678
0.1777426964665401	0.28678013654007434	0.5354771669933857
0.17632046425310266	0.29941353412874094	0.5242660016181565
0.1792011907029812	0.270432212657507	0.5503665966395119
0.1843569237145618	0.2837206667155333	0.531922409569905
0.1818758306761787	0.2691081019905637	0.5490160673332577
0.1835727003205299	0.26595304659522767	0.5504742530842426
0.185438748761387	0.2803352552133439	0.5342259960252692
0.1856873743557903	0.28150509623320136	0.5328075294110084
0.18055871309168045	0.2828241109305051	0.5366171759778147
0.17873364223282512	0.2879573966810696	0.5333089610861054
0.1802784326968638	0.2825442698999967	0.5371772974031397
0.18117299587577432	0.29245370954697825	0.5263732945772475
0.17937483370362384	0.2797074816388071	0.5409176846575692
0.18239322366214775	0.2768704634189592	0.5407363129188931
0.17911402269386031	0.2804753017397939	0.5404106755663459
0.17674152337271581	0.2712895445230084	0.5519689321042759
0.17637236403409534	0.27129429916772574	0.5523333367981791
0.1811526794222392	0.269077818532231	0.5497695020455299
0.17687816775223406	0.29483000288172717	0.5282918293660389
0.18378760523613805	0.29106232470574395	0.5251500700581181
0.1796558985659613	0.2701365181572801	0.5502075832767588
0.18079035332449417	0.28296003666021297	0.536249610015293
0.18518470923395924	0.2669128721905947	0.5479024185754462
0.1778576195614063	0.2904094659868549	0.5317329144517389
0.17687031954123578	0.2928379119316844	0.5302917685270799
0.1801376729516486	0.2668178980451913	0.5530444290031602
0.18115797504627087	0.2883128927638315	0.5305291321898977
0.18176520315037298	0.28861298054099266	0.5296218163086345
0.18354127796773415	0.26399854376285015	0.5524601782694158
0.17678285414665834	0.2731717761080974	0.5500453697452443
0.1855424822215605	0.261886501094798	0.5525710166836416
0.18218189974337015	0.26341087801332586	0.5544072222433041
0.175864559240615	0.2698542455765056	0.5542811951828794
0.18225745451257774	0.2694476786419933	0.548294866845429
0.18013499901759666	0.29101403003769655	0.5288509709447069
0.18440738053726516	0.2868434321800113	0.5287491872827237
0.17866145740049197	0.29373799961548636	0.5276005429840218
0.1842364383780265	0.2737418285426395	0.5420217330793341
0.18355544908819088	0.27792972090378837	0.5385148300080209
0.17645622945494405	0.2843163652948653	0.5392274052501907
0.18382793041162016	0.26031549060583314	0.5558565789825468
0.18281276756660242	0.2632545502764143	0.5539326821569834
0.18474514962108343	0.27994278792216165	0.535312062456755
0.17903419662853717	0.28452971360744805	0.5364360897640149
0.1774437799777357	0.2937799291280865	0.528776290894178
0.18066260874356618	0.2776995461806184	0.5416378450758156
0.1834718798228739	0.28897734223100124	0.527550777946125
0.17693313288223098	0.2960395612981887	0.5270273058195805
0.1763988137869485	0.29497826181143194	0.5286229244016196
0.1753616219791116	0.2770556611036713	0.5475827169172173
0.17522754891418277	0.2835733152338911	0.5411991358519261
0.17591707109359217	0.27264305224362045	0.5514398766627875
0.18023189568915643	0.2661787499640353	0.5535893543468084
0.17536213365510206	0.29671353007861584	0.5279243362662822
0.17599253175686663	0.29601918402369065	0.5279882842194429
0.1830706557048701	0.2836470136777476	0.5332823306173824
0.18217514048459624	0.2907731622201309	0.527051697295273
0.17716742496021826	0.2741742867320674	0.5486582883077145
0.1790821080362189	0.27261018639227635	0.5483077055715049
0.17938403080503967	0.29412826571001977	0.5264877034849407
0.17696334219696	0.28036566538721547	0.5426709924158246
0.1806762478112239	0.2770579089662117	0.5422658432225645
0.1767500694666822	0.2935200639796024	0.5297298665537155
0.18259873295437976	0.28401103429798746	0.5333902327476329
0.17724793399429498	0.2925628635398292	0.530189202465876
0.17974909015542878	0.26875720147486304	0.5514937083697082
0.17693662669954827	0.27242364812296105	0.5506397251774908
0.18162370276528855	0.2928350278701589	0.5255412693645527
0.17534289134362185	0.294851207615791	0.5298059010405872
0.18239542579823026	0.2797515363498125	0.5378530378519574
0.17501739235040742	0.2752757108151618	0.549706896834431
0.18072343567079655	0.2859184908517404	0.5333580734774631
0.18600873894367267	0.28743096619059616	0.5265602948657313
0.18449895026226326	0.2709230988545125	0.5445779508832245
0.18368338839276466	0.2645068484012433	0.5518097632059922
0.1858778180632045	0.25936417768161946	0.5547580042551762
0.17559918954296672	0.2917468851033841	0.5326539253536493
0.18405750450501757	0.26562127030901683	0.5503212251859657
0.18190039712163794	0.266780284113692	0.5513193187646702
0.17593367073115418	0.29679896036681847	0.5272673689020275
0.1760768777044983	0.2875343551345285	0.5363887671609733
0.18015364902808995	0.2902442664444385	0.5296020845274717
0.18361290398975832	0.26557574631531566	0.5508113496949261
0.18225047059132435	0.28301640957120117	0.5347331198374746
0.1859319057325475	0.26971865986931765	0.544349434398135
0.18550465882336153	0.26110749259364363	0.553387848582995
0.1788437586472899	0.2784298500510589	0.5427263913016512
0.18364840746448077	0.2655462496677733	0.5508053428677461
0.18493782374274184	0.26121290446828416	0.5538492717889741
0.1801710661564707	0.27963964889216614	0.5401892849513632
0.18118214646935746	0.2825134364775101	0.5363044170531326
0.1778322830205052	0.26683061062453106	0.5553371063549639
0.18606012449760578	0.2741728851086862	0.5397669903937081
0.1843352610859516	0.28641106011673667	0.5292536787973119
0.18443845182557128	0.28664480777183504	0.5289167404025938
0.1770789955615385	0.2731521456782465	0.5497688587602151
0.1829082445099084	0.26026112953349667	0.5568306259565952
0.17554637397094722	0.2945663480037302	0.5298872780253228
0.1767212392518369	0.2986148158793496	0.5246639448688136
0.1752042626286474	0.272171873016902	0.5526238643544507
0.1834234593851299	0.27516723999867726	0.5414093006161929
0.17753402027297993	0.28044658423623453	0.5420193954907857
0.1816542589445019	0.2911940886291117	0.5271516524263865
0.1776401101606622	0.28989714258159366	0.5324627472577443
0.1833923302632861	0.2806772124207633	0.5359304573159507
0.18433157334072675	0.2794756013016782	0.5361928253575952
0.18581952476570524	0.28781120308245256	0.5263692721518423
0.18240767922594017	0.28128588685881056	0.5363064339152493
0.18357408910917528	0.28994979855407327	0.5264761123367516
0.18252590169908883	0.28726971648896177	0.5302043818119495
0.17948031315809573	0.26762919556922643	0.552890491272678
0.1805717406485256	0.2773697873125532	0.5420584720389213
0.1842788321114672	0.2754686513925954	0.5402525164959375
0.18191304640710573	0.279822283806111	0.5382646697867833
0.18482559434535736	0.2737953888103718	0.5413790168442709
0.177005744026158	0.2840621041834488	0.5389321517903933
0.18296228952723573	0.2806078219899735	0.5364298884827909
0.1775824713936384	0.26884328207251634	0.5535742465338453
0.1776357399736305	0.27834425386668454	0.544020006159685
0.18001625901180252	0.2664415238139549	0.5535422171742427
0.17839844487565015	0.2717181881196588	0.5498833670046912
0.17677076236253342	0.27188522961286804	0.5513440080245987
0.18124177756579918	0.27569154797953416	0.5430666744546668
0.176420730245856	0.2833221056898932	0.540257164064251
0.18264232785241258	0.2894193492554477	0.5279383228921398
0.1779581189089595	0.2972341031666451	0.5248077779243955
0.18579679613015548	0.2864685857880962	0.5277346180817484
0.18299674504961216	0.28243559511650207	0.5345676598338859
0.1837962304705056	0.29090873282137986	0.5252950367081146
0.18579376017233545	0.2781864669211992	0.5360197729064655
0.17847436479640785	0.2910250957512663	0.530500539452326
0.17857542603763288	0.2929199120657186	0.5285046618966487
0.18227957906595546	0.2840709813288394	0.5336494396052053
0.17671619957485007	0.27245068524276955	0.5508331151823804
0.17686809731322636	0.27284061345961563	0.5502912892271581
0.18243848853754044	0.2809083794632203	0.5366531319992394
0.17716705398126198	0.2977483892451047	0.5250845567736334
0.1849378416900962	0.28750722671794093	0.527554931591963
0.18112286765802704	0.2665351079089911	0.552342024432982
0.18042879716846905	0.28443127543278296	0.535139927398748
0.18003045608326676	0.2640252463040278	0.5559442976127056
0.1835608798275952	0.25919574598632533	0.5572433741860796
0.17773273694405672	0.27816056697712666	0.5441066960788167
0.1801459243086605	0.2646416285025802	0.5552124471887594
0.17938529777685192	0.2692259945232217	0.5513887076999265
0.1770555932645223	0.2806165534218294	0.5423278533136484
0.1787274811105065	0.2699372387849066	0.551335280104587
0.18556801177388516	0.2796136262700449	0.53481836195607
0.17676559370534298	0.29359359989370637	0.5296408064009508
0.177300696621995	0.2819797623345726	0.5407195410434325
0.1826006687871905	0.26515454281160356	0.552244788401206
0.1806484270156573	0.27615029541601566	0.5432012775683271
0.18197666852630415	0.28541933711774775	0.5326039943559482
0.18017436094251996	0.28584572563749777	0.5339799134199823
0.1802413026893909	0.28406045320337925	0.53569824410723
0.18577455730571213	0.2682421823784328	0.5459832603158552
0.18438394273066686	0.29004357270185627	0.525572484567477
0.18551622147667413	0.2882223867998509	0.5262613917234751
0.17963715481881642	0.27202480552533215	0.5483380396558515
0.1830680453246108	0.2794879588493572	0.5374439958260321
0.17596922588623626	0.27847329534333154	0.5455574787704323
0.17660335072051964	0.2697145546115554	0.5536820946679251
0.18534644486272803	0.28602942156566424	0.5286241335716079
0.17772790718084794	0.28611456688239423	0.5361575259367579
0.18154102423598573	0.2894361871388459	0.5290227886251685
0.1815986234657445	0.28742887502274755	0.5309725015115081
0.18142212656751153	0.2637319242480868	0.5548459491844018
0.1799905525598198	0.2778725347182641	0.5421369127219162
0.17625363540212025	0.2745970454721634	0.5491493191257165
0.17892729575470664	0.2652510647681604	0.5558216394771331
0.18585842008405914	0.2725188792210133	0.5416227006949277
0.18277229003289167	0.288156940038728	0.5290707699283804
0.18598600895064285	0.2787958815867868	0.5352181094625704
0.18305518262167336	0.2815647400065177	0.535380077371809
0.17562718637835212	0.2951372302465438	0.5292355833751041
0.18495679552193686	0.2647367540091209	0.5503064504689423
0.17740837083086708	0.28813313990577016	0.5344584892633629
0.18557142225213327	0.2608960719044624	0.5535325058434044
0.17547842606655453	0.27332841261244123	0.5511931613210044
0.18341927157194435	0.25984466256516336	0.5567360658628924
0.18215037649035534	0.26472267357194956	0.5531269499376952
0.1809907056389805	0.26579902334531524	0.5532102710157044
0.17830941858517468	0.2669920366532137	0.5546985447616117
0.18375904538824336	0.278967725840039	0.5372732287717178
0.18538235994823365	0.28044412083149556	0.5341735192202709
0.18040225090590378	0.26397904641418973	0.5556187026799067
0.17604623952929785	0.2899059919231384	0.5340477685475639
0.18352093075574716	0.2695983024117729	0.5468807668324801
0.18276161374898325	0.2685775863194578	0.548660799931559
0.17826277839326543	0.2723767002224908	0.5493605213842438
0.18222152177720327	0.2613708653830359	0.556407612839761
0.1829825222678637	0.26289521966411666	0.5541222580680197
0.18375014307618512	0.27286817290035137	0.5433816840234637
0.18476084672316115	0.2651798265790016	0.5500593266978373
0.1805725503151291	0.28170148279595186	0.5377259668889192
0.1809931381009444	0.26824985951859776	0.550757002380458
0.18353160303691773	0.28110672840156403	0.5353616685615183
0.1800927519542226	0.27360147749866737	0.5463057705471102
0.17499802531735154	0.29122108014142367	0.5337808945412249
0.17799283750053962	0.28727539148525233	0.5347317710142082
0.18116235725777138	0.27774740918881513	0.5410902335534136
0.17733315268134833	0.28600101268598793	0.5366658346326638
0.181276315758993	0.29146531276659193	0.5272583714744152
0.1761712669471288	0.28990911230401095	0.5339196207488603
0.1797360899101124	0.28349130846731563	0.5367726016225721
0.18476367940360416	0.26620416863268864	0.5490321519637074
0.1789126557434111	0.27703381065557314	0.5440535336010159
0.1810350514103902	0.291787804620973	0.527177143968637
0.17509289624861046	0.26774897369729805	0.5571581300540915
0.18453588354303996	0.2803581975985654	0.5351059188583948
0.17727872925070895	0.28357928654031134	0.5391419842089799
0.17514940203509013	0.28275290685133586	0.5420976911135741
0.17641429513983128	0.29580863098382404	0.5277770738763448
0.18327529362391934	0.2739145519309683	0.5428101544451125
0.18293040565344304	0.28817310832093457	0.5288964860256224
0.18552991964115345	0.25776028988277716	0.5567097904760695
0.1779088712112155	0.27356982285445675	0.5485213059343279
0.1769652481122487	0.2840521455457721	0.5389826063419794
0.18443139005596992	0.29040346606317546	0.5251651438808547
0.1855848610617435	0.28821725822618643	0.5261978807120702
0.18525113906430415	0.27266226503773155	0.5420865958979644
0.18421732406956232	0.2783994832067968	0.537383192723641
0.18329197651569984	0.2766800783799569	0.5400279451043434
0.18339342514302853	0.2773112482845208	0.5392953265724508
0.17542412428468204	0.2991462086671899	0.5254296670481282
0.1833624647322486	0.2707759301214972	0.5458616051462544
0.17502297692682367	0.29603147866202695	0.5289455444111495
0.18395190851349646	0.28730462565101206	0.5287434658354916
0.17591119447073555	0.27058501083360204	0.5535037946956626
0.17607260955531212	0.2906227631516992	0.5333046272929889
0.17973238047857074	0.2768630267560066	0.5434045927654227
0.17689213060767336	0.2822803325046277	0.540827536887699
0.1812873205204999	0.2785386218655262	0.540174057613974
0.18554652774653058	0.2675008457720885	0.546952626481381
0.1830674654485221	0.2748344102267774	0.5420981243247006
0.17515621649752056	0.2983628501819718	0.5264809333205078
0.1796804301359236	0.27564109559550365	0.5446784742685729
0.1798287693955379	0.26885469335863127	0.551316537245831
0.17975614563028394	0.2792771439669138	0.5409667104028024
0.18541551738593154	0.25900067948228966	0.5555838031317789
0.18519702300398222	0.25986159062217984	0.554941386373838
0.18473305677164656	0.2698444255682922	0.5454225176600613
0.18070446636579549	0.2640422904523035	0.5552532431819012
0.1754500867224173	0.2955113196882596	0.5290385935893233
0.18563696328540782	0.2608407387086577	0.5535222980059346
0.18210917800005066	0.28756958821121986	0.5303212337887295
0.17708178229673172	0.2806811483751652	0.5422370693281032
0.1824310297991463	0.2815593068832979	0.536009663317556
0.18457746580629977	0.2911144294624599	0.5243081047312405
0.1799308776679387	0.2827650839072509	0.5373040384248104
0.18586106926151652	0.2726250087861563	0.5415139219523273
0.18379317907714007	0.27670617320320307	0.539500647719657
0.18076034683114336	0.2629693150151368	0.55627033815372
0.1801385183619518	0.2659334805207439	0.5539280011173044
0.17693125586708414	0.29472661198165406	0.5283421321512619
0.17922354570049556	0.2773695527859153	0.5434069015135893
0.17603004886571685	0.2871449069199394	0.5368250442143438
0.17748343694158691	0.2830363695962678	0.5394801934621454
0.1756227452019546	0.27799122943715016	0.5463860253608954
0.1801642263246529	0.2762841729269451	0.543551600748402
0.1843038300455093	0.2829777773912803	0.5327183925632104
0.17655082517828394	0.2796983919008423	0.5437507829208739
0.17942900445383056	0.2842793181078924	0.5362916774382771
0.1766052199864582	0.2745195377985517	0.5488752422149903
0.17953664083032628	0.27576528402906514	0.5446980751406088
0.1784044155153163	0.2683981235265578	0.553197460958126
0.17882437182266578	0.2707053615372347	0.5504702666400997
0.17948436658152717	0.2808693887811581	0.5396462446373149
0.18208179372965125	0.26075975811386454	0.5571584481564843
0.1822497923371729	0.27112131642021575	0.5466288912426115
0.17573542399901243	0.290606052471377	0.5336585235296107
0.18309605086672107	0.2788205276393424	0.5380834214939367
0.18169582276631221	0.2833297049949929	0.534974472238695
0.17561092837741285	0.279283370563934	0.5451057010586533
0.18454761098440706	0.28815866071095486	0.5272937283046382
0.17581054279686706	0.29432655743880914	0.5298628997643239
0.17624891864269768	0.2789471084665783	0.5448039728907241
0.18333602045308886	0.2600776120488618	0.5565863674980495
0.18220356773455298	0.289253589122187	0.5285428431432602
0.1831939377114895	0.2929505433408607	0.5238555189476499
0.18569044114194477	0.27840214666811025	0.5359074121899451
0.179500740290714	0.27109264524997617	0.5494066144593099
0.1844572782946184	0.2895011532975266	0.5260415684078551
0.17879289895332762	0.27588207830054	0.5453250227461325
0.17672902587833828	0.27791129759900773	0.545359676522654
0.17847188301567407	0.26898701902940686	0.5525410979549192
0.1758424215304105	0.27084226194359917	0.5533153165259905
0.1793380002809977	0.2667882590371322	0.5538737406818701
0.18525537201478376	0.26839072330496516	0.5463539046802511
0.17840231117945649	0.2965120671057229	0.5250856217148208
0.18398125140884844	0.2829227059744616	0.5330960426166901
0.18553778666161996	0.26628035789789156	0.5481818554404886
0.17920327752815374	0.2816990477690229	0.5390976747028235
0.18322649303981095	0.27255014834948965	0.5442233586106995
0.18058743356568668	0.28550419252004644	0.5339083739142669
0.18365095262763323	0.26053996680958347	0.5558090805627834
0.183446396398242	0.28201471712623954	0.5345388864755185
0.17750336265373728	0.28586146013781755	0.5366351772084452
0.18319977402685453	0.2852908665164417	0.531509359456704
0.17907412951829615	0.2859625627950273	0.5349633076866767
0.1749829265358673	0.2820280646435362	0.5429890088205966
0.18406508053597775	0.2691422442827727	0.5467926751812496
0.17613098491922635	0.2676988085720948	0.5561702065086789
0.1846535075192811	0.27098818626259685	0.5443583062181221
0.18198145073582123	0.2772602802109656	0.5407582690532133
0.18096362832561103	0.2771221914552976	0.5419141802190915
0.17639773159583594	0.27961134214304756	0.5439909262611167
0.18323165243010087	0.2799008841352336	0.5368674634346656
0.1774204424536959	0.27621877036253173	0.5463607871837726
0.18257476630094532	0.2720494016281033	0.5453758320709514
0.18307356778200246	0.2604249153111362	0.5565015169068614
0.18334952234359184	0.26934331037690884	0.5473071672794994
0.17544952005800113	0.2900304083924763	0.5345200715495226
0.18299071799238045	0.2676302161050819	0.5493790659025377
0.17770729037404098	0.2663326492432616	0.5559600603826975
0.1850045398342095	0.2876650023737472	0.5273304577920435
0.18302057053119902	0.2855238688928882	0.5314555605759128
0.18309060131875846	0.2786503550404511	0.5382590436407906
0.17764777339929394	0.2804973762361079	0.5418548503645984
0.18531874493327272	0.28383090747569234	0.530850347591035
0.17590007279455347	0.2879263292161552	0.5361735979892914
0.1829138810045496	0.28082818433523227	0.5362579346602182
0.17762442017694516	0.28868922223978066	0.5336863575832742
0.18374283206074823	0.2798175571429974	0.5364396107962545
0.17745385500978014	0.27497300494396837	0.5475731400462517
0.17911025007784762	0.2795827107916474	0.541307039130505
0.18348699999800208	0.28083651530500386	0.5356764846969941
0.17505345501036773	0.29903728582148315	0.5259092591681492
0.18099667138332537	0.29206861102505477	0.52693471759162
0.17839460423026984	0.2697719913336908	0.5518334044360395
0.17504457357463915	0.2821425803757567	0.5428128460496043
0.18399922927763826	0.2659048212196723	0.5500959495026896
0.18566746963756664	0.27882908830296727	0.5355034420594662
0.17952659065450025	0.28508838993666663	0.5353850194088332
0.1828565344379955	0.2920033995606883	0.5251400660013162
0.18529439494673233	0.28887282565893024	0.5258327793943376
0.18199485673285873	0.2650034183349349	0.5530017249322065
0.1803314203257322	0.26779784488752867	0.5518707347867392
0.17691262065742452	0.27037949667842154	0.552707882664154
0.17953368422404042	0.28609697591403	0.5343693398619297
0.18449538328684792	0.26092119193180185	0.5545834247813504
0.18558875153636	0.2705858926596477	0.5438253558039924
0.17591711177452593	0.30021264079578575	0.5238702474296885
0.17578315593240246	0.28618854663651383	0.5380282974310839
0.1850099160170739	0.26972019821586424	0.5452698857670619
0.17980399956320445	0.28653366125667035	0.5336623391801253
0.17556287990906447	0.2773834634287948	0.5470536566621409
0.1832575653104241	0.2731019190422854	0.5436405156472905
0.1771639173785307	0.2967307021420865	0.5261053804793829
0.18160726424620233	0.2871531813578028	0.531239554395995
0.17529230828934664	0.2876891182347796	0.5370185734758739
0.178591656178084	0.2763243286559131	0.545084015166003
0.17971517745799132	0.28396279560257853	0.5363220269394302
0.1773370442500605	0.27498819208829234	0.5476747636616472
0.18561718583171377	0.2671991901219561	0.5471836240463303
0.17533035975366038	0.27587427628074646	0.5487953639655934
0.18365043985103904	0.27006525085831823	0.5462843092906429
0.18429293612864245	0.26470433031498286	0.5510027335563747
0.1782217771048744	0.27124566241435993	0.5505325604807658
0.1841525678237121	0.2797815364395163	0.5360658957367718
0.1830657149524189	0.2632407583535675	0.5536935266940137
0.17497535582766655	0.271122301854745	0.5539023423175886
0.1773202065770553	0.28183717865651015	0.5408426147664347
0.18482902656355485	0.2669920311132177	0.5481789423232276
0.18074664088208375	0.28084536233424634	0.53840799678367
0.18415806686218258	0.26545095380350237	0.5503909793343151
0.18574576349753344	0.26855986101280127	0.5456943754896654
0.17994403889404548	0.28107972756524197	0.5389762335407127
0.1780874841804714	0.29145061955087564	0.530461896268653
0.18453040443226124	0.26685378313083125	0.5486158124369076
0.1840424346157083	0.26166492543436964	0.5542926399499222
0.18467780701707556	0.2910800298589002	0.5242421631240244
0.18202459760890333	0.270574620085448	0.5474007823056488
0.1785079165118208	0.27892991785265264	0.5425621656355267
0.18229499087792403	0.2655143480906125	0.5521906610314636
0.1803546901372445	0.2766310438803332	0.5430142659824224
0.18560882364281392	0.26494351550406614	0.5494476608531201
0.18403457032110054	0.2771139353471802	0.5388514943317193
0.17713166646849965	0.28496225264178676	0.5379060808897137
0.18491643847705086	0.2629002475573901	0.5521833139655592
0.17684160790150474	0.2864299520236132	0.5367284400748822
0.17689677518871294	0.28884986812407576	0.5342533566872114
0.1783346409359331	0.27320607802029934	0.5484592810437676
0.18527999384635518	0.2817146175751278	0.5330053885785171
0.17901020894817743	0.2759689647061707	0.545020826345652
0.17963692470560605	0.26949793133532435	0.5508651439590697
0.18450291258561663	0.2795135263023375	0.535983561112046
0.17935844953220853	0.2695041915021455	0.5511373589656461
0.1817010322080036	0.2898417127181572	0.5284572550738393
0.17608625505072106	0.272272355973749	0.5516413889755301
0.18158224697819575	0.2909931678872121	0.5274245851345923
0.18121391852030325	0.2775739569878141	0.5412121244918828
0.17550917927107199	0.2995591723479972	0.5249316483809309
0.179119314983902	0.27073021419241455	0.5501504708236835
0.18345511891786087	0.2670895365510031	0.5494553445311362
0.18528832273245632	0.27183133633542	0.5428803409321239
0.18303528540665343	0.26667606389074794	0.5502886507025987
0.1837018740100111	0.2908984268718938	0.5253996991180951
0.18402801937824545	0.2642144692812307	0.551757511340524
0.17816135951155604	0.2872600108370705	0.5345786296513736
0.18086903432581736	0.27789526352485905	0.5412357021493237
0.18362625361159562	0.28108099071440246	0.535292755674002
0.17574409544794656	0.2747885675126142	0.5494673370394394
0.18284915826052267	0.2636561789156811	0.5534946628237963
0.1852273623480555	0.2730613970655028	0.5417112405864418
0.17781433991066237	0.28648772707296427	0.5356979330163735
0.18124537751139388	0.289442816243692	0.5293118062449143
0.1819863185900303	0.2932993017870572	0.5247143796229126
0.1781075926014266	0.26650409074406733	0.5553883166545062
0.18249524932162856	0.29228471874586615	0.5252200319325054
0.1807026202116236	0.2946813114252644	0.5246160683631121
0.1821352911109349	0.2837195227447638	0.5341451861443014
0.17767476394880752	0.2857910606463238	0.5365341754048688
0.1767666400283416	0.2835198256280436	0.5397135343436149
0.17618479895251526	0.2848591936504797	0.5389560073970051
0.18506815834113385	0.278959943302392	0.5359718983564743
0.17565887814585635	0.28213479621253684	0.542206325641607
0.18483690733832844	0.2656471319286705	0.5495159607330011
0.18491893230950052	0.26399188247650335	0.5510891852139962
0.1761847832697505	0.2961405207211726	0.527674696009077
0.17804965169281717	0.2767819999543616	0.5451683483528214
0.18479986251973465	0.262726738992884	0.5524733984873814
0.1761403074744717	0.2760776003669278	0.5477820921586006
0.18280121227560536	0.2702959701969808	0.546902817527414
0.183009248068281	0.2599544534222473	0.5570362985094718
0.18507260735046477	0.2684838630778307	0.5464435295717046
0.17779684219910852	0.2762718031910937	0.5459313546097979
0.17528284080388506	0.2877768767345669	0.5369402824615481
0.17924544851411794	0.28446600529874416	0.5362885461871381
0.17799077733103869	0.2970115225827896	0.5249977000861719
0.18306965392983884	0.26607545576673	0.5508548903034314
0.1834044048590261	0.28067637649340343	0.5359192186475706
0.17936096471282323	0.29005883926556053	0.5305801960216163
0.17718286055734386	0.2680864352042598	0.5547307042383964
0.17845760293545704	0.2812460692095753	0.5402963278549678
0.18198392556886456	0.2618311823991492	0.5561848920319863
0.17555136444251587	0.26787227667675884	0.5565763588807254
0.1857723984721168	0.2752748929605799	0.5389527085673034
0.18372578729661387	0.260149448388045	0.5561247643153413
0.1756723788204636	0.29360814945562946	0.530719471723907
0.17782798465919658	0.27253645009579736	0.5496355652450062
0.17939755616552747	0.26579101647349546	0.5548114273609772
0.1797565533834521	0.2668430458818622	0.5534004007346858
0.17704391854270382	0.29359913352312605	0.5293569479341703
0.18218996181235747	0.2654952937572599	0.5523147444303828
0.18393152852485983	0.26791864215004335	0.548149829325097
0.17960303653954685	0.2806277825305297	0.5397691809299235
0.18343977087539629	0.2844942059191718	0.5320660232054321
0.1852244624869218	0.276644548069622	0.5381309894434563
0.18284852232467894	0.26691089135112245	0.5502405863241988
0.18295624717038458	0.2687870797981822	0.5482566730314333
0.18174217521526917	0.28828304196957666	0.5299747828151543
0.1782499105887667	0.2885705200857816	0.5331795693254517
0.18540526089941092	0.2575668907966271	0.5570278483039621
0.17831591745311703	0.2748015696300131	0.54688251291687
0.18179243326440406	0.2610852391094338	0.5571223276261622
0.18245646054500309	0.26114234613031106	0.556401193324686
0.17632532876629825	0.28599892029956625	0.5376757509341357
0.1822580830902654	0.2931220560921765	0.5246198608175582
0.17737357009468452	0.26719196620847957	0.555434463696836
0.1776715601501228	0.27920808668262764	0.5431203531672497
0.177194880511906	0.2845283686411372	0.5382767508469569
0.18418996518998126	0.28156679979329086	0.534243235016728
0.18098778001015717	0.2730178081138508	0.5459944118759922
0.17893796674971102	0.29092445197009215	0.530137581280197
0.1839576939721254	0.27000923700048074	0.546033069027394
0.18215665963501085	0.28986064313228754	0.5279826972327017
0.1812473367196844	0.2777986181679468	0.5409540451123689
0.18507204641627623	0.2772370640630319	0.537690889520692
0.17709809811335997	0.2903785717140977	0.5325233301725425
0.17513155571839836	0.28090516207052885	0.5439632822110729
0.1831278352610542	0.2729229196795309	0.543949245059415
0.18571676473595305	0.26836215574809696	0.54592107951595
0.17942887585413597	0.29207324512222294	0.5284978790236412
0.18044103305344183	0.282869170114396	0.5366897968321623
0.18091968512000367	0.2910612930007675	0.528019021879229
0.17558205445675631	0.2869234402381585	0.5374945053050852
0.18094853013431997	0.28723723765126297	0.5318142322144171
0.17630269140440966	0.28581967416054765	0.5378776344350428
0.18157401295993597	0.2619600288211725	0.5564659582188917
0.1831063287616587	0.2764064381409188	0.5404872330974225
0.183249041957137	0.2712459183258971	0.545505039716966
0.17602271918300313	0.2694234025231622	0.5545538782938348
0.1853081914012646	0.28250301678410455	0.532188791814631
0.18485497655354716	0.2889327973315694	0.5262122261148835
0.18110851466773956	0.28904464357433	0.5298468417579305
0.18458374482235257	0.2715646872208351	0.5438515679568124
0.1792806644710352	0.28168422593271647	0.5390351095962485
0.18106065650727216	0.27162483352842187	0.5473145099643061
0.18324716763856572	0.27852648171652117	0.5382263506449132
0.18132446018020734	0.28699333599276056	0.5316822038270322
0.1795777554146149	0.29464296166716786	0.5257792829182173
0.1805725514909586	0.26775348059641546	0.551673967912626
0.17903396571468735	0.281623857812341	0.5393421764729718
0.1816827874974926	0.26434091337730536	0.5539762991252022
0.18570599814907848	0.2849344568203996	0.5293595450305221
0.17763542201835486	0.28143050306008	0.5409340749215652
0.1803383244226907	0.2914386078909782	0.5282230676863312
0.17499321374511284	0.2727491906678211	0.5522575955870661
0.18514815738161433	0.28542395819294264	0.5294278844254432
0.18352211381936617	0.2782187627386341	0.5382591234419999
0.18092489469912096	0.27485031732276105	0.5442247879781181
0.183752664207276	0.2703108983164404	0.5459364374762837
0.1837386050255208	0.28987869537637795	0.5263826995981014
0.17764290960241194	0.2948248062971633	0.5275322841004249
0.1773594002858399	0.28247220061791944	0.5401683990962408
0.1750750755263918	0.2993450243523185	0.5255799001212899
0.17937847005606367	0.2849146404959268	0.5357068894480096
0.18231949475080814	0.28786052540307144	0.5298199798461205
0.18236640125468412	0.27149830289892307	0.5461352958463929
0.18125625116327077	0.2878263477104648	0.5309174011262645
0.17690938801435435	0.28889162192286444	0.5341989900627813
0.17953317744623168	0.2779932394697689	0.5424735830839995
0.18573264674517742	0.28200487549378883	0.5322624777610339
0.17879412146327078	0.27008640997206823	0.5511194685646611
0.18513784155318005	0.2776681597585721	0.5371939986882479
0.18429946364537073	0.26996999870716687	0.5457305376474625
0.17963496609381627	0.28654615852309806	0.5338188753830858
0.1820967323508972	0.2744727871046486	0.5434304805444543
0.1831774913934896	0.2928482249914461	0.5239742836150645
0.18043861288412338	0.2860619747360553	0.5334994123798213
0.18045217340078493	0.28691227148529125	0.5326355551139239
0.17822722238250893	0.2968531353507461	0.524919642266745
0.18534004731878148	0.2847190864878768	0.5299408661933418
0.17744728823443642	0.2793615816315583	0.5431911301340054
0.17800826069724324	0.2845490855557549	0.537442653747002
0.17756609077657895	0.28941482608248803	0.5330190831409332
0.17528693645340326	0.2927570584088396	0.5319560051377572
0.18301267296223692	0.27417737184045593	0.5428099551973072
0.18445316649274635	0.2639646723454536	0.5515821611618001
0.18419790971369707	0.26294218369202355	0.5528599065942795
0.17843145353140283	0.2844972466190174	0.5370712998495799
0.17937113780536215	0.266952114325134	0.553676747869504
0.1830047461777664	0.27116275114695576	0.5458325026752779
0.1814430448947139	0.2722124022159349	0.5463445528893514
0.17914084865581484	0.280277275558563	0.5405818757856222
0.17520817000926547	0.28734432992515985	0.5374475000655747
0.17497604610144346	0.29532659653886684	0.5296973573596898
0.17704332328493075	0.27263122892033353	0.5503254477947359
0.1847575247989834	0.27098429843585514	0.5442581767651615
0.18311568228768155	0.27707612065199855	0.53980819706032
0.184754108548091	0.27043235475710237	0.5448135366948067
0.1755037980891925	0.27477647871185035	0.5497197231989572
0.18605021293899904	0.28329121404276875	0.5306585730182323
0.17862277354144104	0.2884820686041314	0.5328951578544276
0.1811907014116574	0.26382098880392346	0.5549883097844193
0.17692927725316251	0.28375628883356285	0.5393144339132747
0.17952258042582556	0.26734766366452445	0.5531297559096501
0.17636740088777572	0.2829251816741708	0.5407074174380536
0.17609464236914363	0.29689533264857126	0.5270100249822852
0.17984928846678375	0.27085640646618797	0.5492943050670284
0.1778460446225394	0.2661552075747143	0.5559987478027464
0.17585807281247515	0.2727612900789362	0.5513806371085888
0.18357998068840609	0.26668922994289807	0.549730789368696
0.18250520010149276	0.27588923255232867	0.5416055673461786
0.18296557019586204	0.26804970521280513	0.548984724591333
0.17655619147362353	0.2813181266659681	0.5421256818604085
0.18443130442093522	0.2670189683868719	0.5485497271921931
0.17695908248209033	0.27572605572741904	0.5473148617904907
0.17815970577183465	0.277676026140572	0.5441642680875934
0.18135586873559334	0.29135781430596397	0.5272863169584427
0.18259512947310946	0.28829932684561377	0.5291055436812768
0.18241021611094033	0.26184089399912036	0.5557488898899394
0.18082486818493412	0.27496292126066346	0.5442122105544026
0.18095484495156794	0.2906691825720994	0.5283759724763328
0.1807143951751733	0.29260069444272374	0.5266849103821031
