0.16493530011148333	0.04187681180640257	0.19914788045303913	0.10950493179915471	0.06936855664177119	0.08182943990048283	0.2162035807142873	0.11713349857337875
0.1629626851972015	0.04003136183264677	0.1857708143928501	0.11609152385045286	0.04967203190322508	0.1011530560324407	0.2253738815318969	0.11894464525928584
0.15140428425641966	0.05032180319165161	0.21232460558311092	0.09940420607503297	0.05238494690527619	0.1026229072590848	0.20231986151783798	0.1292173852115856
0.1593423017488442	0.05704705148082402	0.20457103126137177	0.09148835655787314	0.08317246366604564	0.0761162043877093	0.20773639362904622	0.12052619726828546
0.14903016294148733	0.07011465636433831	0.19798058936397267	0.09675879691503335	0.05407505125546809	0.09837284261713007	0.20735637918830213	0.12631152135426782
0.1575091967566588	0.04560630424342925	0.19910711423219835	0.11138886450217081	0.06849184976219372	0.08288709779276102	0.20521640670383218	0.1297931660067556
0.14818034683332412	0.042069248606489404	0.19936270383405744	0.1157118528774157	0.07702404357224277	0.08364814090259795	0.2034290254448866	0.13057463792898577
0.16780133534254152	0.06773619153181759	0.20844883181892265	0.07834884833535069	0.05101630717428235	0.08468632445469197	0.2111588845073516	0.1308032768350414
0.14890890291570485	0.07169283554774095	0.20423152283827273	0.08215522755609019	0.05780251074705836	0.09504738485379347	0.2230496914771063	0.11711192406423289
0.16063328474161306	0.06420474618224015	0.19718942481006352	0.0719308377694798	0.05504377782800603	0.10917612801989843	0.21079540205474645	0.13102639859395235
0.1687466423667961	0.0565755522637012	0.2021204749303337	0.08702217775973028	0.07247241885941019	0.0757658943656267	0.21271164724353686	0.12458519221086471
0.14885353447056413	0.05798580894593201	0.19773986487703715	0.08474539670508066	0.07212619304107823	0.09223851898529836	0.21671709959949848	0.12959358337551077
0.15148663405219684	0.05107083443547121	0.21985573652019547	0.08553994475837987	0.055571985903420204	0.09269820677915694	0.22578621188930714	0.11799044566187208
0.15428639288939175	0.04979757198286419	0.1881049647973288	0.11029372945684593	0.04995842414967627	0.11450868553109145	0.2080406952670843	0.12500953592571712
0.1537939960119581	0.06625470988877882	0.19056298162429353	0.10264873977641148	0.05660630785239876	0.08850651517798164	0.2134347284794565	0.12819202118872097
0.16388416122910765	0.04456177889921613	0.19120648625303754	0.10203945624380095	0.056506420785471925	0.08984983903195926	0.21475108408968285	0.13720077346772347
0.16956852980479242	0.05262450941442112	0.20327880925336955	0.08864963013666574	0.05565594238301491	0.0931476218935163	0.2184291982225035	0.11864575889171614
0.16577918260331256	0.07021853817841989	0.18543262981506442	0.09449197864267529	0.06183229537388825	0.09171888611786064	0.2060969456305465	0.12442954363823222
0.16836051369590088	0.04816401904748416	0.18656936818889333	0.09222122320805193	0.06355788464478945	0.09833242783996013	0.2231850213331447	0.11960954204177521
0.1594194947074178	0.040876109079407516	0.21183075321639228	0.08399719157601435	0.05059721186509844	0.10538978137654988	0.22524391852475423	0.12264553965436523
0.15412307965405211	0.05542375258323057	0.2051530640109081	0.10046551903395379	0.08481870733564162	0.07304181068439232	0.20908082447674453	0.11789324222107674
0.1646020455109418	0.04102685712806871	0.19640279777940978	0.07600373137286323	0.06370305242397735	0.11071090123289096	0.22462633076623695	0.12292428378561099
0.15632579450195475	0.056194822326654	0.20247493525077037	0.0950901390433333	0.05583246232886066	0.0816388699283701	0.22199076832809442	0.1304522082919621
0.14902636266218403	0.05482673189064825	0.1853061473656042	0.08627364503563922	0.08544515364500266	0.08039767781922186	0.22645045220803262	0.13227382937366694
0.16778100081906094	0.06220929349421263	0.1889209756504955	0.11159615434335937	0.06132845282097822	0.0731195427639345	0.21426852093212245	0.12077605917583617
0.1698522927222881	0.04826071692267721	0.19233844981662965	0.08513559660459337	0.04945965958522408	0.11141116525657803	0.20664923253590278	0.13689288655610649
0.16188110686727777	0.03957012726504475	0.2052078119427571	0.07711826855661329	0.07389349776897039	0.09372221062909439	0.22493025209970804	0.12367672487053405
0.14850964565306352	0.05426715148933833	0.2143070659434424	0.09116880830463728	0.05277523008137898	0.10413419614958548	0.20468912035020786	0.13014878202834593
0.1469422854558684	0.05162055873209717	0.21759737745935956	0.11401984114940542	0.06319787260622231	0.08079474454965567	0.20581191642945645	0.12001540361793485
0.14869479209950304	0.07133676488363791	0.18559963656301465	0.0750470893312426	0.06781164440017654	0.11425451462203148	0.2022918918958093	0.13496366620458422
0.16206405995136125	0.05333710233170158	0.198094781525643	0.08118404999298588	0.05822600074321932	0.11707055443167741	0.2118737281599344	0.11814972286347691
0.15060803521696753	0.053217288066058854	0.20664700819143994	0.07933830979709716	0.05718962608974559	0.11146581021438959	0.21099818645673776	0.13053573596756338
0.15844941238206395	0.048222645820730964	0.18997836526714773	0.10679892052655574	0.06707286936235801	0.08110273682434763	0.21901793656269736	0.12935711325409838
0.16939968642644568	0.05288665319160933	0.20758142409428754	0.0812166665661499	0.0498009153085609	0.09600847221791199	0.2182963061732126	0.12480987602182181
0.15770152851064304	0.05893881368413559	0.19595613858301647	0.0741748793821588	0.05927992185836625	0.09261117275090919	0.22838717527910918	0.13295036995166123
0.1572213046651792	0.04087426048762843	0.18755597611245517	0.08839692921311632	0.07553611586119081	0.09780143635911817	0.22147436846461233	0.1311396088366993
0.15435910600446653	0.045036027416869864	0.20562132173890663	0.07882870720222526	0.06677226869400266	0.11198138084299933	0.2029235059625531	0.1344776821379764
0.16326601341960173	0.05271089466883297	0.1894083830865794	0.09548031661755113	0.0550293401620956	0.10304160646172755	0.2137657122143655	0.12729773336924582
0.15049877454115904	0.0645523225839914	0.18997610740163878	0.09320842412622445	0.06425355050502073	0.082663243031442	0.22269254292514556	0.13215503488537786
0.15671636321286211	0.0635997891490433	0.19154136323568927	0.10514878821240217	0.057243596911853434	0.10345571648369484	0.20273725287385336	0.11955712992060127
0.1585143697531764	0.04594362069064528	0.21863396067776353	0.10540019542643597	0.04963977042834089	0.10156758066686868	0.20289260999512992	0.11740789236163908
0.16458928285451324	0.0419829404431504	0.19867387108384754	0.07170111939043206	0.07184484315490458	0.10573642786239426	0.22556592386949237	0.11990559134126533
0.1615151058503815	0.06225327315530371	0.18794003170259005	0.08682275891334348	0.07334012130283249	0.08333383582335349	0.21473772556548765	0.1300571476867074
0.15862782954745894	0.04914048208322183	0.19188824324767859	0.09900018863815824	0.05223534377380645	0.09477662971788478	0.22126415609686484	0.13306712689492614
0.1467983449494339	0.05349049229721628	0.20138971319694915	0.09260669144481751	0.0653802287923093	0.0880491703844616	0.23071720372601925	0.12156815520879277
0.16119145567819468	0.04141958028464496	0.19453832843435143	0.08911984089534575	0.08217064417543926	0.0872196358836346	0.21102153021419903	0.13331898443419007
0.14775694814954415	0.046145940984049116	0.19766174518133828	0.13434186358097164	0.049958460685053746	0.08630854420229983	0.21263736816367595	0.12518912905306706
0.1658540408579901	0.06783999290687777	0.20863763983223604	0.0741999265295499	0.05192631722704105	0.11138068338284327	0.20461659362293183	0.1155448056405298
0.15477957018939725	0.0496840436441533	0.19500207778384224	0.0853474988202536	0.08519636001045248	0.09034755092253328	0.22111731815079405	0.11852558047857353
0.14960041323884876	0.044065437978880254	0.1897242414136274	0.09913671688072286	0.08257481514251513	0.08700892448939979	0.22337103386700727	0.12451841698899828
0.14666300426338993	0.057942794301020006	0.210562233898628	0.08604202022722993	0.0731015864050415	0.10458589452347689	0.20374002114212178	0.11736244523909169
0.16111117073277348	0.0602883256272065	0.18555116318660259	0.11026669044834828	0.06255067601018402	0.09808124102838998	0.20605283884359687	0.11609789412289809
0.1460386872194765	0.05440003956608937	0.19821366857339517	0.12634447314547256	0.0652938701700746	0.08280291440515265	0.20277974931551684	0.12412659760482207
0.14801897003397707	0.06600259253887217	0.1951296525278699	0.07340246976305473	0.08309834732653854	0.09890613294280737	0.2035991847141732	0.13184265015270677
0.15634454509200646	0.04738606054290041	0.19754085077450337	0.07361570151870973	0.0699789067445266	0.10171715854616652	0.2191363128883524	0.13428046389283427
0.16512361809949472	0.05073287035971295	0.19707940277263536	0.10134752523791968	0.05794438172501641	0.08605475405571321	0.21783724708475222	0.12388020066475525
0.16511852124163512	0.07065192688802302	0.19003239570437364	0.07602170350955828	0.0754442858387575	0.09009950249961732	0.20400692385434976	0.12862474046368513
0.1666281701195646	0.04201677784026123	0.2055322013225093	0.07841734405640587	0.07051461673794782	0.08075167776959172	0.22279928643897864	0.13333992571474063
0.15888204454684063	0.04844312178407373	0.1922141418662267	0.07948608078435354	0.0645070591569878	0.10498596894496139	0.23227192520464784	0.11920965771190813
0.1500570620455791	0.04970711852641849	0.1951707504656574	0.0854200822678085	0.08120363246294844	0.07757929386038367	0.2251069531377094	0.13575510723349474
0.15438334199177434	0.04293232488623999	0.21446536461734914	0.08928131045142697	0.07514805654036599	0.08688405629616806	0.21208940438396884	0.12481614083270644
0.15717389442324342	0.062082261933740265	0.18759662221904086	0.10791906212791949	0.06486498252067249	0.08924008963666907	0.20476478802825115	0.12635829911046298
0.15509962335021105	0.045826776478158165	0.20410879195905846	0.07309591145323843	0.07002455064482307	0.11331790707902925	0.20795942651913957	0.13056701251634173
0.14987045737157684	0.06019647670217923	0.19557585624661425	0.09999262439490815	0.05224804073476344	0.07507007419727633	0.23072989207427358	0.13631657827840798
0.14890616596721756	0.04679425567929903	0.20112737282011056	0.09006529384821571	0.08393363791685865	0.08043870570216041	0.2311191897955704	0.11761537827056748
0.1556408023227078	0.06651701075158391	0.1846625498145349	0.08582128125889266	0.08019086763894898	0.07573586830839774	0.22199441021648458	0.1294372096884492
0.16330226016239277	0.059610245037692924	0.20405348176206817	0.07848774710659567	0.05394050489893504	0.09369040406369042	0.22441415372041146	0.12250120324821331
0.14706349409925384	0.044595854072908475	0.20308306450401456	0.08067434664003947	0.07394803200133535	0.09949873945553259	0.21556357560844486	0.13557289361847055
0.14971020643859792	0.05204663075918428	0.2054798905240655	0.09487466221227475	0.07069759703283668	0.09756207786543908	0.21367235413601754	0.11595658103158399
0.1628423940137287	0.05873909704252345	0.21060175543636664	0.08791733248894794	0.0599568272035908	0.09233950814582954	0.20333674410867825	0.1242663415603345
0.14950102711200514	0.04556116536372644	0.21617777219680623	0.1032435881273498	0.06515643958543098	0.07330341127597222	0.21337827028004325	0.13367832605866567
0.1529355785054734	0.055088753998381035	0.18580484100858297	0.12223717761845011	0.05200925413675922	0.08966323724056723	0.20753230683305304	0.13472885065873277
0.14756273463430802	0.044116063791629745	0.20753994556417327	0.09167147539352388	0.056492406639375686	0.11258695585545762	0.21047700051610918	0.12955341760542238
0.16784578120667226	0.043262234758479914	0.20572681790975905	0.11635139556236432	0.06136943510950332	0.07881687487198258	0.211022516180152	0.11560494440108635
0.15195127503758887	0.06344010793223387	0.19483527029106934	0.09459168135084754	0.06510530311217996	0.088513082132718	0.21709937106932847	0.1244639090740337
0.15004701807655754	0.044082227295001525	0.20081823818019026	0.07525132301835255	0.08631742746026899	0.1024515122110934	0.21821164424476708	0.12282060951376839
0.16432227879810501	0.04087650542237843	0.1934275857946418	0.0992305276833417	0.08136052365040936	0.07582066440767977	0.21822376676054134	0.1267381474829024
0.14860468764996054	0.04703953763837053	0.21007377679629688	0.09444696453936843	0.0508299543810079	0.11303309338153221	0.21381965402726824	0.12215233158619504
0.15363361198792155	0.06817245104669499	0.21756761667536145	0.07629238136930462	0.04939399642646938	0.09635320688951668	0.21197538891492163	0.12661134668980942
0.16697524875011732	0.044268047550017425	0.19404335779800283	0.11065169565207718	0.08024027654157057	0.07498737748809348	0.20663328017159371	0.12220071604852725
0.14954636666379081	0.057095072404106745	0.21602436419931048	0.10104219223188056	0.05221893186601054	0.09710014997224202	0.2048811911130773	0.12209173154958133
0.1477162365721657	0.05582513926098036	0.195707252452334	0.07837172049646714	0.07599634776076183	0.1076061296351894	0.20491386137349965	0.1338633124486017
0.16228305105815294	0.055235337354093736	0.1984515792634413	0.09780182906238317	0.06387763388256067	0.08767903699448572	0.21091515275359946	0.12375637963128282
0.167189577406033	0.04554342510813095	0.19992478902690647	0.11104403520630413	0.05213449072768066	0.08028952972306014	0.21434929142857534	0.1295248613733091
0.14610370298882575	0.06594022507294678	0.19974857762054585	0.0910763605819283	0.054500258862360595	0.11113199469012955	0.21476424444908365	0.11673463573417928
0.16476673056837496	0.06172154425888937	0.19636897331659187	0.08248726902516659	0.052085581470568715	0.09332163780508684	0.2200695121303174	0.12917875142500404
0.14647872431317763	0.043107843864044704	0.21441325552729437	0.08090239263375373	0.057571239129371204	0.10456780751096327	0.21736023240358748	0.1355985046178074
0.1597159118910192	0.05340992905795079	0.21279958527920484	0.09829376641007792	0.06358137004756557	0.08026193779846788	0.20986699909134054	0.12207050042437306
0.16975883209050174	0.06340289177896824	0.20387066135487233	0.08105784886238676	0.0802033221519314	0.07384239080108879	0.20445980538863212	0.12340424757161837
0.16821108983942723	0.059060905366673966	0.21430057878197148	0.08301248753340286	0.06549248035692902	0.08562784078386718	0.20202027894235688	0.12227433839537113
0.16524419735739443	0.04012777850883001	0.19948141947261228	0.09940323816486686	0.06467989388580234	0.08419130805479695	0.22957770155932655	0.11729446299637043
0.1510138675972884	0.04888882712418603	0.19578102143513368	0.10189994060500726	0.06490274328658431	0.10634793581034868	0.21265215087559175	0.11851351326585965
0.15404921364551633	0.04164476306971353	0.19984224934279016	0.0891513797827361	0.07311346373001772	0.08387919031378285	0.22171329097071027	0.13660644914473283
0.16515007056262138	0.04774053104513211	0.20818399960836664	0.09690193907401967	0.05249848486377448	0.09211113912237376	0.21339094250986848	0.12402289321384323
0.16419619403149888	0.04414102350992952	0.1975304218236592	0.073349416474916	0.06759888789672142	0.08766020287154067	0.2298953345392451	0.13562851885248897
0.16468892475130348	0.04421327566978425	0.2116542286194186	0.07548193880971599	0.05833815507689351	0.10299932581263521	0.21501719291501004	0.1276069583452387
0.16783872191775545	0.04237175278270086	0.21479234261238148	0.07780770880456991	0.07352735676650243	0.07752043583744009	0.22315214215073612	0.12298953912791341
0.15307147438873114	0.05625371869409257	0.2031353080633358	0.08538906063808915	0.05119248555091374	0.10956277123659271	0.20581085253809167	0.13558432889015304
0.1554311334806661	0.04339291999460164	0.20714413557323882	0.096365083048787	0.07503568953719597	0.08440893093003224	0.20234177953273969	0.1358803279027383
0.15571649613459543	0.04547254924152139	0.19810955224204624	0.09296012826111308	0.08422844159916384	0.08033924033147086	0.22233858548914281	0.12083500670094616
0.16674482751031447	0.048063121094940875	0.18518508913664017	0.08348151765549942	0.07339599105561408	0.10334317438009605	0.21781331328916398	0.12197296587773074
0.14771625664419682	0.06940904548002985	0.191787924114465	0.07793846548771312	0.0717261650125759	0.08649708117762525	0.22717017414789265	0.1277548879355012
0.15114480017273085	0.05701179699495483	0.19674398618819144	0.1068056241172569	0.06311333623672069	0.09657182873066106	0.20916995131933272	0.11943867624015128
0.1606334299128153	0.04340172314092006	0.19030553932613486	0.08968591160281075	0.08538698472479142	0.08900516107813825	0.21846296300153129	0.12311828721285784
0.15593767105621326	0.05690712258582524	0.20131928950927297	0.08587153134922719	0.06472409671870029	0.0851810403143465	0.23172232021706393	0.11833692824935041
0.151463016638556	0.062489807753699333	0.2082100272513538	0.07458840594341296	0.05723425580184879	0.1100522760779976	0.20479575370934985	0.13116645682378145
0.15927531184631435	0.04870432304160696	0.20981287565487278	0.07644714607230049	0.07379628564093921	0.09886789637668122	0.2174228992223181	0.11567326214496665
0.16668203854072952	0.04381434232103783	0.19004429980714738	0.08246610742954398	0.07612079371924627	0.09342314473374366	0.21609483323518447	0.13135444021336665
0.16878546332982602	0.05432142379618861	0.19571130059086495	0.07852531485293696	0.08590199514001268	0.09416138835234146	0.20656501982583658	0.11602809411199247
0.15314269070946077	0.045414989853011636	0.20657604186885842	0.08783981215573461	0.06512359503760508	0.08917217059411552	0.2154895911242411	0.13724110865697264
0.15946038430886958	0.04487573762867282	0.21046253287088648	0.08664641024696576	0.07050339275547285	0.07921377348670544	0.2113214434655774	0.1375163252368494
0.14735235635710026	0.0712180904964027	0.19519038485126705	0.09780570987431311	0.0707500712478266	0.07684122354751496	0.21475875213259576	0.12608341149297936
0.15859527691502726	0.051570822641637024	0.2048497724278896	0.07634541181368149	0.0824115213984333	0.07836708810443688	0.23180821429367454	0.11605189240521971
0.14859559613642975	0.05385557242029247	0.19616859097626732	0.1077685001378173	0.06302378367060626	0.10428251801350306	0.2102588264229797	0.11604661222210395
0.16158634797356702	0.058978099596881134	0.21966950925248316	0.07889653388820425	0.05427849301523506	0.09474182582967375	0.21208508302751228	0.1197641074164431
0.16939572068303171	0.05987388265206506	0.20902854218453415	0.07825222886576291	0.0725060710392989	0.08082956449182249	0.21302697080980776	0.11708701927367676
0.15887189683886796	0.06345867525703314	0.1879341499860986	0.0880054469836097	0.060418285536696606	0.0883346937614668	0.21692411675180423	0.13605273488442274
0.1605156894649873	0.05312360715703229	0.20455164801943454	0.08074570139050828	0.062373732570626936	0.08398045457829555	0.22744827236986898	0.1272608944492459
0.15475072866104067	0.04227089364925746	0.2129280283360109	0.10793825813136457	0.058128798995989064	0.0800922677119699	0.21405049604689017	0.12984052846747704
0.1548185166609396	0.05440591165530133	0.21604788480697695	0.10908347141304245	0.05785688154861607	0.0764005560931634	0.2093397065219193	0.1220470713000407
0.15777539698700466	0.04870678753040528	0.20243515531404055	0.08578435250393383	0.08439885654913751	0.08577465335569426	0.21864930027843307	0.11647549748135062
0.14990269766055325	0.061835269925568745	0.18904431077625278	0.09056025669063103	0.0739198219106614	0.09475086386595195	0.2162599042774766	0.123726874892904
0.15857263696607915	0.07171197058806096	0.19226585590549955	0.10642607110701108	0.06719677372759156	0.07659343119821438	0.20416027540986603	0.12307298509767707
0.16447563981833777	0.0529743426807989	0.20608715667538346	0.08243567499708923	0.05466065028151258	0.09885026563290511	0.21428598258708173	0.12623028732689107
0.15650741773431198	0.05096239040716559	0.21523583575617336	0.07188109801274535	0.08580724979105987	0.08046037593087238	0.20898352874782838	0.13016210361984284
0.1493998479089416	0.05863801812518213	0.20707393065346996	0.08299267457452689	0.0672520523737447	0.0876247010024204	0.223472977594733	0.1235457977669811
0.1489094116655979	0.06495312941584092	0.2015064177470045	0.09016869834271951	0.06961176909530808	0.07721509311024272	0.2321852517448984	0.11545022887838773
0.15669338533005614	0.045755293227052296	0.19731806141204222	0.07958219835104287	0.08312602622165793	0.08647541089434538	0.2307866296668772	0.12026299489692573
0.16749459418853177	0.046833122318537784	0.20318583246761618	0.07818910960568437	0.06309114667701048	0.10248921530430145	0.2159341290356085	0.12278285040270923
0.1478981717405905	0.06415528079155779	0.19963138211468537	0.07486109730062028	0.06792936132596172	0.08931690259567758	0.22751079083921724	0.12869701329168928
0.1538032008789536	0.04976153045482232	0.19187312426387582	0.0869700342040337	0.07621197966501309	0.11191458939212146	0.2055519059540769	0.1239136351871029
0.15417913127089766	0.06543987517358851	0.20202027499742634	0.08217221859791293	0.05573266583590748	0.0952643071158166	0.2263629753087156	0.11882855169973464
0.15647488686493383	0.04753689244038624	0.21138145252879048	0.07781236363708113	0.05236369746628167	0.09987348157636143	0.22541188827358277	0.12914533721258226
0.16656345237790815	0.043738521389631524	0.20316541427926452	0.10390370773339724	0.05804516964622154	0.09769293459611367	0.20337210745472298	0.12351869252274017
0.16754652625225974	0.06361239142215189	0.19663794896450065	0.0960310302515616	0.05715728474856967	0.09345129752966116	0.20644111815006583	0.11912240268122926
0.16268777831292783	0.050502427615579756	0.19931783184345828	0.08504297857781887	0.05878113489108265	0.10770978123892336	0.20967487299804818	0.12628319452216086
0.15668503557320704	0.03971877739067281	0.2180991379713712	0.0763831984694483	0.05805472487109857	0.10851540307245598	0.213034105748499	0.12950961690324686
0.14961146452094723	0.06970858487204949	0.1900354489709224	0.07424475750385356	0.06170579114027583	0.09040655414729479	0.22719192608569494	0.13709547275896153
0.16465523399571771	0.05693522217284633	0.21748155236302297	0.0840745007745118	0.06970003373000587	0.07515653297101563	0.214889618438386	0.11710730555449342
0.14737651486232323	0.05513096281719275	0.18875127195080676	0.10871545236507685	0.0688144628501926	0.07534663155314417	0.22744973997178605	0.12841496362947735
0.15881594337501953	0.06116583387210767	0.2066849876188832	0.0975537291766423	0.0523617127537893	0.09662002201092827	0.20573003165338924	0.12106773953924031
0.16239272017983547	0.06392238425001089	0.20809808864059343	0.07514937600166668	0.06638479749151548	0.07402703051428117	0.23086056230086882	0.11916504062122785
0.15798326698661636	0.055899169403987606	0.18463336544182715	0.09422361860131784	0.07585414790689277	0.08241642466157284	0.22359451474807823	0.12539549224970697
0.1624922506766182	0.060033691093760486	0.18485969097054844	0.0831209905637017	0.07535248058899123	0.08090219844719053	0.2259776588965148	0.12726103876267433
0.15961212686717613	0.048832570857308105	0.19484806509687866	0.10316380347678852	0.05057621702753927	0.08634852934352572	0.22860214237318552	0.12801654495759787
0.14668702407818174	0.06278962328869887	0.21148567841342786	0.08587523324873149	0.06592318874553516	0.10265462643984347	0.20609549810795888	0.1184891276776223
0.1482527494972884	0.05625222418131541	0.2163857120429027	0.07861825354304262	0.051481376668973566	0.0936511315490918	0.23078059820151609	0.1245779543158692
0.16808497979369846	0.04472886880199427	0.1927044400568863	0.08318433497978889	0.07966428279904397	0.09343578770026276	0.20669033754306926	0.13150696832525585
0.15896055011773647	0.0495121301015531	0.19490300142158906	0.09079067763527442	0.05921151542160437	0.10832340418586013	0.21349613413752958	0.12480258697885267
0.15715829091059708	0.05641999008686681	0.19254302870343534	0.11635724563959035	0.05141919784231651	0.10175903713251731	0.20784966551084916	0.11649354417382726
0.15015031450842187	0.06584109255827447	0.19645032985223576	0.10205711287657222	0.06743760236550633	0.09292207728976128	0.202703287802958	0.12243818274626984
0.1523231248653973	0.04009263141409816	0.21357697588578384	0.09566240947083927	0.05679126144610226	0.10922672467344074	0.20662042618022908	0.1257064460641091
0.15202412573147772	0.056538420441985426	0.19509657454064547	0.09672148316851573	0.06629319792577738	0.08523562529054382	0.21744471388913467	0.13064585901191955
0.16279123511120636	0.054302072605712945	0.19123817599033155	0.1029861788237815	0.06458551473504395	0.08857299233452262	0.20237119500320933	0.13315263539619157
0.14673506629344424	0.06677959760074992	0.20807825830436444	0.07905014022243184	0.06973217317011701	0.08256563990076352	0.21721089120107123	0.12984823330705755
0.14921153897529005	0.046141998341239054	0.21905234856959696	0.09211023857433163	0.05843650811434972	0.10232143494557575	0.20921146557282916	0.12351446690678741
0.1556442973498981	0.05613995443899322	0.1885192642083468	0.1074667457861446	0.06829899259981223	0.0872975936458941	0.21196524804361677	0.12466790392729397
0.1494808654940125	0.056319215950906484	0.21069554176553773	0.07968069206932824	0.08025121976114126	0.08362995017997214	0.2172379048754654	0.12270460990363599
0.15977592170381344	0.056243199575716246	0.2017534342278247	0.08442628063188773	0.051999668435666044	0.10359184413113329	0.21817562577038374	0.12403402552357456
0.1499097049676057	0.0399079442215486	0.19863793483479153	0.09999932106964166	0.05892088987884518	0.11002533747768545	0.21698455207649875	0.12561431547338295
0.16121135524921984	0.04026242171488348	0.21452107146977364	0.09209452929498085	0.05971701039567298	0.10229685932331521	0.20540584952345606	0.12449090302869772
0.15174641877221606	0.04237564724823348	0.20920859000015282	0.07302192433945268	0.07709688883733196	0.11507358441337302	0.20635131423738462	0.12512563215185515
0.16959966370582324	0.056724647546421605	0.20625724570487058	0.10343018039077767	0.051827215889223316	0.07503948871796712	0.22056771139840223	0.11655384664651405
0.15314299808544257	0.058527930106958864	0.19034239216633875	0.11690912950098305	0.06651660314444768	0.07997671687319202	0.20251928377806833	0.1320649463445685
0.16181330706997504	0.040416256259844144	0.20939842030654243	0.07842601418766146	0.07307968928690538	0.1044439324201757	0.21160439498564346	0.12081798548325218
0.1535419560340025	0.062384832282576075	0.20438384165458506	0.08133171428984644	0.06473168880808718	0.09384297472782083	0.2168904974327197	0.12289249477036197
0.15454435292596347	0.06762366606877314	0.19259033510354015	0.08956307042449622	0.062030364298836904	0.0749297097853637	0.22357930741552373	0.13513919397750246
0.1642243184714442	0.041520625268878425	0.19389526645438845	0.12212972423360627	0.0796330970730074	0.07590311983880974	0.2023285297491629	0.1203653189107024
0.16047536675689303	0.06701368573030811	0.19129950970286824	0.07563739007195738	0.060748380455140916	0.10607440620078486	0.21612251227320367	0.12262874880884354
0.1551394082157367	0.06193560538493108	0.19904739448464903	0.08084490312410031	0.05603384661283481	0.10264825256968713	0.2108310833149027	0.133519506293158
0.15495590046490212	0.06649094681489595	0.1952954783767048	0.08946513862733596	0.077846438679429	0.0913813651165466	0.2042653261800499	0.12029940574013546
0.1582592080027481	0.05591412380986996	0.1908865649492104	0.10832377911665436	0.05942859100655548	0.08331133967311674	0.21739429222728163	0.12648210121456313
0.1596065678872945	0.04341478059034305	0.20147872256018207	0.07690554110437522	0.06516374073637879	0.10798463315459432	0.2203942354590453	0.12505177850778657
0.16694056210470176	0.042161118164974976	0.1972514159458728	0.09303953855993649	0.0673308409490597	0.09286375268013805	0.20528100526016518	0.13513176633515078
0.15041643318187	0.06849778017917899	0.19469989713229494	0.08173555868645767	0.0761538974209085	0.08134904192079188	0.2191245421371771	0.1280228493413207
0.15334234275522174	0.06813760650782336	0.19894001384006715	0.11062978901609312	0.05209759997791438	0.08265444541266936	0.21697467154410488	0.1172235309461058
0.14727758786761563	0.04716207571492069	0.19623771107385085	0.1085901195305711	0.06636447227281286	0.0875414207932288	0.21505433745986827	0.1317722752871316
0.14602458026821302	0.05772996510569907	0.18873966900182843	0.10040349930427875	0.06724182848533741	0.09383646887842745	0.20993055408906336	0.1360934348671523
0.167696862336468	0.04817958119845156	0.1988918074583571	0.0763311810931687	0.05932370822841271	0.09712643162085326	0.2219097664489337	0.13054066161535477
0.14976723021105925	0.056421540731614414	0.19080658235671866	0.10645490694371723	0.08112449299266866	0.08357904557449645	0.21407801918876002	0.11776818200096506
0.16673747442143594	0.07045298881289683	0.20167809476067755	0.07168237175098163	0.06518801752911917	0.08269976025123371	0.2128577479942899	0.12870354447936508
0.15316430977860956	0.05362724744806496	0.20478395127480964	0.10672615584640524	0.06667735753703967	0.08022329683576608	0.21201511626398872	0.12278256501531586
0.15379585468889687	0.06296877794380368	0.21532697929925593	0.08204748885877533	0.06717816236530824	0.08112232829346887	0.2076175219060063	0.12994288664448456
0.14617364315092074	0.043935915419514124	0.18927764816410758	0.1330655347358786	0.06235725421691621	0.07452683460177992	0.22606343924415412	0.1245997304667285
0.1594964637449356	0.04490628892531419	0.19489490784516195	0.0811995304990521	0.07966488961488388	0.10460525923782032	0.20277542378478028	0.13245723634805143
0.16854308356119138	0.05008966747791667	0.19182131603436314	0.08163257184404293	0.07172051150878649	0.08828899319872019	0.21206979826454103	0.13583405811043797
0.15603856025251508	0.062425471904766786	0.18745671849970774	0.11621130802192625	0.049721941544840595	0.09006438916388591	0.20297497561082695	0.13510663500153047
0.15507551100642014	0.060710198653536177	0.21958744300279714	0.07998594650763803	0.05947164452449183	0.10019701567922179	0.20738546509717626	0.11758677552871837
0.1630400466704666	0.04766101426068682	0.20096227310984455	0.0770559154240193	0.0856797977772335	0.08754222269283177	0.2177508467878494	0.12030788327706785
0.16178496321811917	0.04322904109206513	0.18924646000088824	0.09567046724512324	0.053304103770882655	0.09879857522286016	0.2237915725211859	0.1341748169288753
0.14713076470392253	0.060632222511524336	0.21355647027732744	0.10212155135019213	0.05078184302874894	0.0952878661812244	0.20339226201996763	0.12709701992709233
0.14713921122579285	0.04689265937441792	0.19194558030122427	0.09685075611776747	0.05676633700741654	0.11725332661923597	0.21543029982970413	0.1277218295244406
0.15691933170737243	0.06011536428493541	0.21918865902890727	0.0811792111161147	0.053603544105263384	0.0952352273921488	0.2138949626774132	0.11986369968784455
0.16261336429991774	0.04376100359995279	0.19735386665651028	0.13275023860188212	0.0532631123723262	0.08458901379173642	0.20577618831355676	0.11989321236411747
0.1550112760549944	0.04512526365866684	0.21534122477684392	0.08322761250816132	0.05670558250945221	0.09829693216209502	0.21140965683761698	0.1348824514921691
0.15620998410461545	0.05374872157860991	0.19505508531485552	0.0766131033791764	0.08473277761473828	0.0845882950456983	0.21883931646678972	0.13021271649551616
0.1606951957622419	0.04075115434250251	0.2047988541105997	0.10855876760602559	0.05828051023657549	0.08849439677466643	0.22048690347457686	0.11793421769281127
0.14837888505102145	0.05909890087026601	0.2146147492887416	0.09113666226955963	0.06922756139781372	0.09027508100492351	0.20374870744770612	0.12351945266996772
0.1482351539472024	0.04923357145288926	0.2008063754037669	0.11750474672429306	0.0734642190153442	0.07823003670143278	0.21278774361609426	0.11973815313897694
0.15207667718782275	0.07129704962956018	0.18772393658379088	0.07962565288201638	0.06987844331195242	0.08904578537565536	0.21382503926272559	0.13652741576647623
0.15681957089226028	0.0690976116071473	0.20241334401772554	0.0774359651483646	0.0807114013431773	0.08314356004292431	0.20748487496922582	0.12289367197917458
0.15479714519841278	0.06647802105283734	0.1912688152579459	0.08236832557578042	0.08163111113002247	0.0903198474275739	0.20751013549013297	0.12562659886729405
0.1685986536864221	0.0609342894216867	0.1880834188050607	0.07790948263090407	0.06805728588096652	0.07623108300333088	0.22336375297949151	0.1368220335921373
0.1561061128102238	0.040460471671114176	0.2148113703758127	0.07909847221044755	0.06962530045112676	0.08121943820699207	0.22673847192351332	0.13194036235076945
0.1650799543442343	0.05112406703260297	0.1906419980481512	0.08224527675575277	0.0782447662877351	0.07956591016454337	0.22317327159342612	0.1299247557735539
0.14591721507774424	0.06800616982559102	0.2024523920804165	0.08834193209854846	0.07299126204762951	0.08126854704924735	0.22203123649023424	0.11899124533058848
0.1532595058797638	0.05887348219447104	0.1978618427629893	0.07438720579763725	0.0657596049220645	0.09689771887892756	0.22268021660519077	0.1302804229589556
0.16060918370718458	0.06771611282898293	0.19374746505179258	0.07709149674372531	0.052482107720004695	0.08934430206722797	0.22230255204944888	0.13670677983163287
0.16247060833426571	0.05859506283734686	0.19558887421707938	0.0804375007096606	0.06251984140237149	0.08454164909635195	0.22451199228868246	0.13133447111424126
0.1512541329685945	0.04215283752346015	0.20083432019313974	0.09968710204393452	0.080407826759271	0.08055967465603503	0.21510541857708493	0.1299986872784799
0.15225081544075048	0.05353330230853115	0.20002339229386565	0.1210696941684468	0.05294492525696742	0.0788649421864833	0.21602983352138472	0.12528309482357028
0.15008478243053014	0.06116201469473763	0.20905101926385827	0.09520065021531718	0.06739653744638714	0.0841319317220266	0.21574202519015412	0.11723103903698866
0.1675536525970001	0.05107879960547876	0.19588585562323207	0.09359175424019084	0.06912972064064604	0.09092110079467071	0.20605105305788224	0.12578806344089896
0.1637236767890401	0.04032894841718708	0.21882838030520538	0.1068968185698949	0.06546988513091644	0.07652764607054285	0.20388292089082943	0.12434172382638364
0.15689523756021076	0.04703941057905506	0.19406374576602528	0.09839581849620707	0.07996469344602017	0.08888544962526237	0.20301989281935912	0.13173575170785987
0.1515092914173424	0.04694156533762055	0.21159825351086708	0.0734991815493775	0.07597052365581572	0.09928708303085629	0.22085587073931873	0.12033823075880151
0.14723536385478106	0.04263430747980433	0.20702079769390752	0.07553985891359404	0.07891465412333071	0.09599875352002778	0.21685731166238137	0.13579895275217302
0.1634397046943322	0.040205998517147123	0.19302988261733978	0.10918245460438061	0.062252254606262644	0.09164110698302344	0.20325478894138957	0.1369938090361244
0.16478091527334504	0.040676879837744415	0.19367423437462133	0.11709698700437263	0.06524241038668371	0.07606969315214207	0.2139673222773149	0.12849155769377563
0.16043582685774155	0.057385840469096464	0.2054945088410588	0.09288298638104611	0.05006834077621075	0.08631268966873587	0.21951813095031705	0.12790167605579317
0.1475952996554935	0.059292628362611344	0.20641132420438352	0.07274664411237616	0.08035678635360388	0.0850803093961453	0.2192129478393819	0.1293040600760042
0.15655525193518688	0.07169934090174797	0.2131120108677367	0.0817332915891076	0.0554579731488936	0.08765007475153881	0.21190663357717304	0.12188542322861516
0.16275978815951475	0.06474831179685099	0.18622615658438252	0.08451575530127507	0.058842317515450784	0.08518519677152858	0.22803143950049276	0.1296910343705043
0.15875023956555487	0.057033946444435546	0.20941350951766644	0.07963146110887982	0.06871440146298263	0.10359126570055405	0.20379784667259665	0.11906732952732975
0.16887550165187326	0.043202441574821546	0.20182348631838942	0.08169919749051473	0.06021257425630576	0.11609424625184503	0.20766206242943863	0.12043049002681143
0.15137569931087172	0.06294800684193713	0.1938357679726268	0.0873487556198452	0.05581927137674286	0.10583069850375929	0.2113138757534187	0.13152792462079807
0.16710153040026063	0.043269454319570924	0.20799669897558482	0.07582053672077084	0.05509139757506151	0.1133517536789247	0.21617181734493324	0.12119681098489318
0.16255868105869867	0.04809193689235351	0.18916007276365987	0.10864311033574045	0.05121741668124852	0.10731354255164476	0.21345963549925273	0.11955560421740122
0.15722638762748864	0.03962096059970141	0.21610712577583707	0.1276080805173895	0.050792898097476114	0.07810746122102016	0.21128234751237307	0.1192547386487138
0.15816157687235666	0.06118632299336056	0.21254824155521734	0.09329820204653441	0.06095422115761845	0.07757387080738991	0.21290795745507227	0.12336960711245017
0.15741958814231394	0.06506148705183211	0.20257862274686927	0.07519427166431741	0.08213427961277545	0.09372566412369814	0.20697380574666846	0.11691228091152502
0.15704452593605017	0.04342149973722517	0.21229563364138138	0.0899457120912551	0.07676533241105257	0.08822151626561756	0.20715291149286252	0.12515286842455534
0.16400023879053044	0.05900286461646183	0.2015081977209366	0.09727651117152813	0.06043306863282959	0.07574892921570603	0.21426108701474264	0.12776910283726453
0.15467780050773042	0.05449657426962576	0.2115432275865989	0.08317874242485615	0.07614716139618763	0.08944103170190044	0.2072043721793222	0.12331108993377828
0.15189045327347409	0.05205252673824069	0.19431189874904878	0.11053475784884437	0.05713179332975128	0.08771623805414494	0.212951767509503	0.13341056449699262
0.15632691127965725	0.0695256263340577	0.2017742128355735	0.11725529309461498	0.05900767283435196	0.07484768343272699	0.2025187952058667	0.11874380498315071
0.1460744476548057	0.04843069346455818	0.19316683548710695	0.12406939923592046	0.05415773411539021	0.09982251719087212	0.20214736818266332	0.13213100466868277
0.16094327674068595	0.05826430007781258	0.19208541269255114	0.09262362605940334	0.06372228081839923	0.10972867633879445	0.20359275652823344	0.11903967074411964
0.16187138186887448	0.04072872584734753	0.18891020589573393	0.10509151116122101	0.08091802919722617	0.08344489151158363	0.22328419767692517	0.1157510568410878
0.1702959160333289	0.06093844309560713	0.21146682410119608	0.07673229097119945	0.07363707976625525	0.07997165439786275	0.2062745236648164	0.1206832679697338
0.15443729215601643	0.06464562772835422	0.19990223922155625	0.08128244163046125	0.08403675560511839	0.08161070714233368	0.21725304943170376	0.11683188708445578
0.15825404805683407	0.04059127821438896	0.18755245345328014	0.10467460541667467	0.07315269871059984	0.07458356089300086	0.2241505033312325	0.13704085192398877
0.1673090416674676	0.045233484291509904	0.2002998530232125	0.1209348467376105	0.0551387581059756	0.07452675256268934	0.20340515516067303	0.13315210845086134
0.15051854279180205	0.04769562499630181	0.20320097373867693	0.07784191728812936	0.08228066394031903	0.08775002578203744	0.21835213091552902	0.13236012054720409
0.15536452643430645	0.0561925704447032	0.18806614931145316	0.07524729026757399	0.05547842619597583	0.1088377913512324	0.22394921899165307	0.13686402700310163
0.1467019111467764	0.05690644025055551	0.19215544587752859	0.12589402531817437	0.05606149541718497	0.09784614005694342	0.2083925067115631	0.11604203522127346
0.15286641329327863	0.049393442022379955	0.1951749252830252	0.12846669040108433	0.05289871090323818	0.08166229597778042	0.21294949426170334	0.12658802785750964
0.1599160859094702	0.07178938285779118	0.2098444263760683	0.08140184419603204	0.05570875890024206	0.085016913952251	0.20314893321286992	0.13317365459527505
0.14587827497804962	0.051535940497062546	0.21263994658123594	0.07600005497143715	0.07562319207757391	0.08453145442149512	0.2170323662882859	0.13675877018485955
0.1536352866604939	0.05711976832259817	0.20882459614006954	0.07319818128917288	0.08522641440396364	0.08126964319584135	0.20792428079929726	0.13280182918856306
0.16059889031339902	0.060809179778176514	0.20872056211195325	0.09635254846121312	0.05270717049278657	0.08436987135005908	0.22086343983783946	0.11557833765457276
