0.01401417740962757	0.2585527618915791	0.7274330606987934
0.002301745007763867	0.2396354686984086	0.7580627862938277
0.002953300794940217	0.2028621674622458	0.794184531742814
0.024402851915867718	0.27151707017942717	0.7040800779047052
0.0038295171029679165	0.8349573633018511	0.16121311959518103
0.005176505734787451	0.8636855910260378	0.1311379032391748
0.018061251178040638	0.7596395716569613	0.2222991771649982
0.026238403345475947	0.8675465083947782	0.10621508825974607
0.005079260606250524	0.7311844960928595	0.2637362433008901
0.002333864076221104	0.6845826333105353	0.3130835026132438
0.002236902592978207	0.6902002128114486	0.3075628845955733
0.018973845235393638	0.6581392768902788	0.3228868778743276
0.018892705972255286	0.6574607438567367	0.32364655017100824
0.016043869521884524	0.6872976783635567	0.2966584521145589
0.02384144020821022	0.6974825199208778	0.27867603987091216
0.01792988025241704	0.5134491198310893	0.4686209999164938
0.005011483742007272	0.23311144842318	0.7618770678348128
0.0015077583452348664	0.3331133281978932	0.665378913456872
0.012776689707721278	0.2971848036834926	0.6900385066087863
0.024364074188572615	0.21737137940533746	0.75826454640609
0.0017807387730742197	0.2605883047357724	0.7376309564911535
0.011404118489900639	0.4303667243853019	0.5582291571247976
0.019730403056132495	0.348236070886458	0.6320335260574096
0.01768085762020244	0.3229599951116798	0.659359147268118
0.009260584379908843	0.10338020553695967	0.8873592100831316
0.0017654697106674888	0.9169952194357177	0.08123931085361491
0.00359538861218206	0.9135715566877429	0.08283305470007507
0.0016626804905123804	0.9104203010907956	0.08791701841869204
0.007593778110882243	0.8342848982268636	0.15812132366225434
0.0012623797135863923	0.8756004927076197	0.12313712757879408
0.006726922155728565	0.8842123045248543	0.10906077331941727
0.027416383065298644	0.8534722053651881	0.11911141156951346
0.012749038364280818	0.8994000675718004	0.087850894063919
0.006946526090577776	0.8888345148819257	0.10421895902749667
4.2750337287467133E-4	0.8893118266180894	0.11026067000903617
0.01738249812702014	0.8790012486741083	0.10361625319887163
0.0018862483809418684	0.8419822964544504	0.15613145516460783
0.025376859137551	0.8318793715041785	0.1427437693582707
0.018610001160643985	0.15359700818652047	0.8277929906528356
0.014759113651369837	0.19051314242480089	0.7947277439238294
0.025722780614928165	0.21426719675537886	0.7600100226296931
0.018409416380835986	0.4262296513782944	0.5553609322408697
0.02833874480999421	0.37964589521288405	0.5920153599771218
8.601139728908747E-4	0.42973634306217967	0.5694035429649296
0.011486338798344264	0.7130925592840425	0.2754211019176133
0.0042361783451472235	0.708223480772149	0.2875403408827038
0.028252899253508712	0.5752921929849721	0.3964549077615193
0.025242755810360784	0.3276540375491688	0.6471032066404705
0.009646596061544777	0.23293769070986708	0.7574157132285882
0.02797994402623305	0.3652103657457627	0.6068096902280044
0.00919012588835355	0.5313197818397	0.4594900922719466
0.017086106585909366	0.6044830338064509	0.37843085960764
0.005204320411535512	0.10492403400368733	0.8898716455847773
0.01707478839197446	0.18826633425835973	0.7946588773496659
0.015468552187032691	0.4299677347762306	0.5545637130367368
0.008311107331717915	0.3998949601145835	0.5917939325536987
0.014027451569127214	0.3790197780234639	0.6069527704074089
0.007697991670972015	0.42339068279346254	0.5689113255355656
1.0650101894321695E-4	0.4658993446447602	0.5339941543362967
0.0025516292094350246	0.5426898304230908	0.45475854036747426
0.026053266125375396	0.5155593172815651	0.4583874165930596
0.00207125634305938	0.17310962563066826	0.8248191180262725
0.026910889950240102	0.05481365135253291	0.9182754586972272
0.018950830112209105	0.06562051359607934	0.9154286562917118
0.027950689211924395	0.12374571294129505	0.8483035978467807
0.02007355566614072	0.19744966109330345	0.7824767832405559
0.0022175563670250864	0.04936804982346954	0.9484143938095055
0.007559275818250111	0.07579266745495528	0.9166480567267947
0.023029189471347578	0.7469808308416639	0.22998997968698862
0.02486274922687548	0.7048804895034247	0.2702567612696999
0.0036343073092041656	0.21750051733341685	0.7788651753573791
0.011111583501086375	0.46918121652747186	0.5197071999714419
0.007771867488642004	0.5025725937490143	0.48965553876234386
0.023418097076989886	0.2621948684418381	0.7143870344811722
0.02604535513694517	0.2321963867430632	0.7417582581199917
0.006303782194792662	0.27464931160918027	0.7190469061960272
0.007439920014406298	0.2680183249835898	0.724541755002004
7.085811463424796E-4	0.18775062468804124	0.8115407941656163
0.025641931108862037	0.2569690143175939	0.7173890545735442
0.0060015930004564955	0.42127851252060533	0.5727198944789383
0.023828941369850032	0.404267578237933	0.5719034803922171
0.023214956581169954	0.48498679102660675	0.4917982523922234
0.027254715950332187	0.5022244398853213	0.4705208441643466
0.008190914577134056	0.4942704133881329	0.49753867203473323
0.02298656794072773	0.4540968429834043	0.522916589075868
0.007829682422507922	0.4220685037433474	0.5701018138341448
0.01832718596771865	0.638578449919103	0.3430943641131785
0.019242635013055287	0.6689669687150182	0.3117903962719268
0.011020803153784342	0.7310804886268751	0.2578987082193406
0.006838242278591089	0.5104818794704417	0.48267987825096736
0.024894899996512065	0.6101171289798198	0.36498797102366815
0.012143065201394743	0.6266636830413052	0.3611932517573002
0.0053515438476851585	0.5493979727572065	0.4452504833951085
3.8704035516734514E-4	0.5330498137330334	0.46656314591179937
0.01992486594526227	0.8863868107538803	0.09368832330085763
0.0035138722412216827	0.873603380318227	0.12288274744055147
0.01175275222286215	0.9030000184151387	0.08524722936199924
6.706322513221896E-4	0.575605750661158	0.42372361708751993
0.013887550430997153	0.5415270762777453	0.4445853732912577
0.021241382922221996	0.5245416072921996	0.4542170097855785
0.00934733841706914	0.33752782542795223	0.6531248361549786
0.02073646432061116	0.4931727307864515	0.48609080489293743
0.02536374314814388	0.40629522507597116	0.568341031775885
0.003374409524414035	0.35657257948771337	0.6400530109878728
0.02302670896932424	0.39612708159548826	0.5808462094351876
0.02209137744328704	0.1495406054660406	0.8283680170906724
0.025857553769382924	0.2807468346493915	0.6933956115812258
0.014309863359067143	0.2751877942683804	0.7105023423725525
0.014491864722961267	0.20373274262159802	0.7817753926554408
0.002188314943806946	0.23939053841888852	0.7584211466373046
0.017351832591038563	0.32878199069617126	0.6538661767127902
0.021067088050212956	0.31009266477919795	0.6688402471705892
0.004428190176324065	0.2556824752198707	0.7398893346038053
0.003826926962570809	0.27260321124595305	0.7235698617914763
0.01505984524832793	0.2223919581415972	0.762548196610075
0.023202262483005276	0.14975608253043834	0.8270416549865565
0.010739323010361845	0.1781063446143868	0.8111543323752515
0.013197135232400847	0.09056309623105305	0.8962397685365463
0.0023539023876297804	0.13645838141524558	0.8611877161971248
0.0034714560828882357	0.13190112837337492	0.864627415543737
0.0021197803059490594	0.18119602734280568	0.8166841923512453
0.0250759653388824	0.08470431856680172	0.890219716094316
0.0013596025280946944	0.07888126968795572	0.9197591277839496
0.014644264204415058	0.07630614570035776	0.9090495900952273
0.02141271151272045	0.35326651039285406	0.6253207780944257
0.019896927942066767	0.2829485306746197	0.6971545413833136
0.007618703195099608	0.37690034227116764	0.6154809545337329
0.01129628443390579	0.5416386440959226	0.44706507147017177
0.011611193892422822	0.5877996117531354	0.4005891943544418
0.0012672834897300977	0.604987432481376	0.39374528402889397
0.01807395666981182	0.571481901322691	0.41044414200749724
0.01004417063257862	0.7916671399370774	0.19828868943034406
0.011201761907370489	0.8732338468778901	0.11556439121473958
0.0033161948299793576	0.6286880186562744	0.3679957865137463
0.007895498219593178	0.6668623008484	0.32524220093200684
0.0035358030251699812	0.4291434072399022	0.5673207897349279
0.023893820812938338	0.3377597849332242	0.6383463942538375
0.017275587967429507	0.3525336862408879	0.6301907257916827
0.024130512476236432	0.47828047494945114	0.4975890125743126
0.0028989185981789234	0.48828716074682943	0.5088139206549918
0.01177645444552644	0.8288328627366921	0.15939068281778154
0.02706996264479522	0.5931575533885576	0.3797724839666472
0.01098167681154577	0.5661963575923376	0.42282196559611673
0.018347620632703232	0.49211410070994066	0.4895382786573562
0.01480108314249129	0.5487712854435425	0.4364276314139664
0.028393544530793124	0.8745845996156977	0.0970218558535092
0.01468059235414848	0.706539277370346	0.2787801302755055
0.01235095583589746	0.40161310060813127	0.5860359435559714
0.017915329098550425	0.44411521494142514	0.5379694559600245
0.012924187307450374	0.434344688923881	0.5527311237686687
0.010579570247364056	0.7290520437262098	0.2603683860264263
0.018438724887831826	0.6257067536030596	0.3558545215091087
0.02470413227638313	0.7034147326791704	0.27188113504444655
0.01164806872213392	0.6137724934114448	0.37457943786642145
0.022768033191014392	0.6067677499776715	0.3704642168313143
0.011626313290608481	0.6386045310231154	0.34976915568627615
0.006598454087323902	0.3058771069684761	0.6875244389442001
0.024803920763324383	0.5575433037092261	0.41765277552744956
0.02752237740642316	0.5491946582204402	0.4232829643731368
8.171385773099726E-4	0.7109304214561516	0.2882524399665386
0.02733451631382816	0.6177244213437281	0.3549410623424438
7.055756962095483E-4	0.687329157421126	0.3119652668826646
0.002727997731865772	0.6935430174648222	0.3037289848033121
0.00782336864233274	0.6557638564488243	0.3364127749088431
0.012277895895051794	0.5886370798732043	0.3990850242317441
0.005316988388521293	0.45330046982393524	0.5413825417875435
0.023820966243407737	0.5652771414878989	0.41090189226869345
0.01864875668655286	0.5933657418555003	0.3879855014579469
0.005775097213732705	0.13967413406107557	0.8545507687251919
0.006751836438718961	0.06256305061878531	0.9306851129424959
0.01603267127716035	0.2218802896452467	0.7620870390775931
0.02203460081606423	0.1293576141051794	0.8486077850787564
0.0036949876594842834	0.061447591020019565	0.9348574213204963
4.311638199244183E-4	0.05326327212163756	0.9463055640584382
0.010351376577250604	0.06303239418022405	0.9266162292425254
0.001266225381799102	0.06931110932561801	0.929422665292583
0.0037757448005888428	0.1030688022371477	0.8931554529622636
0.009828578782965114	0.07207790056218794	0.9180935206548472
0.024085809931695012	0.7699902395402694	0.20592395052803572
0.004739344909092447	0.5089312684979546	0.48632938659295316
0.003402840719642364	0.5423430879372068	0.45425407134315104
0.006639024883203115	0.5472531554741291	0.4461078196426678
0.00926292717176136	0.5089536105675391	0.4817834622606997
4.603976571351809E-4	0.5626166945483774	0.43692290779448756
0.0030577226413730507	0.4855107469523119	0.5114315304063152
9.892874416274622E-4	0.3317637295608512	0.6672469829975214
0.015445710701581405	0.2052366624258423	0.7793176268725763
0.010573077242480133	0.30440326207892526	0.6850236606785948
0.003613992005604083	0.6675261073208443	0.32885990067355164
0.01774048890532981	0.6942485499464366	0.28801096114823366
0.0060602357896054615	0.6399970166051622	0.35394274760523253
0.01050214579711295	0.6075885035158255	0.3819093506870616
0.02492830390812467	0.6711774751797328	0.3038942209121427
0.019376839065731066	0.7288240300716964	0.2517991308625727
0.014847215862515972	0.6990062400662987	0.28614654407118545
0.016629793523257663	0.5166356712748554	0.466734535201887
0.019812304173031037	0.37416888709723595	0.6060188087297331
0.011076855205653158	0.3463176077917903	0.6426055370025567
0.019339643551739893	0.5284634524124839	0.4521969040357763
0.010428947132929967	0.548646993098989	0.44092405976808113
8.889412605260216E-4	0.4104735270139302	0.5886375317255439
0.019400336280989028	0.3552660200334613	0.6253336436855498
0.018726056757880305	0.36137780964652944	0.6198961335955904
0.004146611683995827	0.33137759975881054	0.6644757885571938
0.018263092546960125	0.24319385783924982	0.7385430496137901
0.017674611678245522	0.17775719516531963	0.8045681931564349
0.002814279129652375	0.4982402556324287	0.49894546523791905
0.005566929240731877	0.6808277801192703	0.31360529063999804
0.002278966579271402	0.2422398096052345	0.7554812238154942
0.005487954083474023	0.2714000704516086	0.7231119754649176
0.002604199066998991	0.3441255313181212	0.65327026961488
0.007426421443154141	0.3614632155803569	0.6311103629764891
0.021300990406981524	0.4394724661377671	0.5392265434552515
0.01628655528082562	0.06544084549024498	0.9182725992289295
0.01871643595772393	0.056285814145565105	0.9249977498967111
0.017496572535091293	0.07055945007372755	0.9119439773911812
0.005020692666889259	0.0797624996685436	0.9152168076645673
0.01797357416192702	0.06007898390034894	0.9219474419377242
0.015133416292625157	0.0658366623278604	0.9190299213795147
0.016104419036051698	0.21425046853406676	0.7696451124298815
0.02630305034417929	0.25439081302344624	0.7193061366323746
0.0018875799403107463	0.38653950551688915	0.6115729145428002
0.005768626505826047	0.3893650148674636	0.6048663586267105
5.0279534537645E-4	0.40634729151837856	0.5931499131362451
2.5201415499170876E-4	0.45730052949577943	0.542447456349229
0.01618408334074295	0.4872359730230277	0.4965799436362295
0.026176448452758294	0.48970875837857136	0.48411479316867045
0.023230214698701457	0.523038492630438	0.4537312926708607
0.0012274546278286391	0.6266998776147148	0.3720726677574568
0.026001788721288	0.5234128760183521	0.45058533526036004
0.014057216142051132	0.4688839012974738	0.5170588825604752
0.004372670937814793	0.9130374626547492	0.08258986640743626
0.010902964242195223	0.8888073197002787	0.10028971605752618
0.009929209381841997	0.74895428479165	0.24111650582650804
0.019482516401143957	0.6775619327961883	0.3029555508026679
0.019640884440146056	0.659219486926296	0.32113962863355805
0.0014709331106442236	0.7423709120217921	0.2561581548675639
0.02249108037923253	0.770850118433383	0.20665880118738458
0.00397409399909443	0.8033501757025774	0.19267573029832838
0.0068405190025147	0.21940945207233026	0.7737500289251551
6.891867991558054E-4	0.26751545302942126	0.7317953601714231
0.0014642838204184105	0.18475568187303898	0.8137800343065427
0.018876088486810105	0.2137376442802102	0.7673862672329799
0.020305104441987354	0.5974198789484937	0.38227501660951907
0.003404119927488347	0.4426950901934501	0.5539007898790618
0.0035687303889592736	0.5028472665854566	0.49358400302558425
0.004758400386254968	0.5177407812908272	0.47750081832291796
0.024839694385090094	0.30473083886877483	0.6704294667461352
0.00979841919531782	0.3693980699280528	0.6208035108766294
0.008188630502560967	0.16193390907584748	0.8298774604215917
0.0038059299259369794	0.10351980478938655	0.8926742652846766
0.0056686865675459885	0.10300871171497833	0.8913226017174758
0.009468125825251694	0.39892470496385035	0.5916071692108981
0.027419346778505993	0.28321327245277284	0.6893673807687213
0.0011872362456377128	0.7611536161190262	0.23765914763533613
0.027031559478938483	0.6601760590607546	0.3127923814603071
0.002795471388823745	0.7027516626238532	0.2944528659873231
0.013222110398695197	0.5757396847910092	0.41103820481029574
7.357247919675958E-4	0.8060449141999632	0.19321936100806936
0.02155587905474088	0.8327023524552538	0.14574176849000542
0.021520293779169475	0.8795964047481987	0.09888330147263202
0.011598040584350322	0.7855428354562982	0.20285912395935157
0.008842214253268144	0.8147906405524862	0.1763671451942458
0.0015400008951237387	0.7746542840835973	0.2238057150212792
0.0015988563969177028	0.4699765330555778	0.5284246105475047
0.018715047970995713	0.4495094746295699	0.5317754773994344
0.02553065822636119	0.3039632853608185	0.6705060564128204
0.0011944897554234113	0.16755149270772574	0.831254017536851
0.017580384623815726	0.18631839476945294	0.7961012206067315
0.028322022980819983	0.10416015770798256	0.8675178193111976
0.009182843430011745	0.40015026076700816	0.5906668958029803
0.004749999048917264	0.16130848961078129	0.8339415113403016
0.02535510888259951	0.1833972231925645	0.7912476679248361
0.012972239185381484	0.11550892153848513	0.8715188392761335
0.021646952314145484	0.20230582162534425	0.7760472260605105
0.02702966532168516	0.1004678397387081	0.8725024949396069
0.016582393680839747	0.2135686008015225	0.7698490055176379
0.007482001524779902	0.2014977114839365	0.7910202869912837
0.01874858818514541	0.17086246446136438	0.8103889473534904
4.1716229801608273E-4	0.4500645657796209	0.5495182719223632
0.017535822353660968	0.5848743414537624	0.39758983619257676
0.0011089055803823467	0.7727210523260948	0.22617004209352298
0.015058933862212354	0.7997591796823154	0.18518188645547246
0.015576531947810834	0.8883750386479675	0.09604842940422184
0.011955834743187177	0.6040678845972994	0.38397628065951356
0.0021248385746641674	0.24397332431252	0.7539018371128159
0.013621773334985487	0.2089118906826209	0.7774663359823937
0.005262811978067328	0.1135333758056731	0.8812038122162597
0.013083493905597432	0.14173059436016527	0.8451859117342374
0.004501001264144766	0.06788021789898319	0.9276187808368722
0.01193079836897637	0.14977961203442478	0.8382895895965989
0.005811453076874473	0.15848229871282307	0.8357062482103026
0.019948245300354495	0.14708460412504318	0.8329671505746025
0.0017814677499063958	0.2939920052019125	0.7042265270481813
0.0037679285396481355	0.269286138922596	0.7269459325377561
0.002243722267781356	0.2893958051574505	0.7083604725747683
0.017538508999910496	0.2272840917978252	0.7551773992022645
0.01958020840890151	0.13537830188573072	0.8450414897053679
0.0014997057459188445	0.1928180736308156	0.8056822206232657
0.02331732317958235	0.2010723017489074	0.7756103750715104
0.019092560372931278	0.15998952991264498	0.8209179097144239
0.008041877794761343	0.14049501360001124	0.8514631086052276
0.021216904953431315	0.2380884616141683	0.7406946334324005
0.022380501757325144	0.3067015455219462	0.6709179527207288
0.01946629833186797	0.32137551716294943	0.6591581845051828
0.004277827288656111	0.6295725752197372	0.3661495974916068
0.01969048967393916	0.3828180410427708	0.5974914692832901
4.2601613877757405E-4	0.3591491456590282	0.6404248382021943
0.017962316763374175	0.2987632752613802	0.6832744079752457
0.020468515089238637	0.21115416463268324	0.7683773202780783
0.026145577444847967	0.25113478185524546	0.7227196406999068
0.020126177478227092	0.0547435422991806	0.9251302802225925
0.012664594870756218	0.08343039074716724	0.9039050143820767
0.017426446990329802	0.14200845218669497	0.8405651008229753
0.009390910578015388	0.14936218244970895	0.8412469069722758
0.006475849231539654	0.2415778065441293	0.7519463442243312
0.023039228296294123	0.5599104500076801	0.4170503216960258
0.005763213788922805	0.5815971978985318	0.41263958831254555
0.020723674763124256	0.5770722205028325	0.40220410473404344
0.02693912998099912	0.5987945475442974	0.37426632247470365
0.006020430026186907	0.6848546233815829	0.3091249465922304
0.008144691843134266	0.757402694873824	0.2344526132830419
0.004922036661983931	0.8795750258658781	0.11550293747213813
0.006222278350594523	0.8911662619927271	0.10261145965667845
0.006498928852779362	0.8962942198971442	0.09720685125007661
0.008827897807983487	0.9089809109199483	0.08219119127206842
7.73123413959298E-4	0.9139718857184709	0.08525499086757002
0.001555101784795676	0.9145600935204495	0.0838848046947549
0.022146221509482922	0.7464080143652594	0.23144576412525794
0.019420353487264896	0.6359260192199355	0.34465362729279975
0.025292665341655474	0.6223287152803834	0.3523786193779612
0.006250815742668725	0.06301809669976488	0.9307310875575665
0.01757234804302854	0.054304401456570894	0.9281232505004007
0.019266012748689276	0.11082780232805212	0.8699061849232588
0.008356945522521197	0.14483466434617245	0.8468083901313065
0.017365421420615257	0.24976974813933883	0.732864830440046
0.004141107664852428	0.27495260091640833	0.7209062914187394
0.010593337216125709	0.3255237352540139	0.6638829275298606
0.018943292273855883	0.48875794601852085	0.49229876170762343
0.024521115381871295	0.5242456219092821	0.45123326270884667
0.01367341514459891	0.6080384100817074	0.3782881747736938
0.014659432305450804	0.5647764932819677	0.42056407441258176
0.015678796496693126	0.27861976693420853	0.7057014365690985
0.0036178456876335696	0.1268498776871047	0.8695322766252618
0.022054544333884263	0.1472960659061292	0.8306493897599867
0.017750175745467833	0.13300027477671106	0.8492495494778213
0.021268335811476746	0.1319698099902069	0.8467618541983164
0.005774121293309786	0.07588577246213768	0.9183401062445526
0.010445348402455923	0.3365082901057128	0.6530463614918314
0.0075675777061160465	0.25407570313864875	0.7383567191552354
0.010785863948090058	0.06906144933701824	0.9201526867148918
0.011419896597863799	0.059665574595152926	0.9289145288069834
0.008957595566792431	0.07178855576664367	0.9192538486665639
0.009068163584534106	0.06988710897509337	0.9210447274403726
0.004600547684637413	0.15872685839541492	0.8366725939199477
0.022651556922865357	0.1420552301620939	0.8352932129150409
0.021461024613134427	0.08073445016292413	0.8978045252239416
0.013755445601757177	0.058623628878105516	0.9276209255201375
0.001897356130119654	0.08416724451139579	0.9139353993584848
0.005707825959532509	0.23880590808025365	0.7554862659602141
0.024282984597503054	0.7237523408002103	0.2519646746022867
0.02409083912418092	0.7099039733299602	0.266005187545859
0.014747790240535075	0.856821725064375	0.12843048469509005
0.019723894773536477	0.793921844351021	0.1863542608754427
0.015065789786553263	0.8007467940805801	0.18418741613286674
0.015707005748991087	0.7815940252076303	0.20269896904337867
0.0023660474125721254	0.775609085254242	0.22202486733318597
0.023241534375648687	0.8053495204132403	0.17140894521111122
0.0069179204128236305	0.8022486380864866	0.1908334415006899
0.008535900388831397	0.8902247257116376	0.1012393738995312
0.017811869784210177	0.8858376966915195	0.09635043352427053
0.020920815910157264	0.8602116156421709	0.11886756844767205
0.012135774193824722	0.8732353885247546	0.11462883728142076
0.004698575444099906	0.901869409847402	0.09343201470849821
0.01022336646038885	0.7401457648155276	0.2496308687240836
0.003126343946107668	0.7897759436306473	0.20709771242324515
0.007536916479136235	0.8932669011778928	0.09919618234297123
0.02053597369674326	0.8447931181601009	0.13467090814315588
0.004190792059655002	0.8728730707667592	0.12293613717358587
0.019571171817595934	0.812401497842255	0.16802733034014916
0.027172215396914445	0.7147141859157593	0.2581135986873263
0.02342911949367249	0.7000397987892253	0.2765310817171023
0.00526226313321454	0.5955551590879133	0.3991825777788722
0.024099282356331797	0.5861518610961642	0.38974885654750413
0.00905244502798963	0.5943731070027024	0.39657444796930813
0.005742775361666508	0.6432555789175756	0.35100164572075815
0.012056346468705237	0.8940545678532176	0.09388908567807738
0.0036906333426723337	0.8546892244232609	0.14162014223406685
0.01273175477590377	0.8593920667055595	0.12787617851853694
0.011203857999168565	0.8440811579072668	0.14471498409356476
0.01876267447161606	0.613117814650112	0.3681195108782722
0.024072666802397336	0.36481015720530185	0.611117175992301
0.0108124955396941	0.3709511132610721	0.6182363911992339
0.02117912906881181	0.48592252026620797	0.4928983506649804
0.0026981977078099906	0.6612021755872004	0.3360996267049897
0.023301297274270327	0.6904621701041764	0.28623653262155335
0.010075292967944183	0.6927730334087887	0.29715167362326717
0.022786995717768765	0.6619056987465797	0.3153073055356518
0.010136323501439837	0.4263924250074596	0.5634712514911007
0.018287274590296887	0.48331099519926546	0.49840173021043777
0.02725737681287338	0.4338419399773804	0.5389006832097463
0.012860989005769263	0.8197236968201751	0.16741531417405575
7.819973634057842E-4	0.8726146963508312	0.12660330628576305
1.2478169001972628E-4	0.6657996218486789	0.33407559646130147
0.023057879240426238	0.39605969770883376	0.5808824230507401
0.026220357091714663	0.28716004648097704	0.6866195964273084
0.01621190501932035	0.36523138658333354	0.6185567083973462
0.015174340982312406	0.31929082971279255	0.6655348293048953
0.018109504571600765	0.41002863345112084	0.5718618619772786
0.0050004197413542895	0.3877566090561454	0.6072429712025004
0.023792902424272844	0.3960299758046466	0.5801771217710807
0.009087810840806343	0.4973241869358387	0.49358800222335514
0.02351500207080448	0.5222407810339152	0.4542442168952804
0.01640133514564479	0.25099452635983605	0.7326041384945192
0.0018299827096678323	0.30409348826752997	0.6940765290228024
0.0111848455983794	0.2286011570907085	0.7602139973109122
0.010817355983991472	0.20018970379463835	0.7889929402213702
0.01291391144588322	0.22255765913634606	0.7645284294177708
0.014253709942354365	0.20130708393507868	0.7844392061225671
0.023419761599382583	0.503764294595882	0.4728159438047355
0.021530496074125438	0.5600515874574267	0.418417916468448
0.020352007748460244	0.5159556290819788	0.4636923631695611
0.015425585653326801	0.4971210403907732	0.48745337395590016
0.0036773229568123345	0.5583966733444938	0.437926003698694
0.027277306058464013	0.6636761586869775	0.3090465352545586
0.008162141298976966	0.5801051979912184	0.41173266070980485
0.006078975873847647	0.27450898643351707	0.7194120376926354
0.0037999941326737896	0.6487111817044082	0.3474888241629182
0.019931842925070886	0.43485801618444103	0.5452101408904882
0.023739821144762918	0.4920288552069282	0.484231323648309
0.004837284313720491	0.6564899721438071	0.3386727435424726
0.020258740362528005	0.7884904640188142	0.19125079561865788
0.00781661546046708	0.7574019735222449	0.23478141101728817
0.00386439756161433	0.6552583541256894	0.3408772483126964
0.00915843451320858	0.6493350627907408	0.34150650269605076
0.017367819234836268	0.6976923455735113	0.28493983519165256
0.023232031148209487	0.7002595079215541	0.27650846093023645
0.004612099222062738	0.5900927612198082	0.4052951395581292
0.023427157865096193	0.5897866405544276	0.3867862015804763
0.004701253559925123	0.5632852166840906	0.4320135297559844
0.008861039088091771	0.6084255199161652	0.38271344099574317
0.005380140411220757	0.7417854941546246	0.2528343654341547
0.007059722671210189	0.8078070836264445	0.18513319370234543
0.028410609458251967	0.7938861198889258	0.17770327065282243
0.0018612696109910898	0.8367759985361374	0.16136273185287175
0.016938133353668672	0.8215678520957532	0.1614940145505783
0.017847165637299434	0.4083967244517945	0.5737561099109063
0.02801738187031727	0.3123637836268863	0.6596188345027965
3.801778969722003E-4	0.30532333115198873	0.6942964909510392
0.023671948802790777	0.3489290809518981	0.6273989702453113
0.020173201215700653	0.4982048410016009	0.48162195778269856
0.008535896661938325	0.43502600559670435	0.5564380977413574
0.008424271954634854	0.3840196934744926	0.6075560345708727
0.020474489589875133	0.3976759386444375	0.5818495717656875
0.0229800380852192	0.5882995489232092	0.38872041299157173
0.001392634519777447	0.6391087221915275	0.3594986432886953
0.008627536881915698	0.6483157537325721	0.34305670938551225
0.01004940572981372	0.7733827732204026	0.21656782104978378
0.00470947921067244	0.9002471741211445	0.0950433466681832
0.007340860106306024	0.8170730445370493	0.1755860953566447
0.005113083407939534	0.7731207955383443	0.22176612105371618
0.0011873731788289432	0.648077835218994	0.35073479160217713
0.016711590511001018	0.6435695911033134	0.3397188183856858
0.004911034971999628	0.799516029244431	0.19557293578356943
0.016859270197235765	0.8111976045961105	0.17194312520665403
0.009441353105523298	0.8456963895340148	0.14486225736046196
0.02239846246256777	0.7536393669186378	0.2239621706187946
0.014593333193046454	0.8930620825818674	0.09234458422508629
0.016717883280369106	0.8471230901568344	0.1361590265627966
0.018715952154790716	0.8865259465952137	0.09475810124999581
0.0016771374074865397	0.7199167191837668	0.2784061434087469
0.010733811738391608	0.3922550013646756	0.597011186896933
0.011402251986978695	0.7489405038794479	0.2396572441335736
0.015388619973841444	0.7775309124281518	0.2070804675980069
0.012280199208732245	0.746426401540637	0.2412933992506308
8.069646825178967E-4	0.6917881180761702	0.307404917241312
0.01598273616853768	0.6419453737937435	0.3420718900377189
0.024101960318349214	0.7714686717955033	0.20442936788614768
0.012844414590779785	0.7602231288861481	0.2269324565230723
0.02334791779034784	0.37158396767004026	0.6050681145396121
0.005450355096272563	0.3350168858480628	0.6595327590556648
0.0038858007093574565	0.1847780954638023	0.8113361038268404
0.019001345831407113	0.10825474510877531	0.8727439090598176
0.011758373475295403	0.11949098212131098	0.8687506444033938
0.022510373099815573	0.11531828198291438	0.8621713449172702
0.013812290776684222	0.12681686057999936	0.8593708486433165
0.0112262396148895	0.21708213545424476	0.7716916249308658
0.0195976468173652	0.04931013975600129	0.9310922134266336
0.013741716358186107	0.489529117438575	0.49672916620323904
0.016629996166790173	0.3156060999448431	0.6677639038883667
0.01978186251149211	0.3473986008445272	0.6328195366439808
0.024440829188235424	0.3886376266457836	0.5869215441659811
0.014973676180269235	0.3387556373242738	0.646270686495457
0.010083329998479051	0.10591635664823909	0.884000313353282
0.01527028165032851	0.07343298121650632	0.9112967371331653
0.01542120915261136	0.05119496593087225	0.9333838249165166
0.018987559287157063	0.07722716586098866	0.9037852748518544
0.022450345660333826	0.06341267000622552	0.9141369843334407
0.01789914952136168	0.1477222360870712	0.8343786143915672
0.01789507102581772	0.2408969133761968	0.7412080155979857
0.02530431310466441	0.7582504510870651	0.21644523580827063
0.00919803791714574	0.6499192497528734	0.34088271232998096
0.018172157285482105	0.8795108807339087	0.1023169619806093
0.011171757340133537	0.8296733113200878	0.1591549313397788
0.019684383163964925	0.8361477032377193	0.14416791359831593
0.021701157482077738	0.8819708475247836	0.09632799499313877
0.00379172754756546	0.9060280072554115	0.09018026519702316
0.020771231564933046	0.7957769176561209	0.1834518507789462
0.012716832147245782	0.7831283841253467	0.20415478372740764
0.003175358136689177	0.8184884882538028	0.17833615360950808
0.005401492541426023	0.833003574511898	0.16159493294667618
0.013449055518199582	0.8253442189994786	0.16120672548232184
0.01983315240286232	0.6782282006170842	0.30193864698005357
0.019383769327012024	0.6795235870221166	0.3010926436508715
0.01869807960523484	0.7412108891705413	0.24009103122422387
0.007317866211620283	0.7640814702340607	0.22860066355431916
0.008888112449399854	0.629051690788049	0.3620601967625512
0.0019327590067433897	0.5342901472969792	0.4637770936962775
0.019275634994789015	0.5685030427893498	0.4122213222158613
0.001599019239681032	0.5497098261534333	0.44869115460688574
0.0020507104916159813	0.8161311690364064	0.18181812047197773
0.020367069224538348	0.19526799666746059	0.7843649341080011
0.015158001783536046	0.056211564534810854	0.9286304336816532
0.025292588207838418	0.09376868436952301	0.8809387274226388
0.012852769951030463	0.05714555936726873	0.9300016706817009
0.013729161902898523	0.09600810211591754	0.890262735981184
0.02602306730999504	0.2827013598463183	0.6912755728436868
0.01375165304067233	0.20437473052506355	0.7818736164342642
0.020831227710503275	0.10431054886002639	0.8748582234294705
0.006501421352434811	0.06657561559042569	0.9269229630571396
0.012272083194535377	0.057494635594853016	0.9302332812106117
0.006677137838863201	0.09984792277864699	0.8934749393824899
0.02328057886331719	0.10899353258915848	0.8677258885475244
0.009681244865595573	0.18037991899600334	0.8099388361384012
0.019731498853415852	0.12261424294232193	0.8576542582042624
0.018264210696289973	0.1725419541026353	0.8091938352010749
0.014127731171302615	0.11428226209110043	0.871590006737597
0.005703974109877941	0.06392344446330711	0.930372581426815
0.005789236898393668	0.11175103218807761	0.8824597309135288
0.01703035509992995	0.23317778216946536	0.7497918627306048
0.0023709648849484233	0.17833856697255762	0.8192904681424942
0.0036036928588635275	0.15344852014314342	0.8429477869979932
0.021428424520324063	0.12390015647866418	0.8546714190010118
0.009703018182563528	0.06533592855509063	0.9249610532623459
0.017089535376165865	0.3218651548126732	0.661045309811161
0.0021917489538452184	0.24871493939126432	0.7490933116548906
0.002350887120789791	0.33552179632801504	0.6621273165511952
0.00764676612235321	0.2245702400819264	0.7677829937957206
0.0015902028267300583	0.4767887521556061	0.5216210450176639
0.018128643614892304	0.44859747449770665	0.5332738818874012
0.022189180496223204	0.4843339263168375	0.4934768931869394
0.009117468313941668	0.30442450015865924	0.6864580315273991
0.02812094650496133	0.3867606850079178	0.585118368487121
0.02037203486265393	0.4369259367425702	0.542702028394776
0.007588926743234303	0.5169773463131676	0.47543372694359826
0.0037968143440045288	0.7227631712647136	0.273440014391282
0.016776609219470662	0.6547863547581139	0.32843703602241564
0.024750955889189574	0.6454749283300435	0.32977411578076704
0.015602998328094475	0.7579059369004867	0.22649106477141895
0.02454334064116903	0.577667775619464	0.39778888373936705
0.02607826177533923	0.4876794822023178	0.48624225602234306
0.018333540185436314	0.5634684669450768	0.418197992869487
0.009019112224352477	0.32632518029657104	0.6646557074790767
0.01154776072953373	0.1253419432103791	0.8631102960600874
0.017924422839790344	0.05617041697797365	0.925905160182236
0.0014282492391536894	0.06661699237994417	0.9319547583809022
0.0023768930909165986	0.12052200451114292	0.8771011023979406
0.02831755695028798	0.053497394414687593	0.9181850486350246
0.021444900310432946	0.08511729347175112	0.8934378062178161
0.01135132596834093	0.13650551114770296	0.8521431628839563
0.025871010286346086	0.14857410055994616	0.8255548891537079
0.020676825872563143	0.10281515260850554	0.8765080215189315
0.012863951307001853	0.15275480809139938	0.8343812406015989
0.007896214570687343	0.13868014127508269	0.8534236441542301
0.007764963573417216	0.12415208298011371	0.8680829534464692
0.010988824359784322	0.15781513148337267	0.8311960441568431
0.015046463875872884	0.19439464857801936	0.7905588875461078
0.023179286416207145	0.4216199034789452	0.5552008101048478
0.016848456312792193	0.5642063438965719	0.4189451997906361
0.004310036930976535	0.4940955486957659	0.5015944143732577
0.019797844407954124	0.3258549162481983	0.6543472393438476
0.016350391566393174	0.3534116178202877	0.6302379906133192
0.021072467571698783	0.3634286450823187	0.6154988873459826
0.0077905739305086374	0.3981962888356084	0.594013137233883
0.011504577181104203	0.20198477974010076	0.7865106430787951
0.01688602875557027	0.28492272123242407	0.6981912500120058
0.0010596806306788498	0.5064758235440994	0.49246449582522184
0.02596663566996965	0.46827875821215936	0.5057546061178712
0.009492486084633822	0.49640071151450116	0.4941068024008652
0.010525413081337531	0.5651308546226663	0.4243437322959963
0.026606921386155058	0.45968298653772044	0.5137100920761246
0.006501041050423151	0.48353458199038124	0.5099643769591957
0.0032931931638235934	0.49619468278149415	0.5005121240546825
0.0021966995377354914	0.5344073705469816	0.46339592991528294
0.021256477344933744	0.4793695615617492	0.4993739610933172
0.022820189061758533	0.5182690301555872	0.45891078078265435
0.003927497832612814	0.8532556209215577	0.1428168812458296
0.02304587967815286	0.7005070309315204	0.27644708939032686
0.019700189613030716	0.7636104383268143	0.21668937206015507
0.02011109550279966	0.5151301449781678	0.4647587595190327
0.00848410053500892	0.07125572953697923	0.920260169928012
0.002518323778524567	0.05116883639467601	0.9463128398267996
0.012268565245374674	0.089792177265835	0.8979392574887904
0.013049818796278256	0.39203484340328787	0.5949153378004339
0.008897152636775152	0.4681065904605717	0.5229962569026533
0.027744612381960743	0.5219392563514769	0.4503161312665625
0.017687639166905578	0.5577381740448835	0.4245741867882111
0.0037416524934903994	0.3202972209306828	0.675961126575827
0.0016237927572519961	0.3564724530155325	0.6419037542272157
0.012590585710808788	0.2854783212563313	0.7019310930328599
5.401818787678647E-4	0.8828263620098273	0.11663345611140491
0.016948132279333006	0.9004263417164463	0.0826255260042208
0.018987120888013465	0.8605434608700545	0.12046941824193219
0.014285601021947592	0.8884905781434693	0.09722382083458322
0.018263702313862262	0.8966354805746887	0.08510081711144923
0.020015833544984485	0.8804581687081331	0.09952599774688259
0.02463530390658536	0.8534503487649894	0.12191434732842532
0.019695707461731604	0.8384808166020944	0.14182347593617417
0.008048291834786059	0.8578709766078726	0.13408073155734146
0.006442051016947392	0.8019311539018957	0.19162679508115696
0.0010966169336564802	0.8929208164232454	0.10598256664309835
0.022174592831605833	0.8853622406260788	0.09246316654231546
0.011090111644000311	0.8723658380565399	0.11654405029945988
0.022503570331297795	0.2929502450147611	0.6845461846539412
0.011796255463244754	0.32666529280567386	0.6615384517310816
0.02076432595785499	0.2666839109703266	0.7125517630718186
0.015868195683929498	0.049674899987111054	0.9344569043289596
0.010726774642009052	0.2577121170629871	0.731561108295004
0.027847098213867882	0.3967521950777521	0.5754007067083802
0.008329189137641468	0.7832123957590635	0.20845841510329516
0.01723328103935573	0.646995863092305	0.33577085586833944
0.01843082167192367	0.6619322967197696	0.31963688160830683
0.02473503396060428	0.7426674038645273	0.2325975621748685
0.014323125889231458	0.757677379442697	0.22799949466807162
0.020959356395784334	0.8028435026145017	0.17619714098971417
0.008825409161201003	0.8209104510088296	0.17026413982996957
0.01360568669753287	0.8715766016342246	0.1148177116682427
0.005584043494058388	0.7199176964394673	0.2744982600664743
0.0053768891546311925	0.6669245782514204	0.32769853259394854
0.012709086295417782	0.2256055117684949	0.7616854019360875
0.013589186955620725	0.30032032105108414	0.6860904919932953
0.008945201975493644	0.3873820052036572	0.6036727928208494
0.02153786305747807	0.44454541168975736	0.5339167252527647
2.7459578579902555E-4	0.47892119066537875	0.5208042135488223
0.007615940154261369	0.548098305741852	0.4442857541038867
0.01095587180742652	0.5487419378248486	0.44030219036772505
0.020511413851540095	0.5376621747708938	0.44182641137756623
0.0035752202453776527	0.6323742316005139	0.36405054815410864
0.0030352313190031843	0.7051332113119703	0.2918315573690266
0.0037409120985673616	0.7706582427675958	0.225600845133837
0.021729167281781092	0.7336972080812947	0.24457362463692434
0.011719342108595598	0.774308078180043	0.21397257971136155
0.014716881946685634	0.7801248285822237	0.20515828947109088
0.013761242312636923	0.6881587795747461	0.2980799781126171
0.0013346198146791943	0.6900520728872517	0.3086133072980693
0.0028431806010494887	0.6591640342232274	0.3379927851757233
0.02084653147094223	0.763715108494593	0.21543836003446484
0.0033300616734012745	0.7254296255640775	0.27124031276252136
0.020589853169704297	0.6496861323072016	0.32972401452309413
0.025572273881945384	0.30238780566974643	0.6720399204483083
0.014190119281692892	0.4126655457626474	0.5731443349556599
0.02277920445990883	0.3148929230310953	0.662327872508996
0.019103172321231987	0.28203453345303664	0.6988622942257314
0.027852219367363762	0.617125439242235	0.3550223413904014
0.024282479620491126	0.5365108725435306	0.43920664783597846
0.026503644403924942	0.5479814353742751	0.42551492022180015
0.013292354787682648	0.5625684027079302	0.4241392425043873
0.011994416066668567	0.5684482163415226	0.41955736759180895
0.024475618905010987	0.4022201420794662	0.573304239015523
0.017008529733531175	0.5222428770385312	0.46074859322793776
0.025576433363038553	0.5727603441097429	0.4016632225272187
0.023877828544575874	0.5870794160808104	0.38904275537461386
0.01449307473959871	0.5532125506282162	0.4322943746321853
