0.036972280360738546	0.07408177088514095	0.10438210710624876	0.0200516913937598	0.10972458455510972	0.4548182404196156	0.1859479978413271	0.014021327438059311
0.01619074172658877	0.08954429805831533	0.10119788360770621	0.030734552593216946	0.14888207357189553	0.30261617112963896	0.29213124333878215	0.018703035973855905
0.0131041584646234	0.06114357884781309	0.11885550479420717	0.04287149279572283	0.1450649652117141	0.43198014695430886	0.16817583496694202	0.018804317964668346
0.04061937013845934	0.02319117479083939	0.11266425500105369	0.026875105512409625	0.1256470973913181	0.4492820958073479	0.2088930005795111	0.012827900779060639
0.020173372875740947	0.20965454709659495	0.09366837605709233	0.030923526366579163	0.15795104166728868	0.3419172698763738	0.13387328059786435	0.01183858546246562
0.04245922595973953	0.16914824610499046	0.07924815981292395	0.05668209216186955	0.14756664497863933	0.3024937102265528	0.18764085806691128	0.014761062688372892
0.018809293459982265	0.3573585898118593	0.08337862036775127	0.05396740075041301	0.06966555431486751	0.27557005612812846	0.1287214974395443	0.01252898772745363
0.02815970578340453	0.24289020317365623	0.1003164154214966	0.05359685341036678	0.12538157131778882	0.26217180744809104	0.1755683452353063	0.011915098209889563
0.02102660522220963	0.12483914791804417	0.1849374881999222	0.027912143520813684	0.16167945904935938	0.3275981180783403	0.1302167108875773	0.02179032712373316
0.03181079452286169	0.1244712695447422	0.11674018312587234	0.048762861167579774	0.155811063894124	0.3324764027312634	0.16873904624925667	0.02118837876429977
0.03289369862352108	0.28554651452380503	0.08143262961608326	0.055956713771965774	0.07753439560853922	0.26365946613828917	0.18378665360116073	0.01918992811663557
0.0172289175675423	0.15019347848218728	0.19038692676002267	0.04856702746267039	0.11978732897860214	0.30495733480649734	0.1472533672422249	0.021625618700252827
0.028370374666136317	0.05240423800057194	0.2059706682071738	0.029798586935549876	0.08552139837776393	0.2943319563092519	0.286472367437428	0.01713041006612409
0.011769293813192888	0.05322723165913626	0.13992668294952573	0.054633944285884195	0.15223499996783807	0.4171994288840424	0.16201921808909764	0.008989200351282645
0.034432800047739215	0.0788843492513629	0.08582754366150935	0.05845150195226352	0.12088019877951454	0.42742394295800734	0.17471387747161504	0.019385785877987935
0.02820040591562485	0.08369644510532864	0.19981105102284946	0.021742447284897937	0.0802737493672715	0.39019432701155576	0.1831828491767125	0.012898725115759152
0.03281344080314161	0.18955425942237322	0.08946801676540522	0.02107751284018436	0.10543960902905615	0.412350947188159	0.1293132634320039	0.019982950519676357
0.034472572193815526	0.0670218813638557	0.20162509593824207	0.04355895930052403	0.07727322310804341	0.4037353131233591	0.15176500477480714	0.02054795019735285
0.039624280864283934	0.06754670336232518	0.11111362038187335	0.023390274530598623	0.13925654888308953	0.4314057517266401	0.16677673275738358	0.02088608749380555
0.03783276996753593	0.04547058563164055	0.20047073319590097	0.053260588562960856	0.07523095309556865	0.4395102883842924	0.1263675402305546	0.021856540931545876
0.027629278866025453	0.024116602405539936	0.1167495916296771	0.02920064473778193	0.07306549716528578	0.4779243447360858	0.24148273056554986	0.00983130989405405
0.03038766050944343	0.08437502988978685	0.1279944365000885	0.04342940999444872	0.16266119006667917	0.398185085015363	0.13603655662807013	0.016930631396120083
0.02292629483798092	0.06642337319438507	0.17200607237491053	0.028308590530252448	0.09731140421130627	0.36638179204339627	0.2245845349223039	0.022057937885464424
0.010930711355761957	0.1441045591265684	0.08198680848227849	0.03371334217361088	0.06448790014820063	0.42784788617631797	0.22097810487301808	0.015950687664243457
0.018343284469039572	0.2075916620463752	0.13050529207303566	0.046014635445407764	0.16362917414068273	0.28870966192219993	0.12704547173546862	0.018160818167790346
0.04100053504805204	0.17421440540763988	0.11207048439747784	0.025217219920136966	0.10184862855626048	0.33681902815543374	0.19792857018268487	0.010901128332313992
0.032286550766623234	0.2849415186993075	0.09614955510022696	0.02262633570305278	0.16460478683716287	0.2586011209770408	0.12889471948788006	0.01189541242870562
0.02662368882463792	0.11868788740757306	0.1348979679115208	0.06015037962149994	0.15719331582732754	0.2666929045403893	0.2206543601272115	0.015099495739839722
0.015881492297036698	0.05699334462272086	0.15389071881932945	0.025521404570316278	0.1221460770857713	0.3988751879444996	0.2061004046209962	0.020591370039329385
0.015651815288466903	0.07647655444551402	0.18518286629989575	0.04460024140420145	0.11451872089903138	0.2607490705253724	0.28167627129855055	0.021144459838967428
0.037629939880046634	0.1288823369800237	0.18123229409377795	0.02131861490726314	0.08292210565606042	0.2983167704955252	0.23340102639043359	0.016296911596869204
0.02540114994780414	0.14343691040545997	0.12340262111029993	0.05197750588990244	0.11490748604584074	0.34300485414337245	0.17556783911944784	0.022301633337872273
0.018513854215845116	0.12125688624125916	0.09099675635069332	0.020208424061627567	0.11777504003944109	0.4378681941512079	0.18480399692253918	0.00857684801738652
0.038605137841960374	0.09436616548692414	0.11866080320946555	0.031103287931917245	0.12614574703917517	0.38257117013340425	0.1955794494926501	0.012968238864502962
0.0133101215478785	0.2771129197346057	0.18923524163046762	0.04571234832153534	0.07294759081896443	0.26020874556203544	0.12650794598585835	0.014965086398654459
0.036003604758030855	0.12013460038844118	0.19312941135240716	0.05797993848464002	0.1287288898986003	0.26277769886517166	0.1867092546311478	0.014536601621560799
0.018875610057392328	0.14312655020509907	0.1618978798454907	0.058630249323806324	0.12187538910320599	0.3156004304584673	0.16554633987733094	0.014447551129207162
0.02004424032775326	0.1271327234051	0.19070061541209415	0.0277431904063353	0.08208992780727267	0.38367499612737843	0.14655118110312682	0.022063125410939174
0.016355133618029982	0.05534676926016813	0.1311033927987897	0.043970608478686085	0.16149586588564455	0.43650281827827464	0.14551914958369871	0.009706262096707982
0.015824531625952168	0.07057899284831837	0.18337794557665768	0.05741352641070886	0.12179693975813392	0.2610414416387984	0.2754912576885818	0.014475364452848694
0.018655427146749032	0.06479810118296714	0.09918280541641895	0.04348344444455235	0.1575221369533223	0.3811581173369186	0.21828980494643702	0.01691016257263446
0.010747342834447171	0.1337618943136821	0.0871144477146317	0.029781055026182474	0.10320048793346798	0.42235174031548717	0.194898507894544	0.018144523967557225
0.03382018391011621	0.08250724639395421	0.08055182089790461	0.0528726109214923	0.0751632682676959	0.3918295715839356	0.27180471130354683	0.011450586721354239
0.02458663027393057	0.1035820626728755	0.1024268564495229	0.039478962489843394	0.1303537785630746	0.3888580264807616	0.1976399042424472	0.013073778827544014
0.029255674975878693	0.024080113775132264	0.1281830023078406	0.029862966917245617	0.1590229871610917	0.471056398730078	0.14537637851415458	0.013162477618578361
0.014344081883167742	0.09181948266906659	0.09023498163009158	0.043703072695181894	0.08578500385179026	0.40108030540210027	0.25580329123373535	0.017229780634866076
0.013089706440162788	0.12381285342554843	0.2063738321099554	0.045482264855305654	0.13815850989677492	0.2665897288509018	0.188829357195184	0.01766374722616676
0.026043149253690195	0.0827274035847108	0.1950517372456737	0.026533474215393538	0.10107528204456447	0.292764445381462	0.25783480941917364	0.01796969885533145
0.016294837280992694	0.06784508163735686	0.16820326734706922	0.04390640532129242	0.07136009882018493	0.4300542020720787	0.1911717614642452	0.011164346056779795
0.04154620436548463	0.05641013136876341	0.15562121955182578	0.04305745106605527	0.07018393550868537	0.39191313299401764	0.2253630070499996	0.015904918095168058
0.01816744486757456	0.13450149981178008	0.11500052737064438	0.021381374154130176	0.14411719514525442	0.32837153154581444	0.22379609059919536	0.01466433650560639
0.03820001729419188	0.13770468127419114	0.10753663533313915	0.029260295542241063	0.08884598021421866	0.3220322809284276	0.26753164769601756	0.008888461717572751
0.013519928350028937	0.035526039145891475	0.10337855364865366	0.03280840541554253	0.13914385123854395	0.3710854553742404	0.284149695282641	0.020388071544457945
0.022352408259325857	0.1080295466951859	0.10358825489640686	0.03527403620808166	0.13159500807995142	0.3454032104956545	0.2437369312979708	0.01002060406742282
0.021076321920368832	0.15133676847177335	0.15227282796995772	0.038787105476034714	0.1049157216151205	0.3115296955536588	0.20288167093605916	0.01719988805702674
0.02009402895543347	0.08905378032616462	0.15070487452477965	0.03372861179562489	0.14772809404696646	0.3493083158099034	0.18748224132590008	0.021900053215227144
0.01959635592157352	0.08406502828825052	0.08770652895452474	0.025090521863300172	0.12976005006508412	0.3695352333716254	0.2651996090829454	0.019046672452695895
0.022890279229335148	0.15698090249049926	0.08644559684377703	0.03862901166855151	0.14507337972022544	0.3604575661785909	0.17379151877342097	0.015731745095599506
0.03358875105391912	0.10667881039380486	0.11823484866424351	0.05084278367810459	0.0967578112314919	0.43841243011783215	0.14685688437592986	0.008627680484673828
0.021806929266328587	0.06888532442545796	0.18125874796713298	0.056116891657974205	0.10401397916559983	0.2590139229812676	0.2919176912242323	0.01698651331200643
0.01811312778282087	0.1102209758650978	0.17158280879693935	0.05464316962853545	0.13237553527697787	0.34003111670220887	0.16004026768945034	0.012992998257969235
0.02480872245410333	0.1510999883371663	0.15403000246186843	0.05599733579972484	0.10787783303815492	0.3500133432397886	0.1356493275179774	0.02052344715121593
0.023475085642609472	0.21248368343306692	0.09527059317261002	0.0567440893204524	0.15459851282033837	0.2655513834082077	0.17662695190313155	0.01524970029958339
0.010928235003144035	0.12818101024431894	0.1582510055534308	0.05803834880888299	0.1044027068866531	0.38359849447981353	0.1431385570381719	0.013461641985584444
0.02810533195609423	0.23968309497409718	0.15739898561361632	0.039450118617781915	0.0818476151911604	0.2909835040904917	0.1492791442707724	0.013252205285985724
0.019229465453686853	0.046307379973727705	0.16171756994352166	0.04533293472937737	0.11756425614306315	0.3866487377562443	0.20390607612515754	0.019293579875221276
0.041555325415654626	0.05208162540676406	0.17824607421977762	0.05795537102275397	0.07128406146336844	0.3807325245019052	0.20778870033224336	0.010356317637532558
0.027802516302763883	0.08869855956979329	0.1490798375739577	0.022345813874456624	0.10098934418987965	0.38007785980828135	0.21905898119927947	0.011947087481587862
0.011196548314099941	0.12364773732574874	0.16183596019005833	0.05334751708005196	0.11807938418324279	0.36875808304401936	0.146362893171757	0.016771876691021717
0.030339417499878257	0.020870144800251456	0.17386534386816788	0.0363737709349171	0.15481804044994718	0.30377474413622757	0.2696903325607281	0.010268205749882187
0.013977073375038979	0.24532026203747828	0.08511624816872371	0.06131638499688227	0.1165748963852657	0.27809414043413194	0.1869226903627384	0.012678304239740562
0.0129912652979636	0.12345950559822609	0.11852304603708382	0.02418640486480135	0.12134468004637207	0.34170654081802765	0.24697939152633874	0.010809165811186544
0.04159119275293126	0.2139087849497569	0.09895852619681589	0.057794769948845054	0.13567270823120187	0.31414440179949377	0.1279954136790245	0.00993420244193062
0.012342955315859216	0.0620963773922799	0.16597419797857263	0.04379506657917012	0.07071883823049399	0.341361543042057	0.28143147157679665	0.02227954988477024
0.0230471893248336	0.10070515349941261	0.09890093493721558	0.05504743640013654	0.16253924716876805	0.32470353391767115	0.21842761803833283	0.016628886713629415
0.01956279836091937	0.1268322939390904	0.08332527859315209	0.05748021450049001	0.0732679922041236	0.3686817328074693	0.25752922387618926	0.013320465718565766
0.023590833576958084	0.2793313729021837	0.08025896234809779	0.046929646247986206	0.09209653597076553	0.3196914435370145	0.13940033248787326	0.018700872929120815
0.03979260717591787	0.14576503264713137	0.16517462981193978	0.025900921944212382	0.10542521248788012	0.33777099604292665	0.16358526501713758	0.01658533487285406
0.023109277830571567	0.26535358921836166	0.09612095272697228	0.020050112837911832	0.10875770065379446	0.301735377232373	0.16890146781230492	0.015971521687710127
0.013873528440474597	0.20505144227785696	0.18692011117207413	0.020473138009163658	0.09952323273801215	0.27849875684796305	0.17437895731099828	0.021280833203456972
0.011351351886768946	0.1963235227370295	0.08612938100901779	0.06170766282744841	0.07712251186994885	0.2694457937300536	0.28577032285288506	0.012149453086847603
0.023085991741672057	0.06798460088230579	0.1910093118968561	0.04531881328963591	0.12167819078055957	0.3401728872968317	0.19484470031390397	0.015905503798234688
0.032909268589548235	0.17911257336381142	0.09077952475468226	0.021241500769402122	0.14995171296892337	0.29609633682240394	0.21472097146461233	0.015188111266616122
0.03059755052396687	0.23005017966649088	0.13414789732346144	0.05987184809875752	0.10765961264856866	0.25578363777718166	0.17215410144687937	0.009735172514693441
0.021604286072166093	0.14206982316566902	0.09990015384711777	0.06133758637964433	0.0961098329049887	0.3607915684561066	0.20701874904515735	0.011168000129150021
0.02690562520357352	0.11514951091394965	0.12365323167615873	0.04702624217211408	0.11809094887606564	0.32786054885910354	0.22561821687782369	0.01569567542121092
0.02219346829932864	0.11863694970129714	0.11716133408722981	0.032049559123547275	0.14800731526238267	0.2650114766905689	0.27842255990033027	0.018517336935315112
0.011891122790466002	0.12485369467501276	0.12618645912304777	0.03764640681261401	0.13288636936663856	0.35164927389241096	0.19793590741692246	0.016950765922887315
0.027334562115550146	0.13792119865038777	0.15646345200153547	0.030431521442096293	0.0893205241843664	0.3855946836523848	0.15094268452202486	0.021991373431654082
0.03977414978486808	0.18330189783311382	0.11225676657852343	0.0309207057679418	0.08150830267958481	0.3474531884153379	0.18419325660663632	0.020591732333993723
0.0284271077941083	0.16825370989489463	0.14497382361999908	0.040077737730415924	0.10978718423411689	0.3007885118740674	0.18582510081640602	0.021866824035991564
0.018471974857171475	0.17451017102641647	0.20029151205140994	0.04759478367714021	0.10367982485800724	0.3031226969634523	0.14155391447665186	0.010775122089750289
0.01857158334347457	0.09298195511316716	0.1538910998706583	0.044157260819824865	0.1024798643131781	0.361246963192395	0.20458856416165944	0.02208270918564234
0.021793207155715325	0.02104978989358275	0.09329497402757919	0.05626861637933582	0.11157902120486538	0.45982478141246974	0.21556373253637245	0.020625877390079123
0.03548851854755619	0.20042825108755247	0.08762746439967284	0.039592841024671935	0.08147156096342614	0.2935532725510531	0.2426159344607311	0.019222156965335968
0.032696212857567325	0.2678002925418044	0.1763822573763563	0.04313356280389301	0.08689585474828372	0.2576328520927691	0.12475884868172776	0.01070011889759813
0.03961040312275095	0.11449230083758491	0.08340143585966786	0.02942089098909223	0.09677868779383024	0.3732903196070564	0.24751945824972404	0.015486503540293184
0.023991416016739223	0.08746311780081395	0.15335252514303221	0.03654204472982597	0.16557436184278815	0.36667632914543546	0.1467626989172158	0.019637506404149005
0.031334263156390874	0.0659822654170009	0.12270143567504929	0.05576341828095309	0.08248552783095195	0.4601005325787415	0.17148722494681978	0.010145332114092465
0.028822948049164604	0.05931074576136712	0.15139961058265258	0.05675232786982827	0.1341028238324911	0.3196058379674741	0.237520238293135	0.012485467643887041
0.023534279005939518	0.20386897960445505	0.1297257742035249	0.03093347759638687	0.06588159816674394	0.28621175584661596	0.24162318630672736	0.018220949269606282
0.037745074061246164	0.028941092710202565	0.1815428888691906	0.05780908511905333	0.14874456476131787	0.3131043107558331	0.21243237844452828	0.01968060527862789
0.028129380866033532	0.02821439333210965	0.16934724631658737	0.03235572778875512	0.1404545229941066	0.31185153271931093	0.28016582350329944	0.009481372479797093
0.033574345035623926	0.24252409431905841	0.09271489807204433	0.02411908218030258	0.1167292330871259	0.27312278647016675	0.20185771125232355	0.015357849583354316
0.039573905430270895	0.1972782696258279	0.16022387361510204	0.03381849832360395	0.16738626276727248	0.25312318362125397	0.13840228773820495	0.010193718878463626
0.028797146560459203	0.1704596818627279	0.13505847470869747	0.031645498220417095	0.07069228022065414	0.3891087498322089	0.16532251529127787	0.008915653303557147
0.030528113184281405	0.03202266873635572	0.1655549155273889	0.04016387152154553	0.11642390322635005	0.338908992764527	0.2614349357688008	0.014962599270750346
0.03251506736087112	0.2818085300201102	0.08235362812008457	0.04694827984561678	0.07537762233716305	0.29889551684771376	0.1732919744280143	0.008809381040426029
0.014601609470171376	0.22107626106132988	0.08920440296604468	0.030555280164145632	0.15343785892971798	0.31927632299604397	0.151347592115887	0.020500672296659278
0.039542408103357574	0.14513740719742657	0.13808398864526597	0.052304345855889264	0.09642883242097544	0.34818360524226155	0.17114996653944245	0.009169445995381054
0.03115023164117689	0.20813543949281876	0.17539128112892105	0.05718065346675853	0.06596208117007754	0.28202227358859233	0.16117935690790242	0.01897868260375235
0.01499325875475177	0.05058091649010629	0.12628512098426448	0.029008056546613564	0.16384339399696723	0.422492628228443	0.17900015702478858	0.013796467974064835
0.02321405292620657	0.08105398882960596	0.17314489825637427	0.039968979413270364	0.08429632823997957	0.4476313066115538	0.13186723545549572	0.018823210267513546
0.02527732417982391	0.04322942304312824	0.18461130657462677	0.03940724152759437	0.10432731565568265	0.39923849621981133	0.1897444384829466	0.014164454316386077
0.04145266054042861	0.09757219656442492	0.13729782164954743	0.030781360354503462	0.12563078097924404	0.41356341425326837	0.13430529860508586	0.01939646705349715
0.023479848985010432	0.0796998067572858	0.1506117336187006	0.06138533492405775	0.08039902423383195	0.431289820916521	0.15519517987403597	0.017939250690556227
0.025331251682497613	0.2044015631253584	0.13069668215222185	0.020349204464864323	0.09780966030196642	0.332802634383176	0.17986823774799557	0.008740766141919709
0.03712050755995398	0.0480630739930451	0.13705727191129763	0.0561296555152595	0.16690281825147682	0.26236042277292804	0.2729857948694845	0.0193804551265543
0.03205656820101832	0.04847311136976096	0.20116601119431138	0.04401833385855687	0.15915009996412222	0.26980603798147423	0.23549040686905207	0.009839430561703805
0.021077847793167695	0.03843190950628962	0.16489727048242525	0.03464150070117243	0.1255530344188703	0.34724367407410656	0.2502933096176943	0.017861453406273695
0.01134596313207721	0.1750062304332819	0.11422429392856995	0.058213265237093886	0.1107373015148605	0.27428255472641105	0.24129999171397432	0.014890399313730984
0.015653572952961242	0.18509386543919906	0.08677947208747064	0.04531049786923125	0.0986679602023835	0.36653455826121206	0.18071820659148022	0.021241866596061837
0.02292131856969104	0.11885504334719038	0.17029591577875908	0.04920661169422716	0.1515413087545719	0.27769666731695625	0.18714567881132727	0.022337455727276745
0.016461946645999134	0.10598435526858539	0.18781331847798027	0.03345615736389736	0.07916069319420416	0.3520918518739091	0.20922191967138876	0.01580975750403553
0.03463098813839506	0.05802179163118319	0.17431850972712065	0.03102318006038632	0.1039470887149346	0.4100467962414892	0.17401856885904302	0.013993076627447781
0.027621139238123482	0.053615149680820595	0.12241791615433997	0.03889173805844781	0.14167008636316814	0.46524376632281716	0.13462539484307237	0.0159148093392103
0.011506484610208784	0.15335938706367733	0.13021003020726227	0.05756729972023181	0.15317667252635264	0.2753984285513993	0.20672881247115688	0.012052884849710718
0.03396026330671517	0.13405550580512876	0.07847018268989438	0.021135861408200396	0.14367163314859388	0.3406272831444057	0.22907288245279123	0.019006388044270267
0.031842158749839936	0.10728737847720482	0.08542525531996777	0.0437653695081259	0.11410857957421061	0.4547186649660039	0.14634713729565055	0.016505456108996314
0.03502071114506149	0.06717719018999076	0.1260706346593015	0.029072202732799146	0.13852312887998305	0.3525834910287935	0.2401566777874793	0.011395963576591006
0.015313988179380594	0.2181005156295262	0.09228256138313998	0.02676968915573838	0.07535895296635765	0.36232594172548316	0.19401273268907107	0.015835618271302754
0.03878086612842831	0.2183658446768026	0.10545621894726334	0.06003842270867746	0.1250011689266637	0.28014976470915676	0.15796339526186343	0.014244318641144227
0.025437653616998332	0.0437757075567964	0.11563430351056127	0.04896861394844333	0.10074731094525974	0.38957958503885903	0.26162287437730136	0.014233951005780426
0.020502787208853887	0.19411819747959966	0.15710315723792057	0.02122130983017642	0.11397094154473557	0.27221450324861923	0.2001667921090795	0.020702311341014995
0.011421976499051648	0.08822168742782577	0.13608444357107635	0.05303286176791874	0.06393904656510807	0.4364389920970074	0.20128792631851214	0.009573065753499699
0.0354091142389598	0.03592183673290476	0.1265143805659792	0.06148296146472981	0.1564789759745232	0.3676628017506832	0.19946674482332896	0.017063184448890906
0.03018633249842731	0.05468943450489304	0.0929241149023613	0.02678733363135151	0.11368658568073514	0.3701492204430368	0.289336759698565	0.02224021864062975
0.034628247949022556	0.04019029967491296	0.1467760356298113	0.047352908487031956	0.09406947062274275	0.3734907686683729	0.24557951775601783	0.017912751212087574
0.03718666482873269	0.12193866397576736	0.14875370407403835	0.06177063954043405	0.071369425937862	0.2847543565801933	0.2535827893121098	0.020643755750862247
0.019284469198092735	0.20729981804270164	0.20407526283646654	0.019501713228870204	0.06389508439552818	0.33377654380932553	0.14259933257249002	0.009567775916524898
0.03550301289698683	0.2507399351960995	0.20228557476104297	0.032046695850780293	0.06385052361948428	0.26393463059679834	0.13118733887531406	0.020452288203493513
0.016696606571862588	0.2517021863265714	0.08460744232115372	0.028007241684574316	0.16230249583396728	0.26576455707867963	0.17414221023828502	0.016777259944905948
0.03175858167277573	0.16894981889961597	0.12015416750006992	0.05459592665265489	0.12242553829906984	0.29551420760153424	0.18674244189130423	0.019859317482974925
0.034735184154776305	0.09833776374740455	0.16540702698025134	0.023475725661609145	0.12094684386794077	0.277552498885026	0.25963248541086137	0.01991247129213035
0.020279697825236892	0.15949046363137698	0.164714881005286	0.023707051603178875	0.14643804077153946	0.32726032509908143	0.13598096958248	0.02212857048182014
0.013464236925310527	0.06381149157183194	0.0842880023769193	0.039363447834871126	0.1607208007441418	0.3767694002267866	0.2515744983904601	0.010008121929678426
0.012164140636803975	0.0879431645290187	0.17612606548197518	0.04248503638900855	0.14432274467048287	0.2629157713032536	0.252235201362479	0.021807875626977974
0.02435755675662238	0.020982575638194487	0.17219187164472657	0.04893462470771716	0.08481903451480718	0.41240335506270864	0.22547023363530183	0.010840748039921605
0.025955321628874567	0.07662440090735526	0.15609752729586776	0.05903518031277852	0.13639484001188334	0.35923521881014614	0.16785229506256694	0.01880521597052734
0.01694977345387133	0.12657371935166162	0.09382183204229069	0.023636091887585614	0.09106459025170578	0.46648656196040805	0.16661281660702032	0.014854614445456438
0.025938471804504065	0.16774924404392264	0.18308951337873305	0.056778243511743015	0.1345211713465655	0.25295561304132164	0.16262832708849362	0.016339415784716316
0.03053207222383071	0.1495679889751988	0.1416059872211766	0.03609367658483503	0.08884034328969502	0.26318829311063185	0.2719211310837879	0.018250507510843866
0.021137733222435645	0.0722774990360639	0.15031841986875374	0.05958160501190096	0.13413188693637168	0.31583502064739627	0.23517458279505227	0.01154325248202534
0.01551095349805437	0.1288957604067893	0.20327407898289418	0.04443067488939596	0.08383462132559927	0.2589095246797127	0.24878040213721891	0.01636398408033514
0.027201095270401363	0.029931478383435572	0.1989212306824033	0.03461875865162846	0.12817215398242493	0.39546223535170866	0.1742278913837183	0.011465156294279188
0.033716308079597704	0.05038596995131682	0.1853868120553327	0.023172419579413142	0.15350011397357877	0.3688109393624788	0.1732867780649731	0.011740658933308723
0.01335160598164005	0.15145997957628504	0.1610558860556804	0.03760919858300288	0.09115033642755024	0.28736693194121826	0.2445033221420668	0.013502739292556132
0.028319066436925694	0.0714713570986989	0.17838906793706205	0.03000224854642683	0.14406108142481933	0.3953774980559357	0.1356316278216307	0.01674805267850063
0.01602431129727286	0.143861668988975	0.08881308013617564	0.057736267081490975	0.08775906554922153	0.38280867826351606	0.2052506448026778	0.017746283880669983
0.03583846573776024	0.08218166728344595	0.15042838048113397	0.051381157057748775	0.10664044272641765	0.38694077156272044	0.17214863626304866	0.014440478887724123
0.023798082033295143	0.02508058799705984	0.16163033795661488	0.03476880648328104	0.13013242967369426	0.4801849325102807	0.1333944251456147	0.011010398200159144
0.04160627960552622	0.0482695129847175	0.0849232670996948	0.03499546936665529	0.14791505500279994	0.49010299028920024	0.13502055963195328	0.017166866019452498
0.03239347701345188	0.18863003864974992	0.08818075714137587	0.05507282897614234	0.08765597017197269	0.3918103173599081	0.1396123068280977	0.016644303859301268
0.03477142765895899	0.07063902063857666	0.20067505520424522	0.03788309103138926	0.0932703026578454	0.2853230205851076	0.2673471216907589	0.010090960533117713
0.03739589410487679	0.03140094122489481	0.18096166153265336	0.03048523433969927	0.15105695553856271	0.3581579592742357	0.1907188226820788	0.01982253130299841
0.037623770073929017	0.15628316112284837	0.11465008429500326	0.032498639021328254	0.10858502048547167	0.2722931540025664	0.26061990617582687	0.017446264823026025
0.01732449051056531	0.06854064647214612	0.15423382033585104	0.022825443410141533	0.0905824670972035	0.4314516103831646	0.19276345119206345	0.022278070598864275
0.01550202271417836	0.20720934108732675	0.16911056310149336	0.03773613673649137	0.06577167330136816	0.3545482430233153	0.13356100897539402	0.016561011060432507
0.01280286418078519	0.0942990429871268	0.19373472358832994	0.040020400294442066	0.12961557348695169	0.3303064162417891	0.1808199756249087	0.018401003595666293
0.029248126074985475	0.03422853606937913	0.13164995730993834	0.03619296907482644	0.10138624355541002	0.44581016746788993	0.20980759805000587	0.011676402397564706
0.019255839575101963	0.025400140269961125	0.1444056164913963	0.06019110235823123	0.14749373577131308	0.32207402842690835	0.263952174281485	0.017227362825602832
0.02256677476203267	0.2460357109331759	0.13553395274006155	0.02320003754712209	0.06696157494076306	0.28713469214942444	0.2080828933113291	0.010484363616091064
0.02146404322440379	0.24095952128259562	0.07934336010305645	0.041456050167852754	0.06763565837016727	0.3160879175753044	0.21204349672732484	0.021009952549294733
0.019665970605916322	0.10148545274638937	0.19334608477795331	0.021628630112836306	0.11264137620427914	0.39877425643168596	0.13985329191131088	0.012604937209628533
0.03150254150107208	0.059443331007871525	0.170669004238617	0.037332910308196104	0.09508493618693903	0.45750326549018716	0.12926663630006707	0.019197374967049832
0.021894111042723832	0.08320888783353039	0.10043428483265825	0.05731522832447593	0.13705122962262553	0.39195776368857005	0.18924253140683253	0.018895963248583336
0.041845274816218664	0.14687833569149986	0.0800273286804825	0.041242632745255886	0.16508430848900207	0.3312921270927188	0.18225166517626842	0.011378327308553593
0.027838293871585207	0.2122781869889747	0.10650083604103791	0.04138335286071265	0.12871737496493607	0.27935983132013453	0.19010733576922345	0.013814788183395252
0.032622489929566734	0.024141347237506897	0.10108208012565081	0.0343766200721749	0.14748834640445288	0.3565989626357656	0.28364966354434884	0.020040490050533225
0.012904760486149983	0.16272064466006922	0.1790759480911937	0.032479512136660976	0.07767523132249035	0.29133350750189324	0.2234441586624466	0.02036623713909569
0.012819919399331914	0.24086374588214438	0.11943294523045282	0.04609009249521849	0.12549769524181667	0.28602517989481036	0.14754287561421484	0.0217275462420103
0.024552735072870063	0.1541412035194231	0.10738240935848092	0.02964300104798405	0.12313379145681051	0.3871849960170253	0.15972584179402183	0.014236021733384022
0.025740704117726762	0.21398568629746892	0.07950529433733254	0.027187329602659252	0.11330829704734982	0.2832173074835579	0.2350192918905201	0.022036089223384542
0.031936454147291085	0.15473724071685588	0.1623442790792824	0.03435891533974962	0.08189520578978576	0.3531445152799162	0.16476976452512979	0.016813625121989112
0.011645210762436464	0.3116842736430714	0.10808924635761728	0.04823223991452649	0.08639587975612184	0.27073038240084424	0.1535937110350238	0.009629056130358388
0.03112364020147637	0.16164638063174963	0.0939655167360392	0.044633623854362536	0.09871692157214944	0.4131347790010952	0.14366405026705656	0.013115087736070827
0.020226405366003952	0.16493013344120133	0.12546626471669198	0.03645656831655107	0.06872967371637143	0.40359330103025215	0.16864414283247833	0.01195351058044955
0.03528742441955002	0.022747143261913225	0.17251358844002748	0.037809834004696494	0.1485671639412697	0.3404442085027889	0.22516544619674897	0.01746519123300505
0.04112567046128514	0.16918389163614767	0.08621751827190133	0.054938193673093674	0.1066763753146964	0.32342290895061	0.19862911904775166	0.019806322644514
0.021962149909494605	0.18460944615901237	0.13341095282374094	0.039413631288600565	0.11227509317604065	0.2880599237776189	0.19929891546891487	0.02096988739657689
0.01170802267821519	0.13854985868443143	0.13618106816029799	0.04157579376509665	0.07625671429274997	0.30706335469543844	0.27363787630679637	0.015027311416973735
0.03254989661762804	0.1302801803728503	0.16508164463543026	0.052760946449942184	0.14408508283192045	0.32422142884060545	0.13336615393316598	0.017654666318457177
0.0116250293585832	0.13293376560570244	0.09269965984258058	0.025818869267144412	0.13198194358775156	0.31345463756202413	0.2738559049427761	0.01763018983343738
0.04154168610565079	0.22645101024307535	0.09651748237349465	0.0514884877418961	0.13398539558077543	0.28680179937213235	0.15458892652998757	0.00862521205298758
0.040088463752050135	0.1334210814028691	0.18172921973879863	0.03833417315643428	0.13551636969269829	0.32785040197031357	0.12823037799861944	0.014829912288216368
0.026487976353105	0.16674040856540162	0.17394908932823613	0.025090149274580892	0.0752196538050663	0.2876000039305108	0.23507223201682237	0.009840486726276687
0.03180692787507167	0.2326495091115392	0.10645269344646774	0.020483468108710712	0.07600413350690473	0.32180221008289667	0.19433626699291223	0.016464790875496904
0.018346762572278227	0.12411014259550003	0.1452346836005245	0.02648239046122723	0.0795124582497086	0.3242772951296534	0.2719019499974553	0.010134317393652531
0.020088814868215454	0.17657835223974974	0.09971697771502007	0.05009494270913595	0.07803346805885521	0.3936634733156874	0.17227397256034843	0.009549998532987547
0.03562320836444949	0.23908640687369237	0.0905122470567056	0.029494125046619205	0.08680407800368367	0.34881904607394865	0.16099336874720632	0.0086675198336945
0.018420244539008285	0.24572273784276205	0.10799622200084856	0.06113879546988471	0.0851068021686792	0.2859114637779898	0.1781852282779909	0.01751850592283624
0.015959547058449527	0.3202150517069362	0.09408144471058194	0.02408217107775726	0.08943481974682793	0.2812651735895216	0.15445593366224789	0.02050585844767755
0.022410104455039118	0.03598453410063493	0.15314920417868977	0.03835588452752581	0.08717308393492601	0.38543196498173427	0.26607252357841704	0.011422700243032935
0.018243859234966464	0.04754032539560239	0.19365999231127012	0.03936170687804284	0.07276806425059948	0.4876456001813094	0.13160550160573048	0.009174950142478572
0.027060286356189567	0.294807345009163	0.10321541875677982	0.025789816583489944	0.08951128932194906	0.27442250167182547	0.1762720585259016	0.00892128377470136
0.04167498240738027	0.266657323068747	0.10970707816517039	0.04801671476364931	0.11583055966544047	0.2761518512139155	0.1285500207854934	0.013411469930203437
0.012849092303635692	0.16481869872480312	0.1536168074124867	0.040323409605724295	0.07541914155253185	0.3436230487142564	0.1890892674836524	0.020260534202909353
0.029438930259775176	0.1627396700675909	0.10854104481641784	0.023342113656109983	0.1547193083296149	0.3531040344114228	0.15887436953129497	0.009240528927773245
0.023684272798807415	0.12042282813860139	0.11709926676386748	0.042186099337202604	0.13560400946091242	0.3233217735010512	0.22297804246300743	0.014703707536549926
0.03817970711881749	0.020573201072424108	0.1593553466160228	0.04103862051181366	0.12249806842119204	0.44641519281897357	0.15741473481545576	0.01452512862530042
0.033767785730549685	0.03566097480776259	0.07876349412789921	0.057362403482443314	0.1244145432183909	0.3688372581555553	0.29221193509009047	0.008981605387308328
0.01460264842066153	0.05405053675258033	0.1356480164417271	0.05013120424263243	0.0856191242388448	0.48342244533040746	0.16396010895993568	0.012565915613210493
0.017345340025992653	0.08983022514914919	0.08439427751982403	0.052567418976566305	0.07823781073944575	0.4447562630631555	0.21518656358085347	0.017682100945013005
0.0263296834056847	0.11960324141832053	0.10688291277532265	0.05286279914132548	0.116652506833307	0.43471133906374426	0.12548590964428102	0.017471607718014218
0.020006483350712284	0.25941041181185376	0.08920415322242436	0.03920967719947113	0.08646786033185981	0.31332688355555083	0.17760214543120909	0.014772385096918583
0.030847511892598156	0.21030093081772716	0.15838011241725697	0.037983362174947896	0.1382614876840731	0.25261125379585614	0.15752406992292733	0.014091271294613072
0.02760687087217796	0.2723026430251958	0.08334988294503645	0.03439898287525496	0.08161235687081525	0.2743686701502697	0.20434562801533313	0.02201496524591648
0.030231862637330298	0.13208607334363492	0.08809484993770196	0.022917940393437683	0.15054787568051714	0.3878093142621074	0.17059601589923382	0.017716067846036604
0.030315955836214242	0.16021289274056583	0.19380241720283292	0.024381182520162123	0.10126697514009023	0.34351748227624346	0.1306194209931615	0.015883673290729483
0.015090485050725522	0.04926759267309888	0.16319548264911107	0.05057964017797539	0.11975587234490691	0.3435562706559415	0.23870903272710053	0.01984562372113996
0.020983670152616957	0.1653245797078603	0.08630564363615316	0.050672442872505455	0.13539462633395957	0.29883562945110187	0.22105670994042548	0.02142669790537699
0.013352603287630882	0.07374640249449282	0.10679154864047867	0.04895192489893026	0.1434209211846487	0.31562403497604496	0.2772334168806603	0.020879147637113238
0.023620968863046293	0.11007701257839522	0.1895689855377855	0.03756057566428911	0.13849233143919584	0.35303567920223156	0.1308600192595245	0.016784427455531797
0.018740744430980658	0.21255068206158623	0.07923122874183647	0.019294951557063247	0.15690536383081172	0.2918121778645011	0.2099030886324223	0.01156176288079809
0.04154853288130911	0.07534174626908641	0.1813606048648541	0.021882648081840136	0.16684811130293695	0.25268509340278	0.2456941042873898	0.014639158909803218
0.03589052426145094	0.20583436719268275	0.10663359714772791	0.026722571372991374	0.10609856931855152	0.2562901169386672	0.24123497212739214	0.021295281640536
0.025644480048129456	0.166234211431222	0.10715610882352054	0.05840918967530789	0.14317191708517568	0.26105833828760694	0.2278819308147449	0.010443823834292404
0.018460400552215664	0.23823761553254832	0.16661435320329465	0.020459203978651613	0.07069988213941412	0.30337853507239343	0.16297609543134078	0.019173914090141145
0.0140214818153514	0.28406259051836774	0.10086823189038004	0.03287696564407841	0.10829934485275605	0.2821748815729586	0.1565282122078905	0.021168291498217057
0.031979485800104596	0.3063119869403762	0.10404692049007197	0.039683258461490706	0.06589585492506793	0.2738476979394965	0.1666968040197121	0.011537991423679839
0.039665573764773226	0.06819184534654418	0.14943129396277574	0.04438678938503232	0.13321473800023473	0.36572242626237583	0.18577350385902808	0.013613829419235779
0.01066153647536991	0.02100892419898559	0.19877352884901875	0.058592914476215424	0.11497630459865327	0.3739496714602488	0.20885892969532466	0.013178190246183427
0.027157615328184503	0.08692866001388186	0.12192063417753506	0.060445292931293734	0.09673824909099239	0.3937620179972404	0.2010923244157509	0.011955206045120986
0.0401294650618127	0.10763428755567397	0.09270952447209624	0.0371641546531679	0.12443832509724101	0.3070620734004627	0.26976477927890563	0.02109739048063969
0.03199135236821518	0.10683133351642247	0.09085067885865612	0.0370740832403898	0.16702683972746116	0.2920686804450657	0.26308916957885203	0.011067862264937348
0.02133395802492645	0.0496770141872684	0.16999365874522243	0.06109048719037857	0.14043061704037274	0.2549830785345214	0.2848377854576153	0.017653400819694492
0.01874811357398634	0.12767697926063087	0.17478480310797198	0.030497889174661216	0.12221005712514421	0.3391025214680083	0.17676829780036235	0.010211338489234528
0.017413095824156732	0.09764656728352514	0.11358744961156796	0.05275932918303418	0.10933175526996516	0.38071105774100056	0.21280697721356395	0.015743767873186154
0.012282304633794636	0.16116259586167994	0.08085890469338744	0.045456138511533115	0.07937109002413886	0.3893473969117158	0.2105688130029954	0.020952756360754568
0.029897239973329423	0.14892857255456354	0.10747576985102522	0.019402356440044496	0.08875489405000253	0.3922005861416221	0.2012135522761045	0.012127028713307952
0.014093055773487018	0.31460642143343087	0.08479801809145321	0.03706409443414185	0.08739250797381864	0.25863176119973746	0.1919938383882911	0.011420302705639734
0.014474589588875791	0.2681012243079863	0.12712202779491516	0.026871319878662828	0.09139702611367845	0.30350684555484453	0.1484630179507269	0.020063948810309956
0.02701206006380158	0.14228477692273658	0.1288521694386214	0.055642484100048156	0.07426032344141922	0.4073312679820684	0.1481006113408432	0.016516306710461226
0.011472590944265573	0.17591972268745526	0.1889853930486944	0.04157364122956121	0.1377912029493176	0.2629075676580767	0.163553379321645	0.017796502160984093
0.0397769324700806	0.08645669794280719	0.14900788876277676	0.034159123699518706	0.1123157855320861	0.3001695924368114	0.26869237450421546	0.009421604651703552
0.018874172110924292	0.3006785090026456	0.08841017825348345	0.06036172021262651	0.07700957970229583	0.2987939268695733	0.14072397692049818	0.015147936927952632
0.030553658984931717	0.17277153502846615	0.10094389510452846	0.03800593547503785	0.12751174011935382	0.3060330248139608	0.21336893231382112	0.010811278159899934
0.03038960450994474	0.10753683609482614	0.1706656876246872	0.04195446926740777	0.09567312771823883	0.36937354811484024	0.17397805965728744	0.010428667012767512
0.020430565711317947	0.14948532520187183	0.09034931942582408	0.055484167150311306	0.06619968159715375	0.3719655736047715	0.23326920570892556	0.01281616159982385
