0.20703662933107186	0.6418789367680184	0.15108443390090984
0.21324782367021491	0.6330944071229565	0.15365776920682864
0.219437657919985	0.6178741871380218	0.16268815494199335
0.21361140487167019	0.6326226737937866	0.15376592133454342
0.20187065668233437	0.6369563442180104	0.16117299909965538
0.20762201492611473	0.630072360972053	0.16230562410183239
0.20189315666193544	0.6340165128226516	0.1640903305154131
0.21536093013580537	0.6193999701256772	0.16523909973851758
0.20040424752427138	0.6327467130439809	0.16684903943174778
0.20985770863342196	0.6406844395013391	0.149457851865239
0.21943342502344954	0.6254343701791518	0.15513220479739867
0.21260968693166132	0.6328124980384466	0.1545778150298922
0.22139105740142373	0.6124784338446209	0.16613050875395557
0.20961208229615638	0.63721097862667	0.15317693907717367
0.2131485257268928	0.6305421495616745	0.1563093247114327
0.21883335771754686	0.6204632040342736	0.16070343824817968
0.20385427581163665	0.6429583948739437	0.1531873293144198
0.20082824854379955	0.6429304240193484	0.1562413274368522
0.2141641293407322	0.6305642954964161	0.15527157516285173
0.21636829661703888	0.6203122691944886	0.16331943418847267
0.21708120382401794	0.6174139099234777	0.1655048862525046
0.20969629838976167	0.638991261862518	0.15131243974772046
0.21949707498356924	0.6240923983420126	0.15641052667441832
0.21225386538954122	0.6301147216484457	0.15763141296201313
0.2003559227584331	0.6345813545645322	0.1650627226770348
0.22329393356178456	0.6203694932688237	0.1563365731693918
0.20440925329457948	0.646168542225219	0.14942220448020166
0.21714229004165286	0.6324819767729539	0.15037573318539332
0.21881102931681093	0.6224484522700802	0.158740518413109
0.21569440712503943	0.6221555524957072	0.16215004037925357
0.21233833914019218	0.6376241227058841	0.1500375381539239
0.2164104174780455	0.6296006808059557	0.1539889017159989
0.21223604289832243	0.6259393176349641	0.1618246394667136
0.22117730053696327	0.6222627114017608	0.15655998806127602
0.21163566905840217	0.6231536758500094	0.1652106550915886
0.22079239390668076	0.6209071404217898	0.15830046567152956
0.22316120862128852	0.6110474711482186	0.165791320230493
0.20857471401157152	0.6386491036905675	0.1527761822978611
0.20912459411333506	0.6372820587482105	0.15359334713845454
0.20335963858519254	0.6422095251406187	0.1544308362741889
0.20378326699868923	0.6391352782328361	0.15708145476847477
0.20615943541294013	0.6432183011062962	0.1506222634807638
0.20884713610575711	0.6263495817473412	0.16480328214690187
0.2026199747954912	0.6352969841077611	0.1620830410967478
0.20066749398039646	0.6328964873942473	0.1664360186253564
0.22455516888293797	0.6094715288962458	0.1659733022208163
0.22440204219208681	0.6189510335916251	0.15664692421628823
0.22399440588768404	0.6142873905293481	0.161718203582968
0.20854495004611215	0.6366612085801477	0.15479384137374025
0.20809899097078455	0.6279027095074228	0.1639982995217928
0.20090276395773587	0.646305903833471	0.15279133220879332
0.20817961706101978	0.6304267037284297	0.1613936792105507
0.20153343292867643	0.6428441048287982	0.15562246224252552
0.21234177103347182	0.6363713553783585	0.15128687358816983
0.20558737256807802	0.6412567950727247	0.15315583235919739
0.21546576647174054	0.6272649615106667	0.1572692720175929
0.22082533672589888	0.6196944694266886	0.1594801938474126
0.20921028577472356	0.640096386836541	0.1506933273887356
0.21186608114027766	0.6295564818921293	0.15857743696759322
0.2131192297591974	0.6225497579163756	0.16433101232442715
0.21740205989380604	0.6174824097807075	0.16511553032548656
0.205768360583608	0.6286491135734873	0.16558252584290484
0.20677022236468867	0.6318452512322192	0.16138452640309214
0.20572716632417742	0.6390925370681466	0.15518029660767607
0.20789721521932308	0.6280778470897996	0.16402493769087742
0.20004065260063034	0.6477015058797481	0.15225784151962168
0.22272668381235672	0.6258740025381863	0.15139931364945716
0.2210448401740765	0.6149510432533813	0.16400411657254227
0.2098963634075638	0.6355946449355487	0.15450899165688758
0.20048887782493152	0.6356023042990365	0.16390881787603204
0.21325899420416455	0.6323884323402333	0.1543525734556022
0.21219716132315855	0.6311382457411547	0.15666459293568685
0.20096980365211775	0.6430457965979318	0.15598439974995054
0.20335514292438026	0.6374568419122851	0.1591880151633347
0.20137469098278887	0.6469252498386082	0.15170005917860302
0.20941016871568022	0.6384079653016784	0.15218186598264144
0.2036321469214639	0.6437415423204793	0.1526263107580569
0.21007671445235562	0.6247559760437462	0.16516730950389824
0.21845877627728166	0.6195761509984808	0.1619650727242376
0.2223167728797031	0.62221180727792	0.15547141984237695
0.22319918191916446	0.6261042154557324	0.1506966026251032
0.2019264553699868	0.6491899249367392	0.14888361969327407
0.1998892508473316	0.6419807037534544	0.15813004539921421
0.22005425968923883	0.6306959070669268	0.14924983324383445
0.20430561996270835	0.6321047549545853	0.16358962508270652
0.21703277485764372	0.6268440864701788	0.15612313867217764
0.22330000084949508	0.6111897549576314	0.1655102441928736
0.20850284072227396	0.6263254699442846	0.16517168933344162
0.21212579380493699	0.6209274108413152	0.16694679535374796
0.22119284770651765	0.6185106389034369	0.16029651339004547
0.21320561093489326	0.6334189324659045	0.15337545659920235
0.2226987990063523	0.6180629176929263	0.1592382833007215
0.2231589374091761	0.61406543895494	0.16277562363588405
0.20609828098855076	0.6425670715638188	0.15133464744763062
0.2168650492766211	0.6174031685260586	0.16573178219732038
0.21949781395128287	0.615893108021542	0.1646090780271754
0.20752227972877627	0.6415083057705149	0.150969414500709
0.2011300738063841	0.6452839755120046	0.15358595068161143
0.21301701236668322	0.6278091467971866	0.1591738408361303
0.20137194256845004	0.6357273679384783	0.1629006894930718
0.21551292199916278	0.6273121756704887	0.15717490233034864
0.20245493534047418	0.6359819539759	0.16156311068362608
0.21494734017791928	0.6193634920926598	0.165689167729421
0.2036169114018267	0.634026218447531	0.1623568701506424
0.2196956689186472	0.6132823307161991	0.16702200036515386
0.22400938408919477	0.6109846814678387	0.16500593444296668
0.21652868562671806	0.6168979440621452	0.16657337031113692
0.2028853548875889	0.6425507107846882	0.15456393432772297
0.20464289246037	0.6311514464797817	0.1642056610598484
0.207564393640454	0.6397375051987362	0.15269810116080992
0.21994392423978287	0.626542950649891	0.15351312511032622
0.20940585248435628	0.6236462481304109	0.1669478993852329
0.20549377848488032	0.6278291377609472	0.16667708375417267
0.218031064019112	0.6254442974316126	0.1565246385492755
0.2066122834017177	0.6348634432546225	0.15852427334365987
0.22372296068673225	0.6117655124066708	0.16451152690659712
0.21370724492479484	0.6373514668127841	0.14894128826242117
0.20141106471661463	0.6497896099819407	0.14879932530144485
0.20716328450891827	0.6374491386983121	0.15538757679276965
0.21705426137826203	0.6195306544170315	0.16341508420470663
0.21697108279214739	0.6284905582506712	0.15453835895718146
0.20111577252178905	0.639895392254386	0.15898883522382518
0.2241122501647521	0.6220771318057232	0.15381061802952484
0.2224328577297029	0.612873517567891	0.1646936247024062
0.2220998222483151	0.6250948329249866	0.15280534482669839
0.20173979383419605	0.6408531927576927	0.15740701340811133
0.21938586409555505	0.6135568001274488	0.16705733577699622
0.2160877801697203	0.6279088826657768	0.156003337164503
0.20828884933014757	0.6394371381873457	0.15227401248250688
0.21923350250963314	0.6293949114136357	0.15137158607673123
0.21486201630336282	0.6237458133463998	0.1613921703502375
0.20224969729074782	0.6451341532142303	0.15261614949502206
0.21414301127377883	0.6289643405995232	0.15689264812669806
0.21084250313475505	0.6222135252781481	0.16694397158709695
0.20734260447898348	0.6341932072116513	0.15846418830936534
0.22310829080582995	0.6235325013323036	0.15335920786186646
0.21565118375490627	0.6200171360477105	0.16433168019738342
0.22144609307924654	0.6210084256534399	0.15754548126731366
0.20987034824314887	0.6415339284886756	0.14859572326817566
0.21012986218814073	0.640130294966035	0.14973984284582437
0.20333811609087693	0.6478375815615693	0.14882430234755376
0.22480468645802265	0.6089912291960801	0.16620408434589745
0.20458023338053594	0.6372519179657117	0.15816784865375247
0.20903022587848302	0.634652215969269	0.15631755815224804
0.212230919510695	0.6228577133590536	0.1649113671302515
0.203269585185981	0.6400290969716347	0.15670131784238436
0.20797029916094972	0.6390671206535806	0.15296258018546982
0.20851545955523973	0.6357259503675823	0.15575859007717807
0.20082493547235958	0.6366902891844085	0.162484775343232
0.21190628220198449	0.6208582654053085	0.16723545239270704
0.21872856280028896	0.6197377053939059	0.16153373180580513
0.21526854316318	0.6230119543030033	0.16171950253381678
0.22270683330787133	0.626463031035019	0.15083013565710984
0.21090274906229822	0.6370780971637425	0.15201915377395936
0.21839956461548599	0.6226669053288119	0.15893353005570232
0.21535717815929006	0.6313593117848474	0.1532835100558627
0.2141698246781388	0.6322873040945562	0.15354287122730503
0.20172098591418752	0.6378524057221946	0.160426608363618
0.20341313421467394	0.642920195142185	0.15366667064314124
0.21703657470989712	0.6194747066576306	0.16348871863247239
0.22134674997113638	0.6151571833699023	0.16349606665896138
0.2137898112266035	0.6298052913350632	0.15640489743833336
0.2187441257140899	0.6150445390554682	0.16621133523044201
0.21227255154902336	0.6273819881089167	0.16034546034206015
0.21532072435787408	0.633903107714034	0.150776167928092
0.22267392455945284	0.6151134077304388	0.1622126677101085
0.21149256099468347	0.6328601881506104	0.15564725085470626
0.2119311272381999	0.626379487554543	0.16168938520725734
0.20882935635308736	0.6399183262485234	0.15125231739838935
0.20015754262083665	0.6446752364337509	0.15516722094541258
0.220620327070629	0.6239811068399101	0.15539856608946093
0.21994135482258437	0.6267301831412979	0.15332846203611775
0.21530508276925392	0.6190985266977294	0.16559639053301684
0.21572252771402622	0.6279171976809369	0.15636027460503696
0.22340987523431027	0.6140077189764528	0.16258240578923708
0.2047577564293767	0.6429890480731892	0.15225319549743416
0.22289393936166169	0.6150358831031999	0.16207017753513847
0.20264875109689534	0.6429575887061869	0.1543936601969179
0.21362935267469957	0.6214571762742982	0.16491347105100237
0.2107012691991046	0.6373109362764868	0.15198779452440864
0.2199382484140475	0.6207929549229703	0.15926879666298233
0.20678027915738162	0.632236587370292	0.16098313347232657
0.2001912836555585	0.6334507596660274	0.16635795667841424
0.21232650187533916	0.6248937366849727	0.16277976143968825
0.21225618997444806	0.637551127115052	0.15019268291049997
0.22494288453839684	0.6247781796655205	0.1502789357960828
0.22099760470780097	0.6197869639762554	0.1592154313159438
0.2216129918368736	0.6153835617637309	0.16300344639939573
0.20230966756449717	0.6303564855084716	0.16733384692703132
0.22290406731505463	0.6232346735753016	0.15386125910964377
0.22410981999522056	0.6099898181927004	0.16590036181207918
0.21545469954274282	0.6338271054974247	0.1507181949598326
0.20956319463232792	0.6328116721558699	0.15762513321180238
0.21076937732752968	0.6366285287485094	0.15260209392396107
0.20262660759018986	0.6368996827170817	0.16047370969272856
0.2139539899335547	0.6288511594088695	0.157194850657576
0.20025069062025336	0.6401575120840004	0.15959179729574632
0.22491018142854996	0.6113374434690022	0.16375237510244803
0.21784334948095493	0.6161976131317004	0.1659590373873447
0.21907839415004837	0.6309782804020783	0.14994332544787348
0.20092510122158894	0.6484308468076581	0.1506440519707532
0.20262330382653343	0.6479179762953192	0.14945871987814752
0.21669445467297677	0.625292118954746	0.15801342637227733
0.19998915551565094	0.6409227377148949	0.15908810676945423
0.22045671095745983	0.6304657371281	0.14907755191444033
0.20156012110634008	0.63904906947772	0.15939080941593992
0.2065268319258591	0.6282816650483716	0.16519150302576946
0.20289745100756806	0.6354614243578727	0.16164112463455937
0.21273078114961486	0.6340126456279027	0.15325657322248254
0.21594864085858362	0.6291158347800074	0.15493552436140912
0.20223903280293476	0.6352942138018236	0.16246675339524175
0.21955688417156544	0.6201393223731879	0.1603037934552468
0.2067568401161497	0.6439694115941701	0.14927374828968032
0.22346588224492347	0.6174785205392126	0.159055597215864
0.2101858717547265	0.6271516809012097	0.16266244734406404
0.2101434333602204	0.6280385632162601	0.1618180034235197
0.21705740286015585	0.6174592105991465	0.16548338654069772
0.2202553414008186	0.6206984231900182	0.15904623540916332
0.20874883199062708	0.6316627429046173	0.1595884251047557
0.20593961970906943	0.6268259479315834	0.16723443235934737
0.20917397567853835	0.6276061758419414	0.16321984847952034
0.21344063853383902	0.6282753970016592	0.15828396446450183
0.20779779518233407	0.6423594722343509	0.1498427325833151
0.20549702908436296	0.6330022285564185	0.16150074235921869
0.20771461359327986	0.6428887832784554	0.14939660312826478
0.2119721129773207	0.6355126325242995	0.15251525449838005
0.2040307046426456	0.6316536406631017	0.1643156546942528
0.20588860202837744	0.6420655800698643	0.15204581790175845
0.20460422227823302	0.6436351745578365	0.15176060316393064
0.21144073622015291	0.6276159800568848	0.16094328372296246
0.2239606571191231	0.6253725712774264	0.1506667716034506
0.22359562861420007	0.6272937672680252	0.14911060411777477
0.20374864310645474	0.6362713212064277	0.15998003568711772
0.20086141042192135	0.6490080136042464	0.15013057597383234
0.20632018980583555	0.6389181194604738	0.1547616907336907
0.2132423699039332	0.6318063286742291	0.15495130142183777
0.2113360739307887	0.6239955804603317	0.16466834560887966
0.2185775066861845	0.6237163061471505	0.1577061871666651
0.2140773208718394	0.6350026580481065	0.15092002108005415
0.22223812471168616	0.6218917834856386	0.15587009180267536
0.21009996543115558	0.6320669202089793	0.15783311435986525
0.21191496696197615	0.6366017873967207	0.1514832456413034
0.22441289147407525	0.6243381783798116	0.15124893014611324
0.2060259851577964	0.6380699139692932	0.15590410087291046
0.21586562891637984	0.6207043630021116	0.1634300080815087
0.21893585236570967	0.6201538315710771	0.16091031606321338
0.22203752895809792	0.613558974594709	0.16440349644719332
0.2166358610943938	0.6221823198033942	0.16118181910221213
0.20114688633222982	0.6330950467559889	0.16575806691178133
0.22338504254641212	0.6134066334690995	0.16320832398448845
0.20936226674830719	0.6403182428656105	0.1503194903860824
0.2050090860959089	0.6444306745635968	0.15056023934049434
0.20304114141029178	0.6386966457036605	0.15826221288604786
0.21510917386976475	0.6312636912791335	0.15362713485110185
0.2128304644166261	0.620582249232184	0.16658728635119002
0.22161927612038645	0.6139802058516965	0.1644005180279172
0.19979027238372335	0.6467721854052924	0.15343754221098438
0.2003487892726736	0.6419366473333498	0.15771456339397677
0.20469098606880712	0.6292792243540594	0.16602978957713366
0.21811240528816062	0.6263837429004844	0.15550385181135512
0.2247314657005918	0.6226576852895458	0.15261084900986255
0.21508383080206733	0.6187547573346233	0.16616141186330963
0.22474513136927407	0.6252515414158172	0.1500033272149089
0.21224096143828158	0.6348060093343576	0.15295302922736093
0.20073284166031174	0.6405085152208005	0.15875864311888777
0.20952468522719375	0.6296082790725627	0.1608670357002437
0.2180901820881459	0.6332742624777494	0.14863555543410484
0.21783757077985177	0.6249781376399223	0.15718429158022612
0.22404320830772773	0.6107527839310514	0.16520400776122107
0.22436258506521015	0.6189509092222134	0.15668650571257647
0.22288882022456846	0.6157261827883406	0.16138499698709113
0.2056506605823309	0.628110094501237	0.16623924491643227
0.2099825418178445	0.6241203709794114	0.1658970872027441
0.2209242161483741	0.616086747938897	0.16298903591272912
0.22393899558516783	0.6129737514333027	0.16308725298152965
0.21645096557695342	0.6219861189005367	0.16156291552250993
0.21401062945694677	0.6368158202807814	0.14917355026227191
0.22363233374080482	0.6204158632879285	0.1559518029712668
0.2138003761317743	0.6196191575818962	0.1665804662863296
0.21821656608475298	0.6147281811429294	0.16705525277231775
0.2033627365357334	0.6418701296426566	0.15476713382161023
0.207488676540446	0.6263693680233344	0.16614195543621962
0.2220379030048508	0.619117824349797	0.15884427264535234
0.22287922213104353	0.623808542839059	0.1533122350298976
0.20345989131186104	0.6294325885258953	0.16710752016224373
0.21611607532358101	0.6212378049147366	0.16264611976168247
0.20451664281630338	0.6300961186107875	0.1653872385729092
0.20407648383726157	0.634878445333571	0.16104507082916764
0.22112930611006718	0.6217186949294837	0.15715199896044926
0.2242277214777838	0.6103285639937526	0.16544371452846368
0.22237688479429332	0.6256610499309827	0.15196206527472406
0.2067975900894189	0.6396492105098641	0.1535531994007171
0.20175993299831896	0.6364834077093592	0.16175665929232202
0.21462459780043963	0.6345238554874008	0.15085154671215978
0.2041758170698505	0.6424929783485537	0.153331204581596
0.20133667339516312	0.6481753134512632	0.15048801315357382
0.22263024905214987	0.6187750296919767	0.15859472125587348
0.20210621811804216	0.640973096951838	0.1569206849301199
0.20771736006958474	0.6336699582620511	0.15861268166836426
0.22047482937964147	0.6207399967456593	0.15878517387469945
0.2076166831678562	0.632279812954527	0.16010350387761696
0.2136002367918583	0.6312374290981814	0.15516233410996044
0.2219427295949354	0.6232790195649696	0.15477825084009517
0.21420033534318683	0.6205339278345363	0.16526573682227702
0.213546788779238	0.6351333316647365	0.1513198795560256
0.21105488741558762	0.6247641642921453	0.16418094829226723
0.2224759217372208	0.6201794633473658	0.15734461491541346
0.22280560014113926	0.6239664368701424	0.15322796298871844
0.20841897836120132	0.6301924966912164	0.16138852494758243
0.20142589970988206	0.6333041119622675	0.16526998832785056
0.2010727396650096	0.6420876654938044	0.15683959484118615
0.2003097429111027	0.6447610499579433	0.1549292071309541
0.20537803314892955	0.6413358174031971	0.15328614944787344
0.20642807673251867	0.6298313207364794	0.16374060253100203
0.22088296307913616	0.6207323335611337	0.15838470335973034
0.2173682089162398	0.6169646976651626	0.1656670934185977
0.20066801433383025	0.6357900497412752	0.1635419359248947
0.20844032776484037	0.6329328783047365	0.15862679393042328
0.21907506123528286	0.6251284993279658	0.15579643943675148
0.22242685126182288	0.6134432614761618	0.1641298872620155
0.21255101083637007	0.6284667504226442	0.15898223874098577
0.2058626204592551	0.6413727995638214	0.15276457997692353
0.22163672476873475	0.615589988517333	0.16277328671393243
0.223176639034773	0.6209343927195177	0.1558889682457094
0.21184421472454784	0.6264845070249947	0.16167127825045763
0.22018685281512723	0.622798875883392	0.15701427130148102
0.21257927334373353	0.6377270103874026	0.14969371626886394
0.2228616740473049	0.6167542913391162	0.16038403461357903
0.21764007106326255	0.6211619358956517	0.16119799304108584
0.2068769008940661	0.6262027061365658	0.1669203929693682
0.2111713187431108	0.6243965171813596	0.1644321640755297
0.21827886916116382	0.6292723255434552	0.15244880529538102
0.20736794447492063	0.6440091402344568	0.14862291529062277
0.20480399631161184	0.6293188530548186	0.16587715063356964
0.2217534023931505	0.6169340626577766	0.16131253494907305
0.21840932251364525	0.6157834014458164	0.1658072760405384
0.22309647776683408	0.6160477887489364	0.16085573348422974
0.21184286223234905	0.6290928628052606	0.15906427496239045
0.21975006865603192	0.6288230635810168	0.15142686776295144
0.20263156707602786	0.6472325090549699	0.15013592386900237
0.20419875964623735	0.6420687440095119	0.1537324963442509
0.21548961072503736	0.6284578631394466	0.15605252613551607
0.2227165532264694	0.6284251306457607	0.14885831612776995
0.20033261459453383	0.6444799088668577	0.15518747653860865
0.2191929308198543	0.626924168821388	0.15388290035875782
0.21278911972096162	0.6319556537097315	0.15525522656930696
0.22224440027520706	0.6131726407022497	0.16458295902254336
0.21954129067741635	0.6257317896557185	0.1547269196668653
0.2048797242045517	0.6294143554951845	0.16570592030026393
0.21272566294642456	0.6205604986485334	0.16671383840504214
0.208939433917768	0.6258980973606985	0.16516246872153365
0.20695850623303988	0.644115018862705	0.14892647490425534
0.2190292384518956	0.6279068719472576	0.15306388960084694
0.2062377861411644	0.6399637985250519	0.1537984153337838
0.21183966954805653	0.6208826187011769	0.1672777117507667
0.2042427159814728	0.6384139018485491	0.1573433821699782
0.20397227606166615	0.6460198628693365	0.15000786106899744
0.20086451555846385	0.6424432206912041	0.1566922637503321
0.21825389043349197	0.6239549143077189	0.1577911952587893
0.20475513173954374	0.639524680519872	0.15572018774058438
0.21298575417805893	0.6320815490307411	0.15493269679120014
0.21121922273053056	0.628898826262274	0.15988195100719554
0.21387448380762564	0.6247668403081237	0.16135867588425082
0.20717294203640274	0.6401558721557741	0.15267118580782335
0.21212920616852687	0.6293368463495035	0.15853394748196972
0.2219767593465603	0.6163526399956348	0.16167060065780497
0.22048408402651237	0.6183579479724883	0.1611579680009995
0.2149259514042349	0.6184984907779534	0.1665755578178119
0.21603032181945447	0.6281878226076332	0.15578185557291244
0.21900293697087048	0.6171290494362429	0.1638680135928866
0.22087284229484616	0.6228130136114789	0.15631414409367506
0.22395915315936232	0.6149336986921421	0.16110714814849564
0.21946995832107813	0.6145131730221163	0.16601686865680576
0.2074728137244936	0.627501567033419	0.16502561924208756
0.20614682572304224	0.6345631440504444	0.1592900302265135
0.21975815357321174	0.6202917598815412	0.15995008654524714
0.2018525838161122	0.6425262533142568	0.15562116286963115
0.20539842190505225	0.6375299035784121	0.15707167451653573
0.21484359151385216	0.620798083656003	0.164358324830145
0.22184150024065283	0.6199975520808074	0.15816094767853986
0.21288126099190535	0.6298149318099164	0.15730380719817832
0.2049042568866708	0.6448844323652368	0.15021131074809246
0.21071302679680615	0.6360060606346626	0.1532809125685314
0.21386364980695974	0.6248543125267274	0.16128203766631302
0.22313786756565945	0.6101800075296502	0.16668212490469042
0.2017513472017578	0.6377669585648601	0.16048169423338216
0.2033735007294313	0.6410517661559152	0.15557473311465359
0.21560866177336607	0.6228430185054263	0.16154831972120762
0.21407903409640716	0.6202671927595242	0.16565377314406882
0.22465525109502724	0.6211746877127897	0.15417006119218318
0.21874273017732165	0.6300432396731173	0.15121403014956125
0.2083453370651056	0.633745843651569	0.15790881928332548
0.20299774362288814	0.64743305345765	0.149569202919462
0.22421816123413735	0.617247382378543	0.15853445638731972
0.219923432076571	0.6259087362771778	0.1541678316462514
0.20208471858348184	0.6438362702995821	0.15407901111693617
0.20078447486699907	0.633567052720905	0.16564847241209613
0.21073588681946331	0.6344922567862539	0.15477185639428295
0.20864943912397696	0.6289632714601718	0.16238728941585137
0.20316071820840242	0.6328353574892269	0.1640039243023708
0.1997230222338291	0.6467228916647071	0.15355408610146387
0.22018155320935584	0.6261224148063815	0.1536960319842628
0.21970457077171543	0.6148786508511588	0.16541677837712596
0.21301393322824483	0.6358304284792267	0.1511556382925286
0.212612294070083	0.6320969227337214	0.15529078319619571
0.21026635101893043	0.6383864643917128	0.15134718458935686
0.21543720191777005	0.6353675597687621	0.14919523831346793
0.21551597501722664	0.6310924413021336	0.15339158368063988
0.2111914741392335	0.6347033177653112	0.15410520809545536
0.20186655480645238	0.646493475003699	0.15163997018984882
0.20484479947793893	0.6400569165806016	0.15509828394145964
0.20174921074717692	0.6337933743803601	0.16445741487246307
0.21004859122387454	0.6264634907910871	0.16348791798503856
0.20412811312262313	0.6452926790456714	0.15057920783170564
0.20677893894654276	0.6410376453770914	0.152183415676366
0.22310860900459428	0.6124388693869407	0.16445252160846513
0.2052028174506036	0.6397114237278398	0.15508575882155662
0.22289561778313427	0.6155315148794396	0.16157286733742632
0.21281978374293337	0.627439178354152	0.15974103790291472
0.20594755632655343	0.6353157448287073	0.15873669884473934
0.19971782048366124	0.6421091382579738	0.15817304125836507
0.2192977037894443	0.6256605139170084	0.15504178229354737
0.21483725836556578	0.62304688827333	0.1621158533611043
0.20095914625367123	0.6475507951565405	0.15149005858978848
0.20345730238475984	0.643410617808902	0.1531320798063383
0.22448823128625606	0.6150037394085831	0.16050802930516095
0.21807481267620155	0.6318623529576401	0.15006283436615844
0.21935885460865973	0.6208257686414206	0.15981537674991983
0.20677512622636765	0.636549770195849	0.15667510357778341
0.22151176508535625	0.6142607400159547	0.16422749489868918
0.2247293526914366	0.6214919250702409	0.15377872223832273
0.21613131492811888	0.6299250425509229	0.15394364252095846
0.22233089175575518	0.6124126888504413	0.1652564193938037
0.22327652664322364	0.61521235959591	0.1615111137608664
0.21856838118543465	0.6262832176326641	0.1551484011819013
0.20807590555269426	0.6349056496054322	0.15701844484187372
0.22280370926199006	0.6216731278835076	0.15552316285450246
0.21103443118615473	0.6274947910483084	0.16147077776553712
0.20801746803554663	0.6353511290206615	0.15663140294379208
0.20454081463756257	0.6406786800784467	0.1547805052839908
0.20103583923398938	0.6485992043245199	0.1503649564414909
0.20698791047648457	0.6414385602771551	0.1515735292463605
0.21653746957987408	0.6178900705625161	0.16557245985760988
0.199800042721045	0.6365534100925853	0.16364654718636984
0.20644457996857513	0.6392510400891407	0.1543043799422843
0.2136211194813865	0.6339618464382942	0.15241703408031937
0.21501526384129174	0.6355887311405407	0.14939600501816763
0.20696234766223828	0.6278707624646684	0.1651668898730933
0.2135445206039166	0.6308482017766077	0.15560727761947585
0.20622356261524782	0.6393490212405541	0.1544274161441982
0.20902498157534766	0.6261848696320291	0.16479014879262338
0.21337840073796804	0.6281240742630558	0.1584975249989763
0.20183649848596596	0.6379649213817707	0.1601985801322634
0.2015271532921403	0.6458560419684982	0.15261680473936157
0.2116141798333388	0.6280961441205615	0.16028967604609975
0.20968614089292692	0.6260116584751929	0.16430220063188022
0.22408117176529194	0.6148022899470542	0.16111653828765393
0.20353899968284334	0.63584245819829	0.16061854211886673
0.2139213881610543	0.6238864292790418	0.16219218255990397
0.2074396872189811	0.6255055891681944	0.16705472361282456
0.2063307204016389	0.6406700412817663	0.15299923831659484
0.20666556558751653	0.640283169810536	0.1530512646019475
0.21833953958889046	0.6251500967846458	0.15651036362646378
0.22031347748451027	0.6197021243420787	0.15998439817341106
0.2248284872693578	0.6116075611147979	0.16356395161584442
0.20150469257729975	0.6358801117465878	0.16261519567611263
0.2214190290742693	0.61424897022829	0.16433200069744086
0.20253127776642027	0.6376337572837999	0.1598349649497799
0.21533278610623358	0.6249045385469276	0.15976267534683888
0.20570540005437665	0.6340854146239483	0.16020918532167516
0.2074325378673476	0.6434287886070371	0.14913867352561544
0.21702449253366712	0.6202157391538048	0.16275976831252814
0.21850527895612282	0.6236783254910336	0.1578163955528436
0.20236637271645397	0.6479198875354342	0.14971373974811192
0.21648790425602069	0.6295485244203691	0.15396357132361024
0.2214377621236114	0.6177881419296062	0.1607740959467825
0.19983944247003116	0.6342802064904696	0.16588035103949944
0.22316931306520252	0.6111502854031278	0.16568040153166982
0.22216644875998978	0.6108692843606007	0.1669642668794096
0.21073681654048937	0.6348591163453774	0.15440406711413335
0.2038718162865807	0.6390675575794116	0.15706062613400795
0.2049757758219737	0.6354506196858943	0.15957360449213207
0.2026218506044248	0.6458829880991631	0.1514951612964122
0.2111486379794874	0.626546166907433	0.16230519511307964
0.20384867247063926	0.6392164531802369	0.156934874349124
0.21475253848287593	0.6257507555381191	0.15949670597900506
0.2212132215466466	0.6291170833963962	0.1496696950569573
0.20343056091770922	0.640939267295736	0.15563017178655483
0.20220432958633114	0.6448647965572993	0.1529308738563696
0.22489762504079422	0.6234858316900153	0.1516165432691906
0.2033667069881905	0.6318265582088722	0.1648067348029374
0.2149124801542203	0.6338822603883553	0.1512052594574246
0.20270735764391362	0.6433904046188044	0.15390223773728218
0.21066413686090552	0.6239184413752752	0.1654174217638195
0.22195818711936177	0.6137009319992383	0.1643408808814001
0.21387620603028748	0.6351733582439587	0.1509504357257539
0.20427714275769154	0.6446377726637317	0.1510850845785769
0.2223093968712343	0.6283538570893799	0.14933674603938585
0.2166522332971235	0.6225412046504883	0.16080656205238825
0.20854711254044805	0.6404605594115356	0.15099232804801643
0.20381140005585566	0.63504725722713	0.16114134271701455
0.22108296088593987	0.6164929706836724	0.16242406843038787
0.22480710421336392	0.6129514106438322	0.16224148514280398
0.21887395293575673	0.6267353079167388	0.15439073914750462
0.2190732387643826	0.6161572459890323	0.1647695152465852
0.20214164822268038	0.6432375364205158	0.15462081535680386
0.20780408565938163	0.6344646467221017	0.1577312676185168
0.21722022861580692	0.6308076538545841	0.1519721175296091
0.2159401359833197	0.6306192143459568	0.15344064967072357
0.199778209431007	0.6435361646038749	0.15668562596511834
0.2174774566734355	0.6204700797712455	0.1620524635553192
0.20589045959901195	0.6365814740112333	0.1575280663897548
0.2037379577671775	0.6327106982853447	0.16355134394747792
0.2010907486456981	0.6483358583720855	0.15057339298221656
0.21713125739259553	0.6166238707258962	0.16624487188150844
0.20625833481692113	0.638349240049816	0.155392425133263
0.20388794243617447	0.6443904945458958	0.15172156301792977
0.20296956513615572	0.6333408446796698	0.16368959018417473
0.20443150652299608	0.6450096959303867	0.15055879754661733
0.20832222682048981	0.6395114946764258	0.1521662785030845
0.20507100067662354	0.6287472055391408	0.16618179378423575
0.22491108126858164	0.617001036217854	0.15808788251356448
0.21701017191013022	0.6309673148025935	0.15202251328727645
0.21340458025596187	0.6240394052491467	0.1625560144948916
0.20054106494247242	0.6486844892012983	0.15077444585622946
0.21459765924513124	0.6218479046646375	0.16355443609023135
0.2211412246638714	0.6274127185646303	0.15144605677149836
0.21542292723836115	0.6279703450577307	0.15660672770390824
0.19990425677607104	0.6385128272099532	0.16158291601397595
0.20057141975336185	0.6336650359000745	0.1657635443465638
0.2118189256791242	0.6327695560161504	0.1554115183047255
0.19983709415135892	0.6489580360368119	0.15120486981182935
0.20095273923486556	0.650126706608042	0.1489205541570926
0.22325614106007816	0.6226817494955496	0.15406210944437237
0.21248466493689003	0.6315578832445194	0.15595745181859072
0.21368891626544195	0.6253639511446649	0.16094713258989324
0.2192977845596718	0.6294975757977843	0.15120463964254405
0.20605630529624028	0.6265334151121866	0.16741027959157323
0.21311057861537996	0.6288203103546303	0.15806911102998986
0.20668580025457234	0.6369900898934682	0.15632410985195969
0.21123557158202894	0.6368594441906037	0.15190498422736742
0.22284913151145425	0.6272921402713731	0.14985872821717267
0.21137025593478626	0.6244344170955626	0.16419532696965128
0.2110705536943151	0.6257572101083163	0.1631722361973687
0.21797316891152363	0.6213553115039692	0.16067151958450743
0.21333662405823056	0.6221873212908746	0.164476054650895
0.21041950237016305	0.6265805215745721	0.16299997605526495
0.22474611665742852	0.6167788489670673	0.15847503437550434
0.20361751566541547	0.6366541225129928	0.15972836182159178
0.21664321253548252	0.6294097038699236	0.15394708359459403
0.22223581791519564	0.6223726080357594	0.15539157404904497
0.22131935913369585	0.6162974184297172	0.16238322243658704
0.2108919869257435	0.6388365442279176	0.15027146884633902
0.2059739258759909	0.6446725697744491	0.14935350434956024
0.22114903279765974	0.6191880752461849	0.15966289195615552
0.22194949053569857	0.6184729772118023	0.1595775322524992
0.2011394879139619	0.6486649464700855	0.1501955656159526
0.2157402968633895	0.63176784355143	0.15249185958518058
0.20739265962798062	0.6298173817924104	0.1627899585796091
0.2095979352344559	0.6399310495818518	0.1504710151836924
0.20905457109755798	0.634609196200092	0.15633623270235006
0.21998968755234533	0.6138815614610826	0.16612875098657212
0.2161870827965407	0.6254033614728749	0.15840955573058446
0.20011611743972593	0.64263179393822	0.1572520886220542
0.22354549188719053	0.6183992749128266	0.15805523319998288
0.2092324194746433	0.636554066089659	0.15421351443569775
0.22453106220575253	0.6257246267887583	0.1497443110054893
0.21112173542689341	0.6345162076175697	0.154362056955537
0.20213738326140912	0.6366573686395605	0.16120524809903056
0.20876039833578874	0.6358559807650435	0.1553836208991678
0.21737615118943465	0.6212111848175841	0.16141266399298132
0.22478941637578354	0.6121649193689663	0.16304566425525027
0.2010454784792517	0.6487023364126197	0.1502521851081287
0.2023927264930829	0.6464049185683566	0.15120235493856066
0.20464594301905814	0.6376049473153433	0.1577491096655987
0.21372549209727032	0.6329195156488159	0.15335499225391397
0.22430745848769174	0.6220309926454539	0.15366154886685443
0.2086662264128974	0.6311021288930427	0.16023164469406007
0.21004370852978477	0.635869081808619	0.15408720966159634
0.20779004320270633	0.640331697310101	0.15187825948719283
0.20130063390401598	0.6368357316490632	0.1618636344469211
0.21220288326464523	0.6386651449367667	0.14913197179858817
0.2075627594608226	0.6350638730998692	0.1573733674393084
0.2200887841490537	0.6160264275560015	0.16388478829494504
0.2244915205113224	0.6223064887407597	0.15320199074791813
0.21195560964507038	0.6372900820112002	0.15075430834372952
0.210336151479823	0.6269928425061101	0.16267100601406698
0.2049983525050929	0.6376791031820326	0.15732254431287468
0.22019982948274158	0.6190166914760693	0.16078347904118923
0.20814106332956855	0.626693489859546	0.1651654468108856
0.21610943356284684	0.623829676485484	0.16006088995166928
0.2154331904779438	0.6246911643586934	0.15987564516336297
0.22057734579778981	0.625196293947777	0.15422636025443337
0.2091427095186979	0.6421473137226754	0.14870997675862677
0.2219385289007626	0.6248890307325594	0.1531724403666781
0.20546756340891353	0.6327448767502676	0.16178755984081894
0.20781724110712946	0.629456746787507	0.16272601210536375
0.20672116655333392	0.6343935187827621	0.1588853146639041
0.20584790988912527	0.6376283981938429	0.15652369191703192
0.2021911513936773	0.6436812974476136	0.15412755115870913
0.22021815220412358	0.6164958613163278	0.16328598647954867
0.21457177221679097	0.6280986405165573	0.15732958726665183
0.21638767513710244	0.6198914849120125	0.16372083995088516
0.2166568108462283	0.6210700156328837	0.16227317352088816
0.2116686257600659	0.6218282720010985	0.1665031022388357
0.20337080462336082	0.6410075798568615	0.15562161551977788
0.20459467609054344	0.6420900652856918	0.15331525862376488
0.21764564554957933	0.6214773256361371	0.16087702881428362
0.21044295575878647	0.6277545678354609	0.1618024764057527
0.210564408106027	0.639592826165873	0.14984276572810018
0.2235534656741255	0.6242901648305912	0.1521563694952835
0.2054479301386492	0.635664340110619	0.15888772975073184
0.21332288258015064	0.6357169886915067	0.15096012872834272
0.22129670022023334	0.6194321308518276	0.1592711689279392
0.20784454164256547	0.6374083368097547	0.15474712154768
0.20588360425782792	0.6344479065122541	0.15966848922991805
0.21765228138431789	0.6239492785873675	0.15839844002831469
0.20914941255090477	0.6314198118760843	0.15943077557301105
0.21579101421244745	0.6206129874097157	0.16359599837783692
0.21451487388154222	0.624444205552187	0.16104092056627092
0.2101008097469114	0.6265756931270915	0.16332349712599725
0.2056063172558791	0.6429796691091056	0.15141401363501533
0.213346355906634	0.6351722709868317	0.15148137310653437
0.22305364634962493	0.6204780978631809	0.1564682557871943
0.21041482779533022	0.6269680802006035	0.16261709200406638
0.21982280833937956	0.630493802365394	0.14968338929522654
0.20412021960555338	0.6296176248121554	0.16626215558229118
0.22463330492005196	0.6238574247220454	0.15150927035790274
0.20509199865098235	0.6402300291385514	0.15467797221046628
0.2234719506238962	0.6189882429109084	0.15753980646519553
0.21872710705467135	0.6216599939757242	0.15961289896960446
0.21654323678666554	0.6205385893533957	0.16291817385993887
0.20477679091695572	0.6392699378802347	0.15595327120280966
0.21778313659622867	0.6315461137404914	0.15067074966328003
0.2037898420738672	0.6323065293324784	0.16390362859365445
0.20854924151824838	0.6263393630214937	0.165111395460258
0.21955729636931864	0.6198840243213959	0.1605586793092856
0.2169528353985939	0.6227088149142334	0.1603383496871728
0.19997275193984032	0.6368913377091922	0.16313591035096764
0.21468409645217995	0.631432909027555	0.15388299452026513
0.21848985234757673	0.6192419056861986	0.1622682419662248
0.21115386325198815	0.627772264311608	0.16107387243640392
0.22187695357405351	0.6248135293726476	0.153309517053299
0.21238338275498772	0.6341344339654511	0.15348218327956126
0.20219771596925765	0.6429073481286277	0.15489493590211473
0.20235782587202944	0.6443719818053132	0.15327019232265748
0.21039314156663336	0.6385017812393884	0.1511050771939784
0.21787969372336688	0.617103913477704	0.1650163927989293
0.20795929566365648	0.6335994680168404	0.1584412363195032
0.20322772004773998	0.6380972577986558	0.15867502215360435
0.22344048375136932	0.6091669541316329	0.16739256211699782
0.22079638255158018	0.6142269020641802	0.1649767153842397
0.2115435506649426	0.6388204537068174	0.14963599562824004
0.21710196720298935	0.6318058097551003	0.15109222304191056
0.2142497430615979	0.625057404240293	0.16069285269810918
0.20182226239513218	0.6418084687503698	0.1563692688544981
0.2086646667210943	0.6247031465474884	0.1666321867314174
0.21358329055128458	0.6302270662393498	0.15618964320936574
0.22120186505406975	0.6189993161059084	0.159798818840022
0.21920655362708522	0.6305325332277154	0.15026091314519946
0.22098175444709406	0.6161977540137099	0.16282049153919614
0.20621692291372645	0.6287398115476273	0.1650432655386464
0.22071403965212263	0.6295024934921305	0.14978346685574695
0.21528708062298366	0.6180122034274441	0.16670071594957236
0.20483541764795776	0.63729428808201	0.15787029427003227
0.21274039556322505	0.6212395386740672	0.16602006576270786
0.2009605492466338	0.6388400894206543	0.16019936133271195
0.20520233525368725	0.6402851917481338	0.1545124729981791
0.21981851102050398	0.614643670678544	0.1655378183009522
0.2198414941346726	0.6216637346696277	0.15849477119569977
0.21281959794352096	0.6234753554791056	0.16370504657737356
0.21392212614631556	0.6258619067721509	0.16021596708153374
0.212270578329865	0.6342996959674201	0.153429725702715
0.22024608143514973	0.6291233499559494	0.150630568608901
0.21276699409218988	0.6277504035203639	0.15948260238744627
0.20354584415915733	0.6311806677724796	0.16527348806836326
0.21666395903558638	0.6300299109041928	0.15330613006022092
0.21729606111053465	0.6218313849393512	0.16087255395011424
0.21385769994625292	0.6204435768425534	0.16569872321119378
0.21784918959507976	0.630692633977939	0.15145817642698134
0.21450634619956946	0.6369193496673904	0.1485743041330402
0.2031483225447584	0.6330654632017916	0.16378621425345008
0.21633442536026445	0.6226707698483063	0.1609948047914294
0.21180813874079124	0.6349394054255377	0.1532524558336711
0.20276602249077624	0.6466263424397101	0.1506076350695138
0.22157232722885334	0.6146708935632386	0.16375677920790824
