0.021780417805040475	0.027678577753291717	0.18081669701940806	0.07621254097123811	0.011356352851058446	0.033067466449982055	0.05322836127991154	0.3065436526144489	0.28931344920255314	2.4840530675335204E-6
0.021752824566995038	0.02787600575749119	0.18064445480103788	0.07637151024338013	0.011338394346172773	0.033179557471791826	0.053265141995552004	0.30620161352840225	0.2893679025936646	2.594695512267431E-6
0.021922053121904386	0.028045188930217735	0.18072112168102705	0.07622604894028767	0.01143109663637723	0.03317383764972362	0.05331984303941057	0.3058968312287548	0.2892608483157787	3.1304565183132294E-6
0.021711498162905532	0.028860826875198017	0.18085310413643768	0.07738531621713388	0.011281774284324739	0.03361641924351187	0.053382821990569054	0.30453293703405376	0.28837234020682323	2.9618490422905763E-6
0.021905799018991548	0.028536602005895348	0.18098698779591643	0.07739964870556756	0.011243506266039274	0.03336472534523187	0.053588010164555396	0.3049298429954519	0.2880412970651862	3.5806371645186186E-6
0.02180816561313499	0.028076095914953372	0.18088694286382437	0.07747209762321552	0.01182856236520928	0.033305470940773976	0.053829855544446005	0.30493302340114414	0.28785799263011	1.7931031884022008E-6
0.022304795984949735	0.02829553032083844	0.18162525688342462	0.0775740054204197	0.01130853483189298	0.032976854478932255	0.05329409724491514	0.30587123455721804	0.28674609428957337	3.5959878357666453E-6
0.022084163063851234	0.029015176144165086	0.1816639632133952	0.07713763462474069	0.012230687425370493	0.03290162056274043	0.053422214402421626	0.3056791842720849	0.28586415027264855	1.2060185817924785E-6
0.022272544180488324	0.027546390142414584	0.18199568032400326	0.07685506558192162	0.011570197310648178	0.03357394165393732	0.05533574067587955	0.3062662048366018	0.284581034546208	3.200747897447176E-6
0.022794494329959933	0.027720118108486055	0.1821424185296493	0.07630441037129343	0.011478588675294096	0.033215948081415855	0.055816191456890665	0.30604799162531093	0.2844776932545885	2.145567111325186E-6
0.02276582290970404	0.02832585948678333	0.1826674346958208	0.07657958777833279	0.011300844836399246	0.03321631738123443	0.05592618048784399	0.30516475930598036	0.28404998970581746	3.2034120836382796E-6
0.02268090843902819	0.029068660906848676	0.1823583951100737	0.07645656687537877	0.011453357333439107	0.032951619990854	0.05547372211323048	0.3048911001121074	0.2846626513566187	3.0177624208704845E-6
0.023164513380882865	0.028809440476379886	0.1808389693749345	0.07823000650528918	0.012268793972914652	0.03321404277672817	0.055541373332304585	0.3039375677422883	0.2839940312174039	1.2612208739465336E-6
0.025277803252335793	0.029045977707468737	0.17969873657401103	0.07836093079606023	0.013037293673701142	0.034126906645956204	0.05505777726993611	0.3041210462997245	0.28127226282455087	1.2649562554506444E-6
0.023208538255671915	0.03190048976611694	0.18189960678828881	0.07769815429406954	0.011318323405993327	0.034251133971785405	0.05691532558716683	0.3049212078231573	0.2778847375845361	2.4825232138453446E-6
0.023763214504752564	0.032076334980846014	0.18236452460221755	0.07765647235515404	0.011703951957947004	0.03338458769071155	0.05675646849915636	0.3043966945517325	0.27789633641982886	1.4144376536129322E-6
0.024197930895552666	0.03183260670040955	0.18274888507795645	0.0784974637883591	0.011663748025167175	0.03299988898282806	0.05697049559047149	0.3034220938558443	0.27766420258026414	2.684503147096229E-6
0.024826588599310334	0.03187418382231551	0.18187153030725772	0.07876486599327283	0.011585388463527899	0.03296840057840454	0.057330776243901475	0.3031907821810348	0.2775857601236854	1.7236872894288435E-6
0.024778375006296843	0.03204642676142565	0.18176795578102367	0.0785976368427064	0.011404915715734945	0.0329272802237886	0.05723690084505575	0.30339117191052994	0.27784773890340214	1.5980100360052374E-6
0.023881159419422135	0.03206618274230803	0.18268826081063833	0.0782800508841456	0.011634412099793337	0.03341930135739132	0.0577047150184052	0.30248013232240634	0.27784189486360844	3.890481881332897E-6
0.024011514044708374	0.032189006647082866	0.18284839579397155	0.07820568690534345	0.011526727784815574	0.033602801642416594	0.05739794287374432	0.3024419258583139	0.2777728393745026	3.1590751007753992E-6
0.022734180132885987	0.032755116545248666	0.1818639818353887	0.079785507368967	0.01163257187443048	0.03331139529807445	0.057818048015242915	0.30181737364681926	0.2782801899540743	1.6353288682241507E-6
0.022521655068146754	0.03182913297031116	0.18235996239406377	0.08068251211120406	0.011376828556311044	0.033577121352347	0.05741554742067097	0.30169865605369633	0.2785355235390443	3.06053420452701E-6
0.02193889774677875	0.03187707351756633	0.1821612680279422	0.0805226089822545	0.011690531583086639	0.03352707929171174	0.05809709793206899	0.30193470785971843	0.2782472377516529	3.497307219643697E-6
0.021944779129451614	0.033453564333317864	0.18289434033420746	0.08034411084159221	0.011973445318443798	0.03353383336092898	0.05735117396761146	0.3009942670558058	0.27750722298911706	3.2626695238152648E-6
0.021947389819472682	0.03425174462882695	0.1835296696947487	0.08115554805568259	0.012752266557732053	0.03344560523767735	0.0568860245953515	0.29986946195494174	0.2761607686720176	1.5207835488417754E-6
0.021745376142031647	0.03393519895222308	0.18397129032841464	0.08124138554706672	0.013049071739085136	0.03336769358720676	0.056893919716015595	0.29951915685646585	0.2762748229515666	2.084179924019547E-6
0.022252773257905825	0.03397517514876727	0.18371826218632525	0.08087605375038924	0.0127002770979351	0.033497104311248	0.05729749716082205	0.2996296143036225	0.27605011262937157	3.1301536132372076E-6
0.021809473017244535	0.03351001555436775	0.18350779645842108	0.08112212838375443	0.013351877110061805	0.0335539107012158	0.0573653515038373	0.29961325955396106	0.27616469735616167	1.4903609745625657E-6
0.02190673768835509	0.033948493605965094	0.18385070267443737	0.08142413349462108	0.01288332947615918	0.033502571146988444	0.05784081179443111	0.2988289731509819	0.27581157631930237	2.6706487583905147E-6
0.02179454793008294	0.033785812312937424	0.1842705677479665	0.08169957632118627	0.013320143637404941	0.033362114738110904	0.05734706803347033	0.2989948586561474	0.27542241230208503	2.8983206083882385E-6
0.023959333892276266	0.03368989060483947	0.18114036972372077	0.0805982799585229	0.011291843598432202	0.03485934096106212	0.05858760168186961	0.30084096933284277	0.2750303120097308	2.058236703086913E-6
0.024469607022732737	0.03358487517527203	0.18046752563640425	0.08086176510853432	0.01149880354920614	0.03509005133853016	0.05809187105931346	0.3013599245331089	0.2745737551743875	1.8214025105378617E-6
0.024943099031052407	0.03399544488967114	0.18061688669743575	0.08117379723193899	0.011421540204595723	0.034538362288109956	0.05823495790108359	0.30095095319221205	0.2741231014765265	1.8570873739909288E-6
0.02520001853040292	0.03415266208799422	0.18081473628550518	0.08081148431053922	0.011419555097233719	0.03278839389526103	0.058473087641697924	0.3014582269130366	0.274880462328116	1.3729102131404547E-6
0.024706031695370168	0.035266133962168406	0.18066714133729578	0.07961004737810118	0.01220405704541104	0.03312069538903045	0.05704676360503565	0.3025700115320752	0.27480547247958503	3.645575927149758E-6
0.025317254939765152	0.032510504849318986	0.17909623357068988	0.07954976132018492	0.01436473189583927	0.03367424239999904	0.057583648184304434	0.30300752934428155	0.2748938525371358	2.24095848103123E-6
0.025848239455146277	0.03285152884034824	0.1782243453693475	0.08012476016949618	0.014616255725977953	0.033507455094923685	0.05681625896901132	0.30368947258213974	0.2743192774434447	2.4063501644494556E-6
0.025112510610302535	0.03457801947693777	0.1775853997541308	0.08134190485577425	0.014282469758926927	0.034055464118790874	0.05654058232188409	0.30206295305059416	0.27443934526043223	1.350792226392783E-6
0.02503685071547898	0.035456530964451324	0.17827470030095607	0.08251123247317681	0.01409038286224211	0.033303057953268836	0.05695260087500452	0.30029875963665853	0.2740743964418676	1.4877768952925585E-6
0.024112905293916173	0.034602739110866934	0.17689223635246154	0.08240654497742142	0.016112084526737777	0.0339342404883813	0.058317376563692395	0.29935425994601517	0.2742651408791789	2.471861328415259E-6
0.022211601293830777	0.03231727757519136	0.17343535762907636	0.08074908649605637	0.0202380658926245	0.03370723371819977	0.06285911415941572	0.29818952390846143	0.2762914864932918	1.2528338518696946E-6
0.02351200163346355	0.030442283864863	0.17561796069091162	0.07790702903207698	0.023442681928122572	0.03531824145839535	0.06563107105839848	0.2938074403999885	0.27431849513100925	2.79480277073918E-6
0.023938938201516602	0.029476936416093627	0.17799634870167763	0.07741994472770114	0.021928186996692176	0.03624083726335843	0.06733540118569217	0.29314101909608253	0.27251899075268193	3.396658503726502E-6
0.025275802487137275	0.0298868421139232	0.17922553076114012	0.07645853757201991	0.019609849683454375	0.035332455701897095	0.06840985498942731	0.2916854092736934	0.27411203838165116	3.6790356561650084E-6
0.026039652710319522	0.030099548906347542	0.1790168661319137	0.076812046230468	0.01928446784607936	0.03495699930728892	0.06808491115553693	0.2918281738113884	0.2738736843071564	3.649593501214854E-6
0.026349227005673728	0.030697157165285816	0.17903691078583758	0.07622505206334937	0.02004845690963504	0.03418072617884883	0.06786817086345104	0.2914673826851793	0.27412483950921784	2.07683352150545E-6
0.025648402311437238	0.02922180303252382	0.17853409404134268	0.07707961947019487	0.020345606514387507	0.034141508213715296	0.06796751541106948	0.2916322855258984	0.2754266424560236	2.5230234071138558E-6
0.025749961735154092	0.02899016127698925	0.17841786888851302	0.07755571662552418	0.020603630464934727	0.03317189484334156	0.0681548735769898	0.29211713126488514	0.27523702447305304	1.7368506151776986E-6
0.026440197996550535	0.029343608502712337	0.17713542428467635	0.07750110644272956	0.021761292152694567	0.0333583738434035	0.06854934619225277	0.29237440595624375	0.27353320664906444	3.0379796722296293E-6
0.025772966277871165	0.03154325122761459	0.17770385280341966	0.07621956539889385	0.021205887764650377	0.03342263523872335	0.06700424593654652	0.29160328220743853	0.2755205552517938	3.757893048114691E-6
0.025541324374672478	0.03194577127690572	0.17766305874469712	0.07630034413656506	0.02136123081621437	0.0330527250287241	0.06693128946172792	0.29127525257830117	0.2759265254931647	2.4780890274384015E-6
0.025285392077314103	0.03177480714255862	0.17831349985269007	0.07716314025174684	0.021106771319834558	0.033067942875648196	0.06637366577036895	0.29157883609133084	0.2753336103263235	2.33429218442216E-6
0.024547297932007703	0.03231847067469355	0.177546462072527	0.07706859753776711	0.021575070001141422	0.033500683883009474	0.06720735409093587	0.2918805595262686	0.27435267257125967	2.831710389616937E-6
0.024181727522775143	0.03171362109949401	0.17814382906938686	0.07651388115161979	0.022013033498759063	0.03366588995442081	0.06741471185498195	0.29176390439819255	0.274585859906108	3.5415442618813575E-6
0.023141937202555266	0.03369426823204663	0.17736348755940679	0.07708917661113672	0.021870947077649666	0.03453815171239821	0.06699806901172753	0.29285947184244276	0.2724409323493722	3.5584012642447815E-6
0.02221197098983442	0.032877330220546994	0.17638962490028043	0.0774329505190564	0.021878082542763508	0.03494869173266328	0.06758048847887527	0.29322774766887455	0.2734498634662262	3.2494808790139995E-6
0.022274336236156628	0.0336518363328135	0.17681016862910687	0.07778676749725563	0.021606995831829637	0.03520403046403721	0.06727214779550354	0.29232520466437467	0.27306715203291493	1.3605160073676403E-6
0.022393920449109803	0.033915644690676	0.17663060907061084	0.07775510543476162	0.02193216591038606	0.03486542610184919	0.06686773019645935	0.2924582354057295	0.2731787363737657	2.4263666519308558E-6
0.022997531177026118	0.03350801121288406	0.17695291086903403	0.07756655962460549	0.024045997022031432	0.034319678772899445	0.06722915896630624	0.2895347458461165	0.2738431929480752	2.2135610215634483E-6
0.02279047088832452	0.03469977697809068	0.17711923405077395	0.07849922961830569	0.02266908404149541	0.03349536485948214	0.06785617878666972	0.28926827625035634	0.2736004714638482	1.9130626534302753E-6
0.021927325124544386	0.034002906192155624	0.1777921147034957	0.07819764936276458	0.022290766659134972	0.0332976473102365	0.06718952771724171	0.28978459778074983	0.2755141150621036	3.3500875731423685E-6
0.021798601465207	0.03423811321991754	0.1773478461345505	0.07823169994298149	0.022592881099090065	0.03302009699445592	0.06774321650554341	0.28994104319661135	0.2750827625369225	3.7389047202879278E-6
0.022178052333142642	0.03427899469601306	0.17708023798399147	0.07766945855641377	0.022620806207470645	0.033134449492598916	0.06731839137924514	0.28989590640624296	0.27581998401479146	3.7189300900047906E-6
0.0232332580222228	0.03370684640735423	0.17645831657277916	0.07784992053450934	0.021474940518503835	0.032764343559870956	0.06796398613510951	0.2892384224915897	0.2773076023730387	2.363385021741937E-6
0.03635037075818763	0.033613525672160555	0.1791470330985745	0.07903148849501575	0.017191195272824464	0.03441155603537256	0.06976912594963432	0.28510627159704344	0.26537644076117745	2.992360009362871E-6
0.035730115169627694	0.03337305700800404	0.17933513468686785	0.07887356057831815	0.017056262367204075	0.034961226899767425	0.06988409151384783	0.2850215186077895	0.2657631039195342	1.9292490391897843E-6
0.03563884592737124	0.033882356679876935	0.17975172410256224	0.07816245680675385	0.01687363400714631	0.03634634371901678	0.06897994814844913	0.28458991869812955	0.26577141895175865	3.3529589354153178E-6
0.03655259399650275	0.0354614111206837	0.17957404818465214	0.07689149740886428	0.017847413507205603	0.03547723832796179	0.06724039344164379	0.28477975178313164	0.26617367746758697	1.974761767373212E-6
0.03704010603444237	0.03734604475100617	0.1822793066577437	0.08451263907804045	0.0131217448976024	0.03523656957616113	0.06452508491410859	0.28423720864274954	0.261698892793514	2.4026546317362785E-6
0.037389854325457036	0.042733834243527516	0.17627048780199572	0.08417140661362241	0.013622645279926265	0.03588674601430586	0.06362646458277557	0.2853011678649864	0.26099409100249377	3.302270909527616E-6
0.03921966313912563	0.042414590094854834	0.1801428530982881	0.08631378660695438	0.012692428642792089	0.036546542685342964	0.06088066465422329	0.2819089650543809	0.25987843747849126	2.06854554661573E-6
0.03257182626342878	0.0469459569597731	0.1827345713416663	0.08186211218992683	0.012679504903710087	0.03932527266775759	0.05929588220113493	0.2899948791158887	0.2545887505524932	1.2438042204104827E-6
0.032405810336244886	0.04711106508158194	0.18342840729283552	0.08230688508787286	0.012370544992766158	0.04007357874338398	0.05723937312803898	0.2903112753298783	0.25475153366322834	1.5263441690283042E-6
0.03236118975319496	0.04713382348413962	0.18285205899003848	0.08141413146358306	0.012073645442629483	0.04025128510781584	0.05792358428687651	0.29145808548178126	0.2545287741890674	3.4218008734265837E-6
0.028830249759221646	0.051718112038671715	0.18183348469037852	0.07841185756659613	0.014929185447639534	0.039974003399744794	0.05896420967005556	0.2892201966655377	0.25611537455940264	3.326202751799401E-6
0.02931053426204705	0.05219719920627027	0.18187628219498655	0.07848900036934946	0.014503658588960272	0.0398234057911731	0.0594575902116321	0.2891542582429732	0.2551853107187747	2.7604138333053863E-6
0.028075551957783912	0.05299168407066365	0.1818635659325914	0.07685665235844959	0.01556061665105711	0.0403052361967139	0.059575751452675726	0.28921398047240027	0.2555547891167134	2.1717909510360345E-6
0.025615442962643828	0.054240958419489574	0.18290073751447888	0.07630520122575764	0.016386184754716274	0.03803120829552151	0.06158844682011795	0.2894710136814054	0.2554584729506249	2.33337524414845E-6
0.025399007469903256	0.0539352653240725	0.1831772865336868	0.07628225723106799	0.01745947547449804	0.03742428513977801	0.06175113214853053	0.28948483108364037	0.2550825604509549	3.899143867627797E-6
0.02594969211343101	0.05462411431415798	0.18288156794235771	0.07679326018435848	0.016984703941799073	0.037383133324075016	0.06127362472783447	0.2889631929806569	0.25514311553317354	3.5949381557293103E-6
0.02944393474680186	0.054477085678217976	0.18600117615714273	0.08039067310056515	0.014732255191880414	0.04259858230732878	0.05542138572077873	0.2841994840604557	0.25273240030152977	3.0227352989936618E-6
0.029245647297065122	0.05403884601932768	0.18708275237582894	0.08264914008386642	0.014479860541435977	0.042683755457895184	0.054981229909038434	0.28374323165756704	0.25109333297729414	2.2036806811009946E-6
0.03051969920981938	0.055231918644037495	0.18525131730816036	0.08180850528962547	0.011982044313705933	0.04357366381820478	0.05571390136764031	0.28449101118555997	0.2514260497407946	1.8891224517758598E-6
0.0316745884103662	0.05364410953288538	0.18368962963904048	0.08274949072005919	0.0127446145088808	0.043899225041542346	0.055938888903408465	0.28278065069987973	0.25287607179798366	2.7307459537356804E-6
0.0314494878494411	0.05401720088896845	0.18407321514286565	0.08204520783516521	0.013164157235922236	0.043231502939725386	0.05653850620763967	0.28293810393541385	0.25253901565998416	3.6023048742978014E-6
0.031970558657302126	0.05393791066426786	0.1835482461980516	0.08182011530614114	0.013007795373608272	0.042908521934170586	0.05689969698320912	0.2828705013076461	0.2530327556701218	3.8979054814008984E-6
0.03158866712968496	0.05425553740209007	0.18237865093286995	0.08219627953845449	0.012788697431508761	0.04273053888587978	0.057823295332247636	0.28356341513862826	0.2526732988459267	1.6193627094401863E-6
0.030660632587094117	0.053867282936598745	0.1829623940664714	0.08347143589381362	0.013224451865481213	0.042847331973319316	0.056189334065416804	0.28363852297635067	0.2531347079011759	3.905734278206174E-6
0.03433930160386979	0.054116723207435345	0.1818891296448336	0.08117962912662807	0.012519916366745237	0.04591180787936284	0.05624125675935809	0.2806351676195661	0.2531637227704711	3.345021729855846E-6
0.031240179464070594	0.055283537850099346	0.18264215973539913	0.08328950013171742	0.011627076374180076	0.04943826456016462	0.05414081067786582	0.2798788277460041	0.2524563152045329	3.328255966050797E-6
0.030297932307213102	0.05637020520601468	0.1830220583552567	0.08236757500723386	0.011552510828197679	0.04924159129038696	0.05436378212324936	0.2796948897574668	0.253087231928648	2.2231963327651316E-6
0.029865624309019276	0.05594789609288101	0.18299494533613975	0.08235419377423936	0.011284739529563007	0.04967559835516477	0.05462714150249353	0.2797784101941667	0.2534676501742028	3.800732129841111E-6
0.03153772831915026	0.055800452490632195	0.18016950054963093	0.08311429976567748	0.011530303382200263	0.050890153350981564	0.05569918860552751	0.2796702212054386	0.2515856780882074	2.4742425537988E-6
0.03179809676053966	0.05553391981800692	0.18005362552583876	0.08277046915137914	0.011735188280237965	0.05050833424338468	0.05562065171758285	0.27977262519981166	0.2522047322165483	2.357086670137787E-6
0.03156981141564598	0.054846524885458256	0.17981587927696047	0.08206078052660726	0.012800269269779202	0.049687868888599857	0.05627941091407229	0.27842893452074896	0.2545068527010576	3.6676010701924833E-6
0.03282610187133783	0.05566516383237081	0.18239115137048242	0.07795030250257744	0.017367703034752796	0.04857492658564407	0.05966381654885277	0.27794713706868224	0.24761075682667688	2.9403586227355616E-6
0.03323941200936088	0.056022368558048756	0.18424048759422915	0.07825862966604677	0.016561744649065346	0.048409522683403004	0.05913634124608782	0.2776508912348338	0.2464789050525385	1.697306385980979E-6
0.03334352695809513	0.056231412922037004	0.18421946133056072	0.0781528653746177	0.01641982028272726	0.04892923114677283	0.059895613765625876	0.27686722957692406	0.24593877409193904	2.0645507003980157E-6
0.03471024766236329	0.05854476784131365	0.1813661362265146	0.08023130156973837	0.01939282373162736	0.05215711857286962	0.05723884276584792	0.2737236017567567	0.24263191643729493	3.2434356735805414E-6
0.034785641519488486	0.05868521355276485	0.18178113979314625	0.08056576010952339	0.019301605958237655	0.0521781290563933	0.05681449090265359	0.27351327617797155	0.24237273877432547	2.0041554954913776E-6
0.03128764316309769	0.05607218871652313	0.1851850313196161	0.08292878156590269	0.021111736502183023	0.052965640777843534	0.055525609226247136	0.2728746255387308	0.24204544030609265	3.30288376329535E-6
0.029739240917941126	0.055923729225541965	0.18459762977878888	0.08359427460361682	0.022638717095777083	0.05252817864369722	0.05404278418849896	0.27320354880627	0.24373001112292925	1.8856169386322064E-6
0.02902990931625675	0.05627903730504144	0.18493715151285	0.0833260963074253	0.022704543073514785	0.05310680900210549	0.053660404431499185	0.2729225715560852	0.24403192015050434	1.5573447175315502E-6
0.03245730421144964	0.05440671310038778	0.18073955924396157	0.08638215899765936	0.027110661280832477	0.053794971152144086	0.05481813167340281	0.2685447354650901	0.2417429209560717	2.84391900050307E-6
0.033870175559748264	0.053931542480885206	0.1813098342744956	0.08676235129005383	0.027735105827029205	0.052802078833568564	0.05428836647369538	0.2701784296596784	0.23912032054610066	1.7950547448880583E-6
0.03422902047264252	0.054587696410121046	0.18116347249297465	0.08611915953306847	0.027474760004662493	0.05288439693676721	0.05406217516123859	0.27032192681324774	0.23915595461366085	1.4375616164130633E-6
0.034392011966909	0.05338506279687127	0.18149635563784988	0.08493270829409597	0.027025701767965787	0.05498965507601799	0.05364889067005693	0.2709825626384557	0.23914571587163896	1.3352801384869384E-6
0.03388415444268812	0.051820526079843256	0.17859926885930638	0.08592811136559256	0.02985456921002351	0.056413757737017206	0.05612966587338319	0.26905988108548223	0.23830771895755365	2.346389109911251E-6
0.03366591052372657	0.051740074464193604	0.17838432374701013	0.08605305763108531	0.030191417897815917	0.05654351962790793	0.05627694577190479	0.26910472883026654	0.2380373556993441	2.66580674514183E-6
0.03235831999246583	0.04470405149045197	0.1782223908251377	0.08633011831723342	0.03314008887482185	0.05545777278093303	0.05673383975157515	0.27059002650943764	0.2424607685419748	2.6229159686835812E-6
0.032396334143333524	0.04384728079202318	0.17841106025605805	0.08597279310321775	0.03301475121654482	0.055618109267852545	0.05722166550060439	0.27121845376793713	0.2422976900422396	1.8619101890965384E-6
0.033274738374634266	0.04331573745166729	0.17916989506555248	0.08677548525263896	0.03195553155702813	0.05560848142192084	0.05799406742888522	0.2705973804921959	0.24130681007469912	1.8728807778117806E-6
0.032783321815433794	0.0431382157409452	0.17956073016329116	0.08577501098410767	0.03192844339439575	0.055763172061974106	0.05845430308157762	0.26973054816194225	0.24286385157205764	2.4030242748718234E-6
0.032663994003354124	0.04391371140124875	0.18037421159666334	0.08567396144124731	0.03115675593759716	0.05558257472711448	0.057952960300931375	0.268837915892858	0.24384031354078373	3.601158201735344E-6
0.03419474019145065	0.043553007914622674	0.17913524272639475	0.08628599757290929	0.03181567946990049	0.05528258523730932	0.05857751712992113	0.26730133865648276	0.2438506148366691	3.276264339782675E-6
0.03381373009411963	0.04414633320349282	0.17947020361767646	0.08703579490050445	0.03053051332443142	0.05579264371358517	0.057825045999926446	0.2681329191939992	0.24325075647728894	2.059474975529829E-6
0.03598470193386523	0.04019413100263562	0.17884460179963585	0.08603383051468774	0.032008427245121124	0.054922478332927474	0.06081546782220171	0.2679712060810314	0.24322238499429655	2.770273597255124E-6
0.03724860198152298	0.03836531113119567	0.17644750361870937	0.08664735227345655	0.033996201167904486	0.05511245163913117	0.06137518030423198	0.2684209666569703	0.2423834414474782	2.989779399345527E-6
0.028868332547118625	0.039500716224713454	0.17817769272992506	0.08477989587663469	0.031885945283323947	0.05600375805254398	0.070448727013968	0.2587175021742816	0.25161395410573417	3.4759917564297638E-6
0.028774794164249412	0.04000067082793047	0.17807891094567666	0.08430968925219216	0.03185204891034796	0.05634395985200383	0.07074828614321045	0.2588432238069824	0.25104540765444594	3.008442960736324E-6
0.02974639091817545	0.038642798196558276	0.17761528526586268	0.08452847715506666	0.031942473236319324	0.05483131704954653	0.07133719714795603	0.2602319116025747	0.251121142082722	3.0073452183948524E-6
0.028351013423631582	0.040054042074144564	0.177493400061717	0.0831939887998853	0.03210390573054006	0.05552425166577628	0.07131695833838549	0.26074338112348755	0.2512175227931019	1.5359893303645844E-6
0.026976034564518386	0.0386805463427944	0.17817972708018914	0.08624861875779188	0.03322741321466413	0.055413804171785846	0.07232732201951922	0.25960767901963017	0.24933728093584706	1.5738932597902933E-6
0.026634668656143487	0.03785109272293238	0.17904267361120324	0.08437691965492786	0.0332411545042139	0.05876099209080397	0.07370017156831762	0.25865675936879046	0.24773262566512855	2.942157538543544E-6
0.02701594545491133	0.03760612619816667	0.17894642902199442	0.08479551965521887	0.03412970417209121	0.059246152220099615	0.07306535505439843	0.258517165100105	0.24667377310431143	3.830018703132598E-6
0.022755987678134568	0.039791865171257434	0.17710787566728403	0.0831069666999241	0.0386490410967984	0.057024708227683824	0.07363305856256105	0.2625095471564398	0.24541836374063858	2.5859992782428787E-6
0.02282911851026266	0.03923104176441419	0.17754602718820545	0.08219380506874865	0.03870463916131256	0.05786492272847838	0.07322134524436022	0.2618837404148193	0.2465236089504923	1.7509689063111011E-6
0.022226517960026893	0.039954792953867176	0.1768124667954444	0.08275369003668018	0.037825639103227636	0.059362448795125915	0.07342005986669942	0.2616076158063675	0.2460338544562335	2.9142263273801428E-6
0.022489109828866427	0.04047790231262215	0.1763863081271867	0.08190734791530604	0.0372375151421141	0.05992085485233897	0.07409993991562934	0.26118306662079527	0.24629665656056615	1.2987245749246368E-6
0.022503879234147275	0.03995300872306652	0.17647966023682254	0.08156471868137866	0.037416637857145676	0.05986316253475571	0.07473624740464815	0.26085055182445893	0.2466287488179011	3.384685675442145E-6
0.023600628947386626	0.040286585312754294	0.17715283059837755	0.08173516404201893	0.038222527600483766	0.05970784280870989	0.07350122097403797	0.26008936524946713	0.24570265760639837	1.1768603655065712E-6
0.02403996650846099	0.040427757114321235	0.17674694486058262	0.08213682886875734	0.0381655788228969	0.06047809569353407	0.07337043974438517	0.2589366395660985	0.24569408720709207	3.661613871094871E-6
0.02357151203784648	0.040195166218571145	0.1771207459615754	0.08122547372805103	0.03884230563969641	0.06053132921824483	0.07381397483806737	0.2591673871388882	0.24553067155918562	1.4336598735259498E-6
0.027744579536132727	0.037674119913118684	0.18074758810005614	0.08290628741513101	0.04050589919537183	0.060807836218307265	0.0672255025731186	0.2580627135905734	0.24432311393352846	2.3595246618490773E-6
0.030342225161592837	0.035853666846337964	0.1826714654404769	0.0981259859890811	0.03606626336239961	0.06219873425235022	0.055224389796682	0.25668846519764704	0.2428262743337578	2.529619674521144E-6
0.033651389450088984	0.03897585869988328	0.18256209214291086	0.09641105116511631	0.04188979365520876	0.057470285598269916	0.0546932072530269	0.2562170389992498	0.23812714191781675	2.141118428458655E-6
0.033691874225103335	0.03895802355979186	0.18237698203619562	0.09620907762318837	0.04169794678531294	0.05732277436692086	0.05504177461809704	0.2567677735142963	0.23793225817718888	1.515093904849718E-6
0.034477377565737474	0.04403575053017913	0.18226289080138192	0.09557530505654102	0.037185475155945474	0.056576254628944146	0.053716930797910685	0.25779325677886933	0.238373801128893	2.957555597801753E-6
0.03536935905585441	0.04331115402677396	0.18197931042358273	0.09596953503241254	0.03745536146307901	0.055633397874851234	0.053647071082768956	0.2585581005704491	0.23807502375455525	1.6867156728272992E-6
0.04252192912777559	0.04195997488599446	0.18723637163583529	0.0935243875591109	0.03550590426730972	0.04778795631134561	0.06215880207414705	0.2616640201655372	0.22763804612477395	2.6078481702718204E-6
0.04214171041740988	0.04168543721196145	0.18795207302418324	0.09367063996388712	0.03520140092348838	0.04742054652325665	0.06246557317750381	0.2618440501720025	0.2276157883675488	2.7802187581998927E-6
0.045297295739016044	0.04097294268866813	0.18675487003343666	0.09513825677620626	0.03512676385782788	0.047454779104438495	0.05730875463095008	0.26178964931645893	0.23015477077369234	1.917079305219227E-6
0.043757822335123	0.044957869783789926	0.19191644108044353	0.09391244792726297	0.03186613075473478	0.04837248746881394	0.05666992878918904	0.26021766336954233	0.22832684082764737	2.3676634530039875E-6
0.044314917491949865	0.046497720827657456	0.19038669422481114	0.0918166502373554	0.032981793241812926	0.04914119467812046	0.05629461634705573	0.2590442300700657	0.22952049020573978	1.692675431513857E-6
0.0440287434525391	0.04645120199751586	0.1904317260569374	0.09176966442693997	0.033435376536606526	0.04914770543129165	0.05616367525286246	0.2590044435585233	0.22956575079421782	1.7124925659611767E-6
0.04107960390634885	0.04859512907582287	0.18990198123031354	0.0932842290613787	0.030867346873366577	0.048707575402612335	0.05705597768596705	0.25942788950611345	0.23107899506277418	1.272195302465251E-6
0.04017816159439268	0.046439619904904056	0.19075005228144723	0.09108679897220368	0.03055921010786418	0.049858561390332665	0.05789778929856698	0.26142798527775996	0.23179835630627038	3.4648662582403844E-6
0.04034290745283044	0.04590622547965404	0.19165570933120274	0.0918901014461946	0.029260540894543954	0.050400635044636634	0.058107976576812735	0.26063188269618676	0.23180260081154436	1.4202663937284976E-6
0.04028603653404507	0.04571891346436353	0.19177657008888105	0.09136016408897671	0.0288204188914203	0.05003746869329954	0.05802844331435398	0.2614195144920323	0.2325495185545205	2.951878106990935E-6
0.047535233251634015	0.05077762094080281	0.2083136583840947	0.07889413227886484	0.015999572942397886	0.04683742913431904	0.057095583392767955	0.2573929410848457	0.2371506943087609	3.1342815121349066E-6
0.047493630898415004	0.04984926431146794	0.20891108185795265	0.0802880712075417	0.014965901530186815	0.04682458093277862	0.05574606430434516	0.2582849125350905	0.23763458273853738	1.9096836842286136E-6
0.04772102782811599	0.04977771520649563	0.20912206318445448	0.08068191910687157	0.01436843919001922	0.0471421122761445	0.05468068827809954	0.2581746324347731	0.23832963326420664	1.7692308191957773E-6
0.04638606237826385	0.04870336850312815	0.20872896678344582	0.08024484931533994	0.016131556437750785	0.04860125646393597	0.05654885459370271	0.2552427997595562	0.23940981148955703	2.4742753195750034E-6
0.04533714972650218	0.04903993794390822	0.20809643116982907	0.08134844639050706	0.01684382374769154	0.04787423521924204	0.05733409474054502	0.25471652325865846	0.23940566226428173	3.6955388347109652E-6
0.045615366810987636	0.04928966905516635	0.20854380366755398	0.08098568456830588	0.016852252340156637	0.04727600613156323	0.057413406231589206	0.2547687054326645	0.2392515246865603	3.58107545221642E-6
0.045218753713350004	0.04915944664527431	0.20913665258950137	0.08068575611392839	0.01637638296036746	0.04721120693540919	0.057215494897633216	0.25522220712953897	0.23977030020908646	3.798805910587566E-6
0.04530334826059672	0.04949719703704073	0.20882757281833558	0.08052381229895578	0.016433353543412382	0.04682117715370734	0.056666256333963494	0.25610808733466556	0.23981599042389445	3.2047954280078894E-6
0.04470700604259778	0.04965431158738929	0.20890293159970247	0.08117814681137879	0.017145695362621977	0.04652331525302574	0.05604560462288203	0.2559027109824779	0.23993715900747165	3.1187304523477843E-6
0.04496075365461407	0.04912740214626909	0.20827543241503693	0.08088140437732341	0.016504230351125665	0.04806726604651163	0.05626439291009151	0.2554132543732198	0.2405045866324811	1.2770933267985951E-6
0.03934661105494629	0.046423330719621146	0.20631228786571165	0.07960199465623705	0.018559023649098588	0.04843298778231097	0.05938928509639593	0.2567855658197929	0.2451469421375006	1.971218384896889E-6
0.039827887008518	0.04562335299997775	0.20878437429138247	0.08175248038595892	0.018219383105513173	0.04565326811182784	0.059639416240976253	0.25647620210967087	0.24402176816458543	1.867581589320988E-6
0.0395275886742278	0.04643841670802228	0.2078011871763108	0.08154632382395952	0.01832941497844419	0.04560249350564869	0.06037634988246903	0.25601939739488994	0.24435622814045854	2.5997155691931395E-6
0.026548567616728025	0.04462751561697682	0.2146798454669277	0.08918160509992464	0.02106947327534768	0.03712687127319633	0.07147510167666771	0.251109435556459	0.24417936171510768	2.2227026644089376E-6
0.028051836983203973	0.04571606197677092	0.21176683304658311	0.09061301004549432	0.019469537763500286	0.03413591780288894	0.07242995399606209	0.2556661451816729	0.24214806517442344	2.638029400023334E-6
0.02863130101235012	0.04532167685035562	0.21112671969817093	0.09042982204921629	0.019559689895559312	0.035313777942139815	0.07154417846528541	0.2556723769459913	0.24239909672050935	1.36042042174489E-6
0.029964873221681412	0.04488912077555051	0.21146424597252883	0.09101823483508732	0.019947732645225216	0.03505359626279701	0.07060008752828689	0.25366723499005805	0.24339369167466635	1.1820941184237377E-6
0.029949397579479925	0.0450955859523929	0.2116711731976345	0.09105409991774743	0.020274463137997203	0.03481196241285171	0.07030776834764527	0.25365863369004454	0.24317345926388823	3.4565003182995824E-6
0.032553789064078034	0.044820516606087865	0.21097752923040575	0.0945658806806193	0.01774346980618538	0.035444796148615704	0.06880041586473121	0.2530279017142233	0.24206334341664482	2.357468408695218E-6
0.03168495813570414	0.04477875086408435	0.2091833098210396	0.09584502902191883	0.01271555600843531	0.0360391654031518	0.0723255295895707	0.2484816854990481	0.24894466291067585	1.3527463712526E-6
0.03156440286032054	0.043695547373219214	0.20942978953461588	0.09572775207432727	0.012948986936524604	0.03668345429094885	0.07200126212256047	0.24867584501002155	0.2492703501342196	2.609663242045257E-6
0.03382920322473994	0.04538469032119424	0.21186245904804696	0.09435082338629107	0.011720915230432213	0.03581693544020932	0.07093563684377244	0.2475564305634977	0.24853987847239378	3.0274694222814924E-6
0.03506285153383691	0.043178512439190096	0.21133445836043524	0.09439475740579485	0.012480140835523387	0.037295550923960724	0.0739708012959682	0.24777584765089694	0.24450417265810792	2.9068962857231595E-6
0.03433707271396211	0.04324871924420208	0.21162471761163826	0.09385938612056274	0.012039758066765854	0.03755509597516425	0.07335789761694363	0.24839506254842925	0.24557854833356896	3.741768762902109E-6
0.03207003804531748	0.04455481413217083	0.20838100516237892	0.09697259396045635	0.014454080863552043	0.03306687572271794	0.07509744728837112	0.2510582590392415	0.244341867021725	3.0187640688433826E-6
0.031279809933045494	0.044319555148510326	0.208128056889002	0.0972076761093326	0.014959012066078956	0.03307405478337276	0.07539695674990822	0.2513781556532633	0.24425486443868438	1.8582288019569626E-6
0.031910363035011005	0.04340663441367751	0.20776065045907344	0.09768603350559303	0.01627280244525081	0.03298771400247713	0.07669227207829155	0.25052472727216596	0.24275497892941833	3.8238590412825735E-6
0.032264822082967035	0.04294817086485244	0.20498704483692226	0.09866530834769296	0.01428722895762935	0.03313831683679608	0.07763979510221448	0.2505513701519488	0.24551659109338386	1.3517255927075755E-6
0.032397066696618015	0.04219194157735364	0.20547572323866403	0.09905108483937565	0.01491308441569332	0.032969424842386616	0.0774056839870269	0.25029240377181117	0.24530169369745086	1.8929336198098001E-6
0.03296451979113575	0.041254196224899044	0.2054889665215957	0.10071579607781454	0.012505494972619297	0.03471400103974907	0.08087382116562492	0.24657074514148952	0.24490927119003647	3.1878750356983954E-6
0.03386181273066956	0.04085468426645597	0.20470176269168566	0.10090089273911991	0.01391081543270059	0.033231046341764076	0.08066407454744343	0.2465566581236014	0.24531468906355902	3.564063000408013E-6
0.03350787259276418	0.04032760000744535	0.2059169733750872	0.10040088651466224	0.014203177225690714	0.034211967725575484	0.07983439681225915	0.2466301912869226	0.24496416343147032	2.771028122836028E-6
0.040627744584646006	0.037946509254819724	0.18749148622880069	0.12283822336797612	0.01605712723358385	0.05081347714945225	0.08237758704598426	0.23835662020141568	0.22348890705932015	2.3178740012758103E-6
0.04064023404012471	0.03822744358278385	0.18776355202727196	0.123276622551345	0.01608500015731136	0.050965432927055264	0.08223691263347013	0.23796546684117342	0.22283772045731967	1.6147821447071165E-6
0.040637832884398435	0.03826509351516218	0.18922234821839082	0.12010959866180894	0.019140863232145866	0.051963899319594685	0.08262785130618423	0.23439585597818047	0.2236350501424077	1.6067417267368045E-6
0.040626868112628986	0.037653763494189224	0.18908472287021102	0.1204321906595568	0.018409639874560846	0.05123218323351564	0.0827341074353485	0.2350614924886255	0.22476367447463813	1.3573567253927221E-6
0.04006950628543175	0.04029039709003929	0.18833574096928252	0.12073741403239471	0.019353224899281027	0.05037848416979461	0.08340362103178596	0.23281416993048415	0.22461517425338043	2.2673381255555736E-6
0.039759016389158935	0.03972213265724431	0.18900273446648774	0.11990918762571826	0.01950290857465803	0.05126392238856904	0.08337694175318111	0.23358283772176325	0.22387828929172052	2.0291314988679643E-6
0.03973397104790698	0.03977108040122	0.18880884987988505	0.1194679581923393	0.019197972662827287	0.051593745583270956	0.08273821177217508	0.23473540007295368	0.2239514582183899	1.3521690317569446E-6
0.03992118141932298	0.03986549412252454	0.1886978876186886	0.11910308703246847	0.01876943719907591	0.05087457008139709	0.08308494994809813	0.23528906498267732	0.2243931198107355	1.207785011447804E-6
0.03611394705604773	0.041112573224614236	0.18937003862839463	0.1172459109572831	0.018770156038485253	0.05193250394178964	0.08316429777032809	0.23625005482151656	0.22603800758945203	2.509972088768353E-6
0.03529738338140595	0.04070082451444306	0.18955431159753078	0.11722332031470618	0.019114349229702732	0.052758923034515334	0.08342713962443565	0.23595603395229786	0.22596463631518182	3.0780357806042824E-6
0.034769605593113484	0.03986954257950599	0.19000941708595762	0.11741504378826266	0.019744562044252373	0.05229642652199604	0.0827978134928759	0.23626807045444082	0.22682673734312447	2.781096470602651E-6
0.03540435573179905	0.03937233709693107	0.18996998343605961	0.11746251329410409	0.01993881952742374	0.052255078051349726	0.08284406001339994	0.2362729522668291	0.22647617503303552	3.7255490680787595E-6
0.036291175347524116	0.04178275637524242	0.1902990471236694	0.11707331392534051	0.019492129577175818	0.05007248801583112	0.08350953492061464	0.2356609016080553	0.2258167283628595	1.9247436871122625E-6
0.03664039645484796	0.042840359688632514	0.19024538321137263	0.11615194005107349	0.019965605875729014	0.04914620657157972	0.08292603091182907	0.23607115258609618	0.2260091768176214	3.7478312180233564E-6
0.03701451643716218	0.042288688381520494	0.19020537524452152	0.11634789925755998	0.019996477806890248	0.04933412021785304	0.08257843082506265	0.23560943215172497	0.22662267691987015	2.3827578347762612E-6
0.03674988453582971	0.0429911927232202	0.19026055941880038	0.11591325140960118	0.020861976829010184	0.04973770490410197	0.08263211354881964	0.23495678038297552	0.2258938799931664	2.656254474805997E-6
