0.15504056403082314	0.16320993099701864	0.32660748542007	0.26050929938934425	0.0946327201627438
0.15817971277426257	0.1631625733272725	0.32645914904261386	0.25517526462640944	0.09702330022944144
0.16130956594452867	0.1626725439539435	0.3218921386061123	0.25866552338532967	0.09546022811008567
0.15428729627047305	0.16247402608253292	0.3274369763954895	0.25800603578821524	0.0977956654632891
0.16119123118946602	0.16389786984838015	0.3255356282739087	0.2556122595871687	0.09376301110107621
0.15809241701212567	0.16344785797928696	0.3250947688228052	0.2576770271438295	0.09568792904195246
0.15920787854608937	0.16282818205326377	0.3222708681348837	0.25986496596911113	0.09582810529665178
0.15574795732441915	0.1639544208767637	0.3240368825379854	0.2612440465130937	0.09501669274773786
0.15902208226848197	0.1628798448541785	0.3230343876623154	0.26178419667480324	0.09327948854022064
0.1580416444673029	0.16329275111932354	0.3223077003634471	0.2619056674799588	0.09445223656996748
0.15792070082986825	0.16216636707812665	0.32238972743815564	0.2609760291675308	0.09654717548631839
0.1567838845381036	0.16403048424259065	0.3219501728857168	0.2608072771208042	0.09642818121278454
0.15492223130381932	0.1634453318912228	0.3278520394548508	0.2564201399252095	0.09736025742489737
0.15825418579055736	0.16198473825035664	0.3249974574926928	0.25934823429520176	0.09541538417119122
0.1610337688380194	0.16200963582423936	0.3233886036593761	0.2568464215769823	0.09672157010138266
0.1605550535051165	0.16184019444187497	0.32328779180943135	0.25969604949798203	0.09462091074559495
0.15944639915750375	0.16320570526913375	0.3223853048838601	0.2611227053753728	0.09383988531412947
0.1579953891248962	0.16189493483848577	0.3254545844498886	0.25699067351932076	0.09766441806740844
0.1545903621795046	0.16283493415541578	0.32471808358225956	0.26182966994284035	0.09602695013997947
0.1584427143600039	0.1628330043097551	0.32560998202661917	0.25741886800130687	0.09569543130231474
0.16003517426436584	0.16128257721016498	0.326415635761049	0.25640482512705337	0.09586178763736666
0.1598519912020669	0.16162607252327588	0.32309394918509654	0.258659385838227	0.09676860125133346
0.1579939938723698	0.16291268842706913	0.3225617094818043	0.26015249247285716	0.09637911574589952
0.15874914690036826	0.1625985462650656	0.32570092002440687	0.255395403568579	0.0975559832415801
0.15993440578937002	0.16160181744256497	0.32288707235715214	0.25839986973347256	0.0971768346774401
0.15820836671803584	0.16207066484495605	0.3292861628981617	0.25552511085104185	0.09490969468780433
0.1589422880744688	0.16379048277467795	0.32509474602119104	0.2573843761195402	0.0947881070101218
0.15878293266491816	0.16124932677224785	0.3258123966784462	0.2601107686217153	0.09404457526267228
0.1576578419594899	0.16355858971718962	0.3251564162085508	0.2564406738040459	0.09718647831072358
0.15420424715251663	0.16340920434956532	0.32876303475351376	0.2570190917016581	0.09660442204274602
0.15492120868894804	0.16184062518550069	0.3273647911065063	0.2595169444916815	0.09635643052736335
0.15663926002954723	0.1631918794614536	0.325038481551858	0.25899150536161986	0.0961388735955211
0.1575743282161538	0.16094232886642906	0.3289618537538683	0.25895778177691087	0.09356370738663766
0.15813171278985153	0.16109939913530935	0.3273809725761271	0.25595012057493804	0.09743779492377388
0.15556955346142454	0.16317773688212453	0.32181498164146904	0.2621636684943106	0.09727405952067113
0.1586453585464683	0.16217976782015509	0.32763104887285016	0.25604619798760186	0.09549762677292438
0.15670938658705544	0.16133253465508457	0.32682030441412663	0.25797010428570194	0.09716767005803123
0.15571364951350747	0.16217724242540169	0.32774341065105606	0.2607794655193776	0.09358623189065701
0.1598176076893254	0.16271113963578065	0.3240988861342824	0.2581562086771356	0.09521615786347569
0.1550755830194209	0.1640112360528439	0.32880952547032916	0.25731971069445536	0.09478394476295049
0.16087643689338446	0.1625958750616318	0.3224894615757849	0.257842328230017	0.09619589823918162
0.15762246066779118	0.16215274278335381	0.3242284818336779	0.2604395138900558	0.09555680082512107
0.156451184027803	0.16290303905730733	0.324822343795197	0.25774866948006053	0.09807476363963194
0.15825252455190142	0.16226110834492724	0.32173441127384694	0.2623484842524104	0.09540347157691378
0.15957657275663328	0.16314534207796957	0.3239375306418142	0.2557625284906709	0.0975780260329119
0.15557634040193882	0.16108721623598365	0.32624412751834003	0.2600643345233515	0.0970279813203858
0.15605771929213963	0.16409001102677417	0.32277717132386896	0.2597024249588008	0.09737267339841624
0.1545851355780795	0.16349521472294717	0.3281643510160632	0.25625249692278745	0.0975028017601224
0.16198807407198373	0.16413019056858513	0.323444228493602	0.25561286818147566	0.09482463868435329
0.15981644562922961	0.1623531938376775	0.32228576134992115	0.25986635191468455	0.095678247268487
0.15418429508673986	0.16165382049694355	0.3271739830690599	0.2591088234244435	0.09787907792281293
0.15694486725117202	0.16217835876983416	0.3260758737346551	0.25841690444726245	0.09638399579707616
0.15962060434218994	0.16116987914594594	0.32647928276017	0.25773671023021516	0.09499352352147869
0.1603448651411228	0.16108453222466004	0.32188224082004013	0.25913222868273217	0.09755613313144462
0.15834250724369353	0.16347750888679455	0.3226878199905504	0.2586851984369963	0.09680696544196501
0.16064065097882949	0.1613296145029721	0.32488387865274393	0.25913278780933874	0.09401306805611559
0.156777910018456	0.16250133027611505	0.3251337248855189	0.25915798775640986	0.09642904706349995
0.16199980752122756	0.16148015031971838	0.32415879581217055	0.2572321261423533	0.09512912020453003
0.1590407874947442	0.16160149256896217	0.32623156252139346	0.2570339733664774	0.09609218404842265
0.15496169764858728	0.1624445307783628	0.3282936526716818	0.25903676553318095	0.09526335336818695
0.16033341206230967	0.163765035863456	0.32209437190305157	0.25616777451309525	0.09763940565808732
0.1567180021261855	0.16407432412488585	0.3227800029653087	0.25964783364181776	0.09677983714180205
0.15437169647425428	0.16137812028661822	0.32839075050921634	0.25853823136095977	0.09732120136895121
0.15440324468619102	0.16264910179238792	0.3285009076960539	0.2583628932397603	0.09608385258560663
0.15431161843651572	0.1637577756233286	0.3284345316854316	0.2565098933717319	0.09698618088299205
0.15872745485308323	0.16146876312583244	0.3232682438009414	0.2605724532265816	0.09596308499356113
0.15842728845491938	0.16303289598410609	0.3228602630172588	0.26026842457770066	0.09541112796601489
0.16000373302568055	0.16164964471854176	0.3230019036188699	0.2617960005651176	0.09354871807179004
0.15944142825107602	0.1626942501356958	0.32486309384466927	0.25784433599677276	0.09515689177178593
0.15546431665764626	0.16347831758904002	0.3221706220092677	0.2612904384044956	0.09759630533955013
0.15644469716635206	0.16222648070163653	0.3259222029199279	0.2613842409929251	0.09402237821915818
0.15778445103498429	0.1610950382048608	0.32605711982143687	0.2601971072118722	0.09486628372684561
0.15972587844238928	0.16167404067844227	0.32369354277728946	0.25671808742586744	0.09818845067601141
0.15740491018749753	0.16272388044164088	0.32400599581791206	0.25777385396724517	0.09809135958570417
0.16023387349854823	0.16342056623170825	0.32543523124393714	0.2569816818519445	0.09392864717386169
0.1584096000952496	0.16379665841003785	0.3236609815151416	0.26057277738163925	0.09355998259793148
0.15606131430876097	0.16258763652120956	0.3268048316729335	0.25903306157828127	0.0955131559188145
0.15469923043344658	0.16289013509708297	0.326946219750307	0.26087763676968034	0.09458677794948288
0.1612519455503041	0.1639121362382448	0.32261095685528607	0.25864784825537224	0.09357711310079264
0.15726733197176912	0.16199854715742307	0.3262685481261229	0.2601835764493764	0.09428199629530837
0.155288795957391	0.16233467331752374	0.32859330383267865	0.2571657130194319	0.09661751387297454
0.15825731920249594	0.16280110572792494	0.3245660403004872	0.2570820121229766	0.09729352264611514
0.15525248907091654	0.164048829456813	0.32637968446679877	0.25746285115957346	0.09685614584589805
0.16008924616911685	0.16177209681343754	0.3252639300161694	0.2558350897819199	0.0970396372193561
0.15405386878746505	0.1624407351816646	0.3257082059826679	0.26055400651331323	0.097243183534889
0.1585312474283438	0.16278802333101272	0.3247923448356311	0.25898538487308226	0.09490299953192995
0.15742462174737218	0.16281585672773244	0.32597670782975297	0.259479534134455	0.09430327956068724
0.1604963819165089	0.1614601745251172	0.32264791390811126	0.26154732029115524	0.09384820935910718
0.15636118216986342	0.16304557767064973	0.3287373968604611	0.256751468815437	0.09510437448358862
0.15485470286973524	0.1633658757269184	0.3289216392404658	0.25919218918925346	0.09366559297362696
0.15693140654523244	0.16320515483415537	0.3265097823062527	0.2576627310246642	0.09569092528969508
0.15826188395760554	0.16174225361546296	0.32367150407274625	0.2593776447742512	0.09694671357993388
0.15875873634476567	0.16383380577832415	0.32336044087079413	0.26048042425973095	0.0935665927463849
0.1560211930991411	0.16107477615831323	0.32610997522838064	0.261590876510989	0.09520317900317582
0.16060172597850156	0.1620481073432283	0.3237552892077906	0.259958217901869	0.09363665956861034
0.15834860819774224	0.16137319979600112	0.32481637216191894	0.2603961007038963	0.09506571914044123
0.16192112575894294	0.16237877210832638	0.3238693420636516	0.25686039703073804	0.09497036303834093
0.15462045114896703	0.16345014124192356	0.32856046741348566	0.25955434595905025	0.09381459423657337
0.15587142964353387	0.1616874101540226	0.3229144636983023	0.26161212512433185	0.09791457137980922
0.15606595564118594	0.1619164267533887	0.3253636608450491	0.2617150305003584	0.09493892626001771
0.15594729055648116	0.16154389633804986	0.32679209525209335	0.26063804545887803	0.09507867239449738
0.15461945467502675	0.16148230563627236	0.32814178237089964	0.257982412730791	0.09777404458701007
0.15953407808697184	0.16087738328719525	0.32687068728083146	0.25831254410144117	0.09440530724356008
0.16088213538759394	0.16197801522724498	0.32225364353088953	0.26129688088875047	0.09358932496552091
0.15650780625934152	0.16331540040719278	0.32660314858399997	0.2597433929979512	0.09383025175151433
0.1578327809314969	0.16252331186496238	0.3250469783021857	0.2569025442866578	0.09769438461469698
0.15820718918270488	0.16088801222023513	0.32617344664937054	0.26120636240917383	0.09352498953851549
0.15583910067188156	0.1616897479330137	0.3267087549072818	0.2577093762021314	0.09805302028569135
0.16032021408831815	0.16359568447136852	0.3223957033811635	0.25897386255841875	0.09471453550073086
0.15756654101169035	0.16371884261117586	0.3247103069897048	0.2569681496522165	0.09703615973521226
0.15942208586843493	0.16263870639971773	0.32302068668600414	0.257148407672162	0.097770113373681
0.15968165717170524	0.16184453650640224	0.3234115910570572	0.2595723722981874	0.0954898429666477
0.15946785557182766	0.16405118140821834	0.3253611163244819	0.25777670375548895	0.09334314293998294
0.15858034377396746	0.16342012216629737	0.32301885733300384	0.2580240258222689	0.0969566509044622
0.15893204833032426	0.16255346050838126	0.32529605082199337	0.2553737368140189	0.09784470352528199
0.15778243477650505	0.163608424029471	0.32842831694789065	0.2552718723730797	0.09490895187305334
0.16178671705114162	0.1623461178452718	0.3233397292229111	0.25751542840557723	0.09501200747509801
0.15939714446967385	0.16279815552596125	0.3267000851476033	0.2553048115866042	0.09579980327015725
0.15475202068658814	0.16328865919440236	0.3243527844045455	0.2606002171183274	0.0970063185961364
0.15853915053406403	0.1638791631993818	0.3223778148800519	0.25998252635560953	0.0952213450308925
0.15488395591104126	0.1637929796619644	0.32177253359830943	0.2617748947896054	0.09777563603907927
0.15836350541693286	0.161620323579138	0.32240595498699254	0.25958925640628994	0.09802095961064644
0.15434365455980695	0.1639380265486925	0.3274376689629155	0.26071348046112497	0.09356716946745987
0.16184755122969016	0.16312840066946588	0.323773361808563	0.2555261504359825	0.09572453585629832
0.15449076117406027	0.1635391977742024	0.32387044326005954	0.26001791011556236	0.0980816876761153
0.15523207766350128	0.1615878310683892	0.32459229595286887	0.26091851804697647	0.097669277268264
0.1561463076164432	0.16109215181122782	0.32934225230627323	0.25820477037908796	0.09521451788696765
0.1574827134676216	0.16263674682532686	0.32735567660945747	0.2586386759441114	0.09388618715348243
0.15861690803323866	0.16112538808442345	0.32601066993400923	0.2593594006869702	0.09488763326135824
0.15489616735237485	0.16311533311117676	0.32670728048227093	0.2590721941262512	0.09620902492792605
0.16115425143698203	0.16135361466656017	0.32350024956339396	0.2559097527180877	0.09808213161497589
0.15566617253115492	0.16286776412457535	0.32659564361168814	0.25798742176742484	0.09688299796515662
0.1552821525687582	0.16388640509719685	0.3272720777689419	0.2581913113330792	0.09536805323202363
0.15711249859000165	0.16394428383364545	0.3239498046534717	0.260072764101087	0.09492064882179402
0.15665797291345251	0.1625687786234285	0.3240758529319516	0.2606707347638836	0.09602666076728354
0.1540085756795661	0.1636863477762871	0.32923155721003405	0.2569927255084869	0.09608079382562561
0.15420939210525875	0.1623450502121483	0.32838008352571235	0.25769010247814284	0.09737537167873747
0.15410683383243076	0.16357118767313786	0.3266504477460035	0.2603277204256554	0.0953438103227723
0.15681023259056462	0.16281073327375561	0.32662489496972524	0.25605493458596856	0.09769920457998572
0.157379553965813	0.1614677987775001	0.3248168857797105	0.2621341139601997	0.09420164751677651
0.16091685431880848	0.16218098625636512	0.3245426674856573	0.25902173847134097	0.09333775346782794
0.15881653098608517	0.16366774413856372	0.3262055800562478	0.2556308241745896	0.0956793206445135
0.15512908945611695	0.16412178533512287	0.3293308673653425	0.25732132150935205	0.09409693633406543
0.15524562199060693	0.16230627201047348	0.3264142226919211	0.2618915692438666	0.0941423140631317
0.15711383360202097	0.1638858373816845	0.3242452408448823	0.26100609793413987	0.09374899023727215
0.159716604151398	0.1640607106042413	0.3232525908434115	0.25654426369959604	0.09642583070135295
0.15471568890758156	0.16240093765940694	0.32730871491904795	0.2582770751816392	0.09729758333232416
0.156891918594618	0.16106285690573544	0.3219553327493825	0.2621571459343477	0.09793274581591618
0.1578202496505203	0.16102104846659343	0.3262889645710144	0.26063818771744895	0.09423154959442266
0.15526846803249736	0.16292263306303384	0.32790128341366587	0.25930572129690743	0.09460189419389531
0.1620160257735624	0.16332339253979022	0.3217192759736598	0.2591506359588149	0.09379066975417252
0.1559187274424547	0.16228926590267623	0.3242588624018984	0.260662596406316	0.09687054784665451
0.15812074409425872	0.16316083091298877	0.32922830051122465	0.25542997615609697	0.09406014832543068
0.1589966817987442	0.16170597081274846	0.3275738934866801	0.2570131358345069	0.0947103180673201
0.1548113821090607	0.16251116812141936	0.32377065641124253	0.26154178315074567	0.09736501020753156
0.15418350624352944	0.16092584037430221	0.3286069793222514	0.2605676284211019	0.09571604563881475
0.15573092900855637	0.16159085377019736	0.3292930330371177	0.25819418294798824	0.09519100123614017
0.1605179952217885	0.1609020549700556	0.32739810551809756	0.2563662820936286	0.0948155621964295
0.15664891690584193	0.1632874061487302	0.3241936374156428	0.25871568059135813	0.0971543589384268
0.15531085486845578	0.1615305889338627	0.3283003022116229	0.2593050092178266	0.0955532447682318
0.16055922460190425	0.16112971903986464	0.32223941510571136	0.25825479188510486	0.09781684936741471
0.15869522594438756	0.16322807860654207	0.32424209898961476	0.2587601431847315	0.09507445327472394
0.16076968875834396	0.16145712173346272	0.32653537240921904	0.25796238811720573	0.0932754289817684
0.15661978321419773	0.16187614389326718	0.3243771211557962	0.26163340960422304	0.09549354213251564
0.1566633920208566	0.16116142758359786	0.3222831883483328	0.2616692039449984	0.09822278810221419
0.15600992236225605	0.16313540496324863	0.3284965964826412	0.2576926258954452	0.09466545029640869
0.1559467851198415	0.1638526879560023	0.3252979294671669	0.25946238610872346	0.09544021134826566
0.15915176267385953	0.1632374077217013	0.32703583791183244	0.2566468987106885	0.09392809298191804
0.15845981741957846	0.16360274217239346	0.32259816915416495	0.2578688495089969	0.09747042174486598
0.154297809334739	0.1641648436364641	0.32233319675426425	0.2617072827449632	0.09749686752956924
0.15771769375847894	0.16235988618511277	0.3282871960751273	0.2573373635610659	0.09429786042021496
0.1588900125123273	0.16278603621222498	0.32566637239075635	0.257443916568087	0.0952136623166042
0.15485904168423423	0.16386685396032052	0.32859253327610316	0.2581371065841173	0.09454446449522458
0.1585443347503579	0.16292033002184453	0.32232759029417946	0.2602042428129207	0.09600350212069717
0.15578728256523974	0.16393143579514663	0.32292424590766455	0.2615945054974554	0.09576253023449349
0.15507048978253937	0.16388610354945093	0.32871752815290406	0.2554289153443288	0.09689696317077662
0.15718031345630612	0.16414125435406623	0.32332387868347123	0.2591740729396278	0.09618048056652839
0.15933439464577503	0.16188237325171545	0.328363315657345	0.2568361640835999	0.09358375236156447
0.15708245489029046	0.16341700099058548	0.3258726803249566	0.25617727076187535	0.09745059303229195
0.15750076724829143	0.16231199484151576	0.3266250844112326	0.25643546028901787	0.09712669320994216
0.16097379806102358	0.16275524508111527	0.3274271214189345	0.25545389462719015	0.0933899408117363
0.15870305550118805	0.16188811434171835	0.32383366991167467	0.25937545584735555	0.09619970439806316
0.15798640611340117	0.1617263375218777	0.3265177416426458	0.2557952932130527	0.09797422150902237
0.1617784717930621	0.16191268590118757	0.32312231836268507	0.259729203680579	0.09345732026248606
0.16121622113142733	0.16275969570275503	0.32338861128275537	0.2573334935250062	0.09530197835805593
0.16098330518074977	0.16250222950473148	0.32729768355709943	0.25573137409786695	0.09348540765955218
0.16147439777540545	0.1609627035123702	0.32303276572077644	0.2594010359299819	0.09512909706146579
0.1576098970660191	0.16104812291957	0.32470214317614154	0.2600190495860737	0.09662078725219543
0.15422516177229934	0.16273592309531573	0.3277189487833905	0.25934574448244085	0.0959742218665534
0.15670627505686968	0.16154346345614412	0.325544723804437	0.2579854021774285	0.09822013550512051
0.15745860797717648	0.16341357847520194	0.32398211735434723	0.258059606362555	0.0970860898307192
0.16146385493308205	0.16086879947083121	0.3231929525929687	0.25714064558167266	0.09733374742144517
0.15529561378943313	0.1640059975783888	0.323736211981891	0.2612343902078428	0.09572778644244415
0.15793472874145925	0.16309939320170908	0.3234658758221222	0.25846185658397364	0.09703814565073562
0.1581919138330334	0.16188599252599056	0.32264313976100933	0.25920093833718766	0.09807801554277878
0.15652153324269505	0.1623143167119776	0.32505242860398365	0.25963766687067963	0.09647405457066383
0.1605144367219057	0.16103121937592907	0.32336134366783603	0.2602118846227015	0.09488111561162749
0.15913491392755819	0.16200490648260574	0.3247600546490453	0.25934229816395377	0.09475782677683682
0.15457115528835846	0.16375930730189758	0.3274181404717385	0.2591644711331284	0.09508692580487686
0.15576095773641535	0.1627896149486435	0.32881735409357904	0.25867398766214644	0.09395808555921545
0.15681082786935313	0.16199519491003944	0.3236870261830211	0.26044634716566056	0.09706060387192553
0.16172384839971704	0.16240142411188221	0.3242908520032397	0.25673439223039546	0.09484948325476537
0.15936529025725316	0.16251003726443625	0.3268965673694435	0.25660883602562634	0.0946192690832405
0.15952324755864333	0.16370259894111253	0.32476606797626806	0.2560529195483735	0.09595516597560236
0.1612064686850113	0.1610368877642126	0.3248752520303985	0.25883735152816656	0.09404403999221086
0.15844519045617653	0.1609087340787586	0.32905989019475185	0.255945721646998	0.09564046362331483
0.16059106284214286	0.16227095993843096	0.324081045067293	0.25589363731058556	0.09716329484154738
0.15714139630326718	0.16289728202676532	0.32479000288074544	0.2618421130605351	0.09332920572868669
0.15584559044495455	0.1620424367668923	0.32877352060950993	0.2585643568601262	0.09477409531851683
0.15658192691829367	0.16209234544763715	0.32883704021679017	0.2569367197088392	0.09555196770843961
0.16073618149273286	0.1611686710117674	0.3227110715608453	0.2620646733461302	0.09331940258852403
0.15551524486740612	0.16128002689112747	0.32693162617442373	0.26230115673556154	0.09397194533148094
0.1593279773840208	0.1624282459678727	0.32536922567225957	0.2555406570116812	0.09733389396416556
0.16040747403787287	0.1634403261107205	0.32502929997403723	0.2554868338314553	0.09563606604591385
0.1567160553330807	0.16241111877544825	0.3262530204037831	0.25703160065117875	0.097588204836509
0.15919171087780043	0.1608679582587715	0.3233065568937334	0.26204465203225435	0.09458912193744012
0.15456852248858952	0.16241896195259767	0.32453080207348806	0.2602670023161158	0.09821471116920875
0.15856819849068043	0.1611479684593481	0.32586854833588064	0.2571443219586972	0.09727096275539349
0.15973919642998544	0.16126319264196284	0.3219253525728289	0.2615927839748322	0.09547947438039038
0.15778364176071075	0.16288021089447813	0.3276207513542793	0.25828213848366866	0.09343325750686295
0.15937316320753508	0.16162198720437113	0.32518475831777927	0.2600687880569649	0.09375130321334949
0.16191146077682278	0.16234252008964123	0.3264216156149845	0.2554044101742041	0.09391999334434714
0.15566816235689968	0.16107151107516945	0.32764328377100593	0.2576457788732621	0.09797126392366265
0.16213151847866877	0.16124187067855966	0.32414565606307716	0.25629692586763914	0.09618402891205508
0.1582668297265113	0.16257707064433308	0.3227904924534291	0.2606447093792475	0.0957208977964788
0.15663875393516985	0.1618945017326292	0.3227881480625275	0.26140851231213796	0.09727008395753531
0.1593544006697784	0.16141172944195648	0.3247414587628394	0.2606127013150589	0.09387970981036664
0.15595847162940113	0.16330376696066246	0.3274563431665466	0.25632352963230254	0.0969578886110871
0.15770413230540398	0.16388748648580798	0.3280146141724729	0.2553059025856049	0.09508786445071
0.158423327009172	0.16245293895199286	0.3238253859977859	0.2606097873137223	0.09468856072732681
0.15402367150168464	0.16218307479735689	0.32812109723397953	0.2613629916836526	0.09430916478332607
0.1582789293879074	0.1632273924358743	0.3244212716245031	0.26036323691590535	0.09370916963580964
0.156036185001659	0.1625366757941562	0.3235878166388901	0.26051531012838547	0.09732401243690901
0.15516691551134892	0.16128309214630498	0.32652275381302454	0.26150223363008707	0.09552500489923432
0.15992146599036525	0.162286727943156	0.3247325079475738	0.2551171502638711	0.09794214785503368
0.15905157577998394	0.1632169895092338	0.3244633289738655	0.255412153462216	0.09785595227470056
0.15531718539487255	0.161262645129147	0.32649358963212616	0.26009842678192296	0.09682815306193115
0.16097404681789262	0.1631324920522333	0.3234054977076686	0.2563980906267661	0.09608987279543918
0.15797458726162364	0.1640957285533844	0.3235492835029551	0.258445233643007	0.09593516703902968
0.15873426135110932	0.1608957322106993	0.32885939490878313	0.2559447259961983	0.09556588553320973
0.1576235233709047	0.16119145742780605	0.32437124323283495	0.2616948200165161	0.09511895595193798
0.15836669063033043	0.16353547514563718	0.3242058047958414	0.2559113468719613	0.09798068255622952
0.1597089070700266	0.16219965713212867	0.3273669682577349	0.2566206383237283	0.09410382921638137
0.15751875379067135	0.16203366569075583	0.3221486937731517	0.26156448935410404	0.0967343973913169
0.15653088665864295	0.1628249847803423	0.32710273102739534	0.257160071674991	0.09638132585862816
0.1597903327791755	0.16135599493750852	0.32580728394281155	0.2574099002204941	0.09563648812001008
0.1553730869541749	0.16240893857218489	0.3249381549317013	0.26071359580612513	0.09656622373581354
0.16125605953528277	0.16128112967981728	0.3239340288359141	0.255349149988358	0.09817963196062765
0.157226550533525	0.16206675532762638	0.3288775948000202	0.2557154720082211	0.09611362733060709
0.15516087658736413	0.16154243719513747	0.3265075825468464	0.259775230561638	0.09701387310901373
0.16161795857160666	0.16121120232044983	0.3240495474277967	0.2561226247585833	0.09699866692156336
0.16033742486070773	0.16403906388077996	0.32239984655756654	0.25857473022072114	0.0946489344802244
0.1557392323241047	0.16337629037417128	0.32415651853282934	0.26237615444198553	0.09435180432690894
0.1546763394413483	0.16192459911762447	0.3272385176116639	0.2587721004937901	0.097388443335573
0.1559140152929037	0.1633525916429745	0.3219221259188665	0.26060804856403863	0.09820321858121646
0.1620132721406493	0.16150218427070007	0.3239185042189494	0.25878685850689387	0.09377918086280712
0.1605351957701159	0.1637473386145139	0.32472855744182266	0.2555563398869539	0.09543256828659338
0.15575421999608088	0.16189395746591884	0.3229088109057939	0.2614710706788533	0.09797194095335293
0.15743178589277557	0.1633193040525545	0.32583136612608377	0.25527799738347534	0.09813954654511065
0.15778525447322408	0.16351716606636033	0.3272221487467113	0.2578277410146239	0.09364768969908019
0.15536813715420209	0.1618222616824137	0.3242207583957244	0.26226423822544465	0.09632460454221495
0.1561064506525116	0.16196987638680263	0.32920514441414983	0.2553548362739907	0.0973636922725451
0.15502482756203284	0.1633636001906402	0.3222862533272029	0.2617130055880461	0.09761231333207779
0.1615701948365062	0.1616137190063405	0.322581442003886	0.25670247991259915	0.09753216424066796
0.15678078972856327	0.16172892708251335	0.3273439979657833	0.2572565566485	0.09688972857463994
0.1609621433323219	0.16403686388653346	0.3253545352304126	0.25632671753852565	0.0933197400122062
0.15786452081443664	0.1629483587471851	0.327070139611604	0.25564034145812226	0.09647663936865178
0.15624108856067942	0.1622169369546707	0.32334790627591564	0.26115885962518315	0.09703520858355083
0.15853078208077098	0.16211844548847232	0.3277580919218481	0.2580504093146908	0.09354227119421757
0.15739147616880797	0.16235527781892373	0.3281623467656153	0.2552576211952203	0.09683327805143262
0.15721260087904515	0.1628988762832075	0.3253985435889237	0.25635244818847536	0.09813753106034802
0.15833519787788647	0.16304579297642738	0.3247366682992471	0.25981287231207306	0.09406946853436582
0.15672046703221	0.16409614945141243	0.3254509209657125	0.2565821970453107	0.09715026550535417
0.15908310988370125	0.16165046032229108	0.32801686498458793	0.25606165347581444	0.09518791133360514
0.15457611078182848	0.16325495896850506	0.3272081151113282	0.25777422296838454	0.09718659216995353
0.15574786899429904	0.16373049492315256	0.3235710743239916	0.2611745863189369	0.09577597543961965
0.16113401774297584	0.16283484345712426	0.32481843172260966	0.25794297612509826	0.09326973095219179
0.15660807280237438	0.16203666822799664	0.3230871204287769	0.2604056896766018	0.09786244886425005
0.15638615785934679	0.1624843736000264	0.3265985581206069	0.25695553437963886	0.09757537604038087
0.15536857153675698	0.1613596755174972	0.3256930185893607	0.25962791796286117	0.09795081639352368
0.16026564014824574	0.16286938179749585	0.3250171808162228	0.2581552280424017	0.0936925691956337
0.1573221600870827	0.161486974402028	0.32545752971039477	0.2614438792464965	0.09428945655399786
0.15821575781608838	0.16198084445198868	0.3224443575678203	0.2596726066038671	0.09768643356023535
0.15711475962683608	0.16190496897533255	0.3284552756264947	0.2588846555158477	0.09364034025548881
0.15957661573500742	0.16395632899241339	0.3276404570043887	0.25548733096576215	0.09333926730242813
0.15870280645049828	0.16156977067880351	0.32385805112044286	0.2617395813340485	0.09412979041620666
0.1559951907736714	0.16414870008591648	0.3289697055149108	0.25712836381101944	0.09375803981448166
0.15792590308075363	0.1612411480437508	0.3269253506973673	0.25860427733932767	0.09530332083880039
0.15676732411691063	0.1626896509369347	0.32929987504916935	0.2555858860146194	0.09565726388236578
0.15485326643799746	0.16084861300683426	0.328110260544235	0.26221454547684475	0.0939733145340884
0.15702453110088438	0.16322840261893984	0.3232311890511857	0.26031765587144023	0.09619822135754966
0.15819578248730293	0.16411315209950778	0.32467245404750034	0.25799365171710475	0.09502495964858398
0.15650058918588347	0.16266758552461075	0.32901358776560724	0.2583674150530673	0.09345082247083106
0.16051068607172517	0.16282020256179117	0.32438537317328825	0.25685928119524376	0.09542445699795143
0.15802777469813675	0.16386474275044408	0.32190055236270254	0.26149963225219064	0.09470729793652581
0.1579321906562702	0.16196162944322606	0.3291101360552776	0.256273342537993	0.09472270130723295
0.15703448908144188	0.16100598413922804	0.32851112459155307	0.2592506216130148	0.094197780574762
0.16091525001166426	0.16327696629606586	0.32194163160640094	0.2594596569716511	0.09440649511421764
0.15660273761537435	0.1625247087761198	0.32536436324323603	0.260491430969851	0.09501675939541857
0.15655801515672016	0.16239661610354011	0.32571183158996986	0.25949870336860353	0.09583483378116611
0.1555987660653007	0.16381735061879765	0.32486977527508676	0.2611930581540358	0.09452104988677884
0.15983679432107442	0.1618468059096485	0.3226229050173509	0.2595081658510831	0.09618532890084285
0.15407093518168027	0.16101031002696253	0.32922951667430334	0.26121091904124044	0.09447831907581326
0.16079714357836056	0.16298073423262144	0.3246494091134183	0.2562804826466665	0.09529223042893309
0.15994725459245812	0.16394774824719033	0.323342717487164	0.2588240493622028	0.0939382303109845
0.1573064470973881	0.16396048672588365	0.3260243221169485	0.25540411814366926	0.09730462591611036
0.15453351718976305	0.16316748260724573	0.3283356810192746	0.255796856086508	0.09816646309720847
0.15858831936582224	0.162220366034325	0.3251246191326042	0.2562889603478345	0.09777773511941389
0.15455521391907956	0.163743820238727	0.3262248147080741	0.2575618451342599	0.09791430599985929
0.16033476594616838	0.16185088190007257	0.3277223924532707	0.25512427254542197	0.09496768715506626
0.15678224726872325	0.16303082274030523	0.3270316457494964	0.2594855674252707	0.09366971681620423
0.15598364461683148	0.16106311758751177	0.3286281116242272	0.25858546661380005	0.09573965955762932
0.15800099825749672	0.16347235136371535	0.32230418616335227	0.2621537888268952	0.09406867538854027
0.16177912481494833	0.16228396219922775	0.3252581382608295	0.25736518149871135	0.09331359322628283
0.15631640877404576	0.16270893122100907	0.32535979353275035	0.2593797749005677	0.09623509157162694
0.1604511836906986	0.16365643098356916	0.3230231349512554	0.2566902435680526	0.09617900680642405
0.15740930371697098	0.16360086232013366	0.32236295930367576	0.2596188205173882	0.09700805414183121
0.1562348585165798	0.1638954887799233	0.32438278522449554	0.2601677979925017	0.09531906948649943
0.1589921217558389	0.1637804613667901	0.32477386925863416	0.2584049210018533	0.09404862661688336
0.1544819721173996	0.16350382849757494	0.3280030473555041	0.2576562285871298	0.09635492344239134
0.1576075116479611	0.16136205050452107	0.32585813609142755	0.25853809208614376	0.09663420966994633
0.1548524950754199	0.16219788489693915	0.3228205346673835	0.2621242490445852	0.09800483631567208
0.16078896601395254	0.1638343134588245	0.32424450172696684	0.2569395419893151	0.09419267681094079
0.15838420534919798	0.16329402071644156	0.3263549235321309	0.2560060310691728	0.09596081933305659
0.1553851640316038	0.16388755628414683	0.3250160473106314	0.2621209969935938	0.09359023538002398
0.1588411496728367	0.1622427448764262	0.3269281909596312	0.2556882554050817	0.09629965908602396
0.15412558389139686	0.162288444607105	0.32818720770967824	0.2592723773466727	0.09612638644514698
0.15967963252109527	0.16301465255300845	0.323745964213094	0.25723631614545295	0.09632343456734915
0.16024343617859865	0.16085735267049528	0.3244859407256223	0.2608560936093977	0.09355717681588586
0.15505207123874093	0.1619262656272147	0.32680202620849746	0.25905052260962447	0.09716911431592226
0.157859325614787	0.16164391290145652	0.3291726354803358	0.256206419743497	0.0951177062599235
0.15559339993259358	0.1623399869545688	0.32397676580386414	0.2605026937160941	0.09758715359287919
0.15565271904250613	0.16385964455928081	0.3246573864034966	0.2601289394363928	0.09570131055832337
0.15613821502128478	0.16407481327900666	0.3228917610916282	0.2609898497202717	0.09590536088780845
0.1572537986662803	0.16318283177029197	0.3239435058238225	0.25823135448079937	0.09738850925880566
0.15464244091783946	0.16409859277093308	0.327271524802364	0.2574842248937682	0.09650321661509505
0.16208527558453717	0.163131883775414	0.3218508900949916	0.2578763546338793	0.09505559591117765
0.15752629922435782	0.16396547593949506	0.32294707829202524	0.25860067491417665	0.09696047162994502
0.15952434889690786	0.16374337696268426	0.3260755309560568	0.2564127352057822	0.09424400797856869
0.15462252990788047	0.16201271109530058	0.32862601080182846	0.2575813544807122	0.0971573937142781
0.15948780234883028	0.16257271147491995	0.32777038599409175	0.25545364122873293	0.09471545895342487
0.1554024847871211	0.16317930690378363	0.32697452527921744	0.25786419523948334	0.0965794877903943
0.16168769056249666	0.1636187169663455	0.3219953943651088	0.2578622423721221	0.09483595573392677
0.16167211869951198	0.1635144745368795	0.32476794930067754	0.25544457575577484	0.09460088170715591
0.1593239965651979	0.16237707736406035	0.3259643047986687	0.2566614707697959	0.0956731505022769
0.15472142208359252	0.16128681725338084	0.32622723896843175	0.2596082684426071	0.09815625325198758
0.15897537172034132	0.16387304199649128	0.32280337166682394	0.2592764770263214	0.09507173759002191
0.15483708142624394	0.16401971732522394	0.3263586329827146	0.2609928718493866	0.0937916964164307
0.15856778309730796	0.16350988022204224	0.3265952412793484	0.2566229245263824	0.09470417087491882
0.15867633850198687	0.1640198201223998	0.32544167549899516	0.2565373193369581	0.09532484653965989
0.15474631348319223	0.16332709332559586	0.3266849881255792	0.2601566923492607	0.09508491271637175
0.1572452241141868	0.1639442366838395	0.32352402072716335	0.2615616040551205	0.09372491441968966
0.15678183802185922	0.16402191622481754	0.3278111778466172	0.2580048113269939	0.093380256579712
0.15466811474357112	0.1635002896892103	0.32776693058929673	0.2567030527658649	0.09736161221205678
0.15741553421314186	0.16352700111003515	0.32679760636075167	0.25722650766935246	0.09503335064671867
0.1599743297970506	0.16144267743269916	0.3276322839094759	0.2563373948047488	0.0946133140560253
0.15732353974874952	0.16280237754273771	0.32566419049188067	0.2594894432727425	0.0947204489438895
0.15678748424521177	0.16410420404171155	0.32356243580605376	0.2604381487192867	0.095107727187736
0.15793360360240982	0.1615633631803392	0.32171222713209646	0.2607445186006204	0.09804628748453387
0.1606588829041083	0.1633497232100662	0.32187809169015535	0.25654565188119316	0.09756765031447685
0.15535628571935972	0.1618971550174997	0.328849861409408	0.25634601904389864	0.0975506788098338
0.16067249119141516	0.1633728990158198	0.32347599216059064	0.25674005061205907	0.09573856702011511
0.1563303940063498	0.16101534727157835	0.32859532250929135	0.25796178137839654	0.09609715483438375
0.15689395803266923	0.16218884854565624	0.32910832800408407	0.25792748324254844	0.09388138217504181
0.15507352808990144	0.16147935745830358	0.3269988104081425	0.26191206205249506	0.09453624199115719
0.15638917572225397	0.1640862855245838	0.32692175122233924	0.2580168912053409	0.0945858963254819
0.1615899857390487	0.1612176178749285	0.3219163442496101	0.2585317830332767	0.09674426910313581
0.15428003206969976	0.16203214442584501	0.3276616570927813	0.26112418193033354	0.0949019844813402
0.15956776970664874	0.1621577394801294	0.32483451708997724	0.2564156331235395	0.09702434059970491
0.16104217859538403	0.16377431846838875	0.3223201142718694	0.2579946727952326	0.09486871586912504
0.16048607722967437	0.1633699319559004	0.32277978665019236	0.2569487163477192	0.09641548781651345
0.15945653479775013	0.16236320954080513	0.3278423399471413	0.25646454399731045	0.09387337171699277
0.15401627914458033	0.16133817978950535	0.32759375364565035	0.2610113978541757	0.09604038956608804
0.15799297171875543	0.16206969192578635	0.32373354259534115	0.26027131977335166	0.09593247398676524
0.1573053122233482	0.16220664294934034	0.32524183587087513	0.25730564099984293	0.09794056795659317
0.15993966900158096	0.16147204026583128	0.323611886544294	0.2582047137652068	0.09677169042308673
0.15718602683757954	0.16092974359768308	0.32704909631199	0.2605771612766584	0.09425797197608879
0.15769979727461553	0.16235346612235793	0.3253032558937089	0.258554373834204	0.09608910687511343
0.16056242251921554	0.16202099776290838	0.323856811921864	0.2580332367798022	0.09552653101620959
0.1601110418964499	0.1615330271585149	0.32535529044539246	0.258265035175135	0.09473560532450757
0.15529022846640733	0.1632304743676827	0.32683315802715085	0.25865519235162077	0.09599094678713813
0.15779999567152964	0.1621312091571369	0.3242545944928835	0.26066043069373	0.09515376998471971
0.16003269707700346	0.16254927958204335	0.32331763127904206	0.26038703357366744	0.09371335848824351
0.15790252436787877	0.16191297371519864	0.3243687852477869	0.260551653940651	0.0952640627284845
0.15439339645226158	0.16347582322472143	0.3229290902494341	0.262217629912214	0.09698406016136873
0.15452239970948103	0.1626940801109475	0.32628541281831086	0.2600929452582496	0.09640516210301084
0.15718423611639779	0.16267548459421458	0.32604180487290224	0.2593181644375608	0.09478030997892445
0.16002171996019535	0.16137715979213607	0.3232708275401839	0.2583410825531666	0.09698921015431791
0.1572119820140272	0.16197029201076135	0.3280860667826475	0.25717771606952705	0.09555394312303676
0.15792344459910157	0.16259809700584374	0.3244303795976774	0.2576524978840816	0.09739558091329548
0.1554572833709439	0.1617406095125467	0.32715732422763055	0.25829999062315123	0.0973447922657274
0.1593892055415932	0.16214139025320468	0.3270707681885332	0.2572066776480416	0.09419195836862712
0.16076240351791748	0.16311874436959933	0.3234217508816901	0.2587430576104437	0.09395404362034915
0.1573731602981495	0.1613473428141141	0.3274835683206979	0.2590621609846606	0.09473376758237766
0.157815517292883	0.16101583932549118	0.3255462395544291	0.25841670422259777	0.09720569960459874
0.15844372174624738	0.16186406401146697	0.32312536361769284	0.2618163586820931	0.09475049194249957
0.1613508408604635	0.16366572205016205	0.32353610012496414	0.25747456339037383	0.09397277357403624
0.1581780762285512	0.16278781737709475	0.32737450271112983	0.25706700686353057	0.09459259681969348
0.1550321244398482	0.16141353901885985	0.3288303884226632	0.2606628114780028	0.09406113664062571
0.15459256618905778	0.16350136039308427	0.326865522130637	0.2578480245985236	0.09719252668869717
0.15653614147382755	0.16209626509221853	0.326039406270724	0.26006081065822023	0.09526737650500952
0.1571553881425824	0.16110592710615113	0.32836147745257455	0.2564409388956262	0.09693626840306552
0.15898301497395967	0.16252944623978113	0.3238743292165798	0.2599832497838708	0.09462995978580842
0.15770261893412138	0.16109574753570138	0.32639838109347874	0.2578164630016774	0.09698678943502093
0.1555459326031467	0.16400839599277756	0.32246362056745614	0.260951821268038	0.09703022956858134
0.156388442119536	0.16192168272521285	0.3259689121002765	0.2595732723640184	0.09614769069095608
0.16104383205890735	0.16149287791868583	0.32181921781141354	0.26087817022945164	0.09476590198154149
0.1557701278072705	0.16247077394666648	0.3262921096214198	0.2602619469510715	0.09520504167357148
