0.1419562199568093	0.1312202526657101	0.1902144258652788	0.10978083934136168	0.12578130631467194	0.1511143903344461	0.03701822007688685	0.112914345444835
0.14346078196486473	0.13195004078495756	0.18931949546326432	0.11123933893710419	0.12524821224692673	0.15107498166545072	0.03769829858566415	0.11000885035176737
0.13992526541056682	0.13534369353120015	0.1899092490120885	0.10708435349824875	0.1273937056365019	0.15106799932081683	0.037405374591315405	0.11187035899926144
0.14369704024565014	0.1346820983203266	0.18624101983312677	0.10954380318523951	0.12267512398366522	0.15113052670824803	0.03782016391994045	0.11421022380380304
0.14027955099628958	0.1324116591351471	0.18618447493593113	0.10920230490193504	0.12617811121728634	0.15108676975108573	0.03870023134125758	0.11595689772106729
0.14116111608212137	0.13465663243704087	0.18502407610077481	0.11185964586417875	0.12368740234242187	0.1511194997831167	0.03754526669696054	0.11494636069338486
0.14287627257865754	0.13623651575416582	0.18586509342106086	0.11053802236689513	0.12659030180438177	0.15110828951015257	0.036734720871965734	0.11005078369272035
0.14206443612239628	0.13607475413962927	0.18414395164557174	0.11333418008517358	0.12424227873970842	0.15105542655410276	0.03817700641831541	0.11090796629510233
0.14406609226179024	0.13421406538832403	0.18206050637278687	0.11317765015956346	0.12280543887644366	0.1511334103087786	0.03737631329811768	0.11516652333419522
0.14313472017365966	0.1372719863307295	0.18638325918847107	0.11009508997550765	0.12244910200562606	0.1511198593889834	0.0370108927929952	0.11253509014402721
0.14267668819388823	0.1349323064054152	0.1861477309018269	0.11064023595782926	0.12250033236728008	0.1510796255865757	0.038222793464685254	0.11380028712249916
0.14371580318140229	0.1363653367023215	0.18824165155150208	0.10834378566828687	0.12053822152027961	0.15111286483957115	0.036926248151564964	0.11475608838507129
0.14307736866877757	0.13635374673304743	0.1869213760638708	0.1128252191289637	0.12052284667418452	0.15107903889896146	0.03773830562478982	0.11148209820740448
0.14396990714629804	0.13737179457125026	0.18708794873400514	0.1073482731715906	0.12074332759723368	0.15107003066538624	0.03840749794824094	0.1140012201659949
0.1395468008916162	0.13688445372832483	0.1911425196992743	0.10832826939677234	0.1248765853237506	0.15113853595410343	0.0379548153245747	0.11012801968158338
0.14107274201882547	0.13676183733791586	0.18800874233242404	0.11111093684699426	0.12324204883745614	0.15107750591548746	0.03852838469830708	0.11019780201258945
0.13938528303271974	0.13569387607905659	0.1848986725421069	0.10969525688087285	0.1247987193185344	0.15104077547657074	0.03871184277744508	0.1157755738926935
0.1440540644281443	0.1333592320400047	0.1819672098417764	0.11385019011296406	0.1270933309209683	0.1510981229265611	0.03717671966337831	0.11140113006620261
0.14151053360139837	0.1321848589070773	0.18358077343756618	0.11383078501604783	0.12526553077607896	0.15110965278182392	0.036749493244939216	0.115768372235068
0.14380338205280388	0.13595854799777543	0.1849430139641472	0.10878545943079979	0.12317951782914102	0.15107911981376018	0.03712422012037389	0.11512673879119835
0.1435070822431493	0.13327490104859208	0.18368288254968	0.10828758423493576	0.12667211661257977	0.1511440248821151	0.03818017681480074	0.11525123161414708
0.14305356404495123	0.13473038125177894	0.18277134573564577	0.10891804182693338	0.1271588854526378	0.1510999643240793	0.03828588410503264	0.11398193325894071
0.14068003681075764	0.13477611654003366	0.18277946750231427	0.11138781241982346	0.1283115304201097	0.1510651870447694	0.038149587231708956	0.1128502620304827
0.14053170706331033	0.13743172088508404	0.1836750730445148	0.11182891124109126	0.12190111734218265	0.15112466064620333	0.03833307542019411	0.11517373435741925
0.14104489085719424	0.13379151257054955	0.1838493135598479	0.11180436284284428	0.12619707346734088	0.15105786969067955	0.03753301891583129	0.11472195809571208
0.1409630484845713	0.1323351357393761	0.18732633642832153	0.11264197221647157	0.12218695926959028	0.1510952643692336	0.038451786867226306	0.11499949662520906
0.14124776109298898	0.13730924757005464	0.18790351423326218	0.11106621033188199	0.12276686782010482	0.1511451617630783	0.0366721215966434	0.11188911559198549
0.14132261171299365	0.13496382109390023	0.1889166142575981	0.10912020356883556	0.12436045087890919	0.15113957421289945	0.03683138175709014	0.11334534251777346
0.14245198879630191	0.13475268641456925	0.1857484843160978	0.10871731423802464	0.12255683348429809	0.15111369623368914	0.03845645146262534	0.11620254505439356
0.14247944271068771	0.13097465880370135	0.1886041963394633	0.10755880320474463	0.1273675847101231	0.15103755491440085	0.03793088873021795	0.11404687058666088
0.1417922801965036	0.1312856190606847	0.18521626894615362	0.10854046750004112	0.1283749073341029	0.15111266379275684	0.03860254930866118	0.11507524386109579
0.14280980073795663	0.13128792497341424	0.18524972258620037	0.11302863865988944	0.1222368474817883	0.1511428654486057	0.03806173224076033	0.11618246787138478
0.14448959736529002	0.1338486063158219	0.18403683910431334	0.11141085117755055	0.12576910854504134	0.15107049139928144	0.03773163200626102	0.11164287408644015
0.14444936366808536	0.13333903284737714	0.18441738957053197	0.11202745532745431	0.12637491726378958	0.15111204998495034	0.03754691289972284	0.11073287843808823
0.1414206902568356	0.13525674516169567	0.1867577661917142	0.11297683587303199	0.12369135713127064	0.15112351994722786	0.03811624357475468	0.11065684186346914
0.14204966428020027	0.13252317373499697	0.1886809492427396	0.11353580562954908	0.12204248224880439	0.15111667620370423	0.03665463524992643	0.11339661341007881
0.1435797755726468	0.13250568122177572	0.18261983228263345	0.11306293972962211	0.12434020117801278	0.15113902134140697	0.03749856038456423	0.11525398828933771
0.14345167903302555	0.13228498370432296	0.18233319034470163	0.11236433475985472	0.12440676909776553	0.15107322587386834	0.037604451055474095	0.11648136613098695
0.14156206496122903	0.13474608133297802	0.18228208184629197	0.10947169435143939	0.1285088739181141	0.1511358398355219	0.03739502560381369	0.11489833815061168
0.1421367715787165	0.13376497797848375	0.18564408874922933	0.11356633512063005	0.12543751027323174	0.1511310543952538	0.038342258270111854	0.10997700363434279
0.14335269612849105	0.13281917083548436	0.18784015693261918	0.113560396919226	0.12393253553319947	0.15112264592481295	0.036647942430512434	0.11072445529565436
0.14049580567333692	0.13340670789473255	0.1903403215074038	0.11176434434290865	0.12103043879391492	0.15113233192324305	0.03720024631153081	0.11462980355292911
0.13935711752457638	0.13485939405956848	0.1894815121941027	0.11256654796206206	0.12076447849420215	0.15110031899369322	0.038548122378594396	0.11332250839320035
0.1419395388793408	0.1361789766646725	0.1864619336340245	0.1086277291439632	0.12759057855482342	0.1511306488262978	0.03752133614154292	0.11054925815533467
0.1436621049277692	0.13526407999510745	0.18730768263389105	0.11253386348507936	0.12093239012233921	0.15103920779063057	0.037418454438912715	0.11184221660627018
0.14039566684465732	0.13184845269816067	0.18882260694295072	0.11274856318126855	0.1226945990605292	0.1511148298358406	0.03852508701845832	0.1138501944181344
0.14160662808559438	0.13159441305867456	0.1906628146395109	0.11302815676551116	0.11982402864485786	0.1511061305968916	0.038456842165161806	0.11372098604379752
0.1406069957423464	0.1364291013977223	0.18878080356817967	0.11196632891515677	0.11984048058894149	0.15113388181989437	0.038418082121631725	0.11282432584612703
0.14393527071429588	0.13129037105264244	0.19196825737137513	0.11009696088177086	0.11987739525225936	0.15111575424470478	0.036775398746283064	0.11494059173666829
0.14313219406633296	0.133432700758545	0.1910907863814058	0.10697199491024678	0.12332873526578095	0.1510925281845531	0.03663166670082989	0.1143193937323053
0.1417913407295811	0.1336326408329402	0.18825590519955093	0.11265437874820275	0.12026681808340785	0.1510645113416264	0.03841234867717244	0.11392205638751807
0.14028803059173608	0.1363077706042989	0.18803672725070736	0.11385234439720482	0.12025513960405514	0.1510604429055324	0.03671859568610736	0.11348094896035771
0.14239521933602772	0.13097674408160187	0.1917031624593653	0.11000142017073941	0.12440645449135072	0.1511030436014766	0.03863527154329602	0.11077868431614213
0.14012253938138775	0.13188977363116902	0.1907942265811242	0.10975945170865786	0.1255457712721975	0.15114233319710157	0.037720124587939455	0.11302577964042246
0.14212802573415592	0.1307570997797667	0.19108383005645652	0.10926747755556318	0.12742239802027513	0.15104526511005611	0.03655326239211182	0.1117426413516144
0.14237806201273356	0.13580606811794455	0.1858861943532077	0.10934355287516048	0.12819869116557914	0.15108771216950007	0.037080857403114426	0.11021886190275984
0.1425754862273844	0.13300978693745208	0.1884335809373833	0.1075997951566137	0.12782058381550504	0.15110286017688693	0.03655155623271751	0.11290635051605682
0.14064173380165426	0.13088898109176011	0.19047731652078298	0.11028420531270158	0.12590348048178163	0.15104316870139162	0.03738021467932913	0.11338089941059845
0.1393947024079093	0.13112332387212705	0.19045172361682267	0.10869128357305946	0.12669241752599322	0.15107885555359685	0.03835949807172	0.11420819537877125
0.1418972020851057	0.13170362496249058	0.18873067773746463	0.1088341650067379	0.12734203989568404	0.15114792903562102	0.03666792629402153	0.11367643498287433
0.14451348812441892	0.13260163935955513	0.18965247907182148	0.10695946477251783	0.12589644481165158	0.15105619106966128	0.03842178186816465	0.11089851092220893
0.1402718262327957	0.13530111445300427	0.19089750266679778	0.10991288063597532	0.12345039862422635	0.15111793600364049	0.03768961616341422	0.11135872522014567
0.13918918863614957	0.13493880258721627	0.18940988167866926	0.10721587298224924	0.12829688880852522	0.15108742311039103	0.038489316059614295	0.1113726261371849
0.14381400073963344	0.13467248754191685	0.18848972697110744	0.10896387780294381	0.1214506205915657	0.15108244419228373	0.03752617662043789	0.11400066554011093
0.14388616118874228	0.13291487635328195	0.18879078857682868	0.11120311621670474	0.11949378338961594	0.15108154943057014	0.03704309338586244	0.11558663145839357
0.1413047396949801	0.13240703275623147	0.1904581852145747	0.11393944457570179	0.12192997654330667	0.15113989438189107	0.036942562812422156	0.11187816402089182
0.14187172056468667	0.1373040403160009	0.18690550684666404	0.10999304090027139	0.12455969119605342	0.15104010196397366	0.03679045078792839	0.11153544742442131
0.14054379962245897	0.1354575730216266	0.1895036713726711	0.11224424280893865	0.12280848986943042	0.15112132533880318	0.03708233431773644	0.11123856364833441
0.14193809996601736	0.1340450643790871	0.18581600292406283	0.11084876087498521	0.12219889775896223	0.15105891499084115	0.03824201443801235	0.11585224466803155
0.14028208671771683	0.13402665769440394	0.18527428475670882	0.1103664913599149	0.12545546280904507	0.1511087435938828	0.037346088560776786	0.11614018450755062
0.14211703011866286	0.1373397335906107	0.18505060247088712	0.11145481975623553	0.12343920642202424	0.1511119554511157	0.03850013660844648	0.11098651558201716
0.14428616404687286	0.1350580730308275	0.18710109410916864	0.11054954882983084	0.12316547097721607	0.15110168490213477	0.03856151102063737	0.1101764530833117
0.144250920550058	0.13468437963299482	0.1865378178476209	0.1074428407779102	0.126506341275987	0.15110252606948868	0.038228085591475766	0.1112470882544644
0.1432997858545227	0.13353565946627333	0.18807804357513266	0.10951559021644325	0.12642289925793268	0.15106378257820274	0.03743235147132827	0.11065188758016417
0.1422420194145402	0.1351858993739699	0.1904589653423658	0.10725694482486775	0.12283911223563275	0.15112582748589903	0.037548199180147665	0.11334303214257666
0.13982345157668974	0.13762587841094293	0.18597141616214832	0.11260935775102772	0.12075142463806604	0.15105397836791915	0.037958351923523564	0.11420614116968228
0.14323994002962953	0.13756753850293732	0.18205117859580439	0.11271522898685764	0.12084939223706426	0.15107819951605228	0.03837161849309556	0.11412690363855879
0.1437014803544547	0.13595083708493438	0.1822453075813884	0.11082166341174973	0.12633303040815813	0.15113493383038545	0.03868466037568849	0.11112808695324047
0.1434545343795493	0.13443308838629903	0.18390602181332708	0.11355079808403086	0.12423433595631167	0.1511223730848719	0.038406862976984854	0.1108919853186251
0.1398703270091842	0.13348198790269233	0.18447212433474852	0.1136298481112914	0.12345705904429222	0.15108626913216275	0.0375095722624863	0.11649281220314205
0.1408564415969101	0.1348769237917335	0.18539999142879782	0.11307718707985065	0.12261702533951467	0.15106500671339107	0.03821091875014983	0.1138965052996521
0.1434243438188758	0.13559251744777548	0.18188541406954703	0.10917145673790227	0.125949859306464	0.15108263421193693	0.03828993932155948	0.11460383508593881
0.14138818583414955	0.13505640055864382	0.18990960832209172	0.11067398564903959	0.11941256227737639	0.15112334141893716	0.03758499894359642	0.11485091699616513
0.14059721625733315	0.13425979545604555	0.18900377776010208	0.11246551978458479	0.12026609501702266	0.151079950778848	0.036930910441460685	0.11539673450460285
0.14210931341542005	0.1328330832113774	0.1902598854405876	0.1091591648058781	0.12156115434245872	0.1510434206617326	0.03850595688190683	0.11452802124063843
0.13946849568040545	0.13393232446359907	0.18972118692245316	0.1102233799898402	0.12742770269548634	0.15106269504118786	0.038079263571850624	0.11008495163517705
0.14015906194776323	0.1309330610991982	0.18535377741136186	0.11320116571736766	0.12589633529118302	0.15104411341523516	0.03871496800361217	0.11469751711427847
0.14110295941042472	0.13748505930521757	0.18121736911681657	0.11387592016945935	0.12318040287013801	0.15113379466839286	0.03723115773806364	0.11477333672148704
0.14030844906482023	0.13497818197795722	0.1884558501293747	0.11295477286258576	0.12314979250264758	0.1511483138559236	0.036875721661803	0.1121289179448877
0.13921434689190632	0.1321072749634586	0.1892113234737696	0.10945348472052983	0.12818031807182706	0.15110086086118854	0.037359172741923255	0.11337321827539659
0.14023600881808143	0.1336425208551807	0.1888658709597154	0.11148045474007111	0.12591664690906043	0.15111223447887462	0.037205334744228116	0.11154092849478796
0.14091586697526898	0.13658190485212532	0.1865071731783452	0.10817418840149753	0.1220367616828742	0.1510441013902648	0.03820100199775181	0.11653900152187195
0.14420299848997878	0.1351983682952706	0.18689586091920787	0.10771524792420156	0.12268511990132681	0.15113295192470774	0.03698099407032618	0.11518845847498022
0.14354393190938203	0.13618110065625222	0.18526962799052574	0.10930431294322049	0.12121393413979674	0.1510745244542708	0.03844239233571138	0.1149701755708404
0.14145473319744828	0.13368726757192834	0.18620801702616202	0.10787556111157659	0.12829108723584498	0.15112303375096012	0.03747546721172139	0.11388483289435805
0.14291013615016762	0.13272390843670287	0.18445937674517582	0.11042456501385019	0.12803565872058206	0.1510547353788538	0.03730041682673055	0.11309120272793687
0.14315591238235253	0.13267010961250753	0.1856282668849089	0.11055572752602524	0.1226714170797477	0.1511134829324806	0.038238792704088614	0.11596629087788866
0.14366508729569238	0.1342787702647295	0.18850308210421002	0.11261476054179449	0.1209119667268827	0.15111046052477395	0.037502133788872336	0.11141373875304433
0.1393433850470459	0.13614931054143117	0.18804425013074455	0.111528076289314	0.12504397295932315	0.15104182112567832	0.037862486855212804	0.11098669705124985
0.14037667628432246	0.13643455145427008	0.19081399386900394	0.10905481722924074	0.12132157342555805	0.15105719021275088	0.0373563003717791	0.1135848971530745
0.1427133270610716	0.13750316271070334	0.18870140098890076	0.10750912864987192	0.12317703546092104	0.15104896501887377	0.03782346539982884	0.11152351470982849
0.14127954904948983	0.13098513030077885	0.18962993786712495	0.11206693060727795	0.12448118559135737	0.1511138737694816	0.038261517449696636	0.11218187536479257
0.13958418772771303	0.13394273171675586	0.19031224763497787	0.10703198223544255	0.12606208124501453	0.15107987536822504	0.037808238712152095	0.11417865535971886
0.14280792719801172	0.13178810568948368	0.1862332046324328	0.10732996812135222	0.12782894564514963	0.15111576206824134	0.0375313111098728	0.11536477553545559
0.14077223323989396	0.13632729312169778	0.18839996099613524	0.1074716326172108	0.12423707823161441	0.15114252820428697	0.0376044309465076	0.11404484264265301
0.14123225474293802	0.1364564324412227	0.19084210476833535	0.10927743417224035	0.12127134553288837	0.15111288048075594	0.03653922510284259	0.11326832275877642
0.1438956320336126	0.134228116370474	0.1919659112487898	0.10968000737125855	0.12139299982749491	0.1511333904248266	0.037597845819289044	0.11010609690425427
0.1440338360386789	0.1356118060680725	0.1858912291288572	0.1099430155294022	0.12335425368463643	0.15106760868906038	0.03754961857042369	0.1125486322908685
0.1400931529961795	0.13530033925978602	0.18768927768608032	0.11067895954577936	0.12452628677152067	0.15114249050793577	0.03858254732322815	0.11198694590948999
0.1408828311757446	0.13497555850376505	0.19020261140029268	0.11012595529420707	0.12385282346468435	0.15104341670649415	0.03691857053395316	0.11199823292085867
0.14038870422680175	0.13578186749306437	0.1870075414417386	0.11210652339399177	0.1205589797896965	0.15108988375616464	0.03822856275997906	0.1148379371385631
0.1424295853026214	0.1357722292986779	0.1887353707482104	0.11050402142942423	0.12028622123834587	0.1510931278781275	0.03848957360372478	0.1126898705008677
0.1435404854552363	0.1330469573933088	0.1884431159274854	0.10695410595422718	0.12458805973080378	0.15108722082530687	0.0379540394893447	0.11438601522428679
0.14214541599487382	0.1367338650314339	0.19082671933816037	0.10699384900748457	0.12243072045109044	0.1510530536416572	0.037795249265730774	0.11202112726956875
0.14133095688083994	0.13519654864898942	0.18794222148177636	0.10966273660750007	0.12264005214655425	0.15107209149868664	0.038020597647070525	0.11413479508858258
0.1424283882534812	0.13306624921098656	0.189104924525341	0.1135773051461372	0.12112418575004405	0.15107708041398396	0.037902390936645755	0.11171947576338007
0.13983765154331879	0.1329890499367761	0.19217413357952984	0.11389183311137557	0.12121137542330193	0.15110904407878736	0.037383951188973905	0.11140296113793627
0.13988189208345395	0.1369647775125396	0.1866676111407804	0.11396541767150939	0.12008655307390015	0.15112894899920729	0.037450867783679606	0.11385393173492944
0.14420882428657147	0.13733972226347435	0.1833235812031129	0.10748876879192147	0.12400104103076767	0.1510518228796877	0.037025481251160564	0.11556075829330364
0.1412954391171323	0.1350048596385543	0.181223766315938	0.11184067388465788	0.1272874223797627	0.1510364688842452	0.03779151380276981	0.11451985597693959
0.14450432905703214	0.13470554103068003	0.18201070092274518	0.10966580010713996	0.12720977589876004	0.1511362275392427	0.0379118399615794	0.11285578548282035
0.14179081283994266	0.13359333563330034	0.18153452354282498	0.11213784856695883	0.1267479836100853	0.1510569825270808	0.03826570835734178	0.1148728049224651
0.14028543828530127	0.13583049594934563	0.18298887631630228	0.1129153109621805	0.126738681421599	0.15110096945407225	0.03831343844720762	0.1118267891639912
0.14290765888999435	0.13733958253523704	0.18335715465565922	0.10980122379512311	0.1254197406672215	0.15110247096086732	0.03863947491519458	0.11143269358070267
0.14128696817112466	0.13569520913123906	0.1841545391819297	0.10875841677743667	0.1277096014918182	0.15114170280664221	0.038454823912427924	0.11279873852738134
0.14150288567655364	0.1343248526599722	0.19024189154754811	0.10749756905952118	0.12211419696007828	0.15108578904811237	0.03681944916017728	0.11641336588803669
0.144068532026769	0.13294954954096816	0.19192243473986934	0.10710400875713294	0.12453894473179948	0.15110366822176544	0.0373182930534008	0.11099456892829461
0.1424505346636398	0.13348175611942437	0.18597793080127317	0.11118713845041558	0.1278198263604463	0.1510711890883941	0.03714173272475593	0.11086989179165052
0.14044676372061352	0.13554579109090062	0.19103431224071338	0.10779020303415761	0.12723722740860594	0.15104445130439362	0.036964446396066636	0.10993680480454847
0.14071670780770806	0.13255517976789133	0.18612032875435255	0.10747051780011593	0.12768403826785774	0.15104432428162573	0.038096286856287034	0.11631261646416141
0.13950096033080098	0.1376772481623365	0.1859890663665923	0.10721346605482125	0.12737949873076077	0.15104228317045718	0.037919456505484866	0.11327802067874594
0.14141328109097764	0.13356400217206713	0.1853312251364904	0.11086558154447157	0.1283853535260016	0.15111950826002765	0.038586935837872885	0.11073411243209091
0.1397947147906533	0.13568433131892993	0.18673028985234771	0.11275797820394841	0.12389288236372545	0.15110601585119446	0.03847547806800046	0.11155830955120007
0.1420904671838636	0.13694524313388806	0.18296640754708035	0.11247464869756435	0.12514377427863582	0.1511132322927071	0.03788682789648694	0.11137939896977361
0.14278489142461218	0.1357689249720814	0.18136569924045556	0.11280770752500535	0.12792546418975947	0.15110512775006651	0.03737833283062264	0.11086385206739663
0.14360878813607747	0.1355730595719176	0.1820990715997563	0.11399150160165482	0.12377263043613759	0.15109032215369633	0.036803650352105866	0.11306097614865378
0.1409317313229066	0.13372307434541503	0.18457415480664302	0.11020031909416837	0.12572963878833338	0.15110935122887886	0.03871435667468924	0.1150173737389653
0.1444963401348013	0.1338327983694806	0.1826547569157454	0.11091478698547491	0.12594257546807436	0.15109545872044322	0.03847868713723922	0.11258459626874079
0.14371388359904022	0.13090831204226835	0.18216317626809664	0.11294540948711833	0.1254754982393535	0.15108121362786606	0.0378304789314409	0.11588202780481581
0.14036074178315816	0.1307354300660134	0.1873325304231066	0.11153149070829584	0.12805816558072936	0.15109213350608394	0.037380104680146575	0.11350940325246592
0.14106577594131625	0.13422425916553388	0.1812123794184042	0.1124540712644419	0.12530469671651873	0.1510768746497758	0.03826874545834695	0.11639319738566203
0.14327105736747947	0.13325166620928655	0.18300247490168886	0.110904799953304	0.1277732971336818	0.15113724691085936	0.037668837767695404	0.1129906197560043
0.1435490559658474	0.13469551350984468	0.18712360458682556	0.10914156944721626	0.12153950618821346	0.15111847144380003	0.036633567023588595	0.1161987118346638
0.14067976437219143	0.13417405479722166	0.1890959130748192	0.10776240377514268	0.12212272778638647	0.1510449309649537	0.03868859849293739	0.11643160673634728
0.14153532538109517	0.13296800232758343	0.1884187046097919	0.110692494009159	0.12503670901409988	0.15107728571946585	0.036909137129748984	0.11336234180905555
0.1413874571103624	0.13136042969529574	0.18714410254772915	0.11208366506702169	0.12448737600638424	0.15107797064314415	0.03666860969080599	0.11579038923925641
0.13965492270819285	0.1334292135988034	0.1878886378363467	0.10870029009901516	0.12570978805387317	0.15107920602056568	0.037064054693553936	0.11647388698964885
0.14394446293835764	0.13347420442867453	0.19186828992382143	0.11005108878519795	0.12058927252730331	0.15110613051963226	0.03784757684464314	0.1111189740323695
0.14415215114205973	0.13675599374894454	0.18601708884045406	0.11261541300640827	0.1213826257969267	0.15110190585396327	0.03670694929500766	0.11126787231623556
0.13942421170194205	0.13571626455245542	0.19016927498359526	0.10978864603303037	0.12046098056360612	0.15113865583085756	0.0374297201880357	0.11587224614647731
0.14121318357390653	0.13115958796334695	0.18551399940286978	0.10951947337614447	0.12768947024170735	0.1510476418325994	0.038504093630522984	0.1153525499789023
0.1411104001894029	0.1376124122738415	0.18803138980705156	0.11012370865704037	0.12306304898018788	0.15112497634328279	0.03694406960086995	0.11198999414832282
0.14278377350035154	0.13250994576799102	0.1845928977769915	0.11259221022543989	0.12386055515572107	0.15107578712635011	0.03742109830090594	0.11516373214624867
0.13929300489942056	0.1336795645885237	0.18586912031392572	0.11281606086012394	0.12552473913374926	0.1511189626963206	0.03744721818991077	0.11425132931802522
0.14270220905659844	0.13468480586115084	0.18602344922086464	0.10734487229379244	0.12795261493205123	0.15111346322346583	0.03794129165863934	0.11223729375343704
0.14099019521043274	0.13519017047287232	0.1876045812831063	0.10816731056638254	0.12430107114128958	0.15110121942271754	0.03763009921082834	0.11501535269237041
0.14197343860347128	0.1316883805158136	0.19152790940884096	0.10848609579060806	0.12184535350400932	0.15113388160080388	0.038585832662079586	0.1147591079143731
0.14316251824963655	0.1357365973412678	0.18129206091559863	0.1073450687088398	0.12775558409674884	0.15110086120012794	0.037101100091924175	0.11650620939585604
0.14337249909088629	0.1318469158466321	0.1836310893430405	0.10986797540009431	0.12604982148166194	0.15110911315642223	0.03757810766967366	0.11654447801158872
0.14021852257763406	0.13564732180699504	0.18588995345355147	0.11263677002668812	0.12580667712180862	0.15107340865341692	0.037662352888258574	0.11106499347164697
0.14391560591575814	0.13443394704294817	0.18154442383795166	0.11349267723339225	0.12432798892077092	0.1510542323891717	0.0375517697807823	0.11367935487922465
0.14251099040369525	0.13631517444032007	0.18419599561855926	0.11142448555641703	0.12069980479376492	0.1510799539584342	0.03733308654782236	0.11644050868098667
0.1436092803405631	0.13585164959352117	0.18216522330199814	0.1110235995518314	0.12419690516308562	0.15111745328509923	0.03785582273085937	0.11418006603304172
0.1419796029369936	0.13665266895400557	0.18178522915207548	0.11243137588947318	0.12473690433716171	0.15107479986319974	0.038168256394514835	0.11317116247257568
0.14133846845719675	0.1357866706096647	0.18115821882838262	0.11173810921146048	0.12815256853339915	0.15113603911599996	0.03672298053162151	0.11396694471227461
0.14396805644155083	0.1338136302858723	0.1820666757987641	0.11107120701068582	0.12721778853622073	0.1511466708008385	0.0374115374633152	0.11330443366275231
0.14230825547030462	0.13453846388517451	0.18785358391651572	0.11297400104730991	0.12121527803203479	0.15104659464542425	0.0377241074893631	0.11233971551387284
0.14084413111879446	0.13124760584940554	0.18634428197492334	0.11298126165573612	0.12317562282659045	0.15104234551285928	0.03801429354743459	0.11635045751425602
0.14126843255335753	0.13250926801178844	0.18967036718510444	0.10754541154769129	0.12509869594275042	0.15114783437613571	0.03655505301170492	0.11620493737146706
0.14044577370060088	0.13708537825105557	0.1864679706634112	0.10754825707174075	0.12714121498830863	0.1510837085552021	0.038045631278298034	0.11218206549138265
0.1414011159536122	0.13755946633363839	0.18463090052117695	0.11215354576179523	0.12154870478123665	0.15107561544122683	0.037985821620252214	0.11364482958706132
0.14435307745227538	0.13301408519304223	0.18549002414111654	0.11343052317737304	0.11931342741638745	0.15106399730816789	0.0378633521515368	0.11547151316010046
0.13954063818705756	0.13668065239923868	0.18352473463030206	0.11076027423166562	0.12471648180991468	0.1510648593179294	0.03796401328336069	0.11574834614053106
0.14414652344436535	0.13391087420307315	0.18277161307002776	0.11279829840049774	0.12407103309006795	0.1511196576926122	0.03787727945119504	0.11330472064816056
0.14452462275447672	0.13747448807710835	0.18465998525459115	0.1070554961322707	0.12454234055230702	0.15114415722159386	0.037732697493925965	0.11286621251372599
0.14185261338044194	0.13647710326323012	0.18969141513684534	0.10765898351676817	0.126099023940867	0.15114676959706264	0.03670366115723027	0.11037043000755427
0.13997325475023173	0.13684040653264565	0.1920368097573646	0.10797288737580467	0.12434466073772346	0.1510566616494455	0.03765708759472593	0.11011823160205826
0.14062816199282713	0.13753835820944027	0.18731791923460733	0.11059501196925814	0.12372001708564491	0.15108240328286357	0.037856090614381624	0.11126203761097679
0.14104104458120062	0.1367196178071418	0.18438912856146178	0.11142481000790158	0.1216232570034154	0.1510976285506153	0.038110675193716706	0.11559383829454661
0.13951837768153302	0.1339606888920544	0.18628047119216365	0.11366589151126133	0.12146554502796356	0.15111278385041488	0.03745690949142774	0.11653933235318122
0.1444184565223295	0.13721786590667895	0.1854932395429334	0.11099215549527777	0.11925720638191563	0.15114726600222192	0.03759157271545582	0.11388223743318678
0.1426417225617271	0.13751455705256516	0.1846849709259675	0.11335911488173277	0.12071134761146861	0.1510589568950603	0.03668705046496672	0.11334227960651165
0.1439198785360481	0.13693297715092373	0.18482632057094414	0.11337443085675353	0.11966265821887166	0.15111002883487137	0.0374512067507161	0.11272249908087112
0.1439522464249685	0.13557886826369125	0.18603722228465372	0.1099798133157532	0.12421810183933622	0.15110066534499697	0.03800249640977607	0.11113058611682387
0.14452217896752773	0.13343474338473618	0.18885993958404107	0.10886456781276493	0.12264415516732584	0.1510422850837695	0.038344284143496485	0.11228784585633804
0.14073084930169494	0.13434972439397638	0.18948881478293905	0.11050623906338723	0.1209244257225658	0.15114801223085683	0.03687949030080932	0.11597244420377022
0.14143036956197919	0.13668380201555555	0.1888624618890008	0.11128976273389471	0.12167385780037804	0.151057436300519	0.037364473136545284	0.11163783656212722
0.1394715841060041	0.135868135627921	0.19059893481713341	0.10824096301654354	0.12776034096325764	0.15111993681859626	0.0366432947030728	0.110296809947471
0.13932559568581865	0.13387221566095575	0.187136134508513	0.11146155358201316	0.12624681439061824	0.15110100593849352	0.037347692508079275	0.11350898772550816
0.1420861766211139	0.131538388457624	0.18660273716732118	0.11088632154946904	0.12589709831556378	0.15114493463333248	0.03780200341094535	0.11404233984463004
0.1435180342009758	0.13122228471477315	0.1877822395212284	0.11398312558576014	0.1251637181913987	0.15105494906654826	0.03705073163848979	0.1102249170808255
0.13988744192723185	0.13120132428721143	0.1855536914492397	0.11390695067146803	0.12596739381104408	0.15107492243213452	0.037703830097929686	0.1147044453237405
0.14147847085880208	0.13290761915554633	0.1897617087296139	0.11099047600905575	0.1201095092197495	0.15104612401629625	0.038204672924677885	0.1155014190862581
0.14426600115316568	0.1357755892994904	0.1906791098775253	0.1093623100334013	0.12109430299191179	0.15106272608673701	0.037436392259158804	0.11032356829860948
0.1427127729251681	0.13571650418624723	0.18883736766889847	0.1089583427276897	0.12403125838278341	0.15109413835288196	0.03662922194360735	0.11202039381272356
0.14397914207705098	0.1340478149255558	0.19020542097158516	0.10795766066846689	0.1256537201271392	0.15112413252030668	0.03665659078871558	0.11037551792117942
0.14048661475398228	0.1377068086000328	0.19011738397064987	0.11018019579631952	0.12041773896420564	0.15110313196815423	0.03872887722012383	0.11125924872653162
0.14239806149629977	0.13457597485518336	0.19009309480581793	0.10939205207239358	0.12174212388560524	0.15105255816045352	0.03704432276652178	0.11370181195772458
0.1435894860613027	0.135597587848595	0.18855022357924855	0.11315180348960313	0.11971553645905764	0.15114726087789693	0.03832138417303166	0.1099267175112642
0.14034070733561074	0.13338262125283148	0.18692865597450947	0.11228376770855572	0.12364066349836561	0.1511298615419185	0.037225194831569317	0.1150685278566389
0.1392271721475323	0.13629633483522097	0.18847656121121062	0.11128185362015339	0.12234731317677405	0.1510563690301023	0.037008046047954185	0.11430634993105195
0.14429064845917336	0.13322428920659302	0.19067861194852398	0.10833778856109699	0.12222339337064254	0.15106244621127932	0.03838367495011254	0.11179914729257802
0.1426066065333561	0.13331387353835855	0.18836459765142166	0.10955866417396902	0.12448637729472097	0.15108408624887099	0.038622327408999374	0.11196346715030311
0.14324278397950946	0.13389580288951308	0.19166103722765976	0.1089360864287405	0.12137385643455356	0.15108327210340872	0.03720847651500987	0.11259868442160478
0.13936928548589175	0.13412920556827407	0.18898492245185924	0.11049459255962207	0.1225952204212115	0.15108533600972213	0.03732638888589282	0.11601504861752618
0.14039276706560616	0.13735456202681326	0.18658282758857475	0.1098444906362693	0.1248379839341464	0.1510381784922359	0.03691150521865591	0.11303768503769808
0.14242984271043269	0.13514662582310602	0.18282467727064963	0.11269294695451904	0.12738341933998962	0.15108084465980834	0.03656055963078976	0.11188108361070469
0.14365166921820646	0.1321812754286242	0.190211140394771	0.11247427125939796	0.12211648488507265	0.15111576975732688	0.037352893645854854	0.1108964954107458
0.14432580164807807	0.13503659691723077	0.1891417646738505	0.11223825381642286	0.11944289368318081	0.15110591248565336	0.03833761634301902	0.11037116043256438
0.14393650473310482	0.13325396781108945	0.188813331168581	0.11343896101671354	0.12070453219906509	0.15113509536619515	0.03668120827231501	0.11203639943293571
0.1443532109864384	0.13222328137368014	0.18673972120632193	0.11302867029731667	0.12196606808658518	0.15105193124271094	0.03823597630772524	0.11240114049922129
0.1425109771322338	0.1368864440028526	0.18362085825733807	0.11159438157202826	0.12215440798186185	0.15105065836541764	0.03805193642850441	0.11413033625976315
0.1418491179822552	0.1314534576894154	0.1913380772913355	0.10893510737235984	0.12461761406645325	0.1510769755488749	0.03695843064056896	0.11377121940873673
0.14391238136391182	0.13397251549135317	0.18710181225539596	0.10903578762195874	0.12677086475913182	0.15107693170652423	0.03776173112460887	0.11036797567711515
0.14191588552732132	0.13292252912411523	0.18498859182283986	0.11318850502651513	0.12521792603369195	0.1510687436909923	0.03790614191184462	0.11279167686267935
0.14154260184464973	0.133716495982947	0.18544617426151727	0.11346551478367158	0.12633505976768117	0.15114821157659655	0.03778075484911113	0.11056518693382536
0.13947977615337492	0.13336738554698863	0.18858156361615191	0.1137370222363044	0.12520027183998975	0.15103338081231849	0.037121355411363785	0.11147924438350791
0.1442388306565749	0.13751603426584358	0.18470382570644722	0.10927493321168	0.11922379793475373	0.15107644341282234	0.03822623795738131	0.1157398968544967
0.1427319629926844	0.13368113048769567	0.18561270657591045	0.1088214674480317	0.12366018632344461	0.15105697050656636	0.038377348203426934	0.11605822746223965
0.14278287929480435	0.13280459739363065	0.18751840617424959	0.10858363716711145	0.12464321091977254	0.1510386464293785	0.038550091383908996	0.11407853123714372
0.139731185905212	0.1372188809713326	0.18900305185104513	0.11200240974054414	0.11951458534712273	0.15114395737205324	0.03822225591737535	0.11316367289531457
0.14181363123770377	0.13495002029804282	0.19116990583147125	0.1116517991915678	0.11988710146278649	0.15111991801495472	0.03685534617010516	0.11255227779336771
0.13929216569754893	0.13180338578317247	0.18607583565121494	0.11125507179650168	0.12762550938611505	0.15109977540236688	0.03798294963565467	0.11486530664742516
0.1412254589100349	0.13443869708596837	0.18580738012989423	0.1081952081180212	0.12792677645421352	0.15111160710299698	0.038150654503056464	0.1131442176958141
0.14387210534355982	0.13433552291435333	0.18406241606175527	0.1126477956343159	0.1237521765760907	0.15103634793931126	0.03850912490316964	0.11178451062744386
0.14123581010337438	0.1364083355662976	0.18531039053054246	0.11148756461905221	0.12340579690666673	0.15114227366592364	0.03735449103213062	0.11365533757601211
0.1432386098041469	0.1316823729470544	0.18343428825009844	0.1139107017071444	0.12256383293733057	0.15105643776402777	0.0380889829573733	0.11602477363282397
0.14388253585855293	0.13555666367041763	0.18605491090715043	0.1098651981924836	0.12115835014550537	0.15111315222732202	0.03758503451292006	0.11478415448564773
0.14316729249434582	0.1321067468489485	0.18597148092111448	0.11303307939140789	0.1219706563695901	0.15105472687783905	0.03748933220803659	0.11520668488871737
0.14429621859764374	0.13116798609577116	0.18564343315473925	0.11084503000062357	0.1264026807116895	0.15114740632764723	0.03870103520314902	0.11179620990873632
0.14362336840597872	0.13418772789360478	0.18644524461075074	0.11221963128331443	0.12151318145794264	0.15112734944946132	0.038228828602456924	0.11265466829649023
0.1441607680038891	0.13653451258259744	0.1838343411035983	0.11281223629306958	0.1203110292044879	0.15112000324484817	0.03731304762428772	0.11391406194322154
0.144335996889058	0.13561112848858495	0.18630949586609574	0.10870997028913035	0.12005688081031317	0.15112687346231318	0.03763417475374434	0.11621547944076005
0.14422948243379918	0.1351372282580016	0.1854043363367197	0.1119292271083887	0.11932634579251702	0.15111351103772966	0.03677269221447099	0.11608717681837291
0.13927270153349788	0.13614338569979034	0.18157631739072133	0.11400989234016673	0.12385911387494623	0.15113844515474936	0.03853509269566101	0.1154650513104669
0.13917978396428476	0.13703822120191503	0.18489432232914554	0.10824049644896834	0.12481629732415597	0.15113681778885554	0.03842424324889722	0.11626981769377738
0.1432320956646839	0.13440458714509668	0.18679909806240275	0.1099068315228851	0.12396774417181168	0.15107466039381254	0.03821044173472553	0.11240454130458159
0.14223380691982201	0.1336747535323282	0.18500443134063868	0.1111847533029981	0.1276475143834093	0.15108237061852364	0.03774749317903678	0.11142487672324307
0.14031039339957288	0.1343206692091301	0.18789628798368535	0.11190964968867553	0.12466152697961665	0.15112245839437338	0.03668625000118106	0.11309276434376477
0.1417630474321384	0.1371972058904647	0.18484690883850205	0.10963925163733618	0.12582758634065808	0.15105220462431976	0.03691099166514843	0.1127628035714322
0.14066615096885424	0.13377537424864497	0.1871864131517969	0.1132371408782021	0.12327953332671858	0.1511328626881902	0.03748038997719755	0.11324213476039523
0.14188394868254905	0.13453817277295968	0.1857109702126351	0.1113324562905846	0.1251691980805793	0.1510370075505854	0.03715165788987197	0.11317658852023463
0.14393147922984434	0.13506165769418682	0.18221046668435736	0.11385889471618406	0.12117070920681351	0.15108012130922988	0.03656125850035316	0.11612541265903066
0.14239870179053032	0.13734074762430673	0.18291187228129116	0.10894071088330322	0.12354057411333567	0.15111274984211576	0.0382198368220462	0.11553480664307071
0.14420623697192625	0.13711819440337822	0.18459219091808116	0.10871944527130019	0.12241303522663834	0.15104807866842576	0.03657107690115961	0.11533174163909027
0.143764687954674	0.13559254138563423	0.18623454477508064	0.1085832835281597	0.12251950914040166	0.15105955994354858	0.037704741283388715	0.11454113198911223
0.1420541719890407	0.1345166242377975	0.18969150923334388	0.10772449818726658	0.12644114051015412	0.15114033203272947	0.03736550799044458	0.11106621581922294
0.14394690517351097	0.13096108507634063	0.18536149912282074	0.11088092995271133	0.12683700156680908	0.1511117386777119	0.0366971670183289	0.11420367341176621
0.14043088382455557	0.1345294517403311	0.18529425371220287	0.11057671399961184	0.12618577414097107	0.15112266243207048	0.03668631577208063	0.1151739443781762
0.14154794190305314	0.13586309891928278	0.18418407028836245	0.11096903817936273	0.12284254048174488	0.15103382715040975	0.037244587658542896	0.11631489541924114
0.14346381571459496	0.1362088123587759	0.18206385540502282	0.11221239868172692	0.12214676853002279	0.15108695052073112	0.038206319273324935	0.11461107951580031
0.14287083028109354	0.135540974353181	0.18228032438763775	0.11297803479643745	0.12201675284719679	0.15109938344547133	0.03756410403557914	0.11564959585340279
