0.26925248575024047	0.3364306797997077	0.39431683445005195
0.22744071484114847	0.3051448532285983	0.46741443193025334
0.24653259483165316	0.4482292271965947	0.30523817797175223
0.49398046755136665	0.049649752033114225	0.45636978041551923
0.3240995949054916	0.5538610897640618	0.12203931533044671
0.35440354895691073	0.06624378877558385	0.5793526622675056
0.4102411148920371	0.43346540387326027	0.15629348123470277
0.31912547719348877	0.3742950771753878	0.30657944563112355
0.796826882159294	0.09069696189369877	0.11247615594700733
0.5596341066225912	0.31529043931162454	0.12507545406578438
0.7046269879088826	0.07538193925509923	0.21999107283601835
0.3198258762150673	0.30426528020501453	0.3759088435799183
0.3404775777519668	0.2897415297535687	0.36978089249446466
0.11004249293735843	0.507482397979095	0.3824751090835466
0.4261141376283212	0.28082413148775554	0.2930617308839234
0.21550102333832194	0.5952644657192623	0.18923451094241583
0.4173874719239573	0.09460465623785247	0.48800787183819033
0.06224398351138338	0.5546918568708545	0.38306415961776225
0.4351841040610902	0.10022572239610308	0.46459017354280674
0.38685233763246096	0.10617208986536567	0.5069755725021735
0.3072723284437817	0.5122626030485212	0.18046506850769717
0.1868237340389997	0.5514238758029334	0.26175239015806695
0.09159817505123743	0.643863974862183	0.2645378500865796
0.19583213489615311	0.4411826874053164	0.3629851776985306
0.36609643476034537	0.3475692771409068	0.286334288098748
0.3615188934048216	0.48807730167666163	0.1504038049185169
0.5655398231030275	0.1904143230070335	0.24404585388993907
0.556693757188594	0.3152001162968665	0.12810612651453956
0.3057771855059926	0.3938561142357532	0.30036670025825435
0.4282822511406674	0.34108696714434195	0.23063078171499074
0.17062934911469557	0.4456620744671647	0.3837085764181398
0.13615736842662826	0.3864706830023541	0.47737194857101783
0.15827016553070203	0.5111040487570094	0.3306257857122887
0.3778313277913803	0.4909479152161981	0.13122075699242172
0.5472973363021932	0.21371774182188455	0.23898492187592232
0.41231586182850044	0.15566838272187888	0.4320157554496208
0.3603655629630038	0.16615588954207713	0.47347854749491913
0.1488349745174684	0.5394702483772527	0.311694777105279
0.08756957746478725	0.6135808723005081	0.29884955023470483
0.428208062502076	0.4373194801628335	0.13447245733509058
0.23424468250495742	0.3118189622515102	0.45393635524353254
0.37908173321022975	0.13710793922536654	0.48381032756440384
0.6811576979319108	0.10429184884340051	0.21455045322468874
0.22342143364279898	0.5565603119094736	0.2200182544477275
0.3958470189992307	0.37696581858323613	0.2271871624175333
0.3222978066168359	0.536207329553507	0.1414948638296572
0.22409677140081735	0.2731508466251561	0.5027523819740266
0.728328627309212	0.15308645867774556	0.11858491401304255
0.3546220852667603	0.10192719468449951	0.5434507200487403
0.2314381517312205	0.2037481679308313	0.5648136803379483
0.26012385937059423	0.5951745086871436	0.1447016319422623
0.43761378120200756	0.10346150500258189	0.45892471379541067
0.5081119414812739	0.31323088614518646	0.17865717237353973
0.396095436913844	0.49221306528684516	0.11169149779931087
0.14243682042461916	0.4597070797800631	0.3978560997953179
0.7210589987783007	0.08129213261831741	0.19764886860338193
0.27890178229135	0.6031517974143854	0.11794642029426472
0.15500997784150577	0.424380264048674	0.4206097581098204
0.38889172703759933	0.19074631269053616	0.4203619602718646
0.1595551009196889	0.605765272153261	0.23467962692705013
0.36830332376261565	0.20136043186553085	0.4303362443718536
0.22426252543985162	0.5148396209157309	0.26089785364441764
0.1861913247084608	0.46277172364821784	0.3510369516433215
0.3128199853752229	0.22554755954132905	0.4616324550834482
0.6036373245290665	0.11258727095648394	0.2837754045144497
0.28553455276396517	0.5908083435478971	0.12365710368813779
0.21044886275253014	0.5971139305547832	0.19243720669268677
0.22758433116529825	0.2597855708962501	0.5126300979384517
0.26620655883663	0.6111118762448555	0.12268156491851451
0.24928897585749243	0.45177804864340865	0.2989329754990991
0.074875432037104	0.32919771433392986	0.5959268536289661
0.30471161961438054	0.3719891513585605	0.3232992290270591
0.26759051401783307	0.19232559121776427	0.5400838947644028
0.5644582471566981	0.24036383502863648	0.19517791781466554
0.3915347102565502	0.2929134674748181	0.3155518222686318
0.10537289940932681	0.3856969549341253	0.508930145656548
0.5940397390613401	0.20952470843981807	0.19643555249884198
0.31342549617802967	0.5118323090960224	0.174742194725948
0.14654520848524719	0.5476911559079555	0.3057636356067974
0.21859661004529082	0.5314709633421417	0.24993242661256762
0.34059102281036546	0.2513717030075956	0.408037274182039
0.2321347459769847	0.3486918329206238	0.41917342110239164
0.3752620639296769	0.23800166758367558	0.38673626848664766
0.0749815590552837	0.6330408970718444	0.29197754387287206
0.40753794638561125	0.3423443360570794	0.25011771755730944
0.06373391081892099	0.5930113112947968	0.34325477788628234
0.2985810968703151	0.3612185789420991	0.340200324187586
0.46880250551107205	0.36596023627631835	0.16523725821260968
0.08542807468080932	0.7578341125528723	0.1567378127663186
0.2803207617209498	0.21133907204063357	0.5083401662384167
0.35201559851911945	0.5137343216191376	0.1342500798617431
0.4838717591632815	0.29972828155309256	0.21639995928362604
0.14720874290818295	0.38674561824642517	0.466045638845392
0.47952417339745984	0.11209167990860461	0.40838414669393563
0.17461418585206256	0.38782972379032915	0.4375560903576084
0.2996353372502839	0.34089886848062145	0.35946579426909475
0.5693347288294672	0.0406889167902344	0.38997635438029843
0.270895680834976	0.16381372760520602	0.5652905915598181
0.3930502961468329	0.41095957848786957	0.19599012536529764
0.6828868247239918	0.06428439189044771	0.2528287833855607
0.4779218705028535	0.16916452116151853	0.352913608335628
0.5716525345260415	0.05594127536682986	0.37240619010712883
0.35749497451147344	0.4253815015622031	0.21712352392632356
0.6741592680037545	0.190849721222986	0.1349910107732596
0.2935050247489592	0.3972584314163179	0.30923654383472304
0.41517553783209415	0.35272024460880474	0.23210421755910118
0.35263287017265305	0.28508966019170656	0.3622774696356405
0.595525990045712	0.16370291250204108	0.24077109745224695
0.5479958880077923	0.04738873165838625	0.4046153803338216
0.5338041808835501	0.3107811664573986	0.15541465265905136
0.18429590263093049	0.2762224214523003	0.5394816759167693
0.19085353372383418	0.36469692249628255	0.4444495437798834
0.5896568399038538	0.15624830143596932	0.254094858660177
0.5664640854423766	0.1362201065084818	0.2973158080491417
0.5253846012259529	0.12024328020852418	0.35437211856552303
0.3282520872793756	0.4736285740518522	0.19811933866877232
0.2073882403693739	0.21248313164840532	0.5801286279822209
0.3249153897606246	0.10531543551673953	0.569769174722636
0.07237238507576549	0.4162248728619963	0.5114027420622385
0.4222333420812086	0.11944082831597519	0.4583258296028163
0.2364900772691265	0.5217419490500463	0.24176797368082736
0.7174341335026192	0.13935838421223	0.1432074822851509
0.39264986808581415	0.19656205431545568	0.4107880775987303
0.1807313340931043	0.31112595664982673	0.5081427092570692
0.5833375780221661	0.11855178768273014	0.2981106342951038
0.2237663206374636	0.30894197479261476	0.46729170456992175
0.1415267553826697	0.5463958178117732	0.3120774268055573
0.729277437534419	0.10206619707804698	0.16865636538753415
0.3944640969107505	0.25727826067802595	0.34825764241122364
0.5814551188268956	0.09504290380857588	0.3235019773645286
0.37435984909708986	0.45121656684668315	0.1744235840562271
0.45252646894991594	0.1153215129553136	0.43215201809477055
0.4766042667542486	0.19884364876902394	0.32455208447672756
0.15155220923228155	0.30435861243939993	0.5440891783283186
0.4060718749775908	0.31576149408567267	0.2781666309367366
0.1877029319694348	0.31324416635929664	0.4990529016712687
0.7743322913361188	0.08927980002309299	0.13638790864078834
0.6138202800938257	0.15049884726569604	0.23568087264047832
0.5329644191555761	0.07322873568251104	0.3938068451619129
0.2907435186085899	0.13712646304248371	0.5721300183489265
0.08371930416511525	0.7474207439123318	0.16885995192255304
0.256540184114854	0.5968616447013702	0.14659817118377588
0.1558928297458213	0.2642193502847169	0.5798878199694619
0.31066858832731425	0.48091413300680375	0.20841727866588208
0.4501672084505358	0.10664399311530887	0.44318879843415543
0.39843020240211385	0.10708096395776079	0.4944888336401254
0.10886719738350545	0.35579465448182584	0.5353381481346688
0.08975419660478914	0.757709579741093	0.152536223654118
0.7176332479986609	0.08065523784159223	0.20171151415974697
0.14531821042663068	0.4271751335622397	0.4275066560111297
0.10871614523299436	0.3404076353760889	0.5508762193909168
0.06584015695456913	0.5920350577331125	0.3421247853123185
0.3459118914095687	0.12667750123582722	0.5274106073546042
0.0879528980281285	0.6585311371332183	0.25351596483865335
0.39969468577775696	0.4668393174319214	0.13346599679032173
0.6957963973772853	0.11738172087293894	0.1868218817497759
0.4222476714132219	0.20946247877899948	0.3682898498077788
0.4751085892114315	0.4078746867794384	0.11701672400913019
0.07634976912598107	0.6833968810246613	0.24025334984935764
0.13600380760603298	0.37592330941242275	0.4880728829815444
0.39618540637149446	0.12560935565375667	0.478205237974749
0.24547387292862005	0.6191260696129047	0.13540005745847528
0.13810111525992894	0.5004359682535627	0.3614629164865084
0.39671723791315705	0.05305450673194556	0.5502282553548975
0.6549129676866244	0.1771973849148916	0.1678896473984841
0.193215733556107	0.33970432571981163	0.46707994072408143
0.3478615557266536	0.2679862360207927	0.3841522082525538
0.10382981242145267	0.43838829467656887	0.45778189290197857
0.08238794062092136	0.531932580214774	0.3856794791643048
0.5688415163061351	0.20677570340928877	0.22438278028457626
0.177474059558578	0.26478089559576	0.5577450448456621
0.3670363299215082	0.08401942369197826	0.5489442463865137
0.1685344229987173	0.5003010738899002	0.3311645031113826
0.22809229833702832	0.4417804752416764	0.3301272264212954
0.3909786411835477	0.25868465040859023	0.3503367084078622
0.7003569296485253	0.17743681531935285	0.12220625503212201
0.5572887818229304	0.038732743298040884	0.4039784748790287
0.24002234910353457	0.4570129323519028	0.3029647185445627
0.31562853699584903	0.33803952725781733	0.34633193574633375
0.32216694874963586	0.17228162455179252	0.5055514266985718
0.1780320286631713	0.2591235491374172	0.5628444221994116
0.07244343494969557	0.726863940117827	0.20069262493247755
0.291120356289608	0.5438677153460039	0.1650119283643883
0.2226891464164012	0.23317308554104926	0.5441377680425497
0.615228953104195	0.11581207431236804	0.26895897258343715
0.22529546425081098	0.4371087100286274	0.33759582572056174
0.38911768491835746	0.33212122845740755	0.27876108662423515
0.4346811535136732	0.04602155625696108	0.5192972902293658
0.3473449187575872	0.36433918913569735	0.28831589210671554
0.3164725727881289	0.39383209697711885	0.28969533023475236
0.07801675339125519	0.40127413641452264	0.5207091101942223
0.34362622090549544	0.48011549093060246	0.17625828816390227
0.4666150879615021	0.24677131825641666	0.28661359378208134
0.5356642158155255	0.32676880311461565	0.13756698106985898
0.2850393354152053	0.20843414254542164	0.5065265220393732
0.21406628262758837	0.46449241985585976	0.32144129751655204
0.3621516765789973	0.5116395452281527	0.12620877819285017
0.600457632759488	0.1702425563485827	0.22929981089192933
0.37295792189879845	0.3179825796093004	0.3090594984919013
0.1844055142628412	0.5471786040145734	0.2684158817225855
0.6974981391113994	0.06979573457661215	0.23270612631198861
0.3675184100280896	0.3549179143824606	0.27756367558944983
0.3233858186753994	0.5188783740674285	0.15773580725717218
0.5107993370565724	0.23007184732224673	0.25912881562118095
0.6905100933271793	0.19336952955507047	0.11612037711775036
0.23344171583720627	0.2333546634966445	0.5332036206661493
0.38824989687345857	0.30678521171926487	0.3049648914072767
0.17904838596706504	0.5937989643070131	0.22715264972592203
0.15957766690229802	0.41757383678324866	0.4228484963144534
0.6187736569684271	0.14102871257256427	0.2401976304590087
0.5100710412081465	0.14918155381166054	0.34074740498019307
0.24125554086757445	0.30066317659784453	0.4580812825345812
0.27129759165788436	0.4855478035701617	0.2431546047719541
0.5198480251865205	0.30072402291301287	0.1794279519004667
0.16399302882227249	0.4124091895819434	0.4235977815957842
0.40414567262591483	0.4566064915300379	0.13924783584404735
0.2554572824860069	0.486747359789394	0.25779535772459927
0.3728611942790626	0.39022171494568214	0.23691709077525536
0.5801464187192815	0.2531453767695935	0.16670820451112517
0.7197337927108566	0.10831546176540818	0.17195074552373535
0.47166968042304475	0.25484699387949866	0.2734833256974567
0.3179210437572997	0.2759746745993091	0.40610428164339135
0.23159744907477042	0.6030681435777272	0.16533440734750257
0.6432918929839817	0.09193897701264417	0.2647691300033742
0.39748892943695247	0.2160653127699246	0.38644575779312307
0.6253576566949002	0.18112937272750643	0.19351297057759342
0.0880613836208137	0.527085466256701	0.38485315012248544
0.6224741885826491	0.1384126490117657	0.2391131624055853
0.23386336428468882	0.2744765164955405	0.4916601192197708
0.08134473981864204	0.4468260462766443	0.4718292139047138
0.5086012635746565	0.23399533990114457	0.25740339652419897
0.12190721590617276	0.4495048087758034	0.42858797531802395
0.5739398721064963	0.15000296005722974	0.27605716783627404
0.414538268439589	0.23143325335442522	0.3540284782059859
0.18512532254421496	0.4664361119798564	0.3484385654759288
0.3599640363935164	0.31435692703576257	0.32567903657072117
0.2341948770680758	0.4567083582058723	0.309096764726052
0.4756675547019339	0.11536824166073492	0.4089642036373312
0.31589290613231763	0.173814499525719	0.5102925943419634
0.3133474844794514	0.5489020309668927	0.13775048455365602
0.4305819457938642	0.3171023733979642	0.2523156808081717
0.4306112780441972	0.35762631521763955	0.21176240673816335
0.2649558135039212	0.30833816904835204	0.42670601744772685
0.319207075706418	0.38135459347382455	0.29943833081975757
0.19657078926913654	0.4475689181442676	0.355860292586596
0.21080756027100458	0.49954306888591427	0.28964937084308123
0.41539263907102575	0.2732195336810898	0.31138782724788455
0.5710367168469805	0.299289230862865	0.12967405229015463
0.6457934794611592	0.045757257934677	0.3084492626041639
0.7768341063936443	0.09583641853029176	0.12732947507606407
0.5072011586861622	0.25782488975486273	0.23497395155897516
0.26676996981527606	0.5130573734092433	0.22017265677548076
0.6324680381767853	0.14629931014424646	0.2212326516789683
0.12124506095904028	0.33233442213734904	0.5464205169036108
0.0825128702428789	0.7393834812886948	0.1781036484684264
0.3266892681775224	0.5398645624508459	0.1334461693716317
0.14476937734562845	0.4983441642288955	0.35688645842547617
0.09111119289432817	0.407831440412583	0.501057366693089
0.14364849203798197	0.33932710508731145	0.5170244028747067
0.26807526662487924	0.5259164424305224	0.20600829094459852
0.37026754823187974	0.3966465370340424	0.23308591473407797
0.24918611504205113	0.592654930111979	0.15815895484597
0.547420954558008	0.07607353140411127	0.3765055140378808
0.5867460171745724	0.2943927861099191	0.1188611967155086
0.31574636323771493	0.46224465976244816	0.22200897699983707
0.13928168101436225	0.7352389694211263	0.12547934956451157
0.07389541965411511	0.7059620657036585	0.2201425146422265
0.31873557039523487	0.4228935496802325	0.2583708799245328
0.4871721699294747	0.16053345547179476	0.35229437459873064
0.40595154991482674	0.4806897984932725	0.11335865159190092
0.1266700091854857	0.5711766170285051	0.30215337378600926
0.7798794149987285	0.09464868730286186	0.12547189769840977
0.7052374102815837	0.1674248012251323	0.12733778849328414
0.3463727202735941	0.15065664729634315	0.5029706324300628
0.19486493936541913	0.4786493986772181	0.3264856619573629
0.2280103160330333	0.6052929450254645	0.1666967389415024
0.13307070223201914	0.5575858894412492	0.3093434083267318
0.16594371671851182	0.4830263494875708	0.3510299337939175
0.15528118998905688	0.571763128207932	0.2729556818030113
0.2796654981458982	0.539535732693176	0.180798769160926
0.4121501247669814	0.456604095354613	0.13124577987840572
0.2926037006577375	0.33323452416309524	0.37416177517916743
0.450117722082763	0.1433677677952281	0.406514510122009
0.6433064656556012	0.06719147159906613	0.28950206274533274
0.2418679139838028	0.40284039897434154	0.35529168704185576
0.42387757174252805	0.24650845922772618	0.3296139690297458
0.69672680802696	0.04693012175744282	0.25634307021559727
0.3200003793888062	0.4969587654910731	0.18304085512012086
0.44335845657038353	0.34180429183418115	0.21483725159543537
0.2922391396869037	0.5553082909885854	0.15245256932451112
0.3895987209098308	0.2503424915528266	0.3600587875373427
0.7306226047268695	0.05997164542145067	0.20940574985168
0.5965856244609185	0.2582762307183917	0.14513814482068993
0.4581845927288045	0.12266423901209736	0.41915116825909826
0.16948575046513073	0.5730718037754834	0.25744244575938596
0.4175004198385119	0.1316280203094872	0.45087155985200106
0.1951822875146446	0.5263027169437081	0.27851499554164744
0.18604857430135485	0.48032678175178545	0.3336246439468598
0.438621891385865	0.29283395945311336	0.26854414916102176
0.34375852456743616	0.22961694637810995	0.42662452905445397
0.3217987237446383	0.32082538564505286	0.35737589061030894
0.6691645894470244	0.09065609949397624	0.24017931105899942
0.29442397576851587	0.11172941076035564	0.5938466134711287
0.5416713403790994	0.24359259813621834	0.21473606148468244
0.3799986354172836	0.14899624427349925	0.47100512030921726
0.5496225070437513	0.23968774299409032	0.21068974996215847
0.1986732271638711	0.31151845291309815	0.48980831992303087
0.06689831874036084	0.5399398677806603	0.39316181347897905
0.525326416176465	0.10178747841914143	0.3728861054043937
0.1655592066819821	0.7176276775077426	0.11681311581027537
0.48127836374217114	0.2121656763893329	0.3065559598684961
0.18919096948434286	0.24887374310733856	0.5619352874083188
0.3015417162921213	0.2571772476290593	0.4412810360788195
0.4193405738887477	0.17160058003072298	0.40905884608052945
0.17603661144396215	0.39763025727108176	0.4263331312849562
0.47080689715442364	0.16004467811007803	0.36914842473549847
0.5274735541458346	0.32306018448764134	0.14946626136652408
0.7981388775386341	0.07777952015753004	0.12408160230383594
0.11135619726145632	0.5551178360308093	0.33352596670773454
0.2601809036791875	0.15019305690069173	0.5896260394201209
0.06053694336907939	0.6827350557990164	0.2567280008319043
0.1488980901496365	0.6989974845992578	0.15210442525110582
0.2064299617555054	0.5845585434105546	0.20901149483394016
0.40352551009033577	0.1464938890256166	0.44998060088404773
0.39964232386638354	0.21276747737422463	0.38759019875939194
0.1204514488048361	0.7470608339602693	0.13248771723489475
0.10050889685759187	0.6668909539970842	0.23260014914532404
0.41044061137270105	0.4495099112977205	0.14004947732957854
0.6690411967626788	0.10367299152474627	0.22728581171257495
0.37457117428663034	0.4154427565967034	0.20998606911666634
0.3606541870630041	0.25164031391821473	0.38770549901878126
0.2782292141696169	0.18044790277346276	0.5413228830569206
0.13098027303150422	0.31969586964539565	0.5493238573231003
0.27847188284630875	0.20366251185915557	0.5178656052945358
0.675415858297748	0.1400742682660493	0.18450987343620284
0.29635813942822276	0.3897237269468141	0.31391813362496324
0.2886392308142004	0.24022030565304478	0.47114046353275496
0.6268532436534893	0.0461758385394454	0.3269709178070655
0.40541511037065486	0.22386651267396424	0.370718376955381
0.2742613220106081	0.38746660836294855	0.33827206962644346
0.11645508472569313	0.3181011780671304	0.5654437372071766
0.2285246281675144	0.5334889417492557	0.23798643008323012
0.476005929020029	0.3719226938226974	0.15207137715727376
0.19115078694696638	0.49860479200495456	0.31024442104807926
0.5095083168538211	0.16369999695462265	0.3267916861915563
0.1871196681065918	0.2511796365951461	0.5617006952982623
0.553300429236879	0.28323821584909514	0.163461354914026
0.49123028065036733	0.3169187653558353	0.19185095399379745
0.19812567235023404	0.41633422440518913	0.38554010324457694
0.5787313343290051	0.2569776003875901	0.1642910652834048
0.28673725329995764	0.13774549854159815	0.5755172481584443
0.561165222966247	0.30889435921183483	0.12994041782191823
0.293590621581135	0.26918515265242504	0.43722422576644004
0.14650518056722606	0.6682693750487305	0.1852254443840436
0.4168850900707416	0.3144804036992267	0.2686345062300318
0.19318513981295768	0.609446409887413	0.19736845029962935
0.18979620668438826	0.22048787277362875	0.5897159205419831
0.520718119887712	0.21092681140062314	0.26835506871166503
0.1804249299095405	0.601565904338148	0.2180091657523115
0.17652599284965995	0.5744807845328458	0.2489932226174944
0.5999830082819673	0.10948062604233796	0.2905363656756949
0.0688789236562356	0.5776614330623319	0.35345964328143264
0.1653509925904632	0.5087283443583663	0.3259206630511705
0.33946838493053166	0.19769264798420222	0.46283896708526623
0.36546478555254136	0.37210075094565825	0.2624344635018005
0.505556464636503	0.36063848806493604	0.13380504729856119
0.4528950407948694	0.40460151375832265	0.14250344544680799
0.07151478699061053	0.41664075877790374	0.5118444542314858
0.2659393950885117	0.2790995779735689	0.4549610269379195
0.40637505852193434	0.22745036633888538	0.3661745751391804
0.07155267032239399	0.501350956328574	0.42709637334903217
0.7211844274780288	0.05130344782340668	0.22751212469856452
0.6236873958712639	0.19134667119436288	0.18496593293437336
0.5823961642683134	0.10148200308319633	0.31612183264849036
0.5524566252561978	0.08391000344496127	0.36363337129884105
0.15578212417816922	0.29457952957058936	0.5496383462512415
0.21895956820582407	0.5960766706731981	0.18496376112097795
0.588918948659976	0.2577954399318189	0.15328561140820524
0.3548417589317358	0.35785482093689686	0.28730342013136745
0.3780417430474733	0.04424157386131672	0.5777166830912102
0.5266826070936641	0.2640372955136504	0.20928009739268558
0.29099488707179916	0.45524738189487374	0.2537577310333272
0.26108922004498225	0.5390049873774585	0.19990579257755933
0.2883047292247532	0.19429572021185215	0.5173995505633948
0.08321483890187231	0.5475702352715707	0.3692149258265572
0.6323381705138469	0.07015834609619886	0.29750348338995436
0.36286107650682503	0.4010272593999273	0.23611166409324777
0.6894743741563897	0.05736213418234776	0.2531634916612627
0.28831390680286473	0.2482867884878031	0.46339930470933227
0.4121936729596831	0.4435035595927791	0.14430276744753792
0.6657866079213335	0.19318377298893383	0.1410296190897328
0.3714579845574956	0.16119303593769366	0.46734897950481086
0.5955647650940756	0.1775416511574415	0.22689358374848295
0.24359467821408692	0.4500003772133761	0.3064049445725371
0.3667026748331189	0.19182175466419848	0.4414755705026827
0.24624598269111947	0.5111001011297039	0.24265391617917667
0.17928542402520664	0.3728986333420326	0.4478159426327609
0.49657970704558585	0.18752430223067887	0.31589599072373536
0.5707199038573949	0.192390680413609	0.23688941572899616
0.4356157733273341	0.2959362387218908	0.2684479879507752
0.2745607505106782	0.16186551802548216	0.5635737314638397
0.20134748495826035	0.5510892564605893	0.24756325858115052
0.5026247322778207	0.10221826122676911	0.3951570064954103
0.4417173943939465	0.36451329743848293	0.19376930816757068
0.46068941889337356	0.10608452785180744	0.43322605325481917
0.37099230212247825	0.20810737222112213	0.4209003256563998
0.15664646388814996	0.34178086674127856	0.5015726693705717
0.4707773736753387	0.40335414830458705	0.12586847802007436
0.12379992417783756	0.7504730259584234	0.1257270498637392
0.18318596592914344	0.41162560463865866	0.405188429432198
0.1250850812817037	0.7473133854138092	0.12760153330448726
0.0842436880375369	0.4582478686089682	0.457508443353495
0.2625998825686942	0.5517198117053868	0.18568030572591915
0.08959562782223146	0.6005875273304773	0.3098168448472914
0.739157050096935	0.07137232020192041	0.1894706297011446
0.1572681945762271	0.45559435568137563	0.3871374497423974
0.2688030942280124	0.562944548440798	0.16825235733118976
0.40807646054242136	0.24909197215199816	0.34283156730558056
0.6347433865565841	0.1499451027335596	0.21531151070985638
0.07605428976540074	0.7511912964360938	0.17275441379850548
0.4264311780369893	0.4436800339241675	0.12988878803884332
0.6457567373790126	0.19349896211268547	0.16074430050830202
0.5206714495165387	0.34340373614199254	0.13592481434146889
0.2922440636024802	0.45530367962771134	0.25245225676980865
0.3478597341253633	0.3981093537566862	0.2540309121179506
0.4640694883260856	0.17331120324485838	0.36261930842905615
0.289030952878122	0.15562091732397224	0.5553481297979058
0.6859557862725978	0.03763790994835903	0.27640630377904335
0.7203488005602912	0.0464380635652647	0.23321313587444414
0.37257761905679765	0.2691024946255377	0.3583198863176647
0.41694341610678853	0.15362735679708592	0.42942922709612563
0.6664311511038108	0.06858929938080693	0.2649795495153824
0.6729949870214387	0.08954514945683073	0.23745986352173076
0.2578065096753179	0.4665947868602973	0.2755987034643849
0.2320510337332954	0.4999984158698335	0.2679505503968712
0.4405724955579779	0.15349150788810897	0.4059359965539132
0.5350170731601547	0.14891437001863903	0.3160685568212063
0.6208285827841409	0.23851715124865303	0.14065426596720626
0.2523467785773077	0.3679838915510193	0.3796693298716731
0.13438891524655805	0.39490082129948934	0.4707102634539527
0.1331608257130703	0.4360377408660331	0.4308014334208967
0.41174253694180585	0.4365103317563803	0.15174713130181391
0.17832724784356216	0.48878258493168014	0.33289016722475784
0.4311849313188433	0.23042257435219626	0.33839249432896057
0.1273287303488827	0.7391700368648149	0.13350123278630252
0.3985039252154445	0.45583946821412247	0.14565660657043317
0.7525380864654296	0.04594965289302172	0.20151226064154878
0.2565159310075996	0.3692950513403987	0.3741890176520018
0.25459673175469044	0.4347488305271935	0.3106544377181161
0.30122403028707856	0.1977035854208043	0.5010723842921172
0.44425516811657656	0.4033351952445954	0.15240963663882817
0.7650090346867091	0.0984634237423217	0.13652754157096925
0.24592739605683103	0.21254173457389397	0.5415308693692751
0.18098966251611348	0.4434148382762646	0.37559549920762203
0.1576134929997987	0.25432342499369753	0.5880630820065039
0.23691645105195341	0.542420992196179	0.22066255675186772
0.17779336938756435	0.4940544593886571	0.32815217122377865
0.3794044399512409	0.2453354738232275	0.3752600862255317
0.45353424439756235	0.3828193947914278	0.16364636081100994
0.5958462863465483	0.28698566415473564	0.11716804949871601
0.3692819040554517	0.1359504035391377	0.4947676924054107
0.2801875685769231	0.23943057309539859	0.4803818583276784
0.23998306362214766	0.19423137780285757	0.5657855585749949
0.48314963469864425	0.05237565374897446	0.4644747115523814
0.5835668080295058	0.2565092304934503	0.15992396147704396
0.3825380299721182	0.1541450730712332	0.4633168969566487
0.06586520605126955	0.6577337302344968	0.27640106371423384
0.5504244789263261	0.16174423695022838	0.2878312841234456
0.26914249160296816	0.15977388987012692	0.571083618526905
0.5004118836935074	0.18342819524955084	0.3161599210569419
0.48951324450606326	0.11826206351056218	0.3922246919833747
0.46407364659413686	0.1635382995229336	0.3723880538829296
0.09163615994592078	0.3657665414058575	0.5425972986482219
0.43433905373285686	0.2626132671811516	0.3030476790859916
0.1646422568209313	0.7200730179071575	0.11528472527191141
0.788939410642492	0.050862785283234235	0.1601978040742738
0.6173160453342099	0.17550372138021098	0.2071802332855792
0.29070116699775467	0.4317127050993165	0.2775861279029289
0.4326350817111651	0.45382525351181535	0.11353966477701971
0.6423306783426156	0.12591589952730683	0.23175342213007769
0.762356988268712	0.0850415599192672	0.15260145181202087
0.10258375945691917	0.4976875391734228	0.39972870136965816
0.608063770734964	0.26193503263158036	0.13000119663345575
0.12626782544769682	0.49434928252902466	0.3793828920232786
0.5860049750998115	0.07333240085042586	0.34066262404976266
0.5198632545439411	0.3068452378314316	0.17329150762462742
0.5871143532257984	0.08891826111250506	0.3239673856616966
0.7530230341467063	0.12002628382210362	0.12695068203119014
0.4745795449436705	0.10766637160043488	0.4177540834558947
0.37367051604993384	0.0912095251822364	0.5351199587678299
0.35426989458793284	0.33239612294874876	0.31333398246331845
0.4182882703681046	0.17107305690296803	0.41063867272892746
0.06152598692810329	0.5977075623850598	0.340766450686837
0.25199647424213556	0.5623899039386158	0.1856136218192488
0.33259483330470446	0.19296924878283372	0.474435917912462
0.6784784970655723	0.17616524523967347	0.1453562576947543
0.41780502112653595	0.4591247755578927	0.12307020331557145
0.2647899123872708	0.3284342354835915	0.4067758521291378
0.5430970744725764	0.26033374785202756	0.1965691776753961
0.45881018773585963	0.2613964465097638	0.2797933657543767
0.1689587021570842	0.6542187077528884	0.17682259009002754
0.23845447083039262	0.21401972168909847	0.547525807480509
0.13860531754594063	0.35880703148794735	0.502587650966112
0.07815670441740685	0.6164095767429103	0.3054337188396829
0.06751578287277538	0.6266171220540298	0.305867095073195
0.06097450664099624	0.5593031193493517	0.37972237400965214
0.10470127813423563	0.33725118937456583	0.5580475324911987
0.7003953883781826	0.12638728838197363	0.17321732323984387
0.38991907747721166	0.3781276570867719	0.23195326543601655
0.25445077765849633	0.40649222432756427	0.3390569980139395
0.05983855427359125	0.717671660031785	0.22248978569462394
0.2970965553621177	0.21069881378334182	0.4922046308545406
0.12277449960938108	0.35334987714036326	0.5238756232502557
0.4745126608535532	0.18678616515470925	0.3387011739917376
0.09258002750504932	0.6841950275075677	0.22322494498738318
0.14096505359294098	0.5364096288702522	0.322625317536807
0.4749392704213423	0.043481321494492464	0.4815794080841653
0.24983307935700927	0.43796051823671317	0.31220640240627767
0.15458103235572324	0.26016876398936617	0.5852502036549108
0.6209760437162442	0.24595704550107478	0.13306691078268112
0.672289689088967	0.06871898946350197	0.25899132144753106
0.16265906710243433	0.5428076940784543	0.2945332388191114
0.3069042026823831	0.1030575644824703	0.5900382328351468
0.06598435130892805	0.7422527178044982	0.1917629308865739
0.19723158735648214	0.2977883579630699	0.504980054680448
0.3674286693835337	0.4385643359391597	0.19400699467730673
0.09902875184248641	0.5730628752248546	0.3279083729326592
0.5518288778263638	0.1645148034333027	0.28365631874033365
0.4797550987376626	0.1891562713341401	0.33108862992819743
0.7125251890355585	0.15787095430392867	0.12960385666051286
0.3583606528577457	0.4563574987194464	0.18528184842280798
0.5205648948464764	0.3613529072379509	0.11808219791557284
0.36172568108000674	0.32823686462609347	0.31003745429389984
0.29374359453312515	0.5356293559897809	0.17062704947709414
0.14659933597881192	0.4662452724524514	0.3871553915687368
0.34652412561479434	0.31821527264840554	0.3352606017368003
0.16790170669423077	0.6662621309288197	0.16583616237694954
0.3269881766590187	0.526914028107145	0.1460977952338364
0.5561799426282568	0.16371028856029193	0.2801097688114514
0.2931873445762574	0.40454860020889605	0.30226405521484667
0.1675158675304742	0.6909036822493753	0.14158045022015062
0.0619105448835498	0.6282473404831885	0.3098421146332617
0.4294367874265951	0.3940741994599298	0.17648901311347523
0.5184027894655128	0.27029783130210866	0.21129937923237868
0.07450805738570937	0.7599552422325306	0.16553670038176013
0.14022542442349503	0.5322468028551257	0.3275277727213794
0.11666818768723364	0.6668674470004079	0.2164643653123586
0.23060799991195857	0.4227048865088994	0.34668711357914217
0.16947700045368178	0.4840689806245977	0.3464540189217207
0.42914373145481155	0.3995514080707959	0.17130486047439267
0.3541669187607363	0.3016132892864729	0.3442197919527909
0.501475400719833	0.1295022062220699	0.3690223930580972
0.10230455635858077	0.31942418665287964	0.5782712569885398
0.2999400094497866	0.18411294395563949	0.515947046594574
0.315489713321735	0.21907639967392298	0.4654338870043422
0.21646182149354015	0.22553813873234552	0.5580000397741145
0.6692333953488929	0.21406435190287582	0.11670225274823143
0.401529673332162	0.3613886431485153	0.23708168351932277
0.22001154732499018	0.4740300647916975	0.3059583878833124
0.27226449951970766	0.39148227391609114	0.33625322656420126
0.19762037026894003	0.493932612683407	0.3084470170476531
0.625255121223712	0.20257263358335517	0.17217224519293298
0.15016152148221237	0.6185315076120133	0.2313069709057746
0.40119100809737124	0.042636438156900325	0.5561725537457285
0.5111653612889255	0.3208244435372286	0.16801019517384594
0.1173450795509352	0.703995805759325	0.17865911468973997
0.5561841095254648	0.08708664728223489	0.3567292431923004
0.2723849464792524	0.5359821313631533	0.1916329221575944
0.6695169035894943	0.1951041295785161	0.13537896683198963
0.0854987470566188	0.5864493783361389	0.32805187460724244
0.23012522161919285	0.3458779349339275	0.4239968434468798
0.07103468619036135	0.42368535843599414	0.5052799553736447
0.19079763424989243	0.36871824848949925	0.44048411726060843
0.35402008336176205	0.3935537271108063	0.2524261895274318
0.7717884280889442	0.06383066534963622	0.16438090656141965
0.16855385455567332	0.47097187556524306	0.3604742698790837
0.22939617317114447	0.6141959380790424	0.15640788874981326
0.5876751496714039	0.08684337652052165	0.3254814738080745
0.23536886949924785	0.17246274220349703	0.5921683882972553
0.2462941556228761	0.16360819580021413	0.5900976485769098
0.06416553234129851	0.5250633201460699	0.41077114751263166
0.26072306282943275	0.298434025470835	0.4408429116997324
0.240244127138514	0.5625676602579733	0.19718821260351277
0.473527559383012	0.10211367039525512	0.42435877022173296
0.2681774958113867	0.5621361333378385	0.16968637085077487
0.31374782866574735	0.23296725347640218	0.4532849178578506
0.2640797220713951	0.46625773577443097	0.26966254215417407
0.24347508133625512	0.4076510533123132	0.34887386535143183
0.3389652530956698	0.403934492736447	0.2571002541678833
0.19921964245815665	0.4292851133380492	0.3714952442037943
0.11401768784698846	0.7326504174994766	0.15333189465353503
0.18478186525562576	0.3048404247603188	0.5103777099840555
0.34682630208190235	0.11814593790052427	0.5350277600175735
0.10204498686389596	0.5943435977821159	0.3036114153539883
0.13295603081776686	0.5130576950214928	0.35398627416074047
0.2064048548093924	0.5359284829788287	0.257666662211779
0.27381398877573815	0.17405706209038047	0.5521289491338816
0.19876861453645736	0.3808750627707161	0.42035632269282663
0.46435012453762836	0.39849796319792447	0.13715191226444734
0.25375335420866507	0.28284538681702365	0.4634012589743114
0.2892603480706707	0.48918642786124156	0.22155322406808786
0.13490234182732402	0.4695125197462708	0.3955851384264053
0.15258370480258748	0.6892251449201174	0.15819115027729513
0.15132235521993148	0.31370026580081256	0.5349773789792561
0.23453775434426366	0.2742827787512299	0.49117946690450653
0.42354937297750594	0.24587555991272625	0.3305750671097679
0.2779036519802981	0.5658153524031915	0.1562809956165106
0.6137493303718833	0.19191442319681445	0.19433624643130243
0.48984683330140155	0.2356224688159882	0.27453069788261036
0.36549043086162564	0.4411773691091936	0.19333220002918092
0.14309186265419105	0.49029097280024003	0.3666171645455691
0.5149314931857834	0.2161886362918423	0.26887987052237444
0.5390462293527557	0.04020001000801754	0.42075376063922687
0.2714418314847481	0.31775244046221846	0.4108057280530335
0.5970315067831777	0.13577493999855825	0.2671935532182641
0.21487428281694632	0.4188760269716611	0.3662496902113927
0.7477342896075718	0.07532233415238643	0.1769433762400418
0.17184464997630952	0.65299449547711	0.17516085454658065
0.22295545240609352	0.644219434330403	0.13282511326350363
0.2544978859285108	0.5870182535304964	0.15848386054099287
0.0717687303370993	0.3868133566372432	0.5414179130256577
0.561624960277757	0.248634440664112	0.18974059905813112
0.3336440052480554	0.3529957419077255	0.31336025284421926
0.26158164924175037	0.1761631393422004	0.5622552114160493
0.330403699562954	0.2649441620808639	0.4046521383561822
0.1272229882699722	0.517645215087689	0.3551317966423389
0.5942889725175929	0.05151492948899766	0.35419609799340945
0.12495177626415771	0.5778429869383361	0.2972052367975063
0.20541341200490543	0.4372463686358494	0.35734021935924526
0.4144156554611747	0.18735971909437463	0.39822462544445075
0.20131947047597648	0.35429340006290394	0.4443871294611197
0.43518624707665976	0.21585181915284044	0.3489619337704999
0.5870621806049673	0.05087254699881083	0.362065272396222
0.5894121126501235	0.15666432197841473	0.2539235653714619
0.38506858365457847	0.2387598659859652	0.3761715503594565
0.6167518661852953	0.23532113982513309	0.14792699398957165
0.49399731493386706	0.1844169581588122	0.32158572690732085
0.1731710791479386	0.44783528101094755	0.37899363984111395
0.4643340874304286	0.08370522394184363	0.45196068862772787
0.3097737199840842	0.39259817321671886	0.29762810679919705
0.37102252124724794	0.2939657710346748	0.33501170771807737
0.33121536136701424	0.33377469895073747	0.3350099396822484
0.6700078900161002	0.13368008712625984	0.19631202285764005
0.26480688116179596	0.507923704243855	0.22726941459434916
0.5056968685738638	0.10471130099398065	0.3895918304321557
0.22801825590820035	0.30213069022317524	0.4698510538686246
0.6785298219313307	0.07198462861798871	0.24948554945068058
0.23687169753712728	0.21678563031575748	0.5463426721471154
0.3669138822684174	0.07171745745599062	0.5613686602755921
0.5880919853697772	0.2128438649165404	0.19906414971368253
0.648195034960645	0.10671566861406256	0.2450892964252925
0.6316925528756748	0.1382323485512866	0.23007509857303865
0.1581441310837403	0.4692822063588137	0.3725736625574461
0.6375908836774589	0.151089562411751	0.21131955391079024
0.3426828410361584	0.28652818422189985	0.37078897474194183
0.19081277837651578	0.24486993890708458	0.5643172827163998
0.10227576755677176	0.3432304724852605	0.5544937599579679
0.27342650499388943	0.3983027458010208	0.32827074920508986
0.3231108478877757	0.21154530305554214	0.46534384905668225
0.7208257804449361	0.1610385963720884	0.11813562318297555
0.17621327860093297	0.4271831546900512	0.396603566709016
0.5336333506349591	0.33188642502235954	0.13448022434268136
0.4030711270692454	0.3182289595983505	0.2786999133324042
0.5765360356322168	0.14892937457046937	0.27453458979731393
0.2466696668727068	0.38749970661605	0.3658306265112433
0.23269245206128908	0.17960951178823925	0.5876980361504718
0.3856312754254221	0.47788510818439367	0.1364836163901844
0.13503043230667072	0.4989367866029213	0.36603278109040815
0.42550116571501057	0.285115235740852	0.28938359854413753
0.11484886123960478	0.525693211371974	0.35945792738842136
0.3651010727723475	0.2223952135998079	0.41250371362784466
0.5466500779287556	0.058789543917851406	0.39456037815339307
0.6103596092066764	0.09156664215512406	0.2980737486381996
0.7127450770377795	0.16780806103853266	0.11944686192368803
0.1370547041841142	0.38035981837121163	0.4825854774446743
0.0611326919246582	0.58162959188514	0.357237716190202
0.21492634257838303	0.5650728704507344	0.2200007869708827
0.2920336236764443	0.23867578752603558	0.46929058879752017
0.10869108255714927	0.5529017808468161	0.3384071365960347
0.25504575917268457	0.3896866008150474	0.3552676400122681
0.43314484160532074	0.3216126447639518	0.2452425136307276
0.3104885737086904	0.3831550963089745	0.30635632998233525
0.1267088579042701	0.6830666893654272	0.19022445273030272
0.5013573571163723	0.12424300572554073	0.37439963715808716
0.3515196187749629	0.3872556320658959	0.2612247491591413
0.3566245493880774	0.38492931124286983	0.25844613936905286
