0.3756222800392919	0.37425542911079507	0.2501222908499131
0.3757991804011721	0.3740379256209368	0.2501628939778912
0.3758423143850551	0.37410746972395503	0.25005021589098997
0.37563742543401896	0.3743346740081073	0.25002790055787383
0.3758197572424512	0.373983095570666	0.25019714718688285
0.37574437990341714	0.37420910348992636	0.25004651660665667
0.375841296528786	0.3740835129327444	0.2500751905384697
0.37577685409888795	0.3741935634323758	0.2500295824687363
0.3758171929085347	0.37405062587431476	0.25013218121715064
0.3758130741085463	0.3740453819580745	0.2501415439333793
0.3756453909431022	0.3742688048176078	0.2500858042392901
0.37557294561142995	0.3742484519496676	0.25017860243890255
0.3757303829341994	0.37411647647206936	0.25015314059373134
0.37562688704463915	0.37425247995507405	0.250120633000287
0.3756896564288912	0.3741217208234306	0.2501886227476783
0.3756097930237019	0.37420383078066066	0.25018637619563755
0.375698404521143	0.3741228870037461	0.25017870847511103
0.37568715809474507	0.3742845247782805	0.2500283171269745
0.3756762733402026	0.374287960494248	0.2500357661655495
0.3756676360615203	0.3742919953450611	0.2500403685934187
0.3756338063957679	0.3742664633713641	0.25009973023286813
0.37576336242117053	0.37403583684423475	0.25020080073459483
0.3758279454146148	0.37411111673657704	0.25006093784880834
0.37569347402155534	0.3741173962281389	0.2501891297503059
0.37561448052152024	0.3742763328600818	0.25010918661839815
0.37568963357378177	0.37422851863346257	0.2500818477927558
0.37570176285404	0.37416510209455633	0.2501331350514038
0.37580147185439633	0.3740249870578263	0.2501735410877775
0.37574520884067075	0.3742312286150894	0.25002356254424
0.37559547669885435	0.37433032696972274	0.250074196331423
0.37559944837209164	0.37434615073852495	0.2500544008893835
0.3758460538255328	0.374053024174677	0.2501009219997903
0.37583337500280245	0.3741005697569675	0.25006605524023023
0.37560832682533135	0.3742700419183883	0.2501216312562804
0.37578708596420884	0.3740173441419411	0.25019556989385017
0.3756299373999254	0.3743231866023273	0.25004687599774744
0.37562289722558967	0.3742434697081169	0.25013363306629355
0.3756278522296418	0.3741723034764049	0.25019984429395337
0.3757105095995291	0.37426136628739515	0.25002812411307584
0.3756111938221979	0.374198730275253	0.2501900759025492
0.37563658560968555	0.3742312513070124	0.25013216308330216
0.37573076612421186	0.3742238871203925	0.25004534675539575
0.3757827133578253	0.37418538323151185	0.25003190341066295
0.3757644722284461	0.3741627484169611	0.2500727793545929
0.37580152042977033	0.3740310366440694	0.2501674429261604
0.3755975909633569	0.37424642364232485	0.2501559853943183
0.3757771986477722	0.3741160266871584	0.25010677466506953
0.37578725176748673	0.3740935945180876	0.2501191537144257
0.37570564728463923	0.3741918966145832	0.25010245610077775
0.375580640630857	0.3743277703203935	0.2500915890487496
0.3757621230533971	0.37409941460002943	0.25013846234657355
0.37566831218761754	0.3741549172668349	0.25017677054554766
0.3756691711556287	0.37419938387341184	0.25013144497095957
0.37580742447047233	0.3740137386904046	0.2501788368391232
0.3755842007124475	0.37429174033011525	0.25012405895743733
0.37578966083069504	0.37414153158765834	0.25006880758164673
0.3758294001242053	0.37413920236527715	0.25003139751051773
0.37571607177868893	0.3741821509508651	0.2501017772704461
0.3755701149343144	0.37427811532638144	0.25015176973930425
0.37583287911233326	0.3740581855774978	0.25010893531016903
0.37561891110765105	0.3742114930372907	0.2501695958550584
0.3756575980796596	0.37416731685441096	0.25017508506592956
0.3758315775738212	0.37412453037336163	0.2500438920528173
0.3757081598931714	0.3742629313269256	0.2500289087799031
0.3757569136152918	0.37403978454762243	0.2502033018370859
0.3756228909047598	0.3741821199838536	0.2501949891113867
0.37562396768676704	0.37427373667034725	0.2501022956428858
0.37560186781698823	0.3743224864069117	0.2500756457761002
0.37568451421020244	0.3742357612925255	0.2500797244972722
0.37584183283789996	0.37398956952842194	0.25016859763367816
0.3757568337160907	0.3741620166970614	0.250081149586848
0.37560730256380864	0.37418557032665584	0.25020712710953563
0.37582239659067557	0.3741102162531469	0.25006738715617766
0.3758222875951162	0.37399394614804765	0.25018376625683625
0.37561034589974834	0.37423984359447166	0.2501498105057801
0.3756807124559342	0.37418080042725727	0.25013848711680864
0.37583692484393666	0.37395829032274985	0.2502047848333136
0.37572052934034583	0.3741319931177755	0.25014747754187877
0.37573984043411596	0.37407884306334216	0.250181316502542
0.37570537744385424	0.37418893673907316	0.2501056858170727
0.37576034271469977	0.3741809972189787	0.25005866006632166
0.37580958382722424	0.37407544441312335	0.2501149717596525
0.3755834020407803	0.3743875934119364	0.25002900454728344
0.3757570817418319	0.3740791871223229	0.2501637311358453
0.37581218591174276	0.3741436446651245	0.25004416942313284
0.3758311266281999	0.37397711683987395	0.25019175653192627
0.3756324578613647	0.3743355785179212	0.2500319636207142
0.37570752241779254	0.37421538342545474	0.25007709415675283
0.37571831272929795	0.37425203768070925	0.2500296495899929
0.37567498856201326	0.37426860196166023	0.2500564094763267
0.3757881815138464	0.3741845853774902	0.2500272331086635
0.37563842731362895	0.37429112782807294	0.25007044485829816
0.3755875394395316	0.3742409090768085	0.25017155148365994
0.37577114391769545	0.37418202389114485	0.25004683219115975
0.3758008410941289	0.37410687418121946	0.2500922847246517
0.3757110989740304	0.37422719271056726	0.2500617083154024
0.3756673897494385	0.3741772480023035	0.2501553622482582
0.3757189025652666	0.37423128995617405	0.2500498074785594
0.3757079396649766	0.37425046525001543	0.25004159508500806
0.37573937587474293	0.37416954153206367	0.25009108259319346
0.37558818141761896	0.37426279772273335	0.25014902085964785
0.3755985034072239	0.37425171085856684	0.2501497857342094
0.37563794273363077	0.37416386394311557	0.25019819332325377
0.37584883125768737	0.37395603873774763	0.2501951300045651
0.3756518256700462	0.37420459414173207	0.2501435801882219
0.3755674903866342	0.3742993354392927	0.2501331741740732
0.3758018984482999	0.3740375335414718	0.2501605680102284
0.37566696489219864	0.3742564713473972	0.2500765637604043
0.3757599449380824	0.3740674578674983	0.2501725971944194
0.37568848153431794	0.3741386987829546	0.2501728196827276
0.37557472645472634	0.37429431223988746	0.2501309613053863
0.37560997747720337	0.3741812646361831	0.2502087578866137
0.37567924357437754	0.37429159525029404	0.25002916117532853
0.3755666466225251	0.37430805032540604	0.2501253030520689
0.3756553194926586	0.37415781992740166	0.2501868605799399
0.3756090209359106	0.3742097581708737	0.2501812208932158
0.3758346961046758	0.37406308566624347	0.25010221822908085
0.3756390608131348	0.37418345017813337	0.2501774890087319
0.37560433330211795	0.3742617391132196	0.2501339275846626
0.3756477373006165	0.3743019018523005	0.2500503608470831
0.3756381470903014	0.37422445108408553	0.25013740182561317
0.3757381024316914	0.37410319253754437	0.2501587050307643
0.3756314569043949	0.37418040427664107	0.2501881388189641
0.3758150657552983	0.3739883399809978	0.25019659426370394
0.3757743588722266	0.37403646797683376	0.25018917315093975
0.37583590336459227	0.3740520948604168	0.25011200177499104
0.3758306201231421	0.37414279034185377	0.25002658953500423
0.3758370281874303	0.37395606048881735	0.25020691132375245
0.3757643892357483	0.37406268515584207	0.25017292560840976
0.3756466267507559	0.3742772256400444	0.25007614760919983
0.3758280130450569	0.37411273456491295	0.25005925239003024
0.37565562595014657	0.37418313095347466	0.2501612430963788
0.3756645102744855	0.3742617163060354	0.25007377341947923
0.37580826844130366	0.37409401294505196	0.2500977186136445
0.3756632431493069	0.37416895003760287	0.25016780681309037
0.3757242686445978	0.3742221719727265	0.2500535593826758
0.3756762705970054	0.3742170932082238	0.25010663619477086
0.37575396905062536	0.37416866631679446	0.2500773646325803
0.37566726495296204	0.3743039229419151	0.25002881210512296
0.375567866781347	0.37439780318446947	0.2500343300341836
0.3756820623359744	0.37425581839687977	0.25006211926714594
0.37573309242129616	0.37420909903219096	0.250057808546513
0.37573391435028625	0.37416177507276355	0.2501043105769503
0.3758388005340303	0.37407773242001235	0.25008346704595746
0.375630979099572	0.37433245310325414	0.2500365677971739
0.37574485413537556	0.3742183013106515	0.25003684455397307
0.37567418960220417	0.3742419972286632	0.25008381316913275
0.3758206499366067	0.37410968139495826	0.25006966866843516
0.37559739703191086	0.3742219538617024	0.2501806491063868
0.37565155946020473	0.37417550880994205	0.25017293172985333
0.3758052712685606	0.37406097082431355	0.25013375790712594
0.37583317318330417	0.37405319397119885	0.2501136328454971
0.3758259370360165	0.3741115527353833	0.25006251022860027
0.37580368980735085	0.3740669074456393	0.25012940274701
0.37567826443371294	0.3742051586453895	0.25011657692089767
0.3756303581831038	0.3742393659562329	0.25013027586066344
0.37557182236026093	0.374403893185828	0.25002428445391117
0.3756108709633318	0.37430865800060387	0.25008047103606446
0.37580738860370383	0.3740495664069734	0.2501430449893229
0.3757364992685397	0.37411956726450846	0.25014393346695196
0.3758408725238563	0.37404128602549086	0.25011784145065297
0.37567145040659145	0.3742575414048191	0.2500710081885896
0.3757285748191336	0.37410891739065716	0.2501625077902094
0.3757961026754785	0.37415780562952555	0.25004609169499603
0.37576555092680275	0.3740634650475077	0.25017098402568966
0.3756314231014035	0.3742622904671762	0.2501062864314204
0.37573394894231193	0.3741834893921711	0.250082561665517
0.3756361341081376	0.37425946667448506	0.2501043992173774
0.37570637936641804	0.37422534425744347	0.2500682763761386
0.3757301622860881	0.37424602748412467	0.25002381022978737
0.37578743160448075	0.3741685383122091	0.2500440300833103
0.37576553946283714	0.37416968926450356	0.25006477127265936
0.3757544488943501	0.37410342878346353	0.25014212232218647
0.37570421066520143	0.37417546532752627	0.25012032400727247
0.37583243005189987	0.37405731239332196	0.2501102575547783
0.37562344707000117	0.37428512389576063	0.2500914290342383
0.3756126105691397	0.37435225850131376	0.25003513092954666
0.37559310431463705	0.3743199560672521	0.25008693961811096
0.37574383419556506	0.3742141829274031	0.25004198287703194
0.37575590668873926	0.37409213443615774	0.2501519588751031
0.37560684879849704	0.3742833712344801	0.250109779967023
0.3756750929775946	0.37421105164591106	0.25011385537649444
0.37561686336049427	0.3743328203484096	0.25005031629109625
0.37558872144155264	0.3742096211672236	0.25020165739122385
0.3757497053896764	0.3742019049876389	0.25004838962268483
0.37573508512451426	0.37413725555729727	0.2501276593181886
0.3757404349567336	0.3741377047842463	0.2501218602590202
0.3756529851628861	0.3742056783495461	0.2501413364875679
0.375634179148649	0.37419552282048957	0.25017029803086155
0.3756356828872783	0.3743394950336385	0.25002482207908333
0.3756216493567244	0.3741743519005756	0.25020399874270016
0.3757456332530063	0.3742068644511203	0.2500475022958735
0.37577236498213773	0.374085849796572	0.2501417852212904
0.3757821367916329	0.3741671282745712	0.250050734933796
0.375583585103328	0.3742964562195739	0.25011995867709813
0.3758057048505457	0.37410049623670405	0.25009379891275035
0.3756389514626012	0.3741700015142703	0.2501910470231286
0.37584292721057716	0.37396408625699945	0.2501929865324235
0.37576926749676687	0.3741658923214772	0.25006484018175607
0.37562120786891195	0.37417537166938797	0.25020342046170024
0.37584045142650196	0.3739998396116159	0.2501597089618822
0.3758049475565588	0.3740952977088447	0.2500997547345966
0.37575980143373977	0.37416974585096185	0.2500704527152985
0.37569539169775096	0.3741029771630871	0.25020163113916205
0.37564464694307775	0.37432264565823864	0.2500327073986837
0.3756514277480421	0.37421376761376307	0.25013480463819493
0.3757636026078383	0.3741444474616215	0.25009194993054035
0.37580301586456333	0.3740132152852644	0.25018376885017235
0.3757929133477945	0.37412473648712724	0.2500823501650783
0.37558960416244846	0.3742840114105447	0.25012638442700696
0.37577873254668437	0.37417389588310457	0.2500473715702112
0.37565523686896085	0.3741678351738934	0.25017692795714586
0.375767971353053	0.3741220474697	0.25010998117724703
0.3756211296261224	0.3743035130356564	0.25007535733822134
0.3755957285050294	0.37427831872529504	0.2501259527696757
0.3755797935703781	0.374387414045794	0.25003279238382803
0.3756310252487533	0.37416823877495253	0.2502007359762943
0.37557113112808704	0.3743295965776653	0.2500992722942478
0.3758355650477388	0.3741339051544935	0.2500305297977678
0.3755956249497928	0.3742646863950114	0.25013968865519587
0.3756110761781726	0.37429271609029735	0.2500962077315302
0.37579855331312756	0.3740991607848452	0.2501022859020273
0.37584437688539946	0.37405150941980897	0.2501041136947917
0.37565663676289296	0.3741365226200396	0.25020684061706755
0.37582474573530505	0.37401904555973303	0.250156208704962
0.37580125696155653	0.37411489192752884	0.2500838511109147
0.37579260091684946	0.37418387567074574	0.2500235234124049
0.37584380582644905	0.37404297335612424	0.25011322081742676
0.3758131910440366	0.3741273731443973	0.2500594358115662
0.3757087860084491	0.3742041037967726	0.25008711019477836
0.3756347996330042	0.37428967110097466	0.2500755292660212
0.37560834489977507	0.37419870345052014	0.2501929516497049
0.37572751920422937	0.37418936855482554	0.25008311224094526
0.37574668747566586	0.37419166701928175	0.2500616455050525
0.37563107028593495	0.3741628959407877	0.25020603377327744
0.3756571584691323	0.3741544864604962	0.2501883550703716
0.37558969033581585	0.3742021681873711	0.25020814147681314
0.3757366030745092	0.37421053468793547	0.25005286223755546
0.37570945019795554	0.37422530762073825	0.2500652421813063
0.37572180012518	0.3740941676385169	0.2501840322363032
0.37566802972992164	0.37418843664793666	0.2501435336221418
0.3758028377630566	0.3741453428406804	0.2500518193962631
0.37561184186062313	0.3742323399577745	0.2501558181816025
0.37563973467800515	0.3743040753815437	0.2500561899404513
0.3757512580487548	0.37420122008857515	0.25004752186267015
0.3755843225829851	0.3742185195719873	0.2501971578450277
0.37560611702527863	0.3743219404507741	0.2500719425239474
0.375580801324754	0.3742866736791005	0.2501325249961456
0.37565628666573014	0.37427896068011984	0.2500647526541501
0.3757904430963315	0.37412679863013754	0.2500827582735311
0.37575143466277827	0.3742124325644106	0.2500361327728113
0.37575356106784175	0.3740376006614156	0.25020883827074275
0.3756347834255454	0.3742925608613503	0.2500726557131044
0.37557467169182035	0.3742832511831425	0.25014207712503733
0.3756190080839626	0.37433350840661667	0.25004748350942085
0.3757046277774509	0.3742188316104676	0.2500765406120816
0.37576250159174557	0.37418991174132865	0.2500475866669259
0.3758276371471936	0.3740711581005046	0.2501012047523019
0.37561150074473443	0.37431924741634903	0.2500692518389166
0.37558825780793453	0.37431602943655135	0.25009571275551423
0.3755708400340404	0.37438961576126567	0.250039544204694
0.3756839528589112	0.37426139996301827	0.25005464717807063
0.3756037280162389	0.3742129428819406	0.25018332910182056
0.3757533766490606	0.37414902050031623	0.25009760285062327
0.3757217279267723	0.3742340824350473	0.25004418963818054
0.3757724933906759	0.37405818160478754	0.2501693250045367
0.3757244770156793	0.37416570713899977	0.250109815845321
0.37569035193067885	0.37416725461671263	0.25014239345260864
0.37577657028839323	0.3740259692986946	0.2501974604129123
0.3757937377002116	0.3741461549325431	0.2500601073672453
0.37581877314517864	0.3739772594924057	0.25020396736241574
0.3756575027499828	0.3742487879446026	0.25009370930541475
0.37584050148966275	0.3741146433742251	0.2500448551361122
0.37579631992552587	0.37404547592555387	0.25015820414892037
0.3757491055105807	0.37414193608443347	0.2501089584049859
0.37571539817034677	0.3740790973352944	0.25020550449435897
0.3755786111277752	0.37429006611016086	0.25013132276206407
0.37563951818071695	0.3742349578722218	0.2501255239470614
0.3756890816217287	0.3741165845477148	0.25019433383055656
0.37579013261231475	0.37412949033713366	0.2500803770505517
0.37562110804773385	0.374174339783372	0.25020455216889426
0.37559872426187574	0.374354633496902	0.25004664224122236
0.37579257326578364	0.3741275972471321	0.2500798294870844
0.3756393771517347	0.37430597044993535	0.2500546523983301
0.37571560772032486	0.3742260075941987	0.2500583846854766
0.37579730176859694	0.37400583874540083	0.25019685948600234
0.3756194623366397	0.3742933574353578	0.2500871802280027
0.37583073564843716	0.37411328843964403	0.2500559759119189
0.3757952995958727	0.37401855415457086	0.2501861462495565
0.37565390040604507	0.37425668963113473	0.2500894099628203
0.3756882961979445	0.37424715863359065	0.2500645451684649
0.37564682018474493	0.3742099127368461	0.25014326707840906
0.37574268577065806	0.374147416835514	0.25010989739382805
0.37559052654273584	0.3743311896074023	0.25007828384986197
0.37569463160763017	0.37423538167446135	0.2500699867179086
0.37583157237770204	0.37397400621668686	0.2501944214056112
0.3756452847257563	0.37416453344649553	0.2501901818277482
0.3757061595313049	0.37416672636395215	0.2501271141047431
0.3756303517090381	0.37428013032642354	0.2500895179645385
0.37567524026153326	0.3742593575892632	0.25006540214920364
0.37584100415425065	0.3739676539141353	0.2501913419316142
0.37571663367797814	0.3740980517866104	0.2501853145354116
0.37562744915493507	0.374297107572256	0.25007544327280906
0.37576952873701236	0.37407687274838963	0.25015359851459806
0.3756783675692722	0.37425756254041137	0.2500640698903166
0.3756700554877446	0.3742538351800182	0.2500761093322373
0.37577320836964206	0.3741955397996962	0.2500312518306618
0.37568388454350243	0.37419419644112767	0.25012191901537
0.37577324742013674	0.3741566907063543	0.25007006187350905
0.37560011541961935	0.37434137472511314	0.2500585098552677
0.3757775211473182	0.37415842681486317	0.25006405203781873
0.3755905605931705	0.37432428138748525	0.2500851580193444
0.3758162718787257	0.3739986500960865	0.2501850780251879
0.37564561797764806	0.3742698028513453	0.2500845791710068
0.3756549816211032	0.3741844750229355	0.2501605433559614
0.3756896099416689	0.3741871001698429	0.25012328988848825
0.3756667389251092	0.37423931845685765	0.25009394261803325
0.37562147408309216	0.3742059117534021	0.2501726141635058
0.37557368005429714	0.37433386935548646	0.2500924505902165
0.37569643697429955	0.37413533630140405	0.25016822672429656
0.3757529032646675	0.3741606145302975	0.2500864822050352
0.3757041129481915	0.374204644959495	0.2500912420923136
0.3757391734536682	0.37413219725407265	0.2501286292922592
0.37575557195556974	0.37406566601723057	0.2501787620271998
0.37576734082021995	0.37406480179432916	0.250167857385451
0.37576301658542277	0.3741605482650853	0.250076435149492
0.37566586320163947	0.3741322758320157	0.25020186096634495
0.3756645144747737	0.3741884085569073	0.25014707696831906
0.3757676132535579	0.3742048274882714	0.2500275592581709
0.3758040223091122	0.37415810866585986	0.25003786902502806
0.3757473228030017	0.37417393522292813	0.25007874197407026
0.375683019279823	0.3742378268903639	0.25007915382981316
0.37575353444779636	0.37413249628379514	0.2501139692684086
0.37577613767852125	0.37406755220367116	0.2501563101178077
0.3757317674683404	0.374065366962985	0.25020286556867466
0.3757721761466379	0.3741885631027089	0.2500392607506533
0.3756788659316077	0.3741346897999519	0.2501864442684405
0.37567698368146896	0.3742662893411459	0.25005672697738524
0.37558503800061827	0.37429250664445474	0.25012245535492705
0.3755743922085427	0.37429279620405537	0.250132811587402
0.37576530119000173	0.37417709370880103	0.25005760510119734
0.37565340680192394	0.37420422492464206	0.2501423682734341
0.37575547100274587	0.3740411901753945	0.25020333882185974
0.375641260691335	0.37431831481912087	0.2500404244895442
0.37562042774878646	0.37427972388622904	0.2500998483649846
0.3756911238658726	0.3741404653405005	0.250168410793627
0.3758494654346202	0.37411575778916867	0.2500347767762112
0.37578185218630195	0.3740715063718193	0.25014664144187887
0.37558818650776804	0.3742166285220483	0.2501951849701838
0.3757263496398014	0.3740778840616625	0.25019576629853624
0.37557460980265606	0.3744025704902745	0.2500228197070696
0.3758236029094321	0.3741275760311964	0.25004882105937165
0.3756239617009723	0.3741769043562323	0.2501991339427955
0.37576772193765506	0.37406797855877244	0.2501642995035726
0.37575209071053783	0.3741306067078448	0.25011730258161746
0.3757653864756662	0.3740314286312906	0.25020318489304333
0.3757679024797761	0.3740878789557459	0.25014421856447805
0.3756748821073015	0.37425332683209733	0.2500717910606013
0.37562872603878805	0.3742717851778433	0.25009948878336874
0.37560004811257747	0.3743428253832857	0.2500571265041369
0.3756709506504262	0.3741598060308411	0.2501692433187328
0.375704346546244	0.3741127408240699	0.2501829126296861
0.3757021331482707	0.37410162984001527	0.2501962370117142
0.375746986461154	0.37421615057814456	0.25003686296070154
0.37560063415692163	0.37425055272357877	0.2501488131194997
0.3757468642896831	0.37413713151766215	0.25011600419265484
0.37575966115346554	0.3740586254724514	0.2501817133740832
0.3756519560843195	0.3741862808234213	0.25016176309225924
0.3757910128600029	0.3740553418269169	0.2501536453130803
0.37565067809350167	0.37428365548809156	0.25006566641840683
0.3757703891449853	0.3740808347758235	0.2501487760791914
0.37581765349104934	0.37404476216964844	0.25013758433930233
0.37578231408892876	0.37413247413273487	0.2500852117783365
0.37559130342914643	0.3742842679397105	0.2501244286311432
0.3755927498085544	0.37423473565077675	0.25017251454066897
0.37575567938125487	0.3740591570705628	0.25018516354818243
0.375747897677002	0.37420591514487694	0.25004618717812116
0.3757973285453636	0.3740317524613307	0.2501709189933059
0.3758445597474599	0.3739719564112655	0.2501834838412747
0.37582612466815485	0.37404515430278	0.25012872102906525
0.3757318914811292	0.3741436316539148	0.2501244768649562
0.375829539038443	0.37405102996918127	0.2501194309923759
0.37567201199023686	0.3742952065277063	0.25003278148205693
0.375739657980489	0.374218484797225	0.2500418572222861
0.37564500606072715	0.3742503050814123	0.25010468885786064
0.3758443536042314	0.37398780579434443	0.2501678406014243
0.37558776191531396	0.37425663685257315	0.250155601232113
0.37565046852760214	0.3743136806336062	0.25003585083879176
0.37559843756494943	0.3742158865131985	0.25018567592185215
0.375567852138752	0.3743658238236377	0.2500663240376104
0.3758043110425914	0.37405951022034745	0.2501361787370613
0.3757280864382493	0.37408053306929073	0.25019138049246004
0.37560499940947795	0.37426093986951914	0.250134060721003
0.3756827470521514	0.37427346521143784	0.2500437877364109
0.3757664634027968	0.37419003561154235	0.25004350098566097
0.37564002328594154	0.37417683909968447	0.2501831376143741
0.37569461026077705	0.3742072984096478	0.2500980913295753
0.37567878335592647	0.37426094214804906	0.2500602744960246
0.3757797666277183	0.3740351820043067	0.25018505136797514
0.3758023610947286	0.37398960551392607	0.25020803339134545
0.3756026613518888	0.3742148858836348	0.25018245276447654
0.37574884180704143	0.37417305789246635	0.2500781003004923
0.3757738956102732	0.37404500335965696	0.25018110103007
0.37577102060727313	0.3741314352898649	0.250097544102862
0.3755766253858911	0.37421381486665106	0.25020955974745795
0.3756706406843185	0.374272084930241	0.2500572743854407
0.37558437063208866	0.3742886615560294	0.25012696781188204
0.37567437519567426	0.3741748620416018	0.25015076276272413
0.3757804707832128	0.37418357463541035	0.25003595458137695
0.37558625364225423	0.3742579009082446	0.25015584544950126
0.37584312910482853	0.37408524301922513	0.25007162787594645
0.375778863866589	0.37401675529885575	0.2502043808345554
0.3755942565502366	0.37432125411191636	0.25008448933784716
0.3757558329713378	0.3740853542388375	0.2501588127898248
0.3757276503106094	0.37423196070391046	0.25004038898548026
0.375776636452992	0.37417517561837155	0.2500481879286366
0.3756943744511778	0.37418581901708936	0.25011980653173294
0.3758290812454368	0.37410801635772634	0.250062902396837
0.37559189357472605	0.3743081294666758	0.25009997695859826
0.3757674513110697	0.3741829275603804	0.25004962112855
0.37574559591814877	0.37407771676416923	0.2501766873176821
0.3757639766512247	0.3740650283851988	0.25017099496357664
0.3756379078006579	0.3741725291692912	0.25018956303005097
0.375824116589478	0.3740239620551722	0.2501519213553499
0.3756045213813097	0.37429769110727057	0.25009778751141987
0.3757830653282267	0.3741695019635575	0.2500474327082159
0.3757729345322928	0.374170152109696	0.2500569133580113
0.3757032588721906	0.37418776211168714	0.2501089790161224
0.37565303615630574	0.3741505841622088	0.2501963796814855
0.3757387379346232	0.3742096976735253	0.25005156439185167
0.37565949252819647	0.3741869694299665	0.25015353804183715
0.37567624525499865	0.3742670150066816	0.2500567397383199
0.37583495559282437	0.37400811811176765	0.2501569262954081
0.3757374708378861	0.37423463526769696	0.250027893894417
0.37579646378833786	0.3740250894070325	0.25017844680462975
0.37581743391564304	0.37414005087154445	0.2500425152128126
0.3756260846907431	0.3742084927022688	0.25016542260698826
0.37580422513947664	0.3741206906220431	0.25007508423848035
0.375722621197466	0.3741341956101366	0.2501431831923975
0.3755769064968717	0.3742774384344628	0.2501456550686656
0.37561802621242363	0.3742816497047123	0.2501003240828642
0.3757270415939751	0.3740764531964392	0.25019650520958586
0.3756277794532912	0.37419322994493154	0.2501789906017774
0.3755787609790843	0.3743525679690624	0.2500686710518534
0.37558355833095736	0.37428525693107956	0.25013118473796314
0.3756799603469608	0.3741789062115759	0.2501411334414634
0.375689970801432	0.3741909546615928	0.2501190745369753
0.3755819533019949	0.374261308291409	0.25015673840659625
0.3756093365532456	0.3742931335039281	0.2500975299428264
0.3757405767781157	0.3741842209935245	0.2500752022283599
0.3758279356678805	0.37412077873410793	0.2500512855980117
0.37557971864767137	0.37426259372531023	0.25015768762701857
0.37569820728378467	0.3740958725822549	0.2502059201339606
0.375594726053878	0.3742574861869465	0.2501477877591756
0.375789927191052	0.3740902836717198	0.2501197891372283
0.375818581403723	0.3741194720844965	0.2500619465117807
0.37576273885258965	0.3741029499628813	0.25013431118452917
0.3756402104540219	0.37423372151595	0.25012606803002824
0.37557071051477775	0.3742724209671895	0.25015686851803287
0.3756183443635335	0.3742860729876342	0.25009558264883236
0.3756028128869443	0.37432865730481796	0.2500685298082379
0.3756888832517382	0.3741358960101324	0.2501752207381295
0.3757603726701269	0.3741345881763975	0.2501050391534757
0.37557255764141123	0.37429300023996903	0.25013444211861985
0.3755882902326263	0.37432214652622614	0.25008956324114767
0.375823542845066	0.3739967326995293	0.2501797244554048
0.37567275004351425	0.37421119093353894	0.2501160590229469
0.3757706350434245	0.3740429929691247	0.2501863719874509
0.3755773053109675	0.3742333946339674	0.25018930005506523
0.3757360961110122	0.374138055825318	0.2501258480636699
0.37583841583275496	0.374037309127743	0.25012427503950213
0.3758019747450874	0.3740319926004172	0.2501660326544955
0.37574578448192764	0.37417285489485436	0.2500813606232181
0.3758112596260468	0.37411938544887063	0.2500693549250827
0.3758249728476081	0.3741101315452917	0.2500648956071003
0.3756260829392577	0.3741841769932949	0.25018974006744743
0.37580495443600165	0.37402691151612005	0.2501681340478784
0.37580068545586515	0.3740367893943391	0.25016252514979587
0.37567902072480497	0.3741180748466269	0.25020290442856824
0.37580397363738227	0.3740455124914982	0.25015051387111964
0.37572654165553593	0.37407867643252496	0.2501947819119392
0.37557405144071754	0.37438575555029685	0.2500401930089858
0.37563481553439937	0.3741572805114319	0.2502079039541689
0.3757730776568153	0.37405593696678624	0.2501709853763986
0.37578496835701314	0.3741400712064783	0.2500749604365087
0.37573874153105596	0.37407620063406277	0.2501850578348814
0.3757880144206406	0.37412834074309065	0.2500836448362689
0.37560569791190135	0.3743380335506775	0.2500562685374212
0.3755892635658714	0.37438243487082984	0.25002830156329886
0.37570450883318907	0.3742718682778824	0.25002362288892865
0.37563001447397065	0.3742972205244953	0.2500727650015341
0.37557592043544125	0.3742414743701864	0.2501826051943725
0.37558221842956035	0.3743562641628472	0.2500615174075926
0.3757471078317043	0.37409287300309196	0.25016001916520386
0.37567343882676996	0.37418512585581193	0.2501414353174182
0.37573433171984055	0.3741626716362219	0.25010299664393765
0.3757253042553317	0.37417294734870843	0.25010174839596
0.3757154451299507	0.3741517427032309	0.2501328121668185
0.37565119938697256	0.37417786798619124	0.2501709326268364
0.3756024631951763	0.37435014466748456	0.2500473921373392
0.37582146831283414	0.37401361233756386	0.2501649193496021
0.3758326707031552	0.37397560930024526	0.25019171999659967
0.3758162635299971	0.3740445187895562	0.25013921768044683
0.3755943933242824	0.3742589077766945	0.2501466988990232
0.3757592538161519	0.37420631634421575	0.2500344298396325
0.37573586323032687	0.3742124810794768	0.25005165569019644
0.37561696982081166	0.37425749484594967	0.2501255353332388
0.3755864294564543	0.37428418305732475	0.25012938748622104
0.3758253117282713	0.37400151002972787	0.2501731782420009
0.37577754484688175	0.3741654410831498	0.2500570140699685
0.37568710447970044	0.37420891961568314	0.2501039759046166
0.37568524675688236	0.3741130409839015	0.2502017122592163
0.37577700209707565	0.3740349509680657	0.25018804693485874
0.3757950089888084	0.3740471494869815	0.25015784152421017
0.37580166288302663	0.3741633860602249	0.25003495105674856
0.37575828327237404	0.3741983169942294	0.25004339973339673
0.37578051873030643	0.3740665765125732	0.2501529047571205
0.37577255317380953	0.3741389862117135	0.25008846061447704
0.37579755185774844	0.37413261051938784	0.25006983762286383
0.3756834538753698	0.374241733651098	0.25007481247353236
0.3758449021143932	0.37405179382634857	0.25010330405925835
0.3758123285686443	0.37402564042345177	0.250162031007904
0.3758394883290521	0.37405957487969926	0.2501009367912487
0.3755786266786514	0.37433767415976754	0.2500836991615812
0.3757856052731678	0.3740248596629668	0.25018953506386554
0.3755676807548267	0.3743303660854418	0.2501019531597316
0.3757267132158156	0.37422859306334366	0.2500446937208408
0.37577607505956684	0.3741288788930395	0.2500950460473938
0.3755778589051379	0.3743236655805315	0.25009847551433073
0.3757425378054371	0.3741859829243791	0.2500714792701839
0.37582395801074703	0.3740840242406556	0.25009201774859746
0.3758248927986969	0.3740360404545263	0.25013906674677694
0.3758091174342722	0.374066315306045	0.2501245672596829
0.37559046336961116	0.37435388776078427	0.2500556488696047
0.3757663266639256	0.3741898370402238	0.25004383629585075
0.3758237378296274	0.37412186917387036	0.25005439299650234
0.3757848365686854	0.3740942379331962	0.25012092549811854
0.37559433956173083	0.37423162165516466	0.2501740387831046
0.3756754037063281	0.3741430043601694	0.2501815919335026
0.37568769056976314	0.3741267993234525	0.25018551010678447
0.37571525623973784	0.3741541924973032	0.250130551262959
0.37580533670336885	0.37413007461254555	0.2500645886840857
0.37561822833398106	0.3743424968995716	0.25003927476644744
0.3758029014035216	0.37408544460751036	0.2501116539889681
0.37570194190775663	0.37418618059883324	0.25011187749341024
0.3756879773920748	0.3742279338567156	0.2500840887512097
0.3756349438677899	0.3743181471156287	0.25004690901658144
0.37576427605225143	0.37410088304490685	0.2501348409028418
0.3756472172667025	0.3742626659382105	0.25009011679508714
0.375619706893812	0.37426895113297765	0.25011134197321044
0.3756225282288141	0.3743038785752563	0.2500735931959297
0.37572495781098264	0.374136986159785	0.25013805602923245
0.3755667499638153	0.37431550649791634	0.25011774353826843
0.37573486227469244	0.37409631419911415	0.25016882352619346
0.3756153776180352	0.37431782538796177	0.2500667969940031
0.37575244179810535	0.3741895490820705	0.25005800911982423
0.37559710273517155	0.37432092319528076	0.2500819740695478
0.3756526119480627	0.3742767096026326	0.2500706784493048
0.3757794233829722	0.37402054810742424	0.25020002850960366
0.3755913799652548	0.3743104059954744	0.2500982140392709
0.3755781522079152	0.37425598932062826	0.25016585847145667
0.3756046419377818	0.37419081322356523	0.25020454483865306
0.37557209350764065	0.37437298183445367	0.2500549246579058
0.37571070184434846	0.3742020893921695	0.25008720876348217
0.3755814279609112	0.37434022095905867	0.25007835108003024
0.3755709859584916	0.3742654121134438	0.25016360192806475
0.37565470865647316	0.3741518453090108	0.25019344603451615
0.375691069710862	0.37413948002928593	0.25016945025985216
0.3757722536333532	0.3741763550604862	0.2500513913061607
0.37580425565367137	0.3740145367672222	0.2501812075791065
0.37578362089207396	0.37402705398646424	0.25018932512146197
0.37571306678020244	0.3741298631049245	0.2501570701148731
0.3756314124347411	0.3742981080688745	0.2500704794963846
0.37573916907738614	0.37408032958444504	0.25018050133816894
0.3758469956859516	0.3739910494118042	0.2501619549022443
0.3756404050676173	0.3742121996972267	0.25014739523515617
0.3757503189730461	0.37410266257525543	0.25014701845169857
0.37568296206798796	0.3742772371791732	0.25003980075283894
0.3758424897783526	0.3740766747278389	0.2500808354938086
0.3758410092674289	0.3741039644604925	0.2500550262720787
0.3756961176114603	0.37409810998261633	0.25020577240592345
0.3758337636646643	0.3741405602427618	0.250025676092574
0.3757667672086765	0.3742086082365746	0.250024624554749
0.37565087496521204	0.37422997266277247	0.25011915237201554
0.37576058123105316	0.37410165451380806	0.2501377642551389
0.3755796298933316	0.37433556840490756	0.25008480170176095
0.3757936835618765	0.37411132546022696	0.2500949909778966
0.37560943232204647	0.37427203302647727	0.2501185346514764
0.3756665102205661	0.374243538433126	0.25008995134630807
0.375696935001794	0.37419025402413914	0.250112810974067
0.3758413892787666	0.37407389314304895	0.2500847175781846
0.3756842034537218	0.3742855273413411	0.25003026920493726
0.3755827263167547	0.374265545621194	0.25015172806205144
0.3756102324231231	0.37418693872099756	0.2502028288558795
0.37566234773488366	0.37427804558045286	0.25005960668466354
0.37572870027130867	0.37407469493056017	0.2501966047981313
0.3756587449365716	0.37428590735690226	0.25005534770652627
0.3758484622072503	0.37402930970335724	0.25012222808939255
0.37580825380826166	0.3741091095729368	0.25008263661880165
0.3756998598118972	0.3742502971673166	0.25004984302078637
0.37580290142473943	0.37401573012348305	0.25018136845177763
0.37573548686783664	0.3742346518406076	0.2500298612915558
0.3757210047462176	0.3741704648638801	0.2501085303899024
0.3757685674317395	0.37410511483158415	0.2501263177366765
0.37579142718652025	0.3740846084194582	0.2501239643940217
0.37565640996657296	0.3742020139126611	0.25014157612076604
0.3757577465296001	0.3741739087835861	0.25006834468681394
0.37564758829142836	0.37425167739627074	0.250100734312301
0.3757326570950179	0.37418032199609297	0.25008702090888923
0.37571475895343687	0.3741540977627183	0.25013114328384495
0.37579196517773206	0.37408529830904236	0.25012273651322575
0.37573305975314936	0.3741437828922176	0.25012315735463314
0.3757650998286485	0.37421111075618196	0.2500237894151697
0.37563182141173973	0.3741760970164009	0.25019208157185946
0.37573668745812006	0.37405885236297315	0.2502044601789069
0.3757214191488673	0.37421338182316954	0.25006519902796326
0.37560449627078596	0.3742395598885023	0.2501559438407118
0.375778118707623	0.37414424473570335	0.2500776365566738
0.37558812329466995	0.37426502591384825	0.2501468507914819
0.37565969308518965	0.3741469197740429	0.25019338714076755
0.3756232929224423	0.3742993133051958	0.25007739377236204
0.3757421438584059	0.3742333356149533	0.2500245205266409
0.375685666516066	0.3742677424211713	0.25004659106276284
0.37568506984609795	0.374152260720589	0.2501626694333131
0.37583073670310774	0.3741314742234064	0.25003778907348595
0.3756829452754812	0.3742389758825744	0.2500780788419446
0.3758067455767125	0.3740942267740202	0.2500990276492674
0.3756225001247294	0.374254423737609	0.2501230761376617
0.37557935815653914	0.37439265841128877	0.25002798343217225
0.37575686706202216	0.3741227085746477	0.25012042436333026
0.3757974881261198	0.37407799685537346	0.25012451501850685
0.3756982162374365	0.3741234595164053	0.2501783242461583
0.37581816515369265	0.3739871742128241	0.25019466063348333
0.3758115852812976	0.3741249369642168	0.25006347775448573
0.3756104135343897	0.37424192997898714	0.2501476564866233
0.3757882115842459	0.37407884550913756	0.2501329429066167
0.3758374839047884	0.37396341649411285	0.2501990996010989
0.37571611878656763	0.3741946712276265	0.25008920998580597
0.3758131417059381	0.3739931579334391	0.25019370036062294
0.37565863295615526	0.37416281361855164	0.25017855342529327
0.3756886123978084	0.374178624673925	0.25013276292826675
0.3757691612830932	0.3740992120089887	0.2501316267079182
0.3756983149525346	0.3740973887137023	0.25020429633376323
0.375627658414486	0.37432678409371956	0.2500455574917946
0.37564465225856764	0.37431557902725027	0.2500397687141822
0.37580093155213345	0.3740690073578871	0.2501300610899795
0.37583595948904996	0.3739772211654174	0.2501868193455328
0.375668175995426	0.37429404225990104	0.25003778174467306
0.37577541232692224	0.37408800870398673	0.25013657896909114
0.3756785374945135	0.3742014094934337	0.25012005301205287
0.3755729737142983	0.3743549946080468	0.250072031677655
0.37569555160299006	0.3742492898624441	0.25005515853456595
0.3756981018705345	0.3742379654182211	0.25006393271124455
0.3756247229246548	0.37430209029737	0.2500731867779753
0.3755667893383576	0.3743154808288863	0.25011772983275615
0.3756625359225251	0.37425275717104767	0.25008470690642737
0.37568350559023295	0.3741460557814122	0.250170438628355
0.3756071349797632	0.3742298267350988	0.25016303828513814
0.37584451305952976	0.3740912305007972	0.2500642564396731
0.37566125516256493	0.3742474598495021	0.2500912849879331
0.37557051075508135	0.37432972111831275	0.250099768126606
0.3756285814847518	0.3742242893109332	0.25014712920431503
0.3757588384252484	0.37404963480664066	0.25019152676811107
0.375847585310382	0.37405891996593155	0.25009349472368664
0.3756997893129193	0.3741107612763131	0.2501894494107677
0.37569563318877436	0.3741805365559859	0.2501238302552399
0.3756756813722997	0.37425314299148776	0.2500711756362127
0.3757876855627128	0.37410359461791753	0.2501087198193698
0.3757916586031711	0.37416876787519837	0.25003957352163064
0.37577651329976913	0.37406980493230046	0.2501536817679305
0.37579871448631325	0.37400077334386705	0.25020051216981987
0.37564363903523	0.3742945317110088	0.2500618292537613
0.3757860805608852	0.37402022941038116	0.2501936900287338
0.37573938916056304	0.3741722583115986	0.25008835252783845
0.37582751444197865	0.37408531022091546	0.250087175337106
0.37573098530841975	0.374197763265532	0.25007125142604836
0.37562306337857626	0.37424111013820144	0.2501358264832224
0.3758306852590372	0.37397356070843707	0.2501957540325258
0.375758361526574	0.3741800096049604	0.2500616288684657
0.37566665581794284	0.37417451788443135	0.2501588262976259
0.37558901052584365	0.37426483245840647	0.25014615701574994
0.3757750307658034	0.37416134561287845	0.2500636236213183
0.37570835017895576	0.37414797892965324	0.25014367089139106
0.37566480538287383	0.3742003893667564	0.2501348052503698
0.3758270975751816	0.3741094418865314	0.2500634605382871
0.37580467344905705	0.37412494084214787	0.2500703857087952
0.3758180428929314	0.37401629208702913	0.2501656650200396
