0.19691682649623665	0.08017842781822573	0.08286181600456718	0.15364641847893673	0.06377691438726751	0.11079821059180858	0.1472998875858328	0.1645214986371245
0.22971897262901483	0.06874775867160474	0.07830092011756945	0.17892006770132862	0.07551495732935436	0.10954555388572976	0.06479854355085278	0.19445322611454519
0.1932916275402432	0.06645689956592715	0.1188195343002942	0.17095480013470957	0.06722755910969119	0.12164819076654378	0.07310105673505539	0.18850033184753529
0.1928174597729383	0.0714952251729101	0.15968568904427763	0.17726121009017556	0.06295599011903297	0.10267701690589835	0.04144345022150803	0.19166395867325883
0.19078348884242685	0.06743680895006246	0.01684218318775188	0.1833922706950464	0.06707266495338587	0.09469689687641326	0.19290245901885122	0.18687322747606183
0.20329716421678687	0.06495737849485295	0.12423846631180836	0.15149766035806717	0.06033731615687672	0.11676755714401095	0.11424824563495058	0.16465621168264616
0.22804186168018498	0.07895603617677623	0.11523236928922113	0.15238799781466855	0.07874260044148107	0.0978266065446804	0.07833097658169091	0.1704815514712965
0.2056282534073075	0.07222846039099942	0.11762992861084876	0.17583996711912595	0.0722788440885199	0.12221877503614856	0.0686902777468283	0.1654854936002214
0.21455151096039468	0.07633976871607082	0.1691592708691039	0.13119731214806857	0.06629352256134241	0.09067298945114788	0.07201794554674965	0.17976767974712188
0.18330054595200868	0.07584222923811382	0.21358713525366163	0.14864974446865759	0.06674496849432313	0.10759027167905177	0.028592877603401373	0.17569222731078177
0.2136675306278286	0.0712013480063148	0.11839959553018545	0.16541302419499543	0.0755349649152685	0.10512461871434292	0.09302588572070737	0.15763303229035674
0.24399058356090522	0.07094642009591552	0.1426654955712886	0.15976481187275043	0.06031608361605269	0.10293963524717895	0.027118384405369206	0.1922585856305391
0.18255706378202496	0.06709818135315748	0.05216973871699904	0.16098038517413024	0.06721809473467102	0.10325358095650454	0.18806579123663408	0.17865716404587836
0.1927756402642783	0.07129597657895125	0.11761466027732671	0.1585375529088766	0.06035986867434609	0.1208344829334348	0.1275844853762862	0.15099733298649984
0.23807250855943438	0.07010852711127233	0.14775288077857318	0.14171470974456435	0.07454597096675875	0.11667060597767358	0.025102967899538975	0.18603182896218423
0.20046475638019184	0.07829256500827092	0.06350929995829024	0.15687641095527977	0.07574722953112874	0.09594614319451247	0.13219905962793801	0.19696453534438774
0.2501702894862575	0.07525665980210727	0.06890169448842773	0.1654230438061996	0.06145067022036545	0.10953729533707567	0.10246521363456529	0.16679513322500122
0.19640929523398554	0.07584241362406573	0.1937035203072279	0.1337220095348675	0.07629948348356391	0.125542482016957	0.044857790908861994	0.15362300489047026
0.19232129007022056	0.07285197597437144	0.09621729108496199	0.1637174849500394	0.07692068900355468	0.12150601896363868	0.08164402128525747	0.1948212286679555
0.21255648881019815	0.08026251557875215	0.14197487789560786	0.16858872644764203	0.07487386105263164	0.11567889289241443	0.03535988321901165	0.17070475410374186
0.1997188434875111	0.06325025166844239	0.19898306859737042	0.16581114306662453	0.05909052722292232	0.0913050470135606	0.05748649487471999	0.16435462406884843
0.24096731084467163	0.06837440516301355	0.17624045025266843	0.13291216427742028	0.07612362491037605	0.09402163232698055	0.03516693316012447	0.1761934790647448
0.25184855207283163	0.06508868264378904	0.15739166834794346	0.1468761595561085	0.0725087925053921	0.09839727465297596	0.031570779767403565	0.17631809045355545
0.19964134633884412	0.07442726816002967	0.11558795003983313	0.16701200857260842	0.07091733544461684	0.09786677493327182	0.08880985008723519	0.18573746642356054
0.23045081085582786	0.0649946485261684	0.17833666915901397	0.16572320436015825	0.07085276237142665	0.09222767256392839	0.040622879139522935	0.15679135302395325
0.18751690167291377	0.05987797701056824	0.13975844532731607	0.13137194771478156	0.06990351667128425	0.09953802500439765	0.12674354476816593	0.1852896418305723
0.23870621916271273	0.07407320088602184	0.14908656062189043	0.17385464643574672	0.058659023660303095	0.09520343576937677	0.03584525728602958	0.1745716561779186
0.23442237269493615	0.0712534174127707	0.11690294587612877	0.17310667326442325	0.0720860543220766	0.09720935055962417	0.0604613407948774	0.1745578450751627
0.22782521097315156	0.07403643982965302	0.18402946986267962	0.1467823395994352	0.06936699391689607	0.0961226487789811	0.05077790631141817	0.15105899072778498
0.1950681048383518	0.07761040859003976	0.10718721027081696	0.14829255947845424	0.062048392737376945	0.1154497898097934	0.14236913567461576	0.1519743986005509
0.2075624529884941	0.062489496842432435	0.05881350802170057	0.1522435076453923	0.065834707071458	0.10053487606644085	0.17068378324106695	0.18183766812301458
0.23771822128453027	0.0799057017376896	0.04239193271603135	0.14279217992179674	0.07533668067033554	0.109870005623686	0.12086759247297499	0.19111768557295528
0.21214704940107665	0.06253930111334796	0.03457025017349841	0.16890172670166506	0.07367856785980631	0.11692309951005966	0.1404551532616293	0.19078485197891643
0.19112650826307043	0.08077529345150093	0.05603163417385294	0.1814654340289786	0.07562592587707806	0.10879977981638612	0.13422536074671693	0.17195006364241575
0.23465904798570209	0.07544918455815056	0.03151087602760047	0.13875334787724042	0.06010272863070058	0.12366578042054752	0.1736664787017738	0.16219255579828432
0.1949912804688306	0.059338871858335196	0.145498365760726	0.1835271280210559	0.06535113777257769	0.09727630148878408	0.089833008751287	0.1641839058784033
0.24500034021944833	0.05954291088939802	0.030175357885319276	0.14753927738409892	0.06676729880154443	0.09964065049769393	0.19184308188613428	0.1594910824363626
0.1930181160404188	0.07133951439997646	0.16484421181471626	0.16176703658773997	0.06561027411871971	0.09467374431402176	0.0908578086214055	0.15788929410300132
0.21219284768259	0.07012539485856234	0.07989381657443484	0.14378024152617766	0.060601393065410666	0.10547281289498224	0.1428723796694497	0.18506111372839232
0.22006604789311343	0.07316051578732694	0.05350642319904851	0.18279066772343056	0.06069500927846597	0.10482131305068891	0.12216269241488611	0.18279733065303938
0.22061161474143157	0.07125377737898801	0.11171196913331666	0.16162329471003645	0.07404896143748932	0.09815715971322071	0.07371947041003538	0.18887375247548172
0.23848014195978567	0.06635424380943536	0.09857738662079063	0.17567489262509206	0.0662549160864499	0.11378593510698864	0.04469732006263011	0.19617516372882737
0.19857913258912652	0.07681241631997472	0.0564559314363505	0.13041759046814733	0.062237815410338335	0.11968314560117549	0.1923310522288756	0.16348291594601128
0.24215898568231384	0.07645280494787031	0.023742986320688123	0.1472369556259363	0.06725200739453153	0.09046939344947269	0.16994746598964094	0.18273940058954596
0.24077916615454942	0.06368629709536579	0.02713165432436447	0.1327725317665483	0.0634398498058786	0.10053821669940584	0.17443005887236618	0.19722222528152114
0.2299292494555797	0.058735999592602464	0.0723452930527359	0.18027213092274694	0.07374102001812682	0.12362952119613808	0.06567260995401902	0.1956741758080508
0.2379312750302946	0.08067158863506799	0.023489118038316797	0.14445107904687926	0.06777448554459989	0.12025803016955126	0.154087665627119	0.171336757908171
0.2422408652676647	0.07715508438148923	0.07109303077167461	0.1359200069138178	0.0637275006766347	0.09601821356725428	0.12949120782690596	0.18435409059455848
0.2261156203445373	0.07152130920714994	0.12897357340556317	0.1555078349913378	0.06083584244239622	0.1151291007746183	0.06073819858135683	0.18117852025304015
0.2025465146275276	0.06556124163626606	0.14778659774533953	0.17534508905565885	0.06998090697764228	0.10295896462341926	0.04200017392434756	0.19382051140979858
0.2445923725137052	0.06595006661553841	0.01888913419575078	0.15906484845610466	0.07159810327221094	0.10405844556834383	0.15530323713425045	0.1805437922440955
0.23827267628754734	0.062073500517236826	0.15578907966962552	0.1378155097295266	0.0617245995212375	0.11026738090745275	0.0816342802200915	0.15242297314728168
0.22169881111324108	0.05818106260875752	0.11741267547444849	0.13195921362227184	0.05827250994803551	0.11814886088647483	0.10685028399417229	0.18747658235259818
0.21049420896573862	0.06173771773935738	0.19472435141992084	0.17004791838880334	0.061998592431759925	0.10520860006951588	0.03862518566153736	0.15716342532336636
0.23039847423069743	0.06716752679865645	0.144324042197405	0.13388963653914027	0.07268392842698942	0.09087848866791341	0.09398955240461795	0.16666835073457983
0.19893643037826336	0.07867626669335775	0.050070549312806426	0.17559993152518438	0.0703217119240111	0.11011508824279943	0.15377320548324083	0.1625068164403365
0.22284751203798453	0.05882331407956523	0.17194435869145897	0.17639260622044026	0.06039749645274198	0.09638756214241773	0.043017728846371936	0.17018942152901914
0.1916657937165669	0.05900481876874333	0.2639210970775112	0.12982306592034976	0.05883884698147329	0.0920432865570217	0.02887292468097738	0.1758301662973562
0.1899202245171813	0.05856237937231455	0.15550983310775468	0.1823322910021065	0.0659222491374643	0.11304761773416913	0.07059166932233826	0.16411373580667102
0.24241689385141524	0.06294272249639943	0.060962331980533135	0.14766894117064372	0.06939033186168864	0.10226074125880648	0.13044527290702615	0.18391276447348698
0.25109222161293726	0.05813923484138031	0.0660893721455326	0.17765346299087154	0.06329107115441912	0.10841181667470487	0.08864047340464004	0.18668234717551402
0.20609526517740356	0.07237381924267389	0.09682001850815729	0.16733215575796823	0.07176729727001843	0.11078325429427757	0.09674519001680215	0.1780829997326986
0.22261519380272082	0.06876179559527817	0.16966929662721197	0.14186522922412992	0.06847532013358541	0.10720590968090397	0.04629518657176146	0.17511206836440799
0.18496824830470388	0.05935488420848957	0.18952516917433562	0.16537865104623214	0.07093406753236359	0.11653146302412618	0.06002709113887365	0.15328042557087512
0.23427859777278884	0.07621019734484719	0.05747652121013459	0.14608863347627082	0.06030915746468131	0.09034463979495286	0.15544137916689635	0.17985087376942785
0.19917788775920853	0.058769357490538326	0.08687756865036378	0.1453880641706468	0.07578001382872984	0.10944393338951337	0.15835760218351838	0.16620557252748075
0.2072404688764429	0.061470814751940536	0.07602370461372412	0.16075229620081324	0.0673905525988402	0.11238630547884797	0.12486627601900639	0.1898695814603844
0.25029682479688864	0.07914936403797462	0.032545955580610075	0.1380318019360169	0.06460739551405686	0.11498876357878979	0.16711734311755164	0.1532625514381112
0.21186016239619512	0.0771767109325543	0.024878446387005496	0.1691464679827272	0.06844741714630811	0.10385867189635845	0.18098103087952933	0.16365109237932177
0.24111434086851846	0.06271582323383432	0.0366281595301146	0.16123503236485986	0.06030429244112377	0.10857725318606538	0.13481117477008914	0.19461392360539417
0.21681702679382076	0.0609501169295676	0.15138415315315706	0.16638528855061746	0.07337604384228849	0.1067145028332868	0.07207922651295752	0.152293641384304
0.22301203249004184	0.07409029994144406	0.11552216322583508	0.13504831592427854	0.06119705609046566	0.11874922168304476	0.09175791825867621	0.1806229923862136
0.18767709900250842	0.0685918495651125	0.19185175777653685	0.1468520225746343	0.06452134544236668	0.09201145205988939	0.07712667499278629	0.17136779858616533
0.2238918028122136	0.07014888011756136	0.08332053690599758	0.15401353971830048	0.07820959041588246	0.11937140333805313	0.10438614725241999	0.1666580994395711
0.1834089549997201	0.06248461659415046	0.13497340511667183	0.14815775450011576	0.06421899390197605	0.10645316475169535	0.14719252328835303	0.15311058684731718
0.19571017500400661	0.07139939377065105	0.22203657754707876	0.13406352661336066	0.05852362576135636	0.12434281288610792	0.035404596880909495	0.15851929153652894
0.22368706928797394	0.06480477422719542	0.09691378445680848	0.17639533817882497	0.06462036624637314	0.09333432754396119	0.10939950069882196	0.17084483936004063
0.18954197906475392	0.06758225404477756	0.15586854866368172	0.14372872877408602	0.07736355566707045	0.09995591142107532	0.08376614447189774	0.18219287789265703
0.20072436622090156	0.06925434931595184	0.04956715447776014	0.17658574553569859	0.06966764584180143	0.11713857466890765	0.12633961995941045	0.1907225439795681
0.18399407275025342	0.06826199188357272	0.1612843810196417	0.16330065879489242	0.06296066200778733	0.10875832106676502	0.057489750287009894	0.1939501621900772
0.18284053996525296	0.07178166748702675	0.09423632752375465	0.14463976177252794	0.07815232437415129	0.09053527997987773	0.1666530714416638	0.17116102745574466
0.22623281442429383	0.058053136637452235	0.07628487114197163	0.16319542296600567	0.07430560039713033	0.10105649816411881	0.11353896793852078	0.18733268833050645
0.23996856085783552	0.07435885899107128	0.10316318561341378	0.16615407901007562	0.06417992737735767	0.12049140881749786	0.03489243983530024	0.19679153949744782
0.2435868430051727	0.07360228920586592	0.12893327559636983	0.15643050091257585	0.06682244777662324	0.10619330454381944	0.038463671320851114	0.18596766763872166
0.22408640868585766	0.07714939607171944	0.12464194741598592	0.12991467817317595	0.07223124586832576	0.10912753268615719	0.09816914560164779	0.16467964549713002
0.18514484448811655	0.08120512813941191	0.07085936168245141	0.161903689492748	0.06117820198485463	0.10113418245475556	0.18420416750485358	0.1543704242528081
0.21961432639837458	0.06900027360418969	0.11048114776717156	0.15607451133235167	0.05945400884209796	0.12404787864853545	0.10637305029016036	0.15495480311711848
0.19769976783126136	0.06194258236152364	0.12015596534025177	0.14658550777653948	0.06185155961067755	0.10747941529728529	0.1383526187479076	0.165932583034553
0.20012828438132552	0.07290298432355471	0.1130653644523444	0.18172030126662075	0.06874683701181526	0.09886267412395248	0.09979941378393291	0.16477414065645374
0.20934257590098507	0.06532444305089713	0.06152209521647316	0.14204036045424448	0.06884294867794855	0.09265668803077746	0.19178222024140018	0.1684886684272737
0.25021760934247483	0.06983735193570102	0.033933632529557875	0.13996974093921136	0.06047135843696344	0.0956267490445081	0.1828817834938813	0.1670617742777018
0.22816862177775507	0.06027601684234367	0.12537397918766313	0.15092315285927377	0.062452066375644794	0.10763014055378428	0.09795253871496039	0.16722348368857468
0.23793661901501717	0.06159828685136244	0.0371340126480601	0.15312310370580476	0.06233848943838732	0.10133277242322959	0.18705229588494038	0.15948442003319802
0.18591451151566646	0.06312279092017853	0.06383119846769339	0.1292569073116761	0.05986116787982715	0.11574177920089936	0.19029516103701472	0.19197648366704406
0.22236553132626127	0.07073618671698698	0.07014641308220029	0.14908569626311835	0.061232124744834346	0.0959762652136908	0.13467742437855285	0.19578035827435486
0.24208497560652062	0.08120546990294383	0.03808194125185918	0.17804839179311893	0.07361449175515178	0.1142710320389779	0.10397744100874237	0.1687162566426851
0.24249697566490871	0.07771356850481026	0.12120101379422736	0.16527960130006197	0.06600248325572113	0.12343126017772676	0.05076312904322551	0.15311196825931803
0.22859034378455806	0.08129540954725437	0.08709312934140317	0.13602184910130663	0.07665869815192773	0.11099838433063017	0.08306846036932106	0.1962737253735986
0.24140529906871924	0.08114463392765256	0.0772551516402863	0.15033196656502104	0.07831801988760018	0.11484385943941534	0.0972191287640867	0.1594819407072184
0.19471447795802135	0.06896549098332519	0.07802895415659014	0.1674398406204185	0.06872244974901118	0.10497251279321396	0.14516306805909068	0.17199320568032875
0.24316744011495045	0.08062821645543905	0.15477353489576792	0.15281790414901103	0.07496069921101142	0.10638964597367952	0.02633818329629732	0.16092437590384306
0.19347272648590122	0.08078628630647633	0.11956272171740881	0.1646872669116441	0.07195458333366914	0.12298796223127728	0.09545889451135393	0.15108955850226896
0.21694288077902313	0.07010131328510893	0.10088090127685453	0.17615966120920543	0.06883912477589343	0.11169027589444999	0.09540329627991487	0.15998254649954946
0.19106520002594346	0.07108968910644797	0.11060961942270237	0.14013425314042985	0.0770115749987304	0.11272226213382691	0.13203823942508408	0.1653291617468347
0.2318221978110499	0.06403679317842112	0.031669866467278374	0.16913146342245877	0.07035735954945926	0.11517227287997629	0.15580448657713056	0.16200556011422546
0.2122134536180718	0.07562827254195606	0.12982202030151613	0.14858600730745067	0.05818658232366891	0.12200349662781951	0.08111779621035221	0.17244237106916444
0.23687047824227142	0.08080058996803087	0.05354334551007997	0.1496271588643964	0.06525408961157961	0.11815403179376133	0.12018590921557945	0.1755643967943007
0.21096968053338785	0.08068666806831337	0.1363890897388889	0.16816023302935268	0.0600806549422606	0.119755559462506	0.0478551373761331	0.17610297684915727
0.24228373090602695	0.07684633094086427	0.02343062892533733	0.1447915163170721	0.05841876737327446	0.11273496104930425	0.17614597540104426	0.16534808908707616
0.2240888057055662	0.07813980473324575	0.05513483037447707	0.17642550820844854	0.06084276546595414	0.09131611268958306	0.14167555211287441	0.17237662070985058
0.22640651963398029	0.07844204605157876	0.07616230660229975	0.1308917022065118	0.07565577009700253	0.09722538160796246	0.12619139777637442	0.18902487602428977
0.24805822317744616	0.07877389414718033	0.06381189570733979	0.1382514292519925	0.06765986866594707	0.11398411357708861	0.13064375580028403	0.15881681967272124
0.20753939864985993	0.06379919378562901	0.030812209845455005	0.15652419138931448	0.0771136095149076	0.11500068401192541	0.19004549875808938	0.15916521404481895
0.20402524069617514	0.05932336525169052	0.11388846607780638	0.18013862202333653	0.06015064825065394	0.10682115223003474	0.10756739154987069	0.16808511392043185
0.22697572138133118	0.07611432465085044	0.055778821918914215	0.16582149500219653	0.06445527478543155	0.09852534481991512	0.11375218516597949	0.19857683227538125
0.1949837568509511	0.06935366147721969	0.11300363411335143	0.14733145414687387	0.07442336668137085	0.10527842233418758	0.12304253846491064	0.17258316593113457
0.20726180753173512	0.06357896624529707	0.025173314176436645	0.1822890516941023	0.07442905368001848	0.1135723279566574	0.16759956313621177	0.16609591557954093
0.20815929211949102	0.08015843597666186	0.06066087319939874	0.17267716065247332	0.07108906390065217	0.09071826811617409	0.14851124872900373	0.16802565730614477
0.185553657015805	0.07462004338871726	0.1184456830233594	0.14579306974928727	0.06082713658147805	0.11950918073407006	0.10196357686018696	0.19328765264709571
0.19559154602438736	0.05874499746834781	0.15903360852114332	0.14769383230254385	0.07313673252820063	0.11755960531310114	0.05792818728643778	0.19031149055583785
0.23756781074676464	0.07209024278569437	0.12705018295762568	0.14307631508586618	0.07680110818457572	0.10653807975363123	0.04951705858032865	0.18735920190551325
0.2139661782081595	0.06767570819400351	0.17122244745544224	0.1355640806104927	0.06525562992477568	0.10678950050396667	0.045153591639387355	0.19437286346377208
0.1915381532777197	0.06773481462895822	0.0974569299095289	0.1454630853008847	0.06600712565970401	0.09222605238141073	0.14714405049487866	0.19242978834691485
0.20959318701329765	0.05873562964016345	0.1848643142403527	0.14598786300905917	0.07382869020211966	0.09219302474136755	0.07778617164639864	0.1570111195072409
0.23139851739201067	0.07438295859836248	0.14971370858646907	0.15398202174227935	0.07303819496894247	0.09497609312714705	0.048486800216509585	0.17402170536827902
0.2256280174348556	0.07221455466903173	0.0822591560136813	0.18254137292606878	0.05909889208813171	0.11010969375607052	0.08764919928739684	0.18049911382476325
0.23795858379084905	0.06922810747608804	0.09794037168875479	0.144821338447554	0.07827176665284163	0.1218340768273206	0.06964527358412351	0.18030048153246814
0.19191999340354193	0.0774219960071517	0.040960919905539656	0.138556507072171	0.07545633601097099	0.11723288584871813	0.1674862634560413	0.19096509829586503
0.18669015230203623	0.07336492397965116	0.057312716799895747	0.1524391948751038	0.07087364768820323	0.12336404011956904	0.1454241693848924	0.1905311548506482
0.1867610627260523	0.06533915147885483	0.0881323891606574	0.17701310786180854	0.06512103285562108	0.10244708918286684	0.11646704653055068	0.19871912020358812
0.22673076904084488	0.07102787485840945	0.04812048035885312	0.13126593850124116	0.0633471826503703	0.09389404519279403	0.19151051509276823	0.1741031943047186
0.19201539777444265	0.06715297528546786	0.1483540351198926	0.17864292548871608	0.0783019660595277	0.10592872884394314	0.07550470642429276	0.15409926500371696
0.2064277504548429	0.06545280329871594	0.206989306222539	0.13284663204190875	0.07736929403759871	0.09090102845861253	0.04364556173501838	0.17636762375076354
0.21445362017028946	0.06732710412263977	0.15268608442796777	0.1459247403290047	0.07114977274332573	0.10823039551716719	0.05550785624598947	0.18472042644361564
0.23459602561258067	0.07720566747148341	0.17589153960075174	0.1412358967779958	0.06522828050155091	0.09154051476621047	0.04663573710987862	0.16766633815954812
0.23102812769105513	0.06634622174694577	0.020769893915161625	0.1729502310136484	0.07626608159043716	0.12451910738731833	0.1261155810338342	0.18200475562159915
0.2265893555560475	0.06303848803156453	0.09083486452538445	0.16454368538563235	0.06417114214894909	0.09057732060752322	0.132188822622101	0.16805632112279761
0.1895092321981264	0.07516503365703726	0.05760299202787807	0.17757516413236618	0.07202143672314697	0.11413078320573208	0.1426498942308528	0.17134546382486
0.22670050418141627	0.0656179933281488	0.06437110758275119	0.18173457127717293	0.060349326050401386	0.09443611922891333	0.1262020525808758	0.18058832577032002
0.18392759959009927	0.06819218010651532	0.1890658654970156	0.1651412673159966	0.06822430874943874	0.10526221291097315	0.06384747744081647	0.15633908838914462
0.23441494370338212	0.07247343606398754	0.07677015226508808	0.14535619557742138	0.05836506127596035	0.09651419120219706	0.11957928307528366	0.19652673683667957
0.22061083705714774	0.07991372499009583	0.10687490219876006	0.15501447986330946	0.0685784841064754	0.09670686877469914	0.10757055254375833	0.16473015046575376
0.250891060217979	0.07867955074131142	0.11963635203659839	0.14846324663952423	0.0722829505337404	0.11165442869422976	0.03865001994762997	0.1797423911889865
0.1887016335569523	0.0719632204463379	0.087761672270836	0.15550249358032464	0.07269200228286725	0.09198556634285614	0.16448954197556728	0.16690386954425823
0.2210687102313349	0.07548167525424931	0.020774387477589695	0.13163388990793468	0.06631192971759334	0.123348139180988	0.1675176028992159	0.19386366533109395
0.23104374427815588	0.0794151254619363	0.09953982009524792	0.13153831843574323	0.07423140338093369	0.1154100062346435	0.09605719952040528	0.17276438259293395
0.1930420785429189	0.06754616555242632	0.15259015783258328	0.17340686459734253	0.07066934903559632	0.10633122286551622	0.03772322152526825	0.19869094004834792
0.19593406433749277	0.06174195803581199	0.18957100355519985	0.1447669011140815	0.06153155134568898	0.10670774573357739	0.08712234696238441	0.15262442891576283
0.18522221095626018	0.08117908115035005	0.11430931547438526	0.14511301701181148	0.0694988508155479	0.12522032301675684	0.10953361052836486	0.1699235910465232
0.2304108573141407	0.06597442554753136	0.04719797444307641	0.13346173067162168	0.07088670899011712	0.12138575949392659	0.14913436895750648	0.1815481745820794
0.2451987521712633	0.072046633334983	0.11819136442413204	0.17082786687999785	0.06483000861659798	0.11172296239933178	0.06515142999773389	0.15203098217595995
0.227867749027516	0.07075378643239605	0.05943972189611885	0.14515863595670797	0.06892258566862092	0.11507029444244829	0.1302844396021175	0.1825027869740741
0.23340500194840297	0.0773702154043398	0.15588621255287405	0.15157392692791571	0.06856953306037751	0.10260519814549114	0.04254416266426622	0.16804574929633231
0.20393870758671723	0.06596276453574686	0.11586239298819041	0.15507523175665974	0.07874581638283837	0.10683863461197077	0.12246739718248353	0.15110905495539284
0.1955431714123531	0.07523741127777211	0.038809637659103086	0.1527618779741036	0.06752378051076385	0.09150117368091176	0.1801027980897562	0.19852014939523607
0.21854184275236885	0.08049966646926063	0.03491941244002553	0.149961065942883	0.062973190872573	0.0951912058909182	0.18674648942313726	0.1711671262088333
0.20221495119120253	0.07313992850249278	0.14550236607170822	0.14733347603074565	0.061503906499983205	0.11261847154545736	0.09520300359137555	0.16248389656703444
0.24006496915240902	0.07614025789153747	0.07626290227426308	0.1832255396961095	0.07355416062117318	0.09471033319992786	0.06127439044834071	0.19476744671623897
0.1898347412070744	0.07660413291822668	0.2006327664047637	0.14483665579096164	0.07605204707571678	0.11027673739837072	0.026836764828457635	0.17492615437642822
0.2465772408067246	0.07623599497551867	0.06990185447998425	0.16588939311115958	0.06228824708310583	0.09178699956215595	0.08855213240434656	0.1987681375770043
0.23639009795574945	0.0799545896730863	0.11460894088058671	0.13647838760436679	0.07516263193301712	0.10537444224510521	0.0926347384634102	0.159396171244678
0.24843225130504737	0.07384257826785537	0.019246407926987688	0.16728885295896523	0.06822200263434683	0.09620014694035815	0.1347962841482184	0.19197147581822072
0.22724061950596453	0.07551182547499258	0.08157799608346311	0.14809811210661653	0.06248793336050637	0.11970209861053349	0.1304549682744415	0.15492644658348162
0.22804902535429095	0.06258537607878698	0.13454006326844759	0.14414984858266755	0.062440836496196195	0.10338048713962529	0.09121195660846856	0.17364240647151663
0.24292586633038527	0.06108874228168583	0.041537642092108265	0.13558481857302362	0.0764213699140619	0.11925616322992574	0.13117507663920808	0.192010320939601
0.21967420727771483	0.060410451259852296	0.08806022539135251	0.17172238632051973	0.07756489909459818	0.1037547783667205	0.10421738033005443	0.17459567195918724
0.2131416249840666	0.061263074601379766	0.1945341068056488	0.12921740001784288	0.07256777842819419	0.09104039216544942	0.07849165767040187	0.15974396532701624
0.2013911885863216	0.08047440979776793	0.1362807360140847	0.1790857759452006	0.07240752876033772	0.10907557954753098	0.034844037850858725	0.18644074349789752
0.19051840410644744	0.07341388572544824	0.20209668065953024	0.16244655512223932	0.07051164498249693	0.11094929850610617	0.028289110353045974	0.16177442054468544
0.18348011173862416	0.060446780222534885	0.19026475406480295	0.1403667798254549	0.06292596262561853	0.12013816835622917	0.06100923628587643	0.1813682068808587
0.2328114602661486	0.05911358992864048	0.1595171654804262	0.13866381038276962	0.0608893763226115	0.12201873892927857	0.03671453214618185	0.1902713265439429
0.23382171058739165	0.06543709772897295	0.048255558176638305	0.17849012286129864	0.07637991168979266	0.10291801936013215	0.11299493196124984	0.18170264763452354
0.20223890126544358	0.07261583287795895	0.13624532894749264	0.14220459113183806	0.07820490392080182	0.09136282659950998	0.12464579517872604	0.15248182007822872
0.2466512979488521	0.07542690758579856	0.08272008638433624	0.14622059336925577	0.07230673620693984	0.09363518741735402	0.10496811096986322	0.17807108011759995
0.2105361721739727	0.06125775428252604	0.14427419271377984	0.17556343335994898	0.07175757502164312	0.10778130126474231	0.06453772213890831	0.16429184904447852
0.20205637290537576	0.07400007337884265	0.1788012881844161	0.14412783074326274	0.05932690874389818	0.11202468293703927	0.05863439976390265	0.17102844334326242
0.2168672480085409	0.07722538101571885	0.16183048308237985	0.15384852402583257	0.06171782655452475	0.11324331956582528	0.03203073004624685	0.18323648770093068
0.1972441506559242	0.06298601281050613	0.18034812550078602	0.1638490690238451	0.07656022194359871	0.10878785371805483	0.054086704681675674	0.15613786166560906
0.22757268873488978	0.06777331594019126	0.1363673187597646	0.17814611440590367	0.06768125575051903	0.09147482008188626	0.04857672921966896	0.18240775710717613
0.21527409435825728	0.06419752796338671	0.07230842735946835	0.15235581710200277	0.06172793970493737	0.1104881772814566	0.16347903530796648	0.16016898092252418
0.1935259647457847	0.07007381699982473	0.09934114085676056	0.13622088720071773	0.0757932068791905	0.11839472077921867	0.14070398355232647	0.16594627898617637
0.20230050849149708	0.060453274202987725	0.13325944138124604	0.1644914689716624	0.06596092164490572	0.09402791283310925	0.12089456098258143	0.1586119114920101
0.21861687267091295	0.07855116308098181	0.034686160374807276	0.13906572948488682	0.06571553357009094	0.11737206143545367	0.15073860699122105	0.1952538723916452
0.18583414195756265	0.07646365262492082	0.1576575966774269	0.15224986061090784	0.06251341260627649	0.11370998637052436	0.0864733080594236	0.1650980410929571
0.19813388833391643	0.08137550646501984	0.12858263702094502	0.13884780275348377	0.07681633922919723	0.12249347667698247	0.10028937763515279	0.1534609718853022
0.19477669814978	0.0699677412660072	0.17146572576336105	0.16546427842324457	0.0650414015426699	0.11563749899517425	0.04920139585743685	0.16844526000232596
0.21469032053535686	0.06389574677365781	0.1606760662223293	0.14792225965931877	0.06571090517553566	0.1078538116929188	0.08636125257480981	0.15288963736607272
0.2205860243778911	0.06631173034946648	0.07296587738641958	0.1328910900927671	0.07409740424627968	0.11784588039991908	0.13347154179967674	0.18183045134758
0.1902961760800922	0.06709356678599152	0.08572482327050311	0.15783833447888246	0.06903926167613642	0.10921553159826117	0.13308236481865143	0.18770994129148147
0.19859063268968674	0.08045922724428423	0.07281250056602107	0.13446824243960154	0.060028534644330736	0.1068067918648859	0.1538835902239248	0.19295048032726478
0.2198707284623926	0.07717266368257805	0.030104927884146024	0.13768964963043456	0.067656553341879	0.10474514977569202	0.16451055626962638	0.1982497709532511
0.21668469814288194	0.07011352813820582	0.14356715092064049	0.1532242758541882	0.06267438608459333	0.11724779880372115	0.07604328263090745	0.16044487942486138
0.238463029176415	0.0795907010495725	0.0301110841663155	0.14356566735906062	0.058301351239603005	0.1015310002572127	0.17584853837156428	0.17258862838025618
0.20967233112036504	0.06646428190003908	0.05086085625120364	0.16830596713037213	0.07250939153216329	0.11787250611192364	0.16299347760878943	0.15132118834514352
0.2399258303917005	0.06232889524632515	0.19195186830462813	0.1526966827885838	0.06944424789227242	0.09508285867808125	0.028654454218578845	0.15991516247982962
0.226582433217713	0.061236909265873996	0.08738101385474628	0.13849217912974018	0.06795733704509235	0.0980884470633426	0.14119103891983564	0.17907064150365568
0.1918538793465599	0.062456629949901546	0.0686837316940763	0.162378609764493	0.059895813635484324	0.11858844200920096	0.18282475863865566	0.15331813496162805
0.22693744615904407	0.06852709427812068	0.1314925042825058	0.17255988462582775	0.07505240911203218	0.09324899003506901	0.07985123868769275	0.15233043281970754
0.23462674113234383	0.08085521233031712	0.031095003076093447	0.1615647920298771	0.07088984052354502	0.1045588562383583	0.13340692202952367	0.1830026326399412
0.24055177649578607	0.06562534928732747	0.0942286604796101	0.183028954907187	0.06479025576838912	0.11246600023015063	0.06049082934480206	0.17881817348674728
0.19485979376983933	0.07944504663486562	0.13346374374687003	0.16401495755478657	0.07026816043334816	0.12216417581313188	0.08426254339439748	0.15152157865276067
0.19821230820502506	0.0632189867478169	0.13762848176975379	0.18164409545274962	0.058345450548529576	0.11765573644275297	0.07956876507811082	0.16372617575526102
0.2520007497651644	0.0659000078431682	0.11374705954546432	0.17558899943118214	0.06704382088888733	0.09905855961571938	0.07397252362352019	0.15268827928689377
0.24740969962115927	0.06869531847438326	0.053496154389743394	0.131476268977524	0.06657896782694059	0.1237881045739077	0.12329369028128774	0.18526179585505378
0.19521958765181943	0.06041298563823003	0.15814210752248	0.1613163355831393	0.06536094256909741	0.09696174225174375	0.09581611004615029	0.1667701887373395
0.22375247519684646	0.07951166575780853	0.16457393390651692	0.13015936200120826	0.06758589603487757	0.09760288005952503	0.06133891605408193	0.17547487098913503
0.21013573721871517	0.06000355525040828	0.17862606650737317	0.15825499150045727	0.06472637449037837	0.11623265069292273	0.02588033615085135	0.18614028818889342
0.22195785830333506	0.06330558566490874	0.11857170261858369	0.15509351646169786	0.0773610783798648	0.10170312905985743	0.1085612988468628	0.1534458306648894
0.2508088242286343	0.0693864050078212	0.018948730549746176	0.16608978897040555	0.07586026098438112	0.10933042103377116	0.1116145516822403	0.19796101754299997
0.2009372594202749	0.05797314691430046	0.03128526403694007	0.13852814993185197	0.06464649797037134	0.11795842655367411	0.1910527508213707	0.19761850435121625
0.1826098901836694	0.07046814289172859	0.13357242847143494	0.13576653641462064	0.06388682189672684	0.1080172680232118	0.14743479402702672	0.15824411809158084
0.2506685294727677	0.07145629434870547	0.05556525133343777	0.16074496794180576	0.07888095544426944	0.1109927152213164	0.09691689603246614	0.17477439020523108
0.20974384521592454	0.06478609270907684	0.06307227733824235	0.18254544882595328	0.059955322887763327	0.10058570539631698	0.16608710180014952	0.15322420582657292
0.2018661385263366	0.06713183409563962	0.06855838809931047	0.1767999447618938	0.05934132785464273	0.10308327806311253	0.1503810760933056	0.17283801250575845
0.20082928450168014	0.06117099007773705	0.08306303401163409	0.1318590867430943	0.06178556100547282	0.12465204401684953	0.14331327141625322	0.1933267282272786
0.19001849430344403	0.06959042991624026	0.045575692610835994	0.16991450755546464	0.06238154663899008	0.11622246540230248	0.14786554361529014	0.1984313199574321
0.18727467465425704	0.07500459325069901	0.10741683025102763	0.15453725033984403	0.06422817216762602	0.12116043573822793	0.12405117421519583	0.16632686938312224
0.24371604264345786	0.07495393029264696	0.0688253387464281	0.13184814427923086	0.07067627104155005	0.11002688769647817	0.12466694451927181	0.17528644078093591
0.20473106417262743	0.07659086995654307	0.10882669241585599	0.18049360490903923	0.0642726584955769	0.09607448557416345	0.11042445840989994	0.15858616606629372
0.18737299787777698	0.06206330336142708	0.08903668882243976	0.15733213140777694	0.07161541300386876	0.10188733870943642	0.16115220118925966	0.16953992562801423
0.1993176905840409	0.0694239911410682	0.07102977388804098	0.17024107988251222	0.060568314278125396	0.12163836318524657	0.11113982135819359	0.19664096568277192
0.19921622599472372	0.08053265773066136	0.017368899917353367	0.1759256956214697	0.06725232877775135	0.10900208484156566	0.15223905046917305	0.19846305664730152
0.24544061139384943	0.07316511675186242	0.028664106713602117	0.14920189809817117	0.0700712801318554	0.10635198399002443	0.1735843205551127	0.15352068236552205
0.20020942557382745	0.07879742164535436	0.08016152186582025	0.1551004114678606	0.0739144027772957	0.11197150448473994	0.13503498546946305	0.16481032671563842
0.1874076057442112	0.06871516459153687	0.19911945783221702	0.17124205287033367	0.0645147458401915	0.0915388377045995	0.04516237719209118	0.17229975822481877
0.22601273031602515	0.07536788772237596	0.13113560012977385	0.13005443348424336	0.05996945114654621	0.0977975469254973	0.12192448777750921	0.15773786249802874
0.2121242764190332	0.0635403299619011	0.14899784768058752	0.15020255579209768	0.0623449057366902	0.11375789571577555	0.07210870511698106	0.17692348357693344
0.1833793467326648	0.07614058922943398	0.23350948215144396	0.1351187761191153	0.058865224535162325	0.10394874229392759	0.055600970779593	0.15343686815865884
0.1947078452333781	0.06479601634706107	0.14210923758720842	0.1327645152854818	0.07868294999812978	0.11501652952408194	0.08367569930826183	0.18824720671639678
0.22082385641051383	0.07891867307403866	0.11451696643357788	0.15194421918908796	0.06370924517959131	0.11205199602884201	0.09006930615758868	0.16796573752675942
0.2359345473610065	0.08139246469520434	0.030684098694117146	0.16085747342967105	0.06237075504281206	0.10607164563303795	0.12851731821331155	0.1941716969308392
0.21213126578619326	0.06169799226763692	0.11433285357538545	0.17102243007493273	0.06490351305597347	0.1050253211755481	0.0776379936770571	0.19324863038727272
0.2382152748279515	0.0713804136144583	0.054803383310295245	0.17416917811812982	0.06824917003445172	0.10739615350132471	0.09042823217609096	0.19535819441729751
0.19015761612328608	0.07754974899707162	0.047313417447686495	0.14396257046289065	0.059374302826912986	0.11074438083175973	0.18603880456710298	0.1848591587432892
0.208942738594764	0.07181214061491613	0.17609844938619196	0.14844175016727618	0.06488370556887026	0.09648933898412604	0.06232466240362891	0.17100721428022625
0.19278860561910088	0.07798106689817914	0.1838923828294044	0.16381937549010225	0.07253883862064597	0.0953864051544473	0.04964868814829858	0.16394463723982122
0.19108011620707072	0.0787088250370277	0.12758091215574252	0.16440676644698196	0.07333272148228231	0.09580728622392098	0.11488344577847374	0.15419992666849977
0.22887910212804374	0.06045553339712227	0.031237517006237503	0.15665486868821993	0.07872800726869761	0.12044996517063812	0.1367620454557555	0.18683296088528506
0.19254466778403417	0.07900722534136662	0.08187418742236575	0.1766459468604556	0.0642612635083401	0.11513989989772655	0.10290906791040344	0.18761774127530753
0.23479818056185114	0.0675800785374771	0.07344983965041621	0.14468070638653802	0.0643707155615855	0.09659571351419408	0.14448535624274858	0.17403940954518907
0.19114088626533754	0.07384725729493181	0.2290061784401633	0.13918572330244885	0.061329403519795184	0.09106877629320664	0.0382735725403512	0.1761482023437652
0.19447859021113195	0.07546479862711492	0.12936245636548394	0.1733055374052446	0.07232273471655709	0.11177197121926657	0.05364707924314517	0.18964683221205553
0.19050161669134097	0.07198680481265199	0.12609333717304458	0.15703501948046378	0.06539345760875531	0.1060699676371312	0.10875574574824015	0.17416405084837175
0.2487744302315387	0.06055458542736948	0.12671911047765963	0.16878069330935241	0.06436556299755963	0.11033811415697808	0.04765900127333532	0.17280850212620644
0.1959895072081064	0.07224396032373878	0.07337313197380584	0.15856298610683459	0.0755705691353797	0.11795023316839487	0.15128352887097277	0.15502608321276684
0.20877884738635877	0.05850053154550064	0.08875570657203793	0.14547974824629473	0.06435534879005608	0.09315114090227222	0.14661303888474614	0.19436563767273324
0.24433848981983744	0.07038175127122176	0.14463136566590237	0.16640885719665388	0.06739708882434614	0.09343325383560636	0.054669622059325754	0.15873957132710603
0.18573443966554234	0.07252282682987793	0.21676516753522496	0.13015812864898094	0.06931425435615943	0.10885920039992056	0.0306269416631864	0.1860190409011072
0.22104176850994323	0.07619847241398069	0.04800538763533173	0.14168645610687586	0.07802154789425578	0.11763181204063317	0.1466670357651643	0.17074751963381501
0.21245328277115982	0.06917390644729692	0.024763197988793326	0.16342718164254924	0.06161973602689515	0.12245782194249415	0.17768976559119473	0.1684151075896164
0.220756537824081	0.07640246852316138	0.14105634042543966	0.13777253812040186	0.0708667669358308	0.09338895344208491	0.09391437220383798	0.16584202252516217
0.2469887526083796	0.07530218531550414	0.10477960446324701	0.1714129793234242	0.0788868419830846	0.09508465172131478	0.04971477570491026	0.17783020888013518
