0.2749929216974645	0.08065519878879793	0.17538358103818735	0.19814776342743134	0.27082053504811865
0.21773172625142395	0.08486888088006478	0.21409677786093168	0.25731023942652403	0.2259923755810553
0.2223479373681752	0.08501256672863751	0.22408584766060902	0.26774743157955216	0.20080621666302584
0.24262805841148627	0.07516477471944864	0.1206201810734733	0.31939208951482045	0.24219489628077112
0.23121750913195344	0.08545769576311714	0.03295189792886616	0.36389975999203417	0.2864731371840289
0.2586367005226007	0.07424664394019376	0.1595978205997821	0.2817128572925215	0.22580597764490173
0.21958157142227877	0.07354362942444595	0.21005613051617392	0.28183243617729836	0.21498623245980278
0.19459888728415559	0.07093816022937457	0.30327219374490016	0.18138345855181429	0.2498073001897552
0.28013086851918934	0.06618869478987857	0.19941705161781023	0.22356204920371286	0.23070133586940872
0.2104384383042244	0.07912358156864838	0.14161557296529037	0.3370907760395876	0.23173163112224904
0.24236272044778284	0.0789554745689673	0.31362828558257944	0.10807035389230342	0.2569831655083668
0.24149122284236502	0.07883530429649227	0.18518371739678385	0.295147077830736	0.19934267763362265
0.23026148049389514	0.07803988879081682	0.026319415267448687	0.37811814523147597	0.28726107021636316
0.24975917803778666	0.08907726530788884	0.303933663502679	0.1582456986835435	0.1989841944681018
0.25927893362366194	0.09070790950521178	0.3115717873323848	0.14113641482424322	0.197304954714498
0.25549637736449804	0.09088751799306663	0.3056236489976868	0.1354644205496517	0.21252803509509657
0.20919151811048625	0.09095409858189353	0.05999822575475233	0.4378665008504984	0.20198965670236924
0.2060775505292927	0.09265375152146889	0.0983582733659338	0.38188288059641706	0.22102754398688731
0.2216129591694139	0.07791243793256647	0.029814651794781988	0.45243744519668616	0.21822250590655123
0.19634125218655904	0.07642187985018106	0.08957707331831792	0.3774760376556068	0.26018375698933494
0.2663325383796428	0.09535786051948039	0.08506026091532658	0.3318353696654147	0.22141397052013523
0.24178183580889812	0.09532263680528406	0.03240858456417603	0.404019074997082	0.22646786782455952
0.2670061005836728	0.0918712472718391	0.32660315444897386	0.09933937902441291	0.2151801186711011
0.24912032975931303	0.07075229162977129	0.31084007469870295	0.09923451994814468	0.2700527839640678
0.2837405452296775	0.07128051151034168	0.27465054629311797	0.11993970609906751	0.25038869086779514
0.2868787141589373	0.07528756459103873	0.14862317370295897	0.2721249192776403	0.21708562826942449
0.2860715164147364	0.08690824687787833	0.07895061980625276	0.30846734328983344	0.2396022736112988
0.2064062905919926	0.08054206887151776	0.26947814913239404	0.17244175864962136	0.271131732754474
0.28573901865384516	0.0799315977905655	0.2443434464509487	0.113847418501903	0.2761385186027374
0.21822256633016493	0.0926894753161827	0.32926058924239454	0.10878365836359123	0.25104371074766635
0.2037330745195962	0.09528473203869421	0.32992372592315894	0.13356740377046833	0.2374910637480821
0.20039399621020107	0.07570446823071834	0.30003823180525646	0.15641768827972097	0.26744561547410295
0.255281599961468	0.07300299372602079	0.1573292254631921	0.26476361316534813	0.24962256768397073
0.23902007828887217	0.06765779917571993	0.26061548384814687	0.1542295534033398	0.27847708528392096
0.2755632911203238	0.08367805741011064	0.13376939489445266	0.29839202102589124	0.20859723554922138
0.2620207178112411	0.07301249468607304	0.2596277278091914	0.19058689518754765	0.21475216450594656
0.21302665019482217	0.07384408052249072	0.292823849732828	0.1940137043263787	0.22629171522348018
0.20759695998791142	0.08447973449780263	0.2716852450751668	0.19775114000284505	0.2384869204362739
0.2434862985459455	0.0682968292894302	0.3280500576722235	0.14184225526390437	0.2183245592284962
0.21603893585585532	0.096097423346104	0.2897613669945465	0.16973197135124687	0.22837030245224707
0.23786214318592508	0.06525175621623897	0.08552583437165165	0.3877817519801646	0.22357851424601943
0.2562817004601561	0.07702849411564451	0.12796370801923013	0.34034103797791126	0.1983850594270578
0.24098336553525684	0.09339750021380291	0.031522759498496644	0.3733077437712823	0.2607886309811611
0.26308382562060817	0.06971729552978126	0.14217675696396398	0.3231219596909917	0.20190016219465462
0.20058988807348677	0.0661648860183294	0.038000549124703825	0.41838005134845846	0.2768646254350213
0.23929427926675528	0.06585584909971925	0.23440797244097056	0.2384945874458951	0.22194731174665955
0.24460732683364245	0.0960538879185807	0.2664681139531443	0.13010498951888982	0.26276568177574244
0.2917695315210298	0.07191563293317932	0.2582871756934717	0.17137466080271074	0.20665299904960813
0.2226419473506053	0.094320295925878	0.2225751511906553	0.1800029919020349	0.2804596136308263
0.2596782833154161	0.08046010654177846	0.2485689117380013	0.127036470671896	0.2842562277329079
0.2297783841424901	0.08404716690274859	0.3172960818950924	0.1473633834157186	0.22151498364395006
0.2833624061246654	0.08601761987012668	0.26663091751995094	0.12543441592909216	0.23855464055616457
0.2700334022878114	0.06786652868163212	0.2861729731657874	0.10547836610196139	0.27044872976280737
0.19915215443048398	0.09040100145256734	0.266462284447439	0.1626720796126415	0.281312480056868
0.1983149069095307	0.08639419961477085	0.2794158861361508	0.14686384429532578	0.28901116304422164
0.27037457602178117	0.09219675933191315	0.268054670380664	0.09045603923748445	0.2789179550281571
0.26899814349933754	0.08118299698516608	0.27045758335623904	0.1694109108779459	0.2099503652813111
0.267729476143156	0.09322026924954306	0.3273019196270304	0.1022104159695551	0.2095379190107151
0.2762319258204477	0.09615828835779214	0.1636229825972726	0.18225183851464308	0.28173496470984427
0.24686721546495885	0.07652102071370795	0.13071840665514203	0.30589358756588536	0.23999976960030556
0.2901122690789113	0.07633552909176983	0.27326648736445514	0.09740486984938798	0.26288084461547556
0.20319923142751836	0.08430515345966973	0.11777572412518088	0.3888118968832385	0.2059079941043923
0.23401367355304936	0.06757666847138777	0.09787399394768566	0.38696016085539847	0.21357550317247853
0.25153607545727474	0.07344159060088862	0.14833772495242686	0.2777111376804072	0.24897347130900233
0.21233580830491403	0.0918351330472027	0.04813454624556587	0.4452192339035673	0.20247527849874983
0.2292025584626715	0.07217170785776311	0.1679255853988233	0.32010870754814724	0.2105914407325946
0.21181474775863	0.0752871255261315	0.16397217767211375	0.341509011751856	0.20741693729126856
0.25747393041641653	0.07268584599503172	0.2510540510407775	0.1541693932938038	0.26461677925397015
0.24741837750354576	0.07828554746604925	0.17075199234901156	0.22634464889253536	0.2771994337888578
0.2637785329151817	0.09180557031446716	0.05482341296361204	0.3953447158518322	0.19424776795490672
0.2306047366125295	0.09532070812922724	0.10747302804915362	0.3192226805951488	0.2473788466139406
0.21684540351169418	0.09303989648018332	0.15062623684694806	0.26021766685224473	0.27927079630892954
0.22879772837018392	0.06646699506722054	0.14380997131023354	0.2951318639273652	0.26579344132499655
0.226386449376141	0.07361324574262018	0.1262794330430123	0.3566922234383158	0.21702864839991046
0.2353587646680374	0.08509116888142021	0.26487122128998475	0.20042397282210503	0.21425487233845233
0.23906199053411983	0.07431948456466608	0.19392389974309443	0.28291951444135754	0.20977511071676191
0.219622372286906	0.08155936512800241	0.11430492070351589	0.3707048807578984	0.21380846112367707
0.21079027518703444	0.07865521869939154	0.08156549764412102	0.3514054258011543	0.27758358266829847
0.2229738675035019	0.07871416225966499	0.1245047991479194	0.3532987458174416	0.22050842527147185
0.2564146565042594	0.09339557091513101	0.1341879309102572	0.2624687165837369	0.25353312508661524
0.2547054295166849	0.06513456730361655	0.10711608119505317	0.3253020576589713	0.2477418643256738
0.23733490469876106	0.08389301342953084	0.08377714154118732	0.37768136639277633	0.21731357393774423
0.27021710925853604	0.0781298064685345	0.1755559190269319	0.23892997912712902	0.2371671861188683
0.25436785962958514	0.09053886408818086	0.22157646568183592	0.21057126099595241	0.2229455496044454
0.28678564646638605	0.08991495285332479	0.17034750534835424	0.18406581533737584	0.2688860799945588
0.2549482627681917	0.07960962731575161	0.15380404060247213	0.25127367586025806	0.26036439345332624
0.26340770103303524	0.07961357976668781	0.13198949747414396	0.2599267054305262	0.26506251629560657
0.21461456610279372	0.09287364395085294	0.04938800858291237	0.36431945890761597	0.27880432245582476
0.24355484819107204	0.07258088128590767	0.2781314326760031	0.18911039552422707	0.2166224423227899
0.25138050754316843	0.07605239783669573	0.08648156963849572	0.3364142623713854	0.2496712626102545
0.21111878997984299	0.08030868283295113	0.15911171696587606	0.278899398091062	0.2705614121302676
0.2255009617834692	0.07196182754815622	0.09821892029363583	0.36499588151113405	0.23932240886360445
0.2740045498471575	0.07998499196728458	0.05291512097028206	0.3113147730895771	0.2817805641256985
0.28900197798859223	0.09335088893017728	0.22167802992192762	0.1600527578736669	0.23591634528563568
0.1960900489455643	0.07875376861707685	0.1988547832773608	0.27551914817831163	0.2507822509816862
0.2520966633218666	0.06968784210102588	0.04515356003526316	0.4124560772615824	0.2206058572802617
0.20136690382066075	0.06911719831455096	0.2297768443046223	0.3021773237401427	0.19756172982002307
0.22336066346660613	0.08423317299678042	0.20642694128448813	0.2095296124771758	0.27644960977494926
0.21639422106050202	0.08566244374108642	0.20304967848373834	0.2789313908534173	0.21596226586125572
0.2201060659353546	0.08640762131092962	0.18159286001882188	0.30496963399745397	0.20692381873743965
0.2751072538957906	0.08192476359054492	0.07048967938691728	0.31001370876902523	0.26246459435772174
0.2800153412878421	0.09234493504303029	0.10636557057172312	0.25304206438491234	0.26823208871249193
0.21192522501153704	0.06700483227717338	0.20017637057286689	0.3254386726618924	0.19545489947653008
0.20515001787458165	0.06533066792862555	0.17363230578605604	0.35764782683203067	0.19823918157870582
0.22583599022383885	0.06756530727985244	0.03759534021822805	0.38671006116196427	0.2822933011161161
0.2667519902639607	0.0920958893423008	0.16263098447093577	0.28000024922525746	0.19852088669754503
0.2012684869818101	0.09425177403255681	0.19975053593178524	0.25549436548070614	0.2492348375731415
0.2815435220877247	0.0814608959431493	0.10403773188024594	0.3100801906440561	0.2228776594448237
0.2649133136080051	0.07010760874053343	0.26844599682908843	0.19644920000283808	0.2000838808195347
0.24402753177558772	0.07791148946486945	0.05440535727991011	0.3475935501733399	0.27606207130629246
0.21234283682144395	0.07166156252447442	0.1981836612506186	0.30320727471335707	0.21460466469010575
0.22219858486913108	0.09428059180448987	0.17317967018085964	0.29026404670356476	0.2200771064419544
0.21245469161400077	0.08164665040808974	0.1698271592629739	0.26959482658358125	0.2664766721313541
0.24252773373143646	0.09552567552540984	0.09046133807456751	0.36861328440137336	0.20287196826721254
0.23178440173781226	0.07232059596890641	0.02515483029854912	0.46699686913070804	0.20374330286402387
0.25760083506671283	0.06870160993029706	0.1305772544802089	0.296405949387822	0.2467143511349589
0.23702670919284932	0.06842020829355974	0.08601814106090952	0.40931993696484237	0.19921500448783877
0.22948101418461758	0.0945743769036735	0.0667951563584468	0.3378809772567779	0.27126847529648396
0.254763673318984	0.08083502905838716	0.031432042618885464	0.3703952949754268	0.2625739600283164
0.2088602939057642	0.0669852302054155	0.21883599743360785	0.28149574368666097	0.22382273476855127
0.2047687716232337	0.08378641576713232	0.15122577926437253	0.26953322915755945	0.2906858041877018
0.23797161869299072	0.0812369577386831	0.20762834297783717	0.19602398636371365	0.2771390942267751
0.20004138402566835	0.07436653639784596	0.3124336245117666	0.1655859849431553	0.24757247012156355
0.29070998596614966	0.07814148277633179	0.18633569217381726	0.23498380844462174	0.20982903063907926
0.2405878102133905	0.08908169074702552	0.31714368082251754	0.11367189377218972	0.23951492444487643
0.24996748653825396	0.08937504865442633	0.26290723299552066	0.19734504799544625	0.20040518381635253
0.2708532241704908	0.08207000936086976	0.16070947738974906	0.2681352519544543	0.2182320371244358
0.20297470500316406	0.07531825991497852	0.2606055217648327	0.26222841875497926	0.19887309456204522
0.20550557684290713	0.06690517330302903	0.02715706085938857	0.44938882312170475	0.2510433658729703
0.21603788454337397	0.0766052222294923	0.052905594791915506	0.43003918020767673	0.22441211822754126
0.20054627307041079	0.09432747702689712	0.21064990239051598	0.23082241625803868	0.2636539312541372
0.22560028098472534	0.07603226791247243	0.14596241717787917	0.29196618032926225	0.26043885359566055
0.23761547100877098	0.09055603470742983	0.21970546837870789	0.16038071874388687	0.2917423071612042
0.267477361190103	0.09080243292932615	0.04039872328887403	0.4019513481569298	0.19937013443476675
0.28240638109460825	0.06587297773090325	0.1571435485888851	0.24166135343307002	0.25291573915253307
0.23940949991326055	0.07290693900907375	0.2625129161721982	0.1965230238361659	0.22864762106930137
0.2590468834422816	0.08047351120818774	0.18532297314179447	0.24080578478821038	0.23435084741952555
0.2808120902646617	0.08830667464682035	0.3122583269582309	0.09297619102103527	0.22564671710925147
0.19912049637828313	0.09043374464060057	0.2360517206659038	0.22092012588043286	0.25347391243477946
0.2011742291626672	0.07853796657767355	0.19102809613656116	0.30096106798795286	0.22829864013514498
0.19761378347641365	0.0793657994778683	0.10824513091809053	0.4169764019046718	0.1977988842229555
0.23538353252755323	0.09564653174038569	0.08632018374246678	0.31202772379519994	0.27062202819439407
0.25645492721765695	0.06859798066794193	0.028484038896830294	0.39542299848746987	0.25104005473010066
0.2831249433472016	0.07055550947840133	0.1375574026117649	0.2575257649361171	0.2512363796265147
0.26763029542541134	0.08446989313986374	0.26340438370257135	0.17810711424333547	0.20638831348881784
0.2084916812360216	0.08425286888118969	0.22024234279650423	0.20113524249368217	0.2858778645926021
0.22000037309917464	0.09447900508635981	0.3222521362924609	0.1069655828692756	0.2563029026527288
0.2912869828791394	0.08989861346118534	0.1481921328184094	0.2755773472873481	0.19504492355391745
0.19663581349693465	0.08589804375343821	0.25147023007402425	0.2478213561527456	0.2181745565228571
0.19741975216571703	0.06966225578773372	0.06360969592038443	0.44026135415499995	0.22904694197116468
0.24063443087547054	0.07287265288945569	0.09225039612806124	0.31646307016111697	0.2777794499458953
0.20197144749055324	0.07639188743632436	0.04110045432654241	0.40589249268929223	0.2746437180572875
0.26575601861343295	0.0713300203140676	0.13275038247456733	0.3232430601810399	0.20692051841689207
0.263197006450893	0.09560508147339392	0.11728835900145893	0.27463604345233794	0.2492735096219159
0.258987872557625	0.07451725948253582	0.11171264970280649	0.3469628179177305	0.20781940033930196
0.25177042701359303	0.07045880765246626	0.18990081574531878	0.29234469338432895	0.19552525620429273
0.22486490231073414	0.08650222107360955	0.24094721636740962	0.23244800179372918	0.21523765845451726
0.24459170249207096	0.08075629976873282	0.0707534640031231	0.33175698157343453	0.27214155216263836
0.2058128473519198	0.06918714726882955	0.2159749288308704	0.3012530285283166	0.20777204802006344
0.20417393160860584	0.08491835827503927	0.10908771000159515	0.37427494221196606	0.22754505790279342
0.21876380753607697	0.07048497139042179	0.041290036433965255	0.4500677227031698	0.21939346193636597
0.27191367432183045	0.08379881660673599	0.21865316536857538	0.1521147527079556	0.2735195909949023
0.223353940954879	0.09555311620253694	0.16123200080791444	0.24996519338781148	0.2698957486468579
0.27099568731788404	0.06737835764013056	0.13411496126688133	0.2449303237410946	0.2825806700340093
0.2780895634073752	0.06677598128883183	0.10040290495205939	0.2796231962177475	0.2751083541339858
0.20000171773464337	0.07742433101167193	0.18871100861846854	0.2726411965930103	0.26122174604220566
0.20992756217770409	0.08157495138833172	0.25364917454122243	0.25953290005217156	0.19531541184057
0.24652767447962703	0.07960278686231899	0.15165126853116273	0.2321762813427682	0.2900419887841228
0.2494876289546346	0.08350886143364562	0.2921128777952263	0.10727608188387659	0.2676145499326166
0.27642206018236043	0.09425239579699769	0.2219991477456127	0.13498530063481812	0.2723410956402108
0.20764890130650915	0.06602682374340399	0.30598795621259883	0.16790265345736644	0.25243366528012134
0.2632074655572382	0.09567378653999038	0.09872670474310893	0.2592863702940612	0.28310567286560107
0.20401506227206506	0.08147270872090125	0.052648950234536085	0.44091538899642113	0.22094788977607624
0.24870098011791975	0.08893803653647672	0.2938133161515216	0.08242597066939905	0.28612169652468267
0.19803484019678863	0.0961816235701177	0.29130680605232107	0.16372469987940247	0.25075203030136994
0.26327116168464476	0.0660525183188605	0.3288740857872563	0.0897590497126239	0.2520431844966143
0.21731985703052528	0.09072554187584872	0.0882707036320553	0.34229636618182424	0.2613875312797463
0.20930015827904952	0.06593077758962676	0.2743309038199697	0.24141381407181112	0.20902434623954264
0.23008772571489564	0.07666516810777664	0.1442448585513174	0.2817891251500776	0.2672131224759325
0.21760978639628137	0.06683416716038676	0.22261140352471254	0.2546973228407114	0.23824732007790775
0.1978127787027719	0.0688341047897984	0.07645883952978752	0.4319858202136958	0.2249084567639462
0.23926825651605121	0.07465757245281918	0.0760705763669288	0.33143463298854703	0.2785689616756536
0.22461378721732772	0.0778807803107892	0.2357892749997722	0.2130806539296996	0.2486355035424111
0.22004676514490482	0.07568022259407851	0.08151869750664205	0.3961219608116596	0.22663235394271475
0.24797355398685617	0.07596755596412741	0.1070520401054661	0.2870754831834247	0.2819313667601253
0.2547904449805358	0.0786459646727171	0.07484199443936176	0.3230654597934483	0.2686561361139368
0.24457336326787182	0.07444761848077958	0.09115087866767478	0.34913112523892	0.24069701434475357
0.19415127072632424	0.08028938382481655	0.12104433675012526	0.32558869593293954	0.27892631276579416
0.22892818320855232	0.07874446027059444	0.03293880729085852	0.3937311636991915	0.265657385530803
0.223147404066816	0.0740858239643159	0.12228571999989514	0.3117978378549101	0.26868321411406265
0.22228653524743922	0.0794298393445012	0.1910277935806052	0.2782262805627588	0.22902955126469537
0.2891945537871661	0.06898930499965253	0.11977614163789324	0.24252139269685058	0.2795186068784373
0.20728017661912804	0.0719810802920578	0.3252633734402275	0.1256525639432225	0.26982280570536393
0.28025276749125283	0.06877322088261037	0.2663248120290627	0.1704426012913683	0.21420659830570551
0.19740775362630192	0.08815147844262508	0.3121449667060174	0.11772393260106231	0.2845718686239931
0.27654198073909636	0.09066235010763084	0.032598048169599575	0.35150010015615185	0.2486975208275211
0.2062034824988908	0.09071179289888834	0.0876765048469492	0.326160829681161	0.2892473900741105
0.2918883325041678	0.07224351199421086	0.061267896554748125	0.3485997998117647	0.22600045913510827
0.21062382501065993	0.08650007328497508	0.06937263456271528	0.396171952169461	0.23733151497218852
0.27353520009287974	0.09039884269489508	0.25747426113859145	0.140019836390589	0.23857185968304448
0.2662037639534186	0.07377360976331945	0.29679528052775256	0.12398980696779131	0.2392375387877178
0.24049829473049056	0.08413242189933437	0.25367108849227554	0.15264621092490885	0.26905198395299046
0.1956296851155905	0.0680891956931258	0.2900437398287031	0.21649759068979715	0.22973978867278325
0.2690503310877722	0.07481278796165605	0.16217539004326023	0.20196258133362527	0.291998909573686
0.26371556749466846	0.080866833641739	0.25303983933547236	0.1711053749759665	0.2312723845521534
0.2514388303679175	0.09612413769977934	0.30226628101708314	0.11758995564796206	0.23258079526725772
0.21432845380684173	0.0755729444337308	0.13630718472894868	0.37630650899821017	0.1974849080322684
0.25504490538376484	0.08414941843080292	0.13609530890228128	0.2926312571712922	0.23207911011185853
0.2723805167015028	0.07359037323682338	0.07956126338866831	0.36210468061725753	0.2123631660557477
0.20284022752740358	0.08294646175972377	0.05129897287119381	0.4398297062266836	0.22308463161499506
0.25717866671781076	0.07287155229787459	0.06334246240632885	0.39395099764195496	0.21265632093603065
0.2654919256732695	0.07850979377993375	0.037085180616530766	0.4187112473486449	0.2002018525816208
0.23304742701280234	0.0678874661329219	0.08028901095605559	0.3715000501901792	0.24727604570804068
0.22441982386336143	0.09448251292304848	0.3226136140883939	0.11006276259535633	0.2484212865298396
0.2045147665403265	0.07068259888771386	0.28047351667948994	0.22891322046759122	0.2154158974248783
0.24234491453395787	0.06788433651385886	0.30713812705263405	0.13719076195159352	0.24544185994795542
0.2673591950937434	0.08067128806680134	0.30169572235591247	0.08193706297994037	0.26833673150360215
0.24659698980403866	0.0950108093098111	0.2774556970600638	0.1847622529044911	0.19617425092159513
0.2742791342754142	0.087311467178012	0.12649901766499905	0.29211100836098636	0.21979937252058804
0.2565688953113202	0.08428193072089904	0.185991935698443	0.24870169354318133	0.22445554472615617
0.291385889204472	0.08006057373926542	0.028350315820395988	0.36010243391178876	0.24010078732407752
0.24306538558721	0.08851445236420326	0.10931757977916277	0.2852233609014563	0.27387922136796744
0.27390486957488047	0.0958738312286781	0.04780095536376003	0.3190949269188079	0.26332541691387323
0.20741278803795582	0.08049797984835041	0.12083941808096313	0.30146197245268663	0.2897878415800438
0.27070235297858014	0.07479344220060774	0.24007139027972468	0.20143486701993937	0.21299794752114778
0.22716880539301584	0.09196462743367799	0.08086028253279072	0.3953911866212625	0.20461509801925273
0.2657900783147644	0.08521994526733598	0.17864264186253392	0.2277602045180345	0.24258713003733093
0.2829661255252824	0.08649169407961584	0.2469386309176162	0.17067442966526036	0.21292911981222495
0.19585065905226046	0.09177390885697218	0.22308940136700542	0.2761855243602215	0.21310050636354025
0.2913454798544729	0.09192170306534377	0.324768009513881	0.08384892196399772	0.20811588560230435
0.2339612915200052	0.08959080141556443	0.321525639021767	0.10144920767942157	0.2534730603632416
0.2871050765192603	0.09292601630009138	0.2779664798220428	0.11173556622641545	0.23026686113218978
0.2466551283976304	0.0657888460446521	0.30010245514258516	0.12591368033976144	0.2615398900753707
0.25980134613269446	0.07200944841556584	0.18264923573930164	0.2836201763410378	0.2019197933714
0.21982338173739802	0.0954548801076027	0.20352271795499363	0.27904757114965806	0.2021514490503473
0.2675989716508948	0.08674613785752493	0.206143566342739	0.20732873063600177	0.23218259351283926
0.26174483842083573	0.07962679050410831	0.1990368369649086	0.23268256997841488	0.22690896413173223
0.1978862865350866	0.06831444366528797	0.19134757463126995	0.3311151020376679	0.2113365931306873
0.28449241131481445	0.07021296219551743	0.1870102154774762	0.22407468923626084	0.23420972177593083
0.1989932039903151	0.08420827415118924	0.30612317317093524	0.19159871605409684	0.21907663263346336
0.20113171757745402	0.09202864653886028	0.24321052592072712	0.2439448536516659	0.21968425631129246
0.2724230687220498	0.07712619556871479	0.08052070446457156	0.3686144219908888	0.20131560925377479
0.21984275491495087	0.07647097971091216	0.292699418748637	0.13677471621251625	0.27421213041298353
0.25154832903226787	0.08960182086491672	0.14812522541916662	0.23011221274535013	0.2806124119382984
0.26386859532685414	0.09161967727838063	0.22264216064482778	0.22004020004859093	0.20182936670134627
0.19971794089003284	0.082231454150537	0.23441843647096766	0.23223394496437066	0.25139822352409164
0.2670934999754872	0.08669660916930315	0.1876630796995584	0.2582644727305405	0.20028233842511053
0.26279758184095103	0.074752636901879	0.2883396631035905	0.140415300283162	0.23369481787041727
0.25447621129591247	0.0672739246848327	0.29663145432651816	0.14315554380712409	0.23846286588561239
0.2631486993912725	0.09362246382430665	0.06699020300532735	0.31440384959872064	0.2618347841803726
0.23023649480494385	0.06997391520552404	0.18784027425780475	0.23166984127628248	0.28027947445544465
0.28419936550199776	0.09407040904550557	0.0933700543737841	0.29455563842825294	0.23380453265045936
0.2238606854518233	0.08779522825291523	0.047966078223792036	0.3907549267992919	0.2496230812721773
0.20866714911944614	0.0875519067309526	0.23306671496307996	0.18671958893333646	0.2839946402531846
0.2787529642052655	0.0823007079153971	0.2457515356099714	0.18331982418425824	0.20987496808510742
0.2559283079907119	0.08236886535523369	0.24421899794941615	0.12684945391215396	0.290634374792484
0.21570784590953734	0.07766111130914351	0.3243243385553146	0.13602994519600056	0.24627675903000368
0.22584609173332434	0.08532933233772122	0.2508972779288665	0.15546401301028212	0.2824632849898056
0.29213331915912233	0.0772012741504306	0.31607832911123424	0.09407307866108476	0.22051399891812773
0.25677063806005956	0.08544699178191995	0.25677520434610873	0.12258026728470135	0.27842689852721014
0.22123522765085257	0.0893516873939905	0.14591620662688576	0.30289973317244123	0.2405971451558297
0.21954383663117052	0.07820047958267429	0.29212804404660897	0.13329602937931512	0.2768316103602309
0.24395778291229386	0.08740651911982354	0.14677949452333927	0.2352459976311933	0.2866102058133498
0.21774615156497737	0.08412316975796513	0.2055103563950615	0.28428111796209227	0.2083392043199035
0.25145267721960946	0.08203206599215325	0.21822286106783162	0.22679597216864042	0.22149642355176502
0.23137430430762163	0.0659330762570236	0.20907551828271723	0.2866835289771651	0.20693357217547223
0.2914288545724866	0.08538904522165339	0.1018839650539223	0.2747860609221536	0.24651207422978386
0.28471594888499097	0.09210604910707434	0.20586077506106543	0.14531900258428063	0.27199822436258836
0.21387245608152752	0.07675455960545988	0.25981731502050276	0.21700443054729696	0.23255123874521264
0.2072054163296521	0.07852419512652856	0.30417867195947645	0.11887896619099755	0.29121275039334515
0.21374416124537055	0.0669275113719319	0.24174668271874677	0.27675906557676244	0.20082257908718815
0.24918887431019837	0.07141937039546964	0.3017762237727395	0.12244049353295852	0.2551750379886337
0.2108617418631946	0.09471094787204808	0.1834493214613541	0.28204281205986537	0.22893517674353764
0.20223878282749314	0.09245020059449777	0.27056314706656065	0.17366906595570786	0.26107880355574037
0.2583930791184262	0.07003468625811302	0.229778902875659	0.17366041319633269	0.2681329185514689
0.2634252790890022	0.06884289678474079	0.1446386048660606	0.2970491237365185	0.22604409552367766
0.24553294618537003	0.06761127476213794	0.21338801831104937	0.2299421568088613	0.24352560393258116
0.2313244077925448	0.08766287962743038	0.3277688521576093	0.12704299623818546	0.22620086418422977
0.2673206778490348	0.06940304236210151	0.1148811157880975	0.34315878484375595	0.20523637915701004
0.2570233147023136	0.07321290804861622	0.043733451276423835	0.38639278763973967	0.23963753833290646
0.2198707935485264	0.06648313048168403	0.2546014455140103	0.18524314548612508	0.27380148496965395
0.2686153588675466	0.06780200123609559	0.29994972260136793	0.11254706682131624	0.2510858504736734
0.2208215745840578	0.08056261872193309	0.2685846510067774	0.16609589420474413	0.26393526148248736
0.25355058389319757	0.08355123975973616	0.30632531544345715	0.1473430363321272	0.20922982457148165
0.2631374610737706	0.0674298670292677	0.2208196334361638	0.1710304517148264	0.27758258674597125
0.1993305898332507	0.09255709108867118	0.12818934592920406	0.3181068873169304	0.2618160858319435
0.2296179009152175	0.07676723964983913	0.04645563991782062	0.3940879876083868	0.2530712319087357
0.24039985683378465	0.08914824741227372	0.11752740376186656	0.28861720070792735	0.2643072912841475
0.27577975422819473	0.07470344290328779	0.1714876309363344	0.24097955859653172	0.23704961333565105
0.19479102450092106	0.0811582410276079	0.04220418896529962	0.41359810235446826	0.268248443151703
0.26656501166541546	0.08251947643681296	0.21702612417337516	0.2029523869077552	0.23093700081664098
0.20083717271053528	0.07101738189893422	0.1439508874241489	0.2974584752225214	0.2867360827438599
0.234576681920598	0.0694676444445467	0.24327146042257322	0.216889112443751	0.23579510076853083
0.261577080022689	0.08545269455151398	0.17717756319753059	0.24615403650375978	0.2296386257245064
0.2005549878669846	0.07483351703525237	0.15676006096018974	0.3389993886109748	0.22885204552659827
0.2776156600551898	0.06638812568828553	0.12495711606999119	0.27939746571163626	0.251641632474897
0.28382811722191614	0.09250457360659334	0.03920495477128902	0.3778375538001655	0.20662480060003574
0.25654072064434114	0.08833764386592718	0.19876911026059554	0.18458131532477254	0.2717712099043633
0.29203719525277905	0.06695577637238834	0.13846589902681677	0.2828985655464817	0.21964256380153382
0.28210994535269285	0.08138284498841254	0.05916016851951275	0.32991570553685845	0.24743133560252317
0.2282250359260427	0.06807409962657818	0.054735888047594466	0.4410117859678544	0.20795319043192995
0.23653567040575788	0.09244579295226134	0.1902007727781555	0.2388735303671532	0.24194423349667182
0.21811365192433477	0.08296151800040823	0.3297934588386271	0.07972047914837997	0.2894108920882497
0.241299235840986	0.09029586891717303	0.24143771375167497	0.13871578626151043	0.28825139522865534
0.19482709684968907	0.09600980496369463	0.2929868831259101	0.1399447262534637	0.2762314888072423
0.2603437042244474	0.06892929688464072	0.29158532370518375	0.11277024711677862	0.26637142806894926
0.2883037580003732	0.07096443193381319	0.2604873975772909	0.1669472561316892	0.21329715635683322
0.23879016871682646	0.08827719870935809	0.07251051884862694	0.37216615605533454	0.22825595766985374
0.19708432172118248	0.08900592205796315	0.19194958901785047	0.2555515311647235	0.2664086360382802
0.23370963283582605	0.0690511433611053	0.2163851575846657	0.2575650719403039	0.22328899427809878
0.2533060825061152	0.07766822776972983	0.08337108779885655	0.30804750083082183	0.27760710109447634
0.20731788672029344	0.09625523385224824	0.3091304282715637	0.16112132695203024	0.22617512420386415
0.27716286407094837	0.09493871878763546	0.26822635746352685	0.13202275176789285	0.22764930790999616
0.2172047503923536	0.07602272983084864	0.28647046084835975	0.14767483850878116	0.27262722041965665
0.25651242988805295	0.0666056660121295	0.20472218945881457	0.20496913690895907	0.2671905777320437
0.22629256998384428	0.08928365056655108	0.24581516117268626	0.1969685705212751	0.2416400477556431
0.21407233074636015	0.08217916978644493	0.12922924438843073	0.33133456477400536	0.24318469030475862
0.20639056924437288	0.08676226676726831	0.17420869348947432	0.27979615517192563	0.2528423153269586
0.2806611954204581	0.0916740645865407	0.19604573660481497	0.1703774449122774	0.2612415584759085
0.21009103730984535	0.08107612207929284	0.2537386732500157	0.1625289614093106	0.2925652059515353
0.2812485476563683	0.09257716819081546	0.31437982017350347	0.08249442623975817	0.22930003773955437
0.21707095393536022	0.08299699114026454	0.2938147411714166	0.1811121335148835	0.22500518023807495
0.25752050285518585	0.07225671626215918	0.08840200092304719	0.3306031428335983	0.2512176371260092
0.280906834548572	0.07641138480852289	0.16453106841988863	0.2253667083917271	0.25278400383128913
0.2910983397784054	0.06932636629027386	0.07909280192720115	0.2993644700081495	0.2611180219959699
0.23547628975761242	0.06951806773344871	0.08915007342939799	0.35800631544721406	0.24784925363232652
0.25733999513175976	0.0895048690255756	0.10542863785895436	0.3193882695222729	0.22833822846143711
0.22466797199341498	0.0910359575091172	0.17942925843452173	0.2723503873450031	0.23251642471794273
0.24335932560916113	0.08344759255514717	0.06981035919502293	0.3419325287534092	0.26145019388725926
0.2224440676252802	0.06797095970714312	0.10875998262757819	0.3296628987510778	0.27116209128892044
0.20864579355014984	0.07931266307155486	0.19170719434444689	0.3105531703755436	0.20978117865830462
0.2730412386652346	0.08088266461147701	0.04638044449024792	0.32262659059471677	0.27706906163832346
0.2340893073099233	0.09324009810402151	0.16204429100824075	0.2875525633852401	0.22307374019257406
0.21398225269381282	0.08227516060955911	0.18733216770804212	0.3116609186754433	0.20474950031314243
0.22493858753918208	0.08509657960953211	0.08793972835149001	0.34573689799485374	0.25628820650494183
0.2230953363735303	0.06674839461714516	0.11422088580779535	0.35016771268816194	0.245767670513367
0.2768774354290741	0.07650594452908559	0.046583170623002906	0.4003473924847874	0.19968605693404967
0.2867158998194686	0.08738178250291406	0.1811821668068317	0.22811122074086168	0.21660893012992374
0.23214973055801838	0.08837742363115886	0.14696965136078916	0.3124972702962257	0.22000592415380768
0.1967656433799451	0.07619896076956224	0.11139117624131781	0.38412701614301165	0.23151720346616295
0.2820669944931119	0.07523456552684563	0.2608325049389868	0.1658136929605329	0.21605224208052248
0.2574141053199869	0.0670160810759167	0.15412466256055848	0.29062693834534836	0.2308182126981893
0.2666134054909819	0.07828535803604485	0.11101024911186856	0.3493103714928464	0.194780615868258
0.2891403981058036	0.07990558534138749	0.02184652665069889	0.33908651427743786	0.2700209756246718
0.21164001479789893	0.0731985022241605	0.06834227921710276	0.42063415454180525	0.2261850492190324
0.25243838031402277	0.08285895650155832	0.06013090052230352	0.3658127812775526	0.23875898138456259
0.24987297142155435	0.07412804908411894	0.05883096508414379	0.3666042932568738	0.25056372115330877
0.21461878384531363	0.06998959056916265	0.06192471291195792	0.39828794164923975	0.25517897102432585
0.23525475082317487	0.08354256631523288	0.1262439650591798	0.3238158085634085	0.23114290923900366
0.22206271965389496	0.08395871072154565	0.12906138800184375	0.3194080261591885	0.2455091554635269
0.20699212895531288	0.08710510008890326	0.08631435422590503	0.40604528096083337	0.21354313576904518
0.27595376676096317	0.07772040057707161	0.3116744771775616	0.09074028039036378	0.2439110750940396
0.2667047297944638	0.06889774456371581	0.17762818177426548	0.22337764127407073	0.263391702593484
0.28468753188336937	0.09321487192317704	0.2715070864716945	0.082416887368271	0.26817362235348785
0.19590375311229222	0.08712137720980508	0.20669883922669613	0.31504458806754987	0.19523144238365647
0.19987665409506353	0.07519898324860828	0.0742274764603692	0.39513139417240184	0.2555654920235569
0.28388178830582017	0.06862106951680311	0.030651788490756754	0.4110085940323869	0.20583675965423281
0.2821178593852926	0.06945769651016218	0.030487063992864355	0.3835670121840643	0.23437036792761629
0.2174267893857474	0.07840892628056617	0.054906141604009695	0.36177363630866716	0.2874845064210093
0.26950837333901423	0.09082171668972008	0.09634939460446164	0.341471788271838	0.20184872709496582
0.21035445170655137	0.08706699682421519	0.1515381436123998	0.2761637176869865	0.2748766901698469
0.20735872491933222	0.09318749203610273	0.3282840272019004	0.12054500207252557	0.2506247537701388
0.21590624704550818	0.08872282853268108	0.3115523806101096	0.09323380433162949	0.29058473948007135
0.24737783862494941	0.07987338020627452	0.2860269402880708	0.11960790839380965	0.2671139324868954
0.25281664102177603	0.09383016245107255	0.18901701856053857	0.20110937353154476	0.2632268044350678
0.2087603032964796	0.08585028259804918	0.2853818498101513	0.13347101065478323	0.28653655364053643
0.20845235206555937	0.08857252079114658	0.22154647766765764	0.28146245735171715	0.19996619212391906
0.2248361455941741	0.08940210832741495	0.2414939703810322	0.1601396044763722	0.2841281712210063
0.21576318033278258	0.07784667854684157	0.05041613034304754	0.4283522024381601	0.227621808339168
0.28239345933162163	0.0753170596311524	0.19650026311699936	0.24608917251146709	0.1997000454087593
0.26228582278860624	0.07318965088880555	0.23186325915005052	0.14451855984922413	0.2881427073233134
0.2725992231097865	0.07271750432243038	0.21285551314167367	0.19947204718784523	0.24235571223826394
0.2494206406969527	0.07392886403968524	0.16526908628415515	0.31171824443473384	0.19966316454447283
0.28349346648330576	0.08941118060944475	0.23305472412803413	0.14491024934976632	0.24913037942944877
0.21871483163717675	0.07959541748135035	0.09134994649776146	0.32156919096973047	0.28877061341398075
0.23596604236297364	0.08868849713236944	0.05316024819914367	0.32951856911287225	0.29266664319264074
0.20739164261155885	0.08797784965751658	0.24418240583895062	0.1881761269244589	0.2722719749675148
0.2306468512920918	0.06830909130289972	0.16157909518526598	0.25619525759425876	0.28326970462548345
0.24497152410819592	0.07923602682504477	0.19016318273718383	0.27038173254820014	0.2152475337813751
0.246839142185093	0.07924165345637121	0.03948920531715894	0.3997585218004847	0.23467147724089188
0.24493465026342082	0.09541359828770593	0.08255091103258069	0.3804909880923928	0.19660985232389955
0.20586743147087114	0.09331402681099867	0.11354898710743987	0.3750712583037596	0.21219829630693046
0.20858683200361952	0.07450879241317854	0.13297268875475426	0.2985522022180367	0.28537948461041074
0.202462210219553	0.07154441476352122	0.14882127650573662	0.3418584651688625	0.23531363334232647
0.24440754847149787	0.09287639263125416	0.03589984371260871	0.37559549438212136	0.25122072080251767
0.20393752403642956	0.08836566715497775	0.1802212153000635	0.2648341356833973	0.26264145782513165
0.23186015300120413	0.06998088643788594	0.2582239573499996	0.18407328645338814	0.255861716757522
0.23659695996558958	0.09495384650277783	0.31588868799126674	0.08407882332155361	0.268481682218812
0.23772286803522835	0.08454167368829245	0.2950235416881797	0.09022331246523572	0.29248860412306354
0.21022829683588432	0.09407251691528044	0.1328860968308273	0.32025004940717383	0.2425630400108339
0.25399625375982166	0.06610281463075826	0.042781373980365606	0.3878465883786467	0.24927296925040754
0.22173298378272407	0.08802809060788247	0.27029689363755083	0.1765218447554957	0.2434201872163467
0.2007026385442737	0.07199445641617949	0.22703412528807912	0.28775497975335973	0.2125137999981077
0.28451788936647604	0.07471192101702429	0.24388161296200442	0.15972622618004453	0.23716235047445045
0.20132513638247757	0.09451288561671647	0.33055715508865957	0.15285187358134894	0.22075294933079725
0.25590645997452055	0.09123175226539589	0.21646120126430987	0.2265817070701867	0.20981887942558672
0.23772392957835733	0.06979943877653591	0.22570672389085844	0.24202450207170012	0.22474540568254797
0.21682906453733947	0.072860379085746	0.21137706850662596	0.207606669076121	0.29132681879416733
0.24589855370871827	0.08942288130438772	0.24741040449549606	0.19590394145995887	0.22136421903143882
0.21486685097885466	0.08903695708814134	0.20577272739429606	0.2803297758873231	0.20999368865138462
0.2523974075049466	0.07802338840373284	0.27309581873310773	0.15772880945416665	0.23875457590404592
0.26684670303788294	0.06814153807214166	0.049280532123708504	0.34056164894628466	0.275169577819982
0.2100718177805159	0.06996541939333564	0.08873666163503666	0.35929162550330235	0.2719344756878092
0.21157519458295987	0.0903454509215577	0.15312578343921496	0.29205130282793645	0.25290226822833084
0.19642900113517023	0.06645051338329186	0.18285607687470842	0.30016998267736605	0.2540944259294632
0.22733574015735036	0.07319660473147668	0.06342507980280448	0.3475216277806433	0.2885209475277249
0.2566112967910214	0.06639278266788176	0.05288038397186981	0.4149880938582321	0.2091274427109946
