0.052698483519142934	0.028638922723712587	0.129710114464182	0.1876603553421881	0.0452239450621788	0.18408826366430844	0.1068935555738758	0.06427244831624694	0.07807050581353729	0.12274340552062699
0.025490418302033815	0.05242515553599095	0.1565550251381224	0.17400049540971763	0.04224821021624773	0.1540650521623596	0.09052495887561576	0.0756867686829009	0.06816816840424567	0.16083574727276562
0.043225653415197185	0.05130189184670436	0.06505222077183041	0.13356593868594896	0.08501108154298394	0.18279524756075	0.1135133766904422	0.0485049307002928	0.100998760783838	0.17603089800201216
0.02643840655419384	0.047865792243708856	0.12403058080974777	0.14553084033864977	0.05540684214332237	0.23840661841588023	0.11450136630138154	0.04512258835955279	0.007006434985069254	0.19569052984849356
0.0501307374398738	0.027736937716063503	0.06654479048017548	0.14012413416444353	0.09492924445457399	0.24197225287418989	0.11651510653331604	0.06445287572278324	0.01393840993890387	0.18365551067567668
0.030819378009062245	0.0481263622598678	0.024764847260814127	0.13326595391067922	0.09166318091151386	0.2417587620907959	0.08075923078215647	0.06975142516149122	0.13414480458590938	0.14494605502770974
0.04615685916578835	0.04921202653251806	0.07802798645293008	0.15280564526514928	0.0963833550034713	0.17756139434423474	0.1120429980804038	0.05808912194496592	0.08263903415854564	0.14708157905199287
0.035792669646066255	0.04789915550590616	0.12481594483665912	0.12641164540974256	0.039517652210938184	0.20704938123205557	0.12663794816733664	0.07355197473540354	0.05743842742706059	0.1608852008288314
0.04678614741436769	0.03846200657617108	0.056656899597521994	0.18252570230607906	0.05722449785481056	0.17472036903431537	0.13320926500877725	0.06208308905391377	0.056421966348277654	0.19191005680576553
0.04020994011672416	0.044039890513687834	0.15619517128465663	0.11600733817243984	0.06939581643597816	0.1668776502323649	0.08076738538091553	0.06331412576855905	0.11141280084399656	0.15177988125067735
0.023354377716076985	0.053049961845721076	0.14206119329188355	0.17513438987716967	0.05455025078601012	0.1597191604204412	0.1202180928456643	0.06155104854885106	0.08623777710602988	0.12412374756215215
0.04894703706908307	0.05500596099623536	0.15089232835457583	0.14219945725447214	0.061477498207873994	0.14978148520756207	0.09095454723219358	0.07565905207796081	0.04442779271603446	0.18065484088400868
0.029163717260436137	0.03345050393044667	0.026813215187704145	0.15850813624184593	0.08649249078558477	0.18543473849893327	0.11010118670739781	0.06385527371589297	0.12743409824635676	0.17874663942540153
0.039821346686288235	0.05396775603276759	0.15939816719833877	0.14578339830056744	0.09546482527468075	0.13600313382269502	0.09682740816195837	0.06960615373758575	0.06049141580233657	0.1426363949827815
0.03576606531248837	0.03033315688013967	0.023297803194794478	0.15696503730009576	0.06545116549450984	0.22393227524024842	0.09513930748040393	0.0696974051263772	0.12903481510641257	0.1703829688645298
0.025856203950531467	0.030000482046513205	0.040803372518789016	0.12488427294949188	0.06462900905556143	0.25251490313580804	0.07974751667922014	0.07074398618114769	0.1421174531782538	0.16870280030468338
0.046668742409985184	0.04492962034312184	0.06060840427492667	0.17590021954194318	0.09061052495478972	0.1682069447227682	0.08343246643324982	0.057877369838418125	0.11988773263182824	0.15187797484896903
0.04979874250617588	0.03466663301060999	0.07793906129037799	0.15359490748288943	0.03881730062617759	0.21076869882968619	0.0912850670270879	0.05789931969306344	0.10862860831686305	0.17660166121706855
0.03486366242082964	0.04798962555401622	0.08982705503818836	0.11425731824435839	0.10162670366020526	0.161187190695641	0.12822233246331702	0.06144267340521499	0.08872281855625014	0.171860619961979
0.027347441550718818	0.04282471986738215	0.07137307919796186	0.1372635173022198	0.04552072367863791	0.1720630617494684	0.09881670373102613	0.08065978512327605	0.14716517872392765	0.17696578907538124
0.041231619499150954	0.04019448709675215	0.1585074849976693	0.15569106253322884	0.06735833753229778	0.19777253611598677	0.09693710125557596	0.058937885552660135	0.050613326322531974	0.1327561590941461
0.025672605741340337	0.04005872291787541	0.12268498483553765	0.12439216683931398	0.07933228802731361	0.18427824052453878	0.1303266289108009	0.05181299058493786	0.09855046303871952	0.14289090857962194
0.05094398129063343	0.04857343457668609	0.11462142497470443	0.18782610544085176	0.05179816757545882	0.1315105571913786	0.12585882046727745	0.07036314974726154	0.04597657213604217	0.1725277865997057
0.04677578676785371	0.04391701961015436	0.13972365051910224	0.18916253821853657	0.05281125855988956	0.14054705576189866	0.09353579646030495	0.05768392606130731	0.0809193354834926	0.15492363255746006
0.034232992687392605	0.05190623273358058	0.11208558838059937	0.1518746594607658	0.05921417970753734	0.18752961484196773	0.1231698856201884	0.04402980621973919	0.04489290647129042	0.1910641338769386
0.026683272241646197	0.039896580331584885	0.05217776744126568	0.18234970028277595	0.0454861932716322	0.250505807481718	0.11009929598440212	0.047329718782257724	0.07473064795754811	0.17074101622516913
0.04710897595340245	0.04670194142840984	0.06452696067726654	0.17981684093413225	0.06357957309523164	0.19648754729924814	0.09990457441325526	0.06398599655513465	0.1052220788547278	0.13266551078919148
0.034278508478976635	0.03983009713192716	0.1725463092554767	0.12055788209907005	0.04161560851762481	0.188728138961691	0.12863818821510076	0.057044036668123875	0.07418731546178664	0.1425739152102224
0.0456927779406261	0.05524281759078356	0.07565018739405294	0.14580531679903586	0.0880594756282362	0.14387646315460773	0.08753250996878323	0.07220900013794229	0.12476198911326311	0.161169462272669
0.029545405050658155	0.037895425457761284	0.1965630331674506	0.16375604166301222	0.09177720530902371	0.19254497740381987	0.07476733357358262	0.05644750818592094	0.014620028645402086	0.14208304154336848
0.039062986940590114	0.03127208666821715	0.18815678095636304	0.1118942166184031	0.05306161225034872	0.17495584972016434	0.11848699175278068	0.052409597852775894	0.08600208330562571	0.14469779393473126
0.023955923502095036	0.03817645467336053	0.0647049877845175	0.18882009433389307	0.09667917202386964	0.17198219211919455	0.09534007442721021	0.04877493823775821	0.08319424411968103	0.18837191877842027
0.023748385856626156	0.035666532482028945	0.035432312964898974	0.188876618862388	0.07773172235995127	0.230447537236875	0.10112181684721595	0.06391193578920781	0.04909581642660904	0.19396732117419885
0.03672516739581193	0.048808502837885674	0.18646773707802672	0.10907498027362741	0.08235801201999436	0.17676284730557762	0.0885317235776954	0.07751408963917068	0.027082180131620476	0.1666747597405897
0.05096941084536789	0.042519589600456605	0.12123402299792801	0.16635755604891955	0.055644125573148455	0.22436017360560087	0.11004587526545372	0.056358715564460996	0.016248891081504097	0.15626163941715976
0.02771786799036796	0.027446501723029412	0.10264735269950287	0.15554231964291304	0.07918916970115338	0.23327828036506454	0.12661934924982332	0.05759898007034977	0.02433230806779832	0.16562787048999744
0.04767488853501771	0.041349405856182325	0.124262028361658	0.15668119490681676	0.08758884102531793	0.22290326564640614	0.09523273151593596	0.048862415647009064	0.030061835996767844	0.1453833925088883
0.0558271488804132	0.037815397682506954	0.09151529028492313	0.17761061946632822	0.10112162155980842	0.15070226070533219	0.10096070800899361	0.06457752881770389	0.07468974431695592	0.14517968027703448
0.028381456556353504	0.0338480606576885	0.14518645541102018	0.15527309190473165	0.04917729817446996	0.13785233897255422	0.12769574982866014	0.07284658350128145	0.054545949054738946	0.19519301593850147
0.022447269543598436	0.04577292674107331	0.14489357487642995	0.17753492601365584	0.08335211980796303	0.16413404197547493	0.11208431499251244	0.05651528298433416	0.07003313877064105	0.12323240429431687
0.022420987460315345	0.028767963823979795	0.16114173223412767	0.1677757924335448	0.07780432294485234	0.1984428061224578	0.1005748076759096	0.07799403452456474	0.014760554548358826	0.1503169982318891
0.03927642620091078	0.05381648777824157	0.1886268181080134	0.13026991201751106	0.045322734450888684	0.17405069957863495	0.08416170129380751	0.07253751363321581	0.07121278093954292	0.1407249259992333
0.048628744382309054	0.0295739434038111	0.18318745092492408	0.14140261617258518	0.07578357665956181	0.18875321921923777	0.09287296438652168	0.06148832029370483	0.012451858108557923	0.16585730644878657
0.02644571993778895	0.039273222264453976	0.1876190966973411	0.1671042346553367	0.05918771365849935	0.18551236601500382	0.09979200739117419	0.052078802726263106	0.017895065673439833	0.165091770980699
0.03679033062773353	0.049917599158899	0.15650060355784823	0.11907455673661681	0.07013976182267014	0.1640945839608865	0.0747149743351403	0.045257937334538936	0.09385285138570139	0.1896568010799652
0.024231005593074825	0.04606689723219428	0.18665306560536152	0.10979084095459181	0.049666638865068106	0.1673071963372843	0.13564608042011986	0.057188694320077074	0.07205317057426536	0.15139641009796292
0.038537144560843395	0.03648746550733911	0.1257000395698497	0.18518907662066492	0.10522332789012359	0.22028101608266198	0.10477370485637552	0.04695339156337161	0.010599661437872415	0.1262551719108978
0.05172903342903093	0.044851119634100524	0.16007310475393113	0.16557821827189184	0.06448420123628544	0.20649717609538415	0.10214090900478393	0.04409351093066172	0.03440256199208569	0.12615016465184464
0.024163972105465115	0.038921034879415776	0.0631093588725533	0.17807586302411296	0.0844441837656526	0.2181802286162456	0.10213174206451597	0.0633690069139034	0.03546570977536549	0.19213889998276984
0.03908879609091277	0.05146926525903285	0.14309161051495034	0.18529212224918243	0.07791645838567024	0.22693736270255677	0.07739035483600375	0.055721840951560034	0.007931419349784016	0.13516076966034685
0.03800644135517575	0.042629116349355366	0.017572921599767283	0.14529692722782903	0.0800711909297306	0.24631098905716226	0.13130491597756994	0.07729276642552171	0.078776209652375	0.14273852142551308
0.046121049038256846	0.03798745995390617	0.10469178110457975	0.1823391751759793	0.06035703334176622	0.15059430834419274	0.09710587824057185	0.0728341660610524	0.11261194557141979	0.13535720316827493
0.05345056474303842	0.05434493522402803	0.03125257182915932	0.1602034160861845	0.08083579052359621	0.2010126810418914	0.11082017090567874	0.048825940044676774	0.1257468371501396	0.13350709245160697
0.03422520954423541	0.04774985883155829	0.15678400042119456	0.13388282388028358	0.05295185532008163	0.13969209914042982	0.13284980402786387	0.07999100817825087	0.08839377820297221	0.13347956245312978
0.03990775583478998	0.037194570091067095	0.08647851488359497	0.13171005662024937	0.07761114818543237	0.18527178309219478	0.11857902577658261	0.080426158496258	0.0898061429164535	0.1530148441033773
0.044683989310052394	0.029247153573497178	0.08397980193750447	0.12062788578823938	0.05920514874294433	0.21766565798052429	0.09150678839707656	0.057685051303773174	0.11228695840686201	0.1831115645595262
0.04295830510109781	0.055443832393111216	0.20912649486068174	0.12039526378635235	0.037431342328855324	0.17245049086693046	0.08530191850302524	0.048988768171161025	0.06400572707716282	0.16389785691162206
0.03916190523068336	0.030028744643436245	0.09981043014072254	0.13641387848276584	0.05346311007274	0.17464239680727786	0.13153870017940317	0.046528627590412285	0.11523722608894894	0.17317498076360976
0.046830218332023894	0.04630711760276776	0.049100707032728494	0.18494383668507602	0.042557443627828	0.23715931774908894	0.08538399242635826	0.05813344568613793	0.06664592838187541	0.1829379924761153
0.03485208363559347	0.030187385288795457	0.0671031998564852	0.1362284344679239	0.06760873609852147	0.24659768410654037	0.08360043799727666	0.07603810182831937	0.09953286742949294	0.15825106929105118
0.039442403117381425	0.0466652033439843	0.07101611508780942	0.12228163333077535	0.06562635334101166	0.2456571562946928	0.08665359071402078	0.06363151209372683	0.10300951800150135	0.15601651467509609
0.02525207311958673	0.029899957408184227	0.11841549434244335	0.18856616357476708	0.08476294043326459	0.16760804574013533	0.1331193891109003	0.07568653660619251	0.04373467074379962	0.13295472892072627
0.02526067426791752	0.05501489101912088	0.014611133040759075	0.12911891157566935	0.10337469481504041	0.24899942490389193	0.12396387106246964	0.0500922591521977	0.09695235188968984	0.15261178827324368
0.02617470454279565	0.03260692171749101	0.05440970410357451	0.1710852963992236	0.1026020000200406	0.1691211759664309	0.13478981959793307	0.05015561198654117	0.11753989984227614	0.14151486582369338
0.04836666877123738	0.04542466679891858	0.03666894392433319	0.13364451362933777	0.03698159048421759	0.18954586028928896	0.11711540997411098	0.06956464616823993	0.1973037981393963	0.12538390182091927
0.030569951213128235	0.03374655620505909	0.08263415797658316	0.12990560284543087	0.10213709702225895	0.20291341231038196	0.11602518744850064	0.07482100277561878	0.092549560845435	0.1346974713576033
0.046560169631920334	0.03663036375336168	0.11326566403732224	0.140544277632661	0.09741076359109892	0.1631123378677953	0.09709863548631728	0.04763579866415672	0.12062270556651135	0.13711928376885518
0.05481316452425588	0.047864897128305536	0.09068890065994989	0.11043133193581392	0.056177726534600333	0.203882420452422	0.11408229422253388	0.049102963852521136	0.08020199907210439	0.19275430161749302
0.03939282308852273	0.03696306322830746	0.0733970917718491	0.14633703866315267	0.10181502726714023	0.1658999927095663	0.07913706602357096	0.05753430974829654	0.16498363522924492	0.1345399522703491
0.052595188043803	0.05357167830017708	0.04867919647571378	0.13022115819683985	0.07147823315999864	0.25113290806959127	0.1311987629792798	0.0450795385345555	0.052940579111014845	0.16310275712902622
0.05106190176985148	0.042714083858796624	0.07531466818335852	0.1108816448855348	0.08808326493317731	0.18332767158532118	0.0882017795010913	0.049057087871176144	0.12980773057648304	0.18155016683520958
0.05579918062390171	0.03713334635358431	0.050325100800789224	0.1618025800117267	0.09497467005186445	0.15210766292797595	0.08401242913907488	0.06722329296594906	0.1277605577970664	0.16886117932806727
0.04191490670471412	0.0456225368589619	0.059381342762046714	0.11960781736875602	0.09323427876850028	0.2033708677536989	0.08659661345300797	0.05767480229696012	0.11340796267045196	0.179188871362902
0.04174831321852065	0.04725176610718926	0.021773431303654972	0.16074706694166163	0.09432684748883871	0.23970371758547354	0.12655222730580518	0.047904966049294215	0.04271208039820902	0.17727958360135282
0.03671286948311786	0.04451340724209103	0.06664373634833262	0.12456049788963305	0.0927656200367518	0.1948539915924138	0.0922492201286005	0.07111484942826435	0.13508499524158055	0.14150081260921443
0.03893826367041115	0.02966925548943243	0.23140711312621415	0.1103180594511078	0.04171452065886729	0.1691887926782173	0.0868369350743921	0.06963793708930044	0.09157610641164955	0.13071301635040777
0.05314903264094982	0.04507278403059728	0.07365532716148365	0.13305393586768366	0.04926488687338118	0.23705703630736363	0.13237661790208394	0.048098168314726034	0.0796350111002091	0.14863719980152176
0.05509932154686849	0.04778112989813546	0.05770675557840573	0.12720664253664407	0.10171450726660472	0.23434924140678604	0.09427919430434946	0.05488090835817621	0.03151846873752902	0.19546383036650083
0.0540820465950097	0.04045682852970798	0.06113397003238519	0.12746049796550266	0.0404172362348564	0.2498900628657575	0.09698121392939812	0.04837621636869568	0.13753739206506604	0.14366453541362073
0.041386026948892755	0.035188198646036686	0.03252900854727289	0.11530138122193784	0.10111787277714669	0.17454691177063114	0.13052722199259925	0.05152290202224902	0.130283115815461	0.18759736025777277
0.025093073565974136	0.05411729575503452	0.13659827634271482	0.18153449655585385	0.0454856715228239	0.16701866573985366	0.11159946968580206	0.07419027431895994	0.03716866166682126	0.1671941148461619
0.03173919237572205	0.0344012616610396	0.04855171684627443	0.12556017735753622	0.08702997471637458	0.24100825349627136	0.08282068984307916	0.07688701533188486	0.11272154394082297	0.1592801744309948
0.037904518869417966	0.042659817296170334	0.17441743966324458	0.1377395782376003	0.038421213264053615	0.21010849970127368	0.11385421199007746	0.0750940441749501	0.03636181899527438	0.13343885780793754
0.05050599168406843	0.031389758818769126	0.15693248726239042	0.19094264674138967	0.06619233420484202	0.14091757971204394	0.07743655669981699	0.05826595651179348	0.06984739656124267	0.1575692918036432
0.05163166302804554	0.034431862292883114	0.026080693267640176	0.15285067382158488	0.0807352509129895	0.2071955856971695	0.13535867265071608	0.07367518885953864	0.04762301645626871	0.1904173930131639
0.032725857899504246	0.03322939382545059	0.06765843941711813	0.16400506181199942	0.06387323083827537	0.17375440115088236	0.11787030049572347	0.07121031611260736	0.13017458036587384	0.14549841808256522
0.0382807043091703	0.054440812667507825	0.064217675331345	0.1559855740291872	0.10176889268446133	0.18236365490928985	0.10578065105122549	0.047208277711284885	0.05927960121805632	0.19067415608847182
0.04661101883918766	0.02828204264088835	0.02823149074702741	0.11448131402610816	0.10486470009440851	0.20341974573222327	0.1365083321098881	0.06345482022592536	0.08340696277438477	0.19073957280995843
0.048610470451484616	0.05362822356943592	0.19904184755689697	0.12641762551168315	0.049449134813060625	0.2025753780898928	0.08281936363844972	0.05148490050604895	0.043715125074111766	0.14225793078893553
0.031569803926634596	0.04876173107388416	0.2524568182860889	0.16632853424546962	0.043991729569708087	0.14042979113189435	0.09600361986964384	0.06279225128698308	0.02974720022899917	0.1279185203806942
0.04641189103691387	0.03433907361994984	0.12685389880666254	0.1841011498766043	0.06880098894998424	0.15129872640992292	0.11140352040293636	0.07161015811699846	0.07316516321031775	0.13201542956970974
0.03700080930269388	0.03524773031061802	0.07784243081316997	0.11152854196337232	0.051337763187818984	0.1850112040488473	0.12182831451324037	0.043931167517946026	0.14555236085427897	0.19071967748801416
0.051711209916037254	0.03808611575706592	0.03451068598043876	0.11809303526745632	0.07726947931764663	0.2421525541744265	0.07825591162144935	0.04357091155415933	0.15819600421554725	0.1581540921957727
0.05261685306146373	0.0423289758661868	0.07220147751049373	0.11511281593247785	0.0850396067787776	0.18621906853451323	0.13746510508405382	0.0690928970193829	0.10387711384071294	0.1360460863719374
0.025114324534877275	0.05287579622935555	0.03665089691629966	0.11738240557743954	0.09149844264962034	0.24747241640877726	0.13514632374003782	0.06267511740708244	0.09351961784520084	0.13766465869130928
0.05310409542747182	0.03690774688804821	0.05594407477662388	0.1622673963889556	0.03866415396105929	0.18763525753525773	0.11941056710237595	0.06240670634305568	0.1375684203161574	0.14609158126099445
0.03983858491934342	0.045066006534979476	0.03607702132773502	0.15102389599421667	0.0819718839595237	0.13442043875914078	0.10951902469590606	0.05245046805392564	0.154579532746743	0.19505314300848625
0.05271551095499338	0.048857465515882076	0.13462138699961468	0.15307298940693795	0.06469919500305499	0.19400868273722235	0.08041361164583374	0.0655258995070253	0.049951791568302234	0.1561334666611333
0.048353152090877455	0.053006981868123144	0.055890967155223105	0.12378366665095003	0.07846149578134334	0.1489448029481413	0.11066913189876836	0.045338995167809655	0.20474261287933937	0.13080819355942422
0.028815453318966913	0.040862797876915775	0.07559961937628792	0.1120749170853181	0.06723568879461828	0.1349722345759546	0.10641840879472704	0.08028207916148958	0.16131876632228104	0.19242003469344077
0.0563202882299393	0.04060953819787329	0.1413934728515564	0.13444005400328843	0.08175556211209904	0.1366668023592234	0.10606873759333835	0.07813442428034151	0.05407369474393951	0.1705374256284007
0.03308387293009947	0.0397442567897113	0.06320485684219201	0.17819913987201136	0.06896866097851187	0.17827075484164015	0.07770028974186997	0.049556186856717775	0.17761838644103356	0.13365359470621255
0.026324281938050823	0.040544845761537815	0.07831706775913752	0.11866320207263015	0.07966524321719476	0.19256154685725133	0.07980588560096227	0.07811448139892191	0.11316110923204786	0.1928423361622656
0.0460649256110214	0.05318828378588065	0.0406023914846027	0.18811464067807498	0.1015479487546204	0.21861350456498582	0.09392221342121689	0.058646816708134604	0.03420739429697056	0.16509188069449193
0.027135110562322984	0.0291158855616704	0.03328307241382426	0.16687537138128938	0.07054735692893387	0.15273855461752	0.07613173994258719	0.04520720423887324	0.20604894145672942	0.19291676289624926
0.0550942619297761	0.04588246354319312	0.08945819066724005	0.16982743330258954	0.05292632533479691	0.14646400393876555	0.08803062101803275	0.056843571038376846	0.1404791418501036	0.1549939873771255
0.05405216805550097	0.04862571301001333	0.2346283402176947	0.12144459938144138	0.03909893302725775	0.15680696834521435	0.10306182137235449	0.06794283008170801	0.036989162282242666	0.13734946422657232
0.036797407871160634	0.05221947914893264	0.0538839075989794	0.18245946257333517	0.06802770177804111	0.2072766621307207	0.11681118886831232	0.0672340339293356	0.07829606061162303	0.13699409548955943
0.04368940560373442	0.027666057584674025	0.1437819679963779	0.16596480423923782	0.09254228571866793	0.17189795056429602	0.11377431397098568	0.04834376651960558	0.04082468186943594	0.15151476593298466
0.047732006411246544	0.030289267325498415	0.02924635615100743	0.1592005142440609	0.05629377675221766	0.20826418876646474	0.1254685654302585	0.07568288688619813	0.08862306696316324	0.17919937106988448
0.023372698171583717	0.03709209332206062	0.033763526927509016	0.18230660107759922	0.058250216903201694	0.1830513750695391	0.10761737322048699	0.07242725567504459	0.11314550268847168	0.18897335694450346
0.05553809773750126	0.030077786759158245	0.07339191355573674	0.17992748123299443	0.05874149104590694	0.19941289440372562	0.0921558402079725	0.051435236664830325	0.11520307038849348	0.14411618800368045
0.04702124169523392	0.03954778462915929	0.16489850332836453	0.16316087110383154	0.08142260771745809	0.14220004383720414	0.09415752872379643	0.06181189241874075	0.020591989895097862	0.18518753665111345
0.03137897632824334	0.05157857717204581	0.09517886241357705	0.18718032963442033	0.07053551563637353	0.18387140583000505	0.0802961766773628	0.061778741863740924	0.05867234593447973	0.17952906850975142
0.04407735026364332	0.03930163222350751	0.028131527479297022	0.16389919701635258	0.042353976730114894	0.20611386323560243	0.12369211405088792	0.0709148270280173	0.11476754166306699	0.16674797030951002
0.035734329272179524	0.037468570821128214	0.11491216990366993	0.1853411258007765	0.04247393311147528	0.24317907495054147	0.08564670700410469	0.04990459511506331	0.06986149714602426	0.13547799687503687
0.05382052120147193	0.04100004283395072	0.19434333116570196	0.1417818243061842	0.0638040336552434	0.19339671112270332	0.08900277189801481	0.05106593990616203	0.02333074338144557	0.14845408052912207
0.030304050914450736	0.030811331491791827	0.15772589825247718	0.18091470729738213	0.051934340975566255	0.13530604727131224	0.12394039772786891	0.05006272376971314	0.11597369287463967	0.12302680942479792
0.0354399768980654	0.051117217884198894	0.048713142908623754	0.17209116505144273	0.07609308776197174	0.22922695603241416	0.11209217461646684	0.06354689112193257	0.07616586462369017	0.13551352310119372
0.045608617451626365	0.05397390013058258	0.20188027859686575	0.11354556150281543	0.053488176685009915	0.13210908844104322	0.09472623561422759	0.06443674322472305	0.057382624121874934	0.18284877423123116
0.04679290760171331	0.0303194930700965	0.2597624714567501	0.11181614534508787	0.08724733734950563	0.14415831610795535	0.10970734918346396	0.04662404811024415	0.011457137655821806	0.15211479411936138
0.047231128495166655	0.038263230100137	0.1294275895637572	0.14326468833290756	0.06953477304172043	0.22955925092178947	0.08509894324325676	0.05340794828548956	0.0197795438122558	0.1844329042035196
0.049009623676637526	0.05375063308995421	0.06789876291498807	0.1373737301969926	0.09017746350914589	0.20288411619433375	0.09729295242065664	0.0499577483708743	0.09142637207798213	0.16022859754843494
0.03306420313929205	0.04501493132948253	0.11581218457037101	0.17950091547104918	0.0919966165161637	0.2087397783655302	0.13049924406516142	0.050793742132705044	0.020366322211478827	0.12421206219876602
0.03377201423604108	0.04636090949961569	0.06494239342989552	0.18205837348566306	0.06511688733281149	0.16954132796592813	0.08227681138155857	0.05525843996179337	0.10505881237726898	0.19561403032942412
0.030305949044158384	0.04802193119394713	0.18921192253007335	0.16442969032893812	0.049568673054795606	0.14939873807191303	0.12694001534805627	0.04939678439987333	0.03264355319703169	0.1600827428312131
0.024191033690697833	0.03826369339579194	0.1463130866906655	0.10962332207655268	0.08726322762110833	0.19958383878325414	0.10051824946024762	0.07702900329311184	0.0936191985938227	0.12359534639474742
0.04982726430993639	0.050498544708261206	0.07897855541181248	0.1846442488066704	0.06840286728057855	0.17921740927727162	0.12742901207214039	0.06407496874749703	0.05863230196033583	0.13829482742549606
0.02885462564479667	0.04148200211600296	0.020983403663795988	0.1525080834004348	0.08391097929209809	0.16991970778679988	0.1030079600968644	0.0783457030576751	0.1346292389755726	0.18635829596595946
0.038015924477479146	0.05362470994359171	0.05586254652128694	0.14104949330831806	0.0824199456279014	0.22373549724753009	0.08976136111283502	0.05428408150123507	0.06967393730608351	0.19157250295373907
0.02861535097471206	0.0376706285371114	0.046569538901988276	0.17317313794682127	0.0418305996295478	0.1570914451515709	0.11707781285536398	0.07932265434041266	0.1320648011275405	0.18658403053493122
0.027185553103865404	0.05226662146009515	0.10162984310278385	0.18600974476352733	0.08155873508208886	0.14392789396749034	0.11352687663019875	0.04499089549161917	0.08605804928266435	0.16284578711566688
0.04023856113626838	0.0495410588883239	0.09230358056815209	0.14639817334321603	0.09626865220180175	0.17469485235582385	0.10427643310558761	0.07040922827343843	0.08235683165697552	0.1435126284704125
0.038640822273974064	0.05102999366453753	0.10037238186146558	0.13978283382389228	0.03854631823885456	0.1421742681181708	0.10624402627467955	0.05454944523445453	0.1945581604565147	0.13410175005345643
0.031114709180854433	0.030733502341117602	0.027595748172691642	0.13433140502716046	0.09911217471038067	0.18057905426863258	0.09815535779543748	0.05460129737188847	0.1740776914193835	0.16969905971245314
0.02252615148816403	0.045012231899493944	0.11071106675940329	0.17906363234821804	0.045126390122646305	0.20008719518594853	0.08142163989596779	0.050104365845031924	0.13406422534768897	0.13188310110743723
0.047737528022952745	0.050590603614108776	0.016431288176155093	0.13908136486203657	0.1018307658962432	0.16875498824607738	0.10380242820916759	0.04778747744047379	0.20146391963469074	0.12251963589809411
0.023891769791077294	0.035715698095133475	0.10711146852375328	0.11593153048713317	0.09922773487875054	0.1550382310715595	0.13391109616604385	0.0650270885798604	0.1331999498871412	0.13094543251954727
0.025556759246335575	0.029609516170255798	0.07437486903565642	0.11711505214409954	0.04240613662952328	0.2055176560107251	0.10920682559477699	0.05468205215466697	0.1896415077541817	0.15188962525977862
0.05125544315808867	0.05132685643360215	0.025225467699768425	0.17634698782127733	0.09878710501958791	0.22441191812431116	0.08932540716399451	0.05438594574044626	0.09690373486151506	0.13203113397740848
0.04809229089250969	0.03193886453942174	0.06192524814144951	0.18779916323461335	0.0529141604792292	0.23571432165731948	0.13516837783991598	0.077553918261067	0.01738431601854995	0.15150933893592408
0.04456071778547385	0.03693703576276616	0.08323771151049596	0.1589998214022571	0.051076613383295104	0.15440297534658953	0.11056297390793303	0.06747226033426308	0.13197932512432559	0.1607705654426006
0.032609064076377925	0.03821901386611549	0.018944246469181553	0.190720304034967	0.056168849006576066	0.21829676651152005	0.1338116354245522	0.06763554772361723	0.10736617336914343	0.13622839951794904
0.04283877729088048	0.04910785040338608	0.06705650808986621	0.11372919940981872	0.10172458662166946	0.21213457193156782	0.10696500082152766	0.06147446650083957	0.05784364467339014	0.18712539425705388
0.024032381573449405	0.05097538936517484	0.19728626565775134	0.16293012177174782	0.051012700621873526	0.1467756310759044	0.10283653697288041	0.05988759806152643	0.06182530232208386	0.142438072577608
0.05577876294110179	0.04081990342306269	0.1987115587334409	0.13877696559393277	0.054170077651554675	0.1540361781942924	0.12723223826469218	0.043575830234733076	0.05991582743573999	0.12698265752744947
0.050157444944481655	0.04026203596155221	0.19240403306409212	0.11424792997761135	0.03696474313268955	0.15251117730637578	0.10801549924987994	0.05675348653466555	0.09091796232477196	0.15776568750387987
0.043290438280025594	0.0308038807186493	0.17224270670955247	0.1734199102062812	0.06339739044722781	0.13753655666308984	0.13108639355800045	0.07011308958998931	0.018888781005889546	0.15922085282129456
0.05419196318096047	0.0497262005686474	0.1684662233807368	0.16198536988952794	0.06625629924110367	0.2261672177514466	0.08650513432566284	0.046978360807823485	0.006430539416892492	0.13329269143719835
0.036320517063906335	0.04258156991020123	0.1289712598705277	0.12714275025883237	0.10275082743556022	0.1454918628848964	0.10009998500734407	0.05692005787351103	0.11177901795638522	0.14794215173883546
0.04384138926353804	0.03048952326166167	0.06413394947530277	0.16369671670909502	0.09563032580029972	0.24004488012537717	0.1103051570087901	0.047981944547065766	0.04709508670629227	0.15678102710257752
0.048616392206746996	0.05135990749279532	0.20460172006780822	0.12789088655242253	0.06798413968502676	0.17772362278351772	0.11034812903563473	0.05468231335448441	0.02837273082475178	0.12842015799681158
0.04868579513645832	0.04210432987908972	0.04695440632678214	0.13441408372847807	0.10125376550028035	0.22274956527550616	0.13694734448560825	0.06479713455369208	0.061744832892986025	0.14034874222111887
0.026633745698981096	0.03748516759068454	0.08324592512990656	0.14518893963437018	0.10072676010267495	0.19962515713906653	0.10831962628310189	0.0547607365232929	0.08818972234510655	0.15582421955281484
0.050211433938564975	0.045627302705739975	0.08873640473222902	0.16945403118730074	0.05344053449151501	0.19218183962494478	0.1007712072010161	0.04866638935446097	0.12840501663645607	0.12250584012777235
0.024298635888840486	0.05214726164872141	0.09717777383004102	0.12499602199954528	0.05019998434092962	0.14189021339486774	0.12601534037561277	0.045216869942546194	0.18175672538037035	0.15630117319852516
0.04508938750982067	0.04863347956624805	0.03643756007643269	0.14033404837823663	0.03959024767287269	0.1727189593084427	0.1270149541203149	0.04509422263028497	0.16739491830249004	0.17769222243485666
0.03061476417754387	0.05381059478167286	0.092053063824821	0.17481368052966192	0.07198790874004067	0.18929163220828674	0.09463297595601079	0.08033630235261316	0.03807657498267617	0.17438250244667286
0.04124839203616243	0.045273704893643685	0.16180300145930235	0.16441827852134386	0.04703508927125546	0.16947106490187833	0.13262808919780422	0.05700975014971256	0.058784330321338014	0.12232829924755911
0.025755933640439196	0.037139652804259224	0.0929689006722964	0.13436688445086564	0.09849998177532754	0.23884499577830975	0.1299488834666223	0.058929170126543466	0.026336931309244957	0.15720866597609154
0.03068468041767959	0.047827197526933936	0.13694052270644447	0.17240488335555448	0.07265509632497524	0.23062308995466302	0.0796952874024506	0.06240853287071696	0.017559499598339037	0.14920120984224267
0.029855339448187787	0.050529153759922445	0.1217846159323832	0.15458001107963218	0.08239195279531837	0.1837186792850511	0.0902625615769852	0.06962129934925862	0.08816831753852795	0.1290880692347332
0.02410855809899358	0.027521086025390204	0.14716477599889116	0.12209548926203762	0.07590591783717518	0.22519128537076616	0.13475687336815007	0.05566866018943673	0.04202650625886432	0.14556084759029503
0.025010776563489434	0.05317874227598145	0.07627773730598025	0.1145528935955557	0.04629873014950284	0.18506607569996808	0.10381650251977362	0.07299434913420785	0.1330093046818117	0.18979488807372905
0.04709588801684199	0.03192338460890695	0.08599961365943323	0.1558945840617365	0.07042869125288097	0.19253060462655552	0.10413802675693895	0.07811881988453469	0.07135073237644494	0.16251965475572622
0.038205052778450724	0.04161171419291118	0.023368831360170483	0.17003918899817191	0.09293222571150092	0.20180303741861244	0.09683079872888709	0.0475792925934404	0.11558759724538063	0.17204226097247427
0.05509435113644463	0.047085778705195425	0.029751336454214863	0.1309670468113749	0.08012185534573535	0.23719232650894412	0.11843730855716066	0.07677197417422929	0.07327435166389565	0.15130367064280514
0.055645199815967085	0.03151076953487382	0.09034984386504404	0.129068237869805	0.0723305193888521	0.17629789874037605	0.08870764458004417	0.06671601975160654	0.16659888229766845	0.12277498415576277
0.028032171048312585	0.04289527569478406	0.08722979608461898	0.12569597555374742	0.10346258350551646	0.23137906196144986	0.0916730743203273	0.044275073496351826	0.10651527768306186	0.13884171065182965
0.05249134193814252	0.029915946832919593	0.12800480025384062	0.126479649546614	0.05124879371404405	0.2263817664905975	0.13141008308575092	0.07990446120803471	0.04307827563939674	0.13108488129065937
0.05334523403934194	0.04215260298621291	0.14617269193549665	0.13592313633916142	0.04635537698475318	0.14668422714306836	0.10696633858782896	0.06159760117593649	0.09087600320832825	0.16992678759987187
0.027862316652308053	0.03762556436278608	0.07291264533201135	0.14718524245703313	0.05776194017432972	0.19708731206577504	0.10591834479200042	0.04791224660409679	0.14445204156444344	0.161282345995216
0.03503753879288311	0.05183034385574183	0.11064356295490652	0.12786736150394154	0.07595269891137968	0.19681888480300602	0.09045487116389198	0.04886401932363666	0.09961254596157487	0.1629181727290378
0.03986782799741001	0.03609198995449957	0.07863659039634963	0.12003035487013931	0.0799600636631892	0.227407679414039	0.07815851293886554	0.05120176705496364	0.10875682827905321	0.17988838543149088
0.028908956641782196	0.04122045818097197	0.19107940365556497	0.14295716177406412	0.05776602209518524	0.1789846821650306	0.08444839299417625	0.06537972712487998	0.032775468730079985	0.17647972663826467
0.05170922282126572	0.042224871227474994	0.06989654832737971	0.1584256693401641	0.09462698896527894	0.13329814948064672	0.1084710883229984	0.0626229799878062	0.14249290246540736	0.13623157906157785
0.03568798983394651	0.04423717076359305	0.06243807235101028	0.14617504035338483	0.0417677622017491	0.1367536778807448	0.1363982094168474	0.06195863093353041	0.19779682089455686	0.1367866253706368
0.0498642401513542	0.02946913757785745	0.09654760950133504	0.15697299938115222	0.0633661104996185	0.1527384495178244	0.11030586034330304	0.06749071989716598	0.1247629961727654	0.14848187695762377
0.05486688247876857	0.03524612934084076	0.1635591408811975	0.1422795805384742	0.09163479479597031	0.17371776761108268	0.1349381646484871	0.06958769887131017	0.008394664333298413	0.1257751765005703
0.03883058486587608	0.03578846848791896	0.04480961997594356	0.16144700800131187	0.10320129454180935	0.1634072516823024	0.1354322936553432	0.045610045922654927	0.14231927103310624	0.1291541618337334
0.03811118428047639	0.0435475021904605	0.022782845105581415	0.18185650721926594	0.08488218531682593	0.17070445595425632	0.0932282705684668	0.07955934474883043	0.13988073215751332	0.14544697245832297
0.028333205516573493	0.0528042436790479	0.14962394530453552	0.15864393470285276	0.09049914219564842	0.17114852753462645	0.10536517593816343	0.07748009635985048	0.0157422156848631	0.15035951308383846
0.025565893840810885	0.029758895119184503	0.06579835065509712	0.15719419336219548	0.048659061736481574	0.22719656463556726	0.11205656687536955	0.07200626929963917	0.08564382734797209	0.17612037712768236
0.033189856251392244	0.047689152573422176	0.10497371788853657	0.12867898577924394	0.06689664245158528	0.17272719173323908	0.07737026522755776	0.04868717007222027	0.1860661703776492	0.13372084764515346
0.047547018353111654	0.02763266264992774	0.08478508087509318	0.18394334166759715	0.03929785313022294	0.19929791580076076	0.13491136394785935	0.07972159735096279	0.013220251116822443	0.18964291510764197
0.04621186301385356	0.04835375086649702	0.14881736719557742	0.14710287366300412	0.08303344217106091	0.13874802905445058	0.08528232467405578	0.05460452690096599	0.08290608798643	0.16493973447410465
0.02466026055915553	0.04870602837126127	0.057618894554664075	0.16430521007793536	0.03769365615998816	0.20430339322348226	0.13386522008223387	0.04651780147808577	0.12684079720275906	0.15548873829043464
0.03066811860113658	0.05422229701759118	0.048149394990390594	0.12163950286925342	0.0884010336892971	0.16982755936657346	0.08312955589515338	0.07631727358076275	0.17015092794777334	0.15749433604206822
0.04980890384003518	0.052923888943350816	0.14364477515373897	0.1347509041714043	0.09138610149446297	0.16457244149529082	0.09378376927634005	0.06509352330262366	0.057307064149273015	0.1467286281734802
0.04103190849892965	0.031100688638274282	0.054640329251060174	0.14483568175299139	0.08961154175227129	0.15576262883062408	0.111953016492894	0.048293631846862486	0.1892665947867876	0.1335039781493051
0.02886158726567553	0.04114607305095377	0.19171194536851044	0.14273528494606563	0.062253146899238346	0.14775907371194236	0.12781836267672142	0.04600443835862714	0.07877032546368021	0.1329397622585852
0.05616297585728972	0.047732666051932514	0.0895206607968326	0.12428558786837639	0.09145783973781951	0.23753685211711023	0.08172980872552549	0.07446215070697597	0.0414468161294525	0.15566464200868507
0.04285046390731079	0.031804024567146566	0.14389042295737636	0.1638560577475691	0.06695961123929317	0.1329692771735562	0.10004846067140213	0.0778732508725759	0.06621780322821234	0.17353062763555746
0.025081706720533434	0.032678406793334155	0.20066291110345172	0.11007488750050584	0.04623522063748125	0.23093998285686368	0.07818323181376685	0.043806332885838115	0.08676552713008823	0.1455717925581367
0.047985565783800796	0.04109765879610202	0.11595820435432369	0.1360475708167971	0.05230735245642513	0.15538297946942817	0.10942904216450927	0.06019743855308941	0.11957306793547129	0.16202111967005317
0.04706230196891459	0.056308773953873306	0.10925494693279379	0.1458646112387481	0.10110290407445699	0.2457613388353571	0.08643987479942312	0.04522007182906354	0.014702458336281823	0.14828271803108764
0.03740064683474835	0.031900006272064366	0.22978903083738228	0.12329541732463586	0.06947157626773687	0.17472297579061674	0.1338839636831377	0.04644402274688046	0.013726156262866204	0.13936620397993116
0.03052029536688143	0.03606338787106381	0.07619645247103533	0.11800948952713272	0.06554076712481556	0.22080998709133978	0.07533462934108627	0.055783129444798255	0.18948139762178032	0.13226046414006654
0.03004743344897902	0.038173640010484504	0.06015513521484862	0.13988273464301287	0.041490203165792584	0.1813627713293488	0.11511445057517092	0.052657231097905946	0.17058846424094504	0.17052793627351176
0.03180806618142552	0.04010981706442648	0.16321838658058188	0.13515014847762682	0.0594132671955603	0.19646427205114286	0.10574533968494798	0.06394302226228324	0.0229550666049277	0.1811926138970772
