0.2534886670583986	0.07482872773702998	0.31128875526958893	0.14626290892388907	0.21413094101109315
0.23611456040543458	0.08860786975861284	0.2994003869229899	0.15414151837808032	0.2217356645348821
0.2526511447028572	0.08400311857959745	0.2935790150259418	0.15625484941816695	0.2135118722734363
0.25255627489191207	0.08298999093767773	0.2976043642188706	0.15008330785491844	0.21676606209662092
0.24052060011012183	0.08428679932264571	0.2940760685436168	0.14781970244343712	0.23329682958017828
0.2475381451160781	0.07703998856074988	0.31000228022937887	0.15257704507977177	0.2128425410140211
0.24973634714323587	0.08272098058069921	0.30173793554160916	0.1450330327899802	0.22077170394447532
0.24415849969259507	0.07455551721993256	0.2933392822467893	0.15551135412750833	0.2324353467131745
0.24682823745657007	0.07977928320439923	0.3108043093303191	0.14797840270627316	0.21460976730243825
0.2508880349284123	0.07741204826002222	0.2996244935391983	0.15334787005954487	0.21872755321282206
0.2364352433315608	0.0891500761611666	0.31759852965821456	0.1432365382845416	0.21357961256451616
0.22977399096294704	0.08760433464542744	0.3074522662893354	0.15396959982692612	0.22119980827536376
0.24931166259543514	0.07693313759125538	0.31369148629898563	0.1485868002956805	0.21147691321864312
0.23704071336808666	0.08790340776583778	0.30310730475549086	0.14982972707450856	0.22211884703607584
0.23330501320512703	0.08507480910161189	0.2940359537242292	0.15613177496112252	0.23145244900790915
0.24175024145427865	0.08124053152418087	0.3000881660433917	0.15394933750741224	0.22297172347073627
0.23077087920988082	0.08347001868102774	0.31464171306782396	0.15427647332768718	0.21684091571358002
0.23268716984971413	0.08736546661372917	0.2952236898738444	0.15631281632539293	0.22841085733731908
0.2528188052574695	0.07727758879085435	0.30148097940467883	0.15143897456786623	0.2169836519791308
0.2354870805888214	0.07911615282993219	0.31209290424034086	0.15103417340149733	0.22226968893940802
0.24406441417436261	0.08012626517021575	0.3038358537865664	0.1558562034556782	0.21611726341317677
0.23276839603902444	0.08254785621554225	0.3006732627992349	0.1523505724100998	0.23165991253609833
0.24140356020033343	0.08314661487743853	0.30841904968433537	0.14858502422047176	0.21844575101742064
0.25099629900103837	0.08525959219067938	0.29400668872899965	0.14421796780908092	0.2255194522702014
0.22892433839814547	0.0757144322166486	0.3119286004927021	0.15359453587227187	0.22983809302023175
0.2363666538771177	0.08047457154134428	0.31076254062198905	0.14672107919298585	0.22567515476656286
0.2359348344745672	0.08428056073935106	0.3132124337124972	0.14689831468611741	0.21967385638746692
0.24158796199395144	0.07668351616124087	0.3029894159235077	0.1570450630961217	0.221694042825178
0.243916101230814	0.08518258443090877	0.3134439162889009	0.14477133456490537	0.21268606348447072
0.23132682369147775	0.08473969209575262	0.3012903764886187	0.147597063707549	0.23504604401660165
0.24431735483431855	0.07762093667041871	0.2970387033153636	0.14620095690371096	0.23482204827618797
0.242549513419044	0.08840945052002028	0.3074638977818558	0.1449243122644906	0.21665282601458904
0.246194106168436	0.08523025101762695	0.30311414049970464	0.14783531966162944	0.21762618265260275
0.24928682879835148	0.0746996957190342	0.2948941298529205	0.1571955725227971	0.22392377310689648
0.24666959488884366	0.07508488279414421	0.2971190464610156	0.15708694050565802	0.22403953535033824
0.24887669162591192	0.08101775808530164	0.2940676330494033	0.1579711314784148	0.2180667857609681
0.23561445436996642	0.07499761026461285	0.3163853761316297	0.15057884176547917	0.2224237174683116
0.23383807816667518	0.08622185088184316	0.3046271423558928	0.14562822654129837	0.22968470205429026
0.2317937455358009	0.08347064386056362	0.3050144035306265	0.15617835638752645	0.22354285068548232
0.24215627422638109	0.07647243124380448	0.30450695052909765	0.14819171989774688	0.22867262410296968
0.24954394660843135	0.07891188296559558	0.3042193121029544	0.14790207246481663	0.21942278585820182
0.2467408003219013	0.07442534590838257	0.3065553524496005	0.15182822878997676	0.2204502725301386
0.234867594735935	0.07468900575685258	0.3102507685721445	0.15146228459073868	0.228730346344329
0.23789926607029366	0.08847060923492997	0.293752160617075	0.147090431443145	0.23278753263455615
0.23839810679293982	0.0809341458818753	0.3153582239225426	0.1453598667386199	0.21994965666402216
0.23867127661177848	0.078392238882861	0.3168989496561892	0.14723512092718108	0.21880241392198999
0.24526649598261535	0.08379171048470561	0.3006991504762086	0.1551673867507159	0.2150752563057543
0.23942721941968526	0.08908458790179519	0.31167265745448736	0.1467087470616602	0.21310678816237177
0.23520569507883987	0.08982868104369914	0.2945089609965465	0.14997745967895731	0.23047920320195697
0.23361411236417018	0.07839406241505083	0.3020088733507796	0.15608551692740436	0.22989743494259485
0.23791185582685265	0.08868680162781459	0.3013932699395142	0.14432335505601734	0.22768471754980102
0.24547551218945768	0.0898088475372977	0.29567282781191007	0.14411388999021896	0.22492892247111534
0.25124709192064826	0.07851017462118517	0.29413833416465457	0.15774674686939233	0.21835765242411945
0.2396304601077143	0.07864037602280854	0.30061120505361727	0.1533922083802946	0.22772575043556506
0.2376392978344652	0.0776327079113254	0.3099226984176041	0.1520557979075055	0.2227494979290996
0.25181433273762777	0.08361688667828011	0.30503491785516024	0.14825153218887605	0.2112823305400556
0.22930498802514007	0.07987596701700268	0.3156588905403568	0.14866375669464638	0.22649639772285388
0.24490844975005524	0.08614519400833921	0.30081358074490583	0.15135206539506668	0.21678071010163275
0.2313721728710876	0.0809780232651898	0.30884832738302304	0.1572422343571541	0.22155924212354525
0.24953200065375297	0.08343876215770121	0.3117496809722453	0.14348852240424292	0.21179103381205736
0.23784456420032288	0.0839680355627388	0.3122730768002874	0.15200431081709204	0.2139100126195587
0.23921461973627373	0.08698886694211859	0.310701105705173	0.1481359030155418	0.2149595046008926
0.2313810998950333	0.08360682650820994	0.31211687731282167	0.14513915787781317	0.22775603840612169
0.2351728900925546	0.0792337193214597	0.3001492197978787	0.1532607368312977	0.23218343395680907
0.2432172246778025	0.07725510324774916	0.2969879791443531	0.15680802751469552	0.22573166541539952
0.2477425904801907	0.07662223814629936	0.2989334444562377	0.15553362376296903	0.2211681031543029
0.24230387618244054	0.08304568043291294	0.30566195418617204	0.15736561528607768	0.21162287391239656
0.23000135720590856	0.0754086098993833	0.3150922431417632	0.15716443508591382	0.22233335466703086
0.24796333548918403	0.08962445797009914	0.30291224363175495	0.1466663624147248	0.2128336004942368
0.23217107287370073	0.08248571307737346	0.3019417543080438	0.15592916619366073	0.22747229354722107
0.2466828539833631	0.08341420890296816	0.31398081487183727	0.14377127950602062	0.21215084273581064
0.24931088660121253	0.08249647908048889	0.3139002955354571	0.14373917359910562	0.21055316518373557
0.23510198477683264	0.07463047832427414	0.30202530406562605	0.15434758432396373	0.23389464850930317
0.24871582240146436	0.07957073578481279	0.30786076367518767	0.1431924221623237	0.22066025597621122
0.24868542682236458	0.07783775049599514	0.3043224572185048	0.15688737711755685	0.21226698834557836
0.23239367244557302	0.08305282943145913	0.31463076611530977	0.14390748874608839	0.22601524326156947
0.2339347292896446	0.08562436775641655	0.3084896398653616	0.15268000523079503	0.21927125785778198
0.22902890915128232	0.07761692867070451	0.3168117759623134	0.14836556082820412	0.22817682538749537
0.24398840186938245	0.08824344807597324	0.29675730342858525	0.149877712306177	0.2211331343198818
0.24225647830492872	0.07610332053199882	0.3127750371455649	0.15586646142432142	0.21299870259318585
0.2409340108538907	0.08537061173172189	0.3073045039137743	0.15443355055809432	0.2119573229425185
0.24264764110314482	0.07471032172829084	0.30677028512861887	0.15124373923387086	0.2246280128060744
0.2360087839075974	0.08591431913942311	0.3076598704004939	0.14454967893460247	0.22586734761788285
0.24504618538873052	0.08097154194716824	0.30190366486181375	0.15395341348032435	0.21812519432196287
0.23405370881059917	0.08263115424003135	0.2966024643348749	0.15708365332136717	0.22962901929312718
0.2361779077465462	0.08418031628569059	0.30688355626724767	0.1437327503387329	0.22902546936178242
0.24001259882191567	0.08097520416540152	0.3074656410619543	0.1524828224465748	0.2190637335041535
0.2348521182665964	0.08307548813874033	0.31263929541988783	0.15583049003096822	0.213602608143807
0.2383484282851172	0.08410434192035346	0.30858894366362616	0.14929673747755995	0.21966154865334298
0.23130060721217768	0.08464171682893691	0.31697215977393967	0.14993692329846836	0.21714859288647714
0.23711662303718734	0.07560569845302877	0.3119861681552632	0.14340091332355792	0.23189059703096254
0.2486117755320184	0.07460615270168913	0.3075899227468991	0.15526430426451326	0.2139278447548798
0.25053938955058785	0.0875152884688037	0.2982197877961047	0.14616801076252553	0.21755752342197798
0.23282396362886007	0.07658436940176468	0.29984661378566735	0.15749630986943852	0.2332487433142691
0.23286186216280483	0.08626596786817904	0.31536197896059653	0.14649139291438557	0.21901879809403382
0.23475963206800357	0.0854400451471507	0.30853825526517287	0.1473474752898529	0.22391459222981971
0.22973441397555502	0.08761456272444958	0.29587269925287707	0.1550592511461971	0.23171907290092095
0.24338496367274204	0.08159443609806422	0.3052771457369162	0.14953954317772677	0.22020391131455053
0.23346684532373455	0.07990637838075407	0.30059548073433273	0.1547675697877193	0.23126372577345913
0.24734852007805472	0.08822919741277446	0.30183417992158595	0.15068540146998513	0.21190270111759948
0.2491254566037852	0.07897709024272286	0.30133785896000287	0.14747131659408658	0.2230882775994022
0.23342019087680138	0.08616497392495061	0.3089013364056659	0.15110403375960557	0.2204094650329763
0.23305599148147152	0.07647670931248511	0.3058505519843977	0.14909235800568613	0.2355243892159593
0.2385017785903048	0.07709604252567011	0.29379505325756544	0.15491468687105908	0.2356924387554003
0.2325876576209622	0.08375132407458519	0.3166545493356592	0.15345998362657354	0.21354648534221968
0.24692976161018101	0.08401638784715461	0.30275733103329516	0.14975226881849577	0.2165442506908732
0.2359927402011581	0.07471163045383516	0.31302673108267626	0.1459487097678513	0.23032018849447894
0.23516326573965535	0.07584748708222436	0.3116131597567143	0.15223236507408064	0.22514372234732513
0.23380286427088812	0.07637951987363423	0.3095054277866617	0.15067774088345035	0.22963444718536538
0.24189716424424273	0.07641886643790033	0.31637440027873154	0.15443732841886604	0.21087224062025914
0.2521636434865406	0.0896127015703576	0.29676930134702767	0.1433758242739762	0.21807852932209776
0.2378591963526216	0.08941225874612473	0.304468816162868	0.14944409999966812	0.21881562873871732
0.23985223389639126	0.08122704297394646	0.2942582285220364	0.14997867709703655	0.23468381751058906
0.2404006817288309	0.0846623125094872	0.3167226149818908	0.14391615752869305	0.21429823325109784
0.23393879634734516	0.07473283711105014	0.3018821355953985	0.1556028992373697	0.2338433317088363
0.2466017508954249	0.08088311996045812	0.2980607522025036	0.15276759296190423	0.22168678397970892
0.24551416062546227	0.07708318818925292	0.3135047973109339	0.14489437104629596	0.21900348282805474
0.2325668745804614	0.08313109452824566	0.3065964501089926	0.1579644988231795	0.2197410819591205
0.22897666789435078	0.08451651586050242	0.30511944626078236	0.14975997006146075	0.23162739992290343
0.24937443756572614	0.07447065648655563	0.31189923434039274	0.14890940805468247	0.21534626355264272
0.2502154283917601	0.08597594992891658	0.2939014725587007	0.15666829507086266	0.21323885404975973
0.2528453800680086	0.07921754430898004	0.30991944604073984	0.14657472259682536	0.21144290698544593
0.23099581376858352	0.08704294068214671	0.31641596525838045	0.15307762481405052	0.21246765547683855
0.23100932453354994	0.07798634355261397	0.3140479763290688	0.14442393650183458	0.23253241908293248
0.23732040830667378	0.08775428943773238	0.3055107256880459	0.14345772516878755	0.2259568513987602
0.22979115998474026	0.0841859333571962	0.31487118138917625	0.15531266689655626	0.2158390583723308
0.25293835326050995	0.07976399253213108	0.29573951900495693	0.14662095031759376	0.22493718488480802
0.2331640746698554	0.07614462740753082	0.3140502450390906	0.1571400212652902	0.21950103161823276
0.23401244139646232	0.07601486859448638	0.30466303534099043	0.1576495104791134	0.2276601441889472
0.23104396415981307	0.0807072550116381	0.30510621250748376	0.15020831071391325	0.23293425760715158
0.24918099112881323	0.08357618883861881	0.30019062752145015	0.1487463911261793	0.21830580138493827
0.23114857150956217	0.08588164504925537	0.30648923087262847	0.14794445915919094	0.22853609340936284
0.25180235108168036	0.08539096352156683	0.29429841266826384	0.14419073948025699	0.22431753324823173
0.23656992406982094	0.07518356661947184	0.3016665178972876	0.15308636920703622	0.23349362220638314
0.23951447000384934	0.07750950885899645	0.30943573012941905	0.14936556889577712	0.22417472211195777
0.23988597587181087	0.0782279535578818	0.3018131393036588	0.15284601489621902	0.2272269163704293
0.24652844006315167	0.08121205328025752	0.30893930163871935	0.1520659098870099	0.2112542951308613
0.23231958910028275	0.0797939281715868	0.31009099338605034	0.14495210494124983	0.23284338440083005
0.24084324336262203	0.08437157761230878	0.3041622793896437	0.14758196674044094	0.22304093289498433
0.24796877474405513	0.07628574784001892	0.29653676962989794	0.156156787340435	0.22305192044559272
0.2291870841740914	0.07624822260960368	0.3061979975876937	0.155431475079279	0.23293522054933197
0.24073350837002688	0.08072998953656414	0.30198392428783705	0.14952067191326088	0.22703190589231076
0.24889538327431324	0.0828767706821589	0.2999331463558256	0.14906044841839272	0.21923425126930926
0.24043754257839403	0.0867768955982499	0.299417955447568	0.14986432450597748	0.22350328186981036
0.23471699829019632	0.0768510829000305	0.309537647654662	0.15434884733539203	0.2245454238197189
0.25042406622823044	0.07683716546097494	0.3062048605583416	0.14883641343302664	0.21769749431942612
0.23642092957963742	0.08022967153242372	0.3057552744223724	0.14974361172871375	0.22785051273685247
0.2458649232315861	0.08196053131006373	0.30188628789965355	0.14509309332238207	0.2251951642363143
0.2459867004461455	0.08374272834768826	0.31339201403453637	0.1442140864490627	0.21266447072256692
0.23978415111789791	0.08956851871528752	0.30132232852026114	0.14762434822702897	0.22170065341952422
0.2289492528185934	0.08579813577136308	0.31329309413654816	0.14693076122790058	0.22502875604559458
0.24709251574004457	0.08186380296927352	0.3105586391989916	0.14843600197649087	0.21204904011519918
0.24039272854259364	0.08254691819135382	0.2953389681478295	0.14869159568649115	0.23302978943173158
0.2297955853491689	0.08825546709026083	0.31166392227908163	0.1511083737900654	0.21917665149142299
0.23602153021497638	0.0857599306883141	0.31069568911059137	0.14828209395225905	0.2192407560338589
0.25210606357541626	0.07557425057125575	0.30017653382474185	0.1533021517372087	0.21884100029137718
0.23854578009981373	0.0885167193024866	0.2983455031074279	0.14679661167641064	0.22779538581386088
0.23900569844193514	0.07851224000558345	0.3099091812870293	0.15592812059925443	0.21664475966619742
0.24042656880393704	0.08808047242755875	0.30169782558633373	0.14325672609898055	0.2265384070831897
0.24975575423506058	0.08574787241018657	0.2991626495162615	0.15431355175894573	0.21102017207954538
0.2319381544676252	0.08971830963188726	0.30851165867825214	0.1456665497188333	0.22416532750340185
0.2516491469268145	0.08279287534822863	0.3008085631266623	0.14406784789191318	0.22068156670638112
0.2331616003082481	0.08273971824846044	0.3135059831260968	0.1494554208495441	0.2211372774676503
0.22963911324548203	0.0792384997629918	0.3088521804473721	0.1538458107724105	0.2284243957717433
0.24211551212612606	0.07999955660917467	0.30160571806194125	0.1460767641959082	0.23020244900684955
0.2450205705105871	0.07745976189044594	0.3000356961449533	0.15276727690833292	0.22471669454568052
0.23337032791035942	0.08389581379443839	0.3019384082565342	0.156736142870381	0.22405930716828676
0.24457488056499713	0.08491893133496568	0.2981588887011333	0.15181212758641727	0.22053517181248639
0.24523695961720424	0.0867892900863079	0.3103567629815922	0.14609634758276654	0.2115206397321288
0.24597034217879848	0.08180987304512521	0.29561351823967025	0.15661939966256447	0.2199868668738414
0.24376496788922944	0.07494823782178875	0.31632256296206424	0.14627521618143197	0.21868901514548542
0.23391145772663385	0.0747139426448721	0.30046301569708556	0.15784613470860243	0.23306544922280578
0.23655438184926805	0.07649463654819512	0.29934484729982175	0.15750115152225733	0.23010498278045752
0.2301732269480543	0.0772418464230495	0.3113210799281961	0.14848481810934966	0.2327790285913502
0.2469149852265175	0.07569088166645963	0.3086783497091975	0.15594322129319432	0.2127725621046308
0.23695373071101733	0.08934879437017605	0.3093716215644016	0.14578596371052063	0.2185398896438841
0.23687839324832083	0.08972825498117282	0.3056016276635435	0.14588683967497443	0.22190488443198825
0.22960569178455914	0.0834419347829807	0.29992972333675205	0.15418814026003486	0.23283450983567303
0.23606073036461583	0.07963218164125371	0.3080961885206807	0.1492670509461352	0.2269438485273143
0.23627368580942987	0.077812406231421	0.30175023476966417	0.15166030582627746	0.2325033673632073
0.240210453622974	0.08507559451167102	0.30127311307957744	0.1449909919345619	0.2284498468512154
0.2419422435875097	0.0872652909755434	0.30113111735610804	0.14620487034703689	0.22345647773380173
0.2352447089241047	0.07987144032012795	0.30863872460771646	0.14656103970751394	0.22968408644053667
0.23378349356031192	0.0876853186681035	0.30303777484703454	0.15137721655367514	0.22411619637087468
0.23864070692739953	0.08028883422810136	0.31248371115677304	0.14891140980265005	0.2196753378850758
0.24289051337809078	0.08074345085365586	0.294541597074802	0.15117447144222465	0.2306499672512265
0.23664034908672416	0.08008780252632566	0.30610359402714327	0.14766303898299463	0.229505215376812
0.2309124048001983	0.08535975045160282	0.3132922516105937	0.15772927484795052	0.21270631828965436
0.24239377242868593	0.0812152620177589	0.30638075115668173	0.15129284000852616	0.21871737438834699
0.2349349651914227	0.07874487364062079	0.29787175351576634	0.15279004801676307	0.23565835963542686
0.24385905910944317	0.07872909427318832	0.31138459877736907	0.1532696033539397	0.21275764448605952
0.24209299813719126	0.07570307188650671	0.3149124666240388	0.14888518645307214	0.21840627689919087
0.2475587743304024	0.0770439968562604	0.30275512337895205	0.1558655519000241	0.21677655353436076
0.23064395878148658	0.07829137972464506	0.30442999682749144	0.15344502323251197	0.2331896414338647
0.2471675027217774	0.0799936526505977	0.2985834419173673	0.15213294948295247	0.22212245322730487
0.24765190674299603	0.08202657132758606	0.29625836186631027	0.154342687343532	0.21972047271957543
0.23671897389376442	0.0896337920708865	0.30754629135842604	0.15204147762063605	0.21405946505628679
0.2317653050709072	0.08364099118593905	0.3019721679396776	0.15318878580852216	0.2294327499949537
0.23636723949430755	0.0833783846127619	0.3138587745134672	0.1558372722858914	0.2105583290935717
0.23087764037839228	0.07691895542938251	0.2995685228247941	0.1569990417635423	0.23563583960388856
0.24017660213191674	0.08902763024331127	0.29580714110424056	0.14432589954016142	0.23066272698036977
0.2308711484601405	0.08055938861522191	0.3158198100166091	0.1557894414001984	0.21696021150782988
0.24023998639185173	0.08447946861889807	0.3026164958162182	0.1553595430864022	0.21730450608662952
0.24408072750819243	0.0857411193675549	0.29379318245042185	0.15692982935714603	0.21945514131668456
0.24054349889990292	0.08418171342929912	0.3041626337659544	0.14805062167587482	0.2230615322289685
0.24203629452907105	0.07548289291095968	0.30937267244608846	0.14454117359208163	0.22856696652179895
0.22999824558283533	0.08857842183558538	0.30992715334989274	0.1477890639652052	0.22370711526648115
0.25051552444144143	0.0793418308012661	0.3047044641749326	0.14954796733010875	0.21589021325225086
0.24269324135599102	0.0802289285317198	0.3122519484577583	0.1510519886010402	0.21377389305349048
0.25004899900850863	0.07635844893879741	0.3165267769450466	0.1446545219264115	0.2124112531812356
0.2487518753843319	0.07928605622132782	0.29427978409608996	0.1527833693695392	0.22489891492871086
0.25260075610964255	0.08452158957010539	0.29464145655689744	0.14679089926376507	0.2214452984995893
0.24244549776170177	0.07862739767030356	0.30137296973482774	0.14916316939188495	0.22839096544128173
0.24514493203026225	0.08593349846729545	0.29720742483898765	0.15802373292986288	0.21369041173359146
0.23523533760975124	0.08982244188794833	0.31238627469087976	0.15191745083355218	0.21063849497786824
0.24393675143138224	0.08376589405344527	0.2968778232515347	0.14820491430077817	0.22721461696285933
0.2294502400907158	0.07733036235328303	0.3171577821424126	0.15637063962725617	0.21969097578633215
0.2432738404120173	0.07946554192246867	0.2961332037286672	0.15253810122752845	0.22858931270931815
0.24852154309018462	0.0816672482701951	0.2972316610600385	0.14691475797981052	0.225664789599771
0.24203344243521596	0.07927188411605936	0.30996033010555457	0.1496717572117339	0.21906258613143598
0.23690802329535846	0.08961427840220017	0.305188990603987	0.15242941642854377	0.21585929126991035
0.2479344778186002	0.08447213212848959	0.3040436851414519	0.1458652877640241	0.21768441714743397
0.24711492103312174	0.08198495808253017	0.3030621658622022	0.1497457710838907	0.21809218393825497
0.2475322169723479	0.08046399326338707	0.3021335833320971	0.14956518569116573	0.22030502074100194
0.2390984255757992	0.08756469001664058	0.29610788546971956	0.14728068399250374	0.22994831494533668
0.24060151021388004	0.08457539623182914	0.29391519997979115	0.15209896000160772	0.22880893357289173
0.24600517012233217	0.07831557097336499	0.31051818781119045	0.15141129181231755	0.21374977928079464
0.2326461861679669	0.08274105539769286	0.30886886472062247	0.149392774832586	0.22635111888113152
0.2519548075095731	0.07468019125585534	0.2980794404834668	0.14335183062089307	0.23193373013021146
0.24741512622784337	0.08158700792425067	0.29484632499152097	0.14319003254097715	0.2329615083154076
0.22982095615896103	0.08737494010183444	0.2965945325863336	0.15755249163251012	0.22865707952036055
0.24004588543484504	0.07474017357332605	0.3152565775102405	0.15139574786090038	0.21856161562068782
0.23020700280427167	0.07667386990921214	0.3063961128129775	0.1553857096878914	0.23133730478564704
0.23279318405359148	0.0806039769101138	0.31689989295955234	0.1513516401797077	0.2183513058970345
0.2359826693297919	0.0844816757559666	0.29984711714081075	0.15243726152561804	0.2272512762478125
0.2498680271848568	0.08260310656473553	0.2937765297290309	0.1435933784657053	0.23015895805567116
0.23505452121975798	0.08407473411338222	0.29990157636132747	0.15393162778361846	0.2270375405219136
0.2497915276987599	0.08248379422343698	0.3006087817883044	0.1536214992203562	0.21349439706914228
0.23521541887102185	0.07689586985770275	0.31496703239475016	0.15679477100392042	0.21612690787260458
0.23620076789493546	0.07530181332173883	0.30686882557874096	0.1529497220106283	0.22867887119395627
0.2344352632637513	0.0779537835546672	0.31700587845891454	0.15370635157058338	0.21689872315208333
0.22902044088743276	0.08399450322259318	0.3161885307007673	0.15363003829034122	0.2171664868988653
0.2359796671849243	0.08078134993208484	0.2974318249177388	0.15194873617302984	0.23385842179222197
0.2318323439478639	0.07453711739463603	0.3129566817165559	0.15269791001376254	0.22797594692718143
0.22977300112069526	0.08659907946861894	0.31168848831109425	0.14620659600396135	0.22573283509562994
0.2348564344691485	0.07917353553875818	0.3015397974884876	0.14887763138435253	0.235552601119253
0.23134478506102368	0.08658998899922263	0.29778762457943414	0.15204601792931435	0.23223158343100492
0.22904940978078753	0.07661672107062391	0.3144159812140726	0.14737933252844038	0.23253855540607532
0.24764435186619066	0.08109883318762079	0.3056676087610511	0.15304090626953762	0.2125482999155996
0.24013290949447536	0.08315214219203307	0.30246177369440586	0.15625199946192347	0.21800117515716197
0.24431389408767315	0.07624381563433692	0.2967279742212211	0.14939771279150674	0.23331660326526182
0.23631758877890055	0.0819067607553895	0.3060697867396944	0.14906174871650768	0.22664411500950765
0.23929171932408355	0.07861206568807355	0.3107526341225486	0.14460695313611538	0.22673662772917869
0.24154359669530218	0.08516355651582755	0.3000850302649898	0.15220364102786893	0.2210041754960113
0.2365763502370325	0.07831115537082708	0.318471952555899	0.15325959741689493	0.21338094441934632
0.23432861160896296	0.08032320817184002	0.3004627023701011	0.15560564266090693	0.22927983518818873
0.2319069838941638	0.08459239588303927	0.3048693690022607	0.15164443568385505	0.2269868155366809
0.25228495077675617	0.07458436929649975	0.30805474379741826	0.14917201585474904	0.21590392027457656
0.24577077516355417	0.07511475467120349	0.2966103903889731	0.1538676401070584	0.22863643966921063
0.2490735692839206	0.08542446201481346	0.2986523504677267	0.1498054131850779	0.2170442050484611
0.2370973315018962	0.08018472649271216	0.301661181754019	0.1571253904568698	0.2239313697945026
0.2320675091763562	0.08347190595724614	0.30561966276899233	0.14756612630465954	0.23127479579274546
0.23622413374496096	0.08331774727501702	0.3101274963320202	0.15531165612506448	0.2150189665229371
0.2425484618489948	0.08394499724005156	0.3010139720177124	0.1532008913000747	0.2192916775931663
0.25246595351759776	0.076023012939207	0.30611617730632334	0.1496596251016935	0.21573523113517812
0.23777325665786486	0.08069911499908942	0.3105984658519101	0.1461765103384608	0.2247526521526746
0.2351910144862069	0.07943511229921496	0.2987187514166488	0.15379574419402348	0.23285937760390563
0.23548766960072684	0.08447489059665618	0.31160940799897147	0.1562118991747629	0.21221613262888228
0.24677317857153597	0.08981386284826533	0.30048411790180163	0.15209490692531374	0.2108339337530831
0.24644289914874312	0.0794725704051342	0.2960966892877762	0.14834622110152584	0.2296416200568204
0.24821096734813422	0.07464297042102144	0.2973764801173147	0.1514156314481838	0.22835395066534556
0.24858139548580802	0.07637912207774189	0.31338998291426035	0.14607154708926795	0.21557795243292155
0.23438699569907354	0.07954615193519911	0.3139784983984181	0.14944180090395312	0.22264655306335585
0.23349432292763833	0.08393652252391103	0.3142162639752871	0.1501396513816184	0.21821323919154492
0.24405923754831238	0.08495576259108557	0.3079811265943409	0.14401954707960787	0.218984326186653
0.2479225979755724	0.07441668762739997	0.31397992865110463	0.14535364241500648	0.21832714333091624
0.2438484396941485	0.07964371536343555	0.3033992276554545	0.14454356594216625	0.228565051344795
0.24349910270591252	0.07866081502967348	0.29519011078160484	0.15394858727191146	0.22870138421089747
0.23812190240514847	0.07629888397636328	0.3124439668122334	0.15271906451926157	0.22041618228699308
0.24128411446608208	0.08266015942106453	0.2977349565464767	0.1575766302539715	0.22074413931240494
0.23982030911026775	0.08971874647966971	0.300554685192585	0.1557791361680363	0.21412712304944106
0.23424867966788548	0.0788825797375226	0.30836840816504657	0.15010101311984514	0.22839931930969995
0.23671522941936995	0.08087046710909661	0.3079695631844831	0.14368495783153795	0.2307597824555121
0.24874930258910824	0.08542352836598942	0.3029619821295366	0.15127745507139118	0.21158773184397425
0.22885331013300314	0.07912224599703852	0.30286821018203813	0.15704624030092618	0.23210999338699384
0.24596675326980577	0.08616792388578592	0.2963516803418006	0.14787199578885984	0.22364164671374762
0.2518438874551829	0.08261927282673959	0.29825273198387586	0.1453530736746356	0.2219310340595658
0.22988898608105374	0.08177299318955941	0.30595894666025436	0.15211165856478587	0.23026741550434635
0.2306573668380399	0.08492258773771529	0.31757147342707004	0.15082804428121954	0.216020527715955
0.23301914929403597	0.08756599540800848	0.31539735077335784	0.15100253938406855	0.21301496514052887
0.2351943455739886	0.07540239524019021	0.313113607194625	0.14536265182407346	0.23092700016712248
0.23357405160595368	0.0745181679370314	0.3141050265232007	0.14613140597052635	0.2316713479632876
0.22939798226633518	0.08546098201908489	0.3020290961132762	0.15602981739496477	0.22708212220633867
0.23272132909468493	0.08496636795236454	0.31162897860343153	0.14524191602145184	0.2254414083280669
0.2300626099071173	0.08904845911830318	0.31632002315764185	0.14995241231796302	0.21461649549897438
0.24435522971363954	0.08654354867046592	0.2944193858597962	0.15567222107636058	0.21900961467973748
0.2398964608650317	0.08780954551639217	0.30707781858720445	0.14438159896731423	0.2208345760640572
0.2387724165674363	0.08008840051889855	0.31491185047431575	0.14528440747807642	0.2209429249612727
0.24199738125061215	0.07842852493567451	0.3073605044809865	0.14952955180808097	0.22268403752464566
0.23066353361522754	0.07959489094112421	0.31577645112059255	0.15256386924381515	0.2214012550792403
0.2432343131299401	0.08225875730473035	0.298531792212431	0.15517073056752392	0.22080440678537439
0.2355241274361688	0.08379904440096535	0.31156543456264635	0.1475355385459739	0.22157585505424535
0.23587652563711486	0.08054288712143387	0.30200617672883967	0.15031575856622173	0.23125865194638962
0.24822416943244519	0.07524796082747254	0.3079933103662198	0.1449368450731467	0.22359771430071557
0.2450041766258318	0.08197673948330299	0.2939490805320676	0.15204633056274203	0.22702367279605537
0.24570276870150026	0.08683965259730757	0.3005817279655588	0.15477224169275533	0.21210360904287776
0.23015601037737837	0.08388574984774716	0.3079386302363822	0.15769887310559844	0.22032073643289365
0.23277554994549016	0.08870387792941888	0.3049203758184665	0.1476006130647481	0.22599958324187616
0.2417367003477071	0.08331844709033513	0.3064147430592621	0.156487784996935	0.21204232450576044
0.24265575257778355	0.0850908128773759	0.29507601871932	0.15640251807854771	0.22077489774697256
0.24467566482423794	0.08395861546200971	0.30017513957045977	0.14339402136360102	0.22779655877969132
0.2346779556106625	0.08913366399166309	0.2964928526017443	0.15519171386336453	0.22450381393256538
0.2391228026499733	0.08239676843024422	0.30203183752610485	0.14887962423720663	0.22756896715647076
0.2453232621468462	0.08095031822754874	0.2966648817071863	0.15393105218940495	0.22313048572901356
0.23887409304741275	0.08102900959977402	0.3006661300279598	0.14569809696357452	0.23373267036127865
0.238267807019766	0.08180497685220316	0.30825974277650076	0.15167610826695735	0.21999136508457248
0.2406781690499254	0.08188257720631946	0.30098852538737253	0.14498393300792664	0.23146679534845568
0.23995537428095012	0.08400120724293256	0.31094353653793183	0.15454112893038469	0.21055875300780053
0.23928833915644698	0.08333133520263382	0.3136451319981249	0.15056445242908126	0.21317074121371282
0.25126771187088426	0.086588085815115	0.2966615463579927	0.15406732282966573	0.2114153331263421
0.24010125730681842	0.07584121847234457	0.3168529636245103	0.14475127686958036	0.2224532837267461
0.2452780751434475	0.0813445515295635	0.3141927467917779	0.1451336939708471	0.21405093256436372
0.23943792270984388	0.08373486423539023	0.30508560531924933	0.15330713656706033	0.21843447116845602
0.24826153966885786	0.08559952984711182	0.3059873270100144	0.1443600987558409	0.2157915047181747
0.23619257323037843	0.07846326043909706	0.31023955105548773	0.1528908351454792	0.22221378012955734
0.2403031943940284	0.08498211855160522	0.30917615630076767	0.15113977806405499	0.21439875268954345
0.23568077890359845	0.07900224363930287	0.29398324126960207	0.1570992980312424	0.23423443815625394
0.23421153178715015	0.07907469808058841	0.3119494187882934	0.15698077483983605	0.2177835765041318
0.24114148958880535	0.0806706047343522	0.3041726155574819	0.1524368715160166	0.22157841860334376
0.23532911961435887	0.08418678745235235	0.3023945007616226	0.1546415520541486	0.22344804011751737
0.2500063564705164	0.07919917488135148	0.29967902307347044	0.1454664533892931	0.22564899218536832
0.23600051602216227	0.08410748624595876	0.29852854002601564	0.15790770751276115	0.2234557501931019
0.24458630886570268	0.08183822173862734	0.30703347658613434	0.14878575380373973	0.21775623900579566
0.23380422031544165	0.08712214668308388	0.2951060145569978	0.15404328895036645	0.22992432949410999
0.25306009500894366	0.07648415040564825	0.31091890739762423	0.1463488367759473	0.21318801041183633
0.2470715346875167	0.07937800971304908	0.2975273430554638	0.15623261228921836	0.21979050025475183
0.24797239022159828	0.08713232306331228	0.3052701787156307	0.1490964597495404	0.21052864824991807
0.23296496543407647	0.08865894848204935	0.2981635228271279	0.14821277840810232	0.23199978484864375
0.24336680198136543	0.08419982822532458	0.30966113519569116	0.150575360331247	0.21219687426637157
0.24676867862866939	0.08666815195635702	0.3018684919119546	0.15343211948006852	0.21126255802295024
0.24654066952520465	0.07595274017781857	0.3107434132125434	0.15216942237232492	0.21459375471210826
0.23392425752098028	0.08747576675574079	0.3024764042932043	0.1515871242190616	0.22453644721101274
0.24077769831366697	0.08691589143413728	0.3090285406639618	0.14691369245657437	0.2163641771316594
0.2377882575293604	0.07479110677439738	0.3095806083313932	0.14539538787462752	0.23244463949022126
0.23036773992717574	0.08480063435460329	0.31473844594726036	0.15268496476110727	0.21740821500985308
0.22921959728056499	0.07916816778018783	0.3092516400806268	0.15014174573434602	0.23221884912427415
0.25007066145176277	0.084846267250465	0.29505675065187686	0.14996961434849054	0.2200567062974046
0.23216505832405349	0.08435381144462581	0.3074322470277936	0.14400948819685813	0.2320393950066687
0.23589685363340301	0.0757313053366821	0.3112848834464569	0.15391054042806981	0.22317641715538797
0.23153545312888787	0.0817377821247766	0.31495115163609255	0.14812201507915468	0.22365359803108809
0.24097825011205645	0.08675769529901158	0.2988996912407942	0.15318702147108398	0.22017734187705357
0.23068579897003832	0.08158963431816514	0.3178431816186328	0.15265691929017255	0.21722446580299096
0.22953361732285574	0.07926359624345555	0.31475941072939545	0.15381858594893433	0.22262478975535874
0.23739161277374674	0.08311278826958762	0.3157477433876822	0.14327182411961775	0.22047603144936548
0.23169117637284728	0.08741490428087345	0.3008628408483143	0.1555373107310633	0.2244937677669015
0.24510443166795415	0.07673223657250192	0.30538456776747147	0.15597712899945038	0.21680163499262187
0.2339717339235338	0.07886948591983003	0.3083092679292962	0.15760980229777563	0.22123970992956407
0.23184785614259512	0.08668245319090724	0.3046515923153138	0.15215314511891112	0.22466495323227248
0.2535467774263292	0.08801851429055722	0.2946870193961944	0.14734602610503175	0.2164016627818872
0.23304567664021883	0.08216430014976149	0.31855699061472603	0.15107127813706944	0.21516175445822397
0.2414038730649776	0.0746573013636965	0.30738063990908293	0.1563283232987834	0.22022986236345932
0.24320686708932387	0.08142259341894459	0.305407543437489	0.14467346066534925	0.22528953538889307
0.23391021832566153	0.08473466185476408	0.2954315540661423	0.1570256562220535	0.22889790953137829
0.24644305255838114	0.07512450870074507	0.30629926762520143	0.14517732787616694	0.22695584323950518
0.2509875165201576	0.07545519249193425	0.3100723118119203	0.1432852964185843	0.22019968275740326
0.23932185140277262	0.07460104818190871	0.30161569894388074	0.15546329248866123	0.2289981089827764
0.22911038267286235	0.07478256296877028	0.3133118122023289	0.15715497747449472	0.22564026468154347
0.2485736353671676	0.08378553163426587	0.3064997819718481	0.14645589948277318	0.21468515154394502
0.23154036699520242	0.08534217594340318	0.31103121076095586	0.14373850556885492	0.22834774073158337
0.24532630884079093	0.0886902011453315	0.30889433040994363	0.14396148510910825	0.21312767449482542
0.2372028605443015	0.07705778886050009	0.31675575240104537	0.15001468570800847	0.21896891248614433
0.23265117268259305	0.08296979932972331	0.30733896756614565	0.15189684474981358	0.2251432156717242
0.24215932558915026	0.07957311555926658	0.30777897048787484	0.14457376839355152	0.22591481997015656
0.23997766453360506	0.07613540353067609	0.2974355006542212	0.15764953054375136	0.22880190073774606
0.24064961174044414	0.08474367498733078	0.31147276950339686	0.14320016583248835	0.21993377793633961
0.23730294329652032	0.0808270969512918	0.3147909079673831	0.1510946879379948	0.21598436384680972
0.2504175560704409	0.07968275315461895	0.31222775641223144	0.14599955503374282	0.21167237932896565
0.24548966700756697	0.08491928552839459	0.31233276740737326	0.14538557453576872	0.21187270552089624
0.23530731552590206	0.07793598491315935	0.3127517449186727	0.14751450135284933	0.22649045328941636
0.24021479193658202	0.08524730675319482	0.2999977750245283	0.15790346397120017	0.21663666231449444
0.2462511411891752	0.07557133259546507	0.31882369246809306	0.14707139714510753	0.21228243660215892
0.23452638939331122	0.07713311285839282	0.3186336824912887	0.14709051693219663	0.22261629832481036
0.24741485188513998	0.07867296740063626	0.2952199416523783	0.15806040054563655	0.22063183851620868
0.23011200411827767	0.0850838979968303	0.30410471478653256	0.15358835874998125	0.22711102434837793
0.2296910047473688	0.07902373347597941	0.30981312280493495	0.15115217163092004	0.23031996734079654
0.23905045685809392	0.08747891457344624	0.3178725115750384	0.14388260691608662	0.21171551007733455
0.2361114785700072	0.08454718226633275	0.30466686782586916	0.1512768071235201	0.22339766421427054
0.24776178055685014	0.07978091964796047	0.29629032186600246	0.15745765425833036	0.21870932367085633
0.2329998189111901	0.07813262227176712	0.30622490635160976	0.15633842442362533	0.22630422804180744
0.23369651560266536	0.07722362205672799	0.3141194824933023	0.15576599634722652	0.2191943835000776
0.2442233753999472	0.07630756028056242	0.3117241879385888	0.15047991590065382	0.21726496048024754
0.2291106384002074	0.07486538017220831	0.31528928503666787	0.14905228385229516	0.23168241253862099
0.23781603136004437	0.08970324132059952	0.2994277487228443	0.1520343190655874	0.2210186595309242
0.23090461305433466	0.08434180715295105	0.3122174255756154	0.1576098105786629	0.21492634363843577
0.2300605376168624	0.07982524445424678	0.3188143811439925	0.14386892680701419	0.2274309099778839
0.24165458554933172	0.08230806369611501	0.3001975246257039	0.15812743193889606	0.21771239418995303
0.252994550042264	0.08269418404521793	0.3082340579421746	0.14405516809640065	0.21202203987394258
0.2302122781682276	0.08971613525736072	0.29656724094751213	0.1511458495120621	0.2323584961148372
0.24843536466298613	0.08975753311264244	0.3034393702319883	0.14576833269445644	0.21259939929792646
0.25294120371393947	0.08407259095222501	0.2981476041185329	0.14967902427208174	0.21515957694322063
0.24573047466791076	0.08636338770801924	0.2986386114049849	0.15160046424114823	0.21766706197793664
0.2413294089093319	0.07566677713864932	0.3045226809031571	0.1551444744270854	0.223336658621776
0.24082136686369263	0.0799368424380437	0.3023643302448972	0.15665813363749914	0.22021932681586714
0.23263768809353635	0.0839166349220865	0.3184906747818325	0.14635653170773563	0.21859847049480874
0.23700092727920763	0.07764576211723634	0.30649474196386456	0.1444821800366931	0.23437638860299811
0.23722370759823294	0.08724017247903242	0.2994667525656558	0.1485474318528197	0.22752193550425892
