0.0333461931441523	0.11672238148401759	0.1128489053588108	0.18960985169621597	0.053677324155272016	0.16738558749416915	0.07120650556989594	0.08948459801356318	0.01666435461747595	0.14905429846642707
0.02765154679248251	0.02986828938368226	0.12276560913123706	0.1696040542384326	0.05835560605108738	0.18110513642484688	0.06562699928023127	0.1535100304650313	0.01757465357943025	0.17393807465353844
0.02092417994546618	0.023487592965257126	0.12145068847282436	0.18662030439912075	0.0552572058781333	0.17227723726619892	0.06421596902663702	0.1885411300947098	0.021856283497029005	0.1453694084546235
0.02103059815411601	0.09446048594176808	0.13836912217643496	0.16865826987453506	0.04658515096658145	0.18098699554109388	0.0636155315807151	0.08930032954725382	0.01966620124439429	0.17732731497310744
0.01793682475570786	0.16976934474291427	0.10993436432594206	0.18331254167560865	0.060249832777811714	0.16759773592210236	0.0750216002519092	0.052957533552965536	0.014565833036175452	0.148654388958863
0.017996718630381867	0.09335183635714914	0.11518687320435726	0.1817616315657184	0.04650991857068419	0.1965731530749184	0.0762934566502882	0.08866794177551153	0.01902295302702274	0.1646355171439683
0.014367074263859345	0.18884653210253388	0.11345076533252943	0.1464300744652383	0.0673060798633986	0.19547302959997026	0.060962544631901996	0.01786957638789935	0.03203604477092534	0.16325827858174358
0.02350465162000623	0.16026262794734647	0.1343967409291308	0.1570299759209453	0.05858760052624558	0.19072111601090347	0.0746800082811164	0.019922563825691714	0.015950500315171257	0.1649442146234428
0.028424479131961347	0.15658829164069196	0.13628725258338245	0.15235709903289882	0.04767761135872118	0.17038728054833263	0.06398518686800359	0.05924664338104658	0.013541791291937708	0.17150436416302375
0.01214681631947874	0.13740677487804465	0.11490613527795825	0.1820245505214097	0.0621551756450367	0.1731272667043488	0.0749218889353796	0.053021252192741945	0.029457219762600767	0.16083291976300093
0.017271761101914987	0.12881168317813355	0.13310336874600454	0.1768912823258703	0.0634348663305171	0.19599590769485575	0.05978105601254841	0.05544327456760159	0.014225145760382071	0.15504165428217176
0.018730443865118573	0.025595805754303924	0.13451577936155518	0.15105923700785823	0.07090133708054097	0.19030103760719844	0.07244753031247397	0.1528936910626718	0.033373890214231	0.15018124773404798
0.023829310824196634	0.0884169919272226	0.1174044116071307	0.14797591629288237	0.07152950229685565	0.17193905032568713	0.06027868719639007	0.144313686935745	0.029396985229929368	0.14491545736396047
0.03237223313939626	0.09690855281172142	0.13201658458176443	0.17620043625238518	0.06851759392249704	0.1848772214447446	0.060491956450448386	0.07604613836631578	0.02920047087826133	0.1433688121524655
0.014835566673930628	0.13570862174310103	0.12228986479234494	0.15866089411591483	0.06624775319302617	0.176607136177388	0.07287252255961409	0.046375373741348556	0.028144970240726444	0.17825729676260535
0.025188652783803764	0.12680772697694048	0.13556218167972808	0.15451829321238475	0.06421373416862075	0.16094854741882772	0.06362860010405984	0.0747025946210688	0.02832556810825146	0.16610410092631434
0.026370646199849773	0.10054045802201261	0.1331180170023773	0.14732271962901722	0.05890401960421856	0.18696936029665484	0.070884319056893	0.10096439698283248	0.021636010257145885	0.15329005294899833
0.031732129157540964	0.1319519746593138	0.13674323730304314	0.16287460515017071	0.06253248956361204	0.18628802185649335	0.06759039744189324	0.023987427079100163	0.01966622688913816	0.17663349089969443
0.013809517376335886	0.21535198117037369	0.11016221678644658	0.15163866308892157	0.048283630106615884	0.17257076323960213	0.0750693283217944	0.024835754219526315	0.031595629936552475	0.15668251575383108
0.018543847334103025	0.1795740340902176	0.11206031683548257	0.14793201351478918	0.07138007119769325	0.203701563429652	0.059013322757567606	0.024527410887620782	0.025122802106283204	0.15814461784659084
0.03323102612195436	0.12479384546614201	0.13031841039439898	0.1730694587535638	0.0653998861073929	0.1842602361869471	0.06159542265852418	0.0534505548961457	0.01457484959333799	0.159306309821593
0.019673635198502334	0.11187169186847286	0.13295611524711617	0.17731548718738682	0.05437670866212208	0.16076454771748633	0.0705368700224772	0.10283076169008239	0.02022290563372059	0.14945127677263323
0.017707674634984183	0.028937138994488965	0.1284139195158456	0.16585997462347585	0.0745012455914135	0.1762919841770282	0.0697852887333967	0.13851914305596275	0.024200119861441396	0.17578351081196286
0.02678993409229158	0.11909569820459678	0.13560418986560208	0.16779186244815442	0.05617668130721741	0.16805024656999124	0.06100326499872186	0.08392823720749629	0.031050842093751876	0.15050904321217656
0.022140036845040303	0.05803516771053273	0.11650563137910659	0.19095065218282753	0.06033278309258274	0.17841829332305817	0.07162371345475566	0.12631627358830047	0.029805233972731743	0.14587221445106402
0.02261560419471137	0.03441089226845427	0.1342148463664201	0.1501069829712706	0.06768818217069067	0.16266473059769226	0.06308441399645698	0.1630777873697039	0.02560787886875518	0.1765286811958447
0.015794784107309015	0.051931297397218995	0.12375778867936743	0.16324676253536757	0.050204869686681156	0.17266420149811001	0.07347160149566928	0.16566637742717222	0.019588189916233678	0.16367412725687064
0.017117250975658624	0.12111076664097711	0.1304607471808359	0.18596506681897867	0.04642765594925246	0.16597420012449443	0.06493756008079452	0.05675172951491979	0.03068105570079603	0.18057396701329254
0.015230913814677852	0.10266633420446311	0.13592670812713217	0.18238964610166492	0.07233291940763029	0.17181872497531267	0.06233369451965002	0.07025734716742069	0.01318379503285716	0.17385991664919112
0.02419046877739138	0.09287553914812456	0.12852902724896656	0.14802407258480468	0.07448492361847993	0.17428429281079344	0.06030153037217811	0.10432793381553697	0.02067224386838276	0.17230996775534166
0.02500750075975465	0.0962021254353738	0.11276434519157472	0.15406115993728312	0.053708088452321424	0.17042565483173538	0.07044087098768358	0.13383178121249217	0.02337646118910515	0.16018201200267607
0.011159681418467002	0.13317305632294674	0.13086120467428158	0.1791158559474939	0.07076864901355348	0.1795770810939788	0.06096901084027802	0.018207600657148423	0.03200134234154102	0.18416651769031114
0.0327981906834804	0.05057167614916177	0.11614663437609907	0.1876341455357859	0.05007745982774941	0.20018005473758088	0.05890085679346592	0.10579383769324473	0.012145553809566736	0.18575159039386524
0.013593886931115254	0.1964277792811409	0.11201232809659845	0.16390381152547945	0.04868796924837192	0.1825413357824509	0.06368051828849705	0.0433144430335821	0.02392778333259414	0.15191014448016982
0.02043517412389302	0.14050417982625507	0.11953884924740923	0.1737586668573003	0.059796857820093904	0.16125345319427964	0.061777471034245135	0.07432438565438358	0.030231404353642216	0.15837955788849795
0.027396095853310598	0.2151346994666279	0.11062134428464973	0.15250846391110975	0.05490432162164369	0.1750929141175963	0.06125426656433624	0.022943602450248277	0.027241826732404828	0.15290246499807275
0.03317444083660677	0.15668027038318913	0.11866417544897744	0.14913201802632245	0.07071265512933009	0.18935627984609782	0.06659177197332855	0.01155969870295577	0.01925899139711884	0.18486969825607313
0.019405377381828487	0.14682738373147264	0.123850057677261	0.18461893161032933	0.049097649090519654	0.1652785574642252	0.07535189417115247	0.04515955999870771	0.01866872155919741	0.17174186731530616
0.020126115022346736	0.12527833581660827	0.12097062979093454	0.17185786519969373	0.06177719070711079	0.17764400641093828	0.06588627283922908	0.08850895320309529	0.017904482737099492	0.15004614827294377
0.010973249359331402	0.0654006873982133	0.11121217809485337	0.1780850229298401	0.06732425825181083	0.1685220662515161	0.06517800303727889	0.14604084397483189	0.03130925884353976	0.1559544318587844
0.019695459105191424	0.01441319972338663	0.13593984300242395	0.17959494367411455	0.056193522240933776	0.18028222889455478	0.07615683125682837	0.127417720386786	0.026587710815251672	0.18371854090052891
0.018096408686290963	0.04095471380441622	0.13702950559652752	0.17173187061828465	0.055104102042209446	0.1915027348040503	0.07369918773345945	0.11584952811878768	0.030022606721833517	0.16600934187414024
0.011593001453488516	0.05904616240841819	0.12300512444228186	0.1468057329377864	0.05791863200723492	0.19170602436583228	0.06453848761786402	0.14738315013136263	0.028839070545085388	0.16916461409064582
0.033033302683298585	0.03581143413288328	0.11883160739055249	0.17684531596791336	0.07046768244574719	0.20124654087210064	0.060048850086050265	0.12375017768727861	0.023152082562948068	0.15681300617122754
0.019864952050820603	0.1049306796416634	0.12943026784733014	0.1576966085465876	0.06054105241112431	0.1906947080792224	0.07224682623479212	0.10388984299382274	0.01917889144647504	0.14152617074816168
0.02478796317004328	0.04140232748004979	0.13117885468229962	0.16721087595503434	0.05598339654371697	0.1911298247689795	0.06371422311459454	0.14445642913894136	0.021908923338712652	0.15822718180762801
0.024196766341833542	0.05893485707159136	0.12526897801159576	0.1753810140183849	0.05030135171340691	0.18452316342780006	0.06011875009044919	0.10583947322359907	0.03104406342693425	0.18439158267440497
0.02470673694338439	0.013638604301938514	0.11795198510477495	0.17814630694662675	0.06255103380425989	0.17529057510351126	0.07615797789190061	0.179800168121101	0.014121597900473085	0.15763501388202952
0.015395435264866919	0.05449372703287955	0.11346166764284503	0.15530669778915895	0.06350189921020158	0.17208795144805744	0.0717515707957195	0.16042317144763482	0.016552749516264162	0.17702512985237212
0.028790723224301082	0.17032466893485287	0.11978407173302569	0.14509284942925454	0.07193908556672904	0.1923163298903992	0.05972709627718323	0.02359206468043039	0.02237471307756446	0.16605839718625948
0.01785034696608534	0.1610727854484925	0.11834051230513908	0.14919912611789155	0.04663146446273913	0.16459035828987117	0.06695785990985256	0.0976345031106967	0.013341416953327717	0.16438162643590426
0.025030290032158467	0.12980561656121067	0.12715810377356768	0.16565242395661672	0.060122081552436736	0.16220116740479226	0.06563989586289046	0.08328112982203525	0.018263590672871463	0.16284570036142026
0.020923314462195156	0.07131008926660429	0.12298278029208759	0.1820534516259411	0.06180974837931551	0.16487093560877392	0.06968729182611552	0.10339048360866789	0.024839271850363248	0.17813263307993582
0.01184857987563237	0.10571765787702878	0.11884053572546555	0.16189602054508773	0.07379467169460588	0.1948535800113383	0.06347785918583528	0.0917603034591982	0.027703341058581604	0.1501074505672264
0.026487766304443647	0.18405562972862988	0.11126195868721295	0.17534563620927016	0.05268226656553707	0.1723637181690813	0.0613284112422338	0.021313976124731432	0.030393731472759894	0.16476690549609985
0.013833015043495642	0.042542146376614215	0.11716179592747557	0.18186273292629063	0.050424676052806656	0.19446638867271765	0.06720455442230974	0.12703571505265365	0.02662342231542443	0.17884555321021187
0.023850558019073556	0.15490160324508706	0.1139847586245942	0.1794627200054101	0.07300786901895279	0.1622542059288541	0.060499886682114624	0.06314849038055195	0.023797594883262274	0.14509231321209937
0.025779862999773875	0.0792371387968146	0.1200501466125869	0.17236277165504937	0.07133541264633922	0.18143653616321348	0.0600843908765726	0.07834669807102404	0.03377768026200717	0.17758936191661873
0.016999423201790917	0.012351097103389844	0.13223916773200955	0.16327737066482562	0.07254998163862159	0.18277764367861254	0.06959158114125118	0.15425600297142328	0.020435794419411055	0.17552193744866446
0.024526323625499252	0.06635222425513859	0.113163859288876	0.17490808929297919	0.055763234167352745	0.1741608728345374	0.0704406070200585	0.11163562004546455	0.02462393989086177	0.184425229579232
0.02528770211009569	0.08335687448144923	0.13429199889454618	0.17739889894758126	0.04989142480423918	0.1914145741152789	0.06340102772980222	0.10759314426403511	0.016804186599142484	0.15056016805382982
0.03223525865905784	0.14222844158367123	0.11243339545879012	0.14650467085462004	0.047496829944979224	0.18117725133148987	0.06489661697671885	0.10030318012340775	0.012532852674665362	0.16019150239259972
0.03179975918896051	0.12698368953885777	0.13726481934581491	0.17903705346238524	0.05156001706276843	0.18279598570727207	0.07380212108595066	0.04731158329769396	0.029118262866100225	0.1403267084441963
0.011698200470456263	0.14906192123191145	0.1099482658382305	0.16867936567186753	0.05630041830803868	0.16120918605027568	0.06940812777145103	0.1035387222554092	0.013295243615581112	0.15686054878677858
0.022742609271345013	0.10509733004901693	0.11335967033378237	0.15611120348341426	0.05945925942768128	0.1696087384523175	0.06515963966613778	0.10932328897037343	0.014226438555255252	0.18491182179067625
0.01718201826590303	0.15149107881726315	0.11871684745223077	0.15764820122592477	0.06564138321371053	0.18341120542203349	0.06069893873073763	0.07520344775479788	0.027209419120141853	0.1427974599972569
0.011244346787274331	0.07295082482915768	0.1113533960758824	0.16606061751884582	0.06197376264034649	0.16306833345726218	0.06344467393613051	0.15615711444541275	0.028942271365089672	0.16480465894459817
0.012418089356038955	0.05622653371399837	0.1311011852972119	0.15839773255862066	0.06279724271881279	0.18130589276034825	0.07483713366997166	0.12368539229593395	0.014185363343645202	0.1850454342854183
0.03293704127997023	0.1548287775776103	0.12017573524915484	0.14932112055322008	0.06053562040020736	0.1817764589322703	0.0676570174740606	0.055367295166335935	0.03042917947115696	0.1469717538960134
0.028587121375349356	0.143173477782432	0.12480769609589287	0.15734950298547884	0.05065387371389267	0.17686727930462126	0.07215927676222444	0.06863580383823596	0.0223978319799899	0.15536813616188272
0.023894853641018135	0.15999168296672217	0.12178197210521889	0.17066338260700828	0.05963807455622901	0.1875996596885932	0.06208988122748477	0.04884134420707403	0.01565283014846923	0.1498463188521823
0.01684974095521649	0.18924849413151107	0.13581616980701788	0.15429620508778552	0.048480475162286395	0.18102032119419026	0.06943448197070182	0.03515988678531355	0.020399680939389542	0.1492945439665875
0.027816149233208826	0.018664908628532623	0.1285470692527117	0.14754888013892842	0.049403264407266896	0.20053971689464534	0.06448649434455436	0.17270223498669468	0.016236972099180333	0.17405431001427676
0.016192161358540152	0.10686188793626127	0.11663452955854256	0.16604958269862244	0.07131949221518506	0.18867408682308856	0.07382350972467676	0.08725690136476073	0.02876871354011587	0.14441913478020657
0.02124291175807423	0.13066838911003475	0.1171539122449222	0.1872482713962153	0.06086500661681645	0.19870520454251075	0.05899497028073392	0.04587207172483807	0.02027669259117175	0.15897256973468257
0.017821251981186573	0.1662360604892822	0.11741277997426651	0.16185116621766252	0.06948058806295399	0.19113365957511533	0.06327182882143798	0.0098629128873442	0.020542894249279298	0.1823868577414714
0.01748077257387319	0.1269250845031943	0.1269189388446044	0.15975192984127198	0.06408654496212238	0.18273531095048512	0.06298935936665528	0.057009096008513935	0.02042049149073684	0.18168247145854252
0.01377735461791045	0.1446552225612377	0.13667820200274697	0.14659964087559066	0.07358713939677784	0.18051217152041707	0.06701197379101712	0.043046130439039536	0.030557918516001842	0.16357424627926087
0.018321503763811336	0.06601057708499379	0.12356075959947217	0.18011096701216875	0.05665243498320006	0.2008670269004077	0.0666763220614946	0.12067744841143799	0.02056258035913637	0.14656037982387726
0.02361914794431838	0.11960353666041096	0.12754784334451644	0.16983066346405323	0.06368345063068896	0.18086633988916978	0.06818343866162224	0.03578780920683387	0.03273016928240273	0.17814760091598342
0.013829373718590346	0.13816619089244575	0.11195483709677165	0.16690388829096908	0.06673753203013924	0.19879931859449745	0.06910584603045902	0.030529539108210768	0.01953053546214395	0.18444293877577278
0.016605077952868738	0.06248259765545858	0.11570384755983262	0.1653544634912259	0.057759277327597634	0.18108151028455596	0.06123964232254775	0.13442360330679617	0.023998216857758922	0.18135176324135774
0.02555870663041919	0.133571179683215	0.12472784415514171	0.1791955297624267	0.056662807019373956	0.17501398675457014	0.06399105664219139	0.05758798390052224	0.029246223235922922	0.1544446822162168
0.029140891943511202	0.07348468400415221	0.12025582294317852	0.15095184505628811	0.07273357580672135	0.1821237315914545	0.0714461583410639	0.1262770121243667	0.011914608905785662	0.16167166928347787
0.027164236979763473	0.11422764533088495	0.13035727224341784	0.16175445072193184	0.07418388535187859	0.17701175003531697	0.06874923321195275	0.04957847691340612	0.03182876161816964	0.16514428759327782
0.029991367247631476	0.027941924139832375	0.13556565582224975	0.145983188804001	0.061137601761014584	0.20259911841676614	0.07418167437652379	0.12058814697696796	0.01991567278786255	0.1820956496671504
0.015569586387995424	0.04509649785850147	0.12836384577464502	0.1903658904317301	0.05743802262879829	0.18165292033230512	0.06849880852729867	0.13202796368686942	0.017196152360218014	0.16379031201163852
0.019519132799431044	0.05100530171583626	0.12053495073428985	0.14644384719615322	0.0691493453141089	0.18265204376087102	0.07575286304754554	0.1306402560161802	0.028476489615650774	0.1758257697999332
0.029737364651131484	0.04531253543114421	0.11096396855322806	0.17683706402785734	0.06153329986318227	0.19138461531215056	0.06035308358942173	0.15214284679028306	0.02214465001048649	0.14959057177111484
0.014322222535647813	0.03644235257665954	0.11302239850130302	0.16564399128826018	0.0717305559018664	0.1854578954937532	0.06993890735300537	0.14708250964022312	0.0252716080966824	0.17108755861259894
0.026411004349446557	0.09109417317446321	0.12814334835427163	0.16907328642685487	0.06322321980825932	0.1739742436264476	0.05875596504814905	0.08375111390302377	0.03179334973513427	0.1737802955739497
0.0107419418577714	0.2273864668517539	0.12894964302891992	0.14861084392386315	0.04651224905657653	0.16095106647819696	0.06315729030169012	0.03836211197028688	0.03236953534856524	0.14295885118237592
0.03145369334726947	0.14466213302829312	0.1324361758388581	0.18835238540675625	0.04804420809164745	0.1645545210167021	0.060432291271701195	0.032404903492935996	0.03173670175207732	0.165922986753759
0.02814706392214618	0.13276072133315406	0.1161796829242849	0.17276162029577274	0.056549386255475544	0.16812107002045779	0.0625534081607321	0.08539919193712729	0.012205044656903974	0.16532281049394548
0.012970960325892844	0.1788586561099817	0.11677681793068578	0.16207853599675273	0.06265612814799279	0.20148625161923314	0.06301504145068082	0.017127521262822146	0.02486829011165287	0.16016179704430528
0.02260359499886254	0.1951997913707562	0.1095854301320807	0.15050737783129692	0.06066812801040193	0.16298896518639866	0.07279221574951064	0.05750876128996828	0.022450817235128873	0.14569491819559532
0.0287309348813323	0.13146657784912105	0.11928672461741366	0.18100886411404854	0.07155428430697967	0.1956242201957899	0.07092643428744903	0.01450877053089078	0.02283035611554113	0.16406283310143394
0.01497009919333571	0.20191438458130428	0.12257217668516648	0.15395260065062907	0.04760821476821038	0.17477785945916374	0.06237103454219411	0.05477086977430267	0.02598569082623063	0.14107706951946292
0.01765402934429279	0.1409441522393742	0.13050396430146094	0.15827781776027466	0.06229139229766333	0.20025406083908331	0.06110960698832605	0.06725915777572897	0.017590697605541383	0.1441151208482543
0.029786609782420412	0.11200047937909963	0.13666835016206455	0.1608517166681528	0.05380854431526694	0.16534348646525698	0.07220491740464552	0.057472670043794125	0.028348569529956222	0.18351465624934288
0.030723208432500024	0.11248546772016568	0.12489177394038319	0.17267791152341955	0.04829288699984036	0.1799721304266114	0.06068071890563906	0.09625198767359826	0.024570758899020342	0.1494531554788222
0.01239428695073315	0.07420056665947045	0.13110752646602797	0.16609188451278364	0.05948960337828943	0.1799819181553598	0.060959727230657304	0.11900538270998376	0.012350688916861419	0.18441841501983314
0.032328762586121704	0.13764117359624883	0.12502326934346797	0.18790555821448918	0.04931077408845154	0.17800180174482927	0.05915348224318066	0.06213825590863356	0.01675941053809625	0.15173751173648103
0.02829353481605583	0.09176884566050862	0.12139989012710942	0.17449042999123116	0.0611871077648039	0.18824849552301404	0.07229350320966851	0.08759861457735668	0.020852777898585945	0.15386680043166598
0.03342747590492426	0.13400573305336222	0.12556139147813788	0.17772552343512216	0.04852349166222204	0.16080750907981828	0.07521485952627502	0.05692660674273814	0.028851748656017945	0.15895566046138201
0.03350503547192084	0.16137890552060652	0.11577289121960897	0.14522625996041139	0.04735043297137248	0.17500835289959232	0.0759711204785469	0.05522219742428426	0.02046215115655453	0.1701026528971018
0.015484422848592957	0.07047764988702124	0.12262287774400898	0.18385529385169336	0.07386888849834905	0.19183170383252846	0.059250970031883746	0.10396080888285994	0.022433879598246456	0.15621350482481586
0.02006188540399305	0.13386505662612116	0.11055161669745277	0.18343956431568453	0.05793673528338973	0.16438012607621888	0.06503171616200226	0.06318773972655625	0.016522750904681582	0.18502280880389976
0.030170004823396504	0.18236069053600124	0.1273439111210159	0.15855223860055134	0.06796737521430145	0.1648732499447068	0.07115661628831887	0.014485304245309916	0.0220891352987458	0.16100147392765224
0.025556186535753825	0.19009494341459687	0.11003850672901341	0.1767646227368638	0.050987979121390525	0.17920351464382295	0.059725273788689526	0.03139057375850017	0.028255566866218718	0.14798283240515026
0.012322152885868978	0.1961961600820915	0.11172804400935152	0.15203345939371782	0.04947244596033865	0.20007315622465038	0.06045000065485054	0.010030032963512278	0.030332280187313126	0.1773622676383052
0.01577860430861587	0.12378693789339099	0.11486987384849627	0.15808427539243486	0.07194547360930403	0.17766356078611129	0.07165651311048332	0.07681344992020728	0.01715532329641102	0.17224598783454514
0.03269836495281166	0.027515643245189514	0.12238125536971584	0.18490689048877385	0.06369833387207496	0.19022378304648557	0.06692567455637247	0.13062214358649926	0.02201549231244844	0.1590124185696284
0.020569978211931086	0.03373452813398245	0.12066236295789955	0.1771632223640386	0.07387952910209686	0.19902384299163278	0.061082301410297635	0.12313156447638347	0.030898266282179995	0.15985440406955762
0.01368590235439758	0.14912308169783756	0.11511662774396467	0.15696604532961944	0.06159286963121403	0.16864812163115397	0.061246482179257204	0.09906024283217371	0.03381971332161322	0.14074091327876864
0.01747701453694102	0.14531892943392272	0.11097439200453184	0.1612422337378334	0.0470818890166739	0.17837294954203775	0.06294835331547209	0.07559178863004774	0.03304557725273653	0.16794687252980306
0.015026728137720075	0.04916939977170682	0.12046989420985019	0.16922957930641824	0.07168410544370278	0.20194887679299522	0.06817706142857471	0.09963194006946041	0.03186401600321781	0.17279839883635378
0.01656557729813722	0.015294385781964612	0.12235810754592816	0.1640857452780189	0.062134818729527974	0.19783193317495357	0.061101057390084444	0.1515085118877384	0.028742497440378198	0.18037736547326855
0.025777131810661033	0.05533924363720486	0.12723411595110856	0.16530382571273372	0.06936171681021211	0.20013729390257018	0.07158507745262505	0.10515745257861799	0.022425886300308423	0.15767825584395817
0.028993680325866578	0.06924972271624769	0.1348824251044472	0.1588590082337103	0.054786894720506574	0.191474198406364	0.07435728762902391	0.11100003402757755	0.014150905318755583	0.16224584351750065
0.022898604599364852	0.03571479431420389	0.11093811784661241	0.18707444236208165	0.049260623110967454	0.16509974286463994	0.06657780363525076	0.18984966332868608	0.027933399043586243	0.14465280889460674
0.028862035541338107	0.018468437339451554	0.1199774233412427	0.1517791747750004	0.05804330087818522	0.16467404238251027	0.07038709114384231	0.18267385911808703	0.019990853726386787	0.18514378175395563
0.027098976569361152	0.020797845428704206	0.12157579368453028	0.1816677094910234	0.06827635796509834	0.1982409062683117	0.072569387462486	0.1003011821341859	0.02796344961495799	0.18150839138134103
0.02471997067287758	0.061592355483012416	0.13094203909247662	0.16129815127735053	0.05098177730027823	0.18586343920530565	0.07076777494872691	0.14274744587412194	0.013215208298145667	0.15787183784770448
0.022059331350805428	0.035056487548310034	0.11331256344271506	0.16801147390726398	0.07315535000979712	0.1754875165796519	0.07571333809763502	0.16071968720175084	0.022386198983773947	0.15409805287829673
0.021036918140050306	0.08274193750365767	0.11893215207720503	0.15841108147689806	0.058389314794270224	0.16756852170411338	0.0620720952329493	0.15361273033999442	0.023106365849202795	0.15412888288165882
0.016094109984903585	0.13731583215966275	0.11005148160288813	0.16314097271848585	0.06134560361245559	0.1723431346843085	0.06793125131394154	0.07797818787644928	0.03241602470292232	0.16138340134398252
0.03218249952368252	0.0746595972550621	0.1140215259094645	0.18505088486941604	0.06430680762241234	0.17562026741874776	0.07592820932212446	0.0840270003616576	0.02199665080050242	0.17220655691693032
0.01653742472548704	0.09117838400116798	0.11183600866561438	0.1793159297070411	0.058226967562912096	0.16939638585074573	0.07585607950471772	0.09026211993844062	0.02330665223494706	0.18408404780892632
0.02120343761858319	0.157224126617437	0.1381596318588234	0.1644167953971924	0.06584318482613927	0.17551785765753186	0.0697688655204225	0.02556514048750695	0.015554505568261948	0.1667464544481015
0.01930612879702824	0.10967289053256746	0.12971772511522212	0.16898701751077094	0.05313401527390217	0.18972482559501055	0.05918043136994271	0.08521202952137766	0.0168652013606045	0.16819973492357365
0.01645279545994456	0.041026433542741284	0.1194790578003412	0.17713502056556063	0.05434366222172023	0.17441797238747359	0.06769347600916541	0.15312778799231447	0.01458014674012699	0.18174364728061165
0.012965955838825996	0.08088607819171761	0.1262983353341488	0.17344424274654258	0.0666164948968282	0.1845005545339412	0.05877520466558068	0.11900665753052153	0.015666642808512626	0.1618398334533808
0.011755194512565695	0.07628498226666425	0.11839745440425538	0.1903628368267985	0.05049514126447279	0.18338519880450188	0.06457299531801095	0.11528019144026802	0.018974628624675915	0.17049137653778668
0.0323390437164572	0.05321864699757312	0.11562700586525358	0.1623247009287373	0.06095924746345902	0.19806909010832496	0.07140339078974481	0.11926780625494143	0.015400554506660988	0.17139051336884759
0.015595125416121153	0.1649551775137751	0.12867372756228557	0.1577190597951664	0.04744126583405264	0.17817629656680672	0.061717420422087534	0.052217301858669365	0.030576062948543523	0.162928562082492
0.02396977038261172	0.0950801783575768	0.11746035619325935	0.16933629069602948	0.058126923677513785	0.20047367776600833	0.05878947978417645	0.07302884534886037	0.024699588302733513	0.17903488949123025
0.02659019759182113	0.025366369785677703	0.12548422643926405	0.14818619272591388	0.048486368885814826	0.1660104094430584	0.07561063872025164	0.18131785037050807	0.01735941408800172	0.18558833194968868
0.02228543414177321	0.0444147107858255	0.11070967098810983	0.1906552001467257	0.048945617774603684	0.18938080670186985	0.06183360211541013	0.12022383832702863	0.026711487738329792	0.18483963128032369
0.018877628460959778	0.07381850886030031	0.13752754170053677	0.16646864619298712	0.05849792906124479	0.19108830819799405	0.06712006763589498	0.11723158269473663	0.023515610904567483	0.14585417629077813
0.028355543448150666	0.10466684205712457	0.13133376856722268	0.14819356018210866	0.07310478152637644	0.1885182410406816	0.07177632304363561	0.08655424757449443	0.02169544648531696	0.14580124607488848
0.018849742052404292	0.09594470253619128	0.10927526996684392	0.1620494798890043	0.06901791462278706	0.19083964303150724	0.07039194348460226	0.09548204726890837	0.026690345875404642	0.16145891127234668
0.025241817417496273	0.08802914759439627	0.1145245003488607	0.1527456201092775	0.048600033636647146	0.18378680389738347	0.06406952143102804	0.13142234527027805	0.013471150094230763	0.1781090602004018
0.014559824159969245	0.02400154221397073	0.11748148625983593	0.16322574099618783	0.05126042942690934	0.19664125823367035	0.06611725364001107	0.16392514425646565	0.021555170067372384	0.18123215074560747
0.02079928776297295	0.06246750692021508	0.1161856723210493	0.1625855265095211	0.06150783578230462	0.20133834666082745	0.06220405475896451	0.1531067996544055	0.014416547864449167	0.14538842176529035
0.033191330291449495	0.11606323856227445	0.11063499595269934	0.14978809336456456	0.049714059634233636	0.20113040814306243	0.05869578297172286	0.08244853238313361	0.0146205268617461	0.18371303183511353
0.01867924395035099	0.05195260365121634	0.12959093956447462	0.18640862964035115	0.05872396450050282	0.18483741675742948	0.07064320844568414	0.09197857575561995	0.03148105128405994	0.17570436645031062
0.029500235691961613	0.028835340230590936	0.12467890004440786	0.1582019878016121	0.06760096578930457	0.19873092742807408	0.07602121246870734	0.13352680038976025	0.018281155888241224	0.16462247426734
0.029646641317843475	0.08186868608838246	0.1346046988911032	0.18246369991871952	0.0517517636055618	0.2031653631324679	0.0668198252535224	0.08607398172157797	0.0217865480859869	0.14181879198483438
0.03313754678878454	0.15142828093862276	0.11039060575293996	0.16391781207773143	0.04952073744396988	0.17745326979729625	0.061132932082413265	0.08380450114735453	0.014474657561639834	0.15473965640924758
0.012911515838067142	0.06100564524073474	0.11939171058716103	0.18456995986820252	0.06560384921936191	0.16413112149117273	0.06149311617363428	0.1387156630537421	0.018178923176739886	0.1739984953511837
0.011191697410203746	0.033210267076859534	0.1326248109084784	0.16126398858185614	0.047094455436156084	0.1889024975232957	0.06085623832067825	0.15071672238468117	0.029629215234383374	0.1845101071234077
0.028751610242140305	0.058127648553856784	0.1323236031694347	0.1739274594226244	0.06406617505306657	0.17318640420327397	0.07139863375489322	0.10766735689919495	0.030703480668204705	0.15984762803331043
0.011160920304963184	0.05496741806625124	0.11040221371723971	0.17594975295248627	0.05667049221877685	0.17419029691073273	0.07426336063686484	0.17225427597686432	0.026240401134812838	0.14390086808100805
0.027222472126933225	0.11363771820695748	0.13504937876254605	0.1648315925598911	0.0509155019963634	0.2001662973767457	0.06453483020499631	0.06823709077548025	0.02347584796638813	0.15192927002369835
0.013001320919414847	0.12407398852112266	0.12551358247343838	0.19134310825333112	0.06534548461371406	0.16781122278972105	0.06972087039058306	0.06307751199332658	0.028972288613457617	0.1511406214318907
0.025671746476201282	0.028940919315451452	0.11636029806646568	0.16312861754840896	0.07410983365344463	0.2000814480414074	0.07579447475276191	0.13780821240605537	0.03384290998488615	0.14426153975491715
0.01753923031431344	0.05835367201784525	0.12505430610420304	0.1696957952882726	0.06852215111329059	0.16649290198331806	0.07438245607566771	0.126829856481335	0.012889610172944072	0.1802400204488103
0.028209952831162274	0.12301161520587939	0.13629075557578582	0.15275549582812528	0.07393620335062195	0.16121727430142202	0.06659398266577274	0.09568370884738357	0.02171767828159464	0.14058333311225235
0.013354149836027798	0.09681520757133139	0.1125423217664828	0.16791602901334124	0.049649989878049285	0.16446580697304214	0.06829922176779676	0.13956250356388147	0.02981088739880433	0.1575838822312428
0.0314936379188631	0.037438551546251336	0.11846774014277817	0.16224775868051383	0.05963304530698851	0.1907432913835414	0.06462495554813319	0.14712314026159354	0.02387158845748577	0.16435629075385116
0.030603893984689753	0.019231327379354193	0.11767898220871843	0.1713790274340844	0.05580099904433978	0.18319213906124626	0.060054376834631766	0.16663882563065338	0.02547556681328836	0.16994486160899366
0.017173903980357952	0.015118474205119498	0.1386930913934851	0.1796173990208378	0.050356184432056895	0.16592762353922885	0.07275107779245911	0.16078213948823591	0.01920830894789062	0.18037179720032842
0.03344170103546998	0.19111868501644205	0.12117160423755165	0.15036210709419232	0.04876616392296275	0.1691838559444997	0.06464977478792176	0.044901978570959816	0.019379492342352977	0.15702463704764702
0.0207194600840859	0.11170115405359013	0.1305827702591702	0.15942846793156695	0.062342817448173084	0.1812495746398156	0.07187608800055043	0.08876634992407746	0.01691451036567175	0.15641880729329855
0.026621915006343616	0.10807926986478113	0.13610810883871505	0.16173551439045797	0.07329834046816311	0.20087783942683418	0.06618064994227306	0.046964726222290185	0.03080074966125715	0.14933288617888457
0.021878308593919052	0.19536309289387482	0.12707587148246266	0.16420600119560352	0.05361228165320278	0.16187814140182633	0.07077833084085561	0.023503695163195323	0.014004650880003494	0.16769962589505638
0.01409747014053632	0.21405775353612363	0.11398494709311477	0.14880202487585414	0.06451619314791446	0.16331299945942768	0.0633376005967468	0.02839181175322801	0.032546473174687784	0.15695272622236647
0.017950936046782204	0.16739083065226462	0.11715539129816038	0.17055726026276263	0.06491340850066685	0.18746711514851164	0.06676470057170533	0.01105843584983543	0.012145889505246227	0.18459603216406478
0.013316064990621948	0.15088940965993214	0.11773668096611167	0.17432847343076974	0.05078389711838677	0.1753533576846824	0.05898532082048846	0.09051389149414349	0.020270364042099476	0.147822539792764
0.016004824867839496	0.030470604212603752	0.13144094457048466	0.19100700773108598	0.05927225032939205	0.16135405492676527	0.06833355375651787	0.15895865046878824	0.02508913736379513	0.1580689717727276
0.016708935249500054	0.09969557255624555	0.12251672699040893	0.17730314100987132	0.058161748639268006	0.18059308532352147	0.06991808613778366	0.09727660361079322	0.02436588179539728	0.15346021868721052
0.022551348774939542	0.20701279634578157	0.1320791583727961	0.15677423547834474	0.05340595826503552	0.17360957933132315	0.06108415887049695	0.019238914739850455	0.02959829743615458	0.14464555238527743
0.030806234265254875	0.13681590570982688	0.1355111423230661	0.16101518829231987	0.06639996424003256	0.163444077695909	0.06555066940790959	0.05680302968904844	0.019408927644662052	0.16424486073197064
0.013657440925998784	0.06009966880118982	0.13399164823027054	0.17881832765709055	0.06535365640970824	0.19678772651355997	0.06190698787925657	0.11789921436501861	0.020206789836036423	0.15127853938187052
0.027026661613528583	0.03528143593143715	0.12734321252978165	0.15510942890907703	0.06947745851226622	0.17327047075885804	0.06284116041541743	0.17920936725367875	0.01994456530800473	0.1504962387679504
0.032339110968148524	0.03378686591121963	0.11828319985364336	0.190529213005649	0.047318200804282715	0.18295529060381308	0.06928872054047161	0.1468519032979933	0.013489008415222617	0.16515848659955623
0.028858861952457945	0.05539145347851358	0.1313373064744306	0.1496145972361036	0.052692888032607854	0.16175341616425465	0.05894345166846643	0.16498407150338124	0.0323667735897219	0.16405717990006227
0.026176433894772075	0.12299467469974884	0.1107036830433833	0.14636263226689156	0.059136537058716014	0.17241455561481867	0.07127441735951177	0.10960084719901117	0.030524159954545674	0.150812058908601
0.015394633339571737	0.15593441131106872	0.12982059079499272	0.18020142768541542	0.06565972778476227	0.18637794080232806	0.064585869823853	0.018300055447063812	0.022408532824442412	0.16131681018650185
0.023307473083893443	0.12647558453175858	0.12243799713439552	0.1445294385249444	0.05594732418461224	0.20192783322809263	0.06824919209742077	0.05506850392583502	0.017456592908175958	0.18460006038087146
0.01877411131740124	0.1635323821368619	0.13335845550221417	0.1912801419387986	0.06807056191714492	0.17697869405785724	0.058995192930151874	0.01484788542051084	0.026165712579972758	0.14799686219908645
0.016873796682195227	0.08075088878920625	0.13453816221307702	0.17718449687942261	0.05301647855820908	0.17673475421900822	0.06553945916456438	0.10903637116225989	0.026551704191344686	0.1597738881407127
0.03030063492984514	0.19528357600481192	0.1108685698996206	0.15609822397276812	0.05774343840689777	0.1752936792112319	0.07283921620182011	0.025810936950436375	0.022506121730384104	0.15325560269218397
0.01654043914873958	0.12054460151694874	0.11732556243667633	0.15486547621609928	0.06503415533481469	0.181818536949031	0.06826314045228539	0.06785930275051894	0.031068464307329263	0.1766803208875568
0.025548176966325414	0.030471531083030953	0.1219232364473316	0.18858113124705886	0.07058984347942261	0.17720981726133017	0.06769733390408528	0.13363510091227826	0.027276587397258106	0.15706724130187882
0.013156050625843643	0.0948632557836653	0.1321882434664323	0.18284332848247659	0.057414143061509715	0.1687998069091356	0.0647243276673416	0.11573597125499213	0.016498876615280614	0.15377599613332255
0.013404643875534694	0.15178730220391895	0.12141335049384815	0.1764868571500322	0.054960404547820356	0.17194338012174	0.06464063671349023	0.052499095644574105	0.022890947505842946	0.16997338174319837
0.03036671813168769	0.12721669141775527	0.13535925900099208	0.1762931217505151	0.05599867111315181	0.19282183514227513	0.07164513569882969	0.02549636124400753	0.0324273726893949	0.15237483381139075
0.031596827048073706	0.15330590139741035	0.1287617290344299	0.1669150091279236	0.05626235442475193	0.18305683901626885	0.07032271357668146	0.052074449478798454	0.0124961446850166	0.1452080322106452
0.01882593155555294	0.04676638680117151	0.12442606179506352	0.1886165705071603	0.052620474634036005	0.2008447011296855	0.06301533923610152	0.11272856457182646	0.03346306390614802	0.1586929058632543
0.029995490137980238	0.06126146718711874	0.13289116013708308	0.18573674240530327	0.05045299908401034	0.1996584408848213	0.07226716950897766	0.1052879508120303	0.013913993544018219	0.14853458629865687
0.02913902222103605	0.12279465410107969	0.1332700660420721	0.18151411561237268	0.05488469251564096	0.177112441644795	0.06615636493014049	0.0220194557162868	0.03191280561101835	0.18119638160555787
0.020562379616278492	0.13640282932644068	0.11560129720170384	0.15606709669135868	0.048452712165275684	0.18405464692890267	0.07049479109455219	0.06789801322761255	0.023641844941538107	0.17682438880633708
0.024869330838577494	0.1643794273011563	0.11049955821503812	0.17212003697232214	0.07046264602723654	0.1863529928094359	0.06597498975994884	0.010664123807447495	0.018819304485295243	0.175857589783542
0.012777437062652872	0.14340164909504252	0.13388073097683986	0.16128452921217948	0.04972772549304632	0.16466278796130143	0.06883288494137293	0.08389415229223529	0.025446997555647707	0.1560911054096816
0.014214422013216862	0.09883834873089749	0.11808312621214592	0.18554725110989834	0.04677131984140959	0.1701115758551695	0.06064683579208259	0.14241385741481333	0.022919881526254834	0.14045338150411152
0.03169847609698791	0.022451883161064293	0.11924378337280214	0.18613256505952674	0.057857191246571384	0.1730204677152679	0.06370491638929134	0.14778729721017667	0.027068509738533295	0.17103491000977833
0.016074071646306407	0.05224732702673062	0.12616646069362927	0.17282467440987553	0.05339596683530977	0.1950798865884855	0.07043625937438293	0.1361781514593038	0.012818361094087044	0.16477884087188915
