0.022794590412266544	0.06683942760346698	0.015614757971578228	0.26256461155284244	0.1676943218931222	0.20954546378051186	0.11823708593352396	0.030995231576417454	0.0247865932238044	0.08092791605246592
0.15309210572220583	0.21675400473202605	0.038937590930040435	0.09686166454418552	0.06934881204535683	0.12729181365371142	0.12155947818845282	0.05573692462496261	0.040253739113843695	0.0801638664452147
0.1826395351669665	0.0535573992872969	0.038132961602560474	0.19263392246947703	0.022545851834959565	0.241072019982781	0.06445202713860615	0.03241309653798631	0.03130575243524787	0.14124743354411806
0.1662020773596734	0.02796033333749695	0.0555328309257299	0.028094632017740928	0.16487855966634396	0.23992951301022664	0.12314558769888624	0.05297946082145703	0.06748451707422694	0.0737924880882179
0.08823213292921323	0.04623786732768387	0.018696728097904014	0.07503871518369046	0.08389372400788891	0.2805722666673384	0.09461833745568878	0.05246316164310232	0.059874575209071766	0.20037249147841812
0.2672693494118498	0.03384697635875214	0.0979984514666059	0.1726357809343616	0.021132547734324783	0.18633905878573537	0.047998276400215284	0.06845356656258011	0.033698763098278656	0.07062722924729606
0.023963526862103388	0.05832238720201938	0.06563255762751927	0.17790084071808798	0.14074753120543687	0.25175347073828513	0.09702267887645372	0.06361470460502591	0.055271199030058525	0.06577110313500989
0.02423223239764216	0.012506273051079195	0.053153588428127216	0.021829435474484946	0.245086819260095	0.2850321209632033	0.07768783024982957	0.04427953011808627	0.06305217730626855	0.17313999275118377
0.1192251142839898	0.06075737922198632	0.2180264307773554	0.09352893667935981	0.029097301568109066	0.1758949302277571	0.04500636245844063	0.032114404016100134	0.06771559677174685	0.1586335439951548
0.18707052457397677	0.0636673768014343	0.02579394207087171	0.027704370941581458	0.10069833154217885	0.2383754636267435	0.10767588338372909	0.04341126613555819	0.05440047497717891	0.15120236594674707
0.08559832471012589	0.18038535475561246	0.05016036136705579	0.24422715436123948	0.021212409936217994	0.10094501694695149	0.13404854530456253	0.045907182368442885	0.022821681114307782	0.11469396913548367
0.16903765321645442	0.06506314557264556	0.15956514108815317	0.16258524206873537	0.01960835690606519	0.18392103208085264	0.05436784882954128	0.03863682540662251	0.032901321236177505	0.1143134335947522
0.10762017723328564	0.009492758693122078	0.16267368816366262	0.22385743635378375	0.10017283136921787	0.11954521948312488	0.04315887940045074	0.07685951212221206	0.02964814838085933	0.126971348800281
0.0815379432152537	0.21916094522122775	0.10529073443984302	0.055564178992220215	0.0570730758404247	0.15619124106341503	0.07855568804822215	0.06843334857510247	0.061915865724601615	0.11627697887968927
0.01753850540660666	0.09784035882957497	0.02722027117400047	0.1067662221507114	0.22612425688724946	0.10323032889189138	0.12597015338026366	0.04219625617522029	0.06690381955887567	0.18620982754560605
0.26893454339299605	0.03370597801684938	0.02309978184444174	0.22518454100274443	0.019605538988442583	0.15341889308246826	0.06258903447547223	0.07622339553137773	0.06710240004850143	0.07013589361670582
0.034764157528862666	0.022293357675376074	0.18452040540676173	0.04165291551099923	0.08679431603594544	0.23863694480234576	0.07935175608649722	0.042480860629471984	0.06417725468972003	0.2053280316340199
0.10333214130900045	0.035190171351294194	0.2935332193728052	0.07468080363809612	0.07277619508798691	0.16485117844666186	0.09008318401801843	0.024726059499075734	0.04975126964867828	0.09107577762838276
0.18240352145224503	0.09628151733306016	0.1450487149774994	0.01961312710105126	0.015593334156385821	0.17678679140969808	0.09068136076011614	0.04860921372948725	0.028537244373688403	0.1964451747067683
0.17559592541564117	0.18647786159909274	0.04752251876075067	0.033829272045256875	0.12003234432329432	0.13600980015215436	0.045789892721733616	0.04074966162144124	0.03005754367748971	0.18393517968314516
0.0620192097983984	0.19415609593273558	0.2841098125804888	0.028752848587538377	0.0637363583953042	0.1333782426184118	0.08456779142966257	0.04358525782741292	0.040419198144362345	0.06527518468568505
0.09197106265505703	0.04140445511558484	0.16515722582259534	0.1637034242285833	0.13414938877363694	0.0978308221993084	0.06700208728681968	0.07768233510918296	0.033275995246741685	0.12782320356248977
0.17507635336415006	0.025961331238519778	0.13141332780081996	0.10373728127775653	0.1549258738604125	0.09767781012179574	0.08394952145162517	0.03718945316421268	0.023441479639799243	0.16662756808090817
0.19450041678465368	0.051898606194586853	0.11077130562405796	0.06423892266979798	0.1610601933192956	0.11645186154054085	0.07753974432507331	0.07579103402857174	0.0278260343629933	0.11992188115042851
0.06472610739070425	0.05808689041966221	0.07653665155497899	0.052633326583799246	0.25566504691032993	0.12891715522344604	0.06034365774927699	0.0635329847092092	0.054046257714264585	0.1855119217443285
0.13392737961226747	0.04923943889963247	0.13347729219427415	0.12173843161302461	0.0578364811616597	0.15367771802386454	0.1269811141249969	0.05176111303559343	0.057248779382579454	0.11411225195210713
0.021776759009219257	0.03657048059695124	0.12053653486944373	0.12304280717967783	0.20029858619940527	0.16598855310377125	0.11405484866292447	0.02540406157795956	0.056614265807807373	0.13571310299284
0.09385793830331107	0.08478707318364277	0.1546324941432811	0.2035438130364809	0.04232539369700017	0.12804729641047732	0.08348586659854351	0.0376872077193762	0.0362869396965665	0.1353459772113204
0.03480962411867955	0.1794617626768764	0.11440947343965915	0.049760831121036575	0.07485845195838126	0.11655406552076514	0.11313783283617788	0.06888263465117082	0.05546521921079822	0.19266010446645504
0.009307152847225067	0.048734533279177455	0.11850461416799693	0.025942147895923195	0.259057145749728	0.21417238792795656	0.09772860018364793	0.060399995209113835	0.04179403335947344	0.12435938937975757
0.06593699714835068	0.03945363341439235	0.2638388940490618	0.04428116685076342	0.017912020335736828	0.18459513844595515	0.10806932800606273	0.031693114737792655	0.059322025841773506	0.18489768117011096
0.08730088301068854	0.044757963649591545	0.09923826762321722	0.24427574598590396	0.05631493455686561	0.20917804815526375	0.06424434059884418	0.04792145437863314	0.07195057891009549	0.07481778313089654
0.07426091648743488	0.13744297187462468	0.09761918753111959	0.20884156948121585	0.05104377902620115	0.17610510073235291	0.07228252446268082	0.05005665265614111	0.04689664875565061	0.08545064899257841
0.011374870378067337	0.03182593462012863	0.30352901145586164	0.1015983782713552	0.1543725202634694	0.13546456759423137	0.06053997425093719	0.04767162653028668	0.04901985492079841	0.10460326171486416
0.03327306546868487	0.20773602661322665	0.013207268400724434	0.18180796966701462	0.062404681707826454	0.15423460922942367	0.08199441771329592	0.04401395419309908	0.057688572471848415	0.16363943453485585
0.06400219549282254	0.19481243301112283	0.0640878838840139	0.05212304227977288	0.20155216789254785	0.15482631993170942	0.04772403728746831	0.048227213350293965	0.035444615933431345	0.1372000909368169
0.2062814925565625	0.08540668552631916	0.24489387147802766	0.025438403855729694	0.01390504686630746	0.1232356585258331	0.09736215665979212	0.04297256003280773	0.02339912632278235	0.1371049981758381
0.0486844728826481	0.17152771770883934	0.014077598606194924	0.09248372854503216	0.03737412754564304	0.2866801670525466	0.05475489091310709	0.059664209518555916	0.04456133229508636	0.19019175493234647
0.15349287003227524	0.09028129522173525	0.09061125604611836	0.014660412225464284	0.019386104641067478	0.27089788417098953	0.13292050580371495	0.061456634370377204	0.05598904857649309	0.1103039889117644
0.10582342170721135	0.08294632107733875	0.12839935600157526	0.14231534204788004	0.04799833581585005	0.1623065726804257	0.086556396933628	0.0643593420021396	0.053666102461460315	0.12562880927249087
0.013647670963572126	0.25699483499231474	0.08249726350541314	0.15901588116205798	0.03230658210553847	0.15452175753310957	0.12229009416945746	0.0349123364667725	0.042800289458018094	0.10101328964374598
0.0459632460354445	0.18857388502341332	0.07838124320695955	0.05532326333532762	0.16355591016524096	0.19938422671805542	0.05020688848982418	0.026233722360999148	0.06598984985941361	0.1263877648053217
0.026261006267349493	0.12579229442037976	0.14905829489216094	0.11826369167849057	0.07570768725808148	0.27709565633690847	0.06715867597031452	0.028867869499908966	0.048177748699160465	0.08361707497724538
0.2525266210317851	0.013617628839303841	0.0214780167699941	0.02902601988435452	0.1402762920288179	0.10225409479523528	0.1198652458508412	0.07808091024201172	0.05357268352183341	0.1893024870358228
0.13557398465570006	0.14551144921133954	0.08697574434785879	0.025605479048347937	0.11690616968094711	0.109227610426685	0.12882346995707436	0.04224455996255193	0.047573462053192066	0.16155807065630312
0.05323342629760114	0.019283423042900996	0.08958817342154797	0.14343771861742505	0.22700688666025975	0.18649260221396036	0.041870229648196915	0.045456381200866744	0.02763316566826085	0.1659979932289802
0.010931946462332212	0.0671815760047357	0.2583508254917318	0.027061274988543604	0.20420315314338855	0.16626838558599	0.05032046974054356	0.0347377268676137	0.03137782769439147	0.14956681402072944
0.2141128638697749	0.06042548187820808	0.1566299170927054	0.13957713074456132	0.01231329867405008	0.18113072823294507	0.07604323800762403	0.060574805966399484	0.033265640923424766	0.06592689461030671
0.05394651004942272	0.2454138265143646	0.137851653025247	0.10034668405337625	0.09411849203107095	0.13321967677205812	0.04102055295254261	0.04544466216017325	0.06231023131445078	0.08632771112729368
0.18708126703814165	0.04901154089585096	0.15139633821949475	0.17746327825601693	0.0884233871751857	0.10135470970370687	0.040554513455653314	0.025969432335505555	0.0633708720024661	0.115374660917978
0.14943393577900035	0.062256257248013626	0.03812969514587721	0.11308062836790844	0.06552341947682341	0.21811594971914172	0.07089185287665084	0.03506194357313762	0.05825250636723619	0.18925381144621045
0.03904217149381446	0.21774213124879266	0.04262810338246801	0.08259717600706254	0.047093505635553055	0.20919389715325512	0.12140836724694405	0.040312750446571025	0.06028221182355743	0.1396996855619817
0.014116658800091525	0.07231161491676566	0.17518796339058323	0.04033840875020096	0.20819583677058712	0.1310843690986537	0.11921057240855035	0.03284709970146989	0.04614856544866724	0.16055891071443038
0.10095317483317628	0.06716438886227213	0.18853729876584385	0.07974289842551453	0.12218023410943825	0.16630379512730947	0.11229831721523025	0.07312621126791521	0.025813705196671255	0.06387997619662866
0.01985843521495688	0.2364087057072215	0.10163059080952269	0.11370406236492239	0.08931274180131699	0.14945365835606222	0.09107062224679757	0.052952563681276044	0.03680753952582551	0.10880108029209824
0.12684592364153763	0.1761875321290432	0.07920387576540966	0.07426008797882651	0.14091440738589966	0.13172564063365463	0.05119735991563186	0.03894582436363887	0.05721964821646909	0.12349969996988884
0.18842646052174716	0.11485815267292399	0.0752993635055493	0.08024707994080045	0.20923363962843855	0.11039980816627988	0.05438581195029114	0.04252626600002313	0.06083472253092357	0.06378869508302268
0.07995135369035575	0.069287736311623	0.15754795853216857	0.2218236556318552	0.0649882737054944	0.15711135881258045	0.06191286178614057	0.04176449543750499	0.040096724095242536	0.10551558199703452
0.057074323241565965	0.17966872403370415	0.10276535490875634	0.014910744541814056	0.1363015972277907	0.214997187410768	0.13111952524471165	0.03350267907096034	0.022292331583056782	0.10736753273687202
0.07851561370943555	0.03920826708313847	0.28638802729256413	0.11403840419584813	0.09559510313993419	0.13197491062988623	0.08491168285652503	0.04899986148841046	0.05327221418916665	0.0670959154150911
0.010236465918265991	0.05061379084318985	0.3208217043504455	0.13946232594038388	0.115639958425936	0.09812135672157836	0.07841674341592446	0.043611083422836754	0.06504818978690852	0.07802838117453066
0.010252621838723178	0.20674510426275466	0.25335483037472	0.037375914778218874	0.047331981806062955	0.16744513150628534	0.09337289621316343	0.026630674982935337	0.06137987854029336	0.09611096569684288
0.0828647578623282	0.07792037800467168	0.26399598958665316	0.044278227931006386	0.07557913946243328	0.14325321393697968	0.10211616169737	0.03835603466201877	0.04510454240820376	0.12653155444833508
0.07663579661513753	0.03707453488698176	0.26569451815875383	0.09236655816956837	0.013241757523982961	0.24661270064044555	0.09594971995572464	0.03528452320594962	0.06757287723702834	0.06956701360642732
0.05060592711845954	0.24882139045626506	0.029841596090583983	0.02188785106147885	0.13533047045080315	0.13152500818149554	0.09383321745814939	0.04450423441416927	0.05362508597693423	0.190025218791661
0.0859452309839791	0.14906028670243807	0.08002794879302358	0.03643565965390841	0.12132857279748802	0.2543955376959853	0.04230502577449549	0.07538761501458545	0.039954719418646985	0.1151594031654496
0.21009037942603823	0.01707063446279823	0.2529349007674933	0.013283544931436894	0.03512453653675178	0.17876151091403192	0.11655644375593827	0.04994430414802948	0.04337048185959048	0.0828632631978913
0.021763519352188218	0.11867051362622183	0.043884574128989405	0.11311780795964262	0.16058777869420804	0.15255080061538953	0.10943281048199702	0.023388699931115933	0.05292947145315385	0.20367402375709365
0.02063815265175091	0.16845566920873037	0.05422252512458715	0.23676599613365729	0.11174251733331547	0.157528951132882	0.061435718514037146	0.031090533067855516	0.021495459880145507	0.13662447695303864
0.23235105391384747	0.033920089793277236	0.02661957482435419	0.08966894566738279	0.07384582955167153	0.16614164814690396	0.12364490823033764	0.0683727156829792	0.04007461719489866	0.14536061699434719
0.05395004743406486	0.1490124241444665	0.2467606821936148	0.0384794997299379	0.026900671642796775	0.2450284758740594	0.08757595302810436	0.023936647521779375	0.0594775120909785	0.06887808634019754
0.015531804256536455	0.05713752558380013	0.12933505475728338	0.1824274808025173	0.23025598585767804	0.14656440437450274	0.047603102969061444	0.04037330650603414	0.038057119780935934	0.11271421511165045
0.174125441342742	0.04809289631584384	0.09567351628692682	0.11393573371118801	0.08425252046353202	0.23715685080465726	0.050953332094993024	0.05864904963915165	0.028266291861176587	0.10889436747978873
0.11798498368668499	0.18889366208811792	0.09494029862656904	0.07513886782813242	0.017232812182915516	0.2084186647198054	0.07703953641379252	0.0778301995885053	0.03935651283755748	0.10316446202791928
0.15857082406225453	0.01810726848304206	0.021976908523177185	0.16683661903418437	0.09366294956638041	0.2912849296730788	0.05558755553936053	0.042303479668456025	0.040929174776388196	0.11074029067367774
0.22809848237645125	0.0849631051109524	0.07081054441763628	0.13362483292237504	0.07267073073945479	0.14479268536241707	0.041154350173727	0.07557327049561267	0.03723119703899343	0.11108080136237987
0.1895217258293212	0.10785434890005745	0.16195194975147234	0.019298152244669714	0.05813485715513032	0.14108760323323388	0.04149858789650919	0.03503047758407654	0.043332741350240914	0.2022895560552883
0.14685727547334154	0.015081994413676858	0.26796580400442543	0.04096117650724555	0.07338304063385602	0.09564694201284211	0.13482783482140626	0.05736499830507963	0.05963551571201385	0.10827541811611263
0.11789815941383039	0.11467084469491765	0.11950477033066421	0.01886867991826917	0.1669500761329154	0.1247762450309963	0.0779247472238808	0.03410833783986057	0.06190047776844261	0.16339766164622282
0.11678773726258962	0.1410022996347155	0.027088762849540843	0.2691761301518492	0.03474868595973184	0.15334918132308742	0.04153369241855757	0.033862722538751916	0.06451371190494087	0.11793707595623512
0.09605417897775188	0.04574375113282065	0.02818326439404477	0.2883874931521613	0.08389873803778428	0.20328156382756768	0.05156804597720745	0.0725442643494831	0.05997106507981345	0.07036763507136544
0.035296193797336256	0.25830403460373236	0.03898350812595527	0.13755744922027563	0.028796345025216927	0.20633433105437604	0.07350567155662635	0.0398248846555193	0.06643091847584506	0.11496666348511685
0.2095585030291776	0.1380286781123175	0.017179939876093592	0.0660868714833713	0.1418452096254681	0.13113399383464586	0.09875751369443612	0.024234167216216573	0.04654070408616544	0.1266344190421077
0.2569763000689078	0.2507247229647369	0.020340535103846438	0.03856172679918728	0.04662082072839619	0.1344353170632024	0.055395355892165675	0.0375048032223786	0.03741571952959165	0.12202469862758684
0.12676499901376245	0.06280270990820977	0.21705315645381418	0.06721942666030412	0.06422784641634594	0.1966765920619823	0.08470476298122069	0.054834484714029616	0.03273840206151224	0.0929776197288186
0.03336802832810726	0.01755798338153912	0.2857468597865717	0.06339226384324993	0.07542245206334408	0.10974036635226217	0.11299354670599117	0.07842116085040653	0.0317388875447452	0.1916184511437829
0.051747457365234936	0.011508150767678818	0.03011002982606971	0.14522676048900665	0.22395381498415795	0.16020745341096387	0.10808845758576696	0.06274803104254525	0.04207503767973743	0.1643348068488384
0.15741922032106698	0.0676554303211393	0.1380413822850952	0.06004979626254821	0.10231351319325638	0.19118691437964974	0.07478098302909512	0.06776469553798439	0.03785170589373637	0.10293635877642823
0.26470657481099374	0.024624004586538475	0.0810405362394375	0.08106721796788956	0.11087980461745842	0.1279020828994557	0.060439729177758805	0.06534613879644557	0.03206755641617788	0.1519263544878441
0.025610034600036732	0.03683459576782845	0.13237258789504397	0.07807080708920786	0.056429335269232744	0.2824523795525306	0.096120548936077	0.062100009147778995	0.026184798986855884	0.20382490275540777
0.11566473615010728	0.14328824515383098	0.11514615155563895	0.09971759707427649	0.06326284726832668	0.2365445927266634	0.0484571471207144	0.0255993132154453	0.059698523094564096	0.09262084664043231
0.22811193562364307	0.010677685056700678	0.06982364308674198	0.022683267660851242	0.1114055242245849	0.17409734915155833	0.11538738284462623	0.07166036676118608	0.04518017755141432	0.15097266803869297
0.22515637828678642	0.0166184725301375	0.1090595519297577	0.07209322164060541	0.11420674955864801	0.18489538114024007	0.06307959022264314	0.024125849903484098	0.036734990534975615	0.15402981425272178
0.12035221744228498	0.05470997117748761	0.10648433900728149	0.0303396934307381	0.18840090837942214	0.1803048539487372	0.0427501727724444	0.06017143185179193	0.06619176802435765	0.15029464396545444
0.05455157409603137	0.1492818601413597	0.12800901275043328	0.07322713818379925	0.02267452537376649	0.1652444896413172	0.10201883124870184	0.028873268990158324	0.06902245671064758	0.207096842863785
0.144638644010047	0.25733606636358775	0.01402607028542191	0.018071513557416374	0.07407051027597944	0.1654832911560541	0.10316564822979273	0.04184577383232231	0.06404240674602035	0.11732007554335802
0.014192047322605095	0.17492624552455202	0.10317347064710466	0.11405344455741316	0.11574964953412488	0.18678844099598219	0.07110776786407674	0.07311113140931343	0.03377858995331397	0.11311921219151388
0.06990478675384024	0.1356262916040944	0.18459551069865393	0.03262782250677432	0.10022442123171339	0.1212050738929541	0.13240212888754344	0.05099843092187884	0.07059207015095753	0.10182346335158977
0.1587063335259143	0.038278705584136784	0.05132295493052604	0.016226345471368975	0.12796237382226336	0.2635309279352132	0.05522161903528674	0.05530297926455872	0.06154706331709415	0.1719006971136376
0.018009787608648617	0.10180511809068063	0.23325450186605734	0.022249597672430857	0.09336942158565441	0.13007200832604773	0.10830917151462423	0.04871806260079335	0.04568315978262047	0.1985291709524424
0.07021818087218182	0.161635735969322	0.050371688032710624	0.062991948811925	0.14267083891023788	0.19171260953113295	0.0992550279973681	0.03676261625443142	0.030948832288043487	0.1534325213326467
0.009332074240972252	0.09460077225108238	0.05842812458038654	0.24397860324999243	0.05860023252292973	0.2616399318889967	0.07226778593495709	0.07370546413140353	0.03793033842263867	0.08951667277664073
0.07688382203499837	0.14843207505357764	0.16762691412466912	0.01167884284750556	0.1388069142355166	0.1764846292076263	0.06747156945133745	0.04696481010145198	0.04547665769513491	0.120173765248182
0.20178747238156752	0.15946729543559424	0.05008877134106711	0.18170660908126074	0.09401077083567064	0.10319947391616326	0.04403710477699875	0.03730841630690543	0.04531633162316158	0.08307775430161056
0.08927374654181032	0.09202666371392787	0.16378688069167013	0.1528244346763282	0.01415831063047969	0.20136537582865227	0.09715053399669063	0.02460050446836451	0.06124936406105742	0.10356418539101894
0.012787499231876942	0.10051464358418241	0.03240255734519307	0.04140192458365344	0.2616500649982628	0.11149822415640938	0.11811406486698708	0.07337669016346965	0.05260151989161768	0.19565281117834754
0.04904122800339083	0.1472949149234052	0.05478194477345154	0.15096765644631158	0.04123206157414531	0.16730131399585313	0.1222465332712382	0.07711896202508134	0.02764451104666313	0.16237087394045974
0.018905973873003787	0.07151942436469666	0.16789890158478515	0.10009021661958319	0.23417594372328504	0.23707823465150124	0.04460897871299291	0.02355707494334107	0.029716362297215193	0.0724488892295958
0.04858844534683524	0.053887521227360444	0.13502331456126182	0.046672617288201004	0.18406632401886863	0.17148717221607052	0.06893952943828884	0.06130590833608475	0.04562659838930655	0.1844025691777222
0.02921735024091067	0.051617709834221835	0.03701528714671093	0.22892214467625566	0.15203570661247814	0.1626426899653175	0.0595537834717509	0.06788301316624308	0.060786757995614914	0.15032555689049637
0.13722387607492426	0.040645596598837486	0.06755859288470034	0.12101290454946684	0.13463401278471926	0.14722615499715935	0.04720783092457878	0.0474350454384738	0.06373105151979472	0.1933249342273451
0.13429998781337657	0.03589442085281763	0.10025164928791867	0.11962778061953244	0.11842647336277998	0.1297371298561259	0.10711742675632156	0.07421796321030258	0.025856299864098375	0.15457086837672623
0.06729182766443373	0.07625745360854073	0.14381378453321753	0.24017765193830565	0.039447934269931616	0.1284753361931247	0.11368763401155507	0.07802612747648341	0.035678681671382106	0.0771435686330254
0.14036050362344832	0.05450707162201577	0.08481730067337957	0.17296584812882998	0.0697972439330922	0.13007808764820336	0.11201811048913698	0.04486461401226615	0.04214030885647388	0.14845091101315366
0.02540025772126188	0.27829337847221963	0.13217980587656986	0.0343926531995329	0.08674820911746585	0.11406795242590506	0.11809825310313057	0.06319041912451082	0.07224304569424439	0.07538602526515904
0.26538923609633963	0.01315863338220434	0.05841132108647176	0.00988964873276564	0.06504634591906885	0.26243378079955915	0.08325213486272989	0.03051199500199145	0.03582149214085115	0.17608541197801797
0.26092664210891303	0.06871766597059661	0.016763828980532997	0.183416176158832	0.09179257400319	0.1330355719226536	0.07901917033278398	0.04699956247030307	0.030400242549031467	0.08892856550316304
0.1683627917115215	0.07406948777315228	0.06230704817100386	0.10733451713894256	0.03462452626856351	0.22433483872490495	0.10022951825661977	0.07718678799558906	0.050990312606325514	0.1005601713533769
0.04477965671871572	0.08640677415627115	0.12579617875049404	0.020386710828125792	0.24808666274996466	0.2262594314099851	0.10159807732436435	0.044529079756224305	0.03524945973473191	0.06690796857112295
0.10209878808850105	0.12673424738050726	0.09856808415276998	0.05550295035147306	0.12040126777147245	0.19813712804949063	0.08760413458964025	0.03625274961913476	0.04934448420737779	0.12535616578963274
0.034680427298198244	0.19670221104074515	0.22367022872621065	0.11643249939743361	0.06984756230662423	0.13307911036318137	0.05353984308705071	0.05359146230176866	0.04462444205301296	0.07383221342577448
0.18093964698906942	0.10249043310071225	0.018616231029976213	0.013514661474875012	0.18887957615341405	0.1265089745682852	0.06494707799991331	0.05982070320459011	0.04885946234957647	0.19542323312958781
0.13407602343491226	0.014724015643149818	0.1639771638571555	0.15244169457697265	0.06875250673078409	0.17194239522959753	0.09951499567007717	0.051492868738037975	0.0521523258601739	0.09092601025913906
0.12906186793177268	0.012935282468848508	0.09511902606341319	0.08339400814603262	0.08765739641487705	0.21906650803842442	0.09808067227165543	0.06223689144219571	0.05417595830670126	0.15827238891607903
0.14295925722651184	0.029106186287236463	0.06504825409046365	0.1007289220832459	0.19581375687689218	0.13762991106281908	0.06712252528362071	0.044741802571751206	0.029770862809479604	0.18707852170797923
0.18761429814556435	0.0710089469707504	0.20101153122970233	0.0859578018632838	0.028923938509204758	0.14423574097060426	0.11567076818124575	0.048713278741331904	0.030705785008044523	0.08615791038026777
0.028200515031864104	0.08096911034108716	0.11406964625007525	0.22382039744732674	0.03886901460615319	0.20065421719910814	0.042684423368780394	0.049807024160234664	0.051827631349835084	0.1690980202455353
0.13605564712464002	0.055877988460290656	0.08542779096085033	0.1418925018892261	0.08201534667348395	0.1893321689185558	0.04697702923514077	0.02765795245144141	0.05134334902826924	0.1834202252581016
0.02163354854283228	0.040582935346343406	0.21897990454557315	0.21944187343752686	0.15613349446771857	0.14178886507370542	0.05005927289783269	0.041148974081543326	0.04418288396289289	0.0660482476440314
0.035564977018893815	0.17271963276381708	0.17269668048564119	0.020629458458266997	0.2075155603533349	0.14091362498874663	0.0773178462674828	0.06761155039816341	0.03319942598794873	0.07183124327770446
0.1791599572640762	0.06237139068021369	0.05382855531140923	0.11739583878070049	0.19988322317822838	0.1253847108728574	0.06533324866650392	0.06556499721869045	0.06775875665528383	0.06331932137203623
0.01588841373339929	0.2814059097548057	0.1176900983921312	0.015425146090756861	0.03617079199180184	0.23656098277503262	0.10468674205120036	0.05646267187058241	0.0378755550082619	0.09783368833202774
0.02343970282632049	0.03164536913345807	0.1255886701244015	0.07793087711514611	0.23348366446159896	0.19985765472748157	0.08148159386461304	0.028677816178854357	0.03184578607287551	0.1660488654952504
0.08560373872262392	0.13613761653656767	0.0668359275080859	0.11208785899695473	0.049393749209987285	0.2908953226725647	0.08717154633361661	0.06198802034626434	0.031663246486951055	0.07822297318638378
0.035887613389795944	0.07874022860546118	0.034506288672921215	0.3413371658468962	0.09946526630980396	0.11648578749848172	0.08847485235814018	0.03969618583320537	0.032337735780999244	0.133068875704295
0.01174466468614628	0.08126989696296567	0.10177470761664265	0.36817049556217646	0.019706835705377554	0.12234072556308156	0.07347927818702275	0.06493399334439069	0.05126512135754842	0.105314281014648
0.07153534757567712	0.032845304259692745	0.13474745576867878	0.1976799145349299	0.07458932617162183	0.20533644809425206	0.1208424928750895	0.04048729902899316	0.03343898083272673	0.08849743085833822
0.06930158302385357	0.1702227234496006	0.12823935846715162	0.1436418306442322	0.022039624699798352	0.13939925985998558	0.12760797026239748	0.07466649190177455	0.0344362500080375	0.09044490768316857
0.1671505162742722	0.13410623479845615	0.01795579778872544	0.250773812585657	0.05194784892369594	0.12892047214768634	0.05397305073776603	0.03752181488930906	0.041420869479753916	0.11622958237467775
0.1831864572477247	0.04875190468808772	0.12118221089210605	0.0263315431285277	0.12151715457793653	0.10321296417956367	0.1175395988345154	0.06635581373941125	0.05826162947546029	0.15366072323666655
0.09632988292353831	0.09105010370755363	0.1445985325430686	0.21328261403798232	0.014249564398512993	0.166016031509354	0.09742234625440482	0.038553337660059944	0.0404345154769213	0.09806307148860402
0.055334652888231466	0.023007082810525326	0.12841634982970518	0.016888745830108826	0.14653343479944805	0.18393098427145868	0.12163530101685638	0.07163814953781467	0.05128182945427194	0.20133346956157946
0.025440889467149702	0.12074063624520252	0.3129469029205884	0.05205876683318317	0.014616896862733153	0.15538308394918857	0.04966964683192321	0.03178088066699104	0.0497905114450731	0.1875717847779671
0.12592627484416927	0.07739629930592648	0.06900674492560449	0.009668273243234493	0.19857247182662557	0.19515293111046372	0.08561187307457055	0.07788246645644588	0.064390703198134	0.09639196201482543
0.015043014415487485	0.20576837633822193	0.14939923798132743	0.00728526320664874	0.09347254415093299	0.21033547401828923	0.1318354398917087	0.03793904768382519	0.03925233526183425	0.10966926705172406
0.04564593263984218	0.06815389861216842	0.05571946600302963	0.15659056525769083	0.13113744290921248	0.1894499312666479	0.13484407725592623	0.024663514138887233	0.030444627236412974	0.16335054468018212
0.20898738461833039	0.09536989474026901	0.04549651944302448	0.058646599052287356	0.14983910383882457	0.21581796085292718	0.06290756319244765	0.038472290881617785	0.052831526860709625	0.07163115651956184
0.16639156161126273	0.07949884966678455	0.06712397599084628	0.2414194356394414	0.021890497367472977	0.11802447890150317	0.05762168406153665	0.064547639714657	0.07132134648391938	0.11216053056257576
0.02912409055155281	0.18294498655481728	0.14707315220140255	0.03549152608797011	0.022542543776976537	0.19653193015848353	0.1169127250622116	0.07718075751920121	0.034109584839455864	0.15808870324792854
0.25413735128857556	0.16554438854392364	0.06243514535780432	0.08725960999004839	0.03677926428430148	0.16676505231688082	0.08926373688080427	0.024139256513037805	0.04301938320640986	0.0706568116182136
0.104220223784965	0.046668905370441514	0.045703294748215544	0.35437240453279745	0.014102209410797276	0.10861225462978714	0.060750684406527394	0.0581657035360399	0.06400795280300672	0.14339636677742196
0.06459013074931738	0.04187713137667032	0.11531678782793883	0.15813203491357203	0.18887740643501408	0.11736942466740455	0.08859378775048987	0.07852929163229505	0.06051396912853393	0.08620003551876393
0.014339982297162851	0.2804882479823649	0.060931215351068324	0.056144805396383224	0.17506520185169577	0.10629863755977739	0.10122432541734339	0.07270711312229278	0.02304019529906745	0.10976027572284397
0.04715892640526166	0.040107797732210015	0.26157621458260105	0.08156980732124125	0.10593881642018063	0.17920177176267132	0.09796303045664008	0.052623806547933034	0.03121164838039539	0.10264818039086555
0.01824974087332179	0.016494169577564402	0.2411143917744759	0.02666978997077911	0.012174971488813843	0.2659738678259545	0.09060826450067565	0.07282268500795097	0.05045087287335995	0.20544124610710382
0.1393616832241265	0.06049144119403414	0.08233267122502702	0.05764091463582888	0.17714846966561573	0.1647739792429379	0.08568123236537972	0.04636867568859748	0.03982637246593774	0.14637456029251478
0.06725470439721248	0.008882582515467946	0.231377891819323	0.1394177149800939	0.11630602269424767	0.09943149091095757	0.12267010992417628	0.026108414942633426	0.028242952611282637	0.16030811520460503
0.019772783053178075	0.027709442639327037	0.15179627043613064	0.2570572398307873	0.11670194008762147	0.09882833346323085	0.050326131148786826	0.07742237779776673	0.04235255991317928	0.15803292162999183
0.17940657426709383	0.020682597362914903	0.07608919035892564	0.12932686079899716	0.10429858941250175	0.2140336639324335	0.06266200202356267	0.06421457505891885	0.0686266856692477	0.08065926111540384
0.16805730572416044	0.14205535893548946	0.07476131985202758	0.053989716102723774	0.05440111398325657	0.17710302354195007	0.042155380743200195	0.039179087943902076	0.064725393456256	0.18357229971703376
0.18884325376131583	0.03021880750336868	0.13446041680722612	0.05744172848351262	0.02646101480603287	0.272323233074591	0.08995944863084461	0.049658868054593554	0.048594392751942876	0.10203883612657168
0.14190631873443454	0.03020662457864423	0.06010763660244678	0.03106926990836409	0.20294886710447366	0.2654987182938746	0.07160564595889887	0.06933108863695589	0.046506725690151095	0.08081910449175618
0.03299870981654346	0.0880071864265913	0.06297152365591491	0.19298975330809592	0.050085368094621746	0.23133416248729494	0.05417815896429548	0.06646333390832976	0.06304934578771522	0.1579224575505973
0.19886697282238638	0.031247735313539707	0.16651625890962005	0.019667549629006173	0.25953317839963536	0.10115225652410903	0.062353624995415205	0.023581399130812503	0.028299468408175557	0.1087815558672999
0.12215845284033146	0.1643303494713242	0.05285320549459251	0.11738754431012352	0.021628607699010594	0.24260237126232342	0.047037370728182704	0.07727785284619103	0.0322936313005663	0.12243061404735421
0.03996968878695319	0.18517842929561326	0.1308539762381081	0.060475626671701074	0.03592515996606152	0.20259219219048474	0.1186993373169966	0.02674850449063755	0.052914283535540396	0.14664280150790357
0.07630572866174246	0.2416670646958889	0.01872550814757773	0.049895703113861864	0.061967200683624074	0.2880008212271672	0.07633003610307154	0.061720365045939536	0.023687960290407914	0.10169961203071881
0.08324681544419152	0.15391294336918135	0.19168997925082237	0.07471645325969042	0.049585288038079156	0.18222295909834418	0.10092707404843093	0.027038803309427137	0.02664264847125665	0.11001703571057624
0.09218067136904878	0.08331385828784259	0.24879783039111109	0.027101713039072037	0.14082317428367797	0.15838130898057398	0.06459661695950039	0.026468487016990852	0.022319392932992926	0.1360169467391893
0.1280800440178293	0.13400707772980228	0.17213887986176474	0.11771493075566998	0.01281310829781973	0.1886230589619357	0.0833603127457882	0.050050966157951675	0.02202945108537438	0.09118217038606397
0.00829754086598912	0.18057282412463954	0.22226510332305147	0.018036345231889017	0.03923261204959021	0.16689506605437066	0.08151349349081996	0.035716205856181404	0.07012440898139882	0.17734640002206986
0.06130775581557747	0.12276801757179161	0.07603681137597303	0.013374796996966212	0.13929161697589024	0.27436267164692524	0.10196817038013203	0.02314294725777874	0.05699038518816147	0.13075682679080392
0.0965551696605217	0.06399587841952514	0.026651216621544765	0.14365048664995356	0.26032848371593365	0.13228952875799094	0.06725869309601798	0.04099878553895601	0.051584204887720676	0.11668755265183561
0.05693199442947988	0.14054780501391861	0.016748464675899258	0.21534738053037078	0.16227523563930824	0.1427970961707472	0.06435689586736906	0.04944493871020623	0.025930602977573505	0.12561958598512724
0.14768744110940035	0.24423331082535382	0.09069517857289641	0.0791786645669079	0.02903292234238042	0.10901998512286033	0.1349079560208944	0.04803749210611036	0.04715294424996281	0.0700541050832331
0.010663821149672584	0.18182919273067022	0.0567000723123515	0.01286553754702173	0.24534009916047067	0.12213778552832073	0.1293143317248671	0.04856049252425227	0.06284696205781372	0.12974170526455955
0.1310923075161653	0.13512911970507774	0.11916297259199167	0.03624623610718472	0.039880846303124086	0.25394813841824804	0.13154431178210305	0.037848666037924784	0.02239261686152212	0.09275478467665838
0.07147467782569633	0.06789279314325916	0.07397914851876344	0.11555502055844213	0.19952045783563693	0.23307164775216194	0.07025496367600514	0.04068879700682075	0.02979494203465531	0.09776755164855883
0.039329500960726946	0.20940579735375753	0.064087650093144	0.025389819900998964	0.12985280296472876	0.1313786746331227	0.11203417660433386	0.05236025051944526	0.029274817049229032	0.20688650992051294
0.13206664815643057	0.07002529211686795	0.23781268760888763	0.14409530803922194	0.04352413410159208	0.14800381289467052	0.05143851475776181	0.04458365889606402	0.045044138880515186	0.08340580454798824
0.06858066936861888	0.17071700506316478	0.12328274627303211	0.2112710335844355	0.04732186334152517	0.14108671822295377	0.09591538130600731	0.023494979968074953	0.03403788071283362	0.08429172215935392
0.029278131927147275	0.11398601590117127	0.11781950989948997	0.016376997670747143	0.023119105335552698	0.2628749466439949	0.1254249541510931	0.054024123271786274	0.07162245063603179	0.18547376456298553
0.03339967415490315	0.07881852728068814	0.06477007184094494	0.06765091939010387	0.24466403792285107	0.23622362143349057	0.091595703363798	0.04418598546718958	0.06129896131373084	0.07739249783229994
0.028396567633658387	0.0931019783709958	0.23299446286181663	0.23730457017812878	0.043766797032004555	0.13340407158575837	0.07212184473666373	0.046808049168383256	0.022094449550783532	0.09000720888180692
0.2117144454347344	0.03241188862316732	0.09928336321259373	0.16949800919449867	0.040928146129852495	0.09642202267794929	0.08737150417743383	0.07692210247986156	0.03345047995765926	0.15199803811224924
0.049677375077811975	0.010170115494609042	0.22163187243291288	0.18531052606215387	0.10489900312036478	0.18756768310777977	0.06964313841365372	0.06459973542461199	0.03355729246378697	0.07294325840231505
0.20140635289543393	0.06380855346729639	0.051014939377614324	0.1313570192281916	0.16595299650998302	0.14549652638276211	0.06790962924343455	0.04573040880032593	0.050574192532656825	0.07674938156230114
0.04334718332883621	0.25231768007270483	0.09026975820047317	0.10103621065725504	0.01857409442930648	0.1425145831658987	0.12070631515338381	0.0626919720368477	0.05004294865488129	0.11849925430041275
0.22969709532249755	0.13621113380194275	0.16657723049867562	0.09976403779949483	0.027820306742782255	0.1070585631976048	0.06948534817844519	0.04387822570094621	0.040234145690018035	0.07927391306759261
0.0627465722386138	0.06347478793095075	0.1753451723428731	0.03190286844127031	0.15260546897308136	0.11408120805550735	0.08459038372305042	0.053927619454252604	0.07241861880964238	0.1889073000307579
0.04729668991953741	0.09926535171788216	0.0779342581650447	0.16014716505907595	0.12284255702670671	0.11561032052605885	0.13324296551188625	0.04262680480076948	0.023407843651660196	0.1776260436213783
0.1292099490074038	0.010666782477458073	0.03539842236159649	0.12127747136652756	0.21935114187453053	0.13176989431107067	0.12883835446562875	0.0666285616282711	0.036051862477142774	0.12080756003037019
0.20036483312055647	0.11207384942370142	0.06039383974203374	0.022612273989557313	0.12161809686733026	0.1697845402676495	0.08056291930495713	0.031442360253138346	0.0466220790049939	0.15452520802608177
0.09355398875823175	0.18830512914197672	0.17118739607573571	0.013533913542247103	0.06131121169451604	0.15842168893909353	0.11243541466364891	0.07832641222260772	0.05042150401928659	0.07250334094265586
0.0287238239621639	0.038675089156720924	0.1358411697174265	0.17298287793915942	0.1425434381570554	0.14089533823538267	0.07368503177965502	0.026206368945129913	0.053447996878362	0.18699886522894427
0.1853313047550954	0.019697760496599603	0.1744126080492042	0.07396246523278945	0.06121889837063837	0.1941648668003399	0.07475592596942626	0.02794904305219932	0.05966802535048335	0.128839101923224
0.2665207277502969	0.06043641147641379	0.04884006641466778	0.12501114757498097	0.08338577406618175	0.11582911693506528	0.10921223900632969	0.030452130567186625	0.06529409227602351	0.09501829393285352
0.03194028863213799	0.18494944218514486	0.2715282737752089	0.05306146731796325	0.047722358218695984	0.1551025219009523	0.08478474947407985	0.026615503101553417	0.049028069525494586	0.09526732586876892
0.09140688103070435	0.04417801406777143	0.19561290508611856	0.0668552534355506	0.08344490001665503	0.2671859539297433	0.054139740222614675	0.05872454148736271	0.046560318348595524	0.09189149237488378
0.09540176868597634	0.19222507385578486	0.031424985087440224	0.06906442767741658	0.23082953521981575	0.11846348440826779	0.059440372493755146	0.03491811900993112	0.0332625536611367	0.13496967990047537
