0.03668366154964012	0.04836201806274278	0.12023595636148932	0.16983953374099858	0.09974400683978178	0.19874920614084723	0.07586972699383036	0.036921811660333884	0.03479516043673475	0.17879891821360114
0.06498720050784419	0.058859958267560894	0.0713233460208777	0.1624040899844505	0.09691314620368292	0.22672458586917943	0.05835077457718414	0.045082534149866314	0.02329668641747433	0.19205767800187956
0.05394832508301607	0.1408787473663592	0.03436445066381186	0.17099871129433036	0.08110035137878091	0.1880865891546792	0.09723782891244678	0.052692549522113066	0.015689571726020646	0.16500287489844187
0.08427009368080765	0.012455386273573385	0.10650279485421692	0.1665197311537723	0.103354150743944	0.197037396117471	0.07247316788283328	0.057744814283798754	0.020111446655677198	0.17953101835390545
0.06016392060832966	0.01208934739694903	0.12130119798406021	0.1679625990491933	0.08244992977791107	0.2149456196084771	0.08606138999569762	0.04038621612847222	0.049620890959466084	0.16501888849144364
0.10490304028541927	0.0912625936689	0.013902990383856298	0.1469844019967292	0.0904119677094142	0.22727256078110686	0.06471749096277069	0.03930619669047537	0.020103164312632912	0.20113559320869515
0.06520727144771614	0.01352443014132948	0.11876764375579998	0.18007480197501882	0.0934035258654379	0.24633231306191294	0.06428061993468599	0.04356529524605546	0.014455550486364904	0.16038854808567837
0.06525460203963442	0.09214884824683933	0.07997365068062819	0.16817788043793702	0.08143412107221382	0.19688495913167708	0.07238670755835538	0.057610417350303436	0.017453148071905636	0.16867566541050566
0.08072449807395027	0.03761532346144728	0.07285548085720195	0.15481798914144787	0.080046114325099	0.20218349253119722	0.06548990693112988	0.0601611459718342	0.056040889951326785	0.19006515875536553
0.06845732540871627	0.09925406212316787	0.04918434416705151	0.15247925091757292	0.08042673110992077	0.19357490756592644	0.0838731702274767	0.037285014692429924	0.03912938378348964	0.19633581000424796
0.10277240602559477	0.022889486643412532	0.07451841079385842	0.17246604932339082	0.09274754106212764	0.19908512319767135	0.09370475279386202	0.05856855524907213	0.019386987762242847	0.1638606871487674
0.08867242857407068	0.10815799111158567	0.04591346895792814	0.18455544024083081	0.08074354200202236	0.2117319788267219	0.06195430527521666	0.03618607182911297	0.015565686210574567	0.16651908697193615
0.0746312200179181	0.01081802791752115	0.03346624623740865	0.18776725376469966	0.09704660842502819	0.23523173983934254	0.0933828277913256	0.03335309137741703	0.05426586396512917	0.1800371206642099
0.039792758364721445	0.03686117713606943	0.06662990573055294	0.17567612923981302	0.0953229994271211	0.20275091570747206	0.09626744385085473	0.036612146501065826	0.05270231113772329	0.19738421290460617
0.07576979553701493	0.027726164979095372	0.04683317069859219	0.14749414757253643	0.09001917987290033	0.21582921514650738	0.0853428799285034	0.05424513854101886	0.055654465070173305	0.2010858426536578
0.08836840280869138	0.07352561103675208	0.031671418773078955	0.18697686086901955	0.08893900091805032	0.19451775435096963	0.06636902291526496	0.03848827132850637	0.03541179617374826	0.19573186082591848
0.07477097513531553	0.060541205107569745	0.041444850826300755	0.17134408870966017	0.0929023963291469	0.18963901347369322	0.08941323234686052	0.05320624824259832	0.043576316067618026	0.18316167376123677
0.03149618610212117	0.10275706048610489	0.04059422765641317	0.1822153710004854	0.0877103690647662	0.24611513672062252	0.07560665186276302	0.03886853462507439	0.02269139939264027	0.17194506308900898
0.04437000775540577	0.07137546928564853	0.08212299931055352	0.17393897270551092	0.10205331181782912	0.2085891937681387	0.06485259064927262	0.045987937987266046	0.018123461758064063	0.18858605496231068
0.1021950887716995	0.032198839163496445	0.04293152408778156	0.1703367706563112	0.10127879254581491	0.249026561442119	0.06739817413164174	0.03222318436811196	0.03491939641573498	0.16749166841728866
0.06081683530375663	0.13608700797261697	0.019520163358381512	0.174779651850562	0.09416528487865897	0.19965212702687513	0.0942587766438531	0.04268790538310528	0.014474616512214003	0.16355763106997645
0.04016765894221613	0.007317361712326373	0.16105771789100287	0.16510460615616968	0.09318292318176194	0.2191744856574997	0.06413667530816614	0.03232326909808453	0.04327918894704768	0.17425611310572497
0.08924195922499367	0.010463839393841476	0.13512632845219186	0.16487989283178778	0.10136800570832462	0.18916259502105515	0.06985951160702103	0.03098486880112948	0.014737610279829977	0.19417538867982492
0.059839300090433714	0.04802040717630897	0.10033134026192266	0.16125448819673233	0.09983710506450764	0.2221819483552679	0.058429088515104526	0.05500602175091766	0.035690733729737495	0.15940956685906715
0.10888888867419687	0.04079212884863007	0.03471002419719073	0.16493776930259668	0.08881752582996878	0.23208702701952105	0.09471781220264133	0.04427301251250218	0.033545360511927094	0.15723045090082516
0.04792158081656036	0.07085560947133174	0.09732340928026116	0.15085115803392204	0.0987694897769616	0.18430627225237647	0.08337142715810708	0.051159927276133846	0.01604045702782124	0.19940066890652447
0.07572730662188908	0.008908524924677988	0.12658121210742093	0.17165063731903768	0.08528325048478443	0.18424933545350802	0.0856159682899448	0.04139819623654992	0.02224707378535974	0.1983384947768274
0.07222603137937242	0.04864252139165365	0.11141492315853628	0.1730961197274986	0.0939422766370021	0.19625330746322428	0.06036491298896923	0.046270971403270675	0.023963119671737546	0.17382581617873516
0.033694174373801816	0.03795308442480443	0.08591785464864107	0.17524076102409714	0.10589130676786744	0.22276078415687556	0.08490487618637733	0.048437682851620464	0.026372589502733843	0.1788268860631809
0.03394443159325654	0.10380846652176445	0.041852510796706155	0.16037721964990423	0.0862128948452016	0.18642438890382387	0.07371089443193807	0.06031290673613172	0.05249425484140903	0.20086203167986438
0.08370689201473819	0.043595975947945766	0.05113825389913849	0.17030735904229133	0.08003606904002585	0.19226979007283612	0.10257326417989791	0.036314261058868744	0.048375605673557726	0.19168252907069983
0.06664710109496302	0.019676147239457598	0.07365596139499958	0.18947174916697312	0.10187346593703327	0.19479025397421837	0.09892136585887003	0.05221629634146635	0.0387215041939116	0.16402615479810703
0.04483819304485752	0.15307141606981814	0.0667795731997371	0.17031599360266103	0.09440913492180839	0.18754588564110974	0.06897894850808026	0.031392406627434644	0.026591715257674176	0.15607673312681897
0.05851784118454906	0.06297303285445335	0.04947440226949507	0.17546524834556904	0.0843742518900415	0.19729062176796897	0.08885789796391316	0.05582156217605817	0.03430495226865789	0.19292018927929375
0.05468842996317008	0.03013405002230181	0.049219670599330155	0.16842797597604778	0.09807765037345165	0.24549984194825641	0.09846412436078411	0.04686093386582512	0.04782361158866296	0.16080371130216994
0.08145766241228371	0.06454897139137114	0.030801782903493877	0.15693252380991107	0.09280490097130191	0.247168130750051	0.0654304228963889	0.05208049670768278	0.02979014165426694	0.17898496650324863
0.03410227012450488	0.10964548208109813	0.08156680265030285	0.18810342280097905	0.08425093853131166	0.19982939381511589	0.06350182902109341	0.03715358032482666	0.021010706403201268	0.1808355742475662
0.07066737915155524	0.035354231631484906	0.10437567787407581	0.16076372333816907	0.09334734767299371	0.22216373402710515	0.05848892096659488	0.04387329582881133	0.026917541536430334	0.18404814797277957
0.03625353489269566	0.15323209459862486	0.04313823945431637	0.1628621718912789	0.08637744114881193	0.2287710874473507	0.0675089887141424	0.03241977715018468	0.031170581168688566	0.15826608353390598
0.06654340812750278	0.07733987716438062	0.020807565224558913	0.17985805615297895	0.07957932529118494	0.2412833458716993	0.07612183625217697	0.052067019208893096	0.03953352337823291	0.16686604332839144
0.09253477913680862	0.047880501768287745	0.010007476859749287	0.1490187496165829	0.09138797666631211	0.24336870567625118	0.08648206204827141	0.05558765614324218	0.034241724468419055	0.18949036761607546
0.09941269523102045	0.008432589010531275	0.10672457354717602	0.1736342840880828	0.08094609048215874	0.20908772167744305	0.09059614575654532	0.04638890628077087	0.015590676831053724	0.1691863170952177
0.0934975345626412	0.03547080666961566	0.02236251918869818	0.18582929225483746	0.09133959687029894	0.20631609317887117	0.0989951716347805	0.05462025167268628	0.03014465220562053	0.18142408176195007
0.1145667582855813	0.01360220573730482	0.08169093691246031	0.16537044934927958	0.10185542965799269	0.1855590137130534	0.08909952708520011	0.03201490767263135	0.02726655027636539	0.18897422131013097
0.034588394536006414	0.04108389155013997	0.10436374214976193	0.16469048883270626	0.10578365520334417	0.21535818401195056	0.059049610488457686	0.056894625920288926	0.03639403165758136	0.18179337564976275
0.06926804207080661	0.009177822883863193	0.1467614941191256	0.1787185738178989	0.08404133728938035	0.19465032938270954	0.05843372283667263	0.053155044382573964	0.04844673724045092	0.1573468959765182
0.02984285285689625	0.023764929770413543	0.15367707432352046	0.16573409289530097	0.08451133316213379	0.196763143741611	0.08209645874556229	0.05690302539269422	0.04920780585091984	0.15749928326094764
0.08303842921195799	0.06400891551425457	0.013488936397015788	0.1597937713388553	0.10149195929171963	0.22487209394032948	0.0889941809003708	0.04565865717329832	0.031566392540349555	0.18708666369184854
0.04414283156464535	0.06471142044958829	0.043309774158582746	0.18096843681783306	0.09361695005955484	0.23075988041251788	0.08720796707040859	0.03939238495118254	0.04840331552287699	0.16748703899280973
0.07490244894251252	0.10917102367273025	0.0371093905428998	0.1656636261164014	0.09362865207946786	0.21641558001714797	0.05994424479931118	0.037614387638036186	0.044871114365179786	0.16067953182631306
0.034850865471460074	0.036556342047023724	0.09622999185894249	0.17657324146333303	0.10317741351423271	0.19931560416555733	0.08293060267552599	0.058696229469448746	0.03395893848766671	0.17771077084680922
0.07276085975304526	0.08447771807201679	0.03935907292008034	0.16680070530964392	0.0853835814871235	0.2247976274018549	0.09576580909193894	0.043713310603062355	0.024999065570374554	0.16194224979085942
0.08304783535855545	0.07735884065231742	0.05387350660802993	0.16992343032547275	0.0905256923468702	0.20367556129713094	0.10126808455014037	0.04856994045042697	0.014874565117117211	0.15688254329393872
0.038362730033104864	0.03153411244376189	0.03820125773731778	0.16748513392497005	0.10566201327653962	0.23974314488903653	0.09981453631571165	0.03958583453823866	0.04276357698680061	0.1968476598545183
0.07222080523423789	0.05139665227599643	0.05593343333792943	0.1850899816502628	0.0850913697213815	0.1914288481907513	0.08973366767283837	0.03213841034870568	0.03880288089432298	0.19816395067357362
0.07334013878488044	0.040131848420565976	0.06701079031101045	0.18027056040459072	0.09413642958923366	0.20820436574317025	0.07912142071912372	0.046329824187707536	0.027406696967565494	0.1840479248721517
0.03278788411850596	0.020277625156443227	0.12224054816152159	0.17095060949726143	0.08708789672609542	0.22431959240141752	0.08029449935231892	0.048938962214485265	0.05094390059134906	0.1621584817806016
0.09220183278216326	0.02046068123242467	0.05884269624459941	0.1818317827356925	0.09879394755736928	0.20089911940966432	0.07330191965554297	0.057148687648355186	0.043101783730822116	0.1734175490033662
0.02938783751383188	0.06963900813792803	0.07135631983379666	0.16863729946165634	0.09714029156712072	0.21436427230796684	0.095686353599966	0.05540859600703691	0.035009640728541264	0.16337038084215538
0.10808870836023424	0.05041782899277757	0.033494577905609044	0.15404069435519624	0.10420548379260536	0.20365418610595187	0.08267630961665037	0.034212700010547506	0.036494640768228795	0.19271487009219895
0.06237912791152038	0.04752437802021707	0.07092940468430835	0.17708605983962544	0.0940532402415462	0.1936129195032989	0.08200337348795503	0.04103950100969892	0.054162182130058925	0.17720981317177079
0.049944395533092795	0.05726478303503636	0.06105658373338483	0.15606758446801688	0.08658166577032797	0.22974509856251069	0.09224333325444449	0.0383872095228219	0.0519799674491427	0.17672937867122135
0.05006986106138656	0.02019452470357487	0.1840190528248486	0.171243827351588	0.09389861934648548	0.18863713122944414	0.06655580446460706	0.0353948283809352	0.01882751266886118	0.17115883796826886
0.09504955414164848	0.0842811223622104	0.02304131462217522	0.15877725344285099	0.09326162696714253	0.1925715023027879	0.09391643569330113	0.04340506137236093	0.046977048758765426	0.16871908033675695
0.09661099319090496	0.0072156424732614105	0.0714263195362502	0.19235318239644716	0.10149147882060552	0.19279375780750418	0.06630046199004853	0.03190717905760111	0.04048554837245192	0.19941543635492492
0.04276859076751211	0.018219431632217023	0.13455070794846513	0.16417356004760011	0.09658289813999439	0.19934630461156416	0.07417606979623625	0.050564493357071104	0.04955230300953478	0.1700656406898049
0.0652982064342085	0.06907140772785095	0.06325464275936721	0.18821339098585327	0.10143210659807984	0.190996693238766	0.07529993723268161	0.05012568728328783	0.017773233042079797	0.17853469469782496
0.035070639163634634	0.1157871602700549	0.09991752049557236	0.1561994362477767	0.09336804587605621	0.19135426994307375	0.06036066276339693	0.059755605092908705	0.016284171139227227	0.17190248900829863
0.038988352499882376	0.13549340580300734	0.03076083686855527	0.1794473934943991	0.08712556389074094	0.21875440420363734	0.10134142485960869	0.031548112012805954	0.015726305731777468	0.16081420063558555
0.051556261752822054	0.01645128720271956	0.08821055586245816	0.17835215069426832	0.10254598701581598	0.20821111501708617	0.09041266353813002	0.06170415399616368	0.03596238124548558	0.16659344367505047
0.029918907839694614	0.10452240632968801	0.07210067659618696	0.15726051730921906	0.09296866923096003	0.2197428898688773	0.06930908719202214	0.037917627671687534	0.037071122753607785	0.17918809520805662
0.06596581209172495	0.04233649502326006	0.06728964040768581	0.16018447987870998	0.09072167585038712	0.24528371260994825	0.08580685605614852	0.04686638426059335	0.02099844355324304	0.17454650026829888
0.10717979665225885	0.03436649546278843	0.014696202332059774	0.16973143374016328	0.09813350863977512	0.22092801523291333	0.10270951313574603	0.05240812036589768	0.01964442072915558	0.18020249370924182
0.08351203654247344	0.06580575592453886	0.027760308165462655	0.168071845448807	0.09160659496198777	0.2208625083984963	0.061608070103011156	0.03248431067559622	0.04784401184273762	0.20044455793688898
0.03199456696251096	0.12665484268471186	0.06534479034652507	0.1747305737639926	0.0844021898623389	0.1999320323011188	0.09377925803186637	0.043906760964163676	0.019694226805507142	0.15956075827726465
0.05770821932741909	0.04808370669186929	0.024653504811266505	0.17963727722532913	0.10227994958018648	0.21587127409176676	0.07723845021253412	0.058471937032621095	0.04253364433383647	0.19352203669317108
0.04589622784104544	0.029531356038003206	0.13676832514302484	0.14998223045196035	0.08626735356516987	0.22468196821898667	0.09573198952489029	0.03980802063459314	0.02016213968549624	0.17117038889682998
0.09230492102670385	0.0368828873414872	0.07265099103236733	0.1821422824888838	0.10679411101996206	0.22206693276341377	0.07557829770950958	0.034604483441764755	0.019958683522610404	0.1570164096532972
0.07518222832684564	0.06888606039877143	0.021793479507952365	0.17620068869034863	0.07963803578329597	0.21501398590781234	0.09364899288132045	0.036113737182029565	0.04461503308518805	0.18890775823643552
0.03096655556928539	0.02588972604728426	0.13313559333567873	0.1660452932858919	0.08365747505777421	0.21585720837172254	0.09001661650088776	0.05170660087504868	0.03831342531229707	0.16441150564412954
0.10967412097189132	0.0397810787740583	0.02425022519442767	0.16130396954198523	0.10537651636923621	0.22713001866881405	0.08496562028948179	0.04237665186373087	0.02420579991049346	0.18093599841588098
0.08270019014188719	0.014921660843098691	0.08026562226856525	0.17130649553377175	0.0807170137321304	0.21335159897742884	0.08349404669748972	0.0400566862110869	0.05610879196585986	0.17707789362868137
0.0670197907556038	0.06810698416396756	0.015976639767843026	0.18752966091094186	0.0964679333882036	0.20336063041323965	0.08517759289673507	0.06188939291474068	0.04910174298198673	0.16536963180673803
0.08938406927738549	0.04700885404122621	0.05358059511671863	0.1650082489536709	0.1031481151369542	0.19790496278698533	0.08635480616182215	0.05039448663443277	0.05088603835610586	0.1563298235346985
0.0344047377606526	0.031866999936052895	0.11595365783837866	0.17157028940966743	0.08072323563566532	0.24052489485151285	0.06538167842018247	0.044836606606494474	0.04504547829446843	0.1696924212469249
0.06525761327412422	0.10843715133540353	0.05187897021165704	0.1671609935506791	0.08794580011946289	0.20613247695312886	0.07461931653442169	0.04529200044374377	0.03234815501240547	0.16092752256497347
0.10752624483731905	0.08916867582484424	0.02699862475918384	0.17948050043328556	0.09335504920564981	0.1901913111188822	0.08534076588432643	0.03674335748264239	0.02188620689684649	0.1693092635570199
0.07582077259115505	0.10529127019761579	0.09549727834076656	0.15488641325664765	0.08671305385771139	0.18569549672663743	0.07599324948545796	0.032683364610301066	0.027480863234904992	0.15993823769880208
0.029149029597425616	0.10713259988569168	0.0389443332862916	0.15745705866851178	0.08527965581852825	0.23254199887924437	0.10255908367068499	0.061563009053698374	0.01742214910098379	0.1679510820389396
0.060715367645285956	0.13326222455075337	0.009765145761562163	0.15393437093988593	0.09966768937827632	0.2302588192951398	0.059995561090160646	0.041672353794086514	0.04250708809649807	0.16822137944835114
0.11438750037849527	0.00832156792059828	0.08842066377431879	0.17699319072132608	0.0988391247226689	0.19699668567724044	0.06139146098778573	0.0418374739418173	0.024429328206076878	0.18838300366967228
0.07649970833940081	0.04565648977581928	0.03610306751222764	0.18815599624820895	0.09144847159454986	0.22776930593995603	0.08363393641851585	0.03140727553408065	0.022284199698943075	0.19704154893829784
0.03313541025893116	0.07460591924312013	0.11750738689031273	0.16452321302901787	0.10549900721365145	0.18606962307264943	0.05785598878874077	0.049005088772691434	0.03770969279297766	0.1740886699379074
0.09603869264401994	0.02633455700831598	0.009900519367139884	0.18744693962908537	0.09411774471718251	0.24805907166703484	0.06365457167696903	0.0475873178660153	0.04686107224458077	0.17999951317965635
0.06658321195349182	0.02467601992895266	0.054294568757642714	0.18312057672460663	0.10483291338383151	0.18924201967543625	0.08687916557727801	0.05140100928895471	0.04566172794076166	0.193308786769044
0.07993249268838952	0.041264090669836544	0.015027805447436704	0.15910682176711038	0.08863803713428839	0.22939582393239882	0.09236214594240844	0.05193000763252255	0.0438078359378259	0.19853493884778273
0.08538142163286663	0.04603505120878337	0.019195029438456176	0.17675522270649024	0.08743193214291402	0.24419087536387202	0.08540524984313438	0.04270505505897765	0.025439203502270885	0.18746095910223454
0.036845716631571865	0.07555615323309939	0.09561783126852873	0.18056936392028067	0.08394454570636141	0.18472130121866598	0.08784955516447962	0.05731085856435329	0.01784944544820015	0.17973522884445892
0.036273160883323996	0.05562498787551185	0.13023665745916788	0.15112662890923295	0.09650712943900264	0.2068530133175922	0.0749231197038255	0.05825995906114636	0.03070493348329921	0.15949040986789745
0.05949235162384582	0.030514396758784035	0.05959495981271473	0.1540372052079181	0.08659432469045077	0.2469976308238197	0.08266065348383628	0.053869639916869556	0.05566411558506007	0.17057472209670088
0.04795715360472075	0.1599187956408466	0.018305891229262572	0.16654274208707937	0.07986429494888778	0.1867225691530653	0.06337880669709595	0.04765941005727653	0.04221455093369343	0.18743578564807173
0.06274538614326788	0.07428715638224852	0.05303494682567974	0.1613541798534834	0.10536301699270192	0.21827944809764016	0.05928317562430435	0.05080447444025247	0.052667101808450356	0.16218111383197115
0.04752269147931623	0.05516778593546936	0.07427238381454929	0.1815324047790541	0.10453456710107067	0.2049519425964672	0.05813604267878395	0.03885404574478426	0.04049338238522915	0.1945347534852758
0.033266777637254774	0.02315258605497096	0.17993489654696787	0.1501060275293315	0.08047740249928523	0.21223382070898955	0.09829751966348951	0.03228300538822146	0.021000459285041434	0.16924750468644773
0.045757713516327375	0.018365300505253937	0.1786551836195659	0.1636137198465578	0.08927614908395724	0.18737495417944988	0.06523986668173709	0.048445680914536306	0.02030505219147162	0.18296637946114291
0.10726954842672645	0.03732534467566226	0.11730194786325936	0.150709302752988	0.10031495655797253	0.21594882316030523	0.05925758869100861	0.03537196254939204	0.016789014994985196	0.15971151032770026
0.06197409781705347	0.0659090230656717	0.04132024565766533	0.17422353283085434	0.09308936826878567	0.19182103258400435	0.07816843236973545	0.057578122251145995	0.03464787907485421	0.20126826608022946
0.04158515656697373	0.05014941997125831	0.12406764824194295	0.17098820471202492	0.10541006204321159	0.1859842964241994	0.05894123536719971	0.032718542076851945	0.03323649361097292	0.19691894098536455
0.057451109299818594	0.10124444757401949	0.03349216601385563	0.14793437921190086	0.08648094167982354	0.249291068398599	0.0836343418693678	0.03087551800095073	0.048049728263092874	0.1615462996885715
0.028925892988994048	0.013163854977848236	0.09014652857927635	0.18049422805549287	0.09948780416806312	0.22638025631508762	0.09975106807901074	0.06078064535423634	0.03008844167295209	0.17078127980903857
0.10590184959916894	0.014482170875569272	0.027955438378203523	0.15925500123535274	0.0800297922566291	0.24006486833084295	0.08649919287357312	0.05593998641250797	0.055560995251644	0.17431070478650834
0.11150140939009026	0.04149739536747787	0.0314200516960355	0.15991868270890086	0.10157773508437236	0.22148621487027575	0.08222282750563384	0.04178108820452828	0.05213772625031755	0.15645686892236768
0.07384786724261662	0.06746479127689024	0.05588037180974979	0.16263196445003453	0.10513374368314722	0.24129392053459736	0.06435330131620479	0.04835094700855937	0.015347328453445802	0.1656957642247543
0.07815263535371719	0.008495437004249456	0.0924459309691473	0.17252306301948703	0.1066566316299374	0.19957125746237359	0.06530333580539802	0.03979361385543397	0.04892007061542389	0.18813802428483214
0.039827789004003494	0.09042709222653475	0.051691731657746	0.167391719321101	0.08116811045938083	0.20945835549670952	0.09454746907099677	0.03214117203173936	0.04611247703507945	0.18723408369670885
0.034147198419017075	0.10103470135725501	0.05008003661467443	0.19184736434413172	0.09144093154695786	0.201182810965213	0.06571705677924183	0.04219433921758414	0.03168552429162681	0.1906700364642981
0.11162310035278972	0.05833275624124568	0.04376482606344815	0.1841216930355696	0.08475594273143634	0.20178024819371337	0.0713220619902192	0.05022201966296042	0.017055799993296428	0.17702155173532108
0.11154028543338171	0.021778613359933557	0.037596217355732126	0.17421610385099295	0.0983506232892104	0.24191701293443407	0.06432815794419076	0.03750914109341321	0.04394813141949715	0.16881571331921397
0.11475789825065885	0.06429996073711247	0.020124943046805635	0.14664863531197653	0.09434158572021323	0.2126821366562467	0.09716091058293891	0.047820346128086326	0.02961868383317219	0.17254489973278908
0.04260852004664498	0.10240956712071386	0.035894446815811276	0.18692580542088172	0.08809918747853519	0.23697650197631742	0.06717907373629073	0.04104184078212167	0.041159485271311254	0.1577055713513719
0.08333167208784809	0.055784617950847215	0.01581263036717094	0.17457743953455968	0.08247324473677325	0.20932797457739005	0.08909306118277913	0.05739599820793137	0.03224821165337033	0.19995514970132994
0.06206280458934615	0.0273016393553656	0.0824326054957323	0.15499356917344428	0.09964737681288603	0.24855807226248133	0.06789746135058555	0.03348323558493495	0.02526960232924523	0.19835363304597858
0.04875689520159861	0.0287616295025597	0.08155557408544921	0.16938017291604995	0.08469040912329424	0.23829541073898425	0.09147785949630186	0.059118055412685264	0.03920006628339457	0.15876392723968236
0.036909096856557064	0.0142907947368376	0.08637982133216003	0.17194602526515756	0.10118638289115822	0.2063699413985985	0.10058257365212872	0.0558266485198352	0.03295823074160993	0.19355048460595717
0.0872094264482017	0.05674388877671085	0.04199173229141607	0.172287734718072	0.08951729538413151	0.23049550169780658	0.05868552611519506	0.04684063981765697	0.0439646707002431	0.17226358405056608
0.029232244856703213	0.05078631694987198	0.05750890611196772	0.19026958807800465	0.08942550412177738	0.20932731790251294	0.0991218141134379	0.032819512477426996	0.04355376867796519	0.19795502671033205
0.0855555377831983	0.021027913314057553	0.05979485023483482	0.17661153654573108	0.09638586707158085	0.2097268497875951	0.06203069288328114	0.045804573474127946	0.042844153276076394	0.2002180256295168
0.05435911257903598	0.050587856770968706	0.07864555989342378	0.1562492306198516	0.09537770229990879	0.20401803484608244	0.09703250321740887	0.06041310093083396	0.024995462860884124	0.17832143598160172
0.09848733274069178	0.04960752114965203	0.05989254369796468	0.16708861791415497	0.08874867999741932	0.23608298971978342	0.06171840726641155	0.04875122761392632	0.016951362986362947	0.17267131691363286
0.1075584650042975	0.040767861542042115	0.11064675728439308	0.1657320227751371	0.09413370196551313	0.19633611294992123	0.05775511721250339	0.04776273655246422	0.015689335538675603	0.16361788917505254
0.06160998355777128	0.0887938256046589	0.056888098142106436	0.16965434438837873	0.08978072802144457	0.22584434974020162	0.06541393089132509	0.03203792818600937	0.029650380678339375	0.18032643078976462
0.061483431225276254	0.026689075066297432	0.045063345394778666	0.16856918502911036	0.09379059298316593	0.24619453247810513	0.0947879397342811	0.052306004850077276	0.05432923955957189	0.15678665367933597
0.06978830658373146	0.027436511577123138	0.1197891656952389	0.1522144775327671	0.10494466367739545	0.23286292477614945	0.06314539960491403	0.03471136395532114	0.024466291835813045	0.17064089476154626
0.07970488345386256	0.09082828148905706	0.04099085356269253	0.19165816387231682	0.09897669261297067	0.18331847526286738	0.05895991727866889	0.052579311625727196	0.04120933166916053	0.1617740891726763
0.09148058242200528	0.010621732053528538	0.13706027463942502	0.1478111520802039	0.09484107705906898	0.18605639378690142	0.05933627044035077	0.05213670536708142	0.04589244486790331	0.17476336728353128
0.08300724787226933	0.030161696673962096	0.09286934592247957	0.16477065719747275	0.0860147457776683	0.2312170906484205	0.062358751074107294	0.05947244969396419	0.030569183092967384	0.15955883204668853
0.04988909582987655	0.04522418683430877	0.01654069744562725	0.18466857886266536	0.1066489942065837	0.24774469471617955	0.08310512538857226	0.038385007946665044	0.03994011519648193	0.18785350357303965
0.04654118972035682	0.13342613425190214	0.03719434358240603	0.16740496115919362	0.08655654488307869	0.18309907612232673	0.09181445373791877	0.046705755942966595	0.044190058497889234	0.16306748210196137
0.04199970806292978	0.03823791706117678	0.09644766908300355	0.1508006771016087	0.08979793007294354	0.21416035429374053	0.08415545070440368	0.058999272257393834	0.049948494106974294	0.17545252725582533
0.09243050272526832	0.029169923227298847	0.04271103323594694	0.15915194965695062	0.09385450528910501	0.24217287904665502	0.07361633906906723	0.051974378942377455	0.024428675296066987	0.19048981351126343
0.0684686309171415	0.06632263420383837	0.023901202921425196	0.1801513544580276	0.08119142180664285	0.24110997743232	0.08073103089082423	0.034324197618105845	0.0414013496177542	0.18239820013392022
0.03855321928124969	0.06514322728580128	0.06584981015775948	0.18634013836630903	0.10656288481420605	0.2083610596100623	0.0989815825563178	0.03687656492731374	0.036034560830008625	0.15729695217097206
0.03810273505797304	0.030645184973354167	0.08562479928004496	0.1734266318061256	0.1013028506763131	0.2482727121442092	0.06859026498591395	0.049548522879748785	0.04162830411336667	0.16285799408295054
0.0637700220192565	0.021748084320093314	0.08605950602501622	0.18522570223404441	0.10190779201711098	0.19581255386165047	0.10035586313175576	0.049324607932144895	0.03915339598724095	0.15664247247168644
0.06314272652898817	0.08224214153526177	0.05368527035251484	0.15493815608157804	0.09347555119570536	0.19990015539158454	0.08911095834050632	0.04668063252422971	0.05368410373255741	0.16314030431707383
0.05400310694578343	0.024978622157008204	0.08367309357164861	0.15447976973551358	0.09512039529191935	0.23812568799070638	0.0984493059076543	0.04332583152434245	0.03715886594021253	0.17068532093521116
0.08747017145924683	0.07897729780819775	0.04174844844087335	0.15837337748992578	0.09930567634137892	0.19965618531171822	0.08321297995025853	0.06086473937360875	0.021084439538325297	0.16930668428646656
0.08629017322250336	0.04207973766722756	0.12258498236461171	0.1858223861119228	0.08535754534474874	0.19356017315791826	0.0635076195100405	0.042663022449125454	0.017750864462152016	0.1603834957097496
0.04683060396915252	0.007888506719263985	0.15070039003052377	0.14850745383336306	0.08055763738933613	0.20869974728712676	0.08632009884196222	0.035838544033891584	0.03991394715863288	0.19474307073674707
0.04442935874076028	0.0683096221263439	0.029778995162312902	0.1839964773577522	0.09202580735059104	0.22227960226987986	0.09329953843669081	0.058627507442334414	0.046519328213430036	0.1607337628999046
0.06973477561442701	0.05666727955997835	0.046180879184206686	0.17641796449098057	0.09540934427236264	0.22419072997160908	0.0857341155363898	0.04176192417793417	0.048652570426032354	0.1552504167660793
0.0465069348106677	0.06730170226110568	0.02314324479363432	0.17978661097952625	0.10334857293752159	0.23049654446776918	0.09450742854576419	0.03800625935286125	0.016413327302340755	0.20048937454880916
0.04367637804516789	0.1325704000934872	0.0647176220372587	0.1725288882772056	0.08397724631671531	0.20306261573844614	0.06679337397756488	0.04380186458241462	0.03362001247039671	0.15525159846134295
0.042780409031738936	0.03463133063805657	0.10461441404052454	0.1752101969169896	0.08083612592692635	0.19999118993182574	0.07870270618654307	0.056587299265721334	0.053870497126036615	0.17277583093563725
0.07455420523081074	0.0798123728455351	0.06135183157679918	0.16455172505819932	0.0898168414185844	0.1899128978260569	0.0722193176601464	0.05761961135614338	0.015573737705144905	0.1945874593225796
0.05059384318565084	0.05467890015073026	0.11655766777293408	0.1473784903004252	0.08267247506443026	0.1969512031403834	0.07770644727364875	0.05544608754463479	0.03789873227654306	0.1801161532906193
0.03425006020605108	0.12144889376718701	0.09359502508623879	0.15284824992985513	0.08220792535796781	0.20233177023162796	0.08952038688242119	0.048001491102111035	0.01680766698467713	0.1589885304518629
0.11362167841208767	0.04616716116582652	0.04627933636849764	0.15529604229674476	0.08002648770451706	0.24219250736897768	0.08567308236974366	0.031522858251644637	0.02556299465316038	0.1736578514087999
0.03304299839341272	0.10904619092918592	0.026114060227883415	0.1819417627281034	0.09077590994712045	0.21068885545540433	0.06696283858208063	0.05343676339539474	0.03952550469370514	0.1884651156477092
0.04048597602307745	0.08722997174552834	0.0840771257665277	0.15919808486186882	0.09123515701137931	0.19143861559603104	0.0937385128556227	0.04554246503274512	0.029500722103609267	0.17755336900361027
0.08161178260150181	0.03822538673786759	0.06496573646728113	0.1705654179229995	0.09064634917506609	0.23710840673474376	0.07595430722854395	0.05230635905930765	0.014617732640040945	0.17399852143264755
0.08463325721063415	0.02560334590979356	0.058717572702677	0.19189966357118599	0.09550428647250328	0.21175475546676398	0.06201445885770464	0.03654634096840853	0.05368084921643019	0.17964546962389866
0.05812727561018682	0.013742619009480608	0.04198585505087027	0.15817174305496567	0.09466448494765853	0.2451948956110065	0.08470122700865433	0.05375616892922717	0.049417625979483445	0.20023810479846665
0.04332932377913071	0.07688954097096071	0.06234144404944815	0.15260908728027295	0.08848712176011338	0.2170919231315741	0.07386105746565577	0.04783619233564589	0.05545605624626754	0.18209825298093085
0.09185624182531758	0.023639478019682164	0.04437730543641858	0.18034513141646485	0.08623469279627541	0.24761974299141837	0.06859051404674166	0.03185172630887123	0.04773383455331523	0.17775133260549492
0.07181500848823925	0.10168850922589227	0.02773159038902827	0.17854168457991904	0.0952253584045159	0.20924981838600293	0.08913073400270316	0.03497780411622162	0.018785079611231756	0.17285441279624578
0.06455020301655426	0.0645473396599728	0.042245686345797784	0.1551430666002636	0.07917043804752144	0.21472777685247457	0.09505297618907091	0.051158289822089156	0.05151534503826735	0.18188887842798812
0.040196548156007116	0.034902697148373366	0.08519460082799118	0.18518252532625057	0.10372741354662773	0.22622867610286618	0.062163700817016755	0.049713185890637925	0.054209491154695144	0.15848116102953402
0.09035834265251991	0.07156325070815248	0.02614284934292435	0.14991596194637397	0.08595178275938922	0.1897256745745647	0.09380499130512349	0.050326747654145666	0.05609759855644151	0.18611280050036466
0.03190997362449359	0.1314792121641149	0.016865762482260654	0.18252105225396908	0.0803587492416829	0.2156468801813138	0.07442175867074248	0.053059170723365176	0.05585467129236837	0.15788276936568907
0.0454271877145838	0.04010045999826589	0.07886814514522682	0.1747319812004757	0.09071188536050928	0.19245024257636845	0.10199837874261757	0.03550945902798261	0.05093511303796307	0.18926714719600682
0.03632782448569212	0.08914902213224805	0.034951919733272774	0.18944530867545073	0.10047727518492264	0.21984364384538743	0.0719938261256337	0.06183973329451885	0.020047727979764132	0.17592371854310962
0.056746586887516555	0.11072360609469138	0.014020394906326158	0.18468309278442663	0.08107139115202372	0.24873175487198518	0.07998660229909944	0.03688506774820807	0.023514049321754077	0.16363745393396872
0.10951449961277923	0.02887703535379464	0.024853032541556144	0.164260209227912	0.1049723518496521	0.2255430597509242	0.06739335347441314	0.05487915747267899	0.029557794720874164	0.19014950599541536
0.10866684073531359	0.08667513038808076	0.023020616943690272	0.1530632548565452	0.103510476144154	0.18402265695520892	0.09078907796188719	0.0348595880253159	0.045708169466780454	0.16968418852302364
0.03603351586982716	0.012465208263336247	0.10428657348708086	0.18706650511985018	0.07873839478447021	0.21682399328596028	0.09342488747259949	0.05503759062557517	0.022053064797259936	0.1940702662940405
0.07900536863646984	0.007930328408556911	0.12040034781329023	0.180641691468872	0.08196626406820577	0.22701360223146727	0.05775668639244254	0.03370186403604632	0.05393275277771982	0.15765109416692927
0.09309653774402753	0.1035724768850022	0.04489142051290986	0.16822975618144245	0.09139305900753968	0.1862822171429481	0.08279767490498957	0.03689044506464903	0.03251143642410412	0.16033497613238742
0.032030252200981005	0.03942274713491632	0.11600032941560035	0.1815778316172846	0.09027516676167428	0.2255815594158609	0.05790423690191833	0.04579901630378516	0.03606897878092245	0.1753398814670566
0.06466923545614225	0.03297953500541241	0.05847039655744962	0.1630234855508635	0.08297180903928933	0.20472307324770445	0.10069328369814286	0.06202799698861034	0.0538844089049992	0.176556775551386
0.06665592116905081	0.014720481417550377	0.09219959312916316	0.16106565465440786	0.08442538927581132	0.24072149266384002	0.09734128321036721	0.03740339173090633	0.04661438569302519	0.1588524070558777
0.10044127032309419	0.05556993734595683	0.0855634467756976	0.16772734699187486	0.09583719866299723	0.19958581941642672	0.06125137537294764	0.03437798856658973	0.024985214092667574	0.17466040245174755
0.035782218156262716	0.08781225423202761	0.06155074913013358	0.16500512444573628	0.08071680069357272	0.24226795095857712	0.06897689503553919	0.05521379107302621	0.046574618666876066	0.15609959760824854
0.07962580770870584	0.0447804103862203	0.07846350403837041	0.17466916017301026	0.08212713589371792	0.2307774439009087	0.0610583841023368	0.0417411075410065	0.046253460739263175	0.16050358551646005
0.04320238367115614	0.012874269069350033	0.12637098286398624	0.14886111844018368	0.10470013832477368	0.23361947554546852	0.06059152067063642	0.03242186694595488	0.04695413337375119	0.19040411109473923
0.04020263395560984	0.08606650901093159	0.0488069236914102	0.1747269402569145	0.08197414122200505	0.1991035728093146	0.0998666404225103	0.03500994708384478	0.03847955239475058	0.1957631391527086
0.09806211144181401	0.0760539689526392	0.04221458709844359	0.14619563433687494	0.10212302413310632	0.20405836634120736	0.06518089154442017	0.04811455585478931	0.03978487850309575	0.1782119817936093
0.06560518340407459	0.08078112788079733	0.03778420267671859	0.16224684219707614	0.09827017255255056	0.22699665277358733	0.09685096015604663	0.030852793702057943	0.04162634467688153	0.15898571998020938
0.07303044901425211	0.024815193750485257	0.05747411097161993	0.18698307263344732	0.08308957876753778	0.19957521381606005	0.08376312153335862	0.042944096774252635	0.05420328962555216	0.1941218731134341
0.07956871229496339	0.04627080051697046	0.04580969280539114	0.1546247099379312	0.09848816044664623	0.23140416740598596	0.06463735047231402	0.05651342433958875	0.025681455879227585	0.19700152590098116
0.03642174246569772	0.03778289105545857	0.08969985218345394	0.15130496831546814	0.08163023727943453	0.22129120487600623	0.07980585998243742	0.06223904214776467	0.054373312078798114	0.18545088961548062
0.07321144652588933	0.01867491033424841	0.08546596294054387	0.18255652839257064	0.10638212175577169	0.19127324257296863	0.06334673347968131	0.05807816572268401	0.02486971790090388	0.19614117037473816
0.04943175547309354	0.04880033616524808	0.12402499048915035	0.18423808377005219	0.08351617078028702	0.20808168450421827	0.07645007124504978	0.04535284795705168	0.01534930678361733	0.1647547528322318
0.06731116269619014	0.0340791972222006	0.04306371012181397	0.15629331998991727	0.08307956090614058	0.2464319310944581	0.09385648655698876	0.057288582674513	0.035563671267334174	0.18303237747044346
0.08670458315088207	0.09810997981029072	0.027519894763564187	0.18117279370078077	0.10376414679800085	0.18553740202524607	0.09878386837628343	0.047272199519171616	0.01551574901132903	0.1556193828444512
0.03747288200706535	0.07508693553870649	0.09347132746954662	0.17136587865266406	0.07957336641789906	0.22698748159213072	0.07180671521932777	0.03480567570530341	0.04615452693694437	0.16327521046041216
0.05046029465928159	0.019885059219118553	0.13705706861951442	0.15595921844360555	0.08572963808487512	0.19606713052837427	0.06188982578683708	0.059021695604919135	0.051544185617517536	0.1823858834359568
0.04356449880399202	0.09104803112720034	0.028135021025206944	0.17208086438823428	0.0913876219808533	0.23986418349946648	0.09711880045816997	0.05637407843346325	0.02259987808456486	0.1578270221988486
0.07448518060285433	0.019189144238551795	0.07453819681802058	0.15639598984890069	0.1060055289755808	0.21676431452321632	0.05946459493263116	0.044990763888727664	0.05321263742454443	0.19495364874697216
0.0821076492463349	0.08153216514834727	0.040871366949512544	0.1728877135780554	0.09307933174738811	0.19969523237905817	0.08723964355506922	0.04229788517522569	0.022991305461930026	0.17729770675907858
