0.16692093794837845	0.1662269378586507	0.666852124192971
0.1667304739441009	0.1667867006406724	0.6664828254152269
0.1660354384256822	0.16695882368572176	0.6670057378885961
0.16639862449782022	0.16701809218041433	0.6665832833217655
0.16634741336857423	0.1670873837989473	0.6665652028324787
0.1661838071093535	0.16653192839543407	0.6672842644952126
0.16636011375442922	0.16726497935960533	0.6663749068859656
0.16765072306044185	0.16606306553021863	0.6662862114093396
0.16673382488156493	0.166183194134256	0.6670829809841792
0.16816300440426407	0.16629645036998292	0.6655405452257532
0.1677304790245963	0.1670640807117426	0.6652054402636611
0.16787002825605393	0.16686224988542453	0.6652677218585217
0.16661189617830788	0.16629968955211577	0.6670884142695764
0.1671299613764394	0.16718567253473654	0.6656843660888241
0.1675799869131402	0.16638768544433208	0.6660323276425278
0.16607592042080416	0.16724075826852786	0.6666833213106681
0.16770674137485625	0.16699635844092697	0.6652969001842169
0.16599384447175783	0.16725381383724253	0.6667523416909997
0.16619248967342634	0.16656750346157137	0.6672400068650024
0.16596569377837853	0.16666979388505546	0.6673645123365661
0.16732735619434458	0.1670396615274568	0.6656329822781987
0.16733610179383007	0.16635046367637035	0.6663134345297996
0.1681568991902489	0.16625766415068843	0.6655854366590628
0.16782456137009188	0.16632527689964183	0.6658501617302663
0.16772836386190648	0.1661550833107676	0.6661165528273261
0.16747605788308495	0.1665232991168108	0.6660006430001043
0.16700795109720803	0.16719600087391134	0.6657960480288807
0.16658719938702002	0.1672645277173525	0.6661482728956276
0.1680977604228914	0.16633723468324907	0.6655650048938597
0.16757577740949517	0.16699791532979413	0.6654263072607108
0.1659447324429564	0.16725221150899044	0.6668030560480532
0.16703145594411056	0.16672513801548033	0.6662434060404092
0.1662588694264317	0.16616376949525175	0.6675773610783167
0.16582871349633563	0.1670613761900407	0.6671099103136238
0.1677360316277252	0.16628895888404904	0.6659750094882259
0.1658123394697783	0.16694011700145284	0.667247543528769
0.16733493077118933	0.16727659319650845	0.6653884760323023
0.16662156613761633	0.16724173300476997	0.6661367008576138
0.16663137400959033	0.1667369109588285	0.6666317150315813
0.16637904723985847	0.16626965943789668	0.667351293322245
0.1661899212064096	0.16629735662113698	0.6675127221724535
0.16787383566531192	0.16710171480428435	0.6650244495304038
0.16655371771772903	0.1665019656819532	0.6669443166003179
0.16809286720152652	0.16633497909618788	0.6655721537022857
0.1676779414327849	0.16655661051325846	0.6657654480539568
0.1677575204795141	0.1668953559341632	0.6653471235863229
0.16596601822247908	0.1662229884685793	0.6678109933089417
0.1674655478594891	0.1663222046790711	0.6662122474614399
0.16770999277390577	0.16666563956027736	0.665624367665817
0.16589903504898118	0.1662638384304455	0.6678371265205734
0.16739220061281532	0.16653846024726604	0.6660693391399188
0.1675853666320125	0.16719091781506812	0.6652237155529195
0.16805761796157961	0.16711588200508348	0.6648265000333371
0.16712352148301	0.16682433497703997	0.6660521435399502
0.16583287663852975	0.16723940162759293	0.6669277217338774
0.1676955145013168	0.16698669041586273	0.6653177950828206
0.16609154873876716	0.16715480664525262	0.6667536446159803
0.1676788361121365	0.166564740022276	0.6657564238655875
0.1665680557146695	0.1661533221659482	0.6672786221193825
0.16594848582510519	0.16692360801300635	0.6671279061618886
0.1677937273320845	0.16692952305787812	0.6652767496100375
0.16611072512079358	0.16713089626236693	0.6667583786168396
0.1662392917330282	0.16692029089590488	0.6668404173710671
0.16645890766079513	0.16610898099571758	0.6674321113434873
0.16697156476903036	0.1661424518166967	0.6668859834142731
0.16627235613307131	0.16653713487960276	0.667190508987326
0.16660960037634306	0.1669759422134781	0.6664144574101789
0.16782386542154776	0.16684610279096784	0.6653300317874845
0.16721197407968147	0.16720943174508773	0.6655785941752309
0.16645949403933047	0.16637345711621726	0.6671670488444523
0.16700626429819837	0.166442774764961	0.6665509609368407
0.166441345453574	0.16656869916797862	0.6669899553784475
0.16806714983838478	0.16659309125265837	0.6653397589089569
0.16643615290413924	0.16719438288534005	0.6663694642105209
0.1672538731578398	0.16683580066441694	0.6659103261777433
0.16724142594097507	0.16721738218505156	0.6655411918739735
0.16755365891309015	0.1670237588560322	0.6654225822308777
0.16657662701071993	0.16673625088037813	0.6666871221089021
0.16772821535736224	0.16689073855573414	0.6653810460869037
0.16593629206368452	0.16618517237014407	0.6678785355661716
0.16646204915826837	0.16641609022004433	0.6671218606216874
0.16592232518183536	0.1666774766341549	0.6674001981840099
0.16780429327012555	0.16707807074096998	0.6651176359889046
0.16636598039489514	0.1665257135494016	0.6671083060557035
0.1675560910972657	0.16693495093170332	0.6655089579710312
0.1660203938847558	0.16670922651153575	0.6672703796037085
0.16740041008745177	0.16636249113331464	0.6662370987792336
0.16607394146139282	0.16635511696606298	0.6675709415725443
0.16783092897557933	0.1665518500069787	0.6656172210174421
0.16767983799761862	0.1669448185169124	0.665375343485469
0.16627585377466753	0.16641861670224445	0.6673055295230882
0.16727310052102345	0.16661031326538317	0.6661165862135935
0.1668877738459995	0.16663890141362317	0.6664733247403775
0.16618251769593959	0.16671130845006626	0.6671061738539943
0.16749411706546272	0.16729302559500794	0.6652128573395295
0.1681700132099998	0.16649175254051654	0.6653382342494838
0.16806736529249758	0.1665528088676121	0.6653798258398904
0.1659850736949577	0.16660959131075953	0.6674053349942828
0.16609582276558657	0.16654168276985523	0.6673624944645583
0.16771027725982277	0.16644914334832345	0.6658405793918539
0.16760278887997918	0.16610553173092982	0.6662916793890912
0.16678993967332773	0.16670584645312764	0.6665042138735447
0.16736065138898612	0.16672858853919878	0.6659107600718153
0.1667220496490733	0.16661575904425324	0.6666621913066735
0.16665799334805176	0.1666750133892147	0.6666669932627336
0.16651786522982734	0.16637630127564978	0.667105833494523
0.16756233604988463	0.16728191316763877	0.6651557507824767
0.16806545993763983	0.16659200005179814	0.6653425400105621
0.1673544872132959	0.16704588055081332	0.6655996322358908
0.16744659512767157	0.16661867421953763	0.665934730652791
0.16652577116312675	0.16666800811569912	0.6668062207211742
0.16795017832901543	0.1664217570096294	0.6656280646613553
0.16661021684992502	0.166390902496782	0.666998880653293
0.16743089464519287	0.16707293660617817	0.6654961687486292
0.16708246560085588	0.16713021356586466	0.6657873208332796
0.16800233230082084	0.16699438613710754	0.6650032815620717
0.1671843142374177	0.1671294009119537	0.6656862848506288
0.1661300252900098	0.16669728437757275	0.6671726903324176
0.1679317679590172	0.1666132974913993	0.6654549345495836
0.1681931175771848	0.16644733294011793	0.6653595494826974
0.16692963756844786	0.1668099760366612	0.666260386394891
0.16714274941804613	0.1668689584916418	0.6659882920903122
0.16587060582672664	0.16700465248878824	0.6671247416844852
0.1661227352740555	0.16697396279539034	0.6669033019305544
0.1680617995986351	0.16633037979284743	0.6656078206085176
0.16791927440943583	0.16666067166506018	0.6654200539255042
0.16678739478532267	0.16625322220525612	0.6669593830094214
0.16690464613241726	0.16682099926695382	0.666274354600629
0.16790476593615278	0.16678845748650134	0.6653067765773459
0.167720987893194	0.16621284230647873	0.6660661698003274
0.16740312707685953	0.16643410874621867	0.6661627641769219
0.16692730286872579	0.16636347881571334	0.666709218315561
0.1666726502154542	0.1665357730683461	0.6667915767161998
0.16652535420376907	0.16654979723812902	0.6669248485581021
0.16600968971773522	0.166318077754066	0.667672232528199
0.16688015005398707	0.16637234344856344	0.6667475064974496
0.1677563954837546	0.16634952386617488	0.6658940806500706
0.16764558045643263	0.1661044122515466	0.6662500072920209
0.16672666424344867	0.16678661677688172	0.6664867189796697
0.1675005745119128	0.16719993132632432	0.6652994941617629
0.16792201429898884	0.1661168759294454	0.6659611097715659
0.16668151420852237	0.16715422994588097	0.6661642558455968
0.1663417383593474	0.1660831114319784	0.6675751502086743
0.16766722228717124	0.16624250716241232	0.6660902705504166
0.1659333009663405	0.16610686289706394	0.6679598361365957
0.16800545346750223	0.16683458191876366	0.6651599646137343
0.1677944615535873	0.1667937973957111	0.6654117410507017
0.16657145840951496	0.16641079467154543	0.6670177469189398
0.16758823809559162	0.16606611457344875	0.6663456473309597
0.16689163723688433	0.1667506863345966	0.6663576764285192
0.16733992474185316	0.16723282677982884	0.6654272484783181
0.16610242209536952	0.16625428129272918	0.6676432966119015
0.1674134019651615	0.16687699242342935	0.6657096056114092
0.16665153351048906	0.16613598894408843	0.6672124775454227
0.16660286271213054	0.1664599485095568	0.6669371887783128
0.16746670162068758	0.16664513724261149	0.6658881611367011
0.16644418844684847	0.16708161306229624	0.6664741984908554
0.1665076092884843	0.1664139285761565	0.6670784621353594
0.16619825263777804	0.16633449367490824	0.6674672536873139
0.16781956497466402	0.16611719043731327	0.6660632445880228
0.16651410466726382	0.16712268060218083	0.6663632147305555
0.16658546913835295	0.1671690399798917	0.6662454908817554
0.16720045927984908	0.1669086305593922	0.6658909101607589
0.16792418900161038	0.16642533490893735	0.6656504760894524
0.16600454066444167	0.16683147288778655	0.6671639864477719
0.1680689562887045	0.16667480605600343	0.6652562376552922
0.16739155810631356	0.16694973614041436	0.6656587057532721
0.16594733837431166	0.16607278117928842	0.6679798804464
0.16701563507000416	0.16726208632580236	0.6657222786041936
0.16691861524151458	0.16723686106245483	0.6658445236960306
0.16648984847831466	0.16648007269436194	0.6670300788273236
0.16634128116900426	0.1664955358715169	0.667163182959479
0.1667344319180127	0.16684976236616658	0.6664158057158208
0.16777513501763217	0.16649684820814947	0.6657280167742184
0.16781397157864747	0.1666462242012094	0.6655398042201432
0.16740866989622655	0.16705286717179815	0.6655384629319754
0.1661619381186364	0.16618964074819803	0.6676484211331657
0.16629539528428286	0.16715008935259118	0.666554515363126
0.16782337879657866	0.16693850703194624	0.6652381141714752
0.16720157131974436	0.16657018822647732	0.6662282404537785
0.16730121285744665	0.16612105468327915	0.6665777324592743
0.16786746309519207	0.16717084942457783	0.6649616874802302
0.16731023600606026	0.16729397198943807	0.6653957920045018
0.16758370803676964	0.1662886127499661	0.6661276792132643
0.1671127838508019	0.1665852851982273	0.666301930950971
0.16658605802635024	0.16684778904549918	0.6665661529281507
0.1670357711709717	0.16705715838913449	0.6659070704398939
0.16792818649195052	0.16644100405704515	0.6656308094510044
0.1672772281087564	0.16647182212707345	0.6662509497641703
0.16588676768462374	0.16697307394532968	0.6671401583700467
0.1677366567026352	0.16613303943640442	0.6661303038609605
0.1677489593703403	0.16710284842339165	0.6651481922062682
0.16629272337460269	0.16684091327120323	0.6668663633541942
0.16712339360157735	0.16702628432759162	0.6658503220708312
0.16700273485314	0.166295129736267	0.6667021354105931
0.16600714252472962	0.16651529826388017	0.6674775592113904
0.1673195673256817	0.16621433108398448	0.6664661015903339
0.16718047723880916	0.16657324705002777	0.6662462757111631
0.1676028948739302	0.16720148744798036	0.6651956176780895
0.16734198691443475	0.16687813157464043	0.6657798815109249
0.16767869516585263	0.16728283774256045	0.665038467091587
0.16653596140034924	0.16728166149500776	0.6661823771046431
0.16697675490650546	0.16679338085767154	0.6662298642358231
0.1675391764145508	0.1669610083157709	0.6654998152696784
0.16597384519602948	0.16705447561295172	0.666971679191019
0.1680417977421516	0.16620400967700383	0.6657541925808447
0.1681244178247751	0.16681948064220853	0.6650561015330165
0.1679812998183636	0.16713578264923432	0.6648829175324023
0.16597822529653772	0.16716477709945263	0.6668569976040097
0.1667376557010193	0.1670472388465279	0.666215105452453
0.1672206445925561	0.166305251189772	0.6664741042176721
0.1662865518052865	0.16685861804873253	0.6668548301459811
0.16683661183770218	0.16680958080313535	0.6663538073591626
0.16589460235902856	0.1662723349041218	0.6678330627368498
0.167686843767759	0.16723774176771586	0.6650754144645252
0.16772118172732292	0.1666832920987254	0.6655955261739518
0.1680311386298708	0.16684317151620714	0.6651256898539222
0.16803564959292674	0.16683756897080382	0.6651267814362696
0.16740612538225885	0.1667537268028796	0.6658401478148617
0.16591574024055658	0.16671327189427276	0.6673709878651708
0.16582476574324062	0.16624173873301948	0.66793349552374
0.16805934177000217	0.1661431044645831	0.6657975537654148
0.16738686775776665	0.16646665475603423	0.6661464774861993
0.1661602379652288	0.1666223267561051	0.6672174352786662
0.1670146670822486	0.16690113657393107	0.6660841963438204
0.16731997007901306	0.16633862399825095	0.6663414059227362
0.16694403579920336	0.16640608120605083	0.666649882994746
0.1672597287013729	0.1667185587700235	0.6660217125286036
0.16809823840146354	0.16622069998857456	0.665681061609962
0.167474622046305	0.16655875388047608	0.665966624073219
0.1665449564968131	0.1672110339661271	0.6662440095370599
0.16694231672519394	0.16657286502324967	0.6664848182515565
0.166888138639473	0.16628981131913462	0.6668220500413926
0.16657187847160593	0.16623728770285623	0.6671908338255379
0.1666345464540608	0.16683942171343286	0.6665260318325064
0.16719008636202007	0.16711372545865733	0.6656961881793227
0.167091071242727	0.16624583763156725	0.6666630911257059
0.1664113953598562	0.1667078885041519	0.666880716135992
0.16672906163320755	0.16628702022807373	0.6669839181387189
0.16808204081347167	0.16683004723090158	0.6650879119556268
0.1661566730332294	0.16653253963724063	0.6673107873295301
0.1659284777026075	0.166642447249212	0.6674290750481806
0.16581679071138522	0.1672751143251739	0.6669080949634411
0.16818365499729868	0.16611082274181294	0.6657055222608885
0.1675162766301993	0.16654791083404707	0.6659358125357537
0.1679735297218215	0.16669397916819256	0.665332491109986
0.1662396451843488	0.16722462273259803	0.6665357320830533
0.16765969421048976	0.16654627800815258	0.6657940277813579
0.16653651300861716	0.16612070372654586	0.6673427832648371
0.16735734602311175	0.16696105024080302	0.6656816037360853
0.16763305751931365	0.16705292707956035	0.6653140154011261
0.16757584192520072	0.16658944367533318	0.6658347143994663
0.16723409886448481	0.16657967297151263	0.6661862281640027
0.1677976065974419	0.1666800317204356	0.6655223616821226
0.16815399228008945	0.1664849977278393	0.6653610099920714
0.16700568623334833	0.16610974221727248	0.6668845715493793
0.16585619459975184	0.16639055420257792	0.6677532511976703
0.16671565578562747	0.1667612502515079	0.6665230939628648
0.16590256554269853	0.16654743335514993	0.6675500011021517
0.16756454749623387	0.16690983949585875	0.6655256130079075
0.16698072325843794	0.16694892408815523	0.666070352653407
0.1670577555063777	0.1667372477171003	0.6662049967765221
0.16801036461348845	0.16609620829860838	0.6658934270879033
0.1663981039159877	0.16729885905841468	0.6663030370255978
0.16671865941306777	0.16721789149905245	0.66606344908788
0.16699989608120605	0.16606395021858797	0.6669361537002061
0.16593838239164269	0.16658725718555548	0.667474360422802
0.1665929236188402	0.16629905258711492	0.667108023794045
0.16760226748554308	0.16606017698682937	0.6663375555276276
0.16760479438610731	0.16686565998937125	0.6655295456245216
0.16637789105958403	0.16659961068487578	0.6670224982555403
0.16661208802796856	0.16690727371647907	0.6664806382555525
0.16688568100985615	0.16658624095955216	0.6665280780305918
0.16636906402216428	0.16630819164093302	0.6673227443369028
0.16642221669183144	0.16688710223434705	0.6666906810738216
0.16769070692054822	0.16694953316149908	0.6653597599179528
0.16617310963791646	0.1662577683785495	0.6675691219835342
0.16696506373613074	0.16701962293546188	0.6660153133284075
0.16758986938898626	0.16664124384189555	0.6657688867691183
0.1673133115091038	0.1672000662805316	0.6654866222103647
0.16707323244787742	0.1668186420902757	0.6661081254618471
0.16715995198590775	0.16677566283138187	0.6660643851827106
0.1665783213301002	0.16620599506302763	0.6672156836068723
0.16661889164817564	0.16711000312579224	0.6662711052260322
0.16605046906741025	0.1665006700408076	0.6674488608917823
0.16795501456434495	0.16628246778478417	0.665762517650871
0.16727724024879853	0.16649077809587537	0.6662319816553263
0.16633827284513358	0.16646014493289107	0.6672015822219755
0.1660202425770406	0.1668845165187514	0.6670952409042081
0.16678467873032782	0.1672372406261859	0.6659780806434865
0.16801789118864904	0.1662776266058549	0.6657044822054963
0.16741078823518987	0.16729271764821269	0.6652964941165975
0.16815630920253166	0.16635523400005825	0.6654884567974102
0.16612176125059855	0.16677632397328956	0.6671019147761119
0.1676948762212085	0.16669262902204002	0.6656124947567517
0.16646084781687642	0.1671226209081603	0.6664165312749634
0.1669315627438814	0.16692930090641658	0.6661391363497021
0.16697825145641565	0.16649807326773686	0.6665236752758477
0.16649326260484967	0.16624683688599623	0.6672599005091542
0.16590909228110434	0.16696582139482813	0.6671250863240676
0.16777036811477808	0.16687965074936917	0.6653499811358529
0.1661919008210278	0.1668140355509939	0.6669940636279784
0.1668953056037652	0.1664910874596523	0.6666136069365827
0.16774865758387694	0.16719572390135812	0.665055618514765
0.16592149618556645	0.16608824739951442	0.6679902564149193
0.16754791950017128	0.16693849090489238	0.6655135895949364
0.16750010728057926	0.16693347104044276	0.6655664216789781
0.16656622831208215	0.16704784284171784	0.6663859288462002
0.16664982655825467	0.1667820316962788	0.6665681417454666
0.16582728167479516	0.1665057954224397	0.6676669229027652
0.1662542422551054	0.16715304521505076	0.666592712529844
0.16593977484289757	0.1665271735967641	0.6675330515603385
0.16614996738214646	0.16653029099837957	0.667319741619474
0.16626323296121856	0.16621342627938412	0.6675233407593975
0.1676203087573623	0.16674298650392588	0.665636704738712
0.16585310909857845	0.1670200953283743	0.6671267955730473
0.16733467576394853	0.16680435085137274	0.6658609733846788
0.16697844185374247	0.1671794121592725	0.6658421459869851
0.16776252501338218	0.1661936748158207	0.6660438001707972
0.16746019441761986	0.1667766456910249	0.6657631598913554
0.16612483593886299	0.1662801594499742	0.667595004611163
0.16586262984144112	0.16709213346988402	0.667045236688675
0.16764932996208792	0.16608203932485444	0.6662686307130576
0.1662573497712051	0.16631030281726056	0.6674323474115345
0.16609049931973396	0.166586205192437	0.6673232954878292
0.16682427063939298	0.16654848952446144	0.6666272398361457
0.16759903558993167	0.16623466417930943	0.666166300230759
0.16710283594678765	0.1670124928735219	0.6658846711796906
0.1675004538266516	0.16639903100183717	0.6661005151715114
0.16779412056603119	0.1661375748590837	0.6660683045748852
0.16682295001152225	0.1671967857654884	0.6659802642229895
0.16692558483856956	0.16717309719661536	0.6659013179648152
0.16662221977341157	0.16685442024584948	0.6665233599807391
0.1681499613278358	0.16660914886972716	0.6652408898024371
0.1671267787295973	0.16629473760139984	0.666578483669003
0.16638328561689167	0.16626543989541134	0.667351274487697
0.16650360950830034	0.16680957987547906	0.6666868106162207
0.1658848248807931	0.1668562913098791	0.6672588838093279
0.16679963426530398	0.16722522373561094	0.6659751419990851
0.16807592142477354	0.16645111843847749	0.6654729601367491
0.16602511749802404	0.1670225786308897	0.6669523038710864
0.16810353465643602	0.1661253313029466	0.6657711340406175
0.16722524643307546	0.1666195988973235	0.6661551546696012
0.1670728133339586	0.16701565300561633	0.6659115336604251
0.16588507438995012	0.1663291023104172	0.6677858232996328
0.16791207628230562	0.16606192351118954	0.666026000206505
0.16786321857764308	0.16649770795723276	0.6656390734651243
0.1668687550657312	0.16643557279721333	0.6666956721370556
0.16603535026960184	0.16671766191823684	0.6672469878121614
0.16597969348653094	0.1671616761170439	0.6668586303964252
0.1670376321895476	0.167089011681911	0.6658733561285415
0.168109360508229	0.16627380590261603	0.665616833589155
0.16712002623941874	0.16667638724032036	0.666203586520261
0.1662864095207339	0.16608399536573204	0.6676295951135341
0.16820227685970487	0.16620331969438049	0.6655944034459147
0.16645030299182786	0.16702295357789723	0.6665267434302751
0.16742741196587452	0.16692680196246046	0.6656457860716651
0.16692217230763207	0.16664867053414623	0.6664291571582218
0.16758776035914202	0.1670783998755337	0.6653338397653245
0.16660015115792304	0.16631574842839653	0.6670841004136805
0.16663385192975436	0.1665455386883278	0.666820609381918
0.16744451974294075	0.16613075600792926	0.6664247242491301
0.16753458473032418	0.16712232962991752	0.6653430856397584
0.16692681187032077	0.1666304886674624	0.6664426994622169
0.16585746017294278	0.1667547217047992	0.6673878181222581
0.16669169449729232	0.1665685918320169	0.666739713670691
0.16809798074028853	0.1664185340386798	0.6654834852210318
0.16716013616604677	0.16658594194485093	0.6662539218891024
0.1661689231239732	0.16697078929641657	0.6668602875796104
0.16625494305815408	0.1672045898921121	0.6665404670497339
0.16752814814884043	0.16655842461758694	0.6659134272335727
0.1670290111815541	0.1672193588549667	0.6657516299634794
0.16630716224564196	0.1670148059250361	0.6666780318293222
0.16804263021908353	0.166136934092798	0.6658204356881186
0.1666772205579125	0.16680662539575114	0.6665161540463365
0.16788851803103708	0.16627372890575237	0.6658377530632107
0.1672509358182702	0.16728424016588156	0.6654648240158484
0.167486094952388	0.16640682365588022	0.6661070813917319
0.16614339174812864	0.16627726739747212	0.6675793408543993
0.16783701228381623	0.16681218192373004	0.6653508057924538
0.16781236952967818	0.16692383496668933	0.6652637955036326
0.1681473064193318	0.16651746432544237	0.6653352292552259
0.16603260155544078	0.16681910104648745	0.6671482973980719
0.16683088390346326	0.16678727393335702	0.6663818421631799
0.16638630644003383	0.16638401963670799	0.6672296739232584
0.16613495785053456	0.16718852839437454	0.666676513755091
0.16668384709836437	0.16627459163841696	0.6670415612632188
0.16719259784305476	0.16611918167293416	0.6666882204840112
0.16729477090975106	0.16658810833541793	0.6661171207548311
0.1675288622060601	0.16614323792423938	0.6663278998697006
0.1662829546077475	0.1662110128669628	0.6675060325252898
0.16601081011509725	0.16726199998234942	0.6667271899025535
0.16636753477938737	0.16697577071422265	0.6666566945063901
0.16706173370921326	0.16673054914755242	0.6662077171432345
0.16696521948277687	0.1661124058241724	0.6669223746930508
0.16759490275200947	0.16666640685935397	0.6657386903886366
0.16774976479378662	0.16634091274998564	0.6659093224562278
0.16637620095435354	0.16688254227874727	0.6667412567668993
0.16793534653661596	0.16634685244239794	0.6657178010209862
0.16697733662179978	0.16687781174992788	0.6661448516282724
0.1670436480806879	0.16662002509562548	0.6663363268236868
0.1678048024449798	0.16684384857152262	0.6653513489834977
0.16797136690249578	0.16629658310540918	0.6657320499920951
0.165905403511339	0.16657310135765552	0.6675214951310056
0.16643248096979135	0.16615791032696803	0.6674096087032407
0.16612807849770816	0.16653389296042417	0.6673380285418677
0.1660311930291462	0.16666480048716492	0.667304006483689
0.1671140216508112	0.16615219797668987	0.6667337803724991
0.16809637259716362	0.16633128169213574	0.6655723457107008
0.1672379976046309	0.166060713717119	0.6667012886782502
0.16665589432520445	0.16626072293124539	0.6670833827435503
0.16761496816790933	0.16692955799317566	0.6654554738389151
0.1661372447201394	0.16717022825029876	0.6666925270295618
0.16782464328797567	0.16681841046128498	0.6653569462507395
0.16782243500112398	0.16690516410909595	0.6652724008897801
0.16754651501949225	0.16656064315856178	0.6658928418219461
0.16699623653366447	0.1662018800526629	0.6668018834136727
0.16769388609980584	0.16692162021909687	0.6653844936810973
0.16666273853281316	0.16683086022232985	0.6665064012448572
0.16726606509005507	0.1665007397271827	0.6662331951827624
0.16686588193786048	0.1666609657952226	0.666473152266917
0.1670464753906113	0.16626882397840392	0.6666847006309848
0.16671871464143267	0.16667830585417587	0.6666029795043915
0.1673235198860786	0.1667062234788031	0.6659702566351184
0.16613600836491793	0.16686033164903752	0.6670036599860447
0.16711865772550366	0.1672482554592294	0.6656330868152671
0.16631171490007518	0.16680080450788587	0.6668874805920391
0.1668962124846216	0.16651318867537984	0.6665905988399987
0.16622167261304754	0.1667087818896848	0.6670695454972678
0.1662972107640912	0.1662167503541704	0.6674860388817385
0.16622598513810877	0.16617711174708952	0.6675969031148019
0.1678335817028744	0.16680329267233224	0.6653631256247935
0.16612137955970388	0.16660432059042923	0.6672742998498671
0.16596114039990006	0.166857321535421	0.6671815380646791
0.16692998551963575	0.16722569046910862	0.6658443240112557
0.1659795268420538	0.16660815690903408	0.6674123162489123
0.166689351127616	0.16708804155417795	0.6662226073182063
0.16627079461025435	0.16623047745358363	0.6674987279361622
0.1669720792373507	0.1662674692932301	0.6667604514694192
0.16792727838845295	0.16606547246746445	0.6660072491440827
0.16636626497129803	0.16634754321682826	0.6672861918118738
0.1667714412118355	0.16616788251557296	0.6670606762725917
0.16634270476016158	0.1665275142153235	0.667129781024515
0.16691426776373935	0.16613735202749932	0.6669483802087615
0.1671891569429934	0.16716116141019757	0.6656496816468092
0.166192893423794	0.16650068833474094	0.6673064182414652
0.1679790960450575	0.16700375798104578	0.6650171459738968
0.16756008495828986	0.1666380067296285	0.6658019083120819
0.1664823367566065	0.166064870993239	0.6674527922501546
0.16604340797178285	0.1672927185059918	0.6666638735222254
0.16682591981039263	0.1666898485794875	0.66648423161012
0.16802126341857657	0.1662486810916932	0.6657300554897304
0.16754372101977327	0.16619058952207572	0.6662656894581511
0.1676669879708016	0.1666570023196019	0.6656760097095966
0.16765041825667035	0.16647870538467485	0.6658708763586549
0.16655216694773728	0.16677458945428109	0.6666732435979817
0.16738461821368322	0.16687854240224048	0.6657368393840765
0.16818265089967255	0.16665489479639328	0.6651624543039343
0.1676776253843668	0.16697272113691242	0.6653496534787209
0.1675798252727526	0.16610367903428325	0.6663164956929643
0.16762985924643425	0.16619515572704946	0.6661749850265164
0.16782837131054315	0.16676474373560524	0.6654068849538517
0.1678087682487872	0.16701095203955543	0.6651802797116575
0.16656025577267447	0.1665294810095575	0.6669102632177681
0.16624881335659616	0.16681450980227402	0.66693667684113
0.16637103773920692	0.1664635448240657	0.6671654174367275
0.16741287604234445	0.16619580530207168	0.666391318655584
0.1664444287323721	0.16661498311949557	0.6669405881481324
0.16661970968681314	0.16713296355341434	0.6662473267597726
0.16795391387870437	0.16670817414742553	0.6653379119738703
0.16768836670961276	0.16726970356949106	0.6650419297208963
0.16815736656371366	0.166274722495242	0.6655679109410444
0.16647180040988763	0.1670618908726657	0.6664663087174467
0.1680071592972471	0.16668728433059565	0.6653055563721574
0.16709943058430318	0.16678566101817704	0.66611490839752
0.1671353621511306	0.16672730472556885	0.6661373331233007
0.1668418573903433	0.16659480356017314	0.6665633390494836
0.16748392549948432	0.16719510152224004	0.6653209729782757
0.16660575061240562	0.16694387491480173	0.6664503744727928
0.16820211842869393	0.16670845505056364	0.6650894265207425
0.1669274982588662	0.16663381083938975	0.6664386909017441
0.1661606905840237	0.16685136244816495	0.6669879469678115
0.167978865983761	0.16657046312093537	0.6654506708953037
0.16788771259145316	0.1662022254118396	0.6659100619967073
0.16609589178395132	0.1666882171263657	0.667215891089683
0.16771191160722407	0.16690182071892318	0.6653862676738529
0.16762095911647065	0.16646384811809514	0.6659151927654343
0.16677913219150203	0.16636797352394628	0.6668528942845517
0.16663649440406253	0.16691298883815564	0.6664505167577819
0.167429651648984	0.16645823824961703	0.6661121101013991
0.1671751204829091	0.16638066809561983	0.6664442114214713
0.16617674125366566	0.16643316405731984	0.6673900946890147
0.16816814299903793	0.16680983010542916	0.6650220268955329
0.1678651558015919	0.16704777106670124	0.6650870731317069
0.16716265450635667	0.1662128348238634	0.66662451066978
0.1672734849829494	0.16608305014229796	0.6666434648747528
0.167417319574134	0.16606790382703165	0.6665147765988345
0.16761043380234086	0.16646310888630056	0.6659264573113587
0.16770750057559677	0.16651017416399466	0.6657823252604087
0.16654917625402774	0.16607560549668254	0.6673752182492898
0.16754652246768043	0.16701343459003054	0.6654400429422891
0.16780751459206922	0.16673086953843366	0.6654616158694973
0.16687411254026316	0.16707553624328436	0.6660503512164526
0.1676372650046261	0.16611466976053196	0.666248065234842
0.16753297609131684	0.16625718112309118	0.666209842785592
0.16764047220886974	0.16633405841270982	0.6660254693784206
0.1674432136614678	0.16700129543527026	0.6655554909032622
0.1672772001154738	0.1671337800304564	0.6655890198540699
0.16600756456601617	0.16610242019117044	0.6678900152428136
0.1677399952231904	0.16698827223363474	0.665271732543175
0.16787499171373196	0.16682952617908153	0.6652954821071866
0.16619978389567713	0.16720904614686782	0.6665911699574552
0.16766070491109664	0.16635932891809138	0.6659799661708121
0.16714978505545408	0.16628756771098469	0.6665626472335613
0.16665289446555334	0.1663348975840676	0.6670122079503792
0.166207170577698	0.16644437988321126	0.6673484495390909
0.16732039201726734	0.16680436231875692	0.6658752456639758
0.16780478444970148	0.16674436891863026	0.6654508466316684
0.16707990772092413	0.16650956806604994	0.666410524213026
0.16816442896523276	0.16645837550976106	0.6653771955250063
0.167483549332541	0.1664045858956859	0.6661118647717732
0.16765935640694077	0.1666526427184471	0.6656880008746122
0.16673217492385817	0.16648999318691593	0.6667778318892259
0.1681330201825107	0.1665669184355848	0.6653000613819047
0.16766326260963493	0.16705770390085284	0.6652790334895123
0.1664060656085456	0.16711326467600207	0.6664806697154524
0.1668281476217331	0.16640263543078476	0.6667692169474823
0.16681353121528264	0.16612925628283165	0.6670572125018859
0.167182653161058	0.1664597747190955	0.6663575721198467
0.16746212394112037	0.1669297092752532	0.6656081667836266
0.1662368332736378	0.16675282543061737	0.6670103412957449
0.16767991353766218	0.16644854184635882	0.6658715446159791
0.16678916531433072	0.16639130883666928	0.6668195258490002
0.16786883146595022	0.16719591041813597	0.664935258115914
0.16707615447153015	0.16635932025173994	0.66656452527673
0.1663133415529758	0.16728365186639388	0.6664030065806305
0.16710987628946353	0.1672552701190987	0.6656348535914378
0.1667408286079155	0.1663143812493257	0.6669447901427589
0.16745278416187193	0.16649074936845806	0.6660564664696702
0.1667417565068454	0.1664656184750037	0.6667926250181511
0.16699313522046558	0.16608401136342196	0.6669228534161126
0.16812103292427452	0.1670015561169535	0.6648774109587721
0.1667158598525461	0.1664412519984203	0.6668428881490337
0.16602941238964347	0.1661920681886655	0.6677785194216912
0.16800231767795404	0.16675686737711934	0.6652408149449267
0.16642269945034682	0.16618552019723914	0.6673917803524142
0.16644312398765737	0.16639035844389521	0.6671665175684476
0.16713968576033889	0.16614295818202074	0.6667173560576405
0.16674624274685293	0.16625795470948207	0.6669958025436651
0.16585785721020435	0.16724616356303706	0.6668959792267587
0.16715345426031944	0.16616145522407738	0.6666850905156033
0.16793436508560666	0.16608836888026685	0.6659772660341267
0.16645395319140865	0.16676367010709692	0.6667823767014945
0.16782897511614	0.16691270198406827	0.6652583228997919
0.16618420021355712	0.1668204038611718	0.6669953959252712
0.1665545748932934	0.16635685471668565	0.667088570390021
0.16608152752159497	0.16620444474382357	0.6677140277345817
0.16762292183911742	0.16721662573475363	0.6651604524261291
0.1669025845297361	0.16660344083541417	0.6664939746348498
0.16771842870089443	0.1666516321452049	0.6656299391539008
0.1663683875732068	0.16691495497867323	0.66671665744812
0.16691098239808763	0.16705748158181596	0.6660315360200965
0.16683037187351402	0.1662327145984983	0.6669369135279878
0.1675802144650166	0.16719563259238798	0.6652241529425955
0.16755391057874577	0.16689235546884498	0.6655537339524094
0.16627967015842968	0.166405926112906	0.6673144037286645
0.16739157963175721	0.1667367785224777	0.6658716418457653
0.16639141577194994	0.16700783661677215	0.6666007476112781
0.16663024628607903	0.1664120306126869	0.6669577231012342
0.16761073219792577	0.16624367215970096	0.6661455956423734
0.16654590216731657	0.16635799658989875	0.6670961012427847
0.16701587738923043	0.1664662619748487	0.666517860635921
0.16747811036571347	0.16605835741857156	0.6664635322157151
0.16690891017606763	0.1667002373656543	0.6663908524582782
0.16804548862044816	0.16672027861369776	0.6652342327658542
0.16719360233464198	0.16723529817560814	0.66557109948975
0.16595174386941014	0.16684629491167025	0.6672019612189197
0.16811357569380156	0.16668913031061983	0.6651972939955787
0.1659020925495549	0.16614987101406187	0.6679480364363833
0.16690660890541736	0.1664501962125905	0.6666431948819923
0.16812800431414554	0.1668416835378618	0.6650303121479928
0.16608263120491568	0.16647787548797205	0.6674394933071124
0.16643886896519833	0.16694976378925808	0.6666113672455437
0.16718455763355328	0.16645195430803428	0.6663634880584126
0.16786972842712064	0.16653740124154184	0.6655928703313376
0.16739504862742283	0.16667615588642753	0.6659287954861497
0.16772833942827842	0.16624106790535706	0.6660305926663646
0.1675830773660964	0.166720356731903	0.6656965659020007
0.16626556913771273	0.1664224720396164	0.667311958822671
0.1670162700282082	0.16714847914959524	0.6658352508221966
0.16763060852207612	0.1670144366706564	0.6653549548072676
0.16801346636146697	0.1666015726431631	0.6653849609953699
0.1666248772800667	0.166725323214924	0.6666497995050095
0.1659353543476655	0.1669742281588234	0.6670904174935112
0.16619158796917527	0.1662205136304527	0.6675878984003721
0.16590248339017788	0.16670296543076424	0.667394551179058
0.1665294157422347	0.16654106517123368	0.6669295190865318
0.16587015526232557	0.1664788527463697	0.6676509919913048
0.1659136003711697	0.1663924416022296	0.6676939580266008
0.1663794786878684	0.16642855815616114	0.6671919631559706
0.16594917785384025	0.1667997515337135	0.6672510706124464
0.16727259266195077	0.16636410555230924	0.6663633017857401
0.1669251996629887	0.16612392042513424	0.6669508799118772
0.16740031466830504	0.1669127703898599	0.6656869149418352
0.16628248429517395	0.16611189050571606	0.66760562519911
0.16629835970371024	0.16707573733552733	0.6666259029607625
0.16785137959668367	0.16646941244080818	0.6656792079625082
0.16789952211900033	0.16654496095194093	0.6655555169290588
0.16634676822196764	0.1670002202183565	0.666653011559676
0.16764167922433287	0.166541200292806	0.6658171204828612
0.16763839730218616	0.16694377520781786	0.6654178274899961
0.16799978819558312	0.1668287637471167	0.6651714480573003
0.16690617094251275	0.16649556638375118	0.6665982626737361
0.16613224203838622	0.1663037538155528	0.6675640041460611
0.16719560450356116	0.16610721388953548	0.6666971816069034
0.16690568824406993	0.16618891337007385	0.6669053983858564
0.16587510908264091	0.1661556011597986	0.6679692897575606
0.16774609817139868	0.16619458824389155	0.6660593135847099
0.16745240445001108	0.16616789353841377	0.6663797020115753
0.16793718663581822	0.1667489775512697	0.6653138358129123
0.1663736754045339	0.1670037495785232	0.666622575016943
0.1661870305627367	0.1671835975988865	0.6666293718383769
0.16708408845074732	0.16609682501629686	0.666819086532956
0.16787246094748134	0.16715610072341378	0.664971438329105
0.16691770318704482	0.16608842156831852	0.6669938752446367
0.16679696284204235	0.1672869318243167	0.6659161053336411
0.16716123091987703	0.16677224061450677	0.6660665284656163
0.16690690331240735	0.16700205345796226	0.6660910432296305
0.16744564295976705	0.16616425392252865	0.6663901031177044
0.16636816233077467	0.1668118143656247	0.6668200233036008
0.16697567245038006	0.16609193939155223	0.6669323881580678
0.16632257607064121	0.16606504065345518	0.6676123832759038
0.1677407732669985	0.16609025254033638	0.6661689741926653
0.16658243615395685	0.16708812605500206	0.6663294377910411
0.16613003881212873	0.16637470717634653	0.6674952540115249
0.16776242976736847	0.16662430947054818	0.6656132607620835
0.16654149817828648	0.16613606215477628	0.6673224396669374
0.16618136623693597	0.16650440878128359	0.6673142249817805
0.16811851766326072	0.16641385054892696	0.6654676317878124
0.16723434293087625	0.16682874153420735	0.6659369155349166
0.16728693341630035	0.16717491227610404	0.6655381543075958
0.16658995315259983	0.16627754121021537	0.6671325056371848
0.16607280158991222	0.16628674082159	0.6676404575884979
0.16746061050303696	0.16665922856986404	0.6658801609270991
0.16585085774004235	0.1662534995117912	0.6678956427481666
0.16598894463700237	0.16648793320060584	0.6675231221623918
0.1676848506009035	0.16669501147487947	0.6656201379242171
0.16670415401545635	0.1668134261591951	0.6664824198253487
0.16724821322714853	0.16622685960132866	0.6665249271715229
0.16771137467265768	0.16631468408131092	0.6659739412460315
0.16639986778976962	0.1670207310097117	0.6665794012005188
0.16588013820172276	0.16669398903582705	0.6674258727624502
0.16661988348693058	0.16640877895784026	0.6669713375552293
0.16615497598269877	0.1669614346957506	0.6668835893215508
0.16602188997600992	0.16606833411284389	0.6679097759111463
0.167113508949489	0.16725050285647028	0.6656359881940408
0.1668749236910473	0.166911198721157	0.6662138775877958
0.16723048058861145	0.16659399314331788	0.6661755262680709
0.16620308149702104	0.16672845195066255	0.6670684665523166
0.16656224450319912	0.16636416862475506	0.667073586872046
0.16770193690979793	0.1667824967306324	0.6655155663595698
0.16699732138515871	0.16686006135080422	0.6661426172640372
0.16613681923233328	0.16682550146287298	0.6670376793047939
0.16742365894405542	0.16681076920863408	0.6657655718473106
0.16779242846522613	0.1667539256917323	0.6654536458430418
0.16775650155597427	0.16647338479264256	0.6657701136513834
0.16693066602208478	0.16681660371782453	0.6662527302600908
0.16715959502872113	0.16687287366472778	0.6659675313065512
0.16641144157366144	0.16699744864622496	0.6665911097801137
0.16597521156035558	0.16703399053203813	0.6669907979076064
0.16734165030378195	0.16628419449185766	0.6663741552043605
0.16600068694028652	0.16722348161588446	0.6667758314438292
0.16804780620801557	0.16622864700612747	0.6657235467858571
0.16740963047982638	0.16695189550210368	0.6656384740180701
0.16653697051195904	0.16645519530723513	0.6670078341808059
0.16726018769485093	0.16711591697869638	0.6656238953264528
0.16627291108289494	0.16623997551043512	0.66748711340667
0.16724763834302253	0.1668428460056821	0.6659095156512955
0.1671815865936288	0.16656333435182263	0.6662550790545487
0.16646062028084843	0.16664355946826065	0.666895820250891
0.16672626631969223	0.16678839921357708	0.6664853344667307
0.16667855087261818	0.16653324781994472	0.6667882013074373
0.16635037932037444	0.1672448228376564	0.6664047978419693
0.16702939069035844	0.16696744088016147	0.6660031684294803
0.16658261746299685	0.16610832472692225	0.667309057810081
0.1668454957561891	0.1661605831142463	0.6669939211295647
