0.17494925000733832	0.04944350902991847	0.1730883086600469	0.11658875467014487	0.04769105690010776	0.08978845276072353	0.209341610447417	0.13910905752430286
0.20108273762525727	0.03945824316161625	0.08123655344435052	0.08660654532792024	0.05220942784122819	0.045737724981074576	0.2608964595362858	0.2327723080822669
0.15359891959522742	0.059166585505314395	0.014693649511635709	0.08933317955926448	0.07442836976154447	0.0890418324169248	0.16967736829852542	0.35006009535156307
0.10510567555368443	0.05984160300602387	0.2080513299772535	0.13958738334215068	0.1012305064390284	0.07780181247292946	0.1345441270825913	0.1738375621263381
0.17210653193233608	0.06029038923140316	0.08743690340783744	0.13607200328450889	0.05868356565098479	0.05980634615511998	0.1773456672604467	0.24825859307736273
0.18140514946212305	0.0407934059710984	0.14386446826376895	0.14899167004683922	0.043011660258001086	0.07540986980211449	0.1950262511442007	0.1714975250518539
0.10779034399898445	0.06683468749196991	0.293357036947151	0.09305892866632623	0.05516984049421193	0.04216393159306617	0.1597405381800657	0.18188469262822443
0.19354458113921225	0.051697869642288174	0.1470608811195343	0.14355356719543602	0.04411733239042415	0.07944789534406466	0.26033285840478715	0.08024501476425305
0.12635318994198627	0.039196120108598076	0.10434439025683959	0.14618498747722555	0.06392245750138323	0.045272273636659546	0.24347829712521665	0.23124828395209088
0.12958787549051867	0.049786196020170176	0.12297063625915497	0.11318783007850218	0.05131862864524715	0.052660713210867946	0.2501689992476918	0.23031912104784685
0.12477410918390945	0.045112800330239594	0.021216539658567096	0.1572600341926393	0.038675692772693226	0.06127423145501096	0.18694826653855315	0.364738325868387
0.13333939266315048	0.04938944548026494	0.0978313177100898	0.08839351817713659	0.06844218325387476	0.07073594785443907	0.15668589769028157	0.3351822971707626
0.11770070087592226	0.049661296346480005	0.12152728783225072	0.11968481109813736	0.06085611913503683	0.08460598575261184	0.25416180376430053	0.1918019951952602
0.1571959056876256	0.058821249640113066	0.05217455921390618	0.1628142678267156	0.07810365181489275	0.04502909482826556	0.21722978756747963	0.2286314834210014
0.15958534224150064	0.049663158227778004	0.22246278060090396	0.14731589689433053	0.08796068851368752	0.04959226906949826	0.1382551616382006	0.14516470281410027
0.19468887967573245	0.03555048597279695	0.07668217496753307	0.11803748096912464	0.06467740009400383	0.05272584083708802	0.20809714865076895	0.24954058883295183
0.14279763510790028	0.05289722901873159	0.09603158800868844	0.12216228514820729	0.0571791769929281	0.07934573440534073	0.24348348602665024	0.2061028652915531
0.14664699113744936	0.06675224476477062	0.1661105109337905	0.093248457026297	0.10268491028236051	0.07513566251757656	0.2172990977493687	0.1321221255883865
0.11980412615496576	0.06083137255987954	0.20500183854559556	0.14997125431409786	0.04643871697524682	0.047204499011467616	0.24104684203833807	0.12970135040040853
0.12622291052321183	0.04888621852981759	0.23651665648455272	0.10960941250475294	0.04894662928799173	0.08943918783344855	0.19134907009297517	0.1490299147432493
0.13610331218908828	0.06421214159896729	0.15708296307635497	0.08858705141229446	0.08315742802089506	0.0810156938921735	0.14265880050418273	0.24718260930604352
0.1670712816108235	0.04668259550022437	0.2341724726390939	0.08998096058880357	0.046924652982630585	0.07828496311630738	0.14772729210931956	0.18915578145279685
0.13154158629981513	0.060747449179854904	0.2050140249006291	0.15503195498558942	0.0526862966602447	0.079604941112806	0.22736860969075212	0.08800513717030836
0.17926413567945154	0.06498808386790705	0.16925111361283765	0.11835042423021191	0.04901395750628362	0.05838238114308289	0.1660868949315714	0.19466300902865372
0.1666269052217988	0.05631699745798316	0.11235799037167149	0.10512812700746649	0.04446064441909349	0.05077164576651312	0.21158790071230132	0.25274978904317186
0.14613137246555652	0.04416897168179637	0.21908666377088543	0.10107309459998792	0.04201217954105792	0.07243268097216304	0.16639214271787378	0.20870289425067878
0.11062036170427031	0.05808596333727496	0.20144430894858256	0.15819650029587223	0.057835350599113045	0.03945605410170233	0.193806651942596	0.1805548090705883
0.19905371588050774	0.057975132079308864	0.1912747605987492	0.12949572395795556	0.06099384199431099	0.08058149894319308	0.21369514165298042	0.06693018489299385
0.1374235373354587	0.03423467760092633	0.19837557370965192	0.12366873368809143	0.04997488064531251	0.07852847875525942	0.2010429278597724	0.17675119040552706
0.10173353337045983	0.04204699640768042	0.1715332110943616	0.1336395696911086	0.101130484959327	0.04847065853822714	0.14996130169387695	0.2514842442449582
0.10438823165722856	0.03614986069157729	0.0865857061537523	0.14377526002108806	0.04186154642722273	0.05264063344707365	0.22617211228754625	0.30842664931451097
0.1618429315848159	0.05295292416704667	0.02029921900633265	0.09514931785735842	0.09793180640408422	0.0847048412877888	0.19327658893767583	0.2938423707548973
0.13156257689949702	0.04063001186914675	0.08961830364256593	0.09274305126104511	0.06432923030848085	0.0419761275407482	0.2590726892360551	0.2800680092424608
0.19250697451544213	0.04383965098411373	0.07916208854270061	0.10957315171687994	0.06298739444041213	0.07565396084346095	0.19784890618523976	0.23842787277175054
0.10164354288281556	0.03314634932843977	0.03882718020965009	0.13969632236391347	0.06147628085676757	0.08656227563945251	0.20128861146163443	0.33735943725732637
0.17175954590042608	0.04308414112403944	0.04602409752581664	0.10499520846241286	0.08273444446871075	0.0884020514706211	0.15382626714123043	0.3091742439067424
0.1554631723729727	0.049049180439510454	0.016722092959295637	0.1084227357443509	0.043099899855556956	0.08773622492201466	0.26157920132982426	0.2779274923764742
0.1610342599854149	0.04412904147992118	0.10742512317943165	0.14989057807593587	0.06020080515063091	0.04998705738763261	0.14687401457348517	0.2804591201675475
0.12076209276296655	0.06071870040461519	0.1088408722975425	0.16227681194743687	0.04601054841989122	0.04002539883646114	0.173077094297252	0.2882884810338343
0.12757500299497376	0.043812851613344805	0.13352511741247863	0.14330175507636012	0.05689674081313065	0.06548931681099356	0.16851789175177306	0.26088132352694515
0.1409265067932839	0.04776336666905863	0.2619228179355808	0.1503878337954775	0.088615700359958	0.05324941682850334	0.1481366212856875	0.10899773633245005
0.17174198531483564	0.05315598482117728	0.2747139131960472	0.09107938156700095	0.047875366487955526	0.08648719334255589	0.16316867482057776	0.11177750044984955
0.13194424870578988	0.066466976562225	0.17828374454995943	0.08625888156421765	0.06267022107347406	0.0707914319719436	0.16557352530315073	0.2380109702692394
0.14515458974402096	0.06611829080568954	0.07193190201956634	0.10366870370554387	0.09500641619087363	0.055187217117774245	0.14972037370771624	0.31321250670881495
0.1403511371299322	0.03505395452029128	0.18560819186422386	0.146949856844383	0.045335070949032816	0.06522375240625841	0.1582057761889241	0.2232722600969541
0.17348451852816077	0.05499266918332815	0.0536769251652211	0.10714028102767062	0.050758816747070584	0.05981989439191278	0.15570653211969607	0.34442036283693966
0.14125660645451163	0.04949102299035879	0.09424867853967145	0.14411205145876707	0.03741291735741693	0.04003827215006543	0.15397118962355683	0.3394692614256516
0.12495057478411588	0.05813234386646833	0.08517942846798517	0.12322898704679928	0.061998205796839206	0.08012796118918428	0.1382692064249532	0.32811329242365445
0.12435032229421274	0.04251321988297102	0.275345914097499	0.09015381018120548	0.05449214310532112	0.053341349013418846	0.22909290003410082	0.13071034139127072
0.12555934419677706	0.03356111711400554	0.18437326166284362	0.14881726204690574	0.08003359723720904	0.0514654322403823	0.1927235711826778	0.18346641431919866
0.11064443361464742	0.045531008777020585	0.01995388459700903	0.1226653131137981	0.06345799990637448	0.08564622133626625	0.21153474047148807	0.34056639818339585
0.18422811983020945	0.05729226669298848	0.2935417545890808	0.10572859697394996	0.04852085598351409	0.040315136563910156	0.17211281545139878	0.09826045391494795
0.14255383427896423	0.0495141445549627	0.1915409561803751	0.0964964369224814	0.07711202431359557	0.05464335996562451	0.26153957297508534	0.12659967080891094
0.11518608673942028	0.062403901647040044	0.2701614263617681	0.11564583121890369	0.06414002315961848	0.03982799767704853	0.17824512173168508	0.15438961146451557
0.16563476357714152	0.03463740399389931	0.11473227110953693	0.1224502911653025	0.06582513693260432	0.042380134152002286	0.14200133526428607	0.3123386638052269
0.11339817147173883	0.03973416254747675	0.27848700513181324	0.13684912160383123	0.07168935859890764	0.03996642163047867	0.23012371695141526	0.08975204206433818
0.11256553208006112	0.05554453826534711	0.2907343982011874	0.11573963115825034	0.05201183187677835	0.05375053442163595	0.147860291490703	0.17179324250603648
0.155165231736964	0.041746418113030176	0.27870375327311603	0.16304153456973203	0.0488635351996852	0.04718538798120386	0.2001391588702547	0.06515498025601371
0.1674274581618437	0.041573580824864814	0.11535656280834031	0.15929002866985614	0.0702028258160051	0.0674117040248686	0.2301231242294423	0.1486147154647788
0.1610308896195213	0.041385008467735754	0.056041604333158204	0.1148741562062564	0.0717042799209976	0.040727068331363955	0.24343082042918351	0.270806172691783
0.11840999899981292	0.03835427951142928	0.16822615662824486	0.16164598109510045	0.043519301390304646	0.04287040139989473	0.2497900631600631	0.17718381781514983
0.11100833868713147	0.051744302083601826	0.19376552547540565	0.10387683283514271	0.06293319633709275	0.04896899472307385	0.23853419308153226	0.18916861677701924
0.13796108903264734	0.05211153249043862	0.2992775045561931	0.12571436107346426	0.06629563634382216	0.04737509464086319	0.137171033685718	0.1340937481768531
0.1545664234599232	0.06585432192091992	0.16128938220681943	0.16269334909688138	0.05548195099474569	0.07997092776332564	0.19373897262214	0.12640467193524454
0.11989341171401227	0.035601626959715096	0.02575012703753661	0.1542169283437589	0.09918641560713498	0.050151109698726146	0.23888821152454592	0.2763121691145698
0.17240680887439747	0.055745741098484486	0.24680973101039339	0.1066732351005402	0.050924842964887584	0.0430420334630713	0.20027226725819602	0.1241253402300293
0.1817113423975389	0.045951346176329066	0.15869949451321613	0.10477392100533557	0.06709706080651151	0.07200260183279006	0.1463664029412322	0.2233978303270463
0.17280260071290304	0.041738277567361884	0.12401518245373581	0.10904998478884398	0.06007785890209222	0.07821726857851705	0.2097731141689725	0.20432571282757322
0.151381301987779	0.06509265997558986	0.06581869578707744	0.09590695876203584	0.08241703182954752	0.057785396951934215	0.25333913089644666	0.22825882380958928
0.19106328022488991	0.06621124848731189	0.1560473260718226	0.1302702019785708	0.05005051241334947	0.08978169375833586	0.14823228326885315	0.1683434537968661
0.18360559700547746	0.05153353533176877	0.14649619187286522	0.16270075551571556	0.08276907649453641	0.09021819474638061	0.13446068594041624	0.14821596309283952
0.14071866811518913	0.04365709132483443	0.16430507322930607	0.0918871939297165	0.10507209091107494	0.05113039900046516	0.17666361284033993	0.2265658706490736
0.10122173888480979	0.03811585246760667	0.21030482747323537	0.15937793543847542	0.06104650341312609	0.066116156670594	0.23066152287817715	0.13315546277397536
0.1489728475381818	0.0593820773004196	0.11428785718824776	0.13114323469626787	0.09124667130014631	0.055550884132825884	0.15052774565372265	0.2488886821901879
0.15989447182779515	0.05985474495443038	0.20311883277965856	0.10246001171882677	0.06464542659687719	0.07375942287591895	0.19745646042271436	0.1388106288237784
0.15616411813443237	0.03368555045193383	0.19404776529565632	0.15750206553603674	0.09235123977042298	0.078166663274904	0.18099927029805046	0.10708332723856312
0.19875472318904336	0.034645162470385515	0.1238840873677822	0.10375295095104778	0.10217558201222535	0.08430515081991358	0.22224058260263113	0.13024176058697082
0.18777758821661417	0.060378853481862324	0.1755835240302628	0.11380085527351305	0.08550644316998002	0.043576319790567836	0.16469455980317935	0.1686818562340202
0.11869566929452663	0.0452023967735949	0.20829619677994995	0.14922556945971294	0.09185785708868241	0.08994751373240463	0.1481234219005474	0.1486513749705809
0.13040557996713803	0.038665645922722425	0.03754909429426276	0.09091326132477984	0.05013884405377511	0.08189187547028151	0.2590363284327999	0.3113993705342402
0.1466673741125311	0.045936427178266556	0.19192626098091514	0.13551028089224684	0.04386727142153239	0.08806426741318293	0.22472773999871432	0.1233003780026105
0.16157791584295583	0.05605308486791098	0.3041555615892118	0.09292487502243106	0.06032057594474559	0.056346760615057834	0.17324828427178715	0.09537294184589956
0.10235067450220656	0.04119500467338197	0.21735786262457996	0.1073791255172298	0.10172191936380838	0.08052740531017474	0.2145883258175453	0.1348796821910731
0.16687955580047992	0.04221511046270082	0.13861335060146196	0.10396858764134281	0.08370925709836693	0.08374268771054566	0.15250571315204242	0.22836573753305928
0.1919783690446628	0.06434335930482338	0.044112047402205784	0.13264697396674344	0.07782461849090583	0.048888072566030866	0.24995880729056247	0.19024775193406523
0.19968411432321567	0.034940833490292325	0.09869326833535713	0.1275895845433903	0.04167608690826828	0.05048159340859454	0.1495924239663876	0.2973420950244938
0.1779291623662254	0.06745617140974995	0.1688289945345806	0.14074533192219257	0.0487716735735213	0.08147305692153159	0.2312864115426675	0.08350919772953082
0.18608799616436011	0.059377302880376945	0.13748838506090155	0.12387401774826573	0.07302724760494478	0.06353523053393124	0.24905410571919157	0.1075557142880278
0.16782773038254067	0.06328821041978441	0.0723531229492192	0.09507565295126238	0.0741360334384929	0.04528033244857764	0.19871388218937516	0.28332503522074737
0.17750140988983626	0.04198698061118884	0.01677192969404788	0.14003825520102722	0.07275786843411661	0.06415688625865308	0.21355096118081643	0.27323570873031344
0.15897899833660223	0.047140169363222406	0.17921299816487585	0.11216499470944831	0.058922940116973174	0.08162277254089424	0.16031779463928736	0.20163933212869622
0.15353679959990704	0.04336673454361037	0.25578535722000795	0.15598627536409598	0.048804866707599495	0.05439939843463028	0.20080156341430436	0.08731900471584426
0.14512445117120468	0.042852956577017404	0.06826709850271691	0.14995749328997976	0.09596975934180481	0.08553449464612839	0.23448486677892938	0.17780887969221848
0.18968896242898897	0.06477587348801606	0.08120984873757314	0.13497311440246473	0.05447657916973005	0.05581865539352748	0.2406020278489971	0.17845493853070227
0.17793723873177197	0.036227933449297645	0.23255042277749502	0.09781380860369893	0.04540244450313834	0.05783488510503501	0.17916299522255028	0.17307027160701255
0.17545104281039525	0.044524322621566956	0.09643500446737961	0.12197093572935173	0.0726565642869855	0.07407669470830369	0.2655196034586512	0.14936583191736574
0.1069766863646679	0.06247308380095272	0.2826158828491081	0.15500889339604276	0.05971478580880449	0.0623622504915442	0.14812631297395165	0.12272210431492793
0.11447715626800745	0.054139194656754486	0.045402225124497805	0.15732306388955108	0.08084518535233873	0.08178712732112098	0.16868027782544515	0.2973457695622841
0.1700546626021872	0.05314148284789298	0.11972285046992054	0.0984822837446526	0.07490248993629021	0.04778364934610302	0.1367544846252154	0.29915809642773783
0.1463633796275487	0.05523380745646776	0.10700490869648747	0.12947288677528979	0.055790762917304865	0.07338390349630615	0.24204680008016077	0.1907035509504343
0.12671189236017977	0.06700020956274105	0.02746436496312385	0.13321359342866412	0.05872570920437842	0.07960279769915152	0.2603404319752407	0.24694100080652043
0.17772459379593408	0.0398388962559038	0.12446049432910605	0.16225279816506977	0.09025333049097282	0.06446693777042711	0.262552189675226	0.07845075951736016
0.1127982155869978	0.04498842007694531	0.31003802189334895	0.08814480516149467	0.0971177639065797	0.06629157586297275	0.17300219815739246	0.10761899935426815
0.12665013469049954	0.040101811150425146	0.09392096253473187	0.09478988405023378	0.0404631905438043	0.07251903492362552	0.26294790310048427	0.26860707900619535
0.10524881279766313	0.03348385908763281	0.12379893179046177	0.14786134094067932	0.052820817486055716	0.08350873393994379	0.1485261205494105	0.3047513834081528
0.16718984094640577	0.05477481390151476	0.011916615887006252	0.12293493619444337	0.10516320207120551	0.07292465384104346	0.1964848995385648	0.26861103761981586
0.128533115696025	0.0665992131931897	0.092406358374461	0.16157299216108362	0.038138238467710084	0.04366801614986446	0.19605853393876943	0.2730235320188965
0.16871529042774086	0.06462371908710988	0.18006459045801693	0.1299912115120274	0.039955772543295714	0.04851963408793297	0.14480518264692643	0.22332459923694958
0.1870531874872022	0.0630804320856844	0.06776909152402433	0.13152415772952802	0.10011684105083142	0.056089585288235724	0.20720935136645235	0.18715735346804133
0.1476551498957096	0.0342827112126281	0.1857560112869011	0.14698763851965424	0.0540451140913793	0.08190865466414304	0.24754229430335298	0.10182242602623137
0.189645426508755	0.04251301819352024	0.09684852368604085	0.1342106240033748	0.0769466704130569	0.07174494554009003	0.21816257865950928	0.16992821299565267
0.1415094213057813	0.03334415824897838	0.03968292339710269	0.1549152495149518	0.08384945176133787	0.08115486980299401	0.2589028314518321	0.20664109451702153
0.13646181978769834	0.037682394573526304	0.2638397479283362	0.10049944580203328	0.059764084722845556	0.061939515788595856	0.16223071257807964	0.17758227881888458
0.10518312394240732	0.0463047120813644	0.10842765108037805	0.08920321722117847	0.09763859053501656	0.08858706279346933	0.21422118675383423	0.25043445559235145
0.18195607315636061	0.05614626449802389	0.08263504507328906	0.12474142547315291	0.09156968748904801	0.04295009929352213	0.21924188244897838	0.2007595225676248
0.15706279164826353	0.04840157827934566	0.08875503265589674	0.12882431837413305	0.07090768299296707	0.08697441168009964	0.23896076411742573	0.18011342025186838
0.15784985877405103	0.04435872210958944	0.16748347373217154	0.1342986072231206	0.0974378056525096	0.07911901240303688	0.14544635861361824	0.17400616149190246
0.188173782907399	0.05312779884645523	0.08696564803971853	0.15920211296449094	0.05680475559507678	0.048605973323186974	0.13615928042129913	0.27096064790237323
0.17182261391621564	0.05089750647609825	0.19201723581008695	0.10321158839061947	0.07161218873469671	0.056689420020483314	0.14780459690551315	0.20594484974628624
0.14317142397746377	0.0391502316520118	0.1928449175775021	0.13601928047169393	0.07002484551565484	0.061710648142686175	0.1627483800307556	0.19433027263223157
0.19730567795957066	0.046791195097215355	0.16676935474549798	0.09849992244141716	0.06401504400108492	0.04698208847482821	0.2637886008120022	0.11584811646838325
0.1653548324731397	0.0606098077828988	0.061978088778975926	0.12729000349799943	0.08954669588103803	0.08458036748339647	0.16742869117573306	0.2432115129268183
0.160225611697422	0.057670160411039284	0.0406482195490413	0.15498638157617708	0.061406491726321594	0.08549693618791726	0.20374962867975682	0.2358165701723244
0.1324323901531598	0.06717335643827721	0.12186202578574012	0.16397052998180106	0.04980373009627864	0.04708583920424449	0.1868850466008523	0.23078708173964615
0.14024939516628326	0.05795790431583352	0.08721828471110514	0.08803571202516478	0.04332648980479513	0.05202804045226812	0.19881129590312666	0.3323728776214232
0.1003434064881546	0.05863139601523071	0.2420313141494829	0.11861841858907292	0.06352207921707645	0.07408022282316595	0.2441474997780395	0.09862566293977677
0.1634632307807274	0.05544157669266116	0.2815488862430357	0.12438933447059407	0.04060870418977658	0.0887097718478079	0.15311668470541526	0.09272181106998174
0.1652426543024975	0.05808375625427413	0.19122784956967392	0.10454269919725476	0.052754947107051114	0.07561367128966111	0.16321164621471035	0.1893227760648769
0.10004479463485194	0.06165989390388388	0.2918804290098965	0.14812130063169288	0.04509389932499781	0.0462570836398271	0.24984148090225444	0.057101117952595176
0.12816157179466647	0.0520560363805056	0.10527380374076083	0.14494616248791004	0.06922348141671932	0.05229501033215937	0.2639536280308799	0.18409030581639818
0.10925175649131197	0.03682879020709823	0.18330740351115737	0.08713646475410314	0.07536755851102003	0.06651510316549025	0.21939513892400134	0.2221977844358175
0.12082385015369315	0.04149402245495555	0.20984152728027222	0.16310847126910905	0.08584808329438441	0.08942366709317945	0.15708450798142298	0.132375870472983
0.17680627823347492	0.047296045529554714	0.1544727115748848	0.16116715411441457	0.06346522010266824	0.06835837542929227	0.14748567860761047	0.18094853640809977
0.19741629674384725	0.047520991035157806	0.09685215836362035	0.12456337133892098	0.09651089311796357	0.06746667619610087	0.1404647264336154	0.2292048867707735
0.1341243858015164	0.049526096752200946	0.07692780228319938	0.10662462602342479	0.08661372415785953	0.048977903208024115	0.19082598568202885	0.30637947609174576
0.11024514555084886	0.03954496648185005	0.07499025998117688	0.09718891478509484	0.0710520577039044	0.08839236839046166	0.16251477356128186	0.35607151354538125
0.12479690816769894	0.06539832166971865	0.18852057444169865	0.16242107341988882	0.07566116863565833	0.05628895448052597	0.13959412662792622	0.18731887255688423
0.1743420412972247	0.05782834371362773	0.1414149518096413	0.11905836127332037	0.07065497739760185	0.0646932720398248	0.20910749474827836	0.16290055772048068
0.19561257570007012	0.05617551671092705	0.05209653570180202	0.087245498871049	0.10316855637093712	0.0464147702145684	0.13783186553644527	0.3214546808942008
0.183028225845838	0.05945123447743218	0.01261195357072474	0.15121697155386446	0.054755838459204995	0.08192643131712068	0.13729623339110375	0.319713111384711
0.1558320201924111	0.053533713319344964	0.27325446540976506	0.11716345730581967	0.05126241798667716	0.07356215047095467	0.15306176445053393	0.12233001086449317
0.1327317377081404	0.04900396640140685	0.2961633940150271	0.14671134210036826	0.06298102083853002	0.05278359228400541	0.13389621195412776	0.125728734698394
0.11091911065388398	0.03983545951238286	0.202818741865431	0.1407881740271915	0.08090415334025906	0.08588420861849638	0.18897578749095625	0.14987436449139876
0.1003898113417173	0.04061415627039268	0.1337907386685648	0.1632073160876805	0.10355327175629356	0.08711114427544475	0.14055385747217253	0.23077970412773363
0.19812610331430078	0.06609307293858241	0.07632254175338267	0.0953761496426028	0.07317674364704159	0.049738074600412976	0.16224235200424197	0.2789249620994346
0.17409618160001714	0.036299215384611505	0.1316151976598246	0.16301598713936874	0.06475862742633372	0.06680543148802986	0.24260765700457	0.12080170229724417
0.19284202062137376	0.05044063657554135	0.03721926209750995	0.12374482581915085	0.03842462406909064	0.04914692048534365	0.18687595941067292	0.3213057509213166
0.19996068983939783	0.05340881659303534	0.10804517500188288	0.12661019875318894	0.0719322552897427	0.060054191801879195	0.1669633279520764	0.21302534476879648
0.10165193042194107	0.06351716622735051	0.2833910349713248	0.1291819329895212	0.04266910913008942	0.04614137177970479	0.20474259837638834	0.12870485610367968
0.1913974811953261	0.05837525768654667	0.1610268675029521	0.13552099840101875	0.05902944154478029	0.07990937717627575	0.23559764165909158	0.07914293483400847
0.12433534296887234	0.04033399580944398	0.12646627021091247	0.14681900079192475	0.08986450081435217	0.04633280961912861	0.1657411571130984	0.260106922672267
0.12204400274573222	0.06577905217993199	0.23049131161954772	0.15353899349935551	0.04832061242625807	0.08951930855960424	0.2291254207605171	0.06118129820905291
0.18321451398133193	0.050715183676988435	0.15094777086095754	0.14465810920600222	0.09770612916323254	0.05353337429898056	0.15838008059657616	0.16084483821593035
0.11107109217241909	0.054931834038599955	0.1528488078130757	0.11279766827696688	0.06283687756112062	0.06569949509463832	0.170817683030102	0.2689965420130772
0.134096433795285	0.03616803466221824	0.2611268932924862	0.10713301065159819	0.05850283959094692	0.06680321623368948	0.15520056984568634	0.18096900192808948
0.10364314794009472	0.046490704373225514	0.0643496657056793	0.09226141552836695	0.09536237155048118	0.05126542839819381	0.18846306626222412	0.35816420024173423
0.18067586550726628	0.04126982678603461	0.1265457262703172	0.09652630541713211	0.042556545737956	0.05839984256931047	0.14712462331101595	0.3069012644009671
0.11039275597552031	0.04171064639863345	0.00848366923377572	0.12237796633460457	0.09327295636823754	0.07412886603725999	0.19977640041051675	0.34985673924145144
0.12528712428338767	0.06312139292264844	0.0396629813401216	0.1604686880936513	0.08019532041912847	0.04903128861572888	0.2438904234409311	0.2383427808844023
0.10128408956470394	0.06361695078972562	0.10106826822279512	0.08600167160366189	0.08045728106597641	0.0684157220794579	0.14348268099286055	0.3556733356808184
0.10501285528832681	0.05364702441508257	0.2066946073496953	0.16293009277500234	0.061996529033078396	0.05154558851581989	0.23737843384499008	0.12079486877800431
0.1946147286963073	0.03632721070970668	0.09425168518932422	0.10964747074775223	0.06906947889417442	0.06345394891618267	0.14034102350071367	0.2922944533458386
0.17607799091218496	0.053587049597511	0.1389281585344093	0.10731352323990997	0.10412970534900332	0.06654253728141994	0.14389207548210628	0.20952895960345502
0.1651842211797857	0.03354452046442365	0.08055125834041132	0.12495827091451087	0.08768352016425741	0.08462620379277384	0.13846153313015797	0.284990472013679
0.1960681406263741	0.04294031860588769	0.033739679591307054	0.10419022153212565	0.06179070078241862	0.08618030025718539	0.1941458485556971	0.2809447900490041
0.12511581250627096	0.05197812100229926	0.07270322589555178	0.10386177453463358	0.06845436506124968	0.05260222959837424	0.1978036933668881	0.3274807780347322
0.1458764174587495	0.04605779351971724	0.055347888734856035	0.15253749910552464	0.09929508428391848	0.07893814331430135	0.13777357571097096	0.28417359787196156
0.13439585952674046	0.05189281704737769	0.11777482201088697	0.15423812807439077	0.061864179094365424	0.08358309318324211	0.23049418099097874	0.1657569200720176
0.11162928093075569	0.04902054302565598	0.024051166718420697	0.10794563814992801	0.07315701995620727	0.044671182621156214	0.26686330537770653	0.32266186322016943
0.16946872020675502	0.04554841007991228	0.20852716919007386	0.13905557862962745	0.07296616299449066	0.08738547101293333	0.15379735598994204	0.12325113189626516
0.16613489607743737	0.04443681777851184	0.24747658238624407	0.12458692288260123	0.047372588526757214	0.05636330320013078	0.19628504501318098	0.11734384413513635
0.1441800533156577	0.03438572828732761	0.11673836109305513	0.13220800932529533	0.06902814539891224	0.049213837895204865	0.13442795863501145	0.3198179060495354
0.18215060913232678	0.06182766616432728	0.17704827986846428	0.08740851895743368	0.05336405657673268	0.07216898951223769	0.22973466051735308	0.13629721927112434
0.17206656046981111	0.05892733144874518	0.016515837157371815	0.11439351799943867	0.04252524456878301	0.08416832129133928	0.2677019241361787	0.243701262928332
0.178786787596192	0.06615951419585336	0.24668481266132308	0.1417720605389914	0.1022132836249246	0.04840765390979672	0.1385847592995801	0.07739112817333849
0.19972682055116353	0.05007586287465299	0.22717411494524878	0.09844056003863658	0.07649901982747835	0.07619326421480205	0.15650036411195026	0.1153899934360672
0.1034732093868881	0.03723870035488508	0.1172011067068142	0.09399348304805999	0.10095798856064463	0.06351037871225289	0.1525646170983727	0.3310605161320822
0.11690829547182263	0.05679592055167089	0.046989448698266476	0.16313287932394793	0.053237552476386965	0.058317422752080864	0.25425919044026135	0.2503592902855627
0.13149523859041948	0.061760723326261285	0.27084961802377927	0.1532367931871215	0.09931960336316503	0.057007632146098414	0.13407399921848426	0.09225639214467055
0.14057438525661717	0.03685961989061634	0.30613572302802455	0.11743418082733348	0.06438984410344617	0.08228230698742187	0.15754533520523584	0.09477860470130442
0.18835952123834887	0.04444256474484752	0.15136094536251118	0.15605378713348514	0.050769205490150834	0.04812602317100033	0.21588622185327944	0.14500173100637645
0.16886844975003862	0.03525405460230448	0.1418459904050994	0.16312046187537477	0.09951766961386019	0.06607809871885487	0.20747070979410065	0.1178445652403668
0.18582222180767732	0.04649875894091812	0.037551037063902226	0.11218154380955721	0.0503514880398538	0.06783879247528012	0.21543714907645511	0.28431900878635585
0.17399516930877204	0.05512236126013231	0.15800236228370834	0.08870409856783965	0.06885139649190927	0.03964386111720396	0.24216712483225705	0.17351362613817717
0.1557302064896947	0.04099523040694941	0.03242537244382193	0.12397254365271354	0.06701426728843732	0.06595893272676079	0.20709253659361526	0.30681091039800673
0.11828114226960167	0.05141357152588376	0.1816738432024107	0.13893057696167768	0.08239074121849256	0.06544636130323439	0.20646566859109755	0.15539809492760148
0.19363477797160558	0.05569434002479115	0.27303781535775373	0.12032363253904801	0.040712799506356284	0.04666275877963395	0.1343906878078744	0.13554318801293663
0.17163053076845278	0.033959703363591456	0.13017151043641104	0.08861397092263831	0.06933971060882238	0.07304774995745769	0.13935710657343145	0.29387971736919466
0.1252334868440454	0.03333919222915192	0.015471348093678297	0.12562939884243135	0.10512764914080922	0.04823578413496163	0.20073952086929303	0.3462236198456289
0.12425113369961595	0.06015218000870043	0.10817126468268191	0.15688856448129213	0.09926642067195757	0.04878885976351574	0.2577390661039032	0.14474251058833285
0.10519305132369963	0.0374197457147879	0.22414792825917607	0.11618162160436948	0.0764143019861903	0.05297613619800991	0.1546749588085277	0.23299225610523883
0.10191681148615493	0.06661518656300208	0.19804367489211328	0.12919536650123398	0.08851950529743063	0.07925712675816418	0.21004832570052223	0.12640400280137845
0.12873790074738686	0.05451300664088134	0.14934437884564383	0.1497315696834433	0.09613363564515925	0.040362574110343344	0.244333452740782	0.13684348158635984
0.1887665805018802	0.03638498967530927	0.034292611551469926	0.1489694491784152	0.06100915933021123	0.08703009376827586	0.1747944266374784	0.2687526893569596
0.1968169670368416	0.03930484305491938	0.11574444823046641	0.13526363732911795	0.0736106171151818	0.06843313988130945	0.1835198803722266	0.18730646697993664
0.12577071442742754	0.06027769892182519	0.15729805277607467	0.1484632695791123	0.0459984875487731	0.06807356969840203	0.20981380525841758	0.18430440178996738
0.18819937388552613	0.0453409663823279	0.025559474819722566	0.10288220910679233	0.0491381516393079	0.05506980106609999	0.2586174063854703	0.2751926167147527
0.1273561528920121	0.038941694150877684	0.1461759941839504	0.12080248604315574	0.0832337724592406	0.0690230135367497	0.15583575611733394	0.25863113061667964
0.11364103377740394	0.04987363182951514	0.07434639066733767	0.13373347412263065	0.09281549673435074	0.04479225622738696	0.14171416276440624	0.34908355387696843
0.10833328174953996	0.052547642937582184	0.27928051398705855	0.11617780128737455	0.06478440688217371	0.07197630926287449	0.15772552126580353	0.1491745226275928
0.13750888843485398	0.051989493778107354	0.055280816044263936	0.1301116420408028	0.095640019734137	0.0744826953548158	0.24975926424652625	0.20522718036649262
0.1290128149052124	0.03332543459704845	0.24652919032331566	0.1073694376249378	0.061690434400585234	0.04559862518750302	0.19027437189715196	0.18619969106424522
0.10223225749096532	0.04400106966790428	0.11743429069573266	0.1062416199102943	0.04066861735634189	0.07774738541235997	0.24955589009874268	0.2621188693676587
0.1569131300963288	0.060817963673914455	0.038627096003431505	0.0877287727883726	0.06878393876863259	0.04845192170344917	0.23188421302688822	0.30679296393898237
0.10310455884277063	0.03655794548990923	0.3232062646172663	0.1058612914905919	0.04132510370909262	0.0785194292234042	0.21663513644404295	0.09479027018292191
0.17072326784477726	0.03397773734765941	0.1652885974922143	0.14465706829269756	0.09287755747662094	0.057063525573490564	0.1540311226733851	0.18138112329915468
0.11365551111130831	0.052739954429965305	0.2368607041815767	0.13352630313796252	0.08085702864875902	0.050822702930899286	0.17343183802745485	0.1581059575320738
0.15172923128664945	0.043314939075379255	0.26426772484449446	0.09548439539209395	0.10182052999600222	0.06177175402066211	0.21488780985411712	0.06672361553060119
0.1935455732578954	0.05876339442804304	0.21009915681195146	0.10572514522877552	0.04169090463136628	0.058976678530104465	0.17484938745153428	0.15634975966032927
0.15772481783207007	0.03944232993055022	0.08852960466350761	0.15297012943526966	0.08435636930363989	0.060337568179709575	0.15209344833640412	0.2645457323188486
0.13779628896910845	0.03492278484028177	0.06425892099579558	0.14335721262656592	0.05230301269664485	0.04904570647177389	0.16685436415434582	0.3514617092454835
0.1627350442292674	0.05437433588766166	0.045848196082470954	0.10532571653352873	0.07815721916260644	0.07696177541804591	0.16639624276868584	0.31020146991773284
0.16354469020736204	0.06183056338028417	0.18613304725617769	0.1324480081330738	0.04912642773982158	0.053295572713483993	0.16337635209119056	0.19024533847860595
0.1138664316176146	0.057614069925590414	0.21745093408172633	0.1027635655806714	0.0416289173739403	0.05494179091637941	0.19275093638104895	0.21898335412302844
0.13875016608020885	0.03353667077897099	0.0303183970522026	0.11045855264871472	0.04254068182686492	0.08233818871291637	0.22913437826904282	0.3329229646310785
0.19474797724469295	0.05252190840117875	0.11186299267393592	0.13400293962837145	0.09802863600853884	0.05059825156642314	0.23950208208327323	0.11873521239358559
0.1281184153753432	0.05807638381005523	0.14190741486940925	0.10557190231068378	0.092203055529549	0.05768665989165428	0.24294902010755068	0.1734871481057544
0.20016001948188328	0.03882873027919097	0.0750981077231191	0.09544073151806633	0.07146472851331391	0.053000879508950036	0.2507914680811646	0.21521533489431155
0.13665404240279588	0.051933631914674386	0.21528083725453084	0.11372579127750132	0.03881188922248843	0.043986360711111006	0.20068915525677616	0.19891829196012173
0.15576105952869776	0.04786350647723367	0.11428188441541133	0.08606654000078423	0.06510548170243864	0.08219823503023575	0.16671863192997538	0.282004660915223
0.1834455427792394	0.06381233326667046	0.1045247135669796	0.12066352004664643	0.05632987842143489	0.05191951992040768	0.14791166634140956	0.2713928256572117
0.1086360672011224	0.03961179236899061	0.23287765943031294	0.16033461664332604	0.04168561606978281	0.053241882320531425	0.16791418998279264	0.19569817598314093
0.10697905676252772	0.04835251848054557	0.1990806735190986	0.13962964298373387	0.08639715476444629	0.04253248962868318	0.14989815197703762	0.2271303118839269
0.16474788637856447	0.039909119100706256	0.032140115274670936	0.13468544110244027	0.05955502938828332	0.045149612800206684	0.20274331231220427	0.32106948364292354
0.11615775224905216	0.056451912602611065	0.07120303600648159	0.14129875121120308	0.09883854692583321	0.08431356509190388	0.1951419248360265	0.23659451107688828
0.12286793764098333	0.06236719681301926	0.18412032948027815	0.10189848981191019	0.08100614909197368	0.04762515791286191	0.14884226423884508	0.25127247501012817
0.18755937732934752	0.05934835454956015	0.19958286406961642	0.09240463855532324	0.06619697645494907	0.06806448850586136	0.13657786094529564	0.19026543959004633
0.15741512136856778	0.06282079681235621	0.29207785591430935	0.10106659278648136	0.05198618009917337	0.07357245163928415	0.1438366562501342	0.11722434512969335
0.11827113091171418	0.044617645304015116	0.21827469674504474	0.14691711742652375	0.06997707321722561	0.049582228220531446	0.2381133051690289	0.11424680300591607
0.1306225311177371	0.033185017508834416	0.08908398413220384	0.11640858855819794	0.09493595831180442	0.042091872560522534	0.2302720030582122	0.2634000447524873
0.1144272309055416	0.0354014771914941	0.061053500505633906	0.14173938012216242	0.10420297047459667	0.04855198916397409	0.2425391838822018	0.2520842677543952
0.13468622406970043	0.052689413919840625	0.039869827504399644	0.14174817793949807	0.05868311290355377	0.08871110873978022	0.21996001934420734	0.26365211557901963
0.19891203189341905	0.05662420870209206	0.2241666600605468	0.13590048041641234	0.06572235362937007	0.04667989219747398	0.20566872850615356	0.06632564459453193
0.18942039405809125	0.03907950236416084	0.020878619885708855	0.14058359201274076	0.07673643563976693	0.055398897994691804	0.19946908646591616	0.27843347157892306
0.13124811338235975	0.05081569200889555	0.06108982814365266	0.1504684388015773	0.08281558442479332	0.040272311518227785	0.22175144250103845	0.261538589219455
0.12683364144419593	0.03848081893774827	0.1714452042206907	0.13756650347668567	0.07846845880156132	0.04159156541645634	0.21012820751402755	0.19548560018863403
0.17080535182464354	0.058626958770689866	0.14647311219475545	0.13748612091800272	0.09011500056012275	0.05285360306504565	0.22136513065101082	0.12227472201572898
0.2001900064603528	0.03912788711728436	0.14381278126283387	0.14246300101077575	0.05168237569388111	0.05608429393251957	0.16189658066659454	0.2047430738557578
0.11154901501844604	0.041196074320850776	0.3063788377663144	0.11532955294378229	0.05930943721547198	0.07477566778895088	0.17405409796724539	0.11740731697893803
0.10085301200876276	0.05149034662137236	0.22320659585386973	0.09690983312884706	0.04776137424532183	0.08159845365610285	0.15822904060898374	0.2399513438767395
0.14523920410346083	0.05135653512756258	0.18145036281123972	0.14188269183646374	0.09459364103524275	0.06384530048204194	0.14974442566451956	0.17188783893946866
0.19792901891147957	0.05768774150142268	0.11034818701333711	0.1063184824811507	0.08909783778834074	0.0743149097496465	0.1638024914271143	0.20050133112750812
0.19788510150027633	0.06021333037588644	0.14290299762485129	0.1310221556244217	0.04940863273033398	0.08140191792529688	0.1460330486428279	0.19113281557610523
0.14907148801519848	0.06517810885930833	0.189340056523382	0.1362942247916505	0.08894375539199004	0.05857104737324724	0.22242447641603075	0.09017684262919243
0.11452215963811617	0.041018422815572345	0.3097779452761132	0.13614110139469324	0.05547303421189356	0.046150253682117615	0.16013547641684087	0.13678160656465282
0.1828972476210593	0.05754014605308572	0.20302946331512295	0.12124082285841997	0.07209203816119056	0.07258187410298324	0.13620997684674233	0.15440843104139576
0.17787021495782174	0.04319570639449265	0.13228824373756434	0.10040297711544413	0.07236564556303456	0.06622080816889622	0.24421102474411233	0.16344537931863382
0.12171203777544655	0.04461198740920576	0.20124121219203878	0.1066162379629923	0.07832077638350096	0.06939410849495901	0.22767665301619908	0.15042698676565736
0.15801406100270304	0.06115343117482967	0.19557882956404754	0.0879262817528833	0.06868155964453393	0.043938176420283706	0.24182987027605868	0.1428777901646599
0.11899509793976977	0.04409327033515427	0.22680907634090505	0.1415896544919082	0.09473120910186633	0.040273994241331545	0.17405019741821312	0.15945750013085153
0.10349083114481389	0.05976509061341202	0.19672046941079552	0.1387351638894849	0.06934378027533974	0.05922027034908356	0.2102560279404105	0.16246836637665968
