0.2311565224835781	0.07840576546169065	0.3079206073423244	0.1551568379823051	0.22736026673010154
0.23132791535896757	0.07384550904142334	0.3067692907456704	0.15591901927241636	0.23213826558152206
0.23117586440206353	0.0774638552535578	0.3075626686917799	0.15313338434237067	0.23066422731022787
0.23038263517078436	0.07508776964665308	0.3052793554264182	0.15407102323829702	0.23517921651784707
0.2303625223763347	0.07299605871324333	0.3060402125131393	0.1568903809608032	0.23371082543647928
0.22914150918387874	0.07595714097832448	0.3057428078096363	0.15578790429765005	0.23337063773051014
0.2319356545917274	0.07362147464511917	0.30543867604268704	0.15620475069575696	0.2327994440247092
0.231198534934906	0.07328374823223627	0.3046814606500334	0.15632847749111353	0.23450777869171058
0.22933613655296917	0.08048879885990541	0.30794053275009275	0.15366484808401176	0.22856968375302067
0.23001303063095674	0.0765523595336177	0.3070234977059206	0.15288246888991933	0.23352864323958542
0.23073011543352315	0.07768174134120946	0.3086503662479372	0.15322229738943138	0.22971547958789856
0.23185465824074303	0.07556863954564674	0.3055454518081717	0.15503720501343782	0.23199404539200047
0.2294691167971571	0.07523288106434102	0.30901312521905955	0.1527995188719273	0.2334853580475148
0.2303968366612268	0.07491562188196105	0.30561409236030074	0.15465931209737152	0.23441413699913966
0.22882908229170074	0.07471378387870015	0.307213085322808	0.15625710556273817	0.23298694294405276
0.22875443085179267	0.07422937228049442	0.30529866584284215	0.1568970365802848	0.23482049444458564
0.23110973766590315	0.0785512333897325	0.30632986223186703	0.15662249700396497	0.2273866697085321
0.23099810428325324	0.07699625114269253	0.30666175810240415	0.15328459369818592	0.2320592927734639
0.23210810012138575	0.075406630406643	0.3087272208756328	0.15610027231502305	0.22765777628131512
0.23161367036052502	0.07768660006495091	0.3076246135749914	0.1554399030220361	0.22763521297749637
0.23182617489940371	0.07993937363088173	0.30698953018123304	0.15407474138038055	0.22717017990810073
0.22877789410893903	0.07561957177326117	0.30555189211636147	0.1555880897651654	0.23446255223627271
0.22925372333546842	0.0766035024182328	0.3052238621594258	0.15464113239062302	0.23427777969624972
0.22942174024165327	0.08258896634823085	0.3054882579850151	0.15304168852766997	0.2294593468974306
0.23195812066470878	0.07260073450089494	0.304674588658672	0.1559723939917093	0.23479416218401478
0.23105681392443506	0.07698420612453338	0.3075514255180747	0.15556651172795793	0.22884104270499875
0.2298379109217991	0.07820938485289056	0.30793690736035406	0.15635858649054485	0.22765721037441122
0.23083747665948598	0.07641692060071971	0.30681472365087537	0.1542354525602797	0.23169542652863898
0.22908484936518528	0.073630656275431	0.3069578836694338	0.15596560701177348	0.23436100367817628
0.2301225228697011	0.07693668535531979	0.3050641711699638	0.15288585963301554	0.2349907609719995
0.2310733003750915	0.07554135643828444	0.30644630862594424	0.1545951508933282	0.23234388366735143
0.23064448067454096	0.08101043354336623	0.3050220577725172	0.1532970521591499	0.2300259758504255
0.2317165838417748	0.07370293947319159	0.3059678841571012	0.15335911244810885	0.23525348007982336
0.22968402390051104	0.07542019578439803	0.30595680745192944	0.15568220753237777	0.2332567653307835
0.2301648977426983	0.07370094638251212	0.3083530366578572	0.15495890634088014	0.23282221287605204
0.229354656733743	0.07650264699331624	0.3074579594049137	0.15494857298403658	0.23173616388399024
0.22884615599336972	0.07990745865695677	0.3065058137133906	0.1529520362392597	0.231788535397023
0.23196458168074202	0.07340262108283399	0.3070245237318098	0.15325889166769707	0.23434938183691695
0.2317014818608937	0.07690512258475911	0.3062026428419951	0.15664698040776903	0.2285437723045828
0.2291016956623911	0.08018566740025165	0.30529461481158127	0.1542800759008672	0.23113794622490857
0.2320689033989423	0.07503118195987137	0.3067296848246417	0.15594988057381604	0.23022034924272838
0.23108149691061813	0.07536541173966761	0.30904287364127087	0.15316241965023514	0.23134779805820807
0.23115267263423186	0.07761850278404682	0.305087898213806	0.1529891598292583	0.2331517665386568
0.22932159973259514	0.08024059369482306	0.30660138411479343	0.15447216176600137	0.22936426069178678
0.23098765489018164	0.07822314186996063	0.3067413587220027	0.15410110511735323	0.2299467394005016
0.2301089324582232	0.08224704147216112	0.3067399272582506	0.15265399488578849	0.22825010392557638
0.23081768248698042	0.07641829221600295	0.3062076176211851	0.1550066822947955	0.23154972538103574
0.23078134885495316	0.07314934514761873	0.3083781539683374	0.15319321710828054	0.23449793492080995
0.22873182751500046	0.07723954425491926	0.3071614909805793	0.15423816062109394	0.2326289766284068
0.2320239495189932	0.07728463945626635	0.3052964673361423	0.1530005006337966	0.23239444305480136
0.2313456701873391	0.07656936754606308	0.30706642856263267	0.15638863889031873	0.22862989481364615
0.23068092088788755	0.07478705386931703	0.30583392585238606	0.15623881568227435	0.2324592837081348
0.230914159936332	0.07454233833128668	0.3062781495434982	0.1549118625091151	0.23335348967976782
0.22987988749539462	0.07932514595810058	0.30733408832764253	0.1555164065047627	0.22794447171409934
0.23062326208112097	0.07597070247246643	0.3075067235901549	0.15633254753225928	0.22956676432399814
0.22927664103297515	0.07585022410549302	0.3052798363333675	0.15559058937121067	0.23400270915695337
0.23072717072429103	0.07749698884985882	0.3051414288631434	0.15640159873022394	0.23023281283248262
0.23117443778179483	0.08021025621295433	0.30665443840404183	0.15371197639818068	0.22824889120302808
0.23184359099982832	0.07801168107389299	0.3050893831015936	0.15509929430469627	0.22995605051998858
0.23043350914995459	0.08253361319415413	0.30576845446738543	0.1532927238171598	0.22797169937134582
0.23134859188681925	0.08054910158993164	0.30579164390124586	0.15277901588559434	0.22953164673640866
0.23010793686492592	0.07438734246442882	0.30576652986119546	0.15474451193424385	0.23499367887520572
0.23101320062557779	0.07354425313304089	0.3087973394358743	0.15267239857282022	0.23397280823268657
0.23136909475983786	0.07723371928510141	0.30495919743022665	0.1569683681001265	0.2294696204247073
0.2299371952593906	0.07779111465898002	0.30767471446028993	0.15293535767897198	0.23166161794236728
0.23073212400200596	0.08005217254959834	0.30632602948083426	0.1547444806960836	0.22814519327147764
0.23126265930632073	0.07982593454801032	0.30604158994496033	0.15532154464397846	0.22754827155672994
0.23009345668790923	0.07833404028563978	0.3062254412536871	0.15418504080726575	0.23116202096549793
0.23121968163533108	0.07342680189323272	0.30855507601121923	0.1565307095647368	0.23026773089547992
0.23211831198790095	0.07584499537336489	0.3061157095814389	0.1542069475731721	0.2317140354841229
0.22899527249075033	0.0772796510023661	0.3052937344287883	0.15431448145455096	0.23411686062354403
0.22901214197365832	0.07401469498061522	0.30611839983102357	0.15607443978954455	0.2347803234251581
0.2303845953040304	0.07637869135643019	0.3080505228043333	0.15540842610686878	0.22977776442833708
0.23037197758683697	0.07382795245662274	0.3068112768374373	0.1544105171974982	0.23457827592160452
0.22907814432439533	0.07419668468880561	0.30914554251616577	0.15553411677136178	0.23204551169927126
0.22984056206035347	0.07732602902526185	0.3058306129348019	0.15685559590911108	0.23014720007047143
0.23178712716719913	0.07351948543573744	0.30853309145041075	0.1528368580565774	0.23332343789007504
0.23196746221539172	0.0756720256389371	0.3065929089604228	0.15441086531575318	0.23135673786949493
0.2301030938765112	0.07639823376405781	0.3075965342028897	0.15533879143989132	0.23056334671664977
0.23171009242435675	0.07392312500939796	0.3072598059687052	0.15370033203965416	0.23340664455788562
0.22912341221966576	0.0770941356978423	0.3090052337301455	0.15606965503583511	0.22870756331651107
0.23176521897340435	0.07448959427290164	0.30552152803865956	0.15455512432289276	0.23366853439214144
0.2300825257738385	0.08057356482866093	0.30612700030181894	0.15574469325382606	0.2274722158418553
0.22911373845184316	0.07832209622353394	0.3067829626861506	0.1560506510863089	0.22973055155216326
0.23170214596153837	0.07431037919240305	0.3065414637112439	0.1564380067897821	0.23100800434503233
0.2302631010931283	0.08138964479569637	0.30676294010102606	0.1539100204666598	0.22767429354348917
0.22955076506901645	0.0724010810655149	0.30574987414636223	0.1569853622176008	0.23531291750150538
0.23206542199837304	0.0765463707763089	0.3054150919179497	0.1560614446830454	0.22991167062432272
0.23082746693913286	0.07348702822781644	0.3075331827071554	0.15336277705236412	0.23478954507353095
0.23051490348527104	0.07301672957383859	0.3053430440873502	0.15586617507842143	0.23525914777511853
0.23076234543131766	0.07318583559787031	0.3082661860693073	0.152963699821496	0.2348219330800085
0.2297555819563188	0.07972621697173338	0.30609987603552724	0.1568329199041937	0.22758540513222664
0.2301699679146944	0.07772925681300924	0.30488262050816484	0.15638350076171995	0.23083465400241132
0.2320225206492825	0.07743306123317813	0.3062030029107701	0.15350798933873175	0.2308334258680373
0.23063608580615624	0.07662419364845799	0.3062736747072969	0.15571690915187658	0.230749136686212
0.23046353900549643	0.07737602998940844	0.30825651822012334	0.1559808643947829	0.22792304839018868
0.22887730945400156	0.07617367074866754	0.30875359520838824	0.1567797288359867	0.22941569575295573
0.23189121769279816	0.07879414597512038	0.30508352193956295	0.15314712008750217	0.23108399430501608
0.2291061369495033	0.07415311718702339	0.3090044765432259	0.15343569196809465	0.23430057735215257
0.23009398858486282	0.07654086393015798	0.30538429774876386	0.15685593291938224	0.23112491681683284
0.23105819112362413	0.07460329783126285	0.3049090175812162	0.1552430465135144	0.23418644695038218
0.22954652171272819	0.07758787432153806	0.30556642265129896	0.15322384178253068	0.23407533953190385
0.22927502878137218	0.07941863910153873	0.30715468972447696	0.15647282161171003	0.22767882078090185
0.23190729854763603	0.07248452673883077	0.3080525414550922	0.15387138215039708	0.23368425110804367
0.23014700316815123	0.07974685992570263	0.30531329202060586	0.15596745395096434	0.22882539093457568
0.22915170275198887	0.07404266003097495	0.30867379892903596	0.15682153104619553	0.23131030724180446
0.22925737673766722	0.07806183852207342	0.30712333850622886	0.1552791410404853	0.230278305193545
0.23214172240016542	0.07290463821275156	0.3075482529149419	0.15519586990117717	0.23220951657096367
0.2308683724740596	0.08008147924499404	0.30507938188620864	0.15326786130970294	0.2307029050850345
0.23214947415303597	0.07560851152337417	0.3048203224931718	0.15657810682100126	0.2308435850094166
0.22906585608245297	0.07852409436142331	0.30680594134984174	0.15546684436212982	0.2301372638441519
0.23011961267684342	0.08193667415927111	0.30644931489381594	0.1526477581395389	0.22884664013053038
0.23161886700808687	0.07629484444514502	0.3066701117496803	0.15695718822573346	0.2284589885713542
0.23037068498459615	0.07279779169833961	0.30696527497799403	0.15556454598863284	0.23430170235043712
0.23049666740204408	0.07763013459545275	0.309007140193154	0.15589171691338422	0.22697434089596474
0.23024538366665126	0.08241030589487536	0.3052684957862851	0.1539185252915234	0.2281572893606646
0.22992970969031756	0.07499879470620016	0.3072189347712604	0.153702399898545	0.23415016093367666
0.22967699515960927	0.07709122308602402	0.30848612965076805	0.1530065655938122	0.2317390865097862
0.23116467034538402	0.07653739683597692	0.3067738003288848	0.1536575650693243	0.23186656742042971
0.22924583830896997	0.07621197801442699	0.3067724647705643	0.1540768459135052	0.23369287299253336
0.23084128202824056	0.07399551149821909	0.30838141339909264	0.15491917711132397	0.2318626159631235
0.22898542723864088	0.07996015162662602	0.30703317045825074	0.15403242638519993	0.2299888242912822
0.2318046766917577	0.08083042332014644	0.3058013233183169	0.15319913999139534	0.22836443667838338
0.2296393729834299	0.07731561182111706	0.30716280669588764	0.15637713285963545	0.22950507563992967
0.2317210095576318	0.07770547320744044	0.30690874575280136	0.15499966278543778	0.22866510869668835
0.2289100355120964	0.07835431042710708	0.3086569210806182	0.1535796732062351	0.23049905977394297
0.230199323416776	0.07598887696184745	0.3085700665894735	0.15635111386346717	0.22889061916843564
0.23133447448905198	0.07551688447782408	0.30572997665577456	0.15554114994225712	0.231877514435092
0.23084439719667918	0.07689117925384265	0.3056002325583119	0.155325284528039	0.23133890646312705
0.2302789963404577	0.08247841926750145	0.3057018286753707	0.15437943374934596	0.22716132196732394
0.22946000187529636	0.081525546830179	0.3080228130909643	0.1534439676858938	0.2275476705176663
0.23082223031660615	0.07376955712694427	0.309088900091705	0.15267425955369446	0.23364505291104987
0.2300579518425776	0.07696005154573876	0.3084796403064571	0.15533821483391536	0.22916414147131098
0.2292550962224596	0.07572901385728854	0.30534049300667815	0.15485156764301033	0.23482382927056314
0.23034555088234804	0.07433478497927881	0.3077179620277085	0.15420010235735782	0.23340159975330657
0.23201539092246692	0.07562739361636782	0.3051217012810307	0.15563307574681576	0.23160243843331854
0.22889936580182788	0.07757610087084946	0.3091071289698595	0.1529462463344245	0.23147115802303847
0.2305313435029399	0.07587220070487176	0.30615095956728505	0.15295078831311226	0.23449470791179078
0.2287784891855267	0.0790694393420574	0.3086346451956429	0.15342365007799588	0.23009377619877694
0.23112410389086174	0.07838810922097601	0.30691568489991516	0.15626577340248765	0.2273063285857592
0.23038050204001814	0.07418033197514534	0.30804076070605363	0.15607721036994304	0.2313211949088396
0.2315509747935068	0.07396329262684226	0.3079296807000026	0.15693832596184198	0.22961772591780608
0.22979796587256127	0.07375650549685397	0.3068913306437263	0.1551122702113137	0.23444192777554448
0.23157543162217126	0.07761014574328733	0.3085886977622958	0.15418071275199446	0.2280450121202509
0.23132817135266404	0.07462683249375157	0.30557469208492255	0.15420961767494915	0.23426068639371242
0.23205082305865907	0.0757099775245086	0.30818070130365616	0.1558770910388178	0.22818140707435816
0.23187212482066724	0.07548274033149394	0.3055973733767079	0.1557332084472416	0.2313145530238891
0.23027385347140683	0.07493030267271503	0.30734353953388155	0.1543654460113543	0.23308685831064208
0.23074631970558074	0.08110554735730503	0.3066013936458126	0.15375790302475528	0.22778883626654606
0.2297900941309694	0.07700080174279987	0.30585637968087187	0.15327260969589176	0.23408011474946688
0.23210647822596642	0.08090323340536451	0.3064797997060392	0.15282352715264416	0.2276869615099854
0.2310155026777176	0.07390293558182698	0.3082034289382642	0.15668877443220616	0.23018935836998486
0.22866868469309704	0.07678523217364348	0.3076766066386127	0.1528621135129362	0.23400736298171038
0.23163629182141698	0.07775519336918292	0.30627750736657744	0.15445772460682777	0.22987328283599467
0.23126656029760373	0.0771056085827686	0.3090428287527819	0.1549604687261048	0.2276245336407407
0.2319806472235006	0.07944797780647936	0.306138365439822	0.15377703073554197	0.22865597879465585
0.22921043105575323	0.07316624097701774	0.30856018573493404	0.15422039221321246	0.23484275001908228
0.23202979786798666	0.07586674490607791	0.3083760058767172	0.15487760668186662	0.22884984466735134
0.23084128370879556	0.08229720546761396	0.30520353539260797	0.15366269125809573	0.22799528417288653
0.22972241840316268	0.0768177017849054	0.3090616023480986	0.15604459659808978	0.2283536808657433
0.22914578982764525	0.07361687469045766	0.30604521985361455	0.15568894488464208	0.23550317074364024
0.23029515536235498	0.07904248475166445	0.30881320891258257	0.15305525923952673	0.22879389173387102
0.23029488327000042	0.07835042462399958	0.30620665686640824	0.15562667583411335	0.22952135940547824
0.2287134680258853	0.07791634439338992	0.308533367633141	0.1546275063192553	0.23020931362832825
0.2302005080854535	0.07832103057222421	0.30467603452454056	0.15362757703259497	0.2331748497851865
0.2310867796637735	0.07438463460251271	0.30745150779444974	0.15451831509387037	0.2325587628453934
0.23159915529036101	0.07392167480420755	0.30650754508891775	0.15508419431043982	0.23288743050607358
0.2307804744407701	0.07455923339577047	0.30610995292690285	0.15623015418974484	0.23232018504681146
0.23202785422199995	0.07252307578552328	0.30896526630271837	0.15264913365043187	0.23383467003932631
0.22942395308904592	0.07498036554412241	0.3077218477714164	0.15657749814583838	0.23129633544957662
0.23110465465934335	0.07834479783489684	0.30469174033955315	0.15468488689758836	0.23117392026861805
0.2311593132513738	0.0753504422671992	0.3052705109260831	0.15602658830076896	0.23219314525457474
0.23086188345294412	0.07790317199682874	0.3073109284965086	0.15511003124618808	0.2288139848075302
0.230125526801336	0.07964673113738999	0.3069265442633586	0.1546170330719192	0.22868416472599604
0.22943058855708232	0.08200121012542244	0.3051145301811313	0.1560702333257166	0.22738343781064702
0.23105136002191348	0.08075100626733608	0.30479420742894453	0.1537425534855162	0.2296608727962895
0.23163504953398856	0.07717090030400561	0.3053968237771592	0.1539402544605704	0.23185697192427596
0.22896393138643464	0.0815452195428854	0.305644122052892	0.15627191972331073	0.227574807294477
0.2287217301611953	0.0768887408994251	0.30541139794921607	0.15603954258691938	0.232938588403244
0.22986075175463827	0.07754449423129534	0.3075565515992646	0.1546847174422858	0.2303534849725158
0.2321142278925532	0.07369183622474637	0.30567457708908213	0.15453108103440436	0.2339882777592137
0.2287538895218388	0.08175275449727544	0.3052187639741105	0.153957752912113	0.230316839094662
0.23022934546432738	0.07591376397112312	0.3076965786239184	0.15465871392746205	0.23150159801316875
0.22890296957534512	0.07784829630285521	0.3063170516457064	0.1555023257150779	0.23142935676101511
0.22968448357961516	0.07691188852744693	0.30755888139150095	0.15304958229140458	0.23279516421003216
0.23154526849333992	0.07431352688161705	0.305833897876368	0.15374614127496933	0.23456116547370542
0.22980750328884297	0.07470562364024677	0.30796837925828147	0.15685114061546201	0.23066735319716655
0.22993896548893678	0.08082856001794192	0.3050550571390307	0.1550186347643991	0.2291587825896913
0.22985684665561304	0.07935710168115095	0.3074887021325967	0.15464422189316468	0.22865312763747442
0.23057428334755709	0.07849302473404661	0.30559282921348063	0.15505645925353984	0.23028340345137566
0.22934454528825637	0.07928076384171831	0.3082129979934633	0.15443187379463635	0.22872981908192547
0.2296853189935272	0.08005038889833796	0.3080856128212038	0.15452191119618588	0.22765676809074492
0.23131115989292522	0.07757101948774366	0.3075782034855654	0.15574294556955373	0.22779667156421174
0.23016061243546004	0.07659759332042476	0.30879221692161973	0.15474721976644423	0.22970235755605098
0.2313592267016552	0.07688063040566015	0.3078895599186483	0.15452979456266008	0.22934078841137595
0.2294276918215445	0.07867148691736414	0.30713981496760506	0.15555806770640837	0.22920293858707774
0.23201100231469635	0.0778704483075659	0.30557927341756763	0.15305205237431957	0.23148722358585033
0.23140824514723188	0.08121235876271769	0.30567317118914505	0.15334967014872242	0.22835655475218275
0.2288170820187244	0.08117839891010963	0.3068100748072474	0.1547401564118014	0.22845428785211697
0.22899389260061428	0.07880146922648801	0.30602340904709574	0.15632473088065324	0.22985649824514848
0.2304765206358138	0.08010038713323149	0.3048420948378099	0.15424258336533034	0.23033841402781427
0.22937225143774873	0.07329113625758243	0.3061320778145983	0.1569744775177201	0.23423005697235022
0.23159218684201432	0.0766004037804358	0.3068060208440443	0.15579134952562596	0.22921003900787945
0.2314931840562926	0.0783112423845364	0.3065613274347051	0.15419530900184003	0.22943893712262564
0.2303222617964562	0.07809633658980779	0.3078071258161419	0.1549374752613121	0.22883680053628183
0.23056082221688118	0.07843154231855326	0.30492363302715264	0.15661115664063013	0.2294728457967826
0.22989530831022262	0.07339861859982386	0.3050819127493537	0.1568381414150603	0.23478601892553932
0.22966544923210597	0.07913968547926797	0.30674491501384016	0.15407814306123938	0.2303718072135463
0.22926995444901843	0.08067421862891139	0.30529816974310325	0.15454261765834681	0.2302150395206199
0.23077376155641083	0.07670751607492142	0.30867186774986966	0.15543355130993436	0.2284133033088635
0.23071176333630478	0.08117858668899844	0.3053434251900409	0.15272248012596848	0.23004374465868718
0.23085178857290617	0.0733575164544849	0.3082669073934796	0.15557367860725008	0.231950108971879
0.2312771472718669	0.07787361817808115	0.3085667703723121	0.1552804666265516	0.22700199755118797
0.22942621084616235	0.08057981194128522	0.30542620117181046	0.15559110867307124	0.2289766673676705
0.22876787123756032	0.07710885164767069	0.3087751547884362	0.15273670995094418	0.2326114123753884
0.23106641311128784	0.07442750203731732	0.30562038380039236	0.15666753081239837	0.2322181702386039
0.22949536803450116	0.07565041638221706	0.3072587597758295	0.1543798896915191	0.23321556611593297
0.23042568636954527	0.07624995282437223	0.30573698917460573	0.15324499661239932	0.23434237501907718
0.230152924199359	0.07882832785485341	0.30567475419853457	0.15565218497103464	0.22969180877621811
0.22984132020253237	0.07624277170738514	0.3057047183588358	0.1528814932759458	0.23532969645530066
0.22992927870141097	0.07463812326880848	0.3057939767041404	0.15624303855839738	0.23339558276724248
0.2319474388888262	0.07248639706943016	0.30868616584152164	0.1561285252607902	0.23075147293943155
0.22881730275298007	0.07807123090956541	0.30497004773836606	0.153683718878619	0.2344576997204692
0.22874334981759387	0.07496732232424264	0.3083497237073962	0.15416753995221874	0.23377206419854832
0.22954054363377951	0.08041943983794793	0.3069744143712997	0.15561357910798088	0.22745202304899176
0.23084342788075493	0.07845379578958885	0.3053025848676185	0.1531001485664365	0.232300042895601
0.23035116105456505	0.07412240186606636	0.3075917488017153	0.1536029640603138	0.23433172421733925
0.22866533170087922	0.0805076716940462	0.3059803277804571	0.15298559980669277	0.2318610690179245
0.23097039268208716	0.0781224332350362	0.30531010635251477	0.15586489182260538	0.22973217590775624
0.22981291631860828	0.08111647440000157	0.3071655749457622	0.15434096927708085	0.2275640650585469
0.22870048971782947	0.07901279348796032	0.30713156980612527	0.15692198645653316	0.22823316053155154
0.22951581941976923	0.07727778106089649	0.3071931181199611	0.15360313628721997	0.23241014511215297
0.23063127176761392	0.0807836156064087	0.3067037683345881	0.15346663766470844	0.22841470662668056
0.22943027367135813	0.07298465452796168	0.30874452238494887	0.15570089158344516	0.2331396578322859
0.2297333502438496	0.0794596541317159	0.3071398930113467	0.1528880336942901	0.2307790689187975
0.22990319919601016	0.07262602164019819	0.30599748092091666	0.15624826437983733	0.2352250338630374
0.23053377325270652	0.07412909852615926	0.30789251947932966	0.15606798598056965	0.2313766227612347
0.2289087485016117	0.07467486688309219	0.3084246143164909	0.15442747273081403	0.23356429756799096
0.22965185510573777	0.07570104877406812	0.30868357364567406	0.1540261166865135	0.23193740578800626
0.22954960890263879	0.08184996626526093	0.30736958379456314	0.15375270702613142	0.22747813401140551
0.2294506390269232	0.07845624872405034	0.30912265259307403	0.1538565182499783	0.22911394140597383
0.2309031277807992	0.07601896150795834	0.3059229385482026	0.15557321654627235	0.23158175561676728
0.23214501871394672	0.07315379640693315	0.3081286376976603	0.1545093699713147	0.23206317721014486
0.2310299605419145	0.07754098497399081	0.3076455165695907	0.1546568267137492	0.2291267112007545
0.2316471568388926	0.07292477117085341	0.30895204644550744	0.15696942882223958	0.22950659672250676
0.22983235838784888	0.07990439202015642	0.3049119625061918	0.15427262549737647	0.23107866158842622
0.2314957600975055	0.07816138854229406	0.30521399431777274	0.15339057750377097	0.23173827953865647
0.22949160979218947	0.07710620792847538	0.3050067987526241	0.1532666017343503	0.23512878179236052
0.2315373754676423	0.077253917829729	0.30866927781295506	0.15357361588596333	0.22896581300371002
0.23079665746347167	0.07906278801093346	0.30526578742003435	0.1531996828093673	0.23167508429619305
0.23021212325373208	0.07571517556126921	0.3075798494351662	0.15330787771635557	0.2331849740334767
0.22898654923912676	0.0807431107563794	0.30694345826334446	0.1545723231374866	0.2287545586036626
0.2316288115630314	0.081089398770052	0.30553253231872074	0.1542721036133391	0.22747715373485655
0.23181824868753031	0.0788773593987181	0.3049157914758111	0.15680842538166723	0.22758017505627304
0.23152500325806571	0.07475050077419576	0.3061495046974888	0.15415406958958008	0.23342092168066939
0.22914065047609242	0.07420840062605119	0.3071023961514488	0.15572830917833422	0.23382024356807313
0.22868302848799452	0.07434631016307239	0.3079360857410012	0.15457278887086062	0.23446178673707105
0.23187433662521045	0.07782990226948802	0.30715224908543903	0.15513892574836577	0.22800458627149647
0.23013051801507103	0.08192089167800623	0.3075593444546294	0.15282892551008997	0.22756032034220317
0.2299509865556119	0.07722755283143673	0.30682518867762587	0.15359670107698825	0.23239957085833698
0.23157198789287498	0.07619423851938505	0.3049050930162798	0.155861582608845	0.2314670979626149
0.229713938384706	0.07478896824039358	0.30607007621387033	0.15452507380931854	0.23490194335171127
0.2290217112714817	0.07603432599530428	0.30775441840953	0.1543623846099081	0.2328271597137757
0.23186787635253045	0.0771583469161398	0.3081915626867465	0.1543742694056956	0.22840794463888736
0.22873606705674032	0.07854377452251286	0.3069411877158226	0.1551839734976269	0.23059499720729704
0.23083489683584466	0.07503363237184107	0.3054573598542659	0.1547137309354998	0.23396038000254832
0.23210941785601785	0.07799521883069484	0.30519589064311364	0.15420257575418922	0.2304968969159842
0.23099320994762473	0.07247746763225757	0.30822092958413716	0.15575541381601954	0.2325529790199608
0.2310805715634823	0.07824693194753732	0.3076519606054938	0.15532651826669577	0.22769401761679053
0.23182437638025796	0.07471872534179402	0.305375917575051	0.15625149678559924	0.23182948391729752
0.2289098556607354	0.0798853549799248	0.30546658513486924	0.15342497571402025	0.23231322851045003
0.2301322981281726	0.08176401028497308	0.30631233062744617	0.1533609498190449	0.22843041114036297
0.23136096574647647	0.07842470736478357	0.3076228688727858	0.15303715887033598	0.22955429914561792
0.22888584404173845	0.07460242749195212	0.3073030055387644	0.15583241208316562	0.23337631084437918
0.22869439956734008	0.07412138413963493	0.3090912975601923	0.15618646102578476	0.23190645770704765
0.2319386380845277	0.08208613192597619	0.3046540417147312	0.15364470647651204	0.22767648179825262
0.2318967029950465	0.07977888313640324	0.3081395778136231	0.15320121701138675	0.2269836190435401
0.23067398875977937	0.07744881828116491	0.30648153353957125	0.1531160462948005	0.23227961312468373
0.23033971490077154	0.07233921668047957	0.3059493622786826	0.15610502678720067	0.23526667935286538
0.22998868105380935	0.07862694165987871	0.30561449829932275	0.15590275005668386	0.22986712893030511
0.23067184414036476	0.08238814555327097	0.3051547001594465	0.15271243123947204	0.2290728789074455
0.23107157313732	0.07448282562664776	0.30672059611793173	0.15371471874695303	0.23401028637114724
0.2290252586936006	0.07746665853087938	0.30671892465376865	0.1548385384980693	0.2319506196236818
0.23148121427400345	0.07844137613393702	0.30483106825642325	0.15285813165129228	0.2323882096843438
0.23097566914866874	0.07888269286720782	0.30532273422113393	0.15449269190200773	0.2303262118609815
0.2292578575164218	0.07776802115059271	0.3084717062972074	0.15404286851949925	0.2304595465162786
0.2287131130014985	0.08153762406220694	0.3070281101620283	0.15526916693998838	0.22745198583427764
0.22931776629294945	0.07977653000298292	0.30714436861454963	0.15491116541938088	0.22885016967013688
0.2305858585075157	0.07479556287263192	0.3057521220494234	0.15599971757495332	0.23286673899547536
0.22997090477695614	0.07915016156844866	0.3056058551545089	0.15458323103338145	0.23068984746670465
0.2295614622474661	0.07654309766395556	0.3050880211184892	0.15454092785022167	0.2342664911198672
0.2294188571495601	0.0758717782280738	0.3056527250341475	0.15449865317776013	0.23455798641045825
0.23013349042356626	0.0775479782643492	0.3057576896404165	0.15672319953223088	0.22983764213943694
0.23099713173918707	0.07922475515945124	0.30527737305644437	0.15581570981911053	0.2286850302258066
0.23114605906284655	0.07591071006513005	0.3075513994617574	0.1562901629254796	0.22910166848478614
0.23058479538430787	0.07233057600123541	0.3064217778754215	0.15678619285469506	0.23387665788433987
0.231143273800105	0.07333413189595672	0.3082414169477119	0.15266149542126267	0.23461968193496352
0.23014529324071847	0.07999744095950381	0.3086231865032879	0.15336961358129497	0.2278644657151946
0.232123850175593	0.07664559513745876	0.3077719112792998	0.15557067315110273	0.22788797025654545
0.23028240717857992	0.07894709792182214	0.3077099840193982	0.15398844859977873	0.22907206228042074
0.23096852127205658	0.07399922183786606	0.30485457577788433	0.15530824142249994	0.23486943968969284
0.23105943679862836	0.07749556418518082	0.30542964436084896	0.15386564488404703	0.23214970977129457
0.23051573048262866	0.07489088158660348	0.30813295574421573	0.15503483714280022	0.23142559504375168
0.22973306798784365	0.08036083094419061	0.30719236832096375	0.15510601020696932	0.22760772254003245
0.23158591947505783	0.0740096361176826	0.3079655044232383	0.15548705183898526	0.23095188814503576
0.23162701016211315	0.08140664503592371	0.30627281726895017	0.15373793701012486	0.22695559052288786
0.23149127597577057	0.07401615962569616	0.3072234826538357	0.15357293933718008	0.2336961424075172
0.23052588447655012	0.07643751960047254	0.3084896543670056	0.1542671774388348	0.23027976411713666
0.2319672146024431	0.07320436637629749	0.3080516263997917	0.1556598970594263	0.23111689556204115
0.23140591767348997	0.07607940194601637	0.30802516045085615	0.15328092717917582	0.23120859275046146
0.23204428972911753	0.07890683642951084	0.30566113312128423	0.15527056340092915	0.22811717731915804
0.22948127246939298	0.07805600558036693	0.304910682791547	0.15305740870861287	0.23449463045007998
0.2308710632205052	0.07773080413589803	0.3056604333358842	0.15621297019799302	0.2295247291097193
0.22977440127386156	0.07976382983946853	0.30887998834135866	0.1538034810768902	0.22777829946842082
0.2308582572643061	0.0787410380612144	0.3069000118360432	0.15454880013817712	0.22895189270025892
0.23024949754599347	0.07880255591943036	0.30699050319697757	0.15632832069391148	0.2276291226436869
0.2305190054420312	0.07830185739117967	0.30725839791920145	0.15280906036872793	0.23111167887885953
0.2311607218115776	0.07737770844661791	0.30854236229322335	0.15401791802102835	0.2289012894275525
0.22867998637474207	0.0754603685872074	0.30760232147092365	0.156898519600691	0.2313588039664356
0.23060449278558795	0.07609410483405532	0.30880106632104126	0.15413070136589002	0.2303696346934252
0.2294882124918076	0.08177643948867389	0.3066889792634653	0.15391054565824427	0.22813582309780872
0.23084359744908814	0.07915527936148427	0.30871080266138046	0.15433806986520213	0.22695225066284477
0.23045801633325533	0.07496099732032263	0.3082988450741416	0.15394591781958714	0.23233622345269306
0.22917749666738457	0.07689932306550583	0.30659249714487335	0.1536627594422035	0.23366792368003247
0.23141892391400548	0.0736590638552144	0.3074536221189996	0.1528382858397928	0.23463010427198744
0.23107957139291987	0.0793443576757946	0.30720462766531265	0.15524353270902758	0.2271279105569451
0.230908393555041	0.07505170566269587	0.3085185714455968	0.15331616635888268	0.2322051629777834
0.22898980266363195	0.07741042531461108	0.30569189994384205	0.1540372889966475	0.23387058308126718
0.22968274500156022	0.0803860329726937	0.30617233500618346	0.15273224097376414	0.23102664604579826
0.22918150329593118	0.07904904023835269	0.30848182116148115	0.1550493536821117	0.228238281622123
0.23096521467119024	0.07405184936120146	0.30683667190988734	0.1545293742028144	0.23361688985490636
0.23214395953311615	0.07838814590308038	0.304915830566576	0.1533877413312612	0.23116432266596598
0.22925490278570354	0.08177547101021788	0.30517031768478026	0.15357140340130554	0.23022790511799254
0.23004552394412434	0.07825159755148392	0.3081089663787937	0.15513917082664913	0.22845474129894872
0.2293245541106155	0.07414548139334626	0.30554289187992284	0.15570600328658182	0.23528106932953335
0.22917610689510656	0.07938735531081981	0.30536373404954764	0.15266845889708758	0.23340434484743816
0.2286990654858245	0.0819168166853374	0.3083031973047561	0.15298071921139664	0.2281002013126851
0.22950278540982594	0.07748302876992781	0.30731328089421217	0.15558892441862	0.23011198050741383
0.2289665697617107	0.07480928448534421	0.3079280158227956	0.1563866447324369	0.23190948519771235
0.22971809398116955	0.07385912265556699	0.3084515570073085	0.15510064976866617	0.23287057658728857
0.22984989716675927	0.08252095482328349	0.3053841300453788	0.15299266514419685	0.22925235282038134
0.22910785413161308	0.07615070763764685	0.3069041237711604	0.15431272760321263	0.2335245868563668
0.23011142949295432	0.07287598049997568	0.30841578357877986	0.15634187740914188	0.23225492901914807
0.2318146775912167	0.07850846700742807	0.30555825318340984	0.15299895324684964	0.23111964897109546
0.2299633881444695	0.07397756564029126	0.30773891958272487	0.15430603938012538	0.2340140872523887
0.2300197367189888	0.07816137713136982	0.3090179982391723	0.1530436853115001	0.22975720259896876
0.2320959258281568	0.07327661926580945	0.3073875489291555	0.1564116359399056	0.23082827003697243
0.2310895576240386	0.07626554728782885	0.30888057822826936	0.15298489808087956	0.2307794187789834
0.2320268108651009	0.07277272441682728	0.30505614165438033	0.15693721074209477	0.23320711232159647
0.23176802615884384	0.07463881715605603	0.30809028888995293	0.15613762338370818	0.22936524441143877
0.23048550311190477	0.07489438435740262	0.3073222629563302	0.1537992773211853	0.23349857225317686
0.23130971760259517	0.07440988780943511	0.3071568056326809	0.15336381542407124	0.23375977353121738
0.23023830649381777	0.07449075827189114	0.30555440926227484	0.1544832364246665	0.23523328954734954
0.23129994940215068	0.0805233070195295	0.3047919320178322	0.1552156580390632	0.22816915352142417
0.2308008160984559	0.08201332288145931	0.3052515398639917	0.15332768643034328	0.22860663472574955
0.2319731401086467	0.07797696034995621	0.30667931692643446	0.15408023140698857	0.22929035120797378
0.23027573496022713	0.07524142201417934	0.30674594100587316	0.15314452887087632	0.23459237314884382
0.23207882817857906	0.07630000908479423	0.30480020583230116	0.1548401549072771	0.23198080199704818
0.23208109176817138	0.07400087481610934	0.30602243938108686	0.155604752794143	0.23229084124048918
0.2299363313499207	0.07440314529917999	0.308350497775707	0.15381966514955991	0.23349036042563218
0.22885327362346275	0.07435457737379692	0.30901208946441294	0.15410508944385543	0.23367497009447177
0.22936652993047585	0.07305179143289867	0.3091421169044303	0.15398828124102698	0.23445128049116795
0.2302599216192611	0.07563196108133542	0.3055709289162624	0.15572636244029187	0.23281082594284894
0.22956857403168474	0.08161521318805795	0.3070388329145973	0.15398696438135961	0.22779041548430018
0.228976480995284	0.07650230112739363	0.305839514380726	0.15560502453146266	0.23307667896513345
0.23064961006961068	0.08020908333657407	0.30604309727047374	0.1559240446865756	0.22717416463676565
0.2296794166308094	0.08241344082602355	0.3052163249507968	0.15519246423386365	0.22749835335850632
0.23114379444731434	0.07749089076300414	0.30603148420611176	0.15323586987484333	0.23209796070872618
0.22900357864663337	0.0741452017131008	0.3068646496488797	0.15693789533328512	0.23304867465810075
0.22920349931085454	0.07481418032080417	0.30819491113007286	0.1560650797544655	0.23172232948380272
0.2321204554542343	0.07650207661064681	0.30578055885510713	0.15404148977112048	0.23155541930889104
0.2309203581500785	0.07896697206904019	0.30631220671103276	0.15529155369218228	0.22850890937766602
0.22896973422435812	0.08131095260156031	0.30646009625926335	0.15537889099232255	0.2278803259224954
0.22919648335280826	0.08112691624580882	0.30827626118272716	0.1535555015491574	0.22784483766949812
0.22944096166038092	0.076435623241376	0.3066709609644972	0.15281836047627925	0.2346340936574664
0.22993355376580993	0.07393547416114232	0.3061659829991753	0.15448496952672275	0.2354800195471495
0.22975802457001912	0.07517959719276832	0.3074976407588753	0.15516714727282838	0.23239759020550868
0.22928160965291206	0.0786808736893555	0.3070053509066619	0.156751389003803	0.22828077674726727
0.23106247920362816	0.08106578025744023	0.30658363853725434	0.15302421294661156	0.22826388905506548
0.22954584088754218	0.07443365258866472	0.3088991614576379	0.15360646693672414	0.23351487812943086
0.23208171380639725	0.07760945394086183	0.30580064265178974	0.15545761887529677	0.22905057072565416
0.2303369428103858	0.07850872094217332	0.30715233277392767	0.15415207176983234	0.22984993170368062
0.23196484663196135	0.07770734774035104	0.304630203727502	0.15515904183471435	0.230538560065471
0.22934246348100584	0.07728181518823878	0.30730812622123566	0.15663035985528279	0.2294372352542367
0.2303801645225537	0.07433290421817937	0.3077896533494948	0.15656805576250654	0.23092922214726533
0.22888915010509558	0.07670565166947522	0.30822863876018447	0.1564922968765144	0.22968426258873004
0.22922558946917138	0.07837996296789625	0.30569566944910986	0.15306011826220958	0.2336386598516127
0.23043651173077173	0.07420739063678006	0.30888517481699873	0.15492763372633422	0.231543289089115
0.22976831870922607	0.07299095357808524	0.30865467140481617	0.1561373787232602	0.23244867758461205
0.22892965038810578	0.07689458334055116	0.3062714120908263	0.15693748009820047	0.23096687408231595
0.22994640462052846	0.08138787016302745	0.30696060914642176	0.15454005527620024	0.2271650607938219
0.23109847147373958	0.0778922312264863	0.3077125537201062	0.153633260158693	0.22966348342097473
0.22884771925292122	0.07941385541088562	0.3064601239864246	0.15281418506832173	0.23246411628144661
0.22933743136094992	0.07275214210990788	0.30833868425972255	0.15536778681629565	0.23420395545312372
0.228891217702393	0.08147955478775583	0.30576037819560425	0.15595220012292832	0.22791664919131835
0.23147793095046285	0.07405047209236534	0.306541318781209	0.15568057966204338	0.2322496985139192
0.22927691345670012	0.07456383587558527	0.3081501110669453	0.15469862936794815	0.2333105102328209
0.23210548754272176	0.07550892590841378	0.30493618229179115	0.15438922760156243	0.23306017665551065
0.23005354566757164	0.07942286906542015	0.3053702003332748	0.155411539826228	0.22974184510750517
0.2307690490554767	0.078947709964654	0.305778184775019	0.15438511523571627	0.2301199409691338
0.2302788593444772	0.07780364321961826	0.3072180434168251	0.15585851803453266	0.22884093598454655
0.230240508177158	0.07493052505447945	0.30579643592223926	0.15675997194937827	0.2322725588967448
0.22935744037911335	0.07959712644078377	0.30536243669189367	0.15513443703753846	0.23054855945067051
0.23179040791660777	0.07367128377140164	0.30690937730228157	0.15477384825484553	0.23285508275486322
0.2290032581856342	0.0744257535299159	0.3090480099049716	0.1561924596567283	0.2313305187227498
0.2321382636824581	0.07589952974022203	0.3079031001438946	0.1560891887441934	0.22796991768923167
