0.24172508735873058	0.20683848156029475	0.10350591872350302	0.2763466757307709	0.17158383662670051
0.24183745760734884	0.20698727513955126	0.10348690189614175	0.27625283932378086	0.17143552603317702
0.24174937887829914	0.20695070825273199	0.1037723843360922	0.276247971157698	0.17127955737517842
0.2417551921027213	0.20694716790264334	0.10358813606076141	0.27624371856712693	0.17146578536674678
0.24182077698848578	0.20699389468524676	0.10368282538140718	0.2762763316905864	0.1712261712542736
0.2418145275750524	0.2070179201769122	0.10355649986596979	0.2762334283654968	0.17137762401656856
0.2418189366695124	0.20706701303185143	0.103561252457304	0.2764054033765909	0.17114739446474098
0.24181533541284142	0.20692555868225618	0.10364974271864147	0.2762425283762293	0.1713668348100314
0.24182237172824605	0.20703692661515152	0.10356073644466947	0.2763112553126257	0.17126870989930704
0.24171083315577277	0.206988600686118	0.10369959233707216	0.27627085531367884	0.17133011850735796
0.24180845645032362	0.20684793470539542	0.10346262163659883	0.27626971924333077	0.17161126796435114
0.24179921693866363	0.20720809080554167	0.10348753593097565	0.27628326505246514	0.17122189127235363
0.24178921449588056	0.20695559429687982	0.10363949846744577	0.2762253535785635	0.17139033916123014
0.24178519346653793	0.2071860187179709	0.10354877333393667	0.27621294256506146	0.1712670719164928
0.24179282220352133	0.20679579499874529	0.10362457425597478	0.2763512784807628	0.17143553006099557
0.24179518091284785	0.20699824527064753	0.1035980252923235	0.27636368931878125	0.1712448592053996
0.2417451154280088	0.20721115218339464	0.10346148441639604	0.2763123885884614	0.17126985938373882
0.24181364522283952	0.20681735233524898	0.10350775721812315	0.2763885690776011	0.17147267614618697
0.24171772109128356	0.2070755208966947	0.10350915832444241	0.27626567856679773	0.17143192112078132
0.24176205044015955	0.2072075578735091	0.10351111148655821	0.27628975910159564	0.17122952109817724
0.24178511058763263	0.206997276144791	0.10375696521727368	0.27622352798095573	0.17123712006934666
0.24168540800898422	0.20693625365122925	0.10393073906961547	0.2762815884922951	0.17116601077787563
0.24176275708823197	0.20715136437004672	0.1035024152420291	0.2762074829027309	0.17137598039696103
0.24172637879726644	0.20681272068339845	0.10351809962242861	0.27629388173136465	0.17164891916554165
0.24180872586023805	0.20686681929302345	0.10353048990300759	0.2763937969646405	0.1714001679790902
0.24171491056032254	0.20705316136830643	0.10379266251796505	0.2762647639011886	0.17117450165221715
0.24179081026569996	0.20712889397033438	0.10352101763945207	0.2762507849768224	0.17130849314769095
0.24169059438253976	0.20689728309076996	0.10369218087184036	0.27622714088827	0.17149280076657963
0.24179375394482172	0.20718232512521342	0.10352136995011559	0.27623047530532635	0.17127207567452268
0.2417058057158818	0.20697150975582454	0.10374480409277892	0.27625909126090487	0.17131878917460966
0.2416906718524639	0.20679656951802652	0.10352300331031952	0.2762543895724099	0.1717353657467799
0.24170861213229125	0.20693970828326724	0.10379128823793772	0.27621684624232923	0.17134354510417427
0.241795059555695	0.2068980046281486	0.10375061809778746	0.27621770989526606	0.17133860782310262
0.2417493786701031	0.20681359229847876	0.10394891616215822	0.27622051024278704	0.17126760262647264
0.2417571531549706	0.20699965172280232	0.10356988880517123	0.27639629596855037	0.1712770103485052
0.24178455932842424	0.20692697436785998	0.10370627761269685	0.27639555423369777	0.1711866344573209
0.2418014562838015	0.20720784468377487	0.10346461796976392	0.2762535169547302	0.17127256410792918
0.24171157578681532	0.20716848410868033	0.10349812627020277	0.2764309376212232	0.17119087621307807
0.24183805376818385	0.2070478949034218	0.10346141493085255	0.27631120712817714	0.17134142926936444
0.24175681690744596	0.20686001369821785	0.10387245924456742	0.27632778806091285	0.1711829220888557
0.24172796935016316	0.20693082261212303	0.10375584342560519	0.27641736804964767	0.1711679965624607
0.24184462393915718	0.20697998318301034	0.10353705607625893	0.27621739263003964	0.17142094417153364
0.24177055577625597	0.2069227858059254	0.10346971351841293	0.27623687348879156	0.17160007141061392
0.24173364240804587	0.2069172631727435	0.10364009812342831	0.2762862291617664	0.17142276713401566
0.241818748181883	0.20681700840967554	0.10355097255311851	0.27634739514800555	0.17146587570731708
0.24175621662440855	0.20709280780258119	0.1034723528782454	0.2763573596886311	0.1713212630061335
0.24179045830347834	0.20697760160147713	0.10361186752132298	0.2763787817411434	0.17124129083257789
0.24175760068364657	0.20695945736818863	0.10386885839906153	0.2762281977526312	0.1711858857964718
0.24175689219138635	0.2068757939043746	0.10361655698698098	0.2763568890988627	0.1713938678183951
0.24175268111850173	0.20702243428409453	0.10347065908346242	0.27640861322072574	0.17134561229321532
0.24177144414737972	0.20695554956611714	0.10363380480096467	0.27624358526434706	0.17139561622119115
0.24182634810567333	0.20721806008363378	0.10350549876799775	0.2762927162087518	0.1711573768339431
0.24179443158245062	0.20710509769225932	0.10348999135297728	0.27642909686553385	0.17118138250677867
0.2417484493174522	0.20702872537348102	0.1034967397189432	0.2763252429179063	0.1714008426722171
0.24175756986290073	0.20686719828126449	0.10383801407902807	0.27630956034555465	0.17122765743125182
0.24177592445128096	0.20720110090599753	0.10354705138787568	0.2762949803439592	0.17118094291088637
0.24176242609591314	0.2069859771552008	0.10351292442746644	0.27623232182401086	0.17150635049740853
0.24170552106663168	0.20712060640794144	0.10371041604215502	0.2762700405485971	0.17119341593467455
0.24183170058073936	0.20691679872015178	0.1035925007649225	0.2763626386318874	0.1712963613022987
0.2418222294702188	0.20686327020393822	0.10357211904759805	0.2762273474248502	0.17151503385339445
0.24181499536482562	0.206877564336722	0.10373572644761862	0.27625573204120535	0.1713159818096282
0.24180332083539618	0.20697266257092067	0.10365873328973817	0.27641774982899403	0.17114753347495074
0.2418172568446401	0.20694231556804007	0.10349006198991625	0.27630500681137427	0.17144535878602904
0.24183973592292307	0.2069071612380311	0.10366402342779553	0.27631784863055675	0.1712712307806933
0.24175220169184264	0.20678362446094717	0.10360436901219915	0.2764028705296373	0.1714569343053735
0.241804085815842	0.20702517094290548	0.10367477580807724	0.27623377994808057	0.17126218748509447
0.24175161159086364	0.20698570503550756	0.10353460910646338	0.27621928414389313	0.17150879012327208
0.24168963265266047	0.20714137522954787	0.10355210047889105	0.2763180488257478	0.17129884281315258
0.24175086465236387	0.20697574081727851	0.10347422446244885	0.2763945509370931	0.1714046191308154
0.2417548381475894	0.20682617085093352	0.10357926621202654	0.27633126820542236	0.1715084565840279
0.2417644562183468	0.20707829961861235	0.10347419439403174	0.27631256484086886	0.17137048492814
0.24178124399012052	0.20734539032700433	0.10348521153258812	0.2762065718447373	0.17118158230554945
0.24169185332219378	0.2067920571616389	0.10362561817327359	0.27631072838516746	0.17157974295772602
0.24170543579276516	0.20731894521005137	0.10359702180738325	0.276232207747103	0.17114638944269697
0.2418254552489744	0.20682707837778644	0.1036813035269957	0.2762323987034217	0.17143376414282152
0.2417848084223947	0.20690684345706475	0.10350256198378163	0.27628401500233923	0.17152177113441947
0.2418171849599224	0.2069316470154718	0.10355266948651062	0.27620471059480955	0.17149378794328535
0.24169671663734665	0.20693581172282285	0.10356763618792857	0.2762995840212326	0.17150025143066908
0.24169941980121962	0.20684095372123384	0.10362940523317718	0.2762439615171389	0.17158625972723024
0.24175128589415568	0.2071589859238325	0.10355398100772427	0.2762817093583808	0.1712540378159065
0.24175898925814962	0.20717817957014986	0.1035550304616806	0.27620822521365596	0.1712995754963637
0.24176091468051145	0.20690147498017458	0.10364226627403629	0.2762903337652456	0.17140501030003183
0.24177028090647362	0.20700519954874932	0.10366674854992576	0.27623085369229927	0.17132691730255178
0.24173101804021901	0.2068815951274968	0.10350902902470713	0.2763975781352807	0.1714807796722961
0.2418447868732756	0.20693087762678433	0.10358658498828786	0.2762444415624037	0.17139330894924829
0.24169821269743177	0.20701150629014609	0.10347069952400141	0.27628103555682754	0.17153854593159293
0.24174742766707674	0.20730295697488724	0.10349076553036385	0.2762103602663438	0.17124848956132807
0.24175148766382729	0.20693149873956465	0.10385523678958117	0.2762153686343422	0.17124640817268444
0.2418104013085119	0.20678528284064143	0.10375398347783157	0.2763583921944889	0.17129194017852598
0.24179814796912352	0.20708825684575624	0.10354357080643711	0.2762542218988892	0.17131580247979367
0.24182855227405547	0.20686635983699242	0.10350942975585482	0.2763061053383914	0.17148955279470562
0.24170636308809645	0.2069457636690105	0.103533931601256	0.27635166774230646	0.1714622738993304
0.24169257328646032	0.2068034442733404	0.10399274558500127	0.2762757044387454	0.17123553241645237
0.24174176026970767	0.2070712648519453	0.10360122101766119	0.2763293852439552	0.1712563686167304
0.24171413454736188	0.20721673000984808	0.10350107410589227	0.2763486288942605	0.17121943244263704
0.24178100282304515	0.20705593224764487	0.10359403236722083	0.27625883565962284	0.17131019690246602
0.2417481529791562	0.2069371342282182	0.10364852973865817	0.27633748692860327	0.1713286961253639
0.24171569986908753	0.20687641922179198	0.10376190044378926	0.276395219066603	0.171250761398728
0.24172910531202738	0.2071571594264385	0.10345640229116299	0.2763658558444483	0.17129147712592258
0.2416959526079297	0.20707457100219562	0.10374438090592034	0.27621803515828947	0.1712670603256646
0.2417568225138715	0.20686373989384368	0.10391113737280477	0.2763208896760448	0.171147410543435
0.24175397440256	0.20685010573300827	0.1035551521257543	0.27638750064249074	0.17145326709618647
0.24176043096463384	0.20691825023052685	0.10369112859370926	0.2764236504012122	0.17120653980991762
0.24168627812153914	0.20683831040123915	0.10401411959614816	0.2762635626957014	0.1711977291853719
0.2417748972572446	0.20712598641796795	0.10354856058426067	0.2762743464127081	0.17127620932781845
0.24172797327142936	0.20683679320283638	0.10396841304195172	0.2763115327333335	0.1711552877504488
0.24179843217723462	0.2068412391866611	0.10371853225430752	0.2764189604783811	0.17122283590341544
0.24183013011855933	0.2070118322168742	0.10375350632903138	0.2762652199634553	0.17113931137207955
0.24175333628159582	0.20686101380866712	0.10349192229709116	0.27628869009265444	0.17160503751999123
0.24178529480841637	0.2069311054000739	0.10366154354731556	0.2763766716515016	0.17124538459269234
0.24170427230834876	0.20701425833068882	0.10388993273718772	0.27624814386069463	0.17114339276307988
0.2417320625610628	0.2070170115440056	0.10346337695302718	0.27625540908430907	0.17153213985759513
0.24172008793593777	0.20681547661820987	0.10399374923263144	0.27626188184305867	0.171208804370162
0.24183377216884097	0.20684307413641118	0.10363354229528994	0.27637821739211527	0.1713113940073424
0.24173297683753658	0.207090172483516	0.10348838849440119	0.2762687304259476	0.17141973175859843
0.24184208246967098	0.20698455352173928	0.10349593820938946	0.2764240455784013	0.1712533802207988
0.24172012170645468	0.2068080300258476	0.10360049211108358	0.2763872612320426	0.1714840949245713
0.24168861649105047	0.20678827819278803	0.1039178571639352	0.2764184169600098	0.17118683119221625
0.2418254074750567	0.20708703943912066	0.10362562693487254	0.27629323386064103	0.17116869229030882
0.241736717067269	0.20700900313216133	0.10369499416214185	0.27631639117919854	0.17124289445922902
0.24176936838018034	0.2068411435699871	0.10355355135308462	0.2763916095031145	0.17144432719363323
0.24176602522975543	0.20709796210474415	0.10357181573734676	0.27640348788221	0.17116070904594344
0.2416877659882945	0.20706686951065179	0.10347110389972326	0.27636713759918746	0.17140712300214275
0.2417587320014647	0.20697733958514858	0.10348798114196141	0.27628724243775815	0.17148870483366693
0.2416898909815834	0.20699633201847437	0.10370502704266288	0.2763128622536078	0.17129588770367135
0.2418111756791705	0.20682354376310394	0.10382638935599955	0.2762192618872346	0.17131962931449116
0.24172539972886692	0.2072715673923406	0.10356626810671996	0.2762643808951475	0.1711723838769248
0.2418405268834053	0.20684501449565193	0.10382279460731544	0.2762095758291013	0.1712820881845258
0.24176930986576395	0.2070516512621734	0.10370656390335452	0.27627496907680305	0.17119750589190483
0.24172789316411608	0.20684928869181954	0.1036112590436238	0.27623022913802153	0.1715813299624188
0.24168784889994877	0.2073209301288345	0.10349593185012262	0.276333760755753	0.17116152836534088
0.24174459370193477	0.20683472784430226	0.10379002537634693	0.2763825081209124	0.17124814495650334
0.24183398313572488	0.20717558530126595	0.10348257309071453	0.2763155551967193	0.1711923032755751
0.2417829124446198	0.20686996684649137	0.10366482666325222	0.2764251241801937	0.17125716986544268
0.24182500972468074	0.2069477822681832	0.10356813864862202	0.2763338011326093	0.17132526822590446
0.24174486889312186	0.20709965674553066	0.10350387605986501	0.2762424578072099	0.1714091404942723
0.24171004098760743	0.20687773814775046	0.103819116923387	0.2762333196997574	0.17135978424149745
0.24172755801210558	0.20695745796362253	0.10380408795084044	0.27621867470478145	0.1712922213686498
0.24171498800438568	0.20725385183214376	0.10351798917852915	0.27632505507714344	0.17118811590779767
0.2417308214312302	0.20719598941807824	0.10361236586074836	0.27620398193453655	0.17125684135540642
0.2417185457221372	0.20694813527548522	0.10352205384272016	0.27624174200754514	0.17156952315211205
0.24175747172524265	0.20698523518098202	0.10348130519554348	0.2762279166055313	0.1715480712927003
0.2417056281723654	0.2070083044853152	0.10354926539487785	0.27623191632125843	0.17150488562618282
0.24171160106000414	0.20687403962605724	0.1038225002196408	0.27639514309892055	0.17119671599537697
0.24180319654945176	0.20693572472899735	0.10377546093120993	0.2763171479310486	0.1711684698592921
0.24184490317433266	0.20678971696079088	0.10357279732303477	0.2764220465527646	0.17137053598907684
0.2417563460992891	0.20682680486608687	0.10346188029665315	0.27624602334162274	0.17170894539634787
0.2417669779535673	0.20704345344692887	0.10348561617940275	0.27639968059685616	0.17130427182324473
0.24172114534189182	0.2069852906729477	0.10354713827943757	0.2762938564463693	0.17145256925935337
0.24174073264400922	0.20720116962182406	0.10363088154309646	0.2762566629855568	0.17117055320551322
0.24169412926737605	0.20726548165863842	0.10361469233661197	0.276241076373907	0.1711846203634663
0.2418318747862589	0.20696595345795474	0.10349216511559184	0.2764043990988233	0.171305607541371
0.24173147382745358	0.20681162214648946	0.10364609199145615	0.2762818980575473	0.17152891397705322
0.24177779864786558	0.206812777598491	0.10356360893164036	0.27632748317574657	0.17151833164625618
0.24177269883591943	0.20695680811838077	0.10364132074838366	0.27635098254688373	0.17127818975043216
0.24170370462288687	0.2068614386496484	0.10360197805269085	0.2762209444500072	0.17161193422476642
0.24168623725156835	0.20681868818004154	0.10376585504768879	0.27630521954582177	0.17142399997487934
0.2417417479895963	0.2068553566678076	0.10365984764221627	0.276414052249069	0.17132899545131056
0.24168573710408278	0.20690448866757627	0.10362215819280525	0.276376647092287	0.17141096894324845
0.2416990152322795	0.20712541055254963	0.10367738990961597	0.27631494328428774	0.17118324102126692
0.24174163542219923	0.20699802872111134	0.10382496727434913	0.2762438374103313	0.17119153117200872
0.24175024462767025	0.20694593838793807	0.10362253174755673	0.27633303116461283	0.17134825407222187
0.24169313626561212	0.20692565359757956	0.10359719040290936	0.27636622342267114	0.17141779631122755
0.24183056550254334	0.20705302100605658	0.10347981377864081	0.27633249745556754	0.1713041022571915
0.24170235414924404	0.20681217054753168	0.10386543072941186	0.27633802718914224	0.17128201738466997
0.24184718922468185	0.2071563315869788	0.10351024798317666	0.27634515459156456	0.17114107661359784
0.24179710104246893	0.20679200609906406	0.10369750006137475	0.2763871357168337	0.1713262570802583
0.24172072526480975	0.2068185985271211	0.1036491417069532	0.2762985997572924	0.17151293474382334
0.24174847060076723	0.20678781232274962	0.1037874639207039	0.2762147827035775	0.1714614704522015
0.24169520466727806	0.20713896098387607	0.10352326982395743	0.276342962468577	0.1712996020563112
0.24180578474418232	0.20688299152041154	0.10350990170095169	0.2764211625767604	0.1713801594576938
0.24178936688143657	0.20696431069524485	0.10351025169508728	0.2762758033911296	0.1714602673371015
0.24184722787715118	0.20687403750394637	0.1034738633781201	0.2762089383362222	0.17159593290455996
0.24173883659855072	0.20679708577958705	0.10376887365409468	0.27636114759055685	0.17133405637721047
0.24182422807533477	0.20702672469277567	0.10362365158995122	0.2762669763443963	0.17125841929754182
0.24174938598672624	0.20725868558792918	0.10350774119206387	0.2763256146089574	0.1711585726243231
0.24182072835577811	0.20679000905228878	0.10356606823990216	0.2762414011576946	0.17158179319433606
0.241715409733862	0.2070387584709021	0.1036867182720906	0.2763877896899565	0.17117132383318856
0.2417132783172611	0.20697731502429065	0.1036799830625679	0.276400175614052	0.1712292479818281
0.24184120172688367	0.20685809920437884	0.10354498295806465	0.27630815456206803	0.17144756154860452
0.24169419855187882	0.2067892793447741	0.10389777318651944	0.276366038946241	0.1712527099705864
0.24175686121276985	0.206944764598044	0.10356935231617447	0.2763753789344691	0.17135364293854233
0.24172507889870193	0.2071991509618915	0.10354073029282135	0.27628521364541775	0.17124982620116724
0.2418468744106948	0.2068709467414114	0.10362983362687363	0.27636468626165084	0.17128765895936912
0.24171369099852513	0.20691301235776208	0.10362736277000327	0.27640949927264924	0.17133643460106002
0.24182074166722317	0.20700746349906674	0.1035153821333257	0.2763188400155299	0.17133757268485422
0.24179574282929414	0.20717156306203716	0.10352126197014482	0.2762047656873785	0.17130666645114512
0.24174076911469258	0.20697808258494366	0.10370998492691064	0.27639675371691413	0.17117440965653874
0.24180554782958993	0.2069695770992788	0.10364753440448808	0.2762036135805771	0.17137372708606585
0.24171222374934465	0.20688615053508874	0.10389149791092316	0.27634925660881127	0.17116087119583195
0.241718091940658	0.20693511509673634	0.10375737132194512	0.2762574121699883	0.17133200947067204
0.24169569960679832	0.2069654521496151	0.10382085130890821	0.2762253322555135	0.17129266467916468
0.24177017752076554	0.20708560264044407	0.10348520186915162	0.2762995566126455	0.17135946135699306
0.24179342549160499	0.2070329208353732	0.10350658687444272	0.2763755352685137	0.17129153153006513
0.2418318197195264	0.20692989897367445	0.10358698027155006	0.27627492965864864	0.1713763713766002
0.24174876134998577	0.20693939131359412	0.10375854402577468	0.27631504034559223	0.17123826296505298
0.24169045029269343	0.2068006462234507	0.10357183044676238	0.276410739069296	0.17152633396779726
0.24183917631571775	0.20695275840903443	0.10361013537966862	0.2763858597031961	0.17121207019238285
0.24168781381362356	0.2072451158074936	0.10357118744637445	0.276270195734154	0.1712256871983541
0.24175569119182636	0.20713622352071095	0.10362044832598989	0.27631055300241725	0.17117708395905532
0.24169612423836614	0.2069592632765377	0.10348421816182128	0.27642452011492896	0.17143587420834566
0.24173504752118025	0.20682946875712507	0.10354044856753224	0.27628348420493565	0.1716115509492265
0.24181668868815417	0.20703523681585426	0.10366204937774998	0.2762734165675062	0.1712126085507351
0.24174102973885458	0.20708743324152523	0.10366425576771193	0.2762399433038425	0.17126733794806553
0.24181632483242244	0.20705270906929	0.1035649368881353	0.2762050618121739	0.1713609673979781
0.24182953662002304	0.20725834625841122	0.10352419012297516	0.2762128662638973	0.17117506073469302
0.2417234380785954	0.20727963913388187	0.1034879262669873	0.27631194669921705	0.17119704982131811
0.24184715399331008	0.20684142795125046	0.10384921365057032	0.27629707422098104	0.17116513018388785
0.24171398794646154	0.20699866913622825	0.10350573181754828	0.27620918467158595	0.17157242642817572
0.24183164004698238	0.20689603735613196	0.10383814434065534	0.2762826931982967	0.17115148505793337
0.24178916190834132	0.20678567612988588	0.1036901479268115	0.2762844973836003	0.1714505166513608
0.24182871683436286	0.20693822892266278	0.10359962396645664	0.27627122335408966	0.17136220692242782
0.24169272272364256	0.2069691364732034	0.10365977411199659	0.2764139177457847	0.1712644489453725
0.24183682413339264	0.20716644514011845	0.10356325043765086	0.27626839273436565	0.17116508755447218
0.24169436157860635	0.20711371219824024	0.10365988610219448	0.27627401991019673	0.17125802021076195
0.24178108798658401	0.2068421901661389	0.10379821084099225	0.27633183261123473	0.17124667839504992
0.24174236097775864	0.20692495853883294	0.10374067595703494	0.27620418445033934	0.17138782007603395
0.24181669314588655	0.20708468603052113	0.10351429602145419	0.2762306312237841	0.17135369357835373
0.24179560240946277	0.20710809371001476	0.10366502494563042	0.2762186688108732	0.17121261012401862
0.24176750398991473	0.2072691477378945	0.1035305084360248	0.2762668697227808	0.17116597011338489
0.24176305171303286	0.20688317771808548	0.10400543071832054	0.27620839905417915	0.1711399407963817
0.2417796414079974	0.2072220294308295	0.10347426207587268	0.276300600522996	0.17122346656230417
0.2418314735294642	0.2067967903112382	0.103708723026582	0.27622558312485224	0.17143743000786305
0.2417183373191124	0.20709210944589856	0.10369518712931702	0.2762986858558046	0.17119568024986714
0.24181614484910463	0.20682250830048995	0.10361254168803201	0.27620869805822523	0.1715401071041479
0.2416998398849024	0.20687434883726463	0.10347554999960398	0.2762430348789547	0.17170722639927408
0.24184106626721028	0.20681488787649685	0.10353081334505608	0.27632843858149475	0.1714847939297418
0.24172090260696916	0.2069149432196254	0.10385058191323662	0.27634240509265073	0.17117116716751785
0.2417511273474986	0.20705880421512388	0.10375946040617173	0.27628159518091194	0.17114901285029363
0.24182248983420895	0.20725008297492117	0.10347658685078626	0.2762573323317552	0.1711935080083281
0.2417046083133271	0.20707764810087512	0.10348243000619255	0.2763239161344242	0.17141139744518077
0.24175013210891444	0.20702383675250877	0.10353844423697202	0.276347797357513	0.17133978954409146
0.24174194023246706	0.20729291547472567	0.10347627621062666	0.27620650972390826	0.17128235835827213
0.24169232850444838	0.2071686927036137	0.10345973100628701	0.27637616620163563	0.17130308158401503
0.24176868226480394	0.2067888373278977	0.10377624733801938	0.2764294780507871	0.17123675501849162
0.2418424361034197	0.20678790198486952	0.10379346597346228	0.2763423562190772	0.171233839719171
0.24169388161733668	0.20697311979610933	0.10388073448255516	0.2762584029088403	0.17119386119515825
0.24170718360672935	0.20697753636296565	0.10365474836767764	0.276264497030829	0.1713960346317981
0.24170968266811438	0.20692651830569167	0.1035976953332496	0.2763768029406248	0.17138930075231928
0.24171342100528134	0.2070348231721594	0.10385741561618	0.2762418883202058	0.17115245188617323
0.2417500439620789	0.20679861465470062	0.10358844993023408	0.27627351153704943	0.17158937991593678
0.24173605233993165	0.20713116839465925	0.10346766302906756	0.27633526744762793	0.17132984878871335
0.24182392886545273	0.2070252211495292	0.1034724620796573	0.2762182551697846	0.17146013273557592
0.241806735583954	0.20699737669334023	0.10356634356291337	0.2762102330853218	0.17141931107447034
0.2418189233666507	0.20701561177042296	0.1035558683663855	0.27638119543430284	0.1712284010622377
0.2416942667168996	0.206851697955486	0.10377577520791212	0.2762244138819616	0.17145384623774046
0.24170101304433644	0.20695621996203659	0.10353104808963458	0.2763105737760766	0.1715011451279156
0.2417584912863994	0.206949780767386	0.1035838896184466	0.2763675969132119	0.17134024141455584
0.24173194339304888	0.20699212831819364	0.1036541934955042	0.27635136576736774	0.17127036902588533
0.24169831627964283	0.20679787399793553	0.10386604340644562	0.2763160255451227	0.1713217407708531
0.24169614228404704	0.20718344985993023	0.10358915855199793	0.27625046555834215	0.1712807837456824
0.24178156529609218	0.20704196252528434	0.10349037922522956	0.2762147321363463	0.17147136081704742
0.24173230811419755	0.2069136936454744	0.10376805471581056	0.27622953333617867	0.17135641018833855
0.24178093338984327	0.20728363848902892	0.1034851761603249	0.2762248291876503	0.1712254227731524
0.24180086759242964	0.20684222701073365	0.10391210083906932	0.27624544189219424	0.17119936266557287
0.24181588667992246	0.20684038581521963	0.10387188329191364	0.2762693404104717	0.17120250380247232
0.2417655702851969	0.206903638239268	0.10360331969672286	0.27622866726769846	0.17149880451111355
0.2418144340879798	0.20685854400990594	0.10366775248362604	0.2764038422858739	0.17125542713261402
0.24171868021197668	0.20691133648296975	0.10353338129154147	0.27636819191365	0.17146841009986186
0.24172997787417488	0.20705200872538118	0.10373074768576357	0.2762898365570955	0.17119742915758462
0.24174830378186885	0.20679205052591346	0.10354868759783586	0.27624187104280273	0.1716690870515789
0.24170675722309043	0.20678574962732033	0.1035333246826408	0.27628865773513245	0.1716855107318158
0.24176409150943784	0.20687786071801245	0.10371103853431701	0.2763518145952659	0.1712951946429665
0.241704062831487	0.20678408696146944	0.10382053213367441	0.2763902581446816	0.1713010599286873
0.24184315969144055	0.2070878298924162	0.10350446525011293	0.2762222023950347	0.1713423427709954
0.24177458068030727	0.2069314935976361	0.10363933113913004	0.27633022932828943	0.17132436525463693
0.24170838298971342	0.20717360753380593	0.10361044702957609	0.27626476220317353	0.17124280024373081
0.24182411655497368	0.2069236134296422	0.10353380048678362	0.27634198239459773	0.17137648713400255
0.24182500836296691	0.2072407073033191	0.10346664663402654	0.27627961496572667	0.17118802273396055
0.24177292120088545	0.2069374822677131	0.10361131034800587	0.2763980590280178	0.1712802271553775
0.24169549065796497	0.2067871712048785	0.10377218440502807	0.27639797181290776	0.17134718191922046
0.24181024481335195	0.20691407078327406	0.10371212482262036	0.2763817016832518	0.17118185789750157
0.24181185367307317	0.2069335876928091	0.10381971660603728	0.2762265161946883	0.17120832583339193
0.24180596767814988	0.20689509060420952	0.10369543903810292	0.27632147228433585	0.17128203039520162
0.24169509865873867	0.20678816994648613	0.10349694406641473	0.2764001838456688	0.17161960348269142
0.24178148837398367	0.2071897379956943	0.1035683649776601	0.2762464190509395	0.17121398960172218
0.24177148217858727	0.20680143089953432	0.10360097134816433	0.2764198362357847	0.17140627933792912
0.2417067478301962	0.20682349138397843	0.10357820670794271	0.2764093107241566	0.17148224335372586
0.24174400494012485	0.20682312637000466	0.10382206808162589	0.2763385732203934	0.17127222738785094
0.2417370759117602	0.20692896462880833	0.1035935614564224	0.27627814606859835	0.1714622519344105
0.2417145625639973	0.2068130510831159	0.10367446785917533	0.2762668354321254	0.17153108306158585
0.2417696430882098	0.20700990977208364	0.10353776486853625	0.2762109658559493	0.1714717164152208
0.24168787256678492	0.20694278252670112	0.10381618061280158	0.27622876368333416	0.17132440061037799
0.24174034997813987	0.2071936871722737	0.10359332309648656	0.2762276150735937	0.1712450246795059
0.24180023850530855	0.20688371274049905	0.10352765964259174	0.2763980341614375	0.17139035495016292
0.24183035491480442	0.20699323401085915	0.10357329359710589	0.2763335786432695	0.17126953883396076
0.2416881069661094	0.2070365146305457	0.10373112416046514	0.27640489141202307	0.17113936283085643
0.2418265762774599	0.20695850205491945	0.10380240206946269	0.2762610646936521	0.17115145490450567
0.24181509842100746	0.20693231148673435	0.10347588070934456	0.2763744240993574	0.17140228528355594
0.24172794957162014	0.20705640444405835	0.10373195057134418	0.27623549897439925	0.17124819643857778
0.2417857155802315	0.20698081595492285	0.1036970347234596	0.2763414521515195	0.17119498158986626
0.24177210528776277	0.20680401585515318	0.10353311478375622	0.2763642705203061	0.17152649355302146
0.24175142428033136	0.2068900218252449	0.10372795021689615	0.27626291770343114	0.17136768597409618
0.24184347035094883	0.20681252056771546	0.1036989872559027	0.27641561294608674	0.17122940887934598
0.24176561984962763	0.2073067635175277	0.10353951740389004	0.27622761869815793	0.17116048053079644
0.24170905815404484	0.2069381595594584	0.10398435285315635	0.27620907673682027	0.1711593526965199
0.24179119402927451	0.20720576029563778	0.10364384344699296	0.27621392073614687	0.17114528149194766
0.241747279541329	0.2068255216447433	0.10402334484009801	0.2762629132819092	0.1711409406919202
0.24171709449446607	0.20735769315283	0.10352107475749037	0.276220400445747	0.1711837371494663
0.24176755217422896	0.20698201372027553	0.10350230645467973	0.276278540187764	0.1714695874630516
0.2416999018650396	0.20686814669785206	0.10383488713351552	0.2762047238672993	0.1713923404362933
0.24176687164847793	0.20694232775442573	0.10377691812462131	0.2763729192681767	0.17114096320429806
0.24180732947094724	0.20687965616975834	0.10375459267777162	0.276267890143837	0.17129053153768553
0.24168892978716064	0.20706196647779868	0.10355859635368683	0.27640409069586813	0.1712864166854855
0.24183167220996846	0.2069673381180721	0.10359141106216724	0.27629309473652985	0.1713164838732621
0.2417289041749313	0.20698849775808822	0.10362287674587899	0.27629299320299355	0.1713667281181077
0.2417087170039771	0.20728493462756997	0.10345928805099706	0.2763102898436562	0.1712367704737994
0.24172525939688763	0.20694075889598548	0.10347625944231532	0.2762988218227048	0.17155890044210653
0.24180393531312516	0.20695401307063366	0.10357449520231243	0.2764024580848487	0.1712650983290798
0.24179943520555136	0.20699873979187944	0.10351613737640966	0.27638615372767383	0.17129953389848546
0.24173558300453646	0.20684105791326018	0.10363406091044604	0.2763638456189801	0.17142545255277697
0.24177367357794993	0.20689537621294193	0.10379274598138352	0.27622430960592237	0.17131389462180197
0.24171805412017144	0.2070604773507726	0.10356966741760766	0.27621378689502923	0.1714380142164188
0.2418420072019943	0.20688331463117904	0.10347413733799649	0.27629739075058946	0.17150315007824044
0.241809083853875	0.2072524971783437	0.10345604650904514	0.2762448958521935	0.17123747660654245
0.24183698574160087	0.20702629134581033	0.10377834774083347	0.2762101989252044	0.1711481762465507
0.24181708893471343	0.20705972063287437	0.10352802450469564	0.2763356420324565	0.17125952389525978
0.24172156566849404	0.20690781222007348	0.1035709814028343	0.2763260722272115	0.1714735684813864
0.24171841963646554	0.20691202841385065	0.10373811042714172	0.27627407509702245	0.1713573664255194
0.24169140407723133	0.20697528945994353	0.10371402235818342	0.2762998919768873	0.17131939212775413
0.24173517309540596	0.20718259675937345	0.10352938336599557	0.27634616665635287	0.1712066801228719
0.24179834620969293	0.2071802564286678	0.10362036075805922	0.27623352174572535	0.17116751485785447
0.24171924179371218	0.20687190660456983	0.10386938824266517	0.2762482800232961	0.17129118333575646
0.24178155477932928	0.20688825139840988	0.10354004065874821	0.27637673419222863	0.17141341897128376
0.241689090498994	0.20687880372486536	0.10356089830423947	0.27631796854347845	0.17155323892842245
0.2417665678281345	0.20705197208769077	0.10368892021188611	0.2762471309712823	0.17124540890100615
0.2417763226667198	0.20705694235088978	0.10351684553255058	0.2763919975860874	0.17125789186375218
0.24176536321308117	0.20706955947948316	0.10360144707958362	0.27620663606176027	0.17135699416609154
0.2418458585537233	0.2068768378810587	0.10380320872490947	0.276300437236829	0.1711736576034793
0.24181618818889306	0.20691074981043042	0.10361667758433138	0.27629349885473026	0.17136288556161466
0.24182632256792885	0.2068744321200303	0.10354225768701456	0.27634784942683577	0.17140913819819031
0.24168655184441834	0.20692718706771682	0.10375907651947817	0.276320910150251	0.1713062744181354
0.24175614154740913	0.20704646669476284	0.10370852329445472	0.2762913167169089	0.17119755174646414
0.24180277533107208	0.20698663399503986	0.10361988104558827	0.27636104114565063	0.17122966848264887
0.24169201742207153	0.2069547153377393	0.10362813313235798	0.27625899501379264	0.1714661390940383
0.2417727746467146	0.20725827786586865	0.10355091194347732	0.27625015167975703	0.17116788386418216
0.24179722286647154	0.2071151463059019	0.10348602868819681	0.2763217005254365	0.17127990161399304
0.2417525555860741	0.20678864188468074	0.10371603509596776	0.27637043318080584	0.17137233425247128
0.24175272824014143	0.20686345433456335	0.10374921081476486	0.27624837576068184	0.1713862308498483
0.24173344939504343	0.2068663455917579	0.10382977537525588	0.27623956342105194	0.1713308662168906
0.24171037632422024	0.20692866916152977	0.10360539844410378	0.2763447994174108	0.17141075665273514
0.24184398512596966	0.2070504156290973	0.10352265667930347	0.27636384113659834	0.171219101429031
0.2418421045780819	0.20679386378807146	0.10374389188283513	0.2763295067026988	0.1712906330483125
0.2418052800292267	0.20689733561148105	0.10351490221947872	0.27628027966857477	0.17150220247123854
0.24174665513163396	0.2069988234316278	0.10356261923891055	0.27623244798435265	0.1714594542134748
0.2416901858300768	0.20680501934989287	0.10352807872666067	0.2763026008440912	0.17167411524927828
0.2417676599627108	0.20717346958302943	0.10362561893312255	0.2762493472787933	0.17118390424234367
0.2417271837198251	0.20718669770074483	0.10366533300993185	0.2762293106906921	0.17119147487880584
0.24173921689754396	0.2073696614146517	0.10351322460069744	0.2762402288944399	0.17113766819266676
0.24177964255532713	0.20684567025506312	0.10391905218683356	0.2762502395080356	0.1712053954947403
0.2416915313849073	0.20679959097625727	0.10367781140716502	0.276298500138616	0.17153256609305415
0.2417058200192171	0.20698651683005617	0.1036242053713857	0.27641969359694823	0.17126376418239253
0.241712369089373	0.2068344021573963	0.10396185166895455	0.27621540530373956	0.17127597178053636
0.24176764152363905	0.2068363062487535	0.10369829664674357	0.2762436127267805	0.17145414285408309
0.24175609085545968	0.2071083024522413	0.10349502063989817	0.27638536484637444	0.17125522120602615
0.24175268122715812	0.2069386017085112	0.10385549496354812	0.2762741320682104	0.17117909003257198
0.24169337855738227	0.20692983618601066	0.10385867964189749	0.2763550292573028	0.17116307635740652
0.2417076813334907	0.207267942124646	0.10347007227584076	0.27637686449881127	0.171177439767211
0.2417393566727981	0.20684249595252213	0.10383881132894636	0.27620684172525034	0.1713724943204828
0.24169752893136748	0.20690342776280402	0.10382498955751858	0.27635686281893473	0.17121719092937498
0.2418374153841576	0.20715759222417268	0.10345591381022395	0.27627726338520475	0.17127181519624085
0.24171859965275133	0.2068817275353615	0.10384380940033458	0.2762021149930174	0.17135374841853493
0.24174575181457375	0.20710843923655778	0.10351582178630908	0.2762406285684582	0.17138935859410095
0.2418403037372362	0.20678562592760102	0.10351324044005238	0.2762930293022963	0.17156780059281382
0.24181979830474354	0.20704094300451867	0.10350404893768785	0.2762205270463248	0.17141468270672486
0.2418180016653946	0.206807093581619	0.10379127814870524	0.276305689916139	0.17127793668814184
0.24169327125962559	0.20708654314266567	0.10349385857597121	0.27626309409103333	0.171463232930704
0.24180042100023527	0.20680416435175877	0.10391639234483391	0.2763396133516102	0.1711394089515616
0.24176017491029425	0.2067876990155324	0.10366358894807531	0.27627896881705755	0.17150956830904024
0.2417153802741423	0.20701638152138216	0.1037229678784179	0.27636607090324067	0.17117919942281673
0.24169919566840084	0.206901013176387	0.10387990318660294	0.2762088838974283	0.17131100407118063
0.24178920290154188	0.20685511853788713	0.10371348419518699	0.27625790115049687	0.17138429321488685
0.24184678599829795	0.20705988383856427	0.10360826469712113	0.27634246303507365	0.17114260243094276
0.24177035332668823	0.20696159713546916	0.10375880038972962	0.2762320477732614	0.17127720137485133
0.24183491397792542	0.20712700059139008	0.1035225707770604	0.2762184737338449	0.17129704091977893
0.24180858341985761	0.20699338572656348	0.10361249444714009	0.2763339943499759	0.17125154205646265
0.24180139733473233	0.20698263934924788	0.10369044320857997	0.27626163438769874	0.17126388571974085
0.24173773088478034	0.206976561921681	0.10378195727432797	0.27629724571639613	0.17120650420281427
0.2417178227339304	0.20693650854852386	0.10390753681608002	0.27621631298949345	0.17122181891197208
0.24179626362568635	0.2069233676146679	0.10351243000232711	0.2763198924139666	0.17144804634335184
0.24176888748623943	0.20682655356725552	0.10370062510194353	0.27630731644688866	0.17139661739767265
0.2417591251211933	0.20683037538184457	0.10355647885612959	0.2764232114585113	0.171430809182321
0.2418330947472419	0.2072133564338134	0.10350376927649747	0.2762909350832546	0.17115884445919238
0.24168632949166832	0.20682596723291807	0.10378495685906461	0.2764276134843422	0.17127513293200652
0.24177206405419938	0.20699610145679803	0.10375459735129719	0.27631771946371597	0.1711595176739892
0.24180672533579295	0.20701762811419722	0.1035702892310047	0.2763744738468255	0.1712308834721794
0.24182843433046353	0.20692628136462787	0.10376404060530331	0.27620735566495824	0.17127388803464677
0.2417834571076698	0.2068804586277667	0.1036993920314771	0.2763145618190136	0.17132213041407263
0.24174464669438883	0.20689112456591233	0.10376254315574066	0.27641836754281934	0.1711833180411386
0.24183786470603819	0.20678557443213452	0.10371602623640978	0.27630480721377004	0.17135572741164723
0.24180855752500405	0.20721282927812829	0.10348345693448871	0.2762260867490336	0.17126906951334514
0.24184305714778687	0.20704447994939446	0.10345940680887823	0.27630472142298923	0.17134833467095095
0.24175555013901232	0.2071868519568436	0.10360762569217088	0.2762677575944747	0.17118221461749825
0.2417319414093084	0.20709340267078688	0.10347957559332788	0.27626877432759345	0.17142630599898312
0.24177414917758008	0.20708981029482867	0.10364202460769423	0.2762875146657668	0.17120650125412998
0.24180291506090143	0.20704741886297626	0.10360071198797692	0.27640637473744734	0.1711425793506978
0.2417253985155659	0.2070705209655244	0.1035460844635532	0.27633113467311354	0.17132686138224276
0.24173172853066446	0.20684862716676847	0.10367661595608588	0.27639405655695765	0.1713489717895233
0.24170490695308872	0.20706622278449816	0.10358988785384984	0.27629063473128723	0.17134834767727583
0.24173094057147604	0.20710374462968048	0.10362518128929216	0.27620969364520426	0.17133043986434682
0.2416855253888167	0.20680975887623018	0.10389244844920802	0.27633405563396474	0.17127821165178012
0.2417807810641025	0.20688752787233483	0.10388980791802827	0.2762678792180308	0.17117400392750334
0.2417281856968791	0.20698070360554835	0.1036306489490019	0.2763636363012595	0.1712968254473109
0.24174820638200745	0.20728387226662837	0.10357333920672686	0.27625217952646586	0.1711424026181712
0.2417173511809683	0.20696859699615852	0.10358241798462473	0.2762270341213682	0.1715045997168801
0.24175887920677583	0.20679254463616598	0.10401649137319037	0.2762534017241796	0.17117868305968797
