0.24142628026233678	0.20700023466356102	0.10335557594164836	0.2758924742318608	0.17232543490059277
0.24140164170972742	0.2069958040157797	0.10332969807244363	0.2759285171680231	0.17234433903402593
0.2414204238805683	0.20701479971168302	0.10342873674232579	0.2757985233594247	0.17233751630599792
0.24146081642080824	0.20697965172598687	0.10329210010065441	0.2759076225141346	0.1723598092384157
0.2413479746562456	0.2070872335893584	0.10334667983127985	0.27590577093878554	0.17231234098433032
0.24136364483814032	0.20701299706100393	0.10343125787351877	0.2758177581057762	0.17237434212156053
0.24140179512405902	0.20687431658762867	0.10348851755897406	0.27586129056762787	0.1723740801617101
0.24142191904910418	0.20690022539553182	0.10339967516404869	0.2759299968131624	0.17234818357815268
0.24141915856160406	0.20701313715834294	0.10332191056683387	0.27588596448571356	0.1723598292275053
0.24143819253085624	0.2069708793662536	0.10335907560471937	0.27584931156219394	0.1723825409359766
0.24137398407665228	0.20695205900798447	0.10353388980769936	0.275818505418278	0.1723215616893856
0.24144495435785773	0.20700799814870455	0.10337348964494593	0.27582750482609764	0.17234605302239386
0.24140837180346925	0.20700650841057264	0.10343453500209025	0.2758090956033743	0.17234148918049333
0.24137748209251408	0.2068816949673337	0.1035259425417738	0.27589688683941677	0.17231799355896144
0.24135177522992182	0.20701419171846286	0.10348063476089976	0.27581181127712306	0.17234158701359228
0.24143969185980735	0.20696268834791848	0.10333456775495484	0.2759125320264799	0.17235052001083917
0.24142344795411952	0.2069442106533235	0.10338529517097168	0.27590829138009065	0.17233875484149438
0.24137086796032556	0.20701154687735213	0.10343567454387029	0.2758256845862246	0.17235622603222717
0.2414468946504788	0.2070436155267772	0.10332285833959437	0.2758397286851756	0.17234690279797377
0.2414012269898101	0.20701267613306024	0.10329818332596505	0.27589880250908655	0.17238911104207785
0.24142062834446265	0.20702086761790708	0.10342692064465736	0.275802635672791	0.17232894772018165
0.24136170468754098	0.20706414432962722	0.10340503619376776	0.2758552247218474	0.17231389006721634
0.2414397146643122	0.2070591449703379	0.10331744345027213	0.2758065546479773	0.1723771422671002
0.24138948634486873	0.20703343336833765	0.10332679440445164	0.27591121965176885	0.17233906623057285
0.24134878955738304	0.20709384912091694	0.1033411601830803	0.27586926044710597	0.1723469406915135
0.24139989765923345	0.20690655401179114	0.1035290185689954	0.27580474397274984	0.17235978578722994
0.24138089209127053	0.20707569118518807	0.10339194252321268	0.2758039855243811	0.17234748867594735
0.24140303729280072	0.2069956811746799	0.10345236009963071	0.275823635490165	0.17232528594272345
0.24141987170627255	0.2069933750417799	0.10345114029039648	0.2757991114360035	0.17233650152554736
0.24134728953762796	0.2069116510459174	0.10344023741143224	0.2759091807614389	0.17239164124358328
0.24144793970856687	0.2070113990893916	0.10330182036072313	0.27592026741470654	0.17231857342661164
0.24140060599489854	0.20690391653532178	0.10351014096773516	0.27583622988540557	0.17234910661663871
0.24136261801408979	0.20694288551313866	0.10351561286953843	0.2758195606386051	0.1723593229646278
0.24144421832017887	0.2069717604471377	0.10336466775007942	0.27584278444611415	0.17237656903648962
0.24145420236349358	0.20699440756724916	0.10335814615824974	0.27581170679835404	0.17238153711265322
0.2413848223025088	0.20689637621957602	0.10353223033627107	0.2758111248506191	0.17237544629102483
0.2414135270268091	0.20706241476301657	0.10327629923703416	0.2758806917234916	0.17236706724964834
0.24140682099630956	0.20702333043308682	0.10332258544170037	0.27589672378952784	0.17235053933937516
0.24140274151821162	0.20702574799690926	0.10334105657310376	0.2758669676807613	0.17236348623101383
0.24142695133656977	0.20707003775124255	0.10332778428027406	0.2758031222724867	0.17237210435942665
0.24144476613608432	0.20686677671972878	0.10347158182537707	0.27588121073348026	0.17233566458532937
0.24136921096075759	0.20699985990666042	0.10348376027144114	0.2758235967323981	0.17232357212874252
0.2413551118453864	0.20695970734586366	0.10347098303057789	0.2758298756552982	0.17238432212287358
0.24143485149785315	0.20702318948961593	0.10328348525248714	0.2759100558923895	0.17234841786765406
0.24138281702683317	0.20691111678379742	0.10346450476682324	0.2758933837124659	0.17234817771008
0.2414263640326688	0.20705155481968632	0.10334702963997978	0.2758369688505848	0.1723380826570801
0.24140545427039564	0.20689488040027937	0.10343526933803296	0.2758815021843756	0.17238289380691615
0.2413837604323719	0.2070399761496027	0.10332410993429668	0.2758864926536069	0.17236566083012161
0.24140706280516838	0.20699331950288902	0.1033940075486952	0.2758617332290933	0.17234387691415387
0.24135365791145488	0.20698900787205915	0.10341877442839467	0.27591253370193297	0.17232602608615807
0.24144771229931383	0.20697873916593595	0.10341413922753535	0.27581763848031216	0.17234177082690247
0.24141211822862524	0.20705028548964552	0.10331314298226887	0.27584680281819063	0.17237765048126952
0.24143277778571867	0.2070165573840218	0.10339815507371304	0.27581283308050475	0.17233967667604147
0.2413874929869447	0.2070808039509049	0.10331284527732622	0.2758778660047135	0.1723409917801105
0.24141789122760532	0.20693196959186058	0.10344964207469301	0.27583611574428324	0.17236438136155757
0.24136015518479753	0.20686804113044732	0.10352948918015996	0.2758568111367844	0.17238550336781058
0.24138569705565435	0.20694457963248533	0.10349677860174322	0.27580981769256574	0.17236312701755108
0.24138839439827453	0.2069770635447296	0.10339065183270746	0.27589267282620855	0.17235121739807963
0.24145285493565538	0.20692367887717028	0.10347062451871579	0.27581205452242047	0.17234078714603782
0.24139283448275145	0.2069695800804292	0.10348426378345435	0.275831841238502	0.17232148041486273
0.24135921410234917	0.20701649919695772	0.10334923032309261	0.2759084042927775	0.1723666520848227
0.24135780995028366	0.20694552511154263	0.10345933033894705	0.2758849859999598	0.1723523485992666
0.24139672810334226	0.2070625130789987	0.1033415236617413	0.27584962265398805	0.17234961250192946
0.2414160236577214	0.20687157701363465	0.10347501380763213	0.2758570208096133	0.1723803647113983
0.24135118108940687	0.20704355106519604	0.10348525163131132	0.27580685039507014	0.17231316581901537
0.24136673981486628	0.20700245920321128	0.10337494547399809	0.2758970629752465	0.17235879253267758
0.24140815035000815	0.20694184854309772	0.10346431282123997	0.2758214652371905	0.17236422304846344
0.2414095106474079	0.20701710400259918	0.10343517855323417	0.27581113127009554	0.17232707552666296
0.24145302993828358	0.20698216809981496	0.10336554412465401	0.2758449921319776	0.1723542657052696
0.24145737337361262	0.2068876627194765	0.10341339170435591	0.27588590595260476	0.17235566624994994
0.2413669426788293	0.20689996773598157	0.1034928062623464	0.2759043599140921	0.1723359234087503
0.24136835274245488	0.20700496027925347	0.10341945463508058	0.27582474803528206	0.17238248430792874
0.2414140968428641	0.2068713766716422	0.10351945356054533	0.27582059306235723	0.1723744798625909
0.24140451543138547	0.20702158932451126	0.1033924754940742	0.27583219775409445	0.17234922199593433
0.24141610932488397	0.20688340205591663	0.10341703153378448	0.2759066836962678	0.17237677338914686
0.24136317597935136	0.20690357118428743	0.1035143220466296	0.275875234464397	0.17234369632533442
0.24144461134581796	0.206912326480836	0.10341539055158683	0.2759033212347012	0.17232435038705785
0.2414223286025514	0.20700532425656076	0.10336019559652339	0.2758424015651728	0.17236974997919136
0.24140806458829944	0.20698678536056134	0.10340085696286043	0.27582031959981745	0.1723839734884611
0.2413574607334385	0.2070055591653131	0.10337565136185314	0.2759211386788987	0.17234019006049625
0.24135505786577754	0.20694413684365473	0.10347641047188245	0.275856075440651	0.17236831937803404
0.24142542689298652	0.2068949511653341	0.10353904448168975	0.27582663159145604	0.17231394586853332
0.2413583196063956	0.20707450816806935	0.10337303985408988	0.2758500801182634	0.17234405225318156
0.24139591447574804	0.206936573981449	0.1034585802617494	0.2758809045653135	0.17232802671573985
0.24136965482957135	0.20690483002666946	0.10348038491409739	0.27589246615889895	0.17235266407076266
0.24141032208457613	0.20687124144692418	0.10349273203751744	0.27584471100962926	0.17238099342135277
0.24134794147907396	0.20694113338273537	0.10347995547474018	0.27590105441691426	0.172329915246536
0.2413868753378614	0.20705624987628388	0.1033265136192968	0.27584768283421873	0.17238267833233895
0.24137327646109133	0.2069388850408232	0.1034380650082797	0.2758737267577075	0.17237604673209797
0.24144387176873133	0.20686139747876098	0.10340385428505458	0.27590278206418783	0.17238809440326502
0.24141764325044043	0.2069415329671379	0.10347833533144221	0.2758291488062591	0.17233333964472008
0.24144403622627436	0.20690696656310598	0.10342468812767065	0.27584118495001453	0.17238312413293427
0.24142331811059758	0.20692661892781405	0.10345618078310406	0.2758146563821795	0.17237922579630455
0.24146115733851636	0.20692108697826342	0.10335385905124272	0.27592393232508056	0.17233996430689671
0.2413853130193365	0.2069444353418818	0.10339126653213919	0.2759121526349082	0.172366832471734
0.24138650811921492	0.20687418349694703	0.10347056714918443	0.27588400567936333	0.17238473555529005
0.24142703677741867	0.20691704441882777	0.1034736465017524	0.27580746490473806	0.17237480739726285
0.24138807485222635	0.20691702392663472	0.10342232899385798	0.2759087912459703	0.17236378098131044
0.2414203783382529	0.20705587340513482	0.10329927801324854	0.27588165740478543	0.1723428128385781
0.2414115914845296	0.2070937527222113	0.10328493950469189	0.27584940724893897	0.172360309039628
0.2414320427786851	0.20702057088720746	0.10332052115011342	0.27587434917536124	0.1723525160086325
0.2414201796856806	0.2070620706969969	0.10329963711108182	0.27586676477463357	0.17235134773160685
0.24139314442227722	0.20707743528170744	0.1032720837820153	0.27587964518379315	0.17237769133020667
0.24142606454985266	0.2068859238325581	0.10346715498205035	0.27587518069097183	0.1723456759445668
0.24140894211468344	0.20698135939607137	0.10340768072743191	0.2758707157736112	0.17233130198820185
0.24139318661764336	0.2070649871766363	0.10329175025668594	0.27590470754060004	0.17234536840843412
0.24134793822430864	0.20705903464391154	0.10334084789465106	0.27587208852352496	0.17238009071360355
0.2414018180491228	0.20702854758547065	0.10333315599525136	0.27592068118010765	0.1723157971900473
0.24136859846099326	0.20698310126635722	0.10340152185658764	0.27589756691309136	0.17234921150297022
0.24136922765608376	0.2070649877478944	0.10328516048147542	0.27592928834017566	0.17235133577437056
0.24138127219704214	0.20694562431078356	0.1034657572388326	0.27589205719761073	0.17231528905573074
0.24135541137763883	0.2069881823134608	0.10340319922227209	0.2758622901162392	0.17239091697038886
0.2413636731275877	0.20702631089188722	0.10346496486548659	0.27580187391817923	0.17234317719685902
0.2413662423309078	0.2070590527532758	0.10327464072017323	0.27593070706087897	0.17236935713476392
0.24135757041923178	0.2070777815986498	0.10327086038003905	0.2759306624277382	0.17236312517434094
0.24137870753260038	0.20706154204929028	0.10332677196364243	0.2758842912052188	0.1723486872492479
0.24145647409694604	0.2069875883915286	0.10327152673283453	0.27592741641242186	0.17235699436626872
0.24135961147686208	0.20693700549196883	0.1035220441130601	0.2758616397745954	0.17231969914351336
0.24143937652800274	0.20692068083108026	0.10343534491457979	0.2758643088893335	0.17234028883700347
0.24144199463004676	0.20709092058761058	0.10327311180416977	0.2758766398683926	0.17231733310978004
0.24135982079574594	0.20691900598411117	0.10343757192532821	0.275888056192616	0.17239554510219843
0.24145696831571395	0.20700693481428084	0.10328887833166475	0.27590698913555234	0.17234022940278781
0.24140260491643137	0.2069108748897886	0.10351179233647542	0.27580417558994474	0.17237055226735962
0.24138619255400234	0.20707034974399788	0.10328109415267715	0.2759165667949057	0.17234579675441664
0.2413511325389566	0.2069417857258547	0.10341690787476199	0.2759308438090815	0.172359330051345
0.24144232855587602	0.20704119591868056	0.10338245049033326	0.2758160756099327	0.17231794942517717
0.2413654671788467	0.20689544515806627	0.10352924892373758	0.27586698999545123	0.17234284874389802
0.24139866934157342	0.20692458011451542	0.10344050040108226	0.27586378135126755	0.17237246879156112
0.24138198547121503	0.20691781126769454	0.10348190607509472	0.2758525034635275	0.17236579372246794
0.241415925525482	0.20707988531890018	0.10331123139130605	0.27581141046173974	0.1723815473025718
0.24142535512732963	0.2069971089985488	0.1033989005651564	0.2758471825905228	0.17233145271844208
0.24135672143774428	0.20698250678507368	0.10347434447650497	0.27581190596373434	0.17237452133694245
0.2414507185840657	0.20688452150456182	0.10346700982392937	0.2758740057924015	0.17232374429504138
0.24138052310774816	0.207087132141733	0.10328567692940463	0.27593006084842964	0.17231660697268436
0.24143421851191388	0.206933484693637	0.10333736626339175	0.27592537488939267	0.17236955564166442
0.2414038461114926	0.20692349985132508	0.10347599939273296	0.27580607261665413	0.172390582027795
0.2414276244806235	0.20695989725644795	0.10338578042786865	0.2758995399123501	0.17232715792270953
0.24134868108899327	0.20704408775176486	0.10341846699449095	0.2758400292130617	0.17234873495168895
0.24138329756997273	0.20702581465705994	0.10335021451142459	0.27590591843597917	0.17233475482556335
0.24141377342565135	0.20686553573634114	0.10354239362706798	0.2758558312225864	0.1723224659883529
0.24139838424640944	0.2069280252438604	0.1034069616032475	0.27592658772184653	0.17234004118463586
0.24140475547565832	0.20690943676755297	0.10353065547089063	0.2757997170071569	0.17235543527874095
0.24139593872602563	0.20694576962255617	0.10338154027497669	0.2758811069668623	0.1723956444095789
0.24142217654486559	0.20706617161335916	0.10333323403406529	0.27583078869444766	0.17234762911326207
0.2414129720269753	0.2070493790742474	0.10332902789451923	0.2758567826782245	0.17235183832603332
0.24135128504406314	0.20705726360640855	0.10343902785124344	0.2758245831333372	0.17232784036494744
0.2414293782976748	0.20687472720321098	0.10342801663026938	0.27589214283688734	0.1723757350319573
0.2414519976330733	0.2070461198408933	0.10329288050409918	0.2758738329140592	0.17233516910787477
0.2413891487721842	0.2069127612442675	0.10348816374565988	0.27583962889775493	0.17237029734013323
0.24139069458294632	0.2069001272778605	0.10345433310547804	0.27586156032704723	0.17239328470666768
0.2413835627608239	0.2069947916654002	0.10333029466406736	0.2759156102101621	0.17237574069954623
0.24143255068040342	0.20692339261261794	0.10349591601337448	0.27580820245065624	0.1723399382429477
0.24140165449588805	0.20686283073103465	0.10356161090129923	0.2757990966369491	0.17237480723482868
0.24137265020259663	0.20694192151441704	0.10351758628241048	0.2758520381820936	0.172315803818482
0.24140428379666892	0.20688272064288024	0.10345215044538697	0.27592945024643334	0.17233139486863025
0.24141550434145942	0.20693741556529768	0.10340842332458834	0.2758726248584598	0.1723660319101945
0.24144533260026535	0.206998650308694	0.10339108566023739	0.27580722362381205	0.17235770780699095
0.24140506328382752	0.20699683539241265	0.10340395344772109	0.27581931591904174	0.17237483195699674
0.24138519137358105	0.20694876050542496	0.1034014637171683	0.2759285037133279	0.17233608069049755
0.2414388670814309	0.20687394594350011	0.10340139673423474	0.2759123709209079	0.17237341931992606
0.2414490670076101	0.20701339868660404	0.10326833944296548	0.2759009918249183	0.17236820303790185
0.24142317811137087	0.2070207086190305	0.10340363802896822	0.27583552109414117	0.172316954146489
0.24138034649327791	0.20697265960253838	0.10341349277944915	0.27587409103514837	0.17235941008958588
0.2414582355478494	0.20691340775651176	0.10336630151991369	0.2759195671546033	0.17234248802112154
0.24137553895676278	0.20691141913721592	0.1034612329870675	0.2759330539173743	0.17231875500157923
0.24144159677321972	0.20694170738264453	0.10331317868632361	0.27591033972713597	0.1723931774306759
0.24141183234913074	0.20690433071483172	0.10349499434501598	0.2758043503890567	0.17238449220196458
0.2414287487527066	0.2070668989294268	0.10333765181699311	0.2758030212834478	0.17236367921742543
0.24139256717088475	0.2068769665965582	0.10343843657865986	0.275913349030013	0.17237868062388392
0.24134783826185008	0.20692715060051617	0.10350046952994169	0.27588130104637243	0.1723432405613194
0.24144605569011135	0.2068828918968542	0.10345403795108618	0.27586318638553586	0.1723538280764121
0.24145386739774793	0.20688970779782306	0.10347132507237639	0.2758005336658126	0.1723845660662398
0.2414516638839353	0.20694837308657163	0.10332465328965858	0.27590670952260493	0.17236860021722933
0.24136163442985548	0.2069701657984267	0.10348761856111789	0.2758511213948339	0.17232945981576578
0.2413656043941616	0.2069173823206797	0.10355409601646548	0.27584144465275984	0.1723214726159332
0.24140092174212308	0.20702812201382875	0.10338753956099235	0.27584588194317455	0.17233753473988103
0.24135702152377653	0.2070847492279667	0.10335550047698015	0.275816677729016	0.1723860510422603
0.2414051131838988	0.2069899102013977	0.10345033384988227	0.27583264882796604	0.17232199393685493
0.2414197678545086	0.20691145638485844	0.10339841517985487	0.27592925099813914	0.17234110958263868
0.24144505619216275	0.2069710625097572	0.10335443345932285	0.27591167971584607	0.17231776812291086
0.24135838703263457	0.20707591791291058	0.10330181312183943	0.27593253627602743	0.17233134565658773
0.24136001885112146	0.20698365311877784	0.10336094183715001	0.27591117720571595	0.17238420898723444
0.24145795056645789	0.20696192632746518	0.10329057517363642	0.27590556463088295	0.17238398330155733
0.24135539218276175	0.2069349158831041	0.10351291757470449	0.27581566727983503	0.17238110707959442
0.24142914876820076	0.20686451611599285	0.10342973386721414	0.2759334388196257	0.17234316242896633
0.24143491616238943	0.20696633821763077	0.10335382534663587	0.2758766372714426	0.172368283001901
0.2414428047958117	0.20697164691473072	0.10339363675595234	0.275876872277817	0.172315039255688
0.24140317563137098	0.20693578390568698	0.10350831243082292	0.27581654272659584	0.17233618530552305
0.2413875023597313	0.20689975236676064	0.10351280496939838	0.275870975953597	0.1723289643505124
0.24141215744075167	0.2070099377196482	0.10328497799484342	0.27590106679561144	0.172391860049145
0.24143246521126993	0.20701174487246662	0.10333600099722696	0.2758798891417918	0.17233989977724445
0.24138850426638692	0.20686044742400567	0.10352845330180609	0.2758935853900731	0.17232900961772796
0.24143286545852694	0.2070777088819182	0.10331114600689699	0.2758227789841413	0.17235550066851632
0.2413495128399844	0.2070715272300037	0.10332398577449213	0.27589237058478044	0.1723626035707391
0.24140012565997462	0.20706126013557474	0.10331332975144769	0.2758397770032577	0.172385507449745
0.24139300372788688	0.20693584897358291	0.1034687966852018	0.2758280570371421	0.17237429357618608
0.2414573014564861	0.20688075564667324	0.10347163435172804	0.2758285800333672	0.1723617285117452
0.24136358393183177	0.20703773240366558	0.10340922310915475	0.27585498799958647	0.1723344725557612
0.24140062905868698	0.20697411487678496	0.10341347210644536	0.27589493430242806	0.17231684965565436
0.2414315955838118	0.20689892067077245	0.10343841768184067	0.27584342639772136	0.17238763966585346
0.241389168122126	0.2069015449282631	0.10348164889496203	0.2759073758468358	0.17232026220781288
0.2413550008272588	0.20688085569424483	0.1035358098807354	0.2759010027929373	0.17232733080482343
0.2414284196359667	0.20696249536104716	0.10344240657764912	0.2758412749376518	0.17232540348768494
0.24140128833133767	0.2070126226593416	0.10334886789709032	0.27588514149858134	0.1723520796136488
0.24144233176233512	0.20688530112835196	0.10341949389839467	0.2759108875027914	0.17234198570812662
0.24138360741524595	0.2069344093176853	0.10346162999235384	0.2758326527538598	0.17238770052085484
0.24137449894131932	0.20685951386157855	0.10356581918837766	0.27583577303585166	0.17236439497287254
0.24141812324368028	0.20706362650215057	0.10338225537842038	0.2758103594178798	0.17232563545786872
0.24138697280859311	0.20693844661180025	0.10347150411447292	0.2758257840526952	0.1723772924124383
0.24136074171931482	0.20686968114306636	0.10350996698855207	0.2758847778725838	0.17237483227648265
0.2414606520601593	0.20704478003263457	0.10328787809540109	0.27582260695860095	0.1723840828532039
0.24134877635207874	0.20703382299425138	0.10340746075698208	0.2758205809895324	0.17238935890715518
0.2413957701734134	0.20702749833083706	0.10335965740977958	0.2758928548295831	0.17232421925638663
0.2414009465690065	0.20700466471958662	0.10335726007762394	0.2758908154438003	0.1723463131899824
0.24136739435995114	0.20708449560551034	0.10334876118581637	0.2758813032820809	0.17231804556664104
0.24139800364389014	0.2069853140761739	0.10343324351969918	0.27585510097452126	0.1723283377857152
0.24141103306861736	0.20688593071988345	0.10349468436302217	0.27584318398710933	0.17236516786136746
0.241402452880863	0.20694719699743494	0.10343459700564116	0.27589463783251	0.17232111528355065
0.24144580264115545	0.20700674754359988	0.10338968228342695	0.27580032232134777	0.17235744521046972
0.2413765096357206	0.20704450976626576	0.103399217248788	0.2758048200287644	0.172374943320461
0.24138641989911414	0.2069973677690202	0.10333849192780542	0.27592103710436455	0.17235668329969547
0.24145860252831422	0.2069638107253041	0.10337866196554434	0.2758049307079703	0.1723939940728668
0.24135434953733592	0.20691507685413474	0.1035276787255233	0.2758104814765204	0.17239241340648542
0.24143988414609172	0.2069119749529056	0.10337419744591088	0.27592299777921486	0.17235094567587667
0.24138126078198496	0.2069887866268332	0.1033519274340346	0.27590006007869433	0.17237796507845263
0.24144097366905165	0.20693761657872295	0.10342284803430843	0.2758400550933978	0.1723585066245189
0.24135698928744542	0.20688912606070836	0.10347917666411384	0.27588624296508646	0.1723884650226457
0.24137392420949397	0.2069268679958585	0.10347559497068858	0.2758965619800372	0.17232705084392153
0.24143224885496437	0.20700836698002664	0.10334535660617031	0.27582064779707405	0.1723933797617644
0.24141147347851508	0.20706574839421346	0.10327804648655409	0.27590691962966984	0.1723378120110473
0.2413591074015546	0.20699740834155492	0.1033784566915101	0.2758693202720186	0.1723957072933615
0.24140333068836056	0.20706323834625037	0.1032709713865709	0.27588054904914244	0.1723819105296755
0.2414218804327007	0.20689208241432813	0.10338614426570551	0.2759115726641486	0.1723883202231168
0.24144002167714412	0.2068989072672171	0.10347327484372756	0.2758048936683119	0.172382902543599
0.24139497995715978	0.2069814074179901	0.10335346759450768	0.2758840159104974	0.17238612911984483
0.2414232442406698	0.20695675984441783	0.10336718568419807	0.2759333635332811	0.172319446697433
0.24136194628647759	0.20693015396206926	0.10345093929974754	0.2758638797516777	0.17239308070002768
0.2413498989109193	0.20698841230795473	0.10342828123388739	0.275873992721618	0.17235941482562034
0.24144894034839154	0.20699705171455007	0.10333286067620447	0.2758908892220748	0.17233025803877888
0.24144461292755143	0.20700314664112682	0.10334434929971019	0.2758274559146489	0.17238043521696236
0.24143148138064405	0.20707945550486673	0.10329662947301418	0.2758238128215471	0.17236862081992768
0.2414076962262956	0.20688250883931472	0.10346850542957602	0.27585577947280204	0.17238551003201139
0.24141609627291177	0.20688252554750577	0.10347212871619858	0.2758924101143676	0.172336839349016
0.24139796401638605	0.20701524983215797	0.10333657779809792	0.2759315295925593	0.1723186787607985
0.24142366367780746	0.20703621737325165	0.10328894995674073	0.27593402465559386	0.17231714433660608
0.24137610405735757	0.2068987996479692	0.10353971050868578	0.2758372267537553	0.17234815903223188
0.2413996223604614	0.20693700112264277	0.10345810835934026	0.275865942891977	0.17233932526557832
0.24141302670544446	0.20696561664791102	0.10333106195440785	0.27589484790636737	0.17239544678586902
0.24142883110118876	0.20697129074659973	0.10333233576424844	0.2759323800812897	0.17233516230667317
0.24138436847104272	0.20690222386427295	0.10353208399386837	0.2758563378879926	0.17232498578282315
0.24137810042939484	0.20688447693381862	0.10346795045065814	0.2759128873472676	0.1723565848388606
0.24143769318215524	0.20690450405517577	0.1034935461105189	0.27583144296931583	0.172332813682834
0.24135748196909684	0.20703418164240245	0.10341996340547245	0.2758482291010011	0.17234014388202692
0.24144413132311815	0.2070110450870144	0.10331350028438925	0.27590297125439533	0.17232835205108263
0.2413970163793523	0.20692440082247285	0.10344021908520526	0.2759100673926325	0.17232829632033683
0.24145186564360105	0.20692079931198012	0.10344397203289758	0.2758489658343672	0.17233439717715388
0.24141434794252148	0.20687600093392525	0.10348294135333504	0.2759074191748073	0.17231929059541062
0.24136218660915137	0.2069930398524708	0.10342853940712404	0.2759038587684117	0.17231237536284186
0.24143210183477518	0.20699042217118918	0.10337026252517212	0.27588394396233606	0.1723232695065272
0.24141633084114644	0.20706403888952188	0.10329307852466373	0.27586557458113814	0.17236097716352958
0.2413661417335762	0.20699878674682337	0.10339912891136697	0.2759171112505851	0.1723188313576481
0.24138898242023454	0.2069985189670189	0.10336918814451719	0.27592580709108383	0.17231750337714527
0.24137248715126053	0.20704042949972207	0.10330888092568732	0.27589494392282105	0.17238325850050878
0.24142164920414466	0.20704689098526666	0.10328443521870728	0.2759252209066324	0.17232180368524874
0.2414041117470449	0.20692960884176986	0.10345685056528514	0.275819091239802	0.1723903376060979
0.24144166038437526	0.20687483328340947	0.10346758553359706	0.2758456599415503	0.17237026085706766
0.24135436913318048	0.2068615219176711	0.10354059379797988	0.2758853156080179	0.17235819954315046
0.24143067123430612	0.20690130157396866	0.1034424202064215	0.2758469778668875	0.17237862911841598
0.2414038977802341	0.2068827895235601	0.10345741318822363	0.27586340896678596	0.17239249054119593
0.2413798464336651	0.20699273738316087	0.1034532695796101	0.27584551190936457	0.17232863469419907
0.24137305587986416	0.2069774593871234	0.10336399741546876	0.27592742699026906	0.1723580603272744
0.24140757367657245	0.2068570172211443	0.10355280556926726	0.27585431433010954	0.1723282892029062
0.24137258719857024	0.20707523301801783	0.10336847912488868	0.2758172520563902	0.1723664486021328
0.24140092565568333	0.2070450780672702	0.10335647077253925	0.275803274064607	0.17239425143989995
0.24139606884770026	0.20708960622550296	0.10328912563805381	0.2758328388729377	0.172392360415805
0.24145179191444252	0.2069845354843543	0.10334230882688372	0.27585784423248827	0.17236351954183093
0.2414400199330465	0.20696209362318374	0.10340191053783238	0.27585081250864235	0.17234516339729475
0.2414377226558717	0.20709260104213142	0.1033432127867053	0.2758089962516352	0.1723174672636561
0.2414600144126985	0.2069269728228736	0.10342824017777646	0.2758358359508153	0.17234893663583595
0.24144613147208893	0.2070291098930929	0.10328021925938827	0.2758687016606492	0.1723758377147805
0.24135494056267653	0.20688466108051337	0.10352416860878683	0.2758460045419973	0.1723902252060257
0.24141762259186464	0.20688378137581473	0.10349798865323592	0.2758386792861085	0.17236192809297596
0.24135994081511553	0.2070347737082747	0.10340619446878442	0.27582773851373327	0.17237135249409186
0.2414515617728657	0.20696274566595543	0.10334291967861835	0.275853295265109	0.17238947761745127
0.24142201831668159	0.20698203322986725	0.10334787440521401	0.2759314260530042	0.17231664799523272
0.24140663217113184	0.20697709488350116	0.10341964254573921	0.27587889055361564	0.17231773984601192
0.24140267778715443	0.20708826768859562	0.1032856115065929	0.27591061741187345	0.1723128256057834
0.24139177997147543	0.2069372028098026	0.10353442710030081	0.27582266432796404	0.17231392579045687
0.24142701457287472	0.20708819240314097	0.10328716828790523	0.27584756709918556	0.1723500576368932
0.24143201594011965	0.20707222989613486	0.1032885867986923	0.2758891253610807	0.17231804200397222
0.24141537999310345	0.2068648788678827	0.1034686393418588	0.27586949718262793	0.1723816046145268
0.2414241943108298	0.20697818359283637	0.10334171787358272	0.27586421258189886	0.17239169164085202
0.24143951692381607	0.20702299976783609	0.10333907352323063	0.27581445410107125	0.17238395568404574
0.24145247557293756	0.20688508764972557	0.10352449190702673	0.27581742618319266	0.17232051868711726
0.24138030487297762	0.20705685096241488	0.103397256434658	0.27584989377532854	0.17231569395462068
0.2413884869523668	0.20689229270860354	0.10350337700895049	0.27588383557188334	0.17233200775819563
0.2414352266620761	0.20686546297527528	0.10344878997247813	0.27588377813842646	0.1723667422517438
0.24137758599144152	0.2069331394670033	0.10341278805745917	0.2758813708171157	0.17239511566698001
0.24143664195030295	0.2069112406382396	0.10351210076032903	0.2758091630866773	0.17233085356445085
0.24138800877905014	0.2068561627527785	0.10353159578625643	0.27583434501633386	0.1723898876655808
0.2413858582603067	0.2070244951758223	0.10335450125525689	0.2759218273047631	0.17231331800385077
0.24142536582890312	0.20693636409473448	0.10335941007286248	0.2758954986072315	0.17238336139626814
0.2413493502891359	0.20702607781669982	0.10344469194658124	0.2758538976530821	0.1723259822945007
0.2414477087570483	0.20699500498359405	0.10336832938933987	0.27581022670630545	0.17237873016371205
0.24136958207566356	0.20705188925042364	0.1033705400176289	0.2758657933722879	0.17234219528399577
0.24138642761322088	0.2069799299471084	0.10344999691158462	0.2758616535602362	0.1723219919678497
0.24136200095984447	0.20700949032244403	0.10349841041336168	0.2758037584467421	0.17232633985760745
0.24143381630940286	0.2068816731171055	0.10352280228011725	0.275826210245291	0.17233549804808307
0.24142334021215853	0.20699167851207514	0.10332870021297923	0.27587657482079986	0.17237970624198695
0.24137007049183387	0.20698897192838478	0.10349534475282988	0.27583150817356306	0.17231410465338817
0.24142615062413417	0.20700688612472481	0.10336043230600883	0.2758195691484846	0.17238696179664734
0.24139356334245898	0.20688148442770268	0.10346190528381986	0.2758678235393631	0.17239522340665508
0.24137463900591732	0.2069469338054867	0.10355951654613321	0.2758022785484747	0.17231663209398776
0.2414286044494121	0.20700633813242839	0.103332376843097	0.27589768228737716	0.17233499828768511
0.24140062600116557	0.2069767751644245	0.10336695180705385	0.27585898259801056	0.17239666442934523
0.24141150440285858	0.20689959726332294	0.10344980295752741	0.27589874363090816	0.1723403517453827
0.24139551959002156	0.20701879839735138	0.10344057958703516	0.27582053095687076	0.1723245714687209
0.2413524687934493	0.2070166039610688	0.10336118651470386	0.2759343300830368	0.17233541064774102
0.24144619806251894	0.20686062715588993	0.10350096446594438	0.27586248451223416	0.17232972580341233
0.2414259732755708	0.20691738926425102	0.10348913829990831	0.27580455430157963	0.17236294485868997
0.24138017282946175	0.20694449133652365	0.10335258086276011	0.27593154318185675	0.17239121178939742
0.24139660747405553	0.20707404773285978	0.10340176425682	0.2758135144802531	0.17231406605601135
0.24145600802729245	0.2070050776607589	0.1033490056642158	0.2758310650223937	0.17235884362533888
0.24143687786246826	0.20690144936172203	0.10340115871617782	0.27588029521389584	0.1723802188457358
0.24141581162396913	0.20690425884211075	0.10349823175652359	0.27586099278132314	0.17232070499607316
0.24142492826395442	0.2069085765524648	0.10346207827015605	0.27588869264740534	0.17231572426601913
0.24139296177672087	0.20700198501117245	0.10331471897273536	0.27590402997630803	0.172386304263063
0.24145473628879344	0.20695933930555527	0.10335742907988889	0.2758415317893548	0.17238696353640737
0.24140773554257305	0.20689136838640365	0.10341763333046061	0.27589031857263613	0.17239294416792628
0.24138543415627312	0.2069545613592273	0.10337928112404676	0.27589218246410613	0.17238854089634645
0.2414048906456721	0.20707448885363744	0.10333416183180436	0.2758506708906865	0.17233578777819938
0.2414316598692835	0.20688684714928895	0.10350957248791551	0.2758582283659742	0.17231369212753767
0.24139338933677046	0.20707671988655224	0.10332814634972146	0.2758558103775802	0.17234593404937537
0.2413802160369606	0.206979640016326	0.10336993970467592	0.27590350213390524	0.172366702108132
0.24135735646876175	0.20699546157522034	0.10341485461598438	0.27591122115673306	0.17232110618330024
0.24135974453278636	0.20691651377049614	0.10353592574654354	0.27587133566827965	0.17231648028189406
0.24142266114807323	0.20707841028317156	0.1033363719941684	0.27582521875133637	0.17233733782325023
0.24145379090134927	0.20697912439305044	0.10333953359594265	0.2758988792636302	0.1723286718460272
0.24138532135796384	0.20695722883726092	0.10344188845552592	0.275827517552394	0.17238804379685513
0.24138470069558318	0.2070437683986791	0.10334838292223893	0.27588539652109056	0.17233775146240796
0.24143062047575276	0.2068795939102221	0.10356387503775905	0.2758061035928552	0.1723198069834107
0.2413741024903326	0.20706441281044377	0.1033230485001153	0.27588334138652315	0.17235509481258493
0.24145285598567748	0.2069537156032567	0.10337738019965431	0.27589749249352236	0.1723185557178889
0.24136396160615278	0.20706258062962862	0.10331721802681708	0.275888404340478	0.17236783539692324
0.24138536440703973	0.20705037512433394	0.10331666627322622	0.2759308635743105	0.1723167306210893
0.24143002060551216	0.2069164232414822	0.10338926407235688	0.2759006029255239	0.17236368915512457
0.24143506159795936	0.20701346893262704	0.10333844631344898	0.2758211159195946	0.17239190723636982
0.24141802215249406	0.20694854688266406	0.10337495611256498	0.27590625901086985	0.1723522158414068
0.2413508795181259	0.206953156270485	0.10351125458724704	0.2758697944581586	0.1723149151659832
0.24137809866683477	0.20686601400072407	0.1034657722289981	0.2758971714067597	0.17239294369668312
0.24141344391065	0.20700874454572632	0.10340378512880759	0.27586020668438527	0.1723138197304306
0.2413570641328598	0.20706812776271674	0.10330757820035333	0.2759173106155958	0.1723499192884741
0.2414105525692202	0.20694678594730392	0.10338546001479085	0.27586655984599256	0.17239064162269221
0.24140435142880146	0.206927577632339	0.10344505811281615	0.27590775663025735	0.1723152561957858
0.24139281193099807	0.20695234547421787	0.10345663142037385	0.2758058631326344	0.17239234804177556
0.2414059469858646	0.206903818580674	0.10342410638327953	0.27587230891062564	0.17239381913955598
0.24137261756289444	0.2069017892995803	0.10351852286823945	0.27582744037844864	0.17237962989083688
0.24138495407481475	0.20701718259054733	0.10337164637393147	0.27588473178968065	0.17234148517102554
0.24139935252957284	0.2070540113765336	0.1032752463943676	0.27592382414086314	0.17234756555866254
0.24145793310356417	0.20690596710073353	0.10345228584203336	0.27586794111358165	0.172315872840087
0.24135812064008158	0.20700595360416993	0.10337804757474457	0.27593449362412364	0.17232338455688007
0.24135760971450299	0.2069791812733497	0.10342959030545738	0.2758899091154994	0.1723437095911903
0.24142905774731713	0.2069857182155454	0.10336472730090523	0.27589012325398565	0.17233037348224636
0.24141227039880478	0.20702003154774137	0.10334619044504714	0.2758917130770882	0.17232979453131825
0.2413809690521802	0.2068704950600532	0.10345333538540859	0.27591121288171877	0.172383987620639
0.2413913810429157	0.20687913626849294	0.10349964151207089	0.2758494283438287	0.17238041283269154
0.2414524475106033	0.2068865689639973	0.10340611709452241	0.27586015352810545	0.17239471290277134
0.24144809194977135	0.20689299660900098	0.10349912443427658	0.2758357552735795	0.17232403173337135
0.2413502213285078	0.20705651625427934	0.1033971595521325	0.2758217121196054	0.17237439074547475
0.2414253835563813	0.20697215502862693	0.10340653328819943	0.2758661032548938	0.17232982487189827
0.24138757374410036	0.2070698766642321	0.10337962197343571	0.2758008502223489	0.17236207739588272
0.24143604711266375	0.20706178292601748	0.10330528105358547	0.27586933129164193	0.17232755761609106
0.2414298594061018	0.20693917890801977	0.10338856025287164	0.27589654011722997	0.17234586131577656
0.24135251638727284	0.20698293596909367	0.10348648713895091	0.27586177018564695	0.17231629031903536
0.24140879777552188	0.20696884121056297	0.103414507771458	0.27584528474491476	0.17236256849754214
0.24138032578795868	0.20701604019051972	0.1034743528470703	0.27580436254144264	0.17232491863300844
0.24144989044301418	0.20699372907318214	0.10339272828824456	0.27583962282261926	0.17232402937293964
0.24143606829327463	0.20697256129700417	0.10343309150718641	0.2758117164510696	0.17234656245146496
0.24141121181189937	0.20696268211189955	0.10345080917881239	0.2758021401264439	0.17237315677094456
0.24140514850016237	0.20693077684853675	0.10345285219887698	0.27581798505768873	0.1723932373947349
0.24135123364545755	0.20699157178059502	0.10339168664198187	0.2759302831897982	0.17233522474216717
0.24142557887357557	0.2069868364295459	0.10330142865253125	0.27593330369632785	0.17235285234801914
0.24142185882013895	0.20692854485739995	0.10351261374605994	0.27581555075017844	0.17232143182622248
0.24142241934602815	0.20695600968076516	0.10349987154311749	0.2758048583288952	0.1723168411011938
0.241442969670926	0.20705003683199188	0.10327058304587514	0.2758958655729772	0.17234054487822953
0.24136539411552987	0.20699815039824018	0.10351329903747476	0.2757999418310252	0.17232321461772976
0.2413900237513333	0.20699169240999027	0.10342056415643876	0.2758844765038184	0.172313243178419
0.24137412130218577	0.20699842308878916	0.10334669090583098	0.27588673339871844	0.17239403130447536
0.2414476720785498	0.2069993616341771	0.10328485919238861	0.2759219266909943	0.1723461804038899
0.2414340543561585	0.20708650238041365	0.10328141612217041	0.27586506912215925	0.17233295801909793
0.2413946431146799	0.20699886398352552	0.10334778538781708	0.27588637430762764	0.1723723332063496
0.24141931373884878	0.206977664457496	0.10340643387430946	0.2758642800774816	0.17233230785186396
0.2414480274013387	0.2068825718704152	0.1034646819626627	0.27586845161024454	0.17233626715533865
0.24138057519579142	0.20686556555609442	0.10346956129140278	0.27589472165009715	0.172389576306614
0.24143060261194477	0.2070242814621614	0.1033406952629361	0.27586937613629736	0.17233504452666012
0.241378645479983	0.20698686356340257	0.10345877713186516	0.27580679757311327	0.17236891625163575
0.24144242298382673	0.20693320567350898	0.10335482097176715	0.27592341884872856	0.17234613152216832
0.2413982050302338	0.20690898321921497	0.10350927244297015	0.2758288673172379	0.172354671990343
0.2414583341350957	0.20700278110229722	0.10332807187821653	0.2758570973468539	0.17235371553753637
0.2413745959964097	0.2068948482196103	0.103486724609745	0.27588727897055276	0.17235655220368196
0.24138481956492358	0.20702669940390228	0.10336302705561735	0.2758444777003629	0.1723809762751936
0.24134802128382746	0.2069058751125012	0.1035508495894224	0.27586577519230715	0.17232947882194155
0.24136539680536123	0.20687174936827427	0.103525956877035	0.2759017757905578	0.17233512115877142
0.2413665894678047	0.2070198155449618	0.10341529051482294	0.2758443824895178	0.17235392198289248
0.24140787469294533	0.20700332569126503	0.10343336181804669	0.27581528536653427	0.17234015243120845
0.24135074446502375	0.20686386260273756	0.10355469438652373	0.2758579762104584	0.17237272233525638
