0.16482526030475558	0.14403299612293868	0.33007391080411075	0.2672950520363343	0.0937727807318604
0.16460262845198076	0.13654706902793412	0.3320444009672336	0.26872215794687637	0.09808374360597494
0.16136982006320544	0.15227321656563694	0.3294790920439474	0.2601983581096745	0.09667951321753547
0.1578065854966295	0.15153311651878346	0.32538910592734344	0.2654937936561287	0.09977739840111471
0.16061130712660573	0.13282421441292092	0.33547633352272965	0.2701455244172836	0.10094262052045985
0.16018634136986015	0.14341111985592236	0.33166906571014665	0.2659366494023529	0.09879682366171774
0.16553067476006036	0.1417930678868239	0.3340678247996312	0.2603037005207834	0.09830473203270099
0.1639630224151415	0.1412449598144579	0.3248143608969951	0.269464755193088	0.10051290168031728
0.16791744610048118	0.13499359295159477	0.33250916003655695	0.2657507056901715	0.09882909522119541
0.15695052431699671	0.15138785656233522	0.32866375032765216	0.2680763529416875	0.09492151585132819
0.16657505104778453	0.13169582547883724	0.33628379325992797	0.26737674253431315	0.09806858767913687
0.1628128106416336	0.14866309217080662	0.3237227307757694	0.26932245181092523	0.09547891460086497
0.16022354823395413	0.15953534310025647	0.32635107320121226	0.2599714145371289	0.09391862092744807
0.16110417345977568	0.14588061303460229	0.328670581880811	0.26411820664711033	0.1002264249777005
0.15914649200465364	0.14948649129571676	0.33390323891073626	0.25893605473491554	0.0985277230539777
0.16686228490977706	0.1453881365966971	0.32605114112717626	0.2617272316623402	0.09997120570400918
0.1664536270392531	0.14798882129563762	0.32310594671206055	0.26693680968781264	0.09551479526523587
0.16215036626676826	0.14798125709577103	0.3309915782111082	0.25823051400919367	0.10064628441715864
0.16612107298739645	0.14991854543711555	0.3257738507201583	0.26171687934895893	0.09646965150637059
0.16682992089603	0.14794162605110373	0.3266844155725267	0.2641994248817302	0.09434461259860924
0.1587959479994748	0.14122206900706916	0.3332191319941028	0.2696646128319673	0.09709823816738578
0.16167804150033183	0.1578890920317606	0.323182886020906	0.2581218745604384	0.09912810588656298
0.16473611032941274	0.14457814389875048	0.3231764472142495	0.2711181841874678	0.09639111437011932
0.15841121764997645	0.1542216714172971	0.32560936129164886	0.26559693215545543	0.09616081748562197
0.1668718309530799	0.13854630691256334	0.3317981994392827	0.268575773570831	0.09420788912424288
0.16241782511324115	0.1500321290204459	0.33063910559195664	0.2597825784462202	0.0971283618281359
0.16504428347813865	0.1462968143926821	0.3303948679720403	0.2641618356394324	0.09410219851770632
0.1588178840626824	0.1551724088253799	0.3231414313951449	0.2635191673731342	0.09934910834365845
0.15968237020814158	0.14337208271734994	0.3267747534018484	0.2700711696948773	0.10009962397778256
0.1651900600580508	0.13673563578218223	0.3328269798612276	0.27111014948312484	0.0941371748154143
0.15736869997242958	0.15602851745843413	0.3270293134753789	0.26465639742829705	0.09491707166546008
0.16783606937530915	0.1372484837536752	0.3319051436263453	0.26585181079970366	0.09715849244496642
0.16347798760669924	0.14507255515680498	0.3329068148491938	0.2593032133757644	0.09923942901153736
0.16244741541257335	0.14582572027529514	0.32148150347055704	0.2710799982825729	0.0991653625590013
0.15919226818075474	0.15111901654363918	0.3254827353217321	0.26414493518894705	0.10006104476492672
0.16530464878184176	0.13883835517842036	0.3286533034791908	0.27049314654534473	0.09671054601520211
0.15888894301221734	0.1484865773029737	0.33458883768341974	0.25918121738806493	0.09885442461332405
0.16228071004852548	0.1416788630866816	0.33399463725542233	0.26479000456504376	0.09725578504432661
0.16560160256438627	0.13662251383973054	0.32910781150739277	0.2694603357018519	0.09920773638663832
0.16788924102984742	0.13758429506986636	0.33357741064164703	0.26404446375881957	0.0969045894998194
0.15691534642032534	0.15004802320952004	0.3323394836435848	0.2662868632130859	0.09441028351348374
0.16144952840635374	0.15263974947363804	0.329555341384737	0.25942842391180365	0.0969269568234673
0.16433649964489502	0.1442373013083439	0.32883557712277234	0.2676440641077328	0.0949465578162558
0.15916289743768203	0.15864728028681224	0.32242945193667993	0.26217290181806285	0.09758746852076274
0.16779365335241503	0.13359423087719516	0.3368293817847838	0.2609128744313257	0.10086985955428011
0.16748516087055576	0.15264508968497573	0.3215517964878649	0.2637664966477581	0.09455145630884534
0.1614326516706815	0.1509865017407789	0.32200703994145125	0.267157331903482	0.09841647474360612
0.16111677725662138	0.15428550175553196	0.32696727765707034	0.2589775536061192	0.09865288972465694
0.16098523182496227	0.1423524455033756	0.33338839189517544	0.26854939614823997	0.09472453462824648
0.16294943128979147	0.142177289342443	0.33357692338103495	0.2610568469481904	0.10023950903853998
0.16578776594280076	0.13601766209978078	0.33502449124714917	0.2672322455599857	0.09593783515028335
0.16375195551916472	0.131668691270281	0.33389930705662385	0.26969915940845784	0.10098088674547237
0.1582633090215162	0.15179436011152375	0.32754731111003377	0.26343195469870706	0.09896306505821904
0.15746418914751598	0.15574660054572298	0.3243178227754884	0.2653341903431469	0.09713719718812552
0.15807604156672106	0.14263271161787883	0.33642550674297045	0.262179770889912	0.10068596918251747
0.16830481149617416	0.1324137871539589	0.33672832048488754	0.2682878152739211	0.09426526559105809
0.15940970746441063	0.15123939575084347	0.3268539377104542	0.2631898166952065	0.09930714237908504
0.16658036853331387	0.13411531147388783	0.3335622260940809	0.27005488107491393	0.09568721282380326
0.16016945002921654	0.14881664473540096	0.32199839604530145	0.2701480793546194	0.09886742983546148
0.16295877383527316	0.14581609022120573	0.3312103813191348	0.2611600450831851	0.09885470954120107
0.16854892777296565	0.13519389433855017	0.32778414115752436	0.269953942499758	0.09851909423120159
0.1578856021467742	0.15439888380637518	0.3312114023251595	0.260651824808505	0.09585228691318588
0.15809230621817233	0.15146641501289515	0.3331864646550786	0.262403204676697	0.09485160943715672
0.15967211450759805	0.14950981708118383	0.32756248650269787	0.2695147277332988	0.09374085417522127
0.16754756906898421	0.1503762438604499	0.3224493738708788	0.2653833197042056	0.09424349349548125
0.16094133862862411	0.13722837992546832	0.33712714221567297	0.27019639753989894	0.09450674169033543
0.1648942504014389	0.13981630703182374	0.32595320516347637	0.2690232009266911	0.10031303647656964
0.15859788779181277	0.15178545295136342	0.3261140527055304	0.26359393173705337	0.09990867481423982
0.15855214911195856	0.1489385847731039	0.32405093932983475	0.2704462606310165	0.09801206615408603
0.16572426155104403	0.14216262807320526	0.33635462575210273	0.258243741913212	0.09751474271043584
0.16239960362881817	0.15018867297940547	0.3268492314376501	0.26088196301877636	0.09968052893534973
0.16431065390291788	0.1507328606511783	0.3247967032966362	0.2640585486821985	0.09610123346706895
0.1641262838511637	0.14690893171870595	0.32245355375542994	0.27055977269779197	0.09595145797690824
0.16756242115488273	0.14233086010322568	0.3361488991738848	0.2586221678573005	0.09533565171070602
0.1577510034804699	0.1565237932673723	0.32578266001942985	0.2650459832173963	0.09489656001533144
0.16094158632442288	0.1521523043130257	0.32378989325885477	0.2684648436488442	0.09465137245485224
0.16252543518808082	0.1389871856792387	0.3340638073958745	0.2700187834483788	0.09440478828842695
0.16183481845893483	0.13521400933343075	0.333768562470018	0.2710240205452694	0.09815858919234675
0.16298603719617916	0.13838590479195556	0.3334433252689352	0.2707909506719889	0.09439378207094097
0.15953472700518276	0.1568150222675596	0.32430913400180217	0.25990471088525413	0.09943640584020112
0.15781603352183005	0.15989632532333034	0.32188857066025955	0.25933761396030314	0.10106145653427676
0.16439542535138596	0.13884816131257494	0.33488008846707307	0.26303611038970026	0.09884021447926561
0.16420036264182214	0.1493511396837242	0.33409141672851483	0.258389770328166	0.09396731061777264
0.16042100124769015	0.15736956753989426	0.3227687628743189	0.26155317448641996	0.0978874938516766
0.16307283353229396	0.13790961293329468	0.33620425410236077	0.2676097344548422	0.09520356497720825
0.16794456719594003	0.14239105234712252	0.3244076060782578	0.26587305513545073	0.09938371924322872
0.16628489697862056	0.1406853351563584	0.3332299642979305	0.26150882106442025	0.09829098250267009
0.1627570944552483	0.13932859020730065	0.3357679112167378	0.26568065370561184	0.09646575041510118
0.15993717506660132	0.14665143019869453	0.3314473882481828	0.26338027617213566	0.09858373031438547
0.1663620023779831	0.13703911707163868	0.33692977392338513	0.25886303550149853	0.10080607112549435
0.15800244041010966	0.13563864201808368	0.33740411929541203	0.26896002239635663	0.09999477588003784
0.15905500094374786	0.1523785616041598	0.32469666481370424	0.2656293313077253	0.09824044133066263
0.15935883941141318	0.15516105621652412	0.32985842148254396	0.2609755329534214	0.0946461499360971
0.16199547560430663	0.15401278337991547	0.3317492961533295	0.25839811435829557	0.09384433050415264
0.1676757631399227	0.14304306832181823	0.3307917823216072	0.2593639982918911	0.09912538792476053
0.16172421100659995	0.14306398399668124	0.3287303973683853	0.2689333983416219	0.09754800928671145
0.1608196577785975	0.14693996482570432	0.33573200240891354	0.2603136645829774	0.09619471040380705
0.166319517778973	0.14920350065517704	0.3238589909419168	0.2645067867624532	0.09611120386147971
0.16772855782815016	0.1351312608124008	0.3356852153126847	0.2639126550493528	0.09754231099741131
0.15695780884263483	0.15000863747025608	0.3292084862459792	0.2636231518039453	0.10020191563718438
0.15893929816304211	0.14139779936693103	0.33007687238539196	0.27114519844570983	0.09844083163892488
0.15772949474768347	0.15366539448781216	0.3261025315370669	0.263646624260173	0.09885595496726426
0.1658292924619535	0.14713482574402648	0.32337998779126453	0.26418718595459445	0.09946870804816091
0.1616436545507251	0.14294382990783389	0.3331229668462471	0.2651909574535345	0.09709859124165926
0.16321446646315363	0.13766599666162682	0.33014856973235107	0.27048330122694764	0.09848766591592065
0.163151820758322	0.13893050976188737	0.33701938583961244	0.26114968662598764	0.09974859701419037
0.16341477960792206	0.14329178645886104	0.328977902512448	0.26545059535149984	0.09886493606926886
0.16606168279499361	0.13685174641742268	0.33675029757884245	0.2605384735724893	0.09979779963625174
0.1684178427330383	0.13423412217935177	0.3303676110277971	0.2686209318883846	0.09835949217142806
0.16860158754345256	0.14801865539430578	0.32502802252505913	0.262911287149362	0.09544044738782032
0.16158711524762776	0.15695414873768326	0.3230247998971804	0.2598160981842717	0.09861783793323667
0.16389887994088076	0.14712964074839252	0.32811886976895255	0.2646124821503654	0.09624012739140853
0.1568521349260349	0.1466362743976935	0.3277929273872011	0.2678116480778121	0.10090701521125822
0.1650158767195874	0.14485593099085797	0.3266649907368048	0.26813708808020936	0.09532611347254034
0.16249776392272686	0.14070641704815462	0.33158141828377785	0.2693925087942036	0.09582189195113688
0.16438021389525959	0.13584488754452972	0.3353552101455323	0.26862316041839723	0.09579652799628093
0.16265798818719435	0.14396187076087869	0.33076416306503953	0.26235231804478915	0.10026365994209807
0.1642713595009983	0.13271760788477804	0.33376354976577294	0.2698951960842645	0.09935228676418598
0.15931188794141227	0.15510909922072105	0.32844754319686664	0.26067197488794164	0.09645949475305822
0.15829597490422767	0.1507943381314913	0.32817595693699636	0.2616304957648453	0.1011032342624392
0.16150352517179012	0.1409870699621173	0.33042220752182405	0.2692287481007911	0.09785844924347718
0.16003831680548847	0.14564632293637458	0.3332872586898349	0.266660474921267	0.09436762664703488
0.16208967623436568	0.1448438248093952	0.3332483491347716	0.2611562197523139	0.09866193006915343
0.1605547202623494	0.15232057951957723	0.3275535200648957	0.2620546720367681	0.09751650811640938
0.16114133562819696	0.14346499361446127	0.3368928518531029	0.26389502252808067	0.09460579637615801
0.161258331233256	0.14271492675439196	0.3274140338156301	0.26754649171634814	0.10106621648037355
0.16667181690217997	0.1367421670988	0.334658492510094	0.26360203495770934	0.09832548853121653
0.1603415219827294	0.1489063799501426	0.32954467342196603	0.26636877960925964	0.09483864503590209
0.1625505111097521	0.1483471785620866	0.3279063114941565	0.2669933700837316	0.09420262875027302
0.1588594180680723	0.1537032754994317	0.33300165481617505	0.26004419207577395	0.09439145954054681
0.16255818089254803	0.15264226217186896	0.324546544025258	0.26405996055075487	0.09619305235956993
0.16584891652650408	0.13646164813382997	0.33544913322606973	0.2622367620746241	0.10000354003897192
0.15813179520270637	0.1559549861288194	0.3233159598884563	0.2660737852030846	0.09652347357693314
0.1595828079071039	0.15187223313077983	0.32659017972654647	0.26463141792673944	0.09732336130883021
0.1630992655622454	0.13580472336866323	0.33389226522773363	0.2673882837761289	0.09981546206522865
0.16189401715380086	0.1449784037865861	0.32873748673950387	0.267470782028537	0.09691931029157196
0.16181075280981583	0.13262029230887848	0.33563689398619245	0.269757181006527	0.100174879888586
0.16366640548699163	0.14384945092428697	0.32712034936032325	0.2703245872724026	0.09503920695599538
0.16307458864683974	0.15503517159770785	0.32551316754298687	0.2618572841994449	0.09451978801302038
0.16504222013183964	0.14035256978914779	0.33348434330447574	0.2632494211777767	0.09787144559675989
0.16706425903326902	0.14445975819406626	0.32174158803221425	0.26559758202681044	0.10113681271363979
0.16785172108070442	0.15545276715887213	0.32437675425266027	0.25812080796146486	0.09419794954629812
0.16334179864686496	0.14394374195238577	0.33661536034190276	0.25942468396302143	0.09667441509582488
0.1589301035326294	0.15310446608869277	0.33051342912754605	0.2627931429939291	0.09465885825720252
0.16430338710049777	0.13454153841586186	0.3309339908790404	0.2697174842742084	0.10050359933039135
0.15806830854649978	0.14380446829132565	0.3358168737967818	0.26723133812475963	0.09507901124063294
0.16131805816900457	0.15371821846419795	0.32626418111803834	0.26396353858709243	0.09473600366166653
0.16151565698030565	0.14520826533719255	0.3363808474011488	0.2629909352376886	0.09390429504366424
0.16315927217057172	0.14531264429079446	0.33061154536192944	0.26063306001713366	0.1002834781595705
0.16650206953807067	0.1517439932369321	0.326872855670275	0.2606350816338726	0.09424599992084937
0.16162599383327797	0.14938394239503208	0.33010114399482715	0.2603837913115383	0.09850512846532422
0.16418672186644245	0.1410705203124809	0.32918505158624883	0.2651017984265129	0.10045590780831476
0.1622761025667197	0.14349525816903053	0.33300072831668937	0.26726073961885033	0.09396717132870988
0.16035484914519493	0.14539679615254492	0.336180031995256	0.2606038245337975	0.09746449817320646
0.1588535651543434	0.15000360763136364	0.3326726475712166	0.2601835823565233	0.09828659728655285
0.16319113483909098	0.13855883679658007	0.32990156292221307	0.26810834439614584	0.1002401210459698
0.16242263994176237	0.14436274847527197	0.32505895566272547	0.2703333287520949	0.09782232716814508
0.16509058844969332	0.14058492986356902	0.33712241730798864	0.2618172172896295	0.09538484708911932
0.16787064418328232	0.14989184517694526	0.32282970969444186	0.26502288624902526	0.09438491469630508
0.16711150763346264	0.14483153088679018	0.322465559458603	0.26550625241919384	0.10008514960195013
0.16724693280133124	0.14065537369038358	0.33062794635687975	0.2668300209786279	0.09463972617277733
0.16687972999354442	0.13953503390969133	0.32621378199496087	0.26710110814657684	0.10027034595522634
0.16331409614319314	0.13580503617061723	0.337155468642243	0.26397668337375974	0.09974871567018666
0.1569130644327135	0.1474231593047095	0.32726182268558196	0.2685213781169475	0.09988057546004735
0.16797414244477704	0.14328525813689652	0.32769460498805125	0.2670245863575899	0.09402140807268508
0.16376721557654894	0.1492660728235905	0.32878272806410597	0.2598351299791132	0.09834885355664116
0.16027578449505675	0.141276468576789	0.3346692882512271	0.2682181194814791	0.09556033919544776
0.1572842067640334	0.14167824759422337	0.33330102670792444	0.27116730623724106	0.09656921269657752
0.16688852075655963	0.14294442318295655	0.3287670105723359	0.26491393975396593	0.09648610573418173
0.1672103304508851	0.14098218558140213	0.3349903488857823	0.2595026170753525	0.0973145180065778
0.15833380212407275	0.14225314192460572	0.33608788490048735	0.26629350722408496	0.09703166382674902
0.15937113639998202	0.15131624590149162	0.3322177961247563	0.2630346111369284	0.09406021043684146
0.16403915470622898	0.14974367773746336	0.32367145222803545	0.26719321833492693	0.09535249699334508
0.16366487741803018	0.1372072308147842	0.3347590547337312	0.2655378546495536	0.09883098238390063
0.15925436144712068	0.1457784351967152	0.332969772866755	0.2638336392093452	0.09816379128006367
0.16761648074073743	0.1329584678285557	0.33391281410773604	0.2680736035456376	0.09743863377733306
0.16268219763304662	0.14272133967481143	0.3335577936699545	0.26640267115846106	0.0946359978637262
0.16339592731806324	0.1444028698203828	0.33622533347392475	0.25943385970349686	0.09654200968413217
0.16814049983970641	0.14293208602912352	0.3285089794758972	0.26197180626416794	0.09844662839110474
0.16828184390865714	0.14132142836465203	0.3219829382078392	0.26765545554528475	0.10075833397356669
0.16260973934463235	0.14841654055784714	0.3268728366165148	0.2653085330314948	0.09679235044951073
0.1664213488066325	0.14269961230926784	0.3255543940509037	0.26517776239183266	0.10014688244136305
0.1576519854952324	0.14246308721354445	0.33370532742967396	0.2685478596923936	0.09763174016915538
0.16456268134828278	0.14057578119067943	0.32794587629632094	0.26765452506959164	0.09926113609512502
0.1629594573478321	0.1479670148877786	0.3276568029864786	0.2654793780972833	0.09593734668062721
0.157298441257448	0.1545298004191742	0.3278746070859921	0.2599694816545851	0.10032766958280043
0.1622780915529325	0.151765028618652	0.32352539177091477	0.26799653354749153	0.094434954510009
0.16864487520829197	0.14078597677036547	0.33080358429563816	0.2637307415172213	0.0960348222084829
0.1636350271705771	0.15275957753601652	0.321811647992695	0.2674826976231314	0.09431104967757974
0.16127001559394374	0.14666509919618825	0.3339579332438954	0.2620600912447435	0.09604686072122892
0.15909926645104946	0.15824104440484316	0.32253322360336695	0.265840706132497	0.09428575940824324
0.1661554121877673	0.14624950207614307	0.3235052704569046	0.26398848550293985	0.10010132977624502
0.16321253794199944	0.14596745249214654	0.3318638447604952	0.2597940777372004	0.09916208706815823
0.1630289205549253	0.1433164439260036	0.32364962671393604	0.2701415742713299	0.09986343453380495
0.1574530990574678	0.15894438894741925	0.32863597164748737	0.25963085642713174	0.09533568392049366
0.16619510054336656	0.14890410258377618	0.3287432290127815	0.261300471735582	0.09485709612449357
0.16310397981844804	0.14672075159094533	0.3293706636634486	0.26568585373426723	0.09511875119289052
0.16727978552258443	0.13887205413500409	0.32558622042931507	0.2689187104195555	0.09934322949354069
0.15725918340084677	0.15671677539832496	0.3306170604717021	0.26097246836586063	0.09443451236326539
0.1570323038052305	0.1530053109020748	0.32212749339544533	0.26694914880153797	0.10088574309571113
0.16535678518462238	0.14886298986044572	0.32636177932395793	0.26482485711936293	0.09459358851161086
0.16367007962684454	0.14603929004515173	0.32455749707483983	0.26981312973308036	0.09592000352008329
0.1599373087060587	0.14127797256178765	0.33054129655249864	0.2674097321423475	0.10083369003730733
0.1593853304539072	0.14705632087767645	0.3360117560101661	0.25913147187406965	0.09841512078418038
0.16387064830606834	0.14726455175545214	0.33119236675530983	0.26357496624856874	0.0940974669346007
0.16248894471593925	0.14155250602166622	0.33517978298908835	0.25969008910555424	0.10108867716775174
0.16793790281789076	0.1417868810051412	0.3294873465741909	0.2650155018232192	0.09577236777955772
0.16157852313118176	0.1448635772149796	0.329044467359816	0.2641602320328637	0.10035320026115868
0.16219651276251276	0.1562337681972623	0.3268961160927503	0.2596915893596145	0.09498201358785989
0.16803848842650704	0.14616972920436896	0.3230545548540464	0.2638186712140308	0.09891855630104666
0.16057127343714966	0.1601553420285822	0.3214413112982192	0.25963590375828083	0.09819616947776796
0.1656835832440997	0.14955337793839218	0.325470699671343	0.25900948666544604	0.10028285248071883
0.1585255056537812	0.15928530384835993	0.3233873640692512	0.26029130498517977	0.09851052144342765
0.1642319685755978	0.13639363836577584	0.3363450338563857	0.2672618289911714	0.09576753021106904
0.16137560450797944	0.1461007076847441	0.3311731738639012	0.26118924628763557	0.1001612676557395
0.16135023440520085	0.14864274466155006	0.32284053270710655	0.2661652366974131	0.10100125152872919
0.16174901870451905	0.15231779984719204	0.3264266152193	0.25859662134496036	0.10090994488402835
0.15748253813902374	0.14798828380085283	0.3351734433410588	0.2602249104414249	0.0991308242776396
0.16368631765624622	0.1494615929673195	0.3252001736813318	0.2631078383915719	0.09854407730353026
0.1660599608521404	0.13395009796062057	0.33087188214375485	0.267960388331021	0.10115767071246301
0.16336634018500995	0.14470865807097028	0.3270434524252778	0.2692282280254147	0.09565332129332713
0.15902217497025817	0.15878982575072526	0.32144837094748424	0.2613609809973803	0.09937864733415183
0.15930520590568614	0.1485337564737271	0.32714834511434854	0.26696320475436364	0.09804948775187433
0.16164847692113213	0.15580491131927887	0.32567659396903403	0.26108975733451667	0.09578026045603806
0.16797473431230006	0.1456712741577597	0.32659838046855233	0.2611795991162562	0.09857601194513146
0.1668615496875125	0.13976277432166118	0.33517987633296953	0.2640419920084354	0.09415380764942118
0.16860042093641345	0.14281462994825267	0.32827366246786405	0.2620840357389951	0.09822725090847455
0.16049482029026835	0.1518438189350426	0.33239739121166995	0.2594171054821139	0.09584686408090504
0.16070921371854963	0.14248561724215625	0.33190795350738705	0.26783515443732786	0.09706206109457904
0.16447000884580004	0.14632362964535287	0.326935991473393	0.2613044406643743	0.10096592937107957
0.16671034358885814	0.1374203200854276	0.3354920879197577	0.26165004826735744	0.09872720013859895
0.1620267140462876	0.14937059595563834	0.3217606797629377	0.2667280588179225	0.10011395141721369
0.15713646307288026	0.14192530561024563	0.33321972016267776	0.26917981159643034	0.09853869955776584
0.16044205567424383	0.15170230440892205	0.32157704664307024	0.27054616256153685	0.09573243071222687
0.16714516707955718	0.13388864765848882	0.3360172902249621	0.2664265291540576	0.09652236588293406
0.16241539396543836	0.13606078077101036	0.33648478058379594	0.266494872791311	0.09854417188844417
0.16820081074773185	0.14352314730987029	0.3223413570422717	0.2708299866720035	0.0951046982281225
0.16855114998150975	0.14609135823435876	0.32264219543846745	0.2649937649741606	0.09772153137150322
0.15723807098938605	0.15934376184452576	0.3251189003949511	0.2633579012416698	0.09494136552946704
0.1589853237053562	0.1545331098753755	0.32779407805423144	0.2624979736714286	0.09618951469360806
0.16683022474243148	0.15184449741788392	0.3224034070916725	0.2601874014342943	0.0987344693137176
0.1650878862055202	0.1499235784897585	0.32545847261179417	0.26206530530379357	0.09746475738913336
0.1584147559078468	0.15649328341015983	0.3218195212513575	0.2671244927131272	0.09614794671750845
0.164439928101233	0.14083575878151183	0.33050346966874294	0.2704838164102602	0.09373702703825178
0.16215298073199352	0.1593429898200386	0.3251514433007709	0.2593230707520997	0.09402951539509705
0.15686143945417932	0.1402265927978619	0.33494189849907574	0.26972590306065936	0.0982441661882235
0.16735680380813453	0.13852251364912033	0.32998041488861274	0.26633299494799145	0.09780727270614079
0.16670373876321826	0.14239674634752325	0.3325371432498566	0.2582833595972119	0.10007901204218977
0.1674304000163358	0.1463373196910178	0.3246890173155086	0.26128260295824296	0.10026066001889468
0.15960497278874344	0.15538164222797052	0.32351871530904575	0.26654654217014917	0.0949481275040909
0.16756897299605078	0.13864537629458917	0.3282016243180895	0.2662630886788968	0.09932093771237356
0.16065239609347154	0.13415907659871096	0.3371503296201025	0.27106311309143094	0.09697508459628382
0.16642952571742362	0.14311760633916043	0.3264916655605567	0.268763859928473	0.09519734245438606
0.16740853211800985	0.14003727616170358	0.3316757318485575	0.26542709585568736	0.09545136401604154
0.1596027446693464	0.1504898573061853	0.32602049502128094	0.2690948439378389	0.0947920590653483
0.16320778901239572	0.14278563847120204	0.333073112920691	0.26379825508378885	0.09713520451192226
0.16081336596274	0.15328270017592407	0.3228007716653868	0.26380345128915056	0.09929971090679837
0.16415526948310255	0.1453568851807094	0.3289767757089458	0.26481515422010043	0.09669591540714162
0.16152970694885357	0.1518529509972305	0.3272896011457679	0.26500978523858887	0.09431795566955903
0.16623976323844003	0.13955246709165703	0.32960602499309827	0.27030696059074144	0.09429478408606301
0.16320423312158308	0.13817198145275544	0.3317197121324572	0.26600141413034833	0.1009026591628557
0.16135509767240933	0.15182164598238732	0.3230091079911436	0.26355543559798233	0.10025871275607728
0.1616076429503138	0.13975663493330143	0.3364364465667192	0.26484742355027546	0.09735185199938987
0.15855905701969053	0.15137884144661917	0.32394102933965013	0.2653465657083253	0.10077450648571466
0.15906285781663607	0.15717834849997683	0.32694887275940643	0.26146000281390236	0.09534991811007809
0.1644033422775446	0.15130557299032663	0.32158687874732517	0.26619151368167326	0.09651269230313017
0.15726756172134349	0.14086021137833712	0.33561592870362067	0.2693590540245359	0.09689724417216264
0.1641660202405238	0.14255787710867074	0.33514813014792466	0.25876244982521623	0.09936552267766435
0.16304233817825503	0.1417793162800628	0.3358413018897334	0.26357026342014817	0.09576678023180042
0.16707230467820017	0.14479031855529023	0.32764099425088633	0.26180496007994014	0.09869142243568296
0.1638746537361611	0.14290062578197163	0.3272933637279895	0.2674433363850959	0.09848802036878171
0.15761379052850738	0.15210084494593862	0.3352887326032564	0.26088931149484124	0.0941073204274561
0.15879364375927923	0.14352971537361509	0.33634048008258827	0.2663859432464158	0.09495021753810146
0.1662441250303243	0.143137321793475	0.3316984426014049	0.26497774224067705	0.09394236833411856
0.16476724999279857	0.13937705148758173	0.32929614951472064	0.2687306576341151	0.09782889137078381
0.15981320256977255	0.14428289204685874	0.3309033888798393	0.2651708077932642	0.09982970871026506
0.16062505490201587	0.15494257469495046	0.3258119050944923	0.2606662273200207	0.09795423798852046
0.16468170970532953	0.14547925125139805	0.3286107741409441	0.26116729286491425	0.1000609720374139
0.16471656355062714	0.1496561810554943	0.32415254198070476	0.26460756785031897	0.09686714556285463
0.16558331639115328	0.14603385877699226	0.3306807907530862	0.2590435298102328	0.09865850426853523
0.15791284316557175	0.16033498408147973	0.32194398969610577	0.2610057574437613	0.09880242561308125
0.16493948106683592	0.13964070713463916	0.33664139561980355	0.26406493517567137	0.09471348100304974
0.16087921987031634	0.1397863301008696	0.3334544575077	0.2695859447731763	0.09629404774793764
0.16317549274560575	0.14566843295322585	0.3299374627714533	0.2622692696681292	0.09894934186158572
0.16672337807407558	0.14175429996918776	0.32846856744232056	0.26712376700638263	0.0959299875080333
0.16551360247915314	0.15143371244889542	0.3262568377930912	0.25843490990132034	0.09836093737753963
0.15783690948949275	0.1412388099803748	0.3319036361674902	0.2704221002369998	0.0985985441256422
0.16249893993693687	0.15647137497702718	0.32657421979063006	0.26066305810115775	0.093792407194248
0.166259891894679	0.15354436583037737	0.3258306190237629	0.25901277739579825	0.09535234585538227
0.16464386947280557	0.1486468022113151	0.3235016213411091	0.2650159514231826	0.0981917555515874
0.16512301031171486	0.14765439623805926	0.32810126690617814	0.2581366939831266	0.10098463256092094
0.16117576592471772	0.15814390318763932	0.32745587850708724	0.2584725133224846	0.09475193905807094
0.1671729844496292	0.13199894726051006	0.33499102189906466	0.26985540296262384	0.09598164342817199
0.1616032605943375	0.14247797305894627	0.327673303329291	0.2707205154184579	0.09752494759896708
0.1620745344285944	0.1541757073873241	0.3279797747386546	0.25999215159802547	0.09577783184740128
0.16691402987083245	0.1372476811759255	0.3353807525344806	0.2636978854534083	0.09675965096535297
0.16801069694242057	0.13987290225115848	0.327947705231176	0.2630398905290367	0.10112880504620803
0.1657377415618484	0.13261141182755198	0.3344610495606479	0.2681815776380647	0.09900821941188676
0.16814967603832623	0.14149528956795732	0.33034705574750334	0.26519282432855085	0.09481515431766205
0.16529535919025298	0.1466069141024721	0.32713017773391034	0.2653279523667964	0.09563959660656796
0.16412092314952348	0.15566267757183538	0.3229635752493139	0.2590302740789304	0.09822254995039664
0.16076039203455902	0.1485413719890432	0.32634625728449407	0.2635613783149805	0.10079060037692295
0.16476282524911284	0.14902868136573	0.32693794206010285	0.2619905379693397	0.09728001335571441
0.16597265628653038	0.14429965526791352	0.3265664730761174	0.26643135242761107	0.0967298629418274
0.16507798130424556	0.1480695433961475	0.3305224534340518	0.2593118067303369	0.09701821513521805
0.16081875352686104	0.14576970568512637	0.3300504239900096	0.2655397826067227	0.09782133419128014
0.16764444534735642	0.13471467015025046	0.3311238104290591	0.2656044854047715	0.10091258866856234
0.16115562614944984	0.1392308259485543	0.33723088587890726	0.261937907671864	0.10044475435122444
0.16604843927794344	0.14838152514415615	0.3244754465167654	0.26001942704889036	0.10107516201224444
0.1613241269120282	0.14035352715279842	0.3347920838449908	0.26534984528207395	0.09818041680810842
0.16566608775616262	0.14979088791904782	0.3215001051664208	0.2645711378815917	0.09847178127677685
0.16325183923728634	0.14279932119553887	0.3242118201020047	0.26935144501735325	0.10038557444781662
0.16461306314180085	0.14594849996172038	0.33212478793525657	0.26054117845404107	0.09677247050718091
0.15796075598691545	0.15632514106725698	0.32658530627674476	0.2605403152311352	0.0985884814379475
0.16312759862796006	0.15101796967404113	0.32716396794704405	0.26362785417233403	0.09506260957862055
0.16818078614889298	0.145849719009833	0.32971405368197315	0.260931304368111	0.09532413679118965
0.16808030856840256	0.13728478236915745	0.3354453689855044	0.25812833291335074	0.10106120716358462
0.16855534556959587	0.13665613087466322	0.3278112526977688	0.26795650335507004	0.09902076750290192
0.16669505523771824	0.13339245210795614	0.3355448053291116	0.265083170705771	0.09928451661944288
0.16225596557944882	0.15744563873557177	0.3232303656471699	0.26038237297822836	0.09668565705958093
0.15930960175020392	0.147456440244474	0.33122641373024886	0.2660934984617853	0.09591404581328773
0.16630547943838092	0.13251518189508082	0.3324814947084582	0.26834325529649333	0.10035458866158653
0.1584826516269591	0.15449648266029606	0.33274327704497686	0.25966993979172925	0.09460764887603856
0.1656270032829189	0.14664613413550415	0.325828606123584	0.2642718388032241	0.09762641765476862
0.16141176676782484	0.14961427319031834	0.32699545547856623	0.2645901027402497	0.09738840182304069
0.15746391570223459	0.1440439162373017	0.3337876117133393	0.26635161183471884	0.09835294451240537
0.16207194489698595	0.14141795013966243	0.334676809186639	0.26082530124250625	0.1010079945342061
0.1654972473656124	0.14106368073939693	0.3328788004777147	0.2623815303371056	0.09817874108017019
0.16092543611066676	0.14910562562425111	0.3280239736629181	0.2639286316745268	0.09801633292763708
0.1674931571991483	0.1402244089388248	0.33389254737478186	0.2588803617221511	0.0995095247650937
0.16234244470145717	0.1394282296393482	0.33321158754847924	0.2640981204236212	0.10091961768709402
0.16109307622241828	0.15684201954411792	0.3224894047177279	0.26204903533278057	0.09752646418295512
0.16648539599129214	0.1438719283904895	0.3224407311387858	0.27083525768374495	0.09636668679568741
0.15848241551608994	0.14173530912523233	0.329677905548609	0.27001305303196554	0.10009131677810304
0.16322732919228025	0.1568096386631673	0.32220362131856817	0.26120792167781254	0.09655148914817151
0.159772984259062	0.15382862198170227	0.32787552968621725	0.26307583015925884	0.09544703391375942
0.16205238208566586	0.14823742091290706	0.3289209935635129	0.26448067728807045	0.09630852614984352
0.16622533128903627	0.13724334551642564	0.33355172178686093	0.2678155783788543	0.09516402302882271
0.1615678683432934	0.13261206974481177	0.33652996782558786	0.26840625291680315	0.10088384116950366
0.15810950575795654	0.15715340745484319	0.3219467888685525	0.2690642476615302	0.09372605025711739
0.1627145305815113	0.15526142683714178	0.3235617075029264	0.25937807375854827	0.09908426131987208
0.15818435283821744	0.14766852568540545	0.32714341041365047	0.2677001767379335	0.09930353432479294
0.16361839813624712	0.1461504335391296	0.3337975709408408	0.2609572104033241	0.09547638698045818
0.16687256779144213	0.13556990400699448	0.3364030029008854	0.26290142253856597	0.09825310276211188
0.15851372265342434	0.15086660801903662	0.3263896136749235	0.26932388407770985	0.09490617157490544
0.16442994547883266	0.14109905259596123	0.3279708326608658	0.2677988958867432	0.09870127337759695
0.16426036480759496	0.14700492980594607	0.32378747167525973	0.26888116160988995	0.0960660721013091
0.16002089245959564	0.14909144137661223	0.3301740234467394	0.2612558581866053	0.09945778453044724
0.16694362877559543	0.1471551259117982	0.32827160557409857	0.26029356682609545	0.0973360729124122
0.16793098993823447	0.13529497412738198	0.3319432676484809	0.26968060730321175	0.0951501609826907
0.1613566213293898	0.14162340174726956	0.33532351975760477	0.2678671784084041	0.09382927875733149
0.1577591831666809	0.13854149249564512	0.33572937782408663	0.26827603879315187	0.09969390772043529
0.16642205261009557	0.1417091619529134	0.3283674811946562	0.26919378173872377	0.09430752250361094
0.1612539540263507	0.13678348206101854	0.33614483911589865	0.26775690202614333	0.09806082277058857
0.16561348562817574	0.1475445451168055	0.3251481664587878	0.2612631658670489	0.10043063692918192
0.15998465441976412	0.14047194302999605	0.3354384480212903	0.2632071298438052	0.10089782468514413
0.1656445173700363	0.13217641923462325	0.33132839973053535	0.27072698320674793	0.10012368045805697
0.16262761519911614	0.14856941631891446	0.32989223693268144	0.2638729309790056	0.09503780057028219
0.161862097210064	0.1414317355360082	0.3356803729511404	0.26439735677214943	0.09662843753063771
0.1575209900820443	0.15254424146384404	0.3291991523095353	0.26494467269549304	0.09579094344908315
0.16273877029128336	0.1557416375707911	0.3220465804008709	0.25988980310505155	0.09958320863200287
0.1594919146833984	0.1523222066832444	0.3231672482754424	0.2705953407612791	0.09442328959663543
0.1574572126424393	0.15310449650200855	0.3294249584593275	0.262374710719923	0.09763862167630143
0.15875587029997104	0.15300314201821266	0.33077707675342094	0.2599876092490569	0.09747630167933825
0.16819645054632476	0.1383118519419301	0.3348105427132221	0.2601022287238134	0.09857892607470949
0.16795220445546966	0.13529627207657344	0.3343336248961296	0.26568952139159685	0.09672837718023025
0.16471202621165337	0.13786438632041956	0.33744959343324377	0.26219802255035746	0.09777597148432565
0.15892147605988202	0.15133183252157112	0.3278921138905351	0.26574708188495555	0.09610749564305601
0.16276392358903552	0.14700122024630283	0.3260002920890294	0.265140227432319	0.09909433664331303
0.1584259573365727	0.15024400577212557	0.3294525611450085	0.26795291969611573	0.0939245560501773
0.16813431654745958	0.1373707904964142	0.32938218464670066	0.26583035050534226	0.09928235780408315
0.16065337411499478	0.15739487493717297	0.32341153775539816	0.2630659501304676	0.09547426306196632
0.16663948738561993	0.1418543558112702	0.32372826892823514	0.2708371697400291	0.09694071813484548
0.1606924755704483	0.151812565710877	0.32499751751987294	0.2632539156409031	0.09924352555789843
0.16803396090144238	0.13410120782731766	0.3312728128772675	0.26648633082530654	0.10010568756866567
0.16756183230461913	0.13559565873759685	0.3355436952077808	0.2620831978310119	0.09921561591899111
0.15759342379169616	0.15949745986359143	0.32477923915049034	0.25879084018971366	0.09933903700450822
0.16277916933892098	0.15356576445011003	0.3313898476302576	0.2581156479905477	0.09414957059016356
0.16625516498017384	0.14087530390030495	0.3326793687878348	0.2603453073570302	0.099844854974656
0.16058196641797978	0.1570183409951767	0.3237893669129251	0.2587328110221834	0.09987751465173482
0.15997051555795677	0.152756696659966	0.3284096830355918	0.2587123056691754	0.10015079907730975
0.15715432065376506	0.14983794063636974	0.32878588166827816	0.2666567706038323	0.09756508643775455
0.1627620646643286	0.14431759068441816	0.3334146594199287	0.2599892883461029	0.09951639688522147
0.16510020171090414	0.1384262220733108	0.32690700509308496	0.27032220509531807	0.09924436602738182
0.16519825246437772	0.13627615834469076	0.33391636144521986	0.2669829205229247	0.09762630722278678
0.16806263617085354	0.14299947732981144	0.32138120970411105	0.2674537543051453	0.10010292249007846
0.1626216253625602	0.14014305563207968	0.32935843925922004	0.2695974137342138	0.09827946601192614
0.1661995371480315	0.1416368977057962	0.3290487673303534	0.26776074611139417	0.09535405170442449
0.16416199989548294	0.1489706994479872	0.32169520354025893	0.27108233238701035	0.0940897647292604
0.16650226709591626	0.13767886163779106	0.32681004426850746	0.26981001175237146	0.09919881524541359
0.15808010341400794	0.1480212782098888	0.33529755385640503	0.264333719242579	0.09426734527711904
0.15918734461288137	0.14475217912030242	0.3308365498485384	0.2653589620837408	0.09986496433453676
0.1636879273238534	0.1395750932924678	0.3348636787624908	0.2652002054944801	0.09667309512670769
0.16618963843270604	0.14868038488701113	0.3266804448224737	0.26381833557455137	0.09463119628325753
0.15712118347223242	0.15670164018279906	0.3222432046369469	0.26411194801452176	0.09982202369349967
0.16771375948824588	0.14367445184182462	0.3301293584216354	0.25889098544448	0.09959144480381392
0.15785588330419942	0.14184485530905444	0.33173914150554856	0.2703179191973308	0.09824220068386658
0.1610644847511209	0.14039469242045405	0.3326907705345298	0.26811753391121357	0.09773251838268153
0.1593037204996827	0.14211693212944557	0.3354423971811963	0.26409269679361563	0.09904425339605968
0.16690560459632334	0.13641095345828352	0.33328314570792006	0.2631821944507329	0.10021810178674001
0.16251225526111174	0.14919989489339824	0.32670540817809146	0.26073811651918	0.10084432514821841
0.15969355164284965	0.1428016423025863	0.3334186005096793	0.2629846690041333	0.1011015365407513
0.1586280515461678	0.1401086920047199	0.3356971600007699	0.2671063479825759	0.09845974846576631
0.1601561466206666	0.13666932857159983	0.33282345489097875	0.27110193061422827	0.09924913930252638
0.16561212609957063	0.153884046713804	0.3224505134376597	0.25854008747020385	0.09951322627876158
0.1622990172959286	0.13225586980132317	0.3372256763686872	0.2707322312288925	0.09748720530516826
0.16780586095953942	0.13680660176827325	0.32409759230432456	0.2710383827599927	0.10025156220786993
