0.2414630651390544	0.20697128031985237	0.10340263749138323	0.2759625000172884	0.17220051703242137
0.24146005018841715	0.20697345563923703	0.10340263411919627	0.2759682730667668	0.1721955869863825
0.24145314674687807	0.20697536009004894	0.10340609262421539	0.2759663785577521	0.17219902198110532
0.24146609459812618	0.2069663250224132	0.10340417305538417	0.27596459241649574	0.17219881490758046
0.24146641443961148	0.20696689977402696	0.10340343343466657	0.2759670888294198	0.17219616352227493
0.241469283435354	0.20697025563905852	0.10340487786895682	0.2759614781276162	0.1721941049290143
0.2414579653673909	0.20697084564585	0.1034039017344837	0.2759673710386432	0.17219991621363193
0.24145199676533766	0.20697536371816525	0.10340287237488623	0.27596966409435	0.1722001030472607
0.241459509984678	0.20696867969540958	0.1034043211654008	0.2759681156662802	0.17219937348823117
0.24144629980395108	0.20697645789708316	0.10340444553966027	0.2759711136365166	0.17220168312278866
0.24145120821921162	0.2069764348290984	0.1034060790335882	0.2759720659247289	0.17219421199337262
0.24146341487950243	0.20696880308950155	0.10340348630451959	0.2759665852217178	0.17219771050475838
0.24145108620561279	0.20697224524619737	0.10340613895944711	0.2759701951361685	0.17220033445257402
0.24144683961686336	0.2069753309064713	0.10340498801940602	0.2759710918973044	0.17220174955995465
0.2414608703591613	0.20696910962797962	0.1034037222915883	0.275969723980255	0.17219657374101555
0.24144424666766856	0.20697629747931742	0.10340594983800126	0.27597117661044285	0.17220232940456964
0.24145513803479196	0.2069661982546799	0.10340588769064468	0.27597252003934736	0.17220025598053587
0.24144789171450975	0.20697461167585066	0.10340269133158059	0.27597284174990333	0.17220196352815542
0.24145269351326348	0.20697101721336456	0.1034039785700496	0.2759721435631094	0.1722001671402127
0.2414550144205826	0.20697184649646697	0.10340505133351419	0.2759722210231473	0.17219586672628873
0.24145380634608637	0.20697267963505073	0.10340368660239196	0.275972574053213	0.1721972533632577
0.24145830370446736	0.20696698811265815	0.10340583846720755	0.2759707905540447	0.172198079161622
0.24144746548255633	0.2069747049477566	0.10340637120597479	0.2759710629012394	0.17220039546247262
0.24146288123457793	0.20696819105608283	0.10340259168270605	0.2759723280065347	0.17219400802009827
0.24146194042885125	0.20697086732416226	0.10340572439176662	0.2759590856577957	0.17220238219742393
0.24146293093832571	0.20697429441635606	0.10340412752056675	0.2759591933869434	0.17219945373780776
0.24145888929160747	0.2069759293893277	0.10340620493648219	0.2759592497759038	0.17219972660667854
0.2414664937760616	0.20696769769464415	0.10340577675529883	0.27596041433085783	0.17219961744313733
0.241451838128103	0.2069739638548472	0.10340552865815979	0.2759716464813591	0.1721970228775307
0.24145512095933003	0.20697538421385386	0.10340545025169379	0.2759661468554739	0.17219789771964816
0.24145084065861389	0.20697084834129473	0.10340312028246033	0.2759729014736953	0.17220228924393546
0.24147230312444917	0.20696667448809933	0.10340387530495715	0.27595913061660593	0.17219801646588812
0.2414621736996185	0.20697043224938325	0.10340401973182431	0.27596064493036754	0.17220272938880618
0.24145903678350514	0.20697316931415355	0.10340410426022328	0.2759621412803343	0.1722015483617835
0.24146370421596483	0.20697244409083712	0.10340225778786041	0.2759630687657643	0.17219852513957307
0.24146868820538037	0.20696672152943016	0.10340694119699355	0.27596055994395385	0.17219708912424178
0.24145297480188835	0.20697070622335226	0.10340201326783012	0.2759727496451918	0.1722015560617372
0.2414693950907651	0.20696679205985158	0.10340323034734647	0.27596554416098956	0.1721950383410471
0.24145916001132078	0.2069705664685461	0.10340339358528533	0.27596420350694917	0.17220267642789835
0.24145536896464337	0.2069718419063187	0.1034052816450715	0.27596568823972617	0.17220181924424
0.24145629540232627	0.2069755670001468	0.1034023761590591	0.2759634544803374	0.17220230695813019
0.24145142624570337	0.20697673769420188	0.10340335063876246	0.2759726758467237	0.17219580957460834
0.24145765149801493	0.2069725559012505	0.1034042899687227	0.2759694009313177	0.17219610170069394
0.24146173434246615	0.2069665863235671	0.10340217439544765	0.27597204687640214	0.1721974580621167
0.2414620291277024	0.20697105818492137	0.1034066769174991	0.2759627026020239	0.172197533167853
0.24145397250547657	0.2069703548410823	0.10340469211186809	0.27597065045463853	0.17220033008693428
0.2414531293018387	0.2069735363479336	0.10340587645651321	0.2759707958287081	0.17219666206500614
0.2414589741320301	0.20697336205236783	0.103404236153746	0.2759619426038685	0.17220148505798727
0.24145268689973964	0.20697447025908453	0.10340614410171105	0.2759709522417533	0.17219574649771127
0.24146024859305676	0.20697644008357596	0.10340356517416377	0.2759649770419591	0.17219476910724418
0.24145638784085738	0.2069688928045825	0.10340593966670066	0.27596738463971493	0.17220139504814427
0.24146377887159978	0.20697120837258934	0.10340337655880365	0.27596686374732904	0.17219477244967796
0.24146899276548764	0.20696687140028558	0.10340614937135673	0.27596351953760767	0.17219446692526214
0.2414585623629329	0.20696853652685132	0.10340459732412619	0.275971128722462	0.17219717506362736
0.2414625227184375	0.20697364481615355	0.10340361183867093	0.27596158654720837	0.1721986340795294
0.2414647962522198	0.20697046028494637	0.10340325798152165	0.2759615580780443	0.17219992740326762
0.24146006759151362	0.20697670132403656	0.10340607640625607	0.27595944936184774	0.17219770531634576
0.24145122900802438	0.20697629069583218	0.1034053327343561	0.27597237013608045	0.17219477742570666
0.24145481455322026	0.20697618386164535	0.10340478473754548	0.27596353841647947	0.1722006784311092
0.24146394213536393	0.2069691932037184	0.10340358177617649	0.2759669500458835	0.17219633283885746
0.2414665191274504	0.20697128694838132	0.10340616022988043	0.2759599255933498	0.17219610810093777
0.24145827421431584	0.20697461668884792	0.1034068417820508	0.2759634859740781	0.1721967813407071
0.24146345026305882	0.20697538114727054	0.10340459516693223	0.2759596330336658	0.17219694038907238
0.24146095922629618	0.20696965618117313	0.10340518200685056	0.275961811636122	0.17220239094955786
0.24146866316375049	0.20697078384226225	0.10340200008057458	0.2759637881990855	0.17219476471432693
0.24146638815392657	0.2069676029253945	0.1034059247564029	0.27596034006747006	0.17219974409680572
0.24146284068406215	0.20697115707021815	0.1034031764685618	0.2759615283910686	0.17220129738608908
0.24146574796607526	0.206967330243022	0.10340568683625306	0.2759632848859084	0.17219795006874106
0.24146915911943806	0.20696648907407628	0.10340341168559375	0.2759598112961056	0.17220112882478605
0.24145108420114336	0.20697408046583754	0.10340669296233561	0.2759663668500216	0.17220177552066163
0.2414495766167602	0.20697267734482977	0.10340267036393375	0.2759721747697008	0.17220290090477522
0.24145308854440992	0.2069751128146111	0.10340335964433608	0.2759682350494282	0.1722002039472145
0.24145796002205222	0.20697286474600396	0.10340451254072448	0.27596771931410463	0.17219694337711447
0.2414602949493222	0.20697409646788548	0.10340390202841779	0.2759675151940489	0.17219419136032538
0.24146758640009525	0.20697363098477334	0.10340290842457926	0.27596124192103877	0.17219463226951306
0.24145628373884157	0.206976821583371	0.10340608507765334	0.2759633186927002	0.17219749090743364
0.2414592802416277	0.20697239822046026	0.10340461887208921	0.27596218526025074	0.17220151740557185
0.24146055434798214	0.20697277811776318	0.10340204345569505	0.275966061510161	0.17219856256839838
0.24145992117134674	0.20696637212529875	0.10340463861939218	0.27597222724299203	0.17219684084097
0.24147011211151215	0.20696736372435914	0.10340277111890005	0.2759657330552838	0.17219401998994457
0.24145819835070043	0.20697362494089674	0.10340263672797705	0.27596871421199975	0.17219682576842582
0.24145425392905673	0.2069760196460331	0.10340338074464628	0.2759655344767595	0.17220081120350417
0.24146317889374289	0.20696677440002967	0.10340664067750736	0.2759659443981905	0.17219746163052932
0.24146731791953865	0.20696642778272112	0.1034063592188467	0.27595980356723526	0.17220009151165805
0.2414544739382542	0.206970001947561	0.10340634888234536	0.2759670282570057	0.17220214697483352
0.24145911266795528	0.20697169104414714	0.1034038884797831	0.2759705426856278	0.17219476512248635
0.241457417401153	0.20697236337196448	0.10340650669793705	0.2759678508885418	0.17219586164040346
0.24145345957663458	0.2069686482785405	0.10340622256383097	0.275969926125771	0.1722017434552227
0.24145667642484386	0.20697261376290038	0.1034022256410441	0.27597261163297837	0.17219587253823307
0.241463203303111	0.20696967543201408	0.10340249848091487	0.27596213705983824	0.17220248572412153
0.24145774903675038	0.20697264231369222	0.10340261105033405	0.27596664567745255	0.1722003519217706
0.24144863907723096	0.20697639571893248	0.10340315598097988	0.27597144512609045	0.17220036409676595
0.24146284928402095	0.20697555215300673	0.10340395684284076	0.27596175111846055	0.17219589060167076
0.24146293507067756	0.2069750992155498	0.10340517245328358	0.27595914389151477	0.17219764936897397
0.24145769956874447	0.2069665667907112	0.1034039219569051	0.275970895475795	0.17220091620784397
0.24146374037137264	0.20696941666418153	0.10340524219845178	0.2759650217544386	0.17219657901155522
0.24147393513918747	0.20696687735149025	0.10340236357151647	0.2759595961278435	0.1721972278099621
0.24146409164254634	0.20697463696232593	0.10340296409193561	0.27596103382548365	0.1721972734777082
0.24146643367211013	0.2069668830178794	0.10340264987157546	0.2759674600630182	0.17219657337541652
0.24146501815917779	0.20696668480038194	0.1034022198411163	0.27596437731992407	0.17220169987939965
0.24146468386501155	0.2069662511985041	0.10340504316707726	0.2759610681787713	0.17220295359063556
0.24146080820380583	0.20697138992038416	0.10340440395487141	0.27596535334406735	0.17219804457687096
0.2414531078592368	0.20697155709572856	0.10340264994861194	0.2759703140222128	0.1722023710742097
0.2414658251023944	0.20697356717664261	0.1034020577680029	0.27595913369757274	0.17219941625538707
0.24146578554961148	0.20696839502644057	0.10340522656010044	0.2759594750106634	0.17220111785318382
0.24145701988426144	0.20697398553997362	0.10340497666732802	0.27596256890308146	0.1722014490053552
0.24144925485430935	0.20697635698648703	0.10340430519977184	0.27596771933026626	0.17220236362916527
0.2414569077956502	0.20696794399582819	0.10340224247291768	0.2759703479241651	0.17220255781143862
0.24146198257427964	0.2069683282965753	0.103406065371169	0.27596478613183206	0.17219883762614374
0.24145029884033697	0.2069744692047568	0.10340576563412099	0.27597285217525536	0.17219661414552961
0.24146432648397448	0.20697061473253625	0.10340570657764482	0.27596494871628585	0.17219440348955833
0.24146021360397146	0.20696652285618988	0.10340528907579785	0.2759667930855532	0.1722011813784873
0.24145308618902755	0.20697461673363882	0.10340682455032624	0.2759686337926896	0.17219683873431754
0.24146015201300736	0.20697121976511085	0.10340585027083792	0.27596012498891553	0.17220265296212806
0.24146365509665546	0.20697453035649008	0.10340581803821901	0.27596064837098094	0.17219534813765427
0.24146282176912004	0.20696892373256234	0.10340585144162244	0.2759635778074243	0.17219882524927063
0.24146264743032314	0.20696943172437696	0.10340211493106327	0.2759693850210899	0.17219642089314652
0.2414664245866009	0.20697191045998595	0.10340369772883069	0.27596160317852614	0.17219636404605612
0.2414582089386917	0.20696897348285123	0.10340348496834387	0.27596870727445966	0.17220062533565333
0.24146265271820389	0.20697248807475438	0.10340212063770833	0.2759621172158366	0.17220062135349656
0.24145655039164368	0.20697205894687412	0.10340426206843523	0.27596680977961313	0.1722003188134336
0.24144989277148676	0.20696809664612217	0.10340689821203154	0.27597232960579654	0.17220278276456277
0.24144781932541218	0.20697493738617923	0.10340562345804429	0.2759717364367812	0.1721998833935829
0.24146455701958214	0.2069714386031357	0.103406097721073	0.275959933961405	0.17219797269480394
0.24145084141469403	0.2069742459348683	0.10340689461033489	0.2759654258747289	0.1722025921653737
0.24146541201238295	0.20696739427171768	0.10340574530112595	0.27596435544065456	0.17219709297411864
0.24146078595973836	0.2069729588535666	0.10340206456213323	0.2759649499214037	0.17219924070315784
0.2414525564398221	0.20697245909343553	0.10340362268494337	0.275970909561214	0.17220045222058472
0.241461968761713	0.20697503386710256	0.10340580859230249	0.275962578103478	0.17219461067540368
0.24146075734700778	0.20697399364529653	0.10340429559575463	0.27596147713792263	0.1721994762740182
0.24145440960838652	0.20697530999538832	0.10340677381505756	0.2759693632169714	0.17219414336419592
0.24146737593107037	0.20697405014915746	0.10340239412699145	0.2759618772856206	0.17219430250715984
0.24146505325047438	0.20696893202802252	0.1034033444496764	0.27596664190794734	0.17219602836387912
0.24145447433834819	0.20696630413359862	0.10340630409506438	0.2759714875760222	0.1722014298569664
0.24144503897491298	0.20697583043730017	0.1034043455162375	0.2759724654477853	0.17220231962376378
0.24144643261288506	0.20697528432198212	0.10340518736276166	0.2759729749218741	0.1722001207804968
0.24145407463888713	0.2069753126249901	0.10340397637798751	0.2759687609147334	0.17219787544340162
0.24145788603594015	0.2069754588094056	0.1034037198548827	0.2759689205984331	0.1721940147013382
0.24146864406272633	0.20697099184114687	0.10340638011337633	0.27595900395565176	0.17219498002709843
0.24146690613990895	0.20696890570696544	0.10340492637543877	0.27596204646745115	0.1721972153102354
0.24146474614199398	0.20696789069931246	0.10340606776024301	0.27596281930566485	0.17219847609278544
0.2414625479694809	0.20697178254411996	0.1034034037377687	0.2759601490907494	0.17220211665788077
0.2414607959428109	0.20697268082975112	0.10340323427827841	0.2759665794690441	0.17219670948011523
0.24146814610370526	0.2069661228201894	0.10340355061200376	0.27596406144053703	0.17219811902356433
0.24146158410257823	0.20697342548110112	0.10340200573185505	0.27596650381203724	0.1721964808724281
0.2414684962813602	0.20696803639602707	0.10340665961590792	0.27595969629148026	0.17219711141522429
0.24146098209918002	0.20697147768498	0.10340261276434216	0.2759704508621718	0.17219447658932577
0.24146368602794194	0.20697263669438853	0.10340283935316763	0.2759628645653962	0.17219797335910542
0.24145833814565534	0.20697301446355532	0.10340687326499638	0.2759674405298451	0.1721943335959476
0.2414558709784787	0.20697385695802695	0.10340621098757148	0.27596310039043453	0.17220096068548807
0.24145427026248745	0.20697628367006746	0.10340226984127418	0.27596894335367206	0.17219823287249864
0.2414581377550466	0.206967490999563	0.10340581061300544	0.2759712640014676	0.1721972966309171
0.2414616780572226	0.20697417836178955	0.10340530898725148	0.27596427735875684	0.17219455723497926
0.24145471253215778	0.20697559757741488	0.10340634771598425	0.2759606317824079	0.172202710392035
0.24146246708593713	0.20696731209314825	0.10340485123075151	0.27596873807621203	0.17219663151395082
0.24145653700681685	0.20697061297396627	0.10340212629415146	0.27597169413604067	0.17219902958902447
0.24146100758928796	0.2069756015997925	0.10340462335354803	0.2759614042328426	0.17219736322452864
0.2414585763911991	0.20696833388991062	0.10340528305049425	0.2759686465833471	0.1721991600850487
0.24145281572755378	0.2069697714597937	0.1034067769435303	0.27597000859179094	0.17220062727733107
0.24144638786454858	0.20697606031418606	0.10340650557855492	0.27597072316786686	0.17220032307484334
0.2414619647054302	0.20697682321223587	0.10340234820387506	0.27596194073995794	0.1721969231385007
0.24145674933772487	0.20697111470705504	0.10340565393382462	0.27596615291600574	0.17220032910538952
0.2414508921486607	0.20697633755116635	0.10340669374456073	0.2759686975264244	0.17219737902918758
0.24145965334198333	0.20697149372747325	0.1034037597769024	0.275970839676942	0.17219425347669876
0.2414574035724567	0.20697186108094545	0.10340631023708775	0.27596493716553905	0.17219948794397077
0.24144717536207622	0.20697627250431602	0.103403478824299	0.27597048302780847	0.17220259028150006
0.24145884797775574	0.20697583987159587	0.10340588016823297	0.2759592752691651	0.17220015671325006
0.2414522065977846	0.20697478123616253	0.10340482779336234	0.2759724109963944	0.17219577337629588
0.2414636318519311	0.20697583247840126	0.10340311495834736	0.2759626482799473	0.1721947724313727
0.24145960315449103	0.2069691127219637	0.10340289805488695	0.27596705388750686	0.17220133218115122
0.24146767846871808	0.2069696419279129	0.10340470521179011	0.2759634293286681	0.1721945450629106
0.24145611426613353	0.2069764249811625	0.10340597636059265	0.2759672772974171	0.172194207094694
0.24146186364777425	0.20697483985521067	0.10340654170406226	0.27596199094304336	0.17219476384990925
0.24146888837154518	0.20697082427503688	0.1034041318187045	0.27596134143749473	0.17219481409721843
0.24145048188571278	0.20697643267873153	0.10340503034920438	0.27597275776570884	0.17219529732064223
0.2414629687815129	0.2069723333678477	0.10340442261510066	0.27596339936535885	0.17219687587017968
0.24146162421315434	0.20697269979359392	0.10340215232133335	0.2759611575496066	0.17220236612231157
0.24146616061908616	0.20697312665199308	0.10340259419559455	0.2759610079316071	0.17219711060171886
0.24146644017039975	0.20697044714114865	0.10340540432220963	0.2759603648738136	0.1721973434924281
0.2414650326736058	0.206967899368284	0.10340408442985079	0.2759679958619875	0.17219498766627164
0.24146626595327153	0.2069674168172688	0.1034039781066586	0.2759645715853628	0.17219776753743798
0.24145500940386747	0.20696898573809075	0.10340431044234245	0.27597160182892466	0.17220009258677446
0.2414622112366046	0.2069672462829133	0.10340485982195989	0.2759685386509729	0.17219714400754904
0.24145894191331033	0.2069746529261901	0.1034050563178869	0.275965986161106	0.1721953626815064
0.24146433161432104	0.20696796047294172	0.10340263436360468	0.27596208818673695	0.17220298536239534
0.241455106626535	0.20697301957911693	0.10340622208049095	0.2759692298984371	0.17219642181541983
0.24145949540792033	0.2069705836879734	0.10340400016389135	0.2759655627569549	0.17220035798325978
0.24145525124170225	0.20696891083326013	0.10340496711869313	0.27597142809192704	0.17219944271441723
0.24145688099876692	0.20697416564730756	0.10340563280286318	0.2759662995669162	0.1721970209841459
0.24146671448130186	0.2069712164617899	0.10340472000521002	0.27596062726600623	0.1721967217856917
0.24145859822583604	0.20696702010351978	0.10340359206170589	0.27597085536351174	0.17219993424542637
0.2414614674150668	0.20697460078507735	0.10340378343683192	0.2759590098074062	0.17220113855561753
0.2414606778691694	0.20697339811541027	0.10340588269813263	0.27595910223557135	0.17220093908171613
0.24146698161319835	0.2069713521239396	0.10340265083999772	0.2759632457288847	0.17219576969397937
0.24146452392893303	0.20697464984882968	0.10340382689413077	0.27596098332005525	0.172196016008051
0.24145322698946192	0.2069708342402173	0.10340430759856029	0.27597012938108856	0.17220150179067167
0.24146533842369283	0.20697005625206352	0.10340272887160926	0.2759663534120484	0.17219552304058575
0.24146509113653247	0.20696704282078365	0.10340598575935227	0.2759608739154131	0.1722010063679183
0.2414543036653441	0.20696766209175688	0.1034067410843966	0.2759713036558069	0.17219998950269527
0.24146062948917535	0.20696902043333965	0.10340646683709233	0.2759665423213627	0.17219734091902975
0.2414651621170233	0.20696616072031299	0.10340672381135668	0.27596768740653277	0.17219426594477405
0.24145973901575352	0.20697234086498162	0.10340577082496474	0.27596346489440965	0.17219868439989022
0.2414632226236577	0.2069678392144804	0.10340313724127348	0.27597167545454904	0.17219412546603916
0.24146228627738187	0.20696611277106916	0.10340681366549304	0.2759651225056472	0.17219966478040852
0.24145709771778034	0.20696972484517254	0.1034066089135565	0.27596992524377895	0.17219664327971143
0.2414555175897004	0.20697488484657708	0.10340293159324923	0.27597241418820284	0.17219425178227019
0.24147434422023709	0.20696768523466416	0.10340209538634174	0.275960375119756	0.17219550003900072
0.24146714889508059	0.20697025481302467	0.10340369132544598	0.27596155616831497	0.17219734879813353
0.2414633372192282	0.20696904359738316	0.1034040779462874	0.2759692061850771	0.1721943350520239
0.24147366609525306	0.20696709497858146	0.10340398989686045	0.27596075137004195	0.17219449765926287
0.24146341343092467	0.20697408682757787	0.10340233261979904	0.27596289264029517	0.172197274481403
0.24145953481486507	0.2069679769042535	0.10340672627224347	0.2759687143868524	0.1721970476217853
0.24145442589142774	0.2069741394701806	0.1034055579589523	0.27596937893006346	0.17219649774937573
0.24145183509774665	0.20696901889432737	0.10340356916155982	0.27597299158203004	0.1722025852643359
0.2414636142145086	0.20696640744559108	0.10340321832863246	0.27596535821578555	0.17220140179548205
0.24145747354583252	0.20697046516894704	0.1034065200961929	0.2759672778349419	0.17219826335408542
0.24146177494450866	0.2069731661612243	0.10340298998746512	0.27596448767616816	0.1721975812306335
0.2414451167973919	0.20697605688673118	0.10340349976744244	0.27597246236834794	0.1722028641800863
0.24145680500111505	0.20696862539224384	0.10340586451682751	0.2759715120278156	0.17219719306199774
0.24146295055136302	0.2069734226223953	0.10340369154726667	0.27596121794834916	0.1721987173306256
0.24146293665520985	0.20697320235810812	0.10340438175925439	0.27596421264405424	0.17219526658337314
0.24146046660431542	0.20696646402994726	0.10340251398784742	0.27596812976836815	0.17220242560952154
0.2414650533243212	0.2069662145893711	0.10340431030849476	0.27597008330588046	0.17219433847193222
0.24146066968984303	0.2069767895499758	0.1034029268179147	0.2759640975338268	0.17219551640843944
0.24145988533058885	0.20696992352501814	0.10340469969591269	0.2759649415898774	0.17220054985860267
0.24145678184958858	0.20696976588884122	0.10340697683531305	0.2759656389575855	0.1722008364686714
0.24145663272263143	0.20697444735536635	0.10340671137034403	0.2759634849032544	0.17219872364840352
0.24145655358206208	0.20697112016047217	0.10340553964692238	0.27597031025717284	0.1721964763533703
0.24145673451144328	0.20697434980018498	0.1034029681569991	0.2759696842635949	0.17219626326777743
0.24145441655806185	0.20697445414640359	0.1034056572161242	0.2759676125866135	0.17219785949279665
0.24146670503597978	0.20696653511680635	0.10340302272092411	0.275961442630254	0.1722022944960354
0.24145246767102815	0.20697085687959188	0.10340402047570273	0.27596987169573567	0.17220278327794133
0.24145686203428515	0.20697566186927444	0.10340514728647197	0.2759615243351649	0.1722008044748033
0.2414532281114896	0.2069716158429081	0.10340575703401624	0.2759720013048155	0.17219739770677037
0.24146092772842798	0.20697585575077898	0.10340633480526423	0.27596101633826575	0.17219586537726278
0.24146366893919477	0.20696902287578417	0.10340395430912773	0.27596880513081945	0.17219454874507362
0.24146296131078807	0.2069673365293305	0.10340395077813348	0.2759693508785791	0.17219640050316862
0.24146025025945256	0.20697623117496522	0.10340318731543387	0.2759643171003511	0.17219601414979704
0.24146204630921034	0.20696786992604868	0.10340231023758498	0.2759660203812779	0.17220175314587788
0.24145890450978524	0.20697095967825327	0.1034054314300309	0.27596903131579525	0.17219567306613512
0.24146387714191805	0.20696671573820977	0.10340372971612535	0.2759668492589825	0.1721988281447641
0.24146314217067105	0.20696774598178724	0.10340317895699777	0.2759642067628817	0.172201726127662
0.24145110246621118	0.2069751402232372	0.10340605290851115	0.2759724448200719	0.17219525958196835
0.24145973638716148	0.20696888730365423	0.10340329676574396	0.27596606690162256	0.17220201264181756
0.2414473604152436	0.20697569624742562	0.10340678018572876	0.27596928241002144	0.17220088074158033
0.24144971655797587	0.20697566532418782	0.10340244456989142	0.2759708322195811	0.17220134132836357
0.2414585544521028	0.20697447177338837	0.10340416928281268	0.275961434161318	0.17220137033037788
0.24145276733770063	0.2069693171936257	0.10340679483409984	0.2759711232066897	0.17219999742788386
0.24145414726807993	0.20697550718722318	0.10340591937784746	0.27596391250079955	0.1722005136660496
0.24146296255682856	0.20697556231173517	0.10340280340734405	0.27596273871312493	0.17219593301096708
0.2414504789800811	0.2069699009710731	0.10340544498537199	0.27597238336842606	0.17220179169504748
0.24145770540537695	0.20696800177147534	0.10340566471922653	0.275972889325554	0.17219573877836689
0.24145833381634563	0.20697338886343278	0.10340669028130459	0.2759607381667059	0.17220084887221085
0.2414680130267273	0.20696600020217326	0.10340379779055071	0.2759674743867173	0.17219471459383118
0.2414590065759808	0.20697400222356468	0.10340404562867367	0.2759686139287438	0.17219433164303685
0.24146959764874634	0.2069676567376875	0.10340459028921627	0.2759606565097949	0.17219749881455476
0.2414501951867699	0.2069766749284555	0.10340651122181385	0.27596931992079926	0.17219729874216122
0.24144469535409774	0.20697685536365829	0.10340629909083654	0.2759704970299367	0.17220165316147049
0.24145757763353196	0.20697476297679707	0.10340482697274662	0.27596259586206473	0.17220023655485941
0.2414580772516964	0.20697111446451263	0.10340404637180563	0.27596459893499675	0.1722021629769883
0.24145945927103307	0.20696861580472894	0.10340458435498155	0.2759655927442327	0.17220174782502345
0.2414610631017467	0.20697072741778255	0.1034036623004362	0.2759636353940743	0.17220091178595998
0.24146156938876912	0.20697356956088686	0.10340249913758955	0.27596118296691435	0.17220117894583986
0.2414634511695844	0.2069703560608684	0.10340634433279951	0.27596137738186727	0.17219847105488018
0.24146878600416613	0.20696606015594515	0.10340436983550993	0.27596281579632576	0.1721979682080528
0.24145728995880367	0.20697082227705893	0.10340606795137684	0.2759642193742956	0.1722016004384647
0.24146764746043842	0.20696626925464848	0.10340599414058177	0.2759636538964234	0.1721964352479077
0.24145629869912982	0.2069696886641458	0.10340545368534608	0.27596634443910767	0.17220221451227039
0.2414683194132132	0.20697096220113856	0.10340643311968842	0.27595952575685984	0.1721947595090997
0.24145753214144722	0.2069758799230114	0.10340264181199943	0.2759664778378189	0.17219746828572274
0.24145271329739423	0.20697684898015895	0.10340599445505631	0.2759662380074815	0.17219820525990878
0.2414689464716264	0.2069714086948184	0.10340351132781248	0.27595930799623497	0.17219682550950755
0.24146423435007697	0.20697028152856642	0.10340405465840263	0.27596457298787436	0.17219685647507937
0.24146315126639273	0.20697160993531197	0.10340256039992377	0.2759612128136032	0.17220146558476807
0.2414503128886209	0.20697453417707273	0.10340619671347392	0.2759717897038621	0.17219716651697012
0.2414594819672568	0.20697092459750377	0.10340227719154081	0.2759685857551407	0.17219873048855766
0.2414647399316188	0.20697294207759684	0.10340201281244403	0.27596195426371634	0.17219835091462377
0.24145608374834535	0.20697160973753645	0.10340445944109124	0.2759682058030795	0.17219964126994725
0.24144963235800673	0.20697246504389957	0.10340485832774654	0.2759723371405437	0.17220070712980323
0.24145786656233292	0.20697620352591842	0.10340380832589705	0.2759640078144334	0.17219811377141797
0.24146092579908507	0.20697195586716824	0.10340628058979419	0.2759612826656075	0.17219955507834478
0.2414586835350509	0.206968615481761	0.10340247299444802	0.2759720778701556	0.17219815011858425
0.2414579948686591	0.2069768372116909	0.10340346373095793	0.2759648938242806	0.1721968103644112
0.24146309543758188	0.20697420576015155	0.10340245114772824	0.27595992783177553	0.17220031982276257
0.2414651038020293	0.20697034381387078	0.10340430332029345	0.2759627608871881	0.1721974881766182
0.2414623825882058	0.20697469218839817	0.10340248430740091	0.27596635734011743	0.17219408357587745
0.24145704899486242	0.2069755109467149	0.10340210759538868	0.2759651231739233	0.17220020928911042
0.24145981633936012	0.20696600414609934	0.10340616450198283	0.27596670048010663	0.17220131453245083
0.24145996131744588	0.20696910627920453	0.10340444195182433	0.2759688844035575	0.17219760604796758
0.24146106902924128	0.20696778531176915	0.1034051553443976	0.27596883211910966	0.17219715819548204
0.2414679338802056	0.20696624704033675	0.10340566649524709	0.27596344482440294	0.1721967077598074
0.24145345106869373	0.2069759461577428	0.10340518814387877	0.27596382642027445	0.17220158820941
0.24145445104494112	0.20697366536314415	0.10340202305363838	0.2759713345239973	0.17219852601427882
0.24147059107548427	0.2069692752377178	0.10340266764962917	0.2759602792847893	0.17219718675237924
0.2414640059709488	0.20696926825909448	0.10340560958118969	0.27596539069591547	0.17219572549285134
0.24146624963113153	0.20696920906924784	0.10340512934843286	0.27596458408873914	0.1721948278624484
0.2414639439884843	0.2069698520124648	0.1034043006106042	0.27596225134034824	0.17219965204809823
0.24145366894598425	0.20697377363249408	0.10340589869337694	0.2759649154096731	0.17220174331847135
0.24145807472880965	0.20697239273715382	0.10340660721460622	0.2759650701671444	0.17219785515228567
0.2414500276336905	0.20697535758077598	0.10340336649191822	0.2759694028387526	0.17220184545486245
0.24146162838498486	0.20696922155590197	0.10340448039411501	0.2759641220073548	0.1722005476576431
0.24146859794637268	0.2069702954438779	0.1034067952729065	0.2759600454940031	0.1721942658428396
0.24144927004808167	0.2069745933974101	0.1034065749955855	0.2759678551928673	0.17220170636605517
0.2414560832782812	0.20697599927050492	0.10340568738743058	0.275960262816502	0.17220196724728112
0.2414578927043981	0.20697254159837944	0.10340630193436316	0.2759675115786801	0.17219575218417893
0.24147097351437558	0.20696896530348224	0.10340250131237604	0.2759623421939524	0.17219521767581353
0.2414652414595688	0.20696805559780854	0.10340540664832676	0.27596359016836314	0.1721977061259325
0.24145899604766358	0.20697427079534636	0.10340237334512883	0.2759620775987963	0.17220228221306466
0.24146441938830215	0.20696640705187136	0.10340605821765271	0.2759614536742127	0.1722016616679608
0.24146659890762487	0.20696822116808636	0.10340609320569849	0.2759628694946961	0.17219621722389397
0.24146648200172835	0.20696952093127022	0.10340244082752298	0.2759643148474251	0.1721972413920531
0.24146660164385675	0.2069710410677714	0.103402441932567	0.27596347035467694	0.17219644500112766
0.24145127857624896	0.20697372173773604	0.1034066028178145	0.27596892427617037	0.17219947259202986
0.24144822007356967	0.20697530045280502	0.10340367595587266	0.2759728902847123	0.17219991323304012
0.2414628477511583	0.206974348694592	0.10340246659114566	0.27596113718415793	0.17219919977894588
0.24147367764396244	0.20696883178940106	0.10340292905792735	0.27596035104391353	0.17219421046479533
0.241447471436532	0.20697687544305832	0.10340200571355092	0.2759708934809944	0.1722027539258641
0.2414655715373907	0.2069706583527523	0.1034036813541797	0.27596202009849086	0.17219806865718623
0.24145559512437545	0.2069671127760151	0.1034065884263862	0.275971313259027	0.17219939041419596
0.24146460643422077	0.2069744697896057	0.10340688929613064	0.2759597717835205	0.17219426269652213
0.24146618032232667	0.2069759926046657	0.10340235606034787	0.27595979720309716	0.17219567380956233
0.24146256728625792	0.2069742480811113	0.10340315982306295	0.2759656248290581	0.1721943999805095
0.24146652478560038	0.20696605026699227	0.10340204219762632	0.2759705575656597	0.17219482518412108
0.24146466733090205	0.2069754772716597	0.10340496952752809	0.2759601551217518	0.1721947307481581
0.24145695812587378	0.20696810342516175	0.10340231285740888	0.27597287858600955	0.1721997470055458
0.24146527657613587	0.20696858903156237	0.10340203411878526	0.27596318265560515	0.17220091761791106
0.24145744907340266	0.2069745505989985	0.10340500020935815	0.27596226452027606	0.1722007355979644
0.24145632747403029	0.20697556186349603	0.10340244803661115	0.2759669369124933	0.17219872571336897
0.24145709390000913	0.206970685732329	0.10340248030778706	0.2759706194219501	0.17219912063792447
0.24147411141660766	0.2069663120398756	0.10340213401511582	0.27596075010734816	0.1721966924210525
0.2414594839032472	0.2069722143164317	0.10340567899540812	0.275964725735463	0.17219789704944974
0.24146592545126638	0.20696691508640408	0.1034061043230524	0.27596190441133295	0.1721991507279439
0.24146273160908255	0.20696875576048498	0.10340514942304242	0.27596363331034013	0.17219972989704965
0.24145991440397618	0.20697071869509115	0.10340221480838642	0.2759722976224209	0.17219485447012509
0.2414555217167354	0.20697315255887083	0.10340593521166462	0.27596362616288345	0.17220176434984547
0.24146052810394558	0.20697675121131567	0.10340611221851642	0.2759620584460676	0.1721945500201545
0.2414522253347987	0.2069738232800649	0.10340666880929278	0.2759674164292119	0.17219986614663146
0.2414521128259752	0.20697145050544796	0.1034024018270903	0.27597216787257695	0.17220186696890938
0.24145418892780504	0.20697362894842944	0.10340497502316341	0.27597270584621714	0.17219450125438468
0.24146039549902149	0.2069665149943488	0.10340583594905736	0.2759683996805142	0.1721988538770579
0.2414722362789037	0.20696646908271776	0.10340462474979362	0.27596072613875494	0.17219594374982972
0.24145200861489188	0.20697611345677258	0.10340315652750323	0.27597026836028393	0.17219845304054815
0.241463293630174	0.2069706639656094	0.1034040243362859	0.27596528835670275	0.17219672971122774
0.24146242967292203	0.20697239386342395	0.10340668814274541	0.2759630951063644	0.17219539321454397
0.241454491690349	0.20696912543938087	0.1034049935060028	0.2759703349988323	0.1722010543654348
0.24145897668513658	0.20696749453517632	0.10340386250205731	0.27597100686111425	0.17219865941651524
0.24146285369140857	0.20697521284575277	0.10340630638677786	0.27596059840707565	0.17219502866898487
0.2414523372118392	0.2069751526403454	0.10340671307669692	0.27596516631769236	0.17220063075342587
0.2414570846035259	0.20697007027733014	0.1034046144148557	0.2759678920400796	0.17220033866420842
0.24145432617164597	0.2069664797030572	0.10340648186734563	0.27597138982349073	0.1722013224344602
0.24144997857310255	0.2069754398867316	0.10340547766320683	0.2759671682582341	0.17220193561872468
0.241454223328274	0.20697325074113476	0.1034064290268712	0.27596325133677724	0.17220284556694257
0.2414642953849423	0.20697432456890155	0.10340679448312404	0.27595917149707905	0.17219541406595276
0.24145960536960326	0.20696905721649228	0.10340578759086083	0.27596761932686775	0.1721979304961756
0.241463481286257	0.20697485681873456	0.10340671231720013	0.2759596700648961	0.172195279512912
0.24147078350681103	0.20697008396562275	0.1034036138551078	0.27595904338638677	0.1721964752860714
0.2414566053323025	0.20697524821567023	0.10340610969003455	0.2759635463183443	0.17219849044364813
0.24144706989897957	0.2069757860695843	0.10340647191958059	0.2759715318022551	0.17219914030960018
0.24145763182444568	0.20697435009261092	0.10340247277480982	0.27596960437934265	0.17219594092879068
0.2414639830285959	0.20697029234024966	0.10340460853752975	0.2759645353455509	0.1721965807480736
0.24146920913851583	0.206968843595434	0.10340274422613432	0.27596166440738934	0.17219753863252624
0.2414564668199288	0.2069757812154124	0.10340276760838751	0.2759666107359525	0.1721983736203185
0.24145504086916675	0.20697432710333266	0.10340438386926584	0.27596428477941504	0.1722019633788195
0.24145421674893797	0.20697046107775469	0.10340610153319284	0.27597256245612833	0.1721966581839859
0.24146010410099372	0.20697303854783	0.10340622227809872	0.2759625355672143	0.172198099505863
0.24145849797224064	0.2069729578976329	0.10340568553905406	0.27596721712372946	0.17219564146734267
0.24145887447616562	0.20696863324213133	0.10340381008374516	0.2759697844814624	0.17219889771649521
0.24146048849763285	0.20697642374551156	0.10340344237009036	0.27596348779146923	0.17219615759529577
0.2414569073771135	0.20696640543971428	0.10340462131167419	0.2759707505786502	0.17220131529284755
0.241463674078852	0.2069665441661587	0.10340521288509619	0.2759655127524335	0.17219905611745936
0.24146152495738277	0.20696644400684164	0.10340451420640248	0.27596675964504835	0.1722007571843245
0.24145347405818873	0.20697339651142718	0.10340262793771292	0.27596827424741255	0.17220222724525835
0.24145630078146466	0.20696608661469365	0.10340581748215028	0.2759693916898189	0.1722024034318723
0.24145482884602726	0.20697192167364956	0.10340445347223856	0.2759677054807777	0.1722010905273067
0.2414632147938405	0.20696775208473017	0.10340568193095216	0.2759657229761973	0.1721976282142796
0.24146507364756892	0.20697001220131542	0.10340546635644765	0.2759635485806615	0.17219589921400622
0.2414565531896198	0.2069762705646438	0.10340213731853429	0.27596805455161166	0.17219698437559022
0.24146596338955173	0.20696801787254446	0.10340407009651413	0.275962013105085	0.17219993553630442
0.24146895064908966	0.20696728861132102	0.10340346024139349	0.2759648339302497	0.1721954665679459
0.24146049725146476	0.2069748991423709	0.10340574253270339	0.2759632771934054	0.17219558388005524
0.24145392337453073	0.206973962135684	0.10340289899406871	0.2759711184673249	0.1721980970283914
0.24145564262272162	0.20697411585702968	0.10340342851149979	0.2759652597397785	0.17220155326897013
0.24146281030729616	0.20697181385867117	0.10340214245016956	0.275963522033516	0.1721997113503469
0.2414584341135831	0.20696943017634203	0.10340609119628136	0.2759652210250543	0.172200823488739
0.24145392154688905	0.2069765028513701	0.10340685818105975	0.27596216074748126	0.17220055667319958
0.2414552281644312	0.20697274009257052	0.10340483240651872	0.27596740634755657	0.1721997929889227
0.241464616698989	0.20696650004122913	0.10340393268857731	0.275967871070749	0.17219707950045532
0.2414573888278937	0.20696847155316864	0.10340509815653952	0.2759705597010984	0.17219848176129948
0.24145407454527001	0.20697696968522988	0.10340598605133126	0.27596065373478385	0.17220231598338476
0.24145346153636188	0.20697480362187334	0.1034062941471827	0.2759693366811886	0.17219610401339322
0.2414609704825357	0.20696608994126772	0.10340393640554404	0.2759663941377392	0.1722026090329131
0.24145257598584965	0.20697687174957416	0.10340372368608508	0.27596990600131893	0.17219692257717195
0.2414560801918497	0.20697217437548548	0.10340224447837501	0.27596791318060615	0.17220158777368338
0.24146212501373432	0.2069739405633936	0.10340350626998067	0.27596262719660625	0.17219780095628492
0.24145936135636029	0.20696807562354014	0.10340310021659997	0.2759704671897669	0.17219899561373248
0.2414504823538588	0.20697697267486456	0.1034047380731175	0.27596942856573503	0.17219837833242388
0.24144611463018015	0.20697506937142177	0.10340589887592211	0.27597266516192487	0.17220025196055086
0.241456668559187	0.20696669722010336	0.10340560414537342	0.2759690663510167	0.17220196372431928
0.24146120800483462	0.20697551904341507	0.10340335002579362	0.2759644867175386	0.17219543620841785
0.24146302453454005	0.20697454473284577	0.10340551563693579	0.2759619367130649	0.17219497838261327
0.24145944981330866	0.20697208013851912	0.10340489639098818	0.2759669963116059	0.17219657734557786
0.24145493536187634	0.20697662975614073	0.10340409680322853	0.2759620235662964	0.17220231451245777
0.24146700319976494	0.2069693288364776	0.10340399881037335	0.2759598862773152	0.17219978287606869
0.24146196184493107	0.2069762002317574	0.10340664777135572	0.27596011146989974	0.17219507868205583
0.24145406369151615	0.20697042244910793	0.10340275901324394	0.27597006626110304	0.1722026885850287
0.2414596749988282	0.2069727201532902	0.10340561516931547	0.27596184433502136	0.17220014534354453
