0.2823095142870521	0.3007342142563188	0.4169562714566292
0.2895924153071112	0.29847438534420423	0.41193319934868466
0.28590726562190766	0.2967342749024545	0.41735845947563793
0.28983251947824024	0.30088339596536984	0.40928408455639004
0.28808312004440084	0.2963985916772684	0.4155182882783308
0.2873053681907894	0.2962200246723841	0.4164746071368266
0.2858471444838204	0.30357650488150817	0.4105763506346715
0.2896392820699284	0.29831316839700955	0.41204754953306216
0.28591111386836604	0.29919173621511874	0.4148971499165153
0.2895220119426997	0.2992395475204886	0.4112384405368118
0.2884546008324855	0.2985760666327304	0.4129693325347842
0.2825878089308278	0.29892804479054136	0.41848414627863095
0.2874314386527199	0.3003133457530004	0.4122552155942798
0.28213087110652674	0.2986150875784228	0.4192540413150506
0.28262669643943983	0.3035555914844644	0.41381771207609586
0.2877109954542873	0.30299200013602884	0.409297004409684
0.28522412151233406	0.2992390730432618	0.41553680544440424
0.2885338912818987	0.296896098875273	0.4145700098428283
0.2867096785730951	0.30086567071033543	0.4124246507165696
0.2829525806411677	0.29841896650195604	0.41862845285687644
0.2872497101948548	0.2995913865970051	0.4131589032081402
0.28850737369239354	0.2984846088759696	0.4130080174316369
0.2843836431284571	0.29635492741782676	0.41926142945371625
0.2878524869642365	0.30073334577420957	0.411414167261554
0.28719331411184823	0.2973292940309007	0.41547739185725113
0.28933814139909664	0.29735081405261043	0.41331104454829304
0.2872814289000977	0.29606265978011304	0.4166559113197894
0.28807385713804007	0.29864411087096876	0.41328203199099134
0.28376434934993144	0.30070268843008985	0.4155329622199788
0.28916530152288206	0.30002928784383276	0.41080541063328535
0.2875153032888187	0.2969057130338284	0.415578983677353
0.28238840990696923	0.3025973547067109	0.41501423538632
0.28900669243856764	0.2959984314635674	0.41499487609786506
0.28738503812891625	0.30190985908943613	0.41070510278164774
0.28293364248581315	0.29685120481570404	0.4202151526984829
0.2863253504747728	0.30036712266958615	0.4133075268556412
0.28811463002371285	0.2962330417880856	0.41565232818820164
0.28298954997755926	0.3033471308561503	0.4136633191662905
0.2889883337968409	0.29987568080796345	0.41113598539519575
0.2846185244079215	0.30300263891526474	0.4123788366768138
0.2835357622708498	0.30073047556932675	0.41573376215982355
0.2879247113243486	0.30072456630507605	0.4113507223705754
0.28976230378698736	0.2973509177521871	0.41288677846082567
0.2816877322519299	0.30077725422390467	0.41753501352416555
0.285081465388053	0.29603264473201624	0.4188858898799308
0.2876272702309956	0.30101188260874506	0.41136084716025945
0.28727150682849817	0.3030222036672615	0.40970628950424043
0.28185705715183595	0.2982546165971989	0.4198883262509653
0.2852406160591375	0.3039700378092982	0.4107893461315644
0.28809481220048855	0.3015237096447055	0.4103814781548061
0.2832968535171779	0.3026982231556161	0.41400492332720606
0.2834320941469207	0.30203611354452636	0.414531792308553
0.2823084065407499	0.3000312605132942	0.41766033294595595
0.28426973423282764	0.2975152857782356	0.41821497998893686
0.283954216502405	0.29786206422063766	0.4181837192769574
0.28129085089180683	0.30189531071553016	0.4168138383926631
0.28409682308316914	0.3009024809630853	0.41500069595374567
0.28274972681774085	0.30055555968712094	0.4166947134951383
0.28704000437163707	0.30263721995319026	0.41032277567517284
0.2887939767734679	0.30201557414552005	0.4091904490810122
0.28617139544406517	0.2967967219511048	0.41703188260483015
0.2831695770260855	0.302350860158889	0.4144795628150256
0.2864773606767687	0.30130401466008305	0.41221862466314835
0.282512188248217	0.2995954525841735	0.41789235916760964
0.2844585110451986	0.29661795665703855	0.4189235322977629
0.28997495177308386	0.29904700036099713	0.4109780478659191
0.2839237402957523	0.30392062750499393	0.4121556321992539
0.2896647813028437	0.2970072688976248	0.41332794979953164
0.28133802091499094	0.29813563834160867	0.4205263407434005
0.28882269627124985	0.30071603259852075	0.4104612711302295
0.2868901428813967	0.30008951085098595	0.4130203462676175
0.28297842048873245	0.29792205828009977	0.41909952123116784
0.2848378765114766	0.2996375017784265	0.415524621710097
0.2891234782454733	0.29851253763387225	0.41236398412065456
0.2843367681266385	0.30246471155346727	0.41319852031989435
0.2873767421792083	0.3016067278553425	0.41101652996544935
0.28726272749494464	0.29945997103773864	0.4132773014673169
0.28868369260644783	0.29684792265800364	0.41446838473554865
0.28757118389116465	0.3017054469481489	0.41072336916068664
0.2839411446133261	0.29967417431077165	0.4163846810759023
0.28774587763019976	0.30077174446574034	0.41148237790405995
0.2882678380905971	0.29851002168729	0.413222140222113
0.2843473022110392	0.3015790157152685	0.4140736820736924
0.29001447830086957	0.29939538551879935	0.4105901361803312
0.2837534609177182	0.30285863331693363	0.4133879057653483
0.2849870433550152	0.30393879511525007	0.41107416152973486
0.2899047391139976	0.29720226938289257	0.41289299150311
0.29003137022806014	0.2984684199292158	0.4115002098427241
0.28696872290520403	0.2999654423115278	0.41306583478326825
0.2861982069850509	0.30352313389732893	0.4102786591176203
0.2861633707278144	0.2999636574452702	0.41387297182691546
0.2845874956695196	0.2996766107502941	0.4157358935801864
0.2833951575209879	0.29872178312291203	0.4178830593561002
0.285021335656271	0.2991066989816372	0.4158719653620919
0.28822202912950673	0.30092514919550273	0.41085282167499065
0.28615237358000345	0.3001080054746766	0.41373962094532013
0.28197951472707283	0.2996088070039575	0.4184116782689698
0.2837163408424178	0.29978959402710514	0.4164940651304771
0.2839784423079855	0.29600189359308926	0.42001966409892527
0.28572106398377073	0.30321707408520193	0.41106186193102745
0.28483767690660666	0.30271810366626045	0.41244421942713294
0.28424240368685727	0.30370012234738464	0.4120574739657582
0.28397938976160414	0.3028265153409046	0.41319409489749137
0.2883327982759964	0.3013286892916239	0.41033851243237984
0.28388318836377613	0.30116561883912984	0.41495119279709414
0.2823903957296828	0.3031946477157096	0.4144149565546077
0.28408602606354505	0.3000542405583556	0.41585973337809945
0.2900691345337924	0.2970618057947943	0.4128690596714134
0.28324828684480735	0.2961862753522377	0.4205654378029551
0.28430033159921114	0.29976982557459153	0.41592984282619744
0.28590274949146044	0.30221213419119275	0.4118851163173469
0.28438026437250163	0.3009060469309676	0.4147136886965309
0.2812980793249114	0.2999031863035167	0.418798734371572
0.28847967237803984	0.3006099890269157	0.41091033859504456
0.2832979642107909	0.3027997694901791	0.4139022662990301
0.2861053898199187	0.3019045338237459	0.41199007635633556
0.28217224723380574	0.29975022720180805	0.4180775255643864
0.286974046265371	0.3013232501149473	0.4117027036196818
0.2820914619156728	0.2985294101481828	0.41937912793614457
0.2863069177394588	0.3008886048246184	0.4128044774359229
0.28334571889192817	0.3037258802768247	0.41292840083124727
0.28435617303408167	0.30092350396705114	0.4147203229988673
0.2816146538947974	0.30312668279887045	0.4152586633063322
0.28867886351286765	0.30108923820734024	0.41023189827979223
0.28143210630217486	0.30324879598511495	0.4153190977127103
0.28429172960758714	0.29951574629913225	0.4161925240932807
0.2889224126288864	0.3002038224709818	0.41087376490013183
0.28280627657106194	0.3019023400420814	0.4152913833868568
0.2894543286339625	0.2988125427612736	0.411733128604764
0.2813062869454308	0.30081342347841156	0.41788028957615775
0.28663477879578764	0.29831029990066626	0.41505492130354626
0.2901040214675917	0.29876635430196324	0.4111296242304452
0.281713865982871	0.299222050966765	0.41906408305036413
0.2876445016276138	0.3026296647010456	0.40972583367134074
0.28891466111201425	0.2984470699931181	0.41263826889486777
0.28610688314001737	0.30291601937842694	0.41097709748155586
0.28753897755611635	0.29933171297054434	0.41312930947333937
0.2823254458391455	0.30297692943200855	0.4146976247288461
0.28558989020440423	0.3005120852518829	0.413898024543713
0.2863429795823925	0.29781468093374824	0.4158423394838593
0.28655121071116174	0.29645142510188704	0.4169973641869513
0.2829454947072522	0.30289568930183836	0.41415881599090953
0.28367212143450254	0.30255261424040647	0.41377526432509115
0.2849707979521771	0.3003323220939567	0.4146968799538663
0.29013209648602734	0.2989352642898598	0.41093263922411294
0.2886925019438926	0.3020319877014993	0.4092755103546082
0.283047590320335	0.3026661062217793	0.41428630345788586
0.2836723832338476	0.303956574463106	0.41237104230304655
0.2852784577140338	0.301855828763263	0.4128657135227033
0.2831591214998289	0.3014074019150993	0.4154334765850719
0.28833063122808444	0.298555021397345	0.41311434737457065
0.2835150160793634	0.2986117751351295	0.41787320878550727
0.287989750061692	0.2972635437268864	0.41474670621142173
0.28595121443809446	0.3028132863624814	0.41123549919942426
0.28677882298866986	0.2972427289471802	0.4159784480641501
0.2841089914962122	0.2987788167216342	0.4171121917821537
0.2838987095413785	0.303039313854621	0.41306197660400057
0.2872030273353594	0.2993912652364622	0.4134057074281785
0.28867341545772096	0.2963928917493683	0.41493369279291087
0.2873909439123252	0.302261925275007	0.41034713081266794
0.28490336763262036	0.30206925210873475	0.413027380258645
0.28560541460169486	0.2981634025925852	0.41623118280572
0.28557062584289583	0.3026673290479091	0.4117620451091951
0.2897276499650768	0.29748840049636893	0.41278394953855446
0.2895321029249959	0.3009138090385705	0.40955408803643367
0.2864407620645399	0.3016936143504697	0.41186562358499057
0.285338196207816	0.2986802907105358	0.4159815130816483
0.2882686936147525	0.2969315104019712	0.41479979598327643
0.2862551057789143	0.2977021746756494	0.4160427195454365
0.2870055987504531	0.3010710799155353	0.4119233213340117
0.2894433754140712	0.2997630240624046	0.41079360052352426
0.2851621620528745	0.3032031797825191	0.4116346581646066
0.2851559015681262	0.30149962423099974	0.4133444742008742
0.2829355209472801	0.29826132668323957	0.4188031523694804
0.2887975319187155	0.3012988247696899	0.4099036433115947
0.287701744859147	0.3009833161575655	0.41131493898328764
0.2862419716886111	0.3033961195244574	0.41036190878693163
0.28528347626345324	0.3029987189277206	0.41171780480882625
0.28792572183456316	0.29705703395508865	0.4150172442103483
0.28716396277254086	0.3002839871453447	0.41255205008211454
0.28278401639555456	0.29888405565475396	0.41833192794969165
0.28402271236244986	0.29983090296618753	0.4161463846713628
0.2867596339093588	0.3010569321656454	0.4121834339249959
0.28919889977763574	0.2993019835480948	0.4114991166742696
0.2840548990273694	0.29989427376809763	0.41605082720453307
0.2860717357888817	0.3006258614490671	0.4133024027620513
0.2889214349288078	0.298459141401566	0.41261942366962634
0.2850208299119714	0.29947522744381017	0.4155039426442185
0.283940372616699	0.3005169556035588	0.41554267177974236
0.2830114957690104	0.3020105577225358	0.4149779465084539
0.2875613000155292	0.3021200301873542	0.41031866979711673
0.2833285885788795	0.29874383520090675	0.41792757622021387
0.28495447683460606	0.3033673765130003	0.4116781466523938
0.28276491089705236	0.3037824335813087	0.41345265552163907
0.28691923209003434	0.2978625156028497	0.41521825230711606
0.28554214566787867	0.297198198886684	0.41725965544543747
0.2866179012977018	0.303271345675483	0.4101107530268153
0.28382413596806927	0.29986483540648623	0.4163110286254446
0.2818568126451011	0.2987468398068447	0.4193963475480543
0.2855462927033735	0.3030446417117137	0.4114090655849129
0.2876724873888963	0.3027520916605325	0.4095754209505713
0.2819803336901682	0.30304930356357157	0.41497036274626037
0.2830196687812213	0.3006400132760161	0.41634031794276277
0.281628957380484	0.29837862994369524	0.41999241267582094
0.28334697814907217	0.29825791479514874	0.4183951070557792
0.28573672016334817	0.3016575577816827	0.4126057220549692
0.28550261065169374	0.2976778435096014	0.41681954583870495
0.2888827793157485	0.30139639391708317	0.4097208267671684
0.2843130762928859	0.3031425292175287	0.4125443944895856
0.2866412268398869	0.3003100965880519	0.4130486765720613
0.28795138895445566	0.29701945083335757	0.41502916021218683
0.2838526263506238	0.29974772887595236	0.416399644773424
0.28182720187242	0.29757357928505546	0.4205992188425246
0.28683027513039827	0.2985680121349192	0.41460171273468266
0.2849109649358134	0.2987821348999086	0.41630690016427807
0.28623446414696907	0.29853673255297974	0.41522880330005135
0.28533152642921145	0.3010906640500315	0.4135778095207572
0.28191617245536993	0.2972967585143217	0.4207870690303085
0.28290905577148695	0.302652667742543	0.4144382764859702
0.2828827173589768	0.3025787492966274	0.41453853334439594
0.28207985530742014	0.29680913476516796	0.421111009927412
0.2849474372918335	0.3012571759335823	0.4137953867745843
0.2842287242125135	0.29622800615131645	0.41954326963617017
0.28678223383542245	0.3000696311756239	0.41314813498895375
0.28596528305861096	0.30142851801395665	0.4126061989274325
0.2848815024364182	0.30381078023908603	0.4113077173244959
0.2830861174265635	0.29771786792453775	0.4191960146488989
0.2818217723201969	0.2988844533909488	0.4192937742888544
0.2816409235684989	0.30175267734204586	0.4166063990894554
0.2840894079337253	0.3013906677214681	0.41451992434480667
0.2817404121550269	0.30372184962003257	0.41453773822494067
0.2850677891607637	0.30139678832094374	0.4135354225182927
0.28297990192397643	0.2983167266560371	0.4187033714199866
0.28154607725930747	0.30276069155991575	0.4156932311807769
0.28549909982652627	0.2995702028944757	0.4149306972789981
0.289105738226	0.29707319523338144	0.4138210665406187
0.2849272707338148	0.30299743936899565	0.4120752898971897
0.28739083702634455	0.30282079793045247	0.40978836504320304
0.28764199003178936	0.30213595944544724	0.41022205052276356
0.2826599977501806	0.302673569517637	0.41466643273218257
0.2823540589475256	0.30207853203009505	0.41556740902237954
0.28445291271373085	0.2989499952077756	0.41659709207849366
0.2848343766171397	0.3033842755098666	0.41178134787299386
0.2844680136761604	0.29819296194516604	0.41733902437867365
0.28644012151550224	0.3036495774437912	0.4099103010407067
0.2844138323269954	0.30050756049160204	0.41507860718140266
0.2824593647631387	0.29923030789256416	0.4183103273442973
0.2879512748426142	0.3001990092003616	0.41184971595702435
0.2843873365075317	0.2985638185497612	0.4170488449427072
0.283798089215204	0.3035007919823475	0.41270111880244864
0.2815724963626278	0.3020336180590292	0.4163938855783431
0.28452120910503476	0.2971317356603908	0.4183470552345746
0.28431685556633113	0.2962092516515338	0.4194738927821352
0.28916424712954075	0.29798997782050357	0.4128457750499558
0.2830299159700643	0.30092782354891773	0.4160422604810181
0.2832330012379097	0.29794737519619025	0.4188196235659002
0.28156732696772685	0.3003327404991497	0.41809993253312355
0.28728814066625974	0.3034329351923667	0.4092789241413737
0.2836393442032487	0.29649832667891896	0.41986232911783244
0.28696110722618096	0.3011098704171468	0.4119290223566724
0.28939353834639636	0.3011461665330478	0.40946029512055593
0.28608676100489433	0.2967096408286073	0.4172035981664985
0.28806867241041534	0.2973201548064362	0.4146111727831486
0.28919049873407	0.30090544519279344	0.40990405607313674
0.2882859339055958	0.30049949231630785	0.41121457377809645
0.2868060264439439	0.2975131257877886	0.41568084776826764
0.28776786237294966	0.2980639058862048	0.41416823174084566
0.28795923042771787	0.30261238700504184	0.40942838256724035
0.2818438520768113	0.29919791048781125	0.4189582374353776
0.2855904349103011	0.29640486235792185	0.4180047027317772
0.28434077714003614	0.3022829986511028	0.41337622420886116
0.28610316544282044	0.30023237799525065	0.4136644565619291
0.28765510870397376	0.2990496818497023	0.41329520944632403
0.2843733413883848	0.29938949913497404	0.4162371594766412
0.2872119934772754	0.2994604605532652	0.41332754596945953
0.28505346626973954	0.30248461243142993	0.41246192129883064
0.28422614947927866	0.29989463258533094	0.4158792179353905
0.28976839788971465	0.3000186210575713	0.41021298105271414
0.2877049111815338	0.301061217312147	0.4112338715063193
0.28664787406417025	0.29940615250511315	0.41394597343071676
0.2826204515670142	0.29648768985743557	0.42089185857555034
0.2845747398449795	0.3019964056244572	0.41342885453056344
0.2867876849355934	0.29792341628741603	0.41528889877699066
0.28145746904691316	0.30047348889417863	0.4180690420589084
0.2869601443573894	0.30193644378840634	0.4111034118542043
0.2831029903000293	0.29645012856570246	0.4204468811342683
0.28874841663155265	0.2999001610214849	0.41135142234696254
0.2851614600623311	0.3038232190129547	0.41101532092471427
0.2874272562158696	0.2984595420573794	0.41411320172675115
0.28783837056134176	0.3024318834031251	0.40972974603553325
0.2866366443925563	0.2971087741604552	0.41625458144698857
0.2892306284275539	0.29812619105067256	0.4126431805217736
0.28137772860413757	0.29946797140727555	0.419154299988587
0.28485971140723565	0.3031241459532017	0.4120161426395627
0.28677857130132123	0.3038864622550684	0.40933496644361056
0.2900126372122729	0.2980047714179987	0.4119825913697285
0.28733375525363564	0.2984500756345353	0.4142161691118292
0.28277650067955823	0.2980474240915067	0.4191760752289352
0.28196055116881863	0.2980454702374929	0.4199939785936886
0.2833183346878182	0.297497862560445	0.4191838027517369
0.2877426935012285	0.2965579185508948	0.4156993879478768
0.287736008917797	0.3031579415741492	0.40910604950805385
0.2870245684770963	0.30296911796269643	0.41000631356020734
0.2868602147504836	0.29802408357092103	0.41511570167859546
0.2857333503269812	0.30115514189664494	0.41311150777637395
0.2888285546134686	0.2977405789780599	0.4134308664084716
0.28659339760866775	0.2980500891516592	0.41535651323967315
0.28861543108637866	0.29912660733408514	0.4122579615795363
0.28670506517553773	0.301206998564389	0.4120879362600734
0.28359503856205115	0.30096073885791863	0.41544422258003033
0.2831154130208466	0.3012305364841721	0.4156540504949814
0.28309486962167163	0.298946496018629	0.4179586343596995
0.28405579990045154	0.2993353442792133	0.41660885582033524
0.28424168215309253	0.3035004694839726	0.412257848362935
0.2817274144352763	0.29874017659725594	0.41953240896746785
0.2834295562066864	0.2975292614283354	0.41904118236497834
0.28620159092988057	0.2992600700275498	0.41453833904256976
0.2843402792812239	0.3027031848834026	0.4129565358353736
0.28558286841308644	0.2995849697495857	0.414832161837328
0.2831891998779688	0.29767378359065805	0.41913701653137325
0.28361580308801015	0.30142374368245833	0.4149604532295316
0.2854325870711939	0.30252149561353486	0.41204591731527135
0.28916035486440356	0.29989394361149346	0.41094570152410315
0.28575256814832256	0.29646083557686526	0.4177865962748123
0.285723420865295	0.29775033791107414	0.41652624122363097
0.2892430279115872	0.29943070766920504	0.41132626441920794
0.28198918617809876	0.3014501413551339	0.4165606724667675
0.28244717560482924	0.30356022541721844	0.41399259897795243
0.28541278012414795	0.2969386687647869	0.41764855111106525
0.28170696052902755	0.30353894265220427	0.41475409681876835
0.28312733616518915	0.2971795887617876	0.4196930750730233
0.2855869680779256	0.2984562262997854	0.41595680562228915
0.2878049271144005	0.29925234898443887	0.4129427239011607
0.28552160546839445	0.2992200860504346	0.41525830848117107
0.2883910589125931	0.2972453272349445	0.41436361385246256
0.2839602999625197	0.29754706209295834	0.4184926379445221
0.28142408563751836	0.30191738767898096	0.4166585266835008
0.28803182329134513	0.29943424019772663	0.4125339365109284
0.28499381311319066	0.29748755039758207	0.4175186364892274
0.283637173976582	0.29816526810965893	0.4181975579137592
0.2850339967905795	0.30033098589154994	0.41463501731787067
0.2886044406077857	0.29961420849113135	0.4117813509010831
0.2868643630741844	0.2976729959988262	0.41546264092698953
0.2874932253208622	0.29827758990153924	0.41422918477759874
0.2831722700458018	0.2995190769433041	0.41730865301089426
0.28357727526997345	0.3014321648805912	0.41499055984943545
0.2847147347697112	0.2966555933706953	0.4186296718595936
0.2831224563857653	0.30394014444044054	0.4129373991737943
0.2822439550699398	0.30119497894388303	0.41656106598617726
0.28396890278064235	0.2963647722422734	0.4196663249770844
0.2836728862541835	0.30354456543505587	0.4127825483107608
0.28885230110495486	0.298929293884973	0.41221840501007223
0.2887998566368751	0.2968081336247037	0.4143920097384214
0.28772171444906103	0.29696965732271285	0.41530862822822623
0.28785217970230986	0.3026309352703165	0.40951688502737377
0.28595753334886675	0.30180787496779	0.41223459168334337
0.285085420781133	0.30385670907423457	0.4110578701446326
0.2884891929903469	0.29725066357057095	0.4142601434390822
0.283752300632527	0.299990591037778	0.4162571083296952
0.28500450364709484	0.3032088925095774	0.4117866038433279
0.2829738923566239	0.2973630725123647	0.41966303513101155
0.28717539351460614	0.3018982496560656	0.4109263568293284
0.28995749934891446	0.29761420583360443	0.4124282948174812
0.28818491309838734	0.3021486236326443	0.4096664632689685
0.288309327564355	0.2963624499342315	0.41532822250141355
0.2857255686212431	0.299782726263447	0.41449170511531
0.2830849437339312	0.30345348871387096	0.4134615675521979
0.2845583401064455	0.29626858501385145	0.4191730748797031
0.28190041577255565	0.3024788788098826	0.4156207054175619
0.28689230241183117	0.3020285577678493	0.41107913982031963
0.2836179044797594	0.29920902122962106	0.41717307429061967
0.28715885262259355	0.29654434715219147	0.4162968002252151
0.2842102817679588	0.3021023222768034	0.4136873959552379
0.28638991482737686	0.29860447422918807	0.4150056109434352
0.2841445214724768	0.3017088489700336	0.4141466295574897
0.287075077946449	0.2959948431359609	0.4169300789175902
0.28432864356012233	0.30162329770746554	0.41404805873241224
0.2898327019422553	0.2979682978840683	0.4121990001736765
0.28573472465349353	0.2984699586156663	0.41579531673084025
0.2866879844944992	0.29923069623711945	0.41408131926838143
0.28538297622418257	0.3002716553475552	0.41434536842826236
0.2860735258740845	0.29729112353514325	0.41663535059077234
0.28242511889391464	0.30239967881681934	0.4151752022892662
0.2859444884555786	0.30044976057417716	0.4136057509702443
0.2872335091713031	0.3020869492120532	0.4106795416166438
0.28236125844884813	0.29822716898359763	0.41941157256755435
0.2817502259867571	0.3030368210092158	0.4152129530040272
0.2887490753842499	0.3017463845581815	0.40950454005756876
0.28129407878128043	0.30095098607617643	0.41775493514254325
0.2860436124786623	0.30217361582639257	0.4117827716949453
0.28942166955170606	0.2983415547243708	0.41223677572392325
0.2834532935151205	0.3024152347648494	0.41413147172003023
0.28382622935510926	0.30324664347080127	0.41292712717408964
0.2893147646272538	0.30048291326121646	0.41020232211152985
0.28639698824042703	0.3022411575325517	0.4113618542270214
0.28460970503112104	0.29741143555702276	0.4179788594118563
0.28244837753751195	0.30065556554145356	0.4168960569210346
0.28660932475310025	0.2960435619756754	0.4173471132712244
0.2865747635499308	0.3033829803543407	0.41004225609572864
0.2887781699628401	0.29953637211649486	0.41168545792066513
0.2838928837302904	0.3030618750706637	0.413045241199046
0.2824624867623407	0.30355046835340377	0.41398704488425564
0.2876304191483745	0.30280850891706024	0.40956107193456537
0.2825682434680766	0.29875747919746	0.41867427733446355
0.28334495694881806	0.2995528556077388	0.41710218744344324
0.28423838625551134	0.2992081529189413	0.41655346082554745
0.2896472008320197	0.29598919776793803	0.41436360140004236
0.2868299079316311	0.2985395609178754	0.41463053115049364
0.2847608659792048	0.30040176518004935	0.4148373688407459
0.281968010546251	0.3003537570334932	0.4176782324202559
0.284536019997606	0.29644962775273415	0.41901435224965994
0.28648839822636873	0.2980326237481973	0.4154789780254341
0.2845603632460574	0.3006351137595707	0.4148045229943721
0.2877479308378487	0.3019286936744123	0.4103233754877391
0.2828083337522619	0.2962770301272878	0.42091463612045044
0.28402680701764027	0.3016533765319074	0.4143198164504524
0.2858456612523464	0.30364523262983356	0.4105091061178201
0.281592696076799	0.3022534312266556	0.4161538726965456
0.2817071511522348	0.3015672851322067	0.41672556371555863
0.2860966035817376	0.2995283234986182	0.4143750729196443
0.28883619586282216	0.30211741723173396	0.40904638690544404
0.2838127868382842	0.3030965340174147	0.4130906791443012
0.2836795542792296	0.3038081198512621	0.4125123258695084
0.28777049611977895	0.2976806373319527	0.41454886654826845
0.2886533418707925	0.2976383668729845	0.4137082912562231
0.2868816168002155	0.29698997193660587	0.41612841126317873
0.2839180843353381	0.2989843721632919	0.4170975435013701
0.28526778327870767	0.30198693446817115	0.41274528225312124
0.2850263399053216	0.297506363762317	0.4174672963323615
0.2866293135524956	0.3033782392643173	0.4099924471831872
0.28627775621209994	0.29646531598280434	0.4172569278050958
0.2876443570584218	0.29765673941723725	0.4146989035243411
0.2860308450138298	0.3025406900667048	0.4114284649194655
0.285309622530411	0.29966143615049384	0.4150289413190953
0.283372534840707	0.3038046303996252	0.41282283475966786
0.28304917568855115	0.30017606125617347	0.4167747630552755
0.2878539839357609	0.2965612156165171	0.41558480044772206
0.2842385297249902	0.3028628173648208	0.4128986529101891
0.28942994197251665	0.2964657424245726	0.4141043156029109
0.28530439384342204	0.3031177201673677	0.4115778859892104
0.29018158176502895	0.30076474221087607	0.4090536760240951
0.28639980070242205	0.2968848081299618	0.41671539116761624
0.28273548093683054	0.29836887081600894	0.41889564824716063
0.28386232668089284	0.3035633197151568	0.41257435360395045
0.2817180904179909	0.29780009878070535	0.42048181080130387
0.28659375910372853	0.2981848073308406	0.415221433565431
0.2831826553338833	0.29711066735015085	0.41970667731596595
0.286285567033922	0.30134520937567383	0.4123692235904043
0.28835227008138153	0.2990623155839448	0.41258541433467383
0.2829430280553984	0.30188836462471463	0.41516860731988703
0.2836104667128658	0.29656117216859423	0.41982836111854005
0.2887315888095407	0.2986294164337149	0.41263899475674454
0.2863446385146371	0.3007860362592689	0.4128693252260941
0.2842695817480858	0.3016735906154401	0.4140568276364742
0.28971876840241345	0.29737073580565043	0.4129104957919362
0.2899801002135012	0.30040796686537397	0.4096119329211249
0.28251814532105596	0.3014349197121256	0.41604693496681855
0.287651807959194	0.30198383333369333	0.4103643587071128
0.28339463437747464	0.3024917528165612	0.41411361280596426
0.2878559969609755	0.3016751975712615	0.4104688054677631
0.2849558371934643	0.30352934818680966	0.41151481461972617
0.2848074797733321	0.296337078860642	0.418855441366026
0.28418384302553185	0.3007525744650703	0.415063582509398
0.283762930909767	0.30320259322070725	0.41303447586952585
0.28614725314367806	0.2985681210498797	0.4152846258064424
0.28785762314534713	0.3020215018646427	0.41012087499001026
0.29002078751373955	0.2979246507965321	0.41205456168972854
0.2822742943869662	0.2971154545543693	0.42061025105866456
0.2855312845392197	0.30062984139050947	0.4138388740702709
0.2863601926277206	0.3008233312100209	0.4128164761622586
0.2866108207356024	0.3006331404185536	0.41275603884584405
0.28237839870539755	0.2964728446230395	0.42114875667156304
0.2868591187165199	0.2966652998204621	0.4164755814630181
0.28865384449602527	0.29832927525274555	0.4130168802512293
0.28561951845645706	0.2963672499687496	0.41801323157479353
0.2880352197905452	0.30132744532881833	0.4106373348806366
0.2899012459248731	0.29870304907128536	0.41139570500384165
0.2817689441674165	0.29748016295520874	0.4207508928773749
0.2826574571468858	0.3025585115151753	0.414784031337939
0.28535937879807366	0.29784113399245865	0.4167994872094678
0.28299181850015753	0.2981316799156495	0.4188765015841931
0.2867453219142223	0.3032822282288985	0.4099724498568793
0.2854045462738251	0.30298398326213566	0.41161147046403934
0.28318294448037823	0.29691011346508345	0.4199069420545384
0.28425745960375254	0.3006024138069558	0.4151401265892918
0.2818954332425514	0.2975793920448003	0.42052517471264844
0.286499404026696	0.30290378589793904	0.4105968100753651
0.2858849060457963	0.3028880419765286	0.4112270519776752
0.2829757777955212	0.29742536231964406	0.41959885988483486
0.28296463370963687	0.2962723645006184	0.42076300178974485
0.28922662281064726	0.298057839823877	0.41271553736547584
0.2859944454697913	0.2983600018677437	0.4156455526624651
0.2856149155034877	0.30038072963177476	0.41400435486473763
0.2863533733764977	0.29794224773308753	0.4157043788904149
0.28369720302110907	0.299835422483653	0.416467374495238
0.28462198195631194	0.30079947332321993	0.41457854472046823
0.2814986279168745	0.29964664310238454	0.41885472898074105
0.28696337847230124	0.29615953166374653	0.4168770898639523
0.2853281536824734	0.30308826432094205	0.4115835819965847
0.2825291499810382	0.30368545175673234	0.4137853982622296
0.2865770645139683	0.301131559077185	0.41229137640884683
0.2859489020968965	0.2985379093738894	0.4155131885292142
0.28594424058299217	0.29824060561815546	0.4158151537988525
0.28733942432282084	0.2989142430223699	0.41374633265480937
0.2821686555064188	0.29699738020371225	0.4208339642898691
0.282044421302326	0.30035403727093546	0.41760154142673866
0.28395709967429017	0.3030249200560461	0.41301798026966385
0.28840970793098036	0.2992141968066064	0.41237609526241337
0.28384870469609996	0.2999672847330298	0.4161840105708704
0.2867865800905548	0.30179047211417726	0.41142294779526806
0.2894506255098305	0.2999882564476153	0.41056111804255435
0.283407520648783	0.30397802433592047	0.41261445501529664
0.2880826183414026	0.2989161186483416	0.41300126301025597
0.2833006941017637	0.2999795740893143	0.4167197318089222
0.28373324321427196	0.30293128095134697	0.4133354758343811
0.28332016954555356	0.3033208376801617	0.41335899277428484
0.2857735152169177	0.2977897914956459	0.41643669328743654
0.2847374794155086	0.29632857932769346	0.41893394125679806
0.2829983369008662	0.29626014018305447	0.42074152291607947
0.2877439171116565	0.30217227045802175	0.4100838124303218
0.2889051557410141	0.30021143166066977	0.4108834125983162
0.28785579626961433	0.2966883304452092	0.4154558732851766
0.28433206174403275	0.30124225768965945	0.4144256805663079
0.28244128737681057	0.30266346380551246	0.4148952488176771
0.2871646874237644	0.30095699840036455	0.4118783141758711
0.2857766784650909	0.3030370287139841	0.41118629282092517
0.28787647366929847	0.2971662779987375	0.4149572483319641
0.28974427644049994	0.3002878118051534	0.40996791175434677
0.28909351784318454	0.29873105522564636	0.4121754269311692
0.2839308473473057	0.2988524681093792	0.4172166845433152
0.28768018683215857	0.2966360828763853	0.41568373029145617
0.2882097301540608	0.29717292586935434	0.41461734397658495
0.28521613151980557	0.29629260962325005	0.4184912588569445
0.28333501752346746	0.30290882455420864	0.413756157922324
0.28887674962495014	0.30133555109378624	0.40978769928126374
0.28596305442774556	0.2970071422990613	0.4170298032731933
0.2823597664175293	0.30168235085633044	0.4159578827261403
0.28333978871362686	0.2984040681128798	0.41825614317349347
0.2894580254206743	0.29912891554341187	0.41141305903591396
0.282189626592618	0.30312737902688147	0.41468299438050066
0.285180878119818	0.3038363512290631	0.410982770651119
0.28907206926157497	0.2963112185372466	0.4146167122011785
0.2821207866857048	0.29726335126338715	0.4206158620509082
0.28485106353149864	0.29799908133152314	0.41714985513697833
0.2853420941283742	0.3014121023869174	0.41324580348470846
0.285100133643417	0.30384692083319015	0.41105294552339294
0.2897203021463981	0.2966496458709502	0.4136300519826518
0.2888885025173539	0.30060998840542136	0.4105015090772249
0.28733417701588326	0.30270777959745954	0.4099580433866573
0.28296750700048623	0.2963313168014582	0.42070117619805564
0.2882953069140751	0.2986079449308217	0.4130967481551032
0.2831550872929959	0.30061171626148353	0.4162331964455207
0.2875368609620892	0.30135072243403654	0.4111124166038744
0.28990537956033335	0.29634097129209586	0.4137536491475709
0.283779943260499	0.3026091461122589	0.4136109106272422
0.28460850197925075	0.29825280202807425	0.4171386959926751
0.28720595070233274	0.3024238289599128	0.41037022033775455
0.2852171252226252	0.2973973792761607	0.41738549550121423
0.2896204033976305	0.30007679509398094	0.41030280150838866
0.2869824550713398	0.2964545984230661	0.4165629465055942
0.28216997873230226	0.30292810807885767	0.4149019131888402
0.2850207466999033	0.3013014161257064	0.4136778371743904
0.28358797660232704	0.29996285483034674	0.41644916856732633
0.28821950893206777	0.30174845025516905	0.4100320408127633
0.2888125322935011	0.3010021452194967	0.41018532248700235
0.28290837934040863	0.30156230084006114	0.41552931981953034
0.2834525732764621	0.2972642659664736	0.4192831607570644
0.28477962515935107	0.299825835741783	0.41539453909886603
0.283358067311507	0.2980818526284746	0.41856008006001855
0.2828117327436319	0.2961643345082461	0.4210239327481221
0.2894428084239662	0.29597594458768106	0.4145812469883529
0.2877697443407855	0.2987124638436803	0.41351779181553433
0.2886810224828556	0.2976496174201737	0.4136693600969708
0.2827709138394379	0.30179501123687746	0.4154340749236847
0.28521773503907055	0.3021627187014095	0.41261954625952013
0.28352148224021273	0.3025969055425019	0.4138816122172855
0.28265769721670087	0.3010450422494666	0.41629726053383265
0.28990441874375844	0.30065896745428194	0.4094366138019597
0.28139588101305935	0.3028429871600615	0.41576113182687924
0.28200407587488907	0.30083857919338947	0.41715734493172163
0.28636523983976364	0.296739238859543	0.4168955213006934
0.28942162118401416	0.2985101704557826	0.41206820836020336
0.2862946264904218	0.3017795938921404	0.4119257796174379
0.28711497579111955	0.29874009031189475	0.4141449338969858
0.28759665506772625	0.3016603807543798	0.41074296417789413
0.2872857159871113	0.3012764710252819	0.41143781298760695
0.2852044056913375	0.30179601579063003	0.4129995785180326
0.28625121971094303	0.2985949063017566	0.41515387398730047
0.2824954272525633	0.29691849507124746	0.42058607767618933
0.2816362573264387	0.2973142994579667	0.4210494432155947
0.2844869464535092	0.30127239318260596	0.41424066036388496
0.2892071558048319	0.3011270450097028	0.4096657991854654
0.28349114480580534	0.3024958649384212	0.41401299025577365
0.2841677252823939	0.29675623595210016	0.41907603876550603
0.2832646960144468	0.3025659624620556	0.41416934152349766
0.28864261798174834	0.29738399086359363	0.41397339115465814
0.28131301785666485	0.2987884655198579	0.4198985166234774
0.2826467903313978	0.30165503655463327	0.41569817311396906
0.28766878927869	0.29811050758930446	0.41422070313200565
0.28513630596286205	0.3033768669088132	0.41148682712832485
0.2874166788018831	0.30323384004178205	0.40934948115633496
0.2842756688383565	0.30261185794717044	0.4131124732144732
0.2893253571290573	0.30122174310114547	0.4094528997697973
0.28889531808580216	0.30164771214315733	0.4094569697710406
0.2815134796148287	0.2975682915501174	0.420918228835054
0.2855354707282501	0.3025379725198447	0.41192655675190526
0.2892013682524502	0.3014335897782829	0.40936504196926704
0.28951617799382734	0.29672877893896965	0.4137550430672031
0.2899852162955988	0.2994973077302969	0.41051747597410443
0.28706637633087106	0.3007201838973593	0.4122134397717698
0.2890786345690131	0.2998945203629636	0.41102684506802345
0.2846694785536961	0.30307665567391756	0.41225386577238643
0.28148761728537536	0.3036704512637533	0.4148419314508715
0.28933815296060555	0.30113532954067634	0.4095265174987182
0.28353018102342464	0.29780571091364977	0.4186641080629257
0.2815556908539132	0.3018825921834441	0.41656171696264277
0.28524334077981167	0.3031050794118068	0.41165157980838163
0.28592726112957234	0.3003050523386527	0.4137676865317751
0.28406993871827313	0.30042433612465397	0.415505725157073
0.28359017968135247	0.2963198814091699	0.4200899389094777
0.28825372254717496	0.2969091076989758	0.4148371697538493
0.2853804276209232	0.29667699460870484	0.4179425777703721
0.2850295202092433	0.29670951254262323	0.41826096724813355
0.2867230899267362	0.30331763140721746	0.4099592786660465
0.28284036879764574	0.2965629714894668	0.42059665971288757
0.28698416657673803	0.29697090163596546	0.4160449317872966
0.2883341119991909	0.3006055350267811	0.4110603529740281
0.28722392430482047	0.3021694185530842	0.41060665714209543
0.28445252602692983	0.3004199956547926	0.4151274783182777
0.2854726113064394	0.29926347475468734	0.41526391393887335
0.2844069148608113	0.30278335177199206	0.41280973336719673
0.289196543025898	0.3012819961865928	0.40952146078750934
0.2863693211453139	0.3009186310672792	0.41271204778740705
0.2889564640644325	0.29866429752343454	0.4123792384121331
0.287626995381595	0.2961518672010414	0.4162211374173638
0.2889719496027381	0.29951806305376205	0.41150998734349997
0.288650824297242	0.2992486401972295	0.4121005355055286
0.28513701462524976	0.2986294817651872	0.4162335036095632
0.2861402630045136	0.29973654826249035	0.41412318873299614
0.2846482145522237	0.2992910676047672	0.4160607178430092
0.2813632700707085	0.3035619936848271	0.4150747362444645
0.2862440909591215	0.3015617448070845	0.4121941642337941
0.2833302814430897	0.2961733941664453	0.42049632439046514
0.2823478505461179	0.29925629211410215	0.41839585733978013
0.2864957773929858	0.2971601437521464	0.4163440788548679
0.28491686234047103	0.30307101075118886	0.4120121269083402
0.2841306233712231	0.297929444704441	0.41793993192433604
0.2831410260713095	0.29618293293325537	0.42067604099543526
0.28348005307274726	0.30198814637207966	0.4145318005551732
0.28842474431080034	0.3005218755138513	0.41105338017534854
0.28913367263041845	0.30103228956605255	0.4098340378035291
0.2867195773323142	0.2991691183867263	0.41411130428095966
0.2837021964463712	0.2963958308642523	0.4199019726893767
0.28582591144957226	0.3006409454745111	0.41353314307591676
0.2883857146245245	0.2962963101881242	0.4153179751873515
0.2860919357429915	0.29697637688027617	0.4169316873767325
0.29017688200478664	0.29906772073202076	0.41075539726319266
0.2839164813658504	0.2976468468435772	0.41843667179057253
0.2879439813290291	0.29713419904382443	0.4149218196271466
0.29008762123144777	0.29963811028808623	0.4102742684804661
0.2863928340384857	0.29867034329289965	0.41493682266861476
0.2838714826891476	0.3036283276250452	0.4125001896858073
0.28205185117638837	0.29785246079730354	0.4200956880263082
0.28703477232178143	0.29726199203041787	0.4157032356478008
0.2825690458244846	0.29937717895119365	0.4180537752243219
0.28733415305047544	0.2978332138585244	0.41483263309100027
0.2835524295655587	0.3037320127744764	0.412715557659965
0.28977571381533895	0.30053835991285766	0.4096859262718035
0.28161294279747484	0.3035204529751159	0.4148666042274094
0.29013641947542734	0.29627552292517495	0.4135880575993978
0.28910524439045043	0.2992914356162507	0.41160331999329897
0.2816868495725228	0.2995668982998524	0.41874625212762484
0.2824922305760733	0.3011426718632502	0.4163650975606765
0.2844305494506166	0.2986476629354833	0.4169217876139002
0.28330014039518847	0.2963307217390719	0.4203691378657397
0.28237224950274686	0.30038567508255665	0.4172420754146966
0.28365156243774575	0.2991482860102227	0.41720015155203166
0.2877400819160577	0.29811221779845964	0.41414770028548276
0.2889768029021951	0.301507117217566	0.4095160798802391
0.28399743558919854	0.29910763238922466	0.41689493202157685
0.284165954063417	0.30206341098927053	0.4137706349473126
0.28898990098683874	0.29743647173534876	0.41357362727781255
0.2818608140900102	0.2984244894245333	0.4197146964854566
0.2861397737074539	0.29843525757800793	0.41542496871453827
0.2865776934370222	0.2992380817596407	0.4141842248033372
0.2885676189372694	0.29776264480450954	0.4136697362582212
0.28297808692996157	0.3002405293138801	0.4167813837561584
