0.04104014754172776	0.020780489584650078	0.3340513299072225	0.04468341399505599	0.02345922256791831	0.041241082336643926	0.16093729048173153	0.07124696316298818	0.26254838176978007	1.1678652281618684E-5
0.04173511725123433	0.020659007203729318	0.33327784675905325	0.04453312968617659	0.024128434103391536	0.04119127087245267	0.16029032361330825	0.07120406658512855	0.26297392351940174	6.880406123746519E-6
0.04294337264106206	0.02107074685494066	0.3342987268029159	0.04424875317625422	0.02388171560742476	0.04087863202420509	0.15957622187686216	0.07130319177975639	0.2617901500105584	8.489226020425011E-6
0.04346874799117735	0.02024340569969242	0.3319065432021146	0.04465488604018585	0.02479170011009528	0.04313978527082058	0.15983417612798898	0.07224014593971415	0.2597093155932664	1.1294024944444314E-5
0.04331000589027225	0.024076880968260606	0.332948693246075	0.04591307449885363	0.0245475408151183	0.04111812397793905	0.1571143014380662	0.07131954383300766	0.25963911413746854	1.2721194938808411E-5
0.04150188958830282	0.022327625163907003	0.3336166362098835	0.04735355245991562	0.024057250136031133	0.043089827909471114	0.15636870166024777	0.07343769139563837	0.2582427933526738	4.032123928812692E-6
0.04320517478537385	0.021199123330378128	0.3342681109055192	0.04709197033555993	0.025366451387108108	0.044295021730550846	0.1541903294161679	0.07247700251446501	0.2579022107165568	4.6048783201996235E-6
0.04273443903563461	0.02067922795728494	0.33395080352455053	0.04667302856778194	0.025660182874505222	0.04834534066293161	0.15245287893211115	0.07226858570338873	0.2572287250476511	6.787694160098612E-6
0.04334160686076742	0.020285072919683053	0.33099319394078336	0.049887335569393045	0.027270461183181507	0.04537914513088139	0.1539675634565805	0.07283696727882477	0.2560264053471078	1.2248312797183414E-5
0.04702909646956198	0.02280054310002609	0.3315193122381079	0.04721393572399206	0.029125747063718385	0.042291115604737695	0.14827254342133428	0.07841456173226465	0.25332975520562084	3.3894406362006135E-6
0.04632766493765886	0.02370668609027994	0.32955401917928484	0.04782997479216613	0.029058673004920654	0.0424258716890128	0.14833455159072215	0.08086685583895784	0.2518800655003545	1.5637376642244072E-5
0.050502588687936875	0.024197143183757555	0.33234554973907404	0.04711462233943348	0.02951762293483072	0.04098640168285325	0.14594542132504087	0.07429354152053401	0.2550885597050442	8.548881494985228E-6
0.04752069670833678	0.023017142518839906	0.3265711761978538	0.05027709367952828	0.03515205549143613	0.04754465275884838	0.14252102359171576	0.07104784959495931	0.25634439622578314	3.913232698479763E-6
0.048371067936889174	0.025668439038554328	0.32675621974090635	0.04869523429159209	0.03395684355766658	0.046532706039083827	0.14085462533944368	0.07472639925891042	0.25442232008384374	1.6144713109803033E-5
0.04926465968673347	0.02085696367727917	0.3280171546682873	0.05117148602447675	0.03527591754122243	0.04959321489501075	0.1409871577265066	0.07525215460525846	0.2495741304067176	7.160768507444293E-6
0.046030406259855994	0.02164815767232814	0.3285798100969763	0.044952577841888816	0.033254599920216704	0.052926100583741725	0.139122352955879	0.08118426758692218	0.25228738299839	1.4344083801146046E-5
0.04401484171741798	0.020705719725246235	0.32927919018074003	0.04664849415824103	0.03314315369049739	0.05480234590259191	0.13828918781374885	0.08017928423374496	0.25292657545533975	1.1207122431883265E-5
0.04276460157708838	0.0202370982120567	0.3300947346946209	0.04495112904871489	0.031625366245002964	0.05679598674386275	0.14100832558813287	0.07981936854990812	0.2526979290346185	5.460305993895687E-6
0.04726875366060508	0.021959692599082606	0.32424590274594506	0.04785446430680304	0.029404578668434336	0.059298989347208994	0.13724699254692369	0.08007949575434894	0.2526367111724586	4.419198189678508E-6
0.045166730083826975	0.022507290206387434	0.32574345885301	0.04661037382034201	0.03200329992323481	0.05788488283735885	0.13585616165483247	0.08145102529470605	0.2527725703342642	4.206992037236734E-6
0.047098966267542085	0.02537200165741821	0.32424546287783546	0.04778126210338733	0.02916512816194544	0.060548707079796385	0.13257145867367065	0.08022871419024827	0.25297354984398707	1.4749144169129424E-5
0.04955537886869556	0.025564254310705928	0.32760710204213084	0.047986265961239026	0.028774426079632695	0.05850593405881096	0.132693458496034	0.07826255934487432	0.25104550809008747	5.112747789220995E-6
0.049763510471733975	0.029434255360875905	0.3267013078941461	0.04719024769166778	0.027238004545522235	0.05923367850507373	0.12562829616908577	0.07734698991146918	0.25745423781415333	9.471636272059825E-6
0.0496138039727879	0.025963303163904577	0.3223521788450615	0.045364104029491537	0.027612847860343348	0.059197126900731034	0.12141575239306805	0.08552065129900312	0.2629465558854434	1.3675650165495545E-5
0.049455900296155486	0.02375516839797416	0.32408487043128403	0.04739545390135705	0.02467473059828952	0.06066731179211564	0.12132717131082288	0.08613553928256641	0.2624982793466872	5.5746427476549565E-6
0.04742408991892544	0.024632788249278295	0.3239813957624829	0.04849519830602491	0.024226540584341663	0.0643421954096725	0.12523686599058517	0.07922460714554828	0.26243186543714264	4.453195998163628E-6
0.04547101505822853	0.022990811472542366	0.3231230410929956	0.05008629920760883	0.030089903523493916	0.06382160843618094	0.12086099302024422	0.08062944000578887	0.2629229846105778	3.9035723388980426E-6
0.04824279936305993	0.021509258597486855	0.32318276828802084	0.050275189705777386	0.030244495326884127	0.06405341550955215	0.12115105062523193	0.0782364099633743	0.2631007358107128	3.876809899702738E-6
0.05296619763962079	0.023599368469608153	0.32606292264082765	0.04721135097664164	0.03573821337279212	0.06288074985961124	0.1187814563240935	0.07161188229280045	0.26114496768029816	2.8907437062963837E-6
0.052148508416845235	0.02060409994247235	0.323123050435847	0.049601761139068265	0.037091260109779936	0.06423847049847974	0.12084375414618165	0.07279900744018081	0.2595401470396536	9.940831491458968E-6
0.05609745055072863	0.026643010158589275	0.3259697436665892	0.04875253733147031	0.03961702754752226	0.06645167276074013	0.11919019626156317	0.07179974672145421	0.24546357190940055	1.5043091942210096E-5
0.05541848829819472	0.02671408335002988	0.31860971912282926	0.056948297325734705	0.04047667871900105	0.07061268640926727	0.11611915475422427	0.08298657445671614	0.2321036634864207	1.0654077582050725E-5
0.04965880728991958	0.02525495550392226	0.32073587071947857	0.06001320367323577	0.03892294658019323	0.07510989529935712	0.12220307056729399	0.07543121914075684	0.23265645982651623	1.357139932647855E-5
0.04301863325198697	0.02575900364128743	0.32245751152122365	0.050006394412487734	0.04059027467369957	0.08315393457152556	0.1179519595187444	0.07615405413168637	0.24090301731690766	5.216960450665775E-6
0.0418041647521617	0.02161832406952094	0.3239540674702351	0.04581424727499964	0.03766788748879253	0.09019411340370523	0.12533725107320762	0.07384126454979822	0.23976165222531848	7.027692260588858E-6
0.044090565816046	0.02156338048420077	0.32051553791616333	0.04412761523976013	0.033458712949032424	0.0931396311161852	0.12885816645401998	0.0765954148058351	0.2376465298741165	4.445344640599536E-6
0.0452430069772803	0.02263078718158472	0.32155357123439215	0.0473159811337496	0.027864890111282528	0.0895152248707056	0.13094733135217074	0.07216855335597651	0.24275098224854907	9.67153430876666E-6
0.04579528312455354	0.021665634004761805	0.32390664063522845	0.0478048726706376	0.026490269072064546	0.0890143086666511	0.13076355086266345	0.07369273565106464	0.24086342818363554	3.277128739306856E-6
0.044136239139456586	0.0265962197961727	0.3279043986523795	0.050713293190805135	0.026917698824736033	0.08810181610777808	0.13057343928983106	0.07290090667785423	0.23214167015861314	1.4318162373502807E-5
0.04156772753972027	0.028820235210063175	0.32753684124095517	0.05147376814485895	0.029245374408358338	0.08381055129134479	0.1285859787590345	0.0743064188511407	0.23464522561528428	7.878939239869265E-6
0.041308077843711835	0.029482554381206144	0.32855280907601614	0.054040272357548574	0.02979976406326118	0.08024300415394804	0.12758218566216745	0.07491012254935804	0.23407289006343812	8.319849344476382E-6
0.0413615350694202	0.027850971158740773	0.32467036232632107	0.05058031144857471	0.030658729312510832	0.08312390020631358	0.12929018916512683	0.07896653815279314	0.23348280935994226	1.4653800256642091E-5
0.05472486461685365	0.022451497314515387	0.31799727116104953	0.04665209141864838	0.027703984454134536	0.08511127870808952	0.12457640965182273	0.07763922480259128	0.2431355851681275	7.792704167522424E-6
0.05876418384520515	0.022869712285225177	0.3168658989186943	0.04499399377257429	0.027126812321146956	0.08292619822114014	0.1261037727110548	0.07701992500555536	0.24332043570743467	9.067211969138178E-6
0.057578830127938505	0.029183853564186346	0.31886038608645695	0.04539468169392889	0.028953139361658956	0.0784009663568725	0.12139035385636975	0.07484968775774473	0.24538267179859807	5.429396245273943E-6
0.054837272742224386	0.026741607515649135	0.31738157015714574	0.04960516375797569	0.028705503704743313	0.07968932054204202	0.11985028390464304	0.07389756079797134	0.24928390180168625	7.815075919084813E-6
0.05336588192248787	0.026864152468078384	0.31977534031314414	0.04716640615030009	0.029902994338026956	0.0808810703268722	0.11757817887889672	0.07514300016455172	0.24931763999905343	5.335438588452424E-6
0.05670457523888409	0.02511534623085175	0.321423327628503	0.04740203215078749	0.029998648475791714	0.08004378603042056	0.11712504867229917	0.07456317248400351	0.24761551625852768	8.54682993099709E-6
0.05603684378152031	0.02751483315435689	0.31403152320764377	0.044292001079801795	0.02685456564089389	0.08397705870756797	0.11335338395893899	0.08439673552872515	0.24952768453223423	1.5370408317005868E-5
0.0639778259377037	0.03042433805807135	0.3159297283198302	0.045297681515723116	0.025387525326928922	0.0850191325859194	0.09679768088506965	0.08945684495886899	0.24770256367871968	6.6787331650525195E-6
0.06573067239754915	0.0297810565810738	0.31536649055167165	0.04409265900826745	0.023525775061723056	0.08699423250200777	0.09835102668562455	0.09174529389717154	0.24440014567970209	1.2647635208903885E-5
0.062415495264139545	0.03455240571691075	0.3163691562787285	0.044851346565441916	0.02404937943702669	0.08501016238677667	0.0990771310105149	0.088813081030456	0.24484960408274614	1.22382272588345E-5
0.07042656274372867	0.027127172736174363	0.3059761898799043	0.04744655476029207	0.031958642016278085	0.07608489566967586	0.10610086483991019	0.07742826883269294	0.2574369255954426	1.3922925900938798E-5
0.06812348529628671	0.035450637785647554	0.30514237690136525	0.04583236916124437	0.02794268455833783	0.08381842411064014	0.09988823401496051	0.0763346404956951	0.25745214828004354	1.4999395778994562E-5
0.07241310019135762	0.032692880756266904	0.3041272184117863	0.04615408323359137	0.026121817687404528	0.08703595465060479	0.09798326680097526	0.07273955794499334	0.26072836274214645	3.757580873370303E-6
0.07348645313238178	0.03133897204289318	0.30462758268155155	0.046314367404717297	0.02508497133291125	0.08787229709025131	0.09741613552008131	0.0748528916500724	0.25900255108830317	3.778056836684085E-6
0.07587608615537808	0.032350569058459025	0.3044491768758161	0.04444800262542991	0.024945476244022102	0.09328945496403243	0.09660835147598736	0.07262290404565125	0.25540444985050303	5.528704720689226E-6
0.07534070609155886	0.028678398596019075	0.3003213718668364	0.04664735843720602	0.026891932166972304	0.09538777759333524	0.09630983508713498	0.07309141502293867	0.25732839744721886	2.80769077960763E-6
0.0722037795370307	0.028175159009993095	0.3023865804600442	0.04501009059945993	0.027223349978068995	0.09483614570144346	0.09676835815507485	0.0738672228502094	0.25952206709512826	7.246613547076675E-6
0.05394548262335937	0.048030812148998854	0.29894405294082865	0.06724220597524108	0.02824710282971285	0.08697352290798546	0.09708497236038513	0.08605159379209201	0.23346434614063982	1.5908280756829485E-5
0.05771395012950226	0.04764617195097745	0.29433581531798286	0.06537743151519619	0.031931720868049615	0.08341106771975008	0.10106232159896532	0.08492952241343943	0.23358676965884823	5.228827288580873E-6
0.060517809718227386	0.04890427714443146	0.29614246656837234	0.06619305758285973	0.028396029143498633	0.0833126793258766	0.10072253798919704	0.08444820415038351	0.23135925571041166	3.6826667416250958E-6
0.06227768288553019	0.05402996144195753	0.2924991322406629	0.06764816755993411	0.026788296061684314	0.08267067511452797	0.10019613134235557	0.08161695324651516	0.23226676059413476	6.239512697514549E-6
0.05847519897179769	0.05323610644680378	0.2997876866805122	0.06214747340973886	0.030428361581488927	0.08325948422651318	0.10473908002855102	0.07765552032804174	0.23026043548211605	1.0652844436589981E-5
0.06435058482742226	0.04269172581407473	0.2966517390579636	0.06459393166235153	0.025682969237930245	0.08457507635009176	0.10736269584585241	0.08125706601691847	0.23282620195779324	8.009229601743661E-6
0.05125110085245736	0.04120402304805561	0.2994181677346149	0.06976312508345041	0.02961728121165849	0.08310352088887056	0.10740532819870002	0.07897430506459083	0.23925866843993393	4.479477667962417E-6
0.0510618031403101	0.04169146117736811	0.2992055842637044	0.07092420476681804	0.02949196385893331	0.08434335900332185	0.1060773058727092	0.08155447909339182	0.23564262261523555	7.21620820758051E-6
0.046960157746141096	0.052161923600690524	0.3027058171228243	0.07353567851323864	0.026495263655545068	0.08224517617174722	0.106966354343705	0.07711643405276619	0.23179720264741505	1.5992145926957413E-5
0.045157194492078154	0.05232537478920118	0.3027809495442869	0.07281538474737691	0.028732924054930567	0.08206525464576117	0.10237232187844819	0.07859259524256978	0.2351490519050407	8.948700306474211E-6
0.04592328277492827	0.05149500210749221	0.29921734770207387	0.07530379261609825	0.028087515546889763	0.08004118683738329	0.10531436766263085	0.0801245213621507	0.2344776721615749	1.531122877786173E-5
0.0456794934441273	0.05342718916117079	0.2949646455212603	0.06869833857898776	0.03338274611358648	0.07635718947171022	0.10661649268135215	0.08627656596875055	0.23459364342402445	3.695635030040445E-6
0.04291313963247345	0.0548189000059594	0.29890699494227074	0.06921972433245668	0.03282872998770005	0.07735242508316117	0.10239957413583578	0.08583102336084543	0.2357170167611663	1.2471758131016308E-5
0.042984923998945934	0.04847116020553575	0.3022279544472402	0.07068837735510214	0.034788115007409096	0.07719089951561697	0.10899108191666389	0.0770457109049331	0.23759672557763623	1.5051070916746734E-5
0.043401288616539996	0.05148183326815651	0.3029823335975842	0.0720998159604696	0.03281707860792438	0.07545426530621374	0.10763372854730228	0.07654233758479144	0.23757830257146917	9.015939548648322E-6
0.04635267433973014	0.051871356409929154	0.3081515332348514	0.06884554131610965	0.030658615463825756	0.071677841182352	0.10862023854466081	0.07815753821798575	0.2356561050038895	8.556286665808988E-6
0.04763814442019727	0.05569309978565312	0.3107741753817016	0.06836511850576533	0.027332255730345756	0.07047731395942548	0.10819501592602294	0.0787667043313313	0.23275162647005954	6.545489497647439E-6
0.047404532470267505	0.05301081560259093	0.3111444217701338	0.06759010060971579	0.030248220859037098	0.07062772217211469	0.10763036731458246	0.07919548896423789	0.23314075892705383	7.571310266005216E-6
0.047515961008577565	0.054747615020492184	0.3055663971818358	0.06913392039733997	0.03357803746207742	0.07079996070123311	0.11256460295673534	0.07985838503500411	0.22623131191949442	3.8083172100161766E-6
0.04884989349605288	0.055059615898079235	0.30698706139016685	0.0668032006006713	0.034103791274293166	0.0718255226726013	0.10872896819781913	0.08216102175491932	0.2254679429322748	1.2981783122048562E-5
0.058952916658689104	0.05429104745530894	0.3098657189957625	0.06248714939252145	0.03199063970018397	0.06861184509167259	0.11488834260240398	0.08155706040799192	0.21734247845061255	1.2801244853019589E-5
0.05221312904126341	0.06885493501744475	0.3066385018827868	0.055731297871913596	0.025282738154645892	0.07065177765175548	0.11904607027317635	0.08085811070944418	0.22071657058982924	6.868807740312288E-6
0.055166384782794	0.06558128248956535	0.3042269908265038	0.059054744372587	0.027904408183306265	0.07149480013999794	0.12191793725341993	0.07803686315746948	0.21660296391440267	1.3624879953585967E-5
0.060866692169926864	0.07000794937704069	0.30292861396425524	0.056505701698714314	0.026247423772169307	0.06763454077692649	0.1147930796336121	0.08225468956556746	0.21875637584393504	4.93319785253854E-6
0.044626843745827476	0.07127154471010552	0.31015969440262303	0.05294354969021309	0.028732212264545517	0.06398146660444197	0.11541624287718674	0.08786570045932307	0.2249960496237713	6.695621962329867E-6
0.04301303247925638	0.07032128047311922	0.3098563541358906	0.0515660746734051	0.024808462721127064	0.06738390446593097	0.11870947343208671	0.0896804349686908	0.22464743443883567	1.3548211657499198E-5
0.048572901243817704	0.0709160130146547	0.29789754273850877	0.05030333528898307	0.027711380931814425	0.06748920581380262	0.12245863285405376	0.08636923253535755	0.22826974399158456	1.2011587422852688E-5
0.04466484726440727	0.06990266712970172	0.2962406948778359	0.0474663170659685	0.02830272927083513	0.06617602387991504	0.12297119179988278	0.09074543380465047	0.233514850908476	1.5243998327210684E-5
0.04371747827398223	0.06928206296659314	0.2912037916048205	0.05478318425088857	0.027979804780306664	0.0645283772768237	0.12255364783687647	0.1006111065662298	0.22533222975081973	8.31669265917434E-6
0.06047261929831782	0.070470399631589	0.29251696863155097	0.0489172812575068	0.026756691858081966	0.0719685975430578	0.11845175637443259	0.10238982318511874	0.20804029258952494	1.55696308193759E-5
0.0586155856307666	0.07115425500120123	0.2908672959744194	0.049138997174218185	0.02935548410720422	0.07285397524875278	0.11702724855156224	0.10276760890237494	0.20821503356842275	4.515841077620819E-6
0.06445038763762567	0.07023789109001868	0.28786743289807326	0.050974390292183466	0.02397846382204795	0.07502641366539736	0.11762119358762045	0.10513615939294209	0.20469288238355104	1.478523053995151E-5
0.06529257418244305	0.0685839306129482	0.28765766760783806	0.0519815915650986	0.02528877852793132	0.0749031514664156	0.1180242589683298	0.10477815731692508	0.2034849954546078	4.894297462490482E-6
0.06776680819129142	0.06511031670636297	0.2902222402859925	0.05283739231476794	0.025586369965456948	0.07123123968652754	0.11917301405053074	0.10226557611056133	0.20580100149103658	6.0411974719259964E-6
0.0698246976858645	0.06779087008199022	0.2926169238995152	0.05062137152191306	0.026570808970680176	0.06830230507479307	0.11879605489979439	0.10056445996548365	0.20490364795637261	8.8599435930925E-6
0.06362197112059603	0.062116589249697846	0.2940944545698286	0.04793003110937441	0.026785360035841865	0.08399417892952213	0.10897312054114892	0.11137532517232386	0.2010960962210195	1.2873050646844408E-5
0.06357674713054687	0.06556760816829471	0.29376349108215993	0.04753900734863348	0.024511394103173934	0.08358487898585229	0.1098498381675706	0.11012226287545937	0.20147022148431198	1.4550653996789342E-5
0.06142884251970332	0.06391931975200582	0.2930986330872492	0.0522195632727267	0.02780065039748207	0.07921073496590617	0.12066079761201438	0.10498309820229834	0.19666339606107813	1.4964129535846582E-5
0.05881608292497102	0.06591346702929674	0.29494605004440333	0.05040538908779889	0.02925683229438196	0.07683279353020055	0.11633190612822741	0.10569424425144873	0.20179916142470922	4.073284562061685E-6
0.061637099367897796	0.0683290000851508	0.2940073899369094	0.048279073972366776	0.03332420545503385	0.06345405171362076	0.11551686332386571	0.11309991931016299	0.2023419355165712	1.046131842072362E-5
0.06705651431614587	0.06425078828890374	0.289780337154006	0.05143414741804839	0.036724763671726265	0.068457126669984	0.1076927894735583	0.12072501673598798	0.1938641758035504	1.4340468089027447E-5
0.07001500165288886	0.05979958071940007	0.29349952067758933	0.050446651690174996	0.03381387911244388	0.06890641496817757	0.10566137466958835	0.11871954374176766	0.1991243436719718	1.368909599744339E-5
0.07095819607025994	0.06362719250318222	0.2892349359919191	0.049297844018903345	0.036747643268976116	0.06609704917803896	0.10407895297577845	0.11863426562946996	0.20131414781792	9.772545551886558E-6
0.07371711852463642	0.05626917683677471	0.28177640284188155	0.048034053902213124	0.03572476194105077	0.07224264632784858	0.11905123356612894	0.11950626329670619	0.19366319952906208	1.5143233697639813E-5
0.07277638903148721	0.05519297799997415	0.28740044154598293	0.054208380859539426	0.03261853349655312	0.06415666187796037	0.12278041739887949	0.11516969492667156	0.195691697854326	4.805008625749507E-6
0.0692374471069957	0.05514665915637887	0.28935283637643455	0.06006714360739867	0.028568394514541365	0.06859838988207992	0.11674621074561778	0.12173808362020144	0.19052975925359855	1.5075736753161761E-5
0.06564315737755562	0.053241487288790995	0.2925808810156484	0.05630628980865606	0.027691423543384094	0.0702437232206926	0.12125690945139067	0.12661799089420245	0.18641137516351838	6.762236160723356E-6
0.06513062542096469	0.05347493213275151	0.29405645935419394	0.05858158012198923	0.027918913806883577	0.06871438910294823	0.1204405207300498	0.12466483598884531	0.18701063778856586	7.105552807820659E-6
0.05993253252712622	0.0511707975813379	0.29073499559657523	0.05700706977676765	0.028854387240883933	0.07178637104795045	0.12450181136163914	0.13319249844163633	0.18280867782486382	1.0858601219285169E-5
0.06147210034738654	0.05054407382510022	0.28998614587267674	0.05547173921160414	0.030299364384288027	0.072977523125345	0.12321789467126233	0.13199637103025422	0.18402723191991416	7.555612168586023E-6
0.06720441578595586	0.04954546901922456	0.2837884740205068	0.049506404818266445	0.036551803531146024	0.06518536447703357	0.12800101169502992	0.13549328549196457	0.1847181213595452	5.649801327028969E-6
0.0679673175929464	0.058903055245210965	0.26565402541162414	0.05578152909841952	0.038361420876255	0.0692664276163281	0.12994958734460146	0.12697110807406325	0.187138927537093	6.601203458148075E-6
0.051992782572892	0.05519168245529013	0.25373181504036485	0.07388406030462148	0.03754582501268536	0.0740355295323877	0.13798696851282982	0.12263599148434645	0.19298098743815162	1.435764643056836E-5
0.05029057013504436	0.055177009218925224	0.2556259980466845	0.0754799438797406	0.03533997875468528	0.07600301537301318	0.13539916004396946	0.12044302317402068	0.19622611813974894	1.518323416772882E-5
0.04367550773437872	0.05016746754614745	0.2558309619592293	0.07659771277527364	0.034700582791944976	0.08133185196534509	0.1396933209636504	0.1239531797023564	0.19404540353662642	4.0110250476427245E-6
0.05124266602442948	0.04028847970367789	0.2481712721829945	0.07914423061492877	0.05019075329923909	0.07678780226707957	0.1348485488876743	0.1293625337381424	0.18995403008599526	9.683195838758318E-6
0.050450555882684434	0.03900233769545785	0.24882560255146075	0.07946577196107175	0.05129978278484924	0.07394414192798748	0.13550205492553236	0.12811882342663014	0.19337555388804234	1.5374956283648045E-5
0.05260432254455613	0.036602992613834526	0.24786088811627027	0.07569003731947958	0.052159143503964306	0.07679273182980878	0.13488354996303975	0.13205153922150376	0.19134325530197488	1.1539585568015598E-5
0.05867935728469293	0.04288409595571154	0.22378369784778845	0.05361477340542262	0.026999106694116856	0.12924966214073966	0.15822905381213165	0.1256653172044983	0.18087959550189786	1.534015300014291E-5
0.058206259312211184	0.03731812376344777	0.22163997769977595	0.051968731606734	0.0323709615707473	0.1318101490495433	0.1595550046700035	0.12258781476475404	0.18453259718408027	1.0380378702642967E-5
0.06101032839085356	0.029712661847347846	0.22425952996195325	0.053823247714299	0.04032921755908368	0.12464144624954183	0.15947357268829088	0.12438296676412028	0.18235065554189184	1.6373282617790363E-5
0.06319513769501393	0.023472210628234264	0.22713596680257808	0.05919338050752802	0.03450984148346277	0.11714105037572237	0.16213570707821368	0.1316583139968411	0.18155055827543332	7.833156972461564E-6
0.07584768516627084	0.03326924073276054	0.22159908334858533	0.06285850828844283	0.023862399028434317	0.11811862018273891	0.1552154550696893	0.13690424038398916	0.17232014383926442	4.623959824257007E-6
0.07021828379980415	0.03191825895324482	0.22875442220165293	0.06328489797341444	0.030157569569472062	0.11577824133543622	0.15288460827458625	0.14070435004045825	0.1662934443695635	5.923482367317656E-6
0.06995411773937105	0.030386434845161805	0.22929935616835767	0.06306943241855334	0.030908879242774037	0.1155000473561813	0.14970933059981284	0.14444739981046406	0.16671665188960472	8.349929719195237E-6
0.051263768484509545	0.029197965370347467	0.194399678427667	0.09197008062168378	0.05745899644315465	0.11990010392298685	0.15813077946321583	0.11781898102728233	0.17984479718306934	1.4849056083218737E-5
0.04633956593204637	0.02975672456468284	0.19976668161502067	0.09772895566183012	0.05090293404750374	0.1221905399749621	0.1625437749444833	0.11645738113468168	0.17430839545879942	5.0466659897580035E-6
0.04733636214187634	0.03362107035364341	0.19878115010090397	0.10091040466326755	0.05111868822969619	0.11689145127801731	0.15703212744854086	0.11591518951335926	0.17838724128182465	6.314988870437244E-6
0.07160165068697236	0.03783935991673922	0.21643582768916647	0.08413240476347175	0.05155974163533018	0.11707013328682359	0.16045740310789378	0.09728568321068409	0.16361495284044042	2.842862478133479E-6
0.09176509102819544	0.0429472451077962	0.20391043351310756	0.07441000240296547	0.03428694293061042	0.1416293255669735	0.15594016141169947	0.0917928600906823	0.16330552397710124	1.2413970868305202E-5
0.09780802107095093	0.04519003935032559	0.20649522977360685	0.07410839863665047	0.03337827970907903	0.1277913464962213	0.15631967671924804	0.09966784461644687	0.15923473330136295	6.430326107947915E-6
0.09769166358900275	0.05199965892411284	0.21045979848424326	0.07278425857057078	0.03192943205950588	0.12009848668920789	0.16046285465794458	0.09446132716448663	0.16010786436192545	4.655498999861507E-6
0.09397084811918312	0.06192378819159553	0.18893459772627008	0.08389581914920138	0.03673836903339103	0.1129649606222875	0.18109038958705181	0.0913684905159407	0.1491003877283285	1.2349326750288325E-5
0.09555277586259053	0.058613562127592896	0.19332425644094595	0.08685015060075066	0.03621092283463828	0.11954398812663311	0.18251468739491622	0.08566098819391921	0.14172551827021782	3.1501477952833312E-6
0.095005673209301	0.0588389019912937	0.19273314188461502	0.08530036982391632	0.03597972126404378	0.11898681935398046	0.18249639040482585	0.08439551008987758	0.14624831333197716	1.5158646169063927E-5
0.09560820513740029	0.04798587750549065	0.19006595257039696	0.09230327406494619	0.04394452754690517	0.12902202056495243	0.192477776857491	0.07198449007488383	0.13659456853368138	1.33071438520177E-5
0.08662126285476253	0.04573019613288486	0.1933738614719066	0.09036963919291316	0.04572910593085925	0.12770944854299973	0.19703814383459664	0.07624121347419627	0.1371764486565691	1.0679908311786446E-5
0.08570370422631761	0.04473261411702627	0.1967516568764569	0.09113738729269648	0.04501070310812417	0.12462237628198317	0.1998583539010589	0.07484156707019898	0.13732609242970498	1.5544696432459593E-5
0.07988610140267832	0.04562283330428752	0.18884685773428034	0.08942842283379954	0.043660140600502675	0.13854309320065783	0.20063590615368018	0.07561924985223745	0.13775341155772525	3.983360150838777E-6
0.07763545352959249	0.04361758291544839	0.19261909738147048	0.0873178273980613	0.04379383393134908	0.13876969103368222	0.2003609308597376	0.07548903216340436	0.14038407608684875	1.2474700405287753E-5
0.059569335785873076	0.05602304941817567	0.2050657156913071	0.0930608393915129	0.06392221792152544	0.1409350887329723	0.17597328404966606	0.0942796760176892	0.1111620252751458	8.76771613241012E-6
0.05489529894663259	0.05667143498950163	0.20206406991706832	0.09642744890502424	0.06265287895325233	0.14229985688644192	0.1735286984737966	0.09704872249366675	0.11440144519778997	1.0145236825687132E-5
0.06852393488916352	0.062249007919076574	0.1875065645024248	0.09341411158942697	0.06728094931062273	0.14136655425600375	0.16886120807711516	0.10887514151066707	0.10191041470383294	1.2113241666431018E-5
0.07094608802387498	0.06014970742208479	0.18709814825024287	0.09532943608333008	0.06872170804524375	0.1422473000305502	0.1681634636202599	0.1082639180562906	0.09906406040993396	1.617005818885242E-5
0.0720484178708772	0.05941040625860341	0.18814693587243728	0.09221495703983015	0.06902566898660546	0.14307865502738648	0.168014270431196	0.10886561734889563	0.09918299536955046	1.207579461788566E-5
0.07765624515633487	0.05977484164524002	0.19161199385217492	0.09116977831529197	0.06517627048382806	0.14090267283102942	0.16352904644298583	0.10958212485605148	0.10058843784179003	8.588575273346666E-6
0.07453230686240901	0.061092455558280814	0.18767661850614337	0.08726172008097458	0.06930338273042018	0.14425994951350773	0.16705325032020238	0.1092493737346184	0.09955505275970322	1.588993374028458E-5
0.07239381240410693	0.05782977519683529	0.18849429890878305	0.08945843728475596	0.0694835613914418	0.14551695499842698	0.1685399062982441	0.11086230023682819	0.09741173902782445	9.214252753173002E-6
0.06972459369227152	0.06266496982775391	0.1930569740868948	0.08721673620263162	0.06728555083145045	0.14451252381533164	0.16702516477931817	0.1114771614499439	0.0970237485646675	1.2576749736523118E-5
0.07155532291469463	0.06371096547211616	0.19259074540706342	0.08109582802063373	0.06848407384473773	0.14364939015744682	0.16819084784720734	0.11479815666119389	0.09591640561334822	8.264061558058144E-6
0.07426163141597261	0.060167166849620236	0.1919320368170587	0.07969069691315767	0.06544524791295439	0.14310161846407943	0.17075747408122488	0.11564846885328052	0.09897991410602748	1.5744586624094614E-5
0.0687194702463978	0.06508063919884058	0.1907833876565562	0.07778353951658701	0.06574330576022344	0.14503100088530563	0.17138806486532882	0.11976193092389074	0.09570126838334816	7.392563521571582E-6
0.06942522914844941	0.06266686068008119	0.18873243443115112	0.07938096824686719	0.06520595975556949	0.14234400727783852	0.17002786145223087	0.1241044440534029	0.09810455810520684	7.676849202387093E-6
0.07368940504432597	0.05705158275033058	0.1960462062869851	0.07938035965473267	0.06936499633417657	0.14001416891384455	0.16635494365789916	0.12196912597671533	0.09611931963648504	9.891744504997302E-6
0.07112178267120291	0.053325165201225974	0.19274007614283806	0.08060663319332767	0.06425270717875074	0.14296418156510393	0.16940180658153273	0.1260019573205679	0.09957756132447905	8.12882097095402E-6
0.07058063273688557	0.047991485402197234	0.2030714051554428	0.08236231267053938	0.05925242210682702	0.13903551410023793	0.16608111594177424	0.12211138888153264	0.10950269500701978	1.1027997543378021E-5
0.06794998844896073	0.05191231969874788	0.19762856331802695	0.07754331246932453	0.06408582839672189	0.13594295995156397	0.16947732438035418	0.12679210751949013	0.1086616395854368	5.9562313729638605E-6
0.06594123610377432	0.056413057024426894	0.20399565955496987	0.07634889888671596	0.06393566004709925	0.13785105354602184	0.17012917324172366	0.12033934945272279	0.10504187767409855	4.0344684468368586E-6
0.06778316112414107	0.05980896137721834	0.20294484782414435	0.0756281732859756	0.05874066506541994	0.1405258896144927	0.1654061202388739	0.12164254725731743	0.10751271617996355	6.918032453034906E-6
0.06717485007904736	0.06575941824822819	0.20123444408855823	0.07301429932478912	0.05889198974451073	0.1408881970780525	0.1643905632721802	0.1225270242758329	0.10611004757362043	9.166315180289542E-6
0.07970578040957041	0.05711048587988764	0.19858013780599726	0.07590586887330501	0.05060606739546831	0.14582923042500362	0.16247475949469187	0.1275369570321765	0.10223656604671369	1.4146637185644129E-5
0.08141953773038581	0.05472696569273677	0.2027409362737374	0.072192273882818	0.052643423363523956	0.14855955575428345	0.16167286209354625	0.12313963491650409	0.10289923737575232	5.572916711979459E-6
0.077027573529973	0.05230768933984163	0.20018754776173447	0.07723258918842799	0.051129134608694005	0.1503337826817729	0.16344200968819148	0.12320502796790822	0.1051181829394511	1.6462294005134548E-5
0.07924351550757464	0.05632512733708987	0.197303093870213	0.07061874774308362	0.047404880799919044	0.15260766959074754	0.16366779060903214	0.1272972521647423	0.10552415171900137	7.770658596431557E-6
0.07854394241853443	0.05694508197537284	0.19819986544714568	0.07361944829058774	0.04562758514414859	0.15239482500569412	0.162174468745414	0.1266863347837566	0.10579960478473462	8.843404611311168E-6
0.08370122376464828	0.05316443422299735	0.19652631174474916	0.06677134744723591	0.057625068065544204	0.15283652480611304	0.1599633755318566	0.13713608868378963	0.09226255895345331	1.3066779612505575E-5
0.08527462682158721	0.05365481922331939	0.1960502482416652	0.06393399846029195	0.05704479990534906	0.1516995446928526	0.1612580359999417	0.13847687466313996	0.0926006782992467	6.3736926061847E-6
0.08811736471391697	0.054325161835427266	0.1958164991140144	0.06353552337755564	0.05961687075196541	0.15233824044410196	0.16199274790315993	0.13551457266839612	0.08873745937270296	5.5598187593125514E-6
0.09658696899588633	0.056524244377808494	0.20029936930296122	0.05744122128001841	0.055752549155668865	0.1486310586028793	0.15917902914168836	0.13322130333110627	0.09234886892447157	1.5386887511126268E-5
0.09161337811421506	0.054524519741793905	0.19966034853288916	0.048936407156608165	0.055777394172445184	0.14406447879828493	0.16572445568881639	0.13591343236904346	0.10377589343160502	9.691994298649531E-6
0.07315761746608504	0.05774246703712782	0.19550989517967748	0.05606471212891377	0.040205283032477813	0.15170389124689515	0.16709976765666962	0.14468293349501127	0.11382494603135218	8.486725789833005E-6
0.0719303579458408	0.040081456273818414	0.1884051393308171	0.04985147681057462	0.046145852445074256	0.1581900971065295	0.1637924564281712	0.15615910942395012	0.12543971128711112	4.342948112814882E-6
0.0826129825610488	0.03892893628053928	0.1835067828917984	0.05044551749471057	0.03772893616561802	0.16675364242556956	0.14842165695722967	0.1629036422322661	0.12868176516519556	1.6137826023970847E-5
0.08222914106744725	0.027829364463678938	0.187769159730926	0.045969052996055554	0.042248384818601444	0.16326868273229478	0.14449402187351787	0.16812473549212176	0.13806437124638454	3.085578971842584E-6
0.0880681229390226	0.027400975154688062	0.18421767560234997	0.04842258720556328	0.042672004939744254	0.1618957399194641	0.14566601141425833	0.16517880589151923	0.13647395688901595	4.120044374153475E-6
0.0908933016386822	0.029876037883264484	0.1839808401899429	0.04721808286668759	0.03992563686481697	0.16507828406781072	0.14527611775756202	0.16175717096917047	0.1359901435588773	4.384203185325841E-6
0.08959814743686677	0.03179766801188938	0.18464154127557997	0.045344987537400676	0.03914370913420361	0.1680865455917025	0.1451871284053651	0.1611687856473029	0.13502688251574874	4.604443940348091E-6
0.09097689019109959	0.03463106643234529	0.18801808909720602	0.0463567347450509	0.0399394208722276	0.16454163360387275	0.14734525483471586	0.1538394779881633	0.13434547241652797	5.95981879071561E-6
0.08864211457894049	0.03687632661057272	0.18654832513375472	0.04822556329152447	0.03837250452490123	0.16261075823742777	0.14872318463391573	0.15356101979425008	0.13643218588454734	8.017310165434055E-6
0.08870183799786317	0.04258225839479521	0.1828068057069074	0.04513848074518276	0.040348199654456296	0.16296138379814373	0.14601199167515308	0.15135624115621477	0.14007948817396726	1.3312697316372746E-5
0.08932394042502984	0.0458089715461467	0.17617314199180262	0.048101220375021694	0.042344313871114626	0.17091740743533942	0.14202343304607717	0.15417225995915967	0.13113004463202704	5.2667182811189095E-6
0.08533021931676951	0.050268844018553194	0.17754572873393576	0.04414205242179836	0.04393442559696749	0.17012492867796056	0.14345210382966822	0.15856859866747097	0.12661975237053902	1.3346366336833282E-5
0.0835118917506597	0.050434217389921154	0.17820633392275786	0.04842593088118696	0.035550109060044174	0.17369075991482508	0.14360710085448491	0.16044648345973858	0.12611392025192278	1.325251445873088E-5
0.08140872121618899	0.04757020303726888	0.17800486438648574	0.048556424215615526	0.036806136975572945	0.1779339232549937	0.1431978085959062	0.16064491698421907	0.12587106432767275	5.937006076178752E-6
0.07990289050907959	0.04990914186772627	0.17833170901005607	0.05210057482829924	0.03134328549034433	0.1749995123773534	0.14546411054314506	0.15843826856407248	0.12949486203111685	1.5644778806667148E-5
0.08000581532794546	0.05218033359248811	0.178475388518819	0.05355504428518949	0.028055176560957934	0.17278269196661517	0.14567273259017827	0.15809436917676367	0.13117094506389668	7.502917146184895E-6
0.08092143992854833	0.052385096347298786	0.17594124881956524	0.0536691750269758	0.02460905973813314	0.17499378841451607	0.14188385572492754	0.15949820584237184	0.13608805300126692	1.0077156396309794E-5
0.07807410203515416	0.05385433043887934	0.1797556649036605	0.052586051295872016	0.0272874785211345	0.1749092392170053	0.14131928006540373	0.15459381243265585	0.1376122366946502	7.804395584412593E-6
0.07911931581723834	0.05504822462742746	0.18398397042422557	0.05666415407392391	0.025567045860352813	0.17703922536183825	0.13608410713231064	0.15131828964350133	0.13515902729368282	1.6639765498788206E-5
0.08861946355936806	0.054002777080012034	0.1837131326819259	0.05882311481342394	0.027315923671191233	0.16966664589469807	0.13356692337577786	0.15166923124670836	0.13261178981824132	1.0997858653147286E-5
0.08962376233336197	0.05352717227774969	0.18235283226249127	0.05875051634392003	0.02730690908521935	0.1698525895969525	0.13415043616576455	0.15256761451453213	0.13186047305557308	7.694364435359424E-6
0.08885556766644492	0.054787141217991435	0.17251020684132895	0.0624780464533504	0.023599944657865093	0.17571006246498555	0.12660776282578934	0.156421469310968	0.13901361287586472	1.618568541146559E-5
0.09185557306917413	0.05619977668980358	0.17370090199185975	0.06173476437291411	0.025720496479641475	0.17399651170571823	0.12126599406272795	0.1572566002579842	0.13826166861846173	7.712751714794575E-6
0.09412314118810852	0.05411644504412545	0.16904075517958284	0.05838622570726965	0.027473842014801936	0.17851437594938963	0.11770055256625009	0.16236857649223774	0.13826753232207203	8.553536162053677E-6
0.09138404259507624	0.05523292010125541	0.16855936335519855	0.05983215783277819	0.029253784501654168	0.17996744144834126	0.11060931542706098	0.16162545665318878	0.14352936721916523	6.150866281140477E-6
0.09122540720633349	0.05485501796267297	0.17001447212932097	0.059264787599504466	0.032117175583637386	0.17866811520343379	0.10902737589151057	0.1612778909245808	0.14353824816631539	1.1509332690090579E-5
0.09881957357559926	0.05411392912763232	0.17468388102499732	0.05324380100596016	0.029828752205707867	0.17815640163485025	0.1178995631225459	0.1512257823041965	0.14201873642678853	9.579571721901603E-6
0.09834382007401021	0.05479891047239634	0.176942643046008	0.05878112213682615	0.028341055371524412	0.17757596597588465	0.11298169427265288	0.1510424584514699	0.14118782419619402	4.506003033338812E-6
0.0947094174032561	0.05696329174991657	0.17736807311582053	0.05699311239739461	0.02640950907198289	0.18168939078909402	0.11446935874498565	0.15053317233198577	0.1408578485416559	6.8258539079185665E-6
0.08952817281128876	0.06131229510568523	0.17814522001894584	0.060880909424782526	0.0308512366946673	0.17938441740262345	0.1141917987832156	0.14945770041599396	0.13624456459303527	3.684749762047912E-6
