0.16237978994155872	0.05202047739023764	0.2186799341800547	0.12999133228229282	0.042122825777905354	0.0745054597150981	0.20561205577598618	0.11468812493686623
0.16467342237304156	0.054912566348627	0.2211816509364875	0.13385602626487286	0.039271380038901724	0.06362774559678445	0.20025005573083648	0.12222715271044811
0.1600699647349296	0.04802314709463153	0.25652279720068344	0.12527949139170613	0.04359540041863921	0.07125288452856687	0.20342797737498486	0.0918283372558581
0.14619076809116885	0.04979951931920862	0.25169054821605763	0.12712401517320027	0.03676467008024986	0.06491906116316912	0.21664561296160478	0.10686580499534067
0.1480944108436131	0.049410008491769894	0.23500276148545768	0.12558858882823015	0.04842730800959938	0.07718184431368058	0.2229015814446681	0.09339349658298088
0.14928545610289226	0.048170238570959076	0.21489103301715518	0.12828589685061045	0.04924569675004897	0.07791655918918693	0.23040859379918177	0.10179652571996514
0.16010969793254454	0.046215417853553944	0.20945516119400487	0.14088266037994915	0.049252864234315796	0.06167978474892373	0.23009204778620262	0.1023123658705051
0.14548297762197968	0.05060881233931372	0.21556404960099873	0.14085793852731515	0.052801748620668595	0.06949468778288465	0.21800940198068697	0.10718038352615228
0.1603932640807196	0.054973329392893594	0.215781574217087	0.14214599978239253	0.038992133664117065	0.07272742585952932	0.20059596137316943	0.11439031163009121
0.14965581704475378	0.05107471793869661	0.2107229179191245	0.13599074333208586	0.03690917325618798	0.07939202398129612	0.2301820766153735	0.10607252991248145
0.16043998263686127	0.054727047110750826	0.22011683794828613	0.13039976092887956	0.03987328653746282	0.06216128248887555	0.20566567423596843	0.12661612811291523
0.16202899235765458	0.04830268116508493	0.24882052301405236	0.13357652970488582	0.048582754394126196	0.06385641310597084	0.20100613098902362	0.09382597526920139
0.14715896173503534	0.05281779564089745	0.22499201299654992	0.13711561285061466	0.03577817129208155	0.07390644669458371	0.23647153727760895	0.09175946151262818
0.15545107389302604	0.04879032440376749	0.2230849413851422	0.13495889216719312	0.043658441109735074	0.0709889171950297	0.2196781581702028	0.10338925167590335
0.16236183026901935	0.04322620193089646	0.22738960771691655	0.1405989064578705	0.04876036534717548	0.07964714263610806	0.19314738427291428	0.10486856136909908
0.16138397321007975	0.050268557391430116	0.2187217261218713	0.13416819435515803	0.043659069978341264	0.06300867882478361	0.21830657194648703	0.11048322817184865
0.14624423393284075	0.051640246919876676	0.2701704878875466	0.13040235020899482	0.03926816894110641	0.06751146200389523	0.19677767164681004	0.09798537845892924
0.14807643556435549	0.04275087957548687	0.25920676066200804	0.13997477863874874	0.03990593778893532	0.07795302061321396	0.19098983038720485	0.10114235677004649
0.15637435573827685	0.042068385747321996	0.23435226844655974	0.1430423182081143	0.036140807958490936	0.07172179649157928	0.19462084658314766	0.12167922082650903
0.1641519904448491	0.05542375069142713	0.20480113625898724	0.1414523150755083	0.04830819893874366	0.07306510923433696	0.19178042323933642	0.12101707611681098
0.1583952009165275	0.05314266516799085	0.23123948795944638	0.13854962847894894	0.045707691466351286	0.0680150474367816	0.20821718502871395	0.09673309354523932
0.1460770246011175	0.04397439724404362	0.25081580717857926	0.12719401194259494	0.04506394166157736	0.06302145185385746	0.19998966422061998	0.12386370129760964
0.14509488250476288	0.04199947305515192	0.2298258388992008	0.13669313777096034	0.03721793283773904	0.08118637781187057	0.2152033259754476	0.11277903114486656
0.1426072022531773	0.05586944322933125	0.2507907176035974	0.13616229957966922	0.04578051440274157	0.0675260996074563	0.19560155719724964	0.10566216612677709
0.14998701612356619	0.04917141084878711	0.2532665663038022	0.1303174179814187	0.04226697169259577	0.07764302090596542	0.1934125531741646	0.10393504296969985
0.155440695231471	0.04796565143930567	0.20645851119259628	0.1374291760253612	0.0418480300046775	0.07422846634646744	0.22660113953970945	0.11002833022041124
0.16139166085633794	0.04207073374241274	0.2374157350705324	0.13689475588580655	0.037770290283984514	0.06180969853436752	0.19950166217227808	0.12314546345428004
0.15973618612136703	0.04734872668647751	0.2177629052299348	0.13184828691471787	0.048696589404323254	0.06548053391383829	0.23156230975465364	0.09756446197468738
0.1530528834614314	0.04820802888500511	0.2188639090644935	0.1376996089908019	0.03971804421277446	0.061309250524193545	0.2333235937170911	0.10782468114420878
0.15789916870686607	0.04217237230757767	0.2503297949168819	0.1318416271154382	0.04775935631344158	0.06699963766641057	0.2081177322170186	0.09488031075636513
0.14589073354526194	0.05297556544221674	0.2128865574748746	0.14263672117593762	0.04466669082632886	0.07864411839096833	0.19378399244622196	0.12851562069818975
0.14882640586890972	0.05388519238210071	0.2488292387552311	0.12634775046651375	0.048010515725410735	0.07091125320618025	0.2000071204064097	0.10318252318924377
0.1417875616691054	0.04762626125253798	0.23446470925366839	0.13138478907335177	0.03898830759464453	0.07936012153817615	0.21266979691112015	0.11371845270739539
0.15311296892603501	0.04227816106836352	0.2225484079500356	0.1324038235452481	0.04305693440743259	0.07713485526182384	0.20204700144582366	0.12741784739523737
0.1596138148858928	0.04838907434834877	0.20745603478240127	0.13398334750534668	0.04478418792985339	0.07319804728530928	0.2052435294906904	0.12733196377215714
0.14625876982726208	0.052310291517442625	0.22392099896812007	0.12769982664134918	0.04102045728529628	0.07167813919201269	0.23379339753706624	0.1033181190314506
0.1528834257954027	0.05271763002463134	0.20926376298330684	0.1257581971385206	0.047393109796871113	0.07484984652859014	0.21984702668969175	0.11728700104298523
0.15095239083474055	0.04581799281118862	0.22817192109417106	0.14237734139988373	0.037068014707550556	0.07452357870374687	0.1956131366958735	0.12547562375284488
0.15242373018011837	0.051422633583762964	0.26024039925185727	0.14013369714144636	0.03818733030575784	0.06704988345897056	0.1961568808603098	0.09438544521777661
0.15250095488110574	0.049523993673617636	0.23147732219815503	0.12893623549601013	0.03989721769513482	0.0733195388453403	0.2062140572188778	0.11813067999175837
0.15328238632181634	0.0476698236125728	0.23425017604514492	0.14307893677642514	0.04437260976339405	0.06325976469493078	0.1901233311046595	0.12396297168105626
0.1530697135303006	0.055479294755156866	0.23519613697580632	0.14287303308729996	0.03708092490309639	0.07564193491848482	0.19924148116285634	0.10141748066699852
0.1608181709973063	0.05119993745458712	0.22287797824539746	0.13418593091478495	0.03943558161952515	0.0793142907723844	0.1932090475194735	0.11895906247654088
0.1612358751975605	0.05551980674311045	0.21557994221918975	0.13298896239398247	0.053284063163183085	0.07412492923628278	0.19891936174263214	0.10834705930405862
0.14742778295270711	0.05370472368364024	0.2520452411808556	0.13156688193342286	0.03599028865086948	0.0724008514324111	0.19324438441239875	0.11361984575369467
0.14718248660999447	0.053553292043111975	0.2192422096655407	0.12599734546329322	0.04135595262390902	0.07422597890890298	0.21771548743892621	0.1207272472463212
0.1555866664675411	0.04420151099989508	0.24030169028863113	0.13557252955962362	0.0359973330558873	0.07904146535383647	0.20363366809784406	0.105665136176741
0.1461498426851058	0.04189304037587624	0.2459806104343317	0.13859326643387684	0.047275336706283366	0.06178235228932599	0.19729983909062904	0.12102571198457077
0.1530507543631377	0.04865958364026325	0.22899991644235784	0.1356379090844274	0.052827446238588455	0.0667044618485381	0.20074648792624228	0.11337344045644467
0.15088493703939873	0.043780797347327316	0.24043914624319096	0.1366019789554083	0.04508623724134707	0.07689643410194569	0.20108460356531216	0.10522586550606952
0.1618015684643802	0.04391472731910201	0.2111526930739363	0.12657608504765527	0.05162544476594741	0.06416894446082466	0.22433215410404111	0.1164283827641128
0.1573864209095967	0.04350754159993951	0.23661046537447605	0.13262370203583795	0.04367148495031083	0.06976555629651607	0.20581463277771714	0.11062019605560558
0.1433253061868211	0.04815667547096529	0.24235745202082776	0.13022237013658083	0.04011345197831445	0.07949847701822177	0.19042729666049074	0.12589897052777785
0.14822316233812916	0.050098101791627464	0.241912280713503	0.12613952424520297	0.05192769999832508	0.07549408595795397	0.20345116679967884	0.10275397815557932
0.1539363432734529	0.054562085971435165	0.2254785551702239	0.13212485375204655	0.041508572312785846	0.062209724868005134	0.220816514453478	0.10936335019857231
0.148959182726378	0.04646102830657238	0.2537726450244774	0.14089807162893925	0.03653408695609335	0.07797101995998237	0.1961798951713848	0.09922407022617227
0.15802093675984094	0.05075464982245627	0.23712042151842233	0.13296211355940266	0.03949056575210498	0.06356812720281681	0.22223952917420087	0.09584365621075491
0.1544894862934543	0.04623899428977668	0.20683465111290855	0.1384306367286772	0.03912722164167434	0.07239914360407823	0.21423690948922258	0.12824295684020787
0.15507160712885684	0.05159787637061308	0.22181514378704592	0.13918583545764898	0.053254312246047555	0.07559818526797252	0.1903636916946913	0.11311334804712354
0.15171012806874784	0.05657129854983908	0.21882136275599665	0.1364740173555442	0.052216706055916356	0.08017776736791327	0.1930174457445244	0.11101127410151797
0.16010230169471262	0.04749959894202692	0.22870078228844462	0.13058103766745763	0.051388447685724745	0.07049312504574765	0.20943567926323714	0.10179902741264849
0.15869284329276181	0.0420588240710819	0.23057463515128407	0.13492593020221008	0.04406195792891654	0.06496945391123028	0.1971618549856387	0.12755450045687633
0.15093381262091332	0.04363306348530102	0.24393578160358625	0.13624453556729707	0.051687332739238506	0.075815700887644	0.19741959556983396	0.10033017752618556
0.16446456119382513	0.04568803186187985	0.2104037929364725	0.14153197515381954	0.04866425545666046	0.07201419481981738	0.22356754098645615	0.09366564759106875
0.142147671725124	0.05419028350621846	0.2597190613462552	0.1351631778333037	0.037719171995324055	0.07941476790052013	0.18919950630565074	0.10244635938760345
0.15693323692357336	0.05045790960845896	0.2512469240977552	0.12932568251164753	0.040255956193205475	0.0649875130608652	0.2039348613924341	0.10285791621206
0.16096802183230502	0.04427998477455604	0.2399344368046563	0.12558632975375966	0.05289853619349148	0.06137072775031449	0.19998384370422567	0.1149781191866911
0.1418161057068134	0.051695645871923226	0.24795420896691894	0.13345835895884875	0.04900339988979521	0.07606479351765028	0.1969445363457964	0.10306295074225351
0.14554168232385836	0.046400441913375154	0.23537288655876903	0.1262587019273095	0.04303283062136698	0.06970838319517556	0.2299809891191221	0.10370408434102311
0.15905971503110963	0.04321709023780469	0.2202535349442643	0.13821216451024998	0.04956596180289839	0.07729057193109538	0.21914978548347508	0.09325117605910233
0.15321631125769733	0.044040573274955044	0.21790653561283752	0.13128594105298497	0.05175666856531938	0.08004222392606276	0.22355151449575864	0.09820023181438409
0.14305138527289846	0.044246844631130614	0.2453981255285295	0.1355253877475615	0.05349749947475736	0.06668584631928451	0.19010627960301912	0.12148863142281871
0.151336319499977	0.05614052615239644	0.2211301503268609	0.12499148189745522	0.05121609790969418	0.06951261541190693	0.22608442718056915	0.09958838162113992
0.15960460746907704	0.05065335315301339	0.22141739807101607	0.13437021898189286	0.04482876927552759	0.07092478350505783	0.21498921820517092	0.10321165133924415
0.15974298069390874	0.042673663228879735	0.23549957360866985	0.1377557074889279	0.04741954556392915	0.06340098447636647	0.2144492020024032	0.09905834293691464
0.15429995065254926	0.04821634227246929	0.22241285431388802	0.1291959650319254	0.03660238562614333	0.08063151423892088	0.22615012665232648	0.1024908612117771
0.16326479421630952	0.048702726783277334	0.23909315459437994	0.14087906155645755	0.04085082517289168	0.06202795310906875	0.1990047116098266	0.10617677295778837
0.1525227891491246	0.054434238034830565	0.22584385868718265	0.12876229433786163	0.05325713465809273	0.06606949933184388	0.2108399830480198	0.10827020275304389
0.14278924016953165	0.047641001333944596	0.23236533608228777	0.13126045988077542	0.04826483756363094	0.06224147804503384	0.2225167216847296	0.11292092524006594
0.1555598160454503	0.05184248650667464	0.23794434615418852	0.13721191477241831	0.04748524702197057	0.06240788847193174	0.21149021001621057	0.09605809101115509
0.15194281865320317	0.05019406808170611	0.2264315152664393	0.13487921407785752	0.044653346635999375	0.06555316924399834	0.201022869359817	0.125322998680979
0.15885924948757127	0.04179024685256641	0.22090682321491223	0.14229050118150127	0.05038080325720054	0.07708074113946284	0.21426071273273886	0.09443092213404629
0.15403922754355606	0.053958184748746404	0.2180011071194914	0.13631052354204923	0.04031943796092219	0.07261612335498707	0.20652752943822866	0.11822786629201873
0.15022819627437767	0.05392374640973087	0.2219798269754663	0.1384878263540746	0.03809837832036364	0.07574134687320325	0.20197618992197047	0.11956448887081296
0.15813732968232164	0.04223712380113959	0.26328836368816766	0.1247901554068921	0.04154040122023217	0.06509341137338331	0.21215126574512044	0.0927619490827428
0.14818666064462305	0.045601966191431906	0.24968081261059116	0.12674407588037773	0.05264112806582179	0.061469808199340545	0.21765537321537629	0.0980201751924373
0.15199854736499463	0.04575151987029294	0.24785602570247844	0.1274247321859789	0.04590558762844736	0.07823009483048263	0.20919383178469553	0.0936396606326293
0.142500332420581	0.04290058604814055	0.23561783312451035	0.1256732850225383	0.03675853879922909	0.07434676651289104	0.22538452235721054	0.11681813571489894
0.1468223626086391	0.05404727027437173	0.2641047969739211	0.12798219228573401	0.0474095317804194	0.061354605751415325	0.19194234953805966	0.10633689078743944
0.16031489865126464	0.04556436715578585	0.2180374550177849	0.13301322295457474	0.05026393710849028	0.0669479904432043	0.2112407871607655	0.11461734150812958
0.14901957382767445	0.05166761817135805	0.21221416079169797	0.14148023143537491	0.03891330862435967	0.07121523536832969	0.21323819725146975	0.12225167452973534
0.14747169088815845	0.04943060931684318	0.22628426036726365	0.12764193252126235	0.04763097320118058	0.07848374786512356	0.22806704808478473	0.09498973775538329
0.15252165754736363	0.050456739114630236	0.23422021071359822	0.12980985532624928	0.03898521680003321	0.06844297693755652	0.2006625980725918	0.12490074548797692
0.14422466067156278	0.04647913787866652	0.2241208978673369	0.1376432339807037	0.04150389842122175	0.07595781381436986	0.20336178288171658	0.12670857448442166
0.1433371217198606	0.05198359556692156	0.21376114124813242	0.14055041971736226	0.04584442646176892	0.07962192758279706	0.22078932825708833	0.10411203944606867
0.14747005589670364	0.05559963217456179	0.21129991644987767	0.13145396594777745	0.04960819962756126	0.061499999528784974	0.2344323368981437	0.10863589347658928
0.15770481855507562	0.04397393185864379	0.2583355753515329	0.12882652174466594	0.04360372199882975	0.06348318340930612	0.20647800779370676	0.09759423928823892
0.14820517041068945	0.04207903531626056	0.21985858798106273	0.12869318419893372	0.04182625998299344	0.06985132994895135	0.23739372055530727	0.1120927116058012
0.16209889727588309	0.041804896129975636	0.23891982020973412	0.13370332725604972	0.04043489652670258	0.0642584272903733	0.20341477344549927	0.11536496186578205
0.1423718408561163	0.04711983057729567	0.2338357682934193	0.13004494722685309	0.03658103058970327	0.07846575957818908	0.21126274675834078	0.12031807612008236
0.1502677771005329	0.045171324545979594	0.2377349637270756	0.12509704062721644	0.042764702744500005	0.07448681716177835	0.21429672853136783	0.11018064556154908
0.16272965756967392	0.045162557414152524	0.21197550968682527	0.132135928703353	0.05087009027670518	0.06605484099320434	0.2082460473491169	0.12282536800696867
0.1590309291042457	0.045803962635078355	0.20673942649357438	0.14104473313292046	0.049436242102458686	0.0611597089674694	0.2339748066592549	0.10281019090499788
0.1524797216508941	0.053416453383670806	0.2444820864148265	0.13982849885898216	0.03985450925955858	0.07117115743246413	0.19885933117539994	0.0999082418242036
0.14551898519565054	0.046592662257234116	0.23457939153099558	0.1400566100660898	0.03729474519282665	0.07992433948922417	0.2238197035256389	0.09221356274234004
0.14895911907269938	0.05389751234511658	0.2177921099376285	0.1284201215181108	0.04053050018037904	0.06680492484930439	0.2218162306303114	0.12177948146644972
0.1602465927286988	0.05604117148506649	0.2188205914456912	0.12620497909168785	0.03993349259712392	0.07000578315906975	0.2190418313682285	0.10970555812443332
0.15052833097879764	0.05441179811698452	0.2521860484829436	0.13464007229294744	0.04031573424951994	0.06736717765135278	0.20223715016325333	0.09831368806420057
0.14498349467458788	0.056475154759044355	0.2482303392072477	0.13288546211594948	0.045694519165531924	0.06353840181172704	0.20526424506435853	0.10292838320155284
0.15347574242473722	0.04373104961307958	0.2215464054882904	0.13365981925617718	0.05042783323511059	0.07979108829781258	0.22498286906193166	0.09238519262286063
0.158967528892982	0.04611341021728671	0.22253029524195012	0.1411967490037183	0.0416323566125206	0.06207899378323434	0.20292309173158035	0.12455757451672742
0.14237688284023292	0.050521133164071086	0.26622079534181836	0.12847785912989387	0.050042373485720285	0.06240823959436065	0.20399079027194317	0.0959619261719594
0.16014475232289216	0.044294647800574696	0.2290517762591905	0.1340730133623275	0.05134711721568733	0.07907861415310291	0.1908251253238345	0.11118495356239029
0.15729136909459557	0.056275461316569034	0.22525431821363798	0.12948203103778658	0.045110128802047886	0.06990434596138709	0.19616669862697422	0.12051564694700137
0.14994121916830677	0.04807841073603035	0.22505469469049577	0.13510622901325123	0.0410467227198192	0.06895404870790532	0.22920867210687307	0.102610002857318
0.1528025824099011	0.0564514385146747	0.23324257988827357	0.13241747827090905	0.03587980870042555	0.06494931969174164	0.21238307226320224	0.11187372026087186
0.15596932880662934	0.049275932729981556	0.22568667282302496	0.12683564375762954	0.046895810997945736	0.06253407193478266	0.23465179774594136	0.09815074120406461
0.15286956703620275	0.05503690043194251	0.2438093755868791	0.12530006224111587	0.047036828435654904	0.06476331635958177	0.21077435891228413	0.10040959099633867
0.15214633112243378	0.05235519521220046	0.24062526814703622	0.14251318616841502	0.040490650587135454	0.06645199564668654	0.2127701830369866	0.09264719007910575
0.1530706801721743	0.04764445185103719	0.22772839332906047	0.1325867594580187	0.041084030541623684	0.07982069709061579	0.19152546156268457	0.12653952599478513
0.1639964857096939	0.05099896385815077	0.22372430813877195	0.1286714618081184	0.043640325486726306	0.07580503381717847	0.18924595620369972	0.12391746497766025
0.14399217358977884	0.05480967748223943	0.2344871883204413	0.13599854382421514	0.037435674799033286	0.0716549050180702	0.20113070551763468	0.12049113144858684
0.15872441107153817	0.047591563517782695	0.2091573378588003	0.13170986466260906	0.03841623684218766	0.0782419974498379	0.21530283919425683	0.12085574940298711
0.15274739406134535	0.04513821952937133	0.24104422755749888	0.13184300329226709	0.04773184039019597	0.08008150740395645	0.2002284940650947	0.10118531370027005
0.15878524079380807	0.04258621790720396	0.24089960962932533	0.1403274851409962	0.04881183239054489	0.0772047399447465	0.19604214802713177	0.09534272616624306
0.15260122265493622	0.05622971762320879	0.25165601148254374	0.12793916719958093	0.04859411521827428	0.06161490486506044	0.19041141261037586	0.11095344834601953
0.15616173862188534	0.041978118440488876	0.21048630934125429	0.12643868418268658	0.05228050514492889	0.062488073072317366	0.23168953683830432	0.11847703435813409
0.15337008959699447	0.04611967299541517	0.208744528522102	0.13849979997697417	0.05068987260930885	0.062228160013301156	0.2375356871884777	0.10281218909742622
0.14510388056237272	0.050336693729141416	0.23014301972901602	0.12977737999897038	0.04605628786162848	0.07220448738714096	0.22072474717823842	0.10565350355349133
0.15935697788938202	0.051667714174181645	0.22230611090005667	0.1264868119319398	0.04284781986112002	0.0772944128461206	0.20027053015689766	0.11976962224030131
0.1421945190724857	0.04403428832341494	0.20869522508204436	0.13669289699534656	0.04153206702217582	0.07111766996900827	0.23251290147756537	0.12322043205795878
0.14130664847745306	0.05026492419530616	0.23581842759172833	0.13760702718566004	0.05126847780730351	0.06178549341890037	0.20755709604685302	0.11439190527679527
0.1424808862525248	0.04940023375519144	0.25378485328529304	0.13796813788366358	0.044922898082054866	0.06616451423110092	0.19610290099132832	0.10917557551884283
0.14712476206453962	0.053514971381176904	0.24259478400104256	0.125756722388039	0.047871831708113696	0.06730046648119128	0.22235339772904797	0.09348306424684877
0.14671846535391542	0.05306608078775896	0.2104242903341872	0.13251992624602427	0.053565218777831256	0.06517780819564137	0.23585963040743008	0.10266857989721127
0.15484368404979154	0.049963969983321505	0.21336437482192555	0.13655060241998962	0.03939273926035748	0.0660950222845414	0.22477549250098064	0.11501411467909206
0.14723076229469645	0.044126793877927756	0.2664863196676527	0.12657164399564572	0.043754360889680835	0.07601325679423457	0.18962528036305382	0.10619158211710798
0.15027764889125936	0.042735382314012985	0.23688402127588948	0.13266577549155512	0.03660520159394565	0.06585853055363818	0.2373580620043444	0.09761537787535463
0.15458281928523718	0.04269166021813188	0.26470076529941483	0.1297904179467421	0.03647633067750279	0.07939777597536207	0.19995935601987644	0.09240087457773248
0.15510622221241985	0.04332597637988286	0.22426097987174173	0.13921339156094997	0.043635064407961416	0.06559899971064215	0.20752348432897588	0.12133588152742589
0.1610454989342131	0.0433482334823346	0.2209968087936547	0.13733742033621754	0.0391959926977762	0.07808437237878459	0.2055067702634285	0.11448490311359061
0.1527569418801428	0.05321920271380143	0.2208667009278505	0.13360076435448437	0.03962359995645359	0.06423929478500304	0.21054574070855342	0.1251477546737106
0.1434175751250106	0.04881766329142387	0.24636228378153924	0.1373216168988191	0.04358992751049311	0.0699461988822972	0.19878176764925382	0.1117629668611628
0.1505400012290924	0.04438407556045701	0.220574555831572	0.1390032403285575	0.04559510217165039	0.07660923388919108	0.21257083136588129	0.11072295962359807
0.14497561790558494	0.05358491792397711	0.24559035206235086	0.13716181200416042	0.045209808882313324	0.06282930217061826	0.21433574120279064	0.09631244784820428
0.15169040740449302	0.05391722278247285	0.20581918125359216	0.12966781682696532	0.05056085229076425	0.07808075857961219	0.2144630940411954	0.11580066682090454
0.16276984566853056	0.049558322949201816	0.2199986382956429	0.13036997629535357	0.048311656467996344	0.06757916368678415	0.22717367957324502	0.09423871706324538
0.14343556263921212	0.054960249290547256	0.22283545120868575	0.12838238205472313	0.04863165522889071	0.07419970029494191	0.2056696009066456	0.12188539837635327
0.1432504739952755	0.05612752002683927	0.22724997497822866	0.1312516631077456	0.04651633292467856	0.06451863214692437	0.22736931699251473	0.10371608582779306
0.14730963787938484	0.04607880046284188	0.25797186672940037	0.13358339976385314	0.04370494898578822	0.07411019396066815	0.2040694860897924	0.0931716661282708
0.14314877524964828	0.05433936396784167	0.21918526523446996	0.12731251022585316	0.05309219733315218	0.07006012622231801	0.22975588507655317	0.1031058766901634
0.14638424791551027	0.044527257073254445	0.2669290132507576	0.1252804616417549	0.038650267346176784	0.07213478758464845	0.21119136377280245	0.09490260141509484
0.15126404293103837	0.05114524363767771	0.21627326070547132	0.13785831897412598	0.042504842940858406	0.0715879990520121	0.2050846746126042	0.12428161714621166
0.1502935921858406	0.044124574919638976	0.2439145390474758	0.12685680909142197	0.04950919623226818	0.07353564444358279	0.19372649035535627	0.1180391537244152
0.149018147280128	0.045007296443996966	0.25863661396224413	0.1405981135651202	0.04155225144166283	0.06134066686206381	0.19128554093398112	0.11256136951080273
0.1555224868494742	0.045591587889038734	0.2619851433451539	0.13755091014854653	0.048964099133299854	0.061531566389175604	0.19716730621512757	0.09168690003018337
0.14896129101646172	0.05256714591693018	0.2385012242318518	0.1321973651494351	0.04672918603225025	0.06121077870855103	0.21004581885750503	0.10978719008701465
0.14600487983959176	0.0531231439634874	0.21833719193456413	0.1305182500184768	0.04125078740511311	0.07141386270772096	0.2145903867036193	0.12476149742742626
0.1497834160602554	0.04763661892023968	0.2483025985345185	0.14201500343000736	0.044979229541936866	0.06402397426715792	0.18905218543697866	0.11420697380890539
0.16335804534673637	0.04847784718965932	0.20793611374923976	0.1396893405429535	0.04625426835332422	0.07145165522712749	0.21861348177640744	0.10421924781455161
0.16241835275187128	0.04383614467847717	0.25111567489873243	0.14116199771870402	0.044353867853478196	0.06276247642204821	0.1983886658654317	0.0959628198112568
0.15995364952912974	0.05450398018988552	0.2279077809237246	0.1293354123227991	0.03590085563202243	0.06365342290745826	0.2217565771293678	0.10698832136561227
0.14864383612746906	0.05408850267137383	0.22941605198059617	0.14013347549619395	0.04061297119474368	0.07135865690233964	0.1894565874537255	0.12628991817355792
0.14341760293267752	0.043639112667989075	0.23826741284674186	0.13221342459482988	0.046356396284159954	0.076237651341936	0.20214670683186012	0.11772169249980532
0.1467900647110889	0.045294418151427415	0.2752664976757636	0.12892836268609523	0.051752511775759916	0.06652290494321375	0.19010012348876432	0.09534511656788665
0.1594084188031596	0.042061288169602584	0.2586728501381871	0.12927463341298617	0.04265727122214283	0.06316907926496998	0.1945592846393003	0.11019717434965132
0.14930654365350962	0.04189479011762241	0.22052479391378155	0.12471812898055959	0.044117163975154305	0.07378536662641054	0.22650928183907015	0.11914393089389158
0.1609510317107593	0.04687334759458002	0.2058467130406666	0.12583117703486132	0.05086306404549598	0.08080825839637194	0.22064126582377608	0.10818514235348846
0.15725625327154213	0.04477666772599881	0.23380398436497007	0.13282904116188088	0.05301215994810367	0.07119165212243164	0.20534555192530635	0.10178468947976618
0.14825181464871912	0.051451453656639876	0.2346445340700119	0.1256788670511349	0.04974201838988308	0.07395928166650512	0.2231767041569522	0.09309532636015358
0.1550784166473963	0.04324929334890394	0.22992096847582	0.13733479088254769	0.03927785001436927	0.07761112238904899	0.19842534996530542	0.1191022082766082
0.14241903151083496	0.05386566903109673	0.2204273045039264	0.1399112369461827	0.05333164224664817	0.06871328266130389	0.206577114261999	0.11475471883800788
0.16382375118014605	0.05294703614930536	0.21253077766313844	0.13803547719191356	0.04442142577234674	0.06968469922317416	0.20396375943674858	0.11459307338322687
0.16094809030169413	0.052761954889564616	0.2520440996334251	0.13569927361629458	0.04621134532577961	0.06175091364914023	0.19760460596864174	0.09297971661545976
0.15108156396592393	0.042212364589524834	0.2163479041139128	0.14238421627895004	0.04776053782194463	0.06377016299224872	0.23749064145976656	0.09895260877772821
0.14775842382701254	0.05366743148392218	0.23099753029941522	0.13483910846034217	0.04381919658642805	0.0653140343022831	0.20983790394215546	0.11376637109844107
0.16494379179626048	0.0465949196779719	0.20966447645224784	0.14309006892372406	0.05198393854601471	0.06458366689169845	0.21399603762542735	0.105143100086655
0.1588850436521048	0.04612375667970797	0.2087740416123282	0.13543351867011177	0.0437058966382064	0.06853422412098559	0.21799087097907477	0.12055264764748023
0.15333217202286253	0.052893205660698855	0.24630970217000964	0.13391755294507987	0.052262826966771064	0.07151181958545447	0.19494133521892842	0.09483138543019491
0.1486876408860989	0.048584513886209005	0.22907851598003515	0.12983556722296205	0.04006159162081492	0.06155434169109825	0.2150851388327188	0.1271126898800627
0.15765064430805897	0.04431674470481027	0.25753459943437007	0.14117852934874336	0.04535369113489335	0.06444566105999616	0.19120699879181774	0.09831313121730982
0.15668317103452073	0.05413084464785116	0.2390417166352727	0.12737407737345804	0.04388449230111459	0.06961872388429058	0.19877555854242712	0.1104914155810648
0.1625647593121425	0.04688579012551285	0.23244723151951452	0.13685836863760933	0.04731796799724339	0.07845600515675019	0.19213951610546395	0.10333036114576304
0.14460087149580547	0.0457655767296473	0.2197743268496069	0.14193747023733946	0.04793535047944664	0.07469740370834954	0.19905530151964776	0.12623369898015663
0.15881955003438325	0.043679758934000765	0.2075926831438249	0.13691565540317763	0.04908023056374852	0.07340267659230038	0.21606800236423357	0.11444144296433074
0.14120568454304247	0.052488703818142385	0.2570355308537114	0.13052850924642484	0.04111989801716212	0.062446015416131054	0.2141015987769705	0.10107405932841496
0.15707260260325456	0.050294594652828636	0.21904510395081228	0.12910740302420015	0.038609282932152	0.07345208340423545	0.2292223740492409	0.10319655538327575
0.15848200728456524	0.04218979623074051	0.2195257088331059	0.1309741551045222	0.043634437701480094	0.07018118887411898	0.21607379500102708	0.11893891097043972
0.1600533858975614	0.04372228150886881	0.23737122942687855	0.13970983604260595	0.052336090671404614	0.06129860205327235	0.20293086514119751	0.10257770925821058
0.15726793155046223	0.0479485467177254	0.22350626673638904	0.12781694615243278	0.05086846787731604	0.0762865618852248	0.21923557764711998	0.09706970143332949
0.15069120258294397	0.04446420024366708	0.21552174221138357	0.12937464030163262	0.048636253115553835	0.07001185627821588	0.22592292787677065	0.11537717738983219
0.1423958878226954	0.047314863450816605	0.22725338920722443	0.13967261377779233	0.05297005916571833	0.06917873883932621	0.21293207352983953	0.10828237420658694
0.16008639046780007	0.0532736570259075	0.2183334580778058	0.13595187425262403	0.03933600031302277	0.07031322792729683	0.2213795925315497	0.101325799403993
0.15754534691925015	0.04878469518201682	0.23141678615487876	0.13264284072839755	0.03796873286628112	0.07949561424188864	0.20974281001668688	0.10240317389059983
0.14697997484168057	0.04518034994667673	0.2759001783456128	0.13110628351872167	0.04161780146376509	0.06177891499437907	0.19270024667225175	0.1047362502169121
0.15094925720040964	0.05066353486665097	0.21458524864491185	0.13584839066955373	0.05206445116486809	0.0705609160574914	0.21064374503990468	0.11468445635620941
0.15237872010070955	0.04669156656595727	0.24220195425337498	0.12476739852667436	0.05209373411373895	0.06852963265014901	0.21650235323672062	0.09683464055267506
0.16455272628131715	0.05126417744793996	0.2070593317708207	0.13890899080291166	0.052945279053002045	0.07809331405212824	0.18967333449345147	0.11750284609842851
0.14338224757650553	0.042382151484896574	0.2421090596085647	0.12615534244112395	0.04791515720070408	0.07418587094778249	0.2088298364823727	0.11504033425804974
0.16045177469030555	0.05647765226481849	0.2367841817612023	0.12747010464896816	0.03681133655727317	0.07410108544981348	0.20606318180009475	0.1018406828275239
0.16485012629302725	0.051988666587295895	0.2076859932297069	0.12935926251749766	0.05180053042246102	0.06234295882829813	0.2229928687059196	0.10897959341579326
0.15989671382210938	0.055399196277600565	0.2152560632610477	0.13595557881564774	0.041540665729735596	0.06844412709214467	0.2018638070036205	0.12164384799809362
0.15421736720567286	0.044042215254405034	0.25105731345906046	0.13139155078156278	0.048402302356831725	0.07809461355502556	0.20087665052140988	0.09191798686603145
0.16404800646788528	0.04967137239993806	0.22054178461818333	0.13131490262875553	0.05163434603771333	0.07021445660792933	0.20990942744387694	0.10266570379571796
0.15215420350330805	0.04233441423209659	0.25350191660972365	0.12879251413094206	0.037550481990556744	0.08008762324216454	0.20589619288909816	0.09968265340210995
0.1558358720254956	0.05632079813505629	0.20823723983074974	0.12560715684203422	0.040830169054267396	0.07365398114000488	0.22705105595135977	0.11246372702103197
0.145394920019375	0.0565395880734936	0.22477920558457648	0.1286543200619497	0.04675135345957977	0.07021372121405715	0.20877991247196126	0.11888697911500681
0.1599713309168449	0.04554376051765072	0.2523734804537054	0.13029589242567116	0.04224874488053956	0.06692045929816179	0.19929665473382197	0.10334967677360428
0.14692700578311024	0.04642114203306233	0.2342229653157345	0.13466811374193444	0.05288669009167446	0.07431831172571698	0.20678487887728297	0.10377089243148391
0.15673904355490326	0.048655623097773784	0.22960766093787255	0.12463662653894193	0.053400289052428815	0.07056185093549006	0.22313685421105384	0.09326205167153555
0.16178186333126243	0.054372962598352295	0.22859057640547042	0.13510555003212937	0.042386864255446965	0.06158451315724141	0.21121893404626726	0.1049587361738296
0.14121003098431542	0.05161611319435855	0.22387567858782936	0.1332418991926766	0.052824725325856026	0.06452557551817148	0.2381225074369517	0.09458346975984061
0.15497766790362047	0.050219083806017084	0.20567223635256793	0.1338635016408175	0.053490619948678084	0.06444578143701607	0.23589720431537542	0.10143390459590718
0.1608603747468907	0.04429424662132145	0.2208495469584085	0.1399017546723827	0.053528444372394346	0.06936214452545537	0.2016290673470702	0.10957442075607654
0.14857702276599483	0.05523577472527709	0.2097389901057185	0.12804345396590344	0.05054340636613783	0.07363397469586136	0.23610660801927968	0.09812076935582702
0.1480118062732163	0.051546975326123734	0.2479003865051535	0.13580462957831746	0.05284578560511505	0.06314914608378464	0.20705045968705632	0.09369081094123273
0.14608204062712915	0.04768293146272916	0.26166866984586257	0.14041012728943406	0.04349088152999951	0.07049159275632091	0.19441981875019593	0.09575393773832847
0.16064668829936607	0.04604867322006875	0.21919156932923906	0.12964568212550082	0.042648485182061754	0.06263640631917426	0.2107703652143036	0.12841213031028542
0.15966931964794978	0.05271465445196112	0.21671975471937077	0.12608992462514682	0.049760176450871635	0.06395137282212021	0.21133754117458006	0.11975725610799945
0.1481626820849837	0.042785980481606534	0.21542288588137465	0.13302006959314136	0.04569933588722998	0.07465141195877305	0.23568647387987102	0.10457116023301952
0.1447633850864134	0.05068385358010524	0.23550153518601966	0.14124374808674847	0.04090027988157258	0.0660344430326138	0.22877855493024724	0.09209420021627937
0.1545601095457461	0.051709634977993385	0.23769912523221948	0.14268232682354387	0.04975557236349096	0.06520868536136548	0.18964438412981643	0.10874016156582406
0.15701753589676504	0.05613483605522296	0.2485600187560908	0.13519063452815763	0.04576661577054136	0.06652529705885371	0.19146125243103185	0.09934380950333643
0.15931365069091502	0.05064354040762126	0.21250023238619095	0.14134718165307653	0.05061618637242074	0.06620156153053258	0.21316962446467053	0.10620802249457215
0.1422798642706819	0.042115763549376406	0.2527062292392493	0.13858930665774047	0.04911163861116438	0.0644648779031557	0.20405390070381338	0.10667841906481826
0.152309170603797	0.0528557649468976	0.21454948062747053	0.13076509103995765	0.04667154489343381	0.06871290035021022	0.22191994390535624	0.11221610363287676
0.1515202565998705	0.05338492425225293	0.23653765059190768	0.13018347596842664	0.03780736783594031	0.07738581720877001	0.2185698912640869	0.09461061627874473
0.1621247329389271	0.04649225313807184	0.2370651962547781	0.1321529188345717	0.04979688564171986	0.06921802666311583	0.18949578217463087	0.11365420435418445
0.15940663624559354	0.042629783301060445	0.23257793938197807	0.14213068184532474	0.03677513156011801	0.0715842557960147	0.21030424256299313	0.10459132930691717
0.1637524972125059	0.0431371931336587	0.22198994079859052	0.12591592183901454	0.05121101765419504	0.07192272591296317	0.20567202330434345	0.11639868014472832
0.15154145300238903	0.04755347116899311	0.21468648317640737	0.1380345999942254	0.038847264892323694	0.07297757601568752	0.2251837555703407	0.11117539617963287
0.14801002180822176	0.0456242913971608	0.21231423198116223	0.14309946656375042	0.03765697813038828	0.0707176168081715	0.23628414588127272	0.10629324742987208
0.16347099116572253	0.052357667523534365	0.21237755045479403	0.13183770398994224	0.05083836909177687	0.07037470831087675	0.2175980147964884	0.10114499466686455
0.1492441822670461	0.046003678570804424	0.2377279983413408	0.1297643546241895	0.043238902316948685	0.07004388971053252	0.21975140194006937	0.1042255922290684
0.16437816402583402	0.05266492233845253	0.2172651239574805	0.13062328460427847	0.03636754402128206	0.07431724537037133	0.2125806040004274	0.11180311168187354
0.16071401325122167	0.05286749623081792	0.22533816002625712	0.13071386545448113	0.03674607724728403	0.0689546661621839	0.19574053379463158	0.12892518783312246
0.16460583245532767	0.04217341181078385	0.22468010363964924	0.14203437656451356	0.04662956699698664	0.06217649310741476	0.20604596978009984	0.11165424564522414
0.15296096097137973	0.0495604054773445	0.23462474344285245	0.1406162496853806	0.03790373258657001	0.0611632860600137	0.2274786136059866	0.0956920081704722
0.15259710328094916	0.047516505718623744	0.23494124095029262	0.14293958725452152	0.04259466632121768	0.06932064103025665	0.1991086541632241	0.11098160128091432
0.15785387914507998	0.0486859617432486	0.24165355628021687	0.13999476543973796	0.046201813234407405	0.07670321345475276	0.1962384219812933	0.09266838872126287
0.15401853669743368	0.04875039861287905	0.22200187178642675	0.14262392272757202	0.042810185277506935	0.08046759024046608	0.19803416222577697	0.11129333243193833
0.1640906850368937	0.04555892616818731	0.2053236161761013	0.13840764001666178	0.038006279884153296	0.07720999045116962	0.20326141742372072	0.128141444843112
0.15520631912368546	0.05177570605303036	0.21321948044964678	0.13731566773439993	0.048131704390132285	0.0629184198927313	0.21791528521936265	0.11351741713701097
0.16081736564619423	0.044989956667085745	0.2574421528792955	0.13026382009497967	0.03840595148106983	0.07106146899102973	0.20430235830968577	0.0927169259306593
0.14440672464740106	0.04770509426177276	0.22936803542153789	0.13504095163520757	0.03631744780054445	0.07301659096380958	0.23000330100897667	0.10414185426074979
0.14701841798742923	0.04551375657167761	0.25838362803418713	0.13826810849568974	0.038713972966182286	0.06216962800598466	0.20855479240171088	0.10137769553713828
0.16396175996467519	0.054221795690556074	0.22569328930638943	0.125521793445211	0.0416497867984543	0.080025684537366	0.19203552857354245	0.11689036168380534
0.14763277501147457	0.050373534144140544	0.2223447403586132	0.14096949240649717	0.0401920899696763	0.08020938992241716	0.22315131705002805	0.09512666113715278
0.15853201893823266	0.053208894171825005	0.23675431673872233	0.13289750410914328	0.047140510357303184	0.07526159269001836	0.20002538712693302	0.096179775867822
0.15686573213734623	0.04340898464604345	0.24179157639481658	0.13217133989617644	0.03698931919643103	0.06551483941367085	0.22216015875405176	0.10109804956146343
0.16055179887287843	0.046500752431811884	0.2104226042433976	0.13608495726511585	0.05042529198513314	0.06322355461538554	0.23707644679423728	0.09571459379204005
