0.181358360385671	0.27244757501297145	0.5461940646013577
0.1813427142421736	0.27227374778534136	0.5463835379724852
0.1813549922909335	0.2722560081869995	0.5463889995220671
0.18134384635366657	0.2722805218636231	0.5463756317827104
0.18136781675205216	0.27226755679997783	0.5463646264479701
0.18135426808778138	0.272426491171945	0.5462192407402737
0.18134669565628844	0.27234184197132866	0.546311462372383
0.18136197064465234	0.27226613005171746	0.5463718993036304
0.181361599977146	0.27225774336698294	0.5463806566558712
0.18134775059352226	0.2722919719586959	0.5463602774477819
0.1813489000555367	0.27233516138928826	0.5463159385551752
0.18134812380832555	0.27229111380792137	0.5463607623837532
0.1813491069729661	0.2723667555263878	0.5462841375006462
0.18135301657444267	0.2723568938144685	0.5462900896110889
0.18134552530743459	0.2724531142802165	0.546201360412349
0.18137070781554507	0.2722953903301826	0.5463339018542724
0.18135060197312378	0.2722936796420348	0.5463557183848415
0.1813509309934329	0.2722995704944027	0.5463494985121645
0.1813593673131534	0.27225520824610355	0.5463854244407431
0.18136583855500046	0.27226988718387807	0.5463642742611217
0.18135779669885466	0.2722581200093091	0.5463840832918363
0.18136608526684342	0.27241487220155847	0.5462190425315983
0.18136216586372061	0.27234824136666613	0.5462895927696133
0.1813560873810473	0.2723705786803833	0.5462733339385695
0.1813585356630337	0.2723394695158018	0.5463019948211646
0.18136479046458087	0.2723444735543979	0.5462907359810214
0.18135359160575132	0.2724281010385405	0.5462183073557083
0.18136360161255882	0.2724233659994969	0.5462130323879444
0.1813463710273004	0.2724199926836181	0.5462336362890816
0.18134424440982239	0.27245718512895734	0.5461985704612204
0.1813515605728696	0.27245229945121247	0.5461961399759181
0.18135543240795715	0.27241563884063474	0.5462289287514082
0.1813509932679808	0.2724481537180003	0.546200853014019
0.18136534169620366	0.27244085479067953	0.5461938035131169
0.18135816658030662	0.27243499508763164	0.5462068383320619
0.18135822305342136	0.27243373218467115	0.5462080447619075
0.18135308376802334	0.2723196713339213	0.5463272448980554
0.18136803040990804	0.27229502789995486	0.5463369416901371
0.18135403413922113	0.27238293825433896	0.5462630276064401
0.18135043828491673	0.27234844658453355	0.5463011151305498
0.1813534421250494	0.27237511154556576	0.546271446329385
0.1813648711696489	0.27229727871274345	0.5463378501176077
0.18136077538517784	0.27225898131874327	0.546380243296079
0.18134908723296514	0.2722821424136203	0.5463687703534146
0.18135660470377574	0.2724072732163916	0.5462361220798329
0.1813613124749287	0.27226612121915655	0.5463725663059149
0.1813438064297089	0.2723105466102714	0.5463456469600199
0.18137195600836076	0.27224267618141035	0.5463853678102291
0.18135426143299938	0.27225235865027747	0.5463933799167233
0.18136389391731195	0.27224757222223706	0.5463885338604512
0.18134792708721714	0.27228895423881294	0.54636311867397
0.1813692207290022	0.27242956674811897	0.546201212522879
0.1813674116919869	0.27242798400709894	0.5462046043009143
0.18136275299637408	0.27239636317313104	0.546240883830495
0.1813553911764921	0.272417115258609	0.546227493564899
0.18135341662560941	0.272337779742697	0.5463088036316937
0.18136929903836824	0.2723560837327342	0.5462746172288977
0.1813536370750877	0.2723709978614888	0.5462753650634237
0.1813534575829407	0.2723196029075267	0.5463269395095327
0.1813456531966474	0.2723417580614454	0.5463125887419072
0.1813688725823996	0.27233305335522157	0.546298074062379
0.18135572747596446	0.2724342778865466	0.546209994637489
0.18136691606430116	0.27240009864389886	0.5462329852918001
0.1813537712866546	0.27245654989363294	0.5461896788197126
0.181371494723281	0.2723229422788475	0.5463055629978716
0.18135838867399284	0.27229740493126486	0.5463442063947423
0.18136638650920878	0.2723311230473361	0.5463024904434552
0.18135457245006306	0.2722697236529601	0.546375703896977
0.18135251040880218	0.27230496248075575	0.5463425271104422
0.18135379919416086	0.27240876384115664	0.5462374369646826
0.18134858690603814	0.27241930616137355	0.5462321069325885
0.18137072698721174	0.2724222958639956	0.5462069771487928
0.1813421965779181	0.2724525400215511	0.546205263400531
0.18134977681747266	0.2724262248353593	0.5462239983471682
0.18135008445414674	0.27243652700872684	0.5462133885371265
0.1813499882917498	0.27237283008391505	0.5462771816243353
0.1813643351319241	0.27239801630896976	0.5462376485591063
0.18136758434019296	0.2723600880328973	0.5462723276269099
0.1813545003468057	0.27236476035646445	0.5462807392967299
0.1813601028080288	0.2724304981418999	0.5462093990500714
0.1813463646504921	0.2723469755544705	0.5463066597950375
0.18136142356696386	0.27232168755309677	0.5463168888799395
0.18137138236213476	0.27234477500670595	0.5462838426311595
0.18136495554748153	0.27232202449192316	0.5463130199605954
0.181363146203249	0.2723907469794332	0.5462461068173179
0.1813547703256556	0.27233963642278813	0.5463055932515564
0.18136298142503796	0.2723680383311054	0.5462689802438567
0.18135452617320053	0.2724568243584029	0.5461886494683966
0.18135671853015464	0.27242683980657295	0.5462164416632725
0.18136983536381074	0.27241444358284544	0.5462157210533439
0.18136021268066183	0.27242442459256727	0.546215362726771
0.18136558108608575	0.27235794314613293	0.5462764757677815
0.18136885792569177	0.2723347055381108	0.5462964365361975
0.18134297005287436	0.2722790003450024	0.5463780296021232
0.18135472180793497	0.27233388738899034	0.5463113908030748
0.18135427021808861	0.2723088036697183	0.5463369261121932
0.18136604271428483	0.2723206094286194	0.5463133478570958
0.18135654236299759	0.27233774849431686	0.5463057091426857
0.18134533600295058	0.27235851510128517	0.5462961488957644
0.1813487343544722	0.2724179701945373	0.5462332954509905
0.1813452740212621	0.2724141180420062	0.5462406079367318
0.1813441563567093	0.27237785225040756	0.5462779913928832
0.18134306886034648	0.2723694103039608	0.5462875208356928
0.18134912141660792	0.2724350161103855	0.5462158624730067
0.18135897243575128	0.27240976296625835	0.5462312645979905
0.18134659461758232	0.2724438817506365	0.5462095236317813
0.18134383941997512	0.2723477321271493	0.5463084284528756
0.18136115658874444	0.2723577744786068	0.5462810689326489
0.18134520655147202	0.27239175128868093	0.5462630421598472
0.1813679993518068	0.2724414381718958	0.5461905624762975
0.18135880307672783	0.272366398839943	0.5462747980833293
0.18134753087731428	0.27231878577560076	0.5463336833470851
0.18135497043264928	0.27225602754389094	0.5463890020234599
0.1813522245878695	0.2722588962804251	0.5463888791317054
0.18135935748288876	0.27228174489991924	0.5463588976171921
0.181356943370263	0.2724106711837938	0.5462323854459433
0.18136623129084017	0.27243147832523446	0.5462022903839254
0.18136708622401398	0.27227926468679364	0.5463536490891925
0.18134823122771043	0.27229865250456964	0.5463531162677201
0.1813549769493425	0.2722743623934152	0.5463706606572425
0.18134892166633212	0.2722750199703343	0.5463760583633337
0.18135816478843322	0.27232866270253	0.5463131725090369
0.18134534669450056	0.27244449029865525	0.5462101630068443
0.18134397450631634	0.2723717136316547	0.5462843118620291
0.18135483450880985	0.27236920026029987	0.5462759652308904
0.18134517618221122	0.2723683934122874	0.5462864304055015
0.18136197930845138	0.2724345681943256	0.5462034524972232
0.18135060816767679	0.2723517459691104	0.5462976458632129
0.18136555151011685	0.27232978326868357	0.5463046652211997
0.18136156454542382	0.2722885214116729	0.5463499140429033
0.1813636997432434	0.2723417152303542	0.5462945850264025
0.1813636907805635	0.27233127033200183	0.5463050388874349
0.18136025742381945	0.2723477346412053	0.5462920079349753
0.18135964708018154	0.2723035720388056	0.5463367808810129
0.18134498200451007	0.2723041632953919	0.5463508547000981
0.18135232465617857	0.27245546143123434	0.5461922139125872
0.18135486443743876	0.27244285931281254	0.5462022762497488
0.18136202402295562	0.272423665297055	0.5462143106799895
0.181356617232153	0.27228932445795373	0.5463540583098934
0.1813666824145275	0.2723198940877645	0.5463134234977081
0.18136741869674544	0.2722545262783163	0.5463780550249384
0.18137114779088648	0.2723077125315103	0.5463211396776033
0.18135159726384717	0.27230886367148227	0.5463395390646707
0.18135659622818356	0.27231121464058766	0.5463321891312289
0.18135868389249546	0.2723205591069785	0.5463207570005262
0.18134680444545279	0.27232624858496707	0.5463269469695803
0.18136724138774396	0.2723641259470132	0.546268632665243
0.18136978589144814	0.2723013029739103	0.5463289111346417
0.1813450049333831	0.2722890105094117	0.5463659845572053
0.1813673690526206	0.27234429323562515	0.5462883377117543
0.18135175916118407	0.2723478064060842	0.5463004344327318
0.18134939190269225	0.2723109033586175	0.5463397047386904
0.18135633250376487	0.2723476211721859	0.5462960463240494
0.1813607759985655	0.27242134816737124	0.5462178758340633
0.18135902162227305	0.27227317282083774	0.5463678055568894
0.18136504383267088	0.272395803341064	0.5462391528262653
0.18136122944114833	0.27244880384585923	0.5461899667129926
0.18136441867774458	0.2724306230165986	0.546204958305657
0.18134642538053777	0.27237602972932234	0.54627754489014
0.18136379084077228	0.2723661402154994	0.5462700689437284
0.1813470531459461	0.2723764051791346	0.5462765416749195
0.18136650433665535	0.27231790727669647	0.5463155883866483
0.18136204826414093	0.27229447520701255	0.5463434765288466
0.18136600748049056	0.2724342572982828	0.5461997352212268
0.18136840384321226	0.2722793522735134	0.5463522438832744
0.18136696546846462	0.27228389696849237	0.5463491375630432
0.18134969309331936	0.27237127385344323	0.5462790330532376
0.18134883505863375	0.272319207497043	0.5463319574443233
0.18135450228396083	0.2723211282390195	0.5463243694770198
0.18136540463975587	0.2722711326270294	0.5463634627332148
0.18136787579173697	0.2723268564079351	0.5463052678003281
0.1813683139597292	0.2724414632633027	0.5461902227769682
0.18135671334269057	0.27235620957333717	0.5462870770839723
0.18134974383317454	0.2722965082422082	0.5463537479246173
0.18136871193954646	0.27234631396419073	0.546284974096263
0.18134647696660255	0.27241231024231227	0.5462412127910853
0.18134545818046582	0.2723587065993266	0.5462958352202076
0.18135024337341035	0.2723945779377963	0.5462551786887935
0.18134519650836894	0.27234249692433005	0.5463123065673011
0.18134963840928925	0.2722585064454678	0.5463918551452431
0.1813680684678031	0.2722889352007276	0.5463429963314694
0.18135334536810035	0.27227968717556505	0.5463669674563347
0.18134829940011132	0.27225910810803355	0.5463925924918552
0.1813586501340067	0.2722838527761394	0.546357497089854
0.18136298064689027	0.27231193950119403	0.5463250798519158
0.1813690878428868	0.272253256258243	0.5463776558988703
0.181345634858866	0.2723035527715215	0.5463508123696126
0.18136869694034682	0.27225500518931534	0.5463762978703379
0.1813462744693457	0.2722811540141878	0.5463725715164667
0.1813688295893184	0.2722394894693037	0.546391680941378
0.1813686147654972	0.2723173110673036	0.5463140741671993
0.18135956323953356	0.27236428694126436	0.5462761498192023
0.18135857475795883	0.27236364960738246	0.5462777756346588
0.18137172432571474	0.2723238103893331	0.5463044652849522
0.18135681052329303	0.27243679446980446	0.5462063950069026
0.18135329125748512	0.2724421407935417	0.5462045679489733
0.18135828522969663	0.27243572582136844	0.546205988948935
0.18134640348298903	0.2724325933529248	0.5462210031640863
0.18134493271832808	0.2724413225449128	0.5462137447367592
0.18135330656706292	0.272441315360599	0.5462053780723382
0.18134864735687284	0.27242557458705297	0.5462257780560743
0.18135550763089814	0.27236766235359705	0.546276830015505
0.18136448760302235	0.27244398824018096	0.5461915241567968
0.18136792536954854	0.27242683349894337	0.5462052411315083
0.1813709845272464	0.2724294346597746	0.5461995808129791
0.1813697362211903	0.2724036850898629	0.5462265786889469
0.18134317487236395	0.27244049746731697	0.5462163276603191
0.18135208623281493	0.27242675115290294	0.5462211626142822
0.18134868624344802	0.27245856578383737	0.5461927479727148
0.18135884943578115	0.2722814525894999	0.5463596979747191
0.18136909637694792	0.27229008749050143	0.5463408161325507
0.18136949642371084	0.2722918202862179	0.5463386832900714
0.18136651830830544	0.2723690413643057	0.546264440327389
0.18135242210171632	0.2724307516323145	0.5462168262659693
0.18134846559457501	0.27230915235946823	0.5463423820459569
0.1813659669778545	0.27236457034296413	0.5462694626791815
0.18136462466995976	0.27236230280779417	0.5462730725222462
0.1813717466271134	0.2723312993506856	0.5462969540222011
0.18134824450094827	0.2723661935341255	0.5462855619649263
0.18135891126037906	0.27228923088199974	0.5463518578576214
0.18136585136407235	0.272325342342228	0.5463088062936998
0.1813450089532377	0.272273553420708	0.5463814376260544
0.18135673333460728	0.272273602273883	0.5463696643915099
0.18135164581146543	0.27235602043148227	0.5462923337570524
0.18137013085527665	0.27241175695775516	0.5462181121869684
0.18134406683201917	0.2723671599057128	0.5462887732622681
0.18134210223935152	0.2722711967342395	0.5463867010264091
0.18134676409658154	0.27243307720552334	0.5462201586978952
0.18134732831300687	0.27240214905701743	0.5462505226299759
0.18134415097084983	0.2724416605133741	0.5462141885157762
0.18134714081718675	0.27241253863699477	0.5462403205458186
0.1813649494495391	0.2722510615823194	0.5463839889681417
0.1813543515747396	0.27230064797683734	0.5463450004484232
0.18134852614460276	0.27245286074633274	0.5461986131090646
0.1813715933609242	0.2723639340276105	0.5462644726114655
0.18136330238851905	0.27236067582126217	0.5462760217902188
0.18134451847498556	0.27229903294249297	0.5463564485825216
0.18136971851145298	0.27231430104924986	0.5463159804392973
0.181349359314217	0.27228362291274816	0.546367017773035
0.18134232638486392	0.27227172129928934	0.5463859523158469
0.18136665433572885	0.27225382458641095	0.5463795210778604
0.18134703638302446	0.2724482140067256	0.5462047496102501
0.18135721677878508	0.27243909433953684	0.5462036888816781
0.18134729596967447	0.2724304448240207	0.546222259206305
0.18136252310467194	0.27244324299062966	0.5461942339046985
0.18134793284576856	0.2723674654362611	0.5462846017179704
0.18135485686049943	0.2723724654925756	0.5462726776469251
0.18135987747606594	0.27234905788615327	0.5462910646377809
0.1813552203758737	0.2724173069614696	0.5462274726626568
0.18135601425352602	0.2724355490580777	0.5462084366883964
0.18136353018548945	0.27242868402580406	0.5462077857887067
0.18136994323664957	0.2723243890354264	0.5463056677279242
0.18134969991923178	0.2723225968284112	0.5463277032523571
0.18136506940019098	0.2722876100314251	0.546347320568384
0.1813719094657641	0.2722702813985014	0.5463578091357346
0.18135381274795773	0.2723125784181828	0.5463336088338596
0.18134469507249343	0.2722742279092495	0.5463810770182572
0.1813624919499568	0.2723807417758937	0.5462567662741495
0.1813593380705266	0.27236565006841806	0.5462750118610555
0.1813623483912674	0.2723933706390409	0.5462442809696919
0.18137051627825182	0.27230913242217514	0.5463203512995731
0.18136524824414502	0.27236599747484	0.5462687542810151
0.1813646973939981	0.27235118219708365	0.5462841204089184
0.18135437161599952	0.2723488153019611	0.5462968130820396
0.1813579437316998	0.2722813799430635	0.5463606763252368
0.18135904678870846	0.2722744136722052	0.5463665395390865
0.18134815328682927	0.2722825559845144	0.5463692907286565
0.18136675534706548	0.2723580049469659	0.5462752397059687
0.18136096092100845	0.27240917729125086	0.5462298617877408
0.18136093211344814	0.2724124278358429	0.5462266400507091
0.18135816954133252	0.2724375866260338	0.5462042438326338
0.18136532684568352	0.2724423688190145	0.5461923043353021
0.18136344921818282	0.2722982700857885	0.5463382806960289
0.1813529127901817	0.27225626208421644	0.546390825125602
0.18135998733579586	0.2722754248509749	0.5463645878132293
0.18136784120986674	0.2722899771086676	0.5463421816814658
0.18135494303687044	0.27240134436749114	0.5462437125956385
0.18134816052874886	0.2723418952173986	0.5463099442538526
0.1813706876618365	0.27234328718161915	0.5462860251565445
0.1813462975038861	0.27231045847197277	0.5463432440241413
0.18136351322347155	0.27228355501259516	0.5463529317639334
0.1813445890952166	0.2723269738116088	0.5463284370931747
0.18136938477107245	0.2723092243396577	0.5463213908892699
0.1813449794509468	0.2722790493142582	0.5463759712347951
0.1813710657661405	0.2722361326705022	0.5463928015633575
0.1813572580878292	0.2723010308068452	0.5463417111053257
0.18134548001988046	0.2722903213377532	0.5463641986423664
0.18136260232834264	0.272327592602661	0.5463098050689965
0.1813676528508034	0.27232084442372617	0.5463115027254706
0.1813698401123337	0.27241583391299895	0.5462143259746675
0.1813469770773745	0.2723230495674752	0.5463299733551504
0.18135041233399507	0.2722870509984573	0.5463625366675477
0.181371143954483	0.27233023298101156	0.5462986230645056
0.18134980802214343	0.27225756660456335	0.5463926253732934
0.1813509905256884	0.2723446376570004	0.5463043718173113
0.18135427448346145	0.27241670181905575	0.5462290236974829
0.18136953770111514	0.2723587397505986	0.5462717225482864
0.18135650368334202	0.2724149044181444	0.5462285918985137
0.1813596535141242	0.2723224362711293	0.5463179102147466
0.18134810758368092	0.2722813963256665	0.5463704960906527
0.1813603911415428	0.27243053946723994	0.5462090693912174
0.18136505285757962	0.27241391841681295	0.5462210287256075
0.1813630482575506	0.2723720048117938	0.5462649469306557
0.1813447998814456	0.27238408135094483	0.5462711187676097
0.181358164325314	0.2722594663742741	0.546382369300412
0.18134987887742576	0.2723012623268884	0.546348858795686
0.18136719160292172	0.2722857130709466	0.5463470953261318
0.18137192186783715	0.2722815867174564	0.5463464914147066
0.18136266080045993	0.27239731615495694	0.5462400230445832
0.18136093487305777	0.2723538453534085	0.5462852197735338
0.1813478222313395	0.27244158097512094	0.5462105967935397
0.18134860487238996	0.2724218930640048	0.5462295020636053
0.18134538751488227	0.2722608269451692	0.5463937855399488
0.18135541023925653	0.2723911799989825	0.5462534097617611
0.18135267306918826	0.27235146182206005	0.5462958651087518
0.18135881340328017	0.2722853289962385	0.5463558576004814
0.18136543392405025	0.27233852531048636	0.5462960407654636
0.18136714435961923	0.2723366432341432	0.5462962124062377
0.1813658584284666	0.2723197290947694	0.546314412476764
0.18137015993833902	0.27234049914307884	0.5462893409185823
0.18136636235100415	0.2723895672504463	0.5462440703985497
0.18135271012453233	0.2723788295752532	0.5462684603002146
0.18135502170368784	0.27228000029364924	0.546364978002663
0.18135555842306156	0.27226919398730887	0.5463752475896297
0.1813563910391228	0.27235606592690764	0.5462875430339696
0.18134742683575025	0.2723044680651039	0.546348105099146
0.18137099847867524	0.27227765218467165	0.5463513493366532
0.18136958308217843	0.2722659190222788	0.5463644978955429
0.18135905364419178	0.27225179322193804	0.5463891531338703
0.18134214230075726	0.27242264273121136	0.5462352149680315
0.18135368892515263	0.2724147684692033	0.5462315426056442
0.1813591933801092	0.2722484409265581	0.5463923656933328
0.1813586029507266	0.2723622286213174	0.5462791684279561
0.18135779567069937	0.2723359754616755	0.5463062288676253
0.1813653237426023	0.2723494254054597	0.5462852508519381
0.18136628974188929	0.27226546620668807	0.5463682440514228
0.18136673990811158	0.27232347197545537	0.5463097881164332
0.18136629174125238	0.2723564723445251	0.5462772359142227
0.18136921764567004	0.27234100040427706	0.5462897819500531
0.18136535972388237	0.27237389969729	0.5462607405788278
0.18135714534518807	0.2724240386110701	0.5462188160437419
0.181356580587978	0.2723977432653737	0.5462456761466484
0.18135916974440003	0.2724333512353091	0.546207479020291
0.1813611267442403	0.27240702468081807	0.5462318485749418
0.1813537187147448	0.2724534794114035	0.5461928018738518
0.1813685327758689	0.2723940638553445	0.5462374033687868
0.18134943601258022	0.27229260741621986	0.5463579565712
0.18136815684254357	0.2722825993807933	0.5463492437766633
0.1813561023470941	0.27225473313591525	0.5463891645169907
0.18135729807920084	0.2723645610629585	0.5462781408578408
0.1813450372482855	0.27238913499527234	0.5462658277564423
0.18135055346395432	0.2722572878532332	0.5463921586828127
0.18135178076420194	0.2723114480189928	0.5463367712168054
0.18136327706315516	0.2722743161213378	0.5463624068155072
0.1813446421572555	0.272345164282156	0.5463101935605886
0.18135863591287849	0.27237530550345707	0.5462660585836645
0.18134218701594645	0.27237375613465004	0.5462840568494036
0.18135923043040164	0.2724129851934532	0.5462277843761453
0.18136302416507666	0.2724229583693194	0.546214017465604
0.18134971340787265	0.27237088437938994	0.5462794022127375
0.18136647632574784	0.2723319686882771	0.5463015549859752
0.18135589132219415	0.2723714156644767	0.5462726930133293
0.1813460154938399	0.2722905157189109	0.5463634687872494
0.18134527728460664	0.27235498031160343	0.54629974240379
0.18136103653706814	0.2723674830231109	0.546271480439821
0.18136640547078672	0.27238544950499144	0.5462481450242219
0.18136812697706167	0.2722823480362567	0.5463495249866818
0.18135824382237617	0.27227062206140246	0.5463711341162214
0.18136331572437642	0.27226617041235907	0.5463705138632646
0.1813711729620531	0.2723312334895841	0.5462975935483629
0.18134476631167615	0.27233945418182975	0.5463157795064942
0.18135035684261372	0.27232029993110796	0.5463293432262784
0.1813684880045786	0.2724116876001814	0.5462198243952401
0.181360133389974	0.2722708027785956	0.5463690638314306
0.18135562328247407	0.2722761582013753	0.5463682185161507
0.1813460875469461	0.27226014291900363	0.5463937695340504
0.1813652347541239	0.2722532153789382	0.546381549866938
0.18136763550168916	0.27236408015076147	0.5462682843475495
0.18136078621289614	0.27230169230713486	0.5463375214799691
0.18134539566084493	0.2723523617673511	0.546302242571804
0.1813703904119626	0.27233301253337744	0.5462965970546602
0.18136912473513048	0.2723395670591183	0.5462913082057513
0.1813672809815761	0.27243961595972976	0.5461931030586943
0.18136565251016298	0.2724437928777146	0.5461905546121225
0.18135897342691215	0.2724478903655146	0.5461931362075734
0.1813647622839923	0.2724228860156506	0.5462123517003572
0.18136085853905967	0.2723741615173768	0.5462649799435636
0.18136076619790223	0.2723726671949016	0.5462665666071962
0.18136726221128788	0.2723368708220584	0.5462958669666538
0.1813564583993466	0.27240819874665345	0.5462353428540001
0.18135158996971013	0.2724116859746665	0.5462367240556235
0.18136571552990133	0.2724317100575595	0.5462025744125393
0.1813575765046205	0.27236199491620927	0.5462804285791703
0.1813649229374357	0.27243448886939947	0.546200588193165
0.1813612023777955	0.2723883437240312	0.5462504538981734
0.18137112132866856	0.27236609755804736	0.5462627811132842
0.1813515631091308	0.27240758984696456	0.5462408470439047
0.1813505331276529	0.27227897998966216	0.5463704868826851
0.18134487996340046	0.27232208225491167	0.546333037781688
0.18135911981757719	0.27228911285415475	0.5463517673282682
0.1813599020759728	0.2723671014698956	0.5462729964541317
0.18135659241739044	0.2723343365487436	0.5463090710338661
0.18135156729676194	0.27231228040753463	0.5463361522957035
0.18135762178343037	0.27232184316359376	0.5463205350529761
0.18135299324426374	0.27236658797659713	0.5462804187791392
0.18134484284739094	0.2722849982379815	0.5463701589146277
0.18134803548767986	0.27229593423704956	0.5463560302752707
0.18134719015665837	0.2722845646674241	0.5463682451759176
0.18136457076348075	0.2723547476629469	0.5462806815735725
0.18136594671787867	0.2722747058450942	0.5463593474370272
0.1813439635515841	0.272289854798321	0.546366181650095
0.18134597601041627	0.2724301528809372	0.5462238711086467
0.18134881195424307	0.27243819725587026	0.5462129907898868
0.18134795796356343	0.27246375552742474	0.546188286509012
0.18135625701332939	0.27235718232118805	0.5462865606654826
0.181359967463024	0.2723926656737036	0.5462473668632726
0.18135607172844947	0.27237510832752637	0.5462688199440243
0.18134658169497048	0.27239160726682987	0.5462618110381998
0.1813641749245682	0.27230416461074824	0.5463316604646837
0.1813574521537457	0.27237910512781627	0.5462634427184381
0.18135132286978206	0.272309948750646	0.546338728379572
0.18135181325477726	0.27241117446378305	0.5462370122814398
0.1813635322281877	0.27237789089175724	0.5462585768800552
0.18134821789356434	0.2723840767960591	0.5462677053103767
0.1813562730542266	0.2723858312399437	0.5462578957058297
0.1813532814505973	0.2723564200439105	0.5462902985054924
0.18137149401180078	0.2723808667281341	0.5462476392600653
0.18135163504679805	0.2723545632859311	0.5462938016672709
0.1813679070721823	0.27232033139061973	0.5463117615371981
0.18135289536003082	0.27241090295871195	0.5462362016812573
0.18137138069318587	0.272422219993655	0.5462063993131593
0.1813500533562314	0.27226441334444834	0.5463855332993204
0.18135141024338303	0.27239140190818817	0.5462571878484289
0.1813628509708128	0.27242984680216725	0.5462073022270201
0.18134513379950876	0.2723831056284818	0.5462717605720097
0.18136050517257526	0.27239980659495466	0.5462396882324703
0.18135774010075792	0.27225681799078244	0.5463854419084597
0.18135525852712694	0.2723100157938102	0.5463347256790629
0.18135910315674764	0.2722792683072497	0.5463616285360028
0.18135935920353927	0.2723972613295499	0.5462433794669109
0.1813666219310673	0.27243363544740706	0.5461997426215257
0.181342534898262	0.2723144432629206	0.5463430218388176
0.18136530603309678	0.2723557573165823	0.546278936650321
0.18135635113335383	0.27239018456020514	0.5462534643064412
0.18136923151384035	0.2723935460826547	0.5462372224035051
0.1813491032354127	0.27227573868754	0.5463751580770474
0.18135979349818576	0.27228392476832963	0.5463562817334848
0.18136060114823332	0.272360089381159	0.5462793094706078
0.18135956679138066	0.2724041023322215	0.546236330876398
0.18134342061982986	0.27236013058684433	0.546296448793326
0.18134698122763643	0.2723811154461065	0.5462719033262572
0.18135538276593652	0.2723532136331768	0.5462914036008868
0.18135426015680428	0.27237926309739047	0.5462664767458054
0.1813525138762024	0.27233511931516946	0.5463123668086283
0.1813453805290865	0.27244493364336564	0.546209685827548
0.18137010535482376	0.2724196479704083	0.546210246674768
0.18137012678466355	0.2724234539347364	0.5462064192806002
0.18136882752940214	0.27243370711409987	0.546197465356498
0.18136284841964612	0.2723875181072084	0.5462496334731456
0.18135227981490573	0.27244608735931536	0.546201632825779
0.18134358216488158	0.2724408343722848	0.5462155834628337
0.18135472876000694	0.2724229100039198	0.5462223612360734
0.18134580274349027	0.2724205902431103	0.5462336070133995
0.18136669668672264	0.2724192283344116	0.5462140749788659
0.18136923052992004	0.2724139102901614	0.5462168591799187
0.18134978695601287	0.2724218066905395	0.5462284063534477
0.18135764237089838	0.2724068258806098	0.5462355317484919
0.1813712468210968	0.2723237127264052	0.5463050404524981
0.18136089459089408	0.272308615079228	0.546330490329878
0.18136611940476693	0.27231259396592056	0.5463212866293126
0.18134417719062904	0.2724446426964553	0.5462111801129158
0.1813565225525566	0.27236189475018063	0.5462815826972629
0.18136290878771028	0.27229553703382836	0.5463415541784615
0.18134242460185387	0.27230116973194074	0.5463564056662055
0.18135718524522546	0.2722909855478486	0.546351829206926
0.18134776409390996	0.27232481450020407	0.5463274214058862
0.18136396999969095	0.27232357090296794	0.5463124590973412
0.1813661545515956	0.2723556767890508	0.5462781686593537
0.18137130893750494	0.27224007989655663	0.5463886111659385
0.18136910350484017	0.2723171495396271	0.5463137469555328
0.18136302090406684	0.27230974034938416	0.5463272387465492
0.1813642618603677	0.2724460022121695	0.5461897359274629
0.18136245107345902	0.272318480061443	0.5463190688650981
0.1813655192034977	0.27236862546347335	0.5462658553330291
0.1813604262408103	0.2722551224905778	0.546384451268612
0.18136594853285654	0.2722702341735519	0.5463638172935917
0.1813682366614773	0.2722974836560348	0.546334279682488
0.18134977051711637	0.2723162438663721	0.5463339856165117
0.1813432287350712	0.272313501516514	0.546343269748415
0.18135921540886416	0.2723585000049006	0.5462822845862354
0.18134872276833838	0.27236548825787493	0.5462857889737869
0.18136885545054707	0.27243972428185487	0.5461914202675981
0.18135101085481814	0.2724396716357904	0.5462093175093915
0.18137166966175056	0.2723897013787392	0.5462386289595104
0.18135204427311627	0.2724409146387956	0.5462070410880883
0.1813539751862016	0.2724154228012649	0.5462306020125336
0.1813672912043836	0.2724115425267874	0.5462211662688291
0.18134702110178383	0.272423430129345	0.5462295487688713
0.1813656475058502	0.2724324578891457	0.5462018946050042
0.18134322633929512	0.27236732587904805	0.5462894477816569
0.18134467402856405	0.27239079522251447	0.5462645307489216
0.18134449971553213	0.2723800544134051	0.5462754458710629
0.1813437658041037	0.2723646332227191	0.5462916009731773
0.1813604424416073	0.2723633520911414	0.5462762054672514
0.18135782710157985	0.2723074145945322	0.546334758303888
0.1813684062722857	0.27230266091152044	0.546328932816194
0.18136785119839252	0.2722389119832654	0.5463932368183422
0.18136637227573701	0.27230397884887475	0.5463296488753884
0.18136031746681935	0.2724496290586882	0.5461900534744926
0.18135423084740676	0.27236328959821654	0.5462824795543768
0.1813485006147934	0.27234165518952363	0.5463098441956831
0.1813567486528766	0.27230500370268984	0.5463382476444336
0.1813478452611617	0.27243384962325334	0.5462183051155851
0.18135531901514038	0.2724495231718915	0.5461951578129682
0.18135410549161976	0.2723423090622975	0.5463035854460828
0.18134313075074587	0.27228555521086284	0.5463713140383913
0.1813480161643982	0.2723655561433035	0.5462864276922984
0.1813583250319935	0.2723072804089504	0.5463343945590562
0.18135670933643433	0.27228967653628894	0.5463536141272769
0.1813637350524864	0.27243779763649506	0.5461984673110186
0.18137008016401154	0.27225013116839775	0.5463797886675907
0.181368196580995	0.27232007558039273	0.5463117278386124
0.18135652276573075	0.2723106762488763	0.546332800985393
0.18134774593856529	0.27234527135966463	0.5463069827017701
0.1813679526187566	0.27231452995725586	0.5463175174239876
0.18135016906039064	0.2723112877437556	0.5463385431958538
0.18134700519632796	0.27229936909028113	0.5463536257133911
0.1813504047833154	0.27233861408139537	0.5463109811352893
0.18136886785057	0.27238841176160206	0.5462427203878281
0.18134602350485876	0.2723265623499793	0.5463274141451621
0.1813449526412262	0.2723607954609859	0.546294251897788
0.1813713661515311	0.272344484715678	0.546284149132791
0.18136789069569395	0.2723147055870103	0.5463174037172959
0.18135599300241087	0.27236355781873656	0.5462804491788527
0.18135155686522939	0.27243035959027745	0.5462180835444933
0.1813534761884221	0.2724167972328422	0.5462297265787359
0.18135475550749985	0.27243085944221346	0.5462143850502867
0.18134298616792827	0.2723825942513828	0.546274419580689
0.18136133040480706	0.27240784242943866	0.5462308271657544
0.1813473004682365	0.27242780416014006	0.5462248953716236
0.1813481989778766	0.27239977547326766	0.5462520255488559
0.1813659919102595	0.27235039376053394	0.5462836143292067
0.18134350534397864	0.2723254919674596	0.5463310026885619
0.1813452534565156	0.2722720082554548	0.5463827382880297
0.18136212599456736	0.2723837629659489	0.5462541110394838
0.181355256661201	0.27228321007872164	0.5463615332600775
0.18134390007200263	0.2723287550588334	0.5463273448691641
0.18136979655905522	0.2722995028635563	0.5463307005773886
0.18135786937594062	0.27232238788401175	0.5463197427400477
0.18136827104853517	0.27232255145179507	0.5463091774996698
0.1813482068321231	0.27231977790923034	0.5463320152586466
0.18135589749879003	0.2723179117397241	0.546326190761486
0.18135407875708545	0.2723116136049569	0.5463343076379577
0.18135850496490144	0.27244931677860224	0.5461921782564965
0.18134431707263848	0.27246136935123777	0.5461943135761238
0.1813466315241401	0.2723775807245285	0.5462757877513316
0.1813552003830523	0.2722706495711018	0.546374150045846
0.18137157017515923	0.2724217106584793	0.5462067191663615
0.18135871527088998	0.2723086994195857	0.5463325853095244
0.18135530303502886	0.2723831263813897	0.5462615705835816
0.18135597800202954	0.2723811557156465	0.5462628662823241
0.18136341790028612	0.2722575802511414	0.5463790018485726
0.18134899594075024	0.2723290148585178	0.546321989200732
0.18134515706019155	0.27232103749335235	0.5463338054464563
0.181352937141112	0.2722896060167763	0.5463574568421118
0.18134230804497958	0.2723039641624063	0.5463537277926143
0.18134952162281462	0.27232394943206917	0.5463265289451164
0.18137020702596918	0.2723236997174262	0.5463060932566047
0.18135644765258063	0.272335804313435	0.5463077480339845
0.18136911683688803	0.27223691762491864	0.5463939655381934
0.1813717838010889	0.27223539634095495	0.5463928198579563
0.1813694929880679	0.2723569383417197	0.5462735686702125
0.18136077514166501	0.2723877453060286	0.5462514795523065
0.18136748063249775	0.27241878553667637	0.5462137338308259
0.1813642890265747	0.2723210720630154	0.54631463891041
0.18135717193631534	0.27225902834982374	0.546383799713861
0.1813588696645066	0.2724389008808788	0.5462022294546147
0.18134978648544595	0.27240703199496336	0.5462431815195908
0.1813545556537135	0.27242468081604465	0.546220763530242
0.18134872043207984	0.27245003458754047	0.5462012449803798
0.18135120142601469	0.27228775784063064	0.5463610407333548
0.18134876135321382	0.2722620480141934	0.546389190632593
0.18137108404459204	0.27233056716443854	0.5462983487909695
0.18135647265978522	0.2723346937276073	0.5463088336126076
0.18134396065542227	0.2723718581845239	0.546284181160054
0.18135733891229058	0.27234513816428535	0.5462975229234242
0.1813532926832107	0.27237990856946614	0.5462667987473233
0.18135491355789457	0.27230134068164513	0.5463437457604604
0.18135247760300274	0.27235860830270503	0.5462889140942924
0.1813534302936055	0.27238463458587336	0.5462619351205212
0.18135087283189588	0.2723356978600222	0.546313429308082
0.1813717869341323	0.2722801291983865	0.5463480838674812
0.18134324985883613	0.2723150834787209	0.5463416666624431
0.1813710791641358	0.27238748622810893	0.5462414346077553
0.1813600092341845	0.2722555000073792	0.5463844907584364
0.18135932087057946	0.2723478179250725	0.5462928612043482
0.18136853794359192	0.2722384000161558	0.5463930620402524
0.18134354116450238	0.2722663397764707	0.546390119059027
0.18136219430359915	0.27226306517092536	0.5463747405254756
0.18134729016603562	0.2722741593891297	0.5463785504448347
0.18135274485597722	0.27233327637963156	0.5463139787643914
0.1813671689426906	0.2723275947857866	0.5463052362715229
0.18136945331917864	0.2722671298336079	0.5463634168472136
0.18135375878350593	0.27226054179730214	0.546385699419192
0.1813691417676988	0.2723080297694777	0.5463228284628237
0.18135411496438014	0.27233007887685684	0.5463158061587632
0.18134915011237052	0.2723155858076844	0.5463352640799453
0.18136126631736027	0.27229390245218305	0.5463448312304569
0.18136890852613197	0.27232917706100795	0.5463019144128602
0.18137159386155208	0.2723248384990022	0.5463035676394459
0.18135719243647505	0.27232171614094924	0.5463210914225758
0.18134379511622228	0.27231787702641685	0.546338327857361
0.18136155163545983	0.2724303807837628	0.5462080675807774
0.18135631078779837	0.2724123687754559	0.5462313204367458
0.18134507221435642	0.27241666479410986	0.5462382629915339
0.1813609534724084	0.27241622157009765	0.5462228249574941
0.18137082554056413	0.2723908138419655	0.5462383606174706
0.18134702710674283	0.27242527401233413	0.5462276988809232
0.18136722187834006	0.2724343453298871	0.5461984327917729
0.18135491867570291	0.27230799533281586	0.5463370859914813
0.18134476961286602	0.2723227128552135	0.5463325175319207
0.1813525304921275	0.27237642205839163	0.546271047449481
0.18135052822944037	0.27246055949940745	0.5461889122711523
0.18136423779786773	0.27232662393925444	0.546309138262878
0.18134818680437775	0.2723737847692339	0.5462780284263884
0.18135052062009047	0.27238201331989315	0.5462674660600165
0.18134593886015146	0.2723602663403757	0.5462937947994729
0.1813703555506236	0.2722611191247509	0.5463685253246255
0.18134281565425114	0.27238378805793473	0.5462733962878142
0.18136411438117875	0.2724045066123219	0.5462313790064994
0.18134371087149784	0.27243683740865016	0.5462194517198521
0.18134835253883583	0.27241575954677	0.5462358879143943
0.18134908008471004	0.27234263223938787	0.5463082876759022
0.18134461291468246	0.2723369983059461	0.5463183887793716
0.18135599420693446	0.2724515406310125	0.5461924651620531
0.18136337353994228	0.27242408677007934	0.5462125396899785
0.18134575861831728	0.2723712746568422	0.5462829667248407
0.18135146240519645	0.2723528675340695	0.5462956700607342
0.18135949847393612	0.27233904654789165	0.5463014549781724
0.18135355249157725	0.27225548892006524	0.5463909585883576
0.1813581125599003	0.27239677367990633	0.5462451137601935
0.18135823106093493	0.27236555126063516	0.54627621767843
0.1813703769120962	0.27233795896179885	0.5462916641261051
0.18135620280293113	0.2723770970530165	0.5462667001440525
0.18134565663435756	0.27242422479232564	0.5462301185733169
0.1813636643927945	0.2723951371167836	0.5462411984904221
0.18136855131782736	0.27240333069331024	0.5462281179888625
0.1813596146052797	0.27239094311350853	0.5462494422812119
0.18134388234885565	0.272276366097594	0.5463797515535505
0.1813507404265089	0.2723543245193356	0.5462949350541556
0.18135597392746078	0.2722660929645122	0.5463779331080272
0.18134823845864892	0.27240251045114916	0.546249251090202
0.18136654955896034	0.27239837348543394	0.5462350769556058
0.18136741928167913	0.272321984629515	0.5463105960888059
0.1813544799724436	0.27245535197850845	0.5461901680490481
0.18134697166913866	0.27243460467724345	0.5462184236536181
0.18134297110339595	0.272417932539179	0.5462390963574252
0.18137151548615707	0.27243633229342545	0.5461921522204176
0.181366922250617	0.27238322159549544	0.5462498561538877
0.18135955771786244	0.27242238306687644	0.5462180592152612
0.1813657589299252	0.27244353319739867	0.5461907078726762
0.18136963539226686	0.2723083792171587	0.5463219853905745
0.18135569508158497	0.2724123815583116	0.5462319233601035
0.1813619461400539	0.2723596212938182	0.5462784325661281
0.181364243246642	0.27227352853766373	0.5463622282156944
0.18136411920462983	0.27227706859906187	0.5463588121963084
0.1813444964205283	0.2722787602046702	0.5463767433748016
0.18136037645226805	0.27234025693717334	0.5462993666105587
0.1813449012026109	0.27243321361752276	0.5462218851798665
0.18135218854166718	0.2723015026274603	0.5463463088308727
0.18136499197320397	0.2724166780486817	0.5462183299781145
0.18135570153606717	0.2724516179747172	0.5461926804892158
0.18136960968945964	0.2724378948679488	0.5461924954425917
0.1813703394148598	0.27225882604001683	0.5463708345451235
0.18136952800818554	0.2722507803729303	0.5463796916188842
0.18136079854331008	0.2722823092419298	0.5463568922147602
0.18134842704012533	0.27233481876915977	0.546316754190715
0.18135422495431278	0.27236803602131654	0.5462777390243708
0.18135262600658777	0.27243513731077823	0.5462122366826341
0.18134903771546285	0.2723494228752877	0.5463015394092496
0.18134267655330213	0.27231231897295344	0.5463450044737446
0.18137197695692847	0.27243706480246405	0.5461909582406076
0.1813521300694596	0.27244475148613245	0.546203118444408
0.18136842566018568	0.2724175791227209	0.5462139952170935
0.1813506073221151	0.2723166824763482	0.5463327102015367
0.18134787080945983	0.2722806688764897	0.5463714603140506
0.1813532632289329	0.27243616272857457	0.5462105740424927
0.18135885786625072	0.272373041765272	0.5462681003684774
0.18136688214869895	0.27241535748124784	0.5462177603700533
0.18135859750013286	0.27242473561629194	0.5462166668835753
