0.34971398548957205	0.4004638870681875	0.24982212744224058
0.34976906190719576	0.39977233744051	0.25045860065229436
0.35006234051353696	0.399443873531387	0.2504937859550762
0.3504323597576312	0.39945464009997916	0.2501130001423898
0.34982136451280393	0.3996697488953155	0.25050888659188075
0.3495826869565367	0.40022828102694175	0.2501890320165216
0.34928189153653966	0.40012851052475856	0.25058959793870195
0.3502376816882807	0.3998276085047694	0.24993470980695004
0.3492771536429481	0.4003583489502026	0.2503644974068494
0.3496493112710715	0.4004107779354699	0.24993991079345868
0.34982043864632534	0.400293640036001	0.2498859213176738
0.3500771552833815	0.3996510752852324	0.2502717694313862
0.35045121844631105	0.3998087310794649	0.2497400504742241
0.3494996731726886	0.40040057491151027	0.25009975191580125
0.35057843650263737	0.39931723713007317	0.25010432636728963
0.35018518965675693	0.39981671118012446	0.24999809916311871
0.34971359725190604	0.39983409075695114	0.25045231199114293
0.35019143785546275	0.39933377069772147	0.2504747914468159
0.3494514827580109	0.4002178093305978	0.25033070791139134
0.35043463450136325	0.39980245061527214	0.24976291488336472
0.34980921502198536	0.39970093849409644	0.2504898464839183
0.3492522004582851	0.40021795758235823	0.2505298419593568
0.35005120097624587	0.3994504001510619	0.2504983988726924
0.34929930702783984	0.4002788397249304	0.2504218532472299
0.3493672896852643	0.4004001459495002	0.2502325643652356
0.34980068284332805	0.3997711350141706	0.25042818214250145
0.3495509591140911	0.400472878840326	0.24997616204558298
0.3497426774302329	0.4003001199790989	0.24995720259066828
0.3494547974961615	0.40040158223774697	0.2501436202660916
0.3497416627410135	0.4002585607346082	0.24999977652437844
0.3498696160842153	0.3998206119481494	0.25030977196763543
0.3494263847742421	0.4004924544907611	0.2500811607349969
0.3495139655849126	0.40028921882143126	0.25019681559365625
0.35038058446544074	0.39970402550521505	0.24991539002934432
0.34998015288030754	0.40006982816521514	0.24995001895447744
0.34973334542199086	0.39969153877998004	0.25057511579802916
0.350156327501491	0.39988848697868196	0.24995518551982715
0.3497368539292779	0.40006250542905397	0.2502006406416683
0.35051812419573886	0.39959693543014496	0.2498849403741163
0.3505083909340144	0.3994797304494658	0.2500118786165199
0.34943734328603376	0.400298073004039	0.2502645837099273
0.3497051817332383	0.4001900507582401	0.2501047675085217
0.35027019864352177	0.3993263498685955	0.2504034514878829
0.3493572481390379	0.4001501028664025	0.25049264899455975
0.34939364581687393	0.40017145658638786	0.25043489759673826
0.3503492480972028	0.3998301299946889	0.24982062190810836
0.35006524733119115	0.40018620249835923	0.2497485501704497
0.3503557404108502	0.39948402362536584	0.25016023596378406
0.349589627023256	0.39987528722267984	0.25053508575406425
0.34984105179999747	0.3997191800276386	0.250439768172364
0.349425314789787	0.4003651593960368	0.25020952581417627
0.34993614748969704	0.39962310530566386	0.2504407472046392
0.34959186853313634	0.40020520384723623	0.25020292761962754
0.3495968914924772	0.4001089126710259	0.25029419583649704
0.3500609846203761	0.40004658347121325	0.2498924319084108
0.3496773508192732	0.4000821071259126	0.25024054205481433
0.3493265926187292	0.4004003918981639	0.250273015483107
0.3492732202409339	0.4003073308099299	0.25041944894913626
0.35064280696855277	0.39956345627889645	0.2497937367525509
0.35003661501513605	0.4000182889068128	0.2499450960780513
0.3504299095971452	0.39933166137004045	0.25023842903281446
0.3499802253680785	0.39987095659180644	0.25014881804011524
0.35043104977743983	0.39960986440769797	0.2499590858148623
0.34941361738906723	0.4005454219209821	0.25004096068995085
0.34993019953464477	0.4001243980785105	0.2499454023868448
0.3502895709176619	0.39987445380131925	0.249835975281019
0.34992916298724763	0.39974208705204217	0.25032874996071036
0.3506215536305369	0.3992964390302328	0.2500820073392304
0.3502141079494639	0.3995984368992781	0.2501874551512581
0.35015324905570333	0.3998021465625227	0.2500446043817741
0.34947771216728724	0.4005495058599249	0.24997278197278805
0.3505625177305787	0.3995747186661242	0.24986276360329718
0.3505698941432271	0.3996956731068654	0.24973443274990764
0.35038219549166416	0.39957676359911215	0.25004104090922374
0.3503648928673042	0.3995947924600697	0.2500403146726262
0.34949387207389293	0.40002240972420183	0.25048371820190535
0.34998158577528515	0.39963039042696	0.25038802379775493
0.3495237904315968	0.3999950792195518	0.25048113034885156
0.3502820477089086	0.39998902733355357	0.24972892495753796
0.34968842753036006	0.400122998466723	0.25018857400291705
0.3498158718624331	0.3996137003328868	0.2505704278046802
0.34964635134660155	0.400335118070832	0.2500185305825665
0.35022106657900587	0.3996391023933605	0.2501398310276337
0.3503800575749298	0.3992979583309826	0.2503219840940878
0.3496045698335864	0.39982471957396026	0.25057071059245345
0.34925984332854354	0.4001451160655519	0.25059504060590465
0.350534206950463	0.39961907087244675	0.24984672217709036
0.3502141218124195	0.399529473491291	0.2502564046962896
0.35007470875058755	0.3999684665007733	0.24995682474863928
0.35059826804872163	0.39929083992147757	0.25011089202980097
0.350226740557508	0.3995335689177256	0.25023969052476647
0.3500829593420178	0.3993825281750675	0.2505345124829148
0.34982025277591133	0.4000573042193953	0.2501224430046935
0.34941679704369955	0.40006296082065024	0.2505202421356503
0.3492704264499484	0.40045417984822085	0.2502753937018309
0.34961217631729086	0.40041267160482585	0.24997515207788346
0.3499829736054084	0.4002564670726953	0.2497605593218964
0.34964211754901203	0.40026972583444786	0.25008815661654016
0.34999735081759126	0.39982990227601567	0.25017274690639313
0.3502019114894651	0.40002781287339595	0.2497702756371391
0.35002128325090476	0.3999507020913843	0.2500280146577111
0.3502958893316168	0.39931289288282146	0.25039121778556184
0.34961558465668646	0.4001187402086167	0.2502656751346969
0.35029428646963867	0.3993192790392591	0.2503864344911023
0.3504579661401068	0.39933016795142023	0.25021186590847305
0.3506255029812422	0.3996564825663881	0.24971801445236985
0.3497480877163839	0.39972782666875695	0.2505240856148593
0.35018448972380306	0.40002295578535824	0.24979255449083881
0.35004434077703533	0.40015154933417874	0.24980410988878604
0.35014846546122763	0.39992874639570475	0.24992278814306773
0.3501269810099882	0.40000225663319133	0.24987076235682065
0.3506286342408273	0.399620584187236	0.2497507815719368
0.35016327444009127	0.39935250234589986	0.250484223214009
0.349971874279407	0.39947366480557345	0.2505544609150196
0.349268696439358	0.40018356532372107	0.25054773823692106
0.3493768060140962	0.4002544396443302	0.2503687543415737
0.3492724002794133	0.4004426793382639	0.2502849203823229
0.34974435570352536	0.3997908742481956	0.25046477004827916
0.34933072957110534	0.40015133825234567	0.2505179321765491
0.34942719275729517	0.4000421892214605	0.25053061802124443
0.35013162480270693	0.4000802699829794	0.24978810521431377
0.3497368378095974	0.4003301600862628	0.2499330021041399
0.34993195962451107	0.40027343219535455	0.2497946081801345
0.34934010180445646	0.40036017667474194	0.25029972152080165
0.34937432849822325	0.40039643676177666	0.2502292347400002
0.3495957265622084	0.40005346333513625	0.2503508101026555
0.35016249355222495	0.39985070662551975	0.24998679982225538
0.34988503773256246	0.40036621022882124	0.24974875203861635
0.34963738601646566	0.3998176583569716	0.25054495562656287
0.3492926920049904	0.40041565029699744	0.25029165769801226
0.34990820254634203	0.4002673755070455	0.24982442194661258
0.35027859248162846	0.3998530743281328	0.24986833319023888
0.34954702858539727	0.4003956520327458	0.25005731938185705
0.3495507086297149	0.3999989386710895	0.25045035269919574
0.35021406479723194	0.3999574624612097	0.24982847274155845
0.34978626346723796	0.4002568152970565	0.24995692123570573
0.350069979056299	0.39971153678449567	0.25021848415920545
0.3499557889666327	0.39962478559151926	0.2504194254418482
0.3497577135672853	0.3996685053324437	0.2505737811002711
0.34965391410042185	0.39987354648940177	0.25047253941017644
0.34988757016150246	0.4001729439588891	0.24993948587960857
0.3500170896742339	0.3996990642867607	0.25028384603900544
0.3495321798905376	0.4002230224025272	0.2502447977069353
0.34978312344523443	0.40036373108131096	0.24985314547345472
0.3501606694402475	0.39970578631823217	0.25013354424152046
0.34947154675616066	0.40009325080449687	0.2504352024393426
0.34994424294017623	0.4002446593979466	0.24981109766187723
0.35006254974808615	0.3998230169399144	0.25011443331199956
0.349834966416346	0.3999832109680817	0.2501818226155724
0.34998627306142066	0.39948323165084143	0.250530495287738
0.349422936277551	0.4003645608445091	0.25021250287794
0.35033746953870815	0.39930179075802913	0.25036073970326284
0.349899350692321	0.3995755218132347	0.25052512749444444
0.35037664846717287	0.3993784005677372	0.25024495096509003
0.3503227178008244	0.3997101188135887	0.249967163385587
0.3499502811714719	0.39965961329465205	0.2503901055338762
0.35026981136663893	0.3997091676605061	0.25002102097285506
0.35035022589776255	0.39968946351181434	0.2499603105904232
0.3503912098131294	0.39978381697632503	0.2498249732105457
0.35053824654386656	0.39965569590532113	0.24980605755081242
0.3505236999712025	0.3993733816356409	0.25010291839315674
0.35059565141088267	0.3995731907811775	0.24983115780793996
0.34972419838099195	0.40052512156041553	0.24975068005859258
0.35061837857200295	0.399541920452432	0.2498397009755652
0.34956159442378376	0.40033722127823557	0.2501011842979807
0.35001167327372446	0.39943804621734486	0.2505502805089308
0.3506258366111094	0.3996362803108241	0.24973788307806655
0.34936612868687583	0.40016644739392293	0.25046742391920135
0.3497128224607473	0.4000501055810423	0.25023707195821054
0.3496143919994482	0.40018863368702473	0.2501969743135271
0.3497779667165964	0.40048553136984655	0.24973650191355712
0.349948078984416	0.39979960388772784	0.25025231712785634
0.3504452675131615	0.3993932165433763	0.25016151594346236
0.3499391010485142	0.40013148411622423	0.24992941483526165
0.3496067742341054	0.4002073846799379	0.25018584108595676
0.3503639238356428	0.3993798526219974	0.25025622354235993
0.34943657172403547	0.4002662388726713	0.25029718940329326
0.35011335666511123	0.40017334165807117	0.24971330167681774
0.3500424153571504	0.4000456459506429	0.2499119386922068
0.3496461186739462	0.40020536524842104	0.2501485160776329
0.3499478550808947	0.39955005224147266	0.25050209267763274
0.3503205133231736	0.3998979753172968	0.2497815113595297
0.3497190478732231	0.4000691885884105	0.2502117635383665
0.3501947938946372	0.3999275723776205	0.2498776337277424
0.34999576630727164	0.39978190790981905	0.2502223257829094
0.34987465470996604	0.39958502455985656	0.2505403207301775
0.3497283327131221	0.39971161874948236	0.25056004853739566
0.35051648266262697	0.39931830657932776	0.2501652107580454
0.34936425277870875	0.4003549018323443	0.25028084538894707
0.35056710329085256	0.3992977696687364	0.25013512704041113
0.3500019696611601	0.39953520054752306	0.25046282979131695
0.34970819156387295	0.40032839965432443	0.24996340878180276
0.35033782632381827	0.3993500270869632	0.25031214658921863
0.3500289440733847	0.3997473792397966	0.25022367668681883
0.3506448313307909	0.39953741625400085	0.2498177524152084
0.3502038854786905	0.39973807931309835	0.25005803520821124
0.3506213134062095	0.39939510421910646	0.24998358237468413
0.3501729926929698	0.39988558483910697	0.24994142246792334
0.34992467417029033	0.39986806829667304	0.25020725753303674
0.34933817940123824	0.4003860737139643	0.25027574688479753
0.3497767734670213	0.4001457300254533	0.25007749650752553
0.3501177013215263	0.3993550984078338	0.25052720027064
0.34979104505983405	0.3998328357673717	0.25037611917279434
0.3504584593360945	0.399598872730469	0.24994266793343664
0.3494877484698714	0.3999658546685006	0.2505463968616281
0.34974977645409905	0.4001723233568898	0.2500779001890112
0.3493649942730328	0.40056357023894573	0.2500714354880216
0.3502620983145735	0.3993711230496705	0.2503667786357562
0.3497096999857535	0.3997896517951911	0.25050064821905543
0.3498122392664381	0.3997560353198031	0.2504317254137589
0.3504982990822507	0.39950307006891295	0.2499986308488364
0.3497506550676708	0.3999336597803092	0.25031568515202013
0.34933272297755025	0.4005579580359008	0.2501093189865491
0.3503477562462377	0.39933990948126796	0.2503123342724945
0.3503378546000516	0.3993282562483633	0.25033388915158516
0.3499904249905288	0.40015441804723756	0.24985515696223376
0.34981498524100535	0.3995967415746217	0.25058827318437304
0.35014773791058856	0.3994655367031197	0.25038672538629186
0.3495864589236041	0.4000558244257024	0.2503577166506936
0.34964999549493486	0.40011073832497823	0.25023926618008707
0.3496773119341306	0.4003104438263618	0.2500122442395078
0.3502392341413197	0.3995862203891258	0.25017454546955464
0.34959898116892457	0.4001340829489557	0.25026693588211985
0.35053611468330664	0.3995457284404526	0.2499181568762409
0.3504369586987095	0.39944600685627774	0.25011703444501293
0.3496995957234923	0.3997528208309536	0.2505475834455543
0.3498859227921961	0.39965994916685343	0.2504541280409506
0.349868201018383	0.40009300418781724	0.25003879479379987
0.34967619410275114	0.4005279081112002	0.24979589778604874
0.34938764889456053	0.4002303649732193	0.25038198613222035
0.34961104680871874	0.40004312588900404	0.25034582730227734
0.3504334183523317	0.39977075263665357	0.24979582901101482
0.34993456355018937	0.40017604937696727	0.24988938707284347
0.3500809638405511	0.39991777301107867	0.25000126314837035
0.3502491174033539	0.39960293477573317	0.25014794782091304
0.35015112685608785	0.39946016750242885	0.2503887056414834
0.3500704428167886	0.39963007102444825	0.25029948615876324
0.34928671836175085	0.40020308598676685	0.2505101956514824
0.35006368341597593	0.4002139158457969	0.24972240073822724
0.34992582375309544	0.39947528396249754	0.2505988922844071
0.35037330738392386	0.3996289115315477	0.24999778108452853
0.35002395594309704	0.3993818540724013	0.2505941899845018
0.34991789040444615	0.3994930811081706	0.25058902848738335
0.3499476046877548	0.3997667519644389	0.25028564334780634
0.34974248095941946	0.4003417874078456	0.24991573163273506
0.35023186147377044	0.39979177688044765	0.24997636164578207
0.3497282748094279	0.3998725154355768	0.25039920975499547
0.3497001701522339	0.3998755421967601	0.2504242876510061
0.3492889084398205	0.4005687555354701	0.25014233602470953
0.3499896079367955	0.39950788902771095	0.25050250303549365
0.3497294747555481	0.39980477091167027	0.25046575433278173
0.3501971792986841	0.39968959492347844	0.25011322577783757
0.3498689713205851	0.40030437233661786	0.24982665634279716
0.3502622202753522	0.3998240450174728	0.2499137347071751
0.349306539537761	0.4003439832230072	0.25034947723923195
0.3501106234273146	0.400144026323185	0.2497453502495005
0.35001185761028536	0.4001502061635421	0.24983793622617267
0.3493579326786848	0.400473796190338	0.2501682711309773
0.3496752736797301	0.3999511658324675	0.25037356048780246
0.3495833165059106	0.3999934652091123	0.2504232182849772
0.3499945320240977	0.3996715591040017	0.2503339088719007
0.35032443085529075	0.39987779282850766	0.24979777631620168
0.34952227795703444	0.4004759309108676	0.2500017911320981
0.349539290033799	0.400435302489623	0.2500254074765781
0.3498194230486676	0.400125853074274	0.2500547238770585
0.34972236803407747	0.400208441712546	0.2500691902533766
0.3494063482857226	0.40045749902174577	0.25013615269253175
0.34987490998449977	0.39994107180970256	0.2501840182057978
0.35025659380336494	0.3998104537121053	0.24993295248452996
0.3494909343535331	0.4004033913801845	0.2501056742662825
0.34964936533401064	0.40044083787069074	0.24990979679529873
0.3497595983377724	0.40026072713361266	0.24997967452861503
0.3496684057052315	0.40034152190601174	0.24999007238875687
0.34968688545760396	0.4003923825171359	0.24992073202526027
0.35001242566134366	0.39974416029623583	0.2502434140424206
0.34927110129861744	0.4002905602007736	0.25043833850060915
0.3494630036785253	0.40021034976287345	0.2503266465586014
0.34933710029127313	0.40041559783456904	0.25024730187415795
0.3497075839756312	0.39979169919168905	0.25050071683267994
0.3494331942915624	0.40053311107659695	0.2500336946318408
0.35011611960383016	0.39980464243510994	0.25007923796106
0.350005169675586	0.3995980641730865	0.25039676615132755
0.34962214815425546	0.4003052523141565	0.2500725995315882
0.3502133963715648	0.40006177523533787	0.24972482839309743
0.34935362541311704	0.4005401922345393	0.2501061823523437
0.35030724606913843	0.39962915052370335	0.2500636034071583
0.3506269064442806	0.39957606343816077	0.24979703011755883
0.3494702065145457	0.40013863325369026	0.2503911602317642
0.3498743629044761	0.3999527584552105	0.2501728786403135
0.3494600539456705	0.40029526547182304	0.2502446805825066
0.3498690680610324	0.3998901949531195	0.2502407369858482
0.3504077313331798	0.39977244601245515	0.24981982265436517
0.3492951966682379	0.4004139171684036	0.25029088616335865
0.34997803722234655	0.39944381419263497	0.25057814858501865
0.34951827233930216	0.40016962184077476	0.2503121058199232
0.34950962059153784	0.39998955844493733	0.2505008209635249
0.34967126167899115	0.3998124251887999	0.25051631313220907
0.3504099983475318	0.3997551497267032	0.24983485192576516
0.34966484919691254	0.39986825287696526	0.2504668979261223
0.35034873308043857	0.3997249709072809	0.24992629601228067
0.349239829647825	0.40042947258581835	0.25033069776635675
0.3501369346262392	0.400087322114741	0.2497757432590199
0.35054010547522413	0.3993772358315628	0.2500826586932132
0.34949192429661347	0.40048071858388445	0.25002735711950225
0.35032449123712034	0.3993864432311752	0.25028906553170455
0.34969395316108465	0.3997385399253905	0.250567506913525
0.3495470257849691	0.40044931839873676	0.25000365581629425
0.35000497987983836	0.3994822464252018	0.25051277369495994
0.35047149068031314	0.3997067120026921	0.2498217973169949
0.3503746297575151	0.39961017334260857	0.25001519689987645
0.34977214572253623	0.40051130844793015	0.2497165458295337
0.3498958435221455	0.3999936287760789	0.2501105277017758
0.35018523873947965	0.39996377993353244	0.24985098132698802
0.3503305490645148	0.3996831605589414	0.24998629037654396
0.3505167868152933	0.39972766034370405	0.24975555284100273
0.35024471749724656	0.39967671714678266	0.2500785653559709
0.3497369862100184	0.3997002412961138	0.2505627724938678
0.35045889776611727	0.3997517262249235	0.2497893760089594
0.35028382776636635	0.39955638246772324	0.2501597897659105
0.34953631218036035	0.40012272571774465	0.25034096210189516
0.3492488224553666	0.40026860299870315	0.2504825745459304
0.3493990230476959	0.4001213408876005	0.2504796360647037
0.3493852335145276	0.4001319896035484	0.2504827768819241
0.3495988387427855	0.400120979564779	0.2502801816924356
0.3503733357893934	0.3997484175712945	0.24987824663931224
0.34982291833174245	0.4004078850546957	0.24976919661356195
0.35001508973095946	0.40007370817313226	0.2499112020959084
0.3493664487546167	0.4002126216692722	0.25042092957611123
0.349886567096527	0.39981614533606463	0.2502972875674085
0.35009555479203885	0.39948302310844613	0.2504214220995151
0.3505688253775435	0.39971082631174615	0.2497203483107104
0.3497044282425831	0.4002080593480866	0.2500875124093304
0.3498365944470985	0.40033546633098904	0.24982793922191252
0.35001834586886016	0.4001619392787129	0.24981971485242704
0.34975241401719054	0.40039062929201835	0.2498569566907912
0.3502619781177501	0.39972457231291847	0.2500134495693315
0.35027716474972603	0.39978330728590594	0.2499395279643681
0.3501339057551047	0.40010044855926485	0.24976564568563053
0.3503190652298776	0.3999045429021199	0.2497763918680026
0.35005636908711485	0.39973813980033474	0.2502054911125505
0.3493484868240678	0.400130918292768	0.2505205948831643
0.3496797062991894	0.39996661944817313	0.2503536742526376
0.3492995843966671	0.4003212008382926	0.25037921476504044
0.34995492390318333	0.3997561053955138	0.25028897070130296
0.350472850098311	0.39938138881489	0.25014576108679915
0.349964237253764	0.3998009345679767	0.25023482817825937
0.3505761998500757	0.39961873541885207	0.2498050647310723
0.35027924484332096	0.3999061374182505	0.24981461773842867
0.3504479281466629	0.39955019639022793	0.25000187546310926
0.3497743392023025	0.39979288950160596	0.25043277129609165
0.34972429536523547	0.39975728778064107	0.25051841685412357
0.350218004542304	0.3999117254907952	0.2498702699669009
0.3500079071381033	0.3994554700763727	0.25053662278552413
0.35003557929061047	0.3995984003769436	0.25036602033244604
0.35018934798634405	0.3995978755801983	0.25021277643345774
0.3500507390477903	0.39995799140288113	0.2499912695493286
0.3497336716777098	0.40040535071183947	0.24986097761045084
0.3505747752084979	0.3993283582722102	0.25009686651929197
0.3499073003259456	0.4001209815421883	0.24997171813186625
0.349500762088141	0.399998304466886	0.25050093344497304
0.3506053426214383	0.3996814563310941	0.24971320104746775
0.35017974390096096	0.3994869260688416	0.25033333003019753
0.3506041522161413	0.39937155883172043	0.25002428895213835
0.34989768228390483	0.40014055672490834	0.24996176099118694
0.34955914261830046	0.3999610620473444	0.2504797953343553
0.35008518207814415	0.3994003690593579	0.2505144488624981
0.3500011316888135	0.39959493046701844	0.25040393784416815
0.3505686539248693	0.3995401315534348	0.249891214521696
0.35012355037292725	0.3996847668705867	0.2501916827564862
0.34953812384468247	0.4003924467485867	0.250069429406731
0.3501647037142369	0.3993313242213775	0.2505039720643857
0.35010269221770474	0.3997551368993188	0.2501421708829766
0.3497396930152947	0.40032996012689526	0.24993034685781018
0.3496931422271281	0.3998759945725925	0.2504308632002795
0.34926563162195245	0.4004066947315778	0.25032767364646985
0.35033112387049475	0.39955261854507984	0.25011625758442546
0.3500356845103041	0.3998333141962454	0.2501310012934506
0.34949874448759805	0.4001834077497598	0.2503178477626422
0.35012368509812114	0.3994090831471808	0.2504672317546982
0.3498380202949828	0.4000337358873485	0.25012824381766885
0.3496911019508002	0.4004165384539509	0.24989235959524894
0.35003004284506306	0.4002153108085406	0.24975464634639646
0.35015330090475866	0.3996321083533262	0.2502145907419152
0.3504969444412328	0.3993697261981976	0.25013332936056976
0.3499590571957025	0.40022435466638817	0.2498165881379094
0.34993870414499567	0.4000261675127168	0.2500351283422877
0.35009883692155214	0.39932039201799224	0.25058077106045573
0.34938633502713506	0.4003770070083276	0.2502366579645374
0.3499458765891586	0.39971620848093914	0.25033791492990237
0.34963668870290926	0.4001417716583288	0.25022153963876204
0.3501548372992115	0.3998101646919616	0.25003499800882695
0.35013323086835557	0.3995771297781757	0.2502896393534688
0.3504286214210433	0.399647692521089	0.24992368605786783
0.34980860399933766	0.40020275851027487	0.2499886374903876
0.34958238301913963	0.40013627750411473	0.25028133947674575
0.34960699595806877	0.4005571036719534	0.24983590036997794
0.350463235733451	0.3994393959062087	0.25009736836034047
0.3498257518104618	0.40027515648079126	0.249899091708747
0.3497456164650905	0.39999566455362506	0.25025871898128454
0.35035899835332807	0.3994732666117966	0.2501677350348754
0.34995920821313176	0.39971278462126214	0.2503280071656062
0.34973068789566647	0.39985573024481336	0.25041358185952034
0.349709697080288	0.40010211959640796	0.25018818332330417
0.3501767741491824	0.39947547435673286	0.25034775149408484
0.35034744712562815	0.3998346273027069	0.24981792557166504
0.35013017200391305	0.39928915839248397	0.2505806696036031
0.3497540608915413	0.40020978037677324	0.2500361587316856
0.3502039838578434	0.3994378734035046	0.2503581427386521
0.3498693760456765	0.40010168039484323	0.2500289435594804
0.34960984545939244	0.40040095807491993	0.24998919646568774
0.349634317943583	0.4002765533497059	0.25008912870671113
0.3498390208444285	0.40017822384414625	0.24998275531142533
0.34969274921362237	0.3997162558272278	0.25059099495914994
0.3502591504775729	0.3997859120940175	0.2499549374284097
0.34976297680341656	0.3998951164275518	0.25034190676903173
0.3497236336201309	0.4004188322525878	0.2498575341272814
0.35018617107740907	0.39959069071969516	0.2502231382028959
0.34964342944868143	0.39991353343710556	0.2504430371142131
0.3502725664567058	0.3997372674388262	0.24999016610446814
0.3494229491138666	0.40037634068546624	0.25020071020066725
0.34959806017027745	0.4005232720244688	0.24987866780525386
0.34980398791987943	0.40044046778004905	0.24975554430007163
0.35033874558647066	0.39992318595448134	0.2497380684590481
0.3496017888639486	0.39999883578254863	0.2503993753535029
0.34992433562324743	0.3999874560458544	0.2500882083308983
0.3498725368132437	0.3999952618198838	0.25013220136687253
0.3502260932354232	0.3999912972775093	0.24978260948706763
0.3496397065608652	0.3998073461203524	0.2505529473187825
0.34976084827390475	0.400100355566105	0.25013879615999035
0.3506573337290003	0.3993610408741378	0.24998162539686203
0.34982086459785255	0.39976462590612744	0.2504145094960202
0.34935330256059643	0.40018658498645165	0.250460112452952
0.349767817635449	0.4001194512259494	0.2501127311386017
0.3497592522837321	0.3999270030200098	0.2503137446962582
0.3492700126814132	0.4004816371243609	0.25024835019422603
0.3498051534717816	0.39961875886556575	0.2505760876626527
0.34962351245656653	0.4003417573290091	0.25003473021442446
0.34980737959203545	0.4004738084505499	0.2497188119574148
0.3499685742124173	0.3996777886575195	0.2503536371300633
0.3496446327108217	0.4003000748013986	0.2500552924877798
0.35000330367794974	0.4001536276166575	0.24984306870539288
0.3497361173210898	0.39977480906669843	0.2504890736122119
0.3499590234340653	0.399661992134712	0.25037898443122275
0.3498990921413195	0.3998548973446989	0.25024601051398176
0.35049096023086196	0.39968147115512737	0.2498275686140108
0.35064718898362185	0.3993088107906494	0.2500440002257288
0.3496918867516996	0.4001798864916785	0.25012822675662194
0.3498222806080593	0.3998604834570457	0.2503172359348951
0.34935931174298607	0.4002997617921815	0.2503409264648325
0.34998572735472533	0.39950701281289036	0.25050725983238437
0.35052414939068416	0.3997008162413591	0.24977503436795678
0.3496865172661222	0.39977514032285244	0.2505383424110255
0.3502178887384291	0.3992814097968943	0.25050070146467673
0.3497312417660248	0.39998786292749444	0.2502808953064808
0.35052424509287006	0.3995445828622704	0.24993117204485965
0.3500629304564837	0.3995379894074501	0.2503990801360663
0.3494444019606107	0.4000784724986748	0.2504771255407146
0.3492509929952849	0.40016695060175594	0.2505820564029593
0.3505927932821056	0.39958297185645786	0.24982423486143668
0.3502846862845953	0.3997140426618189	0.25000127105358594
0.3495929980021955	0.40035921633249927	0.2500477856653054
0.34990069937046026	0.39978690563649466	0.25031239499304514
0.3502389274515039	0.3995142980353501	0.2502467745131461
0.3500971602244205	0.40010181188484417	0.24980102789073547
0.3497807487279161	0.3999698923035102	0.2502493589685738
0.34931425361366375	0.4005015207627247	0.25018422562361164
0.3503524239332683	0.39928394764813213	0.2503636284185997
0.3505277804082138	0.3993789183887613	0.2500933012030251
0.3496119372106772	0.39988016169243895	0.250507901096884
0.34936749611439116	0.4004994232787448	0.2501330806068641
0.35031646126379695	0.3999476520652971	0.24973588667090607
0.3504749683094313	0.39935927703054125	0.25016575466002755
0.35004654356372483	0.3996669888823082	0.25028646755396705
0.35023283306762865	0.3993572339336297	0.2504099329987418
0.35032058884226325	0.39944570172164934	0.2502337094360876
0.3506016045438493	0.3996490390402716	0.24974935641587914
0.3497459268943196	0.3996556454849505	0.25059842762073004
0.3500309183762402	0.40017038438777175	0.2497986972359882
0.34970023564136316	0.4002927491769213	0.25000701518171564
0.3504887089619153	0.39964018996589157	0.24987110107219324
0.3492983516524427	0.4004198252997684	0.250281823047789
0.34947922146392885	0.40052421076127526	0.24999656777479606
0.35020837392828846	0.39954804842825964	0.25024357764345195
0.35022002850024947	0.4000076393283303	0.2497723321714203
0.3497652685474791	0.39987953395534376	0.2503551974971773
0.34975202789821447	0.4004658505259512	0.24978212157583451
0.34992701466021414	0.39976249384009027	0.2503104914996957
0.35047832048425864	0.3994549144860997	0.25006676502964176
0.3499613920141643	0.40010655060130085	0.24993205738453494
0.3500327108579173	0.3994573903514358	0.250509898790647
0.3499323659114752	0.39990103919257725	0.2501665948959477
0.3505199913294762	0.39952961735352016	0.24995039131700375
0.3495281573322916	0.4002841916461128	0.25018765102159574
0.3498318697409784	0.39980876453407443	0.25035936572494727
0.34997438658141594	0.4002166576846012	0.249808955733983
0.3504757540673395	0.3993713208381349	0.2501529250945257
0.35054572205516965	0.3993567448184506	0.2500975331263798
0.35022351170570565	0.39934181934331353	0.25043466895098093
0.350054441679361	0.39993996634469137	0.2500055919759477
0.34942801002372054	0.4001813838693288	0.25039060610695085
0.3502579043463087	0.3998575877685202	0.2498845078851712
0.3498957526329094	0.40031135088350545	0.24979289648358527
0.35065593103858417	0.3995432565106761	0.24980081245073982
0.3499529745056984	0.3994633142672252	0.2505837112270765
0.34999821048891155	0.3998642082670551	0.25013758124403346
0.34982791394256607	0.40015557663747736	0.2500165094199567
0.34974012887111705	0.40037092718921585	0.2498889439396672
0.34962244274450194	0.4000953215950135	0.2502822356604847
0.35029488056062325	0.3999417636197261	0.24976335581965076
0.3496905859086885	0.40004946629947996	0.2502599477918317
0.3499724417741974	0.39968209938127164	0.25034545884453113
0.3500466121082676	0.39968037298518516	0.2502730149065473
0.34955218104172003	0.4003023105815465	0.2501455083767335
0.34962384367334287	0.4004244075360922	0.2499517487905651
0.35018243103965035	0.3999927968090856	0.24982477215126414
0.34979454075338445	0.4001446047667474	0.2500608544798682
0.3493444388164846	0.4001022976178414	0.25055326356567414
0.35032362679212814	0.39937144476297576	0.2503049284448962
0.3493496657407726	0.40039928835293725	0.25025104590629027
0.3496408203342517	0.40017766085094103	0.2501815188148073
0.3497640730892873	0.40018807181950544	0.2500478550912074
0.3503600884639203	0.3994290537104769	0.25021085782560293
0.3500154558470583	0.4002265799028783	0.24975796425006352
0.3500283048306947	0.399510622907367	0.2504610722619384
0.3502284944228216	0.40000939289416715	0.24976211268301135
0.3498030869998332	0.3998364743851096	0.2503604386150573
0.3505217080035582	0.39973559681422566	0.24974269518221626
0.3492750607932949	0.4004595071639619	0.2502654320427434
0.3498895008396233	0.40028624427528936	0.24982425488508747
0.3501688862620965	0.3995919826255498	0.25023913111235374
0.3504491804982593	0.3995051849173003	0.2500456345844405
0.3495699644291298	0.39988938747269975	0.25054064809817056
0.3497260910469152	0.3998076715419908	0.2504662374110941
0.35011837465890777	0.39970162412255283	0.2501800012185395
0.34985253777747044	0.4002026002760257	0.24994486194650395
0.35049778868536907	0.39943679008047317	0.2500654212341578
0.3497514079511426	0.4000644536143229	0.2501841384345346
0.3499135283912727	0.39952177110684056	0.25056470050188684
0.34941124329762385	0.4001979668354666	0.25039078986690966
0.3501870683400436	0.39985684623256035	0.2499560854273962
0.34994499106982374	0.400116373438027	0.2499386354921494
0.349689996213488	0.40006520204861173	0.25024480173790037
0.34954083505294653	0.39987558821928393	0.2505835767277697
0.350412097341547	0.39978413848632566	0.24980376417212746
0.3499539209029673	0.4002913451000484	0.24975473399698442
0.3498233367473896	0.4003010360624281	0.24987562719018244
0.3502717056562895	0.39983334457787106	0.24989494976583956
0.3498918391009009	0.4000118172948846	0.2500963436042146
0.3492950291166043	0.400166616563318	0.25053835432007776
0.34996105910936776	0.40016263846210487	0.24987630242852754
0.3492519108824047	0.4004841371446048	0.2502639519729906
0.3503691978372796	0.3996850781324587	0.24994572403026183
0.3495000229033071	0.4004597294192465	0.2500402476774465
0.3502398470674804	0.39961057480335826	0.25014957812916144
0.3499641359313028	0.3994479684086355	0.25058789566006173
0.34952732329268266	0.40012814450539175	0.2503445322019257
0.3500765104636001	0.3994499339353046	0.2504735556010954
0.3499420289611002	0.4002073278356924	0.24985064320320743
0.3497809578681847	0.4002195553987975	0.24999948673301786
0.34976892211080673	0.39989968142506893	0.2503313964641245
0.34927360507304545	0.40017907773826666	0.25054731718868795
0.34966087350591746	0.39993626144529015	0.2504028650487925
0.35011609042133696	0.3995144274872768	0.2503694820913864
0.34988070609515887	0.40028790177543677	0.2498313921294045
0.34988309640513726	0.39961120030792296	0.2505057032869399
0.3496167041768054	0.40024627476939245	0.2501370210538022
0.350109503325878	0.39985025888823006	0.250040237785892
0.3500748482772885	0.39991312648782706	0.2500120252348845
0.349581617930649	0.4002338329961496	0.2501845490732014
0.3493997661950497	0.40039682836557067	0.2502034054393797
0.34962616155864473	0.40039760510838385	0.2499762333329715
0.34990099239300976	0.39981581142102096	0.2502831961859694
0.34981386180967017	0.3998714399023687	0.25031469828796127
0.35011270590142374	0.39995531141137597	0.2499319826872004
0.3503681148194335	0.3995240275457598	0.25010785763480686
0.35025352787399733	0.3993839229156107	0.2503625492103921
0.3499567100171809	0.39946974280464925	0.25057354717816993
0.35052960881475903	0.39974820631298313	0.2497221848722579
0.35041473993116995	0.3993697132840184	0.2502155467848118
0.34955010608232007	0.40017076923410044	0.2502791246835796
0.35034661283940194	0.39985802240907875	0.24979536475151942
0.34947932631570133	0.40016340246134546	0.2503572712229533
0.349267047702135	0.40049008987916584	0.25024286241869925
0.3505717698428548	0.39932102241159373	0.25010720774555156
0.35029499702048394	0.3996766264900055	0.25002837648951065
0.35040794026552907	0.39963762590555035	0.24995443382892069
0.35042618478795673	0.39985750990093616	0.24971630531110717
0.3494518950979739	0.40007914540740974	0.25046895949461645
0.3496612836591756	0.40005074748690916	0.2502879688539154
0.350504455317484	0.399543333695221	0.24995221098729514
0.34936079133509684	0.40020407955084414	0.2504351291140591
0.349633663097754	0.3998029090749079	0.25056342782733815
0.34992784911907354	0.39987216621193444	0.2501999846689921
0.35000712319552296	0.3994314294753285	0.2505614473291486
0.3500011680250178	0.400164029125294	0.24983480284968834
0.34979779117976934	0.4001652040790244	0.2500370047412064
0.34930510848433355	0.4004896962606328	0.25020519525503376
0.3502307009307995	0.3994918778589005	0.25027742121030006
0.34927784136713835	0.4003010262187715	0.25042113241409025
0.34938868835627596	0.40019500112864687	0.2504163105150773
0.3501820110847915	0.39987109559053446	0.24994689332467412
0.34970898795020555	0.4003511957828022	0.24993981626699235
0.3501717703905717	0.4000658489461902	0.24976238066323822
0.3498804601099857	0.4001961105766083	0.2499234293134061
0.3504638284930134	0.3995710207106967	0.24996515079629003
0.35016289356925256	0.4001012842860318	0.24973582214471574
0.34989333636222913	0.3996223056617779	0.2504843579759931
0.34980963418771444	0.40042169177956255	0.2497686740327231
0.3506491374572903	0.3993635083783856	0.24998735416432422
0.34942160540889394	0.4005106300356268	0.25006776455547935
0.3501221629214951	0.4000962003657008	0.24978163671280423
0.34998074669033596	0.39966537440386884	0.2503538789057953
0.35024949722540144	0.39967373886632324	0.2500767639082754
0.34938448090046104	0.4003798532345729	0.25023566586496615
0.35012124475137485	0.3995088141146293	0.25036994113399597
0.35026173455897663	0.39931150275430705	0.25042676268671643
0.34984494629833224	0.4000265439425641	0.2501285097591037
0.349837513239849	0.4001193665199829	0.25004312024016817
0.349745465333967	0.40022246570817965	0.25003206895785346
0.34975326356980097	0.40033802548965025	0.2499087109405489
0.34954769981587996	0.40003719634667734	0.25041510383744275
0.34993211466717095	0.40024207138574996	0.2498258139470792
0.3498451812545279	0.39995295768135997	0.2502018610641123
0.35056544964237074	0.39971528511300014	0.24971926524462926
0.3504536223414596	0.3992909680480784	0.2502554096104621
0.3497032987200594	0.4003995621856775	0.24989713909426317
0.3495301612196891	0.4004354784259041	0.25003436035440696
0.35018317049900993	0.3999693718604621	0.24984745764052804
0.3492645179087842	0.40043552075281136	0.2502999613384045
0.34962496428815204	0.4003443855952989	0.2500306501165492
0.3499458438143855	0.40026911430915213	0.2497850418764625
0.3501385322428777	0.39999445152607455	0.24986701623104784
0.3497978484310464	0.39967239047431335	0.2505297610946404
0.3502774448316178	0.39948625202466426	0.250236303143718
0.35002739089967955	0.3998024987061367	0.2501701103941838
0.35020594886801365	0.40003462035263926	0.2497594307793472
0.35002670644344236	0.4000655919440896	0.24990770161246817
0.3501561422219785	0.3996048081780269	0.2502390495999947
0.35003749841535087	0.3993950423262509	0.2505674592583984
0.3495182022541786	0.4001522010058819	0.25032959673993954
0.34960383820651514	0.3998767352890259	0.25051942650445913
0.34986281957367676	0.3996278664546632	0.25050931397166015
0.35045076696829386	0.39948643955439556	0.2500627934773107
0.35017759534335713	0.39961340884158264	0.25020899581506034
0.35006015382028116	0.39993121071541976	0.2500086354642992
0.34925925320632933	0.40030123890411295	0.2504395078895579
0.3499332751719942	0.4002261916964592	0.24984053313154675
0.3499862827040851	0.3996214417570827	0.2503922755388323
0.35047892172939643	0.3996108449500268	0.24991023332057688
0.3500708472594318	0.399633577882898	0.25029557485767023
0.35013793597054055	0.4001337841258792	0.24972827990358032
0.3494934574414153	0.4000292765918969	0.25047726596668796
0.34943957818749993	0.40055009839776057	0.2500103234147396
0.3500838186218963	0.3993273628334755	0.25058881854462833
0.3497476821827812	0.40000868507876164	0.2502436327384573
0.34958307457670323	0.39987868956849976	0.2505382358547971
0.3497789615185884	0.40023611191213415	0.2499849265692776
0.3495401127156585	0.40028676486977194	0.2501731224145697
0.3500343285479862	0.3995107112782998	0.2504549601737141
0.3500408825431823	0.400072432586452	0.24988668487036586
0.3492577327459551	0.4003731537304906	0.2503691135235544
0.3496858206316069	0.400368925928816	0.24994525343957721
0.34996576724249273	0.3996577376739835	0.2503764950835239
0.34987338281868485	0.40018587799233485	0.24994073918898035
0.34986132768262385	0.3998480460573404	0.25029062626003584
0.3498822585283265	0.399871475068817	0.25024626640285663
0.3492983831789047	0.40017237622898505	0.2505292405921103
0.35030956426754833	0.3997783229922102	0.24991211274024155
0.35050192892407006	0.39975900114257545	0.24973906993335457
0.34983566611115685	0.40003759223136603	0.2501267416574773
0.3495616763108021	0.4005426480037053	0.2498956756854927
0.3502812448784518	0.39971649979901924	0.25000225532252907
0.3506201455828783	0.39960384092282664	0.2497760134942952
0.34988751267611484	0.4002277128439952	0.24988477447989005
0.34995627524347367	0.3995804916187688	0.25046323313775765
0.34987010393211326	0.40003082190313627	0.25009907416475063
0.34990960357326006	0.39974819226092273	0.2503422041658173
0.34995060993926036	0.3998064868124419	0.25024290324829784
0.3496442501301309	0.40046566264444006	0.24989008722542913
0.3500484944581463	0.40019064489648226	0.24976086064537162
0.35056251059128385	0.39957640196167277	0.2498610874470435
0.3494624849891781	0.4003835719007016	0.2501539431101204
0.3493684657411505	0.4002851236422963	0.2503464106165533
0.34949383496143216	0.4005115833955695	0.24999458164299843
0.34959452313283085	0.40000225528798117	0.2504032215791881
