0.030028922668248387	0.03420900156775543	0.17062086120127756	0.1326862119975991	0.07897749508069843	0.1970839194939526	0.1126575524387275	0.05467850387521854	0.039746825205426675	0.14931070647109582
0.07751359270535284	0.03381723601808326	0.1282229788487068	0.14425359952416106	0.06819256494913248	0.18605388049041582	0.10141134099429389	0.060545480244165784	0.04088791872539209	0.15910140750029594
0.0914576264220456	0.0356132797958159	0.10698484827615169	0.14424886930023156	0.07952157263646456	0.19052653421750615	0.10160309784493786	0.06466122476687008	0.03807864316252695	0.14730430357744956
0.05952234149529828	0.03898311796975099	0.114161466668023	0.1486339048819191	0.07441871106771576	0.19201839467549853	0.11261393189782778	0.05892642406518209	0.03939149915790703	0.1613302081208774
0.0945784610169494	0.03414691386630703	0.105781490652393	0.1454720945499114	0.06733055046544227	0.19731255624525634	0.10567820903990009	0.05515922417736393	0.03657714096734983	0.15796335901912673
0.029756026687144346	0.03804731044408456	0.16878706832177504	0.15630021534800276	0.07488244787319528	0.19076950265865125	0.09376502962265257	0.061720155731240386	0.03715115453089897	0.14882108878235484
0.05271860683300381	0.035698009021771726	0.14651477539036098	0.1483402938697801	0.08248881458780202	0.19336431667208737	0.10746589348597964	0.05714384365581058	0.038071441141736474	0.1381940053416673
0.03653211750746661	0.033631709963093226	0.14123177206127163	0.15435640610885656	0.06870209508231082	0.19332156045818613	0.11392920042220514	0.05879860908929193	0.03782822931504051	0.1616682999922775
0.08626251366255534	0.03363911249927774	0.09896856456729133	0.16312812951010258	0.06997162290172938	0.18925521351421873	0.08889484930254084	0.06606227441124324	0.03638793239612294	0.1674297872349178
0.039331959878947456	0.0363343438588926	0.13980250177848783	0.15942027445359017	0.0822845920814056	0.1898560269791449	0.10492371399016384	0.06567024975770389	0.03680198874987074	0.145574348471793
0.04879922485981036	0.03865961034439608	0.16957646748211963	0.13833794869215457	0.08227477437305457	0.1864800021879953	0.09441609624999854	0.06267936164596027	0.03991316145582476	0.13886335270868594
0.04940201383173341	0.0331488051477056	0.14581872548557295	0.13951018996287332	0.08264536859603375	0.1933471655589185	0.09209736087112791	0.05932571245663109	0.03876487632131235	0.1659397817680911
0.04908796322646354	0.03552875861411149	0.180080804998488	0.12935765562099175	0.06700079686455512	0.18536673103951146	0.1035170428683422	0.06145484489068993	0.03853460685340847	0.150070795023438
0.04412802665548202	0.03650582470911186	0.1428910147268833	0.15684148769787157	0.08248914205027169	0.18646337987898975	0.105640557203587	0.06917893474501435	0.03886402652827748	0.13699760580451104
0.0325784777334847	0.03772207031205175	0.1673140977702761	0.15920892006000673	0.07439084432786537	0.19762394149226042	0.089991329725547	0.0576628895977161	0.04016733430936123	0.1433400946714306
0.029329097531078943	0.03495672633707261	0.1488974420717174	0.13635181979616057	0.08022159860230305	0.18726764167624965	0.10257488169376518	0.0705915755390236	0.0412601238497662	0.16854909290286274
0.05168109705478112	0.03666035967177669	0.1557293640522808	0.1373739320531923	0.06696741661288486	0.18637654668966414	0.09947437408711501	0.06950190439515809	0.03656671770704746	0.15966828767609953
0.09325444875052617	0.04018383806687431	0.11671095197567428	0.15567751059714346	0.06610167196628994	0.18640788370820097	0.10046472796716394	0.061807626438712904	0.03758653165626405	0.14180480887314992
0.10539813291875266	0.03494540348692275	0.09842247896622902	0.15854889902397087	0.07900603207265046	0.18590281550328835	0.08995729867691199	0.06417643782558888	0.039789670271892646	0.14385283125379233
0.0676111907402373	0.040955709044150246	0.11935460390009725	0.15281885064817916	0.07351078787287313	0.1969009481664598	0.11341188739434224	0.05389007571418911	0.03764656334978028	0.14389938316969147
0.11739580040338082	0.03863918440828205	0.09863180820005044	0.13769522866184725	0.07038020838609363	0.18536812607566955	0.09560425741999791	0.07076540493710819	0.03695506422924491	0.14856491727832521
0.12105173473074539	0.035586466170569195	0.0978170735467802	0.1296779397164042	0.0701149275295935	0.19663321647526094	0.11188921799452135	0.06180285696951402	0.03857265136696608	0.13685391549964504
0.12388583781926532	0.03447091037318377	0.10119787033518088	0.14887219224387302	0.06645367705262212	0.18573872246659007	0.09455597933533197	0.05917981901608595	0.03652894899277846	0.14911604236508835
0.06916430886950566	0.03303768961591973	0.10358604950114902	0.16400257456269954	0.06617058873586049	0.1934900051569739	0.09511770299104291	0.07204127353086648	0.03852531378665717	0.16486449324932506
0.04404625744988211	0.03935967642067066	0.11828765388770901	0.1630981158076204	0.07935997704279604	0.19284913837161932	0.11031912326772104	0.07091546605641917	0.04003967214865918	0.14172491954690306
0.0296114445343727	0.0361474095433096	0.15386441794505923	0.1355604560875563	0.08079693241150138	0.1922164818202431	0.10792532871892718	0.07365457723280364	0.03685880689545801	0.1533641448107689
0.07191786584638779	0.03678658960082466	0.159386963676082	0.13164386340707487	0.06762495020736943	0.19097621176389584	0.10881956479407517	0.055761941828770076	0.03934906210957698	0.13773298676594314
0.10349441224048114	0.04046982965737352	0.10536446273418906	0.13852733956394084	0.0827749983954896	0.18549806623486995	0.10215937611997222	0.061516937099450886	0.0421590228593948	0.13803555509483792
0.02638653935362853	0.03943709994583179	0.17199296815940113	0.15084471502221158	0.06841753160187504	0.18697496008901204	0.09527878441166701	0.06956110060957114	0.03837591705950569	0.15273038374729608
0.1250802328319548	0.038704122931447545	0.10932910011260123	0.12662848603302346	0.08140858262545339	0.19242962306741201	0.08922328885578912	0.059559887955582154	0.03791218786795467	0.13972448771878154
0.0626941880717581	0.0408933986190738	0.12991605153807537	0.1320673909567483	0.08213988559745135	0.19387082957365132	0.1106453504084669	0.072676568952659	0.03696085362597276	0.13813548265614312
0.06587003562590256	0.03838436098747109	0.14008618051790356	0.13281890864655133	0.07553409758144836	0.1961892332941204	0.09750296032163051	0.056504333563978895	0.04033145829024992	0.15677843117074333
0.10466180708547554	0.035664095368104984	0.09939834776615515	0.13386518860699187	0.07131985238271514	0.18664437940066642	0.10641290411130273	0.06141687781516936	0.03903674428857343	0.16157980317484533
0.0702032363554353	0.04097465337214055	0.10696313841867763	0.1426231252572886	0.06799859747047854	0.19484782850726123	0.09974555840907279	0.06649858275148086	0.03926937336032231	0.17087590609784215
0.033618097234166575	0.0351433854366804	0.1759762593170627	0.13649445634227636	0.06845841659899225	0.1915144514111881	0.1015445774142695	0.06048542235826111	0.03926992076592972	0.15749501312117326
0.06650372970306703	0.03269456731200543	0.13215353458850004	0.1395358674560147	0.07243778138673812	0.19179092796763758	0.10190025663036044	0.07251042290235091	0.04052361124299843	0.14994930081032729
0.08166275994945096	0.03378268579512303	0.09577132677639101	0.1310936788749532	0.08167121139989122	0.19680240689498502	0.10873719415974806	0.07122252138915108	0.037408394495812194	0.16184782026449415
0.10643311816933139	0.03888378919515464	0.1164615445396909	0.12945349486757576	0.07153704125049459	0.1965727962319132	0.09129287881330847	0.06092398259405123	0.03798029589292594	0.1504610584455538
0.11467375397391283	0.03801683330438597	0.1201659098281827	0.1285487695986789	0.07647197439493368	0.18851335142407727	0.09341575356511658	0.05761928081407322	0.041190376724400846	0.14138399637223797
0.05419102942055051	0.041362516709667	0.1825506241936039	0.1290000185697396	0.06788024365675625	0.18579483309604733	0.09367063873660726	0.056136539047805134	0.041888299693398176	0.1475252568758248
0.03577720432147831	0.03767818938430087	0.14247418127659117	0.15275407463577997	0.08015512287265905	0.18605486516396041	0.09960258426596562	0.06932378019494423	0.038064231683240995	0.15811576620107942
0.09353004637447168	0.0326849098555716	0.1163480527113317	0.14038684053984557	0.06784966312115254	0.19552799588244885	0.10072304558554135	0.06645414120597593	0.040575641318884054	0.14591966340477672
0.08840311455038863	0.03269696701546801	0.11800185941521905	0.13813753649044436	0.07887406356480338	0.18504825956656018	0.10942245750012256	0.06809876308962773	0.04183154198325447	0.1394854368241116
0.06528955529519515	0.03281085980642	0.14363729133118472	0.12772604158662132	0.06844596894833213	0.18865530802659508	0.09726730708727863	0.07306290609082317	0.03621790370978403	0.16688685811776574
0.0500978351557783	0.041072880621704035	0.14934677342632394	0.13735854002086778	0.0720353847944013	0.19369495478478937	0.11023378995625258	0.066361814489662	0.040663248537246635	0.13913477821297404
0.07318262029850124	0.039536456516160334	0.10322992270430559	0.15613287550095706	0.07015706473832684	0.19633257993143657	0.0992897649781492	0.06412039777626358	0.04075365039364594	0.15726466716225362
0.05086960229332431	0.040944214474913726	0.14379120717228538	0.12924674246560325	0.06632954947862386	0.19626412756538952	0.10498804071409917	0.0705380676631841	0.03829632779672093	0.15873212037585577
0.03982340490532493	0.03853802582821617	0.17752440252494853	0.13430545606922725	0.06813660360589838	0.1851472365727721	0.09298575387523157	0.05842919190779143	0.039934147072140144	0.16517577763844948
0.055432328582938846	0.035562021310392836	0.11060241276268609	0.15459790563050926	0.07161959096332958	0.1948880167898564	0.11322927402743216	0.07210479223364591	0.04209319191729749	0.14987046578191143
0.061007962623271184	0.041442201265113	0.10865930494971346	0.16138643044205353	0.0654596763137109	0.19221397794433237	0.11379760613547368	0.059371864259571736	0.04105265305896534	0.1556083230077948
0.03513645040455872	0.035297473598943044	0.1493733903039612	0.13973906473580328	0.07204777654078903	0.19498541316088136	0.11066728820886633	0.05785293677095548	0.03667505129081447	0.16822515498442708
0.08107999192536075	0.035523053447701	0.10209638725568336	0.1503147961543889	0.08209338535874616	0.1950785934381551	0.09592762919899177	0.06048952824225891	0.0376244223572792	0.15977221262143482
0.08955314916029508	0.040506400667883094	0.10610167315053678	0.13901874884065185	0.08182234370841751	0.18698765022820468	0.0984585636759021	0.06181092091928684	0.04156091178629643	0.1541796378625256
0.07216982063591307	0.03318611696080939	0.14826643733445277	0.12618015075909705	0.06889137165271023	0.1924689402392276	0.09435679078549342	0.07266827132327244	0.03608980653666474	0.15572229377235924
0.0975706336975965	0.03915677317879734	0.10705816633077145	0.16228453825966266	0.0679645881300579	0.19032023744076904	0.09644636053898478	0.05524029008016041	0.0382473252983301	0.14571108704486976
0.06477946617089825	0.038995520100201006	0.1342933154525436	0.1284941720894056	0.08225218159559625	0.19666825237147548	0.10837419000016874	0.05905612744289641	0.03916721779798937	0.14791955697882522
0.042246228227150455	0.03904242059394928	0.17840334167994143	0.127071878029748	0.06521253495820259	0.1876303819886161	0.10650745382233405	0.07093082074282148	0.03886107693058077	0.1440938630266559
0.022420627904256307	0.038740082474400875	0.12500034280067637	0.15943252487292126	0.07677664664430509	0.19533522804945957	0.11271887031605395	0.07266949577165074	0.03596774391884128	0.16093843724743456
0.08263347070040652	0.04035951236442604	0.11583305551929665	0.15800126748584417	0.078444775718111	0.18482603647294843	0.09022094071014164	0.06937347394169668	0.03948037297470307	0.14082709411242578
0.060414634736173395	0.038436552422034184	0.14348509124277808	0.1413617661987019	0.06558759904975564	0.18635132321480033	0.09940318018955246	0.0638836312439747	0.04135416181993952	0.15972205988228974
0.049794620402255005	0.0389459295492484	0.15977939285177484	0.13591398586333853	0.07985502327218588	0.18888356494368147	0.10907111035433553	0.05409072411996844	0.038145414626578195	0.14552023401663378
0.059417394479737054	0.03877593182194354	0.16756761285835547	0.13782957877749213	0.06711854890614855	0.1859344043833704	0.09315950778718919	0.06488423939818785	0.04091761163031168	0.1443951699572641
0.05052153755576293	0.04123603599607265	0.13213767487443903	0.13715361657633895	0.07880223650425439	0.19725058583514393	0.0926452499509321	0.06877404782319527	0.03805624134450077	0.16342277353935997
0.06837081325868184	0.03524894668898222	0.15977435404930546	0.13326867799504208	0.07069340634143347	0.19636395928784117	0.10651486003441515	0.055035488488173155	0.03713508673930217	0.13759440711682325
0.10798779946012574	0.03290663112094215	0.1275686749648835	0.1346200678522061	0.07663670765758797	0.19248296723925784	0.0933993863362703	0.059516934130800364	0.03607082840314395	0.13881000283478206
0.0470184005103962	0.037496376754276514	0.12135762197258412	0.15459237784592358	0.07001709256211885	0.19378006543210274	0.10723054287100992	0.05869760897960549	0.03980824223684436	0.17000167083513823
0.05916623357352242	0.03533151417863441	0.12603573379300173	0.13161368584061622	0.0822643136041888	0.18785377069840092	0.10136615037785102	0.0718781930248226	0.03861973275574267	0.1658706721532192
0.037727957442441284	0.03476056657398227	0.13275389215820252	0.1594946442332005	0.07452929745494867	0.19461836033818106	0.0991100335848305	0.06691842892242601	0.03845209796288273	0.16163472132890447
0.039607444715148786	0.034900720757074066	0.15535730764013048	0.1430743427395952	0.06783519125207288	0.19234601031625986	0.09445679414309936	0.06739330816995334	0.04076172158385963	0.1642671586828064
0.03802586936271421	0.039517643445895596	0.14814203439060308	0.13593949263123253	0.06932470854813283	0.19550452160459386	0.09957572188795888	0.0701785516110391	0.03894212871292741	0.16484932780490252
0.05031416220432332	0.03714006894652644	0.134482203162152	0.1372345682805511	0.08126981625104121	0.19352330180150978	0.09863523209121465	0.05926412819404252	0.041849144343758304	0.1662873747248807
0.049075716337245764	0.03972621587544947	0.1287687740434546	0.15230949698348298	0.07318107711326902	0.1886140175963679	0.10230358739791143	0.06772326062504844	0.039086093184118334	0.15921176084365207
0.05526308779914041	0.038346682548894985	0.13632913242958195	0.14261283209260955	0.06689463495949236	0.1968989959676692	0.10585974588111018	0.06638455826913307	0.03827451051066579	0.1531358195417025
0.02920552025236635	0.04137147768895016	0.18250623867051335	0.1549072538283256	0.06620975825349765	0.1853249272702987	0.09370528543075414	0.06332713932795137	0.039229880815615965	0.14421251846172678
0.025565610415402562	0.03700931022337431	0.17105161256888718	0.15647815472088722	0.06992002528202976	0.1947736049615882	0.10561199847395182	0.05965208880368871	0.03840886995983679	0.14152872459035348
0.06369540210488536	0.039530784392390064	0.09930090472917422	0.15041019261499483	0.07436428045098425	0.19561211093204228	0.10386202291134158	0.063749974965535	0.03861145948947271	0.17086286740917972
0.05059195165163987	0.03386267767543409	0.16446182521357136	0.1359670748089673	0.07633995359788809	0.18542439974591152	0.09059585005416779	0.07347947005832955	0.040342133291620626	0.14893466390246984
0.06862938513653392	0.03945474077094423	0.10987963160343756	0.13849433861149757	0.0758523515286009	0.1947643466371139	0.10178504269870167	0.06652403075567664	0.03595648647433243	0.16865964578316117
0.0699683867832215	0.04138852859249602	0.09798747053983918	0.16270825139646974	0.07549311909748714	0.18486371967008683	0.10548930145309844	0.05402895253523975	0.041436372278544006	0.16663589765351738
0.07385546239922844	0.03940817184124746	0.12165339237287687	0.15507051095701144	0.0790721561390139	0.1868266575842531	0.1022387523311674	0.0639825564507439	0.035990509816658425	0.14190183010779905
0.09034662001584207	0.03469085957432361	0.10852556662769738	0.1589352930709264	0.08064253132082688	0.19578181065148603	0.08916056451006163	0.05662936166201855	0.03976030449456827	0.14552708807224912
0.0856542267001441	0.033959654601252526	0.09796076113884311	0.1484953438415345	0.07153143085767795	0.19730065271101221	0.10907265470304123	0.06636160237559019	0.03748249022350009	0.152181182847404
0.09991548262917771	0.03372791473357732	0.1352841102635286	0.14390210816831156	0.07257151923619741	0.18486739758507037	0.09106037195165348	0.06292007318111495	0.03700369221818346	0.13874733003318507
0.06982350949806809	0.034269835873827634	0.1638382105603549	0.13607288406957257	0.06753513396117383	0.19314175879522955	0.08907626498553882	0.06556505751953512	0.036227248651079014	0.1444500960856204
0.07120364471870928	0.04094689416038413	0.12528892001747782	0.15444130411250184	0.06597441843633847	0.1932714914767864	0.09561940302696614	0.06814149156456736	0.041125422205926555	0.14398701028034197
0.04342366868057476	0.03415224707396848	0.11414080591711612	0.15221860649776695	0.07415241764884996	0.19409442539906385	0.11266126833629592	0.06835501025440904	0.03717649865157356	0.1696250515403814
0.09119886355897443	0.03764544162732277	0.09892473978578563	0.15949075496505624	0.06641727689171001	0.1848406651556865	0.10208735579622703	0.0702823290279223	0.04108883649433673	0.14802373669697835
0.1069345698989783	0.03350053598412389	0.09962059314121455	0.12633771222977738	0.07329620056039497	0.1900208473550389	0.09110783025406609	0.07209651690152226	0.03727195284390475	0.16981324083097885
0.08982224213485611	0.03248489194104544	0.10962011404520466	0.14942445640549928	0.08243967058740109	0.18925656924101492	0.09873979753792186	0.0603583494797151	0.0373164713581811	0.1505374372691604
0.07943055690478834	0.03995640299496817	0.10899927414689387	0.13408499645374633	0.07345620865010254	0.18814242854538082	0.11108143208747939	0.06245476501071977	0.03945427953282715	0.16293965567309365
0.057300514058057334	0.03291518694332256	0.149569452743487	0.13532703503122165	0.07773461558052326	0.18817873732791268	0.11252663371320104	0.05485942317665212	0.039513656711574946	0.15207474471404736
0.08462019562143679	0.03752809963476244	0.14447340301544867	0.12943016705800836	0.06636111378565794	0.19750725259170235	0.0973916771593957	0.0567585959297548	0.03961579837416032	0.1463136968296726
0.05656031656469121	0.03888379555208432	0.1485067226148637	0.1386994338928633	0.06700150810103579	0.19105495886625562	0.0974425291250227	0.06698487902463701	0.037525984419917155	0.15733987183862916
0.050266543595886094	0.034144694742273565	0.1633700689364041	0.15389245709961613	0.07168933549171613	0.19042761578715175	0.09590671749079421	0.05824740684374405	0.0406093934563871	0.14144576655602684
0.07266799352267256	0.03488624051914223	0.13277469176082735	0.12624600128093533	0.08228619116010735	0.19318279347557563	0.10539877080017188	0.058472056114286075	0.03722045159129948	0.1568648097749821
0.094703017910846	0.040910584550991586	0.12302900031416655	0.134797324247534	0.06543248078521555	0.19361723314346196	0.09198805441756869	0.06497409053812706	0.03844953626819452	0.15209867782389408
0.022162633774679724	0.03935771907319228	0.17122898998719915	0.14230025275039238	0.07750211070975546	0.19485650301288862	0.09929791163289645	0.05654160031384953	0.03970789597701378	0.15704438276813262
0.023414568303812736	0.040962948895913405	0.1562923925331176	0.1590598074494827	0.074473773331244	0.18613511771294378	0.11009661970111045	0.06005982114461331	0.038836221090110735	0.15066872983765134
0.0843605377305574	0.036741375375821575	0.09951102517327771	0.14744942097280567	0.0747570998438213	0.19387775676185343	0.092769936232818	0.0712364007577634	0.03922876434741168	0.1600676828038698
0.08603934184624006	0.04099573344032824	0.10318614257074722	0.14555953396360427	0.06538466016069153	0.1901989900512029	0.10096205235026279	0.05653511739457655	0.04169649835185213	0.16944192987049428
0.050175418705304495	0.03880464299972683	0.10934103749665744	0.16417412885846744	0.0695119956461711	0.18982320673646097	0.11390746957688994	0.07161208127408715	0.04031101182393609	0.15233900688229854
0.030963589333939737	0.03992620833559375	0.15116490790882714	0.1377728421345339	0.0727073051160725	0.19166105277463935	0.11265353814779683	0.05961831061225221	0.0406081402817492	0.1629241053545954
0.032706030051133345	0.03883956454768443	0.17200797717959163	0.14696314284959994	0.0757779187596843	0.19008120047991034	0.10364866033342456	0.055998853080354925	0.03950245787442346	0.14447419484419313
0.040828861210493256	0.04114018003184214	0.1409161919672038	0.15629478507210962	0.06994746731657603	0.19142054662372668	0.10992547668125217	0.06075669390975007	0.037040202137178097	0.15172959504986816
0.025364560846916184	0.03506087614385192	0.17236848529558862	0.15542448860561126	0.07786085640253253	0.18908205279167167	0.11206706888796494	0.053908449852001425	0.041071945099496056	0.1377912160743654
0.04706804613380767	0.0394007873065212	0.1605491571445049	0.12625941827824708	0.0732800152185901	0.18899012235543422	0.11011352486041737	0.05664423178016842	0.0380881290685162	0.15960656785379285
0.06601740261502037	0.034324900275917114	0.11927298378301657	0.1516388716556114	0.07677568721481334	0.19297042170318818	0.1048192262651693	0.05997713407592686	0.03905467186992348	0.1551487005414134
0.026942154736572077	0.03547602572301416	0.17735508579692572	0.14542745389060918	0.07194700851568275	0.1886027801603658	0.10866943068409572	0.05931016452015359	0.036957348426948575	0.1493125475456325
0.09473343630168496	0.03468849704946121	0.1357025134612729	0.13272911227984746	0.08208107418801272	0.18597276786195338	0.10230204227679024	0.05617610614283438	0.03833812534165001	0.13727632509649265
0.11598403704027022	0.03350491196995124	0.10287157525393148	0.14993686627452418	0.06870892314220756	0.19161667681420433	0.09356412579162669	0.06992446132806232	0.03651053748114283	0.1373778849040791
0.1015481735800221	0.0333630097716595	0.11503237604389717	0.12576292776528747	0.0812919053196278	0.19306774223755468	0.09154063180436975	0.05952225304972376	0.040878443611560046	0.15799253681629763
0.08763593043081995	0.03499364742046819	0.098274440906151	0.1636004133846646	0.07419890602780758	0.19119485930630783	0.1027963038025702	0.06062750710833878	0.037135900035897854	0.149542091576974
0.10274455158946692	0.03781692046222824	0.13846758829604133	0.1261970560672281	0.0798807071271195	0.1886185765059804	0.09159868589024706	0.055852684497842725	0.037386957731480944	0.14143627183236473
0.04585096155839198	0.036483881644757424	0.13349380030993696	0.1521308040243426	0.07764091915771171	0.19270468013494974	0.09066950567263847	0.07278661836114259	0.03796837157141063	0.16027045756471797
0.022809107228948314	0.03608151504911711	0.15691977144047595	0.16025831301392732	0.0791423989538735	0.188999869373444	0.09781049658625757	0.061702490570267846	0.042228808055536686	0.1540472297281517
0.10076910051402316	0.03497787896089259	0.12487486712081552	0.13076649336461946	0.06546497092079688	0.1900877468831801	0.11016372707471607	0.06457314273763182	0.03667678660236219	0.1416452858209622
0.0935805589783734	0.03254046583568439	0.11852346844246897	0.13043705044704051	0.07320928957108692	0.19019763412592572	0.09328857391324127	0.06281881125343071	0.03865728237169736	0.16674686506105066
0.10674259537332206	0.0368749292078802	0.11532429912804833	0.12921585271223746	0.07369947837762146	0.19272155843445227	0.10989566842446546	0.057710099317947246	0.04085409855508394	0.1369614204689415
0.06930632162520034	0.03396581472087916	0.14052501930656497	0.13253524845931441	0.06758703795557311	0.18850123694908594	0.09921745117009613	0.06449520599861888	0.04216506167561075	0.16170160213905632
0.04510011279926435	0.034271575872200324	0.131948395187854	0.1471798681334766	0.07576737568651906	0.19334249817033966	0.10920902091758847	0.05804771091545795	0.039241574298904396	0.16589186801839517
0.03401080531378656	0.03935395139517475	0.1279418833206184	0.15131535689303513	0.06712165497348933	0.19589273262155926	0.10978411264092562	0.07300299733526965	0.03696664327256889	0.16460986223357243
0.0738699783706907	0.041349509590638885	0.1154569997265744	0.14343519554000075	0.07136793348333843	0.18556427691091704	0.09604526963273038	0.06484893464342308	0.037063909531377046	0.17099799257030926
0.11456782296044093	0.033804551564299457	0.11010798521212403	0.1264175927515862	0.08282746229356767	0.18621749394450327	0.09587397016701528	0.059451218722475906	0.037390229939217784	0.1533416724447694
0.06338274487796199	0.03741730821223005	0.12979204744482478	0.13665692001937135	0.08179085975672981	0.19520501392385958	0.10998791047960181	0.06863939285201591	0.04006801395936381	0.13705978847404088
0.028726096305893678	0.03735949405944908	0.15163221135739718	0.15996573011668913	0.06989067961998788	0.19614436202573304	0.10796926443714769	0.06902124790212977	0.042002175896957664	0.1372887382786149
0.05745166781772652	0.03770097863288948	0.139694216302632	0.1407432616783404	0.07543618584074745	0.1888474356691201	0.1112151601082591	0.06455435263675713	0.03854611252382038	0.14581062878970744
0.057976532386097235	0.03603133254911636	0.11953675989502832	0.13974245105105096	0.07261896901222908	0.19157324954523208	0.10901470771054905	0.06789894370801453	0.04094682153954665	0.16466023260313567
0.06961142944748074	0.03907211288375806	0.10504881866566652	0.14701305038427803	0.07039273893561554	0.18647136752953142	0.10344154499895444	0.0673687007190054	0.04156099358070281	0.170019242855007
0.06011521476582607	0.03972265762669358	0.12424578934260293	0.1393119713838868	0.07389757386062618	0.1850551324569641	0.10971011702589514	0.06606927416253003	0.03695703965721445	0.16491522971776076
0.046959308028207095	0.03920998871973717	0.13890384490673202	0.16431563908931685	0.07074793472012304	0.19137260632166825	0.09606589239835288	0.060620454551628254	0.03893622250385774	0.15286810876037674
0.07320769978223715	0.03759097060844086	0.1529577684952888	0.134564026125616	0.06959421189050617	0.19297571809528155	0.09600225070952448	0.06185783985973101	0.03717865079433125	0.1440708636390427
0.05892712601144011	0.03350782997309934	0.10747219303951479	0.16500254936409509	0.06927744061999608	0.19144048123147675	0.10665480297162658	0.06994408347980008	0.03632139710133342	0.1614520962076178
0.05606811395978681	0.03543973809782422	0.15308138474194677	0.1413804278863238	0.0731367121780925	0.18631933854112753	0.09091430838056164	0.07243797127993833	0.04201106599081308	0.14921093894358534
0.051595253753670904	0.0410292470625819	0.15727480485002418	0.13237950427153192	0.07552510690467806	0.19374125731535807	0.11193544039531052	0.05784451898244414	0.04114770351457285	0.13752716294982742
0.03618606057210268	0.039257601730965735	0.15053917318857313	0.1529159425657754	0.07862233300879963	0.18616963409879517	0.10695575003929989	0.05797603091201911	0.03695068322066862	0.15442679066300066
0.051989531976914936	0.03654937849949555	0.09832301590078614	0.16363878519798242	0.07382522028709845	0.19483732500127843	0.10679701183912867	0.06691733414949236	0.038267989458141874	0.16885440768968119
0.0371823223067015	0.03807733906208547	0.12953289663935103	0.1484339999091043	0.08228634219920106	0.18727652894797978	0.10804275292079744	0.0727275042365128	0.037876929358197996	0.15856338442006865
0.03641960825550648	0.03712893020879546	0.16990690790098045	0.1527276056915865	0.07217211276711398	0.1947996401262851	0.09970507752773503	0.05652692486572754	0.042214540547462924	0.13839865210880659
0.061477577691967204	0.03642622265420446	0.1299143157907619	0.16373067716656892	0.07697525288275246	0.19542798137453488	0.08980075422301208	0.06829527242306582	0.03992193701540937	0.1380300087777229
0.0937450526048674	0.03673529877137348	0.11932667462388998	0.1419609785621402	0.0780146923964806	0.1862043281699197	0.10108585400402607	0.06735422348899373	0.03704303517679294	0.13852986220151584
0.07107006142223476	0.04079536539203286	0.1330192222893139	0.1324379620159784	0.07667543667413229	0.19695927350081627	0.11016209327139193	0.05777902019133993	0.04142804862283791	0.13967351661992172
0.08480917876600641	0.033031167442387196	0.11791222531687799	0.15110690921990244	0.07943405928989714	0.1906741889085844	0.09642326489663561	0.05567576015698386	0.03612574589105852	0.15480750011166639
0.07296473106151208	0.0349375780498133	0.15314078783695442	0.1264510895989315	0.08078954803798975	0.18793526295567814	0.1014204467745332	0.057947557943349354	0.03815298918492996	0.14626000855630825
0.039105389368115626	0.03695418334145591	0.1721777060913476	0.14710854771885645	0.0801433608249934	0.1914189068841643	0.08966598662412381	0.06297850925316709	0.036411727252788725	0.1440356826409871
0.034869808476822986	0.03433574277050412	0.15639630212649608	0.1486778694770865	0.06838115029565756	0.18828050742330524	0.10335348378343712	0.06932847772736508	0.041051814702886366	0.15532484321643894
0.02263881451014585	0.034069421972861835	0.18645391364935598	0.1387808186987351	0.07454751688810302	0.19385085081646725	0.10724471099663106	0.058357568428529294	0.03626480121421938	0.1477915828249512
0.07196379354307308	0.037930514231464006	0.095378681322402	0.15915345238830775	0.07314628570029161	0.1901940268508266	0.11149136721404292	0.0580121709196031	0.038446315343115	0.16428339248687393
0.08036703689370644	0.03616715008729282	0.14727539535182554	0.1304831137185956	0.06693507465651016	0.18562858842688668	0.10111617408494286	0.06623866772207322	0.04148162728647459	0.14430717177169206
0.08879261576278603	0.0360119416492356	0.1078694817051975	0.14958205722915832	0.06885785536183583	0.19738815376145802	0.09854645555393438	0.07369295784093197	0.03887364901381198	0.14038483212165034
0.08594873357935594	0.03386610963759995	0.13279849276521025	0.13686343406315676	0.07491511276206608	0.18661392506489294	0.09911228513684403	0.06895071552405553	0.03689081319708193	0.14404037826973654
0.0814309991267973	0.037887329925622125	0.10510253717378897	0.12772280056069962	0.07055376995887647	0.18760582548983096	0.11276575950307156	0.07008046131527787	0.036965175010664916	0.1698853419353702
0.037010255362501146	0.04004190613556267	0.14451321291732974	0.15020214876491317	0.07291147153722681	0.19533276215645173	0.0948869460546388	0.0550513326178198	0.04105282556271933	0.1689971388908368
0.04053214056037247	0.03853092830237974	0.18922206059365126	0.1443764774853927	0.07112400876506267	0.18743745734425785	0.09535166377462588	0.0545111753431458	0.03914422269115678	0.13976986513995482
0.08530866287524516	0.033780220280560436	0.12814558236406645	0.13290041422500132	0.06729600307285455	0.18624758361667415	0.10554696026314124	0.05636038084458529	0.04146439361245244	0.16294979884541888
0.022216178528521424	0.033938820211865686	0.1600178667670784	0.16195787468981448	0.0722942762069352	0.1944315880190719	0.11041187564615057	0.06708067992900123	0.038711760786140845	0.1389390792154203
0.05114110478155247	0.0347777673322259	0.1315479589823742	0.1458167378265837	0.06859999801562892	0.1905738637577281	0.10013486740194931	0.0657992540329565	0.040519255836884364	0.17108919203211653
0.07533048136383047	0.03271144223901938	0.10415167740241164	0.15067477436888949	0.07511966459792932	0.190009379614539	0.10982863038918532	0.07286996339282835	0.04157520511964223	0.1477287815117248
0.04611452424673068	0.039693148592205296	0.16032733380339814	0.14422143619541222	0.06983906994402173	0.19365015404032107	0.09381246741549139	0.07228142353970324	0.04154413336745925	0.138516308855257
0.08597861488881837	0.03312178033975488	0.12510822263404467	0.13329852211923393	0.07965193746105241	0.19129171120855532	0.09751860554735167	0.07097818026216976	0.0377447621755492	0.14530766336346973
0.06731991978219806	0.03751056031438898	0.11377731601742236	0.15890015383801814	0.07071873139141518	0.19240559721158026	0.11070306144466961	0.06593678627809446	0.037062881688408655	0.14566499203380426
0.07217825040632152	0.03602793447073481	0.12831940710475592	0.13934632191958513	0.07909533385080879	0.19368162147285456	0.1103402862976683	0.05396514711096294	0.03706489122023107	0.14998080614607698
0.05180820757415982	0.04021030857223192	0.1317575602386595	0.16129096642565324	0.06833963810445912	0.19192450722507565	0.10157047573970766	0.05975201945053719	0.03994772372415341	0.15339859294536246
0.036426219413242464	0.03478832072951987	0.1695960445187938	0.13082629906828003	0.07261307121505009	0.18808778239516016	0.0944909390349156	0.07096594902747737	0.03714989799170036	0.16505547660586023
0.03805656105597477	0.03361002493737038	0.14741603735182757	0.13092693304822217	0.07944405506371652	0.1907116074030399	0.10508451173059406	0.07323081649153365	0.03849986455903304	0.16301958835868796
0.09250467002353274	0.032910911613123706	0.12479134384545655	0.13168954484706874	0.06887789837792736	0.1949797040316006	0.10210559609093063	0.07162977567544773	0.03783785145296665	0.14267270404194526
0.07778080272160018	0.0334797127698576	0.09668753291418719	0.13763282728689463	0.07182534778084376	0.1893124245615509	0.11279768192031807	0.06851022395348075	0.041859523298023164	0.17011392279324372
0.11784472316555124	0.03255318681328466	0.10829872437935292	0.151289143898562	0.06882818431513785	0.18589236156059114	0.0919771422066135	0.06187129417413202	0.04008065712635556	0.14136458236041904
0.06114703970407247	0.03322610826063557	0.15733200960808655	0.1290798536174738	0.08120389484683765	0.18788587503749377	0.09677321641814014	0.05928688774196865	0.03593608654182641	0.15812902822346497
0.031152807271040125	0.03407282619818239	0.14874073891729267	0.15671355077239732	0.07334486312312319	0.19125111752736051	0.10643457901680033	0.05682556737614704	0.0391890958156566	0.16227485398199987
0.09417252499217837	0.036363393935894175	0.10563978014274754	0.1413060892870881	0.08070085172760061	0.19100371825828122	0.09076299837343146	0.06389549410537995	0.0375433969261369	0.1586117522512616
0.08822849292701117	0.03458185443172079	0.1303437332989254	0.1413044375275295	0.08128567216949659	0.18679169789160538	0.09734966132508192	0.056610505605215855	0.04180346544786478	0.14170047937554858
0.05062618973632428	0.039708099627963164	0.14031960672999022	0.15079471405805975	0.07929211702036054	0.19269105555303084	0.1001614173142403	0.05517076936634524	0.038182294162584646	0.153053736431101
0.022035345724925534	0.03467830502023152	0.18866878028052103	0.1642001540262193	0.06772380295737003	0.19664709835673505	0.09035906145632822	0.0553777373958956	0.04084517121776884	0.13946454356400495
0.02193799375603754	0.039755221766354924	0.15861597190878576	0.12832598131113138	0.0779406805422793	0.1853363707866756	0.10939278028617756	0.0711026259460153	0.03728795424552879	0.17030441945101388
0.05522393810202597	0.04080782396795848	0.13507646450762095	0.12991135577162913	0.06853700550889254	0.19361320996070935	0.11261183010171705	0.06583219278626735	0.0365189583319481	0.16186722096123107
0.0682937217745789	0.03600093096739852	0.09692426600785221	0.1523147413946868	0.08189514490876665	0.18854812176465263	0.10489127765006609	0.07074642925906954	0.03958883835334457	0.1607965279195841
0.04851012044580992	0.032754881102812175	0.16087514078610654	0.13735203348723696	0.08067067821676574	0.18635957638506434	0.10479250640351451	0.06981721039349821	0.03643090788835315	0.14243694489083844
0.06591848005026732	0.036833843509498476	0.14234636687788077	0.14501959677032672	0.07665090022568569	0.19554902967613483	0.09809284054504407	0.05519043209088018	0.038078579941068794	0.14631993031321314
0.08442662852752485	0.03415992216610861	0.11859267493667638	0.14892429301000046	0.07345582533217845	0.19313526569130132	0.10357936240118767	0.05358116392198072	0.0374839569889481	0.15266090702409335
0.06554429651531389	0.03778472216016024	0.15363895110730164	0.1358105450910248	0.07206764513690206	0.19339209022449894	0.08936364168898658	0.06839481088287816	0.038644146174291204	0.1453591510186425
0.028647728335576897	0.03886276225780033	0.13818469533829847	0.16171165943214927	0.07225386697572786	0.18661737947259116	0.11324158806019083	0.060407940848288405	0.03771732986459007	0.16235504941478673
0.0675689370197285	0.040750883796978124	0.14321182027901497	0.15635993226912337	0.0654441066658479	0.1852627182043584	0.09385364629319431	0.0542616298229064	0.03720686734289842	0.15607945830594952
0.06426942357166292	0.036522409819580035	0.1374158352348016	0.16033742323111144	0.07630040181604913	0.1925537608508066	0.09263008486867357	0.05926539949135428	0.03716602359632036	0.14353923751964007
0.08945627835166975	0.03400234703960743	0.13060890248627888	0.1421680609608708	0.07752602325888391	0.18683372093168332	0.09182510977616201	0.05623476799411658	0.04071914184224368	0.1506256473584836
0.09390537467174115	0.03253812513911605	0.09956697606366222	0.16335301047933645	0.07778001859954967	0.19030196237415603	0.09053804158425839	0.059611351427021064	0.03822421922671331	0.1541809204344456
0.03413805347367589	0.0390915448096688	0.15326344229486902	0.14387804106933627	0.08113474315209468	0.19738565501545513	0.10219566419576054	0.05644316564539712	0.03907106632478957	0.153398624018953
0.07006213028966453	0.03860120529783877	0.12916845130175747	0.16502984472386426	0.07067029221224663	0.18992357286347084	0.09040270697174546	0.06603050099006155	0.03903104564405076	0.1410802497052997
0.04960938751339539	0.03657419764490133	0.1338142461742058	0.1576386046536657	0.06742329554565371	0.18505856296062387	0.10752830844683356	0.05395561349208246	0.0419528686255191	0.16644491494311908
0.05449815075583721	0.035172262374145405	0.1498651248225929	0.13852181283133133	0.06622715255581374	0.19649288933809553	0.08997522409594473	0.06456037505123764	0.03932367870669717	0.16536332946830434
0.1072077437761223	0.036325817269518265	0.09841698066444904	0.15487438899832603	0.06714003101384403	0.18789614179347916	0.11081315935170957	0.05542522507809686	0.03809629411444808	0.14380421794000658
0.08208301077140531	0.04127586364504571	0.09703310242988299	0.13360945721535872	0.07320826066729189	0.1917132206593012	0.10473812113201436	0.0665429106949105	0.04138326890860586	0.16841278387618344
0.11004664397585764	0.03882195227243602	0.10095210760944363	0.14364719398758072	0.07085025947949958	0.1889055706902651	0.09371572750494087	0.055400781058967764	0.041770460481653934	0.15588930293935466
0.07260235246219224	0.04130387198885971	0.12004017967916146	0.12740761493665362	0.08119922462787055	0.1853365606721144	0.10243597009318385	0.06285782545993962	0.03847749853140606	0.16833890154861847
0.05810730730424836	0.035607526762178196	0.1175267935219334	0.13941569170696683	0.08204869463236132	0.18563261646232826	0.11378713465915585	0.06946514736402395	0.03904114652694078	0.15936794105986302
0.04807673580521771	0.04031348754316455	0.1344826143785647	0.1585891188901401	0.07046872440441203	0.18555835306967305	0.10513301186745798	0.05924414370430652	0.04188735635823871	0.1562464539788246
0.031575743652656765	0.03871243916100214	0.15799477248604618	0.16340473775711345	0.06896401106652679	0.19282393002400322	0.10030714090422496	0.06832433216453646	0.038089363887905604	0.13980352889598446
0.053344844620103166	0.034893013414436944	0.14665349788875148	0.1488105704914524	0.06967801149157635	0.19590029175777027	0.08930496450389183	0.06472291701884599	0.04170274729295246	0.15498914152021911
0.08235077249648426	0.036007896100164846	0.11722277017618635	0.15662150985650386	0.07502486911456863	0.19268146912849213	0.09889208977909143	0.05413752237420569	0.040247928073911164	0.1468131729003916
0.04431525995580968	0.03615893062281482	0.14764948036176073	0.13107867708950058	0.07766027206337406	0.18923624935400712	0.11063215819031909	0.056803378773988916	0.03908860611846848	0.16737698746995655
0.06600420228857248	0.03389740106856377	0.11997379873411894	0.15595272907931823	0.08272908385181765	0.1857544006343671	0.10441296412066789	0.06018979290883065	0.0411940180872948	0.14989160922644848
0.07622475724877902	0.03543051754978589	0.14175175175014337	0.1353243235506676	0.0661342737539469	0.19557829236355279	0.09980035029516052	0.05871997055774096	0.03816425071981541	0.15287151221040754
