0.1547654545241497	0.38646511470051265	0.4587694307753378
0.15512292058013055	0.38615997602209623	0.45871710339777333
0.15543700638096558	0.3857909597129889	0.4587720339060456
0.15528116210105514	0.3870724362763644	0.4576464016225805
0.15549000761411969	0.387353180677919	0.4571568117079614
0.15455625319355648	0.3862171251227008	0.45922662168374284
0.15405372405710036	0.3857100429173779	0.46023623302552186
0.15392911347427046	0.38639694296100363	0.459673943564726
0.15415185576889046	0.38737815384449065	0.458469990386619
0.1550173202629984	0.38570839971469795	0.4592742800223038
0.15461569338969286	0.38653890391216494	0.45884540269814234
0.15402501943942482	0.3868784366737368	0.4590965438868385
0.15452605060007463	0.38498023631058964	0.46049371308933584
0.15583035965944708	0.38513153106737985	0.4590381092731732
0.15507459732295947	0.3875759221323739	0.4573494805446667
0.1545553519695998	0.3871072800674389	0.4583373679629614
0.15599450941232673	0.3869433897114899	0.4570621008761835
0.15595865819248989	0.38683467455004283	0.4572066672574674
0.15457203936449126	0.3871224282923152	0.4583055323431937
0.15556602031218064	0.38633072531165447	0.45810325437616506
0.15585490202763663	0.385629517653378	0.4585155803189855
0.1546726792093121	0.38734964730114346	0.45797767348954455
0.15507615918436257	0.38597807269130263	0.4589457681243349
0.1545156748819802	0.3858240326993599	0.4596602924186601
0.15490611439313173	0.3858957391905526	0.4591981464163158
0.15564825000862575	0.38565192920081354	0.4586998207905608
0.15562782609804135	0.38508674943642535	0.45928542446553344
0.15487292713257103	0.38566079341957576	0.45946627944785334
0.15479051452767195	0.38725041565162177	0.4579590698207064
0.15482188728714907	0.38610548484240176	0.4590726278704493
0.15470692828962068	0.38671151016421007	0.45858156154616936
0.15409633719901872	0.38654680767888416	0.45935685512209723
0.15442003828406003	0.3855434970998678	0.46003646461607234
0.15579063868019236	0.38581157367032326	0.45839778764948447
0.15455814245013172	0.38593370780617825	0.45950814974369014
0.15412611947666424	0.38731634249137437	0.45855753803196153
0.15449644956384795	0.38744257376550517	0.45806097667064705
0.15538052824559562	0.3869364719007898	0.4576829998536147
0.1544965668099998	0.38531335980942644	0.46019007338057394
0.1559314008382645	0.3856590373848009	0.4584095617769347
0.15438222344605348	0.3861220451572135	0.45949573139673316
0.1545956075345366	0.3856559762727175	0.459748416192746
0.15560156148308824	0.38723740297970705	0.45716103553720483
0.15458262733921885	0.38627550053788884	0.4591418721228924
0.1553613656015888	0.387184731458946	0.4574539029394653
0.15584710267233698	0.3859237844207017	0.45822911290696144
0.15515274209434377	0.3852686408865329	0.45957861701912345
0.1545585433788182	0.38697176950529205	0.45846968711588987
0.1547318426372591	0.3866290951634492	0.45863906219929185
0.15563602123391923	0.38517122039375273	0.45919275837232815
0.15513355628149444	0.38580922347749486	0.4590572202410108
0.1543853356345265	0.3861837199022222	0.4594309444632514
0.15496581012044172	0.3861171128072549	0.45891707707230345
0.15430116164245997	0.3862371859506472	0.45946165240689296
0.15569165787970907	0.3870191751533348	0.4572891669669563
0.15546227090091852	0.3863632746256885	0.4581744544733931
0.15407207820008517	0.3857945097226245	0.4601334120772904
0.1546343131713536	0.3850588743600155	0.46030681246863103
0.15402622612906566	0.38680964610928326	0.45916412776165116
0.15513507555291767	0.3861185948046517	0.45874632964243073
0.15480863274010326	0.3854424154008912	0.45974895185900566
0.15400215205053677	0.38606994334783873	0.45992790460162464
0.15493235848786135	0.385997397034052	0.45907024447808675
0.155864196292743	0.38716492726756024	0.45697087643969686
0.15414082218598485	0.3859910574908784	0.45986812032313684
0.15415758226137594	0.3860031832447274	0.45983923449389685
0.15488473440212214	0.38519217687395996	0.45992308872391807
0.15408265627692463	0.3875919208144485	0.458325422908627
0.15471919002869472	0.38510960806115196	0.4601712019101535
0.15435397939153478	0.385601211472836	0.4600448091356294
0.15526211608645246	0.385975807685134	0.4587620762284137
0.15584770075031518	0.3850508885148963	0.4591014107347886
0.15448352417425384	0.38503482408756506	0.46048165173818123
0.1544143424924942	0.3862553210633481	0.4593303364441578
0.1540791712041118	0.38671697556131907	0.45920385323456925
0.1548178869344151	0.38703995976274624	0.4581421533028388
0.15597733813984288	0.3853588177554977	0.45866384410465955
0.15455002753461597	0.38660494766912923	0.4588450247962549
0.1547306317771973	0.38748074408450267	0.4577886241383002
0.1540497265102982	0.3853498461460605	0.4606004273436415
0.15400770448111437	0.38619160883797954	0.4598006866809062
0.15462517510810547	0.3863259164284095	0.4590489084634851
0.15483727609436695	0.38572017565197714	0.459442548253656
0.15544332389762125	0.38701919646130634	0.4575374796410725
0.15446641061653665	0.38649576416865644	0.45903782521480707
0.15473336677037236	0.3863275931163826	0.45893904011324516
0.15424927842501063	0.3852200611370908	0.46053066043789875
0.1542269588013544	0.38532829850603006	0.46044474269261565
0.1555628467206581	0.3867870263728396	0.4576501269065024
0.15526972353642665	0.38594829266667313	0.45878198379690033
0.1546316220590198	0.3867323797071906	0.45863599823378975
0.15415788008269438	0.3853641156221438	0.46047800429516195
0.15442747607472834	0.3857908219365821	0.4597817019886896
0.15582646675798995	0.3869365712785648	0.4572369619634454
0.1554198790800766	0.3874471179749298	0.4571330029449937
0.15519143051472128	0.3851655488765901	0.4596430206086888
0.15444372643801046	0.3853490070478136	0.460207266514176
0.1539296918665469	0.3860891685877206	0.4599811395457327
0.15537090707063383	0.3872806174683896	0.4573484754609767
0.15567592792656704	0.38518896964983385	0.45913510242359923
0.15502914055982964	0.385265414297252	0.4597054451429185
0.15395906304518853	0.3869653667948605	0.4590755701599511
0.1551518594630618	0.3874960617348602	0.4573520788020781
0.1559661275742566	0.38661605805850563	0.4574178143672379
0.15478255249677475	0.38601755293556017	0.4591998945676652
0.1542058435637489	0.38752196445002746	0.45827219198622376
0.15523834264840564	0.3867278635901898	0.45803379376140463
0.15574259560976544	0.38685614306602856	0.4574012613242061
0.15432770233141974	0.38706223078680585	0.4586100668817745
0.15396869357795945	0.3864836926108527	0.459547613811188
0.15394783278058527	0.38547644644788814	0.46057572077152675
0.1557408952825447	0.3856968117419537	0.45856229297550166
0.15417247117790311	0.3853781624132111	0.4604493664088859
0.1558268905951973	0.3853650418851237	0.45880806751967906
0.1540014951296435	0.38550228054027486	0.46049622433008175
0.15502828643652555	0.3851648152423298	0.45980689832114474
0.15559677627916002	0.3856793834091949	0.45872384031164526
0.1555996350189406	0.3869719231768304	0.4574284418042291
0.15418058197078455	0.3856244014281834	0.4601950166010322
0.15443563871226001	0.3858181693336301	0.45974619195410993
0.1549998082927305	0.3858588685946379	0.45914132311263167
0.15544574839429903	0.3868098362899619	0.4577444153157392
0.15464595061089906	0.38701959389767304	0.458334455491428
0.15568011486520075	0.3853499441129598	0.4589699410218395
0.1554062149439314	0.3866988773692418	0.45789490768682695
0.15471639400099585	0.3874910869766976	0.45779251902230667
0.15404916856049183	0.3863686592303931	0.45958217220911524
0.15431025903727483	0.3850550651046022	0.46063467585812307
0.15554285506991455	0.38515240045054305	0.4593047444795425
0.1551554225679695	0.3869595146442434	0.45788506278778723
0.1549378621574246	0.3868160425729035	0.4582460952696721
0.1548101723599758	0.386004670536415	0.4591851571036093
0.15484478156852766	0.3863238986005696	0.45883131983090286
0.154477599484537	0.3868516707189898	0.4586707297964734
0.15590781358181	0.3851616010322238	0.4589305853859663
0.15557806728582543	0.38704745822555886	0.45737447448861585
0.15581622304708703	0.385933148444688	0.45825062850822507
0.15546708529688524	0.38674511211351614	0.4577878025895987
0.1543226449217357	0.3872408714882158	0.4584364835900486
0.15572861164741825	0.3868629200903454	0.45740846826223647
0.1545170552911282	0.3875392517676998	0.4579436929411721
0.15522967285085526	0.386933362757701	0.45783696439144383
0.15512296773561954	0.38692774582231965	0.4579492864420609
0.15537565646044088	0.3870416241546448	0.4575827193849144
0.15485802920064054	0.3854170859794145	0.4597248848199451
0.15560920609551715	0.3856819552595825	0.4587088386449004
0.15507020220454565	0.3855669520868686	0.4593628457085859
0.1553991746319705	0.3858320300397174	0.4587687953283123
0.1545920758151499	0.38574331181053984	0.45966461237431044
0.15588215316379056	0.3863737472185205	0.457744099617689
0.15443744785999505	0.3870834616101467	0.45847909052985836
0.15527347514000736	0.38662935519421787	0.4580971696657749
0.15473875797824238	0.38749829851421347	0.4577629435075442
0.15391036891934512	0.38625519998964125	0.4598344310910138
0.15448718926145158	0.38765195383769646	0.4578608569008521
0.15600892752972284	0.3862523876016436	0.4577386848686337
0.1558189960437933	0.3856364461394402	0.4585445578167666
0.15514577220408943	0.3857386824420954	0.45911554535381527
0.15391882806769214	0.3870035086577495	0.45907766327455846
0.15530888825790368	0.387558951714068	0.4571321600280284
0.15423839270844752	0.38717594502338865	0.45858566226816394
0.1547502263221819	0.3850307760417963	0.4602189976360219
0.15428902223421612	0.3870757911148155	0.4586351866509685
0.15551920690836746	0.38520411525458237	0.4592766778370503
0.15561139275304095	0.38643425790859715	0.457954349338362
0.15575464638901676	0.3864770873202459	0.4577682662907375
0.15411299382946586	0.38677811088816444	0.4591088952823698
0.1541912209913	0.3858549499397726	0.4599538290689275
0.1558261464262559	0.38716499615156513	0.45700885742217906
0.15458285744960854	0.3866426921814433	0.45877445036894826
0.15411012083237682	0.3860457484701804	0.4598441306974429
0.15473399612614097	0.38532874424396696	0.4599372596298922
0.15435183832314608	0.3853864132485992	0.46026174842825485
0.15566144097378337	0.3850452035172183	0.4592933555089984
0.1549803790310876	0.38545756355490607	0.45956205741400646
0.1555886517242931	0.386053748488996	0.45835759978671103
0.15560895536036515	0.38538321467999387	0.45900782995964107
0.1551370578156449	0.38734463606436265	0.45751830611999256
0.15421786491742517	0.38659212523413333	0.4591900098484416
0.1550463954499699	0.3849634339262088	0.45999017062382147
0.15565600839936478	0.3851790183001752	0.45916497330046013
0.15588367505982942	0.3867858927657257	0.45733043217444497
0.1556693271830047	0.3855045752350264	0.458826097581969
0.15537187422137763	0.3871268641611132	0.4575012616175093
0.15434702039553416	0.3870971329018201	0.4585558467026459
0.15589160035456687	0.38678891391438475	0.4573194857310485
0.1549319439961721	0.3854003848974733	0.4596676711063547
0.15470733633870062	0.3867045380837524	0.45858812557754713
0.1543999682960305	0.3858403879018763	0.45975964380209333
0.15594579817876347	0.3854979757331893	0.45855622608804736
0.1559903907904983	0.3858233188299627	0.4581862903795391
0.15541333982521685	0.3868185332711535	0.4577681269036298
0.1557082105286326	0.3856794222744819	0.4586123671968856
0.15444357689690108	0.3860762858991328	0.45948013720396624
0.1542638770954839	0.38543718081352224	0.460298942090994
0.15433576050236597	0.3873293572100444	0.4583348822875898
0.1540211503551504	0.38700648415407374	0.45897236549077597
0.15486474681531695	0.38598173870537456	0.45915351447930863
0.15413798805775963	0.3858465620548648	0.4600154498873757
0.1541287873149746	0.38685867286424713	0.4590125398207784
0.15501898473244982	0.3874996389405689	0.4574813763269814
0.15516211375219713	0.3870312973370046	0.45780658891079845
0.15508753630384237	0.38634204241819137	0.45857042127796643
0.1542965435123	0.3865870100943562	0.4591164463933439
0.15402917065761002	0.38529626428241853	0.4606745650599716
0.15578426021351072	0.3854105862497079	0.45880515353678153
0.15406169214418103	0.38756085857476535	0.45837744928105373
0.1542022877264473	0.38525240764760854	0.46054530462594423
0.15529569972103202	0.38738961482393636	0.4573146854550318
0.15596570725431458	0.38691089045963833	0.4571234022860472
0.1559064557646735	0.38511033285253	0.45898321138279663
0.15465325254094897	0.3860797160495508	0.4592670314095003
0.15588991251393572	0.385404594704007	0.4587054927820574
0.15488913368947435	0.3859596294321963	0.4591512368783295
0.1552662952167117	0.38596113924603903	0.45877256553724943
0.1551951006151812	0.38655540301177665	0.45824949637304224
0.1542580574571219	0.38646780738075776	0.45927413516212046
0.15431011955356888	0.3869491566003571	0.4587407238460741
0.15595165881812323	0.387005816100943	0.4570425250809339
0.15531249492228366	0.3860649302299388	0.4586225748477777
0.15550221926426855	0.38702350474849506	0.4574742759872365
0.15543603748131185	0.38557206424448043	0.45899189827420783
0.15502348757687764	0.38696768475757615	0.4580088276655463
0.15421828702610976	0.384968913501561	0.46081279947232934
0.15511809580561742	0.3857075609481851	0.45917434324619766
0.1546025829723403	0.38512620378144174	0.46027121324621806
0.15423710993306383	0.3872166553977464	0.45854623466918987
0.1560022739352414	0.3856775540855955	0.4583201719791632
0.1543865821685598	0.38740845636183546	0.4582049614696049
0.15407374368883156	0.38732911173661894	0.45859714457454964
0.15432202602085254	0.3872675700659824	0.45841040391316523
0.15446816758145537	0.3861333998011214	0.4593984326174234
0.15421820295026484	0.38564287370934774	0.46013892334038753
0.15462003981734534	0.3871210875333009	0.45825887264935394
0.1553866505713617	0.3850037501121957	0.45960959931644274
0.15521139297060743	0.3852150959746434	0.4595735110547493
0.1541135788923147	0.3857636762838906	0.4601227448237948
0.154024024586961	0.38661026991009445	0.4593657055029447
0.15521203911329934	0.3874082618557426	0.45737969903095815
0.1544751054163449	0.3851045912869183	0.4604203032967369
0.1542725520834355	0.3856510034966265	0.4600764444199381
0.15483020516603438	0.38642497442555745	0.4587448204084083
0.15415029382256445	0.38601337447226053	0.4598363317051751
0.15542854389034355	0.3856336304515645	0.45893782565809205
0.1553857853730955	0.3866731421376411	0.4579410724892636
0.15439983512922686	0.38758668505550153	0.45801347981527174
0.15485018897327196	0.38563782706424504	0.45951198396248316
0.15546144294429853	0.38671763533277886	0.4578209217229227
0.15459090840887157	0.3859910007206749	0.4594180908704536
0.15472719004003166	0.3860242584851034	0.4592485514748651
0.1551525269182987	0.387387319718109	0.4574601533635924
0.15601386174583431	0.38556943603504856	0.45841670221911723
0.1540681020505933	0.3862655895770225	0.4596663083723843
0.15446579920562548	0.38697368903364804	0.45856051176072654
0.15534945088265367	0.3872054139227687	0.45744513519457775
0.15452267629730648	0.3870037082175936	0.4584736154851
0.15505250940906262	0.3866862185343186	0.4582612720566189
0.15572754749923184	0.38532996795682006	0.4589424845439482
0.1547113034777624	0.38719633828797906	0.45809235823425865
0.15483551996694522	0.3869194739529402	0.4582450060801147
0.1554669464762744	0.3863592086170495	0.4581738449066763
0.15412354417024832	0.386527158528052	0.4593492973016998
0.1553873320452793	0.385372743652459	0.45923992430226185
0.1556159788416978	0.38585383777717497	0.45853018338112733
0.1550673349456787	0.3855960010776911	0.45933666397663037
0.1549590360532938	0.38529324973836754	0.4597477142083387
0.15428791167721712	0.38653700216216785	0.4591750861606152
0.1540095683565233	0.38555282266310753	0.4604376089803693
0.15572738175556644	0.38570797898592657	0.4585646392585071
0.15457566628634672	0.3870442195556215	0.4583801141580319
0.1544150478948542	0.38743546711068855	0.4581494849944574
0.15580702327226753	0.3858573223659653	0.45833565436176726
0.15410805094233082	0.385168032703604	0.4607239163540653
0.15390716156619158	0.3876506208888937	0.4584422175449149
0.1544270129583109	0.38732334721538714	0.45824963982630207
0.15482304214567705	0.3862764426198744	0.45890051523444864
0.15597630779270588	0.3865986352198293	0.45742505698746494
0.15458374515322337	0.38642637408624103	0.4589898807605357
0.1557640829009235	0.3850141965595438	0.45922172053953286
0.15576437959137163	0.38572471706525996	0.4585109033433685
0.15553770838399267	0.38637405297889965	0.4580882386371078
0.1548139955406059	0.3870331628826727	0.45815284157672154
0.15546097900648478	0.3851629475678052	0.45937607342571013
0.15524632151981854	0.3875084425650328	0.45724523591514876
0.15567832069565543	0.3850324373245467	0.45928924197979804
0.1543195194087229	0.3859980498087765	0.45968243078250076
0.15514974786528746	0.38624662723664266	0.45860362489807
0.15474351187789687	0.3871855392823972	0.45807094883970606
0.15427524580525398	0.3850789807688066	0.46064577342593954
0.15512588210243727	0.3856420603890088	0.4592320575085541
0.15554202102041204	0.3863176135813358	0.45814036539825226
0.15509425498384402	0.38634007525295627	0.4585656697631998
0.15506612587012228	0.38625377995119414	0.4586800941786837
0.15481767158137125	0.38531221566711005	0.45987011275151884
0.15601219088599344	0.3866546432072675	0.4573331659067392
0.15415889704770683	0.38716528954609114	0.4586758134062021
0.15430669659547072	0.38665972616509625	0.45903357723943317
0.15582278430902147	0.3850704627215194	0.45910675296945924
0.155394206172905	0.38677070443890743	0.4578350893881876
0.15566660180094719	0.3850611205967389	0.459272277602314
0.1553313737669822	0.3853977915854417	0.45927083464757623
0.15559602022282149	0.38555649499052247	0.45884748478665616
0.15498281198704575	0.3852211171047776	0.45979607090817676
0.15539664594508154	0.3869565832415201	0.4576467708133985
0.1559536347417611	0.3870619000550362	0.4569844652032028
0.15526460861097652	0.38690551656991745	0.45782987481910614
0.15478465211007197	0.38602219037250457	0.4591931575174235
0.15521044104669654	0.3852042115202525	0.459585347433051
0.153991153225238	0.3859973370503564	0.46001150972440574
0.15441550664814963	0.38635078114715293	0.4592337122046976
0.15525768794755873	0.3874498651635797	0.4572924468888616
0.15467619425385598	0.3856984975011514	0.4596253082449927
0.1550517116276855	0.3854699604039923	0.45947832796832233
0.15398355824784243	0.38750736141704567	0.45850908033511206
0.15490659462933792	0.38640500042102954	0.4586884049496326
0.15551003577230632	0.38667333372328094	0.45781663050441285
0.15393183775016828	0.3875644164367316	0.4585037458131002
0.15499923776725083	0.38576422709380986	0.45923653513893936
0.154341783819087	0.386092784597163	0.4595654315837501
0.1559228451044321	0.38627205697753764	0.45780509791803037
0.15475662902271672	0.3864471536719956	0.45879621730528775
0.15426239699437394	0.38500879731637455	0.4607288056892516
0.15447367391879857	0.38572570725330724	0.45980061882789425
0.15414314254440908	0.3869074343063277	0.45894942314926335
0.15601407074644397	0.38498802739452537	0.4589979018590308
0.15485118068747383	0.38550225053068565	0.4596465687818406
0.15603778752795383	0.38511995540897476	0.4588422570630716
0.1545688179674663	0.3867991868618268	0.45863199517070696
0.15449729679850743	0.387016489087349	0.4584862141141437
0.15417854440949336	0.38673099170172615	0.4590904638887806
0.15546744719069744	0.38580814134262886	0.45872441146667375
0.15544253172401173	0.387347107341314	0.4572103609346744
0.15582558041846628	0.38548508812260773	0.4586893314589261
0.15569739595329588	0.3869953929333849	0.4573072111133193
0.15568740575841097	0.3854375396925276	0.4588750545490615
0.1540642044107059	0.385844113441766	0.4600916821475282
0.15528968017761946	0.38606369609218305	0.4586466237301976
0.15549649226834794	0.38537195265089397	0.4591315550807582
0.15467007170433586	0.3865535106081324	0.45877641768753186
0.15512556469832106	0.3865351264707768	0.45833930883090224
0.15432863411526998	0.3858821121406846	0.45978925374404556
0.15598526941253646	0.38525462988405756	0.4587601007034061
0.15461384422861876	0.3875737781265444	0.45781237764483695
0.15407777805530512	0.38654003185312047	0.45938219009157455
0.15569828238263464	0.38697730321288215	0.45732441440448335
0.15578759888855334	0.38588045893256895	0.45833194217887785
0.15473667948616135	0.38673745040514323	0.45852587010869555
0.15470055811494088	0.38666405703154	0.45863538485351923
0.1547630508690185	0.385306556128459	0.45993039300252264
0.1542750744339111	0.38537469186532736	0.46035023370076167
0.15545470218930516	0.3875637531484882	0.4569815446622068
0.15539779961211747	0.3868255999307804	0.4577766004571022
0.15458218246162872	0.3866018822854856	0.4588159352528858
0.15419057208850417	0.3874172875561407	0.4583921403553553
0.15574371691572794	0.3860976372213918	0.4581586458628804
0.1555484581879665	0.38727003169013957	0.45718151012189406
0.15394065686361164	0.3852814426121045	0.460777900524284
0.15548965412517618	0.3861144066277244	0.45839593924709954
0.15588067652162654	0.38501232069120245	0.4591070027871711
0.15559558465787895	0.38733029694990023	0.4570741183922209
0.154719544897506	0.3854001919828778	0.4598802631196163
0.1556427799203071	0.38685557974252305	0.45750164033717
0.15473187970259328	0.38692118996705355	0.45834693033035323
0.1557102710105634	0.38663600770952034	0.45765372127991644
0.1558870374871022	0.38608755122369637	0.4580254112892016
0.1555572517914814	0.38660540580260994	0.45783734240590884
0.1557497041565779	0.38610759882908685	0.4581426970143354
0.1545595200590355	0.3858463373822628	0.45959414255870185
0.15411318554358838	0.3851284278778092	0.4607583865786026
0.15431461042210362	0.3874379742349328	0.4582474153429637
0.1553058957390482	0.3854731627713585	0.45922094148959336
0.15396566247988264	0.38541630612817357	0.4606180313919439
0.15546009448732193	0.385319903352643	0.4592200021600352
0.15538251343072662	0.38627464119583493	0.4583428453734386
0.15536311137411846	0.38573897877853447	0.45889790984734713
0.15537492412840181	0.387278965401694	0.4573461104699043
0.15450074789661125	0.38746458359251945	0.45803466851086944
0.1547974928951473	0.3849768532167902	0.4602256538880626
0.15435438493912157	0.387365518180127	0.45828009688075155
0.15529518702596334	0.3854418945444642	0.45926291842957256
0.15550674855352858	0.3858022563161515	0.45869099513032
0.1546732328202493	0.387608873362044	0.4577178938177068
0.1551944968120404	0.38581680691498793	0.4589886962729718
0.15420563271672846	0.38709537561383356	0.45869899166943806
0.15410561985899485	0.3874879366940746	0.4584064434469306
0.15461407618781003	0.3861840408563478	0.4592018829558423
0.15501041840678217	0.38631861605768236	0.4586709655355356
0.15519004487265733	0.3852660456088354	0.45954390951850743
0.15472683955791428	0.3866671556442461	0.45860600479783975
0.15554265960978905	0.385408831118182	0.459048509272029
0.1541258284233591	0.38578097798135697	0.46009319359528406
0.15478211293932403	0.38714430294809576	0.4580735841125803
0.15417643085876975	0.38658936727192383	0.4592342018693065
0.1541587276492533	0.3873270023165536	0.4585142700341932
0.15436916605839568	0.3860641297431485	0.45956670419845597
0.15578796838523007	0.385381201461043	0.45883083015372705
0.15557470862819178	0.38573447177730386	0.4586908195945045
0.15474818794971357	0.3860930964409356	0.45915871560935095
0.15408263441626488	0.3851424603158643	0.4607749052678709
0.15544349497035959	0.38562207844675367	0.45893442658288686
0.15458824345189556	0.38662670856696857	0.458785047981136
0.1547882031764426	0.3854526499973023	0.45975914682625524
0.15438953178041098	0.3855375626336177	0.46007290558597147
0.155774060192778	0.3865871620078772	0.457638777799345
0.1544651795954723	0.38536950329807584	0.460165317106452
0.15410756472646092	0.3874687048010812	0.458423730472458
0.15480197378479904	0.38532816226936006	0.45986986394584106
0.15430788977784088	0.3875369807812814	0.45815512944087783
0.15571255674665835	0.38519161604970953	0.45909582720363223
0.15533764169534747	0.385119368717942	0.45954298958671064
0.15581224756356535	0.38522622334212175	0.458961529094313
0.15474892809176016	0.38522462860285445	0.46002644330538556
0.15501989216089213	0.3875578479277525	0.45742225991135554
0.1559986234521749	0.3855878482043687	0.45841352834345656
0.15493240598470304	0.38702684371778323	0.45804075029751384
0.15390600826565626	0.38545938092510096	0.46063461080924295
0.15541049280693228	0.38730040159941675	0.45728910559365105
0.15593342600743176	0.3851400125259622	0.45892656146660615
0.1549426462904031	0.38591000175646206	0.45914735195313494
0.1544439988395342	0.38757015974341646	0.4579858414170495
0.15486849766957528	0.3876383150851485	0.4574931872452764
0.15412453755998995	0.38601845275503605	0.4598570096849741
0.15487576108798962	0.38613322771524056	0.45899101119677
0.15567066544473515	0.3853769007821984	0.4589524337730666
0.1549973791152159	0.3872875507992773	0.45771507008550694
0.15497886403611955	0.3853914179941655	0.4596297179697151
0.15594677461094836	0.3864830792941913	0.45757014609486046
0.15470963345441308	0.3869647760557214	0.45832559048986565
0.15583032477028158	0.38568039456674036	0.45848928066297817
0.15540022602903086	0.3871876364363626	0.45741213753460663
0.1550828517418654	0.3873245017630711	0.4575926464950636
0.1559866168250027	0.3869930191664068	0.4570203640085906
0.15572019047914798	0.3851658657371946	0.45911394378365755
0.15430903964288273	0.3855577490762211	0.46013321128089635
0.15484002879155104	0.38740660928068815	0.45775336192776095
0.1543328149582402	0.3853193585324305	0.4603478265093294
0.155639027058448	0.3852728307293765	0.4590881422121756
0.15562452438979288	0.3850056142348151	0.4593698613753921
0.15406222588261193	0.3870683647120439	0.45886940940534426
0.15509049904265515	0.3861677683961107	0.4587417325612343
0.1540645507148099	0.38589403059846594	0.4600414186867243
0.15459759013127677	0.3867537896850034	0.45864862018372
0.15522479038289194	0.38678088411345374	0.4579943255036545
0.15504783015922186	0.38521473987052707	0.4597374299702512
0.15552114213441715	0.3873628262298273	0.45711603163575565
0.15422805898575892	0.38714344320996763	0.4586284978042736
0.15429597164561773	0.38723616125944166	0.4584678670949407
0.15484486272434012	0.3867200905010315	0.45843504677462854
0.15461353093144092	0.3864707711726037	0.45891569789595554
0.1551577907471734	0.3856282851117363	0.45921392414109036
0.15538106404770383	0.3872982841340524	0.4573206518182439
0.15416430303434858	0.3851017963754179	0.46073390059023367
0.15598627905389606	0.38542323702231807	0.458590483923786
0.15398044599373675	0.3869813063969334	0.45903824760933
0.15601272087303608	0.38605399254897754	0.4579332865779865
0.15395707459053257	0.38694661866918567	0.4590963067402819
0.15512489523776157	0.38669694046775843	0.4581781642944801
0.15492318577156902	0.3865911054345465	0.4584857087938846
0.15529529950077103	0.38761374058896625	0.45709095991026283
0.1551201295813841	0.38649153823926113	0.4583883321793549
0.15470467537753707	0.38644853739173146	0.4588467872307316
0.15592176373003264	0.38592394600288144	0.45815429026708604
0.15516436671311762	0.3874009273472304	0.4574347059396521
0.15597521936298042	0.3855102688412892	0.4585145117957305
0.15403490147886215	0.38658143257590233	0.45938366594523566
0.1556056865610808	0.3866121319796362	0.4577821814592831
0.15402936132086323	0.3863628245333624	0.4596078141457745
0.15566520785649998	0.3850603662663174	0.45927442587718276
0.15569401653524886	0.38614366833715474	0.45816231512759653
0.15396557112396939	0.3853147918017631	0.46071963707426766
0.15406236226903788	0.38555892853245305	0.4603787091985092
0.15547239901827328	0.3869662683149316	0.4575613326667952
0.1550085553416689	0.38607395261564237	0.45891749204268883
0.15454721615339556	0.3875343435236535	0.4579184403229511
0.15589873798145476	0.3862476068724009	0.4578536551461444
0.1548965397245326	0.38578332648570013	0.4593201337897674
0.15494354840652055	0.3874530425556309	0.4576034090378487
0.15506961455766044	0.3862717477292811	0.4586586377130586
0.15579548551418593	0.3869176792761004	0.4572868352097138
0.15562662756819753	0.3852391805328444	0.4591341918989582
0.15540253888832792	0.3854829558596709	0.45911450525200126
0.155003924397555	0.3854362395670264	0.4595598360354187
0.15402366253732547	0.3856129990335484	0.4603633384291262
0.15402524626909453	0.3873754158254032	0.45859933790550234
0.15598390505305254	0.38662417414168126	0.45739192080526636
0.15499969860238422	0.3858542936144068	0.45914600778320913
0.1557306759664585	0.3850325350344265	0.4592367889991151
0.1558887093474744	0.38599050437775567	0.45812078627477004
0.15519079792393542	0.387541013161993	0.4572681889140717
0.15559571567936326	0.3862159061283371	0.45818837819229974
0.1551522827670683	0.38594738105292725	0.45890033618000453
0.15488862510777152	0.386940775845254	0.45817059904697466
0.15587417838660017	0.3860259360842025	0.45809988552919745
0.15581401215354676	0.38502109413037217	0.45916489371608116
0.15483007576322444	0.3851750961800212	0.45999482805675446
0.1555400893893098	0.38575923551352576	0.45870067509716456
0.15534700728736917	0.3855319015347398	0.4591210911778911
0.15493874696029944	0.3856525897071853	0.45940866333251534
0.15483557120589042	0.3872400670380056	0.457924361756104
0.15476702055605018	0.3853026919055598	0.4599302875383901
0.1548565014319708	0.3863888265505123	0.458754672017517
0.1553777940666241	0.3870880007271517	0.45753420520622434
0.1544306713314278	0.38511232580530386	0.4604570028632684
0.15396661928962307	0.38752810208610566	0.4585052786242714
0.15567216556524188	0.3856288867855159	0.45869894764924235
0.15419476762782383	0.38514803873024095	0.4606571936419353
0.15581456447621772	0.38570630568846653	0.4584791298353159
0.15511807599388816	0.3874079093546551	0.45747401465145693
0.15479916500472177	0.3854853321234404	0.45971550287183793
0.15538300066128488	0.3875428319739956	0.4570741673647196
0.15481993265950922	0.3864916532768316	0.4586884140636593
0.15531621535399964	0.38705170240095355	0.4576320822450469
0.1551534190225392	0.3870698597403728	0.4577767212370881
0.1555155324153057	0.3874591267011679	0.4570253408835266
0.1544864387644413	0.38574223403535796	0.45977132720020086
0.15523387855001386	0.3875053196934201	0.45726080175656614
0.15548961574436215	0.3866630194630894	0.4578473647925485
0.15567730465838053	0.3860984759950713	0.4582242193465483
0.15406890149468794	0.38627785800251685	0.4596532405027954
0.1554948665117728	0.3867863068463732	0.45771882664185415
0.15503565684662282	0.386540414826035	0.4584239283273423
0.1543314429809975	0.3859953238365315	0.4596732331824711
0.15416058010617031	0.38764105551398664	0.4581983643798432
0.15575325973634213	0.3868694070289152	0.4573773332347428
0.154966826733522	0.38683787915670936	0.4581952941097687
0.15467902336776862	0.3868504789820451	0.4584704976501864
0.1555249938790872	0.3858616553649781	0.4586133507559349
0.1545303294859038	0.38604196144432745	0.4594277090697689
0.15451175210065327	0.38644622915333054	0.4590420187460163
0.15546174693413972	0.38561016515203617	0.4589280879138242
0.15405939487627474	0.3865394688801148	0.45940113624361056
0.15487290129548809	0.38525042806154136	0.45987667064297066
0.15524898362809014	0.38748652948665036	0.4572644868852596
0.15453671028984198	0.3866195598325775	0.45884372987758065
0.155454608385828	0.38698089857211343	0.45756449304205865
0.15405321612369188	0.38624755719930887	0.45969922667699936
0.15528836977024688	0.38748913784514083	0.4572224923846124
0.15516768375724743	0.3871901787092152	0.4576421375335375
0.15542604072333094	0.38504286586452435	0.4595310934121448
0.1548214429807894	0.38574617836772424	0.4594323786514865
0.15542274979923001	0.38570134642935827	0.45887590377141185
0.15532873049400614	0.3875354557265799	0.4571358137794141
0.15541095459146936	0.38738705429602827	0.4572019911125025
0.15516217280937988	0.38576778925783184	0.4590700379327884
0.15421503827898908	0.386634241307317	0.45915072041369404
0.1546549265907834	0.3870343202612247	0.458310753147992
0.15573605230803736	0.3865412096559049	0.4577227380360579
0.15597913998095164	0.3855991411648233	0.4584217188542251
0.15548062320680595	0.38537475301667506	0.4591446237765191
0.15570795646761426	0.3855144598735206	0.45877758365886523
0.15488717129008497	0.38573841446583423	0.4593744142440809
0.15572197554206935	0.385343529973198	0.4589344944847328
0.15418487976576445	0.3873063731641089	0.4585087470701268
0.15420737408927224	0.3859751151554934	0.45981751075523447
0.1552954427158028	0.3876034065580037	0.4571011507261936
0.15452979023107302	0.3858848160979917	0.45958539367093537
0.15526861067574851	0.38587229746718404	0.4588590918570675
0.15472298655709138	0.3854289987016234	0.4598480147412854
0.15428012364516183	0.38581675478337596	0.4599031215714623
0.1555748901423552	0.3864708024100214	0.4579543074476235
0.15591015873005942	0.38667990976579314	0.45740993150414755
0.15404280616596427	0.3866265659006816	0.4593306279333542
0.15518148470846788	0.3873844172602387	0.45743409803129353
0.1556078895201952	0.3865012256891073	0.4578908847906977
0.15470726835511167	0.387443888230364	0.4578488434145245
0.15484543990047736	0.38725220337178456	0.45790235672773816
0.15503897308896764	0.3864854573887293	0.45847556952230323
0.15398568182794048	0.3859154624336625	0.46009885573839715
0.15552808015770708	0.38690994963932834	0.4575619702029647
0.1539095504103118	0.3852821840857564	0.46080826550393195
0.1550130730604818	0.3852316849145108	0.4597552420250075
0.15575411614855558	0.3870683419387099	0.45717754191273463
0.15478090001011424	0.38603199804958954	0.4591871019402964
0.15458012201807286	0.3867554622882182	0.458664415693709
0.15411613144071595	0.3874624516061509	0.4584214169531332
0.15553601677192114	0.38665994928673025	0.4578040339413488
0.1539509809437348	0.38691184273850876	0.4591371763177565
0.15523193000684762	0.3861189000106988	0.45864916998245364
0.15444772407221696	0.38612650520972924	0.4594257707180539
0.15413301662023443	0.3859404699486496	0.45992651343111607
0.15541260343684965	0.38519756104018915	0.4593898355229613
0.1540292631613677	0.38561226447087116	0.4603584723677613
0.1545436318619719	0.38571936676550644	0.4597370013725218
0.15402555304978516	0.3859134171705314	0.46006102977968355
0.15539228331587393	0.3855945532774638	0.45901316340666243
0.15508323262398666	0.385770926742684	0.4591458406333295
0.15509425602826843	0.38636952584096634	0.4585362181307653
0.15545473180366465	0.3852337846579853	0.45931148353835016
0.15414407462118435	0.3873325736479808	0.45852335173083497
0.15556033883275627	0.38582940178661845	0.45861025938062544
0.1543929809818314	0.38719849320085614	0.45840852581731256
0.15568883472349773	0.38568560802156976	0.45862555725493265
0.1547815391469322	0.38496438560809954	0.46025407524496836
0.15453899636757745	0.38684654744017977	0.4586144561922429
0.1546065072440942	0.38730607860924454	0.4580874141466614
0.15491817305512628	0.38600722429449436	0.45907460265037947
0.15531682998382135	0.38727408777073247	0.4574090822454463
0.1554396326174522	0.3858504655163747	0.4587099018661732
0.15574661097392853	0.3861452124814583	0.45810817654461333
0.15436973903111187	0.3872892595401525	0.45834100142873574
0.15398124190409734	0.3859876649054933	0.46003109319040947
0.15392341851999258	0.38570612257676085	0.4603704589032467
0.15583174958970333	0.3860494994044408	0.458118751005856
0.15446696536785662	0.38553825145359655	0.4599947831785469
0.15570143951724982	0.3864573970870247	0.45784116339572556
0.1557018804499488	0.38639233985468696	0.45790577969536433
0.15522852423356198	0.38716466610339584	0.45760680966304235
0.1540018328353137	0.38656321548752337	0.45943495167716303
0.15534827531794287	0.385440867919269	0.45921085676278817
0.15597516130805655	0.3854303130907785	0.4585945256011651
0.15538487686457791	0.3875294541681351	0.4570856689672871
0.15468886279543037	0.3872317861987533	0.4580793510058164
0.15557633275025828	0.3872180310280097	0.4572056362217321
0.15467522167072043	0.38682191342850647	0.4585028649007732
0.15461339413902492	0.38730460579830994	0.45808200006266525
0.15452189375163278	0.38509880535507945	0.46037930089328793
0.1542482933743441	0.38646132470827876	0.45929038191737726
0.15482346310889744	0.38726380191501025	0.4579127349760924
0.15409355708184164	0.3870792820278155	0.45882716089034303
0.15482995530645663	0.3860713776149616	0.45909866707858193
0.1548416202379121	0.38571649400759056	0.4594418857544975
0.1543249455458709	0.3869283189689073	0.45874673548522193
0.15538432993245374	0.3875001593107952	0.4571155107567512
0.15444722596494262	0.3875053815688061	0.45804739246625137
0.15480045580928728	0.38665513065212664	0.4585444135385862
0.15541469110675998	0.38502310416486646	0.45956220472837367
0.1539597792000711	0.3866924468562449	0.45934777394368415
0.15408176018322473	0.38558837786693184	0.46032986194984354
0.154436479728374	0.38698296777698415	0.4585805524946419
0.15587239713657108	0.3853624786067827	0.45876512425664634
0.1554063658618619	0.3863200323122045	0.4582736018259337
0.1557055951535319	0.3853636990230589	0.4589307058234093
0.15536047039684703	0.38620843153296414	0.4584310980701889
0.1556308254702412	0.38570445052984753	0.45866472399991143
0.15438892557205336	0.38619194500263354	0.45941912942531327
0.15592918959078378	0.3858318176880845	0.4582389927211319
0.15441265124572315	0.3871166892043191	0.4584706595499579
0.15516791006592456	0.38691107010342946	0.45792101983064615
0.15595394465375156	0.3851644117268329	0.45888164361941564
0.15562613169903605	0.38689404905233843	0.4574798192486257
0.1539324254941088	0.3858975038079121	0.4601700706979792
0.15510410502841948	0.38637946942690815	0.45851642554467253
0.1541516184227389	0.3871158339494935	0.4587325476277677
0.15432380597256334	0.3863820873278213	0.4592941066996155
0.15501254640090545	0.38528819479695825	0.45969925880213647
0.1545920738575162	0.3865085482591248	0.4588993778833591
0.1539807968018715	0.38593581280645994	0.4600833903916687
0.15586761220266385	0.38583152215047417	0.45830086564686207
0.15544029472499757	0.38639884161370697	0.4581608636612956
0.15529942357586696	0.3875333768465918	0.45716719957754137
0.1543047160233289	0.38578693700684435	0.45990834696982685
0.1553053814833601	0.385977490796514	0.45871712772012596
0.15392790900194317	0.3864889586884188	0.4595831323096381
0.15602888651850322	0.38496865667709734	0.45900245680439955
0.1555230085141144	0.3856641959298299	0.4588127955560558
0.15557672292114305	0.3857910192971341	0.45863225778172295
0.15445401901154562	0.38513941165712745	0.46040656933132706
0.1544053335527929	0.38754689158290573	0.4580477748643015
0.15535960513334257	0.3863865782835386	0.4582538165831189
0.15424612568204776	0.3874714969376989	0.45828237738025346
0.15514512477739908	0.38695450076529586	0.45790037445730514
0.15492268715526336	0.38560835555299	0.45946895729174675
0.15600846517266034	0.3867492147754324	0.4572423200519074
0.1553980886012422	0.3858520891603271	0.4587498222384308
0.1556937413934743	0.3852064857400029	0.4590997728665229
0.1557963912967955	0.38655028374495815	0.45765332495824645
0.15491638471504812	0.385422461071424	0.459661154213528
0.15457586958089536	0.3850311941365086	0.46039293628259614
0.15471956107353052	0.3852440388368234	0.4600364000896462
0.1548795430297482	0.3858255686114484	0.4592948883588035
0.15538192824100838	0.3862461086179791	0.45837196314101264
0.1558164845130659	0.38640204528513766	0.45778147020179655
0.15490035223481796	0.38496168871573416	0.460137959049448
0.15477345581925006	0.3870594905319397	0.4581670536488104
0.15402011799617513	0.38618234747847896	0.45979753452534605
0.15603974508948082	0.3859206396648036	0.4580396152457157
0.15480166625994723	0.38651395873061206	0.4586843750094408
0.15415438186639155	0.3871805707383741	0.4586650473952345
0.15433892261548038	0.3869466823829757	0.458714395001544
0.15564822811949702	0.3850553065275668	0.4592964653529363
0.15400874048101082	0.3870782544342882	0.458913005084701
0.1541840924188294	0.38753756192148164	0.45827834565968906
0.15409560991561147	0.38648239265475876	0.4594219974296299
0.1549621700342294	0.3854835836606472	0.45955424630512354
