0.34972060878016586	0.40063106407917914	0.2496483271406551
0.34909239138782144	0.4014646857988585	0.24944292281332014
0.3490054856018355	0.4012546425564876	0.249739871841677
0.3496652052599934	0.40081544620568654	0.24951934853432015
0.3496641396820922	0.40016434428633185	0.25017151603157606
0.3492071584593232	0.40093214261731513	0.24986069892336177
0.350521136105242	0.39935943507474253	0.2501194288200156
0.3493774995679871	0.4012228155780032	0.24939968485400985
0.34952874900787584	0.40043342918146146	0.2500378218106628
0.35054083191818664	0.40050130321037786	0.24895786487143562
0.34986274160499664	0.4009663095755523	0.2491709488194512
0.349339317895298	0.40077781486255226	0.2498828672421499
0.35096441798421707	0.39958231964671087	0.24945326236907214
0.34904764418253076	0.4012116576631005	0.24974069815436886
0.350026081626982	0.40085907595241443	0.24911484242060367
0.35020425452738546	0.39967352891723107	0.2501222165553836
0.3493016112478937	0.40105464219335146	0.24964374655875488
0.34908372897012396	0.40109787773531297	0.24981839329456318
0.3498289550303277	0.40113442381374875	0.24903662115592368
0.35007243180584946	0.40078947322236796	0.24913809497178271
0.3500893661214982	0.3998094058059867	0.2501012280725153
0.3502128750098707	0.3998998702818613	0.24988725470826811
0.34955975780960225	0.4013565466080762	0.24908369558232168
0.3507054832930705	0.39988703091944144	0.24940748578748814
0.3494350586727727	0.40142277972981716	0.24914216159741023
0.3501539934978501	0.4001855737724223	0.2496604327297277
0.35077557155660716	0.3995014023480618	0.24972302609533115
0.3495253090862631	0.40134813898924604	0.24912655192449093
0.34989836368902655	0.4009735148443382	0.24912812146663538
0.3492926246603614	0.4015941366047443	0.2491132387348944
0.35036091973688016	0.40057977282225465	0.2490593074408653
0.3504765238395543	0.39960038965064437	0.24992308650980144
0.3497257005560137	0.40046343153680275	0.24981086790718365
0.3501447865040844	0.4004769288132879	0.2493782846826278
0.3504899991328497	0.39999671254702146	0.2495132883201289
0.34919657879361105	0.4009280531150859	0.24987536809130317
0.3496924847983686	0.4010646998963436	0.24924281530528794
0.3492895898739765	0.40067556511695684	0.2500348450090667
0.3493871012468752	0.4009427331912707	0.24967016556185417
0.34951858001456043	0.4013807807797732	0.2491006392056665
0.35004886947155245	0.40005059942031573	0.24990053110813193
0.34957910570627204	0.4009599433082704	0.24946095098545767
0.35097413225523794	0.3995807500027584	0.24944511774200379
0.3498531557329464	0.39998719390020826	0.25015965036684545
0.3500938769156774	0.40039633370592476	0.24950978937839802
0.34920608352715216	0.4015098245437418	0.24928409192910617
0.34966877921567596	0.4010807491052425	0.24925047167908165
0.35047440892512044	0.4003680709311271	0.2491575201437526
0.3509285586631124	0.39997470653072476	0.24909673480616298
0.34979188295868	0.4010408911361072	0.24916722590521295
0.350372055227513	0.40032465052720734	0.24930329424527978
0.3504875422532497	0.39930129982115925	0.2502111579255911
0.3503291025872893	0.3996458047394115	0.2500250926732993
0.34913956304274807	0.40093317031735914	0.2499272666398929
0.35056095756701455	0.39981597297850524	0.24962306945448035
0.349142187506509	0.4009617103917092	0.24989610210178193
0.3502591235093018	0.40076414759965073	0.2489767288910476
0.34970485691552544	0.4001782719820711	0.25011687110240355
0.3504071109479392	0.4001397776746728	0.24945311137738813
0.34980231877861373	0.4010295341234411	0.24916814709794527
0.3499092946844471	0.4001536048825035	0.2499371004330495
0.35008497955195095	0.4008668182997893	0.24904820214825985
0.3501246228211856	0.39985172581639516	0.2500236513624194
0.3506308831636099	0.3993510742878884	0.2500180425485018
0.35047959356106584	0.40010634154682123	0.2494140648921131
0.35000546368664304	0.40103939299281965	0.24895514332053742
0.35040828540906205	0.39992999033872767	0.2496617242522104
0.3495435690917099	0.4003519801692402	0.25010445073904997
0.35095263258639786	0.39984529175209915	0.24920207566150304
0.3492753993495901	0.40090789237308955	0.2498167082773205
0.35002560540954597	0.3999089723598471	0.250065422230607
0.35073254585393293	0.39945401418756354	0.24981343995850364
0.3494387206170486	0.4010223794509282	0.24953889993202324
0.3506987351137893	0.39963698273199355	0.24966428215421727
0.34901555677717233	0.40084413279417364	0.2501403104286542
0.35003833880531166	0.4008631649830487	0.24909849621163976
0.3498944535726218	0.4006707850216048	0.24943476140577356
0.3492800804352236	0.4009218266334722	0.24979809293130428
0.349795002283715	0.40076665038341125	0.24943834733287387
0.35056892122807837	0.3996809077436525	0.2497501710282693
0.349695826968066	0.40021317499016185	0.2500909980417723
0.35041950410369116	0.3998202129604105	0.2497602829358985
0.34957981573934155	0.4003923269432572	0.25002785731740135
0.35012963168503575	0.3996601209750781	0.2502102473398862
0.34908417294659033	0.40110122770415674	0.249814599349253
0.3504737663371541	0.4003126594368669	0.24921357422597917
0.3499448679525586	0.3998420296449395	0.25021310240250205
0.34969415837401907	0.40047039490046926	0.24983544672551178
0.3503795561934714	0.39965348148561103	0.2499669623209177
0.3501332712717999	0.39982345163516037	0.25004327709303986
0.349613823529642	0.4005820015326133	0.24980417493774482
0.34962663495703533	0.40068148169237155	0.24969188335059322
0.34917971591499647	0.40068254222958544	0.2501377418554182
0.35073293097915015	0.3996358958291304	0.24963117319171957
0.350972085461334	0.39970195305264034	0.24932596148602576
0.3497476989121816	0.4004407424290349	0.2498115586587836
0.34933204941847446	0.40145707474535	0.24921087583617568
0.3491239501399544	0.4011262076289567	0.24974984223108904
0.35059650520661556	0.3996517607814759	0.24975173401190864
0.3492363202226401	0.4010358041190473	0.24972787565831267
0.3505851896191736	0.40032388695723653	0.24909092342358996
0.34945397812812823	0.40116294460305546	0.24938307726881642
0.3505495648930781	0.4000276970059031	0.2494227381010189
0.3498522759759538	0.40059265254147736	0.24955507148256895
0.3491071936282711	0.4009976742076605	0.2498951321640685
0.3505258741004699	0.4000742073807348	0.24939991851879537
0.3507291339059611	0.40007565844183895	0.24919520765220002
0.3502512598792059	0.40012326444880925	0.2496254756719849
0.35026411260814183	0.40038296290105674	0.24935292449080154
0.35018898094329964	0.4002892396185113	0.24952177943818915
0.3506648301376882	0.3999630036875574	0.24937216617475455
0.3508668359930603	0.4000299974892128	0.24910316651772701
0.35029109101763206	0.3999191117887769	0.24978979719359112
0.34942841385839	0.40080232584041564	0.24976926030119445
0.3498060992277733	0.4001415192892529	0.2500523814829739
0.35025336035911286	0.40074512783706145	0.2490015118038258
0.3507983710357947	0.4001972706713611	0.2490043582928443
0.35044355956703366	0.40006311356072116	0.24949332687224526
0.35008456491571105	0.4003039644265959	0.24961147065769318
0.3497298858375243	0.40092082853968963	0.2493492856227862
0.3507478872283995	0.39949368498073196	0.24975842779086865
0.3496598221628254	0.40046453404337184	0.2498756437938029
0.3499056595343317	0.4002574860586663	0.2498368544070021
0.34943350064889533	0.40153288211653193	0.24903361723457285
0.3505272261082893	0.4001550382791601	0.24931773561255077
0.349108074979789	0.4015988954162277	0.24929302960398342
0.3503871278815331	0.39957881398015926	0.2500340581383078
0.35037703258344416	0.4005667364388976	0.24905623097765828
0.350480976313747	0.3996803529186203	0.24983867076763283
0.3495838626452301	0.4011389249473166	0.24927721240745337
0.3505464569966261	0.39976493188021783	0.24968861112315616
0.3504005598687549	0.3993245287118063	0.2502749114194389
0.3507066177444684	0.3998988060112284	0.24939457624430333
0.3507484136726219	0.40021495048018824	0.24903663584718996
0.3490933196741098	0.40150925572838314	0.24939742459750722
0.35071443393987217	0.3999526880250302	0.24933287803509774
0.3508302379350775	0.39955978007686377	0.2496099819880588
0.35058430975768623	0.4002428411961432	0.2491728490461707
0.34924398486770103	0.4011692716006663	0.2495867435316328
0.3499313556632146	0.4003423939814691	0.24972625035531637
0.35089367654663484	0.40011028138662763	0.24899604206673762
0.34995511505493504	0.40021646517444814	0.24982841977061698
0.3507824199614179	0.4002476708612126	0.24896990917736964
0.3507840867222665	0.3993459690198745	0.24986994425785908
0.35050825549321696	0.399340016594138	0.25015172791264517
0.3494113474895928	0.40062569495378625	0.24996295755662104
0.3490603423239447	0.401338080327925	0.24960157734813043
0.34956609861961985	0.40033408086401445	0.2500998205163658
0.3490283512821107	0.4007410797237191	0.25023056899417034
0.34937492355159483	0.4007851843896577	0.2498398920587476
0.34970252459242485	0.4011868310527874	0.24911064435478786
0.3508378394657483	0.39947101424778436	0.24969114628646744
0.34989833814667115	0.3999138321346455	0.2501878297186835
0.35030011732894006	0.4005275931561232	0.24917228951493686
0.3498809832635726	0.4003315464542485	0.249787470282179
0.3497485715830001	0.4007574981822745	0.2494939302347255
0.35008315824065844	0.400089175663627	0.24982766609571466
0.34901067524015295	0.4007898087445531	0.25019951601529405
0.34985609127734657	0.4004511548852257	0.24969275383742784
0.3505391479661957	0.4003705138663325	0.249090338167472
0.34970375366393636	0.40025991248875964	0.2500363338473041
0.35062984795584123	0.39982908450610594	0.24954106753805294
0.3502578362766204	0.40044358507563116	0.24929857864774851
0.34957887930352216	0.4006631763212194	0.24975794437525856
0.3504192894116771	0.40062145426149964	0.24895925632682342
0.35030074198872985	0.400718236257176	0.24898102175409428
0.3493175325600525	0.40118798856032434	0.24949447887962328
0.3492223980072867	0.400583441670181	0.2501941603225324
0.3499776518359459	0.4000091357294588	0.2500132124345954
0.34970600366732696	0.4001657088572112	0.250128287475462
0.3495657801790866	0.40122104672823006	0.24921317309268345
0.3503492668409681	0.40059929758095797	0.24905143557807402
0.3498829734391019	0.4009173469248965	0.2491996796360017
0.35075205374740415	0.3994355063316748	0.24981243992092111
0.3503798888625326	0.4003380912006639	0.24928201993680366
0.3498210730267571	0.4006004101940802	0.2495785167791628
0.3498182047503099	0.4004062209326974	0.2497755743169928
0.3496225156545358	0.4011497184165732	0.2492277659288911
0.34984663434471575	0.40014402802179355	0.2500093376334908
0.34922098982838606	0.4006468947694976	0.25013211540211644
0.350100217396036	0.4008503739806687	0.24904940862329547
0.3493098829902606	0.4011312370031578	0.24955888000658177
0.34988971587843765	0.39985934695077485	0.2502509371707876
0.35024240042061183	0.39998493472835334	0.24977266485103491
0.3505564622821902	0.40038854780044486	0.2490549899173651
0.3502951539315271	0.3997458245445265	0.2499590215239465
0.3489968932205472	0.4015412164944525	0.24946189028500038
0.3497267845424495	0.40091714826864167	0.24935606718890896
0.34989564170168114	0.4005325854384877	0.24957177285983123
0.3503282388383976	0.4005963868753117	0.24907537428629084
0.34916384786967636	0.4012743432185539	0.24956180891176988
0.3491001972948591	0.40139894852865354	0.24950085417648743
0.3502216398919972	0.4002990810120517	0.2494792790959512
0.3492774241424482	0.40096937680345307	0.24975319905409882
0.349263827514509	0.40045018191738185	0.25028599056810924
0.3490027544565942	0.40081414312331665	0.25018310242008934
0.3494994353242728	0.40141770624589196	0.24908285842983535
0.3492617277912657	0.40049563626276274	0.2502426359459717
0.34981728998372985	0.40083937759000154	0.24934333242626872
0.34984173628230536	0.40080542182937673	0.24935284188831802
0.3507197475579167	0.40019247074425507	0.24908778169782836
0.34902029442705984	0.4015742983788454	0.24940540719409487
0.34903608923311313	0.40099002647781085	0.24997388428907613
0.3500735097456461	0.4003275061460988	0.24959898410825526
0.3493837560960626	0.40102143133868084	0.24959481256525665
0.3491670174762144	0.401652667879619	0.24918031464416668
0.35006387259797844	0.4000143930744897	0.24992173432753195
0.35066242850950513	0.39963546000939365	0.24970211148110133
0.35031750547310586	0.39989348651046286	0.24978900801643142
0.35065835196468725	0.39942960606379363	0.24991204197151923
0.3494501809845083	0.4011451885462464	0.24940463046924535
0.35048144685920446	0.39999432880607205	0.24952422433472363
0.35021673500314937	0.40032069735115505	0.2494625676456957
0.350750712541789	0.3999839184792202	0.24926536897899088
0.3496203400465318	0.40132192178613724	0.2490577381673311
0.3491975773961074	0.400899644067804	0.24990277853608872
0.34953589776538974	0.400522949037803	0.24994115319680738
0.35053398951454356	0.4003308421849422	0.24913516830051435
0.3506783744112534	0.39929300481855623	0.2500286207701905
0.3507989454070707	0.39989705854878416	0.24930399604414524
0.3503312996889703	0.4005521540303495	0.2491165462806803
0.34960216724918297	0.4004499124570425	0.24994792029377466
0.3503673374365281	0.40013301094868303	0.24949965161478893
0.3496487616651848	0.4001265772917362	0.25022466104307906
0.35066540177323463	0.4003198969129979	0.24901470131376757
0.3505201605286728	0.4002710207238057	0.2492088187475216
0.3492334841758912	0.4010389603982771	0.24972755542583186
0.3499508454207552	0.4001589168434259	0.24989023773581895
0.35066385892397084	0.40034700980646964	0.24898913126955963
0.35067445087581806	0.3995850298803216	0.24974051924386048
0.3499868205269007	0.4002072031455684	0.24980597632753102
0.3501624720317133	0.40002142801948803	0.24981609994879878
0.35058066440624425	0.4000145883300359	0.24940474726372
0.3490254683293185	0.40123068647495375	0.24974384519572787
0.34980530953639954	0.4002811582811167	0.24991353218248383
0.3508348948005758	0.40013403638398937	0.249031068815435
0.3506047235501334	0.40014404401990394	0.24925123242996275
0.350233291839107	0.3994907116693758	0.25027599649151727
0.3505567235730038	0.39946698283124227	0.24997629359575405
0.35009668831739404	0.40013429121830846	0.24976902046429766
0.3493049878990508	0.4016332283266919	0.2490617837742574
0.3496623309593609	0.40059659993388586	0.2497410691067534
0.3494505996283374	0.4007020709717687	0.24984732939989399
0.3490523730898936	0.4015224524812452	0.2494251744288613
0.3503357172665903	0.3996659545611645	0.24999832817224532
0.3506729524169633	0.39977314017194676	0.24955390741109007
0.3498018885291859	0.4006447469710258	0.24955336449978838
0.3506991019766031	0.3998677050040872	0.2494331930193098
0.3504943456519091	0.39993322100704504	0.24957243334104598
0.35082584573519643	0.3994419745748259	0.2497321796899778
0.3506510573898844	0.39960059188156877	0.24974835072854695
0.3505028550398935	0.40034631925247854	0.2491508257076281
0.35045612476901433	0.4004384828027201	0.24910539242826563
0.3501489963349405	0.3995794591261237	0.25027154453893596
0.35068489182776375	0.39937220245240845	0.2499429057198279
0.35024967778388233	0.4005020509993346	0.2492482712167832
0.3499791809565867	0.3999541388514112	0.2500666801920022
0.349716519881917	0.4003098749257076	0.24997360519237555
0.34903932191097825	0.4010636056825996	0.24989707240642225
0.34912172282125675	0.4015687496216216	0.24930952755712177
0.3504794359626195	0.40051128583857176	0.24900927819880886
0.3501424524128699	0.3998415952779	0.25001595230923024
0.3496240137477877	0.4013731895697375	0.24900279668247494
0.3497892350376544	0.40011565260102677	0.250095112361319
0.35063560555258716	0.39996712328947726	0.2493972711579357
0.3508401862976312	0.3997146021011935	0.24944521160117544
0.3504133968858339	0.39992694741140805	0.24965965570275817
0.34982279226413787	0.4005342763966092	0.24964293133925308
0.34956093117155135	0.4003695490632308	0.25006951976521796
0.3499058411531807	0.40035333226890224	0.2497408265779172
0.3493529118222169	0.40145912514526877	0.24918796303251445
0.349348236910505	0.40119267083128707	0.24945909225820806
0.35055858340682894	0.4004169507207779	0.2490244658723933
0.35028039236756303	0.400558036010885	0.24916157162155203
0.35096560566296814	0.3999473753532336	0.24908701898379837
0.3492947225975481	0.4012533465112231	0.24945193089122894
0.35083108455535594	0.40020470304102884	0.24896421240361533
0.35045945905963644	0.40048962573089647	0.24905091520946723
0.34947880571911083	0.4005307742617584	0.24999042001913085
0.349603056537967	0.4002944072708783	0.25010253619115475
0.35004568742073083	0.3999153194377684	0.2500389931415008
0.3500756130714065	0.4005294749219884	0.2493949120066052
0.3502519117895996	0.4001945345868294	0.24955355362357118
0.3492955065978442	0.40110732896060475	0.24959716444155114
0.3494952379106462	0.40140150253844853	0.2491032595509054
0.3499104809859313	0.39981985075654736	0.2502696682575215
0.3495041776833073	0.40126101366509825	0.2492348086515945
0.350008741122824	0.40015080465969566	0.24984045421748052
0.3508225216027593	0.3992925333257172	0.24988494507152362
0.35040850498595416	0.3993950610272059	0.2501964339868401
0.34982895898176414	0.4011854709461877	0.24898557007204827
0.3504375039083742	0.39953086375504987	0.25003163233657605
0.3506038091809725	0.39954628043924045	0.24984991037978713
0.35050948015812977	0.39974880566690413	0.2497417141749662
0.34945150200251096	0.4013961810220411	0.24915231697544798
0.35043172943027084	0.3998642038001247	0.24970406676960455
0.349089023177877	0.40165641122067747	0.24925456560144568
0.34919056879726085	0.40082236795685316	0.24998706324588613
0.34996816068691877	0.400622694393294	0.24940914491978733
0.3500971532131441	0.3997390902075372	0.25016375657931883
0.3501716087676787	0.39978643336102143	0.2500419578713
0.34925349050148025	0.40047724446614175	0.2502692650323781
0.3496297894254114	0.40021772120219173	0.250152489372397
0.3500746104210686	0.40065288970016955	0.249272499878762
0.3494828729936576	0.40060406002336635	0.2499130669829762
0.3499379098132906	0.40012219040623676	0.2499398997804727
0.3495681524927241	0.4007584633160455	0.24967338419123056
0.3498612495675361	0.4004357518561026	0.2497029985763614
0.3503369501466172	0.3997153352698406	0.2499477145835423
0.3491013526125715	0.40075529610512456	0.250143351282304
0.34999809296755036	0.4010429048815854	0.24895900215086436
0.34965686512397115	0.4003993493000143	0.24994378557601465
0.3495123748101441	0.40141224972360007	0.249075375466256
0.3499998688243555	0.4005029154819588	0.24949721569368583
0.35045861547371304	0.400393223529234	0.24914816099705306
0.34929742476634995	0.40146946829290797	0.24923310694074222
0.35063616973973555	0.3999584918849249	0.24940533837533968
0.35040381321128333	0.3996879773483236	0.24990820944039321
0.349313363543196	0.40113552326756663	0.24955111318923756
0.3490822389624525	0.401157593495244	0.24976016754230365
0.3505928980402415	0.40004711790254477	0.24935998405721382
0.3494891571744505	0.4012182725688637	0.24929257025668586
0.3494026938337833	0.40120090348806897	0.24939640267814783
0.3498201555340813	0.4009934233693344	0.24918642109658437
0.350084679177767	0.39994874460444785	0.24996657621778526
0.3500519767388475	0.40051476103329003	0.24943326222786255
0.349294511375497	0.40053658342893195	0.2501689051955711
0.3509056252210567	0.39972865211871367	0.24936572266022977
0.34971705557419713	0.40097083347644547	0.24931211094935748
0.35064107242690046	0.39952857355297866	0.249830354020121
0.3496117677782622	0.40056326283041394	0.24982496939132395
0.34912761367634776	0.4013371849939139	0.24953520132973844
0.34994837432609194	0.4000351270319408	0.2500164986419674
0.34962479540694696	0.40110836517350934	0.24926683941954378
0.3499543626047011	0.39999073137963603	0.250054906015663
0.3499321430038179	0.40075720151775207	0.24931065547843007
0.35047626951838806	0.39987384033027784	0.24964989015133424
0.3495297353836135	0.4011542573591781	0.24931600725720857
0.3490633164275068	0.4013283901342839	0.2496082934382094
0.34961188764251316	0.4008278506044031	0.24956026175308385
0.3502723117062288	0.4006280344475396	0.24909965384623173
0.34977992497439325	0.40075051431934094	0.2494695607062659
0.3494571756460679	0.4012890158302261	0.24925380852370613
0.3498579693280669	0.4006031873040064	0.24953884336792687
0.3503716657391447	0.3998434975343006	0.2497848367265548
0.3506525762101341	0.3996197907882818	0.24972763300158418
0.3495520712953706	0.4012250293644915	0.24922289934013803
0.3489991015990399	0.4012760443289347	0.24972485407202547
0.3494555106541849	0.40076574288243705	0.24977874646337814
0.3495538051532004	0.40115135491525666	0.24929483993154306
0.34987989368182615	0.4010939811399482	0.24902612517822578
0.34931489274177074	0.4006934301317604	0.24999167712646897
0.3495495616355343	0.4009001377072408	0.249550300657225
0.35012012494379713	0.4001090265195501	0.24977084853665288
0.3504842436382909	0.4005375977147356	0.2489781586469736
0.3507773683233321	0.3998241169795516	0.2493985146971164
0.3499829593875439	0.40050093811613535	0.24951610249632084
0.34906960561788214	0.4009251479087284	0.2500052464733896
0.350479761882055	0.39972690378076764	0.2497933343371775
0.350411087877522	0.40017940163321714	0.24940951048926097
0.35023861530822525	0.4005585947527429	0.24920278993903194
0.35047359323596144	0.3993515516186998	0.2501748551453389
0.350139910358412	0.40042728356586293	0.24943280607572513
0.35060449318185444	0.39978560434029464	0.24960990247785103
0.34994764325182737	0.4005923405287968	0.2494600162193759
0.34967021693848566	0.4010664583452489	0.24926332471626556
0.34929760428829093	0.40122630857345915	0.24947608713825004
0.34903478694989887	0.40134242021027366	0.24962279283982763
0.3504052933012805	0.39936121437188404	0.25023349232683556
0.3498814583502063	0.4000369412164926	0.2500816004333013
0.34906917373896695	0.400736337769375	0.25019448849165815
0.35053370442173004	0.3998684813368947	0.24959781424137534
0.3503712048629314	0.3994619395401585	0.2501668555969102
0.34981425859884213	0.40011363026936325	0.2500721111317947
0.349279500049573	0.4013566703070472	0.24936382964337994
0.34906883842495096	0.40080001778207275	0.2501311437929764
0.3504320344473394	0.40038852632468025	0.2491794392279805
0.3500381443708834	0.4008803424139359	0.24908151321518085
0.35039135420629886	0.4002282464269329	0.24938039936676842
0.35013733386939166	0.4001062804548017	0.24975638567580677
0.3504741034168525	0.3999365143540076	0.24958938222914
0.3498005319751603	0.4005946720449226	0.2496047959799172
0.34994497821476	0.4005153626174637	0.24953965916777646
0.3499547008973009	0.40035084559303086	0.24969445350966835
0.35052653539734685	0.4001728747454656	0.24930058985718773
0.3509028485876925	0.3996267822675472	0.2494703691447604
0.3502861011955813	0.40037025361089684	0.24934364519352195
0.3500193078879045	0.39995193295245923	0.25002875915963635
0.35044535411607286	0.40039455657105033	0.24916008931287692
0.3500341156907798	0.39988171175671056	0.25008417255250975
0.34948718956254	0.4010648165784331	0.24944799385902702
0.3501455298459285	0.40055202634436154	0.24930244380971006
0.3502188618908116	0.40025205208397524	0.24952908602521331
0.3498189556855449	0.4003462725939717	0.24983477172048352
0.34918551466543035	0.4016428914154468	0.24917159391912297
0.35028104141972893	0.40036829885116326	0.24935065972910786
0.35044791904355654	0.3996594263727134	0.24989265458373017
0.3493528803487671	0.4006853697636704	0.2499617498875626
0.3505361994649304	0.39944237930328796	0.2500214212317817
0.35029609156845193	0.39993803356827506	0.24976587486327312
0.34908424171591024	0.40090996284122643	0.25000579544286344
0.34972389006686366	0.40071488792637333	0.24956122200676317
0.34995676675640636	0.400089688895335	0.24995354434825878
0.3504306128465658	0.4003804291850372	0.24918895796839713
0.3506652922127988	0.3995770077474328	0.24975770003976852
0.34963669739196646	0.400983224914317	0.24938007769371665
0.3491152307073275	0.40076003325359594	0.25012473603907676
0.34953591129823186	0.4006173907601251	0.24984669794164313
0.3491598593337317	0.40110573629728324	0.24973440436898514
0.34959920187478505	0.40035499677898656	0.2500458013462285
0.34958928178851206	0.4006389455402156	0.24977177267127246
0.34998477797646926	0.40022133602257376	0.2497938860009571
0.349660445771912	0.4007077793705438	0.2496317748575443
0.3498918588701358	0.4007730183791613	0.24933512275070302
0.3497484958256926	0.40074054606582576	0.24951095810848173
0.3509814354607627	0.3995555662583425	0.2494629982808949
0.3491266140944869	0.4007130908137597	0.2501602950917535
0.3503388232667124	0.3998830764723442	0.24977810026094346
0.34939630080963996	0.4015835538426047	0.24902014534775543
0.35037305000502694	0.4003576076059058	0.2492693423890674
0.34978790434013596	0.4001451110929677	0.25006698456689647
0.35064739583875976	0.40025123357613224	0.24910137058510815
0.35035239279745845	0.40045294869376297	0.24919465850877873
0.34914463097005705	0.40166811544236314	0.2491872535875799
0.3493423058599219	0.40129343097941345	0.24936426316066476
0.34918633319559	0.40127302128134257	0.2495406455230676
0.3497065739188817	0.40093584029086166	0.24935758579025674
0.34906167770404456	0.40096105450447694	0.24997726779147855
0.3499702836637134	0.4008304809625561	0.24919923537373062
0.3506042297772535	0.40033109857758814	0.24906467164515847
0.3492439527621846	0.40092168137454753	0.249834365863268
0.3496581226257054	0.4005641292796316	0.24977774809466313
0.3499680811589688	0.40107387179452225	0.248958047046509
0.34963050568308557	0.4007459899261671	0.24962350439074737
0.34914149384516363	0.4008664101623126	0.24999209599252384
0.3494206839581146	0.40037168559190905	0.2502076304499764
0.349372362232262	0.40154837235430224	0.2490792654134359
0.3491939427887977	0.4014941719699693	0.24931188524123316
0.3503929012520554	0.39987786234785005	0.24972923640009465
0.34938686129434693	0.4006167272296733	0.24999641147597995
0.35079517154967477	0.40017118724564005	0.2490336412046853
0.34945080499830644	0.4004923511835354	0.2500568438181583
0.3499149359223091	0.4011277402362419	0.24895732384144909
0.3491509691658896	0.40140399365390933	0.24944503718020117
0.3505708076508633	0.3998971088731412	0.24953208347599562
0.3496527201335459	0.400867247087201	0.2494800327792532
0.3493754748662004	0.40096318539167675	0.24966133974212293
0.349785997425773	0.4006747039189004	0.2495392986553267
0.34917814981127093	0.401311416024021	0.2495104341647082
0.3496495600031189	0.4011383865576797	0.2492120534392015
0.3504617424739738	0.3999838005466326	0.2495544569793937
0.3500527936457104	0.40098085515592474	0.24896635119836497
0.3495354922575922	0.4008173417878437	0.24964716595456427
0.3490518639848442	0.4007258277125605	0.2502223083025954
0.34969884813413843	0.4009571507127976	0.2493440011530641
0.3498584964220838	0.40074345404386846	0.24939804953404787
0.3496145168776067	0.4011549182768746	0.24923056484551884
0.35051989979937065	0.3999765585053492	0.24950354169528027
0.35079422898660284	0.39933794688268637	0.2498678241307109
0.34930580984735643	0.40047959783474385	0.25021459231789983
0.34922633512297463	0.4012438028636882	0.24952986201333727
0.3491123928953003	0.40144116063004487	0.24944644647465486
0.35060330835139764	0.3998904624742988	0.24950622917430368
0.3506424015738597	0.4003563036932816	0.2490012947328588
0.35030673586302474	0.4005282644762391	0.2491649996607363
0.34997192069765015	0.4004686387576411	0.24955944054470885
0.34960329228003656	0.4013121230728839	0.24908458464707967
0.350793948102124	0.3999730591966234	0.24923299270125268
0.3502892159759204	0.3998469160448032	0.2498638679792765
0.34933242463466524	0.4008308872289431	0.24983668813639176
0.3507662202741312	0.39930504743754375	0.24992873228832518
0.34925413060885807	0.4010275857182002	0.2497182836729419
0.349711260429032	0.40018349507237705	0.25010524449859106
0.3501447791246191	0.39983269590289855	0.25002252497248245
0.35046105708773245	0.4002165423877379	0.24932240052452972
0.3492982048180515	0.40076504455438444	0.24993675062756415
0.35097716750500463	0.3992711786098263	0.24975165388516918
0.3506464949426643	0.40006682518001696	0.24928667987731887
0.350148142098086	0.4000308555460418	0.24982100235587235
0.3496631616773723	0.40012720390295414	0.2502096344196736
0.3499328811733516	0.39980530518626767	0.2502618136403809
0.3504598195077333	0.39927903616470684	0.2502611443275599
0.35081920317278326	0.3999071412504106	0.2492736555768063
0.3504147823237876	0.4002200691046672	0.24936514857154535
0.34995471648125764	0.40040061563103224	0.24964466788771025
0.34951768019874146	0.4013343763120926	0.24914794348916605
0.349317475469544	0.4007747458805817	0.24990777864987443
0.3503762417046553	0.39947007965491754	0.25015367864042726
0.34929867123469366	0.40069169160257856	0.25000963716272784
0.34963123347181757	0.40039875635094635	0.24997001017723616
0.3508260235355103	0.39968699233841465	0.24948698412607517
0.3499855145494607	0.40085083069359034	0.24916365475694907
0.3503544443913108	0.40004303637792504	0.24960251923076432
0.34999038967583657	0.4000671410308776	0.24994246929328595
0.3499817852443467	0.40094484641050454	0.24907336834514884
0.350917838872284	0.3995871075798784	0.2494950535478377
0.3493814257479655	0.40114602358827167	0.24947255066376295
0.3507802832937179	0.39944221324417833	0.24977750346210387
0.34996664754766565	0.4009703648962862	0.24906298755604828
0.3490132797873034	0.40108460916630406	0.2499021110463926
0.34968615433882005	0.40027030184350154	0.25004354381767846
0.34939572312774103	0.40094005431574076	0.2496642225565183
0.34918043672846033	0.4014799890169871	0.24933957425455264
0.350487374963766	0.3994666840272944	0.25004594100893973
0.349527529228012	0.40081384703506245	0.24965862373692566
0.35057922280746934	0.40011740410301844	0.2493033730895123
0.3499594394310675	0.40090065877078696	0.2491399017981456
0.35056630479749934	0.4001526272438003	0.24928106795870048
0.3498888660538665	0.4007933110149217	0.24931782293121188
0.35078305723498726	0.3994281838198198	0.2497887589451931
0.3494854410794651	0.4007976285370622	0.24971693038347278
0.3499948859904864	0.4002523108531308	0.24975280315638293
0.35008794054296	0.39998132226993266	0.2499307371871074
0.349620026257925	0.4009349918628087	0.24944498187926645
0.34978930324427493	0.40050927031775785	0.24970142643796733
0.3505985258213525	0.39941396967304754	0.24998750450560012
0.3499732207283121	0.40032966515235824	0.24969711411932977
0.3491610492284638	0.40057348828388567	0.25026546248765064
0.3492602916883744	0.4014424877089343	0.24929722060269138
0.34968902841004124	0.4008669597468304	0.2494440118431285
0.3501098974188364	0.4007089127119422	0.24918118986922147
0.35058564270838355	0.39933895874542913	0.25007539854618743
0.34974855221062306	0.40121334410676773	0.2490381036826093
0.34946995771309697	0.40049103116203666	0.25003901112486654
0.3504919931639748	0.3998940186051125	0.24961398823091288
0.34898912702339874	0.4015592848927967	0.2494515880838047
0.3495277976145068	0.40146502254419414	0.24900717984129916
0.35061122935741756	0.39960787527165964	0.24978089537092293
0.35000518267648756	0.39977540053172267	0.2502194167917899
0.350545758614686	0.3997952128994943	0.24965902848581978
0.34973702822422525	0.4008106596628829	0.24945231211289198
0.3500654222353736	0.40034789577386637	0.24958668199076015
0.34919679635484085	0.4016305169093852	0.24917268673577403
0.3501515505244742	0.40031297173210384	0.24953547774342205
0.3506792711517233	0.4000696817807983	0.24925104706747844
0.3508413279895286	0.39973392187942125	0.24942475013105023
0.3493132934068383	0.40099386063452513	0.24969284595863667
0.3501873890743792	0.4001455232255274	0.24966708770009355
0.34962976656353534	0.40126850064292585	0.24910173279353892
0.35045671635617426	0.4003047770522383	0.24923850659158756
0.35026723675822696	0.40058805515502416	0.24914470808674896
0.3501356713795092	0.40057593850530626	0.24928839011518472
0.3500034829413863	0.40007540194379665	0.24992111511481718
0.3491377990817076	0.4009669815384961	0.24989521937979645
0.35051176231350034	0.4000678050958786	0.2494204325906212
0.35009019626766624	0.40004026196962256	0.2498695417627113
0.3503971089092654	0.400359246860034	0.24924364423070072
0.34996615558018973	0.4003329706647481	0.24970087375506228
0.3493075155147758	0.400700829076005	0.2499916554092193
0.3494017629044716	0.4016383450155683	0.24895989207996022
0.3503176935218279	0.40009059376624256	0.24959171271192965
0.35046637854138524	0.3999004814960184	0.24963313996259645
0.35056699281569836	0.40005086216719654	0.24938214501710518
0.3501155960839798	0.4003974411114414	0.2494869628045789
0.35011801408183085	0.3998196452191951	0.25006234069897415
0.3497398490650587	0.4001548363526693	0.2501053145822721
0.3490623378422011	0.40090706135441245	0.25003060080338657
0.3506175565246249	0.3995436758975715	0.2498387675778037
0.349509017475989	0.4011784432620367	0.2493125392619744
0.3492990083392617	0.4015209834175502	0.24918000824318826
0.34952570567618335	0.4004531928359511	0.25002110148786566
0.35031786185829283	0.3998933720104606	0.24978876613124673
0.3503788242687858	0.4006503626067534	0.2489708131244609
0.3502789761028957	0.4003827696546402	0.24933825424246417
0.3502146908353891	0.3998118307719031	0.24997347839270792
0.3497407362821978	0.40113645598279635	0.249122807735006
0.35082973952271035	0.39979601797444253	0.24937424250284718
0.3506362166240073	0.39998573524166603	0.2493780481343268
0.350438246663825	0.4001534769381401	0.249408276398035
0.34990560520147723	0.40109819634794197	0.24899619845058096
0.35006769990274067	0.4006271885008619	0.24930511159639757
0.35014279419020067	0.4002641844824887	0.24959302132731082
0.35050564214881824	0.4003592491854885	0.2491351086656934
0.3493844504654179	0.40123886934911746	0.24937668018546477
0.3507947054655136	0.39943998412440573	0.24976531041008077
0.34917042010097316	0.401332969556608	0.2494966103424189
0.3494325958452547	0.40082167713290345	0.24974572702184195
0.34917787134066414	0.4011195950067712	0.24970253365256484
0.35046956463434165	0.4000912254345994	0.24943920993105906
0.35025555343973797	0.4007519502703123	0.2489924962899499
0.34972972397592256	0.40062850009359563	0.24964177593048192
0.3501538683961527	0.40065614333377364	0.24918998827007371
0.3495931716349462	0.4004751299131799	0.24993169845187402
0.35022456787983886	0.4000434874506485	0.2497319446695128
0.35009523813988747	0.4000925110165025	0.2498122508436101
0.34972886943394177	0.4006421770493148	0.24962895351674352
0.35019568546613855	0.4003937984812483	0.24941051605261327
0.35008883626471365	0.40069886736799687	0.24921229636728964
0.3490211184892881	0.40142487012595135	0.2495540113847607
0.3493694552408219	0.40075458516709733	0.24987595959208084
0.349265527545923	0.40125567109612637	0.2494788013579507
0.3500406861353865	0.3999644252816611	0.24999488858295252
0.3490053590813832	0.4012046729674246	0.2497899679511923
0.3494593292416833	0.40122187727090264	0.24931879348741415
0.3494684878356178	0.40055760232655385	0.24997390983782847
0.3502163947768887	0.39972574076556794	0.25005786445754347
0.34936463218831276	0.40076749281249385	0.24986787499919347
0.35046918645678216	0.39982714739177594	0.24970366615144202
0.3493838892943839	0.40079923908706017	0.24981687161855604
0.3495023167988381	0.4009013202492203	0.2495963629519417
0.3493384641787944	0.4015693615657245	0.24909217425548127
0.34971365402123017	0.40103682976304017	0.2492495162157298
0.3502890357133211	0.40025570030156776	0.24945526398511123
0.3491344694046873	0.4009316239112121	0.2499339066841007
0.3501245516302294	0.4006054533668246	0.24926999500294617
0.3492650486285312	0.40078366684493505	0.24995128452653387
0.34948958808132563	0.4005080145463836	0.25000239737229085
0.35033981322485297	0.40033082572860523	0.24932936104654196
0.3492275993580247	0.40084534640546776	0.24992705423650763
0.34951904822882895	0.4008625566305041	0.24961839514066708
0.3507468646084024	0.40008224620457533	0.24917088918702238
0.35059992217444885	0.39981084235033293	0.24958923547521833
0.3505266337703573	0.3996502285801289	0.24982313764951394
0.3491526773053502	0.400624367894423	0.25022295480022694
0.3501321550598996	0.39960527049753425	0.2502625744425663
0.349050730184063	0.4013444648024625	0.24960480501347462
0.34938656935367135	0.40093947282689774	0.24967395781943102
0.35034550615377824	0.40021910477846917	0.2494353890677527
0.3504053338567919	0.3998698505308201	0.24972481561238813
0.3499307361398473	0.400199711446226	0.24986955241392678
0.3495835831338241	0.4013086431860535	0.2491077736801225
0.34979781914000496	0.4001915810643201	0.25001059979567497
0.35089350331356856	0.399343489373282	0.24976300731314952
0.3504917578442707	0.3993992869533503	0.250108955202379
0.3490703508751343	0.4010771166953949	0.24985253242947086
0.34977745095694707	0.4002173056345062	0.2500052434085468
0.3496683697823387	0.4003843415684165	0.2499472886492449
0.35040476901841383	0.39994727607590125	0.24964795490568503
0.34904411440886934	0.4011476384156337	0.24980824717549704
0.3499068148745771	0.40048344142958436	0.24960974369583863
0.3494055548965326	0.4009950512284083	0.24959939387505922
0.3506306954822948	0.4002413999580735	0.2491279045596318
0.35087572553814994	0.39936533251079626	0.24975894195105391
0.35085195403608643	0.3994647244011421	0.24968332156277162
0.34925643619655783	0.40101147603223253	0.24973208777120975
0.3497935730664713	0.4008203159729365	0.24938611096059238
0.3503455171833604	0.39964619023258696	0.2500082925840527
0.34983085398569475	0.4007424060816914	0.2494267399326139
0.34996793911466656	0.4003401007507783	0.24969196013455527
0.3497722086478487	0.400322832903118	0.2499049584490334
0.35074674494031044	0.3996387228184215	0.24961453224126817
0.34971154882983435	0.4012891290694659	0.24899932210069986
0.3494698974482621	0.40095731093188924	0.24957279161984874
0.35043260896191764	0.39961019890622634	0.24995719213185613
0.3498933539629074	0.4007984148278038	0.2493082312092889
0.35005268048368965	0.3998040251683778	0.25014329434793264
0.3497833887165327	0.4002929887914026	0.2499236224920648
0.3502741429309029	0.4001292216894483	0.24959663537964888
0.3508367709879966	0.39971842311930356	0.24944480589269996
0.34967219449753123	0.4009930364126312	0.2493347690898377
0.3497144660772145	0.4002828538787153	0.2500026800440703
0.34995740834771627	0.4005230675758444	0.2495195240764395
0.3491378937886555	0.4007546200342751	0.25010748617706946
0.35032093879939735	0.4003370259613687	0.24934203523923404
0.350544536021388	0.4000193118415559	0.24943615213705617
0.3500634101095717	0.39970026271135134	0.25023632717907707
0.34977187551034616	0.4006306931074839	0.24959743138217005
0.34942236865714393	0.40066853625238186	0.24990909509047438
0.3494349518927659	0.4006296023898103	0.24993544571742388
0.3493174049019423	0.4012711798672295	0.24941141523082833
0.34929820462101807	0.40162633578410384	0.24907545959487823
0.3493517015451692	0.40068947643586955	0.24995882201896133
0.34980371903865953	0.4000932378414568	0.2501030431198838
0.34974113541130936	0.40053618990413825	0.2497226746845525
0.3506976338581666	0.40003263012992246	0.24926973601191105
0.34923504522694454	0.4006661683253223	0.25009878644773326
0.35082032466251234	0.3993404995507909	0.2498391757866969
0.3495431875131659	0.4006570147187652	0.24979979776806904
0.3490240721886315	0.401485837336354	0.24949009047501458
0.35092424115549875	0.3995194969204061	0.24955626192409522
0.34974863738379036	0.401130870888005	0.24912049172820475
0.35097195228648237	0.39994949808536856	0.24907854962814918
0.3499157852941426	0.40070217925174245	0.24938203545411505
0.3508949061704295	0.39954350881021206	0.2495615850193586
0.350236163859754	0.39982023703497116	0.24994359910527497
0.3508453205052754	0.39991688145052723	0.2492377980441975
0.3496281774133822	0.4003157656412103	0.2500560569454076
0.3501475305660525	0.40082143983367335	0.24903102960027423
0.34929778048280485	0.40062475367182737	0.25007746584536783
0.34946085144778316	0.40047798861636186	0.2500611599358551
0.34973966831951714	0.40046587542879664	0.2497944562516864
0.3505069135284631	0.4000841882828231	0.24940889818871392
0.3505627073209494	0.40015111292540384	0.2492861797536468
0.3509889360350684	0.39983712304308555	0.24917394092184614
0.34930577157843223	0.40067000790608687	0.250024220515481
