0.2348829088867677	0.0725002714127711	0.3067830560244317	0.15315527447901234	0.23267848919701695
0.2246184988188494	0.08585467179722146	0.30650754976250294	0.1554613862260348	0.22755789339539112
0.2249247138200952	0.07841987181154692	0.3112593007599095	0.15403603511383024	0.23136007849461793
0.23486377354255136	0.0735390798512712	0.3057667903301117	0.15648469550609573	0.22934566076996973
0.23389964724474085	0.07458842720118469	0.309152236290958	0.1556300425175415	0.22672964674557472
0.23515103067119028	0.07394613957527083	0.3070075827843327	0.15473441771493396	0.22916082925427197
0.22283488053900818	0.0825533757350792	0.30578651080998154	0.15524200306649225	0.23358322984943863
0.2248410694542024	0.08163138886148309	0.30997187837359136	0.1566684192447398	0.2268872440659831
0.23151512178061126	0.07956982101469864	0.3077945233314554	0.15424722200844473	0.22687331186478973
0.2276855066684227	0.07527167580629548	0.30993754994859707	0.15283820207341753	0.23426706550326704
0.2280261874683601	0.08488651233255948	0.3063652163512841	0.1540064213782147	0.2267156624695814
0.22180522325090524	0.0889113271029891	0.30749249044135407	0.15257134764344094	0.22921961156131046
0.2277550953479337	0.07531083898070576	0.3089930935151066	0.15294817965848598	0.23499279249776772
0.2235212658934079	0.07373737525838317	0.31327644401271976	0.1550308988471325	0.23443401598835642
0.22907121908640793	0.0821486709820326	0.30625666542559177	0.1564126208493867	0.22611082365658075
0.23704700927405004	0.07474397835078572	0.3085863268591137	0.15323647245800726	0.22638621305804305
0.22311450044369066	0.08791578929039708	0.3060953646368775	0.15253741761790865	0.23033692801112587
0.22875562528449966	0.07703679262525358	0.3046556322417867	0.1558854451606206	0.23366650468783914
0.22356328711503837	0.0832391798934471	0.3110616452815391	0.1527422624433349	0.22939362526664026
0.222896952464024	0.08279858524629435	0.3072135643473427	0.15496947811011377	0.232121419832225
0.23021003630370523	0.07442721365858693	0.3108462924013746	0.1561926626128016	0.22832379502353137
0.22208784676170937	0.08595315627358419	0.30570343604525263	0.1556607601894238	0.2305948007300298
0.22427676026553253	0.08756728466863882	0.30745071632892695	0.15438858101303832	0.22631665772386317
0.22696769949233195	0.07938268708520456	0.3116956966799227	0.15397510885446608	0.22797880788807454
0.22968780607622613	0.08086030578635689	0.30820708009412157	0.15513459657302314	0.22611021147027197
0.2214476064354444	0.0821948823523852	0.3136316920957671	0.1560661364487455	0.2266596826676576
0.22456479375748042	0.0736307651508788	0.3122084984904548	0.15630401691083595	0.23329192569034976
0.22485670417532783	0.08604617944917202	0.30850675950799533	0.15372669461571237	0.22686366225179216
0.2275620308035203	0.08042849884973467	0.3074913588019653	0.15644006231203644	0.228078049232743
0.2274226402861439	0.08153600719115119	0.3097244416792523	0.15303864243847615	0.22827826840497625
0.23111494441328784	0.07272579297253715	0.3076574959026776	0.15429056290398624	0.23421120380751093
0.2277226484967326	0.08131860875028059	0.3092338120699424	0.1544035598073858	0.2273213708756584
0.23581903582843705	0.07484449534396562	0.30681046285746494	0.15466667432484102	0.22785933164529115
0.2222203441008325	0.08432467409176926	0.31295068819035765	0.1528300584015722	0.22767423521546815
0.23164479024430581	0.07629142574408276	0.3084862562898606	0.15243822542021057	0.23113930230154003
0.23077463436652612	0.07426223004979648	0.30611538978211483	0.1557303195474451	0.2331174262541172
0.22222020527927186	0.08520845519203114	0.30709608113999093	0.1532779619587616	0.23219729642994424
0.22166431024960825	0.07976403979514933	0.3107459263409525	0.15627419311614735	0.23155153049814234
0.22405786953358858	0.07927726897641937	0.3129672233514778	0.15648465590426355	0.22721298223425046
0.2332483108730101	0.07313537180026258	0.31109824063729397	0.15327968789797575	0.22923838879145741
0.22655625327548326	0.07548800470766823	0.311229662844324	0.15556694278423627	0.23115913638828797
0.23351702472682956	0.07334583553993312	0.3120007404806898	0.15391602491083117	0.2272203743417161
0.2237199167544301	0.07606175433527082	0.3132908116237188	0.15455362299792302	0.23237389428865704
0.22942650928090902	0.0830502275905098	0.3075011810771749	0.15345788058078172	0.22656420147062434
0.22790895564136326	0.07776209256260136	0.3075597033762855	0.15320047687761354	0.23356877154213604
0.22285185649871192	0.08839021395193204	0.3073385849206161	0.1538580128109866	0.22756133181775312
0.22614229411959252	0.07988236670871222	0.31288571242580243	0.1534661110039766	0.22762351574191594
0.2214655676043456	0.08756135391166397	0.3067766188954062	0.15353879042896315	0.23065766915962088
0.22202374140604564	0.08053236589289008	0.30903332852429133	0.15486466724738812	0.2335458969293846
0.23470692217122757	0.0746951365118132	0.30634462325847367	0.15243076559256274	0.23182255246592254
0.22775647882158828	0.07486657966729077	0.3066751000367586	0.15654095964248904	0.2341608818318731
0.23110373343349777	0.08417821246651752	0.3053751120497129	0.1527921186870574	0.2265508233632142
0.22850943257081788	0.0775986817276669	0.30798672035382263	0.15252426482949466	0.2333809005181977
0.22062978849409315	0.08684929389469222	0.30545277966292605	0.1559726479072915	0.23109549004099686
0.23297090527540584	0.07431731759080223	0.30821594173739114	0.15483521843210277	0.2296606169642978
0.22680022343309053	0.07675680150579547	0.31324012841903076	0.1544936489237315	0.2287091977183515
0.2271819917294155	0.08016967584371416	0.30717412119593535	0.15336299668942743	0.23211121454150732
0.22656011165632128	0.08355961938461964	0.3070805803927737	0.15514677123243487	0.22765291733385026
0.2254580510276793	0.08530044782010704	0.3059896823735406	0.15447298607082893	0.22877883270784394
0.23012350616269667	0.0758041662698115	0.31332492935123424	0.15398534913134382	0.22676204908491357
0.2232687854648494	0.0794454507966844	0.3130809100209053	0.15662180637896658	0.22758304733859405
0.22256786518742094	0.08548124994331807	0.30970724670288163	0.153516182766638	0.22872745539974113
0.2208335493292254	0.08601176323585391	0.30608260099493195	0.15458667335057616	0.23248541308941234
0.22700098323818602	0.0771806993803791	0.30649109767570376	0.15572619391844889	0.23360102578728204
0.2240387452868803	0.0865436645718733	0.3065551494776639	0.1543893855158631	0.22847305514771912
0.22158630967564574	0.08613805077583207	0.31082058305590693	0.15316331431725588	0.22829174217535916
0.22965046402580092	0.07516555085243044	0.30970525433052903	0.1537002880534591	0.23177844273778028
0.22473927554037765	0.08021326338010544	0.31009334441089764	0.15521194690006535	0.22974216976855372
0.2307008922348207	0.07733757143310802	0.3045125356102985	0.1538109435456555	0.23363805717611702
0.22333122206607292	0.07683350359566025	0.3131458453039558	0.15349484686214174	0.23319458217216907
0.22110415421949003	0.08704186761048609	0.3058749985492656	0.1535451894190269	0.23243379020173116
0.22073238556880387	0.0855678342786046	0.3077304232606465	0.15330701632718666	0.23266234056475815
0.22551264149475517	0.07768445286251625	0.3101416035378737	0.15258142106286618	0.2340798810419885
0.22207495574157238	0.08600375460311525	0.308740427753485	0.15455719873926776	0.22862366316255942
0.23714460438488927	0.07433384636126475	0.30706011998549687	0.15327950617324837	0.22818192309510046
0.22931545551476423	0.07706984071300182	0.3051155641952509	0.15604822385980896	0.23245091571717386
0.2214214401932068	0.08248373913664397	0.30661794630820227	0.15583947582486832	0.23363739853707838
0.22993297679142177	0.0792356407813175	0.30651718813461887	0.15506724853137477	0.22924694576126686
0.22154386050029734	0.08320532273210654	0.3114185815510991	0.15263077070119702	0.23120146451529983
0.22459149881329876	0.08495798869873993	0.30615232354884986	0.15605341507003956	0.22824477386907166
0.22452179762763905	0.0803809246592672	0.308574998025861	0.15618335745836093	0.2303389222288716
0.2229762808063153	0.08365197772145173	0.3073310155266312	0.15541512171877725	0.23062560422682427
0.23031708308646795	0.07451255206212556	0.3130474450639825	0.154663512224424	0.22745940756299976
0.22157117711354632	0.07629625983018351	0.313615401252178	0.15375817984197765	0.23475898196211425
0.22741425888489497	0.08599542203562359	0.305102481638844	0.15354167589328022	0.22794616154735697
0.23422368109040148	0.0766437989771055	0.30550270037783067	0.1551187497363165	0.22851106981834565
0.2285475301254168	0.07612745498034831	0.30820166114988157	0.1564823655897044	0.23064098815464867
0.2257170371468168	0.08129769004763887	0.3111322169357862	0.1545032950412561	0.22734976082850186
0.22889876929939998	0.07941869346106671	0.30960006025775266	0.15432546028543098	0.2277570166963494
0.2247234319354029	0.07901849804695482	0.30972783475856325	0.15654242860828316	0.2299878066507956
0.2341272566866044	0.07317448625674289	0.3058156459372636	0.15537447294006518	0.2315081381793237
0.2236627049303939	0.07952491207119887	0.3111351700098256	0.15257820570700714	0.2330990072815743
0.22687049719389019	0.07868090187257591	0.3131535882246733	0.1540527876801391	0.2272422250287212
0.23013985936991388	0.07947490155811622	0.3068730997410286	0.1523408422877202	0.23117129704322087
0.225477512704388	0.08213205524646436	0.31146193414115325	0.1532525205020969	0.22767597740589726
0.22272629010320422	0.08744874925973171	0.3056673191741361	0.15237924438886188	0.23177839707406586
0.23444079668483875	0.07899754974389019	0.3050465097281032	0.153087195378927	0.22842794846424058
0.22623329762689728	0.08446552737142408	0.30623950736598565	0.1561676945787627	0.22689397305693004
0.23348752536020617	0.07384776199877596	0.30827451384029814	0.15364858039251345	0.23074161840820603
0.23069401305118095	0.07491380328598066	0.3058509454161999	0.1541498564443452	0.23439138180229302
0.22585641163092715	0.07641353055681024	0.3109050689412721	0.15347775964906005	0.2333472292219302
0.22096116355170756	0.07615194121390652	0.3136553599733762	0.1567034290157242	0.2325281062452853
0.23016999762237644	0.07918602768772001	0.3089795294167105	0.15445926712933694	0.2272051781438559
0.2346178078090696	0.07256843201378763	0.3104745735001428	0.15260841665837183	0.2297307700186279
0.22489929172414413	0.08780696677706798	0.30568606715776964	0.1554165651766083	0.22619110916440974
0.22857538802998356	0.08533503688000381	0.3048925448362173	0.15410694744784292	0.22709008280595214
0.22974745963470047	0.07246629031124208	0.31027020180060993	0.152967477953912	0.2345485702995353
0.23273404753649102	0.07990240685268052	0.30789497988868	0.15240171489095725	0.22706685083119096
0.23094114353249767	0.07413082058711809	0.3076663338997228	0.15317885335037554	0.2340828486302857
0.2286864712488538	0.08058170197274689	0.3057730951279173	0.15478312164741784	0.23017561000306397
0.22495310878183994	0.08917555794978743	0.3048306376415365	0.15240778229065685	0.22863291333617908
0.2219304334531257	0.08476788354896592	0.31003286675324415	0.1522671357705858	0.2310016804740782
0.23256530837606362	0.08148160914315215	0.3045308771430368	0.15455992304981292	0.22686228228793426
0.2301493567720235	0.08493509525041233	0.3043502272965957	0.1542935024486388	0.2262718182323294
0.22389287177107328	0.08338510879006507	0.3051326701548054	0.15460916431198335	0.23298018497207268
0.2241640430123187	0.08680662474515102	0.3068719903200005	0.1552322931602038	0.22692504876232572
0.22666688439410948	0.07976490677998317	0.31188107290136086	0.15366983456580674	0.22801730135873954
0.22784953510311512	0.08307396827836992	0.3058040085016592	0.15248088368237245	0.23079160443448307
0.2214606081258682	0.0833354277041382	0.3063609202841835	0.15484273041482027	0.2340003134709896
0.22119894978668422	0.08229890157045397	0.31297681476794287	0.15357570498643797	0.22994962888848075
0.2286522583771578	0.07953793047770344	0.3063499629638112	0.15455804994273273	0.2309017982385946
0.22061030517678537	0.08292451909836407	0.30737666906877603	0.15480640070624296	0.23428210594983134
0.23178844102239332	0.07817877525770076	0.3097218615551298	0.15312781612667714	0.22718310603809877
0.2251031743531303	0.08161357593583624	0.31025945022024326	0.1537830862657901	0.22924071322499986
0.2257717640235036	0.08201462637453731	0.3063124059956682	0.15393897242678745	0.2319622311795032
0.2252286066396969	0.07563175651111217	0.3119099144026771	0.15654717409392227	0.23068254835259136
0.22346789467064504	0.08666126778563178	0.30590382237685904	0.15347614393158943	0.23049087123527448
0.22232564741319222	0.08269149848673962	0.3097505680255238	0.15349698488174585	0.23173530119279828
0.22384729296692618	0.08825167157597658	0.3058876044311286	0.15585392434035894	0.22615950668560947
0.23091098421900022	0.072529135385615	0.30982201803210874	0.15676152230212181	0.22997634006115403
0.22287588111748588	0.07627766412536163	0.3128098525022446	0.15366134740154502	0.23437525485336264
0.2260564327407808	0.08781684529858062	0.30462847417854916	0.15442685046604315	0.22707139731604603
0.22781225471052097	0.07564275578746305	0.30922299892541016	0.15494267548027219	0.23237931509633344
0.23207426798692032	0.07615024445298817	0.30434594409443655	0.15360569689633138	0.23382384656932334
0.2279121435027776	0.08060176843076301	0.308630598295277	0.1551792414143522	0.22767624835682998
0.23225621101284863	0.07564637154796534	0.31116809339809837	0.1539817043169007	0.22694761972418676
0.23268886398319352	0.07647081057487568	0.3058496802662021	0.15617248640283096	0.22881815877289757
0.2311648803264066	0.0729183020106545	0.3117690897407397	0.1534014942564522	0.2307462336657468
0.2241661333425911	0.08352070059276931	0.3072522389595036	0.15640579231248772	0.22865513479264804
0.23182067658862796	0.075350527572552	0.3102594346131411	0.15230642944761164	0.2302629317780671
0.22207142185577652	0.08282546823190673	0.3073116496180721	0.15606377257924312	0.2317276877150013
0.22614251518991918	0.07706464232080036	0.31290768684345627	0.1541822862149987	0.22970286943082524
0.22248780818124198	0.08960320077222593	0.30695026198611935	0.15232933862339976	0.22862939043701272
0.22723710169584863	0.07558870236932208	0.30601776569482597	0.15621388571278144	0.23494254452722158
0.23279426532290096	0.072498037789684	0.310109860446854	0.15468371313476187	0.2299141233057989
0.22460494350967342	0.08773927248693134	0.3050068980102522	0.1555809929049237	0.22706789308821912
0.22800714858015966	0.07801923995634333	0.30573507390069965	0.15326551335366992	0.2349730242091272
0.22494591863494945	0.08600935812225911	0.3072996548068025	0.1550999793833577	0.226645089052631
0.2271864596471163	0.08182348778970418	0.3064549352020855	0.15627023734707246	0.22826488001402132
0.22740006363006837	0.07528615421390154	0.30760645517666374	0.15618643865920204	0.2335208883201641
0.2234639852023277	0.08396529294444802	0.3095537688909866	0.15306151331720125	0.2299554396450362
0.22813875099072198	0.07957995574083583	0.3045548556145148	0.15652484212208506	0.23120159553184208
0.22783524038817635	0.08004323804063497	0.30728736481657504	0.15262726761795342	0.23220688913666002
0.2231290092579063	0.08880576996154602	0.3064950317224645	0.15274123644615137	0.2288289526119316
0.22656799181361237	0.08394206882979847	0.31021571104372225	0.152651070648619	0.22662315766424768
0.22927597661225707	0.079748492761053	0.30725924125027293	0.1524047100652172	0.23131157931119953
0.23575640378604096	0.07946589704935918	0.30425413329779816	0.15385243628088088	0.22667112958592056
0.22603151703343602	0.07261986418294025	0.3128964791381223	0.15540242880872185	0.23304971083677936
0.22892792676837714	0.0793213751135953	0.30882348908176005	0.1560382620918455	0.2268889469444218
0.23169286820141535	0.07896582125089134	0.306049754270661	0.15312855731712494	0.2301629989599071
0.23353294791769968	0.07937682143586758	0.3077523149014861	0.1525481936756786	0.22678972206926784
0.22137746062429248	0.08599382727276023	0.3048267386973902	0.153911501319851	0.23389047208570585
0.22741113990472706	0.077294067650236	0.3109705090649372	0.15498652839574303	0.22933775498435652
0.22980123126391466	0.08109030217480659	0.3042590024899945	0.1536469724442035	0.23120249162708054
0.22062800780792335	0.08562932759251739	0.3088048482819481	0.15483282846959007	0.23010498784802086
0.2355804619606078	0.07543436661632547	0.30597569555749515	0.15331000340031842	0.2296994724652529
0.23073122006875793	0.07546376061055755	0.31076747052941744	0.156350029592837	0.22668751919842986
0.22296037967782598	0.08422949835326392	0.3061452331321768	0.1533271384477427	0.2333377503889904
0.22197968711713284	0.08472977712050271	0.30670053043690615	0.15503165561368304	0.23155834971177502
0.2289505773493981	0.08011821596098662	0.3077688392567631	0.1535551055559067	0.2296072618769452
0.22729664963417864	0.07510596109447268	0.3090257064541213	0.15481799358711293	0.2337536892301142
0.2208400414346321	0.08372980892357965	0.30879356020996446	0.1534312903669487	0.23320529906487492
0.22417088353927977	0.07443647571984921	0.31394667535186654	0.15550260895493245	0.23194335643407177
0.2292580919015736	0.08097233554310297	0.30884652519043077	0.1540207008993598	0.22690234646553264
0.22170228725745347	0.0818479530763113	0.30630748380680006	0.1558021646228403	0.23434011123659462
0.22850927449211	0.07709406286414747	0.31138681456698764	0.15555729336437985	0.22745255471237483
0.22388492671445948	0.08899020869140949	0.3066834303854125	0.15424821620266876	0.22619321800604952
0.2252352511181311	0.08381465019193017	0.3072687601038173	0.15417316020537614	0.22950817838074505
0.22674919727086618	0.0745985541743664	0.31168589193970664	0.1526294783865416	0.23433687822851892
0.22615649955591585	0.08328750536519022	0.3103962530327381	0.15386612703810978	0.2262936150080458
0.2270431088623394	0.0789425511098717	0.3118682189046145	0.1539164361940753	0.22822968492909884
0.22978360373547932	0.08008000742841659	0.3098123365748652	0.1527041607222544	0.22761989153898432
0.22688049567087193	0.07555670089673451	0.30910885419863793	0.15551505804282173	0.23293889119093367
0.2284381242169888	0.0746531996553296	0.3123990333086204	0.15493111674498292	0.22957852607407803
0.22493993351014333	0.08064665557725138	0.31074553573051505	0.15465566948445722	0.22901220569763278
0.23057455401029728	0.07556641905635604	0.30576615252415273	0.1559237196938833	0.23216915471531038
0.2279738315277715	0.07727739524843612	0.3105825097437016	0.15621448587083694	0.22795177760925356
0.22947048405533235	0.07380358421934205	0.31378936387052586	0.15578286284300896	0.2271537050117905
0.22221510001913558	0.08301449365965417	0.305585245281782	0.15659217583643653	0.2325929852029915
0.22712654127685228	0.08182390525871952	0.31201544304611617	0.15256838046600518	0.22646572995230657
0.2263215009463958	0.07767586368843711	0.3133430543681444	0.15548997401553488	0.2271696069814876
0.22616704910469015	0.08178941838736524	0.30817783245697905	0.1538939157204948	0.2299717843304705
0.23277015945077814	0.07939072809174288	0.3055412028770183	0.1553909740666204	0.22690693551384006
0.23632706587998062	0.07388596931491997	0.30677667985831275	0.15502326389536686	0.22798702105141955
0.23140918958787804	0.07484756312542329	0.3060364660323919	0.15323524770504188	0.23447153354926467
0.22182340687385846	0.08639668100815656	0.30629577334850816	0.155336905328027	0.2301472334414496
0.2348120867336351	0.07409598630191916	0.30632593874588604	0.15596136615235404	0.22880462206620542
0.22559784916211587	0.08100957268233044	0.3100869351098598	0.15394666566869455	0.22935897737699912
0.22554527028874935	0.081989990145231	0.3054714209994882	0.15442300007946047	0.23257031848707072
0.2300332710438762	0.07674404968507184	0.3118031750967362	0.15383865112609396	0.22758085304822157
0.2255817651673814	0.07801494925144335	0.3091953009043209	0.15255527975439173	0.23465270492246237
0.23551972367075932	0.07481651480228085	0.31009906238481466	0.15274402786120403	0.2268206712809409
0.22550672155582976	0.0756600812402281	0.3131752395487618	0.15650027496727775	0.22915768268790238
0.2277088984721346	0.07825325945139512	0.3075159150695208	0.15247308929539427	0.23404883771155496
0.2238604880615702	0.08111092356085012	0.31296079883437655	0.1546435622505869	0.22742422729261597
0.22237255259491184	0.0840766378822867	0.31084053960445707	0.1535697865975736	0.22914048332077055
0.22521930752673192	0.08061160575379454	0.30889666307599095	0.15446608876142062	0.23080633488206176
0.22515358286501883	0.07603868293175257	0.312968697869866	0.15385548268941454	0.2319835536439478
0.22323524076631115	0.07537686613854878	0.3130545561987875	0.15340157777128652	0.2349317591250658
0.2326476338702176	0.07334980653669909	0.3131053285726153	0.1533996619638749	0.22749756905659288
0.22785512962435645	0.0780620836629697	0.31215908007317034	0.15581749255276922	0.2261062140867341
0.22513862486790365	0.0835694395459655	0.3064057526169264	0.15395605660406375	0.23093012636514054
0.2211380818674826	0.08032287071064932	0.31283278596043873	0.1531989356979363	0.2325073257634928
0.22453765687806135	0.08720104897727894	0.3060522000039951	0.15253996754467333	0.22966912659599106
0.22267252322143727	0.08682524980867139	0.3057279995889812	0.15395225210087737	0.23082197528003248
0.22704005247642264	0.08212240747794725	0.3095588573407533	0.1538453840863097	0.2274332986185669
0.22255347251986105	0.0751216676719751	0.3123108691514719	0.15570074534768774	0.23431324530900396
0.2213885966288503	0.08301365979434545	0.3121364117386081	0.1566948834368363	0.2267664484013596
0.22549613664605273	0.08050778069546634	0.30586093780055035	0.15458938010732562	0.23354576475060473
0.22456405344164596	0.08324318845808343	0.3072480525708936	0.15476874249691844	0.23017596303245835
0.23670443403879488	0.07469014136321497	0.30563293342739195	0.15479025846394598	0.228182232706652
0.2273760052541712	0.07796250032600302	0.30620153961753827	0.15421584383883286	0.23424411096345443
0.22494454246873105	0.0785497449233129	0.3092507877187989	0.15372142322615717	0.23353350166299974
0.22870591524214925	0.07890465795196641	0.3061330141559785	0.15294960717669076	0.2333068054732149
0.2248928860869684	0.08047741650515167	0.3092313050285755	0.1558871756963925	0.22951121668291175
0.23138474952035112	0.08086791224635591	0.30802055539514184	0.15264230017063612	0.22708448266751474
0.2319151695710241	0.0741355482696249	0.3117175015864521	0.15534951196413851	0.22688226860876012
0.22587148236575721	0.07477418024689764	0.3117821908649637	0.15636341347498814	0.23120873304739306
0.22921710892228542	0.07509727291174725	0.30928139593833626	0.15473390400928588	0.23167031821834488
0.22190025307902023	0.08118142902749924	0.3118476909664331	0.1531604233404436	0.2319102035866036
0.2250850653968972	0.08172264681727466	0.31254755281088537	0.15364557749041946	0.22699915748452307
0.22870397316529256	0.08489317048084558	0.3077426935018725	0.15247376421166003	0.2261863986403291
0.22875018978876127	0.07333524350792295	0.3125330326590167	0.1536790878103638	0.23170244623393504
0.22149606528566645	0.0830962756868581	0.31255471533091644	0.15435064565490872	0.22850229804165004
0.22760125873505016	0.07629851460301203	0.31189518160926244	0.15428359760485902	0.22992144744781612
0.22932107779972521	0.08238876214331517	0.3077483695440976	0.15258134268195497	0.22796044783090683
0.2308306874620076	0.07653373943102468	0.3083927923550981	0.1536200148472689	0.23062276590460049
0.22584115936287286	0.07884381902858753	0.30953953553435243	0.15570826653477293	0.23006721953941395
0.23543709096183552	0.07560523389211853	0.30690248146194604	0.15284517192618058	0.22921002175791913
0.2286934302744687	0.0783116253264284	0.3094179969464268	0.15637789902757393	0.22719904842510194
0.2350380875947487	0.07362369914459665	0.3071777513968426	0.15629160838810885	0.22786885347570296
0.22551114237128234	0.0766282866868688	0.3113614088801189	0.15310293407227388	0.2333962279894559
0.22862759209667152	0.0745283138063925	0.3135052024305651	0.15397405698462338	0.2293648346817473
0.22466858470094664	0.08338909200653667	0.30837626756353664	0.15545472046504905	0.22811133526393074
0.23357848564435657	0.07549155604588881	0.309105069533539	0.1535230175407611	0.22830187123545434
0.23017623646876134	0.08003966276464865	0.30511138240283026	0.15537872343885575	0.22929399492490377
0.23591616263199847	0.07431388280356305	0.3054327703822599	0.15590191950059834	0.22843526468158
0.22768289611010772	0.07700530185444245	0.3136654410291173	0.15440542140019092	0.2272409396061413
0.22191018552338326	0.0871710653410891	0.30800108966822365	0.1539279688240301	0.22898969064327368
0.22542086029732772	0.07730551780814356	0.30931177896410494	0.15424904331096914	0.23371279961945443
0.23399266747029474	0.0750881724130505	0.3081138742629999	0.15534750981912046	0.22745777603453418
0.22608549422616184	0.07997004626828592	0.3096509732385003	0.15238222876811022	0.23191125749894143
0.2274834270041586	0.07531449128854886	0.31298117126486846	0.15584878727797072	0.22837212316445307
0.2232879112510594	0.07954451360233193	0.3072454727648753	0.15641251592659663	0.2335095864551365
0.22064932397356196	0.07957576993018992	0.3130858403568522	0.15236128082468775	0.2343277849147079
0.22202686961835325	0.08301997657710124	0.30667060623965153	0.15444970357179708	0.23383284399309665
0.2237926209129578	0.08406592037065727	0.30897961378164335	0.15496133974489806	0.22820050518984328
0.22936172010844408	0.08063936560884341	0.30634136805017	0.15257180660050212	0.23108573963204018
0.22092952221337436	0.08981979173809868	0.3064810172301913	0.15404367677530734	0.22872599204302807
0.22558966655172738	0.08349593089026784	0.3069148904817966	0.15607733857119055	0.22792217350501737
0.23119829622961077	0.07513301040365751	0.31202445296077086	0.15290612179334756	0.22873811861261312
0.22343593459091515	0.08045261034429997	0.30467934755261494	0.15654514521836008	0.23488696229380965
0.2235885087903698	0.08307212889547161	0.3100426810522837	0.15443310872089383	0.22886357254098083
0.23478375897791645	0.07619610385202058	0.30776946234125385	0.15455585202753053	0.22669482280127834
0.222820802028119	0.08217521479393655	0.3091362376314834	0.15325144925745976	0.23261629628900105
0.2262974727418423	0.07768299775481746	0.313161166440622	0.1553457020380176	0.22751266102470047
0.2244220208340963	0.0729358607566874	0.31207866302968873	0.15571472361325853	0.2348487317662688
0.22447145078894992	0.07579645201981701	0.31080751532270046	0.1553155358992164	0.23360904596931598
0.22200847463461493	0.08421728286664062	0.3045253953990865	0.15628822336246448	0.23296062373719323
0.22080973318091152	0.08743660696598	0.308111665998671	0.15618092408748388	0.22746106976695335
0.2265593381556082	0.08043578812560163	0.3051131201731066	0.15500092163785908	0.23289083190782428
0.22716464573548342	0.07917588757867457	0.31402686309838046	0.15349969452596446	0.22613290906149686
0.23114334634663097	0.0792305327094432	0.30444889482238696	0.15623685838868617	0.22894036773285242
0.23263305196365303	0.07257527616687731	0.30622190647448155	0.15403607196219538	0.23453369343279246
0.23089329802878783	0.07747609597732855	0.30844376195885337	0.1546386966921215	0.22854814734290846
0.22642756450918194	0.07706761279959182	0.30833809240589566	0.15611925275422792	0.2320474775311024
0.23228039068479342	0.07883239855902205	0.30534579574134774	0.15248365509225262	0.23105775992258396
0.22769937164912518	0.07370465002844956	0.3133471213133356	0.1525511299559564	0.23269772705313305
0.2281770492949654	0.07433265137772921	0.3114035359223233	0.15255697923608957	0.2335297841688923
0.2240774597773523	0.08182883968671815	0.31293886161035084	0.1530483089631228	0.22810652996245567
0.2226598347178675	0.08362631861744627	0.31039606286065813	0.1567585865103809	0.22655919729364699
0.22073735977727685	0.0849442506657722	0.3077056013287103	0.1533351233303217	0.2332776648979187
0.22749690657248872	0.07599909793041722	0.3071125668592269	0.15642010327476186	0.23297132536310503
0.22782724506087226	0.08083405680903241	0.3094099088136242	0.1554087378179699	0.22652005149850102
0.22925611199797513	0.0797682431459161	0.3051464527614495	0.15649099742512285	0.22933819466953617
0.22325545957795517	0.08209508954118996	0.306180443765227	0.15408408018674066	0.23438492692888696
0.22286708466314928	0.07886445238557675	0.307848947163269	0.15668087933540142	0.23373863645260334
0.23319538580900795	0.07780013557831457	0.30754984087226656	0.15341183721179524	0.22804280052861547
0.23320799727960484	0.07564413392855439	0.3072585093173985	0.1537862617085944	0.23010309776584761
0.2297583800177807	0.07977837762279806	0.3082666244676366	0.15387727137659485	0.22831934651518956
0.23505854311585248	0.07381134202643355	0.3043045027739968	0.15609042509955387	0.23073518698416307
0.22086221009239312	0.07898288831524325	0.31359921106580746	0.15334061114124173	0.23321507938531422
0.2242030877291645	0.08624356762871681	0.3046513560103158	0.1538178245427662	0.23108416408903643
0.2242884010106309	0.0798399084134295	0.3113034484095935	0.15668991235466348	0.22787832981168235
0.23408594682947453	0.07466438286575061	0.3072743815337054	0.155613504679184	0.2283617840918852
0.23338565647993545	0.07480372658800252	0.30714231594938435	0.15467230594310005	0.22999599503957743
0.22431467976249492	0.0814472273125702	0.31295496344723245	0.1540177187539443	0.22726541072375794
0.23004487700229642	0.07331143994915534	0.30881530692573245	0.15439177448511032	0.23343660163770524
0.2231132493558373	0.0806707432363419	0.3122532237543637	0.15344327721350753	0.23051950643994937
0.22205004964599998	0.07982922677233435	0.308263017435666	0.15555400716185802	0.23430369898414147
0.2309466052951632	0.0737370569991114	0.3117181784662346	0.1541622990344303	0.2294358602050603
0.22362726948041828	0.08484809727882558	0.306955154135506	0.15223877540472147	0.23233070370052847
0.2243207480448874	0.07739389489895064	0.309234569151142	0.15485611202818336	0.23419467587683634
0.23430692417388477	0.0735749965496347	0.3115460866914537	0.15283497446447952	0.22773701812054706
0.23235223919840464	0.07760575181476624	0.3078371033625578	0.15371018737822628	0.22849471824604475
0.22917304732823338	0.07888455002212137	0.3075136948399143	0.15524439404432575	0.2291843137654049
0.23515493256373132	0.07866379201159832	0.3073897784512603	0.15224048950512867	0.22655100746828116
0.2287379608979457	0.08186083477685104	0.3079579900847346	0.1544175756413505	0.22702563859911792
0.22092567119285653	0.08463237140782584	0.3110136743457723	0.1541520770561436	0.2292762059974015
0.2308668041920713	0.07970518960407287	0.30531858560504166	0.15473076053693594	0.22937866006187796
0.22384123749867327	0.08705319948294502	0.3057682833378232	0.1560163184758458	0.2273209612047125
0.2243872247262262	0.08564558697845011	0.3043002514182588	0.15619449145432723	0.22947244542273748
0.2216601063689712	0.0774803733496649	0.31088964287768184	0.1551185253889119	0.23485135201476998
0.2273879439418494	0.0831596518033484	0.3073101242475801	0.15540242250338282	0.22673985750383904
0.22915048377539488	0.07308801742010243	0.3120711163906769	0.15247543707020744	0.23321494534361809
0.22691706947517623	0.0768875231315529	0.310380599388634	0.15354361772271014	0.23227119028192647
0.22822444160506264	0.0758381990967478	0.30668857068874966	0.15549309072103462	0.23375569788840506
0.22423144026339048	0.0804992904001191	0.31269500099002107	0.15434489202077367	0.22822937632569548
0.22130345910976973	0.08759541794029714	0.3075161852327222	0.1551559335349613	0.22842900418224946
0.22842570233409268	0.0749426542005279	0.30947474884698023	0.15471290569745635	0.23244398892094267
0.2212858167216147	0.08345402227268804	0.3061594451708072	0.15454869917331987	0.23455201666156994
0.23234302995917533	0.07857884836960717	0.3077861835218395	0.15296045387006335	0.22833148427931435
0.23284146589138313	0.07303827786051656	0.3087124603932249	0.1555091280577588	0.2298986677971164
0.22997886647475918	0.07437483896058325	0.3084483042376681	0.15634679861604833	0.2308511917109409
0.22474444311982517	0.08556177133885035	0.3096128009146201	0.15320561508865937	0.22687536953804477
0.2340553093139311	0.07548239277578328	0.3066869977661826	0.1566269858518086	0.22714831429229426
0.2239238676906502	0.08043481493590798	0.3070739905673596	0.15631779144506422	0.23224953536101775
0.22559302774117387	0.07938546506082543	0.31108737818694343	0.1554322538382383	0.22850187517281878
0.22471388622390936	0.0783764860135337	0.30879833722610817	0.1564363349125396	0.2316749556239089
0.22370358016873296	0.0818822737135687	0.30904521486760783	0.1541160285372229	0.23125290271286741
0.23413230417698777	0.07333223250893847	0.31212712812184656	0.15250459647468456	0.22790373871754238
0.22613545413284605	0.07659827228536907	0.30737561166377936	0.1551548478807497	0.23473581403725557
0.22575997342528353	0.07897075629004452	0.3057535559082456	0.15648732768483362	0.2330283866915925
0.22085909763923203	0.08566478292169062	0.30964425295227904	0.15388470689611852	0.22994715959067957
0.22852404904327978	0.07438243288829294	0.31046703181414265	0.1558330778318446	0.2307934084224398
0.22446198996044497	0.08594392404790889	0.3069219782388858	0.15574276616697316	0.22692934158578695
0.22941354324611962	0.08053850634526884	0.30452765431403206	0.15420714344353562	0.23131315265104363
0.22553528633406378	0.08425893011473498	0.3091079706492756	0.15341081861898684	0.2276869942829386
0.23325177464596158	0.07430783241249056	0.30877203605174486	0.15241074411139394	0.2312576127784088
0.2301409191164181	0.07661453211046276	0.31135098096763436	0.15519699263232684	0.2266965751731577
0.223023174108282	0.08349514955044804	0.3111647806396774	0.15229416306445587	0.2300227326371364
0.2292175760878024	0.07435881844178813	0.3081674971359026	0.1560733329135321	0.23218277542097454
0.22090232956073114	0.07854225569026263	0.31353523383512716	0.15646255080692664	0.2305576301069522
0.23128927171862879	0.08090539144428054	0.3064660024026614	0.1539598473499246	0.22737948708450442
0.23532880890498487	0.0746090495575211	0.3067485313523819	0.15593442910853225	0.22737918107657967
0.22192622516043248	0.08727006622990936	0.30707013333100985	0.15653800263053633	0.22719557264811174
0.2215288842065462	0.08640650570617871	0.3103931613480664	0.152738012475778	0.2289334362634305
0.22861379400315482	0.07454952573012907	0.30841036759539153	0.15471460655300018	0.2337117061183242
0.22637794471626246	0.080564193145367	0.3097701819053408	0.15283133483814376	0.2304563453948858
0.22394455369955335	0.07877155154317658	0.3138527893679931	0.15380152681157175	0.22962957857770494
0.22750406729099484	0.07828912938681107	0.3102334666753725	0.1522895559586089	0.23168378068821244
0.2277422095797564	0.07483740913565437	0.3111530354712495	0.15307674138377556	0.23319060442956388
0.2278176699375476	0.08420482088402635	0.30601690873686965	0.1530350321120439	0.22892556832951227
0.2213696658215934	0.07883153174085708	0.31014684212692867	0.1557449832010806	0.23390697710954
0.22863513668893828	0.07883420774690882	0.30438522584389444	0.15374092728593208	0.23440450243432612
0.22564889693894755	0.07888711875721223	0.3140151752835628	0.15294045119399413	0.228508357826283
0.2309473091436199	0.07352769138790932	0.314037722712938	0.15255883782980542	0.22892843892572712
0.22988287882794248	0.07517102731089499	0.3090955185644593	0.15297270708284294	0.23287786821386003
0.22819698034560754	0.07425409209281453	0.31264572509349814	0.15368855546928767	0.23121464699879185
0.22823699389212312	0.07482414234294227	0.3137505593126413	0.15330124215097607	0.229887062301317
0.2221743697648039	0.08127360176884096	0.3109254689652373	0.1545993880980594	0.2310271714030582
0.2233713627090828	0.08461858253477225	0.3097833581800999	0.1555556680633577	0.2266710285126871
0.22850512054114766	0.0768406086709677	0.3074176355306806	0.15477036354882995	0.23246627170837392
0.23161744191901493	0.07256662257566784	0.311684415931877	0.15335533940276333	0.2307761801706766
0.22371784240581	0.0800964429035231	0.30708831319313856	0.15681655468331618	0.23228084681421196
0.22104439964624167	0.08057628322214967	0.30794505462404637	0.1565404666146178	0.2338937958929443
0.23001011144001154	0.0742827032528057	0.3129261784658913	0.15270721834675374	0.2300737884945374
0.2215342159537403	0.07947488555235328	0.3114368940660766	0.15591524934429377	0.23163875508353582
0.23634012783285385	0.07381162824634482	0.30813786291780165	0.15410467500311903	0.22760570599988045
0.22971181802324928	0.07388353549846177	0.30879509752948275	0.15584505713990607	0.23176449180889985
0.22198017622891636	0.08927007332814242	0.3057727654638579	0.15373427777091797	0.22924270720816514
0.23282725601431564	0.0778293752307089	0.3093223071327507	0.15341118926351072	0.22660987235871383
0.2216137939728088	0.0835086208676667	0.3050777098447741	0.15592282761822956	0.23387704769652057
0.2338540474734331	0.07885362722657173	0.3065833535715018	0.15251178503208226	0.22819718669641084
0.23486394493331805	0.07546910446114996	0.3071520768175954	0.15316064745170857	0.22935422633622782
0.2300673253680039	0.07571076349509734	0.3106281591560976	0.15500357394693026	0.2285901780338706
0.2219963050471877	0.08585609238655575	0.30805397867531525	0.15409382390596005	0.22999979998498096
0.22693023923386543	0.07979226942006952	0.3079916276135516	0.15478743016965874	0.2304984335628545
0.22352979610075888	0.07513321268391285	0.3125908094775502	0.15553974036457502	0.23320644137320284
0.22999044398623494	0.07346176995650772	0.31141536178480894	0.15591843661175253	0.2292139876606956
0.22352504369769188	0.0811068997979496	0.3114653439974221	0.15329041107705044	0.23061230142988576
0.22470530694826985	0.0772564019481603	0.31063915173839296	0.15308979118960114	0.23430934817557553
0.22418023037258303	0.08056517845764545	0.30806650377469574	0.1529824600792316	0.23420562731584393
0.22201729891075775	0.07919290178973308	0.30757796246490726	0.15653517328604832	0.23467666354855338
0.22663237230789274	0.08174827348169675	0.30475178868446023	0.15452338812538013	0.2323441774005699
0.23052868311141742	0.07515244563240664	0.30764593981700095	0.1527688461674232	0.23390408527175155
0.22620201737263382	0.07864183033442727	0.31067056247776875	0.15319050970604642	0.23129508010912353
0.23093580273579858	0.07402652127104328	0.3047129062186426	0.15570504524920165	0.23461972452531366
0.2337716992930405	0.07747763388057638	0.30552196186495545	0.15605692862312748	0.22717177633829996
0.22225807010486806	0.08307855509123008	0.30898659023880853	0.15274370670638288	0.2329330778587102
0.23607822206099321	0.07429066158864156	0.30550854341491346	0.1550441247424884	0.22907844819296308
0.23006642021701262	0.07919336864003722	0.3088808540169115	0.15348289036111423	0.22837646676492412
0.2247192381235585	0.08535801087254889	0.30439328889842854	0.15609157111163957	0.22943789099382428
0.22718344023589826	0.08012327622911579	0.3047164916059429	0.15453314905181278	0.23344364287723007
0.220837372339158	0.08122529256887376	0.3130915644495962	0.1538592276894785	0.2309865429528933
0.22298395472747448	0.08361320054089445	0.3084339759439585	0.1565352880692149	0.22843358071845746
0.22587375018835676	0.07398845245490815	0.3108545714824268	0.15488633034977872	0.23439689552452933
0.22837338666000243	0.07870940679693421	0.3098325059672988	0.15244422759770743	0.23064047297805695
0.2267835867320254	0.07762272854123405	0.31405038011687275	0.15389777001649532	0.22764553459337222
0.22153418449138804	0.08579262168522749	0.30720898388202444	0.15673685199995593	0.22872735794140386
0.22590289690365775	0.07951236031832173	0.3130766377029946	0.15388702536210258	0.2276210797129231
0.22436818872938874	0.08210385960520954	0.30426099775576826	0.15553533097406033	0.2337316229355729
0.22103197038285138	0.08480511346431605	0.3125468598586799	0.15226135095415408	0.22935470533999835
0.23341803546216133	0.07859216487715394	0.30671126133929666	0.15496362409681194	0.2263149142245759
0.22911872413968878	0.08006270241354259	0.3115432446330885	0.15274402416259247	0.2265313046510874
0.2357187786477208	0.07475634626376065	0.3085135579147833	0.15237390527409092	0.22863741189964404
0.227366439008092	0.0849346543761594	0.30581788373089236	0.15386528905932137	0.22801573382553464
