0.3500936357155835	0.39971690334469734	0.2501894609397192
0.3497095471940096	0.40094596440116276	0.24934448840482776
0.35044884276698324	0.40035929485540833	0.24919186237760854
0.35011697638964745	0.40055520078115336	0.2493278228291993
0.349627504107173	0.40038682902529843	0.24998566686752866
0.35043521642350184	0.40065821189027917	0.24890657168621907
0.35044119691358006	0.4002664251984261	0.24929237788799397
0.34995798852414667	0.4006956000357004	0.24934641144015302
0.3502008491475049	0.39966394339981487	0.25013520745268036
0.35003105770763115	0.4007193395682107	0.24924960272415828
0.3504100879965151	0.4002434945758465	0.24934641742763847
0.35018811962201724	0.4002776538392382	0.24953422653874469
0.349631869066943	0.4007860699637958	0.24958206096926133
0.3500083959922601	0.4009128824212945	0.24907872158644553
0.3504153706766803	0.4006519947892222	0.24893263453409753
0.34998913942879845	0.39999071361700683	0.25002014695419483
0.3501172091556879	0.4007914005911787	0.2490913902531335
0.3497513552368117	0.40031101177155815	0.24993763299163022
0.3496699679762832	0.4009305164947997	0.24939951552891726
0.3502524199468106	0.4004334667873045	0.24931411326588493
0.3497040799030324	0.40023266700857896	0.2500632530883887
0.3499008427632062	0.40033921155658725	0.24975994568020665
0.34960836676617785	0.4008868084679156	0.24950482476590666
0.3503949120006889	0.4003528427400159	0.2492522452592953
0.3497510523688927	0.4008624679160291	0.24938647971507832
0.3497023128745717	0.4010082977934385	0.24928938933198988
0.35058475484425605	0.3996264602214883	0.24978878493425574
0.3500000869597537	0.4004093079680544	0.249590605072192
0.35033666503330707	0.4001519338840425	0.24951140108265052
0.3506454473561743	0.3999097947282849	0.24944475791554088
0.3499588263987094	0.4008290066752085	0.24921216692608225
0.3500615919473778	0.40062959051882896	0.2493088175337933
0.3497038423774414	0.4007389242874067	0.249557233335152
0.3500707605734404	0.4009031456130766	0.24902609381348312
0.3504318532274156	0.4000741665712183	0.24949398020136618
0.35006553837659243	0.40101786770669623	0.24891659391671145
0.3505488055196636	0.39977211494473713	0.24967907953559937
0.3504228601328418	0.4000174929631478	0.24955964690401047
0.3500953654586014	0.4001987190362919	0.2497059155051068
0.3499835611628049	0.4006140007836093	0.24940243805358592
0.3501127540266353	0.3996587872979257	0.25022845867543914
0.3503540719266076	0.40019205123385476	0.24945387683953774
0.35054699125419436	0.3997983138017849	0.24965469494402087
0.3503051057148552	0.4003520843072219	0.24934280997792302
0.34991221234250036	0.400447709558752	0.24964007809874778
0.3498060464019289	0.40008771221669137	0.2501062413813799
0.35031436136467115	0.40074222090671274	0.2489434177286162
0.3506022119657544	0.39989892666981386	0.24949886136443183
0.3496007949071368	0.4001804125221462	0.2502187925707171
0.35010829897696727	0.40076296204399253	0.24912873897904037
0.3501712301026872	0.40051858795484035	0.24931018194247254
0.3499014718504457	0.4007435670961485	0.24935496105340593
0.35027336741098564	0.39989666689257225	0.24982996569644225
0.3503081114508896	0.400449436700944	0.24924245184816657
0.34994946739758825	0.40075144402948437	0.2492990885729275
0.3500295340363234	0.4005414460532744	0.24942901991040228
0.35004473529178387	0.3999617580164241	0.24999350669179213
0.3498427583511114	0.40017083554843075	0.24998640610045797
0.3504083960536064	0.4006519904128113	0.2489396135335824
0.3503330349077738	0.400491534923541	0.24917543016868537
0.34976455054526223	0.40010117058582817	0.25013427886890977
0.35018277475234394	0.40025125390462213	0.24956597134303404
0.35003063677714114	0.40076314234823074	0.24920622087462818
0.3500020156901941	0.4009473933491418	0.24905059096066415
0.3502941072198752	0.4001495411686933	0.2495563516114316
0.3498646791539009	0.40043972404555317	0.24969559680054607
0.34960553212822754	0.4002440512939253	0.2501504165778473
0.3499413012661541	0.40014186001321933	0.2499168387206267
0.34985865547646317	0.40084704706358926	0.24929429745994772
0.350180018547066	0.40066503616948107	0.24915494528345306
0.35025046676054084	0.40019587316882005	0.24955366007063923
0.3502896125511941	0.4005690216233422	0.2491413658254638
0.35039347226312023	0.39957928142615745	0.25002724631072243
0.3502741753414755	0.39969362740079684	0.25003219725772785
0.35046323363993	0.3999359841754702	0.2496007821845999
0.3504353097564212	0.4005788796692613	0.24898581057431762
0.3496458725874284	0.4005682250953424	0.24978590231722933
0.35052953237880957	0.4003247380248142	0.2491457295963763
0.35026534934571507	0.4007325081007257	0.24900214255355935
0.34989716131138915	0.39990724929329374	0.2501955893953173
0.350162812424543	0.40015614441087305	0.24968104316458406
0.3497288453231913	0.4007636532249882	0.24950750145182057
0.3503388114080269	0.40001329991209195	0.24964788867988125
0.3502778553698918	0.40014817293734406	0.24957397169276424
0.3503008542871828	0.3998434758692584	0.24985566984355892
0.3505805040216809	0.40047264540219674	0.24894685057612248
0.3502581697985604	0.40068211783032986	0.24905971237110985
0.35023314333316774	0.40068010070200544	0.24908675596482688
0.35052648803563347	0.4000018599898898	0.24947165197447685
0.3499073847942293	0.40059945358409504	0.24949316162167576
0.34972155970507895	0.40061523696351314	0.249663203331408
0.34973352624027126	0.4010262601192976	0.24924021364043122
0.35044348880953824	0.4001795234315373	0.24937698775892464
0.3500638133069061	0.40003248029458394	0.24990370639851003
0.3505143363861262	0.39970055595590204	0.2497851076579718
0.34991608506886773	0.4002585658022796	0.2498253491288528
0.35042854090560305	0.40034140068624857	0.2492300584081485
0.3500874953283478	0.40053740213153216	0.24937510254012013
0.35062904929308125	0.3997709559760087	0.24959999473091016
0.350115807599485	0.39966251065300784	0.25022168174750725
0.3504932427426908	0.39989860040351577	0.2496081568537935
0.3500813515405535	0.400829629435376	0.24908901902407068
0.3499366626591065	0.39984602732260077	0.2502173100182928
0.35003500301187573	0.4007118934587176	0.24925310352940672
0.35047655562970836	0.3995874822595919	0.24993596211069985
0.35032765235402125	0.4005808211384775	0.24909152650750135
0.34977902006877143	0.4001992161922715	0.25002176373895724
0.3502017859455347	0.40083784529892685	0.2489603687555385
0.35013442264381717	0.40078631969228024	0.2490792576639027
0.3501678509069421	0.4000725961617251	0.24975955293133292
0.35044982097140126	0.3996311808469292	0.2499189981816696
0.3502714598751996	0.3998014322728607	0.24992710785193983
0.3505372205300214	0.4003049026839125	0.24915787678606618
0.3496146967070332	0.4003046302685528	0.2500806730244141
0.3502808632602412	0.39979312120881255	0.24992601553094634
0.35018516633155117	0.40019038172112364	0.2496244519473253
0.3503558764053492	0.4003139958793903	0.24933012771526064
0.3496937288190641	0.40096105766157214	0.24934521351936384
0.35057586391144696	0.3998618984012348	0.24956223768731833
0.35038076401498497	0.400304005985872	0.24931522999914313
0.3503835794524158	0.3998105738798423	0.24980584666774197
0.34982075079305164	0.40009368178568205	0.25008556742126636
0.35045012492747685	0.4004363391162676	0.24911353595625566
0.34993751117751837	0.40002554633546955	0.25003694248701225
0.3502202848079276	0.4000383389753749	0.24974137621669762
0.350047886698338	0.4003779708447046	0.24957414245695755
0.3502223155873228	0.3998769408977375	0.24990074351493982
0.35024610245498117	0.39978348365042976	0.24997041389458918
0.3503956177605966	0.40038650297318584	0.2492178792662177
0.35027890378794413	0.4004539126147021	0.2492671835973539
0.3498301282244222	0.40101905661100207	0.24915081516457582
0.3505048331802854	0.39956797535930266	0.24992719146041203
0.35032491429424084	0.3998808687815708	0.24979421692418852
0.3501448806340607	0.4003548553072648	0.2495002640586747
0.35035876607769056	0.400459272654691	0.24918196126761857
0.3506463990527035	0.4000023807826797	0.24935122016461692
0.35000723404128214	0.4004196013364827	0.24957316462223522
0.3506068359366789	0.40036312949002373	0.2490300345732975
0.35009621399842245	0.39969681079492136	0.25020697520665636
0.34984288137936087	0.4003272561344977	0.24982986248614153
0.34983611611533394	0.40007228960509383	0.2500915942795724
0.3505206475369854	0.40058062928201044	0.2488987231810042
0.3497237246873748	0.400928901277008	0.2493473740356174
0.3503060447663492	0.400047765247415	0.24964618998623597
0.349777453386876	0.4007287625679686	0.24949378404515557
0.3505185283282739	0.39985801542173616	0.24962345624999005
0.3503898709508258	0.3996709296281575	0.24993919942101683
0.350307287518472	0.400738359327515	0.24895435315401307
0.35062203643570006	0.4000016955203636	0.24937626804393648
0.35007999893538755	0.40073603995571194	0.2491839611089006
0.35017757207258465	0.4009136808624662	0.24890874706494923
0.35048113303658257	0.40053033317529063	0.24898853378812694
0.34974901745720477	0.4005195808626801	0.24973140168011526
0.3502769697588604	0.4007764852526643	0.2489465449884754
0.3504358899431789	0.4006347582559812	0.24892935180083997
0.34967476126954317	0.4003241546475893	0.25000108408286764
0.3500668688692481	0.40094098257253064	0.24899214855822138
0.3499822905826153	0.4004585134522485	0.24955919596513632
0.3496805237290204	0.4005436364839675	0.24977583978701212
0.34988227215090195	0.40079284678839494	0.24932488106070322
0.349731717993203	0.40088820893150295	0.24938007307529408
0.35023587956499763	0.4005656985624929	0.24919842187250957
0.3501784011479405	0.40075602616844996	0.24906557268360963
0.35044704465558546	0.4000955327148312	0.24945742262958343
0.34972460471204403	0.4000655188905577	0.2502098763973984
0.3498732866425526	0.4006766319384133	0.24945008141903424
0.3505662316381953	0.4003450234326548	0.24908874492915
0.34981667480500167	0.4008384943845297	0.24934483081046876
0.35052133691988036	0.40009189398765194	0.24938676909246782
0.3506421435451031	0.3995710644643437	0.24978679199055331
0.3501541387101002	0.400776447978528	0.2490694133113719
0.35050971480338144	0.400033457042997	0.2494568281536217
0.3496816843549333	0.400411005513715	0.24990731013135176
0.3496129316533255	0.4009424369351764	0.2494446314114982
0.35048144822831984	0.4005162700766187	0.2490022816950615
0.3503184767402265	0.4007604871379784	0.24892103612179517
0.3501112402226169	0.399747363237264	0.2501413965401192
0.35045730339567016	0.40056415999303163	0.24897853661129832
0.3503659697072978	0.4006213413961218	0.24901268889658057
0.3499805757719888	0.40026187893012993	0.24975754529788136
0.3496159535551059	0.40091807579071415	0.2494659706541801
0.35030398251765416	0.4003907961921712	0.24930522129017474
0.3499572147229652	0.4002631317603057	0.2497796535167292
0.3505828523001645	0.39979432693788697	0.2496228207619487
0.35004008577626766	0.4003796827786256	0.24958023144510677
0.349895443864295	0.40095839249970733	0.24914616363599779
0.3502763375360829	0.4003912100723262	0.24933245239159102
0.3503209513418093	0.40061562836105563	0.24906342029713524
0.34980814679533784	0.39995880217711055	0.25023305102755167
0.35053370137609674	0.40045204520648914	0.24901425341741423
0.35001442766212654	0.4003405403322948	0.24964503200557875
0.3505705119707315	0.3995880640509336	0.24984142397833495
0.3501730093922874	0.4006631024076172	0.2491638882000955
0.3499997737556599	0.40059244454034415	0.24940778170399602
0.35003600379518796	0.40067562387170685	0.24928837233310527
0.3504751267061969	0.40039257812454976	0.24913229516925345
0.34971169079837167	0.4003223878172434	0.24996592138438506
0.3497501543678124	0.40028985758698205	0.24995998804520564
0.3505283959460783	0.40017612211427844	0.24929548193964335
0.35007445896568207	0.40076154616324156	0.24916399487107646
0.3504750685253478	0.3998981950831297	0.24962673639152264
0.3500954544829545	0.3996846476407664	0.2502198978762793
0.34978862885533807	0.4007394476415326	0.24947192350312947
0.3497554969592138	0.4001283830732463	0.25011611996754
0.3499354782567028	0.4007942995062131	0.24927022223708423
0.3496936104974608	0.4008671395999242	0.2494392499026151
0.3497389009256942	0.4010219631076086	0.24923913596669728
0.3498729774851974	0.4004811309373188	0.2496458915774839
0.3501298282924501	0.4004640243735293	0.24940614733402075
0.34994509161117127	0.40099983528988997	0.24905507309893887
0.34977286367258137	0.4010029732909848	0.24922416303643394
0.35013980491021074	0.4003705459972571	0.24948964909253235
0.349818012987841	0.40083916141592013	0.24934282559623902
0.3502963462004332	0.40065287616736905	0.2490507776321978
0.35050727923924235	0.40003430501302767	0.24945841574773012
0.3500856878626927	0.40002558521882575	0.24988872691848169
0.3497270332161983	0.40043860968483835	0.24983435709896346
0.35059093029377847	0.4000583956450323	0.24935067406118933
0.3501930055913828	0.4001978883022912	0.24960910610632617
0.3498819107474252	0.4004759077427325	0.24964218150984238
0.3502501861066232	0.3999778737733848	0.24977194011999215
0.3497068594665085	0.40010526071396957	0.25018787981952206
0.34996117836558205	0.4006613316291701	0.24937749000524795
0.34992711145339433	0.40072310403477907	0.2493497845118267
0.3502389770662817	0.3999189893451902	0.2498420335885282
0.34986056760728185	0.40056134316834113	0.24957808922437713
0.3506444557683493	0.3997663455599104	0.24958919867174037
0.35062214596316765	0.39975782638578566	0.24962002765104677
0.3499321237629237	0.4005455050206527	0.2495223712164237
0.35033557237281937	0.40068991066685733	0.2489745169603234
0.3502557381631765	0.39987880971137135	0.24986545212545225
0.3502827055722838	0.40000114810387366	0.2497161463238426
0.3504527727794662	0.39974699502783984	0.2498002321926941
0.35001557370389047	0.40060700896415913	0.24937741733195048
0.3503671063259678	0.39962450068367517	0.25000839299035715
0.35046429309257027	0.40062591672084297	0.24890979018658688
0.3506300352177625	0.4001846378426978	0.24918532693953976
0.34965531320105964	0.4009676507278088	0.2493770360711316
0.3500702289836141	0.4000447666686517	0.2498850043477343
0.34964355207535663	0.400726876747817	0.2496295711768265
0.3497821226438771	0.4002390714040846	0.24997880595203842
0.3496150256240402	0.40061761768062076	0.24976735669533914
0.350399007308449	0.39972806101498215	0.24987293167656893
0.3499622459756811	0.40033814452123134	0.24969960950308764
0.34979723313515315	0.40040225713416444	0.24980050973068252
0.3503926026787439	0.40066188867583014	0.24894550864542608
0.35020290739682003	0.4001803500141985	0.24961674258898156
0.349796599858186	0.4001636154022018	0.2500397847396123
0.3499460820694668	0.40085622904908713	0.24919768888144614
0.3499653853107192	0.4005666794624949	0.249467935226786
0.35064399835296167	0.400271503436066	0.24908449821097245
0.34980420264971496	0.4007632794249769	0.24943251792530824
0.34977001329593443	0.4006164217639955	0.24961356494007017
0.35006296651146535	0.40068177592104526	0.24925525756748948
0.35025862966354826	0.40055921247269666	0.2491821578637552
0.34974728223440743	0.4002780800451875	0.24997463772040512
0.3501799896353248	0.3998327928519462	0.24998721751272912
0.3503466650530888	0.40026988030342087	0.24938345464349043
0.3503731872959725	0.4003040608436653	0.24932275186036232
0.350317876448567	0.40003144629124066	0.24965067726019247
0.3500383335983635	0.3999017507770772	0.2500599156245594
0.3498342008964265	0.40004592532931815	0.2501198737742555
0.35038908217361897	0.39967543198563127	0.24993548584074982
0.35010655248865596	0.4002274424436955	0.24966600506764866
0.34987742873524724	0.40018997129660683	0.24993259996814604
0.3505239451289419	0.40040864909961793	0.24906740577144026
0.3497425365026979	0.400052999563286	0.25020446393401624
0.34999184851522863	0.4000361257584951	0.2499720257262763
0.3500869979396402	0.3997335783536833	0.2501794237066766
0.3501028065205885	0.4006969129827585	0.24920028049665316
0.3504409865389244	0.4001911639618616	0.2493678494992141
0.3504069616556916	0.40027493296883465	0.24931810537547391
0.3500471510165835	0.4001485839212647	0.24980426506215192
0.3499985681771875	0.40045371067518415	0.24954772114762847
0.3501725915593489	0.40082928980467714	0.24899811863597415
0.3497966975512691	0.4001055957416554	0.2500977067070757
0.35029891389307327	0.39976338389030186	0.24993770221662495
0.35060516396128205	0.40021819551057225	0.24917664052814578
0.35030641622055925	0.40018055057271734	0.2495130332067235
0.3497576543698532	0.4003059832824636	0.2499363623476833
0.34985040027180253	0.3999262095773292	0.25022339015086836
0.3500456357725557	0.4000907926625665	0.24986357156487793
0.35007024579100054	0.39971545417502996	0.2502143000339696
0.3505242507488295	0.4004708886271977	0.24900486062397295
0.3505218454353437	0.3995549184822118	0.2499232360824446
0.35001925825973673	0.40006012221210435	0.249920619528159
0.3503898885337099	0.40017217468294625	0.24943793678334397
0.3499847612349649	0.40043323461676605	0.24958200414826912
0.350223792767445	0.39977714782326623	0.24999905940928888
0.3503973228905445	0.40014351886441996	0.24945915824503567
0.34995528466617964	0.4004157137215367	0.24962900161228374
0.3500275622875171	0.40046537096397194	0.24950706674851109
0.35002929820300355	0.400847501390749	0.2491232004062476
0.35048001445306554	0.4005877508517951	0.24893223469513948
0.3502517229563264	0.40028416105982756	0.24946411598384616
0.35008376788396034	0.39976810803902135	0.25014812407701836
0.34977922864286126	0.40070078620207417	0.24951998515506468
0.349997693213047	0.3998027804656016	0.25019952632135156
0.35034033863179026	0.4003210661737564	0.24933859519445345
0.3499422085192959	0.4006674610519295	0.24939033042877468
0.35024323521303413	0.40084711792027217	0.24890964686669376
0.3505448777236633	0.3999132254915153	0.2495418967848215
0.3501299123046012	0.40092528849054454	0.24894479920485435
0.35041063100749176	0.40039094054114793	0.24919842845136042
0.3500203674252979	0.40067244794899914	0.24930718462570306
0.35002383548577	0.4004221469355913	0.24955401757863888
0.3500700316258476	0.4009104859672548	0.24901948240689772
0.3500685232185259	0.4000368291268524	0.24989464765462183
0.3500310722797527	0.40077852227301103	0.24919040544723642
0.3503347982025153	0.4005453777824506	0.24911982401503424
0.35048090027668954	0.4004224435787517	0.2490966561445589
0.3505445104815158	0.40045387169481556	0.24900161782366875
0.34986757668824114	0.3999267021374817	0.25020572117427725
0.3497905256705005	0.39998051924165745	0.25022895508784215
0.3505371175785902	0.40022588403698306	0.24923699838442687
0.3496757014306698	0.4006791067913524	0.24964519177797795
0.3499673674841144	0.4000599246628612	0.2499727078530245
0.3500277403021179	0.4008663713335564	0.2491058883643258
0.35040228948892904	0.4005266832974567	0.24907102721361435
0.35063965639053807	0.3995732620621961	0.24978708154726595
0.35008509733977816	0.400263368546492	0.24965153411372987
0.3506441767096084	0.39956290499854474	0.24979291829184697
0.35028992461795533	0.3997190006607485	0.24999107472129625
0.3498399696844655	0.4008320310338406	0.24932799928169402
0.3501820000678957	0.40047359780087854	0.24934440213122594
0.3497390552897303	0.40067814719603756	0.24958279751423226
0.35057632235401237	0.4003023333187039	0.24912134432728383
0.3502843844213629	0.4006137567451323	0.24910185883350494
0.3501383960588384	0.4001370707505916	0.24972453319057014
0.350553246875859	0.40008947858941724	0.2493572745347239
0.35020324835225175	0.40016505004200126	0.24963170160574713
0.3499835363940193	0.40000449034573055	0.25001197326025026
0.3504421339847934	0.4006369187836861	0.24892094723152064
0.34969146712974297	0.40014960893139995	0.2501589239388572
0.3504527532623362	0.39997433139630717	0.24957291534135673
0.3500404291630531	0.4009831858877787	0.24897638494916832
0.349767927494643	0.4003064701956161	0.24992560230974098
0.34961711899160275	0.40083035172332016	0.2495525292850772
0.3500813587620057	0.40022380864822316	0.24969483258977127
0.35022187519043657	0.40016466730158595	0.2496134575079776
0.35007162744436293	0.40006744641460756	0.24986092614102964
0.34981303793682533	0.4010233403755636	0.2491636216876112
0.3503601893803776	0.40053062060920275	0.2491091900104198
0.3504609396636383	0.40005188362779665	0.24948717670856518
0.3497398018405215	0.4000319342489036	0.250228263910575
0.3497391614572672	0.40024872805731143	0.2500121104854215
0.3499715525409891	0.40043508873039135	0.24959335872861965
0.350140849117111	0.3997418048879604	0.25011734599492863
0.3497608164678848	0.40002418446826893	0.25021499906384637
0.35062421076271194	0.4001165404398994	0.24925924879738878
0.3499260210558149	0.4005006965375641	0.24957328240662116
0.35002658979305756	0.4000175539873524	0.24995585621959018
0.35039768695880363	0.40049687853851934	0.2491054345026771
0.3503592937941691	0.4005395410265034	0.2491011651793276
0.35001765931400164	0.39984284427138167	0.25013949641461675
0.3497182082840884	0.4001266708525235	0.25015512086338826
0.35034561943233694	0.40035508878764614	0.249299291780017
0.3501158147259078	0.40019619728498174	0.24968798798911054
0.3504970622601598	0.39984876984450685	0.24965416789533346
0.34982392972376125	0.4004410975802446	0.24973497269599426
0.350250528814549	0.4004112223855628	0.2493382487998883
0.35063160130513327	0.4001528982489345	0.24921550044593233
0.3497338891989616	0.40017442784472146	0.25009168295631706
0.3500416313501324	0.4005169928959598	0.24944137575390793
0.3501250001254013	0.40087079057938046	0.24900420929521838
0.35061664866568437	0.399627674712433	0.24975567662188278
0.35034448351612946	0.4006485512775044	0.24900696520636628
0.3499731266278269	0.4001380014524735	0.2498888719196997
0.35056863822253603	0.4003798321007067	0.24905152967675737
0.35025176859692175	0.39962168070672	0.25012655069635836
0.35015914360380646	0.3997841506509556	0.2500567057452381
0.3501124354403093	0.4009483759887514	0.24893918857093944
0.35041695998412453	0.40043905315596495	0.24914398685991063
0.3500221709320432	0.4002695837748449	0.24970824529311203
0.35037345636695755	0.40004474998054274	0.24958179365249983
0.3499220089840644	0.40025614368685064	0.24982184732908508
0.3496184572596317	0.4008140250131763	0.2495675177271921
0.35037732467287974	0.40025183808918186	0.24937083723793851
0.35064037581103846	0.39966983173236564	0.24968979245659598
0.3497721619979415	0.40058877142867655	0.24963906657338208
0.3504042520391634	0.399869494265142	0.24972625369569468
0.3503301952615533	0.3999092069826995	0.24976059775574735
0.35056536711848735	0.40024508311813567	0.24918954976337712
0.35034191638328216	0.3998949323435298	0.2497631512731881
0.3502350554163202	0.40006604094990367	0.24969890363377623
0.34980849889179266	0.40003719433214413	0.2501543067760633
0.3500088058713659	0.4007722587074917	0.24921893542114246
0.3501633871292628	0.4006832990629182	0.2491533138078191
0.34999425623283903	0.4007987927564539	0.24920695101070717
0.34967970211570715	0.40078440686968786	0.24953589101460508
0.35056339680368037	0.39994694242857604	0.24948966076774376
0.3497824653099266	0.4004552924433704	0.24976224224670313
0.35060183604981565	0.4003559348300017	0.24904222912018276
0.34962858552572185	0.4007134378450234	0.24965797662925487
0.3497032295266572	0.4008302912248482	0.2494664792484947
0.350217392223701	0.3999507192289049	0.24983188854739422
0.3498895638627899	0.40060406676418325	0.24950636937302695
0.3501783816137451	0.4009137653309124	0.24890785305534263
0.3499968961663444	0.40003584606817066	0.249967257765485
0.34987292542861415	0.40037325521716866	0.24975381935421725
0.35025994384444264	0.4001819935251384	0.2495580626304191
0.34970049367911304	0.4004310157856839	0.24986849053520316
0.35046996811384173	0.39988509543992656	0.24964493644623187
0.3504880559771499	0.40057384171048926	0.24893810231236094
0.350072419448468	0.4008843772658134	0.24904320328571872
0.350188932859475	0.40057433809349713	0.24923672904702798
0.3502732222327597	0.3995799740266922	0.2501468037405482
0.34992258835403595	0.4001783580718038	0.24989905357416037
0.34965855306342064	0.4006892976599028	0.24965214927667667
0.35003152594695014	0.4009094873729463	0.24905898668010368
0.3505011551045004	0.39983526115779877	0.24966358373770095
0.35025218655090934	0.40033206719272874	0.249415746256362
0.35056294939584154	0.4005150115690032	0.24892203903515533
0.35041448930447444	0.39987726184193306	0.24970824885359266
0.35038060180903224	0.3995547644083307	0.2500646337826372
0.34985217729996143	0.4003077781406643	0.24984004455937434
0.3503618634038449	0.4001221464063218	0.24951599018983336
0.35059123595050884	0.40034451381393965	0.2490642502355516
0.3502063035776384	0.40004003155075124	0.2497536648716105
0.3496341139157605	0.40092303862739054	0.24944284745684905
0.35025506474784196	0.40056786939406097	0.2491770658580972
0.35006930905065337	0.40067564199784145	0.24925504895150533
0.35043489505192893	0.39993017400514974	0.24963493094292144
0.3497280820807552	0.4005053321404678	0.2497665857787771
0.3504559576446949	0.4005190257665793	0.2490250165887259
0.35024635806230353	0.40049791596480494	0.2492557259728916
0.3504603299037112	0.4004801933062262	0.24905947679006274
0.3496789502102041	0.40023032892708243	0.25009072086271356
0.35063982557823714	0.40012373714482463	0.24923643727693837
0.34975215185020275	0.4001389151378783	0.25010893301191905
0.35052462777058824	0.39994181169014287	0.249533560539269
0.34974187032566373	0.40057511750011876	0.24968301217421762
0.35045063470036475	0.39960992736062595	0.24993943793900938
0.35025890964932826	0.39984646152946357	0.24989462882120828
0.35064183362829654	0.3997978169623645	0.24956034940933908
0.3504962846546561	0.399625587666374	0.24987812767897
0.3499237146498219	0.40000719227407655	0.2500690930761017
0.3496881207844201	0.400094674369574	0.250217204846006
0.35003884741327657	0.40088861636565404	0.2490725362210695
0.3497625350183219	0.4004275429762137	0.24980992200546454
0.35009296701155285	0.4004877496313606	0.24941928335708669
0.3499833207254477	0.40004259073354853	0.2499740885410039
0.34992269272520526	0.4006023557596614	0.24947495151513344
0.34967132592435496	0.4005186701698948	0.24981000390575037
0.3497127390978761	0.40061691037167035	0.24967035053045367
0.349927518892753	0.4004408842450006	0.2496315968622465
0.35000434364898736	0.40081812638587716	0.2491775299651356
0.3500041166699114	0.40027579883575426	0.24972008449433447
0.35009723097726575	0.3999205305213635	0.24998223850137083
0.35035393143936977	0.40049408724448343	0.2491519813161469
0.3496387312353347	0.40025556466179574	0.2501057041028697
0.3503420832909651	0.40070737329366646	0.2489505434153686
0.35051291779810967	0.400026683755931	0.24946039844595946
0.35008658006824783	0.4002631459474093	0.24965027398434297
0.34973890274879615	0.40004667229080526	0.25021442496039875
0.3504325352894544	0.4000645373100145	0.2495029274005312
0.3497547520272104	0.4007748216823869	0.2494704262904029
0.35043950903053006	0.4000050686503883	0.24955542231908173
0.35035437775372646	0.4000240228379557	0.24962159940831796
0.3500137912789992	0.39977192482498963	0.2502142838960113
0.3502570655486499	0.39997336090844166	0.2497695735429086
0.3502537617748833	0.3996812511111976	0.2500649871139191
0.35053010555199904	0.39992029785927935	0.24954959658872172
0.3502499049832795	0.39998263889564944	0.24976745612107115
0.35025787637254147	0.400143656996544	0.24959846663091462
0.3501526757089623	0.40060844898379133	0.24923887530724642
0.35008841712664795	0.3997905013812043	0.25012108149214785
0.34973291141092566	0.40025251573775045	0.25001457285132406
0.35032704788877844	0.39981256684108146	0.24986038527014018
0.3504471636705185	0.3998351781361054	0.2497176581933762
0.3501147942068764	0.39987516096124476	0.25001004483187894
0.35034474651522385	0.39971123806724906	0.24994401541752717
0.3502757590121981	0.40004970454276234	0.2496745364450397
0.3500192982832421	0.40097824608258764	0.2490024556341704
0.3505137316381204	0.3996187381808758	0.24986753018100394
0.3506107211007237	0.39973609027421947	0.24965318862505692
0.34969206800581804	0.40036226505578676	0.24994566693839532
0.3498365465831279	0.4006453180019758	0.24951813541489642
0.3501508976209401	0.3998894340025611	0.2499596683764989
0.35020054778258225	0.3998714877388735	0.24992796447854437
0.3502577547705139	0.3999652188400505	0.24977702638943572
0.35047735587549833	0.40060001868118694	0.2489226254433148
0.35003561702486397	0.4006885050666098	0.24927587790852634
0.35020444466769285	0.40062088389062295	0.24917467144168431
0.3498518501228375	0.4001510315575087	0.24999711831965393
0.3500879172956808	0.40021098096411517	0.24970110174020416
0.3504990043602678	0.3996727764907939	0.24982821914893838
0.35047011009645623	0.39998442867334616	0.24954546123019772
0.3497886924395144	0.40095925098132246	0.24925205657916327
0.3498751355800732	0.4001836654393545	0.2499411989805724
0.35025258712686647	0.40025685647021125	0.2494905564029224
0.35029442713234715	0.40033622462779317	0.2493693482398598
0.3503590525777488	0.40008967353000346	0.24955127389224782
0.35016426795307354	0.4008689671013096	0.24896676494561698
0.3504970094480425	0.3998121794751094	0.2496908110768482
0.3502415463351434	0.3998959010842561	0.24986255258060058
0.3500447080726078	0.40059151118021175	0.24936378074718057
0.34960832654044605	0.4007429567927217	0.2496487166668324
0.34967108646463146	0.4007771484759775	0.2495517650593911
0.34977807834563673	0.4000466047427036	0.2501753169116598
0.3496958138767601	0.40039664810327746	0.24990753801996252
0.3499139681147558	0.4003911834921137	0.24969484839313064
0.3497052875016131	0.4004001195517877	0.24989459294659924
0.34979050970303127	0.40017659472477923	0.25003289557218966
0.35030678778456203	0.39983664007387826	0.24985657214155982
0.35009320354434376	0.40085313337373385	0.2490536630819225
0.3504124149997856	0.4005754079985766	0.24901217700163797
0.34984510214824377	0.4007078403670027	0.24944705748475363
0.349996484416758	0.40064692860100404	0.24935658698223806
0.3499659559431621	0.40035247477996794	0.24968156927687007
0.3502434645425855	0.4006537730445383	0.24910276241287632
0.350208439997723	0.4003095025061781	0.24948205749609906
0.34978042674830906	0.40013394442149575	0.2500856288301953
0.35024150413335053	0.40071828984046487	0.2490402060261847
0.3504519294280527	0.3998599086143346	0.2496881619576128
0.3506066255296252	0.39988169362191406	0.24951168084846084
0.3506072126133141	0.40029661686743273	0.24909617051925323
0.34985687933527065	0.4002244850406594	0.24991863562407007
0.3502806566188955	0.39996133267161477	0.24975801070948978
0.35014284388872063	0.4006065334780934	0.2492506226331861
0.3500866165932919	0.40056869074237555	0.2493446926643327
0.34988730041165733	0.4005660584563977	0.24954664113194508
0.35056640122728244	0.39987292382578987	0.2495606749469278
0.3501610720397113	0.39997561030045103	0.24986331765983777
0.3504522849541759	0.4004038288620991	0.24914388618372513
0.34997527833744524	0.4007353452636811	0.24928937639887377
0.3500551471425845	0.4006011984563813	0.24934365440103423
0.350586266211837	0.39972099258446087	0.2496927412037022
0.3503940334844162	0.40039251632496337	0.24921345019062055
0.34971762451586197	0.400751562492871	0.24953081299126706
0.3504540209501754	0.40033342271880434	0.24921255633102035
0.3505140095978111	0.40000206171370145	0.2494839286884875
0.3504307045444103	0.40028075327573975	0.24928854217985008
0.3501371272831214	0.3998246328162467	0.250038239900632
0.34973009582182935	0.40045953762084396	0.24981036655732686
0.3503902936343393	0.40043026098351553	0.24917944538214526
0.35047977246750983	0.39993833764242537	0.24958188989006494
0.35053971300443754	0.39972267320709753	0.24973761378846504
0.34987356891814203	0.40000020300265404	0.25012622807920404
0.3497125157188136	0.40088545287895944	0.24940203140222705
0.34987274294761556	0.4009986451787505	0.24912861187363403
0.35013116435201014	0.40052776589141714	0.24934106975657283
0.3499561299260259	0.40025477288369354	0.24978909719028067
0.35050240349489503	0.4001273911141606	0.24937020539094445
0.34961200861589115	0.4007368231552463	0.24965116822886269
0.3499520163257416	0.40042810446596416	0.24961987920829437
0.3499552311716856	0.39984434783138706	0.25020042099692746
0.3497563649841123	0.40076708284629764	0.2494765521695902
0.3500393332166525	0.3998949074411824	0.25006575934216524
0.3504086673528731	0.4004929276812434	0.2490984049658836
0.34976906233945004	0.40051170652806317	0.2497192311324869
0.35047860352523486	0.40024485327587256	0.24927654319889264
0.35043325450747204	0.3996700920853377	0.24989665340719033
0.3501557564405535	0.40004278480678346	0.2498014587526631
0.3502995633705207	0.39959004576576257	0.2501103908637169
0.35037194253074233	0.4000885872379475	0.2495394702313103
0.3501228386087726	0.3996479121033862	0.2502292492878414
0.3505986258014365	0.3998743554460566	0.249527018752507
0.35005759056560726	0.4006180628277559	0.2493243466066369
0.3497614285946876	0.4008148462146026	0.24942372519070988
0.3505864587983487	0.39971245648106063	0.24970108472059077
0.35048344117108626	0.4005102281698765	0.24900633065903732
0.35015711650397946	0.4006608162653893	0.24918206723063138
0.3503255471021383	0.4005415578323246	0.24913289506553724
0.35037373004794914	0.4006888673238937	0.24893740262815728
0.349668335412808	0.40071777872885983	0.24961388585833233
0.35060581372396366	0.40025686951072115	0.24913731676531534
0.3504532387616866	0.40020016737764097	0.24934659386067248
0.3502179584293028	0.39956669619714397	0.25021534537355333
0.35035884387965543	0.3999676919337625	0.24967346418658215
0.34986885282303737	0.400583991999768	0.24954715517719475
0.34985218903561105	0.4002169497171347	0.2499308612472544
0.3497505063477191	0.40064010142709094	0.24960939222519007
0.35037968685205695	0.40012777170558855	0.2494925414423546
0.3506310686221952	0.3999674178634227	0.24940151351438217
0.3496729785082123	0.40054630218688636	0.24978071930490148
0.34997784582704156	0.40078617081934564	0.2492359833536129
0.35031687675899476	0.40007160688800036	0.24961151635300502
0.3501514989188406	0.3998154073112757	0.2500330937698838
0.3502383859988435	0.4000206857120026	0.24974092828915403
0.3506093405962387	0.40033128528556927	0.24905937411819218
0.35005109036286974	0.4008344984702765	0.24911441116685384
0.3502113495558447	0.3999714613579515	0.24981718908620393
0.3505567322969243	0.40039340062040385	0.24904986708267196
0.35043404545537593	0.39984246640345483	0.24972348814116935
0.3502951555820706	0.40006637852258553	0.249638465895344
0.3498332001318055	0.4009117748044333	0.24925502506376132
0.3499818810095843	0.4001113629432114	0.24990675604720441
0.35024720779475904	0.4008437835192451	0.24890900868599597
0.35021847747065066	0.40030669904016186	0.2494748234891876
0.3497404566743045	0.400103004768415	0.2501565385572806
0.35038445261178025	0.40063981293165196	0.2489757344565679
0.3503064248136074	0.40055479798907356	0.24913877719731914
0.35046354905737953	0.4001966913545316	0.24933975958808893
0.35061695893472455	0.40037747771760457	0.249005563347671
0.34961118379770084	0.4006722059644937	0.24971661023780553
0.3506429072068894	0.40030106023123735	0.24905603256187336
0.35055054592166157	0.40041593032006473	0.24903352375827384
0.35052928802837047	0.39984292393597215	0.2496277880356575
0.35059849262720183	0.40029607309034276	0.24910543428245552
0.349942477610716	0.4004325557429795	0.24962496664630462
0.34986545715829326	0.4002311897126331	0.24990335312907372
0.3497949768259823	0.4006736443974194	0.24953137877659837
0.3498303942543108	0.40083530040147863	0.2493343053442107
0.34985750890295325	0.3999562257775743	0.2501862653194726
0.3502249053405746	0.4000103740455086	0.2497647206139169
0.35022791216289983	0.4005659626188631	0.24920612521823715
0.34989585143127566	0.40027435546396983	0.24982979310475462
0.3502184065654363	0.40034458521821836	0.24943700821634543
0.34963309003424203	0.40057161549371106	0.24979529447204699
0.3502315376429138	0.40060067096930085	0.24916779138778544
0.34998493867518365	0.4002499028861269	0.24976515843868954
0.35014594092631324	0.4008215096126424	0.24903254946104447
0.34985212568492996	0.4008204638480348	0.24932741046703527
0.3502418078396235	0.39961587904622126	0.25014231311415536
0.35011983697898913	0.4000232144550593	0.2498569485659517
0.3501474209569182	0.3998762655397995	0.24997631350328242
0.3497843725632158	0.4009252612023232	0.2492903662344611
0.3500168072128385	0.3998218124653504	0.2501613803218111
0.35052222278769135	0.40030154455608086	0.2491762326562279
0.34976978829415717	0.40064450364218374	0.2495857080636592
0.3506323008469505	0.39997243099534285	0.24939526815770674
0.3501771906921209	0.40046065976541845	0.24936214954246078
0.35027295775354106	0.400654084030562	0.24907295821589706
0.3502407784309852	0.40035489619214587	0.24940432537686902
0.35007270278982994	0.39995201890346005	0.24997527830671012
0.34986112450719137	0.4010112050700852	0.24912767042272355
0.35019895225145486	0.4003320186158134	0.24946902913273183
0.35056319525470875	0.39994893355528355	0.24948787119000781
0.35046074695038143	0.3995882412258427	0.24995101182377596
0.3497095098204079	0.40013198185513876	0.2501585083244534
0.35025354070450215	0.3998286982122494	0.24991776108324854
0.3499763484713646	0.40058873521161964	0.24943491631701586
0.3501343156519245	0.400837813694086	0.24902787065398965
0.35054274007060904	0.4002626410032708	0.24919461892612033
0.34982309444107507	0.40004583646906394	0.2501310690898611
0.35010397600007864	0.4002733597608429	0.24962266423907858
0.34993827455838583	0.4004535827223133	0.24960814271930098
0.35044602752797066	0.3995743184508181	0.2499796540212114
0.3505941747122199	0.40036881758783827	0.24903700769994197
0.3499806293494659	0.4005358754987039	0.24948349515183033
0.34972507716908074	0.4009058919257045	0.24936903090521484
0.35021092331153514	0.39977277463309835	0.2500163020553666
0.35021560950361397	0.40045111942500844	0.24933327107137773
0.34965463018929643	0.40024147532243926	0.2501038944882644
0.3496679046293634	0.4009329526174644	0.24939914275317226
0.35013105424823565	0.3999521518611672	0.24991679389059723
0.3500630163354951	0.4005065437945037	0.2494304398700014
0.34997559582589377	0.4003115588182361	0.24971284535587024
0.35015613745577107	0.40086419980457433	0.2489796627396547
0.35044407491656937	0.39992190787775883	0.24963401720567194
0.35038390296666666	0.39958711221412946	0.250028984819204
0.3502016395951657	0.39958904770523596	0.25020931269959845
0.34992599463317486	0.4001128070863813	0.24996119828044394
0.3497323692941771	0.4002782132349353	0.2499894174708877
0.34995565843705356	0.4000399250587159	0.25000441650423066
0.3503898082977472	0.40008208250611876	0.2495281091961341
0.3497136686499051	0.4007279596777051	0.2495583716723899
0.35016909344602537	0.3999132187414064	0.24991768781256835
0.3498137130454805	0.40099141949001615	0.24919486746450348
0.3497601326302921	0.40003225613177296	0.25020761123793506
0.34983623070986697	0.40043273481652436	0.24973103447360878
0.3497808888557546	0.4004081891562245	0.24981092198802102
0.35013339764598955	0.4006408639594087	0.2492257383946019
0.35022901250935257	0.40030395574895616	0.24946703174169144
0.35021884625736965	0.4002550214275231	0.24952613231510734
0.35060129788964767	0.400278018028163	0.24912068408218946
0.3498424809765437	0.40055706268778674	0.24960045633566968
0.3501541705891093	0.40070536633494747	0.2491404630759434
0.3504087262314848	0.4000547948286679	0.24953647893984743
0.35048121795518417	0.39972746748599036	0.24979131455882556
0.3503126711538767	0.4006253212892667	0.24906200755685673
0.35048418890510025	0.39981471707411476	0.2497010940207851
0.3503766153142404	0.40054516299242227	0.24907822169333743
0.34998790850237893	0.40099619728722713	0.2490158942103941
0.34964075341375467	0.4003327023445613	0.25002654424168413
0.35013999762168097	0.4008689394846828	0.24899106289363637
0.35057127369465646	0.4000155441500028	0.24941318215534086
0.35044570815534304	0.39977825736258377	0.2497760344820733
0.3500243732948298	0.40101600161336126	0.24895962509180905
0.3501250313817748	0.40062761978007877	0.24924734883814653
0.3503201996364032	0.39999030785012935	0.2496894925134675
0.35037081934790176	0.39993059620872795	0.2496985844433704
