0.05911416482948553	0.1017715484126114	0.3215908282823938	0.17560472149080306	0.3419187369847061
0.05873645943905459	0.09710215857508171	0.3193443536308226	0.18026267044542246	0.3445543579096185
0.05927063878162414	0.10494600087415508	0.3183133031001355	0.17581522310706	0.34165483413702513
0.05920419457077031	0.10111753357832315	0.31929822860053314	0.17604373684943242	0.34433630640094093
0.059092803411647465	0.09644413557448372	0.32222438229043915	0.18167513826823906	0.34056354045519044
0.058673653669909676	0.09946282202251205	0.32363751157292775	0.17564092431946926	0.34258508841518115
0.05910616792752604	0.09646129471267918	0.32244908673246153	0.180532131003524	0.34145131962380915
0.05889478884378166	0.09620976103587904	0.32638456499753343	0.17522157996650956	0.34328930515629613
0.05858779790076474	0.09496402751464675	0.3260628211737081	0.17770170030548982	0.3426836531053905
0.0589097444315555	0.09553508489037664	0.3225718853286479	0.18125524319424438	0.3417280421551754
0.05854069461069611	0.09849538365059526	0.3217963969466336	0.17732225296881496	0.34384527182325997
0.05887443889761215	0.0950200051341291	0.3215863573040209	0.1801222695161947	0.34439692914804304
0.058623562849979105	0.10308202685393408	0.3179577778089519	0.17978943369702896	0.34054719879010587
0.058397845054307757	0.10212055194469681	0.3186348974462675	0.1779280282307628	0.34291867732396497
0.0585257584279435	0.10590027732527978	0.3181825353611935	0.17526699796847683	0.34212443091710626
0.05890307286545743	0.1017336632920943	0.31777318970694907	0.18075976494738255	0.3408303091881165
0.05849287247156956	0.1027966039204548	0.3194225301520661	0.17689757050306634	0.34239042295284305
0.058939559064128844	0.09981283664651194	0.3198251086368403	0.17533267918684403	0.3460898164656747
0.058574576063748274	0.10524108095117575	0.3183013371899572	0.1755152854225554	0.3423677203725633
0.05842510895479047	0.09323335473656334	0.3255266454669391	0.17766626426171644	0.34514862657999057
0.05865125367960894	0.09265224862885718	0.3246825834892729	0.18112892435433578	0.34288498984792504
0.058428345152992334	0.0937933132506025	0.3243626363857827	0.17739802591805404	0.34601767929256827
0.05849782794942043	0.09301529330087752	0.32542889989737456	0.17703931385038152	0.34601866500194584
0.0587196763868334	0.09866058192509122	0.31775628815287765	0.18153607265498745	0.3433273808802102
0.05915040310057934	0.10485362465731499	0.3169317222486377	0.17739751515011462	0.34166673484335325
0.05916600282661483	0.09632303294881904	0.31877563241395745	0.17936669176578424	0.34636864004482426
0.05878274566745553	0.09300843005061143	0.32585079939009	0.1784949425028376	0.3438630823890053
0.05846300892489986	0.09685825299618486	0.32096497251029454	0.1795118669175124	0.3442018986511082
0.05902189860962659	0.09958598996738117	0.3203786708382596	0.18016230693322594	0.34085113365150654
0.05851607289689045	0.10238768793063768	0.3168081408424887	0.17763476394600533	0.3446533343839777
0.05911878755605926	0.09949406614125766	0.318783531919997	0.1787262207660493	0.3438773936166366
0.05877225986337864	0.09832553559321941	0.3230858835001827	0.17540992245018988	0.34440639859302924
0.058743667173297626	0.0981697142060916	0.31803653796851444	0.1800704254711484	0.34497965518094775
0.058945881267198436	0.09904595333787004	0.321197733718125	0.17989055388595662	0.34091987779084976
0.05937350959025495	0.09314122403533946	0.32331216032544857	0.18194800277975645	0.3422251032692004
0.058469648744237934	0.09413606921522023	0.32065804107271834	0.1813767750441203	0.34535946592370304
0.05926098084210393	0.09235649243001959	0.3264867438865171	0.17813207808398673	0.34376370475737256
0.05888741185689916	0.10106809503235248	0.32175848465416856	0.17594533535764606	0.34234067309893357
0.058873519316282735	0.0979217776877791	0.320156712125305	0.17651561002682248	0.34653238084381055
0.058596469820637154	0.09917157240595309	0.3208337460044201	0.1768979853035556	0.3445002264654339
0.059300276915617844	0.09801743716827022	0.3181180210223176	0.1809217261463527	0.3436425387474415
0.05925305294218752	0.10058368600809313	0.31958667389283796	0.17605661202662548	0.34451997513025573
0.0587030693877067	0.10100965074489501	0.32014943432880794	0.1785946889828717	0.3415431565557185
0.0584385901925881	0.10182818412279476	0.3218611627843039	0.17524786655271452	0.34262419634759866
0.05887789012898631	0.10082046188636196	0.31986213868609464	0.17899895306145452	0.34144055623710245
0.059201637900451576	0.09327602293184069	0.32144363934570264	0.18162855362746516	0.34445014619453984
0.05852767086073116	0.09550648694226674	0.32307323619878486	0.17838401045113475	0.34450859554708235
0.058604181595290905	0.09323225624505951	0.32636320839027827	0.17873703598449447	0.34306331778487675
0.059293535960712296	0.09529428809851621	0.32647700729017404	0.17814855528538748	0.3407866133652099
0.05867078907049389	0.09359252420846684	0.32663142159075054	0.17656202267716628	0.3445432424531223
0.058506341553715535	0.09592136621956909	0.3227199719091897	0.1762680658977631	0.3465842544197625
0.059256189065583165	0.09387235547921528	0.3232489251566763	0.17790818549906728	0.34571434479945784
0.05888946706122031	0.09582589997790947	0.32051448902589447	0.17923424662268572	0.3455358973122899
0.05849132882020541	0.10088712310492588	0.31802597661649057	0.1807074011224353	0.3418881703359427
0.05859457421179612	0.09371410017900805	0.3236134684895631	0.17760420605265975	0.3464736510669728
0.05901442031042925	0.09730470710816515	0.32264824319911173	0.1789260560877328	0.34210657329456096
0.058694793617212526	0.10030257180098424	0.3196903220276871	0.1759258834111475	0.34538642914296847
0.059043882209279475	0.0958496711288698	0.3220854511320083	0.17933886061216636	0.34368213491767596
0.05878970861099275	0.10321072398438534	0.3217696711945599	0.17559908986215245	0.34063080634790943
0.05849794191846722	0.10089120266279	0.3168155654675222	0.17816289538696556	0.3456323945642549
0.05843780576264837	0.09604652752838864	0.3237698756196389	0.17669030769527141	0.34505548339405256
0.059243907770221704	0.09835198317063365	0.3219869311266765	0.1765108613754328	0.3439063165570353
0.05892902906896663	0.10004705043217811	0.3182775051647895	0.18157721373318786	0.3411692016008778
0.05927383251100435	0.09819390899424303	0.3169904937968136	0.18112634786970494	0.34441541682823396
0.05939536922770611	0.09536587921560813	0.3227311621792107	0.18162973035672245	0.34087785902075246
0.0593343972104059	0.09644768972038212	0.32308470648163357	0.17660039368808697	0.3445328128994912
0.05887636813249847	0.09446707537966058	0.32566918588465754	0.17726893379358452	0.3437184368095988
0.05875109212462132	0.09426245402053413	0.3262769402705099	0.17750538046356443	0.34320413312077014
0.05865204128313933	0.10130077214324253	0.31989900594986115	0.17934580957116159	0.34080237105259525
0.05862215272898444	0.09588210492146879	0.322966872124765	0.18121655941612608	0.34131231080865565
0.05927835056519548	0.09374679572350182	0.3221134860027618	0.17910583274399042	0.34575553496455036
0.058501097593093354	0.10100999252995986	0.3184143192445937	0.180258288862148	0.34181630177020494
0.05880143198287305	0.10521921869847434	0.3168838039227322	0.17730550770556106	0.3417900376903592
0.05881424043489136	0.09625762068422329	0.3258622928566049	0.1775686602649627	0.34149718575931765
0.05853760479015335	0.10526669548361096	0.3170268755080923	0.177949861580683	0.3412189626374603
0.058606543674436046	0.097307729687821	0.32110557072745094	0.18079738315250346	0.3421827727577884
0.0592465870444705	0.10057050842308848	0.31830796348017476	0.17613035394824295	0.3457445871040231
0.05878959065849898	0.09731574621107608	0.32194050851654044	0.17597350314780386	0.3459806514660806
0.05927762892936958	0.10081544750090138	0.3168433356655363	0.17831175076190459	0.34475183714228796
0.058976566755399945	0.10181171421239978	0.31774990757764277	0.17583686913709218	0.3456249423174651
0.05918875071160429	0.10485292913831434	0.3175060178365177	0.1757253395232653	0.34272696279029824
0.059306108217141384	0.0947963957489151	0.32364242771096435	0.1793319621347903	0.3429231061881888
0.05877442431557689	0.09945563864444582	0.3206576088547089	0.17954327710459386	0.34156905108067437
0.05903714276604666	0.0994484503631626	0.32104976102173677	0.17703915622184963	0.3434254896272042
0.05853403512605987	0.09455592732604251	0.32429789537767034	0.17677703323286975	0.34583510893735736
0.05879750164873743	0.09454365832596211	0.3256717597032818	0.18039252417035012	0.3405945561516684
0.05892335598675247	0.09357094715455647	0.32553234573216405	0.17841747358789778	0.34355587753862915
0.058821355158556465	0.09808120740825729	0.32432751480818456	0.17729133068246333	0.34147859194253827
0.05865627668800083	0.09792484080282797	0.3214558752673202	0.17965050730864868	0.3423124999332022
0.05921196898787523	0.09579590678126074	0.32081057284569975	0.1795278514754338	0.3446536999097304
0.059409167817269404	0.0989462165836294	0.31851822703629534	0.1782449565139132	0.34488143204889254
0.0593276159284965	0.0941539581073442	0.32490329096700404	0.1774061658093198	0.3442089691878353
0.05920924320287879	0.10005104457734959	0.317903429826713	0.17952690346996303	0.34330937892309543
0.058977235434597486	0.09974780914485981	0.3199683228254777	0.17619192122996935	0.3451147113650955
0.05915645570213285	0.09642782121292251	0.32473189293577875	0.1788089078182896	0.34087492233087624
0.05898018836757962	0.09945714113174813	0.3172298970019901	0.18032680746353977	0.3440059660351422
0.05885671378415505	0.10250637672729618	0.3212564556554728	0.17622623401549192	0.34115421981758387
0.05885400497594928	0.09407979638370295	0.3220255505988314	0.18169534649402644	0.34334530154748977
0.05857666469899925	0.09669140465484612	0.32331909687503924	0.17658782405923146	0.3448250097118838
0.05940583906078534	0.104198865906601	0.3190857704181109	0.17574278842228166	0.34156673619222094
0.05898305929771891	0.10252097191700241	0.3194621316636679	0.1769544532608331	0.34207938386077763
0.059416829721630954	0.10290114253501378	0.317329148902618	0.17858070541191592	0.34177217342882116
0.05895821079026334	0.09773927528917993	0.31967638118573777	0.18148634187968085	0.342139790855138
0.05867419776653354	0.09249570130370437	0.3218098093657574	0.18137484434549994	0.3456454472185046
0.059381519732518984	0.09515541178991851	0.32274573291914643	0.1779168375276872	0.34480049803072876
0.059250224279588204	0.09719556901942968	0.32347424854271506	0.17719785437348162	0.34288210378478534
0.05893227887097954	0.09993823397835852	0.31915735697054853	0.18019037857837164	0.3417817516017416
0.05886624434296195	0.09601371540642345	0.32196995608846357	0.17695198206267962	0.3461981020994712
0.05870351204932017	0.09832673294057315	0.3229306841308103	0.17867663257712402	0.3413624383021723
0.058484778474765575	0.09946388507208836	0.31784394959843276	0.18117672833558607	0.34303065851912706
0.058524219927033605	0.10461971237342858	0.32036976979158627	0.175198880730739	0.34128741717721245
0.05851459464941655	0.10347939354998043	0.3194881826876246	0.17525987124504339	0.3432579578679349
0.05894988995657141	0.09739238873020302	0.3222197778188055	0.18063658485932838	0.34080135863509153
0.058606766293004986	0.0949298207020208	0.32227228480944725	0.17809522427683158	0.34609590391869516
0.05927886468983998	0.09738035121976593	0.3203732302168376	0.17641215547478617	0.34655539839877014
0.058959846234550084	0.09543360702397174	0.3217706071259492	0.17980735120730193	0.3440285884082269
0.05912602963709365	0.10056909707925886	0.32130404110140404	0.17739260618934452	0.3416082259928988
0.059127297209761204	0.0992533697835064	0.31979411835351196	0.1776908503539592	0.34413436429926114
0.059265355476494586	0.09720726253572466	0.32256568839577926	0.17909494787474928	0.34186674571725206
0.05900769810346898	0.10036978980857181	0.32423025553350576	0.17515242231391026	0.3412398342405431
0.058533476840102544	0.09611919155968246	0.3210124589887803	0.18154362544470337	0.34279124716673126
0.05909429470607508	0.09847275723061913	0.3226846455818968	0.17588252435314272	0.34386577812826613
0.05859688165315291	0.09267228361431341	0.32464530543955217	0.18058124185280144	0.3435042874401799
0.05897849323962834	0.10190999246751525	0.3224280815338333	0.17606056426812244	0.3406228684909005
0.05900743816289272	0.0961315305266495	0.3193466406417259	0.18173949624533736	0.3437748944233944
0.05901346244288816	0.10257061907079654	0.31668284946402525	0.179828308982599	0.34190476003969095
0.05895072860746631	0.10347455249394052	0.3182076160578763	0.1783781255286835	0.34098897731203326
0.05853491561019972	0.10026640275992438	0.32136056924387824	0.17507788074085784	0.3447602316451397
0.05874303093236816	0.09612150649416343	0.3211993930048562	0.1779452113752782	0.34599085819333386
0.059282197253908125	0.10060646602655537	0.31688302725561024	0.1809575269346555	0.3422707825292706
0.05931963169866	0.10286985064326455	0.3194064960520413	0.17647828844200014	0.34192573316403385
0.05927812607125177	0.09972033374938627	0.3213552829071751	0.1775472857774402	0.34209897149474655
0.05929323726605398	0.09922799171681937	0.3195392049170344	0.1813304154753807	0.34060915062471137
0.05935490537083965	0.09628938114164179	0.3197234071484646	0.18126696358475816	0.3433653427542957
0.05904705876230271	0.10075493986371174	0.3227078107853392	0.17634972482988834	0.3411404657587579
0.05927748214898365	0.09239813182297858	0.3242760790912883	0.1808783548959469	0.34316995204080236
0.05897266423107672	0.09714688449346219	0.32390964280820367	0.17788146942486374	0.34208933904239347
0.059315165727173824	0.09392358515747942	0.32326354692043446	0.1815750125278605	0.34192268966705164
0.058955080260943676	0.10371508817847647	0.3192063081363802	0.1766418316995472	0.34148169172465237
0.05840704857089665	0.09854088799187458	0.3179882374297994	0.18060128228971684	0.34446254371771234
0.05937938886029942	0.10273515796672615	0.3193160306859506	0.17585011123243438	0.3427193112545893
0.058468446051827716	0.10095272682186858	0.3197671543611377	0.17915419192799972	0.3416574808371662
0.059332920996232275	0.09323979708868461	0.324237371982632	0.18207924700604555	0.34111066292640546
0.058770564178353135	0.09881350658586555	0.3198087888827582	0.17652211686339886	0.3460850234896241
0.05865658968113163	0.09405457959018441	0.3260985602527936	0.17867527071963993	0.3425149997562503
0.05864834253413864	0.09537654170725257	0.32521945228357185	0.1783672437757677	0.3423884196992691
0.059158717468357186	0.09295162359124703	0.3246426156825385	0.18014749984435258	0.34309954341350457
0.05846135850015702	0.09823626348438542	0.3257413847164204	0.1758865640552607	0.34167442924377633
0.05869922400520683	0.09241583377880729	0.32478772435313713	0.18042923329448735	0.3436679845683613
0.05870333448223142	0.09799801002816032	0.3219933669710092	0.1762871412182924	0.3450181473003065
0.058401234865352813	0.09391231808680982	0.3251494857417506	0.1760810615210227	0.34645589978506386
0.058715277323594606	0.09658597037315338	0.3259701854765862	0.1777607251404544	0.3409678416862113
0.05842748286338656	0.09669868701387518	0.32403776389951816	0.17656952416016045	0.3442665420630595
0.05844620660171165	0.09604980323089467	0.320960464718659	0.17887750687351991	0.3456660185752146
0.059060502182559454	0.09315328620705915	0.3227225051982109	0.1809450754325831	0.3441186309795873
0.05910500975022048	0.09723866358524971	0.3196973986524669	0.18111534524041842	0.3428435827716444
0.0588182195689127	0.09830710660907914	0.3250652597685144	0.17525357602368677	0.3425558380298069
0.058709576905485006	0.09810739609044938	0.3225674851978492	0.18009735863057813	0.3405181831756381
0.05862385648755902	0.09789011509454751	0.32271949085290125	0.1792486052150097	0.34151793234998234
0.05931376633557228	0.09305915091401094	0.3251535109358159	0.1779760262498556	0.3444975455647452
0.05937686089657557	0.09413727497006905	0.3237021592143854	0.17904274904152484	0.343740955877445
0.05913981500678009	0.09904058768509483	0.3201046519112302	0.17795209958997757	0.3437628458069172
0.05841001115394118	0.09282048069109075	0.32633424780662523	0.17737692848993084	0.34505833185841184
0.05855172089763888	0.09429465312236683	0.3205063214356914	0.18135003282460638	0.3452972717196964
0.059094197738662535	0.09282134215244162	0.3263218934813973	0.17819548865773288	0.3435670779697655
0.05934931231423096	0.1006431665093332	0.3169505216788975	0.17842894888855274	0.3446280506089854
0.05907796202405699	0.09299555516125285	0.3196298746134031	0.1818485087859665	0.3464480994153204
0.05875594381864338	0.09779311355933426	0.3226656939598551	0.1763346889565825	0.3444505597055846
0.058800257929273375	0.09986246711631547	0.32179111401748783	0.17539873668438957	0.34414742425253364
0.05869149109941993	0.09660058084454025	0.32202330557223635	0.18010852601378882	0.3425760964700145
0.058572999029035455	0.1017439737359704	0.32208136463716686	0.1762221324583782	0.341379530139449
0.05856374287210381	0.09983858987640265	0.3221128415793417	0.17530360160942854	0.3441812240627231
0.05850120629290581	0.10148172586781842	0.3173261552227541	0.18072169258975615	0.34196922002676533
0.058871706068791496	0.09901122532634238	0.3167969963288305	0.18134177087120074	0.34397830140483476
0.05874705081048737	0.09969824679351381	0.31939253001176965	0.17875917078952727	0.34340300159470183
0.05844478172188872	0.10451835742308885	0.319134784341392	0.17697617865259874	0.34092589786103156
0.05905761703303394	0.09712687839546275	0.32550903909751405	0.17596003122656345	0.3423464342474257
0.05861182622473032	0.09522952604103435	0.3213436245268013	0.1817834628485658	0.3430315603588681
0.0587325488064748	0.09350782069650136	0.3228112850888481	0.18065812094432482	0.3442902244638508
0.05866245020038968	0.09394593531828996	0.32411725541132486	0.17862804770480767	0.34464631136518764
0.05899248693623704	0.10515081053948519	0.3172618590157573	0.17601677967097232	0.3425780638375481
0.05913175419575384	0.10411267601759025	0.31681744260090816	0.1787475347381476	0.3411905924476
0.058723201178887185	0.10615970491131144	0.3166141969585638	0.17518115182774263	0.34332174512349484
0.05917811551667812	0.1031887513918204	0.31680483513732255	0.17787910026751025	0.34294919768666854
0.05841653867598606	0.09805686420458609	0.3169118852213601	0.18109893511379252	0.34551577678427514
0.058518738989953994	0.09387372041938868	0.3244863366186836	0.17658951632508635	0.34653168764688724
0.05927349465656634	0.09636464825119379	0.32456438197198234	0.17694001193911077	0.34285746318114657
0.05854219942729197	0.09307859817929279	0.3259349339319053	0.17745261229818854	0.3449916561633213
0.058458533573411964	0.0964396534939405	0.324074291827983	0.17923739217071172	0.3417901289339528
0.05920887489658028	0.09527442486287441	0.3260559969507994	0.17680359958786515	0.3426571037018806
0.059338138594653506	0.094747273931396	0.3227069353333804	0.18182942704977456	0.3413782250907954
0.058850078964932384	0.09729383434968288	0.3180816539955044	0.18209644026417074	0.34367799242570946
0.05889966220405124	0.09235644659479508	0.32207615786393834	0.18100137435287328	0.34566635898434195
0.05869159290178727	0.10056601011226271	0.3217711845807678	0.17656592934879128	0.34240528305639084
0.05848146112625652	0.10530596606937935	0.3171713501951251	0.1781474251479716	0.34089379746126725
0.05874601724747067	0.10262443881524136	0.3218114654051528	0.1754319540865953	0.3413861244455398
0.05860976866435025	0.10106438998293799	0.3223106657366662	0.17703027948649758	0.34098489612954785
0.058693581289122415	0.10529710686811906	0.31755087424643647	0.17608244919239924	0.34237598840392264
0.05852954682345385	0.09880906613802962	0.32066533398985086	0.17840772062295282	0.34358833242571274
0.05896310819302869	0.0967150323487019	0.32405636903599666	0.17621476264194483	0.34405072778032786
0.05930837162854469	0.10352301736287249	0.3172554164961357	0.1756800926120245	0.34423310190042244
0.0590650474776043	0.10312172251608138	0.321370254131977	0.1755133291690845	0.34092964670525266
0.05859615494432574	0.09551941246013321	0.32321097895367945	0.18097568634504055	0.341697767296821
0.05914879333009712	0.09370350511752118	0.32121165103344274	0.1794110120352434	0.3465250384836954
0.05919130447364618	0.09716307866652557	0.3188029290470365	0.18093463943358143	0.3439080483792102
0.0586593790085341	0.09946309090863768	0.32034591198817236	0.1757284608039244	0.3458031572907313
0.059047642722553695	0.09887408129914124	0.31770954603777674	0.18141104236482158	0.3429576875757066
0.05921490179175182	0.09838403447704497	0.32117464418945607	0.18058069048867645	0.34064572905307056
0.05922872252126371	0.09923361962623635	0.31932781626340767	0.17743883828544377	0.3447710033036484
0.05893540293135083	0.09744224094453074	0.324703897946932	0.17836061991923224	0.34055783825795416
0.05839932656947061	0.10451540099011764	0.3195326334442151	0.17559988681484334	0.3419527521813531
0.059347176684590386	0.09653331542565576	0.32016756483715214	0.1784554066728959	0.3454965363797057
0.05909346120307751	0.09476148800755659	0.32046510195375183	0.1803606640217593	0.34531928481385465
0.05882399324159071	0.09385047011611657	0.3251683999244379	0.17845661407577873	0.34370052264207596
0.058976865397441014	0.09406270105571775	0.3265525000253328	0.17707683426691398	0.3433310992545943
0.05900275136011224	0.10480813689864511	0.31729912312240577	0.17594076319535631	0.34294922542348044
0.05850700101855008	0.1008817822317107	0.3182643823395919	0.1760335958875936	0.3463132385225535
0.058517310109852005	0.1009510393651576	0.3170203068470872	0.18171641454213827	0.3417949291357648
0.059219553257105206	0.1031876937633943	0.3166510660708423	0.17731668534652367	0.34362500156213444
0.05849806024270918	0.09757028018016789	0.3209815081543722	0.17840578486680436	0.3445443665559462
0.05919196134395549	0.09708805405167688	0.3196352461812251	0.1798198668328687	0.3442648715902737
0.05890329652944534	0.09800463359617408	0.32526288625976674	0.175149935569946	0.34267924804466765
0.05840958922548331	0.09788051607701437	0.32429907913825046	0.17796416581050867	0.34144664974874306
0.05941543569496194	0.09889186147778878	0.3175663324070504	0.18057760056646768	0.34354876985373106
0.05926233475670262	0.0968808167983708	0.31978232132820505	0.17911364693840942	0.344960880178312
0.05868354443347032	0.09484612894852609	0.326230550855365	0.17579532394516112	0.34444445181747735
0.05923501934684222	0.09796346372316861	0.3194507239328135	0.18096229608119602	0.34238849691597945
0.0589623289583287	0.09925474762607393	0.3190711660114154	0.17776341046788213	0.34494834693629967
0.058399572384277454	0.09922754069050373	0.32014939363875705	0.17647226587441156	0.34575122741205006
0.05867276844863578	0.09658650744093636	0.32223537020701853	0.18021362462494703	0.3422917292784622
0.059374065713491964	0.09632574120569674	0.32156975886242384	0.17787826597512282	0.3448521682432645
0.05887083268739984	0.09335041029608669	0.3224838370503398	0.17984965359726235	0.3454452663689111
0.05844770617836936	0.09882987072440333	0.31705950255518633	0.18063695864882437	0.3450259618932165
0.05876124073168479	0.098886569151984	0.3194748739488027	0.18066482251480948	0.34221249365271894
0.05895480662268118	0.09707842687788834	0.319132447380758	0.1787155761120662	0.3461187430066061
0.058668931661243984	0.10203262555777078	0.31764060895882185	0.1793659924466776	0.34229184137548563
0.05897592089732717	0.0984091164457015	0.3194872648524143	0.18000901786784068	0.34311867993671624
0.05917853448138344	0.1005671129359779	0.3198980078316744	0.17816137367289678	0.3421949710780673
0.05855605724844348	0.10183819267589726	0.3200935376502803	0.17768332378557478	0.341828888639804
0.05917242504142478	0.09447457236616182	0.32615135024978564	0.17759918892201595	0.3426024634206117
0.05921533682864982	0.09734942470711669	0.3189889501953399	0.18104915716845715	0.3433971311004363
0.05841847443821574	0.09497401850578298	0.3214706828326468	0.18064425544501145	0.3444925687783429
0.059197033889868744	0.09817132067092817	0.31817524672143616	0.18175565698387597	0.34270074173389087
0.058901583268384045	0.09726091834952466	0.3198942057834824	0.17863564320702802	0.34530764939158076
0.05922177108265675	0.09927756997835167	0.3177283328129954	0.1819778448381938	0.34179448128780227
0.059022466426415704	0.09340049606122248	0.3232488781910557	0.17888477286598536	0.34544338645532063
0.0593882717831945	0.09519388487397107	0.3229486232998872	0.18029144839702946	0.34217777164591756
0.05919926219613725	0.09636397615847787	0.3239791070723999	0.17870110809469864	0.3417565464782862
0.058828077660282	0.0955885441991147	0.3198651920213963	0.17988808045603688	0.34583010566316996
0.0584933757744113	0.09704003281680557	0.32298805190446955	0.18078476228306367	0.3406937772212498
0.059105700922150006	0.10388865179981327	0.31762051979302613	0.17521651808188096	0.3441686094031295
0.059241741193987535	0.1018949107391327	0.31669970121302105	0.17806500291503893	0.3440986439388196
0.058387818403526304	0.09603585703771289	0.3234030867442177	0.18113222018864095	0.34104101762590205
0.05914838169525333	0.10475047270139042	0.3191838521723666	0.17527620752725123	0.34164108590373826
0.059107765187511735	0.0985891625012204	0.3217562262864307	0.17924257991411735	0.3413042661107197
0.05905223573828883	0.10156167950581554	0.31820981116806557	0.17576199224101408	0.3454142813468159
0.058509135685277464	0.09702702258036744	0.32208862566845564	0.17964385383173506	0.3427313622341643
0.059149862760975	0.10100212607010967	0.31851883524470354	0.17577159287129218	0.34555758305291945
0.05933313199964607	0.09252424178554391	0.32149488265521003	0.18154669840500942	0.3451010451545904
0.05896415825129503	0.09674670399377085	0.3185442167226261	0.1819778597268542	0.34376706130545365
0.05855499512814588	0.10241224388793777	0.32030603540419667	0.17555839509050936	0.34316833048921025
0.05877151064600045	0.09416417281059336	0.32659747777044384	0.1790338445240078	0.3414329942489544
0.05884312056440644	0.09687065047555568	0.3246310767128221	0.17651895790814015	0.3431361943390755
0.05875055020301592	0.1053313383150723	0.31688557132814743	0.17544305139461863	0.3435894887591456
0.05901798479929571	0.10254596685128645	0.3182017147354496	0.17626157098473344	0.3439727626292347
0.05865695014102168	0.0967417447220755	0.3223016370267445	0.17589470921388442	0.3464049588962737
0.05893947174322878	0.09438519872253645	0.32374050273603694	0.18070704959909376	0.34222777719910397
0.05885939667181428	0.09722506091091218	0.3175981611329517	0.1809106908850291	0.3454066903992926
0.05885581772072351	0.09567116853451624	0.3194932600818217	0.18025046379013804	0.3457292898728004
0.059083613512199984	0.1047082605515233	0.31775662696028945	0.17654377829795825	0.3419077206780289
0.05930797157309589	0.10276982320003573	0.31700319868087085	0.17626906252569877	0.34464994402029864
0.05862505505759491	0.09660381364990521	0.31950650868210384	0.18171040645996908	0.3435542161504268
0.0592142110621304	0.09784545594811644	0.32255216135958	0.17649320972323387	0.34389496190693924
0.05841103011865517	0.10469711370250427	0.31775662800803284	0.1782732269162842	0.3408620012545235
0.059302222023094486	0.0940144979769009	0.3244564253474459	0.1767127305699297	0.3455141240826289
0.058583654180360545	0.094862097290215	0.3207615997859252	0.1805621007191622	0.34523054802433684
0.058403232648719244	0.10031191768568001	0.32207668532610717	0.17844757143654189	0.3407605929029516
0.059204462882487735	0.10217198944950356	0.3173613390742376	0.17831769960780028	0.34294450898597073
0.05914785891640523	0.09570124290586113	0.32008820469385035	0.18207258913851843	0.3429901043453647
0.05874090590500736	0.09928059413442697	0.32031156372431613	0.17638639346359444	0.34528054277265496
0.05883831835753797	0.09898406501051224	0.3218567482032114	0.17868687918293974	0.34163398924579846
0.05861913398919488	0.10144614541668913	0.31784795045070835	0.17550568027667615	0.3465810898667314
0.05889113584467581	0.10244700866691234	0.3174134408121376	0.1793250782394528	0.3419233364368213
0.05905900235793965	0.09447143227238511	0.32611037908855056	0.17710445696958432	0.3432547293115402
0.05882408656902169	0.0938520608884672	0.32211116451781324	0.18019533909991886	0.34501734892477887
0.058407239410627254	0.10367955163294215	0.31797363802065604	0.17611649124198003	0.3438230796937944
0.05931542828248332	0.1040672076441208	0.3182977532433722	0.17555213764968128	0.3427674731803423
0.059263589832152186	0.10401214361083927	0.3201160130146117	0.17520259632326948	0.3414056572191272
0.05875172474320153	0.10087063062125903	0.3176180658433302	0.17642613889804976	0.3463334398941593
0.059276651247895634	0.0951359850004664	0.3248838108893308	0.17516145593278906	0.345542096929518
0.058778586898184965	0.09508262474031091	0.32313915956042816	0.17793683443457056	0.3450627943665053
0.05934999393234908	0.09358135059497216	0.3210985957256022	0.17967772548527144	0.34629233426180506
0.05914577280815389	0.09301415388042171	0.3206429658696362	0.1807412135767188	0.34645589386506925
0.058824553737927415	0.09494829611699812	0.3230673589711134	0.18042724219964826	0.3427325489743127
0.05902886189888151	0.0985697097732445	0.31931265304580614	0.17795809125960566	0.34513068402246205
0.05892494571202603	0.09989457934833729	0.3193917705496906	0.17906544480510395	0.34272325958484207
0.05839818505659519	0.09797282903005426	0.31880608112989145	0.1789008199019901	0.3459220848814689
0.0593393976008533	0.09285688668843309	0.32439114401066393	0.18006502122912632	0.34334755047092325
0.05933774629931632	0.10272480268768844	0.3177356291929717	0.17720964308136677	0.34299217873865656
0.05893683261245761	0.0944807428822044	0.32459246351450677	0.17699299186705056	0.3449969691237806
0.0589475953634942	0.09311841689977207	0.32135152297347147	0.18136573146913715	0.345216733294125
0.059048501089971006	0.0949582928249833	0.32437677677531496	0.1801252504703951	0.3414911788393355
0.05890005849278873	0.09462720993150753	0.3241307224239364	0.17712865603461647	0.34521335311715073
0.05870314357359668	0.09348854049402328	0.32415386021812687	0.1786959534773832	0.34495850223686986
0.058533598747654625	0.10299938737839134	0.31737312687903946	0.1786804444820176	0.34241344251289685
0.05933876083351711	0.09515571888084916	0.3207516753338939	0.17941230884797452	0.34534153610376517
0.05916426648733014	0.09906156549675184	0.3189389919078564	0.18183797392518555	0.3409972021828759
0.05879047751573524	0.09502267915532656	0.32290035432580355	0.17873728690370902	0.3445492020994255
0.059364636883809274	0.09269867663235473	0.3244563512611949	0.18063814723534874	0.34284218798729227
0.058551998895966934	0.09643259463686318	0.3174404088463965	0.1818954316367149	0.3456795659840583
0.05863953026516591	0.0961649911292513	0.3209868776089731	0.17803061039942095	0.3461779905971887
0.059153968128838	0.09354993127580989	0.325111861295	0.17926097723792583	0.3429232620624261
0.05893987344939289	0.09290897911014163	0.3245638597576442	0.18109951013006978	0.3424877775527514
0.05867706709665399	0.09543855438592701	0.32218080969218965	0.18056970310502504	0.3431338657202042
0.05923435859077325	0.09682932134006011	0.3213768980399434	0.17759998177724856	0.34495944025197456
0.0584044632910381	0.10211160401266861	0.3189196141999461	0.17732750187200064	0.34323681662434646
0.059276348093608766	0.0993671189623469	0.3174503225628884	0.1810889140128276	0.34281729636832814
0.05852921694142571	0.10057813139098667	0.3240416589335172	0.17525431965871527	0.34159667307535496
0.05875365968802693	0.09553062062740285	0.32404082544984153	0.1784486966587072	0.34322619757602135
0.05880205967098895	0.09556309672282717	0.3244401086824815	0.17944045967249872	0.34175427525120344
0.058479230999616216	0.10169337685969829	0.31840480502572677	0.17865401413676438	0.3427685729781942
0.05940336354112316	0.09460286516955656	0.3189754634676968	0.1817243174909088	0.3452939903307145
0.05887095591209174	0.09669043433265459	0.32503599601305105	0.17557408736316965	0.34382852637903283
0.058886753530335956	0.10532057799479731	0.3175345460596323	0.17731114777058	0.3409469746446543
0.05903620364179327	0.09770222583254241	0.32196858581793	0.17663047515870378	0.3446625095490304
0.05848590697154438	0.09236931330772082	0.32524383783334104	0.17800105328100937	0.3458998886063842
0.05927781435079715	0.09562585456918424	0.32370962756980826	0.18061068414316234	0.34077601936704793
0.058747935341236374	0.1009847674937288	0.3206033175349514	0.1786566903917232	0.3410072892383601
0.059127934063877174	0.10522051533630278	0.31733042636455566	0.17601011406157593	0.3423110101736883
0.05915639225874497	0.0953217237556255	0.3236249625130484	0.17882857087749554	0.34306835059508545
0.05850888819408784	0.09899679046285792	0.3228244611393236	0.17671691997912908	0.34295294022460143
0.05885774088188758	0.0959010557235814	0.32673474274905595	0.17674819186797933	0.3417582687774956
0.05879989054051543	0.09590235498771804	0.32126183502946787	0.18049469310642008	0.34354122633587847
0.05927523624418124	0.0992972457984682	0.31953373309837335	0.18005603368190215	0.34183775117707493
0.05875617232650726	0.09304980060915918	0.32458987037406317	0.17820901435032777	0.34539514233994245
0.05880318348636521	0.09516076641760517	0.3206283005591411	0.1821167029922367	0.3432910465446517
0.058731185588773965	0.10425395327036963	0.3168671298390198	0.17883946295353842	0.341308268348298
0.05919643639081418	0.1056315552736196	0.3178459261673834	0.17627882125392141	0.3410472609142613
0.0585866116550709	0.10127025206388565	0.3179795557946077	0.18102106228173223	0.3411425182047034
0.05848703359670074	0.10142913242898766	0.3184182143993539	0.17688121923649333	0.3447844003384642
0.058999096421009506	0.10365721657980868	0.31865505181580167	0.1751128853372743	0.3435757498461057
0.0588287549342435	0.09838012277269763	0.31837025205758623	0.1812000575536283	0.3432208126818441
0.058849485622846726	0.09310226529059704	0.32369740439667305	0.17846340772771863	0.3458874369621644
0.058859316439313414	0.09451108410628596	0.319146271287337	0.18107971689104096	0.3464036112760225
0.058942803402441485	0.09692858837876467	0.3191906121215381	0.17955663258808904	0.3453813635091666
0.05911391200366228	0.09467171805492587	0.3217807094425248	0.17814214888679147	0.34629151161209537
0.05893170651395774	0.09821739924579925	0.3166565788663389	0.18006719610199703	0.34612711927190687
0.059122405172923886	0.09351675499061161	0.3235009190290385	0.18035894806061392	0.3435009727468119
0.05938299171821573	0.09604925751022575	0.32255296731884053	0.1755728030379458	0.34644198041477203
0.05932090675408577	0.09859211727864706	0.3192742929422284	0.17753049855463032	0.34528218447040826
0.0585782661593276	0.09711341537632971	0.3221117165410936	0.18062702955655968	0.3415695723666893
0.05911135524099187	0.09242539651310148	0.32562900313914533	0.1796093194757065	0.34322492563105467
0.05869683935287848	0.09506446885273488	0.3248527152825792	0.18051982680722684	0.34086614970458046
0.058786059643489014	0.10182865734807961	0.3191316442039449	0.17941744509686594	0.3408361937076204
0.059145867477632535	0.09495182922529706	0.3249364394180359	0.1750867955600048	0.34587906831902954
0.0585381200494324	0.09686048945412029	0.32287913717173167	0.17871093242325722	0.34301132090145825
0.05884758693855882	0.09407974577034012	0.3208818177882735	0.1811492058614069	0.34504164364142054
0.05902984612366419	0.09649026971713572	0.31975328653605367	0.18116347224000118	0.34356312538314504
0.059095873183091924	0.09866403980748147	0.31844849277010573	0.1773833808974727	0.346408213341848
0.05933426772681791	0.10025726673941926	0.31803617306895704	0.1779061978134606	0.34446609465134503
0.059043362765606844	0.09281981794590087	0.3232500387775532	0.1783654156788688	0.3465213648320702
0.059026469642527474	0.1034600144093126	0.31685180833886695	0.17646599675541144	0.34419571085388134
0.05866392752945179	0.10107229713727044	0.32009793721793145	0.177012305997643	0.34315353211770316
0.05906948930851452	0.09488575330368729	0.3194470066498075	0.18080584008985062	0.3457919106481399
0.058863555729941286	0.10159647351395949	0.32153570486938543	0.17675677603509035	0.34124748985162334
0.05868953446408534	0.097234247313677	0.32229015646953574	0.17524083065013363	0.3465452311025682
0.059276271111250056	0.0959393343772095	0.32596125145649807	0.17556812365565352	0.34325501939938874
0.05877770985930836	0.09591208902680606	0.32291491712687137	0.1761058961184387	0.3462893878685754
0.05846950871470408	0.10107236393230162	0.3233961850164707	0.1751792196841447	0.3418827226523788
0.05938104072871425	0.09793653229237391	0.32027221426743346	0.18170687633680574	0.3407033363746725
0.05891902796379067	0.0953994826461807	0.3214954529241414	0.1810479556349429	0.34313808083094416
0.05859125985389857	0.09905794474996739	0.32168182458220307	0.176051530625075	0.3446174401888559
0.0591452532794407	0.09877868041217967	0.3195585933570184	0.18050911614305984	0.3420083568083012
0.05894729554775263	0.0966139452012809	0.3218226370013324	0.1791023621067443	0.3435137601428896
0.05879694605690883	0.09859751269783383	0.3231220620449414	0.17811979896470115	0.34136368023561464
0.05908641334574047	0.09851795962178515	0.3186606506124586	0.182040790627719	0.3416941857922967
0.05860163263763038	0.10166775714613714	0.32216241686849995	0.17539227718014289	0.3421759161675895
0.05847993591608017	0.09600711152015241	0.32524754121873595	0.179338846859581	0.34092656448545033
0.05841210040128361	0.10400855310997259	0.3181482739051877	0.17587517979214748	0.3435558927914085
0.05866644349836081	0.09913932487002802	0.31941611719084545	0.17804753453570826	0.3447305799050573
0.05922295837379832	0.10426487478079229	0.31835019377202056	0.1762668990415734	0.3418950740318153
0.05930387418099442	0.10374656979836419	0.31919448753076635	0.1752431261657643	0.34251194232411064
0.05856618737475522	0.09373660174880098	0.3243559258534455	0.17721588401756852	0.3461254010054296
0.05932114506522468	0.10089079814396973	0.31737569226003204	0.17939982010071504	0.3430125444300584
0.05888164488078279	0.10100321318841571	0.3167051241260345	0.1776730666172098	0.34573695118755704
0.0588541315703513	0.09455969251203958	0.3204559798510616	0.18045146812762797	0.34567872793891946
0.05913222846177549	0.10403431301107445	0.3176789869351986	0.17827204362229063	0.3408824279696607
0.058730065528912856	0.10303471952527041	0.3179921675381212	0.1795517527197799	0.3406912946879155
0.059157395000231205	0.09799336533465304	0.31898853728625126	0.17748057092926944	0.3463801314495949
0.058646687392853614	0.09239710457428814	0.32296600046366103	0.18129708582172752	0.3446931217474695
0.058497917365262886	0.10202657963153192	0.31793188042740145	0.1780476052181417	0.343496017357662
0.05912922422597644	0.09394182264411471	0.32292342540354313	0.1799357091682079	0.3440698185581576
0.0591502543570675	0.10019822287398283	0.31719539310233347	0.18191833236752905	0.34153779729908695
0.058461661796536085	0.09837716970948475	0.32198899996761776	0.17623530133715687	0.34493686718920435
0.05901297336054648	0.10096782183270447	0.3182193080735128	0.18099829150122376	0.34080160523201236
0.05860771212187443	0.09556444551002441	0.32460567163711546	0.17638793581753445	0.3448342349134511
0.05869110672672559	0.09533189792590102	0.3229461630720213	0.1786205245227068	0.34441030775264514
0.05940888499007618	0.0944766340541206	0.32266580599281885	0.17960790644167687	0.3438407685213073
0.05927823048396014	0.09802478349123879	0.3233492720584728	0.17655951360441258	0.3427882003619156
0.05889752991836808	0.10269488835496873	0.31874692037315633	0.17913880514954766	0.34052185620395903
0.05845868397400772	0.10205892569970582	0.3217376027866088	0.17577632047440048	0.3419684670652771
0.05934252172706442	0.09865335758627077	0.3233882227859777	0.17772624493194844	0.3408896529687385
0.05855781673387406	0.0979405674927514	0.3203101335316498	0.1798585735377925	0.3433329087039321
0.058734627037643955	0.09859006181607693	0.3252489830971518	0.17595180269542982	0.3414745253536974
0.059218987417833185	0.09333566199050428	0.32153898789742585	0.1797973122027307	0.34610905049150575
