0.49783654570725866	0.27340094921499775	0.22876250507774365
0.4882737169403003	0.2773107830184866	0.2344155000412132
0.49133795687809817	0.2773759613167917	0.2312860818051102
0.49787302785599696	0.2771767787701998	0.22495019337380334
0.48819357575285116	0.2779238959784492	0.2338825282686998
0.49032740313984946	0.2796551569456332	0.2300174399145175
0.4927227144303292	0.27709426266748144	0.23018302290218945
0.488765661410316	0.27365863672844015	0.23757570186124394
0.4988603698104707	0.2722517430263164	0.228887887163213
0.49550573292737976	0.27328331906712067	0.23121094800549968
0.4984193035745676	0.28029389851598774	0.22128679790944475
0.4918145855827467	0.2728212967259577	0.2353641176912957
0.48932892319308047	0.2786052894438043	0.2320657873631153
0.4919027946751389	0.2727266428924616	0.23537056243239957
0.4879141311534745	0.28023639072533857	0.23184947812118703
0.4913317479348273	0.27529543123119743	0.23337282083397537
0.4912847410181792	0.27500271851053415	0.2337125404712867
0.4903225411740201	0.27587784740539717	0.23379961142058286
0.4987216434990629	0.27711418623142087	0.22416417026951635
0.4902463456548508	0.2810285235858997	0.2287251307592496
0.48763832322836376	0.27486762003590637	0.23749405673572999
0.4948506855141081	0.27296791556472577	0.23218139892116618
0.49750932222648125	0.2813322685504899	0.22115840922302893
0.4902852284117214	0.2829021349024404	0.2268126366858383
0.48777295719538827	0.2822347945171273	0.22999224828748452
0.4964199125534375	0.2786977330846085	0.22488235436195408
0.49186202469759877	0.2810000946616803	0.227137880640721
0.4905434173093977	0.27544008868782094	0.23401649400278143
0.49181013765471565	0.27635536039454617	0.2318345019507383
0.49553065272295593	0.27425570785104403	0.23021363942600015
0.4971304404381144	0.27983451202829246	0.2230350475335932
0.48850441416066304	0.27701753800652656	0.23447804783281048
0.4964398233746128	0.27834297672168473	0.22521719990370254
0.49891064470568436	0.2728352086057731	0.22825414668854266
0.49181731331609674	0.2779274075975186	0.23025527908638477
0.48755655921612884	0.2726755508361414	0.23976788994772985
0.49482333813704166	0.27369792993223313	0.23147873193072527
0.49638390460253645	0.27510266636107933	0.22851342903638433
0.4886280928666913	0.27274311640963694	0.23862879072367185
0.4885331685505213	0.27788225261894584	0.23358457883053294
0.49788824680209276	0.27952160183419866	0.2225901513637087
0.49016669295749093	0.27740921263013146	0.23242409441237769
0.49590411078119856	0.2765618223776505	0.22753406684115107
0.48862660232774474	0.28184260250603277	0.2295307951662226
0.49024612012788493	0.27724200367710033	0.23251187619501484
0.49112636375023017	0.27306295883050746	0.23581067741926248
0.498790285782448	0.27528359451159434	0.22592611970595772
0.4878150825604111	0.2805750996074076	0.23160981783218137
0.4868050785511786	0.2727086260874836	0.24048629536133792
0.49658780306576766	0.2795066661379666	0.2239055307962658
0.4934580263283921	0.2723632955820586	0.23417867808954945
0.4966970499147507	0.28027402834524684	0.22302892174000255
0.48654462837945445	0.28051943328339574	0.23293593833714993
0.48611709415794113	0.2828477842574884	0.23103512158457054
0.4979574125764893	0.2782459637600523	0.2237966236634585
0.49378778953328256	0.27577500316659204	0.2304372073001255
0.49540707180657695	0.2810410105950686	0.22355191759835458
0.4873739473309007	0.27454134307077604	0.2380847095983233
0.49697443934422847	0.27707276685881604	0.2259527937969556
0.49745197796698015	0.28178400619020394	0.22076401584281602
0.4957305091876357	0.27761360406957225	0.22665588674279213
0.4890613166624915	0.2751803112354369	0.2357583721020718
0.4971332753580168	0.27649949136503044	0.22636723327695285
0.4967322042522366	0.28006245199428054	0.223205343753483
0.4916920965098151	0.27573904752562534	0.23256885596455967
0.49266759575517033	0.27787001094252695	0.22946239330230284
0.4975874011859079	0.2808103529500712	0.22160224586402102
0.4976489461095017	0.2812032296860242	0.22114782420447424
0.48829977075822006	0.27815585364702167	0.23354437559475838
0.4959226261720313	0.2776326511872801	0.22644472264068868
0.48757093119680794	0.281690435862496	0.2307386329406962
0.4969575553328305	0.2782378898185277	0.22480455484864195
0.4869251031023182	0.2723376112744712	0.24073728562321073
0.4939290079389225	0.28151089493122067	0.2245600971298569
0.48609131057878774	0.27354972513833814	0.24035896428287423
0.49772494743071727	0.2780993079256064	0.22417574464367643
0.4868188783773346	0.2817199841955948	0.2314611374270707
0.4913429193938108	0.2724011270983233	0.23625595350786602
0.49122153913435523	0.27482351904303354	0.23395494182261128
0.4908148866926831	0.27690094773144325	0.23228416557587375
0.49655797372805005	0.2788708146018518	0.22457121167009825
0.48604631642760243	0.2809543180953323	0.2329993654770654
0.4968462870428304	0.2823994092445121	0.22075430371265758
0.4965917459948591	0.2746598066006645	0.22874844740447647
0.49506525849896144	0.273639661914019	0.2312950795870197
0.4885344980137775	0.2799120081329061	0.2315534938533165
0.4921026373745001	0.2756860546558605	0.2322113079696395
0.49236038669565063	0.2801004890529941	0.2275391242513553
0.49295480656579677	0.2818953201453236	0.22514987328887975
0.4900999551679469	0.2728105491758504	0.23708949565620277
0.4867487619069467	0.2787274096986527	0.23452382839440072
0.48698964175393744	0.2794301197349358	0.2335802385111269
0.4858078272381311	0.2804802144880959	0.2337119582737731
0.49290773901574164	0.2748086641251004	0.23228359685915806
0.49035454147184554	0.27444103168791817	0.23520442684023635
0.492205382098168	0.279831009970315	0.2279636079315171
0.488771260676788	0.2817507707375052	0.2294779685857069
0.4927318429504271	0.28275355439676186	0.22451460265281115
0.49072498223162975	0.2787356564518517	0.2305393613165186
0.4971778696770999	0.2819474453894602	0.22087468493344004
0.49430808806753157	0.27451020299322215	0.2311817089392464
0.4955924881830736	0.28274928613962885	0.22165822567729765
0.48850278005558695	0.2720921715033427	0.23940504844107047
0.49022770478890315	0.28205156364183326	0.2277207315692637
0.48693193723619316	0.2807670415865613	0.23230102117724566
0.4948821494008163	0.2736207142556084	0.2314971363435754
0.4932908771691224	0.2773253793751632	0.22938374345571447
0.49319970995616147	0.2828290082052339	0.22397128183860474
0.48938132476064544	0.27230040532692534	0.23831826991242933
0.48583429533591066	0.28155977154976625	0.2326059331143232
0.48976626682199037	0.2812399500911948	0.22899378308681495
0.4861844630796881	0.27769436117216345	0.23612117574814856
0.495844578472888	0.27906399328924736	0.22509142823786477
0.48944701886001246	0.2812412084815115	0.22931177265847613
0.497505730237951	0.27548093037049626	0.22701333939155277
0.48835746904804933	0.27792336974999066	0.2337191612019601
0.49719762295561043	0.27538779249535356	0.22741458454903607
0.49058376326056813	0.28015239275965054	0.22926384397978147
0.49528790232355435	0.2724033589966175	0.23230873867982832
0.48614544005862065	0.27483675702489535	0.23901780291648408
0.4857476984571078	0.2780373987726059	0.2362149027702864
0.49060817657556954	0.27900621251465396	0.23038561090977663
0.49300336751944446	0.279509976009824	0.22748665647073157
0.4897337889064582	0.2825211819725458	0.22774502912099615
0.49064596994205767	0.27806127078628495	0.23129275927165754
0.49031736678548726	0.27752202147618055	0.23216061173833225
0.49115568681707894	0.2790954892903237	0.2297488238925975
0.49681443623242716	0.28194527169744166	0.22124029207013127
0.48765475771597144	0.28161179368581957	0.23073344859820907
0.4880264265595723	0.276667361413352	0.2353062120270758
0.4880799204888737	0.274463453846119	0.2374566256650074
0.4910045560657649	0.28228638762801866	0.22670905630621657
0.49816406749691056	0.27536546012081364	0.22647047238227586
0.49608175757764184	0.27418478185305145	0.2297334605693068
0.4927705419437526	0.2786629303566604	0.22856652769958713
0.4967846174930274	0.2745851141791554	0.22863026832781738
0.4892184977386005	0.27900687739578356	0.231774624865616
0.49140423435818925	0.28253041584868327	0.22606534979312762
0.49196629991196283	0.2799918390287789	0.22804186105925833
0.4919178705242069	0.2748442658815805	0.23323786359421272
0.4954286988780655	0.28194114009155175	0.22263016103038286
0.4952967909328558	0.27594012916892907	0.2287630798982153
0.4944408264986733	0.2752898441883606	0.2302693293129662
0.4958305215500547	0.28097343351075516	0.22319604493919026
0.4871786729641678	0.2797906399580202	0.23303068707781205
0.4954479147698527	0.2763483464027479	0.2282037388273995
0.48958912805906496	0.28166777679432115	0.22874309514661398
0.49069295784523503	0.27796935463533395	0.23133768751943112
0.4941059285835082	0.2761622692296614	0.22973180218683045
0.4915750273799415	0.2809232611008106	0.22750171151924797
0.49544753595376967	0.2825116538386776	0.22204081020755279
0.4970205327225887	0.2783592132948408	0.22462025398257057
0.4950970959010421	0.27353455918557346	0.23136834491338448
0.48861857796357266	0.272120015066594	0.23926140696983345
0.49650894470748036	0.2729503386333025	0.23054071665921724
0.49691697276863167	0.28169910001845727	0.22138392721291117
0.49401625710229313	0.2795884188877698	0.2263953240099372
0.4889688110298051	0.2774291044343594	0.23360208453583553
0.49117705230236897	0.2788944857938127	0.22992846190381847
0.48825598087927696	0.27942062864676176	0.2323233904739614
0.4863089501967005	0.2802163654700349	0.2334746843332647
0.49581761108153855	0.27810541184425164	0.22607697707420987
0.4857104281555582	0.27810064748155994	0.23618892436288194
0.4972702822084407	0.2810958914056859	0.22163382638587348
0.49510604979569284	0.27781017413154974	0.22708377607275754
0.48613718288322416	0.2826641332240075	0.23119868389276843
0.488554430340593	0.27665982324414995	0.23478574641525718
0.49348708930158075	0.2821017389750556	0.22441117172336375
0.49785030295136345	0.28045623187514085	0.22169346517349575
0.485862544924491	0.28283612726103374	0.23130132781447532
0.4894480241513596	0.2814219272729818	0.22913004857565872
0.49167658386775726	0.2772302539599947	0.23109316217224815
0.49800891597817476	0.27587154097767796	0.22611954304414733
0.4968232127179655	0.27834939529918873	0.22482739198284596
0.49025088615904605	0.28131332662100017	0.22843578721995386
0.4958795452505672	0.27448692958777765	0.22963352516165525
0.49211364234427235	0.2749573879761159	0.23292896967961185
0.49700763773230444	0.2731226248205763	0.22986973744711936
0.48873141106003376	0.2769528054650049	0.23431578347496146
0.4933182215812572	0.2795367259870152	0.22714505243172772
0.4921184931019926	0.27685084442433167	0.23103066247367585
0.49833200705430447	0.2766852917340522	0.2249827012116435
0.49725930141289365	0.2819435940942909	0.2207971044928156
0.49268635709611897	0.273426044679259	0.23388759822462216
0.49379718680888535	0.2753061202567259	0.23089669293438886
0.496230443937853	0.28272579229277467	0.22104376376937243
0.49882006404843054	0.2770351228955524	0.2241448130560172
0.48810982959815225	0.282254444742991	0.22963572565885682
0.4878352065857198	0.27963306145151356	0.23253173196276672
0.49052536285461784	0.28013619568436127	0.22933844146102103
0.4968095818457578	0.2759500374428998	0.22724038071134253
0.4986355165846772	0.2788803057318178	0.2224841776835051
0.4940091575608439	0.2792619496285452	0.22672889281061098
0.4862762005958413	0.2724298795891667	0.24129391981499212
0.49554076698472216	0.2829272007153719	0.221532032299906
0.4984299041133732	0.27879541850968015	0.22277467737694678
0.4948561043928117	0.2780844162641027	0.22705947934308568
0.48948624534960067	0.2736733031147826	0.23684045153561678
0.48769544579896623	0.2741039539193245	0.23820060028170936
0.49473298132638593	0.2801330468429125	0.22513397183070166
0.49084099120105606	0.28266767484824845	0.22649133395069554
0.49610413514162294	0.2791779337676393	0.22471793109073793
0.4859339777852145	0.27339241328472647	0.24067360893005907
0.49789250444373806	0.27335168563795414	0.22875580991830793
0.4936579488649942	0.2813040349877638	0.22503801614724211
0.4936460768626113	0.2807090322765337	0.2256448908608551
0.49263380346931646	0.2743826098854276	0.23298358664525604
0.49768682126280367	0.27274797860798494	0.2295652001292115
0.48642508981594745	0.2742620755567313	0.23931283462732134
0.4988290255190778	0.27610628177009455	0.22506469271082774
0.4912611559668237	0.2751385745048312	0.23360026952834517
0.49891664839126465	0.2793263749797225	0.22175697662901298
0.48772277192726504	0.27560890299218227	0.23666832508055283
0.49090580311422294	0.280536768695285	0.22855742819049213
0.48989113942384066	0.2731718624063618	0.23693699816979757
0.4977496086851877	0.2773212201390842	0.2249291711757282
0.4978986241596558	0.2810089175878161	0.2210924582525282
0.49139886708826336	0.275858803577018	0.23274232933471878
0.49091029102903466	0.27871329701597497	0.23037641195499048
0.4988873640559917	0.27884831029065377	0.22226432565335463
0.4957268537836765	0.2760300485536172	0.22824309766270642
0.4940451396819834	0.27431961732068116	0.23163524299733557
0.4937998879869829	0.2768672884080057	0.22933282360501156
0.4946991409906157	0.2752597773128867	0.23004108169649773
0.49605220229121294	0.27839248138319944	0.2255553163255877
0.4971647380844734	0.27870874597520157	0.22412651594032507
0.49176466631012783	0.27255437084603845	0.2356809628438338
0.4872350291487695	0.2770346300838097	0.23573034076742097
0.49627567903593783	0.2738015186040384	0.22992280236002388
0.49439067796222963	0.28130592935061893	0.22430339268715155
0.4917143687346599	0.2808484171271081	0.22743721413823206
0.48643517883560133	0.2796815907066558	0.23388323045774295
0.49741993680186425	0.2795535126730809	0.223026550525055
0.4935719010721233	0.2795656837187313	0.22686241520914552
0.491789909886629	0.2742083645564402	0.23400172555693088
0.4988489466417716	0.2744300416968948	0.22672101166133374
0.4927430317893513	0.27521765945226434	0.23203930875838447
0.49657175204874326	0.2792967496579594	0.2241314982932974
0.49735245289895447	0.2809734025429214	0.22167414455812423
0.49653169882495557	0.27643717650229405	0.2270311246727505
0.4955806195718166	0.28074516392971804	0.22367421649846547
0.48851563150684	0.27256882248486214	0.23891554600829792
0.49499041427903145	0.2746119865233597	0.2303975991976089
0.4873905212564835	0.2775379467916487	0.2350715319518679
0.49304757426061874	0.27419620060678407	0.23275622513259725
0.49246528253808974	0.27271784834439405	0.2348168691175163
0.49177775616378316	0.2783538924235919	0.22986835141262504
0.4890536607260859	0.28150757888918665	0.22943876038472752
0.4917574368104325	0.27734716831783923	0.2308953948717284
0.49117175799831925	0.2792434751111418	0.22958476689053908
0.4870696624120134	0.27790355565573066	0.23502678193225604
0.49846805547999135	0.27987781458885896	0.2216541299311498
0.49089066774792356	0.27443646817349476	0.23467286407858182
0.48731174905199465	0.27723510490074466	0.2354531460472608
0.4970501223663036	0.2777680983004104	0.22518177933328612
0.4902006348948459	0.27254953606903837	0.23724982903611583
0.4895968178740584	0.2743458986508263	0.23605728347511534
0.49118531607536386	0.27894536470613407	0.22986931921850218
0.4912745622224604	0.28135586016474073	0.22736957761279897
0.4975809975618235	0.278118833089658	0.2243001693485186
0.4900467204599267	0.2734708683545382	0.23648241118553515
0.4862817887267996	0.2739686873495166	0.23974952392368382
0.4974595029919703	0.27405792263092565	0.22848257437710418
0.48717776877599683	0.27617900674897156	0.23664322447503175
0.4937355428229095	0.2757529520566141	0.23051150512047652
0.4956838327282983	0.28104603069238476	0.22327013657931705
0.49656811799908174	0.27712023540713254	0.22631164659378586
0.48835041332610635	0.2784158380220067	0.23323374865188704
0.4949606387036066	0.2733785996513149	0.2316607616450786
0.4980220893032555	0.27951591440542406	0.2224619962913206
0.4897664423326523	0.27863470359196335	0.23159885407538439
0.492179905194778	0.281186886315253	0.2266332084899691
0.4958166501296389	0.28264511632654654	0.2215382335438147
0.48635595039008944	0.27397520667329023	0.23966884293662047
0.4873671720969681	0.27955896089577187	0.23307386700726013
0.49198924553493045	0.27433907228210436	0.23367168218296533
0.4876205257084233	0.27721843513580646	0.23516103915577038
0.493909021173375	0.28075222448508197	0.22533875434154318
0.490227686996563	0.2786270300337218	0.23114528296971532
0.4859323890988768	0.27864516000707584	0.23542245089404742
0.4870516864111977	0.27333921845190995	0.23960909513689244
0.49774804313585364	0.27297712980612204	0.22927482705802438
0.4979257961893969	0.2788191222340344	0.22325508157656876
0.4947494120860147	0.28132475606504603	0.22392583184893938
0.49186093543479736	0.2787611060007487	0.22937795856445403
0.49668127168994447	0.27746484479860667	0.22585388351144897
0.4922012527657216	0.2735568428428706	0.23424190439140796
0.4913006099852078	0.27556055423496534	0.23313883577982694
0.4947176088302072	0.2829063173666023	0.22237607380319058
0.4860637862911048	0.2737097184231573	0.24022649528573803
0.49308564847077185	0.2824319834765877	0.2244823680526405
0.49222572388261887	0.2745881117419732	0.23318616437540807
0.49456373643604684	0.282656088427427	0.22278017513652626
0.4909103228052256	0.27559271976572397	0.2334969574290505
0.4957027496960273	0.27876687430078956	0.22553037600318326
0.49690254698779784	0.27318930746877323	0.22990814554342903
0.48903395164919616	0.27745705168064283	0.23350899667016112
0.4976533836886708	0.2803726039851965	0.22197401232613284
0.4858393735808745	0.27361514899910017	0.2405454774200255
0.49158477445789306	0.2734541666611984	0.23496105888090862
0.48765238198518646	0.2748577554031162	0.23748986261169747
0.49787500075807695	0.27451784731621	0.22760715192571318
0.49430866920679584	0.27989897681058773	0.22579235398261657
0.4980768243815627	0.27397451144117724	0.22794866417726017
0.4878259558659748	0.2807090430324696	0.23146500110155568
0.4934954665724958	0.2756649217583576	0.23083961166914668
0.4982980816412575	0.273834699997627	0.2278672183611156
0.4927710391151356	0.2731175161264429	0.2341114447584216
0.4877521399148127	0.27291450350345753	0.23933335658172988
0.48746550337775096	0.28057918613574656	0.23195531048650259
0.49303658259234345	0.2722682756804647	0.23469514172719194
0.49626643562452033	0.2786589159539882	0.22507464842149166
0.48926290793678406	0.2721253240650243	0.23861176799819173
0.496908513937539	0.2772984888363953	0.2257929972260658
0.49269887200897466	0.2760142238675292	0.2312869041234962
0.48765372850635114	0.2829761960314585	0.22937007546219046
0.49750152542021475	0.272440329622082	0.23005814495770338
0.48887643321697327	0.27490679604048	0.23621677074254685
0.49729422369344695	0.2801005127143182	0.22260526359223498
0.49609609414291805	0.27762069167601877	0.22628321418106329
0.4913502780063147	0.2732948530094437	0.23535486898424174
0.48649091075214007	0.2739386664878012	0.2395704227600589
0.48949332113206173	0.2815824948815463	0.22892418398639208
0.49496304408842484	0.27692923185023444	0.2281077240613408
0.4905237534301455	0.27316878960508767	0.23630745696476696
0.4859313146633457	0.28032667499869446	0.23374201033795994
0.4955850982878208	0.28094287161342224	0.22347203009875705
0.48675247534050003	0.2798336266073373	0.23341389805216275
0.4967012118154838	0.2807637557179834	0.22253503246653286
0.49369845126431533	0.27714876816824624	0.2291527805674385
0.4911480408883906	0.27410767924724816	0.23474427986436136
0.48744962359762495	0.27690875393743125	0.2356416224649439
0.4880514535600538	0.2773159256272078	0.2346326208127385
0.49231243412747183	0.277124363022007	0.2305632028505213
0.4900467657794275	0.276242160368739	0.2337110738518336
0.49198938893668237	0.28276477355300733	0.2252458375103104
0.49459433004502906	0.27893638017910144	0.22646928977586955
0.49266828438941684	0.279374860518097	0.22795685509248625
0.4942082954773474	0.27722641345497	0.22856529106768264
0.4979980401865396	0.27866440113650975	0.22333755867695076
0.4943799796765075	0.2807424283601509	0.22487759196334176
0.49131053424422166	0.2754902792589537	0.23319918649682475
0.4908012770499601	0.2823153067357522	0.2268834162142877
0.48698297053049794	0.27899190910937427	0.2340251203601279
0.48909582436224663	0.2787094149162212	0.23219476072153228
0.49354977175612735	0.2753181837221765	0.23113204452169628
0.48961593213009585	0.2787418846620504	0.23164218320785387
0.48787656000526736	0.28209065613599116	0.23003278385874154
0.4968109931257951	0.280153875894329	0.223035130979876
0.4922007692662517	0.27708280968555365	0.23071642104819473
0.4916342903366414	0.2765373794960636	0.23182833016729507
0.4980938831211174	0.27508766047021305	0.22681845640866966
0.4921385464414154	0.2821684195897312	0.22569303396885348
0.4915838463138451	0.2818821020890645	0.22653405159709056
0.4917460278083633	0.27377812437086624	0.23447584782077052
0.4933854225282301	0.2785993596202577	0.22801521785151233
0.49762220139207164	0.2807127670727181	0.22166503153521042
0.4961591600388673	0.2812784063317416	0.22256243362939118
0.49503854669725866	0.2779611899175003	0.22700026338524115
0.4966262302713297	0.27890651534319316	0.2244672543854773
0.4970339944400868	0.2722366015978428	0.23072940396207048
0.4908973434675078	0.2758300176315443	0.23327263890094796
0.48815400847458423	0.2820221230158117	0.22982386850960415
0.48967448002732405	0.2759787921953499	0.23434672777732618
0.48620911292607893	0.2775832515836001	0.2362076354903211
0.4960634373833078	0.27695552345562285	0.22698103916106946
0.49778412431685976	0.27299771043065457	0.22921816525248578
0.49097240615552457	0.27859250227444243	0.2304350915700331
0.4908687880917042	0.2761595609215775	0.2329716509867184
0.4955029278904248	0.27206911104719006	0.23242796106238525
0.4930014509268701	0.2823991736778202	0.22459937539530983
0.49755982224755846	0.2812300578289464	0.22121011992349526
0.48612623308818714	0.27245930958192877	0.24141445732988415
0.48625992458600126	0.2826327948075885	0.2311072806064103
0.4862427181376114	0.27298127868702987	0.24077600317535885
0.48765645273470615	0.27462281270657957	0.23772073455871434
0.492036623124952	0.28250268575970056	0.2254606911153476
0.4878331928176764	0.27967049662550697	0.23249631055681674
0.48738262007244465	0.2729900238504597	0.2396273560770958
0.488892406673115	0.272230157332949	0.23887743599393613
0.4933062751473972	0.27474000440977786	0.23195372044282506
0.49251324188427414	0.27943107597764677	0.2280556821380792
0.49704872399362654	0.2798218478768166	0.22312942812955694
0.49160836316116774	0.27366251953307474	0.23472911730575763
0.4945854362183461	0.2730513196267696	0.2323632441548844
0.49343620144048567	0.2773074357771503	0.22925636278236416
0.48989736917992827	0.2782364377171585	0.23186619310291334
0.48711924049114946	0.28003431356180625	0.2328464459470444
0.4923769576070068	0.27565431350780556	0.23196872888518774
0.4976127411785844	0.28067224534182206	0.2217150134795936
0.491304839226796	0.2798304032812677	0.22886475749193635
0.49204772959977827	0.2818625722578371	0.2260896981423847
0.4916515516124777	0.2791421092348476	0.22920633915267477
0.49124957492421556	0.2773379875490274	0.23141243752675714
0.49694572579971114	0.2798453876221867	0.22320888657810228
0.48843223743534886	0.2755093030874228	0.23605845947722848
0.4877385117352292	0.27734766377416614	0.23491382449060474
0.4923463249181409	0.2754506679291801	0.2322030071526791
0.4988779417275173	0.2803623338884872	0.2207597243839956
0.4975169828097074	0.2789475812846969	0.22353543590559583
0.497370329164884	0.2767001675808459	0.22592950325427022
0.49533501970878013	0.27571275464475453	0.22895222564646545
0.4918949310257354	0.27892939766461605	0.22917567130964867
0.4933145770607503	0.27914124336179025	0.22754417957745954
0.487821384394441	0.2802378404201595	0.2319407751853996
0.48978349461756215	0.27477249153384775	0.2354440138485902
0.48641585208937876	0.2744172401022817	0.23916690780833966
0.49433220089832985	0.27926271369686057	0.2264050854048097
0.4943666729726115	0.282742131221141	0.22289119580624756
0.491971024585631	0.282282307899731	0.22574666751463804
0.4939581417844094	0.2776966721682663	0.22834518604732437
0.49739640492083503	0.27967212476527	0.22293147031389504
0.4887180095283446	0.2817324732345832	0.2295495172370723
0.4947222477200923	0.28101913930218664	0.2242586129777211
0.4913321488616668	0.2739903999026929	0.23467745123564038
0.49704857483003106	0.27559569899359493	0.22735572617637412
0.4857211138199671	0.2759268919761527	0.23835199420388029
0.487191834067087	0.28057480234250887	0.23223336359040425
0.4898588716238511	0.2771917711551258	0.23294935722102325
0.49516684010683426	0.27430211171884067	0.23053104817432515
0.4858633326329695	0.2734902810867636	0.24064638628026697
0.49670185320306093	0.282194145602525	0.2211040011944142
0.4944676940837582	0.27829393929492546	0.22723836662131647
0.4870547791397864	0.28128099608303153	0.23166422477718215
0.49452372753329205	0.2814083840212997	0.22406788844540837
0.4961537942844697	0.27921719306659193	0.22462901264893845
0.4898965123776168	0.2794248824953879	0.23067860512699542
0.49176234888249154	0.28139439643994435	0.2268432546775642
0.4863207510505515	0.27702952342569076	0.2366497255237578
0.4904425300209464	0.27525071642011956	0.2343067535589341
0.49873373196697157	0.2739507808751459	0.22731548715788263
0.4887594212977688	0.28203283043042054	0.22920774827181073
0.4942192730928621	0.2752602179524777	0.23052050895466028
0.4975587961736252	0.28089934831785285	0.22154185550852207
0.4986490576031149	0.2768566577822862	0.224494284614599
0.48836073116072154	0.2810891672148099	0.23055010162446865
0.4966102986248238	0.27338409112353057	0.23000561025164573
0.48767077036408857	0.27603703633607235	0.23629219329983916
0.4942882714084167	0.27467304767904294	0.2310386809125405
0.49179088619423755	0.27696535442077946	0.2312437593849831
0.49869607584901243	0.27566211205027574	0.22564181210071194
0.49768677495864494	0.2773318664320709	0.22498135860928425
0.4960235742334175	0.27858126792720994	0.2253951578393727
0.4892425475956238	0.27830821487153884	0.23244923753283747
0.49511555141466324	0.280252079683521	0.22463236890181582
0.4875089638302619	0.28218153772673576	0.2303094984430025
0.4918407881473167	0.27799690363868873	0.23016230821399467
0.49590473008949915	0.2748854441973912	0.22920982571310977
0.49513609138307035	0.27645342043912524	0.22841048817780452
0.49546382166261765	0.2760426854610655	0.22849349287631696
0.4958995028880372	0.2722827063312748	0.23181779078068815
0.49122977681278224	0.27389390361083044	0.23487631957638738
0.4905142518856419	0.2777330878741693	0.23175266024018887
0.4946640496535327	0.27729999470398664	0.22803595564248078
0.48702005275729643	0.27896256554064536	0.23401738170205835
0.4982523732316361	0.2800869892295991	0.2216606375387649
0.48970689670544276	0.2799266859307627	0.2303664173637946
0.48815176560692897	0.2794248008561853	0.23242343353688583
0.4861123953917696	0.275164928675143	0.23872267593308755
0.493175938730227	0.2764679754473023	0.23035608582247083
0.4885049468871308	0.2784431907741788	0.2330518623386905
0.4927799321452538	0.27317091843618563	0.2340491494185607
0.4956086196179259	0.28075416221253274	0.2236372181695414
0.4964655620059371	0.2823162150236997	0.2212182229703633
0.4959085698870762	0.2808067165397312	0.22328471357319266
0.48970945769676427	0.27246488711276684	0.23782565519046903
0.4950648106968514	0.2773801449974156	0.22755504430573315
0.48823442253308375	0.2754245019271504	0.236341075539766
0.49607830005150466	0.277873056524241	0.22604864342425443
0.4891575020132231	0.2772577842893389	0.2335847136974381
0.49767634493697843	0.275977334609818	0.22634632045320374
0.49886545354619843	0.2742210195429682	0.2269135269108335
0.49758707825724213	0.279274228137301	0.223138693605457
0.4905349131975904	0.2735245315363005	0.23594055526610916
0.4906008328158557	0.28254293364747424	0.22685623353667017
0.4874337744034261	0.27815160240503717	0.23441462319153683
0.49146951259679994	0.2792426074110185	0.22928787999218167
0.48871966664230027	0.2776712573900135	0.23360907596768632
0.48805504337788963	0.27929782774508266	0.23264712887702782
0.49471204198179547	0.2822400622457213	0.22304789577248338
0.4938539907091505	0.27828164309451425	0.22786436619633535
0.4943950838362682	0.27890896448365493	0.22669595168007697
0.4882187318407544	0.2819586345753318	0.22982263358391383
0.4962560384108471	0.27305531924406873	0.2306886423450843
0.48733643518252096	0.27632459003474275	0.2363389747827364
0.4934389914990076	0.2798228233563074	0.22673818514468502
0.49890527853959266	0.27576238835753814	0.22533233310286926
0.49515839531293115	0.2724684033651003	0.2323732013219686
0.4930862709765652	0.28063999974402726	0.22627372927940764
0.4897460179723625	0.2802524239765043	0.23000155805113337
0.4895893844247277	0.2790646141303779	0.23134600144489448
0.4945013804175957	0.2810478934104562	0.22445072617194814
0.4974849621940881	0.27527611135862273	0.2272389264472892
0.48612768231863135	0.27661847633497805	0.2372538413463907
0.48988515171682234	0.2783954483848615	0.23171939989831625
0.49721529839776657	0.2757315738775283	0.22705312772470526
0.49359874525982084	0.27723937554285094	0.22916187919732833
0.49405995457180685	0.281201300799579	0.22473874462861426
0.4896220840587682	0.2807369174743202	0.2296409984669116
0.49226433931980385	0.2755832657202929	0.23215239495990342
0.49630233443850386	0.27331862088715786	0.2303790446743384
0.48953557496043437	0.27474052125971116	0.23572390377985458
0.4978379962488012	0.2782798344377487	0.22388216931345023
0.48771244014986326	0.2722939665164095	0.23999359333372736
0.4931434884607369	0.2803539098580715	0.22650260168119168
0.4936689611464106	0.27839429520582715	0.22793674364776234
0.49135777501186584	0.27399219009628323	0.23465003489185102
0.49034007753825515	0.28160318953315117	0.2280567329285938
0.4864883809262336	0.27461976166997093	0.2388918574037956
0.48655684661643456	0.273733548874755	0.23970960450881054
0.4908011927513582	0.27347781205250926	0.23572099519613263
0.495836073063785	0.27882655816938634	0.22533736876682875
0.4866685502603094	0.2729139114997554	0.24041753823993528
0.49599537366738394	0.28180395167941	0.22220067465320614
0.48612799796112627	0.27894619611351856	0.2349258059253553
0.4967047037590047	0.2791749695108288	0.22412032673016657
0.49049289214992775	0.27272460624804556	0.2367825016020268
0.49131883959579215	0.2767483044972389	0.2319328559069691
0.4937840368388178	0.2786983335239012	0.22751762963728112
0.4897569781266127	0.2829646746631026	0.22727834721028484
0.48855081106705095	0.27887920555793444	0.23256998337501472
0.4960263125944695	0.27361176803652676	0.2303619193690038
0.4952181582872395	0.2776011252786242	0.2271807164341365
0.49257512018840754	0.2818496338675716	0.2255752459440209
0.4862753525110105	0.27476990997300177	0.23895473751598778
0.49403258084489904	0.27710808664996656	0.22885933250513452
0.49711275308269637	0.281436438800545	0.2214508081167587
0.49115618179514775	0.2788359514407474	0.2300078667641049
0.489070252728995	0.28018333620462876	0.2307464110663763
0.4932686557923906	0.28002820972866527	0.22670313447894425
0.4865563995407236	0.27485621424907036	0.23858738621020614
0.49885676803932305	0.27443625977107305	0.226706972189604
0.497251115282156	0.278764496980748	0.22398438773709609
0.4896667477781257	0.2781856605982755	0.23214759162359894
0.4868531002731027	0.27448208772317273	0.2386648120037247
0.4887104209166672	0.2779146590565776	0.2333749200267553
0.4916191996082099	0.2802624631716602	0.22811833722013003
0.49815538785282665	0.27371778619409315	0.22812682595308034
0.4944036976302575	0.2826071917045571	0.2229891106651855
0.4892379625059791	0.2749335349475758	0.23582850254644522
0.495743918647814	0.28153856234220925	0.22271751900997683
0.4941173238009313	0.2787062965732211	0.2271763796258477
0.4903719919024611	0.27906746714985986	0.23056054094767914
0.49011383992187835	0.27705239081477573	0.23283376926334606
0.4925830274094875	0.2797699831907727	0.22764698939973993
0.4921133960295893	0.2764090020532894	0.2314776019171214
0.49406306502131125	0.27503324809255103	0.23090368688613783
0.49107804458451554	0.2820957280103733	0.22682622740511127
0.49453294987384033	0.27870645056212984	0.22676059956402994
0.4936965456811699	0.28084211720026214	0.22546133711856803
0.4984170825195278	0.27323244561047855	0.22835047186999374
0.48603696739730606	0.27744269964545576	0.23652033295723832
0.48704424270580327	0.2783039018717848	0.23465185542241201
0.49006959378982073	0.2793149654843282	0.2306154407258512
0.49406867034726165	0.27257349155343413	0.23335783809930438
0.48798336303387624	0.27267622877962955	0.23934040818649432
0.48784722370937894	0.2815947525061383	0.23055802378448292
0.48782195074093015	0.2801062158246766	0.23207183343439336
0.49664623841309213	0.27717390852562046	0.22617985306128752
0.49436358804267305	0.28214057137512827	0.22349584058219882
0.4926137404049841	0.28209445876843264	0.22529180082658334
0.48909938101842576	0.28292552360747436	0.22797509537410002
0.488994771794565	0.27438248757479405	0.23662274063064104
0.49733262331242	0.27229449320990246	0.23037288347767765
0.48915324314365516	0.2745653589127506	0.23628139794359435
0.49685065664753597	0.2756525739440784	0.22749676940838578
0.4904803891645677	0.2788536823604402	0.23066592847499218
0.48720971634756394	0.2820678390488613	0.23072244460357486
0.4909977929663595	0.2750607646041984	0.23394144242944218
0.4934384340522187	0.2775133404251896	0.22904822552259185
0.49719511453457205	0.2727920553563937	0.23001283010903434
0.4959025640756178	0.2747297798595773	0.229367656064805
0.4888120939684705	0.27595953596587336	0.23522837006565628
0.4930696512428022	0.28292442906239995	0.22400591969479794
0.48828259918196804	0.2744251300762967	0.23729227074173537
0.4897008692204726	0.28197586483644455	0.22832326594308291
0.4862231746241899	0.2761788336938591	0.23759799168195112
0.4957258278788251	0.2755540203953873	0.2287201517257877
0.4940200654364605	0.27644147641902544	0.22953845814451418
0.4920872327053227	0.2821564373441885	0.22575632995048892
0.4958598769070275	0.27235392252320045	0.23178620056977212
0.4951729705768123	0.2790163254874241	0.2258107039357637
0.49768681228283396	0.280116845156143	0.2221963425610231
0.48819127718113914	0.2743027005546207	0.2375060222642403
0.48969410872921204	0.2806110731335753	0.22969481813721276
0.48807655239386505	0.2727599382927461	0.23916350931338892
0.49175955272378197	0.27364322376116473	0.23459722351505338
0.4966570081568669	0.2806503888335316	0.2226926030096016
0.489241818823982	0.27627779718575174	0.23448038399026636
0.48853404659843946	0.28222042955612364	0.229245523845437
0.49617114243989435	0.27405131294812235	0.2297775446119834
0.49686423611797725	0.2783728751668241	0.22476288871519878
0.49267175214054126	0.27412132693831204	0.2332069209211468
0.49005001394049563	0.2798810784771166	0.23006890758238793
0.4888441997341957	0.28075439152091164	0.23040140874489282
0.4969723961014775	0.2823264620743995	0.22070114182412312
0.48898715157784894	0.2810808174191934	0.22993203100295778
0.49665268090828324	0.27909342198148696	0.22425389711022992
0.4897118184119138	0.28244241549255755	0.22784576609552876
0.4973903411454113	0.2792214210200972	0.22338823783449155
0.4900911006825071	0.27518652213175643	0.23472237718573655
0.49405110101162203	0.2787586318780533	0.22719026711032483
0.48876392557835047	0.27775285156888824	0.23348322285276138
0.4907417972142982	0.2745540928711488	0.23470410991455307
0.48883257514197137	0.2777843157598223	0.23338310909820642
0.489167735235804	0.28115023911566944	0.22968202564852666
0.49728487827550877	0.2726574828921837	0.23005763883230762
0.49204926530371573	0.27286673551327423	0.23508399918301015
0.4905494494904228	0.2770722462051181	0.23237830430445916
0.4885340520751621	0.27439087322221656	0.23707507470262146
0.49769629304084034	0.2749857913118561	0.2273179156473037
0.4952297020348235	0.27651243314448704	0.2282578648206896
0.4910510775760455	0.2805026285420691	0.22844629388188556
0.4897325842791196	0.27276968313496847	0.23749773258591206
0.49537101679757634	0.2766893970491855	0.2279395861532383
0.49122302659163997	0.27794495284917203	0.23083202055918806
0.4915146958921236	0.2793128365993145	0.22917246750856204
0.4920706219296326	0.2793944165505356	0.2285349615198319
0.48667913408906693	0.28253662760786097	0.2307842383030722
0.4867101524020844	0.2730254101310048	0.2402644374669109
0.49741332058568094	0.2776429290506602	0.224943750363659
0.49293738839442713	0.2752307796188067	0.23183183198676627
0.4932071755408118	0.2750766766445957	0.23171614781459265
0.4954863110540616	0.27537268583447966	0.22914100311145882
0.4949772063723151	0.27597514309420734	0.22904765053347764
0.49673572778698566	0.2755772164254375	0.22768705578757695
0.48928205331512653	0.27710235508963016	0.23361559159524342
0.48628001607387994	0.27550709618308883	0.23821288774303134
0.4965253256882015	0.28210108672640327	0.22137358758539538
0.4978173208757484	0.2762432919347678	0.22593938718948386
0.4905398236622529	0.2727621784219629	0.23669799791578436
0.4937160581585673	0.28242025381231106	0.22386368802912177
0.4911444046688703	0.2733974663776219	0.23545812895350793
0.48691186851919255	0.2799226330154354	0.23316549846537216
0.49500746148943225	0.2817132598523638	0.22327927865820407
0.4963782599445668	0.27924753767963384	0.22437420237579953
0.48885243743672346	0.27449970017134495	0.2366478623919317
0.4905931056536928	0.2766998581250655	0.2327070362212418
0.48723057885043314	0.281252159941641	0.23151726120792596
0.4967501306134237	0.28104650556808264	0.22220336381849376
0.4972854546677858	0.2785886875067783	0.22412585782543604
0.4971419483154047	0.27649286837112635	0.226365183313469
0.4956566385110468	0.27943405136932276	0.22490931011963056
0.48636921834313573	0.2819254892190074	0.23170529243785695
0.48992514414005356	0.28176941198304384	0.22830544387690266
0.4948604753617224	0.2780050772870668	0.22713444735121094
0.495226930569911	0.2798107393203196	0.22496233010976951
0.49152001198649	0.27462804672191854	0.2338519412915916
0.49262145298417936	0.28173719545479897	0.22564135156102177
0.48867626216808385	0.27638149386619226	0.23494224396572397
0.4980608573041164	0.27326041767690396	0.22867872501897968
0.4877371460128884	0.2818892764498078	0.23037357753730386
0.4966108812180719	0.2788412619990724	0.22454785678285585
0.49537563189660816	0.2728044675651515	0.2318199005382405
0.4982117232687502	0.278412491458052	0.22337578527319793
0.49671262038468844	0.2726624249574639	0.23062495465784777
0.49200438818437064	0.2810824863965774	0.22691312541905206
0.48749817983485627	0.27628502745337424	0.23621679271176957
0.4911174360299696	0.281433021785703	0.22744954218432753
0.48885712382194463	0.27548762945464417	0.23565524672341132
0.4890258225394326	0.27646948512528485	0.23450469233528262
0.4861192169257334	0.2792005956250614	0.2346801874492053
0.49627853617836826	0.2820535688429449	0.22166789497868694
0.49081336691032806	0.2819215614398568	0.22726507164981524
0.4938796608573977	0.2750725927175085	0.23104774642509388
0.4952585488687128	0.2744167251193719	0.23032472601191545
0.49627062110070885	0.27676831774437044	0.22696106115492076
0.49427636652749585	0.2749884185228091	0.23073521494969518
0.4886457446428051	0.2814979200701791	0.22985633528701593
0.48777499509749656	0.28250167836431705	0.22972332653818656
0.4857641826866185	0.2767221169693496	0.23751370034403196
0.4869664373557892	0.2806960233582463	0.23233753928596462
0.4979278770090285	0.27864819789797246	0.22342392509299913
0.4988056079223292	0.27508176768778714	0.22611262438988378
0.4904950208971997	0.27356151172664106	0.23594346737615934
0.49279926553992404	0.2798652410451106	0.22733549341496545
0.4879702768931199	0.2738608777534906	0.2381688453533896
0.4909592732937671	0.2806854227891862	0.2283553039170469
0.4886508276540263	0.27617202772832805	0.23517714461764577
0.4925946224207535	0.2822378936837338	0.22516748389551278
0.49308129607488954	0.2782946187950692	0.2286240851300413
0.4978765036303685	0.2801243561782085	0.2219991401914231
0.4873790398232792	0.2721038780092429	0.24051708216747802
