0.19004099551660994	0.22724956703960664	0.5827094374437836
0.19241730662207995	0.22406061240998446	0.5835220809679357
0.19204248604131302	0.20973828573307923	0.5982192282256078
0.18971133846055538	0.24440194999379172	0.5658867115456531
0.18990321590290002	0.2608719825055793	0.5492248015915208
0.18459236153392045	0.22943157892500637	0.5859760595410732
0.18187327320738433	0.26695729494834664	0.5511694318442693
0.18961906872657977	0.24606004695323025	0.5643208843201901
0.19630809517461006	0.2338839597380178	0.5698079450873723
0.18624991914482	0.2634282237156215	0.5503218571395586
0.190920301349965	0.26467487533960177	0.5444048233104334
0.18966258458282653	0.22580789477769478	0.5845295206394788
0.1865034081740156	0.21764226922963625	0.5958543225963483
0.19600402207305181	0.26192573384131834	0.54207024408563
0.19838020830005546	0.2600916948190252	0.5415280968809194
0.18464968287767852	0.2683985083877426	0.546951808734579
0.18354697339404097	0.2166244776713777	0.5998285489345814
0.19106888359828708	0.21295072974294502	0.5959803866587681
0.18529942293467555	0.2760428813301715	0.538657695735153
0.2000587448662816	0.25435430570261286	0.5455869494311056
0.19242331651574313	0.23788729891909305	0.5696893845651639
0.199464958405597	0.2551806759604606	0.5453543656339426
0.19196572786594202	0.264437636587832	0.5435966355462261
0.1982327802758817	0.22789132749921465	0.5738758922249038
0.19698693821135843	0.20804191513737388	0.5949711466512678
0.18123850290265722	0.23946075366451341	0.5793007434328294
0.19097685802816067	0.23805348733841064	0.5709696546334289
0.19387320615768686	0.26660896535632755	0.5395178284859857
0.19362789340859538	0.24946636252215346	0.5569057440692513
0.19305008665084233	0.24031272490261735	0.5666371884465404
0.18380910881457627	0.2413774408631345	0.5748134503222893
0.1839983834530708	0.23863188835665122	0.5773697281902781
0.1823497647074695	0.23499231774338336	0.5826579175491473
0.19386006812143186	0.2532033213618413	0.5529366105167269
0.18541047802218033	0.2556039360377482	0.5589855859400716
0.1986710382760175	0.20219830363972213	0.5991306580842606
0.19462583235673814	0.24693032224537198	0.55844384539789
0.18474654570769714	0.2526873743027373	0.5625660799895658
0.1867962248565221	0.24554492663003555	0.5676588485134424
0.19567749576588278	0.2569871279259962	0.5473353763081211
0.19521230769730818	0.25072954108922946	0.5540581512134625
0.1817534749508139	0.23673574103974557	0.5815107840094407
0.1800103748791749	0.2771796741630441	0.5428099509577811
0.18891532188287777	0.2362321402144762	0.5748525379026461
0.18972007409836272	0.2606689708953608	0.5496109550062767
0.19206655322839036	0.21276706867569026	0.5951663780959195
0.18876215375061803	0.24144545242519114	0.5697923938241909
0.18028873502816906	0.2688133251633006	0.5508979398085305
0.1823706167638365	0.2767481538241946	0.540881229411969
0.18890703735139178	0.23892429038742447	0.5721686722611838
0.1936307745327548	0.24724054626588546	0.5591286792013599
0.18659538300801837	0.23625953891335721	0.5771450780786245
0.19032097586588165	0.23397360620486574	0.5757054179292527
0.19393748506651048	0.2637365263188981	0.5423259886145915
0.17902183387941137	0.27413027954689845	0.5468478865736903
0.17896378442948546	0.26591619782176246	0.5551200177487521
0.1917146972787698	0.27374522939009827	0.5345400733311321
0.17899515031809707	0.2338156334343998	0.5871892162475032
0.19328010896368183	0.24800397096931312	0.5587159200670051
0.20075423436559037	0.22275617202869386	0.5764895936057158
0.1795613979940673	0.2848745350659148	0.535564066940018
0.17939352921731075	0.23535701790409402	0.5852494528785953
0.17917310269274273	0.24650846963712206	0.5743184276701353
0.19866808052749863	0.221011480995716	0.5803204384767855
0.18801939203999904	0.24867927787195668	0.5633013300880444
0.1853526618695754	0.22979903177068453	0.5848483063597402
0.19203716588449152	0.21916545972777385	0.5887973743877348
0.18201417756393506	0.23486562642323608	0.5831201960128289
0.18814924461089635	0.2697317834481139	0.5421189719409899
0.193498358459685	0.21955646387191263	0.5869451776684025
0.18926002325108868	0.27034835345739744	0.540391623291514
0.19817404328796281	0.24182071274823275	0.5600052439638046
0.18379991171425805	0.27671020438574895	0.5394898838999931
0.18350263237122838	0.25979391723885853	0.5567034503899132
0.19425049018730556	0.26802444809431947	0.5377250617183751
0.1816718639554125	0.2784166392395597	0.5399114968050279
0.18533697738594332	0.24160572463195035	0.5730572979821065
0.19107368671135305	0.23069651127118346	0.5782298020174637
0.18002620952373055	0.22366900935361142	0.5963047811226581
0.18638485517454273	0.22496246980129692	0.5886526750241605
0.19537900949605858	0.24672602663826723	0.5578949638656743
0.20066498929250903	0.2326589958926531	0.566676014814838
0.18146418758950925	0.26954872059977575	0.5489870918107151
0.1950806570285345	0.2666748279123341	0.5382445150591315
0.18567079355754135	0.2570709861276631	0.5572582203147957
0.1984229238857644	0.2664513362071177	0.535125739907118
0.18104677530990593	0.28282352402146216	0.536129700668632
0.18072007932450698	0.2419315814654287	0.5773483392100645
0.19217840399781808	0.21655041230405675	0.5912711836981253
0.19725642743169017	0.2041191468164229	0.598624425751887
0.1807133543860374	0.23087495865384078	0.5884116869601219
0.18653109354769462	0.2252924932752719	0.5881764131770336
0.18204579974399765	0.217782282764866	0.6001719174911364
0.18385863604855898	0.26291252188157266	0.5532288420698684
0.18987715488263218	0.22062323783482846	0.5894996072825396
0.19953296590100766	0.2498228307522133	0.5506442033467791
0.1918831814742118	0.26781990254337706	0.5402969159824113
0.19215889387850804	0.25005729936936455	0.5577838067521275
0.19489259095218453	0.2171766041049419	0.5879308049428738
0.1848702344370262	0.27799424158674474	0.5371355239762292
0.18229474295855996	0.2502665903829467	0.5674386666584934
0.19785484832776828	0.2177474348052409	0.5843977168669909
0.17891507558388106	0.28039855574609	0.540686368670029
0.19992283592362536	0.2386438187637955	0.5614333453125793
0.18185109375862832	0.26720705684603413	0.5509418493953376
0.18309035804840187	0.26388591814041473	0.5530237238111835
0.19467945835437028	0.21219995373515357	0.5931205879104762
0.18904437142817695	0.2622968286857899	0.5486587998860333
0.19525645432612299	0.2432055288315679	0.5615380168423092
0.19524529177545574	0.245919531459946	0.5588351767645984
0.19040558869767077	0.21265179477796725	0.5969426165243621
0.18717871686582357	0.22447009562160236	0.5883511875125742
0.1809704972901883	0.27344537666544755	0.5455841260443643
0.18527939915810435	0.23330268166326065	0.5814179191786351
0.1798091042154029	0.24304877533592392	0.5771421204486733
0.1840981025484693	0.2543316565139889	0.5615702409375419
0.19684336775388395	0.20638393062469024	0.5967727016214259
0.19849801270082842	0.21912411622504635	0.5823778710741254
0.19774967565919774	0.22480388113226507	0.5774464432085373
0.1923103438628866	0.2593027820839579	0.5483868740531557
0.1800547101894605	0.234154555878301	0.5857907339322386
0.17881409546311125	0.25427351307405505	0.5669123914628338
0.18351797064982775	0.22323551115350523	0.5932465181966671
0.1899633893285898	0.2659809689103351	0.5440556417610752
0.19829394274546822	0.23482369522759922	0.5668823620269327
0.19554662274743514	0.26348471870249845	0.5409686585500665
0.19892581877919327	0.22006902989342922	0.5810051513273776
0.18865913539906687	0.271076607473185	0.5402642571277483
0.1880742554786045	0.2762379294193845	0.5356878151020111
0.18352894490020816	0.2649600935617299	0.551510961538062
0.18273614919090025	0.27539730571819265	0.5418665450909073
0.18641999989710423	0.23961462619647284	0.573965373906423
0.1936137375903061	0.2340798535611318	0.5723064088485622
0.18607024142563222	0.21864914825132747	0.5952806103230404
0.1816208707678535	0.2633125779213342	0.5550665513108124
0.19864615659473875	0.229624883725484	0.5717289596797773
0.19226412003120005	0.22368134539669654	0.5840545345721035
0.19839508510095094	0.20915707362346708	0.592447841275582
0.1902487069790949	0.21228516272257658	0.5974661302983286
0.18147047149430107	0.2522878127659766	0.5662417157397224
0.19861759552294111	0.25001437648716407	0.5513680279898949
0.18143837868136345	0.23486208080701534	0.5836995405116213
0.18424097344376142	0.2195927407248625	0.5961662858313762
0.1866335432635485	0.24788630198758543	0.5654801547488661
0.18732478184295676	0.2179006887626522	0.5947745293943911
0.18726542897047993	0.2777522492567539	0.5349823217727663
0.1856279744456742	0.25152117246444866	0.5628508530898773
0.19629523852011532	0.24633823158501264	0.5573665298948722
0.19438420417672078	0.24735252166430538	0.5582632741589739
0.19696844525626153	0.257226798159097	0.5458047565846416
0.19803398171549388	0.20596205065587544	0.5960039676286308
0.19928141696614302	0.2009139256481403	0.5998046573857168
0.1994693564722185	0.22411748132577367	0.576413162202008
0.19805503685636425	0.2618598106138945	0.5400851525297414
0.18660153908030983	0.25731287015352267	0.5560855907661676
0.17929357947583152	0.257671478891854	0.5630349416323146
0.19714977806996475	0.24440280945034887	0.5584474124796865
0.17911836659715166	0.27700004144084844	0.543881591962
0.1984474561926496	0.2152401611598485	0.586312382647502
0.1808561994001178	0.2519050021953066	0.5672387984045757
0.19474802434022204	0.21835442583824194	0.5868975498215362
0.18486178901073724	0.2552437561263168	0.5598944548629461
0.18748414145745823	0.23600324989737664	0.5765126086451653
0.19010306856550352	0.25493387229776543	0.5549630591367312
0.19071566077407068	0.2528963334652798	0.5563880057606496
0.2003651740250511	0.2211539831088488	0.5784808428661002
0.19061543133609926	0.2307314629121056	0.5786531057517953
0.19235876295374865	0.23966306185973527	0.5679781751865162
0.18300501858247126	0.24090094342298324	0.5760940379945456
0.18109066010775457	0.25783245446813746	0.561076885424108
0.19685124763419187	0.24389268115549684	0.5592560712103114
0.20087108916778845	0.21658523205990768	0.582543678772304
0.20040572881362229	0.25395268216930234	0.5456415890170755
0.19527614236167942	0.2236659919034953	0.5810578657348254
0.18707808031541756	0.22640606841941271	0.5865158512651698
0.1864031548010916	0.266886442649808	0.5467104025491005
0.1908492373255329	0.22994501679767665	0.5792057458767905
0.19530122202810873	0.2553186716349369	0.5493801063369546
0.18682872270117792	0.2492778830706874	0.5638933942281348
0.17957336965140427	0.2687875101788425	0.5516391201697534
0.18680087141665502	0.24765285078174343	0.5655462778016016
0.18637253959409195	0.23161918248190405	0.5820082779240041
0.18449210491972165	0.24852530195186195	0.5669825931284165
0.19432892284583772	0.2291041724105159	0.5765669047436465
0.20028596076130098	0.21929857484444573	0.5804154643942534
0.19278413412314255	0.22210408281640934	0.5851117830604482
0.19313417414644893	0.21020629044310007	0.5966595354104511
0.1818419729930221	0.2552248604394901	0.5629331665674879
0.20041943314187854	0.2277674838842458	0.5718130829738758
0.19808358772610252	0.21205822266033236	0.5898581896135653
0.18341952063526276	0.22628772385282403	0.5902927555119133
0.17935682867033234	0.25249279857866513	0.5681503727510027
0.19656523974168044	0.25842514252341237	0.5450096177349073
0.1845803681815366	0.23209937305582623	0.5833202587626373
0.18395320864532144	0.2162898421843924	0.5997569491702863
0.18071948461389212	0.24694725961909805	0.57233325576701
0.19954387685806557	0.2294624165790108	0.5709937065629238
0.18799528532456075	0.21526734604777145	0.5967373686276679
0.19983028228272623	0.2324972711170718	0.5676724466002021
0.19870246786139584	0.23705632438359234	0.564241207755012
0.194521111492516	0.2481770731468243	0.5573018153606598
0.19060318550382013	0.2617091321568753	0.5476876823393046
0.1902877950343194	0.2505228314874938	0.5591893734781869
0.1859796169187744	0.23484344591270412	0.5791769371685216
0.1828157908629082	0.21873742643658073	0.5984467827005112
0.1905446357318351	0.21819376654588835	0.5912615977222766
0.1804432899398215	0.23442617508138403	0.5851305349787945
0.1812047936873875	0.2383698198637666	0.580425386448846
0.1912121471919549	0.26509160172521457	0.5436962510828307
0.19066538810699948	0.23786724669333037	0.5714673651996702
0.1986988146743107	0.20404978157266157	0.5972514037530279
0.18140098448649394	0.23319173249789377	0.5854072830156124
0.18023360011968612	0.243250680319406	0.5765157195609081
0.20055778011869288	0.24328496757615206	0.5561572523051552
0.1912749825960247	0.25841877985238254	0.5503062375515929
0.19461876517231227	0.22525473157559558	0.5801265032520923
0.1941861158229712	0.22914624088983307	0.5766676432871959
0.18043015379471147	0.23698094617484758	0.5825889000304411
0.18158872991789546	0.259498335815237	0.5589129342668677
0.18951176577309994	0.26023211279657743	0.5502561214303228
0.1908418824777224	0.232224837397942	0.5769332801243356
0.18017310935105182	0.2276061274417254	0.5922207632072229
0.19980306014253374	0.2080949452614259	0.5921019945960404
0.19194006152815724	0.2174968250702503	0.5905631134015926
0.1884916233910838	0.2686437941023275	0.5428645825065888
0.1977202319476399	0.22139582653413242	0.5808839415182279
0.18196757648804943	0.25775270194291794	0.5602797215690327
0.18819236982967544	0.2518804757514313	0.5599271544188934
0.18215315053855033	0.21776649580892876	0.600080353652521
0.19976349550126543	0.26397269133966234	0.5362638131590723
0.19771098259897976	0.25720040651477083	0.5450886108862495
0.18611368489330543	0.2365045130702625	0.5773818020364322
0.19706667425802774	0.2257889142681871	0.5771444114737854
0.18986404762964187	0.26129598574393875	0.5488399666264194
0.19246836692661712	0.26626249916550715	0.5412691339078759
0.18963119117464938	0.24432874253934295	0.5660400662860078
0.19391519254828388	0.2176168967552976	0.5884679106964186
0.1876391231196824	0.25159556884328294	0.5607653080370347
0.18848387139403927	0.25963801412750875	0.551878114478452
0.19238529419719688	0.2674780591292923	0.5401366466735109
0.19823265757253491	0.25955109313117075	0.5422162492962945
0.18530410447198792	0.21732055575372572	0.5973753397742865
0.18863265409604985	0.21172990085258786	0.5996374450513624
0.1987428702840606	0.2087839296828632	0.5924732000330764
0.18025851084606684	0.24379164056122166	0.5759498485927116
0.1955292250249905	0.22569922176925045	0.5787715532057591
0.18763846523616212	0.2220872724962772	0.5902742622675609
0.20008331754281938	0.20479123799406823	0.5951254444631124
0.19447458908355314	0.24133064622835215	0.5641947646880948
0.18966366684001826	0.27522915556495237	0.5351071775950296
0.2005961188681984	0.21735800721976925	0.5820458739120324
0.18637811306294708	0.273652260653554	0.539969626283499
0.2002754645551947	0.23979414994976456	0.5599303854950408
0.1865018967014951	0.24529251305232164	0.5682055902461833
0.193088220407228	0.2409782753992188	0.5659335041935534
0.19812384480010006	0.2593038269612034	0.5425723282386967
0.1855594382971851	0.2533303771372415	0.5611101845655735
0.19099319421232172	0.26278712149278793	0.5462196842948905
0.1890544744844392	0.22088265036446192	0.590062875151099
0.183692103860827	0.25511617356121563	0.5611917225779575
0.18925885139113005	0.24726522802032166	0.5634759205885485
0.18678921135259666	0.24915091416636037	0.5640598744810431
0.18876387403802292	0.2432160950791381	0.5680200308828391
0.18493227548892013	0.25121345973451936	0.5638542647765606
0.18476051404214341	0.22709246416798012	0.5881470217898765
0.20085634390902396	0.24831008529168125	0.550833570799295
0.19461350151829448	0.24665062057998155	0.5587358779017241
0.19104475167808338	0.26080971064565306	0.5481455376762637
0.18046320325854012	0.23930947367259653	0.5802273230688635
0.18341134106753076	0.2824602252695081	0.5341284336629613
0.19070815228864846	0.25086231476285237	0.5584295329484993
0.18853175480966466	0.2571369127124997	0.5543313324778357
0.18281787268574798	0.217532011013783	0.5996501163004692
0.17900395138752317	0.25101610193447377	0.5699799466780031
0.1917915974614801	0.23507600285183822	0.5731323996866817
0.1905556138862501	0.2552376055847252	0.5542067805290248
0.19971485787235077	0.2229305818891772	0.5773545602384722
0.20032812442447612	0.2543384341050971	0.545333441470427
0.19933089547362418	0.2449499468116036	0.5557191577147723
0.19019985948355037	0.21688779244651818	0.5929123480699316
0.1960473555468299	0.22614025542717298	0.5778123890259972
0.18978042125922637	0.2389062675243362	0.5713133112164375
0.2004405739699757	0.2501369324098034	0.5494224936202211
0.18111389603490563	0.24256564810374223	0.5763204558613522
0.17885817218758127	0.2556523425652215	0.5654894852471973
0.17967479293257058	0.23587383176055604	0.5844513753068734
0.19083282630187462	0.23095530532648334	0.5782118683716422
0.19317397683645468	0.21026730881244615	0.5965587143510993
0.18763326573749906	0.2527524427327751	0.559614291529726
0.1823014705643281	0.2527365607712819	0.5649619686643901
0.18505293435403739	0.2614410489050726	0.5535060167408902
0.19806231874330932	0.20633754865442466	0.5956001326022662
0.19179943397605426	0.2712692702889591	0.5369312957349868
0.1859076438426933	0.2462338364640365	0.5678585196932704
0.18426177210554737	0.21981456630857277	0.5959236615858801
0.20041308516929698	0.22397241935577658	0.5756144954749265
0.18434905081884162	0.2216414950432105	0.594009454137948
0.19331037154976785	0.2467039043641041	0.5599857240861281
0.1869659164823734	0.25643483101253306	0.5565992525050937
0.1878534712701938	0.23135417667578254	0.5807923520540238
0.17928781674656694	0.26648665912131014	0.554225524132123
0.18187347755401193	0.27421873459453605	0.5439077878514521
0.1792989046060303	0.28035595136784874	0.5403451440261211
0.197051889846791	0.26725455011480936	0.5356935600383997
0.17929681088809732	0.26505234906008984	0.555650840051813
0.1798687650413093	0.2470074695475843	0.5731237654111065
0.1842587492149722	0.2816780950245902	0.5340631557604377
0.18644283191024935	0.21607931717633233	0.5974778509134184
0.1900827877074096	0.2277518481453935	0.5821653641471971
0.18123633729544222	0.22761597497555708	0.5911476877290008
0.1937838795142185	0.25157303713407997	0.5546430833517016
0.17875068456139773	0.24437702740542033	0.576872288033182
0.19100337959825503	0.21633732607904307	0.592659294322702
0.19070019618467507	0.234288521997471	0.5750112818178541
0.18994309858580055	0.21251586630185887	0.5975410351123407
0.1980371163974402	0.23517777014864868	0.5667851134539112
0.19524579453544047	0.2379351085756499	0.5668190968889097
0.18433999420756275	0.23631202647686866	0.5793479793155687
0.19492955144610385	0.22048154997418465	0.5845888985797116
0.1977616185607277	0.23488239167163458	0.5673559897676379
0.18899394788627558	0.27107127765522776	0.5399347744584968
0.17938583640916841	0.2446707827890809	0.5759433808017508
0.18411666979466018	0.2722308952448846	0.5436524349604553
0.1988012571650466	0.21142220126815459	0.5897765415667989
0.19053745631585078	0.2510876682313309	0.5583748754528184
0.19822796574052015	0.20374662008089212	0.5980254141785879
0.18549457010253234	0.2646876778143883	0.5498177520830795
0.19410311041239367	0.25703750910800216	0.5488593804796043
0.19517556320293916	0.20701998026626742	0.5978044565307935
0.19613660620703083	0.2307164741659508	0.5731469196270185
0.188008622365046	0.23059273356633272	0.5813986440686214
0.18368706470844584	0.2759616270152517	0.5403513082763026
0.18868463087675497	0.2559716122239884	0.5553437568992567
0.18827832015614815	0.26859068371876804	0.5431309961250839
0.1986389086227541	0.23198527947432407	0.569375811902922
0.1830901330441477	0.25417026627213446	0.562739600683718
0.18582268222749615	0.2747520607416482	0.5394252570308558
0.18306076912060446	0.2684652885822184	0.5484739422971773
0.1949726509207118	0.2119923756030544	0.5930349734762339
0.19234101822160005	0.240490528216937	0.5671684535614631
0.19926530546073234	0.23955086996723104	0.5611838245720367
0.18985519516680588	0.23209395804398375	0.5780508467892105
0.19497488848880512	0.21950442584585744	0.5855206856653375
0.18969484069465248	0.23396428304902617	0.5763408762563215
0.19492068597085543	0.270176711402501	0.5349026026266437
0.18448842316277186	0.2659588894420447	0.5495526873951836
0.18316963052940338	0.28052174652003026	0.5363086229505665
0.18030230024803612	0.27962986448264276	0.5400678352693212
0.17880269707063656	0.27432461019024784	0.5468726927391157
0.1831695782990243	0.2275735730328137	0.5892568486681622
0.20013141361671094	0.2300078646365129	0.5698607217467763
0.19563844864118202	0.24749473149109472	0.5568668198677234
0.1936770183838431	0.24217115427056707	0.5641518273455899
0.18796257758399543	0.21177075765245135	0.6002666647635533
0.19332094362087868	0.2343520409364323	0.5723270154426892
0.19536717275685617	0.23303441934790559	0.5715984078952383
0.18100370229059462	0.24685715949743753	0.5721391382119679
0.1998720553345335	0.20405130443889913	0.5960766402265675
0.18465724918564616	0.2611220266564533	0.5542207241579007
0.18136332989476173	0.27125070052910527	0.5473859695761332
0.1810433302011889	0.2632272893647992	0.555729380434012
0.19414976636984843	0.23509079967501	0.5707594339551416
0.1853297067320831	0.2696606439212764	0.5450096493466405
0.17900101873512034	0.2754217515665888	0.5455772296982909
0.1912684600538877	0.2477919180179668	0.5609396219281456
0.19991171746798986	0.22268254080793043	0.5774057417240799
0.18489552545495702	0.257587119553652	0.5575173549913912
0.19878462165411317	0.26377920528337506	0.5374361730625119
0.19684125551379625	0.2665061399054898	0.5366526045807141
0.1843880506046955	0.25520338523832276	0.5604085641569818
0.1952454256487096	0.23479057752450702	0.5699639968267834
0.17895584214163113	0.27197817589694684	0.5490659819614221
0.17881909795043457	0.24785154801055687	0.5733293540390088
0.18920026667631532	0.2497648367815418	0.561034896542143
0.18714545304852656	0.27473444844085915	0.5381200985106144
0.18966057426519406	0.2612465165416935	0.5490929091931126
0.17925344565282422	0.26598289803393327	0.5547636563132426
0.18057182869249166	0.2819593149123768	0.5374688563951316
0.19682792596595544	0.24288313723894442	0.5602889367951003
0.1987092972645014	0.23903621054369995	0.5622544921917988
0.1810841712422781	0.26898310476937737	0.5499327239883447
0.1902311406399289	0.26882305092912195	0.5409458084309493
0.19301261118475288	0.22667888923268614	0.5803084995825611
0.19674586725838888	0.26576104978277754	0.5374930829588337
0.1974046374748151	0.2640928351607752	0.5385025273644098
0.1937184831557094	0.2675946824438821	0.5386868344004087
0.19305874517959673	0.20708756202094641	0.5998536927994569
0.19804146284426802	0.2100848764318905	0.5918736607238415
0.19950145736002334	0.20783209238598016	0.5926664502539967
0.1858969706800307	0.24203164418573242	0.5720713851342369
0.19264158235745024	0.20669553675764854	0.6006628808849013
0.18489762018776404	0.23331223389699413	0.5817901459152419
0.18963367197935427	0.2317568615437297	0.5786094664769161
0.18011127966912371	0.2833425084855459	0.5365462118453306
0.20026256610842605	0.26460685754968505	0.535130576341889
0.183726891178502	0.2780577145613091	0.538215394260189
0.1961345948586029	0.24312639027755018	0.560739014863847
0.18181427242190948	0.2616000065612213	0.5565857210168693
0.18747342765835634	0.22484696190520054	0.5876796104364432
0.19290730209530949	0.22772238521056914	0.5793703126941214
0.19201903835594034	0.2452426174160908	0.562738344227969
0.18951901319312714	0.2671455268538525	0.5433354599530205
0.18561464251569237	0.25037263238216956	0.5640127251021382
0.18615949751246247	0.2594830438759206	0.5543574586116171
0.18021929170425638	0.2466315612809409	0.5731491470148029
0.20064902061250992	0.26281650941083823	0.536534469976652
0.19525538115874566	0.21825501811554926	0.5864896007257052
0.1936926303667561	0.20562452729441275	0.6006828423388313
0.19667356971578248	0.20384777321936193	0.5994786570648557
0.18429742358465337	0.23525628246735464	0.5804462939479921
0.18920291806979253	0.26499448656249214	0.5458025953677155
0.17861597216819	0.2656187157316813	0.5557653121001288
0.1999454663285808	0.21470406979669301	0.5853504638747262
0.18775123004016678	0.2283657628052701	0.5838830071545633
0.1979327127800427	0.20622144129126074	0.5958458459286966
0.19994127550528498	0.21598724701185543	0.5840714774828597
0.18459505432906703	0.21521485977855567	0.6001900858923774
0.17935346987825665	0.24101730077984063	0.5796292293419029
0.2004180100354514	0.24922769080803125	0.5503542991565175
0.19958366181514187	0.21946449407844942	0.5809518441064088
0.18910053003934774	0.21497951677123114	0.5959199531894213
0.19620771776746573	0.26290011530201196	0.5408921669305224
0.18644639026595416	0.21489481391234289	0.5986587958217031
0.19725341912148153	0.218667418620416	0.5840791622581025
0.18324857863458113	0.21852157533095767	0.5982298460344613
0.17885835905481356	0.2467813253376709	0.5743603156075157
0.18293115523924453	0.2518646008148704	0.5652042439458852
0.17959394794853994	0.22348090287311523	0.5969251491783449
0.1940122801867095	0.22008584785815855	0.5859018719551321
0.19325429676946085	0.23248098852373333	0.574264714706806
0.19891840044008033	0.2003180689345259	0.600763530625394
0.19456808303594045	0.20568561820943237	0.5997462987546273
0.19582704362341058	0.20421074892791455	0.599962207448675
0.200747038796796	0.23607531536377985	0.5631776458394242
0.18452394317330573	0.26380602090844546	0.5516700359182489
0.18472241405459125	0.21473368776282176	0.6005438981825871
0.18240282166791527	0.26964493038111537	0.5479522479509695
0.1923474163309694	0.27124861294473357	0.5364039707242971
0.19642158007194688	0.2648855421275962	0.538692877800457
0.19267498569811953	0.27323175931497495	0.5340932549869056
0.18179481153050758	0.25867723497256156	0.559527953496931
0.19281426936709398	0.24329991105336948	0.5638858195795367
0.17977338774560878	0.2643990359823138	0.5558275762720776
0.19810289322883776	0.2048345992234859	0.5970625075476764
0.1983677772558976	0.22956455579696416	0.5720676669471384
0.18590629801443737	0.2372607864864531	0.5768329154991096
0.18709690649695485	0.23453734464305265	0.5783657488599927
0.1913173676607909	0.24232607916774485	0.5663565531714643
0.1858188332528382	0.24300785975343775	0.5711733069937242
0.18236954298829552	0.28024944170272603	0.5373810153089785
0.19390702787347025	0.23818591523420038	0.5679070568923295
0.1941720384332937	0.2231008903284594	0.5827270712382471
0.18805926158120345	0.27672907502134336	0.5352116633974533
0.19661679996107234	0.2108543253419068	0.592528874697021
0.19865362082668225	0.22656655440313347	0.5747798247701844
0.19265970384182032	0.2241215492312934	0.5832187469268864
0.1938762021120286	0.24007521018120542	0.566048587706766
0.18906714884864598	0.2283716576052432	0.5825611935461109
0.19084994051571558	0.2650639512053393	0.5440861082789452
0.1856194563377617	0.26894542019834744	0.545435123463891
0.19479138947314795	0.21972641157940126	0.585482198947451
0.1938860871510731	0.2719782184653344	0.5341356943835927
0.20007550508699387	0.26199826879230925	0.5379262261206971
0.1977113731762331	0.25531620937974014	0.5469724174440269
0.18018315048796893	0.22877933045914395	0.5910375190528872
0.19334022267583229	0.2059225064219643	0.6007372709022035
0.20062709739230672	0.20784892769474972	0.5915239749129437
0.1956270279676744	0.26099689624122074	0.543376075791105
0.1851685741343142	0.26721338572450176	0.5476180401411841
0.1945822178368489	0.2071672709741302	0.5982505111890211
0.1880903244448378	0.21189956721948472	0.6000101083356776
0.19797627836985196	0.22508833837786527	0.5769353832522829
0.18809381771561282	0.24234388327697856	0.5695622990074087
0.18760813015430727	0.2372019515859358	0.5751899182597571
0.18524508914865956	0.25863129109522326	0.5561236197561173
0.18424636152790994	0.23533188560942214	0.5804217528626681
0.19150627060886108	0.26355148171044207	0.544942247680697
0.1844746516223694	0.2263262573468947	0.5891990910307361
0.18911246904301104	0.21475892058672608	0.596128610370263
0.18305231357336413	0.2618803084593663	0.5550673779672697
0.19249909301115062	0.25490435579179943	0.5525965511970501
0.2003604845509203	0.23555801894985187	0.564081496499228
0.1979081276352258	0.23026444038186814	0.5718274319829062
0.1785954778732455	0.24130256810739326	0.5801019540193614
0.2002650747243177	0.21169981808164845	0.588035107194034
0.19594966182275647	0.2291012398175024	0.5749490983597412
0.18647091916244912	0.22813987156003038	0.5853892092775206
0.18851276024810207	0.21857145531957337	0.5929157844323247
0.2002821573807251	0.22320216511845567	0.5765156775008193
0.19003435304902175	0.24632170378375823	0.5636439431672202
0.1804929633815134	0.22657471698331136	0.5929323196351753
0.1887442841055225	0.264682274081656	0.5465734418128216
0.19769017950450649	0.2234620790626214	0.5788477414328722
0.19547640844374833	0.2521225920281758	0.552400999528076
0.18546863634272476	0.2350284246484454	0.57950293900883
0.17973854512166193	0.2607817680586127	0.5594796868197255
0.19996298561995626	0.26354917332538286	0.536487841054661
0.18063544416401858	0.26353587121284067	0.5558286846231408
0.1891262405185673	0.26227740303442304	0.5485963564470098
0.1869075279247454	0.21215061819356595	0.6009418538816887
0.18359825216146772	0.2320245452298711	0.5843772026086613
0.18401428657448474	0.2702800975492996	0.5457056158762157
0.1850960733930872	0.2544726226027655	0.5604313040041474
0.1907776475339747	0.2371905733660264	0.572031779099999
0.1889676118307696	0.22570659324204326	0.5853257949271873
0.19520297795953162	0.25207699168372605	0.5527200303567424
0.19861167754556777	0.23419871393165537	0.567189608522777
0.18711250547350022	0.25879385514021225	0.5540936393862876
0.18465517795235298	0.2471685519750287	0.5681762700726184
0.18039415200317668	0.27240061754797	0.5472052304488535
0.19819052241791993	0.23360045468452695	0.5682090228975533
0.18703164902300198	0.2264338306075086	0.5865345203694896
0.1929341648321206	0.20823697885126136	0.5988288563166182
0.19613349260773127	0.20563430252612713	0.5982322048661417
0.18506262767519957	0.27179083836386986	0.5431465339609307
0.19363853250411356	0.21415255112407366	0.5922089163718129
0.18518516782961952	0.26396238559765883	0.5508524465727218
0.17958754232062493	0.25030416094383395	0.5701082967355412
0.1822700722112426	0.260387594115313	0.5573423336734444
0.19199870016437637	0.25297998949148626	0.5550213103441375
0.1939041032446232	0.21636436898219338	0.5897315277731836
0.1923394315760498	0.24456424873736168	0.5630963196865886
0.19739916703641414	0.26150744077260957	0.5410933921909764
0.19823745865415443	0.2525414578925327	0.549221083453313
0.19112311543269686	0.2419765113858673	0.5669003731814359
0.1955228158329687	0.2266783157916152	0.5777988683754162
0.1988676772208803	0.23069886186616315	0.5704334609129567
0.18843920321135454	0.27585738311687624	0.5357034136717693
0.1945853249640432	0.23336833499736115	0.5720463400385958
0.19279864349374348	0.2628384950161205	0.5443628614901361
0.1854588931766594	0.23986168489556722	0.5746794219277735
0.19440801145361294	0.24543368497199472	0.5601583035743924
0.18210762476210177	0.24099018982013515	0.5769021854177632
0.18535286778509485	0.2743913591731358	0.5402557730417695
0.17927362566945235	0.26496462379615826	0.5557617505343895
0.19787301629680254	0.20992605233429062	0.592200931368907
0.1944668467152684	0.22093414643252274	0.584599006852209
0.18412023537231773	0.28125514086144754	0.5346246237662349
0.19291757079313973	0.21779361785152873	0.5892888113553316
0.18281602200233957	0.27464621951800755	0.542537758479653
0.19675066742587843	0.22825571427944868	0.574993618294673
0.17984543673221393	0.2658901136332319	0.5542644496345543
0.1959758065642836	0.20366846397188001	0.6003557294638364
0.1910876063807223	0.21127536745882433	0.5976370261604536
0.17997711342101522	0.23911298472406362	0.5809099018549213
0.1818984032945635	0.2379947408076131	0.5801068558978235
0.18625423253011467	0.2314464990470779	0.5822992684228075
0.19209457478609862	0.23052720749705646	0.577378217716845
0.19920461348950924	0.2472778976009168	0.5535174889095741
0.19097473283669944	0.24999390013949385	0.5590313670238068
0.19014680679620954	0.24854943026330484	0.5613037629404858
0.18853097187625686	0.24341287012030086	0.5680561580034424
0.20052767161664867	0.22972300794029551	0.5697493204430559
0.19409587021734914	0.26034992308475174	0.5455542066978992
0.1797907575344148	0.24548756806167113	0.5747216744039142
0.18949631357378208	0.24520538668088662	0.5652982997453314
0.17877442371381505	0.2835041646705774	0.5377214116156077
0.19354052699631769	0.2084544730394967	0.5980049999641857
0.19141234137814303	0.21577090153292175	0.5928167570889353
0.18681776866293795	0.27570975215642535	0.5374724791806368
0.1978841932058589	0.25264638984766197	0.5494694169464793
0.19699273193199998	0.2056237508558515	0.5973835172121487
0.19244832506313564	0.25199931943450926	0.5555523555023553
0.20019475677790433	0.208197374847055	0.5916078683750408
0.19051589523469842	0.25399313419552044	0.5554909705697813
0.181793318248383	0.2589141012591776	0.5592925804924396
0.18769087994710526	0.25117861309787765	0.5611305069550172
0.19727954067825676	0.22712840248376398	0.5755920568379793
0.178843083740503	0.25350697568386443	0.5676499405756327
0.18260039808634912	0.28334843774263635	0.5340511641710146
0.18434006730808186	0.24138198624105406	0.5742779464508643
0.1983678134646751	0.2521710426540678	0.5494611438812572
0.17981388644311228	0.23863346635132593	0.5815526472055619
0.19912686154284803	0.2086886731152942	0.5921844653418579
0.19376855672894405	0.21286865196479193	0.5933627913062641
0.18661810446530866	0.2324719002513367	0.5809099952833547
0.185348725674207	0.24773263208331286	0.5669186422424802
0.18354179448440439	0.24740867815654893	0.5690495273590468
0.1870489353585313	0.23185968528747566	0.5810913793539931
0.19158881734076402	0.23172445625444815	0.5766867264047879
0.1869520168147	0.21946325898977861	0.5935847241955216
0.18107898453289814	0.24323976728741734	0.5756812481796847
0.1879560526400551	0.2383464945262954	0.5736974528336496
0.19613870228294467	0.20773693832289766	0.5961243593941578
0.20035959337737302	0.23562131572467326	0.5640190908979539
0.19262076755595026	0.26198745907495447	0.5453917733690954
0.1816206017146947	0.2721825855109239	0.5461968127743815
0.1995131124685683	0.22423495215622527	0.5762519353752065
0.18468272763299873	0.2534259913058859	0.5618912810611155
0.17893664305959467	0.26305364599073167	0.5580097109496738
0.19582781603300148	0.2632999441705678	0.5408722397964308
0.19087736963298202	0.256276378012036	0.5528462523549821
0.18647884101943374	0.25211134184983297	0.5614098171307333
0.1890805777253656	0.24875898190200585	0.5621604403726287
0.18319902790590828	0.26466064561790187	0.5521403264761899
0.18429755124352376	0.2584778364154628	0.5572246123410136
0.18135268389070447	0.24555734390384074	0.573089972205455
0.19098182164125865	0.24674565019708433	0.5622725281616572
0.18749448172726813	0.23650909551443375	0.5759964227582982
0.1896234317686543	0.21599106739571877	0.594385500835627
0.19468537125447768	0.26064752637712674	0.5446671023683957
0.18224634226096154	0.261949579449116	0.5558040782899225
0.19940344444911914	0.22841509070747815	0.5721814648434028
0.18172835685123054	0.2552706533666702	0.5630009897820993
0.19957570908664585	0.2547718063543467	0.5456524845590076
0.18645507418217372	0.2562973023005287	0.5572476235172977
0.18334858134682772	0.24955440827886477	0.5670970103743076
0.19461417246296878	0.23982199204151897	0.5655638354955124
0.18612316233710063	0.21750883388152167	0.5963680037813779
0.18182998263306893	0.27739762280243674	0.5407723945644944
0.18375723081604506	0.2810710950485913	0.5351716741353637
0.18951991405370788	0.25249226949894926	0.557987816447343
0.1837809735127206	0.25231490678029833	0.5639041197069812
0.18634723887909652	0.26915890705409773	0.5444938540668058
0.1911858153044307	0.2566805611554762	0.5521336235400932
0.1879436866623452	0.22063293679964519	0.5914233765380097
0.1811709752208662	0.26542525076463075	0.5534037740145032
0.19547586998656735	0.2664834132533898	0.538040716760043
0.18775502584121892	0.2513532546651166	0.5608917194936646
0.19804522493777169	0.25653911661602724	0.5454156584462012
0.18710194771704888	0.23884560827778756	0.5740524440051638
0.19253514420972134	0.22421791266433863	0.5832469431259402
0.2006893996133176	0.24145630544529242	0.55785429494139
0.20074092480934674	0.22229670013733482	0.5769623750533186
0.18883927833014935	0.24804326533393456	0.5631174563359163
0.19301760998603879	0.23024698101585883	0.5767354089981025
0.1818780251360568	0.2560274815932358	0.5620944932707075
0.18378037486969176	0.26539609772420375	0.5508235274061046
0.1840374344446434	0.27535281737119155	0.5406097481841652
0.17964937169003187	0.2462342855720056	0.5741163427379626
0.20036907533686182	0.242745711279482	0.5568852133836563
0.19703567650230097	0.26635907504768463	0.5366052484500144
0.20065455185773656	0.2386291053427116	0.560716342799552
0.1791681440557399	0.25984158934861357	0.5609902665956467
0.17871054415008347	0.2368563934041535	0.5844330624457632
0.18210868482279755	0.281730933094667	0.5361603820825356
0.19440909677326357	0.2519309258995509	0.5536599773271856
0.1879280855574588	0.2175525062861177	0.5945194081564236
0.1961941296337246	0.2502239897361094	0.5535818806301662
0.1985812526499471	0.25558281693808527	0.5458359304119678
0.19930825015831796	0.22914628084734043	0.5715454689943418
0.18986368545677829	0.2332703332633014	0.5768659812799204
0.18780308607110413	0.2645637274678787	0.5476331864610172
0.17934616074321633	0.23998498126971332	0.5806688579870705
0.18611393421026182	0.2365698673202356	0.5773161984695027
0.1934957704787323	0.2176679383957574	0.5888362911255105
0.18643470726034905	0.23611097236338688	0.5774543203762642
0.19091390920934903	0.2235460630474565	0.5855400277431946
0.19778927818730246	0.2176989636120534	0.5845117582006443
0.18409620100662585	0.2357140048798084	0.5801897941135659
0.19018746839547496	0.24868092943540374	0.5611316021691214
0.19167280810546716	0.2571402477948048	0.5511869440997281
0.19965488378944707	0.25094969747673623	0.5493954187338168
0.18837895065081586	0.2626351126516042	0.54898593669758
0.1885571776099104	0.27208954903504096	0.5393532733550488
0.19611822209088367	0.24972586278006836	0.554155915129048
0.18252119417056115	0.22365650303329193	0.593822302796147
0.1828632584037172	0.2637375568426841	0.5533991847535988
0.18598414052770385	0.25424762328034645	0.5597682361919498
0.19841919854336043	0.21850118411920663	0.5830796173374331
0.19237633255217299	0.21947006640293215	0.5881536010448949
0.1854348772838807	0.2610140423318577	0.5535510803842617
0.19039653938224665	0.2558758539608958	0.5537276066568577
0.1857996527705866	0.23446083064894294	0.5797395165804706
0.1852054980235892	0.23007858115769447	0.5847159208187165
0.1969784284816516	0.22936215154727085	0.5736594199710776
0.19873870492725	0.236454211289181	0.5648070837835691
0.19065668928193744	0.24356994458358389	0.5657733661344788
0.1894411607727319	0.2764983446308602	0.534060494596408
0.19462613442845558	0.2643002361439394	0.5410736294276052
0.18862465253876184	0.27648836042742364	0.5348869870338147
0.18619012214424388	0.24512717790229338	0.5686826999534629
0.19464737039452132	0.263861208473356	0.5414914211321228
0.18196667625503918	0.2333188099407683	0.5847145138041927
0.1881296257921202	0.26382352478926363	0.5480468494186164
0.18194957261419348	0.2573117241899734	0.5607387031958333
0.17992548644719436	0.279818987739175	0.5402555258136308
0.1942963764337337	0.2116886746866713	0.5940149488795952
0.1992384258311139	0.263807575880346	0.5369539982885403
0.18596691413464678	0.21530751773931406	0.5987255681260393
0.19578222004638612	0.2696881938725373	0.5345295860810767
0.18847835074553246	0.2633162496282538	0.548205399626214
0.2005686454677063	0.2580960219659429	0.5413353325663509
0.19873545958462593	0.2521548101384142	0.5491097302769601
0.18117500763801797	0.22727491994365864	0.5915500724183235
0.18865067492186882	0.2458722944560396	0.5654770306220916
0.1954759925853382	0.20994750336556692	0.594576504049095
0.17975112122272632	0.2409096055891112	0.5793392731881626
