7.50501737952769E-5	0.2195855645892217	0.7803393852369831
0.0020812209546193783	0.20872982733576306	0.7891889517096178
1.75700512391741E-4	0.19159433469268636	0.808229964794922
5.017363621682147E-4	0.18790032757588987	0.8115979360619421
0.002069622481954414	0.13070839517107802	0.8672219823469677
7.962834759893678E-4	0.11963983471174228	0.8795638818122685
0.0016009234803317507	0.13153529743585035	0.8668637790838181
0.0014781073585962146	0.14049320903788123	0.8580286836035227
7.062261584741547E-4	0.15149598533816727	0.8477977885033586
2.929390724702996E-4	0.1503342024846389	0.8493728584428909
0.0015283201664640922	0.15352648772393923	0.8449451921095968
4.7073135490272033E-4	0.1531404161612544	0.846388852483843
5.554107245308026E-4	0.1719683576370465	0.8274762316384229
4.2008743806876137E-4	0.24198951249008666	0.7575904000718447
8.102368980262287E-4	0.2371046994474696	0.7620850636545042
0.0010069106488855284	0.2361899508911346	0.76280313845998
1.931290120856799E-4	0.2642104248174309	0.7355964461704836
7.531317007163918E-4	0.2621822377635802	0.7370646305357036
0.0016468905515282795	0.26303849974359544	0.7353146097048765
0.001655121152513983	0.2823373712479393	0.7160075075995468
7.077323544840697E-5	0.2684434998828151	0.7314857268817367
0.0017698914304138946	0.27044535277685205	0.7277847557927342
6.54001654070091E-4	0.8554886769796984	0.14385732136623158
0.0017306960998705323	0.857760764771688	0.14050853912844158
7.997236385492434E-4	0.8638189694245498	0.13538130693690106
0.0017652959116793987	0.8671113325675435	0.13112337152077724
0.0020024967368506563	0.4066307682708768	0.5913667349922727
0.0018683900731925052	0.42429284791219934	0.5738387620146083
9.692121004584164E-4	0.4320459012021508	0.5669848866973909
0.0017479960497893687	0.43168196533744274	0.566570038612768
0.0016849602681011655	0.42202277201275384	0.5762922677191451
0.0010448519197421846	0.42358638615281985	0.5753687619274381
3.574217000258395E-4	0.43047918673146823	0.569163391568506
3.5941275660500427E-4	0.431510506593981	0.5681300806494141
0.0013620294221448614	0.4326227632152618	0.5660152073625935
4.6687412260160155E-4	0.43854016557629255	0.5609929603011059
0.00142561075880554	0.43661238607853925	0.5619620031626553
0.0019618700161343483	0.43937928130460524	0.5586588486792605
0.001290897237066213	0.4462526588594787	0.5524564439034552
0.0018487711157381126	0.34836974610568544	0.6497814827785766
5.128185232515237E-4	0.34523543361992465	0.6542517478568239
0.0015494865133398594	0.3443662363918765	0.6540842770947838
1.909958708469217E-4	0.33634051526067504	0.6634684888684781
0.0012463929325880474	0.3447395056196398	0.6540141014477723
4.569783417333051E-4	0.3545964663614376	0.6449465552968292
0.0011457828203315645	0.3550279221422773	0.6438262950373913
5.369746612710058E-4	0.3507070678292717	0.6487559575094575
0.0015068009526220671	0.34649018269335263	0.6520030163540254
7.848806941324615E-4	0.3450928408368079	0.6541222784690597
0.00115811651190173	0.3437339114114637	0.6551079720766346
0.0019417564440005197	0.3559400564600417	0.642118187095958
0.001507323574818531	0.36557428193165026	0.6329183944935313
0.001815860918232881	0.30392654649611867	0.6942575925856486
4.0765986147822675E-4	0.3084238328547215	0.6911685072838004
0.002034596147712675	0.3059496726996776	0.6920157311526098
1.140764070683975E-4	0.2796238291366153	0.7202620944563165
0.0020034208081807225	0.2809307183759169	0.7170658608159025
8.433565829671363E-4	0.25970448560982584	0.7394521578072072
7.454004589870222E-4	0.2582081128655294	0.7410464866754837
0.0013308116528581992	0.2567959132114962	0.7418732751356457
9.153615167153406E-4	0.2561453117329033	0.7429393267503814
0.001916420328905044	0.2560022653228733	0.7420813143482218
0.0020479249349802386	0.25875093214366773	0.7392011429213521
6.358695362095323E-4	0.25841035550218233	0.7409537749616083
0.001241592241055245	0.2504009060659711	0.7483575016929738
0.0011406172490750488	0.2501541578919082	0.7487052248590169
0.0010221170129312562	0.25146027519130487	0.7475176077957639
4.638308542282421E-4	0.25775040118336456	0.7417857679624074
0.0010680013145797362	0.2564555908158651	0.7424764078695554
8.463811656396203E-4	0.2663520057054188	0.7328016131289418
0.0016780622123284683	0.2787968577493605	0.7195250800383112
1.1445089638867367E-4	0.2795897381526065	0.7202958109510049
0.001979779003808968	0.2676663186928398	0.7303539023033514
2.2654107653324873E-4	0.2649807565693	0.7347927023541669
0.0019162910209164497	0.27484241347909366	0.7232412954999901
0.0012206369168796805	0.26836190928649606	0.7304174537966244
0.0011866151654033041	0.23300591348338834	0.7658074713512084
0.0016579309843587353	0.16883942946145075	0.8295026395541907
2.5907880121106563E-4	0.16597891468490855	0.8337620065138805
0.001992916185988236	0.16959812428531484	0.828408959528697
8.282884586899852E-4	0.16960888549929007	0.82956282604202
0.002031974392689817	0.1731085265851101	0.8248594990222001
0.002079431522499564	0.17161047678800775	0.8263100916894928
8.282950119848365E-4	0.17187922899431743	0.8272924759936979
1.962058383171983E-4	0.17977359720411906	0.8200301969575639
0.0011639464560266877	0.1716584876456828	0.8271775658982906
0.0010908261680429021	0.1694310614858466	0.8294781123461106
0.0021074069561656805	0.16706529724237204	0.8308272958014624
0.0014407309015437297	0.16738477913207672	0.8311744899663798
4.89792478906681E-4	0.1642011103581713	0.8353090971629221
7.647306212008598E-4	0.15262025512340702	0.8466150142553922
3.519023241183028E-4	0.14560739110941953	0.8540407065664624
3.1986344503637243E-4	0.15495071923083756	0.8447294173241262
0.0010077711413299384	0.14622206437396876	0.8527701644847014
0.0018266232198761445	0.14233992227955758	0.8558334545005664
3.543634836389309E-4	0.15081814010559558	0.8488274964107656
1.4830158577527897E-4	0.15514986601960734	0.8447018323946175
0.001181779750453471	0.15672336456158378	0.8420948556879628
0.0019650465058119737	0.15631860054134877	0.8417163529528394
0.0011458207918780827	0.14711872552238459	0.8517354536857374
5.752469345733924E-4	0.14995503048323117	0.8494697225821956
8.801627828163849E-4	0.13046840497891843	0.8686514322382654
4.2511105984899267E-4	0.12846085936194615	0.8711140295782049
5.69185096804814E-4	0.12173116783663315	0.8776996470665621
3.3843813958028823E-4	0.12071267194071059	0.8789488899197092
0.001718521467604539	0.1287416824074063	0.8695397961249892
0.0015075324118832834	0.12189327444918396	0.8765991931389329
7.538710007581884E-4	0.1155745516702083	0.8836715773290336
1.5677959968618538E-4	0.11474915916899212	0.8850940612313217
0.002031902072212599	0.10769505357474224	0.8902730443530453
0.002142768827226915	0.10854988849010766	0.8893073426826655
0.00177031059513999	0.317070826828562	0.6811588625762981
0.0016975668777258202	0.29108448480468996	0.7072179483175843
0.0013522171904964964	0.29561306699159934	0.7030347158179042
0.001323604411691548	0.29628709505032774	0.7023893005379809
0.0016634727752349865	0.3018078806326568	0.6965286465921083
0.0017176198079224547	0.3022018083670275	0.6960805718250502
5.44946110578648E-4	0.3142126393288708	0.6852424145605507
0.0018575013060025403	0.3515078378565832	0.6466346608374145
4.027199122824676E-5	0.35218625986271734	0.6477734681460545
6.382856093195E-4	0.34608372799318676	0.6532779863974939
0.001946018372230518	0.3757347851382181	0.6223191964895515
0.0012995766927380026	0.3826027401024966	0.6160976832047655
2.72611826267366E-4	0.39777586285421623	0.6019515253195165
4.2474433769468245E-4	0.40097097381077645	0.598604281851529
0.0015883486485660514	0.39911519730354494	0.5992964540478891
1.9255703369713828E-4	0.4003210332293119	0.599486409736991
1.3410794904539225E-4	0.4123168358065277	0.587549056244427
8.448751448124625E-4	0.4193416609427193	0.5798134639124684
3.0735190426978143E-4	0.40903017415176784	0.5906624739439625
5.116398129164645E-4	0.3052480282141012	0.6942403319729824
0.0017612157444107934	0.30550524236290577	0.6927335418926835
0.0011179455173344066	0.30781097182518347	0.6910710826574822
0.0012964572218315262	0.31278112560763144	0.6859224171705371
7.161942302996716E-4	0.31154888973358896	0.6877349160361115
6.2530357464885E-4	0.48664327571213223	0.5127314207132191
0.0014968763794986906	0.47106589479668015	0.5274372288238213
5.743920128457591E-4	0.476065367265484	0.5233602407216704
7.958348717846953E-4	0.47714604504188485	0.5220581200863306
0.001294460846083978	0.47706734183450594	0.5216381973194102
0.001472252842848354	0.47752861756444775	0.520999129592704
0.0016689232069149185	0.4703012371965711	0.5280298395965142
5.014576982579344E-4	0.47954608298196894	0.5199524593197733
0.0017808645871093542	0.47350232780373563	0.5247168076091551
6.257009828080085E-4	0.5055915626958745	0.4937827363213176
0.0016967034142642001	0.4961631609536586	0.5021401356320773
0.00176901563500792	0.49676414467707763	0.5014668396879146
0.0011148580759546833	0.5014641393777008	0.4974210025463446
0.0019352912357031293	0.4977170091034253	0.5003476996608717
7.385842833906864E-5	0.5089411640561924	0.4909849775154687
3.651122579462207E-5	0.5052763719675752	0.49468711680663024
4.0079973634571386E-4	0.5083992674277558	0.4911999328358986
5.242516637693484E-4	0.4698401272564415	0.5296356210797892
0.0013305715217402647	0.4757788081193483	0.5228906203589117
0.0013373679946697692	0.47695694280265716	0.5217056892026732
0.001757145472892796	0.46572883947808413	0.5325140150490233
9.516684910997886E-4	0.4637385501812278	0.5353097813276726
0.0016511546849621306	0.5259267892510553	0.4724220560639827
0.001814458005502062	0.5180030901315098	0.4801824518629883
0.0018609859509226556	0.5331605504911299	0.4649784635579476
0.0020287302816337505	0.5294805624167498	0.46849070730161657
0.0017970931677296909	0.5172397542184115	0.480963152613859
2.935465690829808E-4	0.5181575643824252	0.4815488890484919
0.0016479587927401562	0.5157809773773692	0.4825710638298908
0.0016997331156828888	0.5167711566886988	0.4815291101956185
0.0011629460946702697	0.5149591796661817	0.48387787423914813
0.0012764189195479947	0.5200337545044824	0.47868982657596976
0.001754692693399118	0.520584021741952	0.477661285564649
6.290647952165163E-4	0.5206293842362164	0.47874155096856713
0.001357566492818818	0.5130348254158446	0.48560760809133674
2.681356459585116E-4	0.5009902022488804	0.49874166210516135
4.3037689352320996E-4	0.5112467757505033	0.4883228473559737
5.299821131704574E-4	0.5162851051090238	0.4831849127778059
6.531958129922799E-4	0.5514321350387972	0.4479146691482107
6.806473349428854E-4	0.5561582136859344	0.44316113897912274
4.3418861918131935E-4	0.5634215344656701	0.4361442769151487
0.0012653774770355342	0.5839738366459717	0.41476078587699294
0.001559648869618624	0.6172179559354176	0.3812223951949639
0.001961060228265976	0.6165449487698331	0.38149399100190096
3.356022019022631E-4	0.6172131003323968	0.38245129746570106
0.001251796827650864	0.6153144055583939	0.38343379761395535
9.883430082616718E-4	0.6227993196025706	0.37621233738916793
0.0017490953923886554	0.6194739850792977	0.37877691952831366
5.963683755066951E-4	0.6194276594978162	0.3799759721266773
0.0015480537337098088	0.6163509909881472	0.38210095527814314
0.0014599096284537705	0.6186100483309124	0.37993004204063396
0.0016984077760934246	0.6433361423970428	0.35496544982686384
3.9265917954833807E-4	0.643149819233495	0.35645752158695676
0.0015431656594044885	0.6450530551245539	0.35340377921604177
1.1016788439360825E-4	0.6281691363984582	0.37172069571714833
7.016122628810129E-4	0.6266792388477607	0.37261914888935843
0.0012307945819448052	0.6236996352141149	0.3750695702039404
9.8975080274466E-4	0.618695354366913	0.3803148948303424
0.0012889316334874223	0.6078235621148194	0.3908875062516934
0.0020651848652177285	0.6144995403357206	0.3834352747990618
0.001367217552662392	0.6014950548221125	0.3971377276252252
0.0019949842655673233	0.5847743266652485	0.4132306890691842
0.001172337626767772	0.5908711732228411	0.4079564891503913
9.057474086971995E-4	0.5704850922807612	0.42860916031054186
0.00109075787491425	0.576513495515719	0.42239574660936685
0.001655227263494874	0.5706698811211159	0.4276748916153893
0.0016486792509104453	0.5586167522373817	0.4397345685117079
0.0018006175843500172	0.5655010651121484	0.43269831730350183
9.414147412828422E-5	0.5665689031121907	0.4333369554136812
2.937043394048988E-4	0.48596654152950836	0.5137397541310869
0.0012236312484756873	0.5322191436406477	0.4665572251108768
0.001011581224466429	0.5190104730489298	0.4799779457266038
0.0010237083965711768	0.5013218440162693	0.4976544475871596
0.0017689629993302147	0.5005260075722953	0.4977050294283747
6.120517971333062E-4	0.5039781718825411	0.4954097763203256
7.92257284547293E-4	0.512945552000711	0.4862621907147418
8.140869435790399E-4	0.4980152169289179	0.5011706961275032
8.049871631450323E-4	0.49566222192212445	0.5035327909147307
0.001149552353193084	0.5206715872400709	0.4781788604067361
1.632539539458966E-4	0.5231659118334181	0.4766708342126362
7.935372825891296E-4	0.5253776522826001	0.47382881043481095
4.222289818078817E-4	0.5200425676622995	0.47953520335589284
3.4357298005810444E-4	0.5144072962103641	0.48524913080957793
2.542367250579769E-4	0.510847959022885	0.4888978042520571
0.0017374836470891997	0.5079110827631186	0.4903514335897924
9.969059619180376E-4	0.505041448804751	0.4939616452333312
0.002021978519502643	0.494898622347466	0.5030793991330315
5.806814058302301E-4	0.4917161724070567	0.5077031461871132
0.0013462687271446616	0.5363435664845086	0.4623101647883468
1.4808697219281797E-4	0.534369709717082	0.46548220331072543
9.826077970898073E-4	0.5354933755184204	0.46352401668448995
9.264250626122017E-4	0.53259764394691	0.46647593099047785
0.0016467327034421775	0.5380081852101635	0.4603450820863944
5.670303589777603E-5	0.5310252549171485	0.4689180420469539
0.001237930771361473	0.5230186639853094	0.47574340524332925
2.754942310146946E-4	0.5118373408041782	0.48788716496480716
2.8372543035010134E-4	0.5148697575554296	0.4848465170142204
0.001862798617500716	0.49557683753508947	0.5025603638474099
0.001312614954443514	0.4789681169779372	0.5197192680676195
8.289041153371479E-4	0.47039612957564586	0.5287749663090171
0.0016458751777145286	0.4647762832212121	0.5335778416010735
0.001996038855910598	0.4645283113664135	0.533475649777676
9.963170362249918E-4	0.47287982295935194	0.5261238600044232
0.0019219732803902323	0.46826152489376593	0.529816501825844
0.0010817139579921697	0.4692725251089652	0.5296457609330427
0.0013209244945510679	0.4559758257332071	0.5427032497722419
0.002124277984339229	0.4793286334946805	0.5185470885209803
8.946895639727614E-4	0.4765479110137293	0.5225573994222981
6.377652682538204E-4	0.469159950926073	0.5302022838056734
0.001030856483362319	0.4676253442345137	0.5313437992821242
6.349514325551531E-4	0.47559149786455024	0.5237735507028948
4.952783574125874E-4	0.4753388311174166	0.5241658905251709
0.001370203338399878	0.48784783143455485	0.5107819652270453
6.439073169670628E-4	0.4899113230875207	0.5094447695955123
0.0015730709163233603	0.4958349802703299	0.5025919488133468
4.5150310883657063E-4	0.4944217731976649	0.5051267236934986
0.0011266457625205284	0.496843730493657	0.5020296237438227
6.92989781621911E-4	0.508200273015219	0.49110673720315934
0.0020519015258271267	0.5068518888111371	0.4910962096630359
0.001428533985551983	0.486027564219241	0.5125439017952071
3.6434902065374253E-4	0.49196355274483644	0.50767209823451
0.002145867438992921	0.4904286363161652	0.507425496244842
4.933782324192393E-4	0.4933271414288135	0.5061794803387674
0.0018985358497544125	0.4974424909224542	0.5006589732277915
0.0010702803808905204	0.4997763456647333	0.4991533739543764
3.492237576793178E-4	0.5020169164223772	0.49763385981994357
0.001065464642287628	0.49076565842798137	0.5081688769297311
0.001788135267748625	0.4886199476705445	0.509591917061707
9.039933723402616E-4	0.49331925380276953	0.5057767528248903
0.00204680744850827	0.49794146231599734	0.5000117302354945
0.0020794847784912363	0.4947822676980096	0.5031382475234993
5.64344722486787E-4	0.43336033099197585	0.5660753242855375
0.0021253466997487314	0.4315190657068191	0.5663555875934323
2.906158687627225E-4	0.43494703855075584	0.5647623455804816
0.0019818044565160786	0.5085719698426792	0.48944622570080487
0.0015691537368520692	0.5151084111791548	0.48332243508399325
0.0011544959377823294	0.5112985686895677	0.48754693537265015
0.0017662970956210389	0.5088412037760323	0.48939249912834676
0.0014647949993114029	0.4904416628311885	0.5080935421695002
3.505744822853707E-4	0.494689279336464	0.5049601461812507
0.001629194133416001	0.4880049496526727	0.5103658562139114
0.0015196600391207404	0.49160575667971573	0.5068745832811636
9.84485607100627E-5	0.44856424869405254	0.5513373027452375
1.3324033025152726E-4	0.44389458648245195	0.5559721731872966
0.0014149890820547295	0.44066741601937726	0.5579175948985682
3.878880565947318E-4	0.4403076463919644	0.559304465551441
2.429965379594501E-4	0.461704563122882	0.5380524403391587
8.763685830027734E-4	0.44515595077095516	0.5539676806460422
0.0017630657296775487	0.4444571849218133	0.5537797493485093
0.0020470603040178004	0.4440331338911454	0.5539198058048369
0.001355099059227316	0.4467202570458835	0.5519246438948893
3.373639774767456E-5	0.43673074902825915	0.5632355145739933
0.0012710565644341587	0.4401971671202517	0.5585317763153143
0.001331809134206552	0.4259305245322568	0.5727376663335367
0.0011565988637030067	0.4233034137072458	0.5755399874290513
0.0019036102291918322	0.42030984496594437	0.5777865448048638
5.48928907307733E-4	0.4206823357893545	0.5787687353033379
0.0017928084930304289	0.3602070427720847	0.638000148734885
0.0019420053697850603	0.36016499373385485	0.6378930008963601
0.0021197375111272065	0.3697967608494742	0.6280835016393986
0.0018109785542894663	0.36792189538065434	0.6302671260650563
6.68436067626621E-4	0.32951426625802455	0.6698172976743489
0.0013552983001031138	0.2953798718671561	0.703264829832741
3.7772390077217555E-4	0.4115482994569467	0.5880739766422812
3.842281410351145E-4	0.3988379789040345	0.6007777929549305
2.57732919775544E-4	0.3995029962594107	0.6002392708208139
2.2681478192909665E-4	0.3959285614896675	0.6038446237284035
0.002075600609643957	0.3986288583518868	0.5992955410384695
4.424621306298726E-4	0.4032251704666978	0.5963323674026724
2.247197254404698E-4	0.4019540243178997	0.5978212559566599
0.001053999145054163	0.395707257465491	0.6032387433894549
0.00170260177029663	0.38432435345694427	0.6139730447727592
7.385510555235619E-5	0.4581683896422999	0.541757755252148
0.0015492084709831655	0.46193448101676704	0.5365163105122499
0.0019401926103984057	0.4588789536275202	0.5391808537620815
0.001439071897688604	0.45374279961211716	0.5448181284901943
6.363585002695515E-4	0.44097145738903726	0.5583921841106934
0.0013671409139575097	0.441621086910119	0.5570117721759236
1.2121960040445412E-4	0.44235873573191986	0.5575200446676758
8.008879717680273E-5	0.4840965501770574	0.515823361025766
0.0013921384852831897	0.4535407657881011	0.5450670957266158
6.746872933446335E-4	0.4555167552903502	0.5438085574163054
0.0010730487878237716	0.4596211565300531	0.5393057946821234
0.001453246223776461	0.36639615330778785	0.6321506004684359
0.001574864096354378	0.352581621880931	0.6458435140227148
0.0010814095822324066	0.3507855841475011	0.6481330062702666
0.001987907216442264	0.33254672359252546	0.6654653691910324
6.945328653408245E-4	0.3457625706597048	0.6535428964749544
0.0014008649466315526	0.3527016611386509	0.6458974739147176
1.4960317928913724E-4	0.35088959240593365	0.6489608044147774
0.0018446826087035184	0.35907447120088737	0.6390808461904093
0.0021060806932184373	0.3628321802817516	0.6350617390250302
3.909901508926117E-4	0.36532094500595036	0.6342880648431571
0.002126248050851709	0.3567685039469291	0.6411052480022194
4.008499923957576E-4	0.36776746106111874	0.6318316889464857
0.0014607530234550525	0.36299410746463234	0.6355451395119127
0.001693195224319155	0.3645903691274869	0.6337164356481941
9.178356160923218E-4	0.41186775314834084	0.587214411235567
0.0020537716288407393	0.4564323834329783	0.5415138449381811
0.0015262524036827596	0.4123714244704161	0.5861023231259013
1.2028105200179162E-4	0.4076322865111165	0.5922474324368818
9.90781556505782E-5	0.40619136526965655	0.593709556574693
1.296170820101472E-4	0.4033607721153323	0.5965096108026577
4.4509638668610574E-4	0.3939740120089827	0.6055808916043314
0.0021089567088031225	0.3935400375117496	0.6043510057794474
0.0017969108829090086	0.4048828555957662	0.5933202335213248
0.0014146360106659372	0.40485077151811266	0.5937345924712215
0.0015921164577790137	0.4626180818995851	0.5357898016426361
0.0010200786309955134	0.4570944402152544	0.5418854811537501
8.786018237851856E-4	0.4580625307871363	0.5410588673890786
0.0016331058981309265	0.4414242980590889	0.5569425960427803
9.145583933362067E-5	0.4463625374616973	0.5535460066989693
0.0020744888965157915	0.4373684669346025	0.5605570441688819
8.372798621336108E-4	0.47112524810263245	0.528037472035234
0.00117107427032892	0.47086221368315956	0.5279667120465117
0.0019309087079266152	0.46832353268252214	0.5297455586095514
0.0010923352061151803	0.4689652937778801	0.5299423710160049
6.045053416743329E-4	0.4714180824592218	0.5279774121991041
0.0013115906821279388	0.4657793787927911	0.5329090305250811
0.001579900977909332	0.4498694712651794	0.5485506277569114
6.08999748795358E-4	0.45533350587477195	0.5440574943764328
2.9997605361764546E-4	0.3498026571950526	0.6498973667513298
5.020658130438505E-4	0.3473573412258116	0.6521405929611448
6.621681576557403E-4	0.3516548097137796	0.6476830221285648
0.0013752960396364866	0.3413639601887616	0.657260743771602
0.0016901445032148632	0.3385018462042115	0.6598080092925738
0.0017196181582262438	0.3459908822186453	0.6522894996231285
8.983994517469118E-4	0.3411281510796149	0.6579734494686382
8.418661173925646E-5	0.3407915984077107	0.6591242149805502
3.139521764952691E-4	0.33756966438505226	0.6621163834384526
0.0011405779919659298	0.3204848501727425	0.6783745718352918
6.116012041323948E-5	0.3253748420326923	0.6745639978468945
0.001480683188392895	0.32193374706916195	0.6765855697424452
9.8284878739624E-4	0.3407903212464102	0.6582268299661937
9.75104705655927E-4	0.33945978835775104	0.6595651069365931
9.229532893992864E-4	0.3408498638726468	0.658227182837954
3.436366523266732E-4	0.3378007997225239	0.6618555636251495
0.0020546890298358544	0.34410849598047977	0.6538368149896845
0.0011713006014757443	0.3415854657000044	0.6572432336985199
0.0017625240695137712	0.32416731082308237	0.6740701651074039
0.00117215841044499	0.31349521584460766	0.6853326257449475
8.800615098723541E-4	0.3112817115923451	0.6878382268977827
0.0018403637228114333	0.313844657656681	0.6843149786205076
6.019944746603612E-4	0.3073701593663186	0.6920278461590211
0.0018564681688097995	0.6327512519781078	0.36539227985308265
0.001090703040776242	0.6322581487795704	0.3666511481796535
0.0019180672952967548	0.6306238597347952	0.3674580729699081
0.001722836384640103	0.6248169291846822	0.3734602344306778
0.00213851177399349	0.6228334207981651	0.37502806742784156
0.0012657648278845968	0.6230036195933069	0.37573061557880866
0.002086265110400276	0.230455723323226	0.7674580115663738
0.001312964703338526	0.24235967347290494	0.7563273618237567
4.8334606557121074E-4	0.24603537809173912	0.7534812758426899
0.001607805491502745	0.25241801426134075	0.7459741802471566
0.0013322053667410572	0.25659563217031744	0.7420721624629416
7.564822421921025E-4	0.2835563384056041	0.7156871793522039
0.0016538948692442768	0.27906181734562885	0.7192842877851271
0.001753058670617147	0.2775327801292726	0.7207141612001103
3.522264185137902E-4	0.280885655374506	0.7187621182069803
0.0016328913726103567	0.2834970691947937	0.7148700394325961
5.259542518460392E-4	0.2820508362722762	0.7174232094758779
0.0012477593643736018	0.28500942681115826	0.7137428138244684
6.216346071836187E-4	0.28393310588480924	0.7154452595080072
0.002039761331341705	0.289757810040313	0.7082024286283455
6.060484235346775E-4	0.28462380887692706	0.7147701426995383
5.319472049598595E-4	0.2872889177443421	0.7121791350506981
5.361387272881935E-4	0.28815542847301134	0.7113084327997006
0.001993166767518151	0.29260817593500466	0.7053986572974773
3.064998327688695E-4	0.2875466188240505	0.7121468813431807
0.0017887590345555537	0.2866020794661062	0.7116091614993384
0.0018489723299023875	0.2883683587587295	0.7097826689113682
8.784238084411089E-4	0.27447202486286576	0.7246495513286932
0.0015560002833460707	0.2780070688233279	0.720436930893326
9.657640675779788E-4	0.2750496829242703	0.7239845530081518
1.3734786318997383E-4	0.2737477383031057	0.7261149138337044
7.645564779267255E-4	0.28784575461096745	0.711389688911106
8.42457161055965E-4	0.28354203023207936	0.7156155126068648
6.988536089320152E-4	0.29445696189142023	0.7048441844996479
0.0019066296327341359	0.28925845952242246	0.7088349108448435
9.670483451377776E-4	0.2885736243385853	0.710459327316277
0.001276506205507566	0.28349116806964336	0.7152323257248492
0.0016921815557540687	0.27180214450232426	0.7265056739419218
0.001267871098442841	0.2771909801561615	0.7215411487453958
1.3908190189798608E-4	0.28043809491364535	0.7194228231844568
8.794245576204118E-4	0.3074882288666603	0.6916323465757195
0.0017904669546776053	0.2782008490282428	0.7200086840170796
5.092494499131517E-4	0.27798984461947773	0.7215009059306092
8.721861085577154E-4	0.28370730203173883	0.7154205118597037
0.0018588037387947676	0.30223649113578477	0.6959047051254206
7.28763841804092E-5	0.300288436362222	0.6996386872535977
0.00174795953550555	0.30399833469284143	0.6942537057716531
4.1523558060579946E-4	0.30672657085380334	0.692858193565591
5.40921337186695E-4	0.3082041218946706	0.6912549567681429
0.0020980552622343884	0.31391541349870977	0.683986531239056
9.780259938668712E-5	0.28155904872317106	0.7183431486774424
7.793151895412187E-4	0.2804661850557211	0.7187544997547378
0.0018122304361428698	0.2832475538586846	0.7149402157051727
0.001534744571224822	0.27114144143037305	0.7273238139984022
2.0249271396477475E-4	0.2689112288398931	0.7308862784461423
0.0017228139998407555	0.2708158195699588	0.7274613664302007
0.002009667645614499	0.26974627226701875	0.7282440600873669
0.0019277422806644462	0.2655021010997394	0.7325701566195963
0.002019936220207297	0.2643132065505621	0.7336668572292306
0.001207589058064118	0.2671746752443127	0.7316177356976232
0.0014654005337857434	0.2657417312962892	0.7327928681699252
0.001525818166581483	0.272638979993801	0.7258352018396177
3.33692660113738E-4	0.2695292568217916	0.7301370505180949
5.2287082810476E-4	0.26375489728108226	0.7357222318908132
2.0857454316847157E-4	0.25290946462069375	0.7468819608361379
4.093498633123138E-4	0.25188852606627976	0.747702124070408
3.74452608302156E-4	0.24996502149018174	0.7496605259015162
0.001738278887520095	0.25020147857385455	0.7480602425386256
0.0018162928240249565	0.24833478646371931	0.7498489207122558
0.0019178753582315688	0.2506250727319592	0.7474570519098094
6.439947597075557E-4	0.2505594062008164	0.7487965990394762
1.8732297360124495E-4	0.24946566623266014	0.7503470107937387
1.0883769565001034E-4	0.24586925579532276	0.7540219065090273
7.716074601971101E-5	0.2354964808406469	0.7644263584133335
3.8924665029377303E-4	0.20342224729537964	0.7961885060543267
0.0020210065553855072	0.20216489806733648	0.7958140953772781
3.8701897353476955E-4	0.19833768920331554	0.8012752918231498
9.063768849368325E-4	0.1911403511953629	0.8079532719197003
0.0016296933998837804	0.18670111599254136	0.811669190607575
0.0011992217967620733	0.17396797771559097	0.8248328004876471
0.002144306091120207	0.17164112184757568	0.8262145720613043
2.5986408902550773E-4	0.1803227572364592	0.8194173786745154
3.740774343225506E-4	0.17651918382836274	0.8231067387373149
6.489684279044061E-4	0.17146130472590332	0.8278897268461924
9.935426192340113E-4	0.17505948672721125	0.8239469706535549
0.0020742867935206744	0.16312710002369696	0.8347986131827825
6.772502169673511E-4	0.15915752569257213	0.8401652240904606
0.0013447263710534285	0.15860780871383545	0.8400474649151112
0.001785999261940563	0.3066495862680364	0.6915644144700231
8.237445563627488E-4	0.31394328391086207	0.6852329715327754
0.0020735827670333995	0.3103061397849275	0.6876202774480391
9.528132785580068E-4	0.31224408882268884	0.6868030978987533
6.330023735957591E-4	0.3120605892279752	0.687306408398429
5.284137645306664E-4	0.3143205528210615	0.685151033414408
3.4156109544392077E-4	0.3102586580016309	0.6893997809029253
3.059673990353784E-4	0.30926322498172637	0.6904308076192385
3.837001909177129E-4	0.3088339248604684	0.6907823749486139
0.00107741063063016	0.3192645187207259	0.6796580706486441
1.1864235190339745E-4	0.3080738321190512	0.6918075255290455
0.001343821016604796	0.3029870068941328	0.6956691720892625
0.0014100070676657528	0.30614703725757214	0.6924429556747622
0.001320922087821641	0.30577190886180383	0.6929071690503746
8.809060233381238E-4	0.3113221041136846	0.6877969898629774
0.0016906175430915216	0.35880982611729356	0.6394995563396151
1.303169213052735E-4	0.35750326886620426	0.6423664142124905
0.00176953381575784	0.35955426491721176	0.6386762012670305
3.5104497184013095E-4	0.35737476339335456	0.6422741916348054
0.0020649835178622733	0.35649175738044603	0.6414432591016919
0.0011456851859746875	0.37893140543367126	0.6199229093803542
7.556182519136145E-5	0.378191867322971	0.6217325708518378
1.5891640669268847E-4	0.3867638994259516	0.6130771841673559
0.001992993092509554	0.3822567829516022	0.6157502239558884
0.0011446706801399031	0.3799131191804107	0.6189422101394495
0.001843166214811176	0.38786622551280553	0.6102906082723835
0.002056277613200097	0.391104291296695	0.6068394310901051
5.726978206932465E-5	0.3824710115407019	0.6174717186772289
4.715971870859481E-4	0.38135410282297266	0.6181742999899416
0.0017946522840341927	0.371533659663988	0.6266716880519779
9.375774371428447E-4	0.3701977511017364	0.6288646714611208
6.331034511808387E-5	0.37510654825313755	0.6248301414017445
0.001705650824595284	0.3822419453267489	0.6160524038486559
5.450638648237804E-4	0.37506320135614324	0.6243917347790331
2.6694423875994744E-4	0.35790152673314324	0.6418315290280969
0.0018715766810601386	0.3664094121363504	0.6317190111825897
2.0004758821356994E-4	0.3729391985113083	0.6268607539004782
7.12689888550666E-5	0.371983450863772	0.627945280147373
7.426911703623529E-4	0.37206728315769194	0.6271900256719458
0.0017678198605346473	0.39249931454085357	0.6057328655986118
0.0018644251213377205	0.3881131727052204	0.6100224021734421
6.417980847589488E-4	0.3594721564043585	0.6398860455108826
0.0015675580868638739	0.3385513223546008	0.6598811195585355
5.461988170377685E-4	0.3356081867578281	0.6638456144251342
8.577293370291006E-4	0.3307363003922295	0.6684059702707414
5.665224384870937E-4	0.35468260227015214	0.6447508752913609
0.001364891465031548	0.3527907971368789	0.6458443113980896
0.0016521951216847408	0.35323011579214797	0.6451176890861674
0.002029111903737668	0.3561441838377587	0.6418267042585037
4.905374661665074E-4	0.32823673305832946	0.6712727294755041
8.237467279361699E-4	0.3276002256818187	0.6715760275902453
0.0015664794454878783	0.3630513589569111	0.6353821615976012
5.240349544527456E-4	0.36854733247598137	0.630928632569566
0.0016342517087002406	0.36671709000384944	0.6316486582874504
7.060780203236305E-4	0.3635403211377728	0.6357536008419037
0.0013088362086949856	0.32669574872953766	0.6719954150617675
5.700630442798671E-4	0.3302298803501018	0.6692000566056184
0.0015568628482744429	0.3403517374887428	0.6580913996629828
0.0018854464281188865	0.3420171482177677	0.6560974053541135
0.0014812411802586078	0.3436989659679398	0.6548197928518018
9.782992737737417E-4	0.33915824353681345	0.659863457189413
0.0013636057974445448	0.33168297802391866	0.666953416178637
4.5421970305259407E-4	0.3399043842634292	0.6596413960335183
6.401367699160332E-4	0.3400251417334763	0.6593347214966077
0.0016321495107113893	0.337363055275291	0.6610047952139978
3.0709557756070094E-4	0.37724652683546805	0.6224463775869713
0.00104814922257368	0.5876650012053725	0.41128684957205397
2.1734485664531844E-4	0.582693781655715	0.4170888734876399
0.0012367014115026165	0.585502145491156	0.41326115309734146
3.7699565524834666E-4	0.5774335850765115	0.4221894192682403
0.002044227281511657	0.5774658043852267	0.42048996833326174
8.764796669536445E-4	0.5813931829884722	0.4177303373445742
4.12556384132734E-4	0.5867627667420459	0.4128246768738215
7.228626489700352E-4	0.5671761205662769	0.4321010167847532
0.0018777261182321703	0.5763595657638613	0.42176270811790667
0.002064558840121966	0.5727863360930213	0.42514910506685694
6.841721003800205E-4	0.6139009312393251	0.385414896660295
0.0017290807025122645	0.6123746840850136	0.3858962352124743
2.825337114339965E-4	0.6188436455030875	0.3808738207854787
0.0016366055482076036	0.6100545570038156	0.38830883744797684
1.769735699529984E-4	0.6093354164962479	0.3904876099337993
0.0015430077413113863	0.6124026655354545	0.3860543267232342
0.0017904891390107536	0.6189940248888701	0.37921548597211924
0.001301510039432019	0.628987089599456	0.36971140036111205
0.0018816037970101895	0.6431225424077622	0.3549958537952277
0.0013494986085073046	0.6404431412971556	0.3582073600943372
0.001872249660352654	0.6460163276957757	0.3521114226438718
1.8248377328633492E-4	0.6463772662456375	0.3534402499810762
9.159155013837017E-4	0.6467391904359255	0.3523448940626909
0.0015906327052096492	0.6448840370869378	0.3535253302078528
6.347616449403626E-4	0.6340471364606278	0.3653181018944319
0.0015943596082603206	0.6351206845110848	0.363284955880655
0.0017907576049424057	0.6331962073502889	0.36501303504476873
0.0014674517688162414	0.6342834453656772	0.36424910286550666
1.1193318639113325E-4	0.6372421290996167	0.36264593771399223
3.929321738969094E-4	0.6356751644444363	0.3639319033816669
6.569072325003367E-4	0.6326802679137398	0.36666282485375995
7.319913372326736E-4	0.6375209633157395	0.36174704534702795
0.0013274345269468357	0.6369413156345662	0.36173124983848715
0.00121690469054192	0.6362047717934547	0.3625783235160036
0.001405236527716458	0.6174319505714307	0.38116281290085285
0.0020981549393047083	0.6136524592956702	0.3842493857650252
0.0015959637500269075	0.6125670341713756	0.3858370020785975
6.198087309672307E-5	0.6165760622272549	0.3833619568996486
0.0010439457921608275	0.6205123885910615	0.3784436656167777
0.001909099507402423	0.6195150571220547	0.37857584337054295
1.858751896136046E-4	0.6375234863603016	0.36229063845008497
0.0017693168044958796	0.6428550255981755	0.35537565759732875
0.001940460060252669	0.631534734820721	0.3665248051190265
5.343175865535343E-4	0.610594302026715	0.3888713803867315
1.9504101197875823E-4	0.6101023438291652	0.3897026151588562
2.521983740755851E-4	0.6098511189530234	0.3898966826729011
0.00178027515245599	0.6155795685733036	0.38264015627424053
0.001079027064233351	0.6238718951427183	0.3750490777930485
0.0014316402909313464	0.6371614615043657	0.36140689820470306
3.8932488838772095E-4	0.6338258526966465	0.3657848224149659
0.0016718784889261373	0.6328368291593036	0.36549129235177036
6.163122877348437E-4	0.6305329530759836	0.3688507346362817
0.0018603044850441508	0.629917923625926	0.3682217718890299
6.786113894198254E-4	0.6328900101147578	0.3664313784958225
0.001996334963837665	0.6235977571706052	0.3744059078655573
0.0013134200587202605	0.5675899101126092	0.4310966698286707
0.0020562079290534774	0.5642574239265635	0.4336863681443831
0.0014285164293768027	0.5671037871004141	0.43146769647020916
6.43974134821812E-4	0.5917696593171685	0.40758636654800984
6.655443237871261E-4	0.5896011445584772	0.40973331111773575
0.0018630590037569394	0.5815230598895744	0.41661388110666886
3.324293600541761E-4	0.5795589392020857	0.42010863143786015
0.0020013053139157355	0.4863298924515428	0.5116688022345416
0.001966612791505229	0.4904555880974318	0.5075777991110632
1.1348426796403688E-4	0.5006498761031224	0.4992366396289137
7.098238502761811E-4	0.4931220349994102	0.5061681411503137
5.191597550117111E-4	0.49560647482836384	0.5038743654166246
6.824553603307915E-4	0.4976054100774607	0.5017121345622086
4.7432199536434627E-4	0.4994337154701404	0.5000919625344953
6.391557784868329E-5	0.49322275607829535	0.5067133283438561
9.339430034724927E-4	0.4904362066006881	0.5086298503958395
1.4766866047910554E-4	0.4990613820354516	0.5007909493040694
0.0019698916053041415	0.7555196927728498	0.24251041562184608
9.067347500805734E-4	0.7564982304653256	0.24259503478459393
5.62419570904249E-4	0.7309873089099088	0.26845027151918704
0.0011124543350999883	0.7307788292783495	0.2681087163865507
6.313542052263643E-4	0.7172735285169152	0.2820951172778585
5.599503447109577E-4	0.7186891998284684	0.28075084982682075
5.896552407098632E-4	0.7205756727883041	0.27883467197098605
0.0017152028601638558	0.7198896263441087	0.27839517079572756
0.0017140385378609513	0.6255246679890825	0.37276129347305675
5.829565384409263E-4	0.6188046906010015	0.38061235286055767
3.365099507540714E-4	0.6341268186328916	0.3655366714163545
0.0018469144115907388	0.631604677196884	0.36654840839152547
0.001606386210031896	0.6325947792826481	0.36579883450732026
0.0016893741199839885	0.645912634936765	0.3523979909432512
0.0014329530120096856	0.6142479063756385	0.38431914061235195
0.0011941350558978825	0.6128651300705766	0.3859407348735256
1.9418292168887907E-4	0.6155647715073902	0.38424104557092104
0.001509176804695589	0.5913587554535902	0.4071320677417144
0.0015244063812064335	0.5943291559664898	0.40414643765230396
0.0019601483522793672	0.5892629316953679	0.40877691995235277
0.0014760702232636813	0.5908379908111474	0.4076859389655889
0.001642581464874615	0.6140388947052524	0.3843185238298732
0.0013921490969465156	0.6560778364257809	0.34253001447727277
0.0011901898996093396	0.655217301912753	0.34359250818763776
2.898859996312009E-4	0.6486162239736297	0.35109389002673924
0.0018800198923156208	0.657872961794151	0.34024701831353354
5.883870233791555E-4	0.6551714914572353	0.34424012151938577
1.0862945275919023E-4	0.6470629950718745	0.3528283754753665
0.0019336546019259049	0.6422399058013842	0.35582643959668997
0.001139206743701604	0.6397190220981841	0.3591417711581144
6.075088932974149E-4	0.6409401628066616	0.3584523283000411
8.998837278391125E-4	0.6502942940165953	0.34880582225556567
6.452377210910409E-4	0.647583028270234	0.3517717340086752
5.293338847155438E-4	0.6748058098577197	0.3246648562575648
0.0012536727714702045	0.6725868116806482	0.3261595155478817
0.0011057027307871392	0.6691567837959282	0.32973751347328484
0.0021369271989012395	0.6794375533622636	0.31842551943883524
5.941898863954242E-4	0.6806753533701677	0.318730456743437
9.190009733843763E-4	0.6726146966027531	0.32646630242386265
0.0014805864530257895	0.6754391248769023	0.32308028867007216
8.20343136252677E-4	0.6553092345543579	0.3438704223093896
0.0016545600282028006	0.6209256600852355	0.3774197798865617
0.0012516126535242478	0.5738604671117586	0.4248879202347172
0.0013521685194176625	0.5690851131976811	0.4295627182829014
5.622207471482898E-4	0.5748136068015314	0.42462417245132045
0.001553834410464583	0.576005747672111	0.4224404179174246
0.0016732277165427134	0.5776041114107616	0.4207226608726958
0.001396392782717304	0.5549471388536585	0.4436564683636243
1.2200262674000317E-4	0.5541877840006126	0.4456902133726475
0.001246913696230978	0.5523831161493075	0.44636997015446167
0.001955555653621377	0.5503572130029484	0.4476872313434303
8.730624635567286E-4	0.5506912420563992	0.44843569548004425
8.663545049096832E-4	0.5435853802071398	0.4555482652879507
0.0020323666694932463	0.5279654309045962	0.4700022024259106
0.001532396363000621	0.5296840093356636	0.46878359430133587
7.728313727327629E-4	0.522226900384282	0.4770002682429853
4.6113360165106476E-4	0.5235378932433803	0.4760009731549688
0.001422967227748595	0.4950460156915257	0.5035310170807259
7.383474034748927E-4	0.5124536474566539	0.4868080051398713
0.0011705556187162625	0.5104530579919633	0.4883763863893206
8.520872524875323E-5	0.5194727965291526	0.48044199474559873
0.0010652430552845482	0.5207972609179045	0.47813749602681116
1.3802149234143357E-4	0.5219972463167548	0.47786473219090386
0.0013177514539225443	0.5446927316728545	0.45398951687322303
