0.15723714242601894	0.48572655223004607	0.3570363053439351
0.2814349241726466	0.39543556011662306	0.3231295157107305
0.6506574447844293	0.25111357376585264	0.09822898144971814
0.0700743277773479	0.5990789361408354	0.3308467360818168
0.1359718214239554	0.3685908712726186	0.49543730730342617
0.1493355269760185	0.5890465978469931	0.26161787517698853
0.4269519035141424	0.13008539260082966	0.442962703885028
0.3716950981602569	0.3753778164700677	0.2529270853696755
0.6223072681846998	0.264710207679673	0.11298252413562723
0.4918143941412993	0.3273215813716074	0.1808640244870934
0.2234622886188174	0.1924412146375215	0.5840964967436613
0.25274240616979604	0.47502765919787926	0.27222993463232487
0.04952520062651555	0.6433051092302278	0.30716969014325674
0.12082639712585869	0.4693406669837542	0.4098329358903872
0.4580239558895203	0.053807912355339105	0.48816813175514073
0.15247989247448704	0.5718066068689766	0.27571350065653655
0.22431030611991712	0.31944373614252536	0.4562459577375576
0.67665753422913	0.11806370979579536	0.20527875597507472
0.14881155360607673	0.33625075093321527	0.5149376954607081
0.3278386139521716	0.4282304295102121	0.24393095653761643
0.042505139037719686	0.8316337010220741	0.12586115994020627
0.07903946073522322	0.646359262929405	0.2746012763353719
0.215791239473207	0.5263002361382224	0.2579085243885707
0.7008648171595018	0.1807609715573455	0.11837421128315279
0.23180689990077946	0.6158188376684214	0.15237426243079932
0.2360279728289011	0.39071331893918304	0.373258708231916
0.1924504455955267	0.3140887425200573	0.49346081188441615
0.10223692476020926	0.7524738163025855	0.1452892589372053
0.39215550504779045	0.47943651878485904	0.12840797616735064
0.43480139925448735	0.14848829269279304	0.4167103080527197
0.3809465856625343	0.3941326766227344	0.22492073771473145
0.41191824533744964	0.22343529791181752	0.364646456750733
0.34932412587696327	0.5612185978449763	0.08945727627806055
0.4520378497051243	0.41904134750283334	0.1289208027920425
0.10300858937966867	0.374328687430063	0.5226627231902685
0.6223358297752147	0.12470224532818794	0.2529619248965974
0.08157926447248398	0.5248447742502664	0.3935759612772497
0.0929649583228277	0.33359022632838264	0.5734448153487898
0.3499284623485357	0.4562836506183535	0.19378788703311087
0.2739459252673526	0.4585448203539718	0.2675092543786758
0.21719041183821958	0.559773565361599	0.22303602280018162
0.4876087679125596	0.3491089871143546	0.1632822449730859
0.27329973688702824	0.14999131823404457	0.5767089448789273
0.2940736391121348	0.3744702175910542	0.3314561432968111
0.4517398206752957	0.21432243034873644	0.33393774897596795
0.14307548261021868	0.7624163697466091	0.09450814764317234
0.6228818624396535	0.2631343901265485	0.11398374743379819
0.12199906878178934	0.41792657364378405	0.4600743575744267
0.34778602792859326	0.24264764712679343	0.4095663249446134
0.18465778828568544	0.229497702319627	0.5858445093946878
0.46627643395749213	0.1918900855651577	0.3418334804773503
0.029565147876404463	0.421011042471118	0.5494238096524777
0.19390423388536804	0.3116294900319064	0.49446627608272575
0.1219219171303981	0.6888708902448812	0.1892071926247207
0.6074504331470301	0.05045986005949432	0.3420897067934757
0.24293956881859122	0.4139708270077645	0.34308960417364437
0.5684543818236043	0.15010092939327363	0.28144468878312223
0.3707983920299871	0.06566785723795232	0.5635337507320607
0.0650618773419841	0.5140731554336032	0.42086496722441286
0.5402191032715679	0.3423020050344953	0.117478891693937
0.7340820580226307	0.08352812215399502	0.18238981982337438
0.34837754732764953	0.22480828206455242	0.42681417060779814
0.23411203920568407	0.3627541012574142	0.40313385953690184
0.06906916775593941	0.36751934969799116	0.5634114825460695
0.09406275388112442	0.7944771862460042	0.11146005987287161
0.21746486586861152	0.43041708238596316	0.35211805174542543
0.15453149376630668	0.549924062256563	0.2955444439771305
0.10328461126634614	0.35826292047940833	0.5384524682542456
0.6058345077253413	0.08844311399924676	0.3057223782754121
0.33040509015430625	0.26120015767791693	0.4083947521677769
0.3020032329383163	0.5948082555686933	0.10318851149299049
0.4223429988314097	0.05238512866163725	0.5252718725069532
0.4506294008259272	0.15102299876655884	0.39834760040751405
0.17951474222672356	0.44892169581250685	0.3715635619607697
0.5388073321553477	0.18704073791790107	0.27415192992675136
0.048953965618666995	0.5936416657572317	0.3574043686241015
0.3369471633926452	0.5357850579669009	0.12726777864045402
0.2996408538152084	0.5279506343325099	0.1724085118522818
0.4431539923521491	0.17747177995928168	0.3793742276885693
0.5108139183305193	0.195311689558289	0.2938743921111918
0.05016515528058979	0.5970740456032002	0.35276079911621017
0.10715773536821871	0.5953298754199501	0.29751238921183143
0.1890949546308348	0.5389915870350934	0.2719134583340719
0.4923874815260439	0.14344140158987426	0.36417111688408194
0.1720271477944765	0.4798434088992287	0.3481294433062949
0.6101221812504897	0.18974229394916736	0.20013552480034308
0.3362789942538958	0.2547333287969188	0.40898767694918553
0.1690838423375933	0.7309633217393725	0.09995283592303436
0.6896221961859397	0.20910926701664084	0.10126853679741954
0.7446505970332904	0.0863379982435934	0.1690114047231163
0.58321040107258	0.06523386252474811	0.3515557364026719
0.03397985167575057	0.4852089865215681	0.4808111618026815
0.12648120982195546	0.3660775925841975	0.5074411975938472
0.41267818828454467	0.08957263725642639	0.49774917445902905
0.05108358576383515	0.4976739041583761	0.4512425100777889
0.1514839130599146	0.6261827666671749	0.2223333202729107
0.4806559889796752	0.3089859371185413	0.21035807390178368
0.5401660608325571	0.09011494940698903	0.3697189897604539
0.1253587578830184	0.6936015635595887	0.1810396785573931
0.30036859456693094	0.15439168794226998	0.5452397174907991
0.03410557561851002	0.5927441175666812	0.3731503068148089
0.0552563075358381	0.4763306500019565	0.4684130424622055
0.7397594726516593	0.09883543742348777	0.161405089924853
0.4843526352620659	0.4217765537463948	0.09387081099153943
0.1969077665351882	0.5868079042893857	0.21628432917542625
0.34206877123951174	0.09079039258652433	0.567140836173964
0.376204202573203	0.38493113267345486	0.23886466475334228
0.07949395094091216	0.8332994310342361	0.0872066180248518
0.3227401462818532	0.2792484992926872	0.39801135442545976
0.41871386562664475	0.24862024694337406	0.3326658874299813
0.25519542429130526	0.1631593232263132	0.5816452524823816
0.6691039952262762	0.12658413636078963	0.20431186841293428
0.3477950043783613	0.5357627649496993	0.11644223067193948
0.07320293340746681	0.6282368854671644	0.2985601811253689
0.4523506293001591	0.41538851450225506	0.1322608561975859
0.3057119775420312	0.4773180951142262	0.21696992734374274
0.7345924662391445	0.0592785762854548	0.20612895747540066
0.11924554824858197	0.6413159098455301	0.23943854190588804
0.3438746961286775	0.4457977682179577	0.21032753565336493
0.5826507408907804	0.2655911611951656	0.15175809791405415
0.5362084441742783	0.2649462608171185	0.1988452950086034
0.3570945285072378	0.17771305777019947	0.4651924137225628
0.37570964512722227	0.1910349360612288	0.43325541881154905
0.4262070450681543	0.07563269013181434	0.4981602648000315
0.4684025353101258	0.40647812309933623	0.12511934159053806
0.15419132214648323	0.43039012096555007	0.4154185568879668
0.1785041769915885	0.6086978089566304	0.21279801405178125
0.3020439882319959	0.4005513301420241	0.2974046816259801
0.33781361692832623	0.2964361075236909	0.36575027554798295
0.04574417603487996	0.8080597093404815	0.1461961146246387
0.5167545728527838	0.13143453403408972	0.35181089311312663
0.28684414648002965	0.25300280075637316	0.4601530527635973
0.40454486315891414	0.11922695184875345	0.4762281849923325
0.3889314182083846	0.09735507275184341	0.5137135090397721
0.12510521481771752	0.44025185607717127	0.4346429291051113
0.05176090764169228	0.4072196000943879	0.54101949226392
0.5161550308737419	0.09400640317092906	0.3898385659553291
0.09552238722623005	0.4178613403290328	0.4866162724447372
0.09604971867534978	0.3763813123349368	0.5275689689897135
0.5842147217806235	0.22638134354857703	0.18940393467079958
0.05124913953924104	0.3681195205313402	0.5806313399294188
0.4796602253453851	0.248725234751415	0.27161453990319995
0.04347579011286906	0.5208867375251814	0.4356374723619496
0.09756230665428439	0.6102500201499803	0.29218767319573546
0.08220893734286427	0.7795756238434415	0.1382154388136944
0.1954830051347895	0.351776404347824	0.45274059051738663
0.3080137801894579	0.5425209225859202	0.14946529722462198
0.4174377540201779	0.135415544776547	0.4471467012032752
0.42596250643041855	0.3053210895239664	0.26871640404561514
0.318863941025141	0.3901049469224265	0.2910311120524326
0.04415405127680638	0.6267269673982074	0.32911898132498624
0.0910993651715721	0.4495933960285686	0.45930723879985935
0.5251446719141952	0.09361380740518996	0.3812415206806149
0.23875672848713664	0.5690384817656702	0.1922047897471933
0.6942091119061131	0.21472433923249254	0.09106654886139443
0.4531958880531199	0.39745168259206354	0.14935242935481666
0.282666917761763	0.24077030585438997	0.47656277638384714
0.049840106511962134	0.5151735102396634	0.4349863832483746
0.15744395656859358	0.5808397946688724	0.26171624876253413
0.05724278404664135	0.6283772782581076	0.31437993769525124
0.046600641261353604	0.8509252065633406	0.10247415217530592
0.575078076335012	0.21826650719778368	0.20665541646720445
0.6903101206511355	0.05113779901832105	0.25855208033054355
0.49497058792158	0.15210159021754133	0.35292782186087884
0.17103599632442	0.6531670233964005	0.17579698027917962
0.16759194745922087	0.6973837098893079	0.1350243426514713
0.20947743736232605	0.2952973313175651	0.495225231320109
0.05345270223804516	0.45724363245135086	0.4893036653106041
0.6015089118081653	0.21692526055668412	0.18156582763515058
0.4985956431103413	0.23668567607748794	0.26471868081217087
0.09537058568293494	0.42444799817660483	0.4801814161404604
0.4306154067264007	0.357986303884347	0.2113982893892524
0.5300704137426042	0.25455836154083367	0.21537122471656217
0.2653815255262534	0.4999771062100576	0.23464136826368917
0.4428074764454545	0.23336513261618083	0.3238273909383648
0.4572631320575822	0.22166101415441722	0.3210758537880007
0.2921721084805348	0.6134564520068323	0.09437143951263297
0.429932820496843	0.08449967536657768	0.48556750413657945
0.19376394932668117	0.430039652728407	0.37619639794491194
0.7434824290200341	0.16499802163494406	0.09151954934502196
0.3187215338434752	0.3985416580463452	0.28273680811017976
0.11315472402937865	0.49879874042489136	0.3880465355457301
0.2843102862305381	0.18392632227787548	0.5317633914915866
0.4245462456912497	0.1555193640174269	0.4199343902913235
0.32200854981872024	0.1885659637607839	0.489425486420496
0.20737696697477814	0.6841318960098492	0.10849113701537272
0.465912796240812	0.2755379955484081	0.25854920821078003
0.3742781028174789	0.09878292006517247	0.5269389771173487
0.6081363843853785	0.16352282601331736	0.22834078960130422
0.02985646341943593	0.6196907202884632	0.35045281629210095
0.17546373716387362	0.5472893289280828	0.2772469339080437
0.36199994729336915	0.17138802299285197	0.466612029713779
0.24006120655488233	0.2420816639294482	0.5178571295156695
0.44253288949473785	0.2579502135674921	0.29951689693777017
0.4672560859858604	0.3532293373063277	0.179514576707812
0.7915148586427635	0.06816502044536954	0.1403201209118671
0.40297734656625633	0.2674834009525767	0.32953925248116706
0.48001898188684283	0.2743042721364046	0.24567674597675268
0.2620644721547081	0.5291480744405962	0.20878745340469584
0.15772220023111092	0.545380350104695	0.29689744966419424
0.38388458700908135	0.35861497780345036	0.25750043518746835
0.11281063910325292	0.7803262841432419	0.10686307675350526
0.4020235633748786	0.1176243880246644	0.4803520486004571
0.5018571052255811	0.3333645036163503	0.16477839115806872
0.5900295176564054	0.30274637204340876	0.10722411030018586
0.10248323963615327	0.39829160956529785	0.499225150798549
0.408253342662946	0.18637476023766036	0.4053718970993937
0.08038882034236117	0.7675560460149925	0.1520551336426465
0.06450400779238818	0.36564105035331484	0.5698549418542971
0.30407302571082784	0.16168942722822616	0.5342375470609462
0.32645324645117124	0.12996870099092106	0.5435780525579078
0.5506862005063808	0.3384658616446155	0.11084793784900365
0.249331701094076	0.5478665441561568	0.2028017547497673
0.08313686637539475	0.48547966549126076	0.4313834681333446
0.5880252944386719	0.3128718018971126	0.09910290366421567
0.7774434686121641	0.11483571802819231	0.10772081335964367
0.5627347372885758	0.3418729340268479	0.09539232868457631
0.31428241624952025	0.2786469622599882	0.40707062149049167
0.4951645028432565	0.36738802310024793	0.1374474740564956
0.154629599913839	0.6439793264883534	0.20139107359780764
0.4641503841439539	0.4371929325010632	0.09865668335498304
0.6942692390839386	0.2134009034723019	0.09232985744375968
0.6421968975840493	0.05987921780974059	0.2979238846062101
0.39435516374884344	0.21455021467955065	0.391094621571606
0.5902210733002088	0.23455553213393981	0.17522339456585154
0.062037494504683655	0.8025548054293934	0.13540770006592306
0.2576503875759357	0.444550222753612	0.2977993896704524
0.2739207609411701	0.5539004372471533	0.17217880181167672
0.19240161389764096	0.43798145537473204	0.36961693072762714
0.7233829570770296	0.07859904015022262	0.1980180027727479
0.37564146633724305	0.33453936718333716	0.2898191664794199
0.2822146598753632	0.46808945432460447	0.24969588580003238
0.2498299326681277	0.4177344502535781	0.3324356170782944
0.08701802771813505	0.5256679326316145	0.3873140396502505
0.7648305019489811	0.10718821012698604	0.12798128792403296
0.1769345954011413	0.6770837140067394	0.14598169059211946
0.05718413927272842	0.3988893421208024	0.5439265186064693
0.7197124809056953	0.1382333634097947	0.14205415568451013
0.19609272635411007	0.3223043596499928	0.4816029139958973
0.3615934339771551	0.48209150776067555	0.1563150582621694
0.22073152682419084	0.2824193386609001	0.4968491345149092
0.46773187400253935	0.22619068905755346	0.3060774369399073
0.4769508012768455	0.4252080765620063	0.09784112216114832
0.6442165781747353	0.10762076267866766	0.24816265914659708
0.17983986661215112	0.5237778132892652	0.29638232009858384
0.3604247072147506	0.24756121960336563	0.39201407318188386
0.45797314898383756	0.4149654386740128	0.12706141234214977
0.05242202370389604	0.6905272540390857	0.2570507222570184
0.20646704434465168	0.30059068275517004	0.49294227290017845
0.3980582967895431	0.40944106133850766	0.1925006418719494
0.12224209968499683	0.5283563701595709	0.3494015301554323
0.31393614900677136	0.15734885310955274	0.528714997883676
0.08976561099120792	0.38494229529746293	0.5252920937113292
0.4984284325928383	0.1383909762462599	0.36318059116090184
0.3858874841544007	0.374039267112585	0.2400732487330144
0.2879512027469111	0.43955225684120797	0.2724965404118811
0.6269278930261066	0.16244316529262515	0.21062894168126836
0.5257253566667517	0.17411199016421286	0.30016265316903556
0.3256143674691714	0.22202873653925692	0.4523568959915718
0.19849436783362764	0.5641545346768254	0.23735109748954702
0.4946562088642712	0.09412258155288458	0.4112212095828443
0.2664411143611473	0.2168553573276733	0.5167035283111795
0.7349380284813469	0.11111144351980307	0.15395052799885012
0.46920744233743283	0.4260720977090249	0.10472045995354243
0.3563699965421424	0.5509533338007119	0.09267666965714585
0.39135244908085437	0.42486612336416485	0.1837814275549809
0.1264790524883189	0.5659897351162928	0.30753121239538833
0.5524744737730867	0.22662691103198823	0.2208986151949251
0.26774967574036207	0.5925956612011489	0.1396546630584891
0.1700849427165596	0.4086798209925713	0.42123523629086923
0.2223180424818697	0.4148674342141318	0.3628145233039986
0.5231066716269999	0.11552397212782156	0.36136935624517874
0.5794204149736032	0.12096783792453783	0.29961174710185906
0.05812428726875718	0.4673248699081757	0.47455084282306725
0.15333219415445332	0.6779701506297845	0.1686976552157623
0.2975607314926131	0.15700895755288163	0.5454303109545053
0.4029856853855036	0.4048788176724912	0.19213549694200532
0.13751029081006538	0.3478493825513964	0.5146403266385383
0.33104020863602435	0.5338894105766754	0.1350703807873004
0.3740940673250006	0.11157248103818915	0.5143334516368103
0.34234180938201275	0.4961495137912818	0.16150867682670556
0.1526728028513529	0.5426401494454935	0.30468704770315364
0.048295882306577054	0.6310929027333559	0.32061121496006717
0.43567144435620014	0.14173323588022108	0.4225953197635789
0.20504246747359667	0.6588771932558886	0.13608033927051477
0.3686385005475202	0.2936035947976542	0.33775790465482575
0.2522586087386057	0.5307623805622754	0.21697901069911898
0.1864567951784355	0.2743949434313221	0.5391482613902425
0.04781170599176665	0.5080882322675633	0.4441000617406702
0.4286134442983742	0.20929849531063016	0.3620880603909957
0.4741490492825865	0.41770676916487204	0.10814418155254157
0.3608149385448505	0.2648042060528618	0.3743808554022877
0.400118065862056	0.3785390317158997	0.22134290242204435
0.26195860210585814	0.6133305649147802	0.1247108329793617
0.2761934293516648	0.28408340929896514	0.4397231613493702
0.18582200143169614	0.6073586915969532	0.20681930697135076
0.1846320555275483	0.2807996186511067	0.5345683258213452
0.09062401472737705	0.3418320490218718	0.5675439362507513
0.21065049800129942	0.6245323875002398	0.16481711449846087
0.034444656207037794	0.6366258446660886	0.3289294991268737
0.3064997145664399	0.17615204607464163	0.5173482393589186
0.30373994148084094	0.5986846300161118	0.09757542850304735
0.5770718614899062	0.22953667959299168	0.1933914589171023
0.3688342041691156	0.09977250278382988	0.5313932930470546
0.09273303763646956	0.4942468454639599	0.4130201168995707
0.47876466414592395	0.3350946265727389	0.18614070928133725
0.23383550639916623	0.5059735748841259	0.2601909187167081
0.705552516276891	0.19206005940904192	0.10238742431406722
0.3179321858534983	0.40612071290581897	0.2759471012406828
0.3704473573079613	0.5410244074687617	0.08852823522327716
0.12020795030536177	0.537044155089513	0.34274789460512534
0.6402523263754273	0.1950621006189196	0.16468557300565329
0.21501875266754555	0.6586528456018165	0.12632840173063808
0.36164667120675326	0.20022466010192277	0.4381286686913241
0.5422499283034977	0.3382551812074879	0.11949489048901449
0.32835571246980155	0.1610001057312866	0.510644181798912
0.2898679620464537	0.1728772339762214	0.537254803977325
0.42323500905269984	0.27168031214781263	0.30508467879948764
0.5158607784478118	0.32279733707982905	0.16134188447235923
0.5043356686462662	0.3998001273320438	0.09586420402169007
0.2681275007063253	0.5345182802053365	0.19735421908833825
0.40059187956728165	0.13395604399149325	0.4654520764412252
0.10595541879696391	0.7931765840516225	0.10086799715141376
0.3695992593481103	0.37127268733625785	0.25912805331563193
0.22774741833333573	0.42005694853288944	0.35219563313377494
0.610144622468572	0.2564625446093642	0.1333928329220639
0.09968650282426189	0.39578130779261145	0.5045321893831268
0.22169714364443718	0.5808467224145413	0.19745613394102163
0.7111580657790748	0.1719305642063001	0.1169113700146252
0.10759744900536358	0.5242976962623433	0.3681048547322932
0.1771645760747682	0.3579787087748539	0.464856715150378
0.08969378237887449	0.5912286798630412	0.31907753775808445
0.3917270400144603	0.18228529773010652	0.4259876622554333
0.06634363874047566	0.617678752396851	0.3159776088626734
0.1389278628248875	0.5694344650484571	0.29163767212665553
0.2323319915042118	0.5796765586344431	0.18799144986134522
0.6758221765171122	0.23521737662820497	0.08896044685468296
0.7939168239455423	0.09335289478372244	0.11273028127073542
0.5432496520010557	0.2899520578747717	0.16679829012417272
0.2304181754523399	0.21702694124381225	0.5525548833038479
0.08839205359770702	0.7915986427000559	0.12000930370223728
0.4028700745199459	0.06952627195191707	0.5276036535281372
0.09722324963037565	0.4864982796423243	0.4162784707273002
0.16647822836209614	0.6736462513004524	0.15987552033745167
0.16296848609508288	0.5053815036989413	0.3316500102059759
0.6155595104010566	0.10943524214704115	0.2750052474519023
0.6427565253084961	0.0517323867807295	0.30551108791077447
0.4619449477370123	0.32659086894626493	0.2114641833167229
0.2806533779602993	0.47308173859922453	0.24626488344047626
0.6336262177523337	0.18434092038027924	0.18203286186738715
0.24336293245316887	0.44807189424026694	0.3085651733065643
0.3465751344901448	0.22611705523181766	0.4273078102780376
0.14493793532734328	0.3836554117833935	0.4714066528892633
0.23481326895039356	0.6359690853828741	0.1292176456667325
0.14722374894562903	0.5391129846756205	0.3136632663787506
0.7741891021862913	0.1099103200619721	0.11590057775173668
0.1672122869437114	0.33974763568430005	0.4930400773719886
0.06274068563997703	0.5670757474438698	0.3701835669161533
0.31797571762681803	0.3207804422680348	0.36124384010514726
0.4101140804072774	0.34791185628632726	0.24197406330639545
0.30719117502332044	0.33313145752873285	0.3596773674479468
0.10730151048158795	0.7169907964592963	0.1757076930591158
0.397882986612511	0.49149954442158045	0.11061746896590868
0.586172904806321	0.06720088767438187	0.3466262075192972
0.5294689371461492	0.0807119017915714	0.3898191610622795
0.45655763846637576	0.44487695467722177	0.09856540685640255
0.3318447873797848	0.2982736736291249	0.36988153899109044
0.2711923249109311	0.29389481089766756	0.43491286419140146
0.35448735449530366	0.26179516812007547	0.383717477384621
0.428323077126574	0.3582634166836187	0.21341350618980737
0.5234069912310514	0.06854251715217269	0.40805049161677603
0.40386157071872963	0.40169078348236475	0.19444764579890567
0.08953558798671729	0.5516154059366872	0.3588490060765956
0.0695422340865573	0.7270425544686154	0.20341521144482738
0.6931288488834053	0.1749007157889415	0.1319704353276533
0.08846260557542193	0.5694997331792874	0.3420376612452909
0.09205556458849584	0.5124381117971117	0.39550632361439264
0.3247172751565863	0.5748013776160923	0.10048134722732144
0.2422149676890814	0.30938695288045104	0.4483980794304676
0.6085288821065024	0.2936415519683351	0.09782956592516268
0.1813897074376256	0.44488315451466715	0.37372713804770735
0.1514268339797692	0.48638783027031995	0.362185335749911
0.3474468421563768	0.09024780708813482	0.5623053507554885
0.1784056384799566	0.34275412987374465	0.47884023164629885
0.5297009794541387	0.2118970703081568	0.25840195023770457
0.16035250507689927	0.6335419607708073	0.2061055341522936
0.2169426818123114	0.5906477279776496	0.19240959021003912
0.21263095443746188	0.5787330535568276	0.2086359920057106
0.4908196254307108	0.2680842618030542	0.24109611276623508
0.6372800031709104	0.17333624620593976	0.18938375062314988
0.24094501443481886	0.6120040564715242	0.14705092909365708
0.18878872089510332	0.5648622944573048	0.24634898464759192
0.39080060958267593	0.43121264388806474	0.17798674652925942
0.08487601621884203	0.512894839680029	0.402229144101129
0.22766509873806318	0.3197845937781471	0.4525503074837898
0.3886361369391993	0.23409987703719573	0.3772639860236051
0.25323516323985346	0.4013816490053267	0.34538318775481996
0.3967368318948833	0.17463126980438642	0.4286318983007304
0.21191418337189102	0.6542846158886686	0.13380120073944057
0.47976123544938776	0.4302681841031122	0.08997058044750023
0.6011688727669819	0.2534840472749151	0.1453470799581031
0.6511351642940368	0.06678672053144963	0.28207811517451353
0.279910427136798	0.13854641942144177	0.5815431534417603
0.06426388115888748	0.6544709034035723	0.2812652154375403
0.5779413105323117	0.26157884718741725	0.16047984228027115
0.20666746009638448	0.3484163461150336	0.44491619378858205
0.08738276566901165	0.8213772248183242	0.09124000951266426
0.40838052283359644	0.44185968704418765	0.14975979012221607
0.19874332440008938	0.3568616057559456	0.44439506984396515
0.28441311553573656	0.3267826399870358	0.3888042444772278
0.358096654811796	0.09768709194880407	0.5442162532394
0.7531924548386879	0.15107098777122524	0.09573655739008691
0.4020585150482415	0.3727119890082123	0.2252294959435463
0.7237524426585072	0.06141084948588066	0.21483670785561226
0.08320680832240973	0.6889954605365965	0.22779773114099383
0.05510831440541025	0.7018216909167352	0.24306999467785473
0.33602288406708125	0.40803669370181017	0.2559404222311087
0.052657163706140986	0.6397448318419774	0.3075980044518817
0.2153400492713337	0.3066548409519473	0.4780051097767191
0.5161369272504114	0.3119234640374777	0.171939608712111
0.5794835641282472	0.1935034893196021	0.22701294655215087
0.24504072836727286	0.5349413473494365	0.22001792428329073
0.11807687459392943	0.4309306207417439	0.45099250466432683
0.41015879636025476	0.24657138096074666	0.3432698226789987
0.6403398462890229	0.062357312944178456	0.2973028407667988
0.6237868040376061	0.061716537557924445	0.31449665840446955
0.25898624945219906	0.5591056707853426	0.18190807976245854
0.4109080639763125	0.18557115431801582	0.4035207817056718
0.3259854549033169	0.22080247596970987	0.4532120691269734
0.44809847250973056	0.3992920777770881	0.15260944971318152
0.5550661447626528	0.24983925278388203	0.19509460245346535
0.681338583502281	0.14271262735857781	0.1759487891391412
0.5244867177776127	0.3009347531170661	0.17457852910532135
0.1690907562330201	0.2666515154164819	0.5642577283504981
0.3374389103314675	0.3273264571170236	0.33523463255150904
0.7242758543129822	0.12274026286986867	0.1529838828171492
0.41646719882903765	0.2824304828232282	0.30110231834773427
0.26844714061194824	0.5402777762854338	0.1912750831026181
0.09054758055658141	0.43569728808554664	0.47375513135787206
0.2767336749813284	0.6308012709949049	0.09246505402376687
0.421697749165484	0.06935778625329414	0.508944464581222
0.2626759492819019	0.3920277418450671	0.3452963088730311
0.5006365577569144	0.2571739557699732	0.24218948647311253
0.16339792223652272	0.7358173521053283	0.10078472565814905
0.7054102948084632	0.06770097389029517	0.2268887313012418
0.030840679635652457	0.703381158156388	0.2657781622079596
0.06787400176436653	0.6454919920437384	0.2866340061918952
0.04897325938561381	0.45435394304807947	0.4966727975663068
0.18163715721529367	0.6211936037000898	0.19716923908461664
0.6984859571155991	0.18108561010424895	0.12042843278015203
0.29461554593664957	0.538893951840067	0.1664905022232835
0.4038712029753014	0.4084823179275891	0.18764647909710966
0.05486367077128518	0.4903269014456887	0.45480942778302624
0.06443844319456682	0.7741097391217577	0.16145181768367559
0.6458081052703388	0.08279494175364821	0.2713969529760131
0.1269131251626447	0.575811147032157	0.2972757278051985
0.0955470295611549	0.6716200966379657	0.23283287380087955
0.5509403773781483	0.08098243694377744	0.3680771856780744
0.4091460594304831	0.4128039303159792	0.17805001025353787
0.18878721258156056	0.31345835334910144	0.49775443406933817
0.15163468940601818	0.4941216369593794	0.3542436736346025
0.25246931791436045	0.3045792701224567	0.442951411963183
0.6443497308160637	0.24681129025784143	0.10883897892609493
0.2699439417658168	0.6160339939774921	0.11402206425669115
0.26756208384617397	0.3983827338186541	0.33405518233517206
0.4358705657160993	0.26813496203472753	0.2959944722491733
0.15072644569153282	0.7550761619088567	0.09419739239961059
0.09524836071101894	0.6943366727525722	0.2104149665364091
0.214488259769664	0.26715381419413436	0.5183579260362017
0.21357840208236023	0.6927639525646335	0.09365764535300636
0.3457543007519053	0.09860289562503455	0.5556428036230603
0.12772376482751993	0.5907916174914838	0.2814846176809964
0.46339490760254753	0.08926856503349184	0.44733652736396073
0.1624818421036606	0.27725633943855055	0.560261818457789
0.38211701030785117	0.21980952176740576	0.39807346792474324
0.4592361556499584	0.43244929330550647	0.10831455104453519
0.1977443339716106	0.503575281234615	0.29868038479377457
0.3175833562069425	0.1647436400588776	0.51767300373418
0.258642039189907	0.28452776755460124	0.4568301932554919
0.32116541369468166	0.43273344932208463	0.24610113698323383
0.44364508997100294	0.2098718223248284	0.34648308770416875
0.4739201712244545	0.2361068995817715	0.28997292919377415
0.5611297143945113	0.07638700701943202	0.36248327858605683
0.03417782185016194	0.8099454637893413	0.155876714360497
0.4829365828892667	0.3725937601647069	0.14446965694602645
0.3744136001365461	0.2951443368585003	0.3304420630049537
0.3997745225325524	0.34580088968955536	0.25442458777789234
0.10424764234144182	0.672333859830321	0.2234184978282372
0.07231692395706552	0.773346716494052	0.15433635954888264
0.15659234376526943	0.45907919717703155	0.38432845905769913
0.6092767680307704	0.18762099826179843	0.2031022337074313
0.6598207376885272	0.09449214343341697	0.24568711887805594
0.07066059978681577	0.8218577746508064	0.10748162556237795
0.11678701159100008	0.41636680328218206	0.46684618512681797
0.5297323367174867	0.19169564188028607	0.2785720214022274
0.38251751209066726	0.2203431499323615	0.3971393379769714
0.05944783154649008	0.6648766844528755	0.2756754840006345
0.39564197903372217	0.04705012852457119	0.5573078924417068
0.3400440064131407	0.5621460781995337	0.09780991538732575
0.43131128812839864	0.2469075968720101	0.32178111499959133
0.24279202475709816	0.4955365736377528	0.2616714016051492
0.1726997755090046	0.6542292018185564	0.17307102267243918
0.46865443120459016	0.2969833524832595	0.23436221631215043
0.7831893275382686	0.0683704254468035	0.1484402470149279
0.3112700272228882	0.48061948937230936	0.2081104834048025
0.19995782728734934	0.2506709504084659	0.5493712223041849
0.6071222297282206	0.25953769564258894	0.1333400746291905
0.6734121643784639	0.20614085869911464	0.1204469769224216
0.40756972414558507	0.4932956235407053	0.0991346523137098
0.4616503876972621	0.23181070576138843	0.30653890654134963
0.38168705955570353	0.41854561883759744	0.1997673216066992
0.05653044013125519	0.7653675263642171	0.17810203350452775
0.18607817197082044	0.7091673830459204	0.10475444498325925
0.5525794291704667	0.15950714378778336	0.28791342704175
0.6348087381879172	0.23286531002767635	0.1323259517844066
0.658539430692014	0.0837435781306376	0.2577169911773485
0.12812965324527464	0.6303583966202919	0.24151195013443358
0.49518309230613444	0.10741230165696847	0.3974046060368972
0.1696536010720664	0.5000429818597621	0.33030341706817157
0.2967629087608951	0.3957120340467308	0.3075250571923742
0.11840763635853033	0.6386756292641484	0.24291673437732136
0.259345851368907	0.23844023815079549	0.5022139104802976
0.28085069592795264	0.448978276578319	0.27017102749372846
0.5929797890525409	0.24298080144086398	0.16403940950659524
0.34289073384140834	0.3547172546894846	0.30239201146910716
0.3335322569706596	0.19169400235764655	0.474773740671694
0.43205759110587616	0.3661350994542872	0.20180730943983674
0.31686894298146673	0.35893451935076354	0.3241965376677698
0.22517378808290572	0.3970028879736264	0.377823323943468
0.07617905740631509	0.45058363937540974	0.4732373032182753
0.06969196237331787	0.6012016783510066	0.32910635927567566
0.7513185598803482	0.1409437458279411	0.10773769429171065
0.3454486462014236	0.2950599597218613	0.35949139407671526
0.09389652972344303	0.7238007085423961	0.182302761734161
0.2919119861397263	0.22469905864615747	0.48338895521411634
0.0912823004463662	0.685521930228477	0.22319576932515697
0.1504168474853787	0.6421294246867806	0.2074537278278408
0.3296549226609972	0.2841711718180341	0.3861739055209688
0.6416168328793332	0.14852329651135576	0.20985987060931105
0.31336353512117143	0.4902815639342325	0.19635490094459618
0.6543248669441831	0.1835040677425477	0.16217106531326925
0.6086963288000127	0.15873953993342463	0.23256413126656275
0.7884289668237336	0.08034138687901726	0.13122964629724929
0.7202663659274953	0.09119903131589996	0.1885346027566049
0.5441708706476742	0.048004717807852704	0.4078244115444732
0.10572528793963201	0.7240893690345412	0.17018534302582689
0.287396837066643	0.46902507945967215	0.24357808347368498
0.2866354252780826	0.2848749265638917	0.4284896481580258
0.24852758415808718	0.19136873307493374	0.5601036827669792
0.08708333824856235	0.4489243211753948	0.46399234057604294
0.12438096726836845	0.6320122607102105	0.2436067720214211
0.22000472298916818	0.4011711844452255	0.37882409256560645
0.5595548576158054	0.14216118362221544	0.2982839587619793
0.0843678153311126	0.7064877938836832	0.2091443907852043
0.18536334097122165	0.5008348655287621	0.3138017935000164
0.1499600833566952	0.5085930021995274	0.3414469144437775
0.24435732483188513	0.4099777692270863	0.34566490594102867
0.31540659668883647	0.2396135451337988	0.44497985817736485
0.21517773066746898	0.6067841971027153	0.17803807222981582
0.4271130960847791	0.12173111299264322	0.45115579092257785
0.18733237055314572	0.5864399038899291	0.2262277255569254
0.13267388915077144	0.3828112758153206	0.4845148350339081
0.25736116135297676	0.6512467515560021	0.09139208709102131
0.43927636492704386	0.3862770681174915	0.1744465669554647
0.25332989629545605	0.5672251970391091	0.17944490666543503
0.5326278684904888	0.05926834689540361	0.4081037846141077
0.21477650362528922	0.2023769154498979	0.582846580924813
0.5685262571666729	0.20625514881784457	0.22521859401548264
0.23761687748723714	0.3675551157013013	0.3948280068114617
0.565124774903584	0.2600446045734025	0.17483062052301357
0.09320176940505817	0.47149934777193797	0.435298882823004
0.20183614164962366	0.5087480232455138	0.2894158351048626
0.052219274850699715	0.3797561671350254	0.568024558014275
0.19789999050909057	0.5081784693656363	0.2939215401252732
0.637826217462293	0.12893624034018988	0.23323754219751722
0.4925726590076833	0.12046234126934793	0.3869649997229688
0.6552063167920036	0.23876416361170943	0.10602951959628704
0.5014105730419806	0.20292264180690714	0.29566678515111244
0.24877584868466984	0.5080497384397759	0.2431744128755544
0.6054343332569226	0.27013646615435605	0.12442920058872142
0.11868812060711875	0.37666595368043504	0.5046459257124464
0.37112279176929047	0.26481616792510865	0.364061040305601
0.28131594603066473	0.23899633853677926	0.4796877154325561
0.3218704466740235	0.4633353100936973	0.21479424323227936
0.3998235975010653	0.3544023978394884	0.24577400465944643
0.4565868097482849	0.4459037236580883	0.09750946659362689
0.07824697499923339	0.805365739217118	0.11638728578364876
0.29339777738651623	0.17810721250321943	0.5284950101102645
0.6139470085130377	0.09193459557286526	0.2941183959140971
0.11385489834296886	0.6119684391766701	0.2741766624803612
0.05519077437056319	0.8041629241138633	0.14064630151557367
0.0660119185916197	0.5880471544524863	0.345940926955894
0.11154798499254734	0.6253520469955864	0.2630999680118663
0.19889680452922154	0.4689149495733877	0.3321882458973909
0.3081543478117618	0.18254979050760547	0.5092958616806329
0.7579186258239254	0.15495983914111966	0.08712153503495501
0.17271923868821054	0.5756817491726525	0.25159901213913716
0.45505301183845315	0.38141291822798784	0.16353406993355915
0.4215918719367164	0.20632093178215508	0.37208719628112863
0.2285435993139095	0.41857798425815934	0.35287841642793133
0.047626321466641086	0.759638466148313	0.19273521238504612
0.42577748252097497	0.2650751026531488	0.3091474148258763
0.4938516273933929	0.23355283013395434	0.2725955424726529
0.29998247813690637	0.25875888547907044	0.44125863638402335
0.2951501360402671	0.31819482183371756	0.3866550421260154
0.10133500710179483	0.3310249640883976	0.5676400288098078
0.08202771272681436	0.39023468886482005	0.5277375984083656
0.11416332685949607	0.42776003067639856	0.45807664246410545
0.49174474110801164	0.19057841472735212	0.3176768441646363
0.6858368702083585	0.11120532329757271	0.2029578064940688
0.6470889232560603	0.12759032970785905	0.2253207470360808
0.6410841735401928	0.2293198316435198	0.1295959948162875
0.46729117174958584	0.2178347418389269	0.3148740864114874
0.41831271786926033	0.2280054756695574	0.35368180646118236
0.29609206483733885	0.4712644786163821	0.23264345654627916
0.3560258043237561	0.4067620883309745	0.23721210734526957
0.3551110047712158	0.09362393970352245	0.5512650555252618
0.23370720785554144	0.6573232809381375	0.1089695112063212
0.47323008757572077	0.09496557499752717	0.43180433742675217
0.13573332663862225	0.4305641469050009	0.43370252645637697
0.05172231616076989	0.8045422354525356	0.14373544838669472
0.21231200201283365	0.3933947070515317	0.3942932909356348
0.5993912592837659	0.08465795320495967	0.31595078751127453
0.11526923786851917	0.4540393716355048	0.43069139049597616
0.25965624258063486	0.5417924866432676	0.19855127077609763
0.4122727357506174	0.27105302995698527	0.31667423429239744
0.29244744916205595	0.5545672763313709	0.1529852745065733
0.06677824440798097	0.4765180557695988	0.4567036998224203
0.247671580308585	0.4358681786613263	0.3164602410300888
0.1702828839001695	0.33497180668633275	0.4947453094134979
0.07134637021591783	0.8369758760587261	0.09167775372535614
0.20081086554760288	0.5417970978993516	0.25739203655304554
0.30421435747311587	0.1704225021395347	0.5253631403873495
0.4599498905152448	0.14365983536238172	0.39639027412237354
0.15662622801967158	0.44513135772084644	0.39824241425948204
0.4915133858418202	0.35062019842156134	0.15786641573661853
0.1534533953699993	0.4466798273033604	0.3998667773266404
0.2648301979670945	0.6377410765157614	0.09742872551714421
0.14052650212140552	0.5840854671031758	0.2753880307754188
0.19213101683681522	0.7136478705198317	0.09422111264335314
0.16204696022949908	0.5939248150169039	0.24402822475359712
0.03571590203379804	0.8100713371073551	0.15421276085884694
0.2044031765086082	0.34186375246427714	0.45373307102711474
0.5978683884377868	0.12257872375751233	0.279552887804701
0.27768419191408455	0.23383445079424925	0.4884813572916663
0.3551373191146736	0.191559472684184	0.4533032082011425
0.1468400243993978	0.42991145796572405	0.4232485176348782
0.20224639837850394	0.6185912566026941	0.17916234501880207
0.08999652481821616	0.7455784164397876	0.16442505874199642
0.392516464463862	0.45277092879361036	0.15471260674252774
0.43120641252917635	0.26088493506247823	0.30790865240834553
0.39304268816553	0.3538240432572444	0.25313326857722573
0.17712318813861225	0.6475374159570226	0.17533939590436529
0.6969040245510714	0.1419326754226947	0.16116330002623408
0.6236702500462541	0.14252457336064267	0.23380517659310326
0.4369799648999943	0.2636036337283366	0.2994164013716692
0.6551349596437004	0.25416769311277726	0.09069734724352246
0.3308027260474745	0.4930917220162899	0.1761055519362357
0.3636916246991036	0.4775003265534059	0.15880804874749058
0.20514919267298543	0.4322230134634701	0.3626277938635446
0.28829985884492426	0.5218706486886373	0.18982949246643865
0.4993059100575407	0.2899056278115317	0.21078846213092772
0.44009500788657707	0.4226700458208587	0.13723494629256433
0.5909816250791622	0.18703342667820386	0.22198494824263415
0.6710153550215219	0.24158349496483025	0.08740115001364798
0.2606394628627593	0.19563259492714205	0.5437279422100988
0.5088586312788588	0.2458746010477497	0.24526676767339167
0.19800409796016366	0.4817201244979299	0.32027577754190656
0.29774952486651624	0.1858508855569868	0.516399589576497
0.7358055992852935	0.15297672677222693	0.11121767394247956
0.5690415970757456	0.05959150571460686	0.37136689720964766
0.2182185447688849	0.5328322548218374	0.24894920040927784
0.588754326856393	0.14063778032194066	0.2706078928216665
0.23155993651000104	0.3819994471425554	0.3864406163474437
0.7666034907543847	0.05350364860473111	0.1798928606408842
0.3959156301781406	0.32461265396727423	0.27947171585458536
0.10463981388745258	0.5934613718701822	0.3018988142423654
0.3060007076311813	0.3094496121739665	0.3845496801948523
0.25790158884903946	0.5401687136184463	0.20192969753251433
0.30671712405412277	0.4468079315390324	0.2464749444068449
0.14810095444420682	0.6950535407197279	0.1568455048360654
0.17901715244302924	0.6398955533568191	0.18108729420015174
0.29013489401992926	0.33190812774547407	0.3779569782345968
0.17008948719548025	0.49803129456181894	0.33187921824270095
0.06387591771095735	0.8440777586577514	0.09204632363129145
0.4330791094720662	0.3068914383385406	0.2600294521893934
