0.249431661436008	0.1841140910667154	0.10586631848276365	0.28313116972941926	0.17745675928509344
0.2382657032110287	0.21207908491357402	0.1037932225711093	0.27716212797767603	0.16869986132661174
0.23943093263481147	0.20671233764822	0.10599324592166304	0.27027865992876926	0.17758482386653598
0.23378306457621076	0.2010668832227317	0.10575139027329163	0.2817018121045586	0.17769684982320705
0.23367701035248328	0.21850178383865562	0.10522087099206906	0.27274252730780096	0.16985780750899085
0.24688236345103623	0.20520313923464895	0.10451499406176287	0.26938497230336494	0.17401453094918679
0.23807778278837696	0.21523850733264152	0.10182491577570135	0.2713059422694196	0.17355285183386032
0.24728276184062958	0.20778355735439955	0.10342839397405199	0.26941058174643245	0.17209470508448615
0.23644322540977564	0.2077476026603341	0.10488360288412775	0.2737366167532548	0.1771889522925075
0.24024774123766485	0.20581874183935378	0.10231656964255349	0.27481631494406056	0.17680063233636711
0.2378326819701023	0.20423457849252025	0.10298560074611424	0.27993898368747683	0.17500815510378612
0.23531260205173393	0.20224066513882608	0.10691342013069113	0.28077953639788894	0.1747537762808597
0.24079629470633634	0.20987629802110117	0.10099582314368982	0.2749038054664757	0.1734277786623967
0.2416129494201337	0.2116752775455663	0.10702037570600316	0.2723105046616744	0.16738089266662215
0.23450024478657078	0.2153386977215151	0.10509961059422955	0.27556139908118726	0.16950004781649705
0.23271757254490577	0.2242178125705131	0.10222318188060718	0.27248553027455086	0.16835590272942288
0.23671053503866368	0.2056420153964113	0.10639023792282662	0.27530399845133324	0.1759532131907649
0.246126735203367	0.20182055689489686	0.103812729619976	0.2760932924978133	0.1721466857839466
0.24149437883844865	0.20299923317703417	0.10586246662497803	0.28081507314109655	0.16882884821844235
0.24600354891115214	0.20169982777121778	0.10488854204273923	0.2798877698978816	0.16752031137700898
0.24238262664856994	0.1947884798574392	0.10547855340731732	0.2852050601209074	0.1721452799657659
0.24051810739621732	0.20258925685998921	0.10529809162491877	0.2788452350143964	0.172749309104478
0.23411332207497207	0.2063479812209893	0.10385638162500838	0.2782975091864577	0.17738480589257233
0.23502101760692815	0.21427227634449306	0.10349998582010513	0.2768536994556343	0.17035302077283912
0.2404995801196278	0.20718580340957116	0.10372933762930386	0.2793984743890445	0.16918680445245243
0.24835378558913013	0.19311148178979992	0.10680368209028601	0.2792500142605137	0.17248103627026998
0.2424984048310873	0.2077334724897653	0.10157236552845476	0.27620852423990216	0.17198723291079024
0.23330569846685872	0.21715233798218728	0.10256291200207088	0.2776613108246295	0.16931774072425337
0.24377900073994468	0.2079764104421906	0.10366086080389057	0.27226914678016795	0.1723145812338059
0.23507129914750324	0.21255001690636907	0.10246825817877184	0.27311740140398755	0.17679302436336808
0.2334048969367704	0.1998525240088734	0.1053465682623764	0.28467707163440004	0.17671893915757952
0.24626694543953154	0.20566176593994984	0.1012026922362817	0.26996950725914015	0.17689908912509653
0.24299240563078237	0.199545653883569	0.10665563557990601	0.2734502502120536	0.17735605469368876
0.2457478117076786	0.20386496158918382	0.1025901636208542	0.277174286587473	0.17062277649481014
0.2457543806108604	0.21385285143297544	0.10213875676972066	0.2684658687054607	0.16978814248098256
0.23854912216262777	0.19946168978303888	0.10376943495410203	0.282933001082804	0.17528675201742708
0.23932402064452057	0.20508358309262922	0.10113699982134547	0.27786038707186167	0.17659500936964284
0.24333038895625686	0.20517709724930125	0.10458424568620173	0.26889824633548687	0.17801002177275307
0.24496928841491572	0.20813585939148388	0.10176005939934159	0.2701359056414761	0.17499888715278247
0.23444528383986257	0.19862907906059124	0.10713755793708499	0.28346881788793743	0.17631926127452352
0.24742056445959276	0.20572847896807062	0.10116314517287678	0.2766697011981616	0.16901811020129803
0.2361738417346692	0.20903077342503046	0.10385372477068527	0.2739462541196532	0.17699540594996166
0.24834183987363156	0.2016938546546045	0.10323845577178542	0.2723371925038369	0.17438865719614133
0.23913784327218443	0.20004678926706243	0.104574214987576	0.2831233071835518	0.1731178452896251
0.24860698513895005	0.20340621326201894	0.10313963701003055	0.2737337428338498	0.17111342175515037
0.2481344755980072	0.1994779500696827	0.10195935458171265	0.2804243936491364	0.17000382610146078
0.2429848296445568	0.2086486777814723	0.10097896815145763	0.2723287904870584	0.17505873393545462
0.24303068071091077	0.20334909202199639	0.10538766328203285	0.2748677504048462	0.1733648135802136
0.2449089568558107	0.21284541862151832	0.10200974206654528	0.2685693173541175	0.171666565102008
0.24893715817404022	0.18846608700827686	0.1062732894440727	0.2826805772393337	0.17364288813427625
0.2473917870900836	0.1960938013937472	0.10575403118385902	0.2750054941400759	0.175754886192234
0.2354466002105443	0.20618342001281695	0.10369820794100564	0.2797006282639012	0.17497114357173169
0.24447979812206044	0.1915845115228691	0.1066853491786677	0.28303842362785137	0.1742119175485511
0.24384614122022574	0.1973876080759794	0.10272997581663537	0.2782748186205511	0.17776145626660816
0.23315048968692847	0.2188998847844252	0.10447222210879696	0.27432047883874205	0.1691569245811071
0.24358789177849727	0.20469727089786527	0.10417479625808584	0.27647613338298827	0.17106390768256305
0.2360910597325723	0.20698093725381375	0.10560896207070888	0.28213693796140366	0.16918210298150121
0.24548708582731227	0.1917968096905952	0.10262630280926978	0.28306160070459474	0.17702820096822774
0.24499585591576067	0.20595647292598263	0.10182906753585615	0.27641591506271823	0.17080268855968206
0.2394182227371356	0.21150271463857445	0.10280094645564762	0.2761967963321707	0.1700813198364714
0.24733026171731293	0.19370770358501957	0.10637767983442148	0.2834971277682675	0.1690872270949782
0.24463128919921884	0.20303471218758073	0.1028029877436062	0.27203839527210943	0.17749261559748453
0.2429180710116685	0.2018371936384971	0.10649877720911277	0.2777568228740214	0.17098913526669995
0.24472236185519025	0.19803409398235114	0.10099812190701918	0.28404763183808834	0.1721977904173509
0.24920462335585797	0.18611687162099683	0.10521019768507757	0.28419216262685176	0.17527614471121566
0.2494209401572004	0.19700522236309334	0.10318086100091145	0.2805687033674982	0.16982427311129636
0.23313200003437223	0.22138781176152716	0.10335830290536477	0.2718305517692635	0.17029133352947198
0.24634142203956416	0.20299493124394774	0.1042332004596736	0.27748619689443604	0.1689442493623782
0.23606616742552333	0.21428603270566965	0.1045976828668164	0.2713016036278074	0.17374851337418293
0.24740941660559096	0.20502863608524508	0.10268340196785374	0.27514626827801447	0.16973227706329552
0.23694067428748122	0.1986822905779827	0.10204019851570231	0.2843153953606012	0.17802144125823235
0.23967957859431865	0.20350983861322397	0.10602948553021638	0.27858898373976915	0.17219211352247163
0.2488301548005376	0.19702778096047105	0.10304356805397671	0.2796034798463149	0.1714950163386995
0.23550686780980154	0.2140015502881144	0.10262329586050752	0.2720387113878022	0.1758295746537741
0.239818153654291	0.21258089955860343	0.10349964592228925	0.27552200226471407	0.168579298600102
0.2417631106151375	0.2109608279990137	0.10219900117098195	0.2718415106279986	0.173235549586868
0.2450833986945471	0.19474144986959865	0.10454818986606484	0.283518262076204	0.17210869949358515
0.23415695286495067	0.21786127123205137	0.10137722067070999	0.27064594874592307	0.1759586064863647
0.23285028950976763	0.20847556239630935	0.10566765971899895	0.27863923558157516	0.17436725279334866
0.23442707017232056	0.213223420932382	0.10610584272239904	0.27530481585963357	0.1709388503132646
0.24041056356584983	0.19385559680445277	0.10604297102516312	0.2816708343387746	0.1780200342657594
0.23330224287022072	0.22208921027058864	0.10603877484374052	0.26920336076674034	0.16936641124870952
0.2420505951979196	0.2020155409166969	0.10322948905187447	0.28348245020872653	0.16922192462478225
0.241251272349429	0.20790092923809375	0.10174138211615058	0.2766733637536541	0.17243305254267233
0.23580500598859755	0.21168336315438843	0.10355150440443854	0.2729391448752257	0.17602098157734947
0.24276387310935937	0.2106636482404993	0.10607616640638629	0.27303487376623164	0.16746143847752315
0.23759516737767714	0.21305471135000223	0.10332785741173875	0.27108252683020284	0.17493973703037877
0.24814497986967166	0.20700722008138775	0.10641715809677024	0.2706799363693634	0.1677507055828067
0.23440323503894486	0.21126360426582014	0.10261846737664072	0.27413863542083555	0.1775760578977585
0.24213317620586158	0.19184124511627984	0.1064807142222092	0.28223162982268923	0.17731323463295984
0.24819849537683583	0.18750081673246705	0.10341475142672311	0.2848910072992219	0.1759949291647518
0.24822185142854297	0.19886782945031126	0.10425126361497555	0.271711623443252	0.17694743206291794
0.23471281854187864	0.21680357476808523	0.10250964250979673	0.27147055088129374	0.1745034132989454
0.23561807448125197	0.21528192455233539	0.10672267830734249	0.2749565840718725	0.16742073858719736
0.24032822721515693	0.19891742066997248	0.10468256948998064	0.2822040021660226	0.17386778045886706
0.23690940129535834	0.21137096264632638	0.10121499305185477	0.2817344812069257	0.16877016179953455
0.2329786233555183	0.21280524866894285	0.10345290708143866	0.27312740559874904	0.17763581529535094
0.24560554499541798	0.2021804217552676	0.10260873019709155	0.27644177975048556	0.17316352330173707
0.24731857117178488	0.1912586860009122	0.10233314468406138	0.28172872517243075	0.17736087297081057
0.2413920986664324	0.19840225130748032	0.10657419191906203	0.2784353138464859	0.17519614426053914
0.2463862764067769	0.20131897881071645	0.1067673719516014	0.27379171530791996	0.17173565752298503
0.24355135160491248	0.2058915399519577	0.10067968720456504	0.2807836130181835	0.169093808220381
0.2389739157116305	0.20751333785560627	0.10326079833038215	0.2764739020634962	0.17377804603888464
0.23822264545817734	0.210541350826592	0.10670420449566581	0.2722637629174349	0.17226803630212964
0.24779037193358516	0.20167007060669112	0.10668593470390668	0.27141935581540455	0.17243426694041222
0.2417493855512073	0.20676157305730958	0.10091347215147113	0.2798276407669414	0.17074792847307035
0.2435845218728899	0.19682025529342234	0.10165032868295411	0.28392736751546344	0.17401752663526998
0.23864702274420807	0.20185980980772664	0.10096265954523377	0.2855144671268173	0.17301604077601399
0.2422837552382464	0.2006691081924419	0.10224546701231677	0.28069099226058103	0.1741106772964136
0.2452906254518949	0.20035848354809574	0.10431576092672208	0.2725546165785455	0.17748051349474148
0.24475560777088037	0.19357616653961845	0.10391897272481047	0.2834432684974621	0.17430598446722836
0.24055118029747993	0.196152721623106	0.10623162680561721	0.2802253665024603	0.17683910477133627
0.2415342781281281	0.2009057918793289	0.10427693826840564	0.28518720909278	0.1680957826313571
0.23279857681020633	0.20367380052354275	0.10492303941757468	0.2807156364043093	0.17788894684436674
0.23566254391220792	0.21367636804300996	0.10330908838642754	0.2754320562858149	0.17191994337253946
0.2338622991629945	0.21009669741962708	0.10085819332103574	0.27754732197091686	0.17763548812542557
0.2343702496318128	0.21737229911455244	0.10527703445392424	0.27136493244363413	0.17161548435607613
0.23351622537630537	0.21662198096684315	0.10221406459309376	0.2758039319265608	0.17184379713719672
0.24707210637565608	0.21201870688654506	0.10444891087257731	0.26900542795533333	0.16745484790988802
0.24583448660202262	0.20337493387965555	0.10373299000809622	0.279506496732958	0.16755109277726732
0.2431666586053459	0.200726214804388	0.10276439428156481	0.27799653164819355	0.17534620066050752
0.2472184606770519	0.19784369337159802	0.10386255717279254	0.279923847509598	0.17115144126895934
0.2414399022193966	0.21817505030221496	0.10127017845239815	0.2689786790652927	0.1701361899606973
0.24247739403325785	0.2165419604386066	0.10235131740188112	0.27090433410892967	0.1677249940173245
0.24213787182535376	0.19692727399250642	0.1033492220998288	0.28264738651824417	0.17493824556406662
0.24144538006112332	0.2026050607480632	0.10192400628047942	0.28537134382666807	0.16865420908366574
0.2412295828338028	0.21476887104164552	0.1029114375557571	0.2691916147030877	0.1718984938657066
0.24178800102161674	0.1949414990103626	0.10651822159235019	0.28157556091777036	0.17517671745789984
0.24809603978347639	0.18751263554086356	0.10712182953761172	0.2830804953722851	0.17418899976576302
0.23854844739830403	0.21692163665573594	0.10148384002903288	0.27381339003022753	0.16923268588669937
0.23885390893627473	0.20533533610145185	0.1020819023133593	0.2780732258930082	0.1756556267559057
0.23355166323428206	0.22733271253869694	0.10168843158443733	0.2699549258058722	0.16747226683671118
0.241558960950745	0.20903285689920192	0.10395860441160949	0.27364020353742824	0.1718093742010151
0.2390128495648603	0.20698345173657007	0.10574844852761196	0.27407130135723873	0.17418394881371868
0.2478803707269413	0.20277005226930672	0.10183288319205941	0.2774294236853848	0.17008727012630753
0.24214982652248018	0.19631280317713762	0.10581897442353921	0.2807913795504516	0.17492701632639115
0.23334549815719596	0.21879334574282736	0.10535996877160303	0.26864215440739636	0.17385903292097704
0.23560969132344006	0.2185767897435912	0.10281018726455912	0.2732718337075693	0.16973149796084006
0.2333152090038084	0.22447373484055566	0.10346067194319697	0.2692727975100563	0.16947758670238244
0.24190646020615247	0.2027864516892271	0.10131832181726119	0.279828948252983	0.174159818034376
0.24350733752293918	0.20040502279934358	0.10316789744477914	0.2801866080371109	0.172733134195827
0.24394084666207635	0.21155208568364303	0.10519757904813906	0.2705285741660088	0.16878091444013255
0.24631630606335858	0.19511322013339708	0.10180430807497846	0.28228935303309793	0.17447681269516768
0.24584520299912832	0.20804117871326125	0.10540007713078556	0.26875097713869367	0.17196256401813104
0.24529718354467536	0.20641957153073615	0.10444338147538078	0.2718628665074301	0.1719769969417774
0.24581425116730365	0.20624986676060916	0.10531704334799337	0.27023287013074127	0.1723859685933523
0.2482793333760875	0.1942116497970019	0.10111624238985001	0.2787417578494372	0.1776510165876231
0.24104923350021282	0.20563049082108603	0.10658764080508489	0.27533403146665103	0.171398603406965
0.23705413909791906	0.2087772638752192	0.10107645592950953	0.28169111387316914	0.17140102722418277
0.24775848568601042	0.20266359326477593	0.10069761621818098	0.2792506471745466	0.16962965765648585
0.2480428873222696	0.19942757170359704	0.10638108800436236	0.27807598544447865	0.16807246752529215
0.24853909598047186	0.2008465756313266	0.10633543401726923	0.2738366359732247	0.17044225839770732
0.24626968944049876	0.19364290718467808	0.10287975517794229	0.28515780982864025	0.1720498383682404
0.24692832482082344	0.2007594080855808	0.10101033855560552	0.2754163121817349	0.1758856163562551
0.24641980500773475	0.20584621801199843	0.1006681810205003	0.2731208299253746	0.1739449660343917
0.2456433565153559	0.2034040042909187	0.10201098764181904	0.2791003167104262	0.16984133484147992
0.236476634301662	0.20644721192815965	0.10642072786550168	0.2792068296275939	0.17144859627708248
0.2482303441714937	0.20180061650933948	0.10165463107447915	0.27804849848676305	0.17026590975792433
0.2422945748520779	0.20666488306801054	0.10456356460673578	0.2720129563644335	0.174464021108742
0.23496723328001398	0.21620969708094342	0.10432562934895842	0.26879727418918953	0.1757001661008944
0.2380662320656327	0.2051620740976407	0.1011579973848457	0.2834122959247254	0.17220140052715527
0.2384617068870811	0.2144561241848977	0.10147322468912359	0.2756439607464104	0.16996498349248693
0.23719680765202045	0.20470397925300488	0.10660386408352689	0.2779735179004411	0.1735218311110064
0.24017093247235066	0.21160271673683276	0.10541513400350197	0.27348442538498874	0.16932679140232565
0.24065377096078588	0.21056069363236612	0.10485224905939373	0.26924686059365527	0.17468642575379875
0.24261586376675992	0.1965677699282913	0.10677566163604052	0.28092872207906394	0.173111982589844
0.24578296637331562	0.2101292536140894	0.10188742924243115	0.26877907235445886	0.17342127841570473
0.23749200221104533	0.2040501883385979	0.10238524507672281	0.28284810380598446	0.17322446056764929
0.2451838224898344	0.20837581709567238	0.10157921467709653	0.2722235249940552	0.1726376207433412
0.23528627324438836	0.22299418695218967	0.10159359381787864	0.27108992214606126	0.16903602383948182
0.2344150902284625	0.21416304874996542	0.10218275419506904	0.2795442761754505	0.16969483065105231
0.24953594002110255	0.2074006266705322	0.1021068652516193	0.27235370794767905	0.16860286010906667
0.2412052022165597	0.21064686855383918	0.10435259937598255	0.274060009405051	0.16973532044856735
0.23280428023709698	0.20249290878965706	0.10655065674953508	0.28241967270586843	0.1757324815178422
0.23891901460668796	0.205326821534666	0.10691585809683789	0.2771007708717766	0.17173753489003132
0.24615052128030523	0.19985983346205	0.1027037218926543	0.27570600858272576	0.1755799147822645
0.24638295550522518	0.19760118323953488	0.1068397322219151	0.27157640961583274	0.17759971941749184
0.23580741883051015	0.21309384057908623	0.10261473659540579	0.2776544241425879	0.1708295798524097
0.24222699831040007	0.20949274461488154	0.10547702090153804	0.2732381146505046	0.16956512152267544
0.24447926558920163	0.20062474640044958	0.10503018118730914	0.272995528662607	0.17687027816043244
0.24958594324373837	0.2024893363130629	0.10542691666976213	0.2734026754890563	0.16909512828438006
0.24815252111964076	0.1979013071488769	0.10160091521040591	0.28145796153708236	0.17088729498399374
0.2375974976810069	0.21203889067058573	0.10130561369745102	0.281061785072235	0.1679962128787211
0.2482495503922098	0.19520877711045728	0.10066888879847088	0.2796529943793967	0.176219789319465
0.2461414745028802	0.19804646316866847	0.10291243607152498	0.28223450166726866	0.17066512458965744
0.23872356584865145	0.2125938863430689	0.10103959860500167	0.27385659328804357	0.1737863559152342
0.23984106290095641	0.20773501359895974	0.10386556618328904	0.2766251400560245	0.17193321726077007
0.2460243223928396	0.19430503856237963	0.10605989111605099	0.28322433037730155	0.17038641755142803
0.23321368354295824	0.21251952488603004	0.10374865345253466	0.2804973478607292	0.17002079025774755
0.2450807919106987	0.19539071843194897	0.10385225841027429	0.2846318434849338	0.17104438776214398
0.23716384359752163	0.20533039241788756	0.1029559021313307	0.2800031063817128	0.17454675547154708
0.23908609762807628	0.2030936896071423	0.10387682131313555	0.27873506238072915	0.1752083290709165
0.24222762231277495	0.19854247813655798	0.10623546586655706	0.2844100785468253	0.16858435513728443
0.2357666299938147	0.2185607057627719	0.10413844869605385	0.2715115079985922	0.17002270754876714
0.24730489480189727	0.20184648990322637	0.10520522211482539	0.27628438919352494	0.16935900398652576
0.24828504734018486	0.1946381404449017	0.10597189256684549	0.2783966699890072	0.1727082496590605
0.2470359313414023	0.19573534836890621	0.10241018620746307	0.279802150497746	0.17501638358448215
0.24687641991346576	0.2023610206502729	0.10455802248813244	0.27293974715180847	0.17326478979632023
0.24397936408751453	0.2149302287589605	0.10188683940677234	0.2702362037456554	0.168967364001097
0.23480942746686412	0.21486613280729885	0.10452753654365352	0.27052437995397766	0.17527252322820555
0.241015898804071	0.1976597465311878	0.10546114695435796	0.2788533037564408	0.17700990395394214
0.2369087565610586	0.22404049375777202	0.10091493447932554	0.26969034836799205	0.16844546683385153
0.23441282561397542	0.21143186898786892	0.10214400130393739	0.27968067112810224	0.17233063296611578
0.24170306084375554	0.2093519507761951	0.10535258008472602	0.271577013845909	0.1720153944494141
0.2458085360396538	0.19624833635902922	0.1025241523874048	0.28516075491917253	0.1702582202947394
0.24918843857715198	0.19479355435703172	0.10184156215555935	0.27687667009476896	0.1772997748154877
0.23417640763391956	0.2081461836516042	0.10391525420950466	0.2851787502994222	0.16858340420554913
0.23470129064276024	0.21564071566740645	0.1070222276384587	0.27230648227535464	0.1703292837760197
0.2446606010482621	0.19493934993951584	0.10189207070056996	0.2839000940097663	0.17460788430188556
0.2350163478574947	0.20888244397467365	0.10449533777216494	0.27912197745560713	0.17248389294005934
0.23856846293843786	0.20483273518712872	0.10493393980441644	0.2737817766510619	0.17788308541895484
0.2365259979391514	0.21258706798291802	0.1054440726747491	0.27298882130004	0.1724540401031412
0.2471704681565626	0.19296819421383055	0.10655420512341181	0.2845585733283636	0.16874855917783121
0.24225806098380587	0.1959073381571414	0.10611648638065435	0.2807613826355955	0.17495673184280264
0.23754495722248395	0.20452404980439412	0.10561900110609374	0.28465164632874007	0.1676603455382879
0.2350286118017037	0.21396143746498342	0.10393759795496449	0.27512987741120254	0.17194247536714563
0.24057555204104975	0.21066195578526334	0.10713300382036346	0.2731608936215363	0.16846859473178694
0.24352125486599385	0.19939279549663366	0.10121210091471895	0.28142915678428054	0.17444469193837273
0.2394909328501609	0.20033547689880263	0.10569423595547976	0.2796747359397324	0.17480461835582406
0.23664888834943867	0.20262526836498382	0.10544552514520847	0.2801410283047858	0.17513928983558297
0.2408324893057579	0.19799346398522505	0.1048049798924707	0.2830932243776464	0.17327584243889968
0.23433811320921355	0.21717715803970816	0.10496903129083186	0.2683480420544542	0.17516765540579202
0.2406722225925355	0.20034357155693736	0.1047341130406743	0.28349048861381454	0.17075960419603806
0.2410722767598303	0.1947849925790585	0.10707245657896027	0.28234395970396536	0.17472631437818525
0.24478639509616082	0.20563401765480968	0.10371360169406373	0.2771073117750774	0.1687586737798881
0.24195656238525984	0.20211165685481103	0.10531202414516169	0.28281684301941395	0.1678029135953532
0.2482165583757974	0.20433674042296632	0.10344890761049715	0.2713883215035706	0.17260947208716826
0.24724722125482465	0.2072542398306678	0.10141408376017293	0.27644720102438636	0.167637254129948
0.23659263141643302	0.2034823284860236	0.10577714103344747	0.2792148447417162	0.17493305432237946
0.2419672354790816	0.1991309818757958	0.10505147470270351	0.28149239838954015	0.17235790955287866
0.2370249057262689	0.21606865594983954	0.10578332200838408	0.26956293304177553	0.17156018327373176
0.245870835493699	0.19061381689778834	0.10610406760777383	0.2814635465032219	0.1759477334975167
0.24293924293790023	0.2026587395227905	0.10405530356003734	0.2737628522319919	0.17658386174727977
0.23919322456951897	0.2129020190509352	0.10560851409610743	0.2722606979228747	0.1700355443605634
0.2492986463368817	0.19616951775807207	0.10171964134473961	0.28140703316147686	0.17140516139882953
0.24299681803851886	0.2095347796111481	0.10356372692679788	0.2753983012936586	0.16850637412987626
0.24902638146689238	0.1913886431461287	0.10642692124678825	0.2827957221368982	0.17036233200329226
0.23450674774776342	0.21504200111021599	0.10351576789562449	0.2772663522699874	0.16966913097640846
0.2393177761262276	0.20316327950154947	0.10234634054663586	0.2805549442331979	0.17461765959238898
0.23385150302124685	0.22099386372687532	0.10160872115026075	0.27208723917023325	0.1714586729313836
0.2408434188274744	0.21504794975852323	0.10472702512700226	0.26942313806426954	0.16995846822273034
0.23699946859959453	0.2221248096902046	0.10088731369915327	0.26972012023546016	0.17026828777558722
0.23792016946475647	0.20533113703318112	0.10378958786339373	0.2791465508506193	0.17381255478804916
0.23596821759758144	0.21766143316323047	0.10576751994315586	0.27046044617780485	0.17014238311822713
0.24174612740339552	0.1979600582760175	0.10297073086906526	0.28094458844898074	0.1763784950025407
0.23980750425369995	0.21111868149815605	0.10569584346803977	0.2696516936166043	0.1737262771634997
0.23684592933249493	0.21114202232215423	0.10641587902730744	0.26989974195605226	0.17569642736199087
0.24274282422796664	0.21342517391876678	0.10672957655695392	0.26841492727491784	0.16868749802139457
0.2360802671931283	0.21261370726703382	0.10219499221853348	0.2739816033950145	0.17512942992628966
0.23309680463318644	0.21104296153214813	0.10710166442529782	0.27795903082944784	0.17079953857991953
0.23778159586060257	0.20200600062538374	0.10508648898769146	0.28041905103233444	0.1747068634939876
0.2464449197639094	0.1952885572686695	0.10140662252410804	0.27912016675643414	0.17773973368687865
0.23837112942003	0.192965516768585	0.10669782982147637	0.28401089127305096	0.1779546327168574
0.23312806842146064	0.21456627009532325	0.10467393578877086	0.2802598426876668	0.16737188300677824
0.23495067859650912	0.20979446072305966	0.10532562633291906	0.27624950207897403	0.1736797322685379
0.23753836579600035	0.2018418602743069	0.10301568276853915	0.2801125436346512	0.17749154752650215
0.24930065582036637	0.2005394528336967	0.10099723625952409	0.27729945619853985	0.17186319888787277
0.24383577079355973	0.21322392167818174	0.10064153047295721	0.269642011848784	0.17265676520651702
0.2342566252673056	0.226791108121351	0.10136653196397524	0.26964911317673335	0.16793662147063457
0.24098716587278046	0.21135186573057815	0.10209228065710765	0.2746332725122059	0.17093541522732764
0.23503662806244446	0.20201202240232666	0.10657721149900516	0.28349243655789813	0.17288170147832538
0.2491626600542295	0.1965362361303288	0.10123074730944336	0.2845643001329447	0.1685060563730534
0.24423853416985158	0.19971304084280775	0.10600375832804126	0.27283080032896617	0.17721386633033295
0.2376438643616703	0.20738791991525415	0.10659053228056678	0.2764635264861146	0.1719141569563939
0.24921671599714623	0.1984450127925376	0.10139282811356917	0.27446939295274	0.1764760501440068
0.2345987218024342	0.22133792663614651	0.10199463935289485	0.27444765761386547	0.16762105459465867
0.24756469425195793	0.19128439952340354	0.1055704289094278	0.2846196076155849	0.17096086969962557
0.24210516070778687	0.21048085342295558	0.10197269235940364	0.2763188510561445	0.16912244245370922
0.24895945341063708	0.19430974822389752	0.10425817647836617	0.2808417909687354	0.17163083091836362
0.233960150584308	0.20206390278239175	0.1053922080306695	0.2821194502961298	0.1764642883065007
0.23696283335680118	0.2067846053400961	0.10158302051748234	0.285509118372426	0.1691604224131941
0.2334621870956262	0.21023216815580537	0.10662340634788521	0.279520301780506	0.17016193662017698
0.23662465333088942	0.20590574909284806	0.1033609061539623	0.28108328332674454	0.17302540809555544
0.23470023428855136	0.20559530291321004	0.10405765450833092	0.2804992814668124	0.175147526823095
0.24075140007962634	0.2072556164232226	0.10091104082794056	0.28239739440127565	0.16868454826793464
0.2457161708992522	0.18904216335852075	0.1062614132163303	0.2837568318389977	0.17522342068689878
0.24583200087684964	0.1982427785033177	0.10294708830935735	0.2824543743969527	0.17052375791352237
0.2449987686155447	0.21072576157934342	0.10164554583231003	0.2719591436704018	0.1706707803023998
0.23359723164098795	0.2094159336872431	0.10248675171487374	0.28141941373503154	0.17308066922186338
0.23848705833737702	0.21755261592269756	0.1027472964802163	0.2719489216316505	0.16926410762805835
0.23766870684052582	0.21020869454272942	0.10218463745398014	0.2787782420366754	0.17115971912608896
0.23694927173440283	0.20944537571858599	0.10382637815530785	0.27588594529018196	0.17389302910152113
0.24615434478871476	0.21043613823028154	0.10099157485292287	0.2738735434145701	0.16854439871351046
0.24232763938009905	0.1996596938835191	0.1023047577869913	0.2809781150538423	0.174729793895548
0.24128532652210977	0.20080313206299674	0.10431308267875804	0.2838463670823167	0.1697520916538185
0.24415114122231169	0.1968310445732845	0.10600198057212722	0.2836725642783469	0.1693432693539294
0.23316234323807486	0.21891753314518964	0.10182074028171544	0.2726827477153681	0.1734166356196517
0.2389098940686752	0.21084363859106917	0.10297951019356924	0.27873517321512414	0.168531783931562
0.23965813821542195	0.19602037185604912	0.10430384269490073	0.28306947918806186	0.1769481680455661
0.23679793093821555	0.21339400758727128	0.10371801098355798	0.27736785987155155	0.16872219061940336
0.2456262950656592	0.19906764289545925	0.10611087544023813	0.2775016794862423	0.17169350711240086
0.23260509706006036	0.22054339480948862	0.10278081734302452	0.2760331908562055	0.16803749993122083
0.23946070562771898	0.20155752678292163	0.10262656319847883	0.2839802683650113	0.172374936025869
0.2446733364704677	0.2081494448999574	0.10212343107997761	0.2707285750176399	0.1743252125319571
0.23343377606447294	0.22632962031890438	0.1038586905999948	0.2689891560513148	0.16738875696531286
0.23920341751702656	0.2030063784210866	0.10162146667403815	0.2820104413389103	0.17415829604893818
0.24835940170903853	0.19491096546251635	0.10296568960294734	0.27917370744855585	0.17459023577694172
0.24231897692529009	0.194877684604455	0.10473105543220618	0.28516645821488695	0.17290582482316152
0.2489086160755446	0.1998977154209954	0.10650548772836489	0.2755785179131427	0.16910966286195214
0.24457962662745514	0.1941238010025914	0.10520941836960668	0.278936773928307	0.17715038007203948
0.24495276983862332	0.21386793313942157	0.10243847524580561	0.2712897988352639	0.16745102294088535
0.24122011142085537	0.1990045558094754	0.10624249658913863	0.2789209231460732	0.17461191303445717
0.2402339166391555	0.21117188017427524	0.10498664764633849	0.27197533630695075	0.17163221923327976
0.242346328411162	0.20715963386183117	0.10228470275855472	0.27303069617707637	0.17517863879137546
0.24473030421496894	0.20053859490031561	0.10086793425302466	0.2794127797983969	0.17445038683329364
0.2449088571326835	0.1947624608930321	0.10562049246484859	0.27864619465589774	0.17606199485353785
0.23976091378479922	0.219866738773571	0.10188083262017364	0.2705005237903655	0.16799099103109041
0.23637239911984498	0.21474332675483182	0.10533311969277963	0.2728931875746595	0.17065796685788376
0.24406075467715788	0.202831738525943	0.1024627864789938	0.28047693341788327	0.17016778690002177
0.23513210710158639	0.20744237411626662	0.10619716007589819	0.27559904847574535	0.17562931023050318
0.2411323352036139	0.2110919897369842	0.10120163378667202	0.26909810260378025	0.17747593866894937
0.237528196263188	0.208801972577722	0.10426670785600373	0.27647444269752186	0.17292868060556416
0.2437233764123471	0.19918617377291573	0.10224067475045188	0.2771828252156182	0.17766694984866685
0.2367642394403764	0.2070378038811548	0.10305103122937831	0.28220510590508263	0.1709418195440076
0.24381153256168991	0.21538275372682864	0.10308036826541261	0.2696088212753014	0.1681165241707672
0.23998724867767557	0.20029499882977495	0.10337167192290843	0.28319233210574873	0.17315374846389206
0.24706346095080078	0.20035162167752932	0.10131629782305733	0.28360359463446244	0.16766502491414992
0.23568921039847412	0.20653299642527437	0.10381537499368787	0.2801027697859676	0.1738596483965958
0.24363477740601056	0.19372336483562397	0.10667680780639874	0.2825105494579153	0.1734545004940512
0.23457639860031998	0.21111667208495874	0.10257301008215929	0.2754883250842398	0.17624559414832194
0.24956489273736568	0.18542722966616354	0.10243987839507565	0.28500734207215367	0.1775606571292412
0.24807396513603328	0.1837680764055269	0.1054860490692096	0.2846942684207019	0.17797764096852806
0.23713796069517948	0.20916617054341508	0.10169189092638521	0.28001770351656025	0.17198627431845975
0.24093738632758083	0.20386647261824675	0.10308341640761964	0.2793905379960432	0.17272218665050934
0.2480468432568501	0.20332502396246627	0.10457417109151002	0.2743340837040473	0.16971987798512603
0.24362489088487704	0.21267363843616569	0.10386919900633601	0.2702191610716079	0.1696131106010131
0.24603229512007324	0.19636974252264897	0.10094881692640814	0.2809514289144932	0.17569771651637622
0.24044800555118417	0.20155996581572067	0.1048568378393397	0.2786192476861231	0.17451594310763213
0.2385358296015042	0.19765491731676557	0.10491900453470097	0.2828313825668252	0.17605886598020376
0.23896973535717397	0.20855427998008358	0.10190923556629354	0.27605311925484527	0.17451362984160343
0.2387063402706966	0.19745764734954094	0.10636645158763282	0.28032959779892835	0.17713996299320106
0.23626965607323366	0.2225822822895976	0.10244180404461137	0.26893721385928404	0.16976904373327312
0.2471676796427632	0.190058752852533	0.10537264567865226	0.283727480874601	0.17367344095145026
0.23494651849990203	0.20545386710366212	0.10246356959480189	0.28049914103184653	0.1766369037697872
0.236266547736572	0.2102153473209829	0.10540992355335399	0.2772965712399087	0.17081161014918222
0.24772772480982103	0.20060438895285282	0.10253462816753955	0.2779115709922716	0.17122168707751478
0.23425073758239906	0.20636438671938062	0.10374942710677917	0.28509662136943204	0.17053882722200886
0.24024947140039798	0.20778035497812028	0.10344513579733663	0.27884437081354574	0.16968066701059908
0.24087446241410318	0.20373097399794102	0.10291949662575432	0.28415325696481686	0.16832180999738433
0.24612689437027313	0.2028920981683494	0.1025215285817171	0.27425772412998717	0.17420175474967292
0.24300953384264487	0.20127622192687047	0.10252609440060347	0.2846291734502883	0.1685589763795926
0.24935233008779373	0.2012582767651076	0.1044071955306621	0.26907585923196825	0.17590633838446806
0.24469241290832078	0.19810833285747503	0.10557993441350096	0.28167760283865517	0.1699417169820478
0.23699684445649238	0.2086108023956353	0.1055960530628032	0.27868289922502243	0.17011340086004645
0.2345834921469825	0.2080022442709808	0.10604891944959503	0.27767866191037993	0.17368668222206157
0.24369682224321285	0.20887330199315424	0.10147859885062922	0.27091967449227283	0.17503160242073063
0.23969449237239326	0.21286406540978456	0.10424503658519865	0.27239755383639125	0.17079885179623205
0.23957096408843015	0.208982769862162	0.10597549831701983	0.27714667607862364	0.16832409165376416
0.2404505637859146	0.2163262884108248	0.10610958042047401	0.26941462901599156	0.16769893836679475
0.23801951237520014	0.2033640684250937	0.10684784520139212	0.28372726800704057	0.16804130599127326
0.24272905579615728	0.19784129930255215	0.10709477286932258	0.2834011902162172	0.16893368181575058
0.24599976239143845	0.2073848147584614	0.10354733320586364	0.2745014679282965	0.16856662171593975
0.23419783075228418	0.21615722184743225	0.10106616810671937	0.2783723162311477	0.17020646306241624
0.24896665288663683	0.19551005342835498	0.10491392959656108	0.2804651875759778	0.17014417651246902
0.23501021898728075	0.22469373241125026	0.10173969266334346	0.269458080014877	0.16909827592324833
0.24752447700358682	0.20279816075885	0.10072306572268212	0.273970061150742	0.1749842353641388
0.24909344478962103	0.19706092925030883	0.10294378490212186	0.28101666187567725	0.16988517918227078
0.23289075049018582	0.21441940857310965	0.10158406348963837	0.27573047863095174	0.1753752988161142
0.24215517577075624	0.2076845916878778	0.10702751914465564	0.27330892732260714	0.16982378607410295
0.23880194443695085	0.21383660983744598	0.10186480957656975	0.27152633035183793	0.17397030579719525
0.232683101194435	0.21407800962951132	0.10130408399976304	0.27608216151935805	0.17585264365693234
0.2377581832070604	0.2083831257442415	0.10303223808481575	0.28124592932759607	0.169580523636286
0.23368828109045878	0.22242017718538273	0.1045379617973056	0.26857161342805785	0.17078196649879476
0.2460459048901521	0.1882248025504031	0.1025231618062164	0.2855348376411178	0.17767129311211033
0.24863816821060997	0.19061881951214063	0.10652303422999777	0.27749514371119965	0.17672483433605177
0.23925844182797873	0.20228439934204723	0.10541765520824035	0.27542015209464904	0.1776193515270844
0.23448504771862075	0.20697366625241206	0.10611484551738602	0.2788183044050303	0.17360813610655057
0.2434154825436579	0.19872441988076392	0.10674812832534562	0.2746717580070033	0.176440211243229
0.2473789155172429	0.18807515936911584	0.10712070245005283	0.2849305484827934	0.17249467418079478
0.24874077759593127	0.18867017085979254	0.10475390515479709	0.2830930858835461	0.17474206050593274
0.24259148777004674	0.2015846975815534	0.10380027084676084	0.2844666938660866	0.1675568499355522
0.24877966068036778	0.20045200741928504	0.10380100989020634	0.2794507174887202	0.1675166045214204
0.23438217521413185	0.20640207119078055	0.10553837543976352	0.2836121867774843	0.17006519137783954
0.23903098082730223	0.2164178081890223	0.10690976911334023	0.2683450696790539	0.16929637219128107
0.2370877205303581	0.21067093850736177	0.10397071081197065	0.27242546292478376	0.1758451672255255
0.2335114277482434	0.2205215330797474	0.10120174483796245	0.2708464355976429	0.17391885873640364
0.24674960126826329	0.19173570600929135	0.10293791734860741	0.28459050265044944	0.17398627272338826
0.23694915556326665	0.22060824498690704	0.1006188731994206	0.2713010172656579	0.1705227089847475
0.24608243677688563	0.20648016281581658	0.10629913636072028	0.27060920009347844	0.17052906395309883
0.23529878455485403	0.20525521596949955	0.1027187375803466	0.28001441035648433	0.17671285153881522
0.23427781945524587	0.20987752363809195	0.10176479743781547	0.2770015308644582	0.1770783286043883
0.24533222029311957	0.19879755302076968	0.1008332674745887	0.2838139411504336	0.1712230180610882
0.24425771300623889	0.20079163077098583	0.10188661671532354	0.2786112739036396	0.1744527656038119
0.23570116661542667	0.20097994271322084	0.10474871303100189	0.28368473681729245	0.17488544082305787
0.23259968128389186	0.20669974189625578	0.10212686246727783	0.2807527982678977	0.1778209160846766
0.24479540996416738	0.20068806684888965	0.10661918886820722	0.27939092767014545	0.16850640664859007
0.24520586398735003	0.20272306853998612	0.10497726525807263	0.2764998681447566	0.17059393406983436
0.24213403750502435	0.19392758087446288	0.10670288287691468	0.2818083830503946	0.17542711569320327
0.24197928175599603	0.20875951010587557	0.10102113601902364	0.2706450599417439	0.17759501217736057
0.24247497071828666	0.199578609623338	0.10342154309222011	0.2825588165733642	0.17196605999279077
0.2494828567212527	0.2042327745959019	0.10233080964950794	0.2758529473283023	0.1681006117050349
0.24644232330029622	0.19425217533130684	0.10239833428513724	0.2810847786005688	0.1758223884826906
0.23545827951689186	0.2109886750571059	0.10306176990070885	0.2728512239057266	0.17764005161956656
0.2435478115194175	0.21574118414688453	0.10397750499162035	0.2692121906456204	0.16752130869645696
0.23950576305301896	0.21071827453463904	0.10190000398439292	0.2701969456650972	0.17767901276285158
0.23822593230378541	0.20878217275097738	0.10402308854120947	0.27680154818639136	0.17216725821763612
0.24302887583838967	0.19708366610800176	0.10526030972189404	0.2832735644984894	0.17135358383322488
0.24738628865908224	0.19617986152367148	0.10400962804924196	0.27635092750925133	0.17607329425875273
0.23737621713728016	0.21368096997894	0.10696601602791456	0.2685994919178707	0.17337730493799436
0.23286678099385227	0.20531070967715037	0.10515259084091483	0.2809362475048242	0.17573367098325807
0.24158671254427982	0.21731406174346982	0.10135390881280258	0.2722561230193645	0.167489193880083
0.23687963012296812	0.19981001448581726	0.10572351843007112	0.28128822000463943	0.17629861695650384
0.24541254649116934	0.20034637866065086	0.10690318796550168	0.2751646807653747	0.17217320611730322
0.24305124188222915	0.197577866994812	0.10604619491346459	0.2813668808976384	0.1719578153118556
0.23419497970042627	0.20649822085006958	0.1008926218771606	0.2852237192323281	0.1731904583400152
0.24706581423811527	0.19130974131576534	0.10458081046948955	0.2817772203518325	0.1752664136247971
0.23281800221356558	0.21644979386653118	0.10176209311028402	0.27827539459361034	0.17069471621600862
