0.169164819002383	0.1650231579642416	0.6658120230333755
0.16882678432920062	0.16453393373215902	0.6666392819386404
0.1701609247729413	0.1649054525620393	0.6649336226650195
0.16712123714691662	0.16407483113208987	0.6688039317209936
0.16532864711849998	0.16626623612265992	0.6684051167588402
0.16758750668259365	0.1664783124697661	0.6659341808476404
0.16557030438690704	0.16650582051119694	0.6679238751018961
0.16991413582600362	0.1662659236215731	0.6638199405524234
0.17000640144475482	0.16406919229447312	0.6659244062607722
0.16925432021134865	0.1669776373349046	0.6637680424537469
0.16691240911666777	0.1649467649601541	0.6681408259231782
0.17024992867550137	0.16599228624001808	0.6637577850844807
0.167002997197499	0.16600013820831994	0.6669968645941812
0.16679459848811518	0.16561164444423515	0.6675937570676498
0.16730130664262105	0.16517146366141894	0.6675272296959601
0.16921466758036002	0.1660515735017587	0.6647337589178814
0.1691748037897963	0.1642403315719001	0.6665848646383037
0.16914754545081484	0.16598544779410862	0.6648670067550766
0.16979222376228334	0.1654872258949781	0.6647205503427387
0.16652907503570905	0.16546732923698604	0.668003595727305
0.16838411393532748	0.16510026731208835	0.6665156187525842
0.16665504083793015	0.1651587921873785	0.6681861669746915
0.16517138534821868	0.16595363374750988	0.6688749809042716
0.16547884354768144	0.16504791048409234	0.6694732459682263
0.16776282670967005	0.16650353902762177	0.6657336342627083
0.16730473747757796	0.16434352777867905	0.6683517347437431
0.16633118248393247	0.1648715574218078	0.6687972600942598
0.16818080476792713	0.166792576061636	0.665026619170437
0.16529946665002576	0.16503179792798336	0.669668735421991
0.16934127509634317	0.16523330083577895	0.6654254240678781
0.16922888046854498	0.16559848518990955	0.6651726343415456
0.16728520979804412	0.1660209501253037	0.6666938400766523
0.1693023408533642	0.1643669286902989	0.6663307304563371
0.1664945421780206	0.16413275473653263	0.6693727030854468
0.16786710546767403	0.1649908713183515	0.6671420232139745
0.16616838236792125	0.16390477139523552	0.6699268462368434
0.1674275040248971	0.1639654661247753	0.6686070298503277
0.16904538604513913	0.1645657613415364	0.6663888526133246
0.16572298149492298	0.16601589960081853	0.6682611189042587
0.16618423317385805	0.16535983858087636	0.6684559282452658
0.16583014017165837	0.16618230212438062	0.6679875577039611
0.16870517246284294	0.16480977147669207	0.6664850560604652
0.16769414898125246	0.16477002650551326	0.6675358245132343
0.16868689897155034	0.16597241341343388	0.6653406876150159
0.1649518625654823	0.16678714749225665	0.6682609899422611
0.16623335593052999	0.1662045091937267	0.6675621348757435
0.16626702459273898	0.1650330887506874	0.6686998866565736
0.1667349006718365	0.16713553919913987	0.6661295601290238
0.16846420865170275	0.16393278887942758	0.6676030024688697
0.16901422299789487	0.16391224337120586	0.6670735336308994
0.16779851524295838	0.16733401842037454	0.6648674663366672
0.1697138659689946	0.16405517435499598	0.6662309596760095
0.16506637471172553	0.16546418972228893	0.6694694355659856
0.1700244816269403	0.16412736752016138	0.6658481508528984
0.1696159140336915	0.1648776423043481	0.6655064436619605
0.17010806217867985	0.16600793970398267	0.6638839981173377
0.16988396577095055	0.1646402810000563	0.6654757532289932
0.16631371820082652	0.16687391603445226	0.6668123657647214
0.16749476828891047	0.16578315751458875	0.666722074196501
0.1680127004888158	0.16498984028770516	0.6669974592234791
0.16954763838150053	0.16429838813388864	0.6661539734846109
0.1701402302657801	0.16622568294186796	0.663634086792352
0.1680926639665415	0.16629160456749142	0.6656157314659672
0.16857884206636367	0.16473867154410593	0.6666824863895304
0.16580224840528987	0.16420775025179293	0.6699900013429174
0.16640897447090905	0.16700610943630106	0.66658491609279
0.16839793871692982	0.16676013003950588	0.6648419312435644
0.16741234393536691	0.16556298212751192	0.6670246739371213
0.16717941405760636	0.16465760141650548	0.6681629845258883
0.16522134531400964	0.16728351550539872	0.6674951391805917
0.16622034065074764	0.16521440691849604	0.6685652524307564
0.1655541125057818	0.16691321345300936	0.667532674041209
0.16528160076425163	0.16653647977204045	0.668181919463708
0.16582433778455183	0.1641176321384853	0.670058030076963
0.16644336806157345	0.16397823970030345	0.6695783922381232
0.16581388036098557	0.16430415013531527	0.6698819695036993
0.17022248222096087	0.16503005100289994	0.6647474667761393
0.16527104225191613	0.16555166154263856	0.6691772962054454
0.17000570221447858	0.16488270563129687	0.6651115921542248
0.16855239315013204	0.16467801213817385	0.6667695947116943
0.1657330030697095	0.16569042116428573	0.6685765757660049
0.16604337423959475	0.16593778860434524	0.66801883715606
0.16857046966816674	0.16546090087209384	0.6659686294597396
0.16698219608748585	0.16735904224100767	0.6656587616715066
0.16673782776971965	0.16552348418705876	0.6677386880432217
0.16536620592529347	0.16549135725941075	0.6691424368152958
0.169721619087181	0.16640307104989333	0.6638753098629258
0.16705928126086061	0.16480931712410118	0.6681314016150384
0.1683044974455285	0.16465387781117807	0.6670416247432935
0.16905369876991172	0.16628775510562144	0.664658546124467
0.16965350344979419	0.16667117322039318	0.6636753233298127
0.1669030215029006	0.16636517884934104	0.6667317996477584
0.16773884404538086	0.16728167220976298	0.6649794837448563
0.17016863618341607	0.16509406226243678	0.6647373015541472
0.16490842433433076	0.1666410900345081	0.6684504856311613
0.16690574697968	0.16489805996426132	0.6681961930560587
0.16514270551972188	0.16539674903730991	0.6694605454429683
0.16897843493836717	0.1672091794219963	0.6638123856396367
0.16892586720030062	0.16661557988168302	0.6644585529180165
0.16887546500547568	0.16622043623949984	0.6649040987550245
0.1688883156313541	0.16432292108091706	0.666788763287729
0.16989854266706808	0.16489259017721042	0.6652088671557217
0.1683556945089092	0.1645278994487383	0.6671164060423527
0.17011874404643149	0.16453387224143756	0.6653473837121311
0.16638061521591438	0.1665883188852823	0.6670310658988035
0.16846964156673955	0.16691947928476664	0.6646108791484939
0.16524832925153635	0.16598308866816464	0.6687685820802991
0.16501485333583377	0.16555607110342124	0.669429075560745
0.1650061607025826	0.16721328976071578	0.6677805495367017
0.16862924057060544	0.1654278471705627	0.665942912258832
0.16829121292775479	0.16464424169273884	0.6670645453795064
0.16943511234379188	0.16673230363810812	0.6638325840181001
0.16702292254819623	0.16496470482960257	0.6680123726222013
0.1675149411545927	0.16561589613641794	0.6668691627089895
0.16832531037967963	0.1671001924183096	0.6645744972020109
0.16641230481482777	0.16404039068625742	0.669547304498915
0.1686005522769363	0.16547604647682573	0.6659234012462381
0.16914741732286148	0.16645250916651178	0.6644000735106269
0.16924317538980277	0.1646416885607862	0.6661151360494112
0.16584311087048637	0.16582325690246458	0.6683336322270492
0.1656742934498468	0.16536233039656928	0.668963376153584
0.16845556525851524	0.16457307322226034	0.6669713615192245
0.16486776535813952	0.16591715474455623	0.6692150798973044
0.16503575900746084	0.1664639703075737	0.6685002706849656
0.1697948133848794	0.16476934735914156	0.6654358392559792
0.16926566444307573	0.16486215498184048	0.6658721805750839
0.16704086300280432	0.16647286659369115	0.6664862704035046
0.1690628603696152	0.1662694752333293	0.6646676643970557
0.16861625562357818	0.1672672955300285	0.6641164488463934
0.1669648992707748	0.16708561742067635	0.665949483308549
0.16719539693460286	0.16515234068823387	0.6676522623771634
0.16487754825887704	0.16695552673810682	0.6681669250030162
0.16704851740689158	0.16527864777695084	0.6676728348161576
0.1657488325602736	0.1667827759544891	0.6674683914852375
0.16831851351688032	0.16517411074300536	0.6665073757401144
0.1649550836259158	0.1671125170688813	0.667932399305203
0.168808714697594	0.16558350386649334	0.6656077814359128
0.16616890978879464	0.1667914709391604	0.667039619272045
0.1692901254668241	0.1658002035112109	0.6649096710219651
0.16991038016014176	0.16463481456483192	0.6654548052750264
0.16926013977304888	0.16449526900062578	0.6662445912263255
0.1685126401738763	0.1648005775500778	0.666686782276046
0.16879812550102677	0.16667492173338655	0.6645269527655868
0.16673506125716778	0.1648688558346459	0.6683960829081864
0.16520951688787477	0.16704733180386971	0.6677431513082557
0.16850983514536844	0.16624429940621702	0.6652458654484147
0.16899028314854297	0.16716673520980194	0.6638429816416552
0.1691905376865091	0.16428224373273004	0.6665272185807609
0.16660092067570886	0.16614686365401068	0.6672522156702805
0.16680102074364292	0.16721253083834212	0.6659864484180151
0.1657446010474299	0.1662259099846774	0.6680294889678928
0.16612545247053054	0.16426230301527683	0.6696122445141928
0.16644792128501784	0.16477804190843848	0.6687740368065438
0.16884291397807652	0.1649069580304825	0.6662501279914411
0.16769245429886948	0.16512217493130343	0.6671853707698272
0.16979857180101798	0.1644802050100614	0.6657212231889208
0.16558205824480493	0.16507866161325385	0.6693392801419413
0.16885491991466556	0.16628574489507558	0.664859335190259
0.16956728502211466	0.16557011678202138	0.6648625981958641
0.16823063102153707	0.1667916234258737	0.6649777455525894
0.1676873735856536	0.16618986531214347	0.666122761102203
0.16590283007814888	0.1648435835361478	0.6692535863857034
0.16859406993473752	0.16607315828227898	0.6653327717829836
0.16570354643385493	0.1658131833154678	0.6684832702506773
0.16914561362301364	0.1652786452230517	0.6655757411539347
0.1652470889085355	0.16497671031931205	0.6697762007721526
0.16866337088747407	0.16728660074661372	0.6640500283659123
0.16902101587531498	0.16584842359603166	0.6651305605286535
0.16882801666727554	0.16524394755412203	0.6659280357786025
0.1700770251597598	0.16633948335303267	0.6635834914872076
0.16962447075747553	0.16514848813270755	0.665227041109817
0.16791424930443194	0.16404569777666045	0.6680400529189078
0.16644005717967975	0.16396917761953173	0.6695907652007886
0.16551566206171792	0.16477118379924166	0.6697131541390406
0.16598014572779807	0.1673047818654644	0.6667150724067377
0.16841583019812814	0.16494359637249822	0.6666405734293738
0.1658372603639997	0.16456705028605773	0.6695956893499426
0.1687164653893507	0.16590551124572228	0.6653780233649271
0.16605186292983481	0.16723712329927892	0.6667110137708864
0.16565592304498947	0.16445602178444418	0.6698880551705665
0.16933638782816568	0.1659692521319851	0.6646943600398494
0.17006616336148916	0.16647320627527573	0.6634606303632352
0.16914353495348408	0.16701543610401415	0.6638410289425019
0.16999518340895897	0.16413272138813162	0.6658720952029096
0.1682863099541249	0.16573489444062284	0.6659787956052523
0.169610878846917	0.16670914480659849	0.6636799763464847
0.16662069300906715	0.16706032661982906	0.6663189803711039
0.16971409487283406	0.16669444569142677	0.6635914594357393
0.16533399972441581	0.1661963856416491	0.6684696146339353
0.16895793187034586	0.16654962747524596	0.6644924406544084
0.16891718178609125	0.1648825540550226	0.6662002641588862
0.16767572564976158	0.16580952946202793	0.6665147448882107
0.16607772094727108	0.16694070211845535	0.6669815769342737
0.16801845924264458	0.16649491108063363	0.6654866296767219
0.16833195323175923	0.16493786622904832	0.6667301805391925
0.1649995049305369	0.16604578454171917	0.668954710527744
0.1674378137560239	0.16593589345138604	0.6666262927925901
0.1673751797396919	0.16695041543287029	0.6656744048274379
0.16986955783872815	0.16580720399495869	0.6643232381663133
0.16638372372678875	0.16440967510960253	0.6692066011636089
0.16553003161396368	0.1644559641999659	0.6700140041860706
0.16826405794814042	0.16549309956112676	0.666242842490733
0.16645907935946364	0.16675759248611172	0.6667833281544248
0.1660108979322053	0.16594787933537575	0.6680412227324191
0.16821181042523897	0.16722573905743932	0.6645624505173219
0.1662915479210338	0.1664264814583614	0.667281970620605
0.16842144273776696	0.16700722671103113	0.664571330551202
0.16932198191260364	0.1640253680905578	0.6666526499968387
0.16786400716486166	0.16728112691383962	0.6648548659212988
0.16685782582903133	0.1653543800986526	0.6677877940723163
0.1683529459874662	0.16684950536533735	0.6647975486471965
0.16760782832949925	0.16602367526525585	0.666368496405245
0.1656838008376188	0.16626360485179614	0.6680525943105852
0.16977041027864964	0.16636505570963264	0.6638645340117179
0.16706241403976763	0.16517001775796578	0.6677675682022667
0.16634703921851762	0.16707019257174255	0.6665827682097399
0.16867091918264468	0.16674334900323556	0.6645857318141198
0.16517528577085383	0.16562985731151036	0.6691948569176359
0.1690500716356357	0.16608256105634858	0.6648673673080159
0.16781418275146245	0.16716023279231532	0.6650255844562223
0.16490406302977537	0.16561895420783634	0.6694769827623884
0.1650335728822325	0.1649736384594353	0.6699927886583323
0.1665714854182927	0.16613762187828957	0.6672908927034178
0.16968448664839242	0.16444593684189507	0.6658695765097127
0.16987952932241407	0.1648161394872269	0.6653043311903591
0.16615181276180813	0.1666711044251284	0.6671770828130636
0.16984910600439412	0.1638992665026271	0.6662516274929788
0.16783960509624596	0.16528689761873305	0.6668734972850211
0.1688978700611133	0.16433239217384335	0.6667697377650434
0.16843230032872403	0.16581783913933895	0.6657498605319372
0.1700281346378237	0.16417291812266155	0.6657989472395148
0.16829169172108338	0.16736176421861815	0.6643465440602986
0.16950667863750277	0.16589465598736133	0.664598665375136
0.1675581657145876	0.1644027724259472	0.6680390618594654
0.16527502191440502	0.1653764302393942	0.6693485478462009
0.1686618774438704	0.16402683910347193	0.6673112834526578
0.16885708531134108	0.1639810934794359	0.6671618212092232
0.16834572071037865	0.16538383454383804	0.6662704447457835
0.1698408868472649	0.16593182833633793	0.6642272848163973
0.16781693462211336	0.16655119014354147	0.6656318752343453
0.1679381764344952	0.1670042390359042	0.6650575845296007
0.1699915367401974	0.1663468308591188	0.6636616324006839
0.16747818569387574	0.16605857050419415	0.6664632438019302
0.16956640347105717	0.16447738791506322	0.6659562086138797
0.16784870667191243	0.1664703667889115	0.6656809265391762
0.1670167350399764	0.1657363326966947	0.6672469322633291
0.1677854812855161	0.16453369322941086	0.6676808254850731
0.16935094866948833	0.16631881242899235	0.6643302389015194
0.16673845950932822	0.164955187407229	0.6683063530834429
0.16644156598489251	0.16594189985980595	0.6676165341553016
0.1685973479261253	0.16729668521780058	0.6641059668560743
0.16571151760998443	0.16691140239168129	0.6673770799983344
0.16836178399909238	0.16547119678012712	0.6661670192207807
0.16699532917721244	0.16695524782521137	0.6660494229975763
0.1664861978237418	0.16645341178096068	0.6670603903952976
0.16981823633014637	0.16619049572764302	0.6639912679422107
0.16623734361099518	0.16581218184250024	0.6679504745465047
0.16896178253879768	0.16707857696495693	0.6639596404962456
0.16688620889084899	0.16524138446551687	0.6678724066436343
0.1649992302166497	0.16718182029615042	0.6678189494872
0.16785369389755825	0.16565766028115597	0.666488645821286
0.16974464780613852	0.16639612592817943	0.6638592262656822
0.16567821458025606	0.16659001118557215	0.667731774234172
0.1670735596097145	0.16571071283863853	0.667215727551647
0.16909157003741224	0.16675854113576227	0.6641498888268256
0.16572063681870614	0.1658968072567138	0.6683825559245802
0.16665116158899476	0.1642136074160688	0.6691352309949365
0.16628808586463462	0.1644778955545767	0.6692340185807888
0.16802912310894585	0.16670479426611223	0.6652660826249419
0.16588211370024697	0.16474905376871052	0.6693688325310426
0.1659947874721369	0.164738418958986	0.6692667935688772
0.16532608751674394	0.16468724294001477	0.6699866695432415
0.1667189485315031	0.16716264252248345	0.6661184089460135
0.16837624932904668	0.1655065717507807	0.6661171789201727
0.16777689233412024	0.16619508386023046	0.6660280238056494
0.1656301151961172	0.16663644450647763	0.6677334402974053
0.16846867828647705	0.16711844037512405	0.664412881338399
0.16950994202588282	0.1646237448509666	0.6658663131231506
0.16595354762358272	0.1655430896856945	0.6685033626907229
0.16936633225032613	0.16440339449228758	0.6662302732573865
0.16777840091094712	0.16405902962155045	0.6681625694675025
0.16625927469328514	0.1668874650282371	0.6668532602784779
0.1663345005852852	0.1665123411894781	0.6671531582252368
0.16770745831655154	0.1647872506263749	0.6675052910570736
0.168850408848761	0.1645554065370035	0.6665941846142356
0.16824692616062564	0.1644967793427832	0.6672562944965913
0.16782760701362398	0.16428616892499473	0.6678862240613814
0.1666696878809591	0.16466155149114936	0.6686687606278916
0.1671525149016361	0.16663373486656416	0.6662137502317999
0.16554530034316053	0.16565580305007072	0.6687988966067688
0.16700163813327185	0.16560437824851276	0.6673939836182154
0.16860745428244667	0.1655134601366614	0.665879085580892
0.16855906170508	0.16400124856531123	0.6674396897296089
0.16594446790407827	0.16442116758610126	0.6696343645098206
0.16756737158988227	0.1664710697782819	0.6659615586318359
0.16917952929470176	0.1642589503873498	0.6665615203179485
0.1696822975884113	0.16467771520407115	0.6656399872075176
0.16724550797204285	0.16581090119700606	0.6669435908309511
0.16921020570007056	0.1656845734435795	0.66510522085635
0.16557637964828967	0.16622049277825068	0.6682031275734598
0.16551724551165425	0.16701811448405102	0.6674646400042948
0.16687489194260688	0.1671683602687219	0.6659567477886713
0.16912418944369131	0.16582867621353792	0.6650471343427709
0.16837490043821718	0.166258746745179	0.665366352816604
0.1667368739804	0.16393336438974687	0.6693297616298532
0.16614322877240556	0.1671394529096541	0.6667173183179405
0.16881224843308246	0.1673147545692663	0.6638729969976513
0.16628646579222095	0.16397658955673605	0.669736944651043
0.169814751998552	0.16467387772411127	0.6655113702773369
0.16862267274912895	0.16568171002962429	0.6656956172212469
0.1699363949177557	0.16488578154408337	0.6651778235381611
0.16849776829659022	0.16622673459404697	0.665275497109363
0.16741166898687224	0.16555267281018263	0.6670356582029453
0.16986161938631567	0.1647637357178302	0.6653746448958542
0.16677126780508347	0.1660830395418372	0.6671456926530794
0.16620497247728763	0.16578994191075286	0.6680050856119597
0.16702324673506713	0.16521318971470922	0.6677635635502238
0.169395578193623	0.1651228378527839	0.6654815839535932
0.168656104100705	0.16651105677968303	0.6648328391196121
0.1652131566730456	0.16496191888823597	0.6698249244387187
0.16689269074986685	0.1639815092545765	0.6691257999955569
0.1655693754949265	0.16642321933871065	0.6680074051663629
0.16857892745124353	0.16472102772505282	0.6667000448237037
0.16680146866881607	0.16392421499878324	0.6692743163324009
0.1670151774376183	0.16567445784310347	0.6673103647192783
0.16929386059867035	0.16702663640734405	0.6636795029939857
0.16704998415706795	0.16642578122785434	0.6665242346150779
0.16672932406968893	0.16396769033813402	0.669302985592177
0.16540023867602632	0.16568634695254786	0.6689134143714259
0.169048884979851	0.16626827022172952	0.6646828447984195
0.16945347779614023	0.16665924136244736	0.6638872808414125
0.167476469239252	0.16429849691802134	0.6682250338427267
0.16543560358438797	0.1647805604084024	0.6697838360072097
0.16918678440012028	0.16685287064554066	0.6639603449543392
0.165720613403314	0.16483291430485053	0.6694464722918356
0.16671003138472712	0.16712976292337955	0.6661602056918935
0.16644712063323927	0.16698950074641003	0.6665633786203509
0.1688475845014416	0.16458276079008366	0.6665696547084748
0.1689553746480104	0.164150060193671	0.6668945651583187
0.1676469891392874	0.16701704575393556	0.6653359651067772
0.16732893876770058	0.16627492324941134	0.6663961379828882
0.16787939734672444	0.1672400741135036	0.6648805285397721
0.16952055673534303	0.16410294798380545	0.6663764952808516
0.16567742007074104	0.1671072487232198	0.6672153312060393
0.1656482996485117	0.16530015007819343	0.669051550273295
0.16758583817891268	0.16691544350438897	0.6654987183166985
0.16913878534016905	0.16708079083815786	0.6637804238216732
0.16804569054655	0.16737776435285442	0.6645765451005956
0.1684152424119761	0.1670433034235324	0.6645414541644916
0.16515694331093886	0.16704388328647218	0.6677991734025891
0.1686006813160035	0.16631576364652093	0.6650835550374756
0.16573248214978686	0.16551839723092138	0.6687491206192919
0.16684769158974055	0.16673055999985958	0.6664217484104
0.1698438996742322	0.16552394340983906	0.6646321569159288
0.17023050858771807	0.16554537388806762	0.6642241175242145
0.16744989241130628	0.1643847185548788	0.6681653890338151
0.16717289013269648	0.16517317187451724	0.6676539379927864
0.16895424069042503	0.16619664306638993	0.6648491162431851
0.16605212960663257	0.16481484666098795	0.6691330237323796
0.16971619359200962	0.16412551270798548	0.666158293700005
0.16659925888478	0.16727183016587682	0.6661289109493433
0.16740731610406168	0.166913198200337	0.6656794856956014
0.16818743698525693	0.1660898987923385	0.6657226642224048
0.16485329027090118	0.16677778321910863	0.6683689265099904
0.1687857877886931	0.1653542005552585	0.6658600116560485
0.16866444824035193	0.16523634309844848	0.6660992086611998
0.16777843940154358	0.16466929778217354	0.667552262816283
0.16713078508079537	0.1668870729495083	0.6659821419696965
0.16760499788149283	0.16447161087720313	0.6679233912413042
0.16900272282664236	0.1671550357249343	0.6638422414484235
0.1662842707818732	0.16655450745592354	0.6671612217622034
0.16945459137065294	0.16676330155507252	0.6637821070742747
0.16677159133763558	0.1660190776734151	0.6672093309889495
0.1679037273577744	0.16526841287450955	0.6668278597677162
0.16558173934666873	0.1661863978588915	0.6682318627944399
0.16839827653096626	0.1646976116470425	0.6669041118219914
0.1672812689607543	0.16492412582859334	0.6677946052106525
0.16787517657309792	0.16680540427599283	0.6653194191509093
0.16803622869284435	0.16410595398773326	0.6678578173194225
0.16837452837642353	0.1661435313883354	0.6654819402352412
0.16924105079227192	0.16571273903209283	0.6650462101756354
0.1670500132999109	0.16654022224937692	0.6664097644507123
0.16730178993715966	0.1639870296889591	0.6687111803738813
0.1695966165567573	0.16618029732446327	0.6642230861187794
0.16804078839814607	0.16464094712479646	0.6673182644770577
0.1654083489094716	0.16557844771661215	0.6690132033739165
0.16788974500632955	0.16404423644261723	0.6680660185510534
0.16710630530305545	0.16447851547589498	0.6684151792210496
0.1684016054007095	0.16697667680287726	0.6646217177964133
0.1693547072484501	0.16408575936277603	0.666559533388774
0.16943827946517717	0.16602113080343606	0.6645405897313869
0.16789172672352254	0.165204151114638	0.6669041221618396
0.1685214103693398	0.16442564327077752	0.6670529463598829
0.16764551590896082	0.1666303094505189	0.6657241746405204
0.16631111822051997	0.16616033497395105	0.6675285468055291
0.16945702476029015	0.16560386120790457	0.6649391140318054
0.16777143761708452	0.16727428007643105	0.6649542823064846
0.1692863027961649	0.16596411521472562	0.6647495819891096
0.1650712330615825	0.1666268253431158	0.6683019415953019
0.16858408342367864	0.16616074330302094	0.6652551732733005
0.16766958715516433	0.16551241873781053	0.6668179941070252
0.1685701616009116	0.16412267578723339	0.6673071626118552
0.1653374575733812	0.16465537652168163	0.6700071659049374
0.16910049203206434	0.165930470636025	0.6649690373319108
0.16668359060167115	0.16474704878173307	0.6685693606165959
0.1679629584525432	0.16614564302148618	0.6658913985259707
0.16923788112209753	0.1670745335908169	0.6636875852870857
0.16637105676062575	0.16619812074029783	0.6674308224990766
0.16851941973231038	0.16726008612580354	0.6642204941418862
0.16623823702960364	0.16613679856890706	0.6676249644014893
0.1652009003471344	0.16606667199719724	0.6687324276556685
0.16537915564215194	0.16487884338499376	0.6697420009728543
0.16676175310646368	0.16508134497207322	0.6681569019214633
0.16520493487551763	0.1666400422780057	0.6681550228464768
0.16598635228119515	0.16608731155596657	0.6679263361628385
0.16517051315736553	0.16544708620588944	0.6693824006367451
0.16684832204953276	0.1651296557859407	0.6680220221645268
0.1679396137176512	0.16551293295212086	0.666547453330228
0.16903770000138107	0.16731127990252137	0.6636510200960977
0.16675860512433077	0.16707145841547721	0.6661699364601921
0.16574132730257543	0.1673406813575415	0.6669179913398833
0.17022714875509287	0.16493274291620597	0.6648401083287012
0.16657493589349212	0.16680587526242116	0.6666191888440868
0.16895946928911615	0.16605675940575665	0.6649837713051273
0.16793597220876844	0.16428352208282263	0.667780505708409
0.16779659307482025	0.1661440588822657	0.6660593480429141
0.16719094190164546	0.1654642369422152	0.6673448211561395
0.1671486120519552	0.1669283323193403	0.6659230556287046
0.1694056821159448	0.16479697031365226	0.6657973475704031
0.16859982939335005	0.16410573391277805	0.667294436693872
0.16851852971370296	0.16588779738393877	0.6655936729023584
0.1675211906809525	0.16587152052377002	0.6666072887952776
0.1669967575137351	0.16518059873100355	0.6678226437552615
0.1684434130356036	0.16591284717664298	0.6656437397877535
0.1691904819178803	0.16595881045496574	0.6648507076271541
0.16702205195811315	0.16525044359723856	0.6677275044446485
0.16616449660745555	0.16686765729011002	0.6669678461024345
0.16601779860058502	0.16396544636194532	0.6700167550374698
0.16791291019084037	0.16490245478984766	0.667184635019312
0.16578775452695538	0.16513310920881785	0.669079136264227
0.16651600495391053	0.16485106042657427	0.6686329346195153
0.16715700027700656	0.16454689622115548	0.6682961035018381
0.16862333061749682	0.16489029040241415	0.6664863789800891
0.16664580178270216	0.1670994620200041	0.6662547361972938
0.16609932670856548	0.16510338217878145	0.6687972911126532
0.16801579117789894	0.16436052375050408	0.6676236850715971
0.1680812196544833	0.16531320562968255	0.6666055747158343
0.16834866883754152	0.16432537383137397	0.6673259573310846
0.16803875520372497	0.16675593416070184	0.6652053106355733
0.16859862410001644	0.16729516870094027	0.6641062071990433
0.1659291390932433	0.16703594016675327	0.6670349207400035
0.1690173159507133	0.16625225941221125	0.6647304246370755
0.16936259650907476	0.16559423571898874	0.6650431677719366
0.1655828706690877	0.16572994786496947	0.668687181465943
0.1685384338190714	0.16682351901394993	0.6646380471669788
0.16699711229919534	0.166590680900568	0.6664122068002367
0.1690210747277705	0.16723347088172114	0.6637454543905086
0.16528969236073116	0.16487949710109745	0.6698308105381715
0.16888212165242955	0.1646887314016378	0.6664291469459327
0.16708443122914002	0.16624853517420046	0.6666670335966596
0.16725102244015347	0.16447096069357553	0.6682780168662712
0.16877090907210657	0.16633002731609192	0.6648990636118016
0.1662276505865381	0.16559847350530826	0.6681738759081537
0.16953949061639256	0.16433877831623384	0.6661217310673737
0.16547166086948895	0.16487345183573282	0.6696548872947784
0.1688312932994801	0.16706846543637074	0.6641002412641492
0.1701158196605223	0.16481362613458495	0.6650705542048929
0.16953883384053103	0.1656230502850237	0.6648381158744454
0.16770361736635045	0.16603542215460726	0.6662609604790424
0.1653189283918854	0.1649572196025442	0.6697238520055705
0.16635225552018446	0.16564735812983217	0.6680003863499835
0.16742028540417203	0.16398913057384418	0.6685905840219839
0.16990311696271881	0.16664258600645301	0.6634542970308284
0.1684828102915098	0.1658805685370212	0.665636621171469
0.16813017533124272	0.1659309567399326	0.6659388679288247
0.16768203594420744	0.16722634821519788	0.6650916158405948
0.1687824418445947	0.16449797551824732	0.6667195826371581
0.16718744130757796	0.1642726129620574	0.6685399457303647
0.1685050645442951	0.1649977740623339	0.6664971613933711
0.16506035217631387	0.1661340600651039	0.6688055877585823
0.169629634712591	0.16438797821063222	0.6659823870767769
0.16758747366370158	0.1673418614474259	0.6650706648888727
0.16539423644600226	0.16736084431254672	0.6672449192414511
0.1659346992147372	0.16619199256987235	0.6678733082153905
0.16688745125204055	0.16624863955240304	0.6668639091955565
0.16638381088689266	0.16571827869891229	0.6678979104141952
0.165256199389456	0.16714730337853245	0.6675964972320116
0.1656525069268138	0.16627210719298063	0.6680753858802057
0.16662498465152237	0.1651611829104378	0.66821383243804
0.16870143950107308	0.16526755442345303	0.6660310060754739
0.16771885216797647	0.16449528544859485	0.6677858623834287
0.16832924937866237	0.16651021011758943	0.6651605405037484
0.1658844267080442	0.16655804562196255	0.6675575276699934
0.16908776906228346	0.16455539194166646	0.6663568389960501
0.16966907528646868	0.16452099139406698	0.6658099333194645
0.16527283382252456	0.1660691429423664	0.6686580232351091
0.16609851223312191	0.16543409175405965	0.6684673960128185
0.16531306822812325	0.16547664521013677	0.6692102865617402
0.1652205254871318	0.1670340139214762	0.6677454605913922
0.16978202717419122	0.16528319581505727	0.6649347770107517
0.16962236474930506	0.16627443860545693	0.6641031966452382
0.16827615863002005	0.16517495725090028	0.6665488841190799
0.16807738108685108	0.16643619074488963	0.6654864281682594
0.1696503611277801	0.16686763447670794	0.6634820043955121
0.16997568102279176	0.1653986434982892	0.6646256754789192
0.16762741330736336	0.16689271993503485	0.6654798667576018
0.16769749762895722	0.1664814874631445	0.6658210149078984
0.16523295527362955	0.16546484315920745	0.6693022015671631
0.16895760808028754	0.16394658999278774	0.6670958019269249
0.16999378239960367	0.16558621439538285	0.6644200032050136
0.1654036175560979	0.16470095047295039	0.6698954319709518
0.16822648633191567	0.16492755146521137	0.6668459622028731
0.16644790983520477	0.16638658109087162	0.6671655090739237
0.16673854672034663	0.16561343902898312	0.6676480142506703
0.16570319795969668	0.16681552172957143	0.6674812803107321
0.16635427313059614	0.16710822527480793	0.666537501594596
0.16727604532349133	0.16397387063538144	0.6687500840411273
0.16568830575770183	0.16451907101834967	0.6697926232239486
0.16525747371841992	0.1661558414734493	0.668586684808131
0.16664093900620705	0.1645172192552321	0.668841841738561
0.16775046497512894	0.16549621332334108	0.6667533217015301
0.16854144489720232	0.16532250018377553	0.6661360549190223
0.16641750368761998	0.1661486597839067	0.6674338365284734
0.16515445326535394	0.16695340875926246	0.6678921379753837
0.16794723984096596	0.16683396567231604	0.6652187944867181
0.16928401501334348	0.1658735415482786	0.6648424434383781
0.16629736531944816	0.16591632383802773	0.6677863108425242
0.16489392478330384	0.16572980721220593	0.6693762680044903
0.1658236433442293	0.16527455905486374	0.6689017976009071
0.16524958989329433	0.16651902296873214	0.6682313871379737
0.16509885487219408	0.16734944853362577	0.6675516965941802
0.16858760047787297	0.16718550597987966	0.6642268935422475
0.1691884202072773	0.16699688226275133	0.6638146975299715
0.16725109390818263	0.16526496980803285	0.6674839362837847
0.1662086966562999	0.16678352520587164	0.6670077781378285
0.1690147288007861	0.16468332734416913	0.6663019438550448
0.16834517257689074	0.16396201209369132	0.667692815329418
0.16832309003946055	0.16480612015596904	0.6668707898045705
0.16600216181268276	0.16496749295661495	0.6690303452307025
0.16636987660985397	0.16674342714281506	0.6668866962473311
0.1665422341486686	0.1661668195312902	0.6672909463200414
0.16788815562876838	0.16476315169407124	0.6673486926771605
0.17016807820886226	0.16502699845037294	0.6648049233407649
0.16650065399333713	0.16398242071070626	0.6695169252959567
0.167729096749067	0.16574917276818868	0.6665217304827444
0.16602792262541025	0.16437950179041932	0.6695925755841705
0.1694257712991745	0.1656544890021422	0.6649197396986835
0.16507436724173552	0.16674223540654268	0.6681833973517219
0.1700916525293762	0.16527587649163328	0.6646324709789906
0.16895120987905257	0.16625611031747384	0.6647926798034738
0.16556680283397138	0.165827583760051	0.6686056134059777
0.1652866507945909	0.1656734439757959	0.6690399052296133
0.16566203784844105	0.16573112408065208	0.6686068380709069
0.16941760199432865	0.16392946452050006	0.6666529334851714
0.16731227716732003	0.1662995321133071	0.6663881907193729
0.1683950488927638	0.16417286788313282	0.6674320832241035
0.16555234526402948	0.1659082506032409	0.6685394041327297
0.16848531253643395	0.16478207781215082	0.6667326096514153
0.1680220598240707	0.1662102783601222	0.6657676618158073
0.16781797692573985	0.167295597480892	0.6648864255933683
0.16734156111244547	0.16702004071228338	0.6656383981752713
0.1669357251118684	0.1660667132316822	0.6669975616564495
0.16842669685743145	0.16700929651659646	0.6645640066259721
0.16526049833245993	0.16542510996899096	0.6693143916985492
0.1699415462863981	0.16625776469064185	0.6638006890229602
0.17023837789159524	0.16535775785030354	0.6644038642581014
0.16821662525951253	0.16706867218583787	0.6647147025546497
0.1659130340748352	0.1640279445873501	0.6700590213378148
0.16493772393245815	0.1671830701251187	0.6678792059424232
0.1654811051700633	0.16544608364025692	0.66907281118968
0.16574087929372147	0.1659543828291062	0.6683047378771725
0.16829507659922083	0.1647524688500433	0.666952454550736
0.17023329873752346	0.16501801916478362	0.6647486820976931
0.16763989560903342	0.16426957763905414	0.6680905267519126
0.16704555741259658	0.16584263529810195	0.6671118072893016
0.1693356853014137	0.16513384142224727	0.6655304732763392
0.16719110382442423	0.16530872305782263	0.6675001731177532
0.16876463104180203	0.16708829292576147	0.6641470760324366
0.166076167490037	0.1661683669306135	0.6677554655793496
0.16822705095100876	0.16656047702080312	0.6652124720281882
0.16851049233960652	0.16512221552168532	0.6663672921387083
0.17006431138493422	0.16491810180868577	0.6650175868063801
0.17008106437082776	0.1657123164373736	0.6642066191917988
0.16693602232367485	0.1652688485776428	0.6677951290986825
0.16637672423653468	0.1661636689018356	0.6674596068616299
0.16756328538259835	0.1663598885718815	0.6660768260455203
0.1690552986035801	0.166775176896167	0.664169524500253
0.16623172515693677	0.16433004494743908	0.6694382298956243
0.16788218441059213	0.16668913108429156	0.6654286845051165
0.168885346344971	0.16467616173875038	0.6664384919162787
0.1684931857709041	0.16726786558007406	0.6642389486490219
0.16938149184145804	0.16410705590861133	0.6665114522499308
0.16496651055672848	0.16577610687408156	0.6692573825691901
0.16696981091798213	0.16590768176862422	0.6671225073133937
0.1667000336321902	0.167311569727976	0.6659883966398339
0.16529864792165713	0.16566429181921039	0.6690370602591327
0.16676489805543995	0.16686549974053894	0.6663696022040212
0.1657888019839801	0.1667913427389283	0.6674198552770917
0.16819691130904552	0.16599788086637388	0.6658052078245806
0.16610789782990204	0.1644462980829267	0.6694458040871714
0.16749376254628434	0.16467526072058963	0.6678309767331261
0.1665891414299937	0.1650566936982274	0.668354164871779
0.16498569917970501	0.1652710493615922	0.669743251458703
0.16621860466677382	0.1651849965482508	0.6685963987849755
0.16602951813131037	0.16660504902513049	0.6673654328435592
0.16756496027350587	0.1650638100187044	0.6673712297077898
0.16690843027878216	0.16526824088041364	0.6678233288408043
0.16544403572404623	0.16620326391996387	0.66835270035599
0.16632852450091082	0.16691826753315275	0.6667532079659366
0.16738748495423508	0.16631810820772963	0.6662944068380354
0.16748932320159962	0.1672724714296127	0.6652382053687877
0.16760751618171804	0.1664781828669798	0.6659143009513022
0.16833102739193134	0.16669130134606736	0.6649776712620015
0.16642578656295148	0.16594047837799525	0.6676337350590534
0.16870668769604547	0.16411583456010528	0.6671774777438493
0.1678804602350381	0.16423034341526313	0.6678891963496989
0.1670375828872678	0.16609738440727434	0.6668650327054579
0.16564311923276948	0.16500796325081166	0.669348917516419
0.16604480940585203	0.16586977029269145	0.6680854203014566
0.1668847481054543	0.16653391577753282	0.666581336117013
0.1669282188496724	0.16651219267588852	0.6665595884744392
0.16508638397518918	0.16642098952855225	0.6684926264962587
0.1702390105583103	0.1655681940795128	0.664192795362177
0.1695008328747904	0.16401237006830258	0.6664867970569072
0.16751906106156939	0.16652625601739132	0.6659546829210394
0.16566834117288676	0.16508671477148867	0.6692449440556246
0.16947770157382708	0.16518928985947873	0.6653330085666943
0.16894313977616876	0.16453899011641326	0.6665178701074181
0.1690752546502404	0.16619316938490403	0.6647315759648558
0.1688955988468066	0.1658570167905417	0.6652473843626519
0.16757008266924428	0.1661821416757867	0.6662477756549692
0.165688748926854	0.16595898765444467	0.6683522634187015
0.1667014601032557	0.16530652740983565	0.6679920124869088
0.16776226775561984	0.16637763025392835	0.665860101990452
0.16832904950713484	0.1642781200902606	0.6673928304026047
0.17011278835101476	0.16565550273245533	0.66423170891653
0.16623296518056352	0.1645445117810132	0.6692225230384234
0.16841643318043537	0.16559858242534897	0.6659849843942158
0.16689748941702734	0.16428616514306427	0.6688163454399085
0.16901325332258313	0.16612098108355267	0.6648657655938643
0.1672453145662973	0.16496072831238343	0.6677939571213194
0.1653621953147272	0.16695126344159533	0.6676865412436775
0.16953450141533805	0.16576107490137643	0.6647044236832856
0.16837166734102477	0.16637727334109442	0.6652510593178809
0.16743844745901781	0.16492087176390124	0.667640680777081
0.1653338570535417	0.16527672980712865	0.6693894131393296
0.16818043938818236	0.16596369224900248	0.6658558683628153
0.1681370745094129	0.1650373856771481	0.6668255398134391
0.16869108242023495	0.16432288686474386	0.6669860307150213
0.16999199048502703	0.1664872442807121	0.663520765234261
0.16648774318552295	0.16699248241987594	0.6665197743946012
0.16987368823234963	0.16495866071222304	0.6651676510554274
0.16632697939347296	0.1668914989739285	0.6667815216325987
0.16796435850400387	0.16540952101021733	0.666626120485779
0.16757734928332854	0.16480200458234406	0.6676206461343275
0.16786317035071807	0.16641556694968085	0.6657212626996012
0.16645537503312594	0.16637447587868767	0.6671701490881865
0.16699393682279112	0.16635136921874433	0.6666546939584647
0.16989214490970506	0.16509048876093607	0.665017366329359
0.16963955925758972	0.16562291305675925	0.6647375276856511
0.16827562414939423	0.1659739022557976	0.6657504735948083
0.1686547036977472	0.1655278563324823	0.6658174399697706
0.16674995482507962	0.16472471188722854	0.6685253332876919
0.16537805591237442	0.16541279789370128	0.6692091461939245
0.16866362538734342	0.1646290135467401	0.6667073610659167
0.1677500624320879	0.16627358945341075	0.6659763481145015
0.16521152978841974	0.16520011754448732	0.669588352667093
0.16960597358570076	0.16423181648513385	0.6661622099291655
0.16811890550257333	0.16704340937321643	0.6648376851242104
0.16873104746533768	0.1648439024124589	0.6664250501222035
0.16656795214877013	0.16736996316914388	0.6660620846820862
0.1658640597706715	0.16425123552913035	0.6698847047001982
0.16601970874188257	0.16436687653618792	0.6696134147219297
0.16796445535090654	0.167037973538324	0.6649975711107695
0.1661121062580313	0.16525236054330406	0.6686355331986648
0.16803723804833673	0.16508788265281127	0.6668748792988521
0.1654650936821849	0.16515231234391375	0.6693825939739014
0.1649086707869193	0.1670105632900728	0.668080765923008
0.16911794341470754	0.16419022510266829	0.6666918314826242
0.1648677180521791	0.16573611576727848	0.6693961661805425
0.1652587870680096	0.16475147932882156	0.6699897336031689
0.16646794453465724	0.1654406781791729	0.66809137728617
0.16714634168063022	0.16423236693015292	0.6686212913892169
0.16806530719754176	0.1665624624375781	0.6653722303648802
0.16735934614283243	0.16567053518926708	0.6669701186679007
0.1667749571048273	0.1651832715367672	0.6680417713584057
