0.37786290344280044	0.370238406583616	0.2518986899735836
0.37781307481247356	0.3703091979380025	0.25187772724952406
0.3778519834931028	0.3702361448323567	0.25191187167454065
0.37783229841697186	0.37025775316708304	0.25190994841594516
0.3778696866785003	0.37024719143582385	0.25188312188567596
0.3778277101137094	0.3702825758035574	0.2518897140827333
0.37786819670695326	0.37021424471124276	0.2519175585818041
0.3778251675306888	0.37026707528860114	0.2519077571807101
0.37786437165750514	0.3702208564136591	0.2519147719288358
0.3777986121625394	0.3703237646348117	0.25187762320264895
0.37782769130478194	0.37028897596385596	0.2518833327313622
0.37779718593965667	0.3703321389581654	0.25187067510217803
0.37779774636210656	0.3703006816092252	0.25190157202866836
0.3778245657224134	0.37026599593653664	0.25190943834105006
0.3778250230410992	0.3702973185721607	0.2518776583867402
0.37787123489713426	0.37023963362934115	0.25188913147352465
0.37781991152003636	0.37028125592539074	0.251898832554573
0.3777984450407034	0.37033166203980644	0.25186989291949025
0.37781972165090666	0.37030762809375517	0.2518726502553383
0.3778025444197564	0.37032621491135026	0.25187124066889344
0.3778031301543249	0.3703098307202779	0.25188703912539734
0.37783329672880217	0.3702574282328856	0.2519092750383123
0.37780091631342627	0.37029572840248665	0.25190335528408714
0.37781738558923295	0.37029117146391816	0.251891442946849
0.37785927997039187	0.3702473960213277	0.25189332400828046
0.37783630924108447	0.3702888353947478	0.2518748553641678
0.37785453456881524	0.3702308242260444	0.2519146412051404
0.3778297429898782	0.37027492842107546	0.2518953285890464
0.3778684970469802	0.3702564630936906	0.25187503985932935
0.3778363388436287	0.3702813725513755	0.2518822886049959
0.37784443761466213	0.3702692201270096	0.2518863422583284
0.37785328117537154	0.3702478775003043	0.2518988413243243
0.3778272958518353	0.37026018973467	0.2519125144134949
0.3778451999861874	0.3702567033057218	0.25189809670809094
0.37780206841275715	0.37030687556546593	0.251891056021777
0.37783922987947177	0.37029127915590787	0.2518694909646204
0.37780655810459374	0.3702821023995447	0.25191133949586175
0.37781296534238995	0.3703153815403092	0.251871653117301
0.37785163819096956	0.37024635019420893	0.2519020116148216
0.37785298259377387	0.3702658028835007	0.25188121452272555
0.37785984741405704	0.37026631534212506	0.251873837243818
0.3778667077468192	0.3702609438652561	0.2518723483879248
0.37786668555230024	0.370216854104215	0.25191646034348486
0.3778478275850429	0.3702830081496269	0.25186916426533035
0.37780952371166504	0.37027532524535556	0.2519151510429795
0.377837906563161	0.3702666618488667	0.25189543158797234
0.37781106779046786	0.3703195120712763	0.251869420138256
0.3778493320784935	0.3702449052276214	0.2519057626938852
0.37779953428892	0.37033262288913577	0.2518678428219443
0.3778454832734397	0.37026718451752705	0.2518873322090334
0.37781607662825706	0.37028845842967884	0.2518954649420642
0.3778102705606508	0.3702851705293068	0.2519045589100425
0.3777956605304307	0.3703015233896963	0.2519028160798731
0.3778693347658098	0.37024813519785216	0.25188253003633815
0.37785949782714245	0.37022677252193265	0.251913729650925
0.37786008279475297	0.37027281502450304	0.2518671021807441
0.37782743885197556	0.3702842166108756	0.2518883445371489
0.3778288387726246	0.3702562199747549	0.2519149412526206
0.37783101836411537	0.3702751593215725	0.25189382231431223
0.37784974680930977	0.37024344427196865	0.2519068089187217
0.37784986051801295	0.370275527685343	0.25187461179664417
0.37780181998106144	0.37033011381975267	0.251868066199186
0.37780795402042544	0.3702963211758739	0.25189572480370076
0.3778235512781875	0.3702938949811203	0.2518825537406923
0.37780530096610704	0.37030185236748175	0.2518928466664113
0.37781225830885334	0.3702859354461132	0.25190180624503355
0.37782697550470773	0.3702665782144745	0.2519064462808179
0.3778453406067966	0.37024901214145334	0.25190564725175024
0.37784236584496655	0.3702467133986815	0.25191092075635213
0.3778693721436085	0.3702138786012602	0.2519167492551314
0.3778479761195026	0.37026554752144225	0.25188647635905526
0.3778253205059151	0.3702814755808945	0.2518932039131905
0.3778311813181179	0.37025789609490245	0.2519109225869798
0.3778314179661125	0.37027755983978644	0.25189102219410114
0.3778557571578067	0.37023410118417044	0.25191014165802295
0.37779782053048216	0.37032359388811054	0.2518785855814074
0.3778034766504664	0.3703258361795238	0.2518706871700099
0.3778714932310392	0.370215094294032	0.25191341247492893
0.3778093078391936	0.3703048243562393	0.25188586780456723
0.3778535279049526	0.37026729084977855	0.251879181245269
0.3778009689110521	0.3703151106202197	0.2518839204687283
0.3778177116695217	0.37028117629778545	0.25190111203269294
0.3777968504608334	0.37029079348899185	0.2519123560501748
0.37786014635628773	0.3702703638399696	0.2518694898037428
0.37786912976391496	0.370258741720753	0.25187212851533214
0.3778475086505836	0.3702686705712016	0.251883820778215
0.37786073680528365	0.37027032180950015	0.25186894138521626
0.3778704449015444	0.3702263505184742	0.2519032045799815
0.37779905692459137	0.3703269754902492	0.25187396758515956
0.3778243972243174	0.37027536068468375	0.25190024209099904
0.37783103181320704	0.3702941628453938	0.2518748053413993
0.3778510827594209	0.3702774007576597	0.2518715164829195
0.3778434813552658	0.3702750345525957	0.2518814840921386
0.377831585741303	0.3702968069856059	0.2518716072730912
0.3778449169350366	0.3702428686701808	0.25191221439478273
0.3778715420440773	0.37025765640845026	0.25187080154747254
0.37786228772623925	0.3702233511741836	0.2519143610995772
0.3778468970350827	0.37024969642320305	0.25190340654171445
0.37784846969334734	0.37028350600886784	0.25186802429778493
0.3778341468259675	0.3702864544088177	0.2518793987652149
0.37780240843316415	0.3702959444455693	0.2519016471212667
0.3778701979979186	0.3702260784617234	0.25190372354035817
0.3778352436905915	0.3702857927726749	0.25187896353673367
0.37780298234403226	0.37031199274243876	0.2518850249135291
0.37781833938011894	0.37028222202978917	0.251899438590092
0.3778426170856697	0.37027124194692834	0.2518861409674021
0.377819626433251	0.37028425785128405	0.25189611571546505
0.37781418745892986	0.3702899359837784	0.25189587655729184
0.37785095194896273	0.3702350261629786	0.2519140218880588
0.3778516044916596	0.3702437921943406	0.2519046033139999
0.3778093353056004	0.3702888572092634	0.2519018074851363
0.3778307896437519	0.37028948385531907	0.25187972650092916
0.3778437612471002	0.37024744988101116	0.2519087888718887
0.3778541446803779	0.37025666052489004	0.25188919479473215
0.37784867572914344	0.37024729610750085	0.25190402816335583
0.37780372877991936	0.3702953397180404	0.25190093150204035
0.3778050082619857	0.3703109915860115	0.25188400015200296
0.37785573415126283	0.3702363402933813	0.25190792555535596
0.3778633040746491	0.3702587248271682	0.2518779710981829
0.37786576020435186	0.37021717913830243	0.25191706065734576
0.37784138789968896	0.37026803665539787	0.2518905754449133
0.37780725858940584	0.3703064148974333	0.25188632651316095
0.37783879357845224	0.37025499733440864	0.25190620908713923
0.3778507882964012	0.3702485150039348	0.25190069669966414
0.377823215207599	0.3703023781514409	0.25187440664096017
0.37787074318940006	0.37024195110575636	0.2518873057048437
0.3778672217436469	0.37024210532413676	0.25189067293221645
0.37783611301010034	0.37028668069370607	0.2518772062961937
0.37782416389571455	0.37027676231277346	0.2518990737915121
0.3778318003266709	0.37027498601325015	0.25189321366007905
0.3778670200440166	0.37026568529450793	0.25186729466147556
0.3778461120293006	0.37026739210940973	0.2518864958612898
0.37784711473421256	0.3702644355982245	0.2518884496675631
0.37782635474051574	0.370300524932703	0.2518731203267814
0.37783017889339865	0.370266796477985	0.25190302462861647
0.3778415528735162	0.3702904881731195	0.25186795895336445
0.37782297921432767	0.37026973855265033	0.25190728223302217
0.3778620968182242	0.3702571019978667	0.2518808011839092
0.377836741136912	0.37029168267894735	0.25187157618414074
0.3778311497593916	0.3702968585447642	0.2518719916958443
0.3778599747592652	0.3702706455773346	0.2518693796634003
0.37785456137046214	0.37023136353027475	0.2519140750992632
0.3778233762021149	0.37030137493561854	0.2518752488622667
0.377861113407181	0.3702554940201914	0.2518833925726277
0.3778559383711769	0.3702501416855796	0.25189391994324356
0.37786939972771055	0.37021271292582664	0.2519178873464629
0.3778370547288088	0.37026083370813306	0.25190211156305825
0.3778152119750449	0.3703066858514435	0.2518781021735117
0.3778718051055098	0.37021197187546023	0.2519162230190301
0.37786743767801395	0.3702159941280809	0.25191656819390523
0.3778672447669585	0.3702183779295032	0.25191437730353844
0.37782875759904344	0.3702751496048556	0.25189609279610115
0.37782913439858196	0.3702811190986748	0.25188974650274343
0.37780382936507934	0.37029061723837564	0.2519055533965451
0.377806729228729	0.37032258372828375	0.2518706870429874
0.3778535991361063	0.3702589699669194	0.2518874308969744
0.37781182181299333	0.3702918159772275	0.2518963622097793
0.3778691386836689	0.37021360922898394	0.2519172520873473
0.3778398658348879	0.3702504840724362	0.251909650092676
0.3778238345078433	0.37030832056082197	0.25186784493133485
0.37785925059267045	0.3702444895823835	0.2518962598249462
0.3778141851550481	0.370271652830359	0.251914162014593
0.3777976632563107	0.3703034482211502	0.2518988885225392
0.3778563208531666	0.3702572988925013	0.2518863802543322
0.37780081813002964	0.3703149045500897	0.2518842773198808
0.3778096308600711	0.3702784524371745	0.25191191670275453
0.3778688950317504	0.37025424342580787	0.2518768615424418
0.377801906483769	0.37028269383439083	0.25191539968184024
0.37786448129790945	0.3702449102748608	0.2518906084272299
0.3778499917537297	0.3702742972594991	0.2518757109867713
0.37786039171690367	0.3702589791083718	0.2518806291747246
0.3778008857660707	0.37031984871099555	0.25187926552293394
0.37784102185803514	0.3702487560888579	0.2519102220531071
0.37782957482772755	0.3702991162256348	0.2518713089466378
0.37784100268308807	0.37028322187456214	0.2518757754423499
0.37786118651472533	0.37023050791285117	0.2519083055724236
0.3778495071719744	0.37028044334710053	0.2518700494809252
0.37780570246828526	0.3703186024588584	0.25187569507285645
0.377823716877657	0.37029752034942043	0.2518787627729227
0.37787356109183284	0.37024006821020217	0.2518863706979651
0.3778046220490702	0.3703090588242261	0.2518863191267038
0.3778292636032338	0.37030175227420203	0.2518689841225643
0.3778179417655301	0.37030842781937945	0.2518736304150906
0.37786614233418475	0.3702582086421129	0.25187564902370246
0.37784617756268757	0.3702398072434841	0.2519140151938284
0.37783595927835856	0.37029348031438253	0.251870560407259
0.3778622368744392	0.3702408115035918	0.2518969516219691
0.37785593709850895	0.3702548773555686	0.25188918554592254
0.3778596757857734	0.37022708984305	0.25191323437117674
0.377803930873823	0.37030996106875674	0.2518861080574204
0.37784316492760633	0.3702612443126748	0.25189559075971896
0.37786529455566725	0.37025602598547136	0.2518786794588615
0.3778596348643224	0.37026036656154815	0.2518799985741296
0.3778595748522854	0.3702243891989542	0.25191603594876055
0.37786333690731544	0.37026536648723823	0.25187129660544644
0.37785701426945284	0.3702757881468273	0.25186719758371995
0.37784820196694613	0.37025568473643544	0.2518961132966185
0.37782867848962237	0.3702628031232472	0.2519085183871305
0.3778596172303803	0.370243641523738	0.25189674124588185
0.37784364355798894	0.3702745861192764	0.25188177032273473
0.3778441172333112	0.3702563947282967	0.25189948803839224
0.37786680441421705	0.3702441876171592	0.2518890079686238
0.3778354608592571	0.3702492356038161	0.2519153035369268
0.3778159592027083	0.3703095111619449	0.25187452963534696
0.37785078658623394	0.37026077312023103	0.25188844029353513
0.3778291652897334	0.37029983974264274	0.25187099496762394
0.37786752416498237	0.3702610683134079	0.25187140752160986
0.3778062205575742	0.37028362223353084	0.2519101572088951
0.3778389235586823	0.3702474420649168	0.251913634376401
0.3778022327927962	0.37029644943445017	0.25190131777275376
0.37781054242115636	0.3702888100697398	0.25190064750910396
0.3778516879477354	0.3702482556728963	0.2519000563793684
0.377824689253139	0.37028875144571416	0.25188655930114695
0.3778028371935212	0.370292325396896	0.2519048374095829
0.3778625898698621	0.37025933873998834	0.2518780713901497
0.3778542194489529	0.3702332842728162	0.251912496278231
0.37779929357757464	0.37030833105152233	0.25189237537090314
0.3778021971919327	0.3703065692286691	0.25189123357939824
0.37781933329400785	0.37031012656153267	0.2518705401444596
0.37780980812406423	0.3702941241713909	0.251896067704545
0.3778229506285278	0.37030414873284945	0.2518729006386229
0.37786389505505996	0.37023108820603423	0.2519050167389059
0.37784993632771197	0.37023481379005596	0.25191524988223213
0.37780732724878247	0.37028723234559213	0.2519054404056255
0.37779754225343815	0.3703273853251887	0.2518750724213732
0.3777983289999436	0.3703071115899873	0.2518945594100692
0.37781201516565	0.37031278733503925	0.25187519749931087
0.3778152856073289	0.3702878456390533	0.25189686875361794
0.37786389381179	0.37022953189728347	0.25190657429092667
0.37784533533910813	0.3702559459434262	0.2518987187174657
0.3778261148607556	0.37029317293670655	0.25188071220253794
0.3778703642763468	0.37023009044674793	0.2518995452769054
0.3778601976077351	0.37024054133291084	0.2518992610593542
0.3778496179690809	0.3702396397903975	0.2519107422405217
0.37781145499220137	0.37031452743337545	0.2518740175744233
0.3778722006603794	0.3702117896064717	0.251916009733149
0.3778252358625549	0.3702794733404212	0.25189529079702405
0.37781510315026956	0.3702916827949723	0.25189321405475823
0.37782378109556375	0.37026247599434803	0.25191374291008833
0.3778050864160434	0.3703048482016952	0.2518900653822615
0.3778101442369271	0.370298581837319	0.251891273925754
0.3778043450612897	0.3702873720934506	0.2519082828452599
0.37786922364527037	0.3702507351511056	0.2518800412036241
0.3778280423544058	0.3702938559518205	0.2518781016937737
0.37784678977353525	0.37028350873711247	0.2518697014893524
0.3778397481915993	0.37028612109700276	0.2518741307113981
0.3778395520022115	0.37027777225244823	0.2518826757453404
0.3778364546832496	0.3702950198541152	0.2518685254626353
0.3778731734669282	0.3702151529003291	0.2519116736327428
0.37786857876860114	0.3702530743315831	0.25187834689981586
0.3778246707211692	0.37029694678306596	0.25187838249576494
0.37782418920508204	0.37026265927864077	0.2519131515162773
0.37780235582641813	0.37030062557730775	0.2518970185962742
0.37779680389515896	0.3703215394032877	0.25188165670155344
0.3778060080280426	0.3703087026730536	0.25188528929890397
0.3778575558055894	0.37026300731706874	0.251879436877342
0.37781401692684213	0.3703063622157964	0.2518796208573616
0.37780118227011217	0.37029963445455194	0.251899183275336
0.37785923407935157	0.3702429692949201	0.2518977966257284
0.3778096493205596	0.37029859336448123	0.2518917573149593
0.37786338521390395	0.3702224209930524	0.25191419379304375
0.37783290909141315	0.3702636692535345	0.2519034216550525
0.3778496006053917	0.3702392668564171	0.2519111325381913
0.3778193506519531	0.37029888981660186	0.25188175953144515
0.37786889762018194	0.3702137718847156	0.25191733049510256
0.377844203937899	0.37025324184381947	0.2519025542182816
0.3778643521941075	0.3702537890334075	0.25188185877248503
0.37782485746957134	0.3702854666105653	0.2518896759198635
0.37782896259285814	0.370281884268499	0.2518891531386429
0.3777995536529221	0.3702953947408031	0.25190505160627485
0.37780782379524347	0.3702823032744786	0.2519098729302781
0.3778020105731208	0.3703099205076462	0.2518880689192331
0.3778406680778983	0.3702628387421319	0.2518964931799699
0.37781181645611817	0.37028184562200095	0.251906337921881
0.377805991388668	0.3703155084336809	0.25187850017765123
0.377798381667796	0.37029554620289573	0.25190607212930843
0.37783633258982174	0.37026356674404104	0.2519001006661373
0.3778491352560645	0.37026891238711457	0.251881952356821
0.3778231862997368	0.37029306811295964	0.25188374558730364
0.37781341612959785	0.37029196251713725	0.251894621353265
0.377832461396685	0.37029064700401654	0.2518768915992985
0.37781002115988144	0.37031253061223224	0.25187744822788644
0.3778128799100728	0.37031010142528575	0.25187701866464157
0.3778522221859414	0.3702484981373104	0.2518992796767483
0.377854522366617	0.37026935835306135	0.2518761192803218
0.377865632206262	0.37023049597834895	0.25190387181538915
0.3778268717242413	0.37028174499008165	0.2518913832856772
0.3778006818601971	0.37030787605034265	0.25189144208946035
0.3778092203724211	0.370308910797154	0.25188186883042507
0.3778436555409	0.37028202951505285	0.25187431494404733
0.37782551164391176	0.37030683351584737	0.251867654840241
0.3778148742342978	0.37029748541941865	0.25188764034628364
0.3778613208327447	0.3702497356904298	0.2518889434768256
0.3778156787858743	0.3702770047360082	0.2519073164781176
0.3778038816786587	0.37029814016209234	0.2518979781592491
0.377871517835084	0.3702281194503453	0.2519003627145709
0.37785773415387897	0.3702647010667673	0.25187756477935386
0.37782916274802064	0.37026456589150863	0.25190627136047083
0.3778534959719215	0.3702403526724266	0.251906151355652
0.3778681343930703	0.3702198545525598	0.25191201105437
0.3777967787736536	0.3703336306910366	0.25186959053530994
0.3778049485426793	0.3703264195033834	0.2518686319539374
0.3778602834622326	0.37024086143551405	0.2518988551022534
0.37785370282389047	0.37024389983201633	0.2519023973440933
0.37783729125422616	0.37027426927262574	0.2518884394731482
0.37779893778089857	0.3703231689263712	0.25187789329273036
0.3778419169451846	0.3702551524876253	0.2519029305671902
0.3778297955585234	0.3702773751911322	0.2518928292503445
0.3777970893539471	0.37033150345160115	0.2518714071944519
0.3778235174847345	0.3702817892635797	0.25189469325168595
0.3778074513948054	0.37029650240473094	0.25189604620046374
0.37781933957372693	0.370289531362649	0.25189112906362415
0.37785286598786827	0.37023842332597134	0.2519087106861605
0.37786800283818006	0.37022844821559087	0.2519035489462292
0.37779948425251836	0.37031098446698024	0.2518895312805015
0.3778116084356448	0.3702976145335365	0.2518907770308188
0.37780821780622104	0.3702932070696805	0.2518985751240986
0.37779509915926557	0.37029263778629357	0.25191226305444103
0.3778109085869166	0.37029107495687047	0.251898016456213
0.3778012308995293	0.3702859471742959	0.251912821926175
0.3778405911402224	0.3702432040472336	0.2519162048125441
0.37781851048705195	0.37027747634393654	0.2519040131690116
0.37784369165434023	0.3702528673917166	0.25190344095394324
0.3778366908474981	0.3702478480495685	0.2519154611029335
0.37780075978730837	0.37029485628192976	0.251904383930762
0.3778578588124615	0.37022743414599346	0.25191470704154517
0.3778556500455875	0.37024103125086977	0.2519033187035428
0.37780045481903624	0.3703049466433505	0.2518945985376133
0.3778233450331244	0.37028549466947885	0.25189116029739683
0.37785920869921996	0.37024694481608816	0.25189384648469204
0.37784394860458326	0.37028007327473816	0.2518759781206787
0.3777952806443304	0.3703117463907785	0.2518929729648912
0.3778426588238032	0.37026669939873535	0.25189064177746157
0.3778365289633411	0.370277125753868	0.251886345282791
0.37783014225208067	0.3702613574385383	0.2519085003093812
0.37780481990782927	0.37027760895205575	0.2519175711401151
0.3778175605749996	0.370267673932151	0.2519147654928495
0.3778649662522316	0.3702352471468616	0.2518997866009069
0.3778580297461961	0.37026873319697495	0.25187323705682907
0.3778024144513265	0.37028934873216546	0.2519082368165081
0.3778697399036649	0.37023907491071123	0.2518911851856239
0.3778340048587948	0.3702867427147809	0.2518792524264244
0.37782900703743016	0.3702559602980252	0.25191503266454474
0.37782873133975664	0.37030250359058153	0.25186876506966194
0.37784072960956777	0.37024856229083497	0.2519107080995973
0.37786298954971653	0.37025524282924616	0.2518817676210374
0.3778603746022597	0.3702701240555778	0.2518695013421627
0.3778305225854929	0.37029349991995936	0.2518759774945479
0.3778253890131211	0.3702895322205664	0.25188507876631266
0.377824749435813	0.37026316003011833	0.25191209053406877
0.3778163836366711	0.37030817271131505	0.251875443652014
0.3778295439319699	0.37029755777403617	0.251872898293994
0.3778319390415612	0.3702565902793612	0.2519114706790777
0.37787016010947844	0.3702175061961669	0.2519123336943548
0.37787202423087435	0.37023592658421045	0.25189204918491526
0.3778658685444954	0.37023563163327594	0.2518984998222288
0.377801763347478	0.3702986410087247	0.2518995956437974
0.3778255217373513	0.37025801942705516	0.25191645883559366
0.3778507335457774	0.37025303079908634	0.2518962356551364
0.37779562470749795	0.3703037953497673	0.25190057994273485
0.37783257779587803	0.3702605417052733	0.2519068804988488
0.3778120775228196	0.3702941620721883	0.25189376040499223
0.37785241215545656	0.37024429119809454	0.251903296646449
0.37780499036241366	0.37030762518468685	0.2518873844528996
0.3778357368064763	0.37025492106126295	0.2519093421322609
0.37783074071869793	0.37025219352493105	0.2519170657563711
0.37779693235544143	0.3703196574828472	0.25188341016171156
0.3778413886269751	0.3702731600571444	0.2518854513158806
0.37780428417879575	0.37028304696751085	0.2519126688536935
0.3778091761547567	0.3703204062350396	0.2518704176102039
0.37781395436436055	0.37030595094379	0.2518800946918496
0.3778352546746002	0.37027651248600885	0.25188823283939105
0.37780040608772153	0.37032989480529677	0.25186969910698176
0.3778510897587288	0.3702681180842443	0.251880792157027
0.3778694937319221	0.37021500613634495	0.2519155001317331
0.3778635958647947	0.37026271044862236	0.2518736936865831
0.3778406394335291	0.370287490296917	0.25187187026955404
0.3778247032595509	0.3703048446796603	0.25187045206078895
0.3778480771460528	0.37025506679567505	0.2518968560582722
0.37780714337604754	0.37029909443475106	0.25189376218920145
0.3778658373282269	0.37023061161012233	0.25190355106165097
0.3778451127921509	0.3702527341372288	0.2519021530706204
0.3778052948626851	0.37029378742329316	0.2519009177140218
0.37779617152519224	0.37032465314066776	0.2518791753341401
0.37784743276788957	0.3702369553624254	0.25191561186968514
0.37787302186490673	0.3702550163023339	0.2518719618327595
0.3778056333110132	0.3703188612203855	0.2518755054686014
0.3777953152189526	0.3703142770296266	0.2518904077514209
0.37782661015701197	0.3702800096846604	0.25189338015832774
0.3778116926858742	0.3702755653573649	0.25191274195676094
0.3778411524621759	0.3702514227427824	0.2519074247950418
0.3777970349125108	0.3703334037586863	0.25186956132880306
0.3778101070970858	0.37030116850154626	0.251888724401368
0.3777986210894473	0.37029313413371806	0.2519082447768348
0.37779761137295087	0.37030916828136695	0.2518932203456823
0.37784857026356944	0.3702352021923856	0.25191622754404513
0.3778285336415616	0.3702999947306689	0.2518714716277696
0.37781056908516963	0.3702892606659032	0.2519001702489273
0.37785863048877855	0.3702723085209091	0.2518690609903125
0.3778499497495606	0.3702415147173226	0.25190853553311693
0.3778156554584948	0.37027513533701684	0.25190920920448845
0.3778167838825427	0.37029612923024224	0.25188708688721523
0.37785609173182333	0.37025027418501055	0.25189363408316623
0.37784828464169135	0.37025625418927455	0.25189546116903416
0.37787392527385527	0.3702163650881867	0.2519097096379581
0.37780699182920857	0.37030630688104693	0.2518867012897446
0.3778736783894934	0.3702233036250821	0.25190301798542464
0.37783413342785893	0.3702853195820244	0.25188054699011686
0.377797445483675	0.3702926610813058	0.25190989343501935
0.37782657192081787	0.3702855184953977	0.2518879095837846
0.3778197131565759	0.37027794498557004	0.2519023418578542
0.37780332382115744	0.37029735902804695	0.25189931715079567
0.37786012008499936	0.3702436817060857	0.2518961982089151
0.37780739368830446	0.3702937997340014	0.25189880657769426
0.37786362805821694	0.3702574375770197	0.2518789343647635
0.37780690862702115	0.3703185476621133	0.2518745437108656
0.37780904629953804	0.37029608113835466	0.2518948725621074
0.37783649368498073	0.37025644232303634	0.25190706399198304
0.37780366306802493	0.37028962865715914	0.25190670827481604
0.37782669764613774	0.3702568413409668	0.2519164610128956
0.3778327167108737	0.3702652452993532	0.2519020379897732
0.3778285993293661	0.3702625743778294	0.25190882629280464
0.3778312770762746	0.37026222591044045	0.25190649701328505
0.3778468388138849	0.370242733742611	0.2519104274435042
0.3778255220265658	0.3703008364419709	0.2518736415314634
0.3778528895046104	0.3702491734172088	0.2518979370781809
0.37783838625002475	0.3702499799548481	0.25191163379512727
0.37782489079946074	0.3702965277725474	0.25187858142799197
0.3778333171969454	0.37027456878952053	0.2518921140135342
0.37780400663014085	0.37032044479811765	0.2518755485717416
0.3778108530765048	0.3703143805328444	0.25187476639065093
0.37783092313488437	0.3702823711358212	0.2518867057292946
0.377824880367348	0.37028662805601026	0.2518884915766418
0.37785934482654165	0.3702261284273756	0.25191452674608283
0.3778076470221583	0.3703164459443404	0.2518759070335015
0.37779619065457043	0.3703343281683205	0.25186948117710917
0.3778669700735855	0.37023129549748274	0.2519017344289319
0.3778531748153043	0.3702496672453294	0.25189715793936646
0.3778503894559122	0.3702797287828869	0.251869881761201
0.37782123626051395	0.37030932180150133	0.25186944193798483
0.3778583006477696	0.3702463048916106	0.25189539446062
0.37780905573547113	0.3702958026153632	0.2518951416491658
0.37782462475428946	0.3702663002837078	0.2519090749620028
0.37786791950976834	0.37023410801696494	0.25189797247326684
0.37785840496841183	0.37026603609045944	0.25187555894112884
0.37786869057353656	0.37024236660004406	0.25188894282641944
0.3778675337578463	0.3702285610323567	0.2519039052097971
0.37786086417672893	0.37023754756027333	0.2519015882629978
0.37783699682095895	0.3702884161952562	0.2518745869837849
0.37780007901485424	0.37032542310441174	0.2518744978807341
0.3778565626357517	0.37023903283233006	0.25190440453191837
0.3778571408348489	0.37026905598925197	0.25187380317589925
0.3778029614144426	0.37029838179087377	0.2518986567946837
0.3778150237899932	0.3703128232162396	0.2518721529937673
0.37781011489663446	0.37029666786083715	0.25189321724252856
0.3778542463161022	0.3702770576446497	0.2518686960392482
0.3778134436826787	0.3703061516162805	0.2518804047010409
0.37786441726988973	0.3702594614676717	0.2518761212624387
0.37783595613635457	0.3702952163355874	0.2518688275280582
0.377825070913137	0.37026359986620255	0.25191132922066056
0.3778202463564617	0.3702960298529612	0.25188372379057716
0.3778092581032199	0.37030938148940845	0.25188136040737175
0.3778018198931338	0.3703170279337222	0.2518811521731442
0.3778677953109299	0.37022132130878177	0.25191088338028844
0.3778329143290785	0.37025514398734627	0.2519119416835753
0.377858420761499	0.370259290015609	0.25188228922289213
0.3778262411004914	0.37027260776465903	0.2519011511348497
0.3778537295333993	0.37022930502977164	0.2519169654368292
0.3778718491294283	0.37024793993009764	0.2518802109404742
0.377840415502264	0.3702754355875552	0.2518841489101809
0.3778467902567966	0.3702442375386759	0.25190897220452757
0.3778281340078352	0.37028495976866305	0.25188690622350185
0.37782814471036547	0.3702953473113027	0.25187650797833194
0.37782567541937523	0.3702789774019577	0.2518953471786672
0.37784611111215083	0.37023684927130995	0.25191703961653933
0.3778348736993221	0.37028688236356466	0.2518782439371133
0.37782262543730394	0.3703078589478486	0.25186951561484755
0.3778029007704109	0.37031928178736045	0.25187781744222876
0.377853868809953	0.37025724421307754	0.2518888869769696
0.3778380077133273	0.3702803560155633	0.2518816362711095
0.37782109452518486	0.37027887835081	0.25190002712400517
0.377859715514133	0.3702469254907698	0.25189335899509735
0.37784038155449257	0.3702862534250536	0.25187336502045393
0.37780443345658965	0.3703123812039959	0.25188318533941456
0.37782348018702294	0.37030467453849936	0.25187184527447776
0.377819868996052	0.3703123772133239	0.2518677537906242
0.37784568891274495	0.3702502789589604	0.25190403212829476
0.3778051819568223	0.3703046805353028	0.25189013750787503
0.3778240393157647	0.37026798066541766	0.25190798001881776
0.37786061126790177	0.37024221023675674	0.25189717849534166
0.37781726761192197	0.3702848242844373	0.2518979081036408
0.3778641520689015	0.37023312356971866	0.25190272436137995
0.3778645738437788	0.3702680267488505	0.2518673994073708
0.3778683821752053	0.3702166103030725	0.2519150075217223
0.377817219269785	0.37031177660782544	0.25187100412238966
0.3778622453799477	0.3702536396985525	0.25188411492149987
0.377866450939193	0.3702241142971387	0.25190943476366845
0.3778317926660903	0.3702943296600685	0.2518738776738413
0.3778491044588442	0.3702377591128131	0.25191313642834284
0.3778069716200523	0.37031427786589466	0.2518787505140532
0.37781854060630937	0.3703066013533853	0.2518748580403055
0.37785446725343297	0.37024437026255164	0.2519011624840155
0.3778313265112525	0.37028783576063806	0.25188083772810954
0.3778630319873426	0.37024110861513765	0.2518958593975199
0.3778324886469995	0.3702746621548277	0.25189284919817295
0.37782524189146094	0.37026789107765484	0.2519068670308843
0.3778404368139683	0.37024931529751615	0.2519102478885156
0.3778229048176083	0.3702848750891008	0.251892220093291
0.377833694259703	0.3702952526474241	0.25187105309287305
0.3778653521596096	0.37026228175260767	0.2518723660877828
0.37787220216607853	0.37023449664494623	0.25189330118897535
0.37782613942989574	0.3702843811516565	0.25188947941844786
0.37780436866229794	0.37032549450144814	0.25187013683625403
0.37786800595157066	0.37023944823541444	0.251892545813015
0.37785892022673734	0.37023761958818824	0.25190346018507453
0.3778432522024094	0.3702495084112716	0.25190723938631915
0.37786873685848776	0.37022571154413986	0.2519055515973725
0.37786406776031845	0.37025158762687427	0.2518843446128074
0.37780225283072527	0.3703135199518591	0.2518842272174157
0.37785170458412204	0.3702477692782398	0.25190052613763825
0.3778259707772233	0.370275214587113	0.25189881463566377
0.3777987485344335	0.37030231817646353	0.25189893328910307
0.37781769519151137	0.37027749183957664	0.2519048129689121
0.3778259064256998	0.37029182121233384	0.2518822723619665
0.3778240162145399	0.3702863692584374	0.25188961452702274
0.3778503778062463	0.37025393055744427	0.2518956916363095
0.37784274925940475	0.3702521537796457	0.25190509696094965
0.37783962712256913	0.3702783451866508	0.25188202769078016
0.37787077322127743	0.3702476884502396	0.2518815383284831
0.37783554233802025	0.37026550915942047	0.25189894850255945
0.3777970931424609	0.37028499020527195	0.25191791665226726
0.377826174186305	0.37025636284345015	0.251917462970245
0.37785390325625884	0.3702337984248679	0.25191229831887335
0.3778409253247681	0.3702862611353116	0.25187281353992036
0.3778390509882305	0.37025313101605206	0.2519078179957175
0.37786342630025915	0.3702590988666973	0.2518774748330437
0.3778519644120823	0.37025695446449247	0.25189108112342534
0.3778032311701189	0.3703003121186691	0.2518964567112121
0.3778669932458957	0.3702229658483825	0.25191004090572194
0.37783149764971863	0.37029541192749965	0.25187309042278183
0.377819386955193	0.370309088956121	0.25187152408868607
0.377852687728538	0.3702590012029663	0.25188831106849585
0.37784755596985237	0.37028203857445496	0.2518704054556927
0.3777983026226757	0.37030481636746687	0.2518968810098575
0.3778578162226115	0.37022587351483344	0.2519163102625552
0.3778549448712935	0.3702458287835258	0.2518992263451808
0.37782627259643065	0.3702915220136159	0.25188220538995354
0.3778428813416957	0.3702678199691566	0.25188929868914783
0.3778471379132073	0.3702788536546178	0.251874008432175
0.3778186689020877	0.3702727424310743	0.2519085886668382
0.37781190953039123	0.37032003456453405	0.25186805590507483
0.37779664502311083	0.37030754427984786	0.2518958106970414
0.37780426177765936	0.37028934358706517	0.2519063946352756
0.3778374212906107	0.3702686416364235	0.2518939370729659
0.37783261843276683	0.3702557652677604	0.25191161629947284
0.3778244486870783	0.37027226788971124	0.25190328342321056
0.37782245964142636	0.37029861615401877	0.25187892420455493
0.3778124483638477	0.3702733176137735	0.2519142340223789
0.3778169401015729	0.3702936679564029	0.2518893919420243
0.3778069267933435	0.37032532878524416	0.25186774442141246
0.3778641609312718	0.37022258545064246	0.2519132536180858
0.3778192788252453	0.37029566968125693	0.25188505149349794
0.3778186627798026	0.37028119357941985	0.2519001436407777
0.3777959396369581	0.37033472619309665	0.2518693341699454
0.37781319737244257	0.3702690977538836	0.2519177048736739
0.37781593346091014	0.3702699216081504	0.25191414493093955
0.37782023723164254	0.37026666305548694	0.2519130997128706
0.37782017996295414	0.3702921538161385	0.25188766622090747
0.37781783736777375	0.3702952721113471	0.25188689052087926
0.3778372032395628	0.3702713676049884	0.2518914291554489
0.3778251033508905	0.3702891532913574	0.2518857433577522
0.377845690242021	0.3702783398694178	0.25187596988856126
0.3778603949552787	0.3702395749110081	0.2519000301337133
0.37786659650986426	0.37026525817908634	0.2518681453110495
0.37784282301566025	0.3702714738904782	0.25188570309386166
0.377846354974952	0.3702691238582491	0.25188452116679905
0.3778672707423279	0.3702154909852077	0.2519172382724645
0.3778698988197881	0.3702136382707292	0.25191646290948283
0.3778319227253424	0.37027531470813085	0.2518927625665269
0.3778377020542951	0.37028286133233024	0.25187943661337475
0.3778143495735277	0.37029906897943243	0.25188658144703996
0.3778517584780482	0.37024831432722627	0.2518999271947256
0.37782866242684837	0.3702716579313349	0.2518996796418168
0.3778209453229771	0.3702621452150972	0.25191690946192585
0.3778733032236474	0.3702268435808186	0.2518998531955341
0.3778327133876998	0.3702909027107435	0.25187638390155687
0.37785695339769027	0.3702599545066834	0.2518830920956264
0.37785429718801605	0.37026919740955105	0.251876505402433
0.377853042606224	0.370232151225231	0.2519148061685451
0.3778037916583991	0.3702844890455802	0.2519117192960208
0.37787344689806845	0.3702370029981601	0.2518895501037715
0.3777996337315555	0.370290549718151	0.2519098165502936
0.37783150309531627	0.3702777019526408	0.25189079495204303
0.3778055413735122	0.3703273041915446	0.2518671544349433
0.3778175069835762	0.37031480234305203	0.2518676906733719
0.377797121178278	0.3703054641743752	0.2518974146473469
0.3778647940234105	0.3702396032606404	0.25189560271594913
0.37784375593309305	0.37024890870909033	0.2519073353578168
0.37784723151836813	0.3702571535436482	0.25189561493798374
0.37785465183529754	0.3702392651600449	0.25190608300465767
0.3778033591244715	0.3703187178121401	0.2518779230633885
0.37783327280115075	0.3702871219854113	0.25187960521343805
0.37783677340962957	0.37026168375511814	0.25190154283525246
0.37785640724225084	0.37022871811169733	0.25191487464605195
0.37785135321344576	0.370231797451147	0.25191684933540737
0.37781392994734664	0.37027370653664504	0.25191236351600843
0.3778212138983889	0.37027318919227503	0.25190559690933617
0.3778149505791594	0.3703032140352322	0.2518818353856085
0.3778413875206015	0.3702468860872965	0.2519117263921021
0.3777999968435768	0.3702903690183308	0.25190963413809253
0.3778416357400213	0.37024961067375783	0.251908753586221
0.3778176472928715	0.3702824393071428	0.25189991339998585
0.3778065326791686	0.37031245012238756	0.25188101719844397
0.3778430266824365	0.37025588653433605	0.25190108678322753
0.37784615091007756	0.37027107524299274	0.25188277384692975
0.3778322509460915	0.37028021469533623	0.25188753435857236
0.3778215226535744	0.37029879488857587	0.25187968245784986
0.3777950045287258	0.37031796812626544	0.2518870273450089
0.37786520350252684	0.37023708330959093	0.25189771318788234
0.377817876821429	0.3703112371797331	0.251870885998838
0.377872583809894	0.370245436361346	0.25188197982876004
0.3778157471839533	0.3703093578196547	0.25187489499639215
0.3778728868373693	0.3702257067008913	0.25190140646173953
0.37786931027925913	0.3702311423876867	0.2518995473330543
0.37785228601527787	0.37025572364519654	0.2518919903395257
0.37784607162180905	0.3702501216329015	0.25190380674528956
0.37785251371012163	0.37027635129687536	0.25187113499300307
0.3777978748716022	0.37028626805332016	0.25191585707507774
0.3778284868141265	0.37025984193052147	0.25191167125535213
0.3778260882049761	0.37029246904008767	0.25188144275493635
0.3778552390052588	0.3702478637522017	0.2518968972425396
0.377854989147593	0.3702318980324826	0.25191311281992446
0.3778648682328706	0.3702614396813192	0.2518736920858103
0.37785416626179014	0.37026800646998514	0.25187782726822483
0.3778496607327831	0.37026204135454527	0.25188829791267175
0.3778073087156932	0.3703201537607817	0.25187253752352523
0.37779665797078316	0.37031836094004433	0.2518849810891726
0.37787078203913654	0.3702112920498165	0.251917925911047
0.3778595796791837	0.37025565887414813	0.25188476144666827
0.377841562020494	0.37026106290276795	0.25189737507673815
0.3778251669438533	0.3703014932038342	0.2518733398523126
0.37783836268351595	0.3702904375302089	0.25187119978627526
0.3778245040906541	0.37028920364685763	0.2518862922624884
0.3778701813584223	0.37023216914284457	0.25189764949873317
0.37786412168057354	0.3702646250182773	0.25187125330114923
0.3778077920297683	0.37028662324142125	0.25190558472881064
0.3778233871231134	0.3702716754274292	0.25190493744945747
0.3778173449125802	0.3702802072265968	0.2519024478608231
0.37785863911203216	0.3702265769319937	0.2519147839559743
0.37782666473944776	0.37026284901511225	0.2519104862454401
0.3777955516220348	0.3703256667784125	0.25187878159955285
0.37784545232545363	0.37027875859369525	0.25187578908085123
0.37785289081058854	0.3702398627794348	0.25190724640997675
0.3777989630832568	0.370298073463065	0.25190296345367835
0.37785364983964603	0.37022869350395504	0.251917656656399
0.3778055727010149	0.3702951017077767	0.2518993255912085
0.3778287940842149	0.37029544815007026	0.2518757577657149
0.377852005011421	0.3702314184305139	0.2519165765580652
0.3778283851299587	0.3702705489254063	0.2519010659446351
0.3778341211909011	0.37025927519823043	0.25190660361086853
0.3778089899495653	0.37030172431535757	0.25188928573507724
0.37782386367882903	0.3702825631530214	0.2518935731681497
0.3778558627609478	0.3702565017751888	0.2518876354638635
0.37780592392879586	0.3703126067508932	0.251881469320311
0.37780661589100734	0.37028242086223384	0.25191096324675893
0.37782861699144754	0.37029343320993713	0.25187794979861544
0.3778428095324863	0.370251892409847	0.2519052980576668
0.37781418308812253	0.37030884186452495	0.2518769750473526
0.3778644012726235	0.37025319508002236	0.25188240364735426
0.3778457111419931	0.37025559817329456	0.25189869068471243
0.37782803969129763	0.37025540635898074	0.2519165539497218
0.37787032127183606	0.37022132897527293	0.2519083497528911
0.3778272153241645	0.3702614730766758	0.2519113115991598
0.3778533771206381	0.370271434510209	0.251875188369153
0.3778217783902767	0.3702814448647751	0.2518967767449483
0.37786675401083003	0.37025129688272174	0.25188194910644834
0.3778629002184685	0.3702447088869215	0.2518923908946101
0.37786455467074725	0.3702472221549008	0.25188822317435206
0.3778076022025303	0.3702785771222308	0.25191382067523904
0.3778206417953838	0.37028214396864667	0.2518972142359696
0.3778061613053385	0.37027938756385365	0.25191445113080796
0.37782881548685116	0.3702927425699474	0.2518784419432016
0.3778348701775291	0.37029209980355804	0.251873030018913
0.3778311988676212	0.37026223250102996	0.25190656863134897
0.3778612121699716	0.370237456009927	0.25190133182010144
0.3778378212745801	0.37025890775951065	0.25190327096590936
0.3778694350180913	0.37021382882465736	0.25191673615725146
0.37786025604369117	0.3702276197256044	0.2519121242307045
