0.2339620892800494	0.08134009618648351	0.2987150352785789	0.16003164995922625	0.2259511292956617
0.17873692393281862	0.07803721886928441	0.33744997078345784	0.1565245774146048	0.24925130899983414
0.20690238050031182	0.07584061306104212	0.31520452580443203	0.1710010130807669	0.23105146755344688
0.2215944232463299	0.07953253247951679	0.3071263258479423	0.16369009208382662	0.2280566263423841
0.1936454788888904	0.0793554520321612	0.3342729391311341	0.17067310645935865	0.2220530234884555
0.1726530731358201	0.08141721602896307	0.3504522320055648	0.1759197643776067	0.21955771445204514
0.25159319797538393	0.07945297565428676	0.2921374993450037	0.15802682649447197	0.2187895005308534
0.2298823972516644	0.07945892828324536	0.2973278730119132	0.1470878406814947	0.2462429607716821
0.21713754397842347	0.08106946831255062	0.3074258929131041	0.1491846311904219	0.2451824636054996
0.20090180876596805	0.07444295076432822	0.3186665670905735	0.15467259244079345	0.25131608093833663
0.19463676142239933	0.08414999577206374	0.32651904974521906	0.17455403222858007	0.2201401608317375
0.17685637848483177	0.07703295560433326	0.32234477912137194	0.1701556152507593	0.2536102715387035
0.25254283433065183	0.08118206813435387	0.29130773180364566	0.15574585426323057	0.21922151146811772
0.1877750701435303	0.08750007196704808	0.31633625525881515	0.16993087182844316	0.2384577308021631
0.20960103926517287	0.08215926098070653	0.30404105585050867	0.14905106054511144	0.2551475833585003
0.17527953939412272	0.0850257224700556	0.317581726651345	0.17006318139307602	0.2520498300914005
0.1882934059852163	0.08701409601317675	0.31114902322439786	0.17442858675346645	0.23911488802374242
0.19948315358176574	0.07665870559958317	0.3193462047670292	0.1761706541456852	0.22834128190593653
0.1897891968669275	0.08518501167760303	0.3034258877704565	0.16288273833295203	0.2587171653520608
0.22058769644127263	0.07463487104922634	0.30150376003561086	0.1648476422093003	0.23842603026458964
0.213475058351035	0.08021189898465898	0.30437979535629944	0.1459767604117102	0.25595648689629613
0.22550987339382336	0.07302860964418209	0.293885033452914	0.1570489354488044	0.2505275480602759
0.21134417021158713	0.08498742885812935	0.30592702568394325	0.1646989217675745	0.23304245347876554
0.20933074895485845	0.08437366850768446	0.30872756758844955	0.17333950823438485	0.22422850671462247
0.20919053146641708	0.07322698860137974	0.3394481991159005	0.14830805896545052	0.2298262218508519
0.20850688435054437	0.07502519985502368	0.33800562837452036	0.15983871975408476	0.2186235676658266
0.20910679030949939	0.07336433108696735	0.3145110570333161	0.15900585744867357	0.24401196412154333
0.20035861476206568	0.07484297080285107	0.31234213077193074	0.16881507769950627	0.243641205963646
0.17448861360904142	0.08856918570716296	0.33606755271131095	0.17056438249375394	0.23031026547873054
0.15165868299584379	0.08829426217799245	0.3296869256483899	0.17209240532154946	0.2582677238562242
0.17887166189770606	0.08790381697905	0.3266538023757336	0.17578750071526608	0.23078321803224403
0.2309156022823084	0.07313695619213417	0.2928281436710621	0.17294080492826194	0.2301784929262332
0.21210491061434752	0.08718254668435149	0.3223649864874917	0.15558744809357275	0.22276010812023633
0.21061647546680606	0.08527414370386534	0.3283867054456719	0.15513685587314663	0.22058581951050985
0.1790872888336397	0.08604934261303104	0.3171499406290663	0.15722993874003838	0.2604834891842244
0.15531535750825587	0.07961090814744014	0.3484630008879127	0.17127858840732907	0.245332145049062
0.18720945008608042	0.08725297656022397	0.3466757187585191	0.15209772537247263	0.22676412922270373
0.2420892780852656	0.0773637960157036	0.2964636885200828	0.15766276904061813	0.22642046833832957
0.2015702408783583	0.07452274826055563	0.33701728846191326	0.16421082927836397	0.22267889312080869
0.1918023533118961	0.07920690814979674	0.3022750490545939	0.1724987953193331	0.2542168941643799
0.19995318769867937	0.08003024067030047	0.31907635796755784	0.16888378082391597	0.23205643283954613
0.18573821851747302	0.07855562545912417	0.3374456930237274	0.16851114237751474	0.22974932062216044
0.221096364291709	0.08140873847601475	0.3005363679794464	0.16395713745632018	0.23300139179650942
0.19957506862077026	0.07749873362626233	0.311015543210471	0.1507082485196831	0.2612024060228131
0.25502096808004665	0.07763681871377232	0.3002826869986176	0.1479819044811164	0.21907762172644685
0.2201668000316483	0.07478172264840396	0.31198411983228125	0.1660994174281118	0.22696794005955448
0.2053653751166442	0.07699803019751324	0.30320669187645954	0.1559468506931939	0.2584830521161889
0.2031839599158901	0.0871095801765252	0.341814525430992	0.14890130447026728	0.2189906300063252
0.20426422256624166	0.08099355814137921	0.31781928331924497	0.17224224652210202	0.2246806894510319
0.2062095181216943	0.07802659824324266	0.3430065868051036	0.1486064716457155	0.22415082518424373
0.20178495521521433	0.08144581990139592	0.3333874857501331	0.1469669627068459	0.2364147764264105
0.16306771771307685	0.08606620545847678	0.34870223819211066	0.16407506292138396	0.23808877571495157
0.17848731096726766	0.07723120734306735	0.3497387112049811	0.1699482722803823	0.22459449820430127
0.19522550227214663	0.08739650377635824	0.3108805719463823	0.16708291276395304	0.23941450924115953
0.18085882890984867	0.08579766664828187	0.34002991526277626	0.16285495120715437	0.23045863797193863
0.21755328954652237	0.08688513595591722	0.2923665602923894	0.16279078877391429	0.24040422543125656
0.16975019253913473	0.0757322598805538	0.3502187635428987	0.15451159669180287	0.2497871873456097
0.21084824955233497	0.0874517484034223	0.3206822208072921	0.1464508124876933	0.23456696874925712
0.181384360380169	0.08244040826956506	0.3422097067230655	0.15041821077357326	0.243547313853627
0.16584881177226063	0.08558137950100309	0.34904208799681324	0.16259317062224007	0.23693455010768272
0.20339282679775827	0.08808816472836592	0.2975909741199921	0.17169514156059365	0.23923289279328988
0.21208181586306293	0.07766077721889741	0.31134673026137805	0.14629910817910285	0.25261156847755856
0.2218970281644698	0.0868398277884194	0.3081817940444297	0.16538602479387082	0.21769532520881008
0.1529217158754393	0.08839501282666655	0.33764246919118174	0.15936206796097008	0.26167873414574216
0.188154468611304	0.08434091600456063	0.34624518850551983	0.1479224636137145	0.23333696326490083
0.23973778534088197	0.07614177284033817	0.2968154390000232	0.16241645899674856	0.22488854382200782
0.22983138107169887	0.08583051511975613	0.29661391105807094	0.16759752452361096	0.22012666822686286
0.24769182841298382	0.08189359004841863	0.29366727736833576	0.15725040326701362	0.21949690090324797
0.1982048180376493	0.08489180826932739	0.31005103150926794	0.17339659274516137	0.2334557494385938
0.18232205203712448	0.0807607978198984	0.34687938577164024	0.15827343797875315	0.2317643263925836
0.22414907673597087	0.08672855056598935	0.29269721931081166	0.17258061562649477	0.2238445377607331
0.18878813238179576	0.07911692842811849	0.3375754093217743	0.155700341296528	0.23881918857178314
0.16333854325977845	0.07296647426153721	0.33611673051686114	0.17121970675766768	0.2563585452041553
0.18684774029595894	0.08195287213002504	0.31187944160868875	0.16548660538411564	0.25383334058121143
0.20642184380693984	0.08440012296646567	0.31740489593300153	0.16310965930396606	0.22866347798962663
0.19407481152605358	0.08495599147240239	0.3131223691172616	0.15806770612298188	0.2497791217613003
0.196494792898915	0.08302503381181353	0.30887890165088006	0.1632595239015446	0.2483417477368466
0.2398257675560847	0.08122069707221687	0.2966812389235865	0.1519031278354877	0.23036916861262396
0.24918542200566704	0.08722670945447929	0.29385722688171945	0.15036938915092998	0.21936125250720404
0.17296640074327108	0.07292699279815848	0.3484105908253716	0.15411065227181442	0.2515853633613842
0.19703117580749688	0.08821750414281265	0.3005415088106588	0.1600161481312755	0.25419366310775593
0.24029808634906596	0.07773686572725061	0.30425116410567643	0.14804947177096878	0.22966441204703797
0.23196738527945243	0.0729837171139345	0.29333377147438	0.16353307323427047	0.2381820528979624
0.17740676156662255	0.07464337601696219	0.34346133892237185	0.1649146612690418	0.23957386222500135
0.1785560762927196	0.0836109185775128	0.3404499098125319	0.15120889151297584	0.2461742038042596
0.24755602208080765	0.08035568407574273	0.3009457205752334	0.15054011516612492	0.22060245810209106
0.20264495829801618	0.07764267108576463	0.30215378485110655	0.17044143066068082	0.2471171551044316
0.14701256140919383	0.08685975162883845	0.3503136987090065	0.1679651164203208	0.24784887183264023
0.1993374822362982	0.0762077575442183	0.3089279893156987	0.1528037807278961	0.26272299017588846
0.1939052568084411	0.08787335626745509	0.34034104578299695	0.15569612597569468	0.22218421516541195
0.23975695408990735	0.07503586883605874	0.302848707878119	0.16443290391083626	0.21792556528507834
0.23158857706817637	0.08589760887831561	0.29503760685811475	0.14843625963512438	0.2390399475602686
0.17518351365281243	0.07331116731232948	0.3471895720101231	0.17620010350169377	0.228115643523041
0.20022446941902147	0.0753234885413238	0.3095028705256048	0.1581528981624336	0.2567962733516161
0.1874311428498668	0.08039582484802273	0.33029680953845464	0.15664070002925756	0.24523552273439803
0.13961964998836193	0.0842605624980552	0.3506069257251747	0.1726923117350149	0.2528205500533931
0.21652042489470408	0.07490703988991365	0.30986712696425844	0.16951373515957768	0.22919167309154592
0.21663326621892118	0.07595513704984636	0.31743352393946844	0.1470064910192471	0.24297158177251668
0.18824142037092081	0.07287795321171975	0.3507796177963056	0.15689201647965678	0.23120899214139687
0.2584433379284869	0.0819179049955655	0.2918575189939364	0.14905729587306032	0.21872394220895058
0.18446284884617314	0.08050588383668462	0.3175723965703986	0.17500532769614016	0.24245354305060324
0.1781023533431554	0.08444704281798754	0.3505913549723161	0.1666296079036025	0.22022964096293823
0.19545860212593594	0.0858025906505563	0.31435391098435284	0.1659426269681895	0.2384422692709652
0.211983756230791	0.08657145576866186	0.3196401655307536	0.15671253110429367	0.22509209136549965
0.19852301970210268	0.08321494051849881	0.33720349039316333	0.16125742472966645	0.21980112465656854
0.1743286088269969	0.08262094873675356	0.3241688044616054	0.1756935819395463	0.24318805603509763
0.2036880185616529	0.08594150647668712	0.31924305133156583	0.15408245558541817	0.23704496804467579
0.21675818756757984	0.07549921697904304	0.3024224353682893	0.16345788260178334	0.24186227748330424
0.1730169046698017	0.07934612179841982	0.3460139937297916	0.16878059991470692	0.23284237988727974
0.15734002048844195	0.085843666005824	0.3363326380837524	0.16839853848577588	0.2520851369362056
0.16022047049787982	0.08707951725214388	0.3377571176300752	0.15181811587900668	0.26312477874089424
0.2281959443047129	0.07676752263604983	0.297727223008886	0.16902939974085393	0.2282799103094971
0.19178363114916389	0.0817225536547827	0.2993729590424494	0.17671934916594464	0.25040150698765906
0.21387252754929229	0.07577784515489197	0.3040385695186351	0.17179657871092538	0.23451447906625503
0.18041025690610166	0.08618068395630808	0.33004241118109545	0.16537337873216743	0.23799326922432718
0.21296564906814136	0.07896762793808232	0.2985210807095848	0.17101052085221705	0.23853512143197428
0.18968210964275534	0.08850528753307141	0.30803207844168734	0.1558409910341014	0.2579395333483843
0.18409818737114178	0.07616084553427473	0.34944711834989806	0.14767471983507663	0.24261912890960854
0.15891145278349053	0.07783688949032182	0.3396760122368107	0.17266770218733923	0.25090794330203753
0.1935959603346875	0.07831596217503681	0.32970292704030096	0.14584307665785473	0.25254207379211974
0.18227999882264406	0.07354524847558219	0.3254158585464066	0.15689701798654088	0.26186187616882606
0.1708573227333351	0.08690416593036854	0.3444458349772055	0.1754753872854157	0.22231728907367493
0.18565561877206496	0.08738200449797716	0.32535196630543245	0.16219355356713244	0.23941685685739278
0.142899551792711	0.08846782296617893	0.34180643774723274	0.16392191049242427	0.2629042770014528
0.21939578937176957	0.08422601999790313	0.30075479355987145	0.16260673289643704	0.23301666417401856
0.174444728480734	0.0850414192809075	0.3338928859509793	0.17311557290147783	0.23350539338590112
0.17717441202883058	0.07596985972254411	0.33317730812642504	0.165225674588106	0.24845274553409408
0.19929934719934497	0.07414073281963199	0.3270320053268148	0.17339302602407092	0.2261348886301371
0.22077685405121605	0.07349862231791296	0.3023183718782646	0.14727134948030163	0.2561348022723045
0.23257153894122298	0.08512788442470041	0.3015565378277617	0.15301815170409458	0.22772588710222008
0.18068764447367175	0.08247269669358992	0.32383727800984147	0.15781530608333788	0.2551870747395588
0.21489303435589985	0.08217445079705274	0.3276831792427981	0.15479838933842627	0.22045094626582282
0.1646521344149693	0.07829680076972763	0.34689210200273624	0.15970470540152382	0.2504542574110428
0.22279153920440514	0.07926100467220669	0.3140919077668576	0.15058203588010108	0.23327351247642925
0.25966934616182763	0.07607936840200226	0.2950020972753806	0.14692030691948924	0.22232888124129999
0.24127628753955374	0.07985510188343407	0.29133772887559084	0.16949572499903115	0.21803515670238996
0.14547929517091407	0.08285854756340727	0.3362191567386493	0.17322581061441117	0.262217189912618
0.1898071282302046	0.07291381245557033	0.3219538880319969	0.16178654614332094	0.253538625138907
0.22381570448737587	0.07876955646122173	0.2958170878688592	0.1740298545706505	0.22756779661189253
0.18091886300401494	0.07274928052717092	0.3284183579580313	0.15698665902785428	0.2609268394829284
0.1755304507511367	0.08516324207007459	0.33070250496013154	0.1691558042420412	0.2394479979766157
0.20863712580129717	0.07513456879299195	0.3109844818844897	0.17639380234910565	0.2288500211721153
0.18932049204272786	0.08144818655284936	0.2968425685207091	0.17215423992654616	0.26023451295716726
0.19498563779590614	0.08058683165976459	0.3106473005366115	0.17593064615492485	0.23784958385279265
0.20419964357151926	0.08417275031296453	0.2990833075164061	0.17503423691320052	0.23751006168590938
0.228574329823295	0.07577310708505984	0.3037565826054022	0.16082429456242608	0.2310716859238166
0.18849445928847156	0.08330917769679676	0.3336866156424474	0.15096157202234203	0.24354817534994205
0.15364334263754031	0.07539223813254091	0.34565807268045656	0.16565864749687348	0.2596476990525886
0.18476158311412066	0.07839046871186951	0.32831054576500185	0.16124197348780206	0.2472954289212057
0.19817836951447682	0.0846586338856799	0.32675870420050596	0.16541075241561864	0.22499353998371846
0.18265648141069435	0.07529655524046086	0.34136235941611753	0.16698244919290936	0.23370215473981767
0.16589810093495347	0.0876146314520285	0.3345335568371922	0.17666050968121558	0.23529320109461005
0.20812014088988842	0.08433416618056383	0.29217434567430334	0.1713572929084413	0.24401405434680284
0.21035173812366065	0.08805733436759566	0.30101459274468845	0.156202365687859	0.24437396907619602
0.22710461090921527	0.07548670243267537	0.2992736959802317	0.1558842641114708	0.24225072656640667
0.21315578516108205	0.08050060523315879	0.2994517512865511	0.1664621278674373	0.24042973045177052
0.20132199753945357	0.08814749498694986	0.30222343879460334	0.14656443423683957	0.26174263444215345
0.19175050532786236	0.08551375609156774	0.3510624431496698	0.15196727236432372	0.2197060230665762
0.15875545834623592	0.08793283071433915	0.3398066897449861	0.1526720794113101	0.2608329417831285
0.20953054657154363	0.07358389340053353	0.32551368393516456	0.15500212471373004	0.23636975137902802
0.22454112539752702	0.07934321473849869	0.3107509735087203	0.14819934176204402	0.23716534459320976
0.1853458852069224	0.07862712613685129	0.31728650402465564	0.1762236989240662	0.2425167857075042
0.22768149505251822	0.0846602905675155	0.31865814111325014	0.15156859412247248	0.2174314791442434
0.21960301397023704	0.08047057588409386	0.31185533939488347	0.15082878277725253	0.23724228797353286
0.16627654408023915	0.08249524357260815	0.34100962994770695	0.16632843326147234	0.24389014913797324
0.19250145105124009	0.07673634385116965	0.31877368736720635	0.1697274710255306	0.24226104670485316
0.1944177345370298	0.0840389057298425	0.33110448500669454	0.15600535560139328	0.23443351912503962
0.176734832277113	0.08148069650848196	0.34591478356567734	0.169489050799297	0.22638063684943047
0.1882156979602786	0.0870725833494114	0.328591855297687	0.17314299855291784	0.22297686483970497
0.22142508683613812	0.07848036156652397	0.3251629063338989	0.15448703571522462	0.22044460954821418
0.1637060556107655	0.07538280338384507	0.32423454686260855	0.17461511050804338	0.26206148363473725
0.200253242859391	0.07741761092308866	0.3293756465859661	0.14674419622912796	0.24620930340242608
0.20011826537834246	0.08386450836145853	0.29169139994874616	0.1646588429324636	0.259666983378989
0.1954961107324585	0.0876878514045786	0.32721595768345446	0.16756509658961594	0.22203498358989224
0.16929657375334198	0.08424489865420513	0.30945620206261243	0.1767441828301326	0.26025814269970765
0.20667774743950856	0.08818663244644477	0.29473799373592074	0.17694686527105125	0.23345076110707447
0.22960713826655088	0.08068264054496121	0.3148299199588801	0.14608715331088085	0.22879314791872674
0.17571762547214567	0.08025339257554265	0.3303195303394287	0.17673129337976737	0.2369781582331154
0.21507987276381302	0.08022022540398142	0.31973511460833304	0.15081745793404597	0.23414732928982626
0.18289295655676197	0.08470120120064474	0.34257535121265115	0.15404156773014052	0.23578892329980145
0.18506763019920364	0.07726155684936453	0.3177070959699603	0.15918206580235517	0.2607816511791162
0.18562985545295502	0.07815540248142983	0.33274132629413977	0.15073358918196186	0.25273982658951333
0.23700078268003433	0.07578558432458037	0.29266243067148723	0.1549340528620496	0.23961714946184817
0.21744436512940968	0.07475254230677478	0.3013186963855292	0.1699848495523774	0.2364995466259087
0.2456327313384038	0.08761851339030871	0.2940445263575462	0.15387433338239806	0.21882989553134302
0.22380164283426007	0.08164710563461958	0.3073086325656432	0.15208717697143975	0.23515544199403715
0.22304179173454142	0.08419852141225233	0.3035146106196666	0.16099391043799705	0.2282511657955424
0.2213743241170459	0.07799847449698136	0.3116180872581954	0.14828402742178942	0.24072508670598775
0.17007085819746	0.08452826815137547	0.31238681131537016	0.17359910327433326	0.25941495906146084
0.23069459284877547	0.07337253962035667	0.31179886264886936	0.16085805009776225	0.22327595478423606
0.2045782036488882	0.08256637641685735	0.29898578801887427	0.17488431692146628	0.23898531499391373
0.20321095068763256	0.07262345290907163	0.3195793962470454	0.17420383451347685	0.23038236564277334
0.18144650918320698	0.07445523415495595	0.34935869593424895	0.15178395281171056	0.24295560791587736
0.2036836467938519	0.07412221948822581	0.3108506363850437	0.1708611326514996	0.2404823646813788
0.1954026573268684	0.07610514954663054	0.3322522362597804	0.17154539590282541	0.22469456096389498
0.1937614196827398	0.07479039441810276	0.3226265819925017	0.17116431734988966	0.23765728655676588
0.17604539822688095	0.08104471131335111	0.33448920454433856	0.17092612036759805	0.2374945655478311
0.18819222212715567	0.07432160280079098	0.33614568659809	0.1553670997530417	0.2459733887209214
0.17440149055813492	0.08201552928459345	0.3149171729896892	0.1680515027042761	0.26061430446330613
0.17647885781825773	0.07835173329031389	0.32496386289778206	0.16438852997935272	0.25581701601429335
0.16171170708762966	0.07875329549347021	0.3452917746151555	0.15521382277690507	0.2590294000268394
0.1833557725061133	0.07368720109627114	0.33213957167932695	0.16199808724833362	0.24881936746995487
0.18958725278567726	0.07266665738530931	0.33670576790568874	0.14984870910286344	0.25119161282046104
0.16030649283241782	0.08249290185564614	0.34421863592733726	0.173652001390679	0.23932996799391962
0.18120869659590322	0.07709283216401286	0.3411580486918493	0.17555488883349799	0.22498553371473642
0.2140956716612906	0.07518703804995955	0.3399406589275484	0.15087252174258967	0.2199041096186116
0.22239541545920702	0.0743554174427685	0.3108892289767215	0.16877222794388405	0.22358771017741874
0.15022784342401038	0.07960862831571518	0.3314164641040157	0.1761689509177124	0.2625781132385461
0.23178660675818957	0.07856753629841023	0.29282143095725927	0.16494607235294406	0.23187835363319662
0.1796637482152512	0.07822562750867755	0.33840381910183864	0.1697250889268786	0.2339817162473538
0.224006761656882	0.07660662809192686	0.30018753364692974	0.1653724123959091	0.23382666420835208
0.2346095570781913	0.07456291338375168	0.29721720651265704	0.15377952550474	0.2398307975206597
0.1812790211405055	0.08027379402581888	0.3186268205016617	0.15945818856765517	0.26036217576435855
0.1883730844560725	0.08749039164404486	0.3086685894818666	0.16509750566837667	0.25037042874963916
0.20800351439964826	0.08671321327070289	0.32548710817319293	0.15896453811745556	0.22083162603900017
0.2346517879629317	0.0754925397331537	0.29798464143164416	0.17162881132382837	0.2202422195484418
0.20133851823598478	0.08286687523430317	0.34669432376452547	0.14691259646224936	0.222187686302937
0.15885692005347216	0.08023184347365689	0.32641890825247866	0.17214409292507643	0.2623482352953157
0.2061130341183949	0.08116785795772899	0.29176604682365936	0.1603294650191638	0.2606235960810528
0.19902189192251438	0.08774419802985187	0.31122886709492753	0.1492570043527348	0.25274803859997125
0.19641184938269735	0.08379011690460698	0.31671438820303033	0.1741170266237584	0.2289666188859067
0.19098221813009048	0.08050962395806896	0.32397349170161865	0.17034068507175654	0.23419398113846518
0.17953967705692278	0.0759609571642092	0.31658830923221315	0.1719069263856622	0.2560041301609925
0.19118157419587356	0.07871987471436703	0.3211773711115764	0.14629493059273935	0.2626262493854435
0.16009225655179696	0.07631512528370196	0.3484152747721493	0.1706222105197598	0.24455513287259179
0.20116493334395938	0.08864793170126986	0.30633585528354734	0.1578450052680455	0.24600627440317768
0.23904698418628442	0.07268000382831752	0.30627787136053397	0.15294855386652959	0.22904658675833425
0.1814195580587362	0.0871331792741609	0.31564594971779664	0.16075996418005534	0.2550413487692507
0.18048397810742572	0.08654652585937132	0.3259325772776188	0.15069657228068156	0.25634034647490234
0.15598516330288698	0.08732729963748762	0.3283229606107857	0.17083414928623833	0.25753042716260116
0.193587419371513	0.07970169698612474	0.31295047113759356	0.16034347171779526	0.25341694078697324
0.25249266040832924	0.07719485171165907	0.29656270059213546	0.14844964023606835	0.22530014705180762
0.2300845210620008	0.08262406941559003	0.3072584395173404	0.16215246302254155	0.217880506982527
0.18517221033041928	0.08543177701534715	0.3246949544179331	0.1506965037422638	0.2540045544940364
0.23357470354988888	0.08011614294306364	0.3057501348415026	0.16128700903075044	0.2192720096347942
0.21483789852002821	0.07654426198454717	0.3317869449761752	0.14939178917063708	0.22743910534861211
0.1978495946687546	0.07857335134864232	0.2988061550416535	0.16134848252873765	0.26342241641221176
0.2018206024236014	0.07617151962265417	0.343501605564864	0.15742095206823392	0.22108532032064632
0.16133478537435647	0.08383021116261002	0.34617342092173964	0.15461011169042613	0.2540514708508676
0.1593809756418969	0.08213313490448973	0.3430432906663958	0.17228258409491706	0.24316001469230036
0.21054490647773313	0.08615391451035564	0.29930305812429076	0.157975211684104	0.24602290920351627
0.2225929518422707	0.07867118318183161	0.293061580808014	0.1564707301095202	0.24920355405836325
0.15250151543229318	0.08426583780279226	0.35117927154845896	0.16289002204694691	0.2491633531695085
0.19430427888833715	0.08518125945758633	0.29611438408185153	0.1750110076822221	0.24938906989000265
0.1951251491582802	0.08570537616752859	0.291645190717043	0.1649544170951083	0.26256986686203976
0.22311462739136415	0.08242800465209994	0.304647899030774	0.17108277354889176	0.21872669537686992
0.19867229808736417	0.08455145928194893	0.3298536108240139	0.16145018468315053	0.22547244712352224
0.17110603551062853	0.0837432098078966	0.3212610249936927	0.1750836187306574	0.24880611095712463
0.1885514041045833	0.07610962449767397	0.3304903924809354	0.15868335978715226	0.24616521912965486
0.2464050828592216	0.07383123671972533	0.2946476791428783	0.1527237065596307	0.2323922947185438
0.22739052008730337	0.07795578659229725	0.3168450360240439	0.15958541753794248	0.21822323975841276
0.21096878327810703	0.07587774188827409	0.331169877634649	0.163279310359891	0.2187042868390786
0.1899909938114349	0.07328428998946496	0.3413039087690529	0.17629048261233057	0.2191303248177165
0.17308602400155956	0.07408126061036271	0.33283409001012176	0.17348990227769337	0.24650872310026237
0.23472700310869785	0.08776591540423032	0.30744328249609704	0.14940870467337347	0.22065509431760105
0.2068354025074675	0.07500405039059212	0.2934423245650066	0.16504518425194747	0.2596730382849861
0.19216193411931576	0.076172094329385	0.33262265646538813	0.16761915784704856	0.23142415723886237
0.2277130208642785	0.07596754235451907	0.29891146009270914	0.15155824492407075	0.2458497317644223
0.16510475083118983	0.08114942470479368	0.34265003846288156	0.14850156354240715	0.2625942224587276
0.2047596680353042	0.0727274289438794	0.3488357583973934	0.15281743675123077	0.220859707872192
0.21678378213839228	0.07592780866642049	0.3136675699721043	0.15719261766901282	0.23642822155406987
0.2113710482962306	0.0727481218096038	0.3157779717274246	0.15259582571367347	0.24750703245306727
0.20489223812474208	0.07316187596695725	0.31324398032830136	0.16598582967831718	0.2427160759016819
0.19206471783565934	0.08596065352613372	0.31122942520948516	0.17149422087858893	0.2392509825501326
0.17187667941615042	0.07346767980183075	0.346087578659925	0.16573932286557247	0.24282873925652118
0.15274439837648202	0.08277571068316893	0.34133983720385924	0.1737580859924538	0.24938196774403587
0.21777265248481745	0.07899967084910761	0.30756344030456345	0.16274723637555122	0.23291699998596005
0.1652299669273979	0.08345477853303576	0.3432399755279567	0.16493098096897232	0.2431442980426371
0.14295203632827747	0.08496494448571223	0.3444882011205854	0.17362237498895916	0.25397244307646544
0.22286735367533736	0.07596993396122535	0.32041113022387835	0.159940425465888	0.22081115667367074
0.15521767511605145	0.0860842861296744	0.3365122294404192	0.15950951923999585	0.2626762900738589
0.21029798699662802	0.08261409564001773	0.3152630523023834	0.16729924051084197	0.2245256245501287
0.22710955721919435	0.07690612627856583	0.30459631358469075	0.16272702557927793	0.2286609773382709
0.21577797346970842	0.07262179923471587	0.32370147574718294	0.1638647191086406	0.22403403243975192
0.18742854095938194	0.07318367282585969	0.3170484725410437	0.16561685309055932	0.2567224605831551
0.19598315822409182	0.08567331209251158	0.2933996999845535	0.16891204664867415	0.2560317830501687
0.22126481695314482	0.07759001398148767	0.2916743991328269	0.15252660828624912	0.25694416164629125
0.16291301604315805	0.08681212771505487	0.33777011734970175	0.15924699628399314	0.25325774260809203
0.20992574945325146	0.0792190707924401	0.32902056085691084	0.15617663437946447	0.22565798451793287
0.1923047456422401	0.08690047547639461	0.3140921642356952	0.1653311956850491	0.24137141896062075
0.1832455719542445	0.08805458002732013	0.33071758039854393	0.16735137989870377	0.23063088772118748
0.1883313330639737	0.07652056042114286	0.3356554161691736	0.15514744081667634	0.24434524952903325
0.18667621800946277	0.07463034216823167	0.3454354173634177	0.1496770380703684	0.24358098438851927
0.2205017392970934	0.07287540168541984	0.3076350744993619	0.16360888598384926	0.23537889853427538
0.21749788607491502	0.0791818255846815	0.29278560166395223	0.1668366300834769	0.2436980565929741
0.210128117292051	0.08710031733800157	0.313825913241648	0.16049552599766886	0.22845012613063037
0.19854950054873147	0.08456992872545738	0.34500433490092675	0.15153762921305744	0.2203386066118267
0.16717530835031055	0.08261949882815707	0.3383223791391342	0.17347389940231933	0.23840891428007865
0.20065793450922045	0.07375258295933212	0.33802013884716253	0.1618039931072878	0.22576535057699687
0.17168380294137955	0.0804716016321698	0.32444294794944395	0.17626752197121917	0.24713412550578728
0.2108975462274849	0.07584903455338116	0.2988737298997473	0.15925093165078896	0.25512875766859744
0.204334488344008	0.07954742872058995	0.3246314077215294	0.14874347724535886	0.2427431979685136
0.17925421576613704	0.07384146751954054	0.3280875388650524	0.17597990305008226	0.2428368747991876
0.19587403434265607	0.07823495511849365	0.3207865816042582	0.15826335514149847	0.2468410737930934
0.17238227228947545	0.07840473296360044	0.3442703059772068	0.1550740311899765	0.24986865757974058
0.1957357828860041	0.07811402228708507	0.33908323791643435	0.155308898148161	0.2317580587623152
0.19183233675036926	0.08021401056454774	0.3046060384474614	0.169925744556643	0.25342186968097835
0.1761598782579978	0.07813842968090684	0.3502357571405078	0.15807399152610385	0.23739194339448344
0.17204949636163402	0.0735853784931178	0.3375632299812928	0.15550454090702642	0.26129735425692874
0.17738620940837468	0.07841534165429395	0.3511852004248527	0.1605123328149351	0.23250091569754341
0.1484876587743296	0.07865514843674197	0.3376694681678235	0.17592316439927863	0.25926456022182615
0.19470419735918526	0.08156906307014614	0.34061759996846086	0.16572219191477972	0.21738694768742778
0.15881191236639322	0.07303434561164229	0.33841551552841653	0.16715881651869213	0.2625794099748556
0.14208519556488253	0.08240755068518096	0.3509411675223999	0.1630237193074349	0.26154236692010147
0.15777887418057157	0.08825254624252822	0.33088683426163834	0.1659257655163146	0.2571559797989471
0.23121112848316644	0.08134993018187864	0.31265520502232635	0.15250797705537206	0.22227575925725623
0.14706038076706862	0.08165008711338884	0.35098844228438886	0.1755410662592957	0.24476002357585777
0.2147115146373143	0.07674647591632804	0.3132157306766039	0.17092770440257848	0.22439857436717503
0.2172933177589019	0.07819683244627561	0.3044089530485327	0.1739608926974259	0.22614000404886367
0.17767208195162915	0.08342236922135612	0.34022513615226474	0.17100718738456785	0.22767322529018194
0.17759811069663486	0.07748866007529331	0.33464313913908805	0.1603324015535987	0.24993768853538487
0.17180059816450532	0.07440632290630947	0.34708487767280266	0.16991974229213885	0.2367884589642435
0.16614247418122335	0.07665108146748993	0.3432875258837428	0.17568541089939566	0.23823350756814807
0.200629637957508	0.08480825382886886	0.3321955925408696	0.16088146733924646	0.22148504833350688
0.16930390466934253	0.08209958044507568	0.34751376663083156	0.168647407134936	0.23243534111981407
0.2037571258786384	0.08234230851518223	0.302097015779349	0.16389958144970404	0.24790396837712608
0.21342304983574564	0.08423640621122712	0.3186373715967762	0.15501587770591452	0.22868729465033633
0.18280722517369757	0.07679833838294665	0.3193927999531352	0.16643019543422066	0.2545714410559997
0.1759513270858647	0.0834079123191282	0.34409866957971824	0.1558909714251474	0.2406511195901412
0.2216785906150659	0.08207870326177034	0.32185268179967497	0.14939540295455297	0.22499462136893558
0.2330325325165347	0.07350709206434031	0.3043133447300126	0.15976873927254392	0.22937829141656826
0.2008854917517305	0.08528767914754708	0.31248391396981157	0.17146119864833126	0.22988171648257935
0.2055626886732002	0.07641558250467001	0.3070311175643614	0.15082947174450256	0.26016113951326564
0.20728427353156545	0.0750664337646147	0.32823658379441184	0.1562767351546408	0.23313597375476702
0.18264279486611393	0.07827304978035268	0.309131695540191	0.170961611075941	0.25899084873740125
0.2160157414858363	0.08781985776334623	0.31663256585652483	0.15479359335120693	0.22473824154308547
0.18778925537658236	0.07648708818397713	0.341700485317761	0.17677314952972623	0.21725002159195309
0.1633858056534881	0.07306366015420224	0.336888908129674	0.17444269352597666	0.2522189325366588
0.18818293104203537	0.07896173361995981	0.3043938158045552	0.17142564481573258	0.25703587471771683
0.16477829064579208	0.07547864802829232	0.34305668265769645	0.16954745723297188	0.24713892143524707
0.17438087266665597	0.08098742649829832	0.3278610245680825	0.15476751983199089	0.26200315643497213
0.21162411676102866	0.08408710148205877	0.32663500286725083	0.15893899754304	0.21871478134662153
0.18345622246971488	0.08434952340452018	0.33351618432094443	0.1726979044389147	0.22598016536590554
0.2190625839110446	0.08693825523825888	0.3006604651824232	0.17398555663986204	0.21935313902841105
0.17274691397377176	0.0828070823537878	0.3306156890971256	0.16143033098574583	0.25239998358956883
0.17825138349534145	0.07735686394413532	0.3166845704786487	0.17285157416789015	0.2548556079139842
0.20564636714632897	0.08654123460875604	0.30334240137709606	0.1698534624450246	0.23461653442279412
0.214469787633648	0.07992737871368955	0.312744540121026	0.15662748698043322	0.23623080655120304
0.2144723925397527	0.07841160754681704	0.31580277212922536	0.16051205008728042	0.23080117769692426
0.21784193205261682	0.08606353206876262	0.3252433037789592	0.1471581173713262	0.22369311472833492
0.20609284144192153	0.08604136410829774	0.29699721177002614	0.1769633380434945	0.23390524463625983
0.17833965196389098	0.08695737572862869	0.31052425038651976	0.17624942505129138	0.24792929686966902
0.24595695334949552	0.07626014860436686	0.29648370782766315	0.15710937309030526	0.224189817128169
0.24329610473113392	0.08632615787601292	0.2924815508326793	0.14663022273140666	0.23126596382876694
0.1989599474541716	0.08763315144437239	0.32645846826716485	0.16538153129695143	0.22156690153733952
0.16957021712340842	0.08392974689663162	0.3356764387377956	0.17184690207336356	0.23897669516880057
0.19011989787318026	0.07604578653926056	0.33194866058226413	0.16102656487740447	0.2408590901278904
0.18664571983519418	0.08307662089123141	0.3330135098728848	0.14589605671050737	0.25136809269018207
0.18142107200900323	0.08806319206683377	0.3353502653462467	0.16518657595133565	0.22997889462658042
0.21650688821239508	0.0822271769038825	0.30326748294443073	0.15312449978662376	0.24487395215266766
0.17844909993162866	0.08715506800155373	0.3415449932223107	0.16111772482410347	0.23173311402040325
0.16620012598308204	0.08832062498240645	0.3062403558623276	0.1757886910374046	0.2634502021347791
0.14945048685273682	0.08582278462135523	0.32838807658755603	0.1744316397263185	0.2619070122120332
0.25359665227856415	0.07370745369358433	0.3075684121051078	0.147738110174772	0.2173893717479714
0.20377160607481482	0.07741163122642125	0.31843411648127284	0.17470965765705165	0.22567298856043927
0.18228465448566372	0.08470096696379978	0.3206109584523035	0.17053632709485897	0.24186709300337378
0.18633081797493956	0.0754134457376952	0.339441711265804	0.14920853606069867	0.24960548896086227
0.19882926526231914	0.08341483668027229	0.3194051245686657	0.15242165298883162	0.24592912049991103
0.18818831146356976	0.07797207109484784	0.3054314234164678	0.1724076448743332	0.2560005491507812
0.15861581938919989	0.083221094292529	0.3430986275462141	0.1747573638049117	0.2403070949671451
0.20435892218507948	0.07483803304391212	0.3349228006797106	0.1636666931737985	0.22221355091749911
0.20665582455502365	0.08041488645453657	0.3431903717919049	0.15176057113171137	0.2179783460668232
0.18771359810359306	0.0809473236413508	0.31497070187888415	0.15547353934996175	0.26089483702621
0.16193221735769847	0.08216814587387994	0.33993951551626805	0.16447622197039755	0.2514838992817558
0.17266610301110952	0.08510260604681993	0.3175720864305735	0.16390724444934923	0.2607519600621476
0.19257000950857378	0.08477553719659785	0.3150115211904024	0.15746552586487736	0.2501774062395484
0.2183050974715047	0.07354948258494112	0.3319918977641454	0.15509358167225576	0.22105994050715283
0.19351243181377806	0.08618844961262963	0.3027080986043469	0.16211818245504012	0.2554728375142051
0.22231766954587834	0.07596264239549759	0.3252449360279181	0.1531828912800642	0.2232918607506415
0.23637057973015357	0.07590719198996804	0.2970692537086396	0.15545766375831668	0.2351953108129218
0.20454160515664613	0.08451235820169314	0.3285763749411857	0.16293380764045734	0.21943585406001742
0.20229095876506792	0.0875281953878478	0.3016066940202476	0.16125545017151743	0.24731870165531905
0.19572344332385028	0.08200662310683365	0.3302016229656959	0.16381012795593514	0.22825818264768488
0.1560132447483804	0.08267126852036501	0.3335767137589031	0.17472696596379347	0.25301180700855785
0.24573561169480895	0.08117798615228491	0.29716910862047274	0.15212996060779513	0.22378733292463798
0.20379890783084142	0.0826179958093348	0.296827361601707	0.1544682260240744	0.2622875087340422
0.20648130604695583	0.0835892497442042	0.2921484818351536	0.1686310487508222	0.24914991362286398
0.16885393595195938	0.08617600612697836	0.3215287322681766	0.17230624330027394	0.25113508235261156
0.16088028974773244	0.07944197422102567	0.33667843248563356	0.16702538041424347	0.2559739231313646
0.21703073599466877	0.07291745694084387	0.33802716562262036	0.14900789277529364	0.22301674866657314
0.2343574676629215	0.0733898727783561	0.3012977691820271	0.15447557157783412	0.2364793187988609
0.19170432231190132	0.08584794314875134	0.3470306308785363	0.146711199600985	0.22870590405982583
0.2094959944954799	0.082701530987947	0.29380777857238716	0.17200348169953011	0.24199121424465558
0.183140251347122	0.0804300948322426	0.3437700586864711	0.16038521824935964	0.23227437688480446
0.22374881570068794	0.07889270644229396	0.3013004745878105	0.15266371237631984	0.24339429089288755
0.2129983577150829	0.07827065780822069	0.3185557719715298	0.15263109701657548	0.2375441154885909
0.23738379878289384	0.08489939820231979	0.2962693348353832	0.15544150225974313	0.22600596591965985
0.23026495354932933	0.07532825777742998	0.29355682186855436	0.15122743183020967	0.24962253497447645
0.19372675508431214	0.07623423230538667	0.32835974229932985	0.1646459501068128	0.2370333202041583
0.19002940587552752	0.08420027638539142	0.3092709252831896	0.16084733147977512	0.25565206097611615
0.20878604408049523	0.08278566938284469	0.312321824429338	0.14883118993379588	0.24727527217352602
0.13905373515258018	0.08729233618716514	0.3394841709229055	0.17192454624899367	0.26224521148835533
0.19613848791746494	0.08039508669972187	0.2996718275733614	0.1651902793012313	0.2586043185082203
0.1465563810021175	0.08787634866738118	0.34167245768023224	0.16588404117148553	0.2580107714787834
0.17432666774014613	0.08575066059687127	0.3322269802004454	0.1765513973226248	0.2311442941399122
0.18811620680034136	0.0755801235400542	0.3241396426658978	0.1687013793051205	0.24346264768858591
0.2079508053771853	0.08415901201568761	0.3380773632132164	0.14691764329702828	0.2228951760968822
0.16692673642988204	0.08708751399795621	0.3246313197192292	0.16912736431859557	0.2522270655343367
0.2007079651022089	0.08251297244244131	0.3151968059256439	0.17168198719389888	0.2299002693358068
0.20912172350043715	0.07259836138636469	0.2979965380867631	0.17200621750708261	0.24827715951935225
0.2305409516322082	0.08265181710254371	0.291325147083016	0.16897167581452288	0.22651040836770897
0.16550851260774954	0.0766537780754592	0.34944430290833584	0.16539560815171891	0.24299779825673629
0.23371876247814705	0.07417516727857243	0.2954438842793995	0.15513346448897597	0.24152872147490484
0.1712824317029797	0.08186158186260258	0.33615727387099426	0.15062003344586988	0.26007867911755334
0.22890615495738	0.08833266001398091	0.29677858532534335	0.14809602964602175	0.23788657005727376
0.16984284093747698	0.08693067375916386	0.3236649287134177	0.16948822488423532	0.25007333170570595
0.2023494256649946	0.08395953984020213	0.31326497155714805	0.17622396611708363	0.2242020968205714
