0.15296049867446251	0.30427582849421453	0.542763672831323
0.1732405693647227	0.590803735899524	0.23595569473575345
0.09949348526814539	0.6832187436235013	0.2172877711083534
0.12419184722752202	0.41718133929156653	0.4586268134809116
0.05528666219313527	0.6241886129812961	0.32052472482556876
0.05152132534244669	0.7449582628139995	0.20352041184355396
0.05586763196977379	0.44782004836987077	0.49631231966035555
0.18440230097881244	0.636300233215551	0.17929746580563666
0.08175500714998168	0.5523904773330788	0.3658545155169396
0.12643344522444877	0.5539002315166917	0.3196663232588598
0.14516099423205686	0.7064005103691852	0.14843849539875809
0.18613850296652973	0.43191771747226987	0.3819437795612005
0.11174492550946946	0.5212632049219229	0.36699186956860774
0.13547999738809305	0.31884720741651934	0.5456727951953877
0.13391138551951817	0.43589742817588645	0.4301911863045955
0.06448556542382328	0.6863290764062038	0.24918535816997298
0.08453251618810759	0.37876666411436966	0.5367008196975229
0.1368942928638913	0.3409914491472222	0.5221142579888867
0.19054597152963548	0.5684504262722753	0.2410036021980893
0.15369083003902978	0.7662971215671092	0.08001204839386111
0.08490405260706918	0.4072389111490972	0.5078570362438337
0.10123230842188377	0.6871530425819413	0.21161464899617505
0.0705888287760505	0.39594452045726586	0.5334666507666838
0.11920445172047511	0.7050391351909131	0.175756413088612
0.06564551560889786	0.4910936061835593	0.443260878207543
0.1348624733334703	0.7087087040291571	0.1564288226373728
0.15348710972261873	0.7410642624837271	0.10544862779365421
0.14783171760352648	0.6407014601450014	0.21146682225147234
0.077074883684015	0.5118397922401119	0.41108532407587317
0.053710140022015684	0.7872572937016405	0.15903256627634393
0.14376899903077733	0.40370646057426207	0.4525245403949607
0.17522691777768296	0.684760190760225	0.14001289146209217
0.029527427587115795	0.5234826641067221	0.44698990830616225
0.03307400217873929	0.7786118575548806	0.18831414026638021
0.15767082907970104	0.6572480184072891	0.18508115251300994
0.14710745704144704	0.6518445613957324	0.20104798156282064
0.1821252530563911	0.49262280768782984	0.32525193925577917
0.1340536565764286	0.6507288402381346	0.21521750318543686
0.10969894990305415	0.7544726447919499	0.13582840530499618
0.10049125430427905	0.7434234637545584	0.15608528194116272
0.048854364013628526	0.42678686004412186	0.5243587759422497
0.0966783442715505	0.5125144674707892	0.39080718825766037
0.12131381011471443	0.6621111846030675	0.21657500528221824
0.06448149030681632	0.6693328658313987	0.266185643861785
0.1739835797412729	0.28358047892554306	0.5424359413331842
0.05512500729721398	0.391482947202463	0.5533920455003232
0.18173250112278502	0.6474561826653534	0.17081131621186169
0.08689227471335437	0.7567586592651967	0.156349066021449
0.029846801768951103	0.6270390008686009	0.3431141973624482
0.16855945217680407	0.3201573756841323	0.5112831721390638
0.10464416210683947	0.4098263043190957	0.4855295335740649
0.04727418320318544	0.4174310830343797	0.535294733762435
0.08878004668161862	0.539819890021155	0.3714000632972264
0.0934183978731134	0.46029591178011675	0.44628569034676996
0.11669741411987444	0.332620818676158	0.5506817672039677
0.08010989170403265	0.46598255694740776	0.45390755134855976
0.03252643112320802	0.5626499164636851	0.404823652413107
0.029820560690001607	0.49113097956117374	0.47904845974882476
0.11119455334651684	0.5553791112631039	0.3334263353903793
0.0802711671107017	0.39186828188276907	0.5278605510065294
0.11764070976227883	0.7064144397484597	0.1759448504892615
0.12051518946179951	0.7361126542531901	0.14337215628501054
0.05688467608614617	0.3679047454678233	0.5752105784460306
0.027709829218421467	0.7832184707993533	0.18907169998222534
0.11034948814502463	0.6534302673265351	0.23622024452844048
0.1043912084626279	0.7655296931861417	0.1300790983512305
0.12656118945174008	0.6212786755134185	0.2521601350348416
0.1461130308107727	0.34358219403008816	0.5103047751591392
0.1117490448635367	0.3604972333982099	0.5277537217382535
0.17951907527517447	0.29842812059481394	0.5220528041300118
0.15014370496908652	0.44787543252838885	0.40198086250252474
0.06876563090189214	0.3795764532858224	0.5516579158122856
0.14383103678483194	0.3182383367506656	0.5379306264645026
0.026889424827507835	0.6985940355701485	0.27451653960234385
0.17180454297006512	0.5016332060896551	0.3265622509402799
0.08566055187815591	0.7150204042521542	0.19931904386968996
0.12786378913141722	0.3501749886964971	0.5219612221720857
0.032729320941894624	0.5478601818020508	0.4194104972560547
0.1933784963087117	0.6112219454060452	0.19539955828524308
0.17589864616896983	0.3542326602799308	0.4698686935510995
0.09964797693438704	0.38246297545984664	0.5178890476057665
0.1586390654943009	0.31309176754163065	0.5282691669640686
0.04531093467129227	0.6193304507086504	0.33535861462005745
0.1838109576334305	0.6825020861517553	0.13368695621481427
0.09194564264472346	0.7490173741229131	0.15903698323236357
0.10550571238575465	0.5566704369228398	0.3378238506914057
0.11929777790816704	0.3706061786233149	0.5100960434685182
0.05940732681815036	0.566763547612563	0.3738291255692868
0.035260745010703864	0.7832016387975381	0.18153761619175815
0.12184486497114036	0.44618529771188453	0.43196983731697525
0.14036666126941374	0.3210271091357796	0.5386062295948068
0.10955646831679483	0.5305847012092895	0.35985883047391576
0.1239619329899607	0.47723716449274445	0.39880090251729494
0.04327786374221393	0.6766269842788488	0.28009515197893736
0.08233441473848374	0.8379317343673378	0.07973385089417862
0.09952288662522057	0.44789713464321523	0.45257997873156436
0.12298334328444172	0.4804336537217415	0.3965830029938169
0.03456564856919042	0.8645762485305514	0.10085810290025837
0.06672541986553265	0.7774144274595186	0.15586015267494885
0.15794204746136928	0.5722854323094333	0.26977252022919757
0.14213765585816124	0.3800002343261397	0.4778621098156992
0.04297814949795686	0.5039949843432713	0.45302686615877197
0.029782726854420016	0.8242847053054869	0.14593256784009317
0.115235395379224	0.7588703624219506	0.12589424219882556
0.08966464578664474	0.4598515857779052	0.4504837684354502
0.028476404409483125	0.6825185452710045	0.2890050503195125
0.16633738119133384	0.712502383343727	0.12116023546493937
0.19676369879589345	0.319822526882933	0.4834137743211737
0.030928114542972174	0.781929027754708	0.18714285770231998
0.18402490576565286	0.36381454790904993	0.45216054632529734
0.11131673104707682	0.5975920264977137	0.29109124245520956
0.1571350106794544	0.4145748923465138	0.428290096974032
0.10267142516563296	0.3354085351546482	0.561920039679719
0.1879446839518354	0.4463335818192896	0.36572173422887516
0.18270273969793158	0.23916890886183417	0.5781283514402344
0.11283282431105437	0.5051002051342431	0.3820669705547026
0.0819327684656963	0.8232481979107296	0.0948190336235743
0.035656233016975514	0.4556401351255581	0.5087036318574665
0.10420897422799741	0.7882300492452994	0.10756097652670327
0.14030073568123488	0.5130638265348136	0.34663543778395156
0.1332708484180707	0.3867174134713597	0.48001173811056974
0.17123026335094962	0.33755429030025336	0.49121544634879716
0.07615753463174696	0.7185501072290369	0.2052923581392162
0.03224458549459913	0.7765914575120321	0.1911639569933689
0.05422348512036279	0.7463001753173422	0.1994763395622951
0.16154621360114274	0.4849157366292106	0.35353804976964676
0.044741827707860726	0.636092574406681	0.31916559788545845
0.0468311297236757	0.4689233851364307	0.4842454851398937
0.07622616217426714	0.7247665729507311	0.1990072648750018
0.1809017146595775	0.5842588694828577	0.234839415857565
0.10406868910219352	0.42601822535477474	0.46991308554303185
0.10809509682823817	0.7007576721005853	0.19114723107117665
0.19284886275046337	0.6013360229823634	0.20581511426717342
0.17335297073690217	0.4836677316993637	0.3429792975637342
0.11276988079382583	0.4672644004131304	0.4199657187930439
0.1837898500396897	0.5001466248669255	0.3160635250933849
0.10016161188609712	0.7265007148275957	0.17333767328630734
0.16985198277529312	0.7344873401711149	0.09566067705359196
0.17430067306727862	0.5978641364533339	0.22783519047938758
0.12232116618440428	0.5281819941051042	0.34949683971049167
0.14484654375858516	0.5511365783034838	0.3040168779379311
0.19172346916705638	0.6482421204645321	0.1600344103684117
0.0517488050660328	0.8160866915157161	0.13216450341825117
0.1116419758489714	0.6655809144523668	0.222777109698662
0.18256143489812499	0.4533584568760036	0.3640801082258715
0.07961429126824471	0.3511568113808675	0.5692288973508879
0.06273275991431065	0.61651446717871	0.3207527729069795
0.03534505358254242	0.8703719992925077	0.09428294712495
0.16604655883892827	0.7539964332322937	0.07995700792877813
0.06129205785851699	0.5895815022667554	0.3491264398747277
0.08835098251015022	0.41992970163033894	0.49171931585951095
0.18335636326245588	0.5974575317349922	0.2191861050025521
0.15053794638106588	0.26919573426192267	0.5802663193570116
0.05034994604990467	0.716959200365451	0.23269085358464436
0.06610283185844751	0.3987708030579323	0.5351263650836204
0.18353803375813635	0.32357066787049593	0.49289129837136786
0.18247406147826575	0.36350990876955275	0.4540160297521816
0.08807976637572451	0.599683399862537	0.3122368337617386
0.1563123134699105	0.45729180242795536	0.38639588410213427
0.02697077250758828	0.8882375786959144	0.08479164879649742
0.06392875260542724	0.6905022916293618	0.2455689557652111
0.06607107730588196	0.5513182717880232	0.382610650906095
0.10618446317751778	0.49137264002288894	0.40244289679959344
0.037363979749789944	0.5355294888506213	0.4271065313995889
0.11232171173604841	0.7014945857546407	0.18618370250931102
0.09495630300745386	0.7806605042147214	0.12438319277782481
0.029032871445136	0.7269858649374477	0.24398126361741646
0.03321161251480276	0.6701760577161122	0.29661232976908514
0.16808568827367795	0.3335086419941715	0.4984056697321506
0.04251081063023504	0.6555402936689114	0.3019488957008536
0.14360149540356065	0.28390423736637455	0.5724942672300649
0.1146673188912517	0.8026568905151108	0.08267579059363755
0.15981093930066018	0.3404332699572141	0.49975579074212584
0.12501707707071022	0.30312232089676117	0.5718606020325288
0.1070273980956368	0.5397606241598679	0.3532119777444954
0.03700504348820066	0.8041328888122858	0.1588620676995136
0.08332247021864037	0.4783523645558922	0.4383251652254676
0.17798795475435272	0.4765012355055911	0.3455108097400563
0.052366091269573256	0.4634760005675382	0.4841579081628887
0.179191623619688	0.23003696989624778	0.5907714064840643
0.0814116799761026	0.4785003644703111	0.4400879555535865
0.08798410604309057	0.37985034243624566	0.5321655515206639
0.1684716335745679	0.708014211480912	0.12351415494452012
0.12274085419317365	0.4502722474015124	0.42698689840531406
0.044536544421927005	0.41797638673958576	0.5374870688384874
0.11134869439319586	0.41815060831165707	0.4705006972951472
0.1851418253504896	0.6967874659983817	0.11807070865112887
0.15756298211532854	0.7498312925830859	0.09260572530158565
0.12868151952851817	0.3305189298092391	0.5407995506622428
0.06960059086846554	0.42847825144902907	0.5019211576825054
0.10805673861952303	0.48332820183956776	0.4086150595409094
0.0678451197349777	0.6006871223921866	0.33146775787283594
0.17960794088309096	0.33000881947942895	0.4903832396374802
0.11510106830856381	0.3978603284632394	0.4870386032281969
0.04753804926355204	0.5391404502091702	0.4133215005272779
0.1595536361622526	0.5034915989473682	0.3369547648903794
0.19295662094623797	0.41254398377332147	0.3944993952804407
0.08404327711927234	0.5724925463855406	0.3434641764951872
0.08088270395632002	0.7954431703702827	0.12367412567339736
0.08011216538311733	0.6592190450757422	0.2606687895411406
0.05532739557329669	0.8233197729290398	0.12135283149766363
0.0841344708029153	0.5654620066937912	0.3504035225032936
0.057360831566472203	0.5507850664704419	0.39185410196308607
0.17649473162386262	0.28147330455057484	0.5420319638255626
0.09235159318934397	0.3788633386143864	0.5287850681962697
0.04468204842038598	0.8775379955949234	0.07777995598469067
0.03236243002770689	0.7857351264716443	0.18190244350064888
0.16885456520010095	0.5841305736069009	0.24701486119299831
0.10954087937409737	0.5714397371030442	0.3190193835228585
0.16720926637808387	0.580536016612365	0.25225471700955127
0.18821975798116897	0.31468885798478724	0.49709138403404385
0.04217337134164212	0.7181796175543592	0.23964701110399877
0.09417068505479356	0.5841577626592731	0.32167155228593347
0.12342113122883219	0.6715245032501334	0.20505436552103457
0.07152255928980872	0.8275731282802563	0.10090431242993497
0.11331841643443186	0.7062982642409161	0.18038331932465226
0.10883271262898747	0.6302330159213754	0.26093427144963727
0.18566777226870806	0.47855990943787036	0.3357723182934217
0.14284320862770902	0.6552267775686815	0.20193001380360956
0.1697651561187799	0.40657540742555676	0.42365943645566345
0.10628239346657542	0.3678045481044931	0.5259130584289317
0.13140989088477067	0.7673481800318098	0.10124192908341967
0.15525262408009244	0.4441325641267602	0.40061481179314745
0.11903207184807812	0.3473567954281478	0.5336111327237743
0.09236240907303853	0.5329421035209384	0.3746954874060232
0.15221879210353542	0.694792545639827	0.15298866225663776
0.14386105959317222	0.644188670964517	0.21195026944231085
0.10433075619090745	0.7330340804933277	0.1626351633157649
0.17389736466772454	0.7223085640019664	0.10379407133030921
0.07416720857246217	0.7758189285238717	0.1500138629036663
0.19341513627164167	0.6001419001984108	0.2064429635299476
0.03915474636715599	0.8451851950445978	0.1156600585882464
0.09904782152692182	0.6682377181820591	0.23271446029101917
0.08287221705860037	0.5967699662448418	0.32035781669655794
0.10290692720620437	0.3945378280310736	0.5025552447627221
0.17791754758945602	0.5676098060349603	0.25447264637558387
0.08779213115377577	0.36023600109016973	0.5519718677560547
0.12324982801980985	0.4231268765757474	0.45362329540444285
0.09646410876265119	0.619446849920485	0.28408904131686397
0.18533184698373203	0.7018492484694059	0.11281890454686228
0.06771311541456754	0.7800354691800373	0.15225141540539525
0.05706162805209419	0.6140215562674989	0.32891681568040715
0.1799871210654959	0.6932516103625397	0.12676126857196449
0.1415171434888685	0.31214664309028195	0.5463362134208496
0.051356862724014074	0.4394363677772495	0.5092067694987366
0.0974200705979284	0.518639554898092	0.3839403745039798
0.14764978389123476	0.5535357993584357	0.2988144167503297
0.1438947176529984	0.2782182550448836	0.577887027302118
0.15675678096643816	0.293840437901697	0.5494027811318649
0.1599139168870201	0.4195589736947619	0.420527109418218
0.1303671179744308	0.37546804788205795	0.4941648341435114
0.07865573406276394	0.6286817666472779	0.2926624992899583
0.13666617656713365	0.3297442482372582	0.5335895751956083
0.04545420918759846	0.5401550593348865	0.4143907314775151
0.05245505152303359	0.6671694782464401	0.28037547023052645
0.0331312378091172	0.8010384077433792	0.16583035444750363
0.10401433396490614	0.6310656044817129	0.264920061553381
0.18384861957818038	0.6907899811495689	0.12536139927225082
0.17764280959071874	0.30225197648496205	0.5201052139243194
0.10488247038464266	0.8148514213103397	0.08026610830501768
0.06229360733892436	0.7434396252408192	0.1942667674202566
0.07040012492287545	0.6398503269533145	0.2897495481238102
0.0935134321484537	0.7437876790012963	0.16269888885025008
0.047529467406459525	0.6108895307894583	0.3415810018040823
0.045251375964055596	0.8187174708830232	0.13603115315292139
0.1263547781110994	0.5317487985746219	0.3418964233142788
0.1180539420085798	0.3576181222589066	0.5243279357325137
0.12079982217202068	0.5603718379238161	0.31882833990416337
0.04930044718163501	0.7041701739088466	0.24652937890951854
0.02920047942801879	0.6828331656699935	0.28796635490198774
0.1749741148696659	0.4858071848853924	0.33921870024494183
0.11737829091666846	0.7235547352669878	0.15906697381634394
0.06944170637656971	0.4946782531997121	0.4358800404237183
0.05447092565403461	0.7520443544084585	0.19348471993750693
0.039699280270163506	0.5432096163791769	0.41709110335065985
0.09009294920672625	0.5503116520362248	0.3595953987570491
0.14069393704550953	0.4691473525204639	0.3901587104340267
0.1631559762787536	0.3435147495225131	0.4933292741987334
0.1937446017393116	0.4858691267220138	0.3203862715386747
0.14155141356324893	0.4807999283894968	0.37764865804725445
0.07322817832102052	0.35395720192833063	0.572814619750649
0.17382231155554612	0.7061589210479949	0.12001876739645911
0.041445720965817334	0.5409961154652541	0.4175581635689287
0.05685555799739328	0.7157611696732689	0.22738327232933797
0.05134285538944661	0.44087790231061486	0.5077792422999388
0.1839480144014911	0.6640369632417288	0.15201502235678022
0.1269783478836264	0.7270294106151809	0.14599224150119283
0.13172423501324787	0.5016217128364895	0.36665405215026275
0.06161487063283305	0.7188292939255966	0.21955583544157053
0.03958765385888163	0.6081699246125569	0.3522424215285615
0.05019970806936097	0.4177833551993668	0.5320169367312724
0.05417042773963221	0.6566420406721001	0.2891875315882678
0.10194389674153043	0.45929886105545914	0.43875724220301054
0.05707518576210968	0.6141469772283097	0.3287778370095807
0.17279967507719446	0.5962483023761802	0.2309520225466255
0.10156631852322273	0.8033690487273268	0.0950646327494506
0.1304735022368497	0.7361234137437156	0.13340308401943485
0.1657691790213381	0.541760601220481	0.29247021975818105
0.03919625596437126	0.4505672360612584	0.5102365079743705
0.12529081741738318	0.42911898844985197	0.44559019413276496
0.1679223642238276	0.2983226500014973	0.5337549857746752
0.04135819312941408	0.7578577648841229	0.20078404198646305
0.04283368288547934	0.8515384926649822	0.1056278244495387
0.09888263972107167	0.5233755541429927	0.37774180613593566
0.11746814782398657	0.44658532270871054	0.435946529467303
0.11592191547516154	0.3936888268706933	0.4903892576541453
0.12450710554237171	0.37594232873643446	0.49955056572119394
0.1908482086032323	0.4172721363395573	0.39187965505721056
0.026898837608796522	0.5110113563359602	0.4620898060552435
0.09367136748080845	0.34459352686707606	0.5617351056521156
0.09284874864045703	0.38739139138117695	0.5197598599783662
0.07741504410156513	0.7426225036583662	0.1799624522400688
0.1602116457381106	0.36459019198639686	0.4751981622754927
0.18019569392701687	0.25169721608346496	0.5681070899895183
0.11829375923148822	0.32724740281278936	0.5544588379557226
0.09298700484332262	0.7741505205769224	0.13286247457975509
0.06467574708008994	0.615481111849769	0.3198431410701411
0.15585940518154945	0.6611759671986128	0.18296462761983778
0.1409907593316475	0.39502858150247416	0.46398065916587844
0.09248913972915546	0.4722967160267564	0.4352141442440882
0.061467662490721386	0.5206794084026407	0.41785292910663807
0.13519262423379078	0.6598528400838924	0.20495453568231692
0.06277314182441424	0.7770869150427567	0.16013994313282914
0.08016702562040384	0.5793908016890978	0.3404421726904985
0.1161757525169877	0.6146072496474284	0.26921699783558395
0.058371628684307786	0.5956951174502072	0.3459332538654851
0.13545850825011008	0.6090931520545189	0.25544833969537106
0.03550154087953483	0.42509876796586	0.5393996911546053
0.04310648927910099	0.49289021083284695	0.4640032998880521
0.1768870915622079	0.4276573582282499	0.3954555502095423
0.07202974221496622	0.6200270858248291	0.3079431719602048
0.06708667948511127	0.5163359990942364	0.41657732142065246
0.08913778756791457	0.5210538656774972	0.3898083467545883
0.18156827839972964	0.30231802373736877	0.5161136978629017
0.03840296654072567	0.5811459018339161	0.3804511316253583
0.03066303879918325	0.725609598014	0.24372736318681684
0.1640263818833418	0.38781483794771704	0.44815878016894134
0.026885726460159465	0.564722322933464	0.4083919506063767
0.177790266329925	0.45905921407747313	0.363150519592602
0.05726076243165268	0.6170679947152893	0.32567124285305815
0.1834040837371851	0.6945408690056254	0.12205504725718966
0.03171266687829466	0.6516584199014226	0.31662891322028286
0.09145275633431302	0.7035183743643674	0.20502886930131978
0.17729359613481083	0.2558103209802767	0.5668960828849127
0.1798792181251997	0.6721270583594156	0.14799372351538487
0.06725550519107448	0.46266951583338906	0.47007497897553663
0.030886050569224943	0.38358253241620516	0.58553141701457
0.16990033962683454	0.6406325304131268	0.1894671299600388
0.1940839413522244	0.27550972809310503	0.5304063305546707
0.12236764569308187	0.3539910574233602	0.5236412968835581
0.04075487681850487	0.37863997626733137	0.5806051469141639
0.04679465355412643	0.8434523805393401	0.10975296590653355
0.08160109104669039	0.7459749084976721	0.17242400045563758
0.18370816631533637	0.512094159551206	0.3041976741334578
0.054754638077349926	0.7507373173590228	0.1945080445636274
0.1911294285651609	0.22974677258975051	0.5791237988450887
0.07004064428060297	0.5027373179759732	0.4272220377434239
0.14706206976567868	0.5058171119688836	0.34712081826543784
0.07807521982323684	0.5973381750592328	0.3245866051175304
0.1857410650963226	0.6511975747856205	0.16306136011805716
0.10619021894872907	0.7246105053862324	0.16919927566503856
0.15972540833586246	0.28176844636682746	0.5585061452973101
0.05356873772060322	0.5014583010621072	0.4449729612172896
0.1623879311007392	0.3697002955201543	0.4679117733791066
0.08557571963910166	0.6457547697640924	0.268669510596806
0.06430247487268681	0.5111483715670537	0.4245491535602597
0.13692109972799194	0.3962690244098521	0.46680987586215605
0.09839526014993477	0.5434789837229648	0.3581257561271006
0.03833602131155972	0.7670482752736628	0.19461570341477757
0.08812159846959167	0.6947004825246287	0.2171779190057798
0.19578567537173067	0.625931729212745	0.17828259541552444
0.038756671040694524	0.7594573963199792	0.20178593263932643
0.11851695506025026	0.7624929041139641	0.11899014082578574
0.16471342127412406	0.5352476427708522	0.30003893595502384
0.14655901080262057	0.35346439609147445	0.4999765931059051
0.05714069222597212	0.76153973455732	0.18131957321670805
0.07294761082009688	0.7229581885419948	0.2040942006379084
0.1073540238147605	0.4094659036771693	0.48318007250807027
0.0584625665521179	0.35742637727423476	0.5841110561736474
0.030670302795623994	0.8207381889180911	0.148591508286285
0.09462328322364083	0.5860403220974911	0.31933639467886815
0.13493644904470412	0.2812414032862494	0.5838221476690466
0.17295991741432287	0.4898786207371877	0.33716146184848955
0.19611970731273903	0.40279859268735235	0.4010816999999088
0.1886092354478972	0.40667139593421386	0.4047193686178891
0.07830239583343546	0.5278632152324754	0.39383438893408934
0.07902552113050121	0.4907087404921813	0.43026573837731774
0.04779969556654129	0.6579569200337514	0.29424338439970743
0.0963790139781654	0.5336586336066778	0.36996235241515696
0.02808670884506481	0.6995772094059047	0.2723360817490306
0.1891142741078645	0.30369220871760666	0.507193517174529
0.06488086821176026	0.6851739118716362	0.24994521991660354
0.1762560068796768	0.5135028156704952	0.3102411774498282
0.0666923533577497	0.6657643031103491	0.2675433435319014
0.17762868295749903	0.33489051597761726	0.4874808010648838
0.14432995178654145	0.638426386040263	0.21724366217319566
0.10868031404645503	0.5612075513872287	0.33011213456631644
0.05466967874048062	0.6602548244737084	0.2850754967858111
0.0885382684052338	0.7041556151983384	0.20730611639642804
0.18632584381750322	0.5105881138208367	0.3030860423616602
0.04573234406035204	0.44583046018368033	0.5084371957559677
0.1486851789754015	0.50023068079443	0.3510841402301686
0.03533064450035989	0.7281224472851524	0.23654690821448776
0.04839917054609538	0.6192877693001717	0.332313060153733
0.04156443632052065	0.7634250585672906	0.19501050511218887
0.06922297745673417	0.7527038503853822	0.17807317215788368
0.050822067083952205	0.6030412823162746	0.3461366505997733
0.17024798061073818	0.7067258975081567	0.12302612188110523
0.10714496686818642	0.47068917487961137	0.4221658582522023
0.16857158056741328	0.6509624636902651	0.1804659557423217
0.06264295760514815	0.4738518861068582	0.4635051562879938
0.07135874388933866	0.39789516241688516	0.5307460936937763
0.1161289376235361	0.2951623005312709	0.5887087618451932
0.09284655313285389	0.546939979114758	0.36021346775238816
0.11617452067744832	0.5196386495689503	0.3641868297536015
0.04099838711138698	0.7740060328830587	0.18499558000555452
0.07802841823712492	0.3500877541009561	0.5718838276619191
0.11464557213705256	0.5488096766165902	0.33654475124635735
0.05034484905369663	0.43193825178473	0.5177168991615735
0.14984195050954918	0.6865444897711036	0.16361355971934732
0.10261382046784517	0.6879974174732372	0.20938876205891774
0.10010745594888446	0.5675703425267201	0.3323222015243955
0.19225488782142564	0.24383122469253377	0.5639138874860408
0.14992429284228942	0.44299138629203116	0.4070843208656796
0.03222114879795873	0.8370516125902733	0.1307272386117681
0.03473543441275462	0.783535124978284	0.18172944060896148
0.04627892179798099	0.5047122203926698	0.4490088578093493
0.10264966118786606	0.3698776640285409	0.5274726747835932
0.06698451048000564	0.7571899275789992	0.17582556194099536
0.1866924277006376	0.62317762912742	0.19012994317194248
0.18064856230559592	0.31114384175891296	0.5082075959354913
0.14557712649536236	0.4023881971779074	0.45203467632673033
0.053232057694722945	0.7531650369664751	0.19360290533880203
0.05104865342624354	0.634018872586879	0.31493247398687774
0.04581462910688561	0.763545291896575	0.1906400789965395
0.16391883208823838	0.6185797812765055	0.2175013866352563
0.11673787658004628	0.7846655993734539	0.09859652404649996
0.05323295135843131	0.6294311839462452	0.3173358646953236
0.17151753758683536	0.570590812713681	0.25789164969948386
0.08175686713643043	0.5531269617287782	0.3651161711347915
0.14369785032166407	0.3631767408661618	0.49312540881217426
0.09687767851192466	0.3439445948114899	0.5591777266765856
0.044664077602806995	0.5351544734520817	0.42018144894511156
0.11760622426407702	0.3311423804432782	0.5512513952926449
0.17722903901654496	0.3314026589433345	0.49136830204012066
0.19051224301201136	0.6443023582366151	0.16518539875137372
0.05027814197206931	0.4811092633597428	0.46861259466818805
0.039505176138328935	0.5318986020773	0.42859622178437123
0.17096135682306482	0.601051892354269	0.22798675082266623
0.16906312327359901	0.6289183516747163	0.20201852505168483
0.155122515323222	0.5141290566295699	0.3307484280472083
0.05342564774178149	0.5913264154923232	0.3552479367658954
0.0747918269750803	0.5295615315105089	0.395646641514411
0.1796485317752859	0.6891781766992078	0.13117329152550644
0.07289965041682855	0.43268470566254	0.49441564392063153
0.16845401091836773	0.4290856665050618	0.4024603225765706
0.16633837070265367	0.38943343840253314	0.44422819089481336
0.11746327965854769	0.5586593610744806	0.3238773592669719
0.07906200434778249	0.4064595644010033	0.5144784312512144
0.04083666276087994	0.5413557069823022	0.41780763025681805
0.16089140643284455	0.729818420529499	0.10929017303765659
0.06752376052996478	0.7624461148755028	0.17003012459453243
0.12366156048688298	0.6874946414124702	0.18884379810064694
0.11405017031013981	0.3758131692683742	0.5101366604214861
0.030258030775997924	0.4787366561111872	0.491005313112815
0.06580890946991219	0.602727227377033	0.3314638631530549
0.15191160344867483	0.4607601966011663	0.387328199950159
0.10289323449115756	0.4892405009050813	0.4078662646037613
0.06980008990902381	0.6530230947708107	0.2771768153201657
0.13533150672191926	0.5732034265075542	0.29146506677052675
0.19494402169344105	0.32855057901720613	0.4765053992893529
0.10094731696906917	0.6088473097252116	0.29020537330571927
0.18854900401480063	0.5300705683225502	0.28138042766264937
0.10775877507698797	0.4417597917225187	0.4504814332004934
0.07557182366485093	0.5150864663724746	0.4093417099626746
0.10477771782385537	0.6757886445872521	0.21943363758889262
0.03475150650932962	0.6012061645113858	0.3640423289792848
0.18945019992195647	0.6087764446526875	0.20177335542535615
0.14770015191710384	0.4299669113941996	0.42233293668869665
0.10736778135338948	0.43865190829067713	0.45398031035593356
0.06827860987802165	0.7931839457513616	0.13853744437061677
0.06231476913829698	0.7032470422514555	0.23443818861024765
0.1556058409999578	0.554377544518388	0.2900166144816542
0.11355750599899753	0.3560894142101833	0.5303530797908194
0.10423893145017432	0.5013468994138494	0.3944141691359765
0.14227777438319741	0.742366502386409	0.11535572323039361
0.1815250862431096	0.6793205805631282	0.1391543331937623
0.15298103937353766	0.632367901581327	0.21465105904513543
0.14153074580086653	0.4766247653573354	0.3818444888417982
0.037232470680380825	0.4176534634045004	0.545114065915119
0.04521900881735191	0.7761194502823265	0.17866154090032166
0.03468528172280816	0.6565059952110224	0.3088087230661696
0.1780228629498739	0.741481420523112	0.08049571652701426
0.10111306332681785	0.4135161568062669	0.48537077986691535
0.07659625539098425	0.3876369739510911	0.5357667706579248
0.19119862185543296	0.23432282595725126	0.5744785521873159
0.1364515649692211	0.6841190497574576	0.17942938527332142
0.1363412373792629	0.4957720708442574	0.3678866917764798
0.11916014144815643	0.43594356743007034	0.44489629112177337
0.13706223733122957	0.3932287944437876	0.4697089682249829
0.038991879853446654	0.4973549718017209	0.4636531483448325
0.06184045041170938	0.5383293643327798	0.39983018525551095
0.19471532889258236	0.6711928490936014	0.1340918220138163
0.1567164499943089	0.6419054603553283	0.201378089650363
0.1437281477518224	0.7150219720596513	0.14124988018852627
0.07860529250813708	0.3893044824922536	0.5320902249996095
0.05902663552131432	0.8164954494211542	0.12447791505753159
0.08511775130157623	0.3709991153481187	0.5438831333503051
0.08718724765525968	0.8197268051013074	0.09308594724343305
0.0644425583602033	0.7393132851434127	0.19624415649638416
0.07826651658701567	0.3660136200070126	0.5557198634059719
0.15740966854205865	0.4623138716553319	0.3802764598026096
0.14982935250876572	0.44148747977660563	0.40868316771462876
0.06359090399490963	0.4296456742447958	0.5067634217602947
0.06353322798669525	0.48323117973976987	0.453235592273535
0.16943305194392821	0.4617393086585106	0.3688276393975613
0.1750109742421802	0.4205957905220661	0.4043932352357539
0.06307595059268661	0.42328736914734466	0.5136366802599689
0.18261050023682446	0.3526097826563566	0.46477971710681903
0.059321659480673194	0.7901565505965094	0.15052178992281756
0.11390942026916129	0.662759648968104	0.22333093076273486
0.141778851710664	0.42681119969615616	0.43140994859317994
0.03127225028444147	0.8819816922607453	0.08674605745481334
0.11195520455144767	0.6008993401961886	0.2871454552523639
0.15449173576399944	0.6511734443267909	0.19433481990920976
0.1771317757087928	0.29746079799607045	0.5254074262951369
0.194890865362028	0.4446937762033196	0.3604153584346525
0.11715801817311391	0.2997844727431963	0.5830575090836899
0.12565635140423842	0.7634070209095281	0.11093662768623369
0.11117848810558564	0.31693589505225206	0.5718856168421624
0.147891470926853	0.30944248652300516	0.542666042550142
0.16364951323625582	0.36439113969940456	0.47195934706433973
0.14388323846084583	0.7661598214632042	0.08995694007595006
0.11399932917837935	0.3854796608371502	0.5005210099844706
0.11978831000192536	0.4499099213688355	0.43030176862923925
0.08013921345503872	0.7358845022177324	0.183976284327229
0.08143701437008588	0.608763623803062	0.30979936182685225
0.02787286229604613	0.818817182486385	0.15330995521756902
0.14309764726160137	0.6164714967484716	0.24043085598992714
0.1726118301204544	0.2922097022574747	0.535178467622071
0.10788092025789525	0.507069755776584	0.3850493239655209
0.1590165283173717	0.5302410006659037	0.31074247101672464
0.18936428167476466	0.4804055982484343	0.33023012007680114
0.10186103775539182	0.5640529059938262	0.3340860562507821
0.181746394130045	0.740268182331749	0.07798542353820614
0.08993161308788422	0.493383083354208	0.41668530355790795
0.16128205102452015	0.3829640854885986	0.45575386348688135
0.14262161927172456	0.6694000045162112	0.1879783762120644
0.12593361397138786	0.7348347875569753	0.13923159847163696
0.15353064047179102	0.3479667385029886	0.49850262102522047
0.04159421222546289	0.47278980703434353	0.48561598074019374
0.10840087221473205	0.562600683400234	0.32899844438503406
0.10055623262994351	0.5442436179048269	0.3552001494652297
0.08269818240505833	0.3998184070847307	0.5174834105102111
0.07341183176978033	0.4579237405910159	0.4686644276392039
0.1172505535636032	0.5452279083221915	0.33752153811420543
0.034061369377626716	0.7251476971024939	0.24079093351987943
0.04419125405141672	0.6598860663555283	0.2959226795930552
0.08973268766142911	0.42561140863906477	0.4846559036995063
0.08784450346547851	0.7171404359545918	0.19501506057992987
0.04497643684186026	0.4391159306502147	0.5159076325079252
0.09277847161475469	0.6428662631159179	0.2643552652693276
0.05886520070613849	0.8051280290252607	0.13600677026860092
0.09926908501430143	0.6902284796259008	0.2105024353597979
0.14846117247440366	0.4216682674385111	0.42987056008708535
0.12168582888294929	0.36232996157574276	0.5159842095413081
0.10071798300203472	0.6035857724569955	0.29569624454096993
0.1961872606463053	0.5451354120319711	0.2586773273217237
0.13751575461326745	0.28350616142065155	0.5789780839660812
0.17720860495548055	0.25148807821450714	0.5713033168300123
0.09341761521692127	0.6362587233303888	0.27032366145269004
0.160488775546352	0.6952130283403413	0.1442981961133068
0.11795996554894245	0.7674735226467181	0.11456651180433958
0.19530888267341617	0.7002079987858776	0.10448311854070641
0.1598499206936218	0.7263400104066859	0.11381006889969236
0.15862062188732662	0.6903115440623022	0.15106783405037133
0.09927272004376483	0.6979361972665998	0.2027910826896355
0.032748617513278844	0.5614082925601538	0.40584308992656754
0.19034897054700717	0.46421613036351145	0.3454348990894815
0.15619807678726913	0.6092461184437803	0.23455580476895063
0.14358622085258643	0.6209704575681163	0.23544332157929726
0.14905554716327202	0.6683745482062098	0.1825699046305183
0.11597934773899693	0.4140580557504815	0.46996259651052175
0.030958926735755787	0.6836318232272556	0.28540925003698875
0.1523935384520268	0.7031448126757797	0.14446164887219368
0.11780476071630394	0.6386066454637189	0.24358859381997727
0.1648104044366197	0.600813332487474	0.23437626307590625
0.158592134446069	0.38352098158078923	0.45788688397314187
0.10761569756942432	0.3426342652535077	0.549750037177068
0.06949139692838624	0.5867471582248255	0.3437614448467884
0.05560393889596321	0.6026755226014824	0.34172053850255446
0.03849423141016195	0.8112214343253619	0.15028433426447627
0.11935058625541539	0.5777233581497757	0.30292605559480895
0.045790513802243804	0.6467288563548197	0.30748062984293667
0.05477711922978162	0.5922527515643184	0.35297012920590004
0.18106360529359333	0.44361124243885885	0.3753251522675479
0.159587090958956	0.416040247137088	0.4243726619039561
0.16275394117084516	0.6045759385078237	0.2326701203213313
0.18351872740644368	0.46205938515001693	0.35442188744353953
0.10289365452619786	0.6697456495747008	0.22736069589910143
0.027900003294307085	0.4513274509005119	0.5207725458051812
0.1042407888929941	0.5245436323788824	0.3712155787281238
0.12421105272820618	0.3074183385106581	0.5683706087611359
0.192853621609727	0.3302758349559469	0.47687054343432617
0.09884047337675714	0.5919917479731678	0.3091677786500751
0.09354064355082481	0.36646199985988087	0.5399973565892944
0.1318609920083978	0.47421835465603096	0.39392065333557136
0.10301520206642786	0.40955450989981007	0.4874302880337622
0.06346036253797516	0.5364294356788087	0.4001102017832162
0.09605089498474817	0.47234444448380164	0.4316046605314503
0.12196920230859915	0.3580143065874758	0.5200164911039251
0.17434169362512414	0.5335043720210525	0.2921539343538235
0.059261465137903035	0.458626876171719	0.4821116586903781
0.06868064733583934	0.5063205626370564	0.42499879002710444
0.12371306194351803	0.6629704943648014	0.2133164436916808
0.16133760156218344	0.6735935170874063	0.1650688813504103
0.06083023801338294	0.82313538174502	0.11603438024159723
0.18885873400698702	0.22861372187563453	0.5825275441173786
0.15199914899723815	0.5642426565790143	0.28375819442374767
0.13377395126553623	0.42629001308765	0.43993603564681383
0.1776941733594316	0.49424877384806876	0.32805705279249975
0.0716124338843912	0.48409253566627375	0.4442950304493351
0.053547105339962486	0.36811436900578437	0.5783385256542533
0.11029558702653824	0.7038537677587777	0.1858506452146842
0.14409272018674696	0.6176825529542378	0.23822472685901538
0.16698874414953846	0.5195271324379924	0.3134841234124693
0.12307873754461685	0.5853364358254716	0.2915848266299117
0.06629906628682924	0.6049783999143798	0.32872253379879096
0.06779748289738674	0.8462290793140179	0.08597343778859556
0.1358093037772204	0.6792731821800049	0.18491751404277473
0.08987015327301578	0.7592892893035948	0.15084055742338953
0.160779691726426	0.2856987198705885	0.5535215884029856
0.1192102369508061	0.7003980649152004	0.18039169813399372
0.08140406653659382	0.6677279092085846	0.25086802425482174
0.1355612765445133	0.643182509095095	0.22125621436039178
0.08493650380123782	0.4319061025959746	0.48315739360278764
0.07879980122618496	0.3701635251307765	0.5510366736430388
0.1063121237494814	0.39288014551259026	0.5008077307379285
0.13688811217615332	0.6727838466750486	0.19032804114879817
0.19221469594946378	0.41401289736068925	0.3937724066898471
0.149744262979802	0.5380727298452681	0.31218300717493
0.18153137922475499	0.3147168802038388	0.5037517405714064
0.07135759696219529	0.5603536130012876	0.36828879003651716
0.10184892774504184	0.590533883510808	0.3076171887441503
0.040890357122154275	0.6251352506290472	0.3339743922487987
0.0284858905333637	0.5825106200780421	0.3890034893885943
0.19491144664748222	0.36281733318347953	0.4422712201690383
0.04452602602160277	0.6696634570671374	0.28581051691126
0.1106896866122638	0.4105206804109345	0.4787896329768019
0.03662752081410653	0.6378368255236774	0.32553565366221615
0.12328263386146215	0.5299906080638512	0.34672675807468667
0.1371592703841259	0.6576693535122453	0.20517137610362896
0.12286603484703354	0.6901109169709319	0.18702304818203475
0.15455604770475426	0.6095487352990112	0.23589521699623472
0.10614695795485996	0.757803018805639	0.13605002323950122
0.05401581255922727	0.799802108084258	0.1461820793565149
0.11880315891155466	0.35086275358538677	0.5303340875030587
0.17566857152622237	0.513367467701385	0.31096396077239286
0.15307750732779313	0.3100907909898983	0.5368317016823088
0.11802872233000442	0.3164745615747263	0.5654967160952693
0.02964949435401526	0.532606774783451	0.4377437308625339
0.04597362925315179	0.39786269714424166	0.5561636736026067
0.12682202593510408	0.5563301809660705	0.3168477930988256
0.08724122088410902	0.4136186815698938	0.4991400975459973
0.046167039783949426	0.48197173280862976	0.47186122740742087
0.15626448901763934	0.627840039059661	0.2158954719226997
0.10773757461713421	0.6687251171333042	0.22353730824956167
0.04268001554431422	0.5632830738307761	0.39403691062490975
0.12754453666547372	0.39243709963488405	0.4800183636996423
0.03392581547830753	0.7406848091066999	0.2253893754149927
0.16023635146808926	0.6597551119118144	0.18000853662009655
0.10320251036693909	0.3363481435847534	0.5604493460483077
0.17465354269089697	0.5447982224385581	0.2805482348705451
0.10562981654199577	0.7184057612150339	0.17596442224297057
0.03420093121605128	0.44970794432816913	0.5160911244557798
0.030773976359392385	0.6659010713980862	0.30332495224252154
0.06095599528669493	0.7119301381969788	0.22711386651632642
0.1617020892968454	0.3707498653357544	0.46754804536740036
0.07708841631097468	0.5965877029064135	0.32632388078261193
0.09480202115237635	0.3296812227902383	0.5755167560573855
0.17435882976912995	0.4759679882527007	0.3496731819781695
0.07371009635587006	0.49665654142543636	0.42963336221869375
0.03874142187527185	0.4335338339667139	0.5277247441580144
0.13798424868866718	0.7175907828326868	0.1444249684786461
0.03256582818013759	0.6326167635737061	0.33481740824615647
