0.28537502637359574	0.17473156128639156	0.14844046775880151	0.0988629144457415	0.2925900301354694
0.2763804696090994	0.15988327846981154	0.15820306120815178	0.1015380248291241	0.3039951658838129
0.277949513128117	0.15205319428707112	0.1732711437934525	0.10169828037210901	0.2950278684192501
0.2571914351464956	0.19495234763928243	0.14513292496877836	0.10090195137275361	0.30182134087268975
0.24603562752522123	0.17820526478086554	0.16454516203353947	0.10381067623877513	0.3074032694215984
0.292345835487949	0.19378455516520854	0.10264846422322106	0.10300510674921527	0.3082160383744058
0.2507424601928181	0.20794582085451874	0.16966381580002568	0.09428895581988626	0.27735894733275096
0.29112383516859053	0.2196148279738169	0.10437417316048224	0.10349013463655661	0.2813970290605534
0.2675190510905975	0.1491577965783078	0.17628183894487104	0.10198997955698197	0.30505133382924143
0.28181068944521115	0.21560346698924193	0.12492865075378812	0.09651168446415824	0.28114550834760027
0.25303157497725076	0.21119782797661332	0.11976193748599168	0.10746603854001976	0.3085426210201242
0.25045633049051097	0.1856951287406842	0.17441431110437952	0.09651328904849896	0.2929209406159261
0.2803531561284429	0.18014626783792181	0.15499484644898628	0.09940190505984797	0.28510382452480076
0.251803628541407	0.21300631607300732	0.15444477269293197	0.10397248426133242	0.2767727984313211
0.28508005558846494	0.16712971203556928	0.16111271162587143	0.09599560808263882	0.29068191266745524
0.2521402079876628	0.1973591885598539	0.17417872376388052	0.10041379678617626	0.2759080829024263
0.2707044231946244	0.18659766315981202	0.13091819900593415	0.10601545851265509	0.305764256126974
0.2559500847345468	0.1982970320758496	0.14917018648997743	0.10305337110537988	0.29352932559424605
0.2556723129619637	0.18816076983885624	0.14239509780113402	0.10071294565668046	0.3130588737413653
0.26273462099837763	0.21315604939153582	0.1360952542942278	0.10407521418788697	0.2839388611279715
0.24562994460830767	0.23910453758133757	0.10318739025829299	0.10439795615575824	0.3076801713963033
0.2795566624737451	0.2060484664036648	0.10179138582495435	0.10157507197706468	0.3110284133205708
0.2539575322265809	0.2283867067190598	0.12153282350076593	0.09743932963832727	0.2986836079152658
0.28753211813151097	0.18504489530986357	0.14317054066188203	0.09860777792700263	0.28564466796974053
0.24102823553473246	0.2434148828369137	0.11048822790792373	0.09845840940613161	0.3066102443142983
0.23930541929680865	0.2093825465853005	0.14437061802684156	0.10090311065074702	0.30603830544030197
0.27881716779836857	0.17351611791774818	0.14785590275373256	0.10145597848897275	0.29835483304117766
0.250856053139295	0.21091904829864247	0.14405383309502626	0.10489672504467511	0.2892743404223609
0.24293708644290352	0.2364773463385029	0.11861502906170543	0.10637320559457072	0.2955973325623172
0.28421314103034623	0.21617617120527496	0.09876119477638308	0.09844821679962434	0.3024012761883711
0.2756106420279726	0.164891169092105	0.15838067565675784	0.10281844372841065	0.29829906949475365
0.2430800848768436	0.17386830564092423	0.16361215903352655	0.1073839968857769	0.31205545356292846
0.2796694059815222	0.14068358745893042	0.17133182910823488	0.0942558768483631	0.3140593006029491
0.2579387783619717	0.1562295509400454	0.1754828278356207	0.10584823047584405	0.30450061238651793
0.2543205858579707	0.2374127125464254	0.12774097007277835	0.09942040134440008	0.2811053301784252
0.26997419364911057	0.21214939722484175	0.13892568187084256	0.0950323497528154	0.2839183775023894
0.29531102176682855	0.14240353993737612	0.16777464732022204	0.10626869395169489	0.2882420970238781
0.24208259861537462	0.18757360706132345	0.1600711129073703	0.10004379141050193	0.3102288900054294
0.2558478348550833	0.21319716534983926	0.13420896464043214	0.10388320788631837	0.2928628272683267
0.2582448616821972	0.18262924472117947	0.17559195527022683	0.10182827519433199	0.28170566313206424
0.26923673826544314	0.14002549912451695	0.17587310954334984	0.10316075771464844	0.31170389535204135
0.28059265888130497	0.20702831199006394	0.11471723787332334	0.10525943954337545	0.29240235171193196
0.24650830037676674	0.24508863896403843	0.12623958847512942	0.10385729602191011	0.27830617616215503
0.29417232680294436	0.1565881371790682	0.16366953166210316	0.09734832589563507	0.28822167846024893
0.25684072697149396	0.15724259822578593	0.17084204715605142	0.10310988328003182	0.3119647443666366
0.2513965211112481	0.22645658687781783	0.11488347464853865	0.10324517062630369	0.30401824673609146
0.2960340197436001	0.16120109343952388	0.1537584058400352	0.09744907050171188	0.29155741047512873
0.2733433420920866	0.22062002953784748	0.10561044547102243	0.10667122633253656	0.29375495656650663
0.2699231142938879	0.24604684007710528	0.1051941888164649	0.10179110413294024	0.2770447526796015
0.2906629491008207	0.19596041303645922	0.10382181177663745	0.10149713653313973	0.30805768955294266
0.2763453166698119	0.19008528003017705	0.16278009932900883	0.09487147671043439	0.2759178272605676
0.24564480928959062	0.24186739012891859	0.11973067492992197	0.1056648124991951	0.2870923131523735
0.25261574270473114	0.18991882933016477	0.17263211764331	0.09845170539402975	0.2863816049277641
0.2896171234219162	0.15883588134351867	0.17251092327646056	0.10046904734094907	0.2785670246171552
0.2625155358753623	0.20186290119018135	0.13741045080086878	0.10719033741340815	0.2910207747201792
0.26278129116300375	0.22911759680027668	0.11043515351218172	0.10302084124860038	0.29464511727593723
0.2710440019347694	0.23084036585692116	0.096455676121189	0.1032192197666598	0.2984407363204603
0.27884106003085024	0.16986383111741746	0.1692648068983407	0.09432020586374511	0.2877100960896462
0.27855039448177826	0.18192078101867146	0.13766111229629335	0.10203256003805611	0.2998351521652005
0.27936745749961456	0.14324405762625747	0.1635263791552923	0.1001119756902433	0.31375013002859214
0.25068336258454027	0.18406962483352501	0.15720596443274507	0.10690823669794541	0.301132811451244
0.2651695113202174	0.21325247696218524	0.12763284737227867	0.095283325407249	0.29866183893806947
0.27727744033533597	0.20208366044226098	0.10865432524765778	0.1009685199864244	0.3110160539883206
0.288797600477292	0.1901433145708839	0.10761913587683342	0.10763451595433537	0.305805433120655
0.27318094187634245	0.2144857338189367	0.10417964755559073	0.10251959274103128	0.30563408400809855
0.29339534732205086	0.17780870537630344	0.11344281682731776	0.10551068811227558	0.30984244236205205
0.23910755846649887	0.23101979200220682	0.14943809140403305	0.09532323405300366	0.2851113240742574
0.27748184368662365	0.18164403974085086	0.15873397303287073	0.10500472699623804	0.27713541654341645
0.271967131184037	0.1410029564292953	0.17374784813345223	0.1066850799904771	0.30659698426273807
0.25282919995473013	0.2404515841939608	0.12517557296653145	0.09823175739994491	0.28331188548483244
0.2518063742289528	0.21161989328172315	0.15881934913663542	0.10100570393225995	0.27674867942042847
0.2779144627412746	0.1677050884878494	0.15965784761142798	0.09819206811828043	0.2965305330411673
0.2851885785053466	0.15739367000982027	0.1566940944461789	0.10142202923859431	0.29930162780005964
0.2765409653189769	0.18683880103294162	0.1443495616229968	0.09839891760594234	0.2938717544191421
0.2793291331555339	0.15220345500766622	0.17457801238555692	0.10127687509918303	0.29261252435205964
0.2879373489075367	0.20627864759122533	0.11488647055114541	0.10631551322586447	0.2845820197242278
0.24829535653446094	0.2360986121070177	0.11949269488483705	0.1061540167760197	0.28995931969766436
0.2696760106737316	0.18144740034760487	0.1538063227462075	0.10741937326274335	0.2876508929697124
0.29126198352416727	0.19035056379255094	0.13125714735059632	0.09921141140271678	0.28791889392996844
0.24761033784767605	0.24059432981609674	0.11404711005818695	0.10144785406979322	0.2963003682082468
0.26491745224036833	0.2139117593254596	0.14662582188900075	0.09952232540223735	0.2750226411429337
0.2762642103208529	0.20581619876598986	0.12228697273487026	0.09767673815452904	0.2979558800237576
0.2802924901364712	0.18024083776002747	0.13780002471051664	0.10271447456032613	0.2989521728326583
0.24239675243180156	0.16738598386668438	0.17265192676948252	0.10567732596562292	0.3118880109664084
0.2568562574970537	0.19764136994109824	0.14926202867642996	0.09426132015210317	0.30197902373331464
0.2573076221950278	0.2375239870454314	0.1214939359404996	0.1013323218842579	0.28234213293478305
0.2634578896203783	0.19808635788518858	0.13431241751211878	0.10368651771344974	0.3004568172688643
0.24134621055465183	0.18919140462044848	0.1727400105698223	0.10502031860946284	0.29170205564561436
0.2864645831154895	0.20660646169574765	0.09701525629021526	0.0993751359009162	0.3105385629976311
0.28090619797852445	0.21548160543758849	0.1045306774432674	0.09743111209099385	0.30165040704962554
0.2675590661511821	0.1839387837805603	0.15355753882194995	0.09618841088483107	0.2987562003614763
0.26554083855052424	0.21567136139948961	0.11453285436234029	0.10449949497478567	0.2997554507128599
0.2801138257459912	0.1657244247044339	0.14193525141421512	0.10548786333857495	0.30673863479678454
0.2717421668489799	0.18747326142281615	0.13067816168074572	0.10114263543561287	0.3089637746118451
0.2471081791790664	0.18374679492298096	0.17138151952780065	0.09609846114877707	0.30166504522137466
0.29465634590088835	0.1593959418997221	0.15231019383461086	0.09992933634895106	0.2937081820158274
0.2910758537899714	0.21089250146096014	0.12402159358551254	0.09457261565209518	0.27943743551146044
0.2405363143209801	0.16921504110385205	0.17147483428381233	0.10739388120617643	0.31137992908517886
0.2762393418465689	0.16769002099052627	0.16552328231368146	0.10175729075152976	0.28879006409769337
0.2930031564053904	0.14751441927113873	0.16664991529506962	0.09939694581300845	0.29343556321539255
0.27617960366838196	0.1661670361694045	0.1577691604607124	0.09951426984625762	0.30036992985524325
0.24272088613422182	0.20142479064133587	0.15639240428001314	0.10774468743915627	0.2917172315052726
0.26414840858613253	0.21024785864495177	0.13529594064740816	0.10402135728291924	0.286286434838588
0.2516156145275672	0.2191564032129439	0.12321762908698229	0.09537883517145078	0.31063151800105554
0.28377821735285824	0.23838020270654223	0.10096589072432789	0.10012927508305276	0.2767464141332186
0.24971009816679737	0.23945916901309505	0.12431683222985354	0.10261615269343966	0.2838977478968141
0.2851227161756427	0.2272426434805663	0.09578330774627837	0.09487713212630942	0.29697420047120293
0.2783855004986664	0.19728938807075305	0.1511077513342463	0.09667608960988289	0.27654127048645105
0.2755772333698334	0.23641217947973703	0.10874113835628385	0.09526141546328949	0.2840080333308559
0.2479332675255867	0.1707112932305866	0.17417105322407858	0.10554341983802884	0.30164096618171904
0.29297282392257684	0.20814569208825925	0.09915254160901568	0.09503756508998493	0.304691377290163
0.2770009018104145	0.21929730490869426	0.13021910662518688	0.09842292551949566	0.27505976113620845
0.2488306853138185	0.21449627202027846	0.13975038709870086	0.10564334020535118	0.2912793153618507
0.24680995644612683	0.18648233584159893	0.16720006251519332	0.09659129235785378	0.3029163528392269
0.2513688047272322	0.20053811371419514	0.17521432825683697	0.09582011955549435	0.27705863374624107
0.2630052014414654	0.20200696227068274	0.14792118644264562	0.10630227317130356	0.2807643766739024
0.28662607756659547	0.2152761621070598	0.1096657015185752	0.09897215311015976	0.2894599056976095
0.2860863823255254	0.17081888986070848	0.1705746629667203	0.09585712672267792	0.2766629381243676
0.25772745847198375	0.18102735935401637	0.1762130330598125	0.10648634530103351	0.2785458038131536
0.2511657083296701	0.22387037831932427	0.1443921700754927	0.10181062468354338	0.2787611185919693
0.2763845498600312	0.20958927914256734	0.12609030149706474	0.0961462104211244	0.29178965907921206
0.29247663831598447	0.18775253010321025	0.12192701951635107	0.09530929845160144	0.30253451361285244
0.26938863733576357	0.18573770389402372	0.17131224621612745	0.0977435575970007	0.2758178549570843
0.25003866420204696	0.2370109046114187	0.12087415338936752	0.09813570458859111	0.2939405732085755
0.2607229739064627	0.24849589864140942	0.10440880313235454	0.10664120927966923	0.27973111504010384
0.2551397066213069	0.2457128070701792	0.11709792565978186	0.09830456614982212	0.28374499449890966
0.2652750941094705	0.19630260941341143	0.13610894411457689	0.10303299128905734	0.29928036107348355
0.27424754094440706	0.1671119899803374	0.17738751460717983	0.10107467067908539	0.28017828378899007
0.2924204144963359	0.17710258755137953	0.14716982219476243	0.10373228071609866	0.2795748950414232
0.27951352978387434	0.16454124173841178	0.1496843475764213	0.10274684057381087	0.3035140403274814
0.28949189026440814	0.1415880171197566	0.1574708707172417	0.0979357302854733	0.3135134916131199
0.2874342132943246	0.21845473238134808	0.10441294662861887	0.0950023179246737	0.2946957897710345
0.2606219932370903	0.22966835725472934	0.12131591521046842	0.10766134065592735	0.2807323936417844
0.27931572944808736	0.17145936976330856	0.144910969922273	0.10633133669128432	0.29798259417504647
0.27510063942680774	0.15481898595954094	0.1548324181320776	0.10490998416093661	0.31033797232063687
0.24665853092183165	0.23611636861010027	0.12138512474586985	0.09475485463724086	0.3010851210849571
0.2711092046630753	0.2401824876586769	0.10829728704222587	0.10274069715021157	0.27767032348581006
0.29308592567514197	0.15377973889945826	0.14809351160577588	0.09549365693632118	0.3095471668833024
0.25408696096824424	0.2267430746992306	0.1138642159978631	0.1038486509688399	0.30145709736582194
0.28252926990293953	0.21924198125449684	0.11827798180244538	0.09524683881677964	0.28470392822333834
0.2518312229046002	0.21107669519822492	0.1382539506512459	0.10681340231588898	0.2920247289300397
0.2914915322864472	0.16737378572483083	0.13990693708220786	0.10397077147101462	0.29725697343549917
0.27121313717343043	0.17757700030237003	0.16137003531812538	0.09527467848034245	0.2945651487257315
0.27339162009509216	0.20820949246262893	0.13748593117504687	0.09589111390267986	0.2850218423645519
0.26549773260137116	0.18003716864516228	0.15232256093208935	0.10377784593675794	0.298364691884619
0.26275714163058705	0.15894910877834573	0.17578455951027205	0.0987022531969018	0.3038069368838931
0.2959789452176102	0.2026776810190883	0.12312629745204043	0.10101189579169641	0.2772051805195644
0.2801514502904321	0.20405543418987537	0.11182521656159561	0.10541899592838724	0.2985489030297094
0.2957430365129395	0.1680147225621733	0.14843182516304204	0.09714450029311998	0.2906659154687249
0.28937815035228315	0.146288576389216	0.15418046417069536	0.09910470386720181	0.3110481052206034
0.2856768903897836	0.1458262052321215	0.1614453884399591	0.09826198687139136	0.3087895290667442
0.26846555799207106	0.19788380188695565	0.1324962478398795	0.0989317915821957	0.30222260069889784
0.2514094752800459	0.21589161228443254	0.14202735454942306	0.10743125246483239	0.2832403054212659
0.275339342473804	0.2139033373966384	0.12568918959007702	0.10743954443856474	0.27762858610091556
0.2850451516201152	0.19249468027444291	0.12812184087477768	0.10408328588115559	0.29025504134950836
0.289033202009368	0.17197638678944308	0.14615751172350644	0.09572362373207899	0.29710927574560325
0.250569113584866	0.19899433891683305	0.14412809730365408	0.09667681262540134	0.3096316375692453
0.2709844224325121	0.225550812567892	0.10011132825438729	0.09604553353016336	0.307307903215045
0.26898730276912897	0.14866950395509648	0.17544132538545493	0.09609086545828095	0.3108110024320384
0.24583759185811155	0.25041870453323645	0.09852798520074615	0.09629798486017359	0.308917733547732
0.2656785377258166	0.20718404837187218	0.12693931145101853	0.10310964802032382	0.2970884544309686
0.27962132548931173	0.14498298859880834	0.1635813876378368	0.10538871043637604	0.3064255878376669
0.27966958461359565	0.1935918623009958	0.13251057154385926	0.10298572219066068	0.2912422593508883
0.28136472642087784	0.19317522276097054	0.13866262479959252	0.09780568400524985	0.288991742013309
0.23969947573019543	0.19944827279573177	0.15220256993767392	0.10682062974679574	0.3018290517896029
0.24380185430715126	0.1778792828499662	0.16543894816821647	0.10346820623211594	0.3094117084425499
0.26365260179519956	0.16267670996104552	0.16624197624863898	0.10592004195466279	0.3015086700404529
0.2863129317361799	0.17038750749324288	0.15072980815510995	0.107365610017516	0.285204142597951
0.2501583342731096	0.24259821535808176	0.10770236185834853	0.09858524437026911	0.3009558441401908
0.24860267092347038	0.18191064394753173	0.16624747206320234	0.09473958193540791	0.3084996311303874
0.2504699321179771	0.18395455719784054	0.1631009861387206	0.09603315655672588	0.30644136798873567
0.2748107303735568	0.21375086424008846	0.12023051250633568	0.09751486604264946	0.2936930268373693
0.24255914940551804	0.2152319973533118	0.1399959520555508	0.0979164608524481	0.304296440333171
0.2598988683153608	0.22553861372518996	0.12366511911264332	0.1055045809509986	0.28539281789580706
0.2592321990231897	0.2338920507566452	0.10771390961104575	0.10331512937987934	0.29584671122923967
0.2537163550559033	0.24427937955090534	0.12203521651764584	0.10149073784257708	0.27847831103296816
0.2650544853796208	0.1769510552023824	0.15233427090927634	0.09447571206522891	0.3111844764434913
0.2870151261762264	0.20659211907195743	0.09749763781862229	0.10272152325803668	0.30617359367515695
0.2513142967275431	0.21615945424706745	0.133297480212325	0.10126067973757383	0.29796808907549044
0.24365591901097255	0.18170614599590093	0.16717985258388646	0.09524285132596869	0.3122152310832711
0.25185187003758347	0.2077587781448539	0.16869648394256834	0.0950893012417628	0.2766035666332312
0.2920768456349112	0.1990549510001587	0.12807897839815718	0.09717358821080742	0.28361563675596524
0.2639447679546905	0.19292936766453503	0.14243287863896992	0.102871798766247	0.29782118697555726
0.2691884886199249	0.191569686582452	0.13851400375419728	0.10549379685027534	0.2952340241931502
0.2610013594215943	0.2238081512871382	0.13500141000082738	0.09531879273759578	0.2848702865528441
0.2928109466397825	0.1621496214621892	0.15417256981010982	0.09483149570004032	0.29603536638787786
0.2823756342612381	0.1815185139452235	0.11789601098844797	0.10598341971110688	0.3122264210939833
0.2523870872887283	0.23801221261132863	0.1272965637322721	0.1073468654528755	0.27495727091479527
0.27632091535413394	0.20651740730012663	0.13046739901526255	0.10594948211049184	0.2807447962199847
0.2682169670307757	0.20422623144692914	0.13502531376885	0.10526752865744947	0.28726395909599545
0.2710599195346147	0.1639298463694226	0.15205545963681882	0.09882733904130306	0.31412743541784055
0.2665873270786634	0.24498190330497693	0.1153060442745229	0.0954678877982563	0.27765683754358017
0.2670603266087813	0.15314794412977822	0.17113729570182237	0.10566915482937346	0.30298527873024433
0.25472235847916513	0.21810613914710006	0.11502689570008345	0.1032542907887969	0.30889031588485416
0.28511383348508523	0.20683897544091362	0.11189861639331393	0.10736032650977165	0.28878824817091525
0.25749082165769666	0.19676340169098	0.14457224440964855	0.09509495410191705	0.3060785781397575
0.2468098838147206	0.21978303410568262	0.13559128893636474	0.1062189857336803	0.29159680740955146
0.27662462094884743	0.20893963522555853	0.13438186893738457	0.10409157393613269	0.2759623009520765
0.2776294418168819	0.1715386680042623	0.16738767257692783	0.10372602997036592	0.27971818763156187
0.2942489906829899	0.14723422619100118	0.14757275681817988	0.09901120343866521	0.3119328228691636
0.281615983128114	0.20367924383781122	0.10630436211080642	0.10727727663764962	0.30112313428561843
0.271246533076219	0.22492960746392301	0.10986328842355156	0.09495810287898308	0.2990024681573231
0.24295374391493058	0.2459824434669951	0.10635027466019273	0.10245182265663862	0.30226171530124274
0.27522570449264605	0.21497162313022644	0.13156543849397653	0.09611991098257648	0.28211732290057423
0.24571895046133957	0.17609148768253804	0.17205377236635191	0.10145293413127218	0.30468285535849804
0.2700510762414198	0.22886123689462715	0.10398888893353742	0.10010297619141689	0.29699582173899847
0.24565799697636112	0.21963798310180685	0.15188189796523882	0.10703339191912134	0.2757887300374716
0.287622543094603	0.20374110426001507	0.11304770043948756	0.10531110871436142	0.2902775434915326
0.2931760580540928	0.17852447564567941	0.1425764335308013	0.09870937335986013	0.28701365940956614
0.26260093485880526	0.21248296892969143	0.14429824999939034	0.1026964845241856	0.27792136168792714
0.28465328246597765	0.17473308889473818	0.1316507237241172	0.10263367546191395	0.3063292294532527
0.29170801965684795	0.19238186648711894	0.1353145950134548	0.0972975089749885	0.2832980098675895
0.26437595342403536	0.21055199366198948	0.13214474442996635	0.10762734077357752	0.28529996771043103
0.29570987206476096	0.1985736576920145	0.12358478746630959	0.10632221294272619	0.2758094698341885
0.26304440038349597	0.20470111772227292	0.15971852833437106	0.0966227122108216	0.27591324134903816
0.270050198240175	0.17862284506697929	0.13922939168209275	0.10510480423578512	0.30699276077496757
0.27354682277998943	0.22213968579902132	0.1061381463007738	0.09766171992446009	0.3005136251957551
0.2454289245041702	0.20508294850717318	0.14332971640568357	0.10085830489050344	0.30530010569246935
0.2581324815667558	0.19013674038126238	0.14677951102917214	0.09840891516303117	0.30654235185977824
0.24398989938009277	0.2139408655579423	0.139314520012629	0.10528915711029901	0.2974655579390366
0.23979685579915247	0.23738198632560753	0.1459784624532523	0.100860059440644	0.2759826359813435
0.28236797455598706	0.19881549585123834	0.12297364695031138	0.0991496661063001	0.2966932165361629
0.26016671845592154	0.22112007018174032	0.10286699587396274	0.107710975497882	0.3081352399904932
0.24454972260008712	0.22244544258030788	0.12439914530735616	0.09867005494599199	0.3099356345662566
0.26330469716434396	0.21387828720094257	0.13530391045068585	0.10469346265136695	0.28281964253266045
0.2685756408151424	0.21091265884252078	0.13788121851747587	0.10750986098775037	0.27512062083711025
0.24135298899631963	0.23371599309435326	0.1238102899676785	0.10339076099345425	0.2977299669481941
0.26804897044161474	0.22917966857862807	0.12576715085264684	0.09796786848179394	0.27903634164531615
0.24087504399332454	0.2396644793262941	0.11916817432245247	0.09725606777943714	0.3030362345784915
0.2439145189643648	0.2376843946475053	0.12985741288161395	0.09797495974906262	0.2905687137574531
0.27469130536263375	0.20974217935260517	0.11367387099696497	0.10217375146803319	0.2997188928197626
0.2941740701455351	0.18163997811447508	0.1460874722712197	0.09715113039144925	0.28094734907732055
0.28667311075740864	0.19323100665283502	0.12259399059700324	0.10220342797547052	0.29529846401728227
0.28629643092464124	0.15581709100764526	0.15604482503617254	0.09430226093163922	0.30753939209990144
0.26373536319850927	0.18539359008244644	0.1669252879681478	0.10387011908296434	0.28007563966793186
0.27843966181903673	0.20397015181088252	0.1378676298627505	0.10327192814437228	0.27645062836295775
0.27791401738797294	0.2160977392890886	0.10286046723227404	0.1053755518277709	0.2977522242628933
0.28253521027060435	0.16126635796391384	0.13916753470065008	0.10712323263147057	0.3099076644333609
0.25110829441069027	0.19699647732247916	0.16930139509934108	0.1026467748147387	0.2799470583527506
0.26247966384518207	0.21942219546542274	0.14058454615165736	0.09527124019462609	0.2822423543431115
0.28227061846197976	0.18966328661973691	0.14917189780863907	0.10257438904512695	0.27631980806451706
0.2949351722246562	0.13657050165007445	0.17024729746369463	0.09778895557407598	0.30045807308749845
0.2940944711793832	0.21420618683781104	0.11609997194539738	0.0951247850843334	0.2804745849530747
0.2500736097095173	0.2062193334520276	0.15310199118859985	0.10476982084265307	0.2858352448072019
0.2410737543032731	0.24240260509350406	0.10433773533203658	0.10343783661730657	0.30874806865387944
0.2806937727344641	0.2057330626168894	0.1272548970807274	0.10665700274180259	0.27966126482611625
0.25018492400064996	0.2113391717016975	0.14265420613546684	0.09880695312500355	0.29701474503718195
0.2522917012168188	0.20523327770109867	0.1663852413761376	0.09610025142961497	0.2799895282763296
0.2887488657661701	0.1511641055329963	0.1646731991548962	0.10370133752528003	0.291712492020657
0.2524719010036649	0.2030192444608069	0.15468310002612745	0.10402689517678164	0.28579885933261884
0.29257618380232564	0.18008708271659282	0.1282488374318686	0.10162928922645473	0.297458606822758
0.2715405679588889	0.22716343691968544	0.09975810759737733	0.09729871415463623	0.30423917336941186
0.24781044051634776	0.21480720585749563	0.15286417272920766	0.09989902341973121	0.28461915747721744
0.278829922857244	0.1661799786914019	0.15050921504837045	0.10054400910574465	0.3039368742972387
0.24254173550682434	0.23363001227186028	0.14158394387545942	0.10429452802167184	0.2779497803241839
0.2492659688828246	0.1966609034655725	0.15776743199767473	0.1076829815694523	0.2886227140844756
0.2769726466870017	0.16327168513513435	0.16514228633953457	0.10350811769845022	0.2911052641398788
0.2699368822954017	0.2209548956447695	0.12188030468940857	0.09721464534151009	0.2900132720289099
0.2793081970219121	0.19584145671279787	0.13837456360716005	0.10426079278642078	0.2822149898717089
0.29107323643435085	0.1796328279815912	0.11664527795430907	0.10004789083042027	0.31260076679932836
0.2845757132275269	0.18079096609069353	0.1442096037523254	0.10049729705290207	0.2899264198765518
0.274276179781897	0.2292228429803145	0.11689235968662803	0.09743960744882967	0.28216901010233053
0.24301879348567956	0.22108208289512274	0.15338545991847924	0.09610131161057076	0.2864123520901474
0.28161621619047256	0.1639916479142848	0.14239745672701826	0.10721160100571883	0.30478307816250527
0.27671141524863563	0.1524626912384131	0.16820114007694575	0.09543174171586526	0.30719301172014
0.26667155449989066	0.19428221295346504	0.1494277406836254	0.10366721668965008	0.2859512751733686
0.24312074034962658	0.22738003730287226	0.1334024923166963	0.10253671103836057	0.29356001899244405
0.25312572853139015	0.20501549178150594	0.16905656328307087	0.09784029799546914	0.2749619184085636
0.2575864036928781	0.24649013820313503	0.10667005187363554	0.09625987869385066	0.2929935275365004
0.24552815469603445	0.22896932527388558	0.1214663891518664	0.09871362220632843	0.30532250867188493
0.2397765066840668	0.2489089977698645	0.1193813261214978	0.09616959907760671	0.29576357034696393
0.2822125686208345	0.2052637193536295	0.10592100646588172	0.09745211191250708	0.309150593647147
0.282240345717628	0.13249259094495203	0.17043268472569884	0.1055234421555915	0.30931093645612934
0.28020601620934255	0.13169760672885264	0.16920340904498674	0.10494030537954305	0.3139526626372747
0.27732998678217763	0.24001640269945024	0.09539162446773349	0.09466295330781707	0.2925990327428213
0.2545193741671482	0.2379658880381617	0.1328676910169394	0.09640353608895537	0.2782435106887951
0.2829546863581939	0.1664656066726597	0.1620313187773877	0.1005764376732018	0.2879719505185566
0.28417443516385166	0.14358790923884396	0.1625926649670142	0.10249681829226606	0.3071481723380239
0.28491679439375156	0.14657179488535133	0.17627453831365714	0.10300104928240231	0.28923582312483737
0.2956633059944127	0.20553234690589392	0.10068753833203185	0.10406874424216517	0.29404806452549603
0.26760554261525066	0.22292966745005666	0.11163014806322787	0.10192046955899983	0.29591417231246475
0.29369254358491415	0.14545846842621546	0.16629964198525707	0.0953698534696652	0.2991794925339478
0.24678682538517693	0.2437626416681376	0.12178258669168675	0.10672200883265535	0.2809459374223431
0.24851198290705723	0.24622858339615034	0.10390297445563172	0.10069189821592006	0.3006645610252404
0.29129148160643564	0.16606680565343	0.13149948026028194	0.1070860596466464	0.30405617283320574
0.25852121269963924	0.19057221073492378	0.15840048110388763	0.1059743295269184	0.2865317659346307
0.2482284770527463	0.21338742037181715	0.13672634879171475	0.10561597012325825	0.2960417836604633
0.25379725076679227	0.2072158450715753	0.13077562845485546	0.10493099213076755	0.30328028357600917
0.27359839236329264	0.1694796510189601	0.1466861021391705	0.09988358632365495	0.31035226815492156
0.2901432467599208	0.14107432273479306	0.17032853322391517	0.09530645388183744	0.30314744339953326
0.2852612047692221	0.16885303393105539	0.16440831167382908	0.09617732908520776	0.2853001205406854
0.2860209243764913	0.2214647828610281	0.10167708022222116	0.09899944890030932	0.29183776363994984
0.29214344953934684	0.13680809818895884	0.15791683170006016	0.10377608125712726	0.30935553931450666
0.29519473806748364	0.1310927711396646	0.1693034321037539	0.10750554507710344	0.2969035136119942
0.24645045355522352	0.1779181976655478	0.17525958717099246	0.10496518069720598	0.29540658091102995
0.24585091049800703	0.18152575837256968	0.17360501754721283	0.09794700846608584	0.30107130511612434
0.2683158412715594	0.2280219464105537	0.11529586434199765	0.09920561219497212	0.2891607357809169
0.25703331044458116	0.21698943751190103	0.12476747392421697	0.10283141191227806	0.2983783662070225
0.27879683552011514	0.23954017719923792	0.09905571389957385	0.09952769170163182	0.283079581679441
0.2643297163676548	0.17757567028170054	0.16164406238190565	0.09969599587479036	0.2967545550939483
0.2451334086439824	0.24949536456120075	0.10171455908542182	0.10243293157879202	0.3012237361306027
0.27791698767529166	0.23559193058346412	0.10818180057723722	0.09806099231480152	0.2802482888492052
0.256350688919773	0.20645417430125707	0.15917144276407588	0.09714219038196693	0.28088150363292685
0.2581277643320405	0.17726376595507093	0.16012798070618497	0.10217865595945858	0.3023018330472448
0.28798036260172927	0.14039457381540096	0.1685712420544797	0.10015868764587935	0.30289513388251044
0.27060667394953297	0.1910611395462394	0.13403877260226874	0.09650352054302973	0.3077898933589289
0.25048657256107537	0.20547798697973774	0.15097286938504148	0.09737195808109209	0.2956906129930531
0.2760446275045391	0.22426117931449888	0.10778637676155975	0.09448763913852198	0.29742017728088
0.2815490106777432	0.15685358053915605	0.16172842257641	0.0961851141014804	0.3036838721052101
0.26123408398159575	0.23894217994532102	0.09904794256886938	0.10324919087885079	0.2975266026253628
0.24377976827799305	0.20632061429190063	0.14221418691442075	0.10267255719799359	0.3050128733176917
0.2825049138108303	0.1694950826031293	0.14654609425546658	0.1035789143047279	0.2978749950258457
0.2616989906640048	0.23130318235102554	0.12599960661548204	0.10265886274428923	0.2783393576251981
0.2488889316098192	0.23668473731987705	0.11552032530505806	0.09629591238049803	0.3026100933847474
0.2730555878267761	0.18557191007793597	0.14617849644814943	0.09546961697257332	0.29972438867456497
0.24268990347276664	0.22274312473755242	0.14390541693170117	0.10395041071957835	0.28671114413840115
0.28228364145447904	0.1861055551640634	0.14578327294559834	0.10197873151030246	0.2838487989255565
0.27112267929103057	0.16173668422569276	0.17430675695853434	0.1025577994299297	0.2902760800948123
0.24853501916637316	0.17730125460323024	0.16500772830599272	0.09977794636584479	0.3093780515585588
0.292181024042962	0.194734971900932	0.1239039001751615	0.10399709832063948	0.28518300556030474
0.2646135721974195	0.23119128214881784	0.12521641513522225	0.10262350323796193	0.2763552272805782
0.26872341875387373	0.1656072274845235	0.15210153849562813	0.1012652812046756	0.3123025340612988
0.24542661158379703	0.20495823970196023	0.13996358212589816	0.09874240733782415	0.3109091592505202
0.2896460045808552	0.1806545736170249	0.14865239263425506	0.09536331178428677	0.28568371738357784
0.25090678223924673	0.21232144464615746	0.12483715021319988	0.10378392932377369	0.30815069357762204
0.24491364855435377	0.23216020776373356	0.1396613999580543	0.10760979093104754	0.2756549527928106
0.2856123718162905	0.16515790067727285	0.12990734930061623	0.10756418222054065	0.31175819598527943
0.28853862205227077	0.16528382257487534	0.16391584229362754	0.09735765371321341	0.2849040593660127
0.24278393896391753	0.21890512640111523	0.15582483341637174	0.09775279547538501	0.2847333057432102
0.2595014092713537	0.2305392477135924	0.1018748431568098	0.10566229783745298	0.30242220202079084
0.26457729334316404	0.19876813782699204	0.1313462038462025	0.09852381311807835	0.3067845518655628
0.2735752048203487	0.18978134845360098	0.1372680363874497	0.10377638318100804	0.29559902715759234
0.25787186311370547	0.1739296536796136	0.15705260377997823	0.10173745067753713	0.3094084287491653
0.2956200485596888	0.1634677139186172	0.1434563452191366	0.10346786895575891	0.2939880233467982
0.26052141887110125	0.21836685665836061	0.1331219104543349	0.10485214146607771	0.2831376725501253
0.26241799258705356	0.23601853031441652	0.11122385239778514	0.0961000299077698	0.29423959479297473
0.25628476669169303	0.23194171346358322	0.09849549614418102	0.09977251278659517	0.3135055109139473
0.29482000781844303	0.15728813585763762	0.15615918843032495	0.10699703981840183	0.28473562807519226
0.29610433453415286	0.15341220083600915	0.15582753774227745	0.10174145760640596	0.2929144692811543
0.2693275221571885	0.1855173057558298	0.14012101556945944	0.10304815945907964	0.3019859970584423
0.2629058626499168	0.20660368029916243	0.13136953072875387	0.10649435178434798	0.2926265745378187
0.2797106175339463	0.17458472436356337	0.13330532852421884	0.10072268840741223	0.31167664117085897
0.2690999939593368	0.18552273952593978	0.14744897775357418	0.10733394029723878	0.2905943484639102
0.2518736858697648	0.1722188531493247	0.17517326176078699	0.10430430211278137	0.2964298971073419
0.29212075697184336	0.20471352422934866	0.12079177893414168	0.10521622087560803	0.277157718989058
0.2392195605139683	0.24526526452609737	0.1227634370879654	0.10612083226122106	0.2866309056107476
0.2491964542579746	0.18504603668557257	0.1593249327551685	0.0993205015718759	0.30711207472940816
0.26413358994186564	0.23992158677426473	0.12048657157784332	0.10030812343408639	0.2751501282719397
0.2848193272991366	0.17435293160638315	0.11984197822259812	0.1076835556915306	0.3133022071803512
0.27481526452314226	0.2012175519487476	0.14385819061839153	0.09450157168559889	0.2856074212241194
0.24758551496248904	0.24836519649352745	0.1281924414114612	0.09510668951405463	0.28075015761846744
0.28392511600455744	0.23108115829388023	0.10416589244373226	0.0952815576063284	0.28554627565150137
0.27702311020870396	0.18865422488289044	0.12354275546640843	0.10725699675669641	0.30352291268530046
0.290580929249543	0.13572981870029166	0.16374846574300822	0.10450750282411125	0.30543328348304566
0.279697465664521	0.17130233265826475	0.15776770218923708	0.10716476859753545	0.28406773089044157
0.283650914252763	0.16624020510319942	0.13986532790160694	0.10008201273089978	0.31016154001153057
0.27102878534094665	0.20269516396293177	0.1424662334728252	0.0971540358089866	0.2866557814143095
0.26010443077575657	0.20499705841754154	0.153094106890598	0.09642238778777071	0.2853820161283329
0.2538243152295646	0.1729489314579812	0.1637293618152283	0.10658315020561893	0.3029142412916067
0.29032417865642035	0.19404131991507365	0.11167305081047034	0.10567656692976371	0.29828488368827166
0.2781913694189224	0.2291459203570887	0.10718042529156141	0.09489943464975023	0.29058285028267694
0.2763332603395551	0.18546044683090646	0.14651094608498488	0.10148103053341091	0.29021431621114235
0.27737395658701963	0.23261523869397982	0.0967800976280391	0.0988580958103436	0.2943726112806176
0.29045790699717894	0.1949528898862447	0.11154411946543527	0.09988841873117314	0.3031566649199677
0.2624566502086876	0.1563602668509514	0.16699269373405198	0.10335147034593813	0.3108389188603707
0.2865385169083146	0.15411881389223886	0.15185987102939816	0.1036337055624596	0.3038490926075885
0.27256099018182045	0.1644105315914699	0.1698113803869326	0.10124726599539714	0.29196983184437963
0.23921158026225198	0.20731454975016303	0.1708362395873431	0.0947576825538001	0.28787994784644155
0.25163036816579765	0.2125564263080105	0.15022486838816843	0.09983092913898099	0.28575740799904215
0.2758089679989647	0.19542406160944173	0.13485851026483786	0.10378155552412943	0.290126904602626
0.24803998951087608	0.18945396600980904	0.1750699320493969	0.10448844025873959	0.2829476721711781
0.2664177651566956	0.20560272384572909	0.1517579111711122	0.10130858725971023	0.2749130125667527
0.28111426651212956	0.16287888466918743	0.14532723107045545	0.1001862209953335	0.3104933967528938
0.26707763694189895	0.20663436810715968	0.14132679672716975	0.09509017843662357	0.28987101978714774
0.24505447116157675	0.19753114892169282	0.16954977145432554	0.10385481318785968	0.28400979527454495
0.2805021666669302	0.21479248302834325	0.10284905994086162	0.107117267690116	0.2947390226737487
0.2823477540912366	0.18751151963781398	0.11709225181436866	0.10363046901791728	0.3094180054386632
0.271535138620087	0.1427257552031377	0.17002237595007894	0.10772188302674159	0.3079948471999545
0.24382674774332114	0.21322481059956322	0.15398899726372514	0.09763510821932381	0.29132433617406644
0.2860385989405271	0.17747079157012707	0.1428331495425134	0.10656395423588959	0.28709350571094255
0.2785381614005358	0.21623316852265745	0.12454088815285995	0.10297997515156246	0.27770780677238405
0.25961340535497385	0.17330364620662042	0.16577089733648312	0.10332876023748418	0.29798329086443814
0.29310217332499755	0.19575092827716908	0.10443610669274792	0.10112258429217187	0.30558820741291326
0.2530015113141168	0.1737898913563924	0.1758174232782646	0.10322483332016051	0.2941663407310654
0.272944399387014	0.19373320851869208	0.14053258791755197	0.10012876421327603	0.2926610399634657
0.2804176588714663	0.15398319099437813	0.17668182450343695	0.10716771536317506	0.2817496102675433
0.24147427117105616	0.20712765823328433	0.14604154137172848	0.10472578418689185	0.3006307450370389
0.2617282440134384	0.18878791656477747	0.17008301705696344	0.09750531342118252	0.2818955089436379
0.28803672967776894	0.13901645249926695	0.17365733203108707	0.09955342514029261	0.29973606065158415
0.28606698896336535	0.19160981520935724	0.11659220527036257	0.09451450456937938	0.3112164859875352
0.2841015396891865	0.22207553762907378	0.1001350251478911	0.10476940147597037	0.288918496057878
0.25337985339357516	0.23398429272473903	0.10448495774800351	0.10063078577941284	0.3075201103542692
0.29077181311403594	0.19776413049522498	0.09722751699000559	0.10185494333834066	0.3123815960623926
0.2868970093135745	0.14668610075577618	0.17556822031720407	0.0945732394641095	0.29627543014933544
0.24509886334455022	0.21701911863663037	0.1441824217161159	0.10106190184730121	0.29263769445540205
0.26903306659067067	0.1742571325365448	0.15983426990747818	0.10609016337912229	0.2907853675861838
0.29493808736271265	0.18997437188283622	0.10610507810508749	0.10095871422335914	0.3080237484260042
0.2444767625069316	0.24474937657632878	0.11028097139960352	0.10260792015768128	0.29788496935945463
0.267225104042903	0.21557824370076334	0.09996518249799471	0.10348995955958473	0.3137415101987539
0.2750932108085903	0.19143598372604073	0.11814319766544656	0.10410577651701511	0.31122183128290704
0.24336416548873185	0.24504676567313308	0.12065261551842965	0.10301482714492195	0.28792162617478323
0.2482450388221533	0.23461927957863335	0.11785553942384852	0.09941445764528634	0.2998656845300782
0.2725699262283996	0.1987368059300668	0.1278191126806823	0.09447794408190836	0.30639621107894266
0.28398052857754746	0.1520546747585376	0.15023059628566496	0.09974193486077665	0.31399226551747306
0.24647561901159665	0.23077590666737702	0.13844330234063146	0.09847371950193401	0.28583145247846065
0.26578603253567046	0.22147793919158854	0.11411021779961476	0.10098815936421023	0.29763765110891577
0.28612120071454705	0.19570613024656633	0.10842872877038626	0.09757379996663587	0.31217014030186424
