0.0768452448144067	0.17863844221066366	0.08369494576974516	0.14113617303242706	0.07822556952524208	0.13212726487893925	0.09356988763884908	0.04667248442720885	0.028638828751224768	0.14045115895129337
0.08273846450254754	0.13792760753615402	0.06686782363719376	0.11012746033074776	0.08906841830179954	0.1588523109860498	0.10669723135913045	0.051030726575636336	0.018164454352422893	0.17852550241831794
0.16663616717053834	0.03496555696829293	0.08608128605963664	0.1189120394522845	0.07597981184346156	0.20429754660517124	0.07931026876079543	0.025632164231265117	0.015732118253945965	0.19245304065460817
0.18240313591806534	0.04514431500766287	0.05388455297101835	0.13284195240854035	0.07957812961039526	0.20891952922584928	0.07588546918586958	0.03890003197521316	0.009504796457129247	0.17293808724025644
0.18799151427276056	0.08780515601837308	0.09555535657407	0.12736265533812866	0.07344238594878598	0.12991306320847235	0.10351339764284498	0.024413531938215563	0.024311381670237636	0.14569155738811107
0.07022585927571308	0.18783846974838914	0.0679386083989039	0.15973358290404704	0.05242303583991315	0.14749591173949175	0.10244549181852784	0.027010435664982152	0.023982964871169035	0.1609056397388629
0.18661902433948824	0.08597893381228379	0.09397605699370512	0.11098981056147167	0.05468174635607492	0.16040881956808617	0.09559705251319273	0.024205671880667398	0.006509052561044004	0.18103383141398588
0.08149709692452234	0.20127840021738294	0.052531817286617835	0.15555046355588367	0.052376424017840637	0.12910758159382413	0.10737718119634437	0.04856111138761096	0.017588465953845	0.15413145786612806
0.10399034878268427	0.1792411371226794	0.06403182795343795	0.09986280469680996	0.05206638178356473	0.1675953710458596	0.0743590970275607	0.042682660432726977	0.02688944912631229	0.1892809220283641
0.03665593303216877	0.18771271423428948	0.06312119812218502	0.16019024668865	0.08753163685439538	0.1299899432289941	0.10171783496171727	0.041090615900139925	0.025532297053562705	0.16645757992389734
0.18567836607515192	0.07693702392769351	0.07047009818633145	0.13198394218818726	0.07438061712828911	0.172499064768597	0.09803550909889916	0.04060164883902651	0.005661244136894492	0.14375248565092946
0.11043838602618984	0.2309266786449033	0.04908487780059465	0.10788014058714253	0.0577298052968001	0.14334069028689525	0.08733949936155713	0.033963369990261325	0.008030851380428014	0.17126570062522778
0.13131553583180577	0.04680850908106044	0.08722323215826286	0.12091126007719974	0.08710768274865474	0.1880101509328081	0.10067635360092862	0.05871340037534969	0.008545015326952177	0.1706888598669778
0.09676344887670309	0.1495166619742183	0.049536899509196125	0.15944865596146116	0.07038134513562311	0.14259095165538554	0.09263528914474174	0.06668760981801894	0.006066629076410354	0.16637250884824162
0.1285941960211705	0.11708170764893464	0.10977625747709532	0.10491272771859533	0.07620236149393873	0.17092988821249677	0.09480768311080695	0.05327736693401037	0.00835309627637322	0.13606471510657808
0.07087997751803635	0.09891551048488803	0.08650368270208643	0.14508208335004869	0.08650436925575632	0.20450867917027976	0.07158114552491324	0.039474302748356074	0.02919458214585842	0.16735566709977667
0.20099697114008994	0.09297506979907016	0.0838097744078961	0.10724765933089053	0.08672568979679049	0.1528446124150812	0.06504328363412631	0.03874758974294447	0.02804553595565945	0.14356381377745117
0.07244258404863954	0.2031596035334921	0.07119713083119374	0.1208725098380443	0.07310397058932994	0.19355491252868584	0.07293012898465864	0.04911884601809352	0.014228949664279164	0.12939136396358317
0.16364744981850474	0.09189738078450764	0.062091549182499726	0.13347474542502633	0.08557419943410527	0.1394957936601676	0.06781112040510104	0.055193625891235165	0.013170208192935018	0.18764392720591735
0.18778555287982507	0.03362960291735126	0.10904379259027076	0.09716169435609671	0.0740748849791144	0.17063568377447633	0.08637532537235333	0.03879762559369964	0.018100992919336326	0.18439484461747607
0.19409557232006677	0.04907606705820164	0.07615186716968579	0.09783560164777481	0.08746481521716422	0.18969177208517785	0.08231468433566273	0.0461238372665604	0.02462986788380976	0.1526159150158959
0.07745844360490205	0.12201117531659376	0.10134565888025417	0.13891130450253822	0.06449999759819833	0.2069174844486515	0.07372833036407983	0.05257353315424023	0.016833153391342892	0.14572091873919898
0.2155750172958107	0.04768065825906406	0.08124868949109212	0.1271319593249302	0.07468869119233965	0.19703748471777816	0.07575986431230604	0.033425179969205715	0.020856738182972637	0.12659571725450056
0.1922075084528987	0.06849038148995862	0.06713472236313618	0.1331445538226589	0.08061444317382624	0.15011364309408753	0.09618653409886435	0.05406409258009465	0.012267209469402796	0.14577691145507188
0.08363686289084506	0.17150553104216754	0.11065169249948636	0.10687438590056848	0.0645760795255076	0.17505192592275942	0.08888812310402269	0.033742549123574786	0.02334087281675322	0.1417319771743148
0.055289510415235776	0.2363196626764804	0.054835595881599176	0.10796711410500712	0.07645858068180485	0.14678336085852375	0.08862633149365802	0.034267465111341225	0.004592933960891804	0.19485944481545792
0.21526542697098094	0.0568538199071589	0.05791064851198972	0.13314714842209419	0.06194138314962501	0.15220076381741177	0.08097621660707499	0.027333780336177463	0.0181703889685204	0.19620042330896648
0.0697664563351002	0.03155434450941273	0.1038691328395573	0.15822784418815497	0.08875639130103705	0.2086120194810679	0.09070272933175041	0.05061241692362265	0.015254619664842858	0.18264404542545393
0.06291706730702962	0.25288188762318864	0.057009720309350316	0.13303468977540678	0.0838159273266183	0.1519108086586454	0.06725410953758248	0.04963050382739908	0.007804294912305845	0.13374099072247347
0.19467910799886554	0.10637917048783617	0.10322223617357441	0.11104223388412884	0.07916811269655696	0.1614075382125369	0.06854896933861705	0.02447774769641607	0.00926020100215505	0.14181468250931284
0.1187498409772241	0.04757510755158299	0.10263187477547149	0.15960273259165547	0.05379276968043499	0.17780081091815633	0.08453078763433375	0.054062584427297	0.022958047115203856	0.17829544432863992
0.07363541730567609	0.15358019551420726	0.05436432124075603	0.10186517163758069	0.08695671768582056	0.20559768679377666	0.0787406645161587	0.0620266237363412	0.018199714697145958	0.16503348687253683
0.0430724488967881	0.20856052590230353	0.07796111018232843	0.1286339461981881	0.05762498898329337	0.1511766325816099	0.07383400092011053	0.049870371831603096	0.01265222434139987	0.19661375016237503
0.09460931330696075	0.0671162206538969	0.090108727869227	0.1537501463283231	0.06632184670507046	0.19059260174488646	0.07644027026406207	0.05252047714172536	0.018650036212287294	0.18989035977356056
0.15542081757330956	0.19584433482502217	0.05733092324812133	0.10195411883027	0.06896719551994814	0.14116197380219747	0.07514273310294425	0.029801529645143682	0.020008894058243742	0.15436747939479953
0.15065580321402583	0.1482058249921679	0.07096669305938341	0.11531180765174223	0.08688140479761766	0.1520392050807579	0.07718710592124407	0.0560395279032887	0.013373768851581327	0.12933885852819085
0.18921664389058745	0.1629368226469278	0.06344251318075328	0.1058130600496822	0.06834493839321455	0.13535097490146558	0.09365430303781765	0.034930089215118754	0.017469032829328227	0.1288416218551044
0.14819660372676124	0.09262096002681897	0.08600393812936574	0.12318035041700845	0.0835506324211562	0.1840972670695714	0.10797265217396045	0.02410734002772842	0.023366673741892482	0.1269035822657365
0.07083199258702648	0.14210430815817854	0.051166937711930434	0.15969863588828548	0.0817105867358022	0.16657692391737072	0.0808287914475452	0.032364047455457706	0.027777285416797304	0.1869404906816059
0.058827494661716204	0.061607159401311354	0.10509479144354747	0.14868125092180826	0.06304157070840821	0.20461441377214634	0.09929763790681828	0.056935834818452775	0.012483252936243694	0.1894165934295474
0.19476861747843466	0.05173463131263846	0.05403740524652591	0.1430450927883416	0.05558433067923961	0.20726537633160258	0.07145950276873567	0.057306944372168024	0.021476544660856633	0.1433215543614567
0.16053644396953345	0.04655554427678735	0.0776619942813149	0.1408051782313372	0.06472216640466162	0.1943170238700716	0.1052759169354748	0.02993133375613033	0.012508119894865305	0.1676862783798233
0.18054454055837332	0.04498178910590291	0.09538898397528683	0.13116257544879545	0.05443575325615453	0.17210575111592707	0.08474220436028478	0.06193940748453482	0.00944814232400247	0.16525085237073767
0.20327207925159452	0.07634401634425038	0.05338068835192894	0.12158985212635566	0.08829108147072068	0.162004686281452	0.09700708469256941	0.029809909165974383	0.02918992768262807	0.1391106746325258
0.111974352394139	0.13308730147807116	0.08471685994197176	0.10259762787250624	0.06591322191284704	0.16786187480071796	0.07676307997652625	0.04499043429792296	0.026849442105873908	0.18524580521942363
0.056203333970330685	0.22096792346745645	0.054303297929747876	0.15390532738914028	0.05497705478778925	0.12908056079489244	0.10283034177048624	0.05888840687751325	0.016560905971012868	0.15228284704163064
0.043473430812568575	0.22210811996073737	0.07579051546189017	0.09826533039916456	0.0610856812046398	0.19632531006475498	0.06735995971371504	0.037496878738929956	0.024836643231684594	0.17325813041191493
0.0993559153788326	0.14426596155114585	0.05780714411906845	0.1481726167288291	0.07422110703782166	0.16588816701036246	0.09544751087082483	0.055870577302678144	0.02240042341818696	0.13657057658224997
0.0743509138408136	0.14771075557500887	0.10626346008420476	0.1201992033303228	0.08614163739490338	0.16877185845295306	0.08119711740862766	0.04562421690604402	0.025384771909254256	0.14435606509786753
0.11676428096940873	0.15840277146202247	0.05225418459307984	0.10606609298992611	0.07205198059693027	0.15168388992531964	0.08165913348987344	0.06167942602983673	0.009158766661593848	0.19027947328200884
0.1988552154665616	0.11508673690861636	0.07020009353623025	0.09874722269656733	0.05321746849632393	0.13177315463833117	0.06412466722016555	0.05903521705442601	0.024059102012702158	0.18490112197007552
0.1936632672007088	0.06303699758046316	0.05690220360880515	0.10575597252198328	0.058721131310290366	0.1944324242675512	0.08016533956984223	0.05235856715868364	0.01061632677263337	0.18434777000903868
0.18817084527542793	0.05370178758734005	0.0998674152771747	0.14866261130370145	0.05170819151405806	0.16722177943752284	0.06587887523696281	0.04356504093674084	0.026955017873210307	0.15426843555786085
0.04028496772980178	0.22873599934065425	0.05014934210977603	0.13607634575897207	0.07510837470865112	0.20183962006671072	0.08952281211761978	0.03158173689390656	0.01398224571126351	0.13271855556264422
0.1475656243054903	0.04371198425293222	0.09224975443396065	0.12000432037679062	0.06435146625367402	0.2001118275312994	0.09374740925053539	0.04305907026924133	0.006116801521059381	0.18908174180501658
0.06989231881851293	0.13828128083074437	0.07684499870527599	0.12206637793334879	0.06474024776228961	0.19535913442447128	0.09286536878894368	0.054025822386175024	0.02804428619351451	0.15788016415672385
0.17594534828270786	0.11670389919465106	0.059655941556765485	0.14018955521603232	0.06636412880238785	0.13613077599970302	0.07628830136376463	0.023611736878793865	0.027395660214593776	0.17771465249059998
0.17704847928733092	0.079763485287203	0.08190021790395591	0.10566205319780683	0.05913503729745018	0.15828566589648202	0.08493647306711424	0.05182830474824688	0.013902964142995536	0.1875373191714143
0.17432882766812413	0.06920638494094714	0.0882040839695367	0.1578104433552335	0.08569133157741961	0.12959264959922584	0.10022264433089208	0.02940255939330262	0.028286481680568215	0.13725459348475
0.1953768786820895	0.05156680070121396	0.09363262688988659	0.1245553735543433	0.07954303941073541	0.15237994242246256	0.07176795897175063	0.05912745400284018	0.01882661574473528	0.1532233096199424
0.17758132832516324	0.06999755792033566	0.06424522246744246	0.14545566835747192	0.08382999149409319	0.17139981832300333	0.06500666431193836	0.06360956507102408	0.01174641459382647	0.14712776913570114
0.13681688214001994	0.1397570463343631	0.09510394460499579	0.12432496834649123	0.058112836140640896	0.13694333015790253	0.08536584292807042	0.0578582532840552	0.007346540906302615	0.1583703551571582
0.1386239182186237	0.17933020248563059	0.05474506816861469	0.11413484316754209	0.06858554574882572	0.17804573577318394	0.09630708805350287	0.032277466771194474	0.009461677453644235	0.12848845415923763
0.18129253712400567	0.08917768258528808	0.053178871484672645	0.11066669131906191	0.08474658511551465	0.16876852772107181	0.10576148985947302	0.029595707704684365	0.010603760178677743	0.16620814690754993
0.05677249173478002	0.07458404032465857	0.07922615233134084	0.1593468506708523	0.07021648616563114	0.18479391767442654	0.10637156633138432	0.049914171522007875	0.027869540177866234	0.1909047830670521
0.19529288758399377	0.1035514572438959	0.10174350966317458	0.14813434993878452	0.060971261425088234	0.1484659390903222	0.06582413874541684	0.028931832268770524	0.01352630200315047	0.13355832203740275
0.13135678335560425	0.03019138709453964	0.07794146735480113	0.14390211914802456	0.06660620154350497	0.19910212767751742	0.09362776601700543	0.030285818545505605	0.02737029333450193	0.19961603592899502
0.1889863432007372	0.08398073386806137	0.048750855923469574	0.10963775091027356	0.06280527201153008	0.1961495405956253	0.07673941857999256	0.05044747528065388	0.013304076854216931	0.1691985327754394
0.1890593007669582	0.10168033277385209	0.06537889524340093	0.10264367215343238	0.06435150877502752	0.1617992274122973	0.1026268646351244	0.044024231426392266	0.01735967081773633	0.15107629599577846
0.09107565157230675	0.15780399288337343	0.05154595579343921	0.10406417647735777	0.08354218999942198	0.16972846494337887	0.1077962072032002	0.05464928844598732	0.01150973386623938	0.1682843388152951
0.03595288664483233	0.20054860120185303	0.06966960674552639	0.14985692144348522	0.0683387335534337	0.2007432067428677	0.09550876165204294	0.028284796033122075	0.007107174556994597	0.1439893114258421
0.08022962500956562	0.2494574386003553	0.07854412565055398	0.10009625454160136	0.07007658030577828	0.14788860873098505	0.08621844135491394	0.0347826183081025	0.024504187949379003	0.1282021195487649
0.05855113135196657	0.22618251285211471	0.07169732319452086	0.14716272843466635	0.07047978301085396	0.13085676394768378	0.07108625221545899	0.04570925708381863	0.0139908735764019	0.16428337433251416
0.075449232858089	0.1324727267393151	0.053010749974780946	0.13766538524335414	0.055093734234852976	0.20390650334938246	0.07022675528738555	0.04708257373829624	0.029357270794089715	0.19573506778045385
0.11103625518958725	0.2156976786936799	0.0914653113416206	0.11606319246718316	0.062222155008956274	0.13862599999021252	0.10903766437950672	0.026522476903991024	0.004674738861530983	0.12465452716373147
0.06921362572858449	0.1386551955534787	0.07226359137873752	0.12670266111246656	0.08814100434845835	0.1809221293992457	0.07245276731242828	0.04753516136959432	0.021610515859196003	0.18250334793781006
0.17786223398617385	0.12257657652810781	0.06355523051071811	0.11124645325995153	0.05695715917682402	0.14487983839568216	0.10318790888093815	0.05056244286719556	0.025862896835707652	0.14330925955870102
0.10168886257534175	0.11530771831948086	0.08717823457881661	0.13921235422939512	0.08756481671203814	0.16779226430799632	0.10435570018456186	0.04865046289391714	0.01249774804522423	0.1357518381532279
0.10190491987466349	0.19907215909412693	0.05747998457481238	0.1153342563821689	0.05876471410959098	0.18527567309897278	0.08511001553573519	0.037526412860609155	0.005268307860324381	0.1542635566089957
0.05709547624927065	0.1345319592436165	0.09809637595903821	0.15388496019655928	0.07345549666415499	0.18532619360554003	0.08329610069024673	0.05909083694253718	0.006089828008075296	0.14913277244096113
0.12020648275304982	0.08860525894916335	0.07854322778149787	0.15980406976745348	0.07187444608532048	0.19543882977712052	0.09318368117291362	0.056479318755734205	0.0057538287089390905	0.1301108562488075
0.05785461082336625	0.23053572866549144	0.05499388109737936	0.1525300850009264	0.061109766649478654	0.1488559452579653	0.09824175796321649	0.033228921699923905	0.008659292607210906	0.15399001023504127
0.20317423273591176	0.06364804613390673	0.08352734414261972	0.1373656152471548	0.05732357648429649	0.17883789601603084	0.06561752311078217	0.03699200232096647	0.027009228217685338	0.14650453559064547
0.109064154772255	0.12842232580185226	0.1057589862664819	0.10115939083781254	0.07775332226995985	0.16349439682127298	0.07088232065821634	0.04761469352618709	0.01935197891531798	0.17649843013064395
0.05420858938869895	0.1843060751743989	0.09862865950196625	0.1285828456684065	0.0704812636302751	0.1816713490268542	0.08026864501611264	0.04221319219267946	0.012635966326818918	0.1470034140737891
0.06539265786841165	0.18876011471477408	0.05490259391480279	0.14102011574579887	0.06563597209816613	0.1737703348903555	0.07168060758007563	0.0653820740732789	0.00847005907434395	0.16498547003999253
0.08405315322646716	0.2203134833637354	0.060027377658516984	0.10072880132349277	0.055316343465824175	0.17089804020576874	0.08904546232676741	0.029218967488290934	0.018229360349508505	0.17216901059162792
0.14119626697595458	0.053000276966802554	0.10507029812505277	0.12153062165013045	0.08047328645809057	0.14059878132465403	0.08765754287305597	0.06702037908528329	0.02083152311254506	0.18262102342843062
0.2070826456075185	0.04975881552395661	0.08476878022480992	0.10599649184337415	0.052057962058688054	0.20252864791962352	0.1006882494412408	0.03334491563708085	0.01295447733256945	0.15081901441113799
0.13098999097561262	0.09525154392829659	0.07567511204330944	0.10692576394588742	0.062220307240611956	0.1843710193078692	0.0993024588283254	0.06403052955203689	0.029415116427221874	0.15181815775082852
0.18330680958129547	0.12919057800496145	0.07338978569927791	0.1194146121774089	0.0731972229604665	0.14606410674710493	0.0710094030429092	0.022528330316574086	0.010491028159718044	0.17140812331028338
0.09275620620952131	0.24167917766983932	0.06898059922717163	0.09900295170227734	0.08691362887143074	0.13807645665440477	0.06685964559902391	0.04151915173370357	0.021051110364642314	0.14316107196798503
0.20158518144656484	0.14828283013298865	0.058873230125844174	0.10721369663305248	0.08347825032750651	0.1392063119236267	0.07163252370656199	0.04697131227898123	0.012203992995689347	0.1305526704291839
0.1739138500174468	0.05656824565401233	0.08095861279983058	0.0998191319527651	0.08736266029129047	0.1919092384371856	0.08646237126668385	0.04658276710829203	0.012980661803243865	0.1634424606692492
0.14840752282035413	0.08444615750202271	0.10529906421733042	0.10151911693297623	0.06824683766830819	0.17272082303652458	0.10143775079882048	0.03680285336012598	0.012267298535947768	0.16885257512758942
0.1213612546315618	0.126022743024314	0.0880264443038011	0.1043015885356778	0.07329008459574723	0.17375588783932516	0.07807789494243925	0.05288538686183633	0.019532277131563372	0.1627464381337339
0.15415191755874552	0.09661223518462966	0.0676678663397721	0.14820027358021398	0.06736361903655226	0.20344828401724763	0.08839583915721062	0.028876362772329536	0.012916720256982803	0.13236688209631578
0.13095111614013433	0.046714499103844585	0.08860521654718059	0.14058871703299033	0.075274190076944	0.20860568567007187	0.10432982627924432	0.05925786001049149	0.014033742382045689	0.13163914675705268
0.17725306589322387	0.06633681456604794	0.08928594007895715	0.11030354412186616	0.06725561039756911	0.1393175090495754	0.09236848781707149	0.05769203608193795	0.009239990249952174	0.19094700174379858
0.12259639877722647	0.08108080685417028	0.10573880884716348	0.12282934318578599	0.08451657496746529	0.18059538695174868	0.08225722433635446	0.02275693831393648	0.023629048461053223	0.17399946930509558
0.05278369466234678	0.19214674023654388	0.1074728935900831	0.12257954890050779	0.0716938161878715	0.13365864134893884	0.08532636766689712	0.024919631421951707	0.007803812579004629	0.2016148534058546
0.19678257406163963	0.054148061915349176	0.09362681918418325	0.12498612013736574	0.05197491145209684	0.17979352756908892	0.08875333823591439	0.05323652280554692	0.009937293957924337	0.14676083068089066
0.15001045200446583	0.1102400857694951	0.07059899363479882	0.13670454070118787	0.05447953505297297	0.1606990637590969	0.08407099144458728	0.04325346584074477	0.02385619517647687	0.1660866766161735
0.048373604000452736	0.2577929817640764	0.07224632663608471	0.1223651263248541	0.08281586798715818	0.13573288800378103	0.09882355646515015	0.037156506386157986	0.005409669074016896	0.13928347335826777
0.0990735362301357	0.1699978082384882	0.071548322648393	0.14708530661766858	0.07612532544877498	0.15843107368649362	0.06831200412128985	0.04211553448198057	0.01219099572714022	0.15512009279963526
0.21514675247353104	0.06278426798738232	0.06803631125848623	0.10090145171033131	0.05756292892342924	0.16955636016407005	0.0875102749712571	0.06181586326691483	0.024862383122084802	0.15182340612251288
0.10183188983970491	0.09993176990144913	0.0653944433969815	0.1383705355887699	0.08917163522259557	0.1953374463093974	0.07381608962814995	0.024673384205823365	0.02629486141983435	0.18517794448729388
0.05915999087753779	0.223614818563101	0.06895080699298262	0.11178308084907797	0.07123369357880104	0.13579847943445877	0.06581175914982319	0.06005585620448703	0.017428352181818083	0.18616316216791245
0.05491016301424244	0.16481730667708677	0.06810341855944649	0.16010075227908077	0.07774127498285428	0.1466003395807735	0.06896880563055241	0.05998738852205617	0.019458185057063843	0.17931236569684333
0.16660382685992423	0.14995758260015152	0.06225655379752243	0.14124979389236664	0.08245750817599208	0.13323237285870254	0.0782125955408991	0.03370450161926994	0.016955290317300614	0.1353699743378708
0.09040407701085744	0.122088481518317	0.07110090053213489	0.14610961990790225	0.05921589955415676	0.185035465726284	0.07267399439258648	0.05361628563992794	0.00863970066428342	0.1911155750535498
0.08380865284673936	0.24982943454641127	0.05108168540220309	0.1237697674647796	0.06352706274967364	0.14061540588523988	0.07784761040578367	0.030985752865158145	0.026400638285551947	0.15213398954845936
0.08765158055441148	0.14281314613100232	0.0740010295183249	0.14865858000356275	0.06110354892126123	0.15842394664940024	0.09693568637618324	0.06476610276129116	0.005807308364938979	0.15983907071962367
0.08848463596572512	0.06325898126749815	0.09407667719015311	0.13744097655859103	0.07314928704294724	0.1914227387489561	0.0972804321338251	0.037672981129627574	0.024096140691578005	0.19311714927109852
0.04458788326056448	0.19761027090550376	0.0645450368368313	0.10301725692979004	0.06588985140349786	0.15816502386635234	0.09612987733528108	0.0562497249884963	0.02474932333849579	0.18905575113518705
0.06345706499680057	0.16426367803683833	0.10974463448665395	0.16036132898003586	0.06809623403153373	0.1601425985723078	0.06990779745862516	0.04594768028298893	0.006148581710641449	0.15193040144357423
0.12651564732336054	0.03166533189945071	0.08541372289682941	0.1389059756481909	0.07366613505841745	0.2015970498217464	0.0844991927971727	0.04463792845242181	0.028779015054764864	0.18432000104764507
0.09525476007524604	0.15626478450746978	0.0971276099628549	0.11088512580972365	0.08900191050530507	0.1751833598058074	0.06441990495395995	0.04090126792135535	0.02387705855980453	0.14708421789847323
0.1943579718422404	0.10649856972211436	0.09974321544188705	0.10097850968687908	0.07324107701028831	0.13584473625117732	0.08766905436204797	0.023126845815032424	0.02846546896529477	0.15007455090303812
0.157556784427411	0.20143610657939715	0.049304549205945555	0.11027774745422891	0.08221550489840357	0.13921882297987617	0.07090024174248986	0.04529885394692137	0.004461391445094429	0.1393299973202319
0.06351990817940512	0.1327461165610788	0.08013540955489515	0.1591808921618143	0.08774175404040566	0.17081753281470904	0.0965222662814514	0.048792491501572235	0.014338421617849983	0.14620520728681835
0.08802890682727725	0.21838135082097176	0.06601026223180867	0.11968121505016048	0.08406339815635899	0.17173525153581254	0.06454468693550162	0.021897959792917004	0.005061169288641004	0.16059579936055063
0.08768742167641169	0.1910020308516765	0.073540825221066	0.147278046575048	0.06399490055644358	0.128561909631361	0.08183070884814767	0.026007838137620407	0.023569755784790772	0.17652656271743433
0.2066804958908272	0.07346050757965794	0.09974196407345085	0.10892955294777329	0.0766678798559349	0.13457940066553617	0.08937683038674366	0.03580543430849428	0.007198572934904154	0.16755936135667737
0.14138024024142326	0.07612812313691295	0.09644800021778832	0.14621029144054723	0.08881304785784654	0.129970863660996	0.09405142703585208	0.022767938477377778	0.024005044017974944	0.18022502391328082
0.06872448780253618	0.17318107321100057	0.10110811706430756	0.13283509647941447	0.07698006647201393	0.12959117881476845	0.10083221689986004	0.06655063530796705	0.02120024159988612	0.12899688634824566
0.13368486537025895	0.06787159093433333	0.08483687053400868	0.15238569542360092	0.07880413089690082	0.14407924045492	0.07946973027750621	0.04083477293935112	0.016872165998862626	0.2011609371702573
0.15420740419202325	0.048740010519867344	0.10389047861569702	0.15668088373703767	0.061236882879000074	0.17729259970654182	0.08600728906889951	0.051287881651827155	0.011651645922882939	0.1490049237062231
0.138698737796985	0.12594779400673373	0.07383854040405459	0.10220576355552476	0.06460935239682956	0.13187584329947008	0.10790140219459914	0.027538151607214414	0.029120360836274922	0.1982640539023137
0.0571487154839858	0.24029826951075767	0.07128025466938939	0.10011929483007508	0.07594175879973507	0.187255878686041	0.08815722209693364	0.029148959019108814	0.024501262087574527	0.126148384816399
0.07137946480980498	0.17039415569980815	0.059885896384635866	0.09793867285686925	0.07872495852547391	0.20289534665455122	0.07790542267916156	0.044421944928052355	0.01543833257989749	0.18101580488174523
0.09433143268279962	0.15254261939352928	0.08739768833174197	0.09828458336366713	0.07409420169752426	0.18734475791034264	0.0842229265837173	0.023128035315424206	0.006497383885513575	0.19215637083574
0.09860775779498865	0.12448370966829114	0.06902504064411366	0.11131701274672452	0.0659380728303138	0.20237824127082132	0.1065263667853467	0.045732082287261965	0.020367211158327306	0.15562450481381085
0.0816896357854806	0.1578387010893887	0.09912159732489598	0.13128493601445262	0.07265831475734279	0.16174470693275833	0.06836798685135709	0.03183200998621841	0.019428800663565643	0.1760333105945399
0.1469977225245985	0.0964395476155447	0.09862326983486178	0.14168465416010184	0.0513560688825766	0.1583490026421349	0.08248655690269294	0.03436399740058994	0.004727970010277485	0.1849712100266212
0.21606720931504847	0.0451264318671089	0.10940950382896872	0.14061818877161292	0.0825697977903953	0.1697802118724911	0.06482922977328544	0.037968663135182205	0.005289693099684009	0.12834107054622276
0.11142134311332091	0.13180133019390347	0.08810210202842611	0.1089155473048648	0.08439266401245657	0.14416755198682846	0.09033479363576277	0.02879664239334609	0.027345935777462443	0.1847220895536283
0.09864427623506347	0.07266297126261999	0.07650081147340419	0.13837318552441905	0.057754423367642686	0.20792992819320638	0.09427267459866183	0.026921501641514148	0.026164468871888072	0.20077575883158016
0.10896687332698833	0.11074220826963992	0.09173176041504605	0.1549546888939967	0.06920642581517747	0.16425018101723127	0.06793051715863782	0.04045759550475613	0.006368008819977344	0.18539174077854895
0.08402233413851973	0.23829635955815187	0.06723229234120022	0.10208609986716272	0.06891345876553703	0.14334196895971296	0.09500427739298554	0.02886045791969241	0.004503865550780903	0.1677388855062566
0.18144558625599955	0.1306054613710653	0.06589254349331473	0.11213209173070963	0.05675507981068883	0.16487546503875578	0.07185899497679119	0.0337940805841274	0.015046740250909366	0.16759395648763808
0.17167942747670772	0.0725189740860095	0.07162436606841369	0.1299713898563632	0.06975680502630761	0.18549298458288635	0.10288554407633804	0.053919466405880745	0.005426361970893023	0.13672468045020006
0.1963584799797023	0.11850242959471041	0.048668377369339245	0.11834025880585919	0.06139439614360342	0.17565670737744316	0.08111529645279465	0.05844502355656859	0.005212704167809015	0.1363063265521699
0.05104903851303952	0.15819508915636962	0.10917016792894038	0.14987914994929405	0.07391009520777031	0.15477631691850408	0.10682166660332781	0.0524311301978209	0.015503374047290436	0.12826397147764287
0.12595707955068947	0.10887499076384577	0.05479341281859153	0.13584193639214537	0.06139484551304194	0.1789923485580291	0.09438549875241861	0.049397382990459766	0.027012727813118267	0.1633497768476601
0.06673299353837353	0.23153246461720772	0.08689378141247418	0.10515816626394459	0.05291643557724534	0.13051529517187957	0.08958267957154747	0.059084990794643334	0.015288197834162243	0.16229499521852198
0.15544343377459133	0.06276844408206586	0.06290042648136915	0.12732078392213148	0.07187770809936261	0.19695469265768883	0.10770398761246898	0.03619213369946579	0.006616026187797455	0.17222236348305836
0.043076639931366366	0.17142595071889727	0.10538984766919542	0.13617319531675837	0.08295070408905884	0.15730260867466436	0.06922768152136313	0.051465611628404156	0.004399556969362964	0.1785882034809291
0.14157147706073658	0.15162322749097068	0.08772215833297663	0.14684908613820594	0.06381213739118799	0.1429981869584459	0.07594616258088886	0.03662149891179922	0.010920532995567014	0.14193553213922105
0.06648446451804549	0.20394074527804312	0.06804442796064891	0.14104188176865465	0.06457853977021386	0.17871324335712357	0.06919067797146523	0.03004125383615805	0.008534878509739677	0.1694298870299074
0.11108201529282229	0.12497733081347899	0.11052687534432017	0.11138413769993269	0.0771935951466242	0.12805242996980265	0.10066385853220701	0.02793814327411917	0.01845120599838787	0.1897304079283049
0.0672856527517683	0.15413332813267638	0.10778715375132052	0.1572814512726551	0.07578864967957802	0.17654529807770825	0.07213345435676945	0.024033591050022812	0.02166446281479724	0.14334695811270387
0.04438417126889808	0.2502205906282608	0.0757874579677322	0.09936729252427846	0.058667242848843754	0.12735254010156463	0.10457476908225166	0.03895889433581738	0.01155931138983192	0.18912772985252113
0.03555629249671234	0.1089381184834941	0.10064432670061045	0.15328154481798117	0.06317717970992924	0.19439185834187944	0.10888795139248172	0.042591549266813626	0.008587548952930943	0.183943629837167
0.11235762861280897	0.12460484509040079	0.07742722069565615	0.11269327195246288	0.0684011932161366	0.18403576012874448	0.10916049794564929	0.052318556279312554	0.008530027815346675	0.15047099826348156
0.14994054611193955	0.10581313850569532	0.07020717355291452	0.13562809308439266	0.07062897838990798	0.14837666150074003	0.10633862755507473	0.048164562382839185	0.007923606300051955	0.15697861261644397
0.14899583872113353	0.11326083096325293	0.09137818706611447	0.15062229078505188	0.07600629434374159	0.15592637416743638	0.07517703994663222	0.025495337018195036	0.01940574252548201	0.14373206446295986
0.12514244969909574	0.0983349161875514	0.06567343204165871	0.1551075478692135	0.05860718161828045	0.16524608996600623	0.08447416009766938	0.047275872240552796	0.01174419816937651	0.18839415211059518
0.14022626369793176	0.04565453958962228	0.07653938187490567	0.1421585101144264	0.0659999925497318	0.2011405286894475	0.07030292281135622	0.059820100598415527	0.012343300044797875	0.18581446002936491
0.14187337813621084	0.09045013906300485	0.1012798023845802	0.13404078691778273	0.059024502338107486	0.1494348991670604	0.0806586054434607	0.06570204492221737	0.024384404823472636	0.15315143680410268
0.12601695314677308	0.1792359861312955	0.09377814158702077	0.1091577433096125	0.072822277420488	0.14429639317339635	0.07876517753057594	0.06373061778527134	0.005261053629451742	0.12693565628611475
0.13255729643556097	0.13653295791307385	0.049116417632974155	0.1315648515148745	0.07782692666975086	0.1747792675248253	0.0982813587139826	0.040676490078866645	0.01487007064576465	0.14379436287032638
0.20047496089021685	0.04465726010393884	0.09536383915114	0.15370407270857833	0.06165418615894993	0.12719658076419574	0.09141279534301011	0.023696328588768786	0.026845717272627148	0.17499425901857407
0.11956483095173326	0.15365706716395025	0.1045189933042925	0.09911979754494135	0.06585079908212832	0.14901891561907196	0.06798683958781815	0.04260141155620041	0.017120251687093968	0.18056109350276978
0.03380678059059848	0.21620956103166042	0.07890145217238036	0.15080952353065158	0.07495993772444773	0.14655264646222313	0.09730331163557603	0.030537515573470744	0.005997775158405508	0.1649214961205861
0.21357567928711324	0.057155845448122876	0.08556085792592791	0.15273407388160384	0.05884667965226546	0.13167096409200219	0.09886201478343334	0.025893773376775633	0.011175507785086372	0.16452460376766895
0.19222165210559455	0.0716022989747662	0.0875476665482771	0.13349605484240853	0.060335566002062864	0.17906414564059514	0.10717294137873055	0.02257836023479172	0.015683046473576448	0.13029826779919673
0.062264744011129775	0.17153811911764144	0.10996371654183237	0.1121117355730673	0.06113705608643144	0.18248623302355932	0.08010910116328442	0.05580169889631542	0.012194093539674974	0.15239350204706353
0.17358233740059176	0.051019510017999946	0.10797918659682662	0.11567086953293637	0.059519819049996266	0.19994234261418975	0.10758058563586034	0.029763586683484514	0.006512071465569702	0.14842969100254455
0.06347208738631346	0.1643634541121923	0.09714447715065799	0.15036993463737924	0.06110982796561031	0.13089296604695022	0.07910023849221781	0.060698888390379846	0.009355876826342355	0.18349224899195643
0.04927059087261517	0.1962698073593958	0.08812275094721707	0.11877395581156977	0.051514575339924505	0.1396205738476421	0.08932568462509698	0.06590335442344136	0.015520628693791352	0.18567807807930592
0.036570254229602236	0.18500376124694268	0.0645055055284714	0.1320830534729351	0.06215286527249235	0.18054627403731843	0.09351463113002714	0.039196730754226014	0.005551056370876148	0.20087586795710852
0.07556135186159937	0.24612722144751858	0.05841712145352494	0.11519383867437677	0.06382897504635235	0.13732229128523396	0.08592232739365913	0.04754434531264168	0.009892586768386141	0.16018994075670703
0.1301005322147361	0.10151185336896404	0.11147376038231378	0.1539838046195104	0.07553514297479175	0.16613925527069404	0.08230429636545275	0.027903844355968793	0.012842570868713557	0.13820493957885466
0.09677253761935696	0.22522007535568	0.07649955305059847	0.09967624227924923	0.07333624464698327	0.12981179391322328	0.06719607919573983	0.022760053129303612	0.019055022591437196	0.1896723982184281
0.1895517606301655	0.07016253490173599	0.1048075430327146	0.14666629349654078	0.059450654485049104	0.1614587906100424	0.08036424809766832	0.05404978197162259	0.008822180392756923	0.12466621238170364
0.14766725508455975	0.13563995028972953	0.05385996673634559	0.15380642461583394	0.059753018143261886	0.16959455893709535	0.10341475830480751	0.03526119786414596	0.007034616384004738	0.1339682536402157
0.08204966086574011	0.11486108940425539	0.07197976788326388	0.1330098717971576	0.0875491955182631	0.19275397504397118	0.10141069353260379	0.02553217511968736	0.006145926035511784	0.18470764479954577
0.058246197839930194	0.19973421771400995	0.07461957208743325	0.12205635593962424	0.05436929158321448	0.17320898297606047	0.09426488583085667	0.052997104500689445	0.02341567731197522	0.14708771421620603
0.12859942249216827	0.05046443286979324	0.09346683311906187	0.13787900085686475	0.08373982391884445	0.20386717404605828	0.08563929572436495	0.040587790299055966	0.015847723055429877	0.15990850361835823
0.12334988970019645	0.03876859262518592	0.1117045960671706	0.14607831758242612	0.07975963403460207	0.1905207428108503	0.10272081966016838	0.048501438116328954	0.01810649694069405	0.14048947246237706
0.03799412681747575	0.1472476863633636	0.05142221808550679	0.1430499460249059	0.08143122612849693	0.1788220119616411	0.10504745414991402	0.0595167295421142	0.013298278834725091	0.18217032209185668
0.0519012695103811	0.1692369658598621	0.06507944814145306	0.1493807275770858	0.05708586480134998	0.1384596523755803	0.10857002396412249	0.052823455192427794	0.0088817196125653	0.19858087296517213
0.10501423069544168	0.15091784310288447	0.08048599967608366	0.11440725529480208	0.07725001638369582	0.12924143456322412	0.09786970715913641	0.06680658319231726	0.029051369226274465	0.14895556070613997
0.08156916984266882	0.1980605406637087	0.0571905775267212	0.11714549634934587	0.08249428235734332	0.14602342371202265	0.08205539568385407	0.0445951775596901	0.027362308400622926	0.1635036279040223
0.2004280279156595	0.07334447683564274	0.08430640816155464	0.10218486927716978	0.07181811454605101	0.17760972293951355	0.10045867383992237	0.038364537953447866	0.025013183928454127	0.12647198460258424
0.11992412286586884	0.10847058552138841	0.05278281430628763	0.1497077468950104	0.07311553181805094	0.17617547215733814	0.08167732370294714	0.05248452592747135	0.0203174667079538	0.16534441009768325
0.14935697435634054	0.06713203671474652	0.10525765736306181	0.0973248638279999	0.08797100570860948	0.19243157990610205	0.10449547035414772	0.0334797068218277	0.0041236891297282	0.15842701581743596
0.0888405040271911	0.11986216239259607	0.11161738957538872	0.1084581783197371	0.08168822934052207	0.18804534137416823	0.08248176556477294	0.06310595304570879	0.005343227995585051	0.1505572483643299
0.19350806056670053	0.03018784829002577	0.1046504603973901	0.12809877156477897	0.08745376638724262	0.13901323587168044	0.06881809306203793	0.04042005120632061	0.02361286472735201	0.1842368479264709
0.07214595022652064	0.16238293529357395	0.07630239338210056	0.13152481273384814	0.08831163648601088	0.1708597333736414	0.09216089537362049	0.04135317585358339	0.025733846937026836	0.13922462034007366
0.11391545134565963	0.18513329369198428	0.08666178750683357	0.1276304431675375	0.055087913440890736	0.1732421368066883	0.10506877421313181	0.02556471509908742	0.004356297240879159	0.12333918748730757
0.1102214217317514	0.09818318830140785	0.09770678666804053	0.11776666144518466	0.07980908415328057	0.1956476133049344	0.07007301254790486	0.06376748209559902	0.02434020415184454	0.1424845456000521
0.11299684589516172	0.14754842886332342	0.058433022988151714	0.14984751186772077	0.05289185043399375	0.15476556143355139	0.09481874081884664	0.031428300145421764	0.005339003960389124	0.19193073359343965
0.12299581360324019	0.08368938522479728	0.09744557550829637	0.13508099470111434	0.06941319007597474	0.15539930758505155	0.10029543798768731	0.02594524520979738	0.02880035680656637	0.1809346932974744
0.04910927081811203	0.14997219518804544	0.08636552787572366	0.1299247835975677	0.05660030553306951	0.20137514650996569	0.1046998363199807	0.04554121913101452	0.02198953882714745	0.15442217619937326
0.1587486914468871	0.044961786233016214	0.05979765430105526	0.1463165731064517	0.0692488040626516	0.17466763613406683	0.07403636698379557	0.06654601037928251	0.021934346835670124	0.18374213051712296
0.10516500990973751	0.18681344351870252	0.0627336430891436	0.14153415430917204	0.05247340361338826	0.12818602068812712	0.06607746013883478	0.04894481435548604	0.006820744621254274	0.2012513057561538
0.08995626029864158	0.19586127420383798	0.050559407665666814	0.14115352074423976	0.08501783703291389	0.18467715353752595	0.08123861456404718	0.03293071991316179	0.006285949800333965	0.132319262239631
0.048614076497685246	0.18777281508501684	0.08588897833539937	0.11686847393712407	0.06192610957622775	0.16814140343954975	0.07368448041384001	0.05083789084310599	0.027525475227978907	0.1787402966440721
