0.15299496505104063	0.0821744792903663	0.3340152257188246	0.17904996084866415	0.2517653690911041
0.1397960523427343	0.08180011373771061	0.35830048824037125	0.1684351483143043	0.25166819736487933
0.12783582434960797	0.08354833250882937	0.359174327791664	0.17902945114417737	0.25041206420572104
0.15531210599223405	0.08285562867611988	0.33790731708661326	0.17036526068050453	0.2535596875645281
0.1392588614760007	0.08856883914362872	0.3331758004130044	0.1761635458947845	0.2628329530725815
0.13320638121797332	0.08776702466244812	0.3370645584347196	0.18004984983744138	0.26191218584741743
0.12719483814764726	0.08083597616454673	0.34390470673120155	0.17951743555904398	0.26854704339756036
0.11071333353638627	0.08499063770547495	0.3555974589926638	0.179988596961593	0.2687099728038818
0.12020905435969795	0.08892802450126239	0.358242229744	0.1717922791840409	0.2608284122109986
0.12784631352544035	0.08998451208123717	0.33708160153632094	0.17581338872249852	0.26927418413450277
0.1377289474940513	0.0907432343862047	0.3391406490136031	0.17493503204405061	0.25745213706209014
0.14884604231693702	0.08418840934900143	0.3373440261522809	0.17925622992317194	0.25036529225860854
0.10766833067410433	0.09050399899898887	0.3562900653507742	0.1794620299981399	0.2660755749779926
0.1249398724016039	0.08982225214000417	0.35872126711146507	0.17225884171338693	0.2542577666335397
0.11861575315435263	0.09003970012591807	0.35194755432273495	0.17286456362348743	0.26653242877350675
0.12766318595674261	0.08738474939333457	0.3416998208266084	0.17638408867463728	0.26686815514867696
0.15440852004299102	0.08089501982165534	0.3434827869416704	0.168416645883477	0.2527970273102061
0.14866341152487525	0.09007816537972561	0.33904427995331515	0.1703127059332886	0.25190143720879515
0.12311636349039681	0.08603457247635152	0.34815838912149866	0.17742524105882215	0.26526543385293067
0.12535291072084243	0.08373610141793271	0.349653626219637	0.17638781978116133	0.2648695418604263
0.15411431670166045	0.08223506304101218	0.33319044470612513	0.1791091407952903	0.25135103475591175
0.12511105375727044	0.08223626099036656	0.3508018318200724	0.17605518111875323	0.2657956723135372
0.13452354334166083	0.08613487807401765	0.34750805911135985	0.16931182240924864	0.26252169706371287
0.13993894446652547	0.0812657132854224	0.3566481190468865	0.16674133392247975	0.25540588927868574
0.12700317081808432	0.08445631792761024	0.35352954451696406	0.17965677238022718	0.25535419435711404
0.11992770581391886	0.08401262842304126	0.35033729114636	0.17680787070078796	0.2689145039158918
0.13152688609620053	0.08814473303718927	0.34133567429846035	0.17187569839468728	0.2671170081734624
0.14393131282833146	0.08263401216532443	0.3414915023052729	0.17501933405329295	0.256923838647778
0.12881001489593746	0.08961385029849087	0.34500260693012924	0.1697821143472447	0.2667914135281976
0.14330474802034954	0.08666035963101804	0.34144863040573675	0.17575069217228828	0.2528355697706072
0.14855579862649565	0.08709896625940441	0.34115004940974036	0.16730938933050402	0.2558857963738554
0.15098407036984202	0.08085264544718024	0.34642282513800615	0.16862017797246015	0.2531202810725112
0.13365081634675322	0.08811449999192604	0.35731076923341093	0.1698680148864192	0.25105589954149043
0.13858940466708136	0.08831050458350702	0.3498030995056027	0.1709991808691757	0.25229781037463306
0.11492954906144609	0.08534147586749705	0.3582560979350434	0.17614237840104535	0.26533049873496795
0.14561780253082698	0.08694745375485763	0.3403111574611318	0.17144466672812927	0.2556789195250541
0.14223395853872067	0.08930425053474558	0.34062921024682685	0.17745817796710062	0.2503744027126061
0.13170208408955622	0.08093262099314844	0.3445875746443831	0.17366295800221918	0.26911476227069286
0.13666907653446636	0.08521206279180615	0.3526385601405965	0.17005533476505683	0.25542496576807394
0.14325903171571241	0.08224949528824993	0.3371704926942773	0.17887285922274918	0.258448121079011
0.11920938937706198	0.0810970467963368	0.35222500346327323	0.17861376926768888	0.2688547910956389
0.13579925759986866	0.08663448968255151	0.33942835751920397	0.17423187223975167	0.263906022958624
0.1255977041948525	0.08323722082101842	0.34892751687829177	0.1766166728199773	0.26562088528585986
0.13717873464595864	0.08949608547630455	0.341215971337021	0.17909173085212737	0.2530174776885883
0.13408948913060403	0.08616253561050652	0.3447240144396019	0.17220823763952955	0.26281572317975777
0.1370258713691042	0.09115133956435428	0.33783736265188147	0.17439240242929516	0.25959302398536466
0.12638463108644502	0.09084888067675034	0.3535198593045641	0.17398478145162194	0.2552618474806185
0.1281724881435366	0.08665288670928421	0.3541625359773521	0.17548617901655714	0.2555259101532698
0.12570894588679815	0.0840873036981201	0.3547493201166798	0.16786726549881434	0.26758716479958744
0.14640920926178871	0.08996460678720931	0.3366496350758285	0.17434783437980755	0.2526287144953657
0.13664653096511975	0.08442448470176522	0.3550752040111378	0.1702968313583874	0.2535569489635896
0.14716502033185644	0.09075001889736621	0.3379097663364273	0.1735143194426608	0.2506608749916891
0.14274776775082934	0.08722195944014612	0.3437933797932263	0.16848032944531102	0.2577565635704871
0.1421030774710961	0.08961996635201122	0.34483852355105693	0.17052455855451373	0.2529138740713218
0.12623779295630522	0.08206508583488663	0.35476081680889526	0.1711729611199803	0.26576334327993245
0.12507459934916498	0.08939486803992434	0.34501629877932866	0.17387949982721157	0.2666347340043703
0.11906438792476112	0.08958456528532902	0.35152040743480395	0.1791678267390413	0.26066281261606444
0.15450508323229542	0.08674214273176441	0.33639070215723227	0.16894094734436121	0.2534211245343465
0.16291182475073399	0.08304644369385356	0.33508450449026184	0.16675437489979072	0.2522028521653597
0.15302335511990087	0.085205868148382	0.3332985851101167	0.177978559676288	0.25049363194531227
0.10706120751475688	0.08908052024555205	0.3568225444032117	0.17818300024799058	0.26885272758848866
0.11644004047165243	0.08358513909622833	0.3555891294272836	0.17504717424611074	0.26933851675872467
0.13808859130162374	0.08851796972844171	0.3461161101853564	0.1747199578207936	0.2525573709637844
0.13040659599291962	0.0866837918497903	0.3478936701929185	0.16944323100197742	0.265572710962394
0.13973348122868612	0.0899757835648856	0.3457849527296025	0.17203084884718312	0.25247493362964246
0.1483378259571298	0.0871947184453749	0.3343398067228712	0.17803675077718678	0.2520908980974371
0.12997919076070286	0.08353010545205239	0.357215154820987	0.17195621499605326	0.2573193339702043
0.15041004595173793	0.08602792049130219	0.33395892104241154	0.16888361999417711	0.260719492520371
0.11750541715835833	0.08318953492370704	0.35742531023168933	0.1754938765686602	0.26638586111758494
0.11432554921433241	0.08644362758513528	0.3578187552296792	0.17535812876635648	0.2660539392044964
0.14402754224475853	0.08276694326728143	0.3378987244893018	0.17568501740865594	0.25962177259000213
0.14348132403222358	0.0831979780241511	0.3415979278926946	0.1678266393714158	0.2638961306795148
0.13605520736580679	0.09104284105070316	0.3394395843134888	0.16927074392188016	0.2641916233481209
0.1113511714474282	0.09043464841024514	0.3597676037576813	0.17486770361338994	0.26357887277125525
0.14330027788180458	0.08559818515850635	0.34834833321810954	0.17056943129919422	0.25218377244238516
0.1397221285483125	0.08164605900944928	0.34434986734181416	0.17488085673178527	0.2594010883686386
0.15524072137349318	0.08572160027982789	0.3348404203805262	0.17053767496354885	0.2536595830026037
0.13185402299169963	0.08704180563551472	0.33573118226304743	0.1799013905546749	0.2654715985550632
0.14391282008323467	0.08625152087485702	0.33745741140688335	0.17804534814477993	0.25433289949024485
0.13894395156077893	0.0907751800657064	0.3394524275505699	0.17291693115543716	0.25791150966750737
0.1387173119836368	0.08707829203768712	0.34364919486434564	0.17460626996246972	0.25594893115186057
0.1495296800785473	0.08514200351934646	0.33811623469422447	0.17622489265935257	0.25098718904852896
0.11326205013996195	0.08598602227054528	0.35330492271952435	0.17920898208620495	0.2682380227837633
0.11944652927314077	0.0886853671939378	0.355254329264405	0.16891183147462968	0.2677019427938866
0.139032152231617	0.08846772922659803	0.3404502517630683	0.17610798927325882	0.25594187750545766
0.13271516366728917	0.08182752558836867	0.35358928225343267	0.17246013412268618	0.25940789436822315
0.14532997665555802	0.08733438485884268	0.33487705368004944	0.1775734653738951	0.25488511943165454
0.11377902124127011	0.08480033716476656	0.357876976671997	0.17428061980105683	0.2692630451209093
0.14188122830932973	0.0844697292700918	0.3423894613503463	0.16868867258123363	0.2625709084889984
0.12296684303681112	0.09126314226507637	0.35576571480144326	0.1772687063973421	0.25273559349932706
0.13452479974314835	0.0854255679385266	0.35244544654028	0.17799874467037183	0.24960544110767305
0.1307749166904316	0.0853728971717416	0.3553901875844871	0.1679846615731299	0.26047733698020964
0.13735531166952103	0.0812056500156557	0.33742563297784867	0.17961967475277718	0.26439373058419735
0.1252437742959616	0.08851705229133372	0.35417721349092035	0.16729208009541074	0.26476987982637334
0.14139418527978104	0.08684104375397138	0.34481200115403465	0.17088038769843594	0.2560723821137768
0.1259338991910719	0.08986106395701057	0.3524583276198531	0.17686870017131384	0.25487800906075037
0.12442545459276988	0.08856639498098236	0.34399587693708444	0.17658103964662036	0.2664312338425428
0.13398280374063615	0.08640131394919079	0.349721782974371	0.17170502008138575	0.25818907925441614
0.1623961681210716	0.0823103938079869	0.33335429201626066	0.16976831269600628	0.2521708333586744
0.11193991125464438	0.08274001527234377	0.3580267586616261	0.17993114442891114	0.2673621703824745
0.1403708055603038	0.0892647942688911	0.34195220261569104	0.17195367355887342	0.2564585239962405
0.11525372490978325	0.08968698187987223	0.3500756537721668	0.1761018651921818	0.26888177424599574
0.11307543611435751	0.084585885622625	0.35812447654915447	0.17644884075084377	0.26776536096301906
0.13285482463080317	0.09026444286880417	0.3400914915370149	0.1747332267302994	0.26205601423307817
0.15468527309417607	0.08107385373502854	0.33671419511695677	0.16759934649767044	0.259927331556168
0.13792653661619875	0.08255564398884974	0.34530960200265176	0.17096623697684657	0.263241980415453
0.14137155649579156	0.08926603180118009	0.3429427236772907	0.1675523318470655	0.25886735617867196
0.1493248485843272	0.08151166304755798	0.3469307572692091	0.17163523171230874	0.2505974993865968
0.14253502435731308	0.08376048846730555	0.33834688338873997	0.17471171161688423	0.260645892169757
0.13700989069215044	0.08182174419956006	0.3512807487338215	0.17632551481749098	0.25356210155697684
0.12998110142441657	0.08426493200348527	0.34803244690184587	0.1717299948663539	0.26599152480389815
0.1548512525870383	0.08251981641800278	0.3393280669798271	0.17132040401712983	0.2519804599980017
0.14153891549438855	0.0863952637315219	0.3366844859039105	0.1752262189651918	0.2601551159049871
0.15401132962781716	0.08369076530665492	0.3393523993502956	0.16961068541424246	0.2533348203009897
0.15087373420810898	0.08558350917424404	0.3334156325288532	0.1736449964877722	0.25648212760102135
0.14193626937411966	0.08231606880452748	0.33733364062709614	0.17362840624397535	0.26478561495028125
0.12166898420417654	0.08989827551861644	0.35741027815283943	0.17729368387160055	0.25372877825276685
0.15566884872955766	0.08353127701846878	0.3358911767291603	0.17327359839890652	0.25163509912390647
0.12052519332483387	0.08533000911866556	0.35425900240967634	0.17980142345685818	0.2600843716899659
0.1374004206937218	0.08127596352467117	0.34156055206251035	0.17966109723806517	0.26010196648103134
0.12828858881461513	0.08106552734931048	0.35564108172090586	0.17621546438800623	0.2587893377271621
0.1402115897299233	0.08375632255656039	0.34418780161073803	0.17155387795705743	0.26029040814572063
0.14601165024755833	0.08649669351400324	0.3469479386023262	0.1671585770606405	0.25338514057547157
0.12537639641934253	0.08640040034568805	0.34964730369467023	0.17094087481522227	0.2676350247250767
0.1377268879357778	0.08285124402682438	0.34835575727207446	0.17825343221167192	0.25281267855365125
0.14283335446729198	0.08937661475185488	0.3367609820102624	0.16969122228366385	0.26133782648692666
0.13492976075597796	0.08282049918206014	0.34481719798503985	0.17554258505686088	0.261889957020061
0.14097200715287184	0.08295809010969254	0.34079722764391096	0.1782416887938795	0.257030986299645
0.13016139550987485	0.083777091869867	0.3539669928612167	0.1738774117195218	0.25821710803951947
0.13299660998402935	0.082979345930269	0.3488520926331294	0.1700783582211654	0.2650935932314067
0.13857665068934866	0.09000641071099325	0.3403467001504846	0.16914271427029892	0.2619275241788743
0.1504784051584439	0.08160147240256946	0.34748234889054747	0.16907527703308975	0.25136249651534925
0.13963448029367703	0.08351425486289248	0.35346278686028876	0.17066669270972828	0.25272178527341327
0.12754388986751214	0.08633828998103661	0.3562730340695954	0.17919512245476293	0.25064966362709273
0.15033654911438138	0.08621111963983126	0.3338443067705069	0.17813134495628294	0.2514766795189973
0.13962765306411942	0.08988120981492118	0.33997530041337465	0.17436433510627075	0.2561515016013138
0.15595765504969658	0.08856497806103505	0.3347592368700899	0.16814708689788466	0.25257104312129364
0.1246000348416284	0.0906824732388129	0.3414582744293583	0.17412798662672604	0.26913123086347424
0.11675397307372998	0.08489741919122124	0.3519126759882486	0.17933434792386585	0.26710158382293414
0.11429416182805206	0.08363784647196035	0.3557375710349284	0.17937580796144487	0.2669546127036141
0.12325728594864824	0.08791579528162785	0.34927750437997096	0.17325786374383734	0.2662915506459154
0.12637307699252603	0.08352501542428283	0.35500029295147145	0.1711444542480223	0.2639571603836972
0.11487559091700505	0.09115347241260223	0.3549240532710525	0.17548475911709382	0.2635621242822463
0.14330677507774217	0.08937669437777654	0.3346328566202426	0.17778095037867753	0.2549027235455609
0.1533792630432897	0.08137500412750857	0.3403738178453072	0.17418507700493505	0.2506868379789593
0.1446982448966454	0.08129924110733298	0.35009330358779156	0.16953518219472533	0.2543740282135046
0.11491111300430872	0.08649779980140798	0.35419274040078924	0.17646338414980495	0.26793496264368893
0.14827830046533416	0.08308970007877443	0.346084165619337	0.17252728190966635	0.2500205519268879
0.1400188526886176	0.08345708245128955	0.3386942363768983	0.16934475598398008	0.2684850724992143
0.11781827845235315	0.09023697652609668	0.34548089771754764	0.17948546230010956	0.2669783850038928
0.1413659832039562	0.08147677742284337	0.3471163558954484	0.17256066765524666	0.25748021582250513
0.14906634058817536	0.08693585471429333	0.3332096566515527	0.17113320767828435	0.25965494036769404
0.12418805238054209	0.08184944116460013	0.3583347498517436	0.17956441230652803	0.256063344296586
0.13967799664036307	0.0824087570820331	0.35002822590953253	0.17366456783726958	0.25422045253080156
0.1420904641896268	0.08868886079167845	0.34114065821273226	0.17590912057124175	0.2521708962347206
0.12564523861352558	0.08917814632684269	0.3414279726445539	0.1800244555091713	0.2637241869059064
0.13023717110179045	0.08962544846508637	0.3354594097494209	0.17628769384751353	0.26839027683618866
0.13341701981083343	0.08520462548357317	0.34692903313707407	0.1668252037443962	0.26762411782412293
0.14239519098356607	0.08089869893627352	0.3363666657285492	0.17473425708721751	0.2656051872643935
0.14230692276757112	0.0818601189236832	0.3485631945332412	0.17658988674651943	0.25067987702898487
0.1409826581772745	0.08795901198805318	0.34717199833150947	0.172979670772054	0.2509066607311086
0.1474411858468626	0.08219059813638316	0.34280580373739566	0.17718526348516192	0.2503771487941964
0.1413128568343504	0.08298037201900815	0.3541294903516	0.1668679117947204	0.2547093690003209
0.12251846494046836	0.08750923949841793	0.34617699954560255	0.17828847278138948	0.26550682323412145
0.14023041168340383	0.08297467339732209	0.34621000629076426	0.171980517126404	0.2586043915021056
0.14321718220157087	0.08180137790289041	0.3493885459746279	0.17187679101241576	0.25371610290849494
0.12645872924765755	0.08308770503168701	0.3567247446425018	0.17357718914844894	0.2601516319297045
0.1324414003822344	0.09108022410606112	0.35528075739525966	0.16983233117921565	0.251365286937229
0.13517381789985797	0.08528648232538767	0.3432389557668438	0.1765990933155254	0.2597016506923849
0.13257234236676269	0.08628199738458382	0.3584362377471976	0.1719454997664593	0.2507639227349964
0.13777264013418675	0.09075238523965048	0.34363733446331934	0.17109761193543024	0.256740028227413
0.1323353509196734	0.09000802399058905	0.35627073300258294	0.16679986734671212	0.25458602474044223
0.13897516781203628	0.08897904976399468	0.34496993002120907	0.1763848067209706	0.2506910456817892
0.12423973457025544	0.09094728869253545	0.34130169519760134	0.176694448143645	0.2668168333959626
0.12269122625807652	0.08509555044280677	0.34764668791764086	0.17676518001122773	0.26780135537024796
0.14615077766504234	0.08724068295523148	0.3483450207274615	0.16748844571813523	0.25077507293412926
0.13084917029540744	0.08894593965793307	0.3525168488576392	0.17162836472439308	0.2560596764646271
0.13492599769525274	0.08852476637124042	0.3435448285942742	0.17971218744411202	0.25329221989512046
0.1362376762959696	0.08537923100082181	0.341072550197435	0.1749472627476253	0.2623632797581481
0.12196281544641563	0.08566578977327637	0.34776553930614035	0.17945040345308738	0.2651554520210801
0.14808460838741588	0.08869323312749286	0.3377960323245051	0.16757505692380179	0.25785106923678414
0.13208274530795414	0.08691907604928995	0.34861351513713795	0.17229662462643933	0.2600880388791784
0.13709525898487918	0.08992510892651827	0.33779207615517837	0.16866690706460374	0.26652064886882026
0.13755238364289102	0.0862235591953555	0.352668844637804	0.16948764876018477	0.2540675637637645
0.11800550295391052	0.08868285400832315	0.3454208952636989	0.17922921076919007	0.2686615370048772
0.14025841142186413	0.08532912919147892	0.3532369240499106	0.16941994968523352	0.2517555856515127
0.13444054733497623	0.08359681233142467	0.34161774721671917	0.17759175035221852	0.2627531427646612
0.13686123442583892	0.08512115871211393	0.35111522201300666	0.16836143573004983	0.2585409491189905
0.1307422004524501	0.08448266293398984	0.35274667176176766	0.17220667084849547	0.2598217940032968
0.1243454435917736	0.08797549247758592	0.35910760253662943	0.17271888522063267	0.2558525761733782
0.12227350360438866	0.08752449865105028	0.3483409576535407	0.17909577206000785	0.26276526803101236
0.130439199616518	0.08644220467817533	0.3415268153808615	0.17880308578386603	0.26278869454057896
0.119603123430988	0.08488049043925029	0.35897432969160026	0.1740439654702498	0.2624980909679115
0.13356181109652399	0.08965291097109385	0.3398867605070468	0.17085374379226936	0.2660447736330659
0.13218874949680182	0.08347358954613454	0.3467837305240572	0.17565016265827815	0.2619037677747281
0.11647506324541694	0.08592537556819878	0.3550651075339429	0.1786501419436487	0.26388431170879256
0.13980712058209305	0.08254062740886038	0.3502885656109046	0.17102671334931005	0.25633697304883174
0.11874060924127014	0.08976911616011107	0.3456036809641329	0.17897834572841384	0.26690824790607187
0.137746716566206	0.09054759099732658	0.33529144493334334	0.1771238293896641	0.2592904181134598
0.1249254906370235	0.0832594886438967	0.35736689721517806	0.1754230227656401	0.25902510073826146
0.15240802289199956	0.08327785275809098	0.3345639358642376	0.17722464167074772	0.252525546814924
0.12669250205341487	0.08088589614651119	0.35617638606650376	0.17442574007300038	0.2618194756605696
0.13050841592035586	0.0855671851666485	0.34297474157454955	0.17779067267251197	0.263158984665934
0.14051982250921435	0.08887294338761363	0.3466861748954191	0.17074487383724976	0.25317618537050307
0.13345838769253449	0.08447066050330498	0.3413362946354348	0.17233526214694733	0.2683993950217782
0.13325105072656063	0.08577201485614684	0.34439229355722345	0.17693226404002513	0.2596523768200438
0.1118146919475248	0.09033082812065715	0.3595842872079831	0.16980631931090445	0.2684638734129303
0.1332808259006217	0.08495719123275804	0.34502308861364644	0.17779921452777755	0.2589396797251961
0.12748259204928103	0.08403781916960472	0.3566794167232175	0.1713953588225472	0.26040481323534936
0.1103731282794255	0.08615616382548602	0.3568328547933992	0.17761630017978805	0.269021552921901
0.15282251995670543	0.08142259394348365	0.33555039254670826	0.1777247210897176	0.2524797724633849
0.13930282354938478	0.08815311556687219	0.34520796035248213	0.17418787787756693	0.2531482226536938
0.1312142738767707	0.09043814022294963	0.3555452538332122	0.1675697998890766	0.25523253217799063
0.127060718859851	0.08325893250929185	0.35962845031806	0.16797792785486457	0.2620739704579324
0.1082292911165098	0.08951274889039461	0.35857782481671135	0.1785697106971993	0.26511042447918476
0.1471539669276833	0.08525981847688266	0.3361267970605756	0.17980964114695597	0.2516497763879023
0.12030975618318143	0.08575286104861422	0.3587574771487049	0.1799060185186763	0.255273887100823
0.14940152384435912	0.08106779331726263	0.3431681286598794	0.17260083585105007	0.2537617183274486
0.12352955557980777	0.08513246211851977	0.35341696491611374	0.1767855872395513	0.26113543014600726
0.14338293170704572	0.08594226639289126	0.3399878663531144	0.17486513944886248	0.255821796098086
0.12827081387982084	0.08480947652830395	0.3450931718258726	0.1735817406765735	0.26824479708942894
0.1410544967367842	0.09011540550233835	0.3384153164164968	0.173290420249902	0.2571243610944785
0.11559756900468952	0.08173628339033472	0.35896868190121345	0.17819761998686867	0.2654998457168934
0.13330540721741052	0.08582423144616479	0.3478965485025747	0.1704557099683589	0.26251810286549093
0.13525895347923061	0.0869148814475376	0.34400963835360554	0.17447025340966968	0.2593462733099564
0.14741116420520967	0.08534423094743153	0.3332986479081879	0.17442740477181715	0.25951855216735353
0.1074730408417452	0.09067850672449279	0.3571974133337948	0.1767170556912667	0.2679339834087004
0.11954460232335332	0.08116785290393948	0.3572965477556049	0.17835855337517323	0.26363244364192895
0.14686681436137372	0.08126799878102589	0.34371909183991345	0.16998356065113338	0.2581625343665534
0.15592542226321096	0.08806571765519118	0.3344503932107294	0.16790542473940895	0.25365304213145934
0.1510062597364873	0.08501021511691959	0.3391195677341222	0.17000910859613427	0.25485484881633647
0.14847739564305043	0.08299159675380845	0.3434607858798158	0.16970090239648908	0.25536931932683604
0.14503079921972017	0.0829021593480535	0.34102929408176513	0.16925653525475165	0.2617812120957093
0.14072069083174238	0.08310876396041804	0.3459517120320882	0.16933939989684987	0.26087943327890134
0.13357189697781602	0.08925563579185136	0.343407738831147	0.16784883173586534	0.26591589666332016
0.1306698232181229	0.08352086767653065	0.34569939699293006	0.17848306912225453	0.26162684299016165
0.133671631317165	0.08838715566309709	0.34242844752461404	0.17855747730407312	0.25695528819105057
0.14183676389949174	0.08150379675601516	0.3422889946516229	0.17176478539272227	0.2626056593001478
0.13475856122576357	0.08618586711525704	0.3377609733643615	0.17768612588554453	0.26360847240907315
0.12878062372490806	0.08576361364866776	0.3443308415620263	0.1754586473047949	0.26566627375960283
0.13393721140823622	0.08589627677581532	0.34513291132429497	0.1682185394225415	0.2668150610691118
0.12407064308500973	0.08731893970766141	0.3555939216058539	0.1752785479192593	0.2577379476822155
0.15169466573351242	0.08148078380769544	0.3330733671664501	0.17427715240193004	0.25947403089041177
0.12775596242066056	0.08688223883516077	0.356819005286916	0.1721712313139254	0.2563715621433371
0.12633582051806308	0.08269231234767202	0.34805931735730006	0.17541224638610012	0.26750030339086456
0.13262703369008863	0.08748524261858692	0.35697887385013394	0.17243250502653812	0.2504763448146522
0.1407959782656764	0.08766236585910844	0.34023696307878953	0.1696484465422392	0.26165624625418626
0.13701339554065156	0.08239151630780499	0.3468000410855644	0.17263592983278034	0.2611591172331985
0.12304117568784435	0.08905745387633454	0.357242281848828	0.17103932088231705	0.2596197677046759
0.13220182527574292	0.08295130621660053	0.3594315109482641	0.16804934158269114	0.25736601597670117
0.14353699332653913	0.08496689756444552	0.34264844043353926	0.17637076022271733	0.25247690845275855
0.11889748272440276	0.08655871831662323	0.35846187407232233	0.17975981166743382	0.25632211321921766
0.14170825865299172	0.0820175146529831	0.3457861128070302	0.17790430063009477	0.2525838132569
0.1372984667470602	0.08151689486500295	0.34135206663308804	0.17840688324522141	0.2614256885096273
0.1385545119864097	0.08281744018673382	0.3475524703235375	0.1693648509166783	0.2617107265866405
0.11734164204111827	0.09114432914013743	0.35713944810903786	0.16756103835444677	0.2668135423552595
0.14685637887148198	0.08806073914309802	0.33346803912762957	0.16782121175818146	0.26379363109960885
0.12749200522389406	0.09049487491934229	0.3502540250199777	0.17226514147023794	0.2594939533665479
0.11450865433722644	0.08877874875948995	0.35663756819803216	0.178499261634935	0.2615757670703163
0.10918103391185538	0.08358112395166713	0.35875585188804254	0.18012148720712734	0.26836050304130743
0.12504472256538124	0.08989252472630035	0.34199559757349823	0.17881572683020514	0.2642514283046149
0.13359212842352058	0.09045778731858954	0.3411473388694429	0.1717552248860007	0.26304752050244606
0.14494915074880005	0.08536279945369143	0.34494376444884156	0.16892372733245753	0.2558205580162093
0.11341561646372855	0.09111599321932276	0.3542360477735746	0.17626725396707782	0.2649650885762961
0.15139102062523424	0.08093542852185258	0.3443919678975579	0.17253315410204081	0.2507484288533143
0.13952003506619587	0.08377839574156468	0.3440329057359679	0.16714644201395917	0.2655222214423122
0.13242546784768092	0.08496232743482365	0.35517052342287414	0.17489394958272564	0.2525477317118955
0.14717841002477242	0.08420174286362946	0.3357151743147464	0.16808347065480195	0.2648212021420495
0.1424283751881152	0.08409440051826786	0.339961162854148	0.17925020176241596	0.25426585967705273
0.1271163470754184	0.08656149193119471	0.34655275220287196	0.1775278487469954	0.2622415600435194
0.11818114886870104	0.0904370891291392	0.35627353699632885	0.17190306907998987	0.26320515592584093
0.13988078748770427	0.0849914397585505	0.34741504710748183	0.16936832690443862	0.2583443987418247
0.1453135655238739	0.090533889184672	0.3380811475968011	0.17023093192730923	0.2558404657673436
0.13371738360546206	0.08081166719628921	0.35633911104090904	0.16798498102612738	0.2611468571312121
0.1396920267100552	0.08701223103179706	0.34371367020365584	0.1725405775940825	0.2570414944604092
0.13974077002138724	0.08176669514185347	0.33703065037557217	0.1791848532325037	0.2622770312286832
0.1585688259936048	0.08603094072347203	0.33808443039162295	0.16692843964806908	0.2503873632432309
0.14283207345577004	0.08328466914873178	0.3473594579277847	0.17576239827232948	0.25076140119538376
0.11077390432631945	0.08919318003360355	0.35404073832632477	0.17881774157923447	0.26717443573451766
0.1429523996702517	0.08427217330023452	0.3369349629481623	0.178148016175447	0.2576924479059043
0.12713340397600145	0.08119094620311726	0.35849767184831766	0.17994716331362032	0.25323081465894315
0.13401107703482165	0.08844609238496443	0.352539400208196	0.1702042800702017	0.25479915030181605
0.12356513190730306	0.08781349165932709	0.35949138401497305	0.17325009000535585	0.2558799024130408
0.14293036430952918	0.08956429546755537	0.33313523756140123	0.17973255553029918	0.25463754713121484
0.12381432144791418	0.0829897727686825	0.35835197823558623	0.16876116517493728	0.26608276237287964
0.1315279123431634	0.08824488834563962	0.3470796860401637	0.1799912801627196	0.2531562331083135
0.12836654874529602	0.09089986234928138	0.3469237199928452	0.17327768946260863	0.26053217944996854
0.15386660637237104	0.08481644960951876	0.33856237636119846	0.1702324353096738	0.25252213234723775
0.14287255362414936	0.08753085909647851	0.3400629631824968	0.1696659464519288	0.25986767764494634
0.11992249308178102	0.08954990336580533	0.35414931939113214	0.1770301993573864	0.25934808480389493
0.12031089117982632	0.0866008987935809	0.35039209371407487	0.1748579593295772	0.2678381569829405
0.14789580457450408	0.08623766767378012	0.33614237818391995	0.16744265083520185	0.2622814987325938
0.1351901584302119	0.08899973216730267	0.3386332838529745	0.17138557317917963	0.26579125237033113
0.13596874607901713	0.08456561657436319	0.3449881433943214	0.1697261183125818	0.26475137563971635
0.14132134776733835	0.08402623037961228	0.3394258421106389	0.16671654266597222	0.26851003707643806
0.13243406645929395	0.08824334976203527	0.3426883777201287	0.17670119514503704	0.25993301091350485
0.15196148523030434	0.08670397820492626	0.34261275558375154	0.16906809598698483	0.24965368499403287
0.14047367006322098	0.08697794339144524	0.34019883586095667	0.16902238941591102	0.2633271612684659
0.1294733184674421	0.08819799828171582	0.355900784107746	0.17202020399863838	0.25440769514445755
0.11814715854223776	0.09128637380011578	0.3488482776218391	0.1782852870829991	0.2634329029528081
0.14826892652508591	0.08761358107859461	0.34589987751961027	0.16695959637059601	0.25125801850611296
0.12916504459426842	0.08487575717408408	0.35317651802754074	0.17818437497081607	0.2545983052332905
0.13812197258096834	0.08095916204382059	0.3521019700127539	0.1737814429152905	0.2550354524471665
0.14913650407750173	0.08864677271260459	0.33673877770783767	0.1746256977399182	0.25085224776213766
0.12495209763365406	0.08766953308675775	0.3494188635819995	0.17659629680664393	0.26136320889094466
0.12574598264306783	0.08975897650094354	0.35063252145845447	0.17774070099847952	0.2561218183990544
0.13236156176272884	0.0816455908222092	0.3492760623172958	0.16793214817191165	0.26878463692585436
0.1451025935887768	0.08937998011614587	0.3332888214037306	0.179259202816675	0.25296940207467145
0.12390903822388014	0.09074417655504399	0.3467185344255442	0.17110797587996762	0.2675202749155639
0.13134705895180956	0.08772667449614197	0.3452665327645324	0.17045505444577536	0.2652046793417405
0.138302284346754	0.08801488321077455	0.341305874603829	0.17639099606375688	0.25598596177488536
0.12623208002253616	0.08427636774763346	0.34769867233475643	0.1788116978657484	0.26298118202932536
0.1483629045714498	0.08255556959082568	0.333564826906642	0.17584113092801137	0.259675568003071
0.13469151256556705	0.08128681457093007	0.3461909580847014	0.17070915955130578	0.2671215552274955
0.14226514182149913	0.08759074558380862	0.3410399700198336	0.16747124352907106	0.2616328990457874
0.1393704605203853	0.08906203358655358	0.3426047315328073	0.17187486429188187	0.2570879100683718
0.12764937254244302	0.08384601219725046	0.3570186289261357	0.16979272797225514	0.2616932583619155
0.13956270813101798	0.08303474957628988	0.34939417667489236	0.16972774835448057	0.25828061726331897
0.14059325469710993	0.08095441847303528	0.3534363638166378	0.16956534812280621	0.25545061489041065
0.130890821311133	0.08913255043965129	0.34113113378347415	0.17120105995061818	0.26764443451512326
0.11799057082037748	0.08283969076900545	0.3585891696565151	0.17667801013248288	0.2639025586216188
0.13124874962562957	0.0849978987616	0.3460676186255366	0.16986617465993223	0.2678195583273014
0.13811718239103266	0.08802202225405553	0.3511708597124896	0.17083923153209674	0.2518507041103253
0.13877922006852067	0.08352200768354999	0.3413659853497711	0.17655742558145524	0.2597753613167028
0.13679484069306197	0.08268439093686356	0.3385165651232248	0.1763062729146318	0.26569793033221767
0.14266837635675045	0.0909076444893963	0.3356643167670197	0.17358676442374651	0.25717289796308684
0.1603868517789388	0.08357363061665146	0.3392035388028293	0.16688144938712143	0.24995452941445886
0.12781251538416072	0.0889440610729964	0.33766563824280105	0.1781303871825456	0.26744739811749607
0.12770418901493175	0.08676025278235013	0.3490207054733194	0.17695209329715272	0.2595627594322458
0.13029560165260667	0.08822311409004575	0.3372036107924241	0.17785531988997857	0.2664223535749447
0.15201647972709775	0.08380946282386188	0.3335762348304666	0.17779690944346416	0.2528009131751094
0.1432773849424458	0.0843117731305168	0.34520997920517127	0.16743018205007631	0.25977068067178966
0.14874440672223535	0.08508644050619123	0.3421513930848332	0.17364798760332073	0.25036977208341926
0.13304443091890258	0.08746102010552492	0.3466842916369075	0.1706647873858129	0.26214546995285193
0.1307955061007187	0.08283733675836902	0.35607325464466527	0.17407391238553077	0.25621999011071606
0.13870468026770866	0.08252494036711154	0.35275247827707	0.17139228316609542	0.2546256179220142
0.1360017701752886	0.09121178833414346	0.34751314002028494	0.17229125242465151	0.2529820490456314
0.14151009191482325	0.08601717056105039	0.33549336542960473	0.16843018131518545	0.26854919077933603
0.1298776168000801	0.08241466235687558	0.3552103013392069	0.17857152943225907	0.2539258900715782
0.14238651794826346	0.08545325586656356	0.3412699000686649	0.175767222829012	0.2551231032874959
0.13606133053573094	0.08535677558363107	0.34870756474892406	0.17098989723559188	0.25888443189612187
0.12007351951750439	0.08743223598059541	0.3592742926294866	0.17404432846885853	0.2591756234035548
0.13726580085712428	0.08732923416420803	0.3440234852734328	0.16711128042800366	0.26427019927723105
0.13286743440194904	0.08785611182636245	0.3579863142593068	0.16720924492672287	0.25408089458565863
0.12905647270776816	0.08200128346334058	0.35064394605874605	0.17565398523750858	0.2626443125326364
0.14373234860117814	0.08941073119331193	0.33758648624564824	0.1675472449328547	0.2617231890270068
0.15137559171104353	0.08936126989105617	0.3371211401811395	0.16794837865950993	0.2541936195572507
0.13751927150705578	0.08250524715410157	0.35688446159007087	0.17291373570718202	0.25017728404158956
0.1340313040067339	0.08743137066446985	0.3568493344500416	0.1710373443525615	0.250650646526193
0.13467384447494635	0.0893534790381734	0.357391325684127	0.1678491354096882	0.2507322153930649
0.15276126560370992	0.086178260839187	0.33574586803384876	0.1701611689313465	0.25515343659190753
0.13002680776214975	0.08735256760917202	0.3580970541251455	0.17082017613525718	0.2537033943682754
0.12188062834324687	0.08904194899113996	0.34838597964627255	0.1798478632547445	0.26084357976459593
0.1291293997849358	0.08540744978261702	0.34805798787440834	0.17777611153603354	0.2596290510220051
0.12774618190711134	0.08810525815697277	0.3581411246918881	0.16864784324592996	0.25735959199809766
0.1174907216794108	0.08787763102893058	0.35515724398255394	0.17495282072608753	0.264521582583017
0.13245081744132242	0.08185080611370142	0.3537074008379167	0.17449573006655567	0.2574952455405036
0.1290720509294065	0.08941076543233183	0.34145211778999396	0.1785597915925923	0.2615052742556752
0.14029203056881706	0.08722042508926794	0.33784602471452063	0.16947485308457	0.2651666665428241
0.11599366551219148	0.08930573464682584	0.3537933085313468	0.173833547092583	0.26707374421705266
0.12432648984393388	0.08399369600343544	0.3502411080712147	0.17416192869837083	0.26727677738304495
0.12704188630327157	0.08166284165502714	0.35238704595245884	0.17271517034739764	0.26619305574184465
0.12731527839668846	0.08735186762801697	0.3446767932098227	0.17479654851588242	0.26585951224958926
0.11011328231612225	0.08553115819782046	0.3579789859706523	0.17890278704221232	0.2674737864731925
0.12313106894058984	0.08542333614844974	0.35284933500607063	0.17299622775786636	0.26560003214702327
0.12457904319779532	0.08707394066671946	0.35121834325225476	0.1752163107962184	0.26191236208701196
0.14152970314756258	0.08249762007188634	0.3531557099625479	0.17260040220466474	0.2502165646133382
0.14292124994750266	0.08267055152915515	0.3541491549889086	0.1684955349547842	0.25176350857964924
0.13183418124314403	0.08402752877125397	0.35709605470297023	0.17084053888179782	0.2562016964008338
0.13763282765913065	0.0855577776532006	0.3543983043915774	0.1693391397573516	0.2530719505387396
0.1241129323071005	0.08720691982396894	0.35775293954245346	0.1777709210813345	0.25315628724514244
0.1397944228587136	0.08576571549111042	0.33322724080250854	0.17397126104371458	0.2672413598039527
0.12532787024569977	0.08855733367406024	0.35379112724001277	0.1688437077816295	0.26347996105859756
0.1443925649494802	0.08177627772298879	0.3488716317325506	0.17432895911517438	0.25063056647980586
0.12570063637638343	0.08509647736279707	0.3503975959530188	0.16958511458899464	0.26922017571880585
0.13711044614931375	0.08590442785509311	0.3507287029471726	0.16949640581851624	0.2567600172299041
0.13088453313007758	0.0862752478851678	0.3439059342452283	0.17300180122961548	0.2659324835099106
0.12160127548912716	0.08724785664241039	0.34649301113294556	0.17687617476231182	0.2677816819732049
0.1270886559926796	0.0825038592791148	0.356325573580623	0.1702159227601546	0.2638659883874278
0.14834305726569422	0.08408341562859548	0.34179294696877965	0.1739836014762182	0.25179697866071227
0.14157861878571987	0.0905508928648527	0.34223404204561564	0.17121844715174367	0.254417999152068
0.14054567397095394	0.08985665491873941	0.34253965202724135	0.1671759492138194	0.2598820698692458
0.1393092864100383	0.08415475066755157	0.35568879924062125	0.17122881919056468	0.24961834449122405
0.15120511152892976	0.08180998633998046	0.33862740744589054	0.17425729193811818	0.2541002027470809
0.1282279054873147	0.0853023376665869	0.3441349461777429	0.1772637553747411	0.2650710552936143
0.15855527626634794	0.08291105923454806	0.3357992397080153	0.16866837749972044	0.25406604729136806
0.12917479364561993	0.08685781660531929	0.3573942124864371	0.1767236088215198	0.24984956844110373
0.1234458902994343	0.08158821386670927	0.3526105401386552	0.17618777896230592	0.2661675767328951
0.14103221004140204	0.08271476518809134	0.3395316126917281	0.17406135070179524	0.2626600613769831
0.13782921622468347	0.08623164687977164	0.35375245251545034	0.17125428354321925	0.2509324008368751
0.14375800264983005	0.08160675386579956	0.3368641044316977	0.17126174313663012	0.2665093959160424
0.12370437315304951	0.08975171623656275	0.352359321734961	0.17069001866017744	0.26349457021524914
0.13677579802815643	0.08660251949949169	0.33641458606904734	0.17428182262330988	0.2659252737799945
0.1155202729820754	0.09057526425591289	0.34790723539341123	0.17996968784509307	0.2660275395235072
0.1392941224647854	0.08115965421459545	0.3446234171258312	0.16928369644626823	0.2656391097485195
0.13888881485825233	0.08151441707720383	0.34992286230859315	0.17136549754067268	0.2583084082152778
0.12999866180446185	0.08255209460697824	0.34190326373072866	0.1790143274150727	0.26653165244275834
0.1287284581515613	0.09125394716124331	0.35007328941098936	0.17451473227540026	0.25542957300080554
0.12882435854534666	0.09077604667384974	0.35055241479895216	0.17006486386716504	0.2597823161146862
0.12500679457707636	0.09081398949679914	0.35110581836730514	0.17217458093766627	0.2608988166211529
0.1526559063987779	0.08266402025350991	0.3353474888258102	0.16680232802104009	0.2625302565008617
0.13664977267993733	0.08660566304140671	0.3381219117582197	0.1702875529491439	0.26833509957129215
0.11511904261095912	0.09054923823531462	0.35895754989905426	0.17864166631678693	0.25673250293788497
0.13192109394571955	0.08956696226668166	0.3547836248027885	0.1740801953073278	0.24964812367748226
0.12439698793195111	0.08471055500712951	0.35828391219784717	0.17722066518839708	0.255387879674675
0.12515664404008503	0.08163433878615897	0.3547883396416954	0.17023289137105718	0.2681877861610033
0.1489826068150855	0.08146979811837768	0.33613049976310844	0.17010624507683472	0.2633108502265935
