0.22411416197814232	0.21097995898177288	0.25060848362773436	0.12769237664810257	0.18660501876424768
0.2396538929685896	0.1963540317044356	0.2383869720534055	0.1259741370853863	0.19963096618818274
0.24456482740663085	0.15665112972173115	0.26226003004843346	0.14197468622978135	0.19454932659342297
0.20973399850812874	0.23800162761000515	0.2087304542781239	0.134053153062428	0.20948076654131403
0.23066508879356734	0.1887852560794763	0.23348791928535478	0.13386265378979129	0.21319908205181004
0.20154074498145128	0.21815202721517346	0.2229857120320714	0.1272185481205593	0.2301029676507443
0.22527545345653316	0.18185663680599917	0.21529714339825007	0.16101112694510503	0.21655963939411235
0.22512329542072437	0.21209736227834092	0.24020447392257255	0.13280909865155233	0.18976576972680959
0.18475070793152867	0.22774295973135378	0.2205805768865039	0.15079722759014658	0.21612852786046688
0.18403426587746827	0.22918823971182672	0.2464101572933058	0.12372013485943742	0.21664720225796158
0.20266215982284203	0.2673138745027781	0.21322244618902167	0.12511394404140078	0.19168757544395718
0.22794236328673737	0.18226108111408207	0.2447404981047973	0.12858137846923767	0.21647467902514533
0.20481424440034998	0.1911274738707756	0.21632953635864308	0.16258874951615862	0.22513999585407252
0.21192062701691294	0.21740675708122711	0.2525300631367561	0.1352362628312355	0.18290628993386812
0.23071469909218825	0.14985667055869895	0.23940745236082575	0.14248154476628966	0.23753963322199717
0.24209264104546763	0.14617855293080045	0.2586265931163525	0.16025572929504484	0.19284648361233436
0.20805168608879018	0.15574888736330095	0.26201969402899916	0.13254109918664547	0.24163863333226399
0.20487853158527014	0.20865432743001636	0.2477152430399751	0.14542524251656153	0.19332665542817665
0.22420065387239788	0.15676400773009733	0.2598287567055802	0.13848333804941312	0.22072324364251122
0.2221642652346124	0.13487550233946838	0.2563110899340534	0.14785571365251018	0.23879342883935542
0.21058990649794238	0.1974793571379408	0.26747442789542375	0.13028047017350758	0.19417583829518525
0.20857155575780484	0.18207784604015273	0.24256277386811445	0.12810193464574537	0.23868588968818238
0.24298843699130204	0.09678234809887655	0.266972531283309	0.1572007626401986	0.23605592098631356
0.22449794566262066	0.20722082878575068	0.21629300869189041	0.14388749344994592	0.2081007234097921
0.19914409397869356	0.23788710717976838	0.24416765204082722	0.1354938828829575	0.18330726391775312
0.2203002711298717	0.2167964613648879	0.22506300662286352	0.1337164979331758	0.20412376294920084
0.2042152823461875	0.2111896944009126	0.21044914544952945	0.13344984208457866	0.24069603571879158
0.2102354402818927	0.17118381855023249	0.23467940538850812	0.1613172087439036	0.22258412703546285
0.23965016574099698	0.15006007416850203	0.25393336204751454	0.1323346892642386	0.22402170877874758
0.219788947169116	0.1743640786173845	0.23252298580709635	0.16262336617612866	0.21070062223027422
0.2048121314831202	0.2537943046344927	0.2115532250842427	0.1460039892194852	0.18383634957865894
0.2071218608141131	0.1783182939845097	0.25812494500877975	0.14449359379135476	0.21194130640124245
0.22051852846926617	0.13304457788166302	0.26231594472555186	0.1433400719480091	0.24078087697550965
0.2031906299032035	0.20035402487051562	0.22005493221648753	0.1472197817453057	0.2291806312644874
0.1816436841894492	0.260090473095289	0.21738782655288408	0.15733291042973907	0.18354510573263844
0.18847675293126484	0.26768185197081634	0.20524594842284916	0.1276330848345713	0.21096236184049816
0.20944352372348696	0.17337131828474178	0.24896028802529768	0.1473338294322648	0.22089104053420855
0.2318914324904845	0.13161974518519465	0.2629289290600657	0.16187552678459333	0.21168436647966155
0.20904876827668015	0.2277483839371591	0.20971639267558226	0.15413936212922816	0.19934709298135012
0.2341681256854087	0.14559416269157022	0.24390273041994076	0.13360691387530654	0.24272806732777347
0.19134896348121133	0.25865885927591786	0.21791958978373238	0.12735015639030603	0.20472243106883223
0.18638564155008	0.21793356573747882	0.24077028258434674	0.12155869575632595	0.2333518143717683
0.2179989671142975	0.2394464733801325	0.24302786505706253	0.12038031394478951	0.17914638050371773
0.18759490865140782	0.2374553168121449	0.2059836985122311	0.13562270482331634	0.2333433712008996
0.19911722756107464	0.18654912455488856	0.23191398153188808	0.16055643293752422	0.22186323341462424
0.216263240342073	0.19524070797707177	0.24165322745210688	0.13394163292348754	0.2129011913052606
0.19906735835029132	0.23134494203763162	0.212781769430309	0.14396675668649678	0.21283917349527107
0.20772067687379947	0.15151944087243657	0.2528237142015408	0.15337127060327407	0.23456489744894887
0.21908606020586618	0.207917738812239	0.21810901738201194	0.154916686696429	0.1999704969034537
0.2086984082704319	0.21302015981531422	0.21462033894047602	0.14902186891367497	0.21463922406010266
0.18535953024628282	0.2281747859832406	0.23953223538565482	0.14213445327863536	0.2047989951061862
0.24115559689535362	0.12974972911766575	0.24250243428932564	0.15336813968812224	0.23322410000953248
0.18302522036510246	0.2665826513350966	0.21508401773845437	0.1539565277190319	0.18135158284231442
0.22209541663038265	0.2080280427065501	0.22652456980186453	0.13524541547195826	0.20810655538924425
0.18026313795862675	0.2468220016929036	0.22003858572484136	0.1580844010788623	0.19479187354476576
0.23364575492714257	0.1360572700214713	0.2525658525827941	0.16343513799117426	0.2142959844774175
0.1963957292726138	0.18807747934802535	0.26394010163817994	0.1535595905402929	0.19802709920088782
0.19212266464360003	0.24603100871449368	0.2117910068229565	0.13797265655880186	0.2120826632601477
0.23490062993342872	0.18210154115287364	0.2428719566998146	0.13184836423223867	0.20827750798164416
0.22894973340696242	0.22676716242666659	0.22157257053059531	0.12276923279601192	0.19994130083976352
0.23919157290615778	0.1553979835636032	0.23676298854535144	0.13439644541938578	0.23425100956550154
0.23829665840904699	0.19832214730288597	0.2031316503363511	0.12652336508694356	0.23372617886477212
0.2216387167455592	0.21785259851064542	0.2467672408826547	0.12926320880436393	0.18447823505677652
0.19906383201727698	0.26257366964069484	0.21664891691860905	0.14245068807330077	0.17926289335011808
0.19374029020349123	0.23104700333390102	0.23359304811466844	0.15704210314957864	0.18457755519836047
0.23584626203808606	0.22559020405725191	0.22023286952054238	0.12771499017374732	0.1906156742103721
0.23284603139906218	0.14911222899592141	0.26342399826622115	0.14151958038980686	0.2130981609489882
0.1864295322958318	0.2460392965055709	0.22707362169122094	0.13757389861557795	0.20288365089179816
0.21427669900188262	0.19644198252828113	0.2263562001606228	0.14791664709128444	0.2150084712179288
0.20164710042115702	0.2744426380415259	0.21300406068359481	0.12887169460772857	0.1820345062459935
0.2241377013271431	0.1755519505185556	0.25593452849342346	0.1347923725791902	0.20958344708168744
0.2444829953998593	0.19195868181799117	0.23537391226162985	0.1434295517150232	0.18475485880549625
0.23406428336087332	0.1650817064157716	0.2600802672266207	0.14071420224658554	0.20005954075014862
0.23651334404782157	0.15536114070934265	0.26536790822550244	0.1571141042900698	0.1856435027272633
0.18488702607013233	0.26387066883695404	0.2214700275950664	0.13374918316543885	0.19602309433240817
0.20694496682509494	0.24430477276480345	0.2169001206949431	0.12304659428470795	0.20880354543045035
0.23586757003092418	0.2096918852439454	0.2049018048497186	0.1589127974802123	0.19062594239519928
0.22462099849723127	0.23820943345147083	0.2239357241915778	0.12059065407193442	0.19264318978778544
0.23264414754401824	0.16159879915539227	0.24574429852420115	0.125956426018749	0.23405632875763907
0.21294825566865352	0.1694174614049305	0.2514779445940088	0.14005476923317917	0.2261015690992278
0.2381155514492026	0.18844766647971214	0.2035964167259506	0.16346073431031577	0.2063796310348186
0.19190780255553855	0.2151112996513234	0.2491944129183778	0.15067112334952873	0.19311536152523134
0.2346187972026933	0.11085345908440317	0.2657051742951101	0.1524642949359566	0.23635827448183658
0.2214413140177269	0.19562540317884106	0.23051438896771578	0.1306004277878099	0.22181846604790614
0.19678036801868556	0.21009943972401904	0.2521172468760836	0.14457661017872406	0.1964263352024875
0.23519210720168593	0.23199687159198012	0.20793456638913974	0.14432885151353803	0.18054760330365596
0.2205669368322492	0.22472513429726695	0.2140105172809028	0.12047011121760041	0.22022730037198038
0.2390133617530805	0.16498519794030223	0.24534016096185718	0.1569573868411069	0.19370389250365294
0.21128686655199475	0.18054569327762138	0.24103818840614377	0.14810833125374956	0.21902092051049032
0.24251896869324382	0.17254867040841335	0.25819830091796986	0.1436546483072404	0.18307941167313238
0.23353383070885103	0.15468282954843243	0.24930951580954003	0.1332036288635223	0.22927019506965396
0.20748350131051493	0.18173695552438918	0.2450590674058355	0.12633019548110866	0.2393902802781515
0.1951792996487086	0.20555182038115177	0.26295170305742493	0.13303659561339254	0.20328058129932194
0.18290344630471053	0.2238764907036263	0.25380830005351923	0.1384462103765298	0.20096555256161394
0.24459890475265234	0.1768050491640635	0.21508147093177457	0.15199430624294152	0.21152026890856782
0.20637581567202926	0.190544544058217	0.24293246667955665	0.1454444145991895	0.21470275899100738
0.19072594485784697	0.2577417234439501	0.22406274183745406	0.12430202912708178	0.20316756073366693
0.1882127997687634	0.25127844979413555	0.24994320721751914	0.12412264230034338	0.1864429009192383
0.22125432638463421	0.18352117110327829	0.21678030443911772	0.15498011577383525	0.22346408229913428
0.21673748451660574	0.20928683590695302	0.22538991055096347	0.12691084895287721	0.22167492007260034
0.2425751380583263	0.1891324628452956	0.2069677347597425	0.15007126068778573	0.21125340364884962
0.24023263502570533	0.18159153482273002	0.25362215210967387	0.12569360122821005	0.19886007681368048
0.23100048662463257	0.19886776512457288	0.22810323157992374	0.1574766250597593	0.18455189161111124
0.18099602987503677	0.20294958670403407	0.2296383855811515	0.1470528719647338	0.23936312587504366
0.2177545896634569	0.25790745889164246	0.21756642129639875	0.12136249950827306	0.1854090306402286
0.18562531695167767	0.169804740414255	0.2669912009203558	0.1566442709529681	0.22093447076074324
0.18960145774901582	0.18089203960738853	0.235033107783015	0.16236644108085058	0.23210695377972984
0.2400274229951868	0.11676273441484042	0.2569999612344412	0.1550363741286598	0.23117350722687152
0.22213712603931685	0.17256241154536575	0.24674292732874892	0.16018102007472063	0.19837651501184764
0.19009852686049597	0.21075686443667194	0.25200835492109286	0.12366508456319888	0.2234711692185401
0.20206815680413565	0.17236523353189834	0.23142734439486745	0.155699109062441	0.23844015620665737
0.23973531412568352	0.22229552881083026	0.20697686635588372	0.14437286011195688	0.18661943059564534
0.23055795342316177	0.2049547414333872	0.22080040121197336	0.1530157172024113	0.1906711867290661
0.19432152089916166	0.220488460475162	0.21880631364971445	0.14426291059103885	0.22212079438492283
0.23177889181672048	0.1452048337959238	0.2444407136924349	0.13984333374286764	0.23873222695205293
0.23305701639519522	0.16716919359255347	0.2356725195064528	0.15871573673482287	0.20538553377097538
0.20447206403815787	0.2238186073267147	0.22337059734567563	0.1545451011703235	0.19379363011912804
0.21320432489289545	0.2080053647263828	0.24991930448602545	0.13144802123055616	0.1974229846641399
0.2447606775468905	0.18376285728177705	0.2373705579360313	0.12644538608988426	0.20766052114541664
0.21817124071641072	0.26265779985401017	0.20512448385443313	0.13293729745873184	0.18110917811641394
0.2022045994072056	0.2224027879489238	0.22872864056878292	0.15970940007728562	0.18695457199780185
0.24152765849045757	0.18605718301224106	0.21346836527096014	0.1472950792724695	0.21165171395387153
0.1851380346102961	0.21484225357937137	0.26043271036838334	0.12462973092332902	0.21495727051862004
0.2082183891545454	0.19235077787415858	0.23074130266991888	0.1306341317160482	0.23805539858532868
0.1924234842201855	0.16527624493533855	0.25844699707826174	0.14344877071681827	0.24040450304939576
0.19508831811641386	0.21453384295757602	0.20746668760855724	0.14534909979963376	0.2375620515178189
0.18828301657195037	0.19884005682080003	0.2275722485279107	0.15885963456373578	0.2264450435156029
0.24165447572873577	0.15583088293390143	0.2172296372086406	0.14870090528806804	0.23658409884065393
0.21502859756556386	0.16140386873419763	0.24465474704601758	0.14944206274882488	0.22947072390539586
0.24263265259800648	0.19276992238227073	0.2504104419009957	0.13378862124802593	0.18039836187070085
0.18327705578773804	0.20881270098502608	0.23778395583291456	0.1452009488142188	0.2249253385801023
0.2229894820252683	0.21336567248920382	0.20612338048131068	0.16273794021972865	0.19478352478448835
0.22822832611263696	0.20512962192547848	0.21616473235878852	0.15482397536502554	0.19565334423807026
0.19172882124818513	0.26838015562201334	0.20620876102545646	0.1421895197895483	0.19149274231479657
0.21001293178113828	0.2150199805143665	0.225608479756291	0.15882917945332506	0.19052942849487894
0.20422035692905066	0.14756382318470834	0.267664481258218	0.13899871153298232	0.2415526270950404
0.18227333317020464	0.18799679360956797	0.25857347781447204	0.13543840826262524	0.23571798714312991
0.19968941538437182	0.21377071716132118	0.2341778765166577	0.12436602872727992	0.2279959622103692
0.1853634516332705	0.23262395066189542	0.2595349172030361	0.13018576084013594	0.19229191966166181
0.22384464205958376	0.1402629130681636	0.2314979923364323	0.16085491048883638	0.2435395420469837
0.2268807680038837	0.12325762391462483	0.25376099511959044	0.15352155782623464	0.24257905513566613
0.23729787270588998	0.17801320096012244	0.26688196644601264	0.1339020453931911	0.1839049144947836
0.22866413498306154	0.15990375311533042	0.23459365440802155	0.13488488461059941	0.24195357288298686
0.19999403121663223	0.1566912784196366	0.25195499131347304	0.1518160711066107	0.23954362794364722
0.18303011235802907	0.28242626275041405	0.21782467138120115	0.13249238283541945	0.18422657067493603
0.1956628465880447	0.19341900749924504	0.2326063504964216	0.15534354147945667	0.22296825393683176
0.21495202160544435	0.2489874041014395	0.22350821598291867	0.12835444782347316	0.18419791048672407
0.20794038747323781	0.20606914138810806	0.23558211253339623	0.1391327624660872	0.21127559613917046
0.1937194077006963	0.2613334547208646	0.21407469949879895	0.12773090182487257	0.20314153625476739
0.22933130305825278	0.1183830518350948	0.25024021645990546	0.16132588489495267	0.24071954375179408
0.20071549132258318	0.1807824696735472	0.2646461212359264	0.1585699702102481	0.19528594755769488
0.21679087931378951	0.20081597165664847	0.22181209716997297	0.12493240090607592	0.2356486509535129
0.2020190167258758	0.22252520627223385	0.21087322916277046	0.15423679381816224	0.21034575402095745
0.23974471706747236	0.15517741761067338	0.22644187694202572	0.15614206520886859	0.2224939231709597
0.18577624072234733	0.1818783479199183	0.2349648853858515	0.154865326939693	0.24251519903218965
0.21035781031666848	0.2396696093962504	0.22777595354654526	0.12184939169425853	0.2003472350462771
0.23535565124623395	0.23506606126861687	0.2052828823905705	0.12224348817677529	0.20205191691780316
0.19740649794231765	0.2422623307690521	0.20977783584148507	0.1534676357740632	0.19708569967308173
0.20540039650672376	0.1540794803739211	0.2582951137913937	0.15358451738180062	0.2286404919461606
0.2208460798268325	0.22729574510206424	0.23939517372737623	0.12874622061348584	0.183716780730241
0.19338339254984527	0.22650991242494145	0.2310490811266055	0.14803186720444572	0.20102574669416184
0.2156838805792792	0.2400382013473446	0.20503737496925548	0.15433322501936755	0.18490731808475297
0.2313684319565425	0.1375355007272227	0.23755528444832064	0.15760110181687387	0.23593968105104
0.21334634228870125	0.24479932089478834	0.21669163133382618	0.12726366075615608	0.19789904472652792
0.1997672851048594	0.24171192773273056	0.21894903245092173	0.14404948946835033	0.19552226524313776
0.22225275169243724	0.22385396385374426	0.22294256076721433	0.14291859947831692	0.188032124208287
0.19737466279268723	0.26178348171420146	0.21805094163856634	0.12174999542940435	0.20104091842514044
0.2413191986297414	0.13814984425833918	0.23923017229486065	0.1418414272652041	0.2394593575518544
0.20386029521517676	0.24154346511622077	0.21781205800071637	0.13601025175635656	0.20077392991152934
0.1843406993194858	0.19329733470304974	0.24240620027683835	0.14290189211432042	0.23705387358630547
0.2026805867777385	0.1872184565436581	0.23164813660531303	0.1631438391665764	0.21530898090671374
0.2040264979818187	0.21790622309132718	0.25859259572682664	0.1219268414880027	0.19754784171202458
0.2415496262735893	0.2025867092880849	0.23416062193640003	0.13485056202270576	0.18685248047921973
0.1853645509363268	0.21691821471457173	0.23368588546477798	0.15187245080113218	0.21215889808319108
0.2192241416428654	0.19587998837091886	0.2645703882754876	0.13661170171603787	0.18371377999469002
0.1899709640924504	0.20409825476470872	0.20611588655272525	0.16334506246447938	0.23646983212563602
0.20780275340114596	0.22185968577063336	0.22184698695317936	0.16331839759372963	0.18517217628131144
0.21261681155739026	0.19567581350894495	0.2181759639510436	0.15320071978106053	0.22033069120156046
0.23325981546011182	0.20416677632229863	0.21609425676803257	0.12085805547980195	0.2256210959697548
0.23803317576701316	0.20118711910573622	0.21960559803244636	0.1207781000106063	0.2203960070841977
0.23884040378798133	0.24618379950865413	0.20813666729363428	0.12256996577728713	0.1842691636324429
0.23903626201799627	0.17508562279158169	0.23438811673025367	0.16035773819780474	0.1911322602623634
0.18412580265818673	0.19833599323324433	0.265109849463498	0.15436245133864368	0.19806590330642698
0.18313872230138217	0.23264726695601065	0.21458720826657426	0.14633340709947534	0.22329339537655735
0.18918991207692243	0.23964202194958695	0.20711408425612535	0.16239328386924382	0.20166069784812124
0.24222667491641028	0.10589554733558423	0.2594239913474953	0.14942299059803102	0.2430307958024789
0.21361223482177893	0.18250392744517033	0.23700773399665329	0.12328542925746071	0.2435906744789365
0.20363743012429697	0.1743094125840159	0.26306130432326924	0.12928323287895704	0.22970862008946066
0.20080283969529097	0.1461950211519955	0.2499827409029852	0.16085139995772374	0.24216799829200436
0.23975365115080766	0.1116413193918669	0.26570593168421736	0.1611947902002526	0.22170430757285525
0.2364175306689491	0.19640722652890663	0.21864538021150184	0.12052588853983909	0.22800397405080308
0.19206085874474585	0.24380881024775847	0.2361451323428252	0.12182552290947322	0.20615967575519703
0.2250179142985785	0.14785524030178349	0.2504628185325965	0.15428535306532162	0.22237867380171963
0.19124814137877166	0.19574834293220936	0.24288708630845646	0.1601495113759554	0.2099669180046069
0.22837025469217193	0.17978245476455013	0.21722077287667702	0.14399948705310647	0.23062703061349424
0.20736829635998966	0.1598024069231534	0.2568662761225441	0.13290159705560434	0.24306142353870824
0.2277892003792944	0.19783567478851535	0.22478525740596797	0.14537149709907166	0.20421837032715037
0.18284369201508704	0.22941465002608424	0.25414216881666635	0.14119643595637948	0.19240305318578269
0.20045823435000057	0.18489458214882973	0.2674217309922743	0.13421187512981408	0.21301357737908114
0.22190954229664883	0.2631642477590715	0.20714104172077405	0.12828591866247113	0.17949924956103425
0.21708317972435584	0.23494406350356295	0.20663645712816328	0.12576010588141387	0.21557619376250384
0.22446356917539048	0.15705184653567839	0.2541319841619225	0.155236973618106	0.2091156265089024
0.20629409522520248	0.19758276253878537	0.2520633242684965	0.1427017455366722	0.20135807243084322
0.18852587737468687	0.2077740580614182	0.22941444048087362	0.13872368687379472	0.23556193720922639
0.21786578450640473	0.22880303340817137	0.2059488208756135	0.14285262494380482	0.20452973626600532
0.22396643763309682	0.18082608432504915	0.2498126364529243	0.13728575187445402	0.20810908971447545
0.18184370243571157	0.20219062431791757	0.2630707330283818	0.1451969389646442	0.20769800125334464
0.1829317332019905	0.18311476303288007	0.25282979206017886	0.14782845987313595	0.23329525183181443
0.2308016080683435	0.20588798252773108	0.2579284587055211	0.12256295813493066	0.18281899256347345
0.231555455952792	0.1960441466034905	0.22980885395298994	0.14997672227127007	0.19261482121945725
0.2384231797366797	0.2485598768600983	0.20381161240182635	0.1255101578251751	0.18369517317622025
0.24391840484202515	0.21145090527885493	0.2060143951228097	0.1338900314671399	0.20472626328917007
0.18334019405318935	0.24128461883803742	0.21052489677990105	0.12279043082692938	0.2420598595019426
0.23324064322145088	0.2322743880133326	0.22898627977569572	0.12362115942741136	0.1818775295621092
0.21774269693878698	0.2358240052335979	0.20903103311644225	0.12375824503904942	0.21364401967212324
0.19025346792758085	0.20053772427263125	0.2517989078534497	0.12201249954860206	0.23539740039773588
0.20618214535706456	0.19048993518353974	0.24791592968868437	0.15912361350311616	0.19628837626759496
0.23232023309454528	0.22085443183729983	0.2195298514879833	0.12307439887480973	0.20422108470536163
0.23843273164698534	0.14469948386142834	0.26767575198403015	0.15931924809152334	0.18987278441603264
0.18183558961984933	0.2785010560051665	0.2049351723287661	0.1432472499718842	0.19148093207433367
0.22406533051907607	0.17686387098178574	0.24598232390617475	0.1313209184788371	0.2217675561141261
0.23010850057847376	0.23331534351877503	0.21563924197129894	0.14205828978391982	0.1788786241475322
0.2271541790958414	0.19240661074846546	0.20478126598480947	0.1589059521261962	0.2167519920446872
0.1945872958543443	0.2031333571150345	0.26060653266864636	0.14467326692700874	0.1969995474349659
0.2237074887647341	0.22410209912843065	0.20428174444122857	0.13049426764868516	0.2174144000169213
0.22496391650272987	0.24634377831330528	0.20801932607102705	0.1365370569319388	0.18413592218099878
0.22958334999440713	0.13407591316434622	0.2629848030224533	0.13334456004737383	0.2400113737714193
0.2330473904546279	0.15487689593407056	0.2316903771826778	0.15526359716752902	0.22512173926109447
0.20116128984182083	0.2331844039299762	0.21757886824129652	0.15460615038057818	0.1934692876063281
0.21417661449286066	0.20526619432822513	0.23594868671983069	0.15332119610266626	0.19128730835641702
0.17998949866692954	0.21510209738325853	0.25605790876353396	0.13723828831452128	0.2116122068717565
0.2000839908979379	0.21662416125043077	0.21098386494855492	0.13052313467123358	0.24178484823184263
0.22128280958386323	0.22213563056228905	0.23416460094106353	0.1293292804588469	0.19308767845393704
0.1909362623642331	0.17192346625329413	0.2649289536889054	0.14032651360799106	0.23188480408557607
0.2228229493785671	0.19510688229247922	0.23940599020957787	0.13963916484062838	0.20302501327874722
0.2193488210496406	0.1586966907330576	0.26276473067462147	0.12947187347483796	0.22971788406784216
0.23649440059981536	0.1915010854105177	0.22785130813749666	0.12975591529106234	0.21439729056110768
0.20153082763959146	0.20988319509146908	0.236914605057086	0.14500977128182482	0.20666160093002844
0.21796165319401956	0.18394627238154818	0.2674186585310613	0.13594805399782428	0.19472536189554643
0.1832383502590739	0.15896937306633485	0.25893446911757534	0.16177558308596957	0.23708222447104618
0.22201503039032955	0.24015686491561583	0.22785199681338014	0.13027534135719981	0.17970076652347444
0.2247946171797159	0.2012005429878915	0.22109401037312887	0.13212615136747502	0.2207846780917885
0.2448853958430454	0.14101460184932896	0.24040617189257013	0.13007172981047993	0.24362210060457531
0.20239514238674772	0.24463920527596597	0.20662208751874397	0.15515160603262676	0.19119195878591536
0.22517022692694444	0.18631040581526306	0.24916749298267554	0.13464468817891592	0.20470718609620078
0.1852148170772648	0.22178421142165242	0.2646269251868348	0.14451596792889035	0.18385807838535742
0.22287315239028466	0.19460868284596575	0.22925103706450486	0.16292844392546577	0.19033868377377872
0.23083521588917413	0.18491811073729547	0.20985416005520818	0.15969702097129662	0.21469549234702534
0.1868234549481875	0.20535084355625377	0.22749930733802853	0.1590009350103156	0.2213254591472144
0.2283459291818402	0.1882193066684534	0.24886707738132668	0.1338084971908039	0.2007591895775756
0.23091513786250917	0.18228309338421333	0.23081787971819015	0.15924134821363925	0.19674254082144788
0.23019487963477478	0.19015417972946083	0.2323909159081824	0.14587472187676598	0.20138530285081577
0.21593957086510654	0.15555577821684438	0.2636294649482702	0.1300215967192801	0.23485358925049854
0.22764095043678795	0.1650440342649899	0.22887436205458445	0.14309307892142392	0.23534757432221354
0.19744880291960104	0.2152373497406432	0.24759726090421186	0.12220827275650115	0.2175083136790425
0.21945021576056076	0.1650580071408617	0.22322295658209523	0.15600882549429743	0.23625999502218467
0.18445674047410626	0.2522339409756044	0.21480504562153072	0.14828626801667844	0.20021800491208
0.2011984932525078	0.19109349515676238	0.2588885788008715	0.13660066107058125	0.21221877171927683
0.21571475539814539	0.14755138408547502	0.25510320108837925	0.15456904475287225	0.22706161467512784
0.22684738995947248	0.2238294397062047	0.22826359932605192	0.12490815245925894	0.19615141854901172
0.23600321816090408	0.14814151466128173	0.2349917657790814	0.1557168387826536	0.22514666261607894
0.22469155811088445	0.1707458397301417	0.23883474168483723	0.1250270833572863	0.24070077711685006
0.2280360291345565	0.22589019074405614	0.20800115599526342	0.12304995582835809	0.2150226682977656
0.22953429226614375	0.15185233251150382	0.26758997004745705	0.13273245384333465	0.21829095133156048
0.18839923203251333	0.237044715931952	0.209171719324517	0.146469733990867	0.21891459872015048
0.2165765373361933	0.16102053824814036	0.24440907583597238	0.14379190927311528	0.23420193930657845
0.20111220012478118	0.2076600645540446	0.24277796257170053	0.12693419390205568	0.2215155788474178
0.22714797529728026	0.179589525081061	0.2461794351764282	0.13975870020743802	0.2073243642377923
0.2030813095683295	0.2181185231949969	0.2128711337583497	0.14620862873542606	0.21972040474289756
0.23664406670250226	0.16972165687685611	0.21949754964986085	0.14930422664865323	0.2248325001221273
0.19147079440032613	0.20685174082275076	0.23581058848713432	0.15032829702475792	0.21553857926503064
0.2066845509450293	0.22268472349618823	0.22444483876586033	0.15344799521383062	0.19273789157909132
0.19214472725661538	0.1807332231469369	0.2611297940998566	0.12668640637034115	0.23930584912624975
0.2079678435674236	0.19615276451316097	0.24204838683052537	0.12482139096902678	0.22900961411986306
0.24223032361073624	0.1662630640023136	0.2515563694041463	0.14677237368432058	0.19317786929848307
0.1999119786725077	0.20652345553870624	0.2594568452536322	0.14783331891274692	0.18627440162240666
0.21540825617557544	0.20420524263643702	0.2124387250607962	0.13442686375676727	0.23352091237042383
0.2349681460934793	0.18906576314302692	0.2294063804216558	0.1344578208401846	0.21210188950165312
0.1846466287732632	0.19844374562334352	0.23818003891444564	0.14769753267210955	0.23103205401683788
0.24362765697845942	0.1792638950542271	0.216395325980816	0.1632698081368656	0.19744331384963165
0.2374008434301804	0.1747981891322938	0.24987699901318008	0.13287152749469838	0.2050524409296471
0.2344694348375468	0.14229982881909678	0.2520458993974514	0.15566148891782675	0.21552334802807802
0.2360847362638753	0.19939640243117643	0.23366053964737166	0.14838394071836286	0.18247438093921348
0.2320405112420812	0.18585884447317144	0.2042055772389657	0.14101432346625176	0.23688074357952968
0.24089826062184566	0.16773162363719546	0.25575174315460203	0.14879325921885778	0.18682511336749882
0.18599311337574614	0.21440420018947262	0.2462033460290708	0.15997715534100876	0.1934221850647015
0.18294099935828623	0.2323577652406158	0.23516997848930146	0.14305345885855011	0.20647779805324618
0.20199132651332685	0.1846586017004982	0.26004143639839183	0.138879251840162	0.21442938354762087
0.20875340090937908	0.18169694290932759	0.2569391872123844	0.1554372838116384	0.19717318515727028
0.21196558814686836	0.20405288056194384	0.23552166612377884	0.14451827639935205	0.20394158876805665
0.19122463254892932	0.21117479216181345	0.23084575064072094	0.1495623502882565	0.21719247436027958
0.21502071917114018	0.18738070491293313	0.23830703929853406	0.12644924726238632	0.2328422893550061
0.21722805421086733	0.19455775616569054	0.2470845587448152	0.14212756036411245	0.19900207051451424
0.18969168938574213	0.23106902885408726	0.21713702723073847	0.1331027543417573	0.22899950018767462
0.19626686541240324	0.21085062046327405	0.259553606257828	0.15450021556222804	0.17882869230426648
0.18654179761006282	0.21410592119902963	0.2179449301101235	0.15540488315385087	0.22600246792693296
0.23596843564739375	0.15784915959539758	0.24799395588431583	0.13186404324583123	0.22632440562706138
0.2155034327616968	0.1925288872752988	0.20346818863080912	0.1627584471159748	0.22574104421622024
0.2370071186961065	0.18249568830810528	0.231889090574566	0.12946474056058002	0.21914336186064196
0.19326368199098604	0.15885145048459426	0.2670119863292526	0.14328796106239725	0.2375849201327696
0.19302395080466764	0.24957221404472069	0.22493916852177692	0.12726645108253104	0.2051982155463035
0.21745849768516962	0.17519913522999947	0.22496800831787836	0.15788270271261182	0.22449165605434052
0.22145615564891868	0.1619401252327969	0.24330952689845398	0.14874315290165946	0.22455103931817072
0.19521200980212253	0.20973640625043372	0.26005511172038925	0.13127855416825218	0.2037179180588021
0.21887358162457107	0.23391835120285737	0.20820464870182748	0.15108423982013572	0.18791917865060812
0.24249598458513733	0.19641420236834461	0.24978220105500692	0.12091173408692028	0.1903958779045906
0.20546058474704254	0.21926172651774295	0.22307440344238505	0.144547791590267	0.20765549370256223
0.21320918121333293	0.18637192974733843	0.2646849681493595	0.1259149775879011	0.20981894330206782
0.22582117623895182	0.21504281997345315	0.20766890689758674	0.15869417203300804	0.192772924857
0.23106530563276073	0.1427293165700296	0.26766854107110905	0.1556173422447622	0.20291949448133817
0.2093751452938076	0.21165545680604395	0.22245840232599906	0.13648649077782649	0.22002450479632268
0.23044949725030803	0.19711680129491363	0.23843358162020778	0.15278491607679504	0.18121520375777528
0.23697356953910664	0.15614628819938814	0.2594695093576965	0.15302189238894548	0.19438874051486296
0.19981590066573218	0.2254538627131432	0.24810420173454334	0.14079091992214243	0.18583511496443866
0.2154623125970644	0.23820476539078939	0.2048467859870588	0.15037649673603562	0.19110963928905159
0.19361441902125037	0.21897008982628924	0.22380644755521323	0.134499451591791	0.22910959200545594
0.18433723525443285	0.23137606159122132	0.26512508679169383	0.1280644194901676	0.1910971968724842
0.2033797995892514	0.23017408751576446	0.2278946176439527	0.1560046956265752	0.18254679962445602
0.217105205054959	0.16186240818305317	0.24512857282308803	0.14373861918482378	0.23216519475407577
0.23466785097822918	0.2509639641147111	0.2041592197744995	0.12770384368866788	0.18250512144389208
0.2444791063831918	0.14335500277701763	0.2553581802361048	0.12864419911813102	0.22816351148555458
0.20828013110883534	0.1963561918066681	0.2409666749054209	0.14669335293848365	0.20770364924059181
0.24463356493227142	0.14311711046952502	0.24176188506191104	0.15866316362575647	0.21182427591053582
0.18776512552512495	0.23672076830790725	0.24776815978868527	0.14369990172712083	0.1840460446511615
0.20875672200202305	0.16900059705464082	0.2419006168106297	0.14462676811053596	0.23571529602217028
0.24473938101742837	0.17274482058137394	0.2650795063814512	0.13652386586369702	0.1809124261560492
0.22640029520230187	0.14683121191571163	0.22395244871323275	0.1608071235569703	0.24200892061178322
0.22688745707729305	0.19654982926591757	0.23088821762441475	0.12084827828236389	0.22482621775001052
0.23928740545667593	0.19228039624900656	0.21263450318249566	0.12987228346594623	0.2259254116458754
0.20203259839663998	0.20870763170940018	0.26591433950392174	0.1257379402213233	0.1976074901687145
0.2064034224754505	0.1677496989157919	0.24960875889203016	0.14376141493625888	0.23247670478046834
0.19799488064495824	0.14947593272995824	0.2661189278607293	0.1596279307794115	0.22678232798494244
0.23579509875321475	0.1595595096247776	0.24429525442473932	0.14797937711452885	0.21237076008273922
0.18354336347127254	0.2618169539050415	0.20863896306735272	0.1438842070531523	0.20211651250318075
0.20194402487822455	0.2513931138886008	0.23066197812631764	0.12092887090981548	0.19507201219704132
0.2056726280481448	0.16419740680422273	0.24234029230978854	0.15322918255267312	0.23456049028517056
0.22434318900208972	0.17842007012078123	0.2538530828495155	0.13182381300605533	0.21155984502155795
0.18750801873928963	0.2122729254291933	0.22624668727994232	0.14908108145213225	0.2248912870994423
0.22089614074769293	0.21272883645653215	0.2305121980872594	0.12983422827913288	0.20602859642938243
0.2444822005585705	0.15730923875693037	0.23583509697986685	0.12671898596128015	0.23565447774335188
0.22612228811395008	0.1722589252411295	0.21421677190721872	0.15424512075181476	0.23315689398588668
0.216293239837965	0.24897339401708096	0.20976806930516767	0.13565816619595103	0.18930713064383511
0.24489106215886397	0.16170003763485988	0.21750851355838016	0.1481366458481367	0.22776374079975903
0.24025441209770776	0.14868439198370337	0.23701933277140386	0.13063929734478918	0.24340256580239558
0.19101422638764678	0.23445361496442568	0.21151560265527186	0.1344227328349235	0.22859382315773197
0.23986037354087344	0.16986829813112678	0.2186469295137403	0.142311436438747	0.22931296237551227
0.21309186250126907	0.2403114347471783	0.2189887332205694	0.12612868990323345	0.20147927962774953
0.20152833046780777	0.26773568733836733	0.2224414902340585	0.12306040477825426	0.1852340871815119
0.21973997672959025	0.20102391258261945	0.222426342530576	0.15310980261198526	0.20369996554522884
0.21507146974789834	0.21861535788167774	0.22211383710497049	0.15530213191944142	0.1888972033460118
0.20956281455494194	0.21430957741304685	0.20732835056364962	0.13893920663946063	0.22986005082890074
0.18973544891808417	0.18692714685414957	0.24178520574480597	0.16241585233743694	0.21913634614552313
0.21613657318165952	0.20245080933311885	0.23035828890947987	0.1628590222592027	0.18819530631653883
0.24296400600110193	0.173753496537081	0.23345781812453975	0.14430054090311367	0.20552413843416342
0.18381166560751816	0.2325009969064135	0.24099389323136608	0.16136879211058114	0.18132465214412094
0.22488322821449513	0.11598789641143673	0.26122677166079394	0.16015011345837793	0.23775199025489602
0.23116397433306574	0.18680309169382953	0.23739888145930083	0.14360950994280536	0.20102454257099833
0.2447103676232464	0.17782844858575803	0.22321600888499243	0.16265961566186593	0.19158555924413695
0.2108074072739376	0.1832842712471539	0.2674546906281645	0.13515311616322195	0.2033005146875218
0.19839797298719028	0.19888469019695593	0.21544456371628556	0.15737970937515394	0.2298930637244141
0.2346064300530206	0.21477085246858135	0.21415012815280804	0.14149414687920023	0.19497844244638954
0.20133073530240447	0.14888924368239326	0.26452557124682485	0.16055426085770835	0.22470018891066887
0.22812244207851895	0.14534282559244488	0.2616878501001414	0.1323760287587352	0.23247085347015933
0.2202158560114619	0.19463420461872638	0.2639068508169485	0.13451583329978237	0.1867272552530806
0.22453491239723458	0.16540321973234262	0.2652735286364881	0.12095457365246164	0.22383376558147286
0.20791847695870624	0.18481068109499596	0.2642476600874714	0.1389826937897763	0.2040404880690499
0.2136524347496258	0.20069626426792844	0.21473043177561216	0.13905032269984974	0.23187054650698363
0.18110102499985395	0.23857087109845998	0.21779049711261875	0.1581683983818275	0.20436920840723963
0.23582472516839798	0.2078693569486024	0.21281421655811028	0.12549717929126397	0.21799452203362513
0.1979270927189424	0.20961156434368852	0.24415039759899612	0.14589715175611015	0.20241379358226258
0.23511704287803192	0.20345312374679522	0.23088681184591722	0.14554629813707	0.18499672339218537
0.20682141803689957	0.22296823805626065	0.23521284974826862	0.14634017858163567	0.18865731557693527
0.2216630645622881	0.22922077527042742	0.21852282259894595	0.13611562872450209	0.19447770884383622
0.22252697651770822	0.15092206650076717	0.23929095529487637	0.1561827369386991	0.23107726474794885
0.1971878781919847	0.1902609181353633	0.25435586101509244	0.16301303114740628	0.19518231151015308
0.22869924869994257	0.17059236562130015	0.2485472925911178	0.14377536590638013	0.2083857271812591
0.20939303711842336	0.2146558613609368	0.2550300391848662	0.12426599240827246	0.1966550699275009
0.2069005210154964	0.22026035805861133	0.24722282488874106	0.13786432708299606	0.1877519689541549
0.18920172925439963	0.23980506848380242	0.20332340549109373	0.14394450127061725	0.22372529550008674
0.23731107368734294	0.18074419159030336	0.22871064593259627	0.12875961633592703	0.22447447245383018
0.18960146178058065	0.19229700118414378	0.2423151519481737	0.15359861426549268	0.22218777082160895
0.22997963790448234	0.1834514638995814	0.24624488955425677	0.15854082532783847	0.18178318331384077
0.20364555248909474	0.20585648175520574	0.2359422399197157	0.13224361535781787	0.2223121104781657
0.22596666398172788	0.19577944043289197	0.22812923430712082	0.15978804742015718	0.19033661385810194
0.23196931602082135	0.1512930685743196	0.24681625947411195	0.14199636601647347	0.22792498991427343
0.24380836406714496	0.20477134005608064	0.2475458860112909	0.1219489238023693	0.18192548606311393
0.1829764740980437	0.20369725267145689	0.24869939038055955	0.13169484509899976	0.23293203775093987
0.23391626298907356	0.15555814744303534	0.2368670997212647	0.1595659744244278	0.21409251542219834
0.1833690000891736	0.189898916115697	0.261988599911264	0.14687683942979723	0.2178666444540679
0.23118274540933942	0.15703405719998997	0.2506854714351197	0.1576172884416689	0.20348043751388178
0.23141620904932292	0.18383558488327043	0.2184292489850772	0.12308558350732035	0.24323337357500888
0.22078321049335733	0.20661873115023716	0.22858999874297126	0.1413449760813001	0.20266308353213394
0.23640764592255634	0.1963660206127302	0.24994365061326348	0.12971108662908895	0.18757159622236078
0.1957857018631886	0.16557195504330058	0.25499933578577866	0.14255523527376573	0.2410877720339662
0.18234800441660398	0.22388700056402108	0.25621211224553525	0.13104674111373477	0.20650614166010475
0.2330523261838972	0.2024056574526924	0.2060720362444883	0.12684258091339565	0.23162739920552622
0.18782601809566452	0.2150384672430413	0.23762845582936276	0.15312448367433693	0.2063825751575943
0.2397037021597649	0.1993927943732694	0.2314331593662388	0.13944869543599453	0.19002164866473215
0.24471968366096963	0.24220069370926428	0.21123028538003458	0.12143605658595047	0.1804132806637808
0.2193069674928577	0.15981355949317375	0.2650059415625079	0.15496561042915336	0.2009079210223071
0.21117082254783304	0.19917583042572143	0.22283920583736314	0.14448849382708573	0.22232564736199642
0.19315105907357674	0.22509011725010036	0.2062227799459188	0.1428275980315221	0.23270844569888177
0.22301906313173792	0.13947144875128456	0.24913624380802693	0.15091514695020813	0.2374580973587422
0.22801844687103903	0.17859805601158468	0.26682187703481186	0.13598219908617598	0.19057942099638817
0.2283870265812318	0.16384483008882586	0.25945050654171553	0.13612280338891788	0.2121948333993087
0.1933040175338397	0.1803454408694236	0.23778029591351113	0.15394708055114986	0.23462316513207548
