0.024113404000721816	0.6249508614612103	0.35093573453806814
0.13682982783624859	0.34036613025699003	0.5228040419067614
0.1806150085472509	0.4508406763647629	0.36854431508798635
0.15972635265784124	0.3441267735075787	0.49614687383458017
0.06481243550088978	0.5009663835593866	0.4342211809397237
0.06750264705782394	0.6329516030081626	0.2995457499340136
0.10378763814072212	0.45050946812964987	0.4457028937296281
0.1629153475269496	0.6633671555184985	0.17371749695455202
0.1673707779925554	0.3691649292822822	0.46346429272516254
0.08160977695750121	0.6048572217221881	0.31353300132031076
0.17356213077567234	0.30231311256343996	0.5241247566608878
0.10494026612452773	0.8231242218376214	0.07193551203785103
0.14383702101968412	0.7566851628514002	0.09947781612891579
0.18621660751278374	0.5729329511625907	0.24085044132462569
0.13770236399903668	0.769213055255334	0.09308458074562936
0.10954075148846043	0.8219059582856995	0.06855329022584028
0.11968041142906796	0.7961490717325805	0.08417051683835153
0.14722059137716387	0.6583335043185259	0.1944459043043103
0.16339725724566845	0.6478234358899319	0.18877930686439984
0.17487266177289465	0.4237418256548948	0.40138551257221067
0.1631883573683425	0.35742954054710274	0.4793821020845549
0.165769549676576	0.4053952766998398	0.4288351736235843
0.09879264710175573	0.7584292167564637	0.14277813614178075
0.17725160921847277	0.7073918280270649	0.11535656275446243
0.05558524873392956	0.7790549299930742	0.16535982127299625
0.08633621602965558	0.681952452196708	0.2317113317736366
0.14408362441398231	0.43955866247422737	0.4163577131117905
0.0587556609349692	0.567372182629664	0.373872156435367
0.13256413543408538	0.3867216465501367	0.48071421801577807
0.15292566180743702	0.6273459704793303	0.21972836771323287
0.18649339007601842	0.711888807432056	0.10161780249192565
0.11025749307347679	0.5646835976903193	0.325058909236204
0.11833339921968652	0.6626013246039626	0.21906527617635102
0.023844573294107385	0.6312741758029665	0.3448812509029261
0.1759051484703159	0.4817167057801024	0.3423781457495818
0.13591647570453924	0.5934518664824104	0.2706316578130505
0.17735918899710834	0.29205758482625777	0.530583226176634
0.06076176396647981	0.8795179391309401	0.05972029690258007
0.10739551760147661	0.8360938444164957	0.05651063798202782
0.10564405942312854	0.7865383476756689	0.1078175929012028
0.09898968563553337	0.8117204639045287	0.08928985045993809
0.04795808755746761	0.4031028128116476	0.5489390996308848
0.12520572668889776	0.34395724962305635	0.530837023688046
0.10179134663920347	0.37768660721958236	0.5205220461412143
0.03713734739354718	0.8536687158968874	0.10919393670956551
0.1014189606965352	0.8263198561808147	0.07226118312265006
0.15207270405972476	0.5945098949997163	0.253417400940559
0.11908664093028248	0.7479593268499785	0.13295403221973912
0.18142263759769803	0.2864680857490045	0.5321092766532977
0.06114061664389564	0.5862197444503239	0.3526396389057806
0.04387351843914067	0.8808557269732437	0.07527075458761578
0.1372894553259489	0.4317736072771143	0.43093693739693695
0.029668897935625882	0.4521107953305963	0.5182203067337781
0.05711839971635024	0.44104686609740085	0.501834734186249
0.057870410361753555	0.6245067241711089	0.31762286546713775
0.13401084700367408	0.3401952486946087	0.5257939043017174
0.06824239912620461	0.45385064734646724	0.47790695352732826
0.0732089291034208	0.7886243178920362	0.13816675300454312
0.06477052837154529	0.656680506704877	0.27854896492357784
0.06457990670478408	0.5728485336209355	0.36257155967428056
0.04933979570126579	0.6343742844541196	0.3162859198446148
0.16542545290513508	0.5382610003300624	0.2963135467648026
0.08164826666411995	0.8082968833248168	0.11005485001106335
0.0974547180984254	0.7572787714926239	0.1452665104089508
0.16880234436892821	0.7397577925714096	0.09143986305966229
0.07317381654931027	0.6228462410018435	0.3039799424488463
0.02127793594996108	0.9174625059813825	0.06125955806865668
0.07133584230689355	0.624211151457175	0.3044530062359315
0.09341503046636063	0.6505274987706997	0.2560574707629398
0.1371755007600231	0.3779866230272525	0.4848378762127245
0.12243347925620882	0.6275761744086195	0.24999034633517184
0.16266369246078552	0.29799155751931006	0.5393447500199046
0.09411163729232608	0.5998480749159707	0.3060402877917033
0.09517267611316216	0.6490147717770991	0.25581255210973886
0.05727740637975387	0.42086819486207805	0.5218543987581682
0.08739035328219558	0.5562564602296892	0.3563531864881153
0.11164012405501561	0.3659748782312985	0.5223849977136861
0.13754040619756547	0.32351269426888585	0.5389468995335488
0.13970922575742137	0.5400892747694239	0.32020149947315485
0.18665384033526367	0.6202419103877135	0.19310424927702302
0.18676124171762576	0.29295098890840304	0.5202877693739714
0.16949459063033226	0.271690900228487	0.5588145091411809
0.11475725814758048	0.4610979697201134	0.4241447721323063
0.09028147740909248	0.677699544402609	0.2320189781882987
0.07707156225086909	0.6403501359669034	0.2825783017822276
0.1643228625628111	0.6040298558755748	0.2316472815616143
0.1611417379935529	0.6983109793661724	0.14054728264027477
0.1432810427411796	0.49500691199690794	0.3617120452619126
0.04063474380926352	0.47540146083238466	0.483963795358352
0.10337372025919167	0.4586457961679902	0.4379804835728182
0.04742571922180522	0.5575911036175618	0.3949831771606332
0.16793495100240732	0.7595534394047447	0.07251160959284797
0.06812106672072465	0.6950089704921807	0.23686996278709482
0.1728932885950091	0.6292982191115348	0.19780849229345618
0.04536887551482183	0.6538810495938276	0.3007500748913506
0.1840679750508972	0.3265084029080323	0.4894236220410706
0.06119844442064393	0.6101434090183732	0.328658146560983
0.020969828699597126	0.567117169261949	0.41191300203845405
0.04208388285572073	0.7999194991783674	0.157996617965912
0.06279384371176949	0.777815214300549	0.15939094198768156
0.13365021239213246	0.5869815920645509	0.27936819554331666
0.04915128855003603	0.6863398473689678	0.2645088640809963
0.15868886380979663	0.6467172578621998	0.1945938783280038
0.031473896496055365	0.5573296032602446	0.4111965002437002
0.1396514401498143	0.5401543513408837	0.320194208509302
0.16571017475083913	0.5266605231532673	0.3076293020958937
0.06709216179724947	0.5354557749020685	0.3974520633006822
0.06154451696377233	0.5709820254469111	0.3674734575893167
0.17794984056615215	0.5562667959579837	0.26578336347586434
0.11754050703338151	0.7219053880151269	0.1605541049514917
0.07612773905095938	0.8169936669106894	0.10687859403835143
0.12723836744466965	0.417898368898526	0.45486326365680446
0.1154587465434021	0.7543205724155142	0.1302206810410839
0.1392261267650761	0.3078677630756985	0.5529061101592255
0.07485872123821913	0.42293846632914744	0.5022028124326335
0.14646337348217825	0.3860816346312685	0.4674549918865534
0.042134143635007226	0.5416336419298049	0.416232214435188
0.11556108085824995	0.6388124690601407	0.2456264500816096
0.09826334671769632	0.8018300175641908	0.09990663571811295
0.07236810001939487	0.5101934400606308	0.41743845991997447
0.026450182806469713	0.6458838637674242	0.32766595342610605
0.13362119457186777	0.7750885415539127	0.0912902638742196
0.11494315403804112	0.5556974394401524	0.3293594065218066
0.09914850236696979	0.3829951094463476	0.5178563881866827
0.15951127259557002	0.6635334983567934	0.17695522904763664
0.13026237890984527	0.7728022252122779	0.09693539587787686
0.08079432593688846	0.3928840342384662	0.5263216398246455
0.18156294239679951	0.6252475631372167	0.1931894944659838
0.06029555245719681	0.8596274585529997	0.08007698898980364
0.06328545425354659	0.538165108158759	0.39854943758769457
0.18504614272770586	0.6824661588354896	0.1324876984368047
0.03677188859361741	0.7270847464002759	0.23614336500610678
0.07176622804115079	0.7548915616676741	0.17334221029117514
0.07822430789829504	0.6248393850197368	0.2969363070819683
0.14987891711614218	0.34231938614460194	0.507801696739256
0.16105659035818362	0.6543326720155657	0.18461073762625083
0.0911757973391473	0.8093227079752183	0.09950149468563446
0.11143633361761945	0.40560835714123844	0.48295530924114227
0.10853251244810183	0.5114807496239251	0.37998673792797316
0.02772054541192348	0.8586281976026948	0.11365125698538187
0.13683442761080117	0.6485608182665483	0.21460475412265062
0.057182971759005885	0.49333103071555917	0.44948599752543505
0.1748146617698901	0.6452734011287069	0.17991193710140307
0.06072289356259908	0.7402322439900548	0.19904486244734615
0.14120274090318471	0.7987188345064551	0.06007842459036028
0.053932999620867006	0.6674262714110797	0.2786407289680535
0.07435628318536197	0.8038679197644119	0.12177579705022634
0.0763542721149924	0.5650845195467471	0.35856120833826066
0.11571217010897736	0.556891020395187	0.32739680949583577
0.14820054256167337	0.7602180053659047	0.09158145207242202
0.11169480147779004	0.8306674061189516	0.05763779240325839
0.16280943431837563	0.5913613632574539	0.24582920242417056
0.17126291774567948	0.7544337514221254	0.0743033308321952
0.04555137458992731	0.7900218200018496	0.1644268054082232
0.14287282986600153	0.40211768425528854	0.45500948587871004
0.17584026605730124	0.31590704458627616	0.5082526893564226
0.12281797631802133	0.4312716181483905	0.4459104055335883
0.023048386494331663	0.8469172543633883	0.13003435914228023
0.16235750861751366	0.3801347809830715	0.4575077103994149
0.15760418596235534	0.5839111731791343	0.2584846408585104
0.14837500844349072	0.7912970312679513	0.06032796028855808
0.02310492933965924	0.49391653133892677	0.48297853932141416
0.06475088148619634	0.7417456225696912	0.19350349594411254
0.08557075815137441	0.6003732631759477	0.314055978672678
0.06482751814153603	0.6756669135796003	0.25950556827886384
0.09012062643934332	0.5844808243707137	0.3253985491899431
0.17993915668042468	0.563704910990336	0.2563559323292395
0.12325006691854198	0.6798821954830796	0.19686773759837847
0.12280276672687868	0.6284879839532613	0.24870924931986005
0.0728231510160578	0.5857025313881478	0.3414743175957945
0.0890005013811736	0.6834220191898868	0.22757747942893974
0.17161029593821742	0.30821318698499345	0.5201765170767892
0.05335963146914169	0.8444211005608094	0.10221926797004899
0.08600065816604194	0.49074042713262755	0.4232589147013306
0.11097921535413807	0.6126998292564821	0.27632095538937995
0.13845393008994536	0.6779982482028285	0.18354782170722625
0.03231167255592482	0.6708545748319814	0.2968337526120938
0.15534523822829832	0.5086310751440817	0.33602368662762017
0.170530632242452	0.5355812008318321	0.29388816692571595
0.1354393648727289	0.44897745556693064	0.4155831795603406
0.04619575692252037	0.6383983520276431	0.3154058910498367
0.07123596860128178	0.4339533153763349	0.49481071602238347
0.16246948148976106	0.3706334938885496	0.4668970246216894
0.04656872054131278	0.6203903701590506	0.3330409092996367
0.18131644370374084	0.5923723323172332	0.22631122397902614
0.04260923222083246	0.548151030670482	0.40923973710868566
0.12482252913536196	0.8022193954403722	0.07295807542426591
0.09125915677537222	0.4962486130007099	0.412492230223918
0.08810353037043805	0.6804507920171761	0.23144567761238605
0.07633826761222379	0.3741273990142194	0.549534333373557
0.09442006621931998	0.7762505035441452	0.12932943023653498
0.11537950848644934	0.8238327644917317	0.06078772702181906
0.10021671938735882	0.8060808509336672	0.09370242967897413
0.04339936461498933	0.5411350887678225	0.41546554661718826
0.07219333647717219	0.4380158481144918	0.48979081540833613
0.09058685474002948	0.6507234179485353	0.25868972731143536
0.09333768281613924	0.6763928990043682	0.2302694181794928
0.04819849979274404	0.506550787359265	0.4452507128479911
0.061032744838606545	0.8474082626131229	0.09155899254827066
0.13185770909561784	0.31627803157545836	0.5518642593289239
0.0639774363579696	0.8224126013198545	0.11360996232217607
0.1032954196401531	0.3822479772023615	0.5144566031574855
0.11514113863487668	0.7496602063642782	0.13519865500084519
0.09519603368883811	0.6351684659320127	0.2696355003791494
0.08250985864530447	0.5659740249349651	0.3515161164197306
0.08280838632155707	0.5228585547178447	0.39433305896059834
0.04199026673316558	0.7445940944775169	0.21341563878931766
0.16086247944037646	0.5141653838213984	0.3249721367382253
0.1633159752686552	0.5220729705427751	0.3146110541885698
0.1527941236271943	0.5896866675780851	0.2575192087947208
0.14632281326668686	0.7388534845943604	0.11482370213895282
0.08786965893425294	0.6375396436670134	0.27459069739873376
0.055336177580010526	0.7321417116083659	0.2125221108116237
0.03288956905519619	0.7747431848907407	0.1923672460540632
0.0734751212156593	0.5475012246856734	0.37902365409866734
0.04245770274149141	0.6203658091808995	0.33717648807760925
0.06115348752450889	0.6842266129989598	0.25461989947653146
0.13703125030700983	0.5197225049130414	0.34324624477994886
0.05178618650537292	0.6536226349979993	0.2945911784966279
0.12201426278679323	0.8004191030095393	0.07756663420366755
0.17840052649731158	0.7110787789915187	0.11052069451116983
0.1630688878155942	0.6885848780838353	0.14834623410057063
0.12272491604977226	0.5209591315826908	0.35631595236753705
0.05116570349172189	0.7559801055120505	0.1928541909962277
0.04268697874520144	0.42354162732570805	0.5337713939290906
0.13868682508389885	0.692188412622623	0.16912476229347823
0.17941023669629041	0.4984549777880256	0.32213478551568414
0.13759322533980003	0.7222636636942792	0.14014311096592083
0.036164437189672494	0.8457883209023711	0.11804724190795651
0.04400324289167512	0.7883956191896908	0.16760113791863415
0.02929485037733981	0.5768039636759156	0.3939011859467447
0.021880713692399745	0.44138774803555125	0.5367315382720491
0.10113389564113157	0.7868455983096044	0.11202050604926414
0.14237918310356268	0.7662233904696713	0.09139742642676621
0.09429573119397783	0.83337511208972	0.07232915671630219
0.1808828357768222	0.683822882224222	0.1352942819989559
0.11436965074584687	0.5914985362062604	0.29413181304789293
0.14968319758394671	0.7012703437599073	0.14904645865614613
0.15695754042744264	0.7114345789051093	0.1316078806674482
0.1069080210762384	0.8235282589684432	0.06956371995531857
0.026864327252711706	0.6509211763750449	0.32221449637224353
0.13318062310960718	0.4194228969453401	0.4473964799450529
0.07815135972419246	0.517466086715499	0.40438255356030867
0.12255683718885022	0.6736146670748364	0.20382849573631343
0.15290834494735867	0.7586018072167335	0.08848984783590785
0.12394063448762557	0.6353119289535715	0.24074743655880312
0.17854557296050852	0.3917504043659504	0.42970402267354124
0.16953326514980382	0.49745849304540984	0.33300824180478644
0.12960578467314923	0.5005944350637099	0.36979978026314103
0.06364787406233924	0.7955189964767928	0.14083312946086807
0.12515111287500305	0.7853569577653303	0.08949192935966677
0.13279217205608335	0.7112243915736116	0.1559834363703051
0.05039515437180553	0.41907568244935645	0.5305291631788381
0.11898423791281107	0.652751034145015	0.2282647279421741
0.1385184671984303	0.424559622235126	0.43692191056644386
0.08503976460951984	0.44368163911813574	0.4712785962723446
0.12074896850737643	0.8175536768565848	0.06169735463603898
0.13602169318549967	0.6807357779839354	0.18324252883056508
0.05688225326573537	0.8006229132097129	0.14249483352455178
0.05546938612177954	0.7585990629393925	0.18593155093882807
0.048061971380724766	0.46610290177365277	0.4858351268456227
0.04611530884635545	0.8040453262994662	0.14983936485417843
0.09187615309990182	0.6891192296976281	0.21900461720247028
0.05362436766526607	0.5121696705898303	0.4342059617449038
0.15502631855452292	0.6757903360671971	0.16918334537828017
0.10623089397842228	0.5335694799217017	0.3601996260998761
0.1127609612670242	0.37449847012213267	0.5127405686108433
0.02757694761439755	0.6740537768194351	0.29836927556616744
0.11296516734867235	0.8094977881993317	0.0775370444519961
0.06390829417263821	0.4277572359975438	0.5083344698298181
0.09673522584981564	0.42766458048224254	0.47560019366794193
0.09420203882875078	0.7707533147554908	0.13504464641575858
0.16132099876275702	0.6884310748426317	0.15024792639461138
0.16046447475894055	0.6562576292750419	0.18327789596601757
0.12313206247793312	0.49525634453539685	0.3816115929866701
0.024180671463671866	0.8699828691949052	0.10583645934142319
0.17060374409926057	0.5598761680099689	0.26952008789077064
0.053180457319794594	0.5242436574701816	0.42257588521002387
0.04341308482515571	0.45608978399854017	0.5004971311763042
0.08317795125734129	0.675063722229803	0.24175832651285584
0.15316424472280857	0.5608494451264645	0.2859863101507271
0.02194744198538745	0.4549781217280424	0.5230744362865702
0.17751224315464814	0.6401035632824659	0.18238419356288604
0.02053225035836087	0.7776660241705875	0.20180172547105177
0.09893600579487505	0.8288576512340607	0.07220634297106437
0.09121003144306314	0.5014810498574429	0.4073089186994941
0.17373613464195675	0.720833869829036	0.10542999552900739
0.037577973621290395	0.6610636293739137	0.301358397004796
0.15424561444627838	0.7513814194249718	0.09437296612874993
0.029470096504195742	0.628843727240064	0.3416861762557403
0.09830212818783585	0.46337446563763535	0.4383234061745289
0.10440257954525531	0.7919915278135758	0.10360589264116898
0.052038299254092035	0.5938709284702031	0.354090772275705
0.17724951143217915	0.7024849550972322	0.12026553347058871
0.141686705683215	0.694723427146871	0.1635898671699141
0.058351182654261924	0.6561127130702871	0.28553610427545106
0.1871234980678051	0.462283746752222	0.350592755179973
0.12225295690066912	0.6993484160721479	0.17839862702718304
0.12603558162232023	0.6230815212574454	0.2508828971202344
0.07842132714203942	0.6890819567611117	0.2324967160968489
0.04407222278071077	0.8582677158614365	0.09766006135785299
0.17606071023445602	0.6977754038875242	0.12616388587801985
0.14240889544870217	0.47725843300852927	0.3803326715427687
0.07642382070705739	0.39158312885205565	0.5319930504408871
0.1736382709061952	0.6056988738134264	0.2206628552803786
0.12823539740723422	0.4275962936118477	0.4441683089809182
0.10177250492841328	0.36070634710542726	0.5375211479661596
0.1826051721031329	0.3006744977389457	0.5167203301579215
0.09665643348939784	0.5753168100837294	0.3280267564268729
0.15329285409497517	0.7411349761621249	0.10557216974290012
0.1760719502148706	0.6042756175716684	0.21965243221346106
0.16313820101192825	0.7673421670755166	0.06951963191255522
0.061590017820006504	0.48674415117116765	0.4516658310088259
0.16124740462990064	0.6767788150510495	0.16197378031904996
0.05501118766000257	0.38687102139307816	0.5581177909469194
0.09839797242235357	0.47610166757547306	0.42550036000217345
0.10336795165822388	0.36280132124734565	0.5338307270944306
0.07710452507796417	0.5764273575953472	0.3464681173266887
0.14258764465819052	0.6177485755092258	0.23966377983258375
0.05200080244755967	0.5957436025178822	0.3522555950345584
0.07112759405474672	0.6821495064118345	0.24672289953341892
0.14785579100165033	0.7406877871260041	0.11145642187234561
0.1403552593688951	0.3169628203884868	0.5426819202426183
0.03157827642683164	0.4691249124109247	0.4992968111622438
0.13301320577211123	0.3944870475639341	0.4724997466639548
0.12882823838316904	0.3868931288017613	0.4842786328150698
0.08295106396461877	0.619345424667667	0.2977035113677144
0.10174856775872831	0.7300743417072525	0.1681770905340193
0.05348361285379377	0.7579691623585045	0.18854722478770175
0.09478602737456243	0.7735848804650052	0.1316290921604325
0.08535893577386089	0.6397203203359059	0.27492074389023335
0.03324693927347394	0.6423174111504408	0.3244356495760854
0.14414637363545688	0.5915749431756532	0.26427868318889003
0.050436142596326394	0.6813198360607967	0.268244021342877
0.10814423853046479	0.6653510886176167	0.2265046728519186
0.0460242003099266	0.885100880260771	0.06887491942930246
0.1394972573708473	0.7999032639276	0.060599478701552745
0.09942273125551332	0.473596602208859	0.4269806665356277
0.12399198459951422	0.6372426934999367	0.23876532190054925
0.14203635949347196	0.6344304427078622	0.22353319779866593
0.09062531276878688	0.34962589082686635	0.5597487964043468
0.03523620347689771	0.5334959552007501	0.43126784132235224
0.1676448341977778	0.3672588304711818	0.4650963353310405
0.087484789203572	0.5239204693538743	0.38859474144255385
0.1795093384313001	0.6502746933526016	0.17021596821609844
0.14701638187614569	0.5387689160217095	0.31421470210214486
0.10078982237412382	0.41549418138074	0.48371599624513634
0.08903584320503743	0.5173818730263758	0.39358228376858695
0.12024529990658761	0.6480448701383399	0.23170982995507258
0.11477178907223354	0.36298225774826526	0.5222459531795013
0.11881708399067231	0.3829006174831545	0.49828229852617334
0.16029795854217244	0.6110029394096931	0.22869910204813457
0.12430228733007873	0.5523756450802392	0.3233220675896822
0.13081733319588418	0.5774781923491926	0.29170447445492326
0.1453073904677672	0.7924369120797733	0.06225569745245968
0.022203328303494807	0.7737640769717344	0.20403259472477084
0.12718507000647966	0.4323861425308847	0.4404287874626357
0.1279101724726603	0.5775177146370447	0.29457211289029517
0.06554733867486462	0.7224109426143535	0.21204171871078203
0.17612926616346353	0.6734893325454874	0.15038140129104924
0.03418208440966286	0.6673919632453016	0.2984259523450356
0.02226830299342064	0.5553250919387658	0.4224066050678137
0.10066565577000888	0.6489014178587637	0.2504329263712276
0.09876114928324753	0.6162970533517056	0.284941797365047
0.054813979627145515	0.8622081073324173	0.08297791304043733
0.11424599060982832	0.5436252321095429	0.3421287772806289
0.07447232252061753	0.5749451550445914	0.3505825224347912
0.1752568486435378	0.7561918744026964	0.0685512769537659
0.07354453939171146	0.8123576063265024	0.1140978542817862
0.06039227157855992	0.7413213086370708	0.1982864197843694
0.050911748852776495	0.8553135598132032	0.09377469133402039
0.15770555002571882	0.4781800423196889	0.36411440765459235
0.17181067665785946	0.5696278766118119	0.25856144673032866
0.1366677116784655	0.6677335154381474	0.19559877288338726
0.05203328128964474	0.8640207840667034	0.08394593464365196
0.1261026054649499	0.3648736306484492	0.5090237638866011
0.14148910371883988	0.6921227992593375	0.16638809702182278
0.0269338451738641	0.7019030833648197	0.2711630714613164
0.03823747314324688	0.8641362657643834	0.09762626109236988
0.1325221682136132	0.694510952403613	0.17296687938277394
0.07250057195190657	0.7882071391500571	0.13929228889803652
0.18553093107078705	0.5799216941931822	0.23454737473603093
0.15651486066494838	0.7171584633229038	0.1263266760121479
0.14823466703678012	0.5039071504196635	0.34785818254355655
0.11415161346745642	0.7085806305553329	0.1772677559772108
0.0680501466304328	0.824831979245988	0.10711787412357943
0.13679643340021402	0.5578975662109938	0.3053060003887923
0.037650553268970544	0.6603153736250045	0.3020340731060251
0.03982123825450501	0.852117947868286	0.10806081387720914
0.04696576464580454	0.5861784734724631	0.3668557618817325
0.16203363335949164	0.3386493778408685	0.49931698879964
0.059281314021352394	0.7503557063649995	0.19036297961364826
0.03397035577762164	0.4656921118875331	0.5003375323348453
0.09151086237323525	0.40349632852802	0.5049928090987449
0.05895060079996273	0.44234184699357565	0.4987075522064618
0.12626710030434715	0.6379932447537392	0.23573965494191376
0.14699654348245508	0.7782618668903994	0.07474158962714561
0.0752391703465145	0.4942626584218355	0.4304981712316502
0.14909908810865882	0.7308669720474752	0.12003393984386601
0.04665660007084799	0.5390410308247069	0.4143023691044453
0.1372251307047221	0.536811938771754	0.32596293052352393
0.0776148342013348	0.8449657936182355	0.07741937218042971
0.17963302932763495	0.593011674664914	0.22735529600745116
0.09173438220129654	0.5277574229575459	0.3805081948411577
0.10943989111123945	0.36881772570853966	0.521742383180221
0.0855883117644663	0.4595939358455865	0.45481775238994737
0.041093075981636806	0.521686722605929	0.4372202014124343
0.11623008952760522	0.7267530975140244	0.1570168129583706
0.16692137661178097	0.7277371038250631	0.10534151956315607
0.07037689743504366	0.6719576141022354	0.2576654884627211
0.08737198210950772	0.3668070738687911	0.5458209440217012
0.028744162746381308	0.6951605088376598	0.2760953284159591
0.09575087036752913	0.3412552443287638	0.5629938853037072
0.1349707442607897	0.5153494709862417	0.3496797847529686
0.17224860690006977	0.29616708204648373	0.5315843110534466
0.12223872841390876	0.44114144806973005	0.4366198235163613
0.11184986135376845	0.3638262406387571	0.5243238980074746
0.1021152691086398	0.7690522813160237	0.12883244957533665
0.07319749873718995	0.5159490200146993	0.41085348124811083
0.08004938493519093	0.3599759417168963	0.559974673347913
0.13231778253956383	0.7640569474071494	0.10362527005328687
0.08490664702816186	0.4628014646921743	0.4522918882796639
0.12462185189296135	0.4081837639269743	0.4671943841800644
0.11152534651209398	0.7022081599466365	0.18626649354126967
0.15318605394513402	0.41796121327000824	0.4288527327848579
0.05731172727932998	0.44732770367033675	0.49536056905033343
0.09493180715858168	0.47090280293352693	0.43416538990789155
0.1562932172491681	0.329987088748191	0.5137196940026411
0.16460751348299912	0.3351687944455755	0.5002236920714255
0.030847286496344883	0.7328898106315915	0.2362629028720637
0.07095599667154873	0.576932872646756	0.3521111306816954
0.11460577124358418	0.6590540778455425	0.22634015091087353
0.09018591889076755	0.8026619826727948	0.10715209843643778
0.07670133884515862	0.4337650766174553	0.4895335845373862
0.17301129383978306	0.750681532144106	0.07630717401611103
0.09468213872666353	0.4706013501318933	0.4347165111414433
0.14943173340412164	0.754230204924732	0.09633806167114645
0.086468337135743	0.72967519308898	0.18385646977527717
0.04612834864112669	0.7636071249214038	0.19026452643746963
0.04770205256889143	0.5733819359665423	0.3789160114645664
0.10143073164487476	0.42548426895189856	0.4730849994032268
0.08125136336209199	0.6998015105024925	0.21894712613541567
0.037231477443837924	0.519853219254478	0.44291530330168416
0.03614886357921204	0.5317819737808878	0.4320691626399003
0.07436955926909689	0.8003321922114717	0.12529824851943155
0.15610416192047777	0.7347064136608021	0.1091894244187202
0.11030382506689923	0.6283827447525416	0.2613134301805593
0.11438122497346084	0.4318773921993454	0.45374138282719384
0.16510142190680524	0.671384738457423	0.16351383963577187
0.12440942720462339	0.43413281243883073	0.44145776035654594
0.06508224221723674	0.5118415648869015	0.4230761928958619
0.03688346494565592	0.8711940912476946	0.09192244380664955
0.13395642015920647	0.6345398932849435	0.23150368655585007
0.08498890569056614	0.5888682878654229	0.32614280644401106
0.06225317844437128	0.7056600436599332	0.23208677789569562
0.02428899109229854	0.7016194746641655	0.27409153424353616
0.06307689465670441	0.4138842648892187	0.523038840454077
0.048686374008857836	0.5245598897543569	0.42675373623678536
0.020189979413845593	0.8350123658961972	0.1447976546899573
0.08233448511656027	0.8529213044286615	0.0647442104547783
0.0827351830906835	0.7597979133194122	0.15746690358990453
0.15548269974055998	0.3036466481123415	0.5408706521470987
0.16766286045985532	0.7109596033327281	0.1213775362074167
0.02892776291757654	0.43416167745911244	0.5369105596233112
0.05530179274939173	0.5274399879639415	0.4172582192866669
0.15651070413486892	0.4813330679366683	0.36215622792846286
0.15374531345082332	0.652032544288677	0.19422214226049977
0.1092265365779469	0.7696268621555757	0.12114660126647739
0.18185903528357203	0.4100403010353235	0.4081006636811046
0.11136408185400237	0.5130802355747385	0.37555568257125926
0.08777568929958862	0.3577127811482482	0.5545115295521632
0.06604426794162144	0.4367310170155579	0.4972247150428208
0.035570499526678234	0.4301374467135165	0.5342920537598054
0.13734834844651425	0.3249028246676303	0.5377488268858556
0.10537781936999507	0.3858437037267951	0.50877847690321
0.05061820966665431	0.4730908444480435	0.47629094588530235
0.16468804611757928	0.3138168701487298	0.521495083733691
0.15608851723363668	0.32411617420459155	0.5197953085617719
0.12164921909672574	0.43234963478160604	0.4460011461216683
0.09306721652187755	0.78933497165244	0.11759781182568252
0.10724293175740929	0.38227188229241277	0.5104851859501781
0.18704244991383462	0.7227043518659163	0.09025319822024919
0.1532557352072689	0.3235074528758063	0.523236811916925
0.18241227199822135	0.760093823183827	0.05749390481795186
0.07770620734737094	0.48550644305885937	0.4367873495937698
0.1305434095567282	0.5632044990387421	0.3062520914045298
0.09618842169042835	0.7369184094961605	0.16689316881341115
0.10566926539552796	0.7608732745645714	0.13345746003990072
0.037907837310460324	0.6741941070424526	0.28789805564708715
0.07438403554911582	0.738080697250209	0.18753526720067532
0.04232884932563202	0.8552207919154556	0.10245035875891251
0.06135929147082664	0.59532758720486	0.3433131213243135
0.1548961382346146	0.48902172194329663	0.3560821398220889
0.046208968286535645	0.7770124008373447	0.17677863087611978
0.14466416460711407	0.6928162116276975	0.16251962376518866
0.08990551741023159	0.5326125643391872	0.3774819182505813
0.024909169942641363	0.7462963393484604	0.22879449070889835
0.0643943911978182	0.8155559779708945	0.12004963083128739
0.15505540582280097	0.32570541896176314	0.5192391752154359
0.11337240268075766	0.3737564342537313	0.5128711630655112
0.1399387172035496	0.43384813614115203	0.42621314665529847
0.031693328766315476	0.46775146258736106	0.5005552086463236
0.06220430275900085	0.6774098589125463	0.26038583832845297
0.07974520410936453	0.5490421136632238	0.3712126822274119
0.06744501908227474	0.6658854764556161	0.2666695044621092
0.1162932201590004	0.6875202031714083	0.19618657666959152
0.13526690089286042	0.7361185548627445	0.12861454424439514
0.14472267433878075	0.38021619529602335	0.475061130365196
0.030689651416142882	0.6144172222580706	0.3548931263257867
0.01981370949837563	0.5535317668857311	0.4266545236158934
0.048996106828056774	0.8570359529659473	0.09396794020599608
0.04131950634021975	0.7257628598938612	0.232917633765919
0.14159648519859588	0.49666995961030724	0.36173355519109696
0.052754228860758756	0.4947719235918505	0.4524738475473909
0.08280754957773384	0.7289598598337689	0.1882325905884974
0.16775886299161893	0.6092481686169758	0.2229929683914053
0.12441143758219766	0.40152028765845227	0.4740682747593502
0.1578917304966701	0.7536896384794989	0.08841863102383105
0.13903248509662464	0.7211891002233073	0.13977841468006824
0.10600170657743133	0.6283981295808216	0.2656001638417472
0.03667626121678802	0.42909476828901844	0.5342289704941936
0.11460284111865551	0.4274349004592227	0.45796225842212185
0.08561817764315632	0.6584025421151418	0.2559792802417019
0.062326819222337626	0.5655914675582481	0.37208171321941436
0.12455557318316768	0.3915698448604864	0.48387458195634603
0.17576309720855995	0.6334868752833099	0.19075002750813025
0.12067609530898527	0.4730300374047822	0.4062938672862326
0.1745108391860336	0.31640094242402944	0.509088218389937
0.045647130985497	0.8015868494624947	0.15276601955200847
0.1810411257201324	0.5506703560680577	0.2682885182118101
0.05636561961030323	0.7381786581677778	0.205455722221919
0.08734771919576795	0.48152923561369715	0.431123045190535
0.1761114473149491	0.39098494524290317	0.43290360744214784
0.06910477958663236	0.8388215278326181	0.09207369258074971
0.15091082911042786	0.48354529975419996	0.3655438711353723
0.06857551984873489	0.4194563561033904	0.5119681240478748
0.04784647251016089	0.5044438811617188	0.4477096463281205
0.02690601357892164	0.7139082514610177	0.2591857349600608
0.06592801720129826	0.529654000501841	0.4044179822968609
0.14072937759004003	0.5092221291561305	0.35004849325382964
0.10982172368307419	0.8204518979258405	0.06972637839108542
0.05976918030078582	0.4571895592945983	0.48304126040461604
0.031702092960245454	0.7409607191981986	0.2273371878415561
0.11160267552091074	0.8061852739800289	0.08221205049906039
0.1661393032241017	0.7092944506793992	0.1245662460964993
0.04148327369614235	0.7737303910392269	0.18478633526463084
0.12873273060570128	0.6521225110792188	0.21914475831508
0.12334165801632191	0.4402051507318298	0.4364531912518484
0.18490473494939805	0.7350793336846007	0.08001593136600138
0.07432752514210678	0.693933228473691	0.23173924638420232
0.10136388697402604	0.6330370290065834	0.26559908401939064
0.03045822663101061	0.7073780838485513	0.2621636895204382
0.12647725874595758	0.6744747137217018	0.19904802753234085
0.12216644857198494	0.6381626360205301	0.23967091540748503
0.1542241050875175	0.6393205732203768	0.20645532169210576
0.15938366506569296	0.4360773491639421	0.40453898577036507
0.17502544602093828	0.517067071887927	0.3079074820911348
0.15885538889771914	0.39324555769160857	0.44789905341067243
0.09755665804008323	0.8206361873585593	0.08180715460135768
0.13483471156017446	0.49776468320100536	0.3674006052388203
0.1845480394246548	0.25511290071882364	0.5603390598565217
0.10501930161502063	0.6308206056872454	0.26416009269773405
0.03246801233565677	0.5267823216522091	0.4407496660121343
0.1731961240714217	0.7127711490284445	0.11403272690013383
0.029199651076006417	0.41332853658221047	0.5574718123417832
0.06488431882434065	0.5119646721034641	0.4231510090721953
0.09233027266272198	0.3511610719465865	0.5565086553906916
0.1351026036844361	0.7225719670817281	0.14232542923383595
0.019953272838267477	0.9202389910507417	0.05980773611099094
0.026730310502530108	0.839053297702691	0.13421639179477907
0.14956554283223733	0.5664717730470882	0.2839626841206747
0.14324053501186676	0.800573340000446	0.05618612498768738
0.15931881546272134	0.6647344374733378	0.17594674706394092
0.15811812630671312	0.38025818009371304	0.461623693599574
0.12194633058475857	0.48752016259488506	0.3905335068203565
0.08887826612040389	0.48299890146411273	0.42812283241548343
0.13552321276105816	0.3047431626010959	0.559733624637846
0.1799826626726253	0.700226039553034	0.11979129777434089
0.09217973083716813	0.622612240931069	0.285208028231763
0.16478385114273003	0.39421507759829055	0.4410010712589796
0.10637042213279324	0.7351680652097603	0.15846151265744646
0.1598795786407077	0.6220974561376624	0.21802296522163003
0.11506769611022888	0.4513119356452107	0.4336203682445605
0.04530177445253558	0.6782397723628532	0.2764584531846114
0.034306156004566546	0.525247339842064	0.4404465041533696
0.1848522694622628	0.7483096526124686	0.06683807792526869
0.15651048334306988	0.7493983902630851	0.09409112639384509
0.08566764955219747	0.7067954292219318	0.20753692122587075
0.0598146319052314	0.7869878321759439	0.15319753591882485
0.14276901328869562	0.38280901841648196	0.4744219682948225
0.07489842513656308	0.5162485361132543	0.40885303875018286
0.08949188885047199	0.5907042912359979	0.3198038199135303
0.03931758470891489	0.8599309038440178	0.10075151144706734
0.038240951236966136	0.8395224922951771	0.12223655646785689
0.10690789655799557	0.654690350504194	0.23840175293781057
0.0499939298224682	0.6579259175210159	0.29208015265651593
0.06689358000822782	0.46776419775309364	0.4653422222386787
0.02075149192537301	0.5680452273266848	0.41120328074794227
0.07802635690404292	0.5446204335167619	0.37735320957919527
0.07758959723219955	0.7195508891324356	0.202859513635365
0.11663766890623017	0.666479256308971	0.2168830747847989
0.07447043763810873	0.5402474343732862	0.3852821279886053
0.17114837591588444	0.4801478207786739	0.34870380330544176
0.04537829044591912	0.8714514958717356	0.08317021368234534
0.13194267010734864	0.5426928506680229	0.3253644792246286
0.11528667965893313	0.3360386328550798	0.5486746874859871
0.07565014427299988	0.38528202948345336	0.5390678262435469
0.08476589321184536	0.44907315961837313	0.4661609471697816
0.17301910876696286	0.6508827929012972	0.17609809833173998
0.034938772477397295	0.4719467034056003	0.4931145241170025
0.08915129156072726	0.7975158285126784	0.11333287992659447
0.16333367308277352	0.3549123882848586	0.481753938632368
0.02165480679245224	0.4989755900030876	0.47936960320446026
0.14577885357465323	0.5126939062360565	0.34152724018929037
0.06526783702102212	0.6139020392074259	0.3208301237715522
0.118423536310034	0.640994564540319	0.24058189914964723
0.11800352056267976	0.6546192730154071	0.22737720642191322
0.08213120687415337	0.5259124807825908	0.39195631234325595
0.08611037126854815	0.522133432260039	0.39175619647141285
0.08214150440210227	0.6724469827647155	0.24541151283318235
0.14223966461837015	0.3239095282588748	0.5338508071227552
0.05305159050742719	0.4395692511948689	0.5073791582977041
0.05951962103867303	0.409990686334181	0.5304896926271461
0.058141400365005036	0.7268873383660086	0.21497126126898658
0.05342924425211415	0.6908560103179147	0.2557147454299712
0.12078023756490941	0.8111515296732374	0.06806823276185325
0.0862642229980588	0.6325021032091211	0.2812336737928201
0.16505182728083412	0.3507674154541085	0.4841807572650575
0.10854309074348789	0.39535549153636407	0.49610141772014815
0.024651992520899335	0.6619007901788043	0.31344721730029645
0.16066314966619888	0.28062901913975474	0.5587078311940464
0.15611632945901535	0.3005738334144689	0.5433098371265159
0.10945456403004189	0.4115493392694041	0.4789960967005541
0.11595803058053566	0.7063549435255171	0.1776870258939474
0.09694378599966977	0.6312385591222622	0.2718176548780681
0.07235521817231161	0.6765212588878762	0.25112352293981227
0.16401718865161635	0.5312226380914106	0.30476017325697324
0.06290702087874345	0.3989285162743432	0.5381644628469134
0.16351475414930625	0.721984384536832	0.11450086131386183
0.0852306088068207	0.3953321185647549	0.5194372726284244
0.1602455587695381	0.2817002679876288	0.5580541732428332
0.09444566471480198	0.49930225586827365	0.4062520794169245
0.061923066518095815	0.6682116740724381	0.2698652594094662
0.18141485186005177	0.3808736301328412	0.43771151800710717
0.10671038315161971	0.5497321486971329	0.34355746815124744
0.05587874459056097	0.8413234466074607	0.10279780880197842
0.0387694840356676	0.793522239800628	0.16770827616370457
0.1176792829441603	0.6487093089377689	0.23361140811807088
0.04935971782898485	0.42524846208932815	0.5253918200816872
0.07902574051446593	0.5202372927113853	0.4007369667741489
0.020996260172551517	0.49768243683945645	0.4813213029879922
0.027435774955781422	0.4434601158759448	0.529104109168274
0.15606849384213864	0.6741657303109072	0.16976577584695435
0.11703052106902842	0.5681561668139636	0.3148133121170081
0.06147139079400393	0.38492006126711104	0.5536085479388851
0.13184026727155113	0.4841468097407732	0.3840129229876758
0.067755516268588	0.4855321690198219	0.4467123147115902
0.17655783329676533	0.45979138567574807	0.3636507810274867
0.06342040305024216	0.6397436647708873	0.29683593217887067
0.11169893802460454	0.8042652264350387	0.08403583554035673
0.09600744030965724	0.38846947064640713	0.5155230890439357
0.07269940659320556	0.3803768251172891	0.5469237682895055
0.1234034762501855	0.6017325546507841	0.2748639690990305
0.138329849990316	0.30538743547401453	0.5562827145356696
0.03194452672150494	0.8963417734811922	0.07171369979730302
0.03642614331752392	0.8706720404645406	0.09290181621793558
0.15400603012558456	0.6853960533627022	0.16059791651171335
0.05910387138543899	0.38324892846617525	0.5576472001483859
0.0956402889605506	0.4601625660739746	0.4441971449654749
0.020340392584374534	0.7029628674600763	0.2766967399555493
0.07246800316869573	0.7327159244194456	0.19481607241185883
0.16631554149485472	0.7338496530532688	0.09983480545187665
0.14548808500924493	0.5171074651039966	0.3374044498867586
0.047471154399219784	0.8512290352720417	0.10129981032873858
0.11337624365201635	0.6700639863353255	0.21655977001265828
0.14088224950529787	0.5521304991435844	0.3069872513511178
0.05559870212546786	0.7581443793371667	0.18625691853736553
0.08410578967493826	0.4857052847690002	0.4301889255560617
0.13240280427306486	0.48677378652179737	0.38082340920513785
0.030616428077699542	0.6973390863444541	0.2720444855778465
0.1228889622973926	0.34955085983967854	0.527560177862929
0.12336166905362908	0.5734403525032424	0.3031979784431286
0.025631260305485626	0.8217065113739896	0.15266222832052495
0.09051187731371599	0.6676326579568287	0.24185546472945546
