0.2180861118644995	0.07977206570397169	0.31131107994708107	0.1561042702265357	0.23472647225791185
0.20581573957959903	0.08281403116108255	0.3076828861876211	0.16194869394762496	0.24173864912407217
0.22793742768334796	0.07496413390716525	0.3096876652872675	0.1620222249813944	0.22538854814082465
0.20932672984158046	0.08601831424126932	0.31603019141355077	0.15018339932651284	0.2384413651770864
0.21336661957925787	0.07285701682098839	0.31243249916204596	0.16047762939338908	0.24086623504431845
0.21534423747845277	0.0805219836214394	0.3091077709104732	0.1582007219907426	0.2368252859988918
0.21773792014401572	0.08250855452171947	0.32830937943184735	0.14729812643226575	0.22414601947015148
0.21648695016493102	0.08245646930935067	0.32549181565860863	0.15228906167099346	0.22327570319611603
0.21646453193122162	0.0808701040870542	0.3149535704876023	0.14998550102021574	0.2377262924739059
0.20604255948617	0.0770276598357681	0.3235065549836123	0.1515367481201966	0.24188647757425277
0.2217685333336492	0.0842941961369765	0.3019473795308985	0.14910924098757863	0.24288065001089693
0.2372166459039064	0.07483218960765903	0.3157258563537981	0.14571430623653614	0.2265110018981001
0.21310314937221636	0.07315752816608342	0.3196622763108377	0.16088323571220225	0.23319381043866
0.20713876902731254	0.0779900644738874	0.3252776921714189	0.1521213832269258	0.23747209110045517
0.21328213213556357	0.0771379561010685	0.32190533124438186	0.1513128202350485	0.2363617602839373
0.2247108624483414	0.08983537702458885	0.2972561735830951	0.16216341511331248	0.22603417183066196
0.22050285652647847	0.08362396785192228	0.3203413853949507	0.15187651777448732	0.22365527245216102
0.21562441863578866	0.0690455378144256	0.31084078033902907	0.16049866579595465	0.24399059741480178
0.2110199841710986	0.08689004619715983	0.3013498411150575	0.1615305871712036	0.2392095413454802
0.21175977501186607	0.07108802837205169	0.3136551189359198	0.157167173220918	0.2463299044592442
0.23736246649088938	0.08361232685923789	0.3043482183169157	0.1486244849747484	0.22605250335820842
0.22782501508909597	0.08383490047608956	0.30781892411198597	0.15411536682205723	0.22640579350077106
0.21071234032819597	0.0843462151287424	0.31725457879649177	0.1609344752049873	0.22675239054158236
0.21818617867979165	0.08357870636526675	0.2952965557883786	0.16336634509310252	0.23957221407346027
0.23126977045097638	0.08191459712746198	0.3042754149585205	0.1445598141684264	0.2379804032946145
0.21557613272612208	0.07857679705914665	0.30783617819501996	0.15993050380892987	0.23808038821078126
0.22800895128607504	0.07177174657011998	0.30601032974713	0.15771931377082352	0.23648965862585122
0.21015766459901433	0.09019829164378881	0.29521682073757877	0.15731519832850235	0.24711202469111554
0.20417014663895341	0.08724446690962148	0.32604746159046055	0.1585109747425347	0.22402695011842969
0.2320348921908674	0.07163247382700325	0.31147996041965265	0.14573199320336555	0.2391206803591109
0.22350860574573175	0.08334514025495772	0.3093900570146292	0.15401990792536052	0.2297362890593206
0.2342708707458744	0.08011969690352058	0.29532142139767253	0.15920191186079652	0.2310860990921357
0.22757823457374787	0.07232877618263509	0.29942693470293846	0.1596042294580012	0.24106182508267712
0.23112542354412607	0.07737245912393917	0.2986890404730108	0.1583314851500071	0.23448159170891658
0.22804471130054266	0.07274051492090583	0.2952983001617903	0.1613746205874894	0.24254185302927156
0.23502111755082095	0.0853689469907738	0.2967513994629832	0.15198630337742433	0.2308722326179975
0.22627927513089707	0.08753246340980421	0.29544089352789576	0.15356492227287208	0.2371824456585306
0.22458528016584933	0.09034562313135622	0.3056674481732894	0.14773149849457362	0.2316701500349312
0.21434160446721764	0.08668216273104037	0.3170615426626169	0.14752020619176778	0.23439448394735707
0.2139118773686367	0.089058755544411	0.310599372326916	0.1527355587438774	0.2336944360161587
0.23444979189630039	0.07318544406894242	0.30005217351862984	0.14803860579532377	0.24427398472080333
0.23043064894714224	0.08540620160776664	0.31029237141066013	0.1440336249737394	0.22983715306069136
0.20689113611328888	0.07295260023219541	0.3271402690477594	0.1515892926591192	0.24142670194763685
0.2167189207229336	0.06924532808399059	0.32094922928740416	0.15354079849819346	0.23954572340747796
0.2070182905227735	0.08985503796015348	0.3259134193361375	0.15254644394912537	0.22466680823180987
0.21804037739474383	0.07514007116079788	0.31811117942171374	0.1490141022676913	0.23969426975505304
0.21825750061111193	0.07530075223005189	0.32887003660834513	0.15059590309937626	0.2269758074511145
0.22244833549072734	0.07817076873616498	0.3187567104308137	0.14791023250272492	0.2327139528395688
0.2207498589288891	0.08704074229974625	0.30223490520283536	0.152518522820872	0.23745597074765706
0.2155942219422015	0.07965742343521319	0.3159801735760138	0.14582287615044717	0.24294530489612404
0.21879205296101006	0.08066852799527302	0.30185065215393536	0.16233041762583644	0.23635834926394483
0.20712657162339135	0.08599669427435673	0.3238062268149967	0.15314905994350542	0.2299214473437496
0.2145496733737346	0.06934673235931355	0.31162777155542337	0.16252437049145166	0.24195145222007663
0.2211298573177242	0.08125646951154848	0.31473239108384526	0.1496598562046185	0.23322142588226336
0.21833150716023267	0.08997491655607441	0.314410529344448	0.14644906640666383	0.2308339805325808
0.22176724569871337	0.08322703255649813	0.3102728830776371	0.15442057979213564	0.2303122588750155
0.22047487528962356	0.08442577715284381	0.3110806996205904	0.15770321867604503	0.22631542926089698
0.23545089107005934	0.07705814221344033	0.31029416338573557	0.15202812991081022	0.22516867341995428
0.23636243606762777	0.08354034112242452	0.30035895550821656	0.1521713878018942	0.22756687949983667
0.20921013779746458	0.08401024762515198	0.3210998404515931	0.15325371483572248	0.23242605929006763
0.21379145361540183	0.08189295247288521	0.3266877905991158	0.15123549016016874	0.22639231315242817
0.22404467694129165	0.07061858250742983	0.3282713306887701	0.1520680933719308	0.2249973164905773
0.22845836022545063	0.08013008752431719	0.29783769381146974	0.1502717645286035	0.2433020939101587
0.22047457089612926	0.09036080909532386	0.2956772019647921	0.1515149458881174	0.24197247215563716
0.23754006046530757	0.07688507704215278	0.2952522395508393	0.1440724821763905	0.24625014076530963
0.22756126353511597	0.07263692907986366	0.3113631632782563	0.16140279220476506	0.22703585190199874
0.22443141511852235	0.08044864019723263	0.3043324756535259	0.15340033349084287	0.237387135539876
0.22710944161718474	0.07984021873733203	0.31163903891823125	0.15389831067213444	0.22751299005511733
0.20974511738826612	0.07948119513393416	0.3257939388292096	0.16077886396700158	0.2242008846815883
0.23243004831442124	0.06923499037310282	0.30298058955718915	0.1607206862402008	0.23463368551508573
0.20907657473296587	0.0822358215053843	0.3243567001204158	0.15275051269315942	0.23158039094807434
0.22711719594696514	0.08155390737234325	0.303694545068669	0.15019161694758157	0.23744273466444077
0.220820196881579	0.07791784474625044	0.30707158556612946	0.14744392931621086	0.24674644348983005
0.21473313180446021	0.07036164917879484	0.3151236037954125	0.1626124407276789	0.23716917449365332
0.21818107500167902	0.07858792665832075	0.3100383337771405	0.15691691315353937	0.23627575140932017
0.21291749595038284	0.07490722692716043	0.32770836615419374	0.1516917413457559	0.23277516962250688
0.21497900862475272	0.0888607082498783	0.31009317278632254	0.15001519062923652	0.23605191970980965
0.21218292634861216	0.09072013751706565	0.3228450219196897	0.1434484743340018	0.23080343988063043
0.218150320074747	0.08067539894837554	0.32355858300192764	0.15151952444215308	0.22609617353279654
0.20921410553525932	0.0748396805368014	0.3135525179080608	0.16029321405411312	0.2421004819657651
0.2162010781650737	0.0887495435603677	0.2989328447725104	0.15563829547548155	0.24047823802656643
0.21797945440744756	0.07442580222933759	0.3139916129080258	0.14729367764246526	0.24630945281272354
0.21948334200728703	0.08302302216129115	0.3059328953921	0.15647129927243067	0.23508944116689093
0.2055948704571701	0.07307217588703996	0.3249663690071568	0.1520181762193693	0.2443484084292636
0.21633333040149563	0.09039447252251778	0.3057219862924608	0.15603050915070293	0.23151970163282265
0.22088216787522477	0.07280743797134329	0.31441945245788727	0.14484452014370314	0.2470464215518413
0.220328429448151	0.09022412673957865	0.2995085786233208	0.14398438721481394	0.24595447797413542
0.2174801485948742	0.0783882729895147	0.3085460105808929	0.150241541110055	0.24534402672466293
0.2225766159734604	0.0749748461503551	0.3254258601540105	0.144566118595197	0.23245655912697682
0.2360547698694298	0.07008499542828733	0.30776298532262786	0.16326386465734727	0.22283338472230746
0.21539415183798122	0.09033411181897347	0.29943967058870585	0.16283912316012344	0.23199294259421577
0.2093782241077107	0.08330665061255245	0.3175824094624642	0.15515837628040274	0.23457433953686974
0.20700295749237324	0.07570249237760877	0.31992460841615766	0.15772035036779913	0.23964959134606095
0.22158304622926633	0.07591825364192484	0.31635697831472215	0.14531002506015445	0.24083169675393204
0.2155373693119329	0.08663403178614858	0.3138075658634314	0.15434751127579632	0.2296735217626906
0.23145965013100742	0.07479223471478513	0.31654164447617616	0.1464592766999403	0.23074719397809082
0.21464893013584524	0.08729782606247244	0.3081197917942552	0.15058567178935092	0.23934778021807596
0.23381953870206673	0.07773034584956945	0.3074986247241232	0.1574358541885009	0.2235156365357395
0.23722954581385775	0.07837681473231618	0.3028257960299406	0.15792075666240823	0.223647086761477
0.21509710526543074	0.08337707415952954	0.29965455826876053	0.1597699195623058	0.2421013427439731
0.21513809692835925	0.08927194503521511	0.32203874198770616	0.14907804638316088	0.2244731696655584
0.2340207678054883	0.0709241767237766	0.2987331956489503	0.15428909512353842	0.24203276469824617
0.223724702645805	0.08495125820305693	0.29548571771125665	0.15016987503678927	0.24566844640309188
0.22351210542669026	0.08054157942153682	0.3071284846160647	0.15930626301995288	0.2295115675157551
0.20410798446573708	0.07015353075481695	0.32553289875091657	0.15974190278670364	0.24046368324182557
0.21217772013924882	0.0891719793930979	0.3204371592614411	0.14409181325587517	0.23412132795033674
0.2374779374152634	0.07334595917567899	0.29758948937234503	0.14739937502810133	0.244187239008611
0.2358311058117562	0.07994097319112942	0.2969208464990132	0.16139349138804365	0.22591358311005733
0.2321522283699697	0.07535169727672955	0.2996390078432394	0.1557219974145579	0.2371350690955032
0.23361674453422485	0.08270690991649118	0.3044123130612321	0.1436454694130554	0.23561856307499626
0.22740206322448955	0.08422920977766417	0.30114761071832824	0.14694307414376254	0.24027804213575527
0.22395441871285623	0.07472195631646952	0.30775659405196787	0.15903045159071663	0.23453657932798955
0.2208900268236355	0.0739602690749151	0.31592494874201427	0.16209731247671616	0.22712744288271874
0.23535874964160935	0.06918889477131224	0.31383143745082764	0.1515754757678187	0.23004544236843177
0.21265243262460296	0.08291982447451199	0.3142209614211381	0.15776954206803248	0.23243723941171424
0.2249977293924084	0.0824531722777563	0.3118586063696261	0.15755092944591326	0.22313956251429573
0.23730169681940688	0.07297038376874337	0.3006938361234856	0.15584264019565613	0.23319144309270778
0.23042664094288945	0.08123939541259195	0.2988512950582031	0.1616632524600449	0.22781941612627038
0.2075943505971536	0.07151421059810684	0.31308885595926145	0.16299342385042118	0.24480915899505673
0.2092922923842469	0.08457153932231841	0.3154489598753198	0.15340984746181496	0.2372773609562997
0.21634419074258895	0.07425585366398063	0.31727948472225026	0.1627355388875409	0.22938493198363905
0.2082497831339558	0.08597957107449664	0.29972753910008587	0.16163889227887904	0.24440421441258245
0.21205839135081997	0.0763417400037374	0.31495278444986036	0.16105906130545403	0.23558802289012798
0.21404154664839398	0.08051253240578288	0.3231379236874699	0.15901661644446147	0.22329138081389152
0.2133470857119996	0.08843680074519275	0.3108762690612051	0.1434870029499797	0.24385284153162268
0.21633795747955	0.08026885793168408	0.3115331163351495	0.1577434289993556	0.2341166392542606
0.23205946549882048	0.0827041540856856	0.30529303301810157	0.1545144694435095	0.22542887795388264
0.22792182969913885	0.074457316127026	0.30277330006110553	0.15847195649292362	0.23637559761980578
0.23736571957738287	0.0892795131353023	0.3003418413340228	0.14812903502659883	0.22488389092669292
0.2163589334892979	0.0804536468504461	0.32211579614010855	0.14717591160088445	0.2338957119192628
0.22637121122088918	0.0803065120182655	0.30864208645782826	0.14420238254222448	0.24047780776079236
0.21783200783063178	0.07246430802642354	0.3175978117734284	0.16117528344198057	0.23093058892753554
0.22608869889295544	0.08443952576686069	0.3015319195227295	0.1463194282209817	0.24162042759647245
0.22463973046786423	0.08719795154833215	0.2959132786503009	0.15445303113121694	0.23779600820228552
0.2171478399128412	0.07130866299467842	0.3232683474010912	0.1526686226052473	0.23560652708614163
0.2159376708873405	0.08801413046711812	0.3058244559369443	0.15275638927604637	0.23746735343255052
0.23144286258670982	0.08680179522498167	0.31092197110555697	0.14450405764759838	0.22632931343515295
0.23204404858980174	0.07078547886665099	0.3042865250819847	0.15867373416219827	0.23421021329936398
0.22239676367909916	0.08904319565255782	0.31737487632430367	0.14809513945985325	0.22309002488418583
0.22732216287541812	0.07770517082722764	0.3167076904835324	0.15493454072859575	0.22333043508522582
0.20737983709210073	0.08604185154162262	0.3023321930139006	0.15953759134769943	0.24470852700467638
0.21727982953450994	0.08750159944825252	0.29484202591993725	0.16105647481362	0.23932007028368002
0.21161752127801134	0.07984838507987574	0.30898091884573603	0.1636317615066074	0.23592141328976923
0.22378212909881706	0.07003202824824983	0.31903810363540697	0.14800247674333367	0.2391452622741922
0.20445743963941387	0.08871007274046142	0.3208548881069555	0.1578399947013342	0.22813760481183476
0.21834346915853756	0.08696049047905619	0.2988799188112571	0.15711899112849204	0.23869713042265692
0.2370560754571283	0.08227957720897486	0.30027200353291084	0.1544122363875017	0.22598010741348404
0.21747179091069105	0.08834336439518709	0.31301250300872574	0.1477193536416409	0.23345298804375497
0.22756824885289223	0.0826195992490398	0.3079376601570758	0.15666860265375027	0.22520588908724165
0.22904571021030964	0.08531477019645826	0.3072386385101581	0.14430756849603402	0.23409331258703975
0.219809918070147	0.08577242649687832	0.31179255832911656	0.14475183101127997	0.23787326609257786
0.2248311373911201	0.07303388510304903	0.3292385241155285	0.14865590830298706	0.22424054508731503
0.23331747008559733	0.07721751335880232	0.30199301622330155	0.14876889275759186	0.23870310757470664
0.20685038892921326	0.07460511364813527	0.32379054240428157	0.15399171834130027	0.24076223667706936
0.23307339625963971	0.0706554496543744	0.3008097238033797	0.1546072259995139	0.24085420428309198
0.2226122658556012	0.07600090192140996	0.31003323733336663	0.14511301807031038	0.24624057681931155
0.22805495747108545	0.0850566550879733	0.2998195115006773	0.14413273406203025	0.24293614187823342
0.22802359167860964	0.08782110370142672	0.29892207551758904	0.15878642697734535	0.226446802125029
0.21203384901857272	0.07927809021138554	0.3198703229221411	0.14479030184392777	0.24402743600397256
0.230487054568199	0.07801164751086523	0.30761757923681154	0.15979293819270626	0.22409078049141773
0.21536120437690964	0.08382935105464584	0.3109012746832373	0.15847523335977004	0.23143293652543695
0.2104629439126801	0.08201919305023084	0.31956127748913454	0.1474602931678941	0.2404962923800602
0.2242902850876313	0.09019030538927382	0.3012381292019533	0.15410107595393463	0.23018020436720668
0.21417144494405502	0.08805924174203371	0.3089975639367799	0.15862605278054015	0.23014569659659098
0.2098510561350524	0.0793148177700072	0.3254491513058311	0.15253583466595869	0.2328491401231504
0.2319279870696114	0.07379177116766006	0.2972646186483347	0.15263451771529513	0.24438110539909846
0.228482181826528	0.07294006259843397	0.3180136743140639	0.1493466436679752	0.23121743759299868
0.23518478092134817	0.07302707548109219	0.31383383928182573	0.14938251508096545	0.2285717892347682
0.2262111418443514	0.085082967113328	0.3063137361210977	0.14383107010854052	0.23856108481268212
0.20867852241415705	0.07084877011850199	0.3267893906390835	0.15495319556784395	0.23873012126041332
0.22845008983414825	0.07802747741766095	0.2955661458752328	0.15716266026963577	0.24079362660332201
0.21631168060409495	0.08663739600625302	0.2959512839343409	0.15397229089442835	0.24712734856088256
0.22166570694136248	0.08136159698295299	0.29975851865712805	0.1627454708707585	0.23446870654779778
0.22529055840183204	0.0840860304919783	0.29962776477136543	0.16131762427625015	0.22967802205857382
0.22836779278648595	0.07417357405362426	0.30078048596119256	0.1593782103868942	0.23729993681180278
0.21675297956404074	0.08693212896140268	0.2970568202085002	0.1532188060037164	0.24603926526233977
0.2053584204761566	0.08339620326293565	0.3275898228693789	0.15853476452870233	0.22512078886282633
0.20615699651897418	0.06993438757366993	0.3228064860241556	0.15768805171475125	0.24341407816844876
0.23158126667331203	0.0782452782134268	0.31775505675711213	0.14726309031038626	0.22515530804576256
0.2181964145197218	0.0902702904892796	0.307688138417174	0.15422728236887245	0.22961787420495183
0.2072948422921801	0.07333513216580292	0.3231878001679404	0.15301914669766692	0.2431630786764094
0.23485256301008328	0.08142989899892489	0.2974744582610782	0.1560081356225344	0.23023494410737894
0.20821442583245958	0.0882874992141238	0.2990498163783377	0.16161651683751052	0.2428317417375681
0.22154025212717365	0.0714723134912372	0.3148289297827412	0.15992672890490683	0.2322317756939409
0.2126198453763305	0.08208592022562747	0.31520418807596573	0.15131987914071474	0.23877016718136132
0.22439130109844863	0.07173359123328724	0.3147871970115374	0.16341994049612232	0.22566797016060416
0.23563312160965613	0.08175331140255612	0.302319533982143	0.15065979746177371	0.22963423554387083
0.23358000673141316	0.07335999473951227	0.30636315527836894	0.15750165304128164	0.22919519020942378
0.20614710885949175	0.0908257357932678	0.3060170700849182	0.15614143256626795	0.24086865269605412
0.21874995907160194	0.09034038444674648	0.3012139796773177	0.15177072650174234	0.2379249503025913
0.2091982273115527	0.08181679659843547	0.32537688562772604	0.14452409305387204	0.23908399740841352
0.21866130538102668	0.0781930267077137	0.3166859409586525	0.1602017200240774	0.22625800692852951
0.23009441614167583	0.08649986032598922	0.30194839831670744	0.14707301137263848	0.2343843138429888
0.21564957020561554	0.07343921932764916	0.3205303433454334	0.15341500969380703	0.23696585742749462
0.22659355955474475	0.07364656334493414	0.3196722922488043	0.1439491928073743	0.23613839204414228
0.22911625319149173	0.08285464438805337	0.3008083236166757	0.1626354663395361	0.22458531246424285
0.217111836710878	0.07822520681424065	0.31669310475764645	0.1608715589282222	0.2270982927890125
0.2148949446271612	0.08139214872863826	0.29714401966567044	0.15949830645550572	0.24707058052302416
0.20886027865792392	0.07766477693957916	0.32308816042965105	0.15405341142506657	0.23633337254777903
0.21904813227697786	0.08093018370953879	0.32423783587160576	0.1467384294447269	0.22904541869715045
0.23083661728948376	0.07901714143748097	0.2971277231963967	0.14987434220388468	0.24314417587275364
0.22954842807613604	0.0799918497299645	0.30716198248269266	0.1456788308535025	0.23761890885770404
0.22271403658335717	0.07652158150294784	0.29823865454165355	0.16065388178526585	0.24187184558677535
0.21302627399599042	0.08744823351809197	0.31668746861710667	0.14473364453075102	0.23810437933805972
0.23385086336543762	0.0747937630635021	0.31429845837727843	0.15076207015147336	0.22629484504230826
0.23546247444840385	0.07108019666332954	0.3029724650191773	0.15963238885681014	0.23085247501227896
0.2367245673405647	0.07729025088901327	0.29580907093958525	0.14570274435042133	0.24447336648041518
0.2276217942739354	0.07222197547583847	0.29958480135466936	0.1616329316318163	0.23893849726374025
0.22520162225436197	0.07169338927072827	0.3190423854642811	0.1485871497235612	0.2354754532870672
0.22366386552810455	0.07500561044065437	0.3017562604395544	0.15614006050867058	0.2434342030830159
0.2154011262609481	0.07411733727766684	0.32647510163241394	0.151632643148647	0.2323737916803239
0.21481189199899747	0.07223771740020954	0.3153773033951824	0.1542705445080909	0.24330254269751944
0.22085484841966013	0.07851866809181572	0.32486296376421697	0.15201712342869197	0.22374639629561496
0.22412642117358936	0.0706755989296072	0.3208211234978577	0.16011414389353734	0.22426271250540816
0.2134111954602371	0.08672766939004471	0.3126387630723261	0.1555394655293341	0.2316829065480578
0.23248662960296848	0.08401520505792193	0.2985539450565827	0.15402824924796082	0.23091597103456582
0.22235780274408906	0.06973803684545343	0.32597343547111346	0.14510631241814956	0.23682441252119432
0.20500432346885197	0.08594865442243439	0.30360284708896623	0.16182531283341953	0.24361886218632764
0.23194106463648573	0.07086924547927037	0.310534516397864	0.14735110152900566	0.23930407195737402
0.2285664675942204	0.08152287908020278	0.3016076959705538	0.15949075011107305	0.22881220724394977
0.21637920950853426	0.0839922221823419	0.30821311780604643	0.14574658730727424	0.24566886319580297
0.21738894896868285	0.06993649306918887	0.31554468108283545	0.15629001162467282	0.24083986525461978
0.21379343947053675	0.07705197988022097	0.31819537072815746	0.14496124603434957	0.24599796388673506
0.22903459758950168	0.08018667519501048	0.30026607602665123	0.15217497203840114	0.23833767915043524
0.22274604995610486	0.07502780966960806	0.31373483514553857	0.15947838230913775	0.22901292291961053
0.22719391377927708	0.07516401143452589	0.31397060607541927	0.1584234271943486	0.2252480415164289
0.22394898204502364	0.07837632807581735	0.3102210935817399	0.15743770732720572	0.23001588897021316
0.22203960994594743	0.09043801504876851	0.3021796253135151	0.15141039952947855	0.23393235016229016
0.21504283607209554	0.0818076375126068	0.3077503774032185	0.1608021662771382	0.23459698273494073
0.23703929515281846	0.0820503691523541	0.30046741241584	0.1467624168334856	0.2336805064455016
0.2185070287742498	0.08929668542202819	0.3151473889855042	0.1462088732113595	0.2308400236068581
0.21979787163791825	0.09020297045833985	0.3049927839528593	0.14736515508587716	0.23764121886500522
0.23524609110021846	0.0744985010028193	0.31809806583166633	0.14377870064549472	0.2283786414198009
0.204915674006498	0.08580512135547319	0.3052130773038555	0.16132181616086244	0.24274431117331063
0.2172352197881852	0.0741062247035715	0.31666927643668313	0.1611995172309853	0.23078976184057468
0.22622677922524176	0.07771504272127076	0.3088304781289897	0.145162736742377	0.2420649631821205
0.20922381465961049	0.08737117687736337	0.312821477760739	0.14506014798758066	0.24552338271470625
0.22309214902092145	0.08046689434580195	0.30565406386980287	0.15348928959575586	0.2372976031677176
0.21507805690084722	0.07148407649979927	0.3115317842967783	0.158721289628224	0.24318479267435097
0.2163585239671414	0.07792455358860925	0.322539948854079	0.15655137864243251	0.22662559494773762
0.23681086210636187	0.07662177109372037	0.2974355382041012	0.15779001683177218	0.23134181176404411
0.2114595487689094	0.08654667648118901	0.314444524830685	0.15470883278723296	0.23284041713198336
0.2120452514971381	0.08621890840441787	0.3073369266204802	0.160859386317877	0.23353952716008664
0.22196359746306737	0.07336538120445268	0.3147570277464014	0.14907179476996177	0.24084219881611654
0.20627981312084026	0.08938983296777907	0.32625466139517123	0.15452224117099714	0.22355345134521212
0.2361832173111259	0.07947464187450558	0.30258176291625916	0.1552221475596656	0.2265382303384435
0.2128245310942662	0.07583568338504251	0.323453575161607	0.1619771553419594	0.22590905501712463
0.2160763538545541	0.08299868848771483	0.3141254651943447	0.15490179807155544	0.23189769439183067
0.22046053180501035	0.08138997161573998	0.31992268526126016	0.1493860899043676	0.22884072141362166
0.2197464829239375	0.07056702538839321	0.31830092335553517	0.15321019365874253	0.23817537467339137
0.21036900445024873	0.08501560784568295	0.31979432169660527	0.1503101233129706	0.23451094269449224
0.21221157708102312	0.08190320250462879	0.3245668353223818	0.15194370579420566	0.2293746792977604
0.21649968242288598	0.0884565289995455	0.3186059549916757	0.15040316925341243	0.22603466433248018
0.2271074446534626	0.09014566010408044	0.30910044120246744	0.14409084942293113	0.22955560461705815
0.23384158949556627	0.0839681672095537	0.3052389984095135	0.15385301367781876	0.22309823120754757
0.22192914157165022	0.07802168492606688	0.3109948577171741	0.15925979580736613	0.2297945199777424
0.23085602411250808	0.07830639125895895	0.3201210590613868	0.14765907602094802	0.22305744954619788
0.2178407399727554	0.08449984599099754	0.2973998099669978	0.15528754016149873	0.24497206390775028
0.2105576402934995	0.07750821620816907	0.3174287526098749	0.15638034536299678	0.23812504552545954
0.22322657206091923	0.07839905472778425	0.2968436432030651	0.15720366126616253	0.2443270687420686
0.21002265532615377	0.07454033906084634	0.305673320446139	0.162811244098507	0.24695244106835368
0.2225743950576986	0.08584825360633111	0.3124794906485767	0.14396202451881207	0.23513583616858122
0.2217531102030848	0.07809700651136534	0.3200113121018351	0.15465629379487564	0.22548227738883891
0.21695903089027	0.07980965965811594	0.3258627028451572	0.15453005976842168	0.2228385468380349
0.23566926911266334	0.08046885986204959	0.3013876068149325	0.14767781002114028	0.23479645418921413
0.2172396127704125	0.08281568893913634	0.31916802432915065	0.1553150092743894	0.2254616646869109
0.23651943417405322	0.07300525099387795	0.2985550700323452	0.14453844255690143	0.24738180224282197
0.21414103899815412	0.08304795980008664	0.32123102082611554	0.15650875648819862	0.2250712238874448
0.20834342979365283	0.08787745049035872	0.3215403158131015	0.15199591352933406	0.23024289037355264
0.22044004953493185	0.08578688547804607	0.32018391314659445	0.1476679590651575	0.22592119277526995
0.2272060625945779	0.07569627620775687	0.2968231087743019	0.15619030794072902	0.24408424448263408
0.20825036545133435	0.0878670256426109	0.3098715523607074	0.15723098319534545	0.23678007335000167
0.20884158973131356	0.08394591199334583	0.325154844042419	0.1437336855069178	0.23832396872600356
0.23240094768791003	0.070368901955841	0.3055517074118794	0.1631199136594875	0.22855852928488185
0.21129980209356614	0.0764583005556221	0.3246817849207633	0.16089624503806726	0.22666386739198097
0.21040258419583682	0.08910363182597485	0.3140309372915683	0.15492341014511005	0.23153943654150977
0.20800998039667024	0.08813060697216979	0.3160163098187058	0.1593615207431964	0.22848158206925756
0.2184083796830295	0.08738323598001482	0.3182558785023274	0.14720764206419834	0.2287448637704297
0.2091141909789351	0.08508015539703441	0.3183679167272459	0.15925004698226447	0.22818768991451993
0.21685061949287487	0.0853153063395658	0.31688015902604894	0.15452351182136434	0.2264304033201458
0.21011605337629094	0.08492184840178056	0.3210215426732618	0.1467825381898638	0.23715801735880268
0.22455288286358144	0.07612352349239686	0.3126370653295012	0.15712102319068458	0.22956550512383572
0.21131947524011316	0.07344965979735632	0.3162296867101311	0.15219028453237177	0.24681089372002743
0.2361096174827904	0.08216570820827251	0.2975324141608646	0.15460075431805495	0.22959150583001725
0.2041344568829534	0.072874694179628	0.32024169073978903	0.16101861852156124	0.2417305396760681
0.2226392683608786	0.07890890249499155	0.30813286028513903	0.16297621902462936	0.2273427498343612
0.22599670991037696	0.08516253874831897	0.2978642774094269	0.14394775998210346	0.24702871394977344
0.22306515806944793	0.08589530653162314	0.30364923168285723	0.1495836399745918	0.23780666374147963
0.21693616495073278	0.08844061766165641	0.30115551043738464	0.15317289223274538	0.24029481471748054
0.20722342002748873	0.06978431336029481	0.3186377072862054	0.16283902425301233	0.24151553507299853
0.22568281720207786	0.07933670291640711	0.3244062745850059	0.14533764791504228	0.22523655738146658
0.21487534259098057	0.06976942699906921	0.3229007962519719	0.15381575848530368	0.23863867567267444
0.21578938084887983	0.08839617726541243	0.31161043206170436	0.15366993307838128	0.23053407674562185
0.20816301552204272	0.0744077348949774	0.3256495365477001	0.15838718775823118	0.23339252527704835
0.23400350261278408	0.0689541210060095	0.3117518183516393	0.1550208879314165	0.2302696700981504
0.20492490259592747	0.07423112135640017	0.32610159327929955	0.15435636546396428	0.2403860173044083
0.21453604124826792	0.08146054547711046	0.31703229005234107	0.15476256834078223	0.2322085548814981
0.2264652399353901	0.07926982029947391	0.31829031057065654	0.15046972806542264	0.2255049011290566
0.22515621910514746	0.08828726027284138	0.31330977515156344	0.1435849953280811	0.22966175014236634
0.20910943529101028	0.08690467082267542	0.30850732044210183	0.151577673815913	0.24390089962829925
0.22182023020987168	0.07304553863243052	0.3059783554749869	0.1557395551373985	0.24341632054531212
0.23004586403846763	0.07530475777491613	0.298248466970909	0.15367137533364056	0.24272953588206636
0.22695134435023595	0.08756800377989643	0.30029723123569574	0.14639596376166863	0.23878745687250302
0.23172611176691413	0.08675823757822208	0.30590486711041215	0.15056443904031755	0.22504634450413388
0.20808400463531607	0.07024323840452382	0.3275588632528519	0.14762740018613701	0.24648649352117094
0.23731297641480129	0.07742005554430285	0.31033642983307935	0.15169520580025936	0.22323533240755689
0.21457416574988078	0.07085551338762786	0.3182799098941768	0.15296000468924195	0.24333040627907238
0.22594104271957915	0.07845897342528696	0.3021905699903961	0.15938382695117856	0.23402558691355896
0.2222297776550875	0.07356710138030761	0.2966885203198731	0.1627201362982045	0.24479446434652707
0.22333492005939734	0.07486822808506	0.2992712240452823	0.1579999734613458	0.24452565434891432
0.22549230931718528	0.09069060129739559	0.29851351759364897	0.150369345975354	0.23493422581641588
0.2249145106426113	0.07055387940964516	0.30110066773293825	0.1622749715348944	0.24115597067991063
0.227267013896648	0.08932770546470374	0.3011930721462199	0.15217009841328127	0.23004211007914688
0.21404828536130266	0.08948465909980634	0.30317995119618557	0.15638019603724923	0.23690690830545594
0.23375823375325838	0.07621991306926294	0.2957040123720275	0.15716177938866197	0.23715606141678897
0.2193762939418919	0.090421619716783	0.3029060189072097	0.16010552425370977	0.22719054318040544
0.22014588944675823	0.08327143348638755	0.30782237897080633	0.158599700404233	0.23016059769181468
0.22510769503033107	0.07785781796688487	0.3185959382451989	0.14412673905744808	0.23431180970013687
0.2336844983516252	0.09090455775410212	0.305142031317119	0.14537521912652812	0.2248936934506253
0.20753715868679845	0.07739318125591678	0.31988034655917297	0.157206247241414	0.2379830662566976
0.21643063109598487	0.0724912171637242	0.32178984627317225	0.15436407918685824	0.23492422628026022
0.2077784374465252	0.07262714226392797	0.3219454798736726	0.15874432910476416	0.23890461131110988
0.20523700564064665	0.08992243592923595	0.3075315299455567	0.15699854982663614	0.24031047865792432
0.2246380538415192	0.07354489952847015	0.31886149771666905	0.14412683827930095	0.23882871063404038
0.22469359596940613	0.07440239638484802	0.31809602474349263	0.1448789727069132	0.2379290101953398
0.21493450659573765	0.07115150110862542	0.32708141954593273	0.1546131399742397	0.23221943277546434
0.22957233517332376	0.08013527385048314	0.3100101876311905	0.14542459319322182	0.23485761015178058
0.2063720680294056	0.08212501114116075	0.32573185976511165	0.14457912848387722	0.24119193258044458
0.23342020484508674	0.0814880562155238	0.29651013683318944	0.1581642141331386	0.23041738797306116
0.2108765743266945	0.08866990400087563	0.31147135471467013	0.14921773588399695	0.2397644310737626
0.21947257300534811	0.08978321818202638	0.2981637747885798	0.16180062795864106	0.23077980606540435
0.21777344502313478	0.07746636404166869	0.3088879569964945	0.15381819047096545	0.24205404346773635
0.20612800795329167	0.08634851357230336	0.31790724583335767	0.16256175286004917	0.2270544797809979
0.20742838439603586	0.0814729763206173	0.3162165663505911	0.16114328343099904	0.23373878950175653
0.23488486481611745	0.07522663012347497	0.30680212803162693	0.14539041472111064	0.23769596230766976
0.20668581195745436	0.08624987664004252	0.3063174488253755	0.15501188210758043	0.245734980469547
0.22142859374432894	0.08862553150652147	0.3141819258990043	0.1484943972895532	0.22726955156059184
0.2102521583471346	0.09051623716874879	0.30407352810936605	0.15660348771967456	0.23855458865507573
0.20975270280598504	0.0768124763782122	0.3138448362198337	0.15998662975016265	0.23960335484580614
0.20470352879244527	0.07357966599679339	0.3155695409668978	0.15985333640672025	0.24629392783714307
0.20677012815122756	0.08850637758774345	0.31707853220301674	0.14858369678847755	0.2390612652695345
0.2208472107723802	0.08461682236963444	0.29847173124340276	0.14940336943073326	0.2466608661838491
0.23271789153974207	0.08940956984960727	0.29838384877580304	0.14666628524935954	0.23282240458548786
0.2301935647160614	0.0799454193476783	0.3148878370288721	0.1500629638178338	0.22491021508955417
0.22375796825134564	0.07379435681450772	0.3051720670763866	0.15122854124355967	0.24604706661420014
0.22614304685480752	0.08569747958678732	0.30863256374400144	0.14986851377524857	0.22965839603915494
0.2248930309809454	0.07763876865696111	0.3173979528189713	0.1485936104431533	0.23147663709996863
0.23572663886616238	0.07035567012390981	0.30874143858629693	0.16193931660812788	0.22323693581550275
0.22550389260046444	0.07194710170105795	0.30021852878852917	0.16254459643891916	0.23978588047102903
0.20550406088710974	0.08089580407045874	0.3142475479795159	0.15888958669141678	0.24046300037149862
0.2090380875812166	0.08829440334095907	0.31492684901416135	0.16089001201990777	0.226850648043755
0.21375698807590382	0.07301939472977284	0.3256354085552278	0.1560059162249929	0.2315822924141024
0.20868777310013925	0.0821566775474265	0.3277182717933575	0.1442951155812629	0.23714216197781363
0.20636187792263705	0.08062021847883898	0.3200917441098929	0.1537926248552004	0.23913353463343046
0.22306144110286708	0.0866921454735367	0.29782482332021826	0.1626323710547496	0.22978921904862817
0.2183966718433002	0.08256980818857415	0.3193767155652318	0.1460746450266707	0.2335821593762229
0.22331227002479276	0.07335069462842447	0.32421125873852097	0.14743800669774565	0.23168776991051593
0.20771053172698287	0.0903835703874646	0.32413520933089535	0.14415502933145263	0.23361565922320432
0.20790515087345263	0.08720698767349103	0.3099956052986859	0.15228846670590893	0.24260378944846125
0.20503141277586925	0.07497353158252107	0.32323225359073854	0.15848203505941505	0.23828076699145587
0.227772879354114	0.07821071435989414	0.3121657999534496	0.14899987372873497	0.23285073260380706
0.2232346578424882	0.07919388261974926	0.295521963957473	0.15656932278912944	0.24548017279115986
0.22205679708780945	0.08976087879744712	0.3001488697536323	0.1606461954221273	0.22738725893898357
0.2302349765375691	0.07555878301815218	0.3142466208413648	0.15053493567355178	0.2294246839293619
0.22971747415650481	0.08364133003147317	0.30798951941226094	0.14920962906461968	0.22944204733514117
0.2236466614771641	0.07414437056582066	0.3212856243843026	0.14939553591138782	0.2315278076613246
0.2215731617213936	0.07548776011152314	0.3197855767506603	0.14809838573437667	0.235055115682046
0.2156001208742254	0.075414350768479	0.32418879818351476	0.14962076761356122	0.2351759625602194
0.21733166184022928	0.0804638335846915	0.32516031027139763	0.15319190514133532	0.223852289162346
0.21960955550387906	0.07973971969016522	0.3109540570147975	0.14576384140424964	0.24393282638690833
0.23090764056839935	0.07853859264273054	0.3049013279010937	0.15094975307895708	0.2347026858088191
0.2198553403898556	0.09021119984918508	0.307388104596213	0.14412101808765793	0.2384243370770881
0.21959762686361697	0.08548033259252037	0.30730493559047517	0.15379039970991198	0.2338267052434752
0.22986318576996256	0.0788530572533318	0.30552925294389977	0.1471130094340545	0.2386414945987511
0.22277383230721515	0.07772594756293337	0.30235300987674346	0.15870261884063339	0.23844459141247437
0.21490528858415706	0.0780272537692673	0.3251768721553772	0.14886747156866814	0.23302311392253006
0.21647677484253286	0.07982709659077132	0.3080341116647731	0.1635451408306457	0.23211687607127673
0.22189919828740168	0.07146795284971186	0.32053212297364175	0.15505181672481308	0.23104890916443144
0.21715168409002883	0.08002146477629866	0.32889643686908937	0.14598453726371927	0.22794587700086366
0.20728498581659677	0.08988765083598685	0.31649944469375	0.14599081754583382	0.24033710110783232
0.2153145300894691	0.08734464462378808	0.3030727878684616	0.15093515638958027	0.24333288102870065
0.21450585492250546	0.08277106403971282	0.30740215295188444	0.15470332621944405	0.24061760186645295
0.21210147922032557	0.08158569315482196	0.31728502274604964	0.15046984030400462	0.23855796457479794
0.23557467971552826	0.0690623179258964	0.3136388130399194	0.1543518297448068	0.22737235957384888
0.2059579157964448	0.09001902146699171	0.31490426470014776	0.14980728400563412	0.23931151403078135
0.22991587982756748	0.08367404423460534	0.29665130454080224	0.15641567852921753	0.23334309286780713
0.21621135410200676	0.08658929680455002	0.3128318588158	0.14582755640388512	0.23853993387375788
0.23438943436963447	0.07890167387774717	0.31294657787016267	0.14509727229748814	0.2286650415849673
0.21621292598988295	0.0760811215583384	0.32881392323229836	0.15060739472705137	0.22828463449242867
0.22391821093877837	0.08196535656408672	0.31466034457458575	0.1482797236358117	0.2311763642867372
0.21832221930663476	0.07635457273479324	0.3125360104963683	0.15796450205101636	0.2348226954111871
0.22067273687421485	0.07618432978488357	0.3187558383312003	0.16090560488344074	0.2234814901262603
0.2310247464731978	0.0757391538302369	0.29480707654984933	0.15406352946723817	0.24436549367947757
0.20425182223090332	0.08935368225217012	0.30292148511825995	0.1581289271300117	0.2453440832686547
0.21881354631482333	0.0805422645012787	0.319457479216232	0.14554829308560746	0.23563841688205822
0.23696647639520824	0.08517109196897665	0.29767515778637343	0.14498378273224838	0.23520349111719302
0.22065839825356207	0.07406188591327154	0.3270728845711196	0.15353504431711484	0.22467178694493176
0.20490300688748417	0.08585270519350155	0.3185339849640428	0.15001175530017313	0.24069854765479815
0.22264817924828714	0.07677014448631078	0.30987360449083834	0.1482252064098517	0.24248286536471175
0.22814910714750194	0.07474811082910851	0.30122141006012604	0.16097019137760885	0.2349111805856544
0.21287222864013838	0.07654474584240283	0.3245462799739861	0.1629198030103741	0.22311694253309838
0.22065437129209597	0.08242704234141383	0.31310114632487696	0.1557937715816042	0.2280236684600088
0.2342858622573954	0.06993295907384806	0.30539006407051955	0.14363441958312703	0.24675669501510974
0.21911128721764578	0.08968154620716477	0.29938857164394683	0.14452852797346633	0.24729006695777606
0.22061207755792667	0.08584516917724447	0.3206552201014774	0.14877717885343417	0.22411035430991705
0.21837492347371182	0.08557865703338223	0.3170658506408699	0.14677370979311383	0.232206859058922
0.22083645367965993	0.0703761587953032	0.3139727217094641	0.16159695068526084	0.23321771513031164
