0.005387303711402891	0.1819616774975622	0.812651018791035
0.009209023626542745	0.19035987389091097	0.8004311024825463
0.011202087614447687	0.1488655647103209	0.8399323476752315
0.009372634828015314	0.14154085495848256	0.8490865102135022
0.01072852892594689	0.08692501907157818	0.902346452002475
0.0015323725459486792	0.08320833497718527	0.9152592924768661
0.012287319640347683	0.12379769943987745	0.8639149809197749
0.01377655821986562	0.13070911933787677	0.8555143224422577
0.015634709701751737	0.17868655671045	0.8056787335877984
0.01021970398501193	0.16110281839453905	0.8286774776204491
0.0012935223052426004	0.2047829877847318	0.7939234899100256
0.004417350917576279	0.22186687880783101	0.7737157702745929
0.006183710844048895	0.6131841587188263	0.380632130437125
0.012090830309303136	0.7096616885248995	0.27824748116579745
0.0038107035977612558	0.7038303516363744	0.2923589447658644
0.003923479351813475	0.6132673931157238	0.382809127532463
0.010753957875535125	0.6262300972581771	0.36301594486628785
0.013192190562766104	0.5381355258923511	0.44867228354488287
0.013668729862227447	0.49572829463771323	0.4906029755000595
0.008726159414166879	0.4985570330358571	0.4927168075499761
0.01491009668691129	0.9159570963023882	0.06913280701070063
3.676728908971749E-4	0.864087863770909	0.13554446333819395
0.013643814549065159	0.7085910129345694	0.2777651725163656
0.013990938559979738	0.6638404750267839	0.32216858641323654
0.005306192806873222	0.6342838076044305	0.3604099995886964
0.0038287553632995186	0.6834188756138728	0.3127523690228278
0.0010806573638334482	0.6933760721776072	0.30554327045855945
0.007199285884857631	0.6992171934034161	0.29358352071172633
0.0105632561582793	0.5934858442415109	0.39595089960021
0.00412974863221538	0.6076685897214444	0.38820166164634035
0.006206290809210091	0.5917801575256254	0.4020135516651646
0.0020161559033066156	0.24942778832094006	0.7485560557757535
0.009633571950177111	0.27967210696813954	0.7106943210816835
0.011297418971197015	0.6272894399349063	0.3614131410938968
4.3007949716378224E-4	0.5558446618654309	0.4437252586374055
0.008022159211274582	0.3671846010383498	0.6247932397503757
0.0037449020818645096	0.28514004126914044	0.7111150566489952
0.0017192868066555622	0.1987801146237169	0.7995005985696277
0.011247857822179408	0.22556658670004284	0.7631855554777778
0.0051230209468350885	0.19996002798279894	0.7949169510703661
0.004531099153885498	0.2315561709744472	0.7639127298716675
0.0041170151747825234	0.20568554630214209	0.7901974385230754
0.008197544537503099	0.18832692624419775	0.8034755292182993
0.002890384776235211	0.1596129967533385	0.8374966184704263
0.010194922192848288	0.15700116141418782	0.8328039163929639
0.014886467256348734	0.09927609424345302	0.8858374385001984
0.002239161011857116	0.11608586273791208	0.881674976250231
0.014227702549752808	0.15065186876290665	0.8351204286873407
0.011849191418587923	0.48721894869742843	0.5009318598839838
0.0083528985881679	0.3839658933421961	0.6076812080696361
0.014558106539336979	0.3927102769314662	0.5927316165291969
0.013149340647954921	0.4459465573428404	0.5409041020092048
0.00538920325649328	0.44564957770111036	0.5489612190423965
0.0087982934293942	0.46924996763472426	0.5219517389358816
0.004213566397455848	0.4439232870034012	0.551863146599143
0.013472377774015443	0.4219035445765006	0.5646240776494841
0.014931368740619844	0.4521667578186367	0.5329018734407436
0.014971108933958865	0.42997635561635084	0.5550525354496905
0.010852397374169986	0.4368985263877948	0.5522490762380353
0.009878993897351585	0.3892462490224954	0.6008747570801531
0.01343014951870064	0.42679335125635703	0.5597764992249424
0.009256012231145194	0.33109183579489443	0.6596521519739604
0.004322258042614158	0.23271749260378483	0.7629602493536012
0.009996619912774007	0.23635094324660438	0.7536524368406218
0.013546175363056745	0.2751377134619095	0.7113161111750339
0.011511360931137693	0.2121787738110578	0.7763098652578047
0.00306229305620509	0.19554407465122675	0.8013936322925683
0.013050566686248044	0.2681482137417839	0.7188012195719682
0.009406946944662486	0.25225047999581607	0.7383425730595216
0.011804500816555596	0.24814766915624634	0.7400478300271982
0.009402172353461857	0.26469203931783836	0.7259057883286999
0.0016344597898218516	0.2406705283123984	0.7576950118977799
0.015137588520627687	0.31140560078346435	0.6734568106959081
0.011246647831610834	0.3585997012445974	0.6301536509237919
0.008443453202246709	0.8816385027155542	0.10991804408219918
0.006731622253085101	0.9258379316230142	0.06743044612390087
0.0017935968045664774	0.9357380503669753	0.06246835282845831
0.014261752382881687	0.8678152618426296	0.11792298577448873
0.011607674000454093	0.8851023882472305	0.10328993775231549
0.009045646414881814	0.8093098162890561	0.1816445372960622
0.012325672949295985	0.7373013972761854	0.25037292977451875
0.014945235028773096	0.7160678455121302	0.2689869194590968
0.007810727502377046	0.8341421299998428	0.15804714249778024
0.007714088071106406	0.8437701776403556	0.1485157342885382
0.007846796332475148	0.8960108869086355	0.09614231675888946
0.006014910955487729	0.7900223934104817	0.20396269563403063
0.0010189831764280677	0.8236310626778733	0.17534995414569876
0.01483373141417077	0.8057366389347342	0.17942962965109502
0.007862496923305762	0.8112103819017351	0.18092712117495918
0.009301191584873914	0.7982003036845478	0.19249850473057842
0.01150865078184865	0.8350366047515757	0.15345474446657578
0.00833450878528369	0.8981455805740491	0.09351991064066728
0.0018318676491115848	0.9024403228731545	0.09572780947773404
0.008191992972244877	0.9211958472447022	0.07061215978305319
0.014931184314550039	0.9237115402734711	0.06135727541197905
6.27399680008689E-4	0.9378388965969869	0.061533703723004374
0.011212045323489128	0.921040400281826	0.067747554394685
0.01245322635112367	0.8822126537488049	0.10533411990007152
0.010929453951503243	0.8855795625635681	0.1034909834849288
0.010291206366471795	0.8722572220700131	0.11745157156351521
0.0074266484924758736	0.8078975990417059	0.18467575246581833
0.00734427459583703	0.7931577733451154	0.19949795205904775
0.0028261443274857356	0.04470538909449384	0.9524684665780206
0.001799993840858105	0.12285277265697617	0.8753472335021659
0.008836179145634615	0.13696575808104375	0.8541980627733217
0.01542510500828953	0.11054095021994503	0.8740339447717657
5.710313180274373E-4	0.0968420807786819	0.9025868879032908
0.0035273842289931245	0.03235383143973136	0.9641187843312756
0.003327101563592616	0.03532017198835857	0.9613527264480489
0.011148865717170886	0.0582741053599834	0.9305770289228459
0.0023817256061476333	0.10275991160144599	0.8948583627924065
1.5263538545173816E-4	0.09990022451288225	0.8999471401016662
0.002421441033983507	0.15984776797851052	0.837730790987506
0.009610019676912274	0.14878132630961363	0.8416086540134742
0.0027948407569689526	0.17421486419176835	0.8229902950512629
0.011714865909466798	0.14737917578009063	0.8409059583104427
0.002862761641691969	0.10657085678380787	0.8905663815745003
0.011183539479359184	0.048703200542325464	0.9401132599783155
5.671040818669981E-4	0.08808987738320137	0.9113430185349318
0.005184889356378508	0.09403155544574571	0.9007835551978759
0.013053796018567154	0.08336922211729214	0.9035769818641408
0.00680434599420765	0.09734273137951713	0.8958529226262755
0.010290852989803423	0.09799426624002489	0.8917148807701718
0.004744014847913591	0.15179745543573137	0.8434585297163552
0.005010178690213418	0.15332766279400853	0.8416621585157782
0.00230338739662872	0.0989082231403739	0.8987883894629977
3.509748224491682E-4	0.10261945984564458	0.8970295653319064
0.004910793109950962	0.07726251143211682	0.9178266954579324
0.014844395056705983	0.055851200342338536	0.9293044046009556
0.014984339790297896	0.11048715200403164	0.8745285082056706
0.010523051004455108	0.18043696234126716	0.8090399866542779
0.008053426694423771	0.17729498274430014	0.8146515905612762
0.01485051707639018	0.16481851354843252	0.8203309693751775
0.011564352079335094	0.09468071296410768	0.8937549349565573
0.004813251141176034	0.20176616412778753	0.7934205847310366
0.010426964949845074	0.22471274204782765	0.7648602930023274
0.014192285544402217	0.2095183492555061	0.7762893652000917
0.012289401621926654	0.16517343202098825	0.8225371663570853
0.0020907553173216686	0.1685162190769388	0.8293930256057396
0.008230148840730755	0.16443860155686357	0.8273312496024057
0.01086513822568469	0.15707558246707679	0.8320592793072386
0.006160362756735871	0.23155276052959287	0.7622868767136715
0.005047484025463789	0.26148484312963705	0.7334676728448992
0.00450325151944142	0.26986836629652483	0.7256283821840339
0.005978813323874788	0.2984261691328069	0.6955950175433185
0.014551548871187592	0.4665450016968043	0.5189034494320083
0.002244013661415134	0.4559086465397766	0.5418473397988085
0.008333573911523562	0.41218095987547604	0.5794854662130006
0.005937887054881685	0.33293829640455724	0.6611238165405613
0.002189399836953765	0.6431020755960123	0.3547085245670341
0.012543943123308587	0.7979925154956922	0.18946354138099927
0.014705739315958422	0.7928032446023905	0.19249101608165126
0.007732519819530048	0.8004964357962772	0.19177104438419285
0.005407797640859913	0.7987596155718654	0.19583258678727483
0.015390452675875244	0.314606201887016	0.6700033454371088
0.008449570273646623	0.30245866309014646	0.6890917666362071
0.012934198773482508	0.29626360987855876	0.690802191347959
0.011674680497028744	0.29644887477536225	0.6918764447276091
0.009176069467218273	0.6266517437993311	0.36417218673345064
4.6833006689067647E-4	0.19995535420728514	0.7995763157258243
0.002508366751497848	0.22200134093879498	0.7754902923097073
0.0013443493454139421	0.14204534388510062	0.8566103067694855
0.015297789648381355	0.15577809692790123	0.8289241134237175
0.012832935478329588	0.1685169860137616	0.8186500785079089
0.001369045093125243	0.424103057353174	0.5745278975537009
0.013832194477554016	0.5652293829069919	0.4209384226154543
0.011560491458140643	0.48549532414003665	0.5029441844018228
0.013212196616500305	0.5844702747295871	0.4023175286539126
0.0066465593826599	0.5505356282299736	0.44281781238736656
0.008691724388837863	0.6054772737122339	0.3858310018989283
9.822760682594578E-4	0.6291467382172116	0.36987098571452914
0.0064138643057809475	0.8680206550837171	0.12556548061050216
0.009395903100342384	0.8591925094890887	0.13141158741056913
0.005886173536601813	0.9142533443550339	0.07986048210836444
0.006100651541264157	0.9219562406128798	0.07194310784585617
0.0057117269665908355	0.8331325412137242	0.16115573181968507
0.007408297783176865	0.815519504185549	0.17707219803127433
0.010397793317461212	0.8191853617419288	0.17041684494061013
0.003018833669328147	0.844678014413617	0.15230315191705499
0.006417143484935717	0.8940259744104314	0.09955688210463295
0.0056441474206642694	0.9330573814151885	0.06129847116414733
0.00558496470732156	0.832019691393358	0.16239534389932053
0.00788001065660593	0.8590671435244407	0.1330528458189535
0.015446118629007244	0.8656686169606074	0.11888526441038555
0.007487412292932927	0.8693917533189497	0.1231208343881175
0.005185877076879286	0.794412286113835	0.20040183680928597
0.0019894785299727213	0.8152286186454731	0.1827819028245542
0.008824027927072597	0.6080574051848823	0.38311856688804524
0.01276594617645227	0.9155892284668449	0.07164482535670302
0.0011897975248188475	0.8904925213944332	0.10831768108074802
2.011094734582497E-4	0.8897512410912809	0.11004764943526096
0.005417982804751864	0.8640639800963973	0.13051803709885101
0.009858122815240788	0.8696247468077274	0.12051713037703199
0.004822802072255883	0.10348734263444287	0.8916898552933014
0.0024095134878947544	0.1856798403320526	0.8119106461800528
0.004426894901165768	0.1628706649749086	0.8327024401239258
0.013836372052440593	0.047500571782251366	0.9386630561653081
0.012555679198578418	0.1678470695520053	0.8195972512494165
0.0104565849957442	0.3062315172003427	0.6833118978039132
0.0014727503593880975	0.29381359585066136	0.7047136537899508
0.010303535655539542	0.23441642222306763	0.755280042121393
0.0020349769159289655	0.2586018531863471	0.7393631698977241
0.0010626415280677315	0.13694314855598713	0.8619942099159452
0.0046502065542560755	0.18361775855396636	0.8117320348917777
0.0016083814833277588	0.22877401112921636	0.769617607387456
0.014806897840719369	0.2348833797735474	0.7503097223857333
0.003839601896927891	0.19937009755234966	0.7967903005507226
0.0012613614655949679	0.20060331989958652	0.7981353186348187
0.011570205358857832	0.2305268849323564	0.7579029097087859
0.0011613438073042603	0.14244485564019244	0.8563938005525034
0.011733670904122251	0.13707908506740468	0.8511872440284732
0.011169366438041783	0.07971123659686774	0.9091193969650906
0.010717273201012567	0.1024936376734128	0.8867890891255747
0.013632246662082625	0.0653855157435636	0.9209822375943539
0.007954952016776429	0.4395427518712708	0.552502296111953
0.0018585825805088052	0.41590721578003265	0.5822342016394587
0.00104604924007079	0.49867692945831266	0.5002770213016167
0.005662509771310498	0.6457144558786818	0.34862303435000774
0.004319827574355395	0.6663646506355043	0.32931552179014034
0.007558007389719235	0.6674428916637343	0.3249991009465466
0.013731334711685361	0.6704443501256495	0.3158243151626652
0.004297168102185167	0.6006145716558409	0.395088260241974
0.013170389274096972	0.5711264461433665	0.41570316458253664
2.0054016163628674E-4	0.5177254407175169	0.48207401912084685
0.015008095963729096	0.5359220865198205	0.4490698175164505
2.9139616657736234E-4	0.42101423314675307	0.5786943706866696
0.0014448062847098875	0.585939411617656	0.4126157820976343
0.015394164482915695	0.6172040803894383	0.3674017551276462
0.003532465538294338	0.6833734792894433	0.3130940551722625
0.0041020528326015104	0.1344631327707087	0.8614348143966899
0.014341624881383963	0.12579907646336191	0.8598592986552542
0.005353770399772584	0.1742980630442995	0.820348166555928
0.013454826843308454	0.1401643044054172	0.8463808687512745
0.01467550716560112	0.06104263391864362	0.9242818589157554
0.014638696008064167	0.09144692600122484	0.8939143779907112
0.003897955754099458	0.054875092183212404	0.9412269520626882
0.014520841487734581	0.04062397155003006	0.9448551869622355
0.0024593157032076207	0.06083439158963688	0.9367062927071556
0.007834311779774172	0.04496348756201585	0.9472022006582101
0.005566134247119547	0.15103064218800236	0.8434032235648782
0.00732203445502877	0.14435159498164707	0.8483263705633243
0.0033400704173651152	0.165148476836113	0.8315114527465219
0.012794890705103368	0.17567854554139126	0.8115265637535054
0.011740283660336304	0.18040706955330144	0.8078526467863625
0.008783792170022398	0.14611521039516623	0.8451009974348115
0.008234665540304054	0.17431429294059095	0.8174510415191051
0.006803128608610931	0.21695144846473133	0.7762454229266578
0.0019269936911175956	0.23205127327690753	0.766021733031975
0.013476348573948638	0.24735151693178423	0.7391721344942672
0.007538666522345583	0.039434752864675404	0.9530265806129792
0.013803406417635777	0.03586468128236364	0.9503319123000008
0.013665633504125418	0.04609319121736599	0.9402411752785087
0.010257346264527789	0.13974285485768267	0.8499997988777896
0.0035119697383594883	0.11762217257223753	0.8788658576894031
0.0053271579654098344	0.03233912232259589	0.9623337197119944
0.001599825679823974	0.06316784263938413	0.935232331680792
0.0045237505797955935	0.07976758918045834	0.9157086602397461
0.005524958041511652	0.03641287207441213	0.9580621698840764
0.015126618782587253	0.05610444330228759	0.9287689379151253
0.008141006932785078	0.05041865782611876	0.9414403352410962
0.013654982507049773	0.05188315467114285	0.9344618628218075
0.01379148916628381	0.04777202789875534	0.938436482934961
5.645696589243743E-4	0.10817157147733156	0.8912638588637443
0.0021977456626438574	0.08591273419690595	0.9118895201404503
0.009741345760537756	0.07921160414528916	0.9110470500941732
0.01202798431867369	0.10408826809221683	0.8838837475891095
0.007917343272132615	0.20153554683329228	0.7905471098945752
0.008705526651621054	0.18844688603320847	0.8028475873151706
0.0028300243956665416	0.3111165017055043	0.6860534738988292
0.013976405526282987	0.23725227358043957	0.7487713208932776
0.01287380405259858	0.2271778789257417	0.7599483170216599
0.009474053987135467	0.21598267271346205	0.7745432732994026
0.002508254109494512	0.1821357613699866	0.815355984520519
0.005994039410388563	0.6794096377844838	0.3145963228051277
0.002471425239800651	0.6498855918810182	0.3476429828791813
0.002043281079792625	0.6155141170385683	0.3824426018816392
0.010320423092470332	0.5155985491291183	0.47408102777841155
0.012306704903153443	0.45607932222335196	0.5316139728734948
0.01555621795508405	0.47854339774820415	0.505900384296712
0.004000253180596602	0.5355172321135597	0.46048251470584384
0.013175449056014976	0.5024388727444686	0.4843856781995166
0.008219628364865894	0.48970875018137516	0.502071621453759
0.0045407111960968916	0.5033444128840672	0.49211487591983605
0.009849532156989416	0.508510605539839	0.4816398623031718
0.0061976108182629774	0.5260163064721444	0.4677860827095929
0.0020009520812326875	0.5657013715475123	0.43229767637125505
0.013353298472574604	0.5915901949149679	0.3950565066124576
0.015348550649969206	0.6910397902526294	0.2936116590974015
0.005608103327070679	0.6551665245503092	0.3392253721226202
0.006256114864153006	0.7324014613432663	0.26134242379258077
0.007038644036501618	0.8268774744969223	0.1660838814665762
0.011307113001297442	0.8670356341143739	0.12165725288432877
0.003192525984728689	0.1643573632358137	0.8324501107794577
0.003934087524964436	0.2101181914029788	0.7859477210720569
5.375764300207808E-4	0.18495721320632028	0.8145052103636591
0.004648752721855942	0.11613029981666534	0.8792209474614788
0.005458621809592501	0.08232500794706271	0.9122163702433449
0.003400870618423535	0.1287700370432971	0.8678290923382795
9.997294669880086E-4	0.12973295129913975	0.8692673192338725
0.01127442123581629	0.11915487090115379	0.86957070786303
0.013796018855848247	0.1264999994623492	0.8597039816818027
0.0026395005262389026	0.40909893830362787	0.5882615611701334
0.010379717621280538	0.42331385730468446	0.5663064250740352
0.00862867387847499	0.45364808082488317	0.537723245296642
0.011767836575868162	0.23165200256765237	0.7565801608564795
0.013175358765471323	0.1982356686673555	0.7885889725671733
0.0021111579045735573	0.16372106556941737	0.8341677765260093
0.009519882946035951	0.18175147011297507	0.8087286469409891
0.01467112352773109	0.18506085911477713	0.8002680173574919
0.011789637034943179	0.06870423164272027	0.9195061313223366
0.0035368870390084517	0.26094974031113755	0.7355133726498542
0.008960220524068363	0.2640099889306893	0.7270297905452425
0.015413462480486029	0.2428773659950358	0.7417091715244784
0.01428492928738656	0.25112393110257497	0.7345911396100385
0.01146142518413168	0.26892289136225	0.7196156834536185
0.012846151182976662	0.7664084953324852	0.22074535348453828
0.0013130881549029971	0.7650971596801248	0.2335897521649723
0.012660212513846858	0.7906989435174081	0.19664084396874526
0.0031662634023951752	0.8216256792148373	0.1752080573827677
5.326245592016665E-4	0.6317084995194923	0.3677588759213063
0.009138288599237931	0.6383585540723505	0.3525031573284116
0.005891507934586537	0.7041935692302828	0.2899149228351309
0.007843043814432904	0.5872421192316475	0.4049148369539197
0.0054674645256299614	0.5433962961244988	0.4511362393498714
0.011971515871486094	0.5034240925870622	0.4846043915414518
0.01568946114920783	0.47894590178198465	0.5053646370688076
0.01008040228234064	0.4970675949703393	0.4928520027473202
0.005066568026722007	0.5699717140662488	0.4249617179070293
0.008007061395669757	0.5804986091331518	0.4114943294711786
0.008102514214248513	0.5667417145053661	0.42515577128038545
0.006152249476977623	0.5589727079438461	0.4348750425791764
0.006976765715264843	0.5757869783354688	0.4172362559492665
0.007949082652902284	0.5841970478416261	0.40785386950547176
0.004901732526117419	0.5694966753681381	0.4256015921057446
0.00390443157479492	0.26277406702975475	0.7333215013954505
0.004622621294009643	0.28822684136148247	0.7071505373445081
0.008831679204693244	0.27540829839578546	0.7157600223995214
0.011999192808188397	0.4453506288492629	0.5426501783425488
0.00814075699615846	0.769335270997227	0.2225239720066146
0.007305080364683747	0.8549786183380762	0.13771630129724016
0.013962180175062178	0.8433128851990574	0.1427249346258806
0.009044911876051553	0.37806156423496085	0.6128935238889878
0.009032895157380316	0.31923788803752984	0.67172921680509
0.013203354142467538	0.33084876387459383	0.6559478819829387
0.004778062912696668	0.33943762145319245	0.655784315634111
0.004833584860345019	0.2338517630410064	0.7613146520986487
0.00851228612478272	0.6471164593894596	0.3443712544857579
0.007785946400309218	0.6490421136373749	0.3431719399623161
0.006768687004232554	0.8898399855611959	0.10339132743457169
0.006844080584137269	0.8833400473551605	0.10981587206070242
0.012148503556121015	0.7139765975017733	0.27387489894210565
0.004774106529593092	0.5749460387613174	0.4202798547090896
0.010099783188101452	0.30973155878142744	0.6801686580304712
0.01291856118052942	0.6441646956083085	0.3429167432111623
0.0059453946422766135	0.6380006646631134	0.35605394069461005
0.013867451030198263	0.731631395621414	0.2545011533483878
0.012118120211809247	0.6221861758868359	0.365695703901355
0.006977974316964564	0.6394726476887598	0.35354937799427566
0.0074623209844708605	0.6344116976657186	0.35812598134981066
0.0041557185994842705	0.5391820952911072	0.4566621861094087
0.012405719007448468	0.5276490258091362	0.45994525518341556
0.010778724980207433	0.3910017499846762	0.5982195250351166
0.008778085107623124	0.4376048660428326	0.5536170488495444
0.0059465462410487335	0.3786668932489071	0.6153865605100443
0.012476106915004725	0.30276074298074707	0.6847631501042484
0.004208653774556093	0.29506319673380466	0.7007281494916393
0.006841755976065789	0.28681320471441096	0.7063450393095234
0.0017013396482551402	0.6697743058228778	0.3285243545288672
0.003797725934668872	0.6681428819026178	0.3280593921627134
0.011532451998022886	0.6659604606898417	0.32250708731213557
0.008303730872036508	0.6687188482655115	0.3229774208624521
0.004102787933317087	0.8299949901885575	0.16590222187812564
0.010284869009195063	0.8472768006398776	0.1424383303509274
0.011870244922507434	0.9193041231548654	0.0688256319226273
0.004062130665241859	0.9054888351152625	0.0904490342194959
0.008307738517559005	0.46578582472668384	0.5259064367557573
0.004971577619243994	0.2460509830282261	0.7489774393525301
0.013347627396128325	0.2478088698882932	0.7388435027155786
0.006135829715362251	0.327006538369542	0.6668576319150958
2.833023099361176E-4	0.42336026470311244	0.5763564329869515
0.002221528002521622	0.5456984872073887	0.4520799847900898
0.008308723849508426	0.5235981044513343	0.46809317169915743
0.009279644798245501	0.5027553098998055	0.48796504530194906
0.005533088565479349	0.5634518322256623	0.4310150792088585
0.0020700093520356067	0.6158611659746929	0.3820688246732716
0.011780479971191138	0.6554326975559093	0.3327868224728998
0.014731579548720397	0.7978274723179528	0.18744094813332696
0.00884436695514873	0.7320482064446403	0.25910742660021113
0.0030116018398919087	0.5473501963122513	0.4496382018478569
0.003377009314901258	0.5204918500521573	0.4761311406329416
0.013008795117288252	0.5193479866832958	0.467643218199416
0.01492996656174167	0.4934409462284837	0.4916290872097747
0.01526761916804531	0.4719517469724744	0.5127806338594805
0.012789728474261464	0.4287076394894461	0.5585026320362925
0.014377212052343658	0.3718198346454935	0.613802953302163
0.01181538662398468	0.27502095491004513	0.7131636584659702
0.010211164137397644	0.19539384128302015	0.7943949945795823
0.0036280454587477307	0.16170939718773414	0.8346625573535182
0.013344658833784773	0.09400209469825005	0.8926532464679653
0.003916323300642011	0.23020298734507255	0.7658806893542855
0.01266790716575994	0.05202873195941815	0.9353033608748221
0.011513659237202989	0.11662579011327023	0.8718605506495269
7.17760687870661E-4	0.27013553725486794	0.7291467020572615
0.007633128242386988	0.18657740542072343	0.8057894663368896
0.014299795957728456	0.19640008509457665	0.789300118947695
0.01562487795009121	0.14152218613576503	0.8428529359141439
0.001101627942826422	0.14963570958031036	0.8492626624768634
0.013754945516702088	0.12936269890888935	0.8568823555744087
0.006916665355656437	0.12299405956777276	0.870089275076571
0.006622432133811473	0.12144854137673405	0.8719290264894547
0.0010081214983176934	0.12603153543122925	0.8729603430704532
0.004602963523949566	0.08736146520574545	0.9080355712703051
0.00990936665255654	0.10969144714822826	0.8803991861992153
0.009851898548024651	0.1697962369166507	0.8203518645353247
0.008102132546807472	0.14706884856289054	0.844829018890302
0.002299418823804855	0.18137097327443036	0.8163296079017649
0.004415413875904939	0.1775836327194693	0.818000953404626
0.0027900859102444886	0.07386647157599424	0.9233434425137614
0.009787662143207143	0.7501569365821572	0.24005540127463582
9.84341738111294E-4	0.8410213019776834	0.15799435628420538
0.00631863164686608	0.8471234946871052	0.14655787366602885
0.01148595372350708	0.8993208272711062	0.08919321900538693
0.015235065401624837	0.8417510779820728	0.14301385661630253
9.939267720989742E-4	0.8503595783055552	0.14864649492234594
0.00459769757648909	0.8465348737465885	0.14886742867692251
0.005499173346709407	0.8988296613202112	0.09567116533307946
0.013183966240695733	0.8058651575789784	0.1809508761803259
0.015191791484161998	0.8919459013788298	0.09286230713700841
0.0019864125159636536	0.2817810169584012	0.7162325705256353
0.008478427880787898	0.27285934215774194	0.7186622299614702
0.002209039875445795	0.22244935380991604	0.7753416063146383
0.003347278865435177	0.21859097151372608	0.7780617496208388
0.012343338692906713	0.236350937038661	0.7513057242684325
0.002506975792539279	0.21374770115806968	0.7837453230493912
0.015341971434208568	0.04995917251099857	0.9346988560547931
0.008747794510717055	0.04416697680253023	0.9470852286867528
0.010742721842487368	0.3623933901535856	0.6268638880039272
0.01419826999201046	0.2382548144273166	0.7475469155806731
0.009855555518815562	0.24758892423983392	0.7425555202413506
0.009631195651217284	0.29337134540870385	0.696997458940079
0.002148986917245188	0.32501086329974893	0.6728401497830061
0.006808691591583371	0.3079059153768771	0.6852853930315397
0.0076072533283557675	0.3030599206108605	0.6893328260607838
0.012903899733352264	0.34693413462089395	0.640161965645754
0.008740405730410405	0.7268963687562124	0.2643632255133772
0.007037410865918248	0.7592026208048333	0.23375996832924853
0.0010194430638361673	0.6745510579409333	0.3244294989952307
0.007695186018811417	0.6728555423584106	0.31944927162277814
0.013673424844614646	0.6939476567275455	0.29237891842784
0.005192961781456118	0.7058668290298272	0.28894020918871677
0.00794576453111645	0.685870149988226	0.30618408548065773
0.006414124964257639	0.6509411196536061	0.34264475538213646
0.00526196292843556	0.638259282077863	0.35647875499370163
0.00591976470432265	0.6673070784708541	0.32677315682482344
2.0204821767477732E-4	0.6660327447787664	0.333765207003559
0.012641026803015598	0.6253542092745883	0.3620047639223962
0.0016928121293776077	0.11685350765027153	0.881453680220351
0.004247459788469521	0.032521637906671286	0.9632309023048593
0.004804940687586079	0.08470308906536148	0.9104919702470526
0.008698130602196097	0.06998511760418658	0.9213167517936175
0.013572576005226822	0.11846529774392528	0.8679621262508481
0.0038886052927499803	0.12275038645800504	0.8733610082492451
0.012692299341289237	0.07529325267691833	0.9120144479817925
0.01118334193680659	0.11383566660279754	0.874980991460396
0.0017136899010326	0.11206370037750982	0.8862226097214577
0.014975126865598654	0.12954196061028958	0.8554829125241119
4.226564424426593E-4	0.1506896056149035	0.848887737942654
0.00654666997340031	0.7412518822737302	0.2522014477528697
0.014923794098708587	0.748258976712993	0.23681722918829853
0.0068276051595243525	0.7954851136682426	0.19768728117223305
0.008091395213578323	0.7576045984760542	0.23430400631036752
0.011065256416563862	0.8010888664652142	0.18784587711822212
0.0076764745922104916	0.7754643132937628	0.21685921211402684
0.004772071643260878	0.7238213100299418	0.2714066183267975
0.0014772518567087167	0.710318189970415	0.28820455817287643
0.002005295685459041	0.6907583604097729	0.30723634390476817
0.015672562964461123	0.6629276899601668	0.3213997470753722
0.014523643334077796	0.7050805373735786	0.28039581929234375
0.015429066606457598	0.6767167427677536	0.3078541906257889
0.008342129490620964	0.7055760382742986	0.28608183223508055
0.005350093726271543	0.7256272880887294	0.2690226181849991
0.0017177483244422698	0.6346558160227417	0.3636264356528162
0.004571068307826387	0.5396589168364548	0.45577001485571894
0.0028806376118347687	0.8203742446507601	0.1767451177374052
0.0068037414943043495	0.8235598474790877	0.16963641102660806
0.015217611583640989	0.8137347919521113	0.17104759646424778
0.004341238892655197	0.8195388019996561	0.17611995910768885
0.01412495578056061	0.8076217780475202	0.1782532661719193
0.013889813379496518	0.7710413134667022	0.21506887315380147
0.0042806012232387	0.7624071111702545	0.23331228760650688
0.007853528583058655	0.7554207980015708	0.23672567341537065
0.005223008865083145	0.7966653823440504	0.19811160879086667
0.010648547752773685	0.8333564914626765	0.1559949607845499
0.010051132130416529	0.8665415361258294	0.12340733174375415
0.011521433366891876	0.8100173810955089	0.1784611855375994
7.425662431615465E-4	0.4658076175876137	0.5334498161692249
0.004064353819302924	0.398510055409858	0.5974255907708392
0.013361878810554562	0.4063785789180394	0.5802595422714061
0.009597546401917234	0.28196098972310785	0.7084414638749751
0.01279827679433726	0.2464782065210716	0.7407235166845912
0.01369944937078954	0.2578815134009669	0.7284190372282437
0.003830436190688402	0.22038807993948523	0.7757814838698265
0.0035339537173686986	0.2656104969182611	0.7308555493643702
0.004778646390082353	0.255955976364749	0.7392653772451688
0.010059849896744522	0.2747959089852415	0.7151442411180141
0.004525817213824057	0.26480070468449746	0.7306734781016786
0.00928707265670592	0.13830507778421963	0.8524078495590746
0.0016924488231360169	0.13681157116220882	0.8614959800146553
0.009195517040065049	0.13803504303351738	0.8527694399264176
0.010842364308028707	0.2058309822945918	0.7833266533973796
0.007957132031367331	0.15208178351446672	0.8399610844541661
0.012018116845876503	0.0778801980100699	0.9101016851440538
0.014575261268462092	0.07799931173509778	0.9074254269964402
0.011034241100435993	0.07554529169019436	0.9134204672093698
0.003252384662139618	0.09079699736386179	0.9059506179739987
0.006536029286533129	0.21070798210313382	0.7827559886103332
0.003228063027924555	0.24840904843833544	0.7483628885337401
0.0014211797985455576	0.2750591264988873	0.7235196937025673
0.011702129046176568	0.2982606217387669	0.6900372492150566
0.004591813228960129	0.3296584406287282	0.6657497461423119
0.0018532165768936348	0.32405108187918275	0.6740957015439238
0.0077771422924261535	0.5119086161034319	0.48031424160414204
0.015032793690958057	0.29675161284432394	0.6882155934647181
0.00817925062140129	0.315495439980086	0.6763253093985129
0.008666622086759057	0.5069600497847788	0.48437332812846234
0.015663706054987236	0.5441174966781523	0.4402187972668606
0.002264809429991854	0.5358375548590499	0.46189763571095827
0.007969733473581764	0.5317502718972622	0.4602799946291562
0.008967641965938689	0.5139874021445455	0.47704495588951595
0.005093060675767924	0.45831865265787497	0.5365882866663573
0.013049295319424947	0.7489432118246586	0.23800749285591655
0.013524371639796362	0.6623997806138746	0.32407584774632925
0.012820837155825493	0.6593030079918054	0.3278761548523692
0.012604359641046226	0.6647483334385161	0.32264730692043775
7.575145740878475E-4	0.7137427136380006	0.2854997717879116
0.009615866128610262	0.7139938990602347	0.2763902348111552
0.014690343346013046	0.7549763242578847	0.23033333239610226
0.005312226958951227	0.7611053366143046	0.2335824364267443
0.005508001940714269	0.7713549366634106	0.22313706139587525
0.013017415079932093	0.7581732578792462	0.22880932704082188
0.002318296413699683	0.9312936341284106	0.06638806945788978
0.008384346809967802	0.9031393985306503	0.08847625465938208
0.01438989099068605	0.8923987857343144	0.0932113232749997
0.01544826500597729	0.8906574005508767	0.09389433444314615
0.009300148642618689	0.9007785029629293	0.0899213483944522
0.0051835765583203575	0.8093267295495512	0.18548969389212847
0.014195894004063292	0.9177312193430606	0.06807288665287631
0.01045067358536278	0.9163909624303156	0.07315836398432185
0.0028813116068516775	0.9226186281149523	0.07450006027819611
0.0014093448761057226	0.7156643627677544	0.2829262923561401
0.004605533845159104	0.785525697180248	0.2098687689745929
4.97441636279683E-4	0.8228950437963465	0.1766075145673739
0.007221404854704516	0.7973874314559053	0.19539116368939038
0.004841315148227221	0.7292902085999573	0.26586847625181553
0.0030819456810813883	0.7734623713259386	0.22345568299298008
0.006780238611438838	0.7928821924142992	0.20033756897426208
0.008229032038060136	0.7996160187639392	0.19215494919800089
0.009708612031437913	0.8180829364356335	0.17220845153292874
0.013241672265219107	0.7626452411632427	0.2241130865715384
0.013201766463282416	0.7318713946786464	0.2549268388580713
0.008933333788303632	0.6468488385533718	0.3442178276583247
0.006999694598616879	0.617483560559011	0.37551674484237224
0.015664383823447536	0.5791973884358069	0.4051382277407457
0.0019929785416473167	0.5784103793388212	0.41959664211953157
0.010082379410370823	0.5338297604028772	0.456087860186752
0.001379500659449251	0.6258326727313428	0.3727878266092082
0.012251577950201042	0.5609455402647173	0.42680288178508174
0.003761899583877182	0.5502185296398945	0.4460195707762285
0.011993713364166991	0.5706991603417837	0.41730712629404937
0.004484971922367853	0.49329205468277054	0.5022229733948618
0.005420873544019544	0.5251696400984069	0.4694094863575737
0.007613673012526023	0.30863878172039066	0.6837475452670835
0.0030912761837187386	0.2794008094920311	0.7175079143242502
0.015620788512865358	0.22483345692699797	0.7595457545601367
0.00986780914047758	0.683062422430596	0.3070697684289265
8.593785052530278E-4	0.7225684077817267	0.2765722137130203
0.014260336840348442	0.7219247262201871	0.26381493693946456
0.011260614472985764	0.7057755639599637	0.2829638215670507
0.0029467233116628466	0.7099583424462255	0.2870949342421118
0.015008340881053905	0.719795534133391	0.2651961249855552
0.0015725900790823366	0.7441685439203205	0.2542588660005972
0.013944553490025158	0.7409973760925312	0.24505807041744365
0.01176304014901719	0.5050018790417965	0.48323508080918653
0.008555172220025997	0.601694307850209	0.3897505199297651
0.011281560104533461	0.6671096161386411	0.32160882375682565
0.014055021895546749	0.19309314194580068	0.7928518361586527
0.009584512077450091	0.13809408209303736	0.8523214058295127
0.009297208937420753	0.17862415507077706	0.8120786359918023
0.008656620124748216	0.20359410062883976	0.7877492792464121
0.007828344364743833	0.21115575303334722	0.781015902601909
0.011271866266274744	0.5249232787675506	0.46380485496617485
9.902927075476353E-4	0.5229592724233347	0.47605043486911774
0.0071753848925962815	0.5208625923982062	0.4719620227091975
7.120311736038554E-4	0.5999299015604552	0.39935806726594103
6.852658030583325E-4	0.7272155726169015	0.27209916158004027
0.009030218560294567	0.7556621274783637	0.23530765396134187
0.0036657829882857373	0.7715285091523638	0.22480570785935058
0.002651797252659127	0.8074470012920989	0.18990120145524209
0.012011854748466388	0.8413116184297336	0.14667652682180024
0.0038857988703052126	0.8834055547680161	0.11270864636167882
0.0024058334322058506	0.7145671598827017	0.2830270066850926
0.014035381345783915	0.7182189838125772	0.26774563484163905
0.014562134909179125	0.6083163517246677	0.3771215133661533
0.008100810638977718	0.6371413181291966	0.3547578712318258
0.010527419359541157	0.6181936487176899	0.37127893192276906
0.001086447602053564	0.5896532435827484	0.40926030881519815
0.012989341981202773	0.35830899197188476	0.6287016660469127
0.008123315578655532	0.4006273343263031	0.5912493500950415
0.0029112698427428696	0.41974220169838516	0.5773465284588721
0.0011467271967231518	0.48646724772066113	0.5123860250826159
0.012681425097935461	0.4801513800394862	0.5071671948625784
0.013442688898204658	0.44765885797147753	0.5388984531303179
9.180274097722041E-4	0.4985839069262979	0.50049806566393
0.0017138779936224369	0.48442194190783106	0.5138641800985466
0.010292865482065983	0.4899195256221597	0.4997876088957745
0.002470004363678613	0.3628659890160286	0.6346640066202929
0.003428660961609209	0.6675254660922021	0.32904587294618887
0.00980419721436232	0.10802165922959067	0.8821741435560471
0.005197418613022808	0.09483504179943195	0.8999675395875453
0.01136623134276038	0.08677408640732942	0.9018596822499103
0.005441221143650976	0.09043258946860372	0.9041261893877455
0.0026300604120991222	0.10876003142975943	0.8886099081581417
0.01449314612076158	0.11433728024154866	0.8711695736376899
0.013940559079858472	0.24153684366210598	0.7445225972580356
0.006929137673981345	0.28128789050305547	0.7117829718229634
0.002387061407283342	0.30514535646955293	0.6924675821231638
0.014523645026361776	0.2975627238975327	0.6879136310761057
0.006156352338250404	0.2122143981253936	0.7816292495363562
0.01336311527273909	0.23682245607760316	0.7498144286496577
0.011062923433080463	0.1255759672243325	0.8633611093425871
0.009834928015824307	0.052984134565216445	0.9371809374189594
0.014717027454844656	0.39705500278834155	0.588227969756814
0.007694483731759794	0.35175297210225037	0.64055254416599
0.01409072785846327	0.28772891746149515	0.6981803546800417
0.006957571376141725	0.38777276659301607	0.6052696620308423
0.008883102569490098	0.37025289172838216	0.6208640057021279
0.007947389344509892	0.4009211253633972	0.5911314852920931
0.0032630133330982525	0.41850273134445415	0.5782342553224478
0.01146866261627738	0.18683283253683824	0.8016985048468845
0.0016301664364414825	0.11091783435653468	0.887451999207024
0.005123179684219936	0.2223495947456291	0.7725272255701511
0.006458519572113575	0.30667647543114007	0.6868650049967464
0.00499933062647151	0.19490549262699025	0.8000951767465384
0.004952605555638534	0.13501509699613834	0.8600322974482232
0.015606914045542375	0.1369223340920099	0.8474707518624478
0.013076093114181231	0.16506273263249627	0.8218611742533226
0.015542410676317786	0.21699467754867946	0.7674629117750029
0.0028598112078953575	0.2503210056974392	0.7468191830946656
0.008284619170214058	0.2197888565386496	0.7719265242911365
0.013854021459265398	0.08104677344927624	0.9050992050914585
0.0016115365550157246	0.053449525197855396	0.944938938247129
0.001935637050111183	0.11240514381654637	0.8856592191333426
4.692793898772307E-4	0.32058998966580043	0.6789407309443225
0.0031298098620096138	0.2570045293473877	0.7398656607906028
0.015163295593060955	0.1976523923745392	0.7871843120324
0.003686208110334599	0.286907236880404	0.7094065550092615
0.002563294699017671	0.2986515243119088	0.6987851809890736
0.0071113710880119085	0.2863552356929914	0.7065333932189969
0.011719692422011041	0.5743023123346566	0.4139779952433325
0.010378192807026676	0.5801973680021723	0.4094244391908012
0.006863703819579514	0.20448213648084285	0.7886541596995778
0.015015580100144754	0.18796848176327832	0.797015938136577
0.00834216328553189	0.1919838252652049	0.7996740114492633
0.0073229355616467595	0.1760398335140494	0.816637230924304
0.010346055615743865	0.2475626275234693	0.742091316860787
0.01265953028571376	0.14952320219275073	0.8378172675215356
0.012673854118312677	0.25669287929845885	0.7306332665832287
0.012573027559277583	0.2828271299757254	0.7045998424649971
0.010538187780876784	0.26520400210443773	0.7242578101146856
0.009430774978420486	0.2864932207033052	0.7040760043182744
1.3472322393354164E-4	0.16915135679428034	0.8307139199817862
