0.16651184772368394	0.16673570035145063	0.6667524519248655
0.16660186218441844	0.16709782032987286	0.6663003174857088
0.16628617981155164	0.1666904644763736	0.6670233557120748
0.1664039883220948	0.16656536890932064	0.6670306427685846
0.1663878483429571	0.16702330959428766	0.6665888420627554
0.16635825739877946	0.16717708101192924	0.6664646615892914
0.1665476367789822	0.16721973822661648	0.6662326249944015
0.16661240275928296	0.16657493396972506	0.6668126632709921
0.16637791893590076	0.16662923989496578	0.6669928411691336
0.16648641575788323	0.16697471879271747	0.6665388654493993
0.1663186879320327	0.16672530918387074	0.6669560028840966
0.16640534898458414	0.1670288576788274	0.6665657933365886
0.16634875654701253	0.16687045952655805	0.6667807839264295
0.16652968716149583	0.16683248969560727	0.666637823142897
0.16635322683790144	0.16713560451232068	0.666511168649778
0.1663945946244491	0.16725484001879087	0.6663505653567601
0.16634156030935748	0.166741164343709	0.6669172753469337
0.16650753472717794	0.16671938890705718	0.666773076365765
0.16640086951702468	0.16663063077960888	0.6669684997033665
0.16649987509487174	0.16708278440008129	0.6664173405050471
0.16651118601453005	0.16701944656108372	0.6664693674243864
0.16657877537314864	0.16666125876193677	0.6667599658649147
0.1663112313305865	0.16708817156232092	0.6666005971070927
0.16654249332369334	0.16693646166281756	0.6665210450134893
0.16658599870202562	0.1665408712419132	0.6668731300560613
0.1664585420565416	0.16723979771201952	0.666301660231439
0.16651228539475352	0.1671636417698354	0.6663240728354112
0.1664725899667669	0.16731977087768518	0.666207639155548
0.16644914299076893	0.16679956424872353	0.6667512927605077
0.16651328114891056	0.1669825270546153	0.6665041917964742
0.16632530814659663	0.16699176088235163	0.6666829309710518
0.16640298285617283	0.16673575579282957	0.6668612613509977
0.16648951655172547	0.16685465787881884	0.6666558255694558
0.16632114779883717	0.16677909799907203	0.6668997542020909
0.16649985130286551	0.16656442753095285	0.6669357211661817
0.16658914127329014	0.16661979632266538	0.6667910624040446
0.16658865552867816	0.16709909459723024	0.6663122498740917
0.16628197463217897	0.16686483938300264	0.6668531859848186
0.1663129849286668	0.16732494809768517	0.6663620669736481
0.16648790799619223	0.16717415570999838	0.6663379362938096
0.16654685597640018	0.1667468849604473	0.6667062590631526
0.16659540832091713	0.16700832315555528	0.6663962685235277
0.16659811135768082	0.16715190084095305	0.6662499878013664
0.16656734383355148	0.16680132955766913	0.6666313266087796
0.16635708157121626	0.1671022388361466	0.6665406795926372
0.16652083886652927	0.1672803900200456	0.6661987711134252
0.1665053349229246	0.1670323911675511	0.6664622739095245
0.1663779653887809	0.16654669877487208	0.667075335836347
0.166345425798976	0.16714781698706643	0.6665067572139577
0.16651133714227864	0.16721483892577182	0.6662738239319497
0.16637242369796598	0.16713326799679135	0.6664943083052428
0.166349928626117	0.16673455018128325	0.6669155211925999
0.1663689516694448	0.16725665012804422	0.6663743982025111
0.16633246381542274	0.1667440429874853	0.6669234931970921
0.16651383240026577	0.16674011646763398	0.6667460511321004
0.16632431559244343	0.16674915000217255	0.6669265344053841
0.16631998568417375	0.16670151894547552	0.6669784953703508
0.16630575684196344	0.16720485660720874	0.6664893865508279
0.16654538884596318	0.16691822291816333	0.6665363882358736
0.1665003753934836	0.16665292070027127	0.6668467039062452
0.16638790406892295	0.16700673361597806	0.6666053623150991
0.16655151528905762	0.1672442897396422	0.6662041949713002
0.16630988146043643	0.16726049864837622	0.6664296198911874
0.1662880164951871	0.16659889873689687	0.6671130847679161
0.16650028565023178	0.16657659177248657	0.6669231225772818
0.16643225999466973	0.16719887649439	0.6663688635109404
0.1663902034047578	0.16680183221235356	0.6668079643828888
0.16641123767882637	0.16715775253096524	0.6664310097902084
0.16656888883495777	0.167018627549047	0.6664124836159954
0.16647231995120396	0.16724867094126825	0.6662790091075279
0.16644943554970248	0.16681979928281349	0.6667307651674841
0.16640394979736683	0.16687937043107226	0.6667166797715609
0.16642053716922597	0.16655504811894367	0.6670244147118305
0.16647950607637008	0.1671931117012233	0.6663273822224067
0.16637303617700488	0.16734082269598738	0.6662861411270078
0.16651542577867479	0.166743854390709	0.6667407198306163
0.16656592393596675	0.1671926368961585	0.6662414391678749
0.16656092050938925	0.1671386659912345	0.6663004134993764
0.1665753483910849	0.16691301781304763	0.6665116337958676
0.1666078938246498	0.16676033336817714	0.6666317728071732
0.16657903326570878	0.16714027277730453	0.6662806939569867
0.16650115851368738	0.16731891512490205	0.6661799263614108
0.1665377087664621	0.16725205906905272	0.6662102321644853
0.16649189557676589	0.16720498343996237	0.6663031209832718
0.1665222017433518	0.16680471064376814	0.6666730876128801
0.1666000347695324	0.16672559342361618	0.6666743718068515
0.16636089862532263	0.16699696592147048	0.666642135453207
0.16658088266060658	0.16681057944647254	0.666608537892921
0.166565736545415	0.16724640621434061	0.6661878572402444
0.16630234637186683	0.16734430466888722	0.666353348959246
0.16632327744469189	0.16719096300870842	0.6664857595465998
0.16634079451845857	0.1666604450797482	0.6669987604017934
0.16631913038265564	0.16670480693695405	0.6669760626803904
0.1662793150914917	0.16691848230398315	0.6668022026045253
0.16659589888841947	0.166660513959064	0.6667435871525167
0.16629788607198648	0.16715869535153632	0.6665434185764774
0.1664476036864041	0.16722599514013903	0.666326401173457
0.1663735679973084	0.16704222542423633	0.6665842065784554
0.16656925883455748	0.1667925375096741	0.6666382036557685
0.16645771400146916	0.16654322647867098	0.66699905951986
0.1663443523278172	0.16717423619879623	0.6664814114733867
0.1664352854326746	0.16711242418083957	0.666452290386486
0.1665378775009732	0.1672867153487223	0.6661754071503045
0.16642392829217376	0.16733248004996676	0.6662435916578596
0.16628005717777664	0.16720609421747226	0.6665138486047513
0.16660638398685462	0.16713501472818837	0.6662586012849571
0.1663579426682462	0.16702859169405682	0.6666134656376972
0.1663720219221478	0.16666738668460523	0.666960591393247
0.16658258030070924	0.16699018789496575	0.6664272318043252
0.16633331419039815	0.16730319784025743	0.6663634879693445
0.16637013775735027	0.16716971609480405	0.6664601461478459
0.16627537408235551	0.16724394865825098	0.6664806772593936
0.16658992279392223	0.1666890394035588	0.666721037802519
0.1664145466713261	0.16665208944554594	0.6669333638831281
0.16639053399450604	0.1669652158263813	0.6666442501791128
0.16661182471225425	0.16664963586820397	0.6667385394195419
0.16642182329562394	0.1666439860016093	0.6669341907027669
0.16641218025915916	0.16671717735402114	0.6668706423868198
0.16631470173004528	0.16718926917154459	0.6664960290984103
0.16658998402729402	0.16681474676669927	0.6665952692060069
0.16653682126847316	0.1666299394624071	0.6668332392691199
0.16635597528112586	0.16688185801458152	0.6667621667042927
0.16635163839099026	0.16732915096443235	0.6663192106445776
0.1663566387292797	0.16723286445481167	0.6664104968159088
0.1663428395480242	0.16664816361547663	0.6670089968364993
0.1662939754748503	0.16734463642768183	0.6663613880974679
0.16649780046978185	0.16673800837594346	0.6667641911542748
0.16643210298706618	0.16659329075271204	0.666974606260222
0.16651544948327973	0.16705066415466308	0.6664338863620574
0.16639096336679515	0.16727904720696982	0.6663299894262351
0.1662957808915754	0.16709715952980408	0.6666070595786207
0.16643469028176058	0.16672689588453093	0.6668384138337087
0.1662831250663575	0.16715004483080753	0.6665668301028351
0.16637125633058675	0.16667400620295703	0.6669547374664564
0.16660906190351044	0.16680023007912353	0.6665907080173661
0.16660949416694162	0.1671734013785438	0.6662171044545147
0.16636019747323755	0.1667343446866579	0.6669054578401046
0.16654931886233784	0.1670638123773897	0.6663868687602725
0.16631196768767947	0.16694139892210952	0.6667466333902111
0.1663669050257776	0.1667765170679019	0.6668565779063206
0.1663289713784388	0.16692218084311133	0.66674884777845
0.16651381369168128	0.16706203388160157	0.6664241524267173
0.16652444076831996	0.16699087673923885	0.6664846824924413
0.16644913234259495	0.166896906276494	0.6666539613809112
0.16630904248765688	0.16662491813761093	0.6670660393747323
0.1662995593916991	0.16689723481305968	0.6668032057952413
0.16648458134088423	0.16708003386478187	0.6664353847943341
0.1664208597450945	0.16679755477218683	0.6667815854827188
0.1665464576026869	0.16662126717706838	0.6668322752202449
0.16637042599064827	0.16735150078934713	0.6662780732200047
0.16644615427010845	0.16691979856660005	0.6666340471632917
0.16642492467516468	0.16734677725850536	0.6662282980663301
0.16662202920486485	0.16674097957586598	0.6666369912192693
0.1665680610229708	0.16719487731149846	0.6662370616655309
0.1666080742810567	0.1669449140047913	0.6664470117141521
0.16651610172963627	0.16660043501399485	0.6668834632563689
0.16644822323988046	0.16697746154093118	0.6665743152191885
0.16659012652360178	0.16711780795395936	0.6662920655224389
0.16657609053650047	0.1668374758152449	0.6665864336482548
0.16631033186655533	0.1667833123062782	0.6669063558271666
0.16659483185627136	0.16675257910281766	0.6666525890409111
0.166343282109869	0.16698551990921473	0.6666711979809163
0.1665335123545294	0.16654272047821514	0.6669237671672557
0.16629628066262836	0.1668448895564325	0.6668588297809392
0.16634227456785916	0.16667059913268661	0.6669871262994544
0.16631926761938515	0.16729513876943145	0.6663855936111835
0.16631694901281183	0.16704360967757542	0.6666394413096128
0.16637451649661514	0.16663217126272578	0.6669933122406593
0.16652372398705442	0.16672751988992787	0.6667487561230178
0.16646616382879234	0.16725043618504887	0.6662833999861589
0.16659468187802165	0.1669483580631658	0.6664569600588126
0.1663922224101424	0.16684426518751455	0.6667635124023432
0.1662854362727126	0.16712081159364195	0.6665937521336456
0.16656171871871328	0.16705654675974319	0.6663817345215437
0.16641742917753818	0.16723227206402913	0.6663502987584329
0.1665249869469461	0.16685919935910695	0.6666158136939471
0.16659186303782697	0.16721680563526686	0.6661913313269063
0.16631792485024297	0.16662638028321491	0.6670556948665423
0.16635049706907964	0.1667488924709854	0.6669006104599351
0.16649830443068014	0.16670564508542882	0.6667960504838912
0.16651989864996888	0.1671289824837637	0.6663511188662675
0.1665455879361061	0.1667622210784515	0.6666921909854425
0.1664074151098003	0.16681507130438494	0.6667775135858149
0.16629276470520968	0.1669766507740572	0.6667305845207332
0.1664938490511082	0.16730558141992607	0.6662005695289659
0.16654568612130177	0.16709095619658976	0.6663633576821086
0.16661756248712534	0.16699727847820534	0.6663851590346694
0.16650050858837656	0.16683827361899548	0.6666612177926281
0.16648111497716261	0.16667220969450736	0.6668466753283302
0.1664598039713464	0.16674755758150073	0.666792638447153
0.16655865084494906	0.1666023029454664	0.6668390462095846
0.16639073128658644	0.16730587435236127	0.6663033943610523
0.16636881084466137	0.1673413741200399	0.6662898150352989
0.16659601822296463	0.16660117226655574	0.6668028095104797
0.1665467874176235	0.1669434774243531	0.6665097351580236
0.16639256358108462	0.167320128490772	0.6662873079281435
0.16659651544061838	0.1666781226741787	0.666725361885203
0.16647450554958332	0.16709960428203352	0.6664258901683833
0.16631463868950289	0.16669613123776944	0.6669892300727278
0.16657873119421945	0.16653411323557252	0.6668871555702082
0.16653711139098137	0.16705355337723982	0.6664093352317789
0.1664548111185551	0.16731726411409492	0.66622792476735
0.1664691056077502	0.167323557916921	0.6662073364753289
0.16635419100653978	0.16728813792260877	0.6663576710708516
0.16648634613700153	0.1672991619156602	0.6662144919473384
0.16630636109088398	0.16698314464103103	0.666710494268085
0.1665868704405966	0.16723118169652612	0.6661819478628774
0.1666226715736462	0.16676235243864002	0.6666149759877139
0.16650947194876753	0.16713991368321432	0.6663506143680182
0.16633275147324533	0.16731496080003533	0.6663522877267195
0.16658213913112888	0.16658893374049952	0.6668289271283717
0.16649900020055952	0.1667738427942726	0.666727157005168
0.1664166485652585	0.166620027181595	0.6669633242531465
0.16639655279868687	0.1671916954055435	0.6664117517957697
0.16640075613409272	0.167161280183533	0.6664379636823745
0.16632756014035943	0.16727768091190431	0.6663947589477364
0.1665424648080575	0.16727871518539184	0.6661788200065508
0.1664724810305037	0.16689252880585426	0.6666349901636421
0.1664143493336056	0.16692230594546315	0.6666633447209314
0.1664943192993401	0.16709153213448888	0.6664141485661712
0.16642017167876935	0.16710581298626048	0.6664740153349703
0.16650163626658565	0.16684698426575906	0.6666513794676554
0.16657153048077478	0.166710948156096	0.6667175213631293
0.16641851496179916	0.16672152983271227	0.6668599552054887
0.16635530622106964	0.16712187654213362	0.6665228172367968
0.1663716970770942	0.16697014038280503	0.6666581625401009
0.16652723241009568	0.16698576233140155	0.6664870052585028
0.16646574599239747	0.16696502118587503	0.6665692328217276
0.1665126863047026	0.16711870309350702	0.6663686106017905
0.1664764357230235	0.16685646820546624	0.6666670960715104
0.1665918342523547	0.1666519925413962	0.6667561732062492
0.16642066101797456	0.16726901522589993	0.6663103237561256
0.16654496734916088	0.16690917882793266	0.6665458538229065
0.16637287578379897	0.16732312466288418	0.6663039995533169
0.1663487620297139	0.16720311881835745	0.6664481191519287
0.1665890111369188	0.1669280308174905	0.6664829580455909
0.16635703280876626	0.16711064634547818	0.6665323208457556
0.1663520748570848	0.1671751184428863	0.666472806700029
0.16639041583205338	0.1669518991451569	0.6666576850227899
0.16646604185254743	0.16656375136791463	0.6669702067795381
0.16642949465823867	0.16669014675223714	0.6668803585895242
0.1664206067803398	0.16705778956314504	0.6665216036565152
0.16659066204837422	0.1669099121568388	0.6664994257947872
0.16647666590444182	0.16721719239077681	0.6663061417047815
0.16655453695843708	0.1668787049188525	0.6665667581227106
0.16639399334174862	0.16664809578844553	0.6669579108698059
0.16628224967224225	0.16671961569626492	0.6669981346314929
0.1664884925215065	0.1667562206799349	0.6667552867985587
0.16658832025545467	0.16697437062802223	0.6664373091165232
0.1662738772806927	0.16715254196264634	0.6665735807566611
0.16634299539785008	0.1667076272015554	0.6669493774005946
0.16641495154496644	0.1670294152428234	0.6665556332122102
0.16628758600852123	0.16710128424782694	0.6666111297436519
0.166387561234769	0.16699509963538656	0.6666173391298446
0.16655244642028824	0.1666232484051388	0.666824305174573
0.16659223647031765	0.16667003749670323	0.6667377260329792
0.1662791933934779	0.16731188860488425	0.6664089180016379
0.16649309858404604	0.16724252006637086	0.6662643813495832
0.16635402715102524	0.16734833416018607	0.6662976386887888
0.16637171032771378	0.1672175658079238	0.6664107238643626
0.16630307279433498	0.16678054370815065	0.6669163834975145
0.16642875198342963	0.16705287659234525	0.6665183714242253
0.16657573141026077	0.16710652757839395	0.6663177410113454
0.16627267151995462	0.16668086177212657	0.6670464667079189
0.16628862260958313	0.16679498896479353	0.6669163884256235
0.16639000136524557	0.16693353334647187	0.6666764652882826
0.1664694636573894	0.1668169551846623	0.6667135811579484
0.16638562518160452	0.16677120411075377	0.6668431707076419
0.1665588486441991	0.16711161702649258	0.6663295343293084
0.16627629523208365	0.1669861744045528	0.6667375303633637
0.1664106287594275	0.16662743367208283	0.6669619375684898
0.1664786148786141	0.1669137647002924	0.6666076204210936
0.16655784314150576	0.1669553492957264	0.6664868075627679
0.16650331301102209	0.16666438072007933	0.6668323062688988
0.16653746016114246	0.16676400164785316	0.6666985381910044
0.16642472226087668	0.16729747749493012	0.6662778002441934
0.16630950657180124	0.16684088400964786	0.666849609418551
0.1663763989578344	0.16682307583112177	0.6668005252110439
0.16633914354312113	0.16668290328137414	0.6669779531755049
0.16654210961358232	0.1672534943190618	0.666204396067356
0.16651388873299608	0.16727983634020155	0.6662062749268025
0.166560278477566	0.16703807611427354	0.6664016454081606
0.1665863946773946	0.1666508509180471	0.6667627544045585
0.16637296759304387	0.16662972895911737	0.6669973034478389
0.16644977518289555	0.16678703026059366	0.6667631945565109
0.16641397855098772	0.16661869754090672	0.6669673239081058
0.1663614129641751	0.16680748147658303	0.666831105559242
0.16637434519525404	0.16713955010391884	0.6664861047008273
0.1663986809509362	0.1669052602539473	0.6666960587951166
0.1663589217368377	0.1666393359530463	0.6670017423101161
0.16641180178077866	0.1669256708438056	0.6666625273754159
0.16644524832487306	0.16663517117051052	0.6669195805046166
0.16655091099013786	0.1671770078456385	0.6662720811642238
0.1663303070758374	0.1671370138894318	0.6665326790347309
0.16641811497245135	0.16725391592900113	0.6663279690985476
0.16637598780298177	0.1668285643696229	0.6667954478273954
0.16641242633382125	0.1670228233212066	0.6665647503449723
0.1664741884832554	0.16722982307583517	0.6662959884409096
0.16658118562263655	0.16656273589516707	0.6668560784821964
0.16641179012601118	0.166600114992979	0.66698809488101
0.16661154478039208	0.167170224471004	0.666218230748604
0.16647183770285262	0.16735437163914174	0.6661737906580057
0.1665116768769206	0.1665464438226861	0.6669418793003934
0.16637272659022434	0.1672038074071655	0.6664234660026103
0.16643404754975127	0.1667941914938139	0.666771760956435
0.1663561930843857	0.16656312345487548	0.667080683460739
0.1663565934198426	0.16706268934482849	0.6665807172353291
0.16655011299241843	0.16713698941033706	0.6663128975972447
0.16630384675839893	0.166831124318096	0.6668650289235052
0.16634247735507376	0.1669587899668951	0.6666987326780313
0.1665242847415488	0.16675374272969246	0.6667219725287588
0.16650448427263562	0.1672568409527857	0.6662386747745788
0.16659558681349948	0.16718556600172227	0.6662188471847783
0.16661881494153935	0.1671878630275655	0.6661933220308953
0.16650662318028778	0.16673380390310563	0.6667595729166067
0.16630729458280077	0.16654058765353633	0.667152117763663
0.1666188669736937	0.16683615061709262	0.6665449824092138
0.16636288864603765	0.16676191485385738	0.6668751965001052
0.16659653239015687	0.16712992491105622	0.666273542698787
0.1663544648074003	0.1669193626703351	0.6667261725222646
0.16628036890262343	0.1669402409297404	0.6667793901676362
0.16631564053267375	0.16686034938222044	0.666824010085106
0.16661265602622505	0.1669861783389746	0.6664011656348005
0.1663573313833447	0.16717949039516428	0.6664631782214911
0.1662823403088114	0.16693585481400086	0.6667818048771879
0.16662267706395548	0.16670015753839695	0.6666771653976477
0.16658618816363233	0.16653500279462863	0.6668788090417391
0.16635622949957565	0.16717444636887893	0.6664693241315456
0.16651682548457922	0.166795567104359	0.6666876074110619
0.16643472929986539	0.1673014984241346	0.6662637722760001
0.16648378066645103	0.16712719355990335	0.6663890257736458
0.16634156096800948	0.16694195940265752	0.6667164796293331
0.1663945078933509	0.1670234223427494	0.6665820697638998
0.16659096931695705	0.1667782002231573	0.6666308304598858
0.16628393331991248	0.16691107924078336	0.6668049874393043
0.16628058150231131	0.16685721854671895	0.6668621999509698
0.16638632600715283	0.1667016698282976	0.6669120041645497
0.1664874591215953	0.16710089651223425	0.6664116443661705
0.1664203941782753	0.1671460623425683	0.6664335434791566
0.16633627066298132	0.16711113087111623	0.6665525984659025
0.16651947809146822	0.16680418596361235	0.6666763359449196
0.16634641229601804	0.16720633497151094	0.6664472527324712
0.16660313043598352	0.16675223534431538	0.6666446342197012
0.16646348469367678	0.1667990598612964	0.6667374554450269
0.16659710261417973	0.16663503338188185	0.6667678640039385
0.16659138308987054	0.16709193815721612	0.6663166787529136
0.16652101701095692	0.1670216058447564	0.6664573771442868
0.16643762512329516	0.16711929141895648	0.6664430834577485
0.1663593527555597	0.16657125318934668	0.6670693940550938
0.166462700755629	0.16682465246851969	0.6667126467758515
0.1665472248986427	0.16666512908967002	0.6667876460116874
0.16645199051166706	0.16681367034690453	0.6667343391414285
0.16657622254679727	0.16674307214425615	0.6666807053089467
0.16646308758539186	0.1669413362063445	0.6665955762082638
0.16658707674167234	0.16722765546495696	0.6661852677933708
0.16653458524180648	0.1671454652578166	0.666319949500377
0.16652037182404467	0.16675591922025518	0.6667237089557002
0.16635033065325755	0.16660880459441163	0.6670408647523309
0.16627410356853117	0.16684775538749602	0.6668781410439728
0.16655313062814633	0.16680380548336932	0.6666430638884845
0.1662877635428606	0.16681320276586664	0.6668990336912728
0.16640721974904424	0.16658152633788414	0.6670112539130717
0.16638298574339114	0.16734622780449523	0.6662707864521138
0.16650498160857866	0.1672960441762057	0.6661989742152158
0.16630706048502295	0.1669506210317111	0.6667423184832661
0.166482258585473	0.16718510680919701	0.66633263460533
0.16637093606985204	0.16721464360512106	0.6664144203250271
0.16661458813617697	0.16658250056125606	0.6668029113025671
0.16638368093862838	0.16667078555303294	0.6669455335083387
0.16641745285495263	0.1673368066796778	0.6662457404653697
0.16659563577412392	0.16695428749596758	0.6664500767299086
0.16643370581829764	0.16681594319169868	0.6667503509900037
0.16642486838012166	0.16691283454421102	0.6666622970756675
0.1665950293681218	0.16678756979493536	0.666617400836943
0.16627728461491706	0.1670371938662903	0.6666855215187928
0.16650237806272136	0.1670586756914987	0.66643894624578
0.1663754506917036	0.1665601224356283	0.6670644268726682
0.16629428492492748	0.16689290131971257	0.6668128137553601
0.1664542581390888	0.16698010014938636	0.666565641711525
0.16637836578511087	0.16676383940521244	0.6668577948096768
0.1665340607583463	0.16692797657217895	0.666537962669475
0.1665383734753848	0.16705631703377144	0.666405309490844
0.16643529874668767	0.16695862776665876	0.6666060734866537
0.16658806671278836	0.16664321061481333	0.6667687226723984
0.16658399173200003	0.16707409257231004	0.66634191569569
0.16649119601994647	0.16695682969775094	0.6665519742823027
0.16627875429829148	0.16719410862152034	0.6665271370801884
0.1665496056269651	0.16690671948429725	0.6665436748887378
0.1664527762867111	0.16673050482642565	0.6668167188868633
0.16642446019051413	0.16714899480163758	0.6664265450078484
0.16651911126925192	0.16659191542448587	0.6668889733062623
0.16628357302016467	0.1670002772143713	0.6667161497654641
0.16653028292412791	0.16722505967967743	0.6662446573961948
0.16653094845915728	0.1668486537465122	0.6666203977943306
0.16634265009852858	0.16663776620277124	0.6670195836987003
0.1663148908257971	0.16729288329633957	0.6663922258778634
0.1664471171140351	0.16694736325008788	0.6666055196358771
0.16656707926777758	0.16679479489857696	0.6666381258336456
0.1665089571557175	0.1667248668540906	0.666766175990192
0.1665866764606974	0.16669792327689764	0.6667154002624051
0.1665586053161885	0.16693507911898792	0.6665063155648236
0.16655785564116737	0.16662378097025346	0.6668183633885794
0.16640275657684417	0.1672255477640196	0.6663716956591363
0.16661940483176435	0.16683793327990828	0.6665426618883274
0.1665873122768825	0.1667921704983597	0.6666205172247579
0.1664090138192166	0.16703947420333778	0.6665515119774457
0.16646762468973803	0.16700724944342682	0.6665251258668353
0.1664278234836384	0.16702152917730154	0.6665506473390601
0.16628846762635274	0.1665993832181249	0.6671121491555225
0.16660131923822255	0.16661378150144146	0.666784899260336
0.16652346655258726	0.16712965932186571	0.6663468741255472
0.16648578878368092	0.16729316821246426	0.6662210430038549
0.16640471062482615	0.1668749552723228	0.6667203341028511
0.16651339996092923	0.16703922272401234	0.6664473773150585
0.16654949150435372	0.16724978581469357	0.6662007226809528
0.16629186707289142	0.16713666824932222	0.6665714646777865
0.1662749530653141	0.1672167748154887	0.6665082721191973
0.1663040125605587	0.16721893565095367	0.6664770517884877
0.16643639205277233	0.1667573296215063	0.6668062783257216
0.16631146784360787	0.1673349316807243	0.6663536004756679
0.16659247896509166	0.16675946291583366	0.6666480581190748
0.16646134401668078	0.1670811673456224	0.666457488637697
0.16629785220578078	0.16656988896352148	0.6671322588306978
0.16647013526649132	0.16665301453193243	0.6668768502015764
0.16632041172379383	0.16666335970905327	0.667016228567153
0.16630325474182195	0.16689875057562684	0.6667979946825513
0.16647634366305572	0.16731837173615727	0.6662052846007871
0.16637536265420494	0.1672677806086773	0.6663568567371179
0.16650014551414427	0.16695511344190983	0.666544741043946
0.16654870045621853	0.16682386476760563	0.666627434776176
0.16641232719143106	0.1668566297912935	0.6667310430172755
0.16645914056180097	0.1669627145580705	0.6665781448801287
0.1664155489876395	0.16728586787856636	0.6662985831337943
0.16637183577452336	0.16678525119337603	0.6668429130321007
0.1664520885386398	0.16734184019491422	0.6662060712664462
0.16635620160269818	0.16681724262651657	0.6668265557707853
0.16639289995153322	0.16726118483263538	0.6663459152158315
0.16634825154796345	0.16699817160524494	0.6666535768467918
0.16631381433616155	0.16730486401261704	0.6663813216512215
0.16644303055441806	0.16658059420843918	0.6669763752371429
0.1665236675696503	0.16669619349609166	0.6667801389342581
0.1663051210720386	0.1669833598687711	0.6667115190591905
0.1665850223766488	0.16678269580312666	0.6666322818202246
0.16641582698754193	0.16697702876422485	0.6666071442482333
0.16635943910082782	0.1665313858417824	0.6671091750573899
0.1663591801436865	0.1671549343166105	0.6664858855397031
0.16643607950107242	0.16659404760887236	0.6669698728900553
0.16646935107190922	0.16669360392444701	0.6668370450036438
0.16647354671482611	0.16673286574011387	0.6667935875450601
0.16635499630406014	0.16675828662034908	0.6668867170755909
0.16650597727367025	0.1672876556419711	0.6662063670843588
0.16651259266787075	0.16721609236352658	0.6662713149686028
0.16662285109631228	0.1669196094150757	0.6664575394886121
0.166581298928827	0.16711272414576614	0.6663059769254069
0.16638241715476543	0.16691216747971108	0.6667054153655236
0.1665332575702096	0.166775207842066	0.6666915345877246
0.16642586118315233	0.1670018838792509	0.6665722549375969
0.16658755880852866	0.16709664849582095	0.6663157926956504
0.16631816308688496	0.16692445572584808	0.6667573811872671
0.16630708492462315	0.16703380130840612	0.6666591137669708
0.16627377307049584	0.16697969769757087	0.6667465292319334
0.16652500598495237	0.16657954216613793	0.6668954518489099
0.16660368975456474	0.16698821106088552	0.6664080991845498
0.16655697385180013	0.16653347579491784	0.6669095503532821
0.1664487446884914	0.1669530709553102	0.6665981843561986
0.16654897671034902	0.16661505350080857	0.6668359697888426
0.16644586478458379	0.1669468998855621	0.6666072353298542
0.16661899274049682	0.16690463211802692	0.6664763751414764
0.16641261948911965	0.16663694282346103	0.6669504376874194
0.1665783988853864	0.16705014068897867	0.6663714604256351
0.16660175426346152	0.16676511383330989	0.6666331319032287
0.166408841658712	0.16694377580801847	0.6666473825332697
0.16638047199961256	0.16687194682905984	0.6667475811713277
0.1666175876316753	0.1668697107413495	0.6665127016269754
0.16648551380720492	0.1670110836380324	0.6665034025547628
0.16633712023309072	0.16688445696556534	0.666778422801344
0.1665269402850756	0.16673439488632444	0.6667386648286
0.1664676699585098	0.1665989984215454	0.6669333316199448
0.16645273647298808	0.16653145601698094	0.6670158075100312
0.16661969570084495	0.16687801934500313	0.666502284954152
0.1663365792079169	0.16715537447115378	0.6665080463209294
0.1663856538457511	0.16709521298399177	0.6665191331702573
0.16643436116593513	0.166593376151493	0.666972262682572
0.16631953912593334	0.16704980507278955	0.6666306558012772
0.1663657680787513	0.16728184710532368	0.6663523848159252
0.16630745438655936	0.16693388745740137	0.6667586581560394
0.1663824656482436	0.16658831215498768	0.6670292221967689
0.16649073063510578	0.1666206500128622	0.6668886193520321
0.16648705353284005	0.1672510831415327	0.6662618633256273
0.16658793204041558	0.16685104094337605	0.6665610270162086
0.16656054897457145	0.1667213805795854	0.6667180704458433
0.16639133164326597	0.16723185389520157	0.6663768144615325
0.16627296105868095	0.16707749618591344	0.6666495427554058
0.16642809831874508	0.16679055450466376	0.6667813471765913
0.16642893036200052	0.16721078376875614	0.6663602858692435
0.16658720193145843	0.16683908588276114	0.6665737121857805
0.16631450977741594	0.16698729590984251	0.6666981943127417
0.16636091521528787	0.1669808353982734	0.6666582493864388
0.1665584061097925	0.16679225689077548	0.6666493369994322
0.16655385509239323	0.16715792037587063	0.6662882245317363
0.16644057624200256	0.1672473514371784	0.6663120723208191
0.16658893641538816	0.1672087314932122	0.6662023320913997
0.1664988298208421	0.1665313742957995	0.6669697958833585
0.16648898312533944	0.16721301853155962	0.6662979983431011
0.16644838780962365	0.16708517614145357	0.666466436048923
0.16633971963481542	0.16658270934904523	0.6670775710161394
0.16639914712846846	0.16681376304370849	0.6667870898278232
0.16627663815522256	0.16665549967796406	0.6670678621668136
0.16640182187577707	0.16669278322374792	0.6669053949004751
0.16651449442290883	0.16665422003308417	0.6668312855440071
0.16635594234237722	0.1666627401477187	0.6669813175099042
0.16649085225902893	0.16688227052663557	0.6666268772143356
0.16655296691334995	0.16694710880561792	0.6664999242810322
0.16658064015787977	0.16666092229308427	0.6667584375490361
0.1665490434474494	0.16683029072154543	0.6666206658310053
0.16658860571117118	0.16709295754491457	0.6663184367439143
0.16659321315750225	0.16723662153571534	0.6661701653067825
0.1662814472864593	0.1666648864071475	0.6670536663063933
0.16630941260476176	0.16677435401002166	0.6669162333852168
0.16660521067849635	0.1666010171025504	0.6667937722189534
0.16645230295141922	0.16685088251640562	0.6666968145321752
0.16654908676668542	0.1671435598560042	0.6663073533773105
0.16641667808127264	0.1671349648459508	0.6664483570727766
0.166436323718762	0.16725947463762592	0.6663042016436123
0.16631283875911868	0.16653165435475514	0.6671555068861263
0.16630697475374673	0.16708790742317642	0.666605117823077
0.166509420721266	0.16685185655088394	0.6666387227278502
0.1663313583991592	0.16718164316245432	0.6664869984383865
0.1665143974023439	0.1666334455658421	0.6668521570318141
0.1664660290805967	0.16666653314268948	0.6668674377767139
0.16631029510083634	0.1668199374141816	0.6668697674849822
0.1664383812065602	0.1668509905264738	0.6667106282669661
0.1663579626316351	0.16675980918810096	0.6668822281802641
0.1662905184854375	0.16719346188724632	0.6665160196273163
0.1665883222294748	0.16660439249747966	0.6668072852730457
0.16640693982696123	0.16702867148258294	0.666564388690456
0.16656745525168265	0.16665383697232217	0.6667787077759952
0.16652569235239453	0.1667678727326764	0.6667064349149292
0.16657123964242682	0.16666692876728778	0.6667618315902856
0.1665284265537108	0.16669965773332562	0.6667719157129637
0.16635484868249625	0.16716539790638194	0.666479753411122
0.1663674129446603	0.16730353742219936	0.6663290496331404
0.1666078861554024	0.1668416166027139	0.6665504972418839
0.16649556393747716	0.16721054865338952	0.6662938874091334
0.16656946478568757	0.16715701979757913	0.6662735154167334
0.16633717122629976	0.16672913391428085	0.6669336948594196
0.1666101935013055	0.16697396122940023	0.6664158452692944
0.16652604820155636	0.166811388130095	0.6666625636683488
0.16651491641582758	0.1665663464363026	0.66691873714787
0.16646886457806978	0.1672340305091894	0.666297104912741
0.1665208650694361	0.16682494984982432	0.6666541850807397
0.166285642359858	0.16690261726730282	0.6668117403728393
0.16639794846274103	0.1671187311314452	0.6664833204058138
0.16630131904532724	0.1669716993769917	0.6667269815776813
0.16639888127370195	0.16685668039882834	0.6667444383274699
0.16634910863705155	0.16696136827922795	0.6666895230837206
0.16652566092153778	0.16694687295795801	0.6665274661205043
0.1666138760041513	0.1667635201514804	0.6666226038443683
0.1664774608866438	0.1670565642265341	0.6664659748868222
0.1665419054039352	0.16690981698628862	0.6665482776097763
0.1665933067679907	0.1669062726835251	0.6665004205484844
0.1664860154315751	0.16663080383995105	0.666883180728474
0.16633983337202862	0.1671169611504654	0.666543205477506
0.16640841666434783	0.16690253116691967	0.6666890521687325
0.16657233210934663	0.16684230023396202	0.6665853676566914
0.16628339661477054	0.16662409993423621	0.6670925034509934
0.16655450967609675	0.1667053942611047	0.6667400960627987
0.16629121438433087	0.16707197191776124	0.666636813697908
0.1664008198312033	0.16682156216938931	0.6667776179994075
0.1664744098244678	0.166908897094463	0.6666166930810693
0.166473705851351	0.16720762780525095	0.6663186663433982
0.16650851597962282	0.1666024352232377	0.6668890487971396
0.16642448299794607	0.16702952385519426	0.6665459931468598
0.16642579753364067	0.1666139294557662	0.6669602730105932
0.16657711506150918	0.16701623494593262	0.6664066499925583
0.16645513031385537	0.16669760623449015	0.6668472634516547
0.16660600478561843	0.1671226067899821	0.6662713884243996
0.16639619877608253	0.1672116209207026	0.666392180303215
0.1664449432796639	0.16696188445790422	0.6665931722624321
0.166465899695485	0.16731763545384276	0.6662164648506723
0.16656008022940674	0.16677307909074007	0.6666668406798533
0.16662023788554858	0.16712419059528222	0.6662555715191694
0.1665253270335103	0.16701949056449672	0.6664551824019931
0.16650055786499338	0.1667901912717044	0.6667092508633023
0.1664380735732749	0.16691836805716867	0.6666435583695566
0.16659334671772638	0.16699072164438022	0.6664159316378935
0.16655252271245888	0.16680972552624093	0.6666377517613002
0.16632516518213	0.16697775070209073	0.6666970841157793
0.1664089209977075	0.16701836617976368	0.666572712822529
0.1664150432183653	0.1667061486651839	0.666878808116451
0.1663459122751055	0.16665239575599028	0.6670016919689044
0.1664686953428451	0.16721672844967983	0.6663145762074751
0.16631061632929722	0.16729341517714164	0.6663959684935612
0.16628633914711455	0.16655703284383166	0.667156628009054
0.16661030497000967	0.16669662582718098	0.6666930692028095
0.16645557482168902	0.1671446242602937	0.6663998009180174
0.166366116796492	0.1669390115152236	0.6666948716882846
0.16636170640531406	0.16684440329698585	0.6667938902977002
0.16643227938245064	0.16694059286686702	0.6666271277506824
0.16641543759252542	0.16656980022514445	0.6670147621823302
0.16628009454188292	0.16671979246676163	0.6670001129913556
0.16644691888644322	0.16703535621044552	0.6665177249031113
0.16630227265261605	0.1666111331996473	0.6670865941477367
0.166312875624363	0.16656534467662776	0.6671217796990093
0.16658208613776454	0.1668413407676274	0.6665765730946082
0.16634792828726733	0.16659385704955226	0.6670582146631805
0.16642081820167992	0.16665619263257248	0.6669229891657478
0.1665470403716443	0.16725725441881095	0.6661957052095449
0.16644396438296882	0.166739259617749	0.6668167759992822
0.16627982139910583	0.16675533959880814	0.6669648390020861
0.16658510035326357	0.16684130451492113	0.6665735951318155
0.16661002521594018	0.16719710557143663	0.6661928692126233
0.1663939490379488	0.1672902734615636	0.6663157775004878
0.16631069872938642	0.16679965747626468	0.666889643794349
0.1664183191668232	0.16712383518387597	0.666457845649301
0.1665193789222258	0.16684615245672182	0.6666344686210525
0.16642705794801865	0.16722273271188526	0.6663502093400961
0.16659256783258602	0.16654218254835776	0.6668652496190564
0.1665427381539499	0.16696725115088284	0.6664900106951674
0.16629710519582477	0.1670785956204147	0.6666242991837606
0.16647386402277453	0.16677883187803239	0.6667473040991931
0.1663425922766836	0.1669817248610104	0.6666756828623062
0.16639955652130717	0.1673263781197027	0.6662740653589903
0.16651469040680966	0.16670828369569674	0.6667770258974938
0.16639091097237454	0.1671098124484821	0.6664992765791435
0.16627784836818546	0.1670784130557902	0.6666437385760245
0.16631429837123546	0.16733937445846925	0.6663463271702954
0.1663429623894409	0.1668713448344963	0.6667856927760629
0.16652982841151115	0.16702350262752402	0.6664466689609649
0.1665038310638649	0.16687349311599078	0.6666226758201445
0.1664459865173149	0.1670229870335294	0.6665310264491557
0.1663202777876825	0.16670877352660002	0.6669709486857176
0.1663403085715244	0.16704705810126796	0.6666126333272078
0.16656228306144077	0.16670558627073645	0.6667321306678229
0.16644747231662255	0.16704031367171682	0.6665122140116608
0.16656368407285296	0.1671895747539692	0.666246741173178
0.16633668331607082	0.16712286020080402	0.6665404564831252
0.16637788176534157	0.16708024854249037	0.6665418696921681
0.1665099061774149	0.16708361197263902	0.6664064818499462
0.1663458296668115	0.16697021481913432	0.6666839555140542
0.1664082689454003	0.16702476569623503	0.6665669653583648
0.16637108339432663	0.1668546964902477	0.6667742201154259
0.16661354828068495	0.16673811649724746	0.6666483352220678
0.16658539277346424	0.16671208125891454	0.6667025259676214
0.16642503698942748	0.16657164304510094	0.6670033199654717
0.16648746152709182	0.16661561130599567	0.6668969271669127
0.16651399105629583	0.16686610189857679	0.6666199070451275
0.16648034156871733	0.16687702174120428	0.6666426366900786
0.16639570115460411	0.16721814679772212	0.6663861520476739
0.166322112851637	0.16706978186317556	0.6666081052851875
0.16649065486062667	0.16700532379139577	0.6665040213479776
0.16631813511149252	0.16708230040832647	0.6665995644801811
0.16649033907914101	0.1670130831278899	0.6664965777929692
0.1664140516817834	0.16695415950942016	0.6666317888087966
0.1664931281464399	0.1667704267146609	0.6667364451388993
0.1664950426967022	0.166815924050712	0.6666890332525859
0.16646116254732615	0.16710393479828428	0.6664349026543896
0.16654003314219598	0.16673965857320067	0.6667203082846035
0.1662771195496846	0.16657945899909024	0.6671434214512253
0.16634221078700967	0.16703373904020727	0.6666240501727831
0.16649603978574662	0.1670478710312959	0.6664560891829576
0.16657165009231759	0.16661124304085467	0.6668171068668278
0.16653717474850388	0.16663889584212316	0.6668239294093732
0.1665026716962315	0.16674543875449743	0.6667518895492712
0.16647887135044115	0.16705323868216898	0.6664678899673899
0.1664163747380407	0.16687063555976603	0.6667129897021934
0.16646627564371186	0.1670512745838406	0.6664824497724477
0.1663437942160776	0.16665158360607057	0.667004622177852
0.16631741091830518	0.16662894900538272	0.6670536400763122
0.16640443666813173	0.1667510407827077	0.6668445225491607
0.16658553703788204	0.1672071955631767	0.6662072673989414
0.16637100816898195	0.16692027079655852	0.6667087210344596
0.16638775679648715	0.1670625547238355	0.6665496884796775
0.16628827965031215	0.1668549190601294	0.6668568012895585
0.1663038751786457	0.16688939940848452	0.6668067254128699
0.16642981210389057	0.16707731512081042	0.6664928727752992
0.16659166335104117	0.16667495019450213	0.6667333864544569
0.16627464545383416	0.1665943263594643	0.6671310281867017
0.1664155281217656	0.1666741455558579	0.6669103263223766
0.16640558437840877	0.16715852847370605	0.6664358871478853
0.1664614702471648	0.1673218403023267	0.6662166894505086
0.16648606902949042	0.16668314090483777	0.666830790065672
0.166444838798306	0.1667515015871984	0.6668036596144957
0.1663733355175256	0.16683601643405982	0.6667906480484147
0.1666099387701055	0.16670078655282017	0.6666892746770745
0.1665248507560668	0.16681282959832966	0.6666623196456036
