0.06348287515755492	0.18110211607165383	0.1557974926020496	0.14103862256722646	0.0635195094079497	0.06085094485832061	0.2128308658503541	0.12137757348489053
0.15025241755716043	0.030086305456460266	0.13807213508757063	0.2858985877323763	0.036800598659937137	0.051283424935325395	0.18060647936451552	0.12700005120665414
0.18589473198155299	0.08608942806895292	0.12929629439797988	0.1542481787034411	0.04690198456551947	0.05727864040114122	0.18054040450858233	0.15975033737282987
0.1221524851523911	0.14502047652172995	0.2083014501178215	0.08990497549052265	0.06203093820534564	0.08168137259571936	0.1653305173020439	0.1255777846144257
0.05238712054856841	0.18693956630726907	0.1567014923319314	0.14754354058057176	0.0499883870035239	0.05202591390262708	0.26183088901004403	0.09258309031546415
0.08458648922551781	0.09703209903316815	0.19487838231496848	0.2206897145452698	0.04729856311984436	0.08363374789358236	0.1416002251955477	0.1302807786721011
0.22095946159219104	0.12430900809703366	0.17101926197378897	0.07635840012853996	0.04418349034884868	0.0422427783630176	0.20336245035363906	0.11756514914294075
0.22303551478399047	0.0716637754208353	0.13502170329114327	0.1967228244764554	0.05813902690100156	0.07982657098306412	0.14299640984683548	0.09259417429667419
0.22770912022828627	0.028460817090728563	0.2070612243253313	0.14312912834484426	0.03969020004494969	0.056765970727901335	0.19743583890174715	0.09974770033621122
0.13144826458709888	0.10826562810761899	0.16790697565350826	0.17043351274268997	0.05541538069201274	0.061374022914840703	0.17523085693062943	0.12992535837160077
0.23517572797309128	0.054641651465911725	0.09446013957304152	0.2589904269156876	0.03715181354975258	0.06971375901186166	0.16191777570127308	0.08794870580938026
0.06565707680228944	0.106863863138706	0.16928503550138593	0.29690085442545794	0.04752149827410106	0.053127205399366356	0.1512031688449679	0.1094412976137252
0.08347024427035471	0.09984883386293239	0.14336190909281277	0.17623897885148254	0.044400656754608234	0.06761968293031867	0.2637636546557981	0.12129603958169237
0.11562018674165014	0.13158955231550537	0.10651765425458878	0.18706020818917127	0.05231077644296282	0.07339841291564667	0.1766857317876625	0.15681747735281218
0.07238948261992834	0.053987167549962745	0.12938239655156963	0.23674827044921348	0.05535480440270711	0.0842779877217108	0.26354555581652067	0.10431433488838696
0.04036959525796649	0.0948905191762147	0.15261691115606377	0.18648883463741842	0.050389306427640126	0.0786861744832757	0.26102433390263835	0.13553432495878226
0.19887281027095283	0.013319136210941648	0.17619541867782107	0.2513227666748816	0.05375605229081293	0.049512848671961554	0.14487925019575768	0.11214171700687045
0.13041257703442352	0.1674481053234516	0.17739643177351874	0.10285770153062511	0.06294252055008684	0.08287202230295693	0.1662242409541164	0.1098464005308206
0.04337304109776967	0.09864422577262999	0.23487413506238253	0.18611645137634056	0.04575970647307097	0.08255286813162302	0.1827244647349792	0.12595510735120385
0.12439113396710529	0.16377819852425277	0.1578875877125448	0.07506961020061895	0.048808674535490315	0.05561973848878153	0.22468016366433766	0.14976489290686845
0.18273161082228032	0.058726571468130026	0.10890361655034224	0.14008457328699342	0.06198404569636992	0.0786789257573072	0.23299010037834728	0.13590055604022935
0.23493745796610258	0.02923810054269549	0.14570506643172854	0.17526372768407195	0.05474550476677531	0.08076784390203148	0.14527421637854002	0.13406808232805434
0.11122331496615616	0.09022160371718466	0.11700967166456357	0.1871578177503605	0.04234038016697793	0.08247636754390467	0.222968785658321	0.14660205853253128
0.24290170148741702	0.0820811492978472	0.09869102775160246	0.11401656634958739	0.05585893270494839	0.06559529511512534	0.19597224322751783	0.14488308406595407
0.26786691962895837	0.03256164256985368	0.06276567009200636	0.19417087906574138	0.051199239553833056	0.07271093813201243	0.1726248397663489	0.14609987119124557
0.08231156037573531	0.13014373844876156	0.12085891914268951	0.22455180409430386	0.04740937804658553	0.0718472365946041	0.18806656601761323	0.13481079727970674
0.1206855413603971	0.045330166422878085	0.21374160454719954	0.20857167594302217	0.0405340629289172	0.05013735996050726	0.2223713008280328	0.09862828800904565
0.10374148388151344	0.026487944397758506	0.1996592028509735	0.21909239849591688	0.04001717145116153	0.07072298213076902	0.23579972405303273	0.10447909273887417
0.08948550627017762	0.15313962631975123	0.17515852910594534	0.1172758555132159	0.05423353260247689	0.07229209252160382	0.22601219513256404	0.11240266253426492
0.2592698860884388	0.07571904366213969	0.18870311760637037	0.07602146181376135	0.04322488406869224	0.08610771320963913	0.16357369247133494	0.1073802010796232
0.14950947648767784	0.01820788524510962	0.20240372016849317	0.25060709371397094	0.05572926426686395	0.08241378381796727	0.15201402395421013	0.08911475234570687
0.24133774840205557	0.0869265744864161	0.10307140515387052	0.10452699695809667	0.06354028460132005	0.06796008239524048	0.1856954481639698	0.1469414598390306
0.14170097084240965	0.11376944446326907	0.1531010969752224	0.16833058336169082	0.054573500935896746	0.08102615617619054	0.19427736125511164	0.09322088599020895
0.2566486681483724	0.029924957797624913	0.11881060873648616	0.07952945312096474	0.047478820167848726	0.07082838949015577	0.23711481735928555	0.15966428517926146
0.10730209455415637	0.1608390565447589	0.14768418604296726	0.10910268930826447	0.05286987047566123	0.07799927308441779	0.2566673052255237	0.08753552476425
0.24904433486110733	0.10804948726350483	0.08368375182569715	0.07952913572567813	0.040438806034914884	0.08722808902091925	0.2196302760491738	0.13239611921900435
0.15962242553725464	0.1612806833326326	0.10150614600477602	0.0853851608879169	0.05817343597372457	0.05950430619354853	0.2598464966239755	0.11468134544617095
0.193369031930969	0.05451780685538449	0.1839669276254621	0.18443970073334992	0.056748097637757816	0.040251430722591006	0.1563541758445217	0.13035282864996375
0.12216101440350965	0.11535005261078866	0.1856143437311196	0.19212110266075433	0.037328266732624446	0.08115213479848785	0.1741936947161788	0.09207939034653645
0.12148333052850363	0.16826094478850656	0.21861141715387483	0.08111782364672748	0.05352800399477853	0.049584824939483144	0.19710081113204306	0.11031284381608263
0.32688624854142917	0.0288552978985145	0.057527206163368025	0.13176290357804468	0.040306779189984876	0.06941696240790944	0.25490887226568854	0.09033572995506052
0.28448782517008897	0.05767845148153078	0.14037427527194107	0.09875474619665983	0.05489979957435859	0.0853424236411274	0.1595350828939938	0.11892739577029929
0.25751318199055906	0.017982493408210343	0.07584910083555055	0.21626090494319186	0.04906723324793025	0.07130754412851947	0.1521352068152888	0.15988433463074941
0.3271186118269608	0.012755619235034724	0.09292496156915495	0.12353327974813788	0.044947439252651225	0.042103174334480506	0.2259405961835374	0.1306763178500423
0.2914460645672343	0.1656869777148272	0.06797852972728528	0.16242671472418313	0.038101576139409885	0.042818281369563116	0.13992680166020743	0.0916150540972894
0.22647354306656575	0.02317402678646395	0.08076831612112834	0.19547138342665193	0.039129724912109684	0.06281911392621532	0.26194674550612884	0.11021714625473594
0.09576045715854815	0.19443052484940476	0.19511524028910054	0.10395836578380571	0.05183895494045848	0.059077786024379506	0.1917241083701248	0.10809456258417784
0.21821119259253247	0.02842692233934678	0.20146936717497455	0.1318723814123489	0.05673276672919632	0.04561882161210341	0.19881149276353882	0.11885705537595853
0.23018146674222678	0.09637869215364568	0.09534542530766763	0.17269700117655026	0.047703837744465946	0.06897542458451908	0.15559782917534465	0.13312032311557975
0.2472966519985385	0.024603960734295993	0.08365008368342332	0.24068578544325409	0.05773524563916729	0.049114055821460514	0.17676553502717024	0.12014868165268983
0.31704424163952155	0.03291629458286777	0.055977203660756494	0.11460424450212561	0.06056734840734655	0.08803907568195704	0.20570045486206998	0.1251511366633547
0.2155729963030373	0.07425064811711041	0.0950016514417164	0.16612361039761533	0.058616721935711935	0.05456900078708486	0.2227426048993878	0.11312276611833569
0.0938668664912699	0.18210343218003047	0.1610587951970057	0.13076040007421005	0.050869422377336035	0.05151670162266313	0.20036157957993195	0.1294628024775525
0.3411982080626319	0.0639542127577728	0.1434177122072331	0.08597394038976938	0.05995480036306315	0.051466808398536026	0.16206007163861508	0.09197424618237826
0.1154733219484428	0.01498004303405713	0.1405396853333735	0.2512108746891756	0.052532964623991554	0.06457080585342734	0.20424553181912938	0.15644677269840246
0.05584236244416943	0.09429574601134405	0.11342279771397715	0.24524609077509568	0.056774561486602995	0.0747372857644267	0.2219131438237253	0.13776801198065852
0.1319131411119754	0.07837394273084554	0.18626864006885355	0.09321239785667815	0.06362722887232258	0.056474527498202046	0.2467334192541974	0.1433967026069251
0.05198667947424805	0.1823044636533239	0.1727668635774696	0.19879762108467391	0.038477450129403845	0.08481591341105434	0.17901909224586687	0.09183191642395927
0.24098383879753082	0.049193093154982465	0.19841222427302435	0.07679150245903898	0.06432662958433776	0.06085785334191654	0.21234107013059755	0.09709378825857126
0.2215182141806381	0.033738155764001354	0.18693067986907838	0.13015050240057033	0.03727365743293096	0.07458518471018193	0.1684640354123734	0.14733957023022526
0.2681601884153881	0.08874543188887082	0.10736002482890437	0.10225926622151893	0.05034476609908592	0.07357383511155013	0.15476808711135973	0.15478840032332175
0.11149967208579102	0.08367902888749454	0.09588891116605512	0.1511517264080889	0.05889213561252672	0.08965785828548634	0.255936839917459	0.15329382763709812
0.1652729282385355	0.1361392903619968	0.05955474090258446	0.22623593543259823	0.048885244357980556	0.0784078417243125	0.1688774971632495	0.11662652181874214
0.170967531776753	0.008058819101828138	0.12663992034254282	0.25131335543909106	0.05101126236072821	0.05173700200511987	0.21313546838563033	0.12713664058830637
0.04030354090034487	0.18405567990756133	0.12528743447374427	0.21797410268565182	0.06517096169822148	0.04059883072286932	0.18771763484783924	0.1388918147637675
0.15478265760986742	0.0708098175671627	0.13319106999980757	0.1406995655743623	0.05815350761527727	0.0890829289950083	0.20732578921057093	0.14595466342794328
0.0851853296364553	0.18132494517141562	0.05951684533663472	0.2790229590190243	0.05017259025624404	0.0878316510903968	0.15282305949880448	0.10412261999102446
0.1277409514987827	0.060804787232543206	0.21354150802038058	0.18050613379964162	0.04035702755536333	0.04259962938545066	0.1891956149066858	0.14525434760115186
0.12388596037055635	0.08425116757404853	0.06938137269410716	0.28204504951339826	0.06245287856113835	0.061775317208206684	0.20681709917052477	0.10939115490801968
0.2497892188586769	0.12283314140921021	0.12119331135602365	0.09118210770544172	0.048189832906770966	0.042542551489858554	0.2064488599397102	0.1178209763343075
0.30228838334003905	0.04780164675316702	0.08341668698498031	0.08633176528946158	0.05161709341701384	0.061019327561457046	0.20543389215919605	0.16209120449468487
0.031785064790946504	0.1329610444837896	0.05461569285982473	0.26484162171720427	0.06620310327148421	0.05620980860975777	0.2424327637917516	0.1509509004752411
0.10337953476971083	0.0762817623595515	0.22846774472606374	0.2151951173917827	0.056292125956125635	0.05788537626524047	0.14833922690837711	0.11415911162314787
0.24214327414212541	0.11550870136299983	0.1369454370309426	0.08890970534156781	0.0437082726429235	0.04903338543618814	0.23350167895579574	0.09024954508745672
0.16594081093452578	0.00972205534739301	0.1649045654287593	0.23311038689058627	0.06617008961728024	0.04567635228098775	0.15202268346530834	0.16245305603515908
0.24761536191235806	0.01853898986336619	0.22985415689337127	0.1290251311718228	0.052610330174376496	0.0653161449732608	0.1564128734661653	0.10062701154527877
0.23945743114765433	0.09046206537927858	0.07176933181917829	0.2392364319938221	0.054857856170751645	0.06295989984021351	0.15214851899515583	0.08910846465394547
0.13277441368831813	0.06313469645899655	0.053820010524818135	0.30210026526421185	0.05031656168016149	0.06235391370029972	0.17286143917263663	0.16263869951055734
0.15974997562262544	0.12475047117723453	0.06940389380395587	0.17467140184093827	0.05962910921649445	0.08748194732575862	0.16012320958221893	0.16418999143077367
0.0739001961951771	0.18283479794672342	0.17888374779757882	0.16008798944451028	0.04893067310884715	0.06946586918156925	0.1623697840852762	0.12352694224031759
0.08439949120649856	0.18653847354867317	0.12281087558048037	0.15090418722474574	0.04587818034186118	0.07158339817106252	0.18740893871900466	0.15047645520767358
0.04710493057622253	0.12228564330987338	0.1659673883635311	0.1802640697134094	0.06456216891750394	0.0602974779742802	0.19742664475657437	0.1620916763886049
0.06284049671866969	0.13318123649851685	0.09149696755832482	0.25407483757299665	0.04247711968028192	0.08947462605771361	0.21250519353492303	0.11394952237857331
0.1518495293549527	0.0736374061853372	0.10449955137142114	0.21387061349121206	0.058231087183978014	0.0766154339838169	0.1784376557986001	0.14285872263068167
0.07627315735045796	0.142703907667654	0.13482189095269914	0.20090555160421003	0.04072378925715271	0.08315304951300105	0.17107024566935108	0.1503484079854738
0.15511276537409785	0.1200392262277871	0.10646015883875154	0.0930633112376818	0.05885694054177436	0.04053818680472661	0.26357049744581673	0.16235891352936377
0.24760723643897886	0.1740602282687059	0.07663362243953097	0.08603126931076645	0.051689371463997935	0.060636888670670755	0.1776265964333947	0.12571478697395416
0.132238593085197	0.02029153484807697	0.1985655693246441	0.18433051885310192	0.06423369561466707	0.06373068183403215	0.18686249876732844	0.14974690767295215
0.08988615449453699	0.06715058479672405	0.12886826753504566	0.20725981093606644	0.06659964151233622	0.06885382142416696	0.24255317893805084	0.12882854036307262
0.18630092980345572	0.20742562228152195	0.06010118255500739	0.12264280572211428	0.05261822732297758	0.07010007737413212	0.15235178790805573	0.14845936703273493
0.1370290426259677	0.03226315987086251	0.21379471787882867	0.09825470903578873	0.055683667615978	0.08036593913204844	0.2539381953522193	0.12867056848830646
0.3216021600151461	0.007597911580009872	0.0972779447889362	0.20090593357130881	0.04622966918410126	0.04525885013524114	0.17744999429299066	0.10367753643226563
0.18524550762962189	0.011265617597553332	0.09833456417130834	0.24217014711345136	0.04141122891337541	0.05742603571157148	0.24040625452036252	0.1237406443427554
0.09451240611015459	0.1857452632002452	0.18722347314388998	0.12835304720608418	0.042877047947103356	0.05268446997052931	0.1471586126041235	0.16144567981786967
0.1803295251138779	0.15003053375471895	0.17322080676872048	0.09695906413371863	0.03570211915635986	0.05061682896760929	0.18206519657147033	0.13107592553352432
0.19026337182318084	0.12487140041126302	0.07954880891746571	0.15375111529358992	0.05417988730607563	0.07720574346243358	0.1625952428602991	0.15758442992569194
0.07055964298408801	0.033880687347318444	0.08211835123505377	0.2702832179556852	0.04486685354401862	0.07887264972438801	0.2561181233623293	0.1633004738471185
0.10839400778417585	0.036915587362850846	0.1477973493432549	0.2865542229168653	0.03718674990534136	0.07085896606273641	0.2086724230629456	0.10362069356182964
0.22519546381786665	0.007522459489933367	0.076709046761917	0.2949876121448245	0.06612260056350479	0.057152512291808386	0.1604842930049613	0.11182601192518377
0.12679569569081972	0.11078692628875851	0.09204795882459071	0.28061620351570804	0.05407547578997815	0.05337805935396035	0.18571116476474844	0.09658851577143585
0.19019614181469746	0.09398090463771233	0.09546980231979683	0.161400640607945	0.05901863893563526	0.06521573371072564	0.1718859456906585	0.16283219228282872
0.25057720797492344	0.026888841699480692	0.1430134863895751	0.18814897882401974	0.06537072314356596	0.050085359262362794	0.1611700624139214	0.11474534029215055
0.1725919486965861	0.17103196217611313	0.15289369465200608	0.09411861215153607	0.06648785575518645	0.05371650794831612	0.17059230912103843	0.1185671094992174
0.0725291463031343	0.15191098378178308	0.09823022299536693	0.2619464130382626	0.06192517467441362	0.04232426522085274	0.156797940354577	0.15433585363160954
0.09974409212273884	0.10955552825573389	0.05808486811725763	0.24940649835159912	0.06154712478763291	0.05890753848608922	0.26280538114110386	0.09994896873784433
0.18381601520893498	0.16377261532113396	0.13722198733214633	0.10250375044355627	0.06308585565592732	0.07204853607645048	0.15599289313074563	0.12155834683110482
0.1423780497493513	0.11066199336257726	0.12941280748076664	0.2540280204118838	0.03760277385449298	0.04713348828761797	0.18454174135812948	0.0942411254951803
0.05735297321458441	0.04597779621790386	0.21937753807434085	0.16736838459291895	0.05761084344920095	0.05445692766111711	0.2612160560714154	0.13663948071851834
0.06930950709358896	0.023138473967058384	0.19422701824679517	0.24633807709852257	0.04916743275140009	0.07923387904007828	0.18977291851123185	0.1488126932913245
0.1454766602324102	0.04734228381052431	0.23448144639199606	0.0962660847301741	0.06109955252278301	0.0898959843295607	0.22479250065368722	0.10064548732886416
0.045469838479845356	0.0919147942635407	0.09832683003531195	0.26014120855739786	0.055760723282177294	0.054900241226460006	0.25562459749074085	0.13786176666452585
0.2528010236868492	0.11178305891258689	0.09015977750139781	0.1281206662043905	0.04500345363883686	0.08887493325984257	0.1539384088601647	0.12931867793593127
0.23530888603093947	0.03376933856899622	0.10789683285357582	0.20329429690382042	0.039736633667573434	0.0399243474558095	0.19246084175711936	0.14760882276216547
0.2980004950263666	0.024457641087214238	0.16654728270378874	0.12298357947696655	0.06283518469927596	0.04617640688759024	0.1680043608631858	0.11099504925561157
0.205306570093241	0.007690172624015917	0.09014608652440459	0.17034813022820933	0.05133935895225987	0.08446390663823111	0.2348281711460901	0.15587760379354784
0.11893800856753367	0.09523371774974237	0.061842261571568996	0.29306228720648975	0.03730992994497155	0.08040131132229267	0.21260803014182128	0.10060445349557948
0.08567383944912224	0.14434339516305061	0.0545590037946201	0.2785743892916591	0.04528888864560632	0.04189703624570773	0.2263091914597261	0.12335425595050753
0.09639189197571146	0.17524637705378918	0.10171889622198023	0.17292992466223867	0.050788677102510615	0.08303894683970728	0.18582902912256719	0.13405625702149518
0.14306860824441206	0.05888272487086732	0.1725726762421133	0.18881942758899856	0.05462361243396223	0.06325911712151264	0.19922430083378748	0.11954953266434618
0.07117452465676125	0.1383850877410581	0.14592825904908485	0.2295724060476059	0.0554447676232612	0.06969546065447918	0.17021731895287906	0.11958217527487025
0.15916496673599856	0.010496636986695326	0.19069428662182608	0.17771212877218032	0.04000358858654825	0.04423026237706844	0.2217386636339972	0.1559594662856856
0.08361408857503994	0.038979664423090615	0.19585379204774997	0.17432532649749388	0.051663324010810835	0.07188672339931057	0.25217208025854626	0.13150500078795768
0.18182690939138285	0.022230287101067003	0.2258835667503847	0.11057650129000343	0.047605424958524226	0.06101169486860633	0.1880995090745951	0.1627661065654361
0.05003775639621086	0.14617945191976098	0.11922509400917207	0.2737257632493423	0.046497464514106274	0.04801169484008905	0.18820952887134074	0.12811324619997755
0.0657146194668037	0.03376729711932634	0.18702039189636277	0.257837550771851	0.04624030957688721	0.07584149676996516	0.2192670931721828	0.1143112412266208
0.10121985044758505	0.20673775597926608	0.13224383571150797	0.08986997850812128	0.05866918663207954	0.08109361117820071	0.18029654915410692	0.14986923238913225
0.1820695495486085	0.0798831485983703	0.10148824703820004	0.1967566158150306	0.06201864754520037	0.053412218047907856	0.19637388265233688	0.1279976907543452
0.21306308304048527	0.043896320888313106	0.0847559185060408	0.2487647839927307	0.05962364094584646	0.0869722349426636	0.1551402232369303	0.10778379444698957
0.05258182838030083	0.15265193891639503	0.10813768655061966	0.2582056895104917	0.06265539037976782	0.07152184930106048	0.20152667209797445	0.0927189448633898
0.11863292676912914	0.10420776488763267	0.1724736369565204	0.08907183239062641	0.036907178788409684	0.08869685880860384	0.2413449615054002	0.1486648398936774
0.22335672206036028	0.011594844869604437	0.13091590514054247	0.18651767700725905	0.05341694664547114	0.07768595966537853	0.21773036468995857	0.09878157992142525
0.1839101870884378	0.10124465974885992	0.17706759685180073	0.08803184026654713	0.037703841196891616	0.04027188872181356	0.24254547728372816	0.12922450884192083
0.2930976102021772	0.012485185882084346	0.08635829527311656	0.14572143479569638	0.04965814525899316	0.07486120321317871	0.2276872247722761	0.11013090060247732
0.1416970390251961	0.09599076181369778	0.1946044859450678	0.21641416993461787	0.054125367033879476	0.0581603027682132	0.14166774548655892	0.09734012799276867
0.06021743259634427	0.009818416127057375	0.1977757903597031	0.27744094431734473	0.054667022021319456	0.06475933443230017	0.22055927740534292	0.11476178274058776
0.1874080829821136	0.03290095224602983	0.18562993066078545	0.10390039644897583	0.05211985253776749	0.05194152612226262	0.24208924605932453	0.1440100129427404
0.1423784378121001	0.11541470540275048	0.08723476852223565	0.23075733938755985	0.06212001519074782	0.0881974883527824	0.16112086214773438	0.11277638318408911
0.02935222637226767	0.13909566218333413	0.0741041541537216	0.27966842433570177	0.04881051224145257	0.07555305530528636	0.2641090976531101	0.08930686775512568
0.03334641831478506	0.14501295573932688	0.23470991739267938	0.12045943157127356	0.04709401898868747	0.08624177558196097	0.23615354278737	0.09698193962391646
0.05238318226441967	0.07666781822248113	0.175241735322759	0.18374489940726718	0.053895435088825966	0.07140951321501701	0.23854166782124828	0.14811574865798155
0.25563616768824393	0.06775090161446014	0.12177752248129252	0.11793439188453737	0.045148930185707356	0.06773041312498965	0.21987422329954037	0.10414744972122847
0.24465084439503632	0.13120955547413723	0.06729229281377422	0.08829143188416293	0.04621238293859313	0.06825414378083794	0.22639695877096394	0.12769238994249404
0.14091783208070324	0.0820016791318421	0.06199951618311293	0.24163291473727586	0.06346193001379075	0.0696348002429072	0.20617644632548762	0.1341748812848801
0.0354992255743925	0.07560364657944948	0.10142177764821131	0.2972237952724165	0.04148294800321939	0.044491925778196065	0.25150070312430906	0.15277597801980555
0.2972429237819455	0.06792814499493799	0.058900762291556885	0.1770114625400764	0.041305506119248825	0.07759212804188621	0.17625689660962918	0.10376217562071871
0.126395509803096	0.13531636104808678	0.130073904302237	0.15459126078623958	0.05382228637269368	0.08536438289703263	0.2198563890080944	0.09457990578251975
0.13483307358214353	0.19137939980612045	0.09234273448990002	0.10300798029540151	0.04412425328473149	0.07279808005852892	0.2229069551524831	0.1386075233306908
0.10704976622395958	0.04915575466148016	0.15433829183748085	0.29333077399684326	0.03835529170164306	0.08770287640152034	0.18206613049183584	0.08800111468523672
0.19453275015036808	0.1421238147454268	0.1681002775217066	0.11315515861320413	0.05803780281640061	0.04369422555763623	0.18588085899599954	0.09447511159925774
0.09667422213661525	0.0563441826806836	0.07672383074899405	0.28879094612459477	0.045215302836927054	0.0778621710394694	0.24059213188451317	0.11779721254820247
0.08773268200672739	0.17865809261245996	0.0712363688618791	0.18879202481224572	0.05650592836386137	0.054551461334802945	0.20696248475130097	0.1555609572567223
0.11533673375781124	0.06484643381538696	0.20360720946495064	0.2158730048253846	0.06518340784036106	0.08543916788216527	0.15195775956114704	0.09775628285279298
0.1320014863859437	0.1747650981195603	0.06153911047283432	0.2579715588812374	0.05676260898308942	0.05355309550840044	0.16299659355740306	0.10041044809153113
0.07245231234802949	0.15910133394865525	0.13812339764340792	0.21887154953336763	0.042751038442632824	0.07099734181318898	0.16901255297187423	0.12869047329884348
0.14798500415652982	0.13408288712744498	0.16685509226771175	0.1514222352263167	0.05370125880217304	0.06852222735155752	0.1849244750839424	0.09250681998432349
0.1788647501143934	0.02524080980201393	0.07127680477173766	0.29754738754625465	0.05129066368778565	0.06399844757137785	0.20490408316473596	0.10687705334170063
0.2992410608656324	0.10754017296509875	0.06727763808352193	0.0823730515954974	0.045183295713701443	0.0858612123383257	0.1816679165691492	0.13085565186907283
0.22765095041756728	0.07587678572304782	0.1471984305809355	0.07429158947820735	0.037001527638221066	0.08047343132170982	0.23983750749353977	0.11766977734677112
0.14870076722553757	0.06064018749315182	0.2293989120118075	0.11278774654897841	0.05523879049859344	0.04862683070280535	0.23592813895384612	0.10867862656527955
0.1696494452954969	0.053914445647619394	0.15672695495337702	0.20549841151416884	0.03952532238586609	0.06195199719881546	0.16794157297839327	0.14479185002626285
0.14058031559604733	0.15952099959470606	0.11597329830064128	0.08800265630510015	0.047253705881327865	0.07685712393962885	0.21237987217198384	0.15943202821056437
0.12824456590481048	0.07629218736000559	0.19216321030885092	0.14341697352168095	0.0477200077870258	0.05136585179409921	0.2357984969393845	0.12499870638414232
0.17861694048836027	0.14139166624221192	0.12406517611361248	0.11072025514125795	0.06089255195274339	0.06157566666407427	0.16918230854215136	0.15355543485558815
0.17707639283950988	0.15911672383276632	0.08435193189710147	0.21851983934054808	0.041350412090805255	0.06757035794330894	0.15864864641908324	0.09336569563687658
0.15647331185942082	0.13323682921483218	0.09148559265320491	0.11969681198419801	0.04871839342661988	0.07164820407063396	0.2264924156957989	0.15224844109529112
0.10424777566869879	0.1166957906421254	0.23439055872789222	0.1707589610493218	0.03574988018381209	0.06814639777204207	0.15633135202191023	0.11367928393419718
0.1486699033164622	0.018045427640428643	0.17475032392994833	0.17112756163995496	0.05362897721826464	0.06545059582588683	0.23560348191375458	0.13272372851529957
0.07263442739178318	0.05644903109700669	0.17821592843110737	0.22820902415068373	0.036669689201003386	0.08904090406791315	0.2289721600278137	0.10980883563268859
0.11482029778072164	0.04814746861152555	0.19304407680665597	0.3043405228072569	0.0407366485960837	0.03981161907998551	0.15862232544440857	0.10047704087336201
0.2803277112013628	0.10379790685759326	0.05428320972149252	0.08722844854918915	0.06614180666316	0.062376850777441345	0.19078037177472967	0.15506369445503096
0.12239522364057237	0.026283185280317714	0.08172467635567726	0.3072582859043748	0.04760422490567248	0.07296181832005415	0.23915973123308568	0.10261285436024531
0.15311255818711939	0.05720586283053214	0.17886200542335784	0.10174264798814309	0.04071718568546752	0.05918020421475395	0.24476522192323494	0.16441431374739093
0.12399738827666952	0.12901758025545026	0.12482785017127149	0.2187712254215416	0.04350540447161422	0.040711654535975264	0.2232616596025266	0.09590723726495079
0.22106871277876786	0.04072411342019913	0.05772058903273171	0.23561047506016242	0.05010596674668423	0.08686773345094356	0.15361889017363908	0.15428351933687173
0.030676121392858552	0.023647937781088632	0.24133222006291055	0.2627487117389082	0.037237449795892816	0.08816485263512258	0.18975774928595562	0.12643495730726284
0.09045351163877398	0.1395154862562125	0.11281865716920927	0.23954759157893757	0.044469461931954626	0.06644137669700126	0.1685789207468036	0.13817499398110694
0.2540427513403125	0.09721883269059706	0.12193622116909246	0.12078808627495419	0.06298020824431813	0.06414012866968857	0.17158187256090884	0.10731189905012793
0.05254903878278698	0.11316856263667924	0.20159810992940477	0.21163585004081883	0.06662427964654537	0.07318548920196846	0.14882222280483326	0.13241644695696286
0.19987625593199512	0.03132931377421032	0.2041199613302379	0.11694197032291027	0.04252413071567822	0.07455587309715933	0.2142798777404843	0.11637261708732424
0.18311082045288116	0.09963444806033298	0.1974092851324202	0.17448059775286937	0.059206217943412895	0.04178917926533529	0.1442738267438618	0.10009562464888613
0.03467417475931189	0.05176064734083009	0.18351959922339164	0.2694672771554798	0.040308309661685915	0.041650263939800564	0.22170774998696927	0.1569119779325307
0.07152400949637279	0.13793749530198413	0.09630509481166867	0.23284114015674726	0.06409309777951232	0.044106073442065186	0.19300900185835784	0.1601840871532916
0.101364338418391	0.12141556338198392	0.10921838052375069	0.23524983776166464	0.06552884990152066	0.055897660880508154	0.18237868658336126	0.1289466825488195
0.3481788185460681	0.07467336416317438	0.08497351293520108	0.10493750828156728	0.043963208581866586	0.048831814089407885	0.183911912074243	0.11052986132847138
0.27771967626925176	0.06621468641482035	0.10255600609039198	0.10077335418139546	0.056286690779254786	0.04798556221178314	0.24161346438111736	0.10685055967198485
0.11947996671564688	0.06014551229421658	0.23998539540426617	0.12295219007198264	0.036200038377278906	0.06484469413604976	0.2350356750291279	0.121356527971431
0.3007466201044161	0.027224027771736853	0.17007699298275078	0.1079259030886848	0.049838305820619155	0.060458689692010265	0.1462593172457975	0.13747014329398427
0.12070585248375743	0.14529587295385774	0.07708922538004201	0.24678835988748	0.060966068772573156	0.052764369031457606	0.15596731082463475	0.14042294066619712
0.19298881277937663	0.015290137030954776	0.1468864155109896	0.19768545687367442	0.0563451826213104	0.059018655306137646	0.22687498176247023	0.10491035811508605
0.21462273595487127	0.06200438580138928	0.15198311344156906	0.10004966944987646	0.038389898671413	0.0672037635996795	0.2466961139041487	0.11905031917705249
0.1605158489630631	0.011379550103646816	0.07571222449214154	0.27655685218624604	0.05049299229138331	0.05231832866500265	0.23299361137159497	0.1400305919269214
0.101701769566862	0.16015938966606424	0.1764714570502236	0.11942577852239604	0.04716397093590319	0.03948264607366295	0.22462520217187493	0.13096978601301282
0.14623644509096534	0.08946603461470906	0.18397779594946354	0.17306388354867247	0.04922804747735961	0.08145597099200541	0.16962648444473738	0.10694533788208693
0.2968910784649178	0.022260170322202524	0.12574193059742012	0.18992511283108432	0.05467129424929741	0.047550432611885726	0.15394840126519047	0.10901157965800129
0.03681344774599242	0.1378765761510165	0.1342346429262078	0.21676338504551212	0.0415692860174352	0.07541687043391807	0.19449932533810332	0.1628264663418144
0.049196646217875714	0.09361005553393623	0.14748731376951327	0.25049384281525566	0.042614344069785204	0.04554857405735949	0.20904912208381218	0.16200010145246208
0.23719171905686948	0.08351410704749057	0.10468835791315949	0.17344425806965116	0.06507404319316684	0.04807014370619886	0.1548749506151019	0.13314242039836147
0.1496546231422375	0.06193117773375574	0.12675030860088038	0.14891247206406502	0.054757118440606906	0.044655243810169915	0.2537145338854465	0.1596245223228378
0.16567676755379862	0.11441117323479955	0.15335934281342417	0.17887307383364795	0.03716158192951151	0.08884431995155048	0.17322619075852866	0.08844754992473886
0.15505662385572774	0.0427142890770735	0.22740103174597265	0.1366424835727662	0.06403763794342995	0.04602550557475982	0.21151927200330595	0.11660315622696399
0.11841630356460318	0.03137376131061291	0.1368386578184646	0.2990057581543324	0.052246073941954935	0.059557315756915016	0.14135098249435427	0.16121114695876243
0.18421742354252182	0.057627129973972985	0.18862272148242012	0.1299273923845863	0.04693586201532965	0.08684292032966925	0.2018093786703523	0.10401717160114732
0.09430524869836492	0.14326694489422045	0.24277805491101861	0.1533398962759244	0.05108288137285047	0.064967372238417	0.1431082441263455	0.1071513574828584
0.14502288314930387	0.19455203830651327	0.05931272017886613	0.1265421593890042	0.05461021427022697	0.06199079451397459	0.2639679904482811	0.09400119974382959
0.14810544922911245	0.12376101357225222	0.1362690261689134	0.11202805477893317	0.041832839971108524	0.052893096136011855	0.22888351212180044	0.1562270080218677
0.2398306299229806	0.03169631389998563	0.07918594399120835	0.25670026019057757	0.040639373675331006	0.07447201265660539	0.17621948343167534	0.1012559822316359
0.23451460843104543	0.03871276141209923	0.2313090528328965	0.1644870515337309	0.05852782698904861	0.041381190351449326	0.1412651465438546	0.08980236190587508
0.19726442331780536	0.01313360086435475	0.13771661106621458	0.22527833394130972	0.059431689274488456	0.05470189667429698	0.18814811172235818	0.12432533313917171
0.1601491856106009	0.1422923870354534	0.16187550362217873	0.0832314853951723	0.040952964735098796	0.0778375782820156	0.21045310864846567	0.12320778667101437
0.13855237588256636	0.14218530850354252	0.08112900011952466	0.26302947232346874	0.05833992533788515	0.060081972252312654	0.15474941414141477	0.1019325314392849
0.09918431698896096	0.18714211843971626	0.12940522841411006	0.1359257699331489	0.0654252479116097	0.04321877354501237	0.2115309339516217	0.12816761081581984
0.19404362749563342	0.045924510114826594	0.17115283891555652	0.1754293790391892	0.049721405875405716	0.06812524872024772	0.19714922703864726	0.0984537628004933
0.12891425635437698	0.12862477416054843	0.2109327617067862	0.0988493308345368	0.043530580584940165	0.08698694098400471	0.1547341896369593	0.14742716573784714
0.06824557623763187	0.11514876897179475	0.1894721363047357	0.21993026587088207	0.05012723678557941	0.0593851622217076	0.1435095019097724	0.15418135169789599
0.04659636327654866	0.1778767569486981	0.19870541468871278	0.12971890565114216	0.03570751863462146	0.04946177955560567	0.23817935029127948	0.12375391095339153
0.13897758653627326	0.08311655710785888	0.13262017989342714	0.18757296186969336	0.036352886975688475	0.0732658363051889	0.20974675926891123	0.1383472320429585
0.04664701774510993	0.10191623802111893	0.1620406555185422	0.21364722159131716	0.04058379789096564	0.057024480563668545	0.22251132613280908	0.1556292625364683
0.13207094960928406	0.05260834473965606	0.19929066233011422	0.22254130731822905	0.0604736385820953	0.04178853879473869	0.20200469560281076	0.08922186302307158
0.03650935697080765	0.18541310087658625	0.0856764409656984	0.1792056595992462	0.05790552824148959	0.06196486584868588	0.25900141271778554	0.1343236347797003
0.0701555711400888	0.022776928926684772	0.16029076414298604	0.25499820176238364	0.061477581227771486	0.06388325937757977	0.23393451718312414	0.13248317623938116
0.30267338295171586	0.15737499774052685	0.08563316638509277	0.07929557822489183	0.044476946568855785	0.05054000998532383	0.18331355080485565	0.0966923673387371
0.13639816433731358	0.021229811005314292	0.16875595238984473	0.22147262626655703	0.04458670414583474	0.08771599402733629	0.22285935475475765	0.09698139307304146
0.19708830968727836	0.11149856648787763	0.10408197089993204	0.11097840653404285	0.060697612556779856	0.061568667671877214	0.2580209518699671	0.09606551429224472
0.05892327445353861	0.10490150606309186	0.20804776726469212	0.2593463227054566	0.04931890851159838	0.04967732217108076	0.1807928047008246	0.08899209412971687
0.06964372562022605	0.03647991734238637	0.09210106099467205	0.2728483938391367	0.04824748636216332	0.08116611172798999	0.24542489523276312	0.1540884088806622
0.05567719761453002	0.11313960172555523	0.07200722290341804	0.23990521352065708	0.06057644264375783	0.07037043129629822	0.2431476694312076	0.1451762208645758
0.14181461448914942	0.20021083040814713	0.09735861495941242	0.15379253020412356	0.03740329253276027	0.06722283420656783	0.1858809044413197	0.11631637875851938
0.2253926988506046	0.08276568140816143	0.0916296346231637	0.13458606091139266	0.05463022832211205	0.06181485607627489	0.25190977637867507	0.09727106342961538
0.14689261014748545	0.01122310171645352	0.22102938778190706	0.2352525475687965	0.052037049481066425	0.07500265303782305	0.16893822438763065	0.08962442587883718
0.1246945837119373	0.13919276345234288	0.19088220342937007	0.15627490821753617	0.05221448766516586	0.05472626323065066	0.16055691957317747	0.1214578707198194
0.16348919645272406	0.1264546897610798	0.14298896156834762	0.13041167714337434	0.05430897510027928	0.05766158130233602	0.20967328942742203	0.11501162924443666
0.10906608668525423	0.09758792663478746	0.22954549554179793	0.13288969439672396	0.0557699007579827	0.0653180315783865	0.16638314158889522	0.1434397228161718
0.09702498658256632	0.06156588992954337	0.05848812039446785	0.2779560854477036	0.03837269221786349	0.05688328009853853	0.2624827909847398	0.1472261543445768
0.20551042481227816	0.049251116705846046	0.07671410336085668	0.25036130423232317	0.04073518255991013	0.06443100684967434	0.1630512020671194	0.14994565941199187
0.06691699341720019	0.14873774465127476	0.22830744614766596	0.08929915439358668	0.04176660948490292	0.07485895801362957	0.23648154254866716	0.11363155134307251
0.07652853339922344	0.13560498050684344	0.11435632469760748	0.24736858851393054	0.04968323015739634	0.08441232660143139	0.18055654834365245	0.11148946777991472
0.2008464734461362	0.13207807168326083	0.06498171655179438	0.16968400479124424	0.036380037704865184	0.04575230449085563	0.2116947335929348	0.13858265773890846
0.15386179439337289	0.06714003915986308	0.14955731664902955	0.12465041930704138	0.04768394542715314	0.08370069196732816	0.2243486504169968	0.14905714267921477
0.3072510668156575	0.03674805578103166	0.12862954903745108	0.10243836121268941	0.0393357818013427	0.04533606288919406	0.21763291033545035	0.12262821212718297
0.042999264676266594	0.09782131137204134	0.20100673071719793	0.1974171285737606	0.0566864256986505	0.087999142271602	0.17562770256119953	0.14044229412928133
0.04267641471192657	0.19891869426833403	0.1676102560266386	0.07517858205354694	0.04232863297172018	0.05133993906295606	0.25805390588780586	0.16389357501707155
0.1365725938513752	0.16766621487466174	0.18594279999889346	0.07897481978767303	0.05909830386555767	0.04768341393695215	0.18287996002779563	0.14118189365709088
0.26375272129870575	0.00925050638442422	0.07602077081506262	0.2516192903647025	0.062165018921689616	0.04203526494114991	0.18654583055409998	0.10861059672016515
0.04698759827906686	0.18714526164149814	0.18467221319455504	0.211874923232017	0.04668318427712985	0.07976671406705477	0.14623739258327811	0.09663271272540004
0.16536300904161785	0.0870603039329118	0.07498823018460529	0.23357195274850356	0.045702349610746554	0.05040752684029108	0.2069503102264072	0.13595631741491643
0.14616698810779286	0.11926362994566078	0.07473522764498913	0.2448161478834385	0.03920540936433117	0.050945516637898425	0.22628794830531873	0.09857913211057015
0.15585426229525123	0.017648941311033034	0.16363275982213965	0.17005283185019665	0.05772559580864685	0.08404548953995145	0.2136313092641925	0.1374088101085884
0.08345218816924602	0.20510850763186378	0.20254055819523872	0.09809785061229048	0.04756357401717738	0.06625957959538942	0.18046272562710525	0.1165150161516887
0.2852687223594205	0.008571176280307624	0.1501634037567499	0.1712682504699466	0.06258905747772242	0.06649312047793143	0.14539475919733624	0.11025150998058497
0.11776398713735273	0.02528292726683254	0.22190568221422938	0.1577706251666619	0.03620991308531893	0.043686275162813454	0.24171922987758135	0.15566136008920953
0.16816715567842222	0.07708161124998776	0.1456125040779987	0.07492250515627884	0.03650424756577099	0.08674192098382466	0.24752150214148305	0.1634485531462335
