0.04781272201680903	0.04598913869155341	0.09900579925847663	0.14096537451983499	0.07851844476880304	0.17087590491289417	0.18758852714014662	0.08620621111738623	0.03400377523400304	0.10903410234009281
0.03559918341607762	0.046138482252291876	0.16036804259579052	0.156538561038297	0.09555519100637341	0.19828977153820004	0.03097227353100944	0.06936282227728857	0.03322575970643113	0.1739499126382404
0.03233713676261267	0.029725229723423452	0.09066523654765762	0.1817751206198051	0.1067303076078266	0.24132673986703257	0.18047598159677353	0.05503836130865969	0.025190238384167812	0.05673564758204092
0.0369780514557156	0.04244543677602171	0.09814525537568757	0.12887687114347388	0.12139474036058256	0.17450398342324863	0.14451840466832194	0.07192397905901868	0.030193200011774793	0.15102007772615464
0.026050124495107074	0.028816548437997705	0.10428251264142847	0.13849635800316656	0.12343600768580944	0.15632341318079473	0.22063811770213354	0.08666468055485917	0.016388373143309418	0.09890386415539393
0.04171469997445357	0.026077321924789593	0.1092574717002814	0.1535691248453412	0.11550327319045745	0.27297717015193607	0.04589523178772624	0.06176029713134236	0.030843800543806518	0.14240160874986563
0.0426725557605446	0.04258635960596754	0.14941944193547113	0.13534923196546844	0.10945954867858983	0.18463936851656182	0.11513048850680645	0.059754435585373494	0.02966106576818371	0.13132750367703303
0.035384804541771536	0.027366229390158786	0.11075693232203312	0.15889721902978593	0.12304632832553833	0.2749089066652063	0.015967790214426694	0.07514155209766404	0.0321968962908913	0.146333341122524
0.02642093942775804	0.024096010053394137	0.14201472266500645	0.14405276742897682	0.12468058633212192	0.25137556022863644	0.06936971993290117	0.07691644415154716	0.02019695449474003	0.12087629528491782
0.038029502914031205	0.04720813748006298	0.12475071424384482	0.1650069231414485	0.07067880698852815	0.2378071029866346	0.042672945957005305	0.08735683532501981	0.04035174473038015	0.1461372862330445
0.039746393680770174	0.02926958179156061	0.12130800698051158	0.19805676496923985	0.1332998312630005	0.16136101072625825	0.14812641681082656	0.08218276795794481	0.022808017973341477	0.06384120784654619
0.05267943262527639	0.022732043797588045	0.12157494832599831	0.13511002727010632	0.11307408293030544	0.1871841764824541	0.14631577612488023	0.06814016929176266	0.03582826362536275	0.11736107952626573
0.033825525647380394	0.04462990650737636	0.10812961210077049	0.19095869889608635	0.08944720200044572	0.2530715255216455	0.021543447629696455	0.05792839443071606	0.022457342357284915	0.17800834490859774
0.040236326920412416	0.03356587005606253	0.13262282854559954	0.13277446405567003	0.10861924501290447	0.2692844298369031	0.040760448101775364	0.0876306153180515	0.03048986218411473	0.12401590996850625
0.049647352145813506	0.04468654217147204	0.11016729885372097	0.12676613775237372	0.07793851579437856	0.2740566851300394	0.08643769649026728	0.08110707022429883	0.017036150881148973	0.13215655055648673
0.03710665947197157	0.04370207131934542	0.11966214058119864	0.1409461778164905	0.08762303886191894	0.1643417143245057	0.1550813930738109	0.06714327602930474	0.013875236406299146	0.17051829211515443
0.05272792577246045	0.03670599503617278	0.1418298985802665	0.12170353954464387	0.11399215991778558	0.25099252154611906	0.12830269978974226	0.09081097615086532	0.017552546356867413	0.04538173730507675
0.031432577905977005	0.03953926913557445	0.10499005718691976	0.17130232680250956	0.07822598760438845	0.18092013360675652	0.1912219129892002	0.06788303311668949	0.011915940038296269	0.12256876161368829
0.04681709853497186	0.03929671339128554	0.11955270648088985	0.11682510336670254	0.07326257594629594	0.23352914236210837	0.2234336935998783	0.08115898955776375	0.034171284898252385	0.0319526918618514
0.0547375779677627	0.041849604373340926	0.13734939726707274	0.11552061734082167	0.07341704927777548	0.19207367800251768	0.12577834710679425	0.08884160175781645	0.020766844975028897	0.1496652819310692
0.04227874528062708	0.02735187875063136	0.10807829180020839	0.1745483051374393	0.09382783119116456	0.24519507746604824	0.18469688812547988	0.06972064086645413	0.016115534642435092	0.03818680673951196
0.04531788101926323	0.039121491451147315	0.12268358888972923	0.11982903390719887	0.12137992037550611	0.23875684079263232	0.2068923156896713	0.06695938965999668	0.030229148371302472	0.008830389843552458
0.04511271631717418	0.024704290639733215	0.14746555615112686	0.2055625709392574	0.072915374984397	0.20494781076851043	0.02004100396133003	0.07289490372774762	0.0372011369715671	0.1691546355391561
0.03508456983139428	0.03960248206265347	0.12904041502469077	0.19285413291806655	0.0737891932172126	0.16307053093949006	0.15425235154796746	0.09396819139427857	0.040605702939659184	0.07773243012458707
0.03904347572705705	0.03996983737212417	0.12370944906979041	0.164419057470089	0.10239953993845999	0.23631889480324147	0.17570661059521375	0.05554729798126772	0.01952976393631213	0.04335607310644428
0.05334797413426935	0.03763108935228317	0.13109736793929685	0.12211588035767176	0.08802570448424607	0.22210357120758203	0.13426217099440863	0.07979806946382513	0.026606309175640247	0.10501186289077676
0.028183720895732678	0.02268678513237936	0.16341540557957568	0.15962012836083672	0.13314917301826926	0.27324141614230935	0.02687722727767236	0.08496716811182665	0.013906126653611003	0.09395284882778698
0.05372788014317768	0.023772876138290155	0.1499292833020529	0.1537286961146081	0.07063963873980017	0.2166128310515163	0.0941426553478329	0.09173262759176566	0.020094493345177294	0.12561901822577887
0.03553154108441488	0.04177562504299657	0.11162000366370677	0.11768268280111585	0.07814487161696373	0.25572185078182463	0.1316624078510329	0.0529813420959679	0.03661635422261919	0.1382633208393576
0.049023432410860324	0.025118458810094224	0.15727057128119176	0.18750670430276944	0.10089035873607649	0.1657588413949207	0.05750366193895782	0.08174016275234032	0.03905439210127439	0.13613341627151454
0.031566457731290146	0.025744027974667794	0.1166716113823791	0.13775801534051238	0.0753713720026156	0.21182497851381976	0.22108311701617606	0.04986600388982015	0.025065173090737594	0.10504924305798152
0.03543740766753152	0.043387745566848865	0.09586360449094637	0.1390559844484906	0.09165649571155109	0.18458372765731876	0.1053006345935748	0.0942749967075555	0.020238881782210172	0.1902005213739723
0.03171534959079447	0.03495861643585621	0.11791670150037721	0.14156742317053217	0.08322328066461288	0.1827453621468661	0.12221235924727265	0.07779909795106646	0.03040566830804016	0.17745614098458168
0.048762307026837884	0.0470580124988665	0.09769439813650002	0.14550827627971036	0.08008415896337173	0.24300251238737153	0.09019212897806402	0.07170599168084234	0.03143785783181066	0.144554356216625
0.044965445826236905	0.03773337960263053	0.1382482084489325	0.18290251339922778	0.09522886198053457	0.16606584215144454	0.10385830041861205	0.07290849228951082	0.03178204285547573	0.12630691302739463
0.049758186827359746	0.048589357282692223	0.1285017753116214	0.17445306907928232	0.10168320608670961	0.18026578845559704	0.20025245025164295	0.05870718137436738	0.017983774161239918	0.03980521116948743
0.029231630839399392	0.027422795722512036	0.16416922858730532	0.17120509651952154	0.10517059609629938	0.16871632932083042	0.14104174851432458	0.07335270399812237	0.02506331159966814	0.09462655880201683
0.04827790059026792	0.027699960148018968	0.11805482104018526	0.1601095568317779	0.07305305763661747	0.24253872625651623	0.13900041542197428	0.0676123429334837	0.03523901257150612	0.08841420656965208
0.032862829610377994	0.041086342177796185	0.12465595243258498	0.15143173415968167	0.1004157326021268	0.16966434112996479	0.1172728271369766	0.061938786196522364	0.023094314093079785	0.1775771404608889
0.03355769618878597	0.04284849602212637	0.16233815247586864	0.14783615036118397	0.08643027937832629	0.19590155191228917	0.09084429447338155	0.0600852547028398	0.034293264000205936	0.1458648604849923
0.05426741812197479	0.03785123280408986	0.1424951125607321	0.12516035877663576	0.09591297729480112	0.16718972426931966	0.2595086673656111	0.07197492387760447	0.014397031809049027	0.03124255312018205
0.04798364070713587	0.04267715765902163	0.14689389441278294	0.1299993545380931	0.10582082305117574	0.16712487405869275	0.12220147118945729	0.09625659213793612	0.03005111093504348	0.11099108131066104
0.04108275681731756	0.032646089015672675	0.16383508760080145	0.17829648708031054	0.09187385643517718	0.2173048166674337	0.03746800225222725	0.0762636069974684	0.03747128964307829	0.12375800749051301
0.027033833943143945	0.03900494442983882	0.12534303694993912	0.19354803499852402	0.1175853081197009	0.17425101567060847	0.058719256277606297	0.09527633793811481	0.026513185435566605	0.14272504623695703
0.046823366362099175	0.025915335808883472	0.14122476886746965	0.1535741967341583	0.08349005694442087	0.1774642262972792	0.2434872618214688	0.06841406435872663	0.025420897153957567	0.034185825651536314
0.04976271885860719	0.02204058052632432	0.11668071146325917	0.1454492792016425	0.1087188978396996	0.1602471798001196	0.1668960775404773	0.07089843064592924	0.03520305777405873	0.12410306634988236
0.054694752291735	0.03071000483213969	0.11134183331639042	0.16803833395507808	0.06851918382368993	0.234107313975427	0.14471528432295783	0.0966121813637391	0.02265090518349129	0.06861020693535166
0.035080530885365946	0.03215611160277944	0.09472087083561452	0.20833406754666683	0.08363549041987878	0.19161474086142927	0.2349076659145763	0.055831097319887966	0.03529358849123554	0.028425836122565426
0.027274964296787815	0.039035174239052665	0.14281362996529479	0.12264870622343949	0.09247609190869976	0.1687411322189472	0.1908993461943168	0.08955618697368041	0.03715743828059152	0.08939732969918959
0.048392228457968554	0.028963613244590874	0.11761809542838277	0.19790144043056151	0.11670734370467238	0.23139407053442423	0.03905936160770249	0.08878655829094069	0.03145805308719285	0.09971923521356367
0.025939816352609696	0.03353980267910092	0.09883643190174539	0.18165867817685544	0.12238542185500248	0.19372300133577172	0.20790542592353356	0.08967301649659648	0.0374148357896265	0.008923569489157873
0.052903866561924785	0.04350042352439018	0.15976922252096964	0.13754024180038119	0.11331293493478535	0.23648502166104396	0.1141210874069246	0.05371909037175347	0.029295852643070608	0.05935225857475624
0.053711605377063966	0.03030120345760691	0.11840115721209717	0.1439419252984791	0.13242594980768324	0.22603823484674163	0.03603330321040757	0.09082667072984003	0.028965154274092283	0.1393547957859881
0.03387858060133771	0.04592976454499148	0.14618742083489117	0.13327059055185864	0.1342709666927103	0.1910054073623291	0.18616181029203116	0.07827273282468719	0.03101784658977351	0.020004879705389722
0.0276770604514507	0.036805708101742204	0.13455163614877536	0.14528719768303347	0.0903208984542458	0.25292411566972284	0.190950498312878	0.0771628008881333	0.035923953351815724	0.00839613093820267
0.03342774335619714	0.03997835416387272	0.14813158777193564	0.12599894992772276	0.11824658068446073	0.16676592335005572	0.13884544734162857	0.05179027214951113	0.017671358582678917	0.1591437826719367
0.030562193318780115	0.04847835379911027	0.12535806842569763	0.12784318578958148	0.08865180917504492	0.2256620737427566	0.20552234182444867	0.08665926500055451	0.03023395902974088	0.031028749894284932
0.03059676572051878	0.03141721178484844	0.12083040352001889	0.13613351545756147	0.08614037047963678	0.2324837900170375	0.11434057162641242	0.09664938541068167	0.03809131064130077	0.11331667534198332
0.02694277090831486	0.04716299961148064	0.14768014883235908	0.11613618745693852	0.11610327279849625	0.24483281654304034	0.0543646378348141	0.0669376921697406	0.037750274286859314	0.14208919955795632
0.050663845921288746	0.04077305518953616	0.12086151520678806	0.17092210760410365	0.06820662997317459	0.22043091529893455	0.05751837403208142	0.0785963202703879	0.01911555654760387	0.17291167995610102
0.032277364116517826	0.038397065422528055	0.14917613656355677	0.20285525935621135	0.12224725624286581	0.1734397827011835	0.10640756667342847	0.051989715416097516	0.03657407551325871	0.08663577799435199
0.04087693771015164	0.026127599210695573	0.15944879489632835	0.19549758057029193	0.0872245212945263	0.2415000638841367	0.03466786774970909	0.08957330265239227	0.010595711504733388	0.11448762052703469
0.045638177845102684	0.03080049177277895	0.12325989013924607	0.16279488281173515	0.09419852858698854	0.16900195756652187	0.223389178675219	0.09431985987286257	0.014516996973540017	0.042080035756005184
0.041964171372949936	0.036468807530000646	0.12747313603913443	0.17689823968609758	0.07662783508175684	0.17886041922367724	0.19796171228655512	0.05424696588609584	0.021279749604660142	0.08821896328907228
0.036669053440569074	0.027665672245567124	0.13388272143872762	0.16987308059761164	0.08691260644639033	0.18093392452608134	0.2411286026530436	0.070864018267611	0.020342836310231927	0.03172748407416637
0.04682446808502205	0.0249332474986681	0.11852919518500984	0.1421974977838962	0.11217185793740905	0.18178290627734478	0.1352916710806266	0.09839180672885017	0.012586823122008331	0.12729052630116486
0.042186781435911785	0.02558177689588366	0.11632484171486063	0.17384826735417286	0.1345811411555657	0.21587467793851278	0.1097529632654259	0.09340426324076741	0.025460044443070762	0.06298524255582853
0.044398220205676256	0.023639422647521682	0.14725219178522447	0.12299302050404583	0.12788864832447217	0.15781874355443332	0.209100367839929	0.09761451896565954	0.034188697653467326	0.03510616851957049
0.028527476083221953	0.03671274840490693	0.09048665706119012	0.1259548033971685	0.10028604332267005	0.23515303319398367	0.21095410482166926	0.049528632269848806	0.01591642870976745	0.10648007273557326
0.04918667362155724	0.02624320146024546	0.1399589931971433	0.1390333543284296	0.11862445896225363	0.20022123535997377	0.10134030594734703	0.08282697584174409	0.014697663098448777	0.1278671381828571
0.05050289897726827	0.03223157447326547	0.1333103992607112	0.16806885547813866	0.10382773122743447	0.259750887337193	0.07544359780587165	0.0711165961877478	0.014353782927976358	0.09139367632439323
0.030126988324824064	0.04165021755763889	0.1411992412264147	0.19780191624266014	0.08691399115569517	0.19275402701413286	0.08240193104725298	0.08518166336921366	0.011671507502599404	0.13029851655956814
0.04299057594920985	0.02792563796515317	0.14581647074933224	0.16834177185539484	0.09158805111197614	0.1741711417198995	0.09999433093000329	0.07719077279801674	0.04041023101390375	0.1315710159071105
0.027884729535287964	0.022721955523209186	0.15455716975688313	0.14204106790932547	0.11755875028971079	0.18901249342838825	0.20782077664030876	0.06126388803045465	0.02034932529914285	0.05678984358728901
0.0495766958832211	0.036656564209206266	0.12586110761824623	0.18080810560234528	0.08802381450086598	0.22032409026990257	0.05600459494451961	0.09790856013618238	0.03410408996492455	0.110732376870586
0.04291892886581154	0.03504439091960998	0.11769283921167134	0.2033601434174651	0.12865123453500482	0.15741957770531118	0.0600832449138454	0.09411768134807623	0.036285086707686154	0.12442687237551824
0.02924651244622968	0.03351151521473417	0.09497969808896742	0.1594660192889647	0.086250956768375	0.17662978221169276	0.22109241452200895	0.08979226020801338	0.03242607711147273	0.07660476413954116
0.028279518065496834	0.04775443505258394	0.09420061526672127	0.18863895747202314	0.09215679025338629	0.272992933982923	0.08425790302897003	0.08590176842323484	0.028494648818571985	0.07732242963608868
0.029386994290623997	0.029724434060907856	0.14120553565354846	0.11530805278507267	0.07848311924421492	0.2638452904661864	0.14869642010258544	0.05702388609777068	0.025220254412447504	0.11110601288664212
0.046431034378440705	0.022078636575732613	0.10667243151156951	0.18517099526034944	0.07179846831752493	0.2482884873224518	0.18321814115653212	0.05164171351296421	0.013315366828598865	0.07138472513583576
0.038918520856523586	0.034345689379173455	0.1315347879586046	0.15194149608703086	0.08086759901048025	0.26922840994261465	0.08605305929599608	0.05574552266768682	0.027498721053015637	0.12386619374887409
0.04202873695287759	0.031487830229444694	0.09947045790159553	0.17667813027207607	0.08795388829317256	0.24668877804732697	0.09701236547890667	0.0825201380732499	0.03169253158277478	0.10446714316857525
0.03995483851136748	0.029151235630667086	0.11137878040017457	0.14719790513649272	0.12666282771274787	0.2228166610851472	0.07003914566463215	0.09850963790705376	0.03837424768758984	0.11591472026412736
0.04614733168608438	0.025335895421810584	0.09563713645384278	0.13112751858799535	0.12845455818952922	0.18664185140496353	0.21390368659890524	0.07201241141961369	0.023330078989331607	0.07740953124792366
0.04171890026354973	0.047637716403394884	0.15060559560633852	0.1643247632884737	0.08679537652458746	0.16171738512242842	0.21762364277236707	0.058809541008814956	0.016719423063705427	0.05404765594633983
0.037221404391894516	0.031665941991126656	0.13822675713731364	0.11868281907902578	0.1198560833561271	0.23458365447600532	0.12716815231754347	0.0600318320361939	0.016276362972818065	0.11628699224195152
0.047801233430455226	0.04426636384890199	0.14987870040033163	0.11825192475537119	0.11123784629830533	0.24548653201513665	0.10839079634571494	0.07909495596900598	0.029244389330207607	0.06634725760656943
0.03538760377771989	0.04764025532498813	0.09179538202987246	0.1824869600286368	0.07579685269534943	0.22090813316957575	0.1331230522743997	0.05380674137414698	0.03921525351525951	0.1198397658100514
0.03585596665132047	0.04779061922719313	0.09797072255756242	0.177330703984642	0.13196780694615334	0.2236200388926391	0.07153946860894572	0.07787587631424536	0.021479465486748325	0.11456933133055007
0.04822504651798954	0.04481248250329573	0.11749510899214961	0.1651511591599351	0.11695525550082538	0.1571995467287534	0.19972869232104568	0.06004887439781026	0.02767179932795201	0.0627120345502433
0.030498117801911542	0.0453533639428374	0.12377872297316289	0.12508530696420309	0.11845253496518648	0.22937487540857926	0.20957126969384504	0.06344682247122324	0.04080310026476032	0.013635885514290735
0.04999071570239545	0.037767839957871696	0.09722056532868331	0.12118435766981303	0.10043907581168163	0.23849247624226216	0.22467476689077132	0.050264986659189076	0.020077469756929436	0.0598877459804029
0.03055428000496277	0.023861536182784512	0.15714809283595405	0.13918221068199677	0.13422127499281306	0.223802871964119	0.10295805362104787	0.09315503457663481	0.03655030671146409	0.05856633842822312
0.04406057914145028	0.03509288306980607	0.1350878985356952	0.11786860841558774	0.1338009867808006	0.2603669757115841	0.04565361717122002	0.05799501616193449	0.014738538942216675	0.15533489606970477
0.029667654640875826	0.03832364040938492	0.15762624985518436	0.19911361758089657	0.0701015330111019	0.23272898951787258	0.12825625263780635	0.05673957651667193	0.012351987008896795	0.07509049882130883
0.03916938136506548	0.03598957034596201	0.11555803340605364	0.1950281588453051	0.08888581785393333	0.18080687797843323	0.10928866533961906	0.07957438981334891	0.030682956525109828	0.12501614852716944
0.02784740690608352	0.044068930525132555	0.1341970939304945	0.11715123416265931	0.11606642842358332	0.27132950079930146	0.13760194956032884	0.0776201427360631	0.04052522780836787	0.03359208514798556
0.038524579613613594	0.04660549036841787	0.11783399186787628	0.13277749521278714	0.11363627991890166	0.24737668262542695	0.17189988110850474	0.08457395167982318	0.016956033443706636	0.02981561416094196
0.052575103309486435	0.03743575200809639	0.1145204912642564	0.17269041798065157	0.09852160783434047	0.2507457985879166	0.15573518999960415	0.0640114504216377	0.040226183185962744	0.013538005408047532
0.054543891746890026	0.047810221578095995	0.10252825691152403	0.13598003970563552	0.11535387548886561	0.21182443987601485	0.14489140083164778	0.08060391632438156	0.03368947989355264	0.07277447764339198
0.030624976323457995	0.031176127020862185	0.15630272646846688	0.21037592774920538	0.07633477193631474	0.19891989406603805	0.16683288359717302	0.09516541065232967	0.02312424653422751	0.01114303565192458
0.04482190246500757	0.03983594789486114	0.12542538538823778	0.14446346114317848	0.10013850554180002	0.1625907664911756	0.22465964647202216	0.08577949283119488	0.039660525038203914	0.0326243667343184
0.04739337274912779	0.03736481515265669	0.14470293537319373	0.1341467756823903	0.08122510189085004	0.1639976516321924	0.20575292131211187	0.07752563313519704	0.009314084486094623	0.09857670858618549
0.03668006574796015	0.03859034284867733	0.11757740220597565	0.13949427678150084	0.07199187045429963	0.18058873777263795	0.17341702438163942	0.07341185996832522	0.013022454036701853	0.15522596580228204
0.039131753013254264	0.03600771671975356	0.13839619856701638	0.21281882741246466	0.08749533664123765	0.2718529405928402	0.062489888915701335	0.08171733412565554	0.03218381000706094	0.03790619400501545
0.03765121164377451	0.04252156267994835	0.11118405895787363	0.1882463605187294	0.11339760768448852	0.16181324300689684	0.0639178985867635	0.07582972527771734	0.037194417872546945	0.16824391377126097
0.05010644460256607	0.03720984098414268	0.15458020699413075	0.135561922386315	0.07738660248949096	0.17844640862629313	0.16566786023473673	0.05471082414689986	0.03437379132956769	0.1119560982058571
0.04967451939505199	0.031244343089770837	0.12620435889033	0.19441785830671204	0.12326945387587812	0.2092650815271999	0.11068437332666436	0.09269790565052807	0.028236096026141203	0.03430600991172349
0.039162711559148564	0.028733903524698734	0.11282739362145183	0.1583235942445639	0.1314743197993517	0.19136774621880423	0.24033303826754543	0.05523184932159448	0.014464852384153376	0.02808059105868778
0.054883149743489235	0.04403995290906714	0.15715511940215146	0.11807158352266368	0.10393412753094773	0.21783854619164805	0.12030026610666861	0.08395071307642989	0.03606485380528933	0.06376168771164493
0.04222462751723828	0.041804446217029154	0.15920344655277807	0.1413044433946284	0.06805391051860067	0.2711053044645325	0.1410567966484334	0.0958803713733454	0.01583141961497539	0.023535233698438712
0.03539027428860969	0.03581592757674355	0.15439545051914882	0.15577847596093722	0.1250389356990787	0.24156235698276357	0.048853862708240776	0.08557038676660977	0.021189468956953103	0.09640486054091482
0.039845420883533045	0.04188005544880125	0.09745085498222592	0.19529281620203792	0.0963551852020756	0.16862224928951253	0.20916969883137748	0.08623180105808714	0.012806557074026725	0.05234536102832239
0.051606071403341794	0.02347531512002668	0.12735514096444078	0.16784608914555063	0.09588417478312099	0.2011155138254908	0.06146808020636221	0.0986667003932305	0.014663719710679132	0.1579191944477565
0.04850296904308669	0.04366029457124779	0.10151411584120652	0.16045440523110063	0.1184596799946345	0.1814675818622215	0.21377261891047958	0.08049666143591938	0.030000801036319497	0.021670872073783876
0.04606339830895163	0.026143419566444268	0.15468902257892672	0.18876624900461847	0.08062733482874371	0.22293881566585855	0.15569851058414624	0.068091237067417	0.03472650775682849	0.022255504638064874
0.04819138942964474	0.024026791511039328	0.11093945134558837	0.20968277851219164	0.08185312624925051	0.25960889946836846	0.14632103818411493	0.04995508984116334	0.038704751148798726	0.030716684309839967
0.03442753399989042	0.03326508460394194	0.14675993767692136	0.1521963732167158	0.10842392938908454	0.18695284127088624	0.21154201756710234	0.08146047594152592	0.030124768521064632	0.014847037812866878
0.04245550092669259	0.036529026013366925	0.10597041501829213	0.13146971413829162	0.12628104995863768	0.21484984178818925	0.1906562369878268	0.056811477335600886	0.01739953033245084	0.07757720750065134
0.03735947521404502	0.04632286137679986	0.09370049421014738	0.20993105236225415	0.09869135764358118	0.21635347027338314	0.04323312189110386	0.08082349727944785	0.02698130961377951	0.14660336013545805
0.03269929697134037	0.0438169699385803	0.109896046698156	0.154465387051673	0.08520913017983005	0.16320084163122153	0.12969856227330473	0.09627064619179336	0.01192047160985138	0.1728226474542493
0.030147399043843018	0.02222600393967919	0.11776718339133642	0.17727166882949175	0.12814613402690844	0.18605708784834057	0.19836447302549398	0.05753665844492661	0.02200601045151948	0.06047738099846058
0.028651483862434546	0.02727449619896795	0.15251609083584874	0.12457667799229384	0.13453296748358867	0.25810803510136854	0.14006675170696625	0.08818402846705445	0.020239521543368402	0.025849946808108634
0.05172743796388282	0.02629051863156953	0.1066581925428513	0.20495289590966514	0.082666777346078	0.23882646446391598	0.14283449027333237	0.09026491545116162	0.011823266562042523	0.043955040855500685
0.05308385471658161	0.02723294673881653	0.11981532455288726	0.14720518694603596	0.11759554724034182	0.2650313138190425	0.06623349083062	0.07484718157724966	0.01270506246198351	0.11625009111644108
0.03324621338173546	0.03553350178138462	0.10925846398726714	0.1352358259864373	0.11899883983000714	0.2190398938063844	0.16430524173600652	0.0546184559132668	0.027929473999380366	0.10183408957813028
0.04088543279966364	0.024844047800493596	0.10247883644697792	0.13423871694154163	0.11589665381085458	0.22238942359656144	0.10865601152956912	0.051800571242990985	0.03133953097347618	0.16747077485787093
0.04768932210375269	0.02906090358751602	0.11188156727054065	0.12210786529431618	0.08276801684004746	0.2133957142363389	0.15116185831020765	0.06901319215756478	0.020275371202079784	0.15264618899763588
0.04277942999492139	0.02532246435159205	0.13953177155344532	0.16669345377737965	0.08595962453770652	0.17157462804136905	0.23117623531646242	0.08849454318885934	0.03286612164632946	0.015601727591934844
0.036571290601566955	0.027524558793213166	0.15461943528890731	0.15335411421397452	0.1099017902261013	0.2767776732629341	0.06441729654895054	0.06564451274110722	0.027927141564623628	0.08326218675862126
0.04043539346937123	0.026740144314058162	0.10368673358525238	0.17376614889567543	0.13442026145651975	0.18656693975715472	0.1924960136163693	0.05225714899748857	0.03367777459924473	0.0559534413088657
0.029699826423018508	0.022743835564171547	0.13265373014298154	0.1441128478071428	0.09952106643118223	0.19114714893448037	0.2596471583376908	0.08523622204095464	0.012246832730032797	0.022991331588344696
0.04518550702686057	0.02380914207865592	0.1642924791466055	0.1227578697094678	0.08164921649285649	0.17592464422498783	0.13919871388138197	0.09726508009217255	0.02376476249109022	0.12615258485592123
0.03910258350385119	0.04422445340042085	0.155102080870207	0.12631502493214555	0.11918811964883022	0.1722015855426015	0.0437316100298056	0.07312869280390806	0.03341782805705844	0.1935880212111716
0.031805460629553445	0.042066353826697274	0.14106087012761837	0.1789156970283836	0.10201242550175472	0.181508421185716	0.18035220079434605	0.058275266727285224	0.03318064784999253	0.05082265632865276
0.04227295866673361	0.03718492797518737	0.13491193637216495	0.19174387668071108	0.08085648431831026	0.1788962565457941	0.12647303916422206	0.08702022006885028	0.009640662991573706	0.11099963721645253
0.05146769247724426	0.02762530880126457	0.14353783113731822	0.18222451513201765	0.10936126751598496	0.24545399382659955	0.06869363724303218	0.08770739060835366	0.019304778528505234	0.06462358472967966
0.028420013403687897	0.0245411310387805	0.10093701581897553	0.17586955967818785	0.13533229615102543	0.26451957093521783	0.11911143853635756	0.0640113638606718	0.03362554227346924	0.053632068303626365
0.048434927932623786	0.02983224576927314	0.15546060595196895	0.18343179938680765	0.07045066175174594	0.25165173384482414	0.06883732212125776	0.07725166125202891	0.014959434282667314	0.09968960770680245
0.04190029807260726	0.02225296936504638	0.15117185609123807	0.17561844541263255	0.09030577143315544	0.19796788407005472	0.12425906288115104	0.07184924519341189	0.03549514690712194	0.0891793205735807
0.0518748986072876	0.033230506241688246	0.09099295222129511	0.15837504669937064	0.07055636717594023	0.22017968628829426	0.11617237084087763	0.06358498645987531	0.019274289407382655	0.17575889605798828
0.04951970507296973	0.04804865044763265	0.1535381418144228	0.1414162534298628	0.08982887480310076	0.2365758196121216	0.028452329345230135	0.07531309331659904	0.03529060396982632	0.14201652818823413
0.05116676828998409	0.022899475632520733	0.13535534903537816	0.16684439743198906	0.07713965594168082	0.26065897637217456	0.14406649829262064	0.052223510258368626	0.03664826577497632	0.052997102970307006
0.029493343979676415	0.024086662319605587	0.15097965238399275	0.15381557781838484	0.1075179289077545	0.20063508949796238	0.1599536750115873	0.09111729027696981	0.03128419023709943	0.051116589566967005
0.035209325612405834	0.0367309886352544	0.16232741185603816	0.1259121585191511	0.10597472814615042	0.23203533083661004	0.04916274902036903	0.08338352851821793	0.03952255861953746	0.1297412202362656
0.033511528262480314	0.03663914948014778	0.138056641563919	0.11880467512149445	0.0829611412584734	0.2683580300571918	0.14415358665283795	0.08341001374785714	0.033743974562715884	0.06036125929288237
0.0440631406495404	0.028509130056070114	0.15565324143781833	0.17663183662455445	0.07482437328344126	0.23413622274692447	0.02025216856055588	0.09774899981859245	0.016713255788070785	0.15146763103443192
0.05109890372716436	0.03535053199524542	0.10716340885929744	0.1577130298099454	0.08823287116349712	0.2310062938388054	0.22557856373005436	0.05139312144608755	0.040040340055457854	0.012422935374445082
0.044169901887319965	0.025190154799866818	0.11290077519904268	0.14900710942391845	0.11581448724150573	0.21817811752654737	0.1423026102946239	0.0734202508501785	0.032696262598212594	0.08632033017878399
0.05283689602780508	0.023208698893430704	0.15204792262068698	0.12599901835790275	0.1314667010857418	0.16229734711532684	0.10108662499849397	0.07792672494045791	0.022306825689343876	0.1508232402708101
0.05088293254772907	0.040520343998853715	0.1076806117258707	0.15990802091559966	0.10994255868864568	0.19937428432606963	0.19661963588989106	0.0499948083097846	0.03945681496586737	0.04561998863168856
0.03758137863064835	0.02552497910915734	0.12834045192242277	0.181589754681786	0.12471162962268467	0.20307312107534659	0.14860845556461322	0.0833389475066153	0.0390810251553374	0.028150256731388365
0.03576633216217047	0.038461616373172344	0.15914172960665177	0.13644864097441983	0.12043347840554967	0.24183638215554187	0.06816468840421616	0.06711185016262441	0.01534177979758257	0.11729350195807088
0.05082387317920629	0.02770130281834461	0.12023918695081312	0.17091029912403777	0.0930896839999915	0.18858529526459117	0.07931321187694923	0.08415633661509467	0.039161292077241325	0.14601951809373032
0.03419864103814743	0.03401179265697765	0.11369291207024425	0.13338745103305627	0.0747023703141368	0.26837702098691524	0.1938756574757288	0.09074400023544804	0.02868449895724272	0.028325655232102842
0.04502533649118289	0.032953734820427655	0.11587402023569193	0.1307714947061382	0.10843313493954293	0.27023825305138766	0.14901802428174613	0.054546336905992386	0.015108894825274166	0.07803076974261602
0.026130160780215142	0.03308628740571838	0.10486420654027177	0.150515511237782	0.11735038493581162	0.20100499561540092	0.08968229658716526	0.08826360347423642	0.010244274479011065	0.17885827894438738
0.04409943577488769	0.04461096783193638	0.1506704431863163	0.11784623616592707	0.1179100368859108	0.25491965550368384	0.16867179486062614	0.07652629717918037	0.01333966523562398	0.011405467375907447
0.04732215528095056	0.04616447531318213	0.09386616823463569	0.14354354779674638	0.10180748381463328	0.16491570073896347	0.13005406681000742	0.09864705902805358	0.03622638404693776	0.1374529589358897
0.029941928097425435	0.034995376314011464	0.13775956646746845	0.14991783971341655	0.09203476823743369	0.1746264354863623	0.125398720125386	0.09600898392301767	0.029046095738023373	0.13027028589745515
0.04475153812683731	0.022351062022012674	0.10334327896245596	0.15082786903510625	0.0695720662775096	0.2693459197035224	0.13019543474553746	0.06599453419779443	0.029181378248059872	0.11443691868116398
0.046394515045117546	0.027785210590167295	0.1601981813296137	0.19248738948004754	0.08638089814870198	0.2660226365625256	0.054459308499172035	0.09031595385261852	0.018502617360064644	0.05745328913197116
0.05406704622773879	0.02623530597906898	0.09218285412117562	0.19145831858423215	0.12911896861385014	0.1966170111150728	0.04062863029737712	0.08261719367361492	0.012730682369024013	0.17434398901884546
0.04889948963913025	0.031467380253670754	0.11590631397603374	0.1813305145815557	0.1226990464932394	0.2773161053560147	0.04570788538180474	0.06598366262210004	0.03974576926623869	0.07094383243021199
0.04377826323698363	0.033882408528970925	0.09722627748819965	0.20349894625678455	0.09723853809114953	0.2239647268230483	0.07320097594124257	0.09542693023400414	0.01808125724861391	0.1137016761510028
0.054184873443500536	0.022825288314170383	0.10926063200239969	0.18843765702096194	0.07632627829520308	0.17172361057815494	0.17253259223762146	0.08932286255480577	0.025179585995280043	0.09020661955790218
0.05290983596067593	0.04169495829873284	0.11886825886739674	0.18439634031026686	0.08070436254042623	0.2639759339388667	0.06656207619426158	0.09415977070714258	0.03056279906842782	0.06616566411380273
0.031106626627620912	0.02576535936474221	0.13317618550504515	0.1817276695721426	0.0912277537573413	0.2750897769125058	0.01840611703247949	0.053661097178735906	0.034319274331559346	0.15552013971782733
0.03788395460890625	0.043948506793295816	0.11507538143727791	0.1850530523396713	0.09989740410482512	0.2106294961878113	0.06265529214712573	0.07567639683909302	0.030371273617427766	0.13880924192456578
0.03414446307184395	0.03365820687165148	0.1308832094446157	0.20648459650538337	0.09836157337611084	0.16085232648496298	0.22761708954302717	0.051677420983616426	0.03946603486490648	0.0168550788538816
0.0323352807643571	0.03057467063756572	0.15929297252065502	0.1494108857924493	0.1003482676691078	0.23014105308707772	0.1134865221731039	0.09817826828539615	0.01651014637161098	0.06972193269867634
0.031160046131722866	0.04644484295421694	0.1515610028459013	0.19931050117781363	0.0803413430924842	0.19866902407825976	0.1898583296927287	0.06477963514422082	0.012261930682521502	0.025613344200130256
0.03924340792319091	0.03549192095179872	0.09214974534649016	0.1983811734636053	0.0819790131355193	0.1802087947009242	0.07101710413703101	0.09354529387713734	0.04075850242785723	0.1672250440364459
0.02946711524535782	0.04689240976489405	0.13974897912084497	0.13196853455644036	0.07226370765169905	0.27694940591454303	0.1100838885112856	0.09302918729051787	0.02029220303181041	0.07930456891260686
0.033839647193262906	0.03577824628750191	0.1323654992005486	0.1357288573591697	0.10953801457295846	0.25320382863284757	0.157165793613939	0.08102976127563823	0.027307727080850136	0.03404262478328353
0.026118371197675183	0.028831752403498084	0.12938543407469213	0.15631316502688197	0.0748193364737878	0.21744628365879742	0.1842256870569976	0.056075049603843484	0.02666472150476701	0.10012019899905929
0.02912517836894568	0.02501424211822309	0.10249532012157068	0.16593418869611062	0.07089596372832989	0.222902458756472	0.22678052223668377	0.08518671589208744	0.023267497078232002	0.04839791300334488
0.03135497276408772	0.038223154254807136	0.16507197561825432	0.1964268791306818	0.09134100946928778	0.18478775149320598	0.13361377134900587	0.0765341056305611	0.023483966202202666	0.05916241408790574
0.042680844306193365	0.032221182503794646	0.0947330700682439	0.11917751069016222	0.09904776202792422	0.18756742882411165	0.17848245704496368	0.08409923434309782	0.032998549526744914	0.1289919606647636
0.03191473652653419	0.02500641557143958	0.14659417821926637	0.17794015161046361	0.09230643372207832	0.18873027626895178	0.1902735751012294	0.06530464643253339	0.029477256012757858	0.05245233053474545
0.03836957744401165	0.03984099583898992	0.09526159013441875	0.11592635492735372	0.10487960539060094	0.19583787412312528	0.1378299619676227	0.08237278337272708	0.020962123646483602	0.16871913315466636
0.04238280824408959	0.03299093723886333	0.12024153217662965	0.140588481905213	0.07666186862943702	0.17131411413002728	0.16493963316003873	0.07311114278984374	0.013932390368786338	0.1638370913570713
0.04582691308326399	0.02692160060243666	0.11493422965324265	0.19186705021632175	0.13137718485647007	0.16839036518092432	0.04685136026491583	0.07166254518068674	0.010504167716269788	0.19166458324546815
0.047649259634306655	0.03375073852730327	0.15439160066897872	0.12192753790511943	0.08269974255676615	0.2608337172105295	0.18439479891317284	0.08611873155395522	0.021294196282162364	0.0069396767477058335
0.04957149077485695	0.0361036944336304	0.14557774789948147	0.12010382917548412	0.13280042888277052	0.20452407136701015	0.1434852805439829	0.0512908498904099	0.03521128254490542	0.08133132448746819
0.04989598988207292	0.03154967996618524	0.1279404134479227	0.13711845081713003	0.11900216556162492	0.1744816362889341	0.1402081569576072	0.05490502252956889	0.01823371956719902	0.14666476498175499
0.0520472707444679	0.04806154360455934	0.13307055665024026	0.17242446396443395	0.08432676968065247	0.2092780687837479	0.07098155160986551	0.0728084251367751	0.015054298677509598	0.14194705114774792
0.04766514813935359	0.03278642967267904	0.0955733247254086	0.1439924674450654	0.07445920795135191	0.1974411345459735	0.14492055254643849	0.07160476961403467	0.011833221507306466	0.17972374385238837
0.03615292334520691	0.02921288002922355	0.13091568766341435	0.16394655463642094	0.08893977393182427	0.20528256945530665	0.16312404628351201	0.07423816368006114	0.03701702211299435	0.07117037886203585
0.03244646531571144	0.036748182221126316	0.09189787173750985	0.17553133736588303	0.09976423984219576	0.22251119148886478	0.18409193329534412	0.05210745725740252	0.030156329592321646	0.07474499188364048
0.036290909407092176	0.037259099982009325	0.10418395835456566	0.19973847260055405	0.10571576076429703	0.1967003384937902	0.22762862409006246	0.0526636443985145	0.013496672215257202	0.02632251969385739
0.033345165829448464	0.028188156589342844	0.141711542873583	0.1916785720021144	0.0879500402382631	0.19634391935693113	0.1626940261366841	0.07445101054725864	0.015692301453871224	0.06794526497250311
0.026478644262620796	0.037201275504542664	0.11828707621890709	0.1702360272578032	0.11654917351684546	0.20501961773560426	0.03323887752436565	0.09814100959885289	0.010426559920821352	0.18442173845963664
0.026612180298637544	0.034301814273085096	0.12625437723375063	0.13758893761785732	0.07323700644067918	0.25907514808652754	0.10158536542663915	0.07559066457373353	0.03395651429276683	0.13179799175632315
0.04259815692109664	0.02287558408312608	0.0925098435049941	0.18286632765336347	0.07108004790568435	0.19463908501264035	0.15334032995715027	0.09117088341089914	0.033097784635668634	0.11582195691537693
0.042385511275937704	0.03500147295034321	0.13609413305168494	0.1260362539699527	0.10390952948979068	0.18593009539754818	0.09287959801438439	0.08616947500566229	0.025350234597381074	0.16624369624731486
0.05412949572735565	0.026661947496688515	0.13787396666407542	0.21110113684694728	0.10273201572372194	0.1981669211332751	0.15042809831071202	0.09693566403391561	0.0096108224063199	0.012359931656988565
0.031661153141380585	0.024708639855462677	0.14823165380694128	0.16271409395861763	0.11777375238110122	0.2294630032753484	0.1859507406937943	0.05958642008594926	0.010839951132368644	0.029070591669035986
0.027835103852594828	0.024483555115924732	0.11534016665513545	0.1453248123887439	0.0966696158204089	0.2715806416250059	0.1136244504959696	0.05388890963751812	0.028668839954195183	0.12258390445450346
0.04428567386104411	0.034904466164050865	0.119204899195963	0.13892889480931875	0.10438060726475441	0.16903084412556918	0.2854753400929312	0.050696549150565665	0.027798004258340503	0.025294721077462265
