0.35081680532165493	0.40145717173318896	0.24772602294515622
0.3489283991056901	0.40174288266659375	0.24932871822771624
0.34688808444848784	0.40275836797864495	0.2503535475728673
0.35296023209964195	0.3981383544854277	0.2489014134149304
0.35040289811465003	0.4020974762327145	0.24749962565263559
0.3520090814817155	0.40090852937483323	0.24708238914345138
0.3526385763655455	0.3980837698718254	0.24927765376262917
0.3487875737153656	0.4035736044129393	0.24763882187169511
0.3495052630189062	0.4004132351645199	0.250081501816574
0.35246111285986287	0.3984826814027216	0.2490562057374157
0.35005872223900036	0.4031480272906015	0.24679325047039827
0.3514136763910713	0.4010438407504531	0.24754248285847574
0.34893933040011316	0.4016306371981014	0.24943003240178557
0.3462055028154191	0.4019196688086602	0.2518748283759208
0.34826697883504854	0.4027548483980065	0.24897817276694506
0.3471391801973457	0.40305712327796395	0.24980369652469045
0.34707829317838007	0.40313950412528177	0.24978220269633827
0.3468712595011191	0.4011797524096411	0.25194898808923993
0.3495724152143961	0.40043704513901324	0.24999053964659074
0.3494519892895684	0.3986041328462843	0.2519438778641474
0.346994967033294	0.4009164819712344	0.25208855099547167
0.353000811464382	0.39843452236986404	0.2485646661657541
0.3463563944302028	0.4032240461053357	0.2504195594644617
0.3487438275585274	0.4024554260068143	0.24880074643465844
0.34712297787316393	0.4014662920301022	0.251410730096734
0.3518789108410058	0.3992523185160353	0.24886877064295898
0.34799089104900793	0.40282006032502893	0.24918904862596325
0.34600913330462735	0.4024084803033817	0.2515823863919911
0.34769159863521776	0.4005939976912502	0.25171440367353215
0.34719524352161146	0.4010682767104232	0.25173647976796537
0.3502787315828719	0.3992999133415384	0.25042135507558977
0.35035938644455766	0.399145954602402	0.2504946589530404
0.3486323067795136	0.4020039016359126	0.2493637915845739
0.3516140164461619	0.4011946806390435	0.24719130291479469
0.34888095245719725	0.40034467695019704	0.2507743705926058
0.34658969652755756	0.403264714758805	0.25014558871363757
0.3487734481495761	0.40372302093100265	0.2475035309194214
0.34821671169972984	0.40441814648166663	0.2473651418186037
0.34748300435773166	0.4035000612145261	0.2490169344277423
0.35006843879921307	0.40311563709036674	0.2468159241104203
0.35194168520573194	0.39882544592935476	0.24923286886491341
0.348473269227587	0.3998164116980485	0.2517103190743646
0.35145779017713724	0.39864175470394536	0.24990045511891756
0.3520535258558275	0.3991411670732488	0.24880530707092377
0.3522414726291986	0.4003165319714332	0.24744199539936834
0.35011025228246606	0.4027869555217727	0.24710279219576134
0.34639580403318526	0.40220022448081016	0.25140397148600463
0.34908510261443315	0.4031114604486107	0.24780343693695628
0.34867641244770015	0.40244188125619923	0.24888170629610074
0.35309666527413347	0.3988821881068182	0.24802114661904848
0.34721550672176726	0.4010401971993902	0.25174429607884263
0.35085868111312757	0.4020399909526775	0.247101327934195
0.34909788299856526	0.40353371443180786	0.24736840256962705
0.35071105217183557	0.4017173467068983	0.24757160112126625
0.34997011884259366	0.3978714999456816	0.25215838121172485
0.3494177244799566	0.4038483986905692	0.24673387682947429
0.3477260008231146	0.40078651416245625	0.2514874850144292
0.35145688859604346	0.40058787734174156	0.2479552340622151
0.34961051188052555	0.40137826915134833	0.2490112189681262
0.3475332630263187	0.4031689267679449	0.2492978102057365
0.35195736537130584	0.4009503580753617	0.24709227655333257
0.3497635045489361	0.401859007369088	0.24837748808197604
0.3513854889593971	0.39888350603413814	0.2497310050064649
0.3496970678460842	0.40129778392228466	0.24900514823163128
0.34781914404316966	0.4018347967782822	0.25034605917854824
0.35189425672989744	0.39791638741202595	0.2501893558580767
0.34651602284307736	0.4039097963978501	0.24957418075907273
0.3528516735859576	0.39936613730463044	0.24778218910941208
0.35097772947001454	0.39869339518944064	0.25032887534054493
0.34826026516400616	0.40269762596316716	0.24904210887282682
0.3463654312320583	0.40359176182543477	0.250042806942507
0.346431591441123	0.402038565343569	0.25152984321530814
0.35033608736039024	0.39828488193041983	0.25137903070919
0.3476298047331679	0.4031755505044944	0.24919464476233782
0.3505578889561449	0.3994468327825787	0.2499952782612765
0.34935805658682617	0.3987326266069139	0.25190931680626005
0.3488466062799496	0.39990651825326406	0.25124687546678637
0.34832478327176336	0.40035604812545555	0.2513191686027812
0.3516334708765604	0.400561655378597	0.24780487374484272
0.3496845169179362	0.3997424054777514	0.2505730776043125
0.35307980115463666	0.39929325898420887	0.24762693986115458
0.3514136572188966	0.3994473119726084	0.24913903080849503
0.3499739971608785	0.4002813404932245	0.24974466234589707
0.350508810852614	0.39799169547824337	0.25149949366914276
0.34980088001192694	0.40346026441298444	0.24673885557508873
0.3524430864020476	0.39984597387661963	0.2477109397213329
0.34918518394198417	0.39865098387942083	0.25216383217859506
0.3470762728212014	0.40344589103009554	0.24947783614870317
0.3525049965309781	0.39994351145670404	0.24755149201231794
0.34848968423846854	0.40394654607519914	0.24756376968633242
0.347021325973076	0.4040939812255686	0.2488846928013555
0.3482995910213377	0.4041268195069469	0.24757358947171554
0.35093527596744367	0.4019232501887353	0.24714147384382112
0.3510535532582285	0.39838283244510597	0.2505636142966656
0.35215479439171926	0.398881039546057	0.24896416606222385
0.35286252097622145	0.400082570457049	0.24705490856672968
0.35314114361608767	0.39922452850158374	0.2476343278823287
0.3480937891211371	0.4016427947489537	0.2502634161299093
0.3506928920080445	0.3993654679331164	0.24994164005883923
0.3481985720763622	0.39999814921851246	0.2518032787051255
0.3502940688300242	0.40002930932527736	0.24967662184469863
0.35231061687553733	0.3994083354133626	0.24828104771110018
0.3509575300943876	0.3984654846868471	0.25057698521876537
0.35100690931750983	0.3980492852261416	0.2509438054563487
0.35241189722675254	0.3989483243623565	0.24863977841089108
0.3500018363389989	0.3995149749177758	0.2504831887432254
0.3485606779405947	0.399869419894645	0.25156990216476044
0.34951555417216174	0.40375902016172616	0.24672542566611222
0.35190563349340204	0.4002285520247303	0.24786581448186784
0.3480192516628467	0.40357099681587016	0.24840975152128325
0.34847779498167536	0.4029157484742455	0.24860645654407926
0.3522112794717943	0.3996441215956021	0.24814459893260368
0.350857309940813	0.4017574262963656	0.2473852637628215
0.3505067565685878	0.4022702229167835	0.2472230205146288
0.3477443592366627	0.4037829383536159	0.2484727024097215
0.3484932160747684	0.4004698787968305	0.25103690512840116
0.3496609357594019	0.39819824518975894	0.2521408190508393
0.34742402795473576	0.40291896228234336	0.24965700976292093
0.34935900933964525	0.4013108841003376	0.24933010656001728
0.3474514162207745	0.40218588097750196	0.25036270280172357
0.3507527064996188	0.3986439143079168	0.25060337919246456
0.3492994746343311	0.3986676630315305	0.2520328623341385
0.3489599066332747	0.39988709954078744	0.251152993825938
0.3514262219419882	0.40022324671953324	0.24835053133847868
0.3515619655845369	0.39898581680670275	0.2494522176087605
0.35143187943962567	0.4010782132948606	0.24748990726551387
0.3493933919421845	0.40256980496699524	0.24803680309082035
0.3515617202772936	0.4013782590815321	0.24706002064117444
0.35143028841340174	0.4003986002775551	0.24817111130904335
0.3489115302644584	0.4022448543995598	0.24884361533598187
0.35090464626093787	0.40039616965592845	0.2486991840831338
0.34892690227078954	0.40237062248336475	0.24870247524584582
0.3484808502153606	0.4021137561420416	0.24940539364259792
0.35082049149051797	0.4011222458538841	0.24805726265559802
0.34817630206914824	0.40073776671784744	0.2510859312130044
0.35338590560302485	0.3995472558898914	0.24706683850708389
0.3468009063834328	0.402509961026995	0.25068913258957226
0.3484056023482583	0.40331381886888695	0.24828057878285487
0.34668570575880125	0.4038026515442341	0.24951164269696477
0.34965410202326846	0.3995154584457738	0.25083043953095785
0.35166656755454123	0.4002878418700394	0.24804559057541947
0.3471138290643417	0.4017302915713996	0.2511558793642588
0.34819929187268556	0.40386100902973965	0.24793969909757496
0.3466684821080668	0.40274895008658557	0.25058256780534777
0.34801928803413534	0.4038226385869967	0.24815807337886808
0.35021734744970245	0.3983915669115078	0.25139108563878987
0.3521043590722843	0.4011057742612082	0.24678986666650754
0.34809234087297514	0.4044684602194277	0.2474391989075973
0.35210958036652146	0.39986049507700383	0.24802992455647482
0.3499044833755993	0.40259827029377093	0.2474972463306298
0.35263063783978477	0.3987482281135146	0.24862113404670078
0.3533583986533858	0.39877449595388414	0.24786710539273013
0.34608354475276204	0.4018265230235877	0.25208993222365045
0.35229810358821456	0.39932381202923645	0.2483780843825491
0.3515324229104797	0.3982571125325292	0.2502104645569912
0.3494483306239656	0.40266745841204815	0.24788421096398638
0.35230616308860063	0.3978894750592582	0.24980436185214128
0.3517699212421852	0.39825921073888765	0.24997086801892726
0.35030724078587294	0.40209947354612047	0.24759328566800673
0.3478823507228277	0.4002026395263509	0.25191500975082154
0.3482540995437168	0.40350476495137	0.24824113550491334
0.34602445790324954	0.40238142266204274	0.25159411943470783
0.3485965928200009	0.40043692175109563	0.25096648542890365
0.3495320781131168	0.40250607000015654	0.24796185188672676
0.3473635722711149	0.40077643041660305	0.25185999731228215
0.3461834520405646	0.4036260741474873	0.2501904738119482
0.3529162413671547	0.3996080416606879	0.24747571697215745
0.34738100240389835	0.4013199937288239	0.2512990038672779
0.35082191510215976	0.3988539595377877	0.25032412536005266
0.3497554901320983	0.4009193278740426	0.24932518199385925
0.34669000639644026	0.40388970652055833	0.24942028708300157
0.35294753480401536	0.3994499546093032	0.24760251058668156
0.3481669331037942	0.3998407153784863	0.2519923515177196
0.3460837588138057	0.40327344126854114	0.25064279991765326
0.34688749606301694	0.4011195345528469	0.25199296938413623
0.3514720695009237	0.4015331777547089	0.2469947527443675
0.3468293226311774	0.40400117946659725	0.24916949790222548
0.3463498883756479	0.402633286699926	0.25101682492442623
0.3508317129649443	0.398824984595297	0.25034330243975883
0.3492423477987081	0.4006129788621401	0.2501446733391519
0.3494216664299054	0.4025278058613492	0.24805052770874553
0.351145276196548	0.4011910485959209	0.2476636752075312
0.3471975229333128	0.40370647841077517	0.24909599865591214
0.3479344693145806	0.403466721416314	0.2485988092691055
0.35184423673493137	0.3991077946528029	0.24904796861226583
0.3469551043772217	0.40294522689822876	0.25009966872454964
0.3475381334029679	0.40372317674250036	0.24873868985453185
0.34637471859508906	0.401776131365557	0.25184915003935404
0.3497624242909103	0.40183087235199616	0.24840670335709364
0.3462968945715493	0.4039101411071464	0.24979296432130446
0.3489619047733398	0.40093426627295425	0.2501038289537061
0.34705703994820614	0.40246595127945084	0.25047700877234313
0.34607262327658994	0.4017879348487571	0.25213944187465304
0.3488221298033008	0.39915695129588974	0.2520209189008096
0.3514674652768595	0.39983452169922085	0.24869801302391975
0.3494335688044919	0.39985497677110404	0.2507114544244042
0.3509497876705129	0.401979263977269	0.24707094835221816
0.34753369755864866	0.40170005381963275	0.2507662486217187
0.3464337304420388	0.4027306707232072	0.25083559883475415
0.35187928733164653	0.39843642781296845	0.2496842848553851
0.35068759807856587	0.3982330047296989	0.25107939719173533
0.3528092855064343	0.39797772709212087	0.24921298740144493
0.3529908560365776	0.3998917325406476	0.24711741142277494
0.3503315792933474	0.4003911635376897	0.24927725716896298
0.3486429977979798	0.40006847659304223	0.2512885256089781
0.3519406231386747	0.40004485227969666	0.24801452458162876
0.3513830170628359	0.40041760432659634	0.24819937861056784
0.35290969666506056	0.400355837501322	0.24673446583361755
0.34756315192231857	0.40157536245047154	0.25086148562721
0.349341642503728	0.40219068291788923	0.24846767457838287
0.34734931908203354	0.40106604290167985	0.2515846380162867
0.3485476412016981	0.40145068213852775	0.25000167665977424
0.35090729379090774	0.3985523632904979	0.25054034291859445
0.34870312347406507	0.3999659889447884	0.2513308875811466
0.3521837424035597	0.3987481949492382	0.24906806264720224
0.3530467124849204	0.39949094832075155	0.24746233919432814
0.35254368456391505	0.3995215289521516	0.24793478648393347
0.3460949371235419	0.4017642251858545	0.2521408376906037
0.3517024784456962	0.3989858429618644	0.2493116785924395
0.35302973586604935	0.39827844995162176	0.248691814182329
0.3477776074448681	0.4032783364944351	0.24894405606069686
0.35226788817751603	0.40000880019428686	0.24772331162819727
0.3472258267222833	0.40186702963679644	0.25090714364092037
0.3483047150611456	0.40401725882357187	0.2476780261152827
0.3469201401130559	0.4032877140732549	0.2497921458136893
0.349103118623731	0.4002466815239434	0.25065019985232573
0.3462956999921989	0.40371418468352194	0.24999011532427923
0.3460896775099628	0.4033292493192167	0.2505810731708206
0.3501378362329667	0.40066902115027003	0.2491931426167634
0.3498509677242275	0.40241210196895744	0.24773693030681512
0.3520202628204419	0.4001243254086286	0.24785541177092962
0.3495633933399151	0.4030714111034263	0.2473651955566587
0.34977086614779745	0.3986737491764287	0.25155538467577393
0.3486106640026492	0.4031315479775502	0.24825778801980075
0.34830353197782193	0.4033359369062505	0.24836053111592762
0.34796973906928536	0.402301685399176	0.24972857553153874
0.34904343227733536	0.40019382946973864	0.25076273825292617
0.34750681521107474	0.4006354596441548	0.25185772514477056
0.35046334161454074	0.40256860545388307	0.2469680529315763
0.3500330372635879	0.4021354722085404	0.24783149052787182
0.3479550986645536	0.4002828371951509	0.25176206414029567
0.3467860138856236	0.4015411918526228	0.2516727942617537
0.3478187575229028	0.4016918449592125	0.2504893975178848
0.3476958664784202	0.4019018480794577	0.2504022854421221
0.34840919880799603	0.40375316954249	0.24783763164951406
0.34813482894211945	0.3996937602507329	0.2521714108071478
0.34965041111321704	0.4027431363100568	0.2476064525767262
0.35122312672645245	0.3996094837585444	0.24916738951500328
0.3502496350272708	0.4006741427472361	0.24907622222549325
0.3515738092279628	0.3993676839814751	0.24905850679056224
0.34918378481602835	0.39902829528769806	0.2517879198962737
0.3527026970287387	0.39843887614155094	0.24885842682971046
0.3506253641989785	0.39830862111518206	0.25106601468583956
0.3460362131166272	0.4041851052786601	0.24977868160471284
0.3526637108882114	0.400198033529768	0.24713825558202068
0.3466881067952628	0.4040997170916003	0.24921217611313698
0.3524444176338375	0.3983396003669907	0.24921598199917197
0.3483762695610771	0.4035625664531355	0.2480611639857875
0.3491867544341056	0.39868979061031645	0.2521234549555781
0.34742432106283216	0.4010031029343647	0.2515725760028032
0.3505974736036934	0.4000788188842662	0.24932370751204047
0.3507232699869351	0.39871193357975815	0.25056479643330687
0.34962802706243523	0.3982884212348672	0.25208355170269775
0.34778792818138765	0.4004633195441143	0.2517487522744982
0.35090190755736167	0.40032751202699557	0.24877058041564287
0.3472794920500969	0.4020978905304432	0.25062261741946
0.3504167621016879	0.4004966689498235	0.24908656894848868
0.3521930866367079	0.39858525131081984	0.24922166205247231
0.35249899264298473	0.3990147592909485	0.24848624806606687
0.3505440781369541	0.4026993622088949	0.24675655965415108
0.3469834360664163	0.4017423568550346	0.2512742070785492
0.3461699442933712	0.40436705270944917	0.24946300299717972
0.35103827461482007	0.3988186597437007	0.25014306564147937
0.3515206646829654	0.3994996433509038	0.2489796919661309
0.3477081370782302	0.4022833599283617	0.25000850299340827
0.3496565438076949	0.40219086109058355	0.24815259510172163
0.3511281863361659	0.4006288042982244	0.24824300936560986
0.3485132570297309	0.3994990299314981	0.2519877130387711
0.35153704189252255	0.39791434325135566	0.2505486148561219
0.35150580249884367	0.40131129208428373	0.24718290541687268
0.3482525919679627	0.40096335267736455	0.25078405535467285
0.3476321611483748	0.4039596969419774	0.24840814190964788
0.34972701771091186	0.39894283046378237	0.2513301518253059
0.34938184512209386	0.40170723215394544	0.24891092272396087
0.351325009451054	0.40099797251415453	0.24767701803479159
0.34745597827054014	0.4027838153940952	0.24976020633536483
0.35187866611589186	0.3986347239285345	0.24948660995557373
0.347195365425185	0.40172240325345576	0.2510822313213593
0.350195443876379	0.4009156533716046	0.24888890275201653
0.3505937841481582	0.4018535414356708	0.24755267441617107
0.3465394302704959	0.40253668795784536	0.25092388177165886
0.35301422197354104	0.3993337240910839	0.24765205393537515
0.3476125216918877	0.4025290052983306	0.2498584730097818
0.35103342273072685	0.40018524877657385	0.24878132849269943
0.35059663977200506	0.4003667385546296	0.24903662167336543
0.3469999473380636	0.40439395715835513	0.2486060955035814
0.3488900021186758	0.400230810909976	0.25087918697134837
0.35066587925581433	0.4013206412577328	0.24801347948645291
0.35211468356847025	0.3984128326059653	0.24947248382556458
0.35136867396406507	0.4007605995172224	0.24787072651871261
0.3521999596700855	0.3986430432762713	0.24915699705364328
0.350719925199287	0.399938348002771	0.2493417267979421
0.3478328169225865	0.4003651443987508	0.2518020386786628
0.3499205926476801	0.39885784829934023	0.2512215590529797
0.35024133204066527	0.39907884421662654	0.25067982374270825
0.34917380255317876	0.40084961368803634	0.249976583758785
0.3485874485919616	0.4010526315105428	0.2503599198974956
0.35133985725247785	0.39979366143201495	0.2488664813155073
0.348100378052817	0.402446812674501	0.24945280927268207
0.34812698505115974	0.4019326338310827	0.24994038111775763
0.34618031136978494	0.4028613129896055	0.25095837564060963
0.34911520275358265	0.4037958881200144	0.24708890912640305
0.35154234448347965	0.3996717016627185	0.248785953853802
0.34625733372308465	0.40337734302289924	0.25036532325401617
0.34618656772689244	0.4036334257282925	0.2501800065448151
0.3494426132605996	0.40105522166467117	0.24950216507472933
0.34888384774124315	0.40399293861475205	0.2471232136440049
0.35156742830384424	0.40105553443968583	0.24737703725647003
0.34994564041354764	0.40182141925744475	0.24823294032900772
0.34660517575548444	0.4032842493940158	0.25011057485049987
0.3460431726284181	0.4041293941348704	0.2498274332367116
0.3514519555516214	0.40126954266504855	0.24727850178333013
0.35213119394391035	0.397921808008537	0.24994699804755277
0.35047307678355644	0.4023337801499633	0.24719314306648038
0.3500448240280825	0.3985384262373299	0.2514167497345877
0.3494922116548653	0.4025414202605313	0.24796636808460348
0.349005292424197	0.40231588347492875	0.24867882410087438
0.3509524619717409	0.40074089101176763	0.24830664701649158
0.3520390827017561	0.40084552819008157	0.2471153891081625
0.35331039506356743	0.3987228672623435	0.24796673767408914
0.348481966394946	0.4006490300918162	0.2508690035132379
0.34723413284150945	0.4041765513480859	0.24858931581040478
0.348512085146299	0.40322714438904694	0.2482607704646541
0.34926664962986237	0.40104727684765806	0.24968607352247968
0.349376539729441	0.398647539673469	0.2519759205970901
0.3462395471052866	0.40418088483700887	0.24957956805770465
0.350250850204358	0.40301435111967343	0.24673479867596868
0.34907752027272915	0.4032509705944326	0.24767150913283836
0.35223060825442765	0.3994654589470912	0.24830393279848129
0.3516956951658432	0.4010772902087922	0.24722701462536473
0.34677972774390564	0.40157776829551234	0.25164250396058213
0.3523460503440544	0.39847699257432523	0.24917695708162046
0.35286328771649295	0.3999158130403567	0.2472208992431504
0.348511336449791	0.40324355695502045	0.24824510659518864
0.3504274858374722	0.4015806666136091	0.24799184754891884
0.34976551988084836	0.402745372943105	0.24748910717604672
0.35061425165291055	0.39948507741661954	0.24990067093047
0.35021161742009466	0.39984338485962023	0.24994499772028517
0.3524518633777024	0.39923651311548713	0.24831162350681057
0.34840097415432064	0.40439190987453927	0.2472071159711402
0.34797335455265677	0.40168464244045154	0.2503420030068918
0.34720783752145784	0.4035283724896048	0.24926378998893745
0.3495313010595078	0.40134883496795815	0.2491198639725341
0.3521028158469653	0.39873212104893113	0.2491650631041037
0.3497981716949669	0.3998278787348782	0.250373949570155
0.34999798375740443	0.40153982855813336	0.24846218768446232
0.3484648312367009	0.400374099485264	0.2511610692780352
0.34827822753369597	0.40286449319717016	0.24885727926913395
0.34936238057916547	0.4016392532635169	0.24899836615731774
0.3495998375165458	0.3988728387011292	0.2515273237823251
0.3491872955249256	0.3995427814372561	0.2512699230378185
0.3500727744217499	0.40038082139733555	0.2495464041809147
0.3508288999263489	0.3993184263944501	0.2498526736792011
0.35023459173795957	0.4028009135786761	0.24696449468336445
0.3523882918420206	0.39885381214020654	0.24875789601777298
0.3527067099195266	0.3985583229262349	0.24873496715423868
0.351426574125596	0.4001182065157672	0.2484552193586369
0.34739262125196196	0.4041713334177365	0.24843604533030167
0.3485374589454157	0.4027080510176003	0.24875449003698402
0.34863347714791165	0.4031397903076521	0.24822673254443636
0.34978667867739077	0.40288823038960175	0.24732509093300759
0.35014541277688044	0.3997505342324495	0.2501040529906702
0.3487369943066895	0.40039436470749523	0.25086864098581546
0.3496575073040157	0.40302672099194137	0.24731577170404312
0.3477290854102332	0.4029811634759177	0.24928975111384927
0.34866424147966657	0.4011591301435281	0.2501766283768054
0.34977059156883494	0.40272620091525774	0.24750320751590743
0.3482371436487064	0.40276741155118095	0.2489954448001128
0.35089415553160885	0.40176450256761875	0.2473413419007725
0.35172322179432425	0.40025268947175796	0.24802408873391793
0.3469501014568861	0.40452060381492927	0.2485292947281848
0.3497386108814097	0.402671120115931	0.24759026900265943
0.3464264660713111	0.4023951478522253	0.25117838607646364
0.34994536326706016	0.3983100665683277	0.25174457016461227
0.3518951512209989	0.39844782291245817	0.24965702586654304
0.34726391559423553	0.4042372816274607	0.24849880277830388
0.3482365367851927	0.40401816830151505	0.24774529491329234
0.34959898059347017	0.40022454455419687	0.2501764748523331
0.35078445568318734	0.3986097663089466	0.25060577800786615
0.3493455536702178	0.40310566017287314	0.24754878615690917
0.3532623339150313	0.3981153516681337	0.24862231441683513
0.35084185483278285	0.40160996244241676	0.2475481827248005
0.3489447423044478	0.4040316726530147	0.24702358504253766
0.35014257709849245	0.4014673224091766	0.2483901004923311
0.3469108090275588	0.4025013278033482	0.25058786316909315
0.3491765570393821	0.4029182340001742	0.24790520896044382
0.3467805708101236	0.4027591243046892	0.2504603048851874
0.34872261773535895	0.40150429499340223	0.24977308727123892
0.3469414876255578	0.4037901670140062	0.24926834536043607
0.35175486164999614	0.39945271952535893	0.24879241882464503
0.3494911990673461	0.4002821972945885	0.2502266036380655
0.35060738521797125	0.4024654060978598	0.24692720868416906
0.3516473493129191	0.3998143747405004	0.24853827594658057
0.34989833185287733	0.401324661599084	0.2487770065480388
0.35335365166886623	0.3986654043690132	0.24798094396212061
0.3468956282839608	0.4035719256094336	0.24953244610660566
0.3479283276114407	0.40325879725679614	0.24881287513176326
0.34933983878845637	0.40135717192504317	0.24930298928650058
0.3532471582047147	0.39967690834125713	0.24707593345402828
0.3527031670059393	0.39936795537859987	0.24792887761546095
0.3467956740701834	0.4015095014520863	0.2516948244777304
0.3481778225442811	0.40378840408945504	0.248033773366264
0.3511151377513313	0.4003532875941531	0.2485315746545157
0.3492535157910341	0.4002828407624998	0.2504636434464662
0.34947198584670275	0.39968959228002593	0.2508384218732714
0.34752070700629734	0.4042354241090243	0.24824386888467848
0.352955321845017	0.3996933702127385	0.2473513079422447
0.3527754075430362	0.3985083384329461	0.24871625402401779
0.3488145700086154	0.4027428984039375	0.24844253158744722
0.3480697357789536	0.3997800443952688	0.2521502198257777
0.3496368760967938	0.40187555644619066	0.24848756745701564
0.3461311534533351	0.40307802632982526	0.25079082021683974
0.35201535442085363	0.3993598496629441	0.24862479591620243
0.3497442145258796	0.4025240332656035	0.24773175220851695
0.34859257168191277	0.40428233451375634	0.24712509380433098
0.35174393336042753	0.3981716239416323	0.2500844426979403
0.3526970714238867	0.3983794719527176	0.24892345662339582
0.3497707463300402	0.4033870346069484	0.24684221906301151
0.34932053100697597	0.40338472018277116	0.24729474881025298
0.34953717299873815	0.4026802113240592	0.24778261567720278
0.35125747416513975	0.3981068774383752	0.2506356483964851
0.3504187612397296	0.40080386375610244	0.24877737500416808
0.3517453843506869	0.40124490731669277	0.24700970833262045
0.35294202262393665	0.3998146453553685	0.24724333202069504
0.34754262848150225	0.4006516577778512	0.25180571374064664
0.35342959339089064	0.39816350027116765	0.24840690633794182
0.349804753867188	0.401998945788718	0.2481963003440941
0.35109313141953996	0.4013116164572354	0.24759525212322478
0.34953412224429276	0.40110086488629704	0.24936501286941032
0.347916492371607	0.4037733246135142	0.24831018301487895
0.34956523314730215	0.3999705700730405	0.2504641967796574
0.3507198065567834	0.3987683177076078	0.25051187573560885
0.34679185308850996	0.40148004074173643	0.2517281061697537
0.347569095908538	0.4006631587367993	0.25176774535466284
0.3515589223386051	0.39867664879234255	0.24976442886905248
0.34832687652775696	0.4002688528936473	0.2514042705785959
0.3489944157044823	0.3999426508279565	0.25106293346756126
0.3491066807158042	0.40041125311110176	0.2504820661730942
0.3528867827015411	0.3986573253175195	0.24845589198093945
0.35248288487805074	0.4006810867683426	0.24683602835360677
0.35069803095092933	0.4013701584451348	0.247931810603936
0.3480871277965545	0.4029334099671945	0.24897946223625111
0.3473318647803778	0.4023056031826443	0.25036253203697795
0.35227083198071285	0.4005150637428955	0.2472141042763918
0.34885473609348866	0.4040761171518444	0.24706914675466707
0.34670788339483755	0.402114958615046	0.2511771579901166
0.3470356118616046	0.4015351917575133	0.2514291963808822
0.34969527590697375	0.40167732255493027	0.24862740153809607
0.3503620056751118	0.3996472430931837	0.24999075123170458
0.34931106954530633	0.39934065471282953	0.2513482757418643
0.3524070536205957	0.4008689657468244	0.24672398063258005
0.3486800917884045	0.40239007110685154	0.2489298371047441
0.351630059275405	0.40095769135280246	0.2474122493717926
0.3499373889233514	0.4015877793573327	0.24847483171931598
0.35084844134898463	0.3993304531410729	0.24982110550994258
0.3480136743141935	0.40293037333882836	0.24905595234697825
0.34823526061626237	0.4034510608318124	0.24831367855192535
0.35059083920239364	0.4003057017419335	0.24910345905567302
0.3515590364694687	0.398390462091588	0.2500505014389435
0.35211720655256584	0.40114158425568885	0.24674120919174541
0.35028494080170514	0.40120355606187386	0.24851150313642112
0.3465010043053036	0.4040111129288563	0.24948788276584022
0.3514882034253853	0.39799299640986674	0.25051880016474803
0.3487132592753016	0.4015280430094045	0.24975869771529402
0.3468415878735372	0.4018534448773342	0.25130496724912865
0.3504430282402831	0.4024176054464419	0.24713936631327513
0.3478314162193119	0.4018755633883839	0.2502930203923043
0.3475583757172136	0.4013572311874798	0.2510843930953068
0.3526493599803025	0.398732246151484	0.24861839386821363
0.3494797850741224	0.4000261181778306	0.2504940967480471
0.351146251748392	0.3995646992091674	0.24928904904244073
0.3492043705860113	0.4022387790781369	0.24855685033585195
0.34852775304443095	0.4018680627365418	0.24960418421902736
0.3487626512166323	0.4034457973531974	0.2477915514301704
0.3478903236593632	0.4023935591590354	0.24971611718160153
0.34736515998232126	0.4008446075087675	0.2517902325089113
0.34893629527846054	0.40358897688408285	0.24747472783745672
0.35320258580271147	0.3983943902505835	0.24840302394670516
0.35328523535056977	0.3988028477033675	0.24791191694606282
0.3505870165057534	0.39922731083225527	0.25018567266199143
0.3533097472035769	0.39825808442176175	0.24843216837466148
0.3466025507098441	0.40365959546293945	0.24973785382721658
0.3490432456364761	0.4039371659679939	0.24701958839553007
0.348936368262385	0.40195762077361474	0.24910601096400037
0.34954493817014515	0.3990579335044195	0.2513971283254355
0.34920655059690325	0.40141480872791724	0.24937864067517962
0.3471451826194097	0.40178163910011355	0.2510731782804768
0.3499359910789231	0.3980837563735672	0.25198025254750983
0.3495820649812259	0.39887279504153655	0.25154513997723765
0.34891580582365417	0.4038089719321454	0.2472752222442006
0.3507403096480116	0.40160193667877614	0.24765775367321233
0.34954173903275176	0.3991198411663238	0.25133841980092453
0.34921890368810105	0.40161894167886336	0.2491621546330357
0.3523501142146842	0.40008494386429827	0.24756494192101758
0.3503645546492934	0.4026389050972043	0.24699654025350237
0.350343550448941	0.4007053271612424	0.24895112238981668
0.3485383867346678	0.4037059440023192	0.24775566926301312
0.3478996865678119	0.4033535449882235	0.2487467684439647
0.34784776488776836	0.40131973592532877	0.250832499186903
0.3509901407688119	0.3995350786748495	0.24947478055633873
0.3460835019248951	0.4018904393514835	0.2520260587236215
0.35161236220971553	0.4015067737784958	0.2468808640117888
0.3513262662240023	0.39883347909178946	0.24984025468420837
0.3480493341225047	0.40456221352211424	0.24738845235538115
0.3493185753291329	0.39924836097474625	0.25143306369612095
0.349246190305781	0.40118522362525905	0.24956858606895999
0.35220273280489045	0.39952066052708407	0.2482766066680256
0.3492824542459189	0.40246861546029866	0.24824893029378253
0.3492517740643229	0.39978988307623053	0.2509583428594467
0.348313709898714	0.4032407270259085	0.24844556307537757
0.35271149498731763	0.39884397476862254	0.24844453024405994
0.3471452486368703	0.4023195866069145	0.2505351647562153
0.3496834130568373	0.3983547905614062	0.25196179638175664
0.35038333566838376	0.40097448666949354	0.24864217766212285
0.3479757941171442	0.40350120970122866	0.24852299618162724
0.34957410668296984	0.40190166679814915	0.24852422651888115
0.35325644103655274	0.3994498259611145	0.24729373300233287
0.34785360411321004	0.4027950677836895	0.2493513281031006
0.34960031421368737	0.4029069925729092	0.24749269321340356
0.35156953381391504	0.3995027131589254	0.24892775302715964
0.3518096494806408	0.39802085728891823	0.250169493230441
0.3459982173552366	0.40296130790059614	0.2510404747441674
0.3504641691521663	0.4007911966434108	0.24874463420442303
0.34970827190505116	0.40191492434646736	0.2483768037484816
0.3467618928478511	0.401147013959619	0.25209109319253004
0.3475188929205681	0.40135139921600166	0.25112970786343036
0.3497806476831728	0.40180050458824557	0.24841884772858172
0.3507715087060749	0.3994013351940957	0.24982715609982958
0.3474167699074462	0.4036628475400588	0.2489203825524951
0.35055344356161044	0.4017484777380532	0.24769807870033644
0.3526258607189585	0.4005500529519222	0.2468240863291194
0.34804887967677145	0.40088361924281224	0.25106750108041637
0.34654357983141154	0.4031657895590187	0.25029063060956985
0.3530251377910312	0.39899040281482	0.24798445939414898
0.3513089526534898	0.39998965456358937	0.24870139278292086
0.3514326251334908	0.40107597206684653	0.24749140279966278
0.3465089995521662	0.40418056006124237	0.2493104403865916
0.34603392361180035	0.40405662196795095	0.2499094544202488
0.3516742660960549	0.39996743313692695	0.2483583007670183
0.34802147601282435	0.4027929946226575	0.24918552936451827
0.346837325196337	0.40270861167650607	0.25045406312715707
0.3501665316584894	0.40170455829337254	0.2481289100481382
0.35291433423052504	0.39851137617223187	0.2485742895972432
0.3519404902823701	0.40092307288979234	0.24713643682783765
0.3502245983413027	0.40134985367716974	0.24842554798152763
0.3489499095520688	0.40238518197151196	0.24866490847641937
0.3499531426283355	0.4006329603498471	0.24941389702181754
0.351114663610953	0.40068109723879575	0.2482042391502514
0.3520836559408391	0.39887307767545876	0.24904326638370222
0.3499760126554289	0.3990822558723789	0.25094173147219234
0.34919271955779024	0.4018559188140864	0.24895136162812348
0.3507620448838276	0.4023198237288731	0.2469181313872994
0.3505728542556466	0.39927826740815237	0.25014887833620114
0.34637461749418746	0.40378534703403995	0.2498400354717727
0.350323937770029	0.39943471081715576	0.25024135141281534
0.35104308201074846	0.3984345208853066	0.250522397103945
0.3477132946261417	0.40190378695411655	0.2503829184197418
0.3524457376444884	0.39815752685977424	0.2493967354957375
0.3527593764384006	0.3982089811768409	0.24903164238475858
0.3495995526531423	0.40273273108066326	0.24766771626619455
0.34827632666506403	0.39989752407155654	0.25182614926337954
0.3526901304885251	0.40056498309614064	0.24674488641533437
0.35179511074510306	0.4008025244148445	0.24740236484005257
0.34752882762081866	0.4013222565476531	0.2511489158315284
0.35317451354093304	0.3983019511797795	0.24852353527928758
0.3509736214346372	0.40201947959420703	0.24700689897115588
0.34699541545782797	0.40346235371893174	0.24954223082324037
0.3499861845855043	0.4028358429386555	0.24717797247584036
0.3514515398863666	0.39854800398683154	0.2500004561268019
0.34647483687163244	0.40446710364772553	0.24905805948064214
0.34928474329531795	0.3985977664014762	0.25211749030320596
0.3528694965684942	0.3978832607637787	0.24924724266772724
0.3518057892071719	0.3980666362387455	0.2501275745540827
0.3503056062841617	0.4024441736527745	0.24725022006306388
0.3499445143187686	0.4016808680631295	0.24837461761810195
0.3509287979657108	0.401323519744344	0.24774768228994531
0.351622014693838	0.39805340431527203	0.25032458099089006
0.3464958010813316	0.40213761217772853	0.25136658674094
0.34736599059931467	0.4037951516746506	0.2488388577260349
0.34956685448774233	0.400859315034086	0.24957383047817175
0.3529223691941611	0.39957188903980745	0.24750574176603157
0.34677219833821116	0.40197407974597105	0.25125372191581796
0.3530688237745375	0.3989866148442899	0.2479445613811727
0.34868764180841016	0.4024310163205045	0.2488813418710854
0.3471811523085562	0.40286310513292556	0.24995574255851838
0.3485414593652399	0.39941967476258916	0.25203886587217106
0.35029084561077894	0.4022006292570267	0.24750852513219446
0.35156504502970815	0.4014465895970998	0.2469883653731922
0.34773566525240407	0.40220895522898464	0.25005537951861145
0.34601789672807914	0.40437753256460485	0.2496045707073161
0.3521650092404253	0.40034631846248775	0.24748867229708704
0.35112397729171946	0.4020236255401779	0.24685239716810273
0.35221609496763645	0.39916712493174605	0.24861678010061758
0.3475459588826939	0.40372143183431936	0.24873260928298685
0.35048083444346306	0.3980263115703793	0.2514928539861577
0.3515655534632782	0.4001821299854273	0.24825231655129465
0.3500810460229916	0.39855164554679046	0.2513673084302181
0.3494032910674824	0.3997886721221988	0.2508080368103189
0.35005722925889954	0.4025546979697803	0.2473880727713203
0.3498595860655878	0.4009078520221587	0.24923256191225365
0.34885959972469804	0.3998652990272126	0.2512751012480895
0.350606177809631	0.39934955855416476	0.25004426363620436
0.35125264675653195	0.40098489662635434	0.24776245661711382
0.34809765065714265	0.39979664452459557	0.2521057048182619
0.34937441023415783	0.40380654945377437	0.24681904031206794
0.35249273589622104	0.3997827748679922	0.24772448923578688
0.3506086637814492	0.40254420686797565	0.24684712935057523
0.34776610825648574	0.4044760464238139	0.24775784531970044
0.3491926425240182	0.40192629850291034	0.2488810589730715
0.35137416659742027	0.4015260174015712	0.24709981600100867
0.3481579844228112	0.4011832050547117	0.2506588105224771
0.3534303111387649	0.39811439386969877	0.24845529499153646
0.3471672838281697	0.4014522371952265	0.2513804789766039
0.3503813533908414	0.3988750828942585	0.25074356371490014
0.3490218668780162	0.40358918493078244	0.2473889481912015
0.3525196633796918	0.3983957940076934	0.2490845426126148
0.3503883498948892	0.4002616862315427	0.2493499638735682
0.34824051749953705	0.40246657232729055	0.2492929101731725
0.35059864400085916	0.40184573062460816	0.24755562537453277
0.3466842970281854	0.4033751059245638	0.2499405970472509
0.34817002878336056	0.4011178967230363	0.2507120744936032
0.3469843823150584	0.4033038046630516	0.2497118130218901
0.35081767542048625	0.3983590205898987	0.25082330398961517
0.34977878246366	0.4000413659797786	0.2501798515565615
0.349867800155584	0.40282781650484834	0.24730438333956778
0.3483331057132522	0.40265568726151146	0.2490112070252364
0.34917820561368385	0.3987559373417182	0.25206585704459805
0.3476658044148724	0.4028330889825507	0.24950110660257707
0.351664871559218	0.39953209169945203	0.24880303674133014
0.3465878526417715	0.4024016225794407	0.25101052477878794
0.350754052813637	0.39800700067005557	0.2512389465163076
0.35305517077783727	0.398703915013615	0.24824091420854782
0.35053683421891724	0.3987474047957782	0.2507157609853047
0.35170109525435794	0.4013783060341962	0.24692059871144598
0.3498651774643303	0.3987062049466335	0.2514286175890363
0.34829262774084246	0.40333517519054873	0.24837219706860894
0.35125571213138845	0.40069392943847304	0.24805035843013862
0.3502755228845816	0.4010717022351655	0.24865277488025306
0.35090227073560115	0.39932402256727184	0.2497737066971271
0.3479627806865639	0.40106501134163	0.25097220797180625
0.35073891355908293	0.39973785590789895	0.2495232305330182
0.3513444888140696	0.4018969521208529	0.24675855906507757
0.34998905855511186	0.3997619393377875	0.25024900210710077
0.3522962394526721	0.4003465091061612	0.24735725144116683
0.3506271162423046	0.39804713364801014	0.2513257501096854
0.34728414099398036	0.4016901927795553	0.2510256662264645
0.3477423809420689	0.404149826258156	0.2481077927997752
0.34651972153627514	0.4030076741950355	0.25047260426868945
0.3514985194217881	0.39886552173391204	0.2496359588442999
0.3498597416849176	0.4026425556408386	0.24749770267424387
0.34794558532785214	0.4042480062717946	0.2478064084003534
0.3481401826011074	0.4014889153091573	0.2503709020897354
0.34976664729367596	0.3988858677259972	0.2513474849803269
0.3470733449358971	0.4017697926399315	0.25115686242417146
0.3484428870539138	0.40033925038314444	0.2512178625629419
0.3502641309277833	0.3990221944812663	0.25071367459095056
0.34811321944539225	0.40362658178273486	0.248260198771873
0.3495537443515825	0.39913812389400266	0.25130813175441497
0.3528844996494472	0.3998128574118087	0.24730264293874415
0.35035051795985817	0.4012765487329261	0.24837293330721583
0.35249019197314974	0.40055839030612117	0.2469514177207292
0.3499590721908368	0.39998601866720634	0.250054909141957
0.3472064907341027	0.4044546091196037	0.24833890014629376
0.3520015014533833	0.4002413392368393	0.24775715930977749
0.34998345177955703	0.3980818331878746	0.2519347150325685
0.35135716742621736	0.40030615295406546	0.24833667961971728
0.3477257314128078	0.40401021844827795	0.24826405013891434
0.35054122995659226	0.3998521744289163	0.24960659561449156
0.3500969612069054	0.4004622142485312	0.2494408245445635
0.35090116715700115	0.40132866516557947	0.24777016767741952
0.3481670109791965	0.40412017833020586	0.24771281069059775
0.34905511510567394	0.4028923308589102	0.24805255403541596
0.3488883138201483	0.4025516353501479	0.24856005082970398
0.35092239784636325	0.40153092135951945	0.24754668079411743
0.3477800556153682	0.4031650403503151	0.24905490403431685
