0.3475175627188921	0.3992098482996048	0.2532725889815031
0.34850568594566905	0.39946117579888873	0.2520331382554424
0.35056631850822767	0.39750350862618344	0.251930172865589
0.3488670316074323	0.40008054119413006	0.2510524271984377
0.3501515833199023	0.3974022830226768	0.25244613365742097
0.348242620959402	0.3976298496769566	0.25412752936364147
0.3509550770920282	0.39882172252095155	0.25022320038702034
0.35021812738913005	0.3978971789613208	0.2518846936495492
0.3499581562900535	0.39843812034934545	0.2516037233606012
0.34848961643674264	0.39958658607674385	0.2519237974865136
0.34796554756487225	0.3975152989111437	0.25451915352398413
0.3492844208532359	0.39836684495039215	0.252348734196372
0.34888103232267387	0.397065157996793	0.2540538096805333
0.3481929530952653	0.400568753284243	0.25123829362049177
0.34725153505336126	0.3995500136011028	0.25319845134553604
0.34868461072370116	0.3978396311143366	0.25347575816196233
0.3504973808198846	0.39885794356230553	0.25064467561781
0.34760924799768805	0.3994510807710229	0.25293967123128913
0.3481106899062144	0.39705287583415283	0.25483643425963287
0.34742392177667614	0.3987731148002248	0.25380296342309916
0.35082546045592944	0.39729070159782726	0.2518838379462434
0.350490561533543	0.3995541014731206	0.24995533699333647
0.34997908033661185	0.39722010580140227	0.25280081386198605
0.3489183767794172	0.39827796597029197	0.2528036572502909
0.3491848813757006	0.3997209604042966	0.2510941582200029
0.3485470314549242	0.39882622877275864	0.2526267397723173
0.34787557830412047	0.3975510630369652	0.25457335865891445
0.3482812041107768	0.39940946590930004	0.2523093299799233
0.3495439573523815	0.3992143432985127	0.25124169934910595
0.348400189429667	0.4001295173590872	0.2514702932112459
0.35075294215693853	0.3977930163920856	0.251454041450976
0.34789256167268856	0.3970591641369374	0.2550482741903742
0.3471486725536624	0.3980855214547853	0.2547658059915524
0.34734890642547106	0.4002623648560462	0.25238872871848284
0.35002711242118395	0.3984907374250374	0.25148215015377884
0.34688609649073204	0.3986111064408715	0.25450279706839657
0.3479413961825402	0.39862324492052115	0.2534353588969388
0.350737452407142	0.3989397729906808	0.25032277460217733
0.3493570784987666	0.39677063350053415	0.2538722880006993
0.3492870883837056	0.39901540315810957	0.25169750845818495
0.35023595141296854	0.39883504396150815	0.2509290046255235
0.347906659362193	0.39827820051269724	0.25381514012510986
0.349493346965452	0.39763702562028314	0.25286962741426494
0.35071778152629296	0.3981356730861179	0.25114654538758924
0.34938364752649337	0.3991063854104792	0.25150996706302753
0.35020681294268297	0.39784517486625925	0.2519480121910579
0.34932669114585746	0.3988079784104016	0.25186533044374104
0.3489216555728357	0.39757363493448117	0.2535047094926832
0.3485077797623916	0.3992187470377674	0.2522734731998411
0.3501873866846884	0.39680452959805895	0.2530080837172527
0.350838172363007	0.398539653774257	0.2506221738627361
0.3473520347488071	0.39809566025247944	0.25455230499871356
0.34755947052203817	0.3985762431400027	0.25386428633795927
0.3474847875145799	0.39816875296329574	0.2543464595221245
0.3474508802607934	0.39925379244586306	0.2532953272933436
0.3489137530747817	0.39966291599630344	0.25142333092891506
0.3510791159570974	0.3983811898780571	0.2505396941648456
0.34838127978973593	0.4005491770245281	0.25106954318573604
0.34981253668436235	0.39815797256886776	0.25202949074677006
0.3493888790616012	0.39821244438543657	0.25239867655296233
0.35019805238286766	0.3987333386647481	0.25106860895238436
0.3473544668787479	0.39792858073155174	0.2547169523897005
0.3478888662517662	0.3990247964496265	0.2530863372986074
0.35033130913667565	0.3992184624904662	0.25045022837285824
0.34862051284139856	0.3979405102148498	0.2534389769437517
0.3490858431130655	0.3983627420784237	0.25255141480851084
0.34818970139496175	0.39714293591319444	0.2546673626918439
0.34757875252543585	0.3984722876060218	0.25394895986854243
0.34864151929133524	0.3969392952410448	0.25441918546762005
0.34742785418976085	0.3986089879156913	0.25396315789454793
0.3505631342760738	0.3982992708935899	0.2511375948303365
0.34798150945809403	0.39721982485933555	0.2547986656825705
0.3491385183886287	0.39919395510605005	0.2516675265053213
0.349824719834196	0.4000113467891673	0.25016393337663684
0.3474272761714569	0.3994052699556729	0.2531674538728703
0.3490386305983367	0.39750863258341357	0.25345273681824987
0.35040588791611993	0.3972054200482613	0.25238869203561887
0.3503615145589938	0.3997440265508385	0.24989445889016781
0.34897880099559564	0.3991312557238171	0.25188994328058734
0.34924126855286014	0.39982893799591157	0.2509297934512284
0.3499035044987731	0.39961567449563284	0.25048082100559416
0.3498925504963785	0.3980016220752147	0.25210582742840687
0.350448100395211	0.39990364104367404	0.24964825856111506
0.34859071562942473	0.3980386191369467	0.25337066523362867
0.3501261989514525	0.3979085520658952	0.2519652489826524
0.35095046064830304	0.3971033936656324	0.2519461456860647
0.3483403588195606	0.3977008758232828	0.2539587653571568
0.35011263330456716	0.398333336355278	0.251554030340155
0.3507829132546955	0.3981826778895362	0.25103440885576833
0.34854635288994995	0.3987005229374796	0.25275312417257056
0.3484078436292895	0.39843632210355795	0.2531558342671526
0.34744600149858657	0.39750637275381906	0.2550476257475945
0.3481586121832091	0.39692434704306695	0.25491704077372407
0.35023635128886976	0.39748674480883445	0.25227690390229585
0.3477592217868842	0.3983916416800009	0.253849136533115
0.3498214697758207	0.39964101068879365	0.2505375195353858
0.3482761442286944	0.3987974264236355	0.2529264293476702
0.3507304424722816	0.39696383868679863	0.2523057188409199
0.34995547658259957	0.3987712916641151	0.2512732317532854
0.3469665782742438	0.3989285461415252	0.2541048755842311
0.34904907100844784	0.4003088039354529	0.2506421250560994
0.34694849979794784	0.3984120786319179	0.25463942157013436
0.34723022585892793	0.3998077114972316	0.2529620626438406
0.35103044251593485	0.3973945827196407	0.25157497476442464
0.3511018887088137	0.39922925199962167	0.24966885929156477
0.34708995604444604	0.4002832803797799	0.2526267635757742
0.3494397922894027	0.39930959382847286	0.25125061388212455
0.3491721680700422	0.39950104826240707	0.2513267836675509
0.3499060825947338	0.4005905609422014	0.24950335646306487
0.35087153391847814	0.3986696122657595	0.2504588538157625
0.34745341350979364	0.4003732590498572	0.25217332744034926
0.34821733142906663	0.3974569919713218	0.2543256765996117
0.34763742500298955	0.39932809221711574	0.25303448277989476
0.35103085643755005	0.39834939965396005	0.25061974390849
0.3485232077879181	0.39948897381600373	0.2519878183960783
0.347475260383744	0.3995060251797182	0.25301871443653784
0.34901451312212356	0.3979467323692344	0.2530387545086421
0.3491476619810474	0.39831148752033974	0.25254085049861297
0.3500429023130269	0.4003981780325536	0.24955891965441956
0.34960183438255527	0.3972379711806686	0.25316019443677623
0.3502683507122742	0.3976680143608117	0.25206363492691425
0.34823154300765374	0.400520515364539	0.2512479416278074
0.3489816504224536	0.39872947161443034	0.25228887796311616
0.3511066578958002	0.39906816255460076	0.24982517954959918
0.3503025553977163	0.3984163529127983	0.25128109168948554
0.3500087239463091	0.40039705322161584	0.24959422283207516
0.348549836150056	0.39978891299042574	0.2516612508595183
0.34826499474963335	0.3967584617615092	0.25497654348885757
0.34847881788500445	0.3973666116836558	0.25415457043133993
0.34943255019028474	0.39856884303645695	0.25199860677325836
0.3484693840545804	0.39741003529599467	0.25412058064942505
0.3477367163016439	0.3989646397148924	0.2532986439834639
0.3490589642709178	0.3998610101391577	0.2510800255899246
0.3482795922458766	0.3987574454709507	0.2529629622831728
0.34934017387696303	0.40063007534695655	0.25002975077608053
0.34780929963941676	0.39917583342156804	0.2530148669390153
0.34722926881283217	0.4004130709248451	0.2523576602623228
0.35095037058140016	0.397290394402591	0.25175923501600894
0.34948536169874134	0.39999145335731073	0.2505231849439481
0.3505416061526686	0.3977530185476641	0.2517053752996674
0.3470130082569026	0.4002662888671048	0.2527207028759927
0.34687681925979663	0.39973033841776784	0.25339284232243564
0.3482608772409304	0.39671642592598466	0.2550226968330851
0.34808073521473015	0.39837057819958854	0.25354868658568136
0.34763249094785115	0.3987532203491585	0.2536142887029904
0.3487173766795279	0.39761839353877176	0.25366422978170045
0.3509693094045208	0.39792530040794294	0.2511053901875363
0.34943495854204	0.3971461389636679	0.2534189024942922
0.34872191305571415	0.39799458924450515	0.2532834976997808
0.3494285690542596	0.3982652570384081	0.2523061739073324
0.3491992188670745	0.39876697306832865	0.25203380806459696
0.3498388954142993	0.39759952916987196	0.25256157541582885
0.35102291327636725	0.39786164241325866	0.25111544431037414
0.3499132978496551	0.3975365452847832	0.2525501568655618
0.3473345838677433	0.3978392272807067	0.2548261888515501
0.349360697801689	0.399499445067528	0.25113985713078313
0.3499399525968018	0.40015412799505656	0.24990591940814175
0.35073381511890167	0.3988153899600848	0.25045079492101363
0.3504922662635305	0.3969195022189645	0.2525882315175051
0.3479049007155341	0.3983499289452344	0.2537451703392316
0.34773236483265435	0.39784119871210144	0.2544264364552443
0.3506960370149228	0.39836697771450086	0.25093698527057645
0.3479066499271658	0.399833963347389	0.25225938672544534
0.34912567778410125	0.39745332108658754	0.2534210011293113
0.3485375201689729	0.39823136953463933	0.2532311102963879
0.3495354517196246	0.40027552426184226	0.25018902401853327
0.34920518716271315	0.3980075719764363	0.25278724086085064
0.3496710001455544	0.3969440923541647	0.25338490750028103
0.3485456936211495	0.3992903290151122	0.2521639773637384
0.3495263489172271	0.4001678512612978	0.2503057998214752
0.348328369972948	0.3987238606702035	0.25294776935684865
0.34779110844941724	0.40058309944980036	0.2516257921007825
0.34966863261811415	0.4001767943464192	0.25015457303546684
0.3490570529978638	0.398064996841607	0.2528779501605293
0.34805917253217283	0.3974555118053611	0.2544853156624662
0.3488926723470471	0.3980937445967564	0.2530135830561967
0.35009603201553613	0.3970538860257526	0.2528500819587114
0.34967951657806945	0.40013407400418394	0.2501864094177467
0.35053766595270397	0.3998237632371859	0.24963857081011023
0.3502731756406499	0.4000965491888161	0.24963027517053404
0.34705600329036895	0.4002807306549325	0.2526632660546986
0.34694084137217773	0.3989822993825888	0.2540768592452336
0.3480032881584612	0.39897038983213035	0.25302632200940856
0.3493136272259578	0.39998505164798454	0.2507013211260577
0.34729472989853494	0.3983504284387367	0.2543548416627285
0.3502102568963068	0.39722769239170286	0.25256205071199045
0.34696548856166043	0.4005066653000556	0.25252784613828416
0.3479544331898646	0.3997207248767735	0.252324841933362
0.34971698604074575	0.3980856724936619	0.25219734146559253
0.3504352398924745	0.39729167434130186	0.2522730857662238
0.3479881419931764	0.3989788820911157	0.253032975915708
0.34808672252093176	0.3969000604415183	0.25501321703755003
0.34865215950686	0.399277306922763	0.2520705335703771
0.3483256743682474	0.3989356544655263	0.2527386711662264
0.34850107189249446	0.3974378740156908	0.25406105409181484
0.3497802046780585	0.39681340977871615	0.2534063855432255
0.34866372545759183	0.39813669152071296	0.2531995830216953
0.34912822094238843	0.3989132746248086	0.2519585044328031
0.3488269796975539	0.3982055621582351	0.25296745814421107
0.34982324570272083	0.4003053061840938	0.24987144811318543
0.3505830170066187	0.3977598364567857	0.2516571465365957
0.3506069238467083	0.398234128442251	0.25115894771104086
0.3507586030685216	0.3982465651524433	0.25099483177903525
0.3484422959275542	0.3974997611196109	0.254057942952835
0.34888720169842197	0.3991349429320511	0.251977855369527
0.34925836279377503	0.40010282478008763	0.2506388124261374
0.3486713960915606	0.39942238150933007	0.2519062223991094
0.34901760021586636	0.39929353761152375	0.25168886217261
0.3491662611069486	0.39829721997099804	0.2525365189220535
0.3492408934798532	0.39945473618811894	0.25130437033202796
0.3480228675029439	0.3990276766706018	0.2529494558264544
0.3496782949077509	0.3993533159620982	0.250968389130151
0.3496774018202558	0.39715564993159286	0.25316694824815145
0.3491324104716252	0.39998539029633917	0.25088219923203575
0.3497490078192243	0.3978431521410955	0.2524078400396803
0.34974264576186515	0.39896227157352154	0.2512950826646134
0.35045647786040823	0.399292199638148	0.25025132250144383
0.34798569837109367	0.39829039759649415	0.2537239040324123
0.34901923422191655	0.39912940074989867	0.2518513650281849
0.3485612216527876	0.39918278991206363	0.25225598843514896
0.34809921587165854	0.3989776389224316	0.25292314520590997
0.34776841269222675	0.39729957262711846	0.25493201468065485
0.3488365274148684	0.3987821147204563	0.25238135786467536
0.3493782203117163	0.39919786703896887	0.25142391264931496
0.3499904996564063	0.39897635604232384	0.25103314430126994
0.34834314985684667	0.39756948813550574	0.2540873620076477
0.34942529123002475	0.3967977691391276	0.2537769396308477
0.3473655367700435	0.39863382396057717	0.25400063926937944
0.3501540120391683	0.39852608003305867	0.25131990792777315
0.34870317603813034	0.4003403613898536	0.2509564625720161
0.3511591955207624	0.39894789603614356	0.24989290844309414
0.3496868565969247	0.39720461768431925	0.2531085257187561
0.3507443716665203	0.3987297606150941	0.25052586771838575
0.35047717505875775	0.3970519666014143	0.2524708583398281
0.3504503508921444	0.3977967754011656	0.2517528737066902
0.3486527915260884	0.39732673202123997	0.25402047645267173
0.3486689275032805	0.39864541440124335	0.2526856580954762
0.34704921410232575	0.40012398047673003	0.2528268054209443
0.3490405810543142	0.3983535613163086	0.2526058576293774
0.3492398845203055	0.3980030927684297	0.2527570227112649
0.3482557858308384	0.3993195417490597	0.252424672420102
0.34826659687287465	0.40022657339315804	0.25150682973396743
0.34902985342094317	0.39682903259169083	0.2541411139873661
0.35075814368185315	0.3967202933792263	0.2525215629389207
0.34934093383702325	0.39801232695599237	0.25264673920698444
0.34824893378119554	0.39878539778895994	0.25296566842984464
0.346927128429692	0.4000456497712125	0.2530272217990956
0.34917018979509884	0.3980666252177958	0.2527631849871055
0.35054256342115847	0.3983861679254867	0.25107126865335494
0.3509115535599054	0.3971375309586858	0.2519509154814089
0.34901587710683857	0.39990868699184723	0.2510754359013143
0.3495092169352649	0.40060140830258917	0.249889374762146
0.34815009669321956	0.39879291209476264	0.25305699121201786
0.3509508850056918	0.3970654077088746	0.2519837072854337
0.349589305753915	0.39736351222308475	0.25304718202300036
0.3498722635253836	0.39833641436398665	0.2517913221106299
0.34776072912271366	0.39814942895495387	0.2540898419223326
0.34771131423203305	0.39788934924251457	0.25439933652545255
0.350074570827321	0.39940562176685734	0.2505198074058218
0.34811956462818955	0.3994655606709929	0.2524148747008176
0.35058075406592504	0.39801910529418644	0.25140014063988864
0.3496770203593308	0.39724214212191145	0.2530808375187578
0.3477644918180945	0.4004920223244093	0.25174348585749634
0.34702316929773896	0.4002838550126782	0.25269297568958293
0.3489495145341033	0.400556048298605	0.2504944371672918
0.3469804800320597	0.398340147190387	0.25467937277755337
0.3505909796953004	0.39880684440263514	0.2506021759020646
0.3493690921835421	0.399744289658726	0.250886618157732
0.35080821226540443	0.39893370363119873	0.25025808410339695
0.34820282186572915	0.40014023763837714	0.2516569404958938
0.34886298734135435	0.39984925348001815	0.25128775917862767
0.3493518710022364	0.39708820249214527	0.2535599265056184
0.34875705905633814	0.4003632259382656	0.25087971500539635
0.34802510053392127	0.3982251699373808	0.25374972952869806
0.34852496032363234	0.3970667103262109	0.25440832935015695
0.3475281970263341	0.3986939056618217	0.2537778973118443
0.35043555097747203	0.3970237875544063	0.25254066146812176
0.34792238770734246	0.3972372679469841	0.2548403443456736
0.35082686813759517	0.39729932823848263	0.2518738036239223
0.3489309549787242	0.39994773834825775	0.2511213066730182
0.3507400814685017	0.39735362594878487	0.2519062925827136
0.35061412221614413	0.39894447195150484	0.2504414058323512
0.3484221094160129	0.39748425817901534	0.25409363240497185
0.3502839631281084	0.39906928609692505	0.2506467507749667
0.3490885432193198	0.3967351928583859	0.2541762639222944
0.34878619306751274	0.3970395384762339	0.25417426845625346
0.35025524365726973	0.3988252634214527	0.2509194929212777
0.3468725117576167	0.3996643965287282	0.2534630917136552
0.34873651626446045	0.3985830130516378	0.25268047068390187
0.35060712027015734	0.3976057694778943	0.2517871102519485
0.34987005578983715	0.3988806597850435	0.25124928442511946
0.34953347175630445	0.39732592589751137	0.2531406023461843
0.3494874113625104	0.3980513918611901	0.25246119677629963
0.3505081080296251	0.3979932449924273	0.25149864697794766
0.3469634634533897	0.39862718799091973	0.2544093485556907
0.3471182704097362	0.39892317933605503	0.2539585502542089
0.3510076811318787	0.3991465054079176	0.24984581346020385
0.3499185409788681	0.39993794431089713	0.2501435147102349
0.3489662549171431	0.3991699089795836	0.25186383610327334
0.34918787411737023	0.4006165594422392	0.2501955664403907
0.34936097688843837	0.39960674450166167	0.25103227860990013
0.34900536087437845	0.3973291133415271	0.2536655257840945
0.3488488048740937	0.39986468771335326	0.25128650741255315
0.34912473745454997	0.3986537264757935	0.25222153606965664
0.34726267279056455	0.39792539243211805	0.2548119347773175
0.349072824151199	0.3978334747604717	0.2530937010883294
0.349440923415209	0.39707092187228843	0.25348815471250274
0.349834081809744	0.39903650226638887	0.25112941592386717
0.35071754405803646	0.3972891141048337	0.25199334183712996
0.3498321646494159	0.3982169033187731	0.25195093203181107
0.3502409613865667	0.3972395661457124	0.25251947246772105
0.34780337264390415	0.3985064981647394	0.2536901291913566
0.3500093150220181	0.39979462258114895	0.25019606239683306
0.34931021720008465	0.39944845404435236	0.25124132875556304
0.34750361619400244	0.3998195439303463	0.25267683987565137
0.3505809723196181	0.3968275728105345	0.25259145486984746
0.3509612544754313	0.39741030749412937	0.25162843803043944
0.3479699004463519	0.40027030194397256	0.25175979760967565
0.35015459137521976	0.3982590444002456	0.25158636422453473
0.3510841723650084	0.3985416644548221	0.25037416318016964
0.34738989517797325	0.3993222020312324	0.25328790279079444
0.3475006945373409	0.3998773376892065	0.2526219677734527
0.34831092543553976	0.4003952151914695	0.25129385937299087
0.34995843676510235	0.3979785860851196	0.2520629771497782
0.34933942002442436	0.3994069178077609	0.25125366216781486
0.3476405106246335	0.3989044670131911	0.2534550223621755
0.34919141327704484	0.399388393727935	0.2514201929950202
0.34930122472669517	0.3975053513159949	0.25319342395731004
0.35099443324600477	0.3977780353545816	0.25122753139941373
0.3484877379425931	0.39826338921606963	0.2532488728413374
0.34744970412154874	0.3985848818481917	0.2539654140302597
0.3480323460708003	0.397185782637328	0.2547818712918718
0.348648696241928	0.3999520780393784	0.25139922571869366
0.35078772840520794	0.3987985787279397	0.25041369286685244
0.35056329638365963	0.39830020782117065	0.25113649579516983
0.3493008623568112	0.4002309937417213	0.25046814390146765
0.34976200038141053	0.3981701667915445	0.25206783282704504
0.3502054893441453	0.39764471558161296	0.25214979507424184
0.3491742311596225	0.3969932869089765	0.2538324819314011
0.34915655819249414	0.400558547381981	0.25028489442552504
0.3489747832624718	0.39893423983057047	0.25209097690695786
0.34880757161205117	0.3979108900022102	0.25328153838573875
0.3475634211329127	0.3974688796185959	0.2549676992484915
0.351129374939107	0.3993564144772188	0.2495142105836743
0.3501815951388839	0.39731236585622887	0.2525060390048873
0.3470332989805534	0.4006263941585566	0.2523403068608901
0.34741584026655703	0.3981854370924113	0.25439872264103175
0.34901729348655064	0.40009825183928666	0.25088445467416276
0.35078757504366065	0.3992596455640093	0.24995277939233015
0.34755362312060956	0.399283393256202	0.25316298362318856
0.3500511052513552	0.3981799324213082	0.2517689623273367
0.34916170320445067	0.39719622790895864	0.2536420688865908
0.3509270760442299	0.3984137824954474	0.2506591414603228
0.3473237162218653	0.4003202526539864	0.2523560311241484
0.34856854046415364	0.3973338663370387	0.25409759319880776
0.3472744946998921	0.39997221044577047	0.2527532948543376
0.35010888825367636	0.400389462165774	0.24950164958054977
0.3506356576222727	0.3991763758910839	0.25018796648664354
0.34690624310599155	0.3982952259440002	0.2547985309500084
0.34810542240681547	0.4000422652465355	0.25185231234664907
0.3489195828115173	0.39804510644297486	0.25303531074550795
0.3491482788523174	0.3967224511207869	0.2541292700268958
0.3471725494846761	0.3980936545966698	0.2547337959186543
0.3507884937328262	0.3991766846936461	0.25003482157352785
0.3509043012238893	0.3981927488165047	0.25090294995960616
0.3478250467359885	0.3976251675663298	0.2545497856976817
0.34860544674157345	0.399923093840096	0.2514714594183306
0.34992530376488984	0.39871626190625803	0.2513584343288522
0.3478808230940866	0.3983342433407896	0.253784933565124
0.34702742684614646	0.39894734293689393	0.25402523021695966
0.3496828140268159	0.39701719530975504	0.25329999066342923
0.35086066165041463	0.39854229781061556	0.2505970405389699
0.3484822533510158	0.3987999805931728	0.25271776605581153
0.3494185313149455	0.3978153756366133	0.25276609304844133
0.3476958836623953	0.3990860595250672	0.2532180568125376
0.34862696142061617	0.3992273144508984	0.25214572412848557
0.3483857256045631	0.39739612184482387	0.2542181525506132
0.34811725403643445	0.39799845181045634	0.25388429415310926
0.35009133777647616	0.397993310852303	0.25191535137122095
0.3480335831340317	0.3974987107222266	0.2544677061437418
0.34886589841143884	0.39704752635319984	0.2540865752353614
0.34884447324815004	0.3998441219864943	0.25131140476535574
0.35016429088474954	0.3978356387545305	0.25200007036072003
0.3494435978213558	0.3990424028775891	0.2515139993010552
0.3501410671468696	0.40020597415679593	0.24965295869633458
0.3494061286154835	0.3967493753168946	0.253844496067622
0.3490503754950046	0.39878584719269244	0.25216377731230305
0.34831617095665957	0.39758356685400875	0.2541002621893318
0.34973391940342713	0.3981083711836992	0.2521577094128738
0.3501041606163411	0.3990526638858681	0.250843175497791
0.3469813670716713	0.40036246036433387	0.25265617256399486
0.34979600267669425	0.397933604494372	0.2522703928289339
0.34927610874747794	0.4000612568880435	0.25066263436447866
0.3488110208286766	0.40018559541806387	0.2510033837532596
0.347701066846811	0.400616804395862	0.25168212875732704
0.34837002893573826	0.400342101289906	0.25128786977435585
0.35090344675199886	0.3986293745599309	0.25046717868807034
0.34850277914881855	0.3986992669663746	0.2527979538848069
0.34952953150836763	0.39867361468674256	0.25179685380488986
0.3495198724487221	0.3992871517953578	0.2511929757559202
0.3488733602620218	0.4005808847282698	0.25054575500970855
0.3505143202796275	0.3991843209972025	0.25030135872317005
0.34867525003899913	0.3994066766769667	0.25191807328403426
0.3472650885436389	0.4005219725226687	0.25221293893369257
0.35048307290566494	0.39686295192719895	0.2526539751671362
0.3476357128431127	0.40040451132853666	0.2519597758283507
0.35056706025674167	0.39708459801148044	0.25234834173177806
0.34975525045932554	0.40044391588509975	0.24980083365557482
0.3471902451729807	0.4003976512008204	0.25241210362619904
0.34974531678848536	0.3976704244241981	0.2525842587873167
0.3494920419167536	0.3982373891441736	0.2522705689390729
0.3488015726679792	0.39937483403222085	0.2518235932998001
0.34900026323086564	0.3985541236558921	0.2524456131132424
0.3501867707592245	0.39734153951973444	0.25247168972104117
0.35000995376731814	0.39886314161626363	0.2511269046164184
0.3485379921423881	0.39994541340973355	0.25151659444787844
0.348502240501315	0.39968872267800293	0.2518090368206822
0.3501628772842327	0.3975946051630061	0.2522425175527613
0.349593282126461	0.40018341965727877	0.2502232982162603
0.3506747330416772	0.39965445084849943	0.2496708161098235
0.3498395227909744	0.39998153344095333	0.25017894376807237
0.34912780716882513	0.3990922432612223	0.2517799495699527
0.3494780467088265	0.39830547562201607	0.25221647766915756
0.3490332101106597	0.40041364170356314	0.2505531481857773
0.34862666586331076	0.3993412873720928	0.25203204676459656
0.35044854851702545	0.4000631078025933	0.2494883436803813
0.34844782712321226	0.4006181154767822	0.25093405740000563
0.34979166163001746	0.39698458135906844	0.2532237570109142
0.35060189903318134	0.3996924980704866	0.24970560289633217
0.35079067425418137	0.3974101698952254	0.2517991558505934
0.34760896978609246	0.3989231314595539	0.25346789875435377
0.3486713022883297	0.39778672132714976	0.2535419763845207
0.3490721891528461	0.40000259612727695	0.25092521471987705
0.35100261158475654	0.3970982897557111	0.25189909865953247
0.3477271055969827	0.3977820425589881	0.2544908518440293
0.34914575818358784	0.3994235857587286	0.25143065605768367
0.3477133011118513	0.39981709023555595	0.25246960865259294
0.3495955035434173	0.39879635846688505	0.2516081379896978
0.34818117257414605	0.398414703984716	0.2534041234411381
0.35033324012657274	0.3972672061540414	0.252399553719386
0.35012972003501264	0.39933452263591335	0.2505357573290742
0.34884511496632786	0.39742593910322543	0.2537289459304468
0.34956329467590036	0.3992050527262786	0.25123165259782115
0.3500685449940507	0.3990546317683149	0.2508768232376345
0.3504218696824562	0.3991320494878583	0.25044608082968556
0.3485912489013195	0.39848213201515165	0.252926619083529
0.34900649685115515	0.39949368688825493	0.25149981626059
0.34696207923876227	0.40021638287331884	0.25282153788791906
0.34748489489975176	0.3977207339299397	0.2547943711703086
0.3475455432146427	0.4005134741290496	0.2519409826563078
0.3507183451348071	0.39906608143613376	0.25021557342905926
0.3506892933964032	0.3980873570266393	0.25122334957695763
0.3468798177268271	0.399725797882156	0.253394384391017
0.3473999141466677	0.3980327340498846	0.2545673518034478
0.3509271407109851	0.3973343401935091	0.25173851909550593
0.3506631809069513	0.39711129258312716	0.2522255265099217
0.34966550125688695	0.39712962128190304	0.2532048774612101
0.34773597430607883	0.3983777626749506	0.2538862630189706
0.3497934547663572	0.3973717978745049	0.252834747359138
0.3502244151460474	0.39881805379012353	0.2509575310638291
0.34932236280902074	0.3997128495664902	0.25096478762448915
0.3496756172423149	0.3986051496595656	0.2517192330981196
0.347504140778567	0.3992970676705037	0.2531987915509294
0.34821219240401025	0.3988323290643462	0.25295547853164363
0.3470063481698687	0.39920247912661644	0.25379117270351503
0.35062083703610997	0.399499847531495	0.24987931543239517
0.3487760545415559	0.398340485793668	0.2528834596647762
0.3470477594035659	0.39993306621621166	0.25301917438022253
0.35073448593683804	0.39926209455902895	0.2500034195041331
0.3491398214326603	0.3988227706030655	0.2520374079642743
0.3469050459280505	0.39898444390827964	0.25411051016367
0.3483209331416851	0.40036302186421674	0.25131604499409826
0.3503100147634819	0.39836350919698216	0.25132647603953606
0.35010107693225173	0.39981326272494966	0.2500856603427988
0.34861630805890337	0.39715230277594393	0.25423138916515275
0.34947792166939795	0.3987990198274206	0.2517230585031816
0.3477192361689119	0.3983765958658606	0.2539041679652275
0.35068989992645966	0.39729312203063694	0.2520169780429035
0.34759352947695943	0.39823855019459264	0.25416792032844804
0.34812845339090503	0.39932902651578883	0.2525425200933062
0.3485400070815655	0.40045682769045066	0.25100316522798394
0.34834047592569445	0.3975688376050025	0.2540906864693032
0.3484948217895032	0.39741357790689047	0.25409160030360645
0.34769011136558325	0.39985096692030153	0.2524589217141153
0.349346191454453	0.3987784037967574	0.25187540474878967
0.35033737938219733	0.3990968653591514	0.2505657552586514
0.3484800529671446	0.4005656241571273	0.25095432287572816
0.34872624725357215	0.40014949158416924	0.2511242611622587
0.34824061678854407	0.400321534353108	0.251437848858348
0.34997786226670413	0.39771622042141397	0.252305917311882
0.3473072678864634	0.3983321336669191	0.2543605984466177
0.3501833508493803	0.3975415613993366	0.2522750877512832
0.3499733765769011	0.3970019075229434	0.25302471590015563
0.3511818769277412	0.39697987465486373	0.25183824841739516
0.3472662038265664	0.39764032086975487	0.2550934753036788
0.3501648339946679	0.3980474677650011	0.2517876982403311
0.3472749235370112	0.3984501281134357	0.2542749483495531
0.346923298496241	0.3998331980052483	0.2532435034985109
0.34934457852293643	0.3995606212481261	0.2510948002289376
0.34852825365453816	0.3997168128975137	0.2517549334479482
0.3486405828674612	0.3967930559312676	0.2545663612012713
0.3505049445449279	0.3985142154654374	0.2509808399896348
0.34902769594111854	0.3969250348643282	0.2540472691945534
0.3504775792895283	0.3984515843963131	0.2510708363141587
0.3476402883226787	0.39891904881512297	0.25344066286219846
0.3506771909452233	0.39873626411979507	0.2505865449349817
0.3489348364113349	0.39728058849917447	0.2537845750894908
0.3511442113957511	0.396976218969159	0.25187956963508995
0.3481998399014362	0.3993952487174156	0.25240491138114823
0.3473193905581473	0.39880157134506994	0.2538790380967829
0.34693852355226684	0.39907452262079773	0.2539869538269355
0.3493774171599779	0.39809663437859377	0.25252594846142845
0.3491554070471769	0.4005708805454442	0.250273712407379
0.3501420637533794	0.39893591447433985	0.25092202177228085
0.34696782454123903	0.3994072112146292	0.2536249642441319
0.34928443782553936	0.39841083949009204	0.2523047226843687
0.3504056668787491	0.39834281740561706	0.25125151571563403
0.3488768224211284	0.39955555237818163	0.2515676252006901
0.35088025460877903	0.39678235402920264	0.2523373913620184
0.3500136121123256	0.39788142845496244	0.25210495943271205
0.3471825979151746	0.3979672524904244	0.25485014959440105
0.35110302239713664	0.39853231458986077	0.2503646630130027
0.3469209897447477	0.3999123089216052	0.2531667013336472
0.34720347512942984	0.39943661246851886	0.2533599124020514
0.35062547046548015	0.39855097127337263	0.25082355826114733
0.34848613644117976	0.396867988416775	0.25464587514204534
0.3482120720008284	0.3973745632726303	0.2544133647265414
0.3473759444389622	0.4005236745969793	0.2521003809640586
0.3511627716558923	0.3974425817786216	0.25139464656548616
0.3495037537231843	0.399909422202896	0.2505868240739198
0.34971274767706956	0.3975651284034927	0.2527221239194379
0.3472163852345223	0.39844360638742066	0.25434000837805715
0.3478361057754816	0.398230997085139	0.2539328971393795
0.3476396982555456	0.39957824579419404	0.2527820559502605
0.3491577046709442	0.4002695129711076	0.25057278235794833
0.3478224592481613	0.3999174334968265	0.25226010725501224
0.3478445365066769	0.4002740217658549	0.2518814417274683
0.34991097476718125	0.39845331683742996	0.25163570839538896
0.3492699756711192	0.3993821709333738	0.2513478533955071
0.3509859405571714	0.39776170281902146	0.2512523566238073
0.35102405046162777	0.3969436446742409	0.2520323048641314
0.34728195281362223	0.3996239910696943	0.25309405611668356
0.3485728704861264	0.3975921222901032	0.25383500722377045
0.3478836922897453	0.3977549727963791	0.2543613349138757
0.34960336846047324	0.4001037319884625	0.2502928995510644
0.3486893984410454	0.39698254740093186	0.2543280541580229
0.3497059649281292	0.3981246565089994	0.2521693785628715
0.34924668368143513	0.3977009404269043	0.25305237589166063
0.34772364453089305	0.39918095148068855	0.2530954039884185
0.3500002339238729	0.39885808124008787	0.2511416848360394
0.3489233719057908	0.3982167981331284	0.25285982996108086
0.34978494722605274	0.3993832448838241	0.25083180789012327
0.34901459303357124	0.39966096982631044	0.25132443714011843
0.3500278490533178	0.39860064844103815	0.2513715025056441
0.34960321032097685	0.3998731924721939	0.2505235972068294
0.3493183845295727	0.39675623672370464	0.2539253787467228
0.34882544963657014	0.39669603561298206	0.2544785147504479
0.3492202263641486	0.3967305618857091	0.2540492117501424
0.34976713751259736	0.3993518287528146	0.2508810337345882
0.3504184155673157	0.39860347525460305	0.25097810917808144
0.3503020203507182	0.399557181594091	0.25014079805519085
0.3491397185142043	0.39906274845063394	0.25179753303516195
0.3477834785097046	0.3985918795616991	0.2536246419285964
0.3491713474527225	0.4000513118034704	0.2507773407438072
0.35105413723525647	0.3977295081030918	0.2512163546616518
0.3502095814706891	0.39906041760068195	0.25073000092862907
0.35110763680565094	0.3992166552700731	0.24967570792427612
0.3498102002830156	0.39726771876518413	0.25292208095180035
0.34775715873131835	0.3978997694311635	0.25434307183751825
0.34869374608433795	0.39672226027548624	0.2545839936401759
0.35050923635500086	0.3984527882333848	0.25103797541161443
0.3480258656190055	0.40040364831469977	0.25157048606629484
0.34903999407064634	0.3988039474837072	0.2521560584456466
0.35034217769767406	0.39768889868212964	0.2519689236201964
0.3502640931821434	0.3987272317992802	0.2510086750185765
0.34818931893679705	0.40026461411790576	0.2515460669452973
0.34707187512660687	0.398967790544077	0.2539603343293162
0.35040915429076414	0.39873074035309164	0.25086010535614434
0.35021810167532413	0.3993678962702588	0.2504140020544172
0.3495798116241342	0.3977941685894431	0.2526260197864228
0.3500124583174399	0.39957160032501293	0.2504159413575473
0.3482289279742597	0.39837124169856397	0.2533998303271765
0.35097394550417105	0.398534735143062	0.2504913193527671
0.34898477763540836	0.3978675731421676	0.2531476492224241
0.35090526784752557	0.39792740253177517	0.2511673296206993
0.34775716657501826	0.3977729443591969	0.25446988906578494
0.35045012465461756	0.39958205820274006	0.24996781714264252
0.34877175219629825	0.3979145670017778	0.25331368080192407
0.34964771260631716	0.3980567703994522	0.2522955169942307
0.34841497892255535	0.3999211021187526	0.2516639189586922
0.34914820865492474	0.39966382541337797	0.2511879659316974
0.3501543398823005	0.39783766760839345	0.25200799250930617
0.34861198340943206	0.3993678318291959	0.2520201847613722
0.3488161700468793	0.3983594603415965	0.2528243696115242
0.3495558437862419	0.3976238905677758	0.25282026564598237
0.3501504519312009	0.40013253605274923	0.24971701201604996
0.34832534112692226	0.3971301509860404	0.2545445078870374
0.35043483132232484	0.3985807370352222	0.2509844316424531
0.35071022288786163	0.39832754048859964	0.25096223662353884
0.3487133779980279	0.39898876379166837	0.2522978582103038
0.3484077097156177	0.39700974462046323	0.2545825456639192
0.3479732680906843	0.39972517673412233	0.2523015551751935
0.34965282057582264	0.3979293998292345	0.252417779594943
0.3497744028822129	0.3993687257127971	0.25085687140499013
0.34786674304808013	0.39977460486404326	0.2523586520878768
0.3471892746421801	0.39944078910828495	0.2533699362495351
0.3484141942058417	0.3989290617644335	0.25265674402972493
0.34849760089749965	0.40044057769072056	0.2510618214117799
0.34696529292284656	0.39807904010525286	0.25495566697190064
0.3498060532795981	0.3991678408557417	0.25102610586466034
0.34941017284039844	0.3970171805187146	0.2535726466408871
0.348872368852508	0.39864016663720303	0.2524874645102891
0.34946290334057073	0.3980464500433397	0.25249064661608966
0.3493866734751729	0.39774362624022397	0.25286970028460326
0.3496377993008955	0.3973827683559037	0.2529794323432009
0.3485906343797423	0.39819886764184975	0.25321049797840806
0.3470292869504442	0.3994878721103169	0.25348284093923895
0.34710295617147385	0.39977910966990393	0.2531179341586223
0.35010597440058944	0.39829239884846357	0.2516016267509471
0.34868998092177617	0.3975350148554246	0.2537750042227994
0.35019988899094023	0.3989230703972939	0.25087704061176597
0.3469828657391967	0.4005740126416011	0.25244312161920235
0.348364461115401	0.3997316338370962	0.2519039050475029
0.3490739796817307	0.3998544797867565	0.2510715405315129
0.348494882746031	0.3972298892104919	0.25427522804347713
0.3492055630563752	0.39744994569998954	0.25334449124363545
0.34837933839699065	0.3977493270134459	0.25387133458956357
0.3482835983661382	0.39822919074245966	0.2534872108914023
0.34760787873107113	0.398087092822698	0.254305028446231
0.349427313615197	0.3988813598686135	0.25169132651618953
0.34709672515163054	0.40031281280445896	0.2525904620439106
0.3492759951010749	0.3977240405758975	0.2529999643230278
0.348407692240312	0.39909653618177426	0.2524957715779138
0.35059258312662694	0.3976143025388411	0.251793114334532
0.3500788532454066	0.3995283213884763	0.2503928253661172
0.34885582905233326	0.3990003290106803	0.2521438419369866
0.35100480891068053	0.3987023766633868	0.25029281442593276
0.34835632359304813	0.39806039037382795	0.253583286033124
0.3496602488241244	0.3968351272372022	0.25350462393867346
0.3509420959744037	0.3978181397312931	0.25123976429430334
0.3483096974179229	0.39718311998275346	0.2545071825993237
0.3507473872617511	0.39888407501854106	0.25036853771970796
0.35025579540613166	0.39759699485140965	0.2521472097424588
0.34729610657293136	0.4004029441847762	0.25230094924229257
0.34896028855398215	0.3992228033279811	0.2518169081180368
0.35062807954365766	0.39743857515503234	0.2519333453013101
0.34774995274250714	0.39760955635912026	0.2546404908983727
0.3492101335951331	0.398599699372973	0.252190167031894
0.349521668641822	0.3970615971810585	0.25341673417711963
0.35068653018717727	0.399810727022458	0.24950274279036486
0.350532469530072	0.3976228879669321	0.251844642502996
0.3479163962373871	0.39930531799568125	0.25277828576693173
0.35042907786813937	0.39805642528040314	0.25151449685145755
0.34861892815252704	0.39698429499310794	0.2543967768543651
0.3476505330627511	0.39967656219864045	0.2526729047386085
0.3486044912954693	0.3997348750706735	0.2516606336338574
0.35080300806320547	0.39927522067407784	0.2499217712627168
0.3497516763052849	0.397247970263814	0.2530003534309012
0.3483947461464494	0.3968266103827875	0.25477864347076323
0.3480041513075353	0.39814606309512096	0.25384978559734384
0.35033643155628824	0.3993258501838067	0.2503377182599052
0.3505149307593994	0.3985488730876391	0.2509361961529616
0.35076729667397033	0.3978926989459189	0.25134000438011095
0.3485270124826079	0.3980652656091022	0.25340772190829
0.3510781440041615	0.39813234979413126	0.2507895062017074
0.3482048581718883	0.39695800452159147	0.2548371373065204
0.34699886773882804	0.3986968392782102	0.25430429298296187
0.3468603437497438	0.3994001167412622	0.2537395395089941
0.34863565301219557	0.3998038094412675	0.251560537546537
0.3501607490029744	0.40015968028584437	0.24967957071118135
0.34959693047731116	0.3996013274854218	0.25080174203726713
0.34827330693926684	0.40021257547363687	0.25151411758709646
0.3477898055421506	0.4000692147231702	0.2521409797346793
0.3490884297652612	0.3975981694188669	0.25331340081587195
0.3493661886843479	0.3972008327315795	0.2534329785840727
0.34990962974597783	0.39680035414540826	0.25329001610861396
0.34967005134445245	0.3989501696257554	0.25137977902979225
0.35019656154117745	0.39733295173147487	0.25247048672734784
0.3478100655862376	0.39807736944035965	0.25411256497340284
0.34785067687391596	0.3988517694752366	0.2532975536508476
0.3479475483096287	0.3980618277876685	0.2539906239027029
0.3471481527873447	0.39974402749324894	0.2531078197194065
0.3487538932585551	0.4002261467536583	0.2510199599877867
0.349328008609323	0.3978817015535004	0.2527902898371768
0.347660183591343	0.3976709846642329	0.25466883174442423
0.34995812881598204	0.4001682557433709	0.24987361544064718
0.3499838985213796	0.39758704757441815	0.25242905390420234
