0.42586244558887865	0.2878372440980306	0.28630031031309083
0.4362747749693999	0.28984203753123283	0.27388318749936735
0.4286122430894619	0.28932124253607416	0.282066514374464
0.432174886888246	0.2870774095974724	0.2807477035142817
0.4289806957110835	0.2879584827666797	0.28306082152223694
0.42262945478060676	0.29304742059225314	0.2843231246271402
0.4287710681513959	0.28845963564938804	0.28276929619921626
0.42835712716932306	0.2917796425236718	0.2798632303070052
0.4329389179762938	0.2869444459220063	0.2801166361017
0.4237559449725058	0.28664966236546074	0.2895943926620336
0.4303234217310089	0.28622645269160135	0.2834501255773899
0.42627914909674686	0.2868415053481099	0.2868793455551433
0.4366535701369082	0.29129597800587337	0.2720504518572186
0.43604966671140766	0.286619473173265	0.2773308601153274
0.4345443286608142	0.29210867613480507	0.27334699520438077
0.4336226042764533	0.29092614195530997	0.2754512537682368
0.42694411713420255	0.2947568133509192	0.27829906951487837
0.4337356075699246	0.2942026807062856	0.2720617117237899
0.42382676435182687	0.28943167903111405	0.2867415566170592
0.43077225519668033	0.28800468504059795	0.2812230597627218
0.4230898411015511	0.28873604267739295	0.28817411622105604
0.42780662333180275	0.29380940109215137	0.278383975576046
0.4222415456409913	0.28788644559472343	0.28987200876428537
0.4344434575578238	0.28819605192205655	0.27736049052011974
0.4288463850512433	0.28387805720005427	0.28727555774870256
0.4242463660443397	0.28571023580879557	0.29004339814686486
0.4273607692316796	0.2898972743289345	0.28274195643938604
0.42624389093371245	0.2938950942901371	0.27986101477615055
0.4360652454459767	0.2905934999787519	0.2733412545752716
0.424401668340153	0.290835881155898	0.28476245050394905
0.42378692198846823	0.2924806061829261	0.2837324718286057
0.4323755739035122	0.29371009370555806	0.2739143323909298
0.4353145829482949	0.2925472690850891	0.27213814796661606
0.4360645389624239	0.28648149582295235	0.27745396521462384
0.42646943511885954	0.2836306534315822	0.2898999114495583
0.4352299143928774	0.29105382236868416	0.27371626323843856
0.42596104535223156	0.2861619237731209	0.28787703087464767
0.43404859293513504	0.2834218125422037	0.28252959452266135
0.4354459684693494	0.282958336350818	0.28159569517983274
0.4372381493724141	0.2897309233761926	0.27303092725139344
0.4254770092376084	0.2902345127507382	0.28428847801165347
0.4227740877144887	0.2935279196545683	0.2836979926309431
0.422543061783181	0.2856536613461188	0.29180327687070023
0.4299816330065265	0.2887756196815768	0.28124274731189686
0.4335049069712894	0.2841391550198907	0.28235593800882
0.42647790301627403	0.2828342472045666	0.29068784977915946
0.42810898737389	0.28484651750586304	0.28704449512024705
0.43620177606926164	0.2841288172205738	0.27966940671016466
0.4266335036829535	0.2898443410126914	0.2835221553043552
0.4250762872033452	0.28716599087493533	0.28775772192171956
0.4252267752681265	0.29062195323751705	0.28415127149435654
0.423556670654833	0.28657677839826334	0.2898665509469037
0.4328669733410123	0.29415294221409904	0.2729800844448887
0.4264320265807011	0.28501330381420353	0.2885546696050954
0.43774888685670255	0.2844655280201993	0.27778558512309826
0.42438204742944624	0.28509863660699714	0.29051931596355673
0.43477236046722456	0.2872452020737087	0.2779824374590669
0.42752211934546464	0.2920356163082653	0.2804422643462702
0.4236594812415335	0.2914202465972761	0.2849202721611905
0.42567223525088604	0.2900808897615049	0.2842468749876091
0.43759799455723647	0.28356151863880136	0.2788404868039623
0.426109647800913	0.2861931574269595	0.28769719477212763
0.42240050536901763	0.28667340370689165	0.2909260909240909
0.42147317749150054	0.28732702974504915	0.2911997927634504
0.4343102320486316	0.2914454196498454	0.2742443483015231
0.43537978699357605	0.29220417698442414	0.2724160360219999
0.4364321361830623	0.2907981768285655	0.27276968698837234
0.43093558865904646	0.2877107203821972	0.2813536909587564
0.42175999552466414	0.2899584808005829	0.2882815236747531
0.42454230537637966	0.2837408619291124	0.2917168326945081
0.42751936059077505	0.28865807167746454	0.2838225677317605
0.4227195990564663	0.2877877988808185	0.28949260206271527
0.42306771097361584	0.2894133229029439	0.28751896612344036
0.4329897658194402	0.28977677887754816	0.27723345530301174
0.42157878844677044	0.28845656654369584	0.28996464500953384
0.4276464696582841	0.28737380364895476	0.2849797266927612
0.43750208856133327	0.2897645156253326	0.2727333958133342
0.4290546123630652	0.2894565858829604	0.2814888017539745
0.4315070420004976	0.28534389110990627	0.2831490668895962
0.4300290693431869	0.2939533989383976	0.27601753171841553
0.4264836450160608	0.28845399608950584	0.2850623588944335
0.42766464886017996	0.28955994745020036	0.28277540368961984
0.42700333764022746	0.2898378851593531	0.28315877720041954
0.42530061831274124	0.2867647956258733	0.2879345860613855
0.42305033800689207	0.28692453302488935	0.29002512896821875
0.42896605491265827	0.28671152571977226	0.2843224193675695
0.43240680752396027	0.2834900367956331	0.28410315568040667
0.4269402172182727	0.28866652616262356	0.28439325661910386
0.4324091716940399	0.2944704182650453	0.273120410040915
0.42977169812947347	0.2855665678801425	0.28466173399038414
0.43364020302907164	0.28411934378598064	0.28224045318494784
0.43023617524601865	0.2884574353545684	0.281306389399413
0.42917107222049455	0.2889324706945724	0.2818964570849332
0.4230120329508988	0.29074887009881684	0.2862390969502845
0.423090701449985	0.28981055028059427	0.2870987482694208
0.4218946697064204	0.2941950567558724	0.2839102735377073
0.4316113841781462	0.2882407460993663	0.2801478697224877
0.42415577169180296	0.2846303905021237	0.2912138378060735
0.42508156070475617	0.28366803889078057	0.29125040040446337
0.4373319974112962	0.2907395654717769	0.27192843711692705
0.42438586298746545	0.28787538411649877	0.2877387528960359
0.4240135520984571	0.2948610486833982	0.28112539921814483
0.4306376075251178	0.2947326025142244	0.2746297899606579
0.4286417649151919	0.28432474728036716	0.28703348780444105
0.4223332349230148	0.29283948126896553	0.28482728380801975
0.4249898775747377	0.2867241297359188	0.2882859926893436
0.42336683016489185	0.2878384909682836	0.28879467886682464
0.43235887782369603	0.2866847907803135	0.2809563313959906
0.4222067320973387	0.2948410380025954	0.28295222990006597
0.42619571892977054	0.28915708392530587	0.2846471971449237
0.4246530799668047	0.28978726581809516	0.2855596542151002
0.4267106201289973	0.2901759375485805	0.2831134423224223
0.42309601053004153	0.2949131091971246	0.2819908802728339
0.43415274942966653	0.2850067869983933	0.28084046357194026
0.43501877831747826	0.2917131936613905	0.27326802802113137
0.4234495977724301	0.29230691599304837	0.2842434862345217
0.4361551013572656	0.28608861167986077	0.27775628696287374
0.4249599420558211	0.2871647717753474	0.28787528616883157
0.43103721787433014	0.29294964311871713	0.27601313900695285
0.42918534386821605	0.2869041175519192	0.28391053857986487
0.424485559627073	0.29370559162119014	0.2818088487517369
0.4313399584054747	0.2948718726588629	0.27378816893566255
0.42878736729368827	0.2900068547796095	0.2812057779267023
0.4299023121546539	0.29288863765916284	0.27720905018618336
0.4347089814334359	0.2851518417377032	0.280139176828861
0.42172685555009987	0.2884598980625676	0.28981324638733263
0.43467650459610946	0.2850518892567324	0.2802716061471582
0.4252578950396952	0.28656073720624536	0.28818136775405956
0.4343369683154553	0.28348413264610545	0.2821788990384393
0.43334147890847274	0.28654926388157564	0.2801092572099517
0.43527118257903213	0.2854445464347567	0.2792842709862112
0.4284669862229178	0.29084183893409893	0.2806911748429834
0.43595085036184494	0.28470993195899197	0.27933921767916314
0.4243157785411068	0.28800619850909565	0.2876780229497976
0.4232211302725756	0.2938381486038537	0.28294072112357077
0.42242855594032735	0.291664707623974	0.28590673643569875
0.43102164239082463	0.2893009885118141	0.2796773690973614
0.42400724647183813	0.28799944860142734	0.28799330492673464
0.4327079235338004	0.28897944045118046	0.27831263601501927
0.4346239432154151	0.29133528209363774	0.2740407746909473
0.43094033556686456	0.28619303696827614	0.2828666274648594
0.4335072011739335	0.28676729893857267	0.2797254998874939
0.4302391444667184	0.2929495620661615	0.2768112934671202
0.4342736515117654	0.28547642460068157	0.2802499238875531
0.4284920519104357	0.2892941469499393	0.28221380113962513
0.42816189726211346	0.28920546763631433	0.2826326351015723
0.43262126318038807	0.2915209753253951	0.27585776149421687
0.4371907939236602	0.28347055920092523	0.27933864687541465
0.423008477421969	0.29047257376707947	0.28651894881095163
0.42970872884176325	0.2899268569108116	0.2803644142474252
0.42388966561064756	0.2853601535066079	0.2907501808827446
0.43397118358606884	0.2864331442383181	0.2795956721756131
0.430697972635733	0.2901209301728268	0.2791810971914403
0.4369398252661235	0.28786174120444064	0.275198433529436
0.430403454923697	0.2907619636461258	0.27883458143017725
0.4352305514313751	0.2848886850689711	0.2798807634996539
0.4302566640076488	0.28698044582921955	0.2827628901631317
0.43207396276065024	0.29239918056668535	0.2755268566726646
0.4228254015038634	0.2866268559996348	0.29054774249650195
0.4253530643315568	0.28437719880284135	0.290269736865602
0.424358573218958	0.2941789674157385	0.2814624593653036
0.4340005393617154	0.2907321450687601	0.2752673155695246
0.42999755218292723	0.2923997079069638	0.2776027399101091
0.4330644004927668	0.28464351558056883	0.2822920839266645
0.42549502812084955	0.28998669082099277	0.2845182810581578
0.43759100985604793	0.2861671133156559	0.27624187682829626
0.43064529024628745	0.29302973937327337	0.27632497038043924
0.4318956104700536	0.2829089376475403	0.2851954518824062
0.42852645512645376	0.29397576840081646	0.2774977764727299
0.43015793066662167	0.29056790932160503	0.27927416001177346
0.43377928574212854	0.28413395152670445	0.2820867627311672
0.4318630560043101	0.2940783487666827	0.27405859522900733
0.4324580970864502	0.28321562461123795	0.28432627830231194
0.4370787744972453	0.2879337981401258	0.27498742736262893
0.4219364756128826	0.2941608620303843	0.28390266235673317
0.435122918963014	0.29270781997471446	0.2721692610622716
0.4357864172561175	0.28317617872729806	0.2810374040165845
0.42306014327321195	0.2873374615971435	0.28960239512964464
0.42583545374049403	0.2846922347072531	0.289472311552253
0.42607800259245426	0.2946451371165541	0.27927686029099175
0.43042361598689804	0.2846016518184259	0.2849747321946762
0.4378001797393953	0.2892833088889957	0.2729165113716091
0.4309870704670512	0.2857767600840405	0.2832361694489084
0.4248321216006341	0.28790401389890874	0.28726386450045727
0.4269925300359174	0.291743615790681	0.2812638541734017
0.4257684652676418	0.2840536247257375	0.29017791000662085
0.4213896114579353	0.2949852196759847	0.28362516886608014
0.42560626417027364	0.28591348952912043	0.28848024630060604
0.4292434821794476	0.29256856267123577	0.27818795514931677
0.4336337498073787	0.2923854905959933	0.27398075959662815
0.421201501754382	0.29229137940170036	0.2865071188439177
0.42322669927651013	0.28905678695730197	0.287716513766188
0.4233813428087737	0.2873753420605055	0.2892433151307209
0.432976380641148	0.2949425705577007	0.27208104880115136
0.4252485654283459	0.2887287713153354	0.2860226632563188
0.4317683801305861	0.2931254299131283	0.2751061899562857
0.4310677673222634	0.28772850139556705	0.2812037312821697
0.436338166977153	0.2878313762009692	0.2758304568218779
0.42482065533052443	0.2906094687835443	0.28456987588593136
0.4220822048865763	0.28698444415833896	0.2909333509550849
0.42134490232751454	0.29500969642738245	0.28364540124510307
0.4361225802866038	0.2917306908224247	0.27214672889097163
0.42214474455718365	0.2936979292283745	0.28415732621444195
0.4293881265488525	0.2933600584466118	0.2772518150045358
0.42840446221216294	0.2933726440843792	0.278222893703458
0.42827759012841365	0.28989093003456734	0.2818314798370191
0.43373644012779133	0.2829075095127413	0.28335605035946754
0.4299987275069611	0.2920579462367244	0.2779433262563147
0.42918506945737867	0.29379888318349767	0.2770160473591238
0.42697773398778366	0.28882711797053945	0.284195148041677
0.42329943275808224	0.2849439565767083	0.2917566106652096
0.43349805523694696	0.2948013483610603	0.2717005964019928
0.4370046338034892	0.2908578282883883	0.2721375379081227
0.4358391816496773	0.2846053648812238	0.2795554534690991
0.42901335680294816	0.2886667801188004	0.2823198630782515
0.430520645516322	0.29212918327748344	0.27735017120619465
0.42534196870808216	0.2940557704549449	0.28060226083697304
0.43536016498302904	0.2923893927611766	0.2722504422557945
0.42215751188850215	0.2871822045182091	0.29066028359328894
0.4355064250698813	0.2907583022739926	0.2737352726561262
0.42562864599197586	0.2943442368838767	0.2800271171241475
0.4305377085978106	0.29349207502997504	0.27597021637221447
0.43279688592152715	0.284419368182642	0.28278374589583094
0.42679495791028843	0.2830937267769075	0.2901113153128042
0.42706442833139324	0.2886397924812557	0.28429577918735116
0.43629935203813497	0.28854767070364856	0.2751529772582166
0.4260070167627238	0.2920942635815355	0.28189871965574076
0.42441215664698206	0.2940242417560731	0.28156360159694493
0.4337192366241128	0.29319127886656	0.27308948450932724
0.42767951773179663	0.2874519331458795	0.28486854912232396
0.4240822494134717	0.28425722242193985	0.29166052816458854
0.42695249685234826	0.28334547985964614	0.2897020232880057
0.4302736434508631	0.2845829779414154	0.28514337860772165
0.4279799275994978	0.2932379103321164	0.2787821620683859
0.43737207902854974	0.28610297801304235	0.276524942958408
0.42195169870586813	0.29312906380613246	0.2849192374879995
0.4262628780224208	0.29326176861235204	0.2804753533652273
0.4325664807315356	0.29057546538326745	0.27685805388519713
0.4277762462435225	0.2851484500175985	0.28707530373887913
0.4263554045623405	0.28460277248204263	0.289041822955617
0.4351385373762491	0.2847475252719509	0.28011393735180007
0.4282826145814025	0.2896582646925246	0.282059120726073
0.43580731483127394	0.29014886849581817	0.274043816672908
0.42939684839891834	0.2913631828375863	0.27923996876349555
0.4367439451437712	0.2902558906272807	0.27300016422894824
0.4286189794974544	0.2841543181665136	0.2872267023360321
0.42367892516423394	0.2924976172680547	0.28382345756771155
0.43646754501289875	0.285177593020488	0.2783548619666134
0.4332885775519323	0.2916262969943893	0.2750851254536786
0.43393290324716716	0.2857313380072053	0.2803357587456277
0.4361681220405379	0.29014336389596873	0.2736885140634935
0.4343014545878535	0.2936076289573833	0.2720909164547633
0.4368671987750343	0.2908742141773765	0.2722585870475892
0.43008464423220355	0.28314603361713236	0.2867693221506642
0.4369820905718009	0.2908588386918862	0.27215907073631307
0.43123378475146273	0.2847762360561257	0.28398997919241165
0.4227180421203261	0.2873645042632125	0.28991745361646154
0.42257106157984686	0.29083773438221355	0.2865912040379397
0.4322940345794015	0.28921461096028644	0.2784913544603121
0.43369794818857593	0.2848257332654119	0.28147631854601224
0.4312173821008298	0.2908597826744705	0.27792283522469985
0.43071380946428695	0.2947189902803996	0.2745672002553135
0.4282411161394954	0.2904457712810428	0.28131311257946184
0.4294775872997171	0.283322421311031	0.287199991389252
0.43138416052964673	0.29006907301054785	0.27854676645980553
0.4242402322834079	0.2871627472659774	0.28859702045061475
0.4214693552993699	0.29121732504959297	0.28731331965103724
0.4369532417578861	0.283914301923253	0.279132456318861
0.437999502090053	0.2889860530174475	0.27301444489249954
0.42686440511966095	0.29240352996559266	0.2807320649147465
0.42827647024761073	0.2861271991288792	0.2855963306235102
0.42777681299645326	0.2862160101373197	0.2860071768662272
0.4366485986428589	0.28462421593933024	0.27872718541781094
0.4328569689786712	0.2911995289638306	0.27594350205749835
0.4232527935496592	0.28641421183987964	0.29033299461046125
0.43400921537657067	0.2924130688083845	0.2735777158150449
0.4228587551278732	0.29472994017959686	0.28241130469253006
0.421912171670772	0.291743738956854	0.2863440893723741
0.42510897972655115	0.28743057997676846	0.28746044029668044
0.43673310716112806	0.28886191968275005	0.274404973156122
0.42838461899025193	0.2848587592329075	0.2867566217768407
0.4323923013499049	0.28876426779511155	0.27884343085498364
0.423620726381027	0.28988061135121623	0.2864986622677569
0.4241193086923665	0.29036842150138414	0.28551226980624944
0.42761552778551115	0.2899096349460757	0.28247483726841327
0.42648668429591646	0.2935650449406369	0.27994827076344675
0.43496553792102016	0.28617028356328406	0.2788641785156959
0.4255726172796591	0.29156306846619495	0.28286431425414604
0.4363994455022552	0.2865930632113879	0.277007491286357
0.4289987039998061	0.29133684986675407	0.27966444613344
0.4339353501395925	0.2845281067850184	0.2815365430753892
0.4341275484108532	0.28782761756432684	0.27804483402482005
0.4357748524615563	0.2856473988639182	0.2785777486745256
0.4376178840817382	0.290041182335775	0.2723409335824869
0.4226521274597593	0.2890924604771188	0.28825541206312205
0.4279151347381511	0.2937082082099209	0.2783766570519281
0.434390814001373	0.29176163045587955	0.27384755554274753
0.42635533718536633	0.285369737045809	0.2882749257688248
0.4246165068106129	0.29059569512750155	0.28478779806188564
0.4272762569286782	0.29092620451286066	0.28179753855846124
0.43353292770148444	0.2918222616448712	0.2746448106536445
0.43256602497185725	0.29172694220044126	0.2757070328277016
0.4327561131856833	0.2888445317040997	0.2783993551102171
0.4245227968509009	0.288773842008343	0.28670336114075623
0.42927931637269595	0.2857238514275755	0.2849968321997286
0.43346669881578354	0.2860022726055099	0.28053102857870665
0.4369966821174851	0.2861537723454139	0.2768495455371011
0.4297048093044621	0.288922038454142	0.281373152241396
0.43682091292949377	0.2842478188404911	0.27893126823001524
0.4370213321889517	0.28915606310710223	0.27382260470394615
0.4316934016675242	0.2859881326627687	0.28231846566970725
0.43559420844068775	0.28920709016240725	0.27519870139690517
0.4267801866607115	0.2834443913610447	0.28977542197824385
0.4338018233774765	0.2852305464553901	0.2809676301671335
0.43490713523043784	0.28965888666927314	0.27543397810028913
0.4267560799093941	0.2921085259651978	0.2811353941254082
0.43400871031136934	0.28684322635093557	0.27914806333769515
0.43769935275274274	0.28424497457850095	0.27805567266875647
0.42211645565658573	0.2942114366033297	0.2836721077400847
0.4286761840846855	0.2832228264272466	0.28810098948806806
0.43253194542009016	0.28518293267089245	0.2822851219090175
0.43436465943713415	0.28964584967415413	0.27598949088871183
0.432186001413665	0.2888536846799391	0.278960313906396
0.43362056767133117	0.28575635839380265	0.2806230739348663
0.42814343296614965	0.28470627701017986	0.28715029002367054
0.4331307546965145	0.29222461048744874	0.27464463481603685
0.43285559584762834	0.2906638588463796	0.2764805453059922
0.4336932053613808	0.2907174903955304	0.2755893042430889
0.4251009931480575	0.2907177850134985	0.2841812218384441
0.429516220046393	0.286444555170536	0.2840392247830711
0.4218703281216771	0.29010454024963944	0.2880251316286836
0.4360719184275531	0.28507792231248397	0.27885015925996304
0.43378416874236814	0.2902317384948564	0.2759840927627756
0.43326218749538226	0.29282207908798336	0.2739157334166345
0.43025398278523797	0.2847043225399598	0.28504169467480234
0.4274262011431143	0.2929724539968867	0.2796013448599991
0.4361972837762442	0.29040421123728327	0.27339850498647267
0.4262422360194032	0.2840417966217956	0.28971596735880134
0.42247541387966325	0.2859526215823037	0.29157196453803313
0.4245403093820359	0.28855988432393115	0.286899806294033
0.4327569896585781	0.28439802037326617	0.28284498996815577
0.4263397883506367	0.2831794214803476	0.2904807901690159
0.4358984311237516	0.29215936802814924	0.2719422008480993
0.43148203648460165	0.28338737221224475	0.28513059130315377
0.4349849067593968	0.29085810027113324	0.27415699296947005
0.42973664308738346	0.2899788888294071	0.28028446808320956
0.4292812372678049	0.28371149344629804	0.28700726928589715
0.43179795590517656	0.2934058667833934	0.27479617731143013
0.43230738079693126	0.2886069300444661	0.27908568915860277
0.4282159961332503	0.2912306469472011	0.28055335691954875
0.42754865196599756	0.28811774465983625	0.28433360337416624
0.4252671362463446	0.288312662849012	0.2864202009046435
0.42214319521021304	0.2871270411820047	0.29072976360778235
0.42238892642397585	0.2919821635386461	0.28562891003737817
0.4230950093319002	0.29420361743795553	0.2827013732301444
0.4231456253036494	0.29029779786611437	0.2865565768302364
0.4261924639558355	0.2947402692297034	0.2790672668144612
0.42965402146682713	0.29359133412181904	0.2767546444113539
0.4355539633217647	0.2917163934633793	0.27272964321485615
0.4303451341933225	0.28870049152749755	0.2809543742791801
0.4329388629140082	0.2931433335615725	0.2739178035244194
0.43136540573733906	0.28776105797206514	0.2808735362905959
0.43545964888341576	0.28307992666863574	0.2814604244479486
0.42255718919463087	0.2944756217545832	0.28296718905078605
0.4228346834863551	0.29022852167921465	0.28693679483443035
0.4360185107194956	0.28921626088117974	0.27476522839932477
0.43047287855911864	0.28605255009456104	0.2834745713463204
0.4322325791451	0.291892522287692	0.27587489856720815
0.4312572641638398	0.28441618002211627	0.28432655581404404
0.4241041014506891	0.2898465229638272	0.28604937558548377
0.4260779896382748	0.29259109205213174	0.28133091830959356
0.42561497818686767	0.28428878530848656	0.2900962365046459
0.42602522114117747	0.2933371710329713	0.28063760782585134
0.43467281042659595	0.29056784190571827	0.2747593476676859
0.4277366149193631	0.2882732074992581	0.2839901775813789
0.42711123866041284	0.28403684058102974	0.2888519207585575
0.42195512530309365	0.2920044533944257	0.28604042130248075
0.4368419574760666	0.2860067819689293	0.2771512605550043
0.43226970718518715	0.2841555322194537	0.28357476059535924
0.428010353056255	0.2855211504556027	0.2864684964881424
0.42520683706792617	0.2939478773328572	0.28084528559921673
0.42718333177856666	0.29004724093791867	0.2827694272835148
0.43705428598832263	0.2899143426743864	0.27303137133729105
0.4318023513783757	0.28707756538518503	0.28112008323643933
0.4311099342581447	0.2831928434134907	0.2856972223283647
0.42672918802018045	0.2844698826355904	0.28880092934422924
0.4219956705586093	0.28815226603395594	0.2898520634074348
0.42379637590703534	0.2868328827246585	0.28937074136830626
0.4292612957387649	0.2900115004950167	0.2807272037662185
0.4278365291629516	0.29247138216878393	0.27969208866826456
0.43381588991934	0.29140468936311964	0.27477942071754047
0.42125949179822597	0.29377124752691935	0.2849692606748548
0.43409887528801405	0.2938588533414861	0.27204227137049997
0.4334295378738592	0.2876964559057285	0.2788740062204124
0.42303058448212083	0.2939415783261657	0.28302783719171365
0.435563800801634	0.2841881004725927	0.2802480987257734
0.42926234642054395	0.291119112526983	0.27961854105247314
0.42575308747165563	0.2923875655847933	0.28185934694355125
0.425412047243887	0.28460643857342866	0.2899815141826845
0.43145976077810716	0.28938465985335127	0.2791555793685417
0.4349522434415124	0.28440716925652515	0.28064058730196256
0.431901439427522	0.294065079422497	0.27403348114998116
0.4219847567370102	0.2868358802969674	0.29117936296602254
0.4265555764945591	0.28471205882295714	0.28873236468248387
0.42805029952769935	0.28277577727033965	0.28917392320196106
0.4291628524070171	0.2929015699936433	0.27793557759933973
0.4281494227993935	0.28462109378265754	0.2872294834179491
0.4228155122269206	0.29200019107962405	0.28518429669345546
0.428860823831435	0.28422003138927665	0.2869191447792885
0.42880912891911005	0.29428832041214226	0.2769025506687478
0.43579845243674076	0.2894682034943094	0.27473334406894995
0.42663276667233835	0.2860873667314859	0.2872798665961759
0.43519660323803433	0.29242817130397275	0.2723752254579931
0.4295311456575957	0.2848202871552875	0.28564856718711684
0.4331004137936262	0.2869331997680853	0.27996638643828864
0.42735624467172617	0.2836645109804666	0.28897924434780736
0.42349664930710484	0.2876552022597312	0.28884814843316414
0.4254239409560503	0.2909915593935577	0.28358449965039206
0.4290057304268967	0.2948272474726601	0.2761670221004433
0.42426381825782855	0.2847607981932587	0.2909753835489128
0.4313051761421958	0.2871268646168841	0.28156795924092015
0.4227489174117004	0.29107983004118343	0.2861712525471163
0.43212780674631934	0.29309080784329744	0.2747813854103833
0.42708904841045764	0.293378548551883	0.27953240303765947
0.43305605340307796	0.2893473491508861	0.27759659744603604
0.43711377046878513	0.2892327233794283	0.27365350615178674
0.4252993487957797	0.2889223793479371	0.28577827185628335
0.4325771889827273	0.2913041453974792	0.2761186656197936
0.42326221359722127	0.2938935878632771	0.2828441985395017
0.42922537745067696	0.2846689453096705	0.28610567723965263
0.4230622648036878	0.28819866159365476	0.2887390736026576
0.42685306277951174	0.2875855073555691	0.2855614298649193
0.4236603296521477	0.28942351437258895	0.28691615597526343
0.4261520234869826	0.2854512792941573	0.2883966972188602
0.42828211281712086	0.2864996331365832	0.285218254046296
0.43381599165044626	0.2849362461363848	0.28124776221316905
0.4367649396230913	0.2873013044154685	0.2759337559614403
0.42842355145572086	0.2945663902208757	0.2770100583234036
0.4280521595544173	0.282999819268128	0.2889480211774549
0.43558617198107286	0.28289983051274614	0.2815139975061811
0.4346265973142607	0.2867673995568493	0.27860600312889017
0.4360736000428852	0.2905484078953998	0.2733779920617151
0.42429382300181745	0.28570073765288256	0.29000543934530004
0.43551004229856516	0.29204218106111157	0.2724477766403234
0.42288814390641594	0.2935287699174362	0.283583086176148
0.42413390580891364	0.29212968727298333	0.2837364069181032
0.4246012684424094	0.28784427105350613	0.28755446050408456
0.4366115230183488	0.2861672864323608	0.27722119054929045
0.4299833380527963	0.29442761727795963	0.2755890446692442
0.4230239170060406	0.29041683600954865	0.2865592469844109
0.4294783045556538	0.2911884933947963	0.27933320204955003
0.4234500653490455	0.28992788941256936	0.28662204523838525
0.43103303795491094	0.2873253172265381	0.28164164481855114
0.42985990061529966	0.28380451738331053	0.2863355820013899
0.4285230234726326	0.28956735937844685	0.28190961714892065
0.4300132953936586	0.2928595883557867	0.27712711625055486
0.4255406674604558	0.2899710565058062	0.2844882760337381
0.4219556103617772	0.2947404013614194	0.2833039882768036
0.43615121315584565	0.2843198946366575	0.27952889220749694
0.4369331186774607	0.2867453680250963	0.27632151329744303
0.42393640208337713	0.29253173036992286	0.2835318675467001
0.4233293498707301	0.28542759501447384	0.29124305511479615
0.42182402886647913	0.28734030617301487	0.2908356649605061
0.4366054590857925	0.2884829852939004	0.2749115556203072
0.42792223788842576	0.29451061048392657	0.2775671516276478
0.42401701984692153	0.2877543162381459	0.2882286639149326
0.4213642714825909	0.28802386895691084	0.2906118595604984
0.4369332428584518	0.2874059391586768	0.2756608179828715
0.43082918841851375	0.2846396313652845	0.28453118021620194
0.43230279411524986	0.2827912216798392	0.28490598420491103
0.43565275455991825	0.285851004930481	0.27849624050960087
0.4262613156021232	0.2940553466853186	0.2796833377125583
0.42493404337704965	0.28560402768305815	0.28946192893989237
0.4275686716511401	0.29066837459506306	0.28176295375379695
0.42393723912184544	0.29086204145208794	0.28520071942606673
0.42471175373535963	0.2846645422954061	0.29062370396923437
0.437775557467986	0.28444979413618265	0.27777464839583144
0.4276332562493624	0.29270570578518473	0.27966103796545305
0.4316182911346955	0.28753816470170257	0.280843544163602
0.4334288109029534	0.28846003950889293	0.27811114958815375
0.4212062152407296	0.29489264536205256	0.28390113939721795
0.42712954245830415	0.2869022304613448	0.2859682270803512
0.4344446928948764	0.28659820307907935	0.27895710402604434
0.43523127527297456	0.2905009294592597	0.2742677952677659
0.428482198452505	0.2916865464682453	0.2798312550792498
0.4289553677198108	0.29311619432521696	0.27792843795497235
0.4257539926237373	0.2896559085335129	0.2845900988427499
0.4317931914238165	0.29241407805866687	0.27579273051751674
0.43047443689347964	0.2938942187355397	0.2756313443709807
0.4260371470788873	0.29385360964253127	0.2801092432785815
0.4319366102739579	0.28713095103993275	0.2809324386861094
0.42251685738351236	0.2867476732830303	0.2907354693334574
0.42696130498481544	0.2839696151669875	0.28906907984819713
0.43360559794161657	0.2941763837196171	0.27221801833876647
0.43540892710682505	0.28997355209042674	0.2746175208027483
0.4322366719031202	0.289752334065741	0.27801099403113894
0.4305163820226857	0.2845546414993337	0.28492897647798066
0.4323876157297135	0.2889774877129038	0.27863489655738277
0.42907483376814987	0.2916308935533739	0.27929427267847634
0.4248387171823811	0.29260193592067035	0.28255934689694867
0.42383266195692315	0.2892929110628512	0.2868744269802257
0.42832314921029735	0.29064782745277995	0.2810290233369228
0.4226896439836144	0.2919229711688385	0.2853873848475472
0.4281257167776903	0.2855783956276227	0.28629588759468716
0.4278350664988082	0.29189591301669016	0.28026902048450175
0.43364034460524536	0.2912150483629934	0.27514460703176136
0.4333998313592371	0.28807315443142345	0.27852701420933956
0.43125806931515037	0.28879285157347334	0.27994907911137634
0.43384143404884495	0.28910667903760107	0.2770518869135541
0.4343999686903275	0.28571835388687317	0.27988167742279946
0.4329746050873883	0.2831495061108735	0.2838758888017383
0.4234123076701166	0.2873975287633946	0.28919016356648886
0.4243490552299435	0.28464406685813165	0.291006877911925
0.42280168883632563	0.2899592638213671	0.28723904734230743
0.4361596599421842	0.2903324384394359	0.27350790161838007
0.4303821623809852	0.28903033969377745	0.28058749792523746
0.4254238379500419	0.28792943113375347	0.2866467309162047
0.42131749544653396	0.2873506334456816	0.29133187110778447
0.43231224267427154	0.2936662125567177	0.27402154476901086
0.43586738591825835	0.2896971040041772	0.27443551007756456
0.43795521576509544	0.2878789986265478	0.27416578560835686
0.42734357443570964	0.2909169879116865	0.28173943765260395
0.437877808666316	0.28518952146225157	0.27693266987143256
0.4259932600811893	0.28623478710721545	0.28777195281159534
0.4330740106107362	0.2909394975454155	0.27598649184384844
0.4324135719636091	0.291400142148265	0.276186285888126
0.4343235117204791	0.28579261114890203	0.27988387713061896
0.42181034687214675	0.2871680277159578	0.2910216254118956
0.42961535367389586	0.29340598954902686	0.27697865677707734
0.4325867397289376	0.28752048295942945	0.27989277731163303
0.42951583181942365	0.2871406688442223	0.28334349933635417
0.42709162992165617	0.28938014605712087	0.2835282240212231
0.4360207370442672	0.28833733850073784	0.275641924454995
0.43163524319965063	0.291705837118976	0.27665891968137346
0.425725271190041	0.28747447088086325	0.2868002579290959
0.4294126417896507	0.2893641970101176	0.2812231612002318
0.4337934450694898	0.2845348434464844	0.2816717114840259
0.42751969118165245	0.2917248457112963	0.28075546310705135
0.42972488600951997	0.2909683161390831	0.279306797851397
0.42850455420010625	0.29404254790615714	0.2774528978937367
0.42525336855108187	0.2942731293068248	0.28047350214209343
0.42739568375240955	0.2909437711157532	0.28166054513183736
0.43492282231573176	0.2834132899068168	0.28166388777745155
0.42680790605353336	0.2863311207422592	0.28686097320420756
0.4266768038068648	0.29217913723825867	0.28114405895487665
0.43241724155251204	0.29388002929547874	0.27370272915200927
0.42795502164753213	0.28357296281088895	0.288472015541579
0.4335808052100625	0.2913979778411171	0.27502121694882053
0.42655806251582673	0.2906037317005249	0.2828382057836485
0.4337312988125619	0.2922174913797266	0.27405120980771164
0.4345237908339898	0.28384093205684624	0.2816352771091641
0.4248455944380034	0.28609119923933646	0.28906320632266025
0.4263914079966571	0.29340295212731354	0.2802056398760294
0.43779966175973606	0.28509224647869513	0.2771080917615689
0.42433742689195225	0.2895884004768761	0.28607417263117174
0.4221324122720268	0.29490382426116624	0.282963763466807
0.4277808886229514	0.2922931266734418	0.2799259847036069
0.4297801119834738	0.2864052160308835	0.2838146719856428
0.4379041747299711	0.28753994256406284	0.27455588270596615
0.4217564839311264	0.2879673802872707	0.290276135781603
0.4274932082348251	0.29009459999686127	0.2824121917683138
0.43156612893099355	0.28439846274286257	0.284035408326144
0.43383314195457834	0.29276194376302556	0.27340491428239627
0.43015076309040357	0.28747139022711765	0.2823778466824789
0.4245697872430335	0.2876358414260549	0.2877943713309117
0.42426665018931	0.2897314832332617	0.28600186657742843
0.4290217701450185	0.29130700302719437	0.2796712268277873
0.4351527850303488	0.28918997239667893	0.2756572425729723
0.42409884368085266	0.29396861626861487	0.2819325400505326
0.4338773285604617	0.2929060752768002	0.27321659616273825
0.43190497105694037	0.29391521177916313	0.2741798171638966
0.42544089630039594	0.28428690611765634	0.2902721975819478
0.434210884842882	0.2898044639396143	0.2759846512175038
0.4341585061012555	0.28371729437598825	0.2821241995227563
0.4325758556360876	0.29348621669836106	0.2739379276655515
0.42881929183119405	0.2931794247021495	0.27800128346665653
0.43737598259717764	0.2859767334505682	0.2766472839522543
0.4312179661317226	0.2941795566069503	0.27460247726132725
0.4378212161305791	0.28857770732763094	0.2736010765417901
0.4334325209206179	0.28741937471985535	0.27914810435952686
0.43107014362997714	0.2873087284968831	0.28162112787313986
0.42142111051373976	0.29185162293900924	0.2867272665472511
0.43247104907477063	0.28470042080146707	0.2828285301237624
0.4260333037220292	0.2859341039237863	0.2880325923541846
0.42807771734879935	0.29167197912847415	0.2802503035227266
0.42764691946223565	0.2949324453804072	0.27742063515735726
0.435135739984013	0.2928950025381661	0.271969257477821
0.4306853436030448	0.2879476958194785	0.2813669605774768
0.4377315321415908	0.28937032396715234	0.272898143891257
0.4242884129761249	0.28737021619186776	0.28834137083200745
0.43463262046471296	0.28729788508417436	0.2780694944511128
0.43627092503026044	0.28332885948552455	0.28040021548421507
0.4212785181923724	0.2927825563827394	0.2859389254248883
0.42720550691220943	0.2925348458170162	0.28025964727077446
0.4346845155784701	0.28635467681147636	0.2789608076100536
0.4267511361455343	0.29265554283430323	0.2805933210201626
0.4236319399068966	0.28587626826125123	0.2904917918318523
0.4234760889428733	0.29440084676472594	0.28212306429240086
0.42299969471319787	0.2861890373068322	0.29081126797997003
0.42787573576240623	0.29199795909759996	0.2801263051399939
0.43673542459746434	0.2866281895606927	0.276636385841843
0.4373003273374014	0.28963371549917216	0.27306595716342663
0.43522125540658374	0.29070574057987697	0.2740730040135394
0.42803767865557424	0.28861222778550655	0.2833500935589193
0.42395251866595507	0.288133468543042	0.28791401279100304
0.4258493744189905	0.2881413450520614	0.2860092805289482
0.4258793228030672	0.2904342541641051	0.28368642303282776
0.43089606812332826	0.2869213073749991	0.28218262450167275
0.42790373847091295	0.2881528345753092	0.28394342695377794
0.42169879554417555	0.29039412325377506	0.28790708120204944
0.42418847394042425	0.28708432230233605	0.2887272037572398
0.43326350609229863	0.2839906244083345	0.282745869499367
0.4320807406904654	0.29102742291043326	0.2768918363991014
0.42315746593399023	0.2921598127985845	0.2846827212674254
0.4353663634006621	0.2846349477176574	0.27999868888168056
0.4374864897610493	0.2901453379777228	0.272368172261228
0.4262008145524764	0.28963782818678496	0.28416135726073877
0.42471973028990273	0.2894152228925578	0.2858650468175396
0.43581017392889876	0.29186670431640904	0.2723231217546923
0.4317478355369916	0.2943531367123368	0.2738990277506717
0.4315385145157342	0.2903930872277021	0.2780683982565639
0.4330302731444222	0.2915059311306817	0.2754637957248962
0.4320623328411066	0.29419994153911627	0.27373772561977716
0.4299111353339238	0.29090306570598884	0.27918579896008744
0.4285337497218328	0.2837645148776853	0.28770173540048205
0.42963402780206494	0.2894745733080061	0.2808913988899291
0.43123211851413334	0.29095475499120005	0.27781312649466666
0.42905877631821965	0.29385327780438153	0.27708794587739893
0.43441581541248586	0.2908553139179107	0.27472887066960355
0.42826927873880916	0.2837019112001161	0.28802881006107484
0.4338288685768502	0.28634752131838437	0.27982361010476553
0.4323822443185845	0.2940139631107459	0.2736037925706697
0.43315345903916835	0.2886983263130154	0.27814821464781636
0.423930401042119	0.29034472831340724	0.28572487064447394
0.4293384364094761	0.28703416578708785	0.28362739780343615
0.42527372075197223	0.293687133642831	0.28103914560519694
0.4346678850533789	0.28523824558866084	0.2800938693579604
0.4353941499836754	0.2842335457354497	0.280372304280875
0.4216609921540036	0.28953195859897113	0.2888070492470254
0.4321466535541127	0.2866982891370471	0.28115505730884033
0.42548694685350186	0.28908335249303035	0.28542970065346795
0.4272361024533081	0.28664123452663565	0.28612266302005634
0.4256977633330791	0.2917549920523573	0.2825472446145637
0.4293227437233384	0.29010603535382984	0.2805712209228318
0.4318141140616011	0.28968639521636225	0.2784994907220367
0.42178626485418386	0.28639205256875727	0.291821682577059
0.4239645629449461	0.2857998449113039	0.29023559214375017
0.434552872265817	0.28576709404777534	0.27968003368640776
0.4316436328880502	0.28317179661902714	0.2851845704929228
0.4308471205208009	0.2852626959745891	0.28389018350461015
0.42733540216640375	0.2840077596651227	0.28865683816847365
0.4259814891863568	0.2926912274790593	0.281327283334584
0.43121807466926876	0.294171440954726	0.2746104843760053
0.429785209713771	0.28866865057128827	0.2815461397149408
0.42889656523162684	0.28703830597641966	0.2840651287919536
0.4323072683588069	0.29411418633355196	0.27357854530764125
0.43010949361065576	0.2911298012835096	0.2787607051058347
0.4233758487445434	0.2888342646487193	0.28778988660673743
0.43453242375833434	0.293723018756088	0.2717445574855778
0.4352847447470796	0.28739538857934216	0.27731986667357833
0.43749669288462245	0.28388662902956785	0.2786166780858098
0.421362839549245	0.28963342343323895	0.2890037370175161
0.4274253164076555	0.29490122897175364	0.27767345462059095
0.4360171939448294	0.28544104846843515	0.27854175758673555
0.42917371704054175	0.2886977368498996	0.28212854610955873
0.427591413506914	0.29438756560524293	0.2780210208878432
0.430901431790233	0.29079015066152175	0.2783084175482453
0.42659364426534185	0.2828389045186443	0.29056745121601396
0.4375354465646477	0.28471101364834145	0.27775353978701095
0.4315895133001334	0.28954337525237867	0.27886711144748805
0.43434580456243593	0.2865581390840695	0.27909605635349466
0.42598789143852794	0.29374550894364193	0.28026659961783024
0.43086475326734003	0.285258639168979	0.28387660756368105
0.4306381578176898	0.2846982758433574	0.2846635663389529
0.42563884540694585	0.2844465149427972	0.28991463965025704
0.4221306262318844	0.2886979511351334	0.28917142263298223
0.4308361107431614	0.28473269779408594	0.28443119146275275
0.4368397980505603	0.29117471977468995	0.27198548217474994
0.4311707879416139	0.2930609697403631	0.27576824231802316
0.4269370901860927	0.2885917873766541	0.2844711224372533
0.42951394363573153	0.29332946434793133	0.27715659201633724
0.43689274662433075	0.28449316992638546	0.2786140834492839
0.4232590060631482	0.2860970517801652	0.2906439421566867
0.4294084424550164	0.2862560393981953	0.2843355181467884
0.4254638890913638	0.2832071014585376	0.29132900945009876
0.4241175753740569	0.29112903117302236	0.28475339345292083
0.43325208242255986	0.2865133403553131	0.2802345772221271
