0.2411767425455414	0.2070612216818016	0.1035692797106613	0.27609602935786404	0.1720967267041314
0.24118090875490078	0.2070710641534163	0.10356495689088337	0.2760781755280816	0.17210489467271764
0.24117369397092275	0.20708449897943434	0.10356273196408379	0.2760854971299861	0.1720935779555728
0.2412011935177792	0.20706025756243257	0.10353355372572949	0.2761053248881883	0.17209967030587017
0.2411928336857142	0.20706423295810966	0.10357082037753713	0.27607983057716834	0.1720922824014704
0.24120102715937575	0.20707474727591754	0.10354476687569228	0.27608226107784317	0.17209719761117098
0.2411848585063009	0.20708163219012873	0.10355035524422475	0.27608559256224285	0.1720975614971025
0.24116659646537492	0.20705439133947415	0.10360001764514457	0.27608002645035573	0.17209896809965036
0.24120816383227495	0.20706236857473317	0.10352797426773837	0.2760937066777938	0.17210778664745946
0.2411876879337823	0.2070671593189982	0.10355195265090172	0.2761010695880504	0.1720921305082671
0.24116977615294888	0.20708106893872755	0.10356667466437634	0.27608065548175187	0.1721018247621951
0.241206886237115	0.20706616791069424	0.10352899539455031	0.2761011166767871	0.1720968337808531
0.2411718934132927	0.20706655864479218	0.10358130985191225	0.276088745322751	0.17209149276725164
0.24118958400735113	0.2070806688365966	0.10353192017953207	0.27610504954265624	0.17209277743386375
0.24122325664990507	0.20706563860942778	0.103527819836883	0.27608040751477536	0.17210287738900856
0.2411752145796552	0.20708327594918371	0.10354090047571302	0.2761052044808588	0.17209540451458896
0.2412068965275312	0.2070640351888968	0.10352471518193612	0.27609953386159464	0.17210481924004103
0.24120564420073767	0.2070745668128443	0.1035255538100297	0.2760979555016752	0.17209627967471292
0.24117987297151078	0.20708220623940513	0.10354924910177556	0.2760854785075901	0.1721031931797182
0.24121522402576606	0.20705298130073901	0.1035476669357995	0.2760905177863323	0.17209360995136289
0.2411685017717618	0.20706308523880498	0.10359250770085623	0.27608588537634676	0.17209001991222997
0.24121380392490704	0.20707372334772273	0.10354133007225373	0.27608035123210856	0.17209079142300768
0.2411869534219216	0.20708097047103524	0.10355909674239923	0.27608227364551297	0.17209070571913068
0.24116722921062608	0.20706744790203002	0.10359285522237892	0.27608082000161455	0.17209164766335014
0.24117214003362056	0.2070585269095943	0.10356034417231665	0.27610168857312656	0.17210730031134167
0.2411672707968085	0.20706802827920862	0.10357070928713603	0.2760871503424554	0.17210684129439122
0.24117977538486135	0.20706839626211257	0.10354637443965563	0.27609838845429846	0.17210706545907173
0.241160261644827	0.20708397847533466	0.10355383119167909	0.2761050019561022	0.1720969267320568
0.24116737486639853	0.20706793916533972	0.10357842826841063	0.2760872068861345	0.1720990508137164
0.24117478295191075	0.20706042504551028	0.10357071469680972	0.27610116118263095	0.17209291612313807
0.24116237763816278	0.207076906344848	0.10357744114554651	0.2760806097430446	0.1721026651283979
0.24120021296899619	0.2070620757743276	0.10352669468308051	0.2761048219677763	0.1721061946058192
0.24120334987143047	0.20707561624413065	0.10352349879491005	0.2760927728286199	0.1721047622609087
0.24116663690183854	0.20707514466044152	0.1035717005504408	0.2760928291827276	0.17209368870455133
0.24118249949106485	0.20706938929117963	0.10355117282865059	0.27610650260586667	0.172090435783238
0.2411600995958945	0.2070601119631379	0.10358188486407924	0.27609998727164164	0.1720979163052465
0.24120354214894485	0.20706939814953323	0.1035262333949344	0.2760978918619569	0.1721029344446304
0.241221611346644	0.20707266999429225	0.10352558202568093	0.27608164182402295	0.17209849480935963
0.24117666164924478	0.20707504208983846	0.10356547398668998	0.276089340649307	0.17209348162491955
0.2412151766613686	0.2070598604391719	0.1035322906738949	0.2760971373695334	0.17209553485603094
0.2411716769784361	0.20705701861803244	0.10358522117237522	0.2760913319886015	0.17209475124255447
0.2411937557423337	0.20706993094549112	0.10354231304142122	0.27609301390350793	0.17210098636724583
0.24119473311476375	0.20705531661189122	0.10355269984008283	0.276094838091944	0.17210241234131793
0.24118555166631517	0.2070532527972885	0.10356090383449489	0.2761011296539684	0.1720991620479328
0.24120627696864239	0.20706234990863548	0.10354601354965952	0.276084319312001	0.17210104026106143
0.24121095408613608	0.2070562785594411	0.10354296753340006	0.2760994133192252	0.17209038650179728
0.24118013207388433	0.20706529563953868	0.10357440524577703	0.27608160691849687	0.1720985601223028
0.2411942407558756	0.20706402120022552	0.10355427106755902	0.2760972398816418	0.17209022709469785
0.2411860216441921	0.20706147665784144	0.10355103818445191	0.2760979753169889	0.1721034881965254
0.24122821205683448	0.2070591837149118	0.10352959099541582	0.2760900118133428	0.17209300141949482
0.2412095740561361	0.20705270696776093	0.10356098018789506	0.27607803892265126	0.17209869986555645
0.24116294075972067	0.20705869524537565	0.10357109433019615	0.27610244141292006	0.17210482825178725
0.2411867245919978	0.20706577755250186	0.10355740681163769	0.2760965324454408	0.1720935585984216
0.24121403011842474	0.2070524677029217	0.10354222639301236	0.27609628957426935	0.17209498621137154
0.24121040516858994	0.2070656984907612	0.10353216723940444	0.2760875641489689	0.17210416495227526
0.24115948311277957	0.20705903761384464	0.1035928030398633	0.276083624928362	0.17210505130515022
0.24118828052430555	0.2070609133671954	0.10355752651661258	0.2760934218992733	0.17209985769261293
0.2411762331836374	0.20706757175362983	0.1035755549504574	0.276086425136885	0.1720942149753901
0.24118591960216534	0.2070614848728228	0.10357293540339058	0.2760866954826844	0.17209296463893664
0.24122046857142615	0.20705694971512364	0.10353185201816592	0.27609322302684414	0.1720975066684399
0.2411857841912028	0.20707434223899981	0.10354982414426758	0.276084227256076	0.17210582216945355
0.24121012451285206	0.20706945695660695	0.10352499101209789	0.27610233820650576	0.1720930893119371
0.24120652757936217	0.20705402982614263	0.10353646853454875	0.27610174894455447	0.17210122511539175
0.24119232806788812	0.20706415016278637	0.10356010168802264	0.2760829164171251	0.1721005036641775
0.2411899370282667	0.2070680772215767	0.10355508656741653	0.2760867952486522	0.17210010393408767
0.2412003987559788	0.2070587688035278	0.10355668514523071	0.27608284663205174	0.17210130066321072
0.24119167606188108	0.20705986995977746	0.1035592107822978	0.27608926755827	0.17209997563777343
0.24119385730697118	0.20708062907027114	0.1035323119109266	0.2761018374435632	0.17209136426826765
0.24116440854596466	0.20707260404733785	0.10357306269595422	0.2760966113586296	0.17209331335211342
0.24122470176851335	0.2070536660414973	0.1035223292062936	0.276103903012578	0.1720953999711175
0.24122374098591345	0.20705477631785082	0.10354679949071244	0.2760831610129199	0.1720915221926031
0.24119453031654103	0.20707865459247435	0.10354936827433675	0.27608062807919065	0.17209681873745697
0.2411981033827274	0.20705574511605787	0.10355822243792723	0.2760901589406587	0.17209777012262856
0.2411913384439751	0.2070808965878355	0.10354154076216968	0.276090836778639	0.17209538742738045
0.24118252931583556	0.20706044157005077	0.10356930227224229	0.27608734581351946	0.17210038102835173
0.24119432886111553	0.20706941148368346	0.10353905478117342	0.27608935220005854	0.17210785267396878
0.24117661661950124	0.2070697284856082	0.10357368624528332	0.2760806145844259	0.17209935406518112
0.2412068526555835	0.20707672987275189	0.10352932868424072	0.2760806976021696	0.17210639118525406
0.24121244819077303	0.207052286619366	0.10353848727615544	0.2760992668685679	0.17209751104513735
0.24119947930650926	0.2070631729019192	0.10352621854391822	0.27610586843990026	0.17210526080775282
0.24116057781761627	0.20707007550541198	0.10358979017957083	0.2760797418742953	0.17209981462310542
0.24120294103320228	0.20707472017717432	0.1035319940799467	0.2760918528071755	0.17209849190250093
0.2412292137269753	0.20705223471131026	0.10352606696419683	0.276095228742294	0.1720972558552234
0.2412122752967446	0.2070720258578681	0.1035325639082226	0.2760924151569487	0.17209071978021573
0.24123018625159073	0.20707011837116926	0.10352686149544965	0.27607997339948387	0.1720928604823062
0.2411574109690391	0.2070802224415317	0.10356415539794314	0.2760994040825794	0.17209880710890643
0.2412036799815289	0.20707549501040978	0.1035315364343057	0.276084544826825	0.17210474374693038
0.24119134472428488	0.207062261178906	0.10354911288370075	0.27609350464114624	0.1721037765719619
0.24118953017931183	0.20706755946502867	0.10355706129809933	0.27609459077452836	0.17209125828303154
0.24118371013945902	0.2070628361668469	0.1035524411337159	0.27609447500693535	0.1721065375530426
0.2411913358605828	0.20706344114482253	0.10356213804372263	0.27609054782334497	0.17209253712752676
0.24119224261923686	0.2070608062190679	0.10355234807410071	0.2760969084340056	0.17209769465358873
0.2412296621691321	0.2070570702775943	0.10353496380288989	0.2760814235001185	0.17209688025026496
0.24120374150368928	0.20706902090510013	0.10354321892882079	0.2760891576671035	0.17209486099528604
0.24121050445489065	0.2070786019112029	0.10352571612691981	0.2760830739781406	0.1721021035288458
0.2412147998877788	0.20707350893984489	0.10353618763772465	0.2760801113084529	0.17209539222619852
0.24120791856265306	0.20707090743239168	0.10354887500099583	0.27608038689782693	0.17209191210613226
0.24116452751897016	0.20707530439793476	0.10355931840219025	0.27609976110202133	0.1721010885788832
0.24117572675154664	0.2070756261875426	0.10357484952867421	0.2760817582489632	0.1720920392832731
0.2411967050243612	0.20706861913067395	0.10353833833172457	0.2760951868673519	0.1721011506458881
0.24115891022222827	0.20707386922054433	0.10358533762805995	0.27608240149593577	0.17209948143323145
0.24116158526864173	0.2070825985116948	0.10355182418202266	0.2760992730101805	0.17210471902746005
0.24122866678329352	0.20705557420014556	0.10352944375982705	0.27608231566380437	0.17210399959292927
0.24116499162413246	0.2070580120521081	0.10358052421180874	0.27610070725712615	0.1720957648548243
0.2412239988741411	0.2070577682189771	0.10353161753750116	0.2760807889545782	0.17210582641480218
0.24118786814018087	0.20706185724436119	0.10355966689938832	0.27609026829272776	0.17210033942334163
0.24119890500105662	0.20706515462079975	0.10355101684199883	0.2760874975081368	0.17209742602800773
0.24119524182634375	0.20707962894865103	0.10353855573088558	0.2760950970797011	0.1720914764144183
0.24118891869026737	0.20706418261597823	0.10355214678947271	0.27608771924194087	0.1721070326623406
0.2412042800515462	0.2070579611995852	0.1035342239989703	0.27609887259740173	0.17210466215249634
0.24118580049038013	0.2070594440623056	0.1035515920020838	0.27610070795604275	0.17210245548918748
0.24115925707106703	0.2070585426621136	0.10358252987416659	0.27609242020262365	0.17210725019002887
0.24118205351070443	0.20705669150669176	0.10356499058732933	0.2761044186472371	0.1720918457480371
0.24122214894763372	0.2070720624076264	0.10352993290720057	0.27608036577961304	0.172095489957926
0.24121253868795772	0.20707819071693853	0.1035307301981057	0.2760839436803277	0.1720945967166701
0.24121994249195877	0.2070629293223105	0.10352394842753382	0.2760860064625437	0.17210717329565298
0.241196577270955	0.2070598284432834	0.10354818094453117	0.27610431035646654	0.1720911029847636
0.2411616528233034	0.20707490638219947	0.10358974430732965	0.2760795872171774	0.17209410926998986
0.24118044312876913	0.20706660830153784	0.10356022514917836	0.2760894951378834	0.17210322828263103
0.2412167913500141	0.2070629659094383	0.10354036969220433	0.2760894193256202	0.1720904537227228
0.24117702435484767	0.2070519273180225	0.10357012127148066	0.2760973407179341	0.17210358633771486
0.24121454442508403	0.20705541726182972	0.10354289719200511	0.27608764857563606	0.17209949254544482
0.24122750234613963	0.2070596666926845	0.10353268416099216	0.27608175932437984	0.17209838747580364
0.24117036022560892	0.20708126205138114	0.10355872702091691	0.2760916068520437	0.1720980438500491
0.2411835439929671	0.2070829697046629	0.10353123139515233	0.2760987106242635	0.17210354428295396
0.24121001341202203	0.2070591637137873	0.10355803840514383	0.27607834556525046	0.17209443890379617
0.2412040775592727	0.20706704338447335	0.10353323274782122	0.2760918708088987	0.17210377549953382
0.24119915099895523	0.20706976486007386	0.10355022157329419	0.2760839165424501	0.17209694602522638
0.24119930470593032	0.20707073266778453	0.10355737351978639	0.27608028100660714	0.17209230809989137
0.2411964355241502	0.20707574154081312	0.10353840602114943	0.27608717340886	0.17210224350502695
0.24119062142384534	0.20707286594796978	0.10353855813833465	0.27609775063724407	0.17210020385260588
0.2412222030976809	0.20706255903156875	0.10353030775125979	0.2760791355710496	0.17210579454844066
0.24119795246885778	0.2070708879760086	0.10354387051737231	0.2760902065701152	0.1720970824676459
0.24116085051615171	0.20705739076814778	0.10357444433738369	0.2761026425626478	0.17210467181566874
0.2411685273954382	0.20706187075657184	0.10358278350863963	0.27608324080863683	0.1721035775307132
0.24122368756753831	0.2070510067403771	0.10354091881620135	0.2760802101793931	0.17210417669648984
0.2412076289971351	0.20705353977208557	0.10354913597475925	0.27608775291772736	0.17210194233829246
0.2411895245770723	0.20706589342309592	0.10355393873104263	0.2760902366643126	0.17210040660447629
0.24119265468613288	0.20705539961534714	0.10355397856478644	0.27610092378262296	0.1720970433511103
0.24117100677079656	0.20708271403555756	0.10354764963447727	0.27609485657844524	0.17210377298072316
0.24120052971798833	0.20707421460278475	0.10353401580455408	0.27610086886599383	0.17209037100867877
0.24115647157522646	0.20706599613796856	0.10356752954035496	0.2761024964590564	0.17210750628739338
0.24122888931121717	0.20706091081479272	0.10352561118162987	0.27608325502175374	0.1721013336706063
0.2411983985881972	0.20706424598547282	0.10353928072710873	0.27610295746887414	0.17209511723034687
0.24118245542730798	0.20706271281243033	0.10357784923007299	0.27607901454649914	0.17209796798368934
0.2411574882797311	0.20707716514183638	0.10356433474984755	0.2760966133302408	0.1721043984983439
0.24117628696399823	0.20706412530243143	0.10357978717779709	0.2760876617153414	0.17209213884043162
0.2412007094224259	0.2070623872371808	0.10355566059262047	0.27608926902415865	0.1720919737236139
0.24121690015289637	0.207065902878353	0.10352732919500435	0.2760963875778031	0.172093480195943
0.24117572520795996	0.20707037053848099	0.10356771031003977	0.27607826459319484	0.17210792935032418
0.24116310323830017	0.2070791948692183	0.10357104286912486	0.27608709833243034	0.17209956069092613
0.2411732378783591	0.20706896917155682	0.10355460034311986	0.27610195484839595	0.17210123775856803
0.24117009896473712	0.2070673036815061	0.10357352890436235	0.2760832804888854	0.1721057879605088
0.24120321815172815	0.20705704155923904	0.10353849934239132	0.2760935643548693	0.17210767659177192
0.24120593853142336	0.20708338801995013	0.10352207142900004	0.27608652454370974	0.1721020774759165
0.24118151659498271	0.20706814108348778	0.10355050599736108	0.2761057339364889	0.17209410238767925
0.2412095050811898	0.20705301183798264	0.10354576476864234	0.2760983227344199	0.172093395577765
0.2411805884527215	0.2070781264076978	0.10354800914709489	0.2760888679023851	0.1721044080901004
0.2411894457657326	0.20707164660577473	0.10353924908359219	0.2760985896892773	0.17210106885562293
0.24117790403573985	0.2070698035654996	0.10356397690874344	0.27609169083542406	0.17209662465459283
0.24116688596249308	0.20707583737205332	0.10357784462853536	0.2760807670018707	0.17209866503504728
0.2411795856209608	0.2070512378411185	0.10358388562614534	0.27609519679953803	0.17209009411223705
0.24116310226743276	0.2070775361764103	0.10356279175296419	0.27608942040716744	0.17210714939602503
0.2411791648426475	0.20708487371260878	0.10354081935769202	0.2760890335251651	0.17210610856188627
0.24116008187763888	0.20705560155888877	0.10360506686331826	0.2760878989417377	0.17209135075841617
0.24118813592248142	0.20707870519145632	0.10353520688893324	0.276089967109875	0.17210798488725382
0.24118393165242946	0.20706345917955285	0.1035733237946565	0.2760863279256863	0.1720929574476746
0.2411891665714355	0.2070565235356256	0.10356324586447954	0.27608682877121354	0.1721042352572456
0.24118689706584173	0.2070549661354459	0.10356396263430628	0.2760983250260527	0.17209584913835316
0.24121243176148532	0.20707240863503784	0.10353186098403605	0.2760854228805002	0.17209787573894036
0.24121822145024358	0.20707926506913651	0.10352223294355903	0.2760791525420952	0.17210112799496546
0.24118173108909408	0.2070535191687394	0.10355548063913877	0.27610366089505484	0.17210560820797266
0.24117593881507937	0.20708320400008545	0.10354767789818387	0.2760889041283467	0.17210427515830434
0.24116444068705833	0.20708275074548244	0.10356903017560672	0.2760786910270208	0.17210508736483143
0.24119355143346954	0.20707215516578908	0.10354219852060234	0.2760985433433024	0.17209355153683636
0.24119098983915313	0.20706610801590467	0.10355268805894056	0.2760955321942491	0.17209468189175228
0.24119142186402498	0.2070570332303457	0.10355914326130965	0.27609185454244006	0.1721005471018794
0.24117477722103345	0.20707072709361057	0.1035655368187124	0.27608329345005705	0.17210566541658626
0.24119764964038418	0.20707648079346117	0.10353566583458122	0.2760871844227803	0.1721030193087929
0.24123411679772555	0.20705315600076912	0.10352406064097003	0.27608351803065084	0.17210514852988423
0.2412075788712744	0.20706617592248952	0.1035364054808986	0.2760834222751501	0.17210641745018715
0.24117555094141097	0.20708173199241992	0.10356106419446243	0.2760818959671754	0.17209975690453103
0.24117042861433982	0.20706903944190058	0.1035690634274064	0.27609778814402186	0.1720936803723311
0.24120562012507502	0.2070722490284518	0.1035417146469531	0.2760828283754111	0.17209758782410872
0.24117083455928642	0.20706405053695262	0.10357822248134253	0.27608391212024014	0.17210298030217802
0.24121264805621312	0.20707013230885313	0.1035433444191837	0.27608097140178345	0.17209290381396636
0.24122411459176207	0.2070604723487587	0.10352548791682444	0.27609315250151795	0.1720967726411366
0.24117899176738716	0.20706941169539408	0.1035470735943705	0.2760983135398565	0.17210620940299154
0.24121491736764744	0.20707589597055376	0.10352302376942153	0.27607843588542386	0.1721077270069532
0.24117193358545108	0.20708460517124413	0.10354683420515802	0.2760954602513875	0.17210116678675905
0.24121610705394664	0.207056769179341	0.10353468740224252	0.27608842367456027	0.17210401268990938
0.2411946137405201	0.2070758490278427	0.10356004195405402	0.27607881755142805	0.17209067772615488
0.24116908951283875	0.20707466244600178	0.10356583755398815	0.27609217645498824	0.17209823403218283
0.24119551782153842	0.20706532105234832	0.1035506878256281	0.2760875633942005	0.17210090990628443
0.24115682042809627	0.20707356994401693	0.10359416670042602	0.2760826537502518	0.17209278917720872
0.2411606569402001	0.2070598324141572	0.10357380928008622	0.27610688400457534	0.1720988173609809
0.24121259229537062	0.2070631075701814	0.10352703509422395	0.2761038417890718	0.17209342325115196
0.2411720710598092	0.20706973606972678	0.10357099622311208	0.2760858717351739	0.17210132491217775
0.2412063686975617	0.20705329796003213	0.10354247426271972	0.27610443136548235	0.17209342771420383
0.24117949356488086	0.20707204050948902	0.10355199734351368	0.2760998458091169	0.17209662277299928
0.24117809837353982	0.2070739047497587	0.1035652999746439	0.27608465699024953	0.17209803991180775
0.24117269489024282	0.20705451085603163	0.10358495589844026	0.27608637387887125	0.17210146447641383
0.2412023935780745	0.2070816186462509	0.10353033680248172	0.27608963835112577	0.1720960126220669
0.24119316052217976	0.2070570968550171	0.10354675379928051	0.27609867446176395	0.1721043143617584
0.24119195992182374	0.20705648565314316	0.10357549763135693	0.2760836291570739	0.17209242763660199
0.24122166817567306	0.20705373634922394	0.10352360942128865	0.276101774506338	0.1720992115474761
0.24122058937692661	0.20705969138537106	0.10353749486083459	0.27608432308366326	0.17209790129320424
0.24117273432008363	0.2070708327631034	0.10355792976500902	0.2760952337151566	0.17210326943664708
0.24119686576107519	0.20705108991441898	0.10356532282892993	0.27608128317319464	0.17210543832238107
0.24118330951095618	0.20708379358027862	0.10355220225918108	0.2760854536582845	0.17209524099129936
0.24115738647286852	0.20707675246181614	0.10357772952640057	0.27608165013424274	0.17210648140467175
0.24117336720187194	0.207061469999852	0.10358788838165232	0.2760824145080731	0.17209485990855042
0.24117644442714478	0.20706230928596536	0.10355802884911486	0.27609813420088036	0.1721050832368944
0.24120491440793349	0.20706286358553286	0.10354119908469961	0.27609652948269164	0.17209449343914213
0.24116017026020764	0.20706623236588226	0.10358261038708352	0.276090906006946	0.17210008097988028
0.24119551946025095	0.20706963300722192	0.10353639095240616	0.2760942341473272	0.17210422243279355
0.2412077609461798	0.20707049496532967	0.103543646094607	0.276083082750223	0.17209501524366025
0.24116017207060347	0.207079595195844	0.10355448496224313	0.27610547804661323	0.17210026972469594
0.24118825965723145	0.20706214235985188	0.10355096600257747	0.2761065230757895	0.17209210890454946
0.24122319682429408	0.20706322427618995	0.10352853329946947	0.2760869657256363	0.17209807987440995
0.24118273045289476	0.20708154049415195	0.10354290311837397	0.2760985861211198	0.17209423981345923
0.2412266277211388	0.20706176974225593	0.10354086789445803	0.27607862526300353	0.17209210937914343
0.24120242438874762	0.2070678897875628	0.10354777623434709	0.2760909806645236	0.1720909289248187
0.24118789692537954	0.20706587091550893	0.10356068674717624	0.2760834044037318	0.1721021410082032
0.24119749533586432	0.20707178648518962	0.10353573298431452	0.27609662783185807	0.17209835736277324
0.24117411057294547	0.2070538736002556	0.10358662744315	0.27608122333285956	0.17210416505078918
0.2411742958948161	0.2070692922019855	0.10355433500256658	0.27610058796235476	0.1721014889382768
0.24116255351660748	0.2070519008193781	0.1036034418871478	0.2760827080784624	0.17209939569840393
0.24122562005817333	0.20705689647092992	0.10353308039800538	0.2760927611643943	0.17209164190849688
0.24120213275618171	0.2070533150264844	0.10353891320199193	0.2761058341226364	0.17209980489270532
0.2411812985158383	0.2070596687456208	0.10358199413929053	0.2760837760384363	0.17209326256081378
0.24118290428993255	0.20708056587631882	0.10353684410580535	0.27610392363872144	0.1720957620892216
0.2412058604746109	0.20705362530706306	0.10354177564973417	0.27609300267952264	0.172105735889069
0.24116868450930767	0.2070702378859006	0.10356791665414296	0.2760871159689404	0.17210604498170812
0.24119060053424954	0.2070556697563795	0.10355809743268425	0.2760942311815102	0.17210140109517622
0.24118273535325077	0.20708310741016941	0.10354859564915306	0.2760898251548123	0.17209573643261422
0.24120266547476876	0.2070775363543342	0.10353411093703971	0.27609110594416697	0.17209458128969016
0.2411993520664994	0.20705511585967676	0.10355576248883831	0.2760987912227352	0.1720909783622501
0.24117607170781757	0.2070606161087837	0.10357932609980493	0.27607998489513674	0.17210400118845678
0.24115979786426614	0.20707229109776623	0.10356886490752076	0.2761068664758488	0.1720921796545978
0.24118980900447218	0.2070685575993067	0.10353844057845535	0.27610524583630225	0.1720979469814633
0.24118830268896105	0.20707231035822735	0.10355234393517132	0.2760919159067006	0.17209512711093944
0.24120742131434825	0.20706341259477806	0.10353628999406857	0.2760956002706839	0.17209727582612092
0.24118937517532146	0.2070648171526074	0.10355949845160273	0.27609006916830436	0.17209624005216373
0.24120977561109966	0.20705957480050405	0.10352521658161667	0.27610058013035954	0.17210485287641986
0.24118205472791424	0.2070539847785333	0.10357600523963414	0.27608142223501086	0.17210653301890727
0.24120806223225144	0.20705316068877386	0.10353990565988352	0.2760998698436837	0.17209900157540728
0.24117852761254416	0.20705694197585137	0.10357106740242583	0.2761004565560644	0.17209300645311404
0.24119247629793283	0.20706889234111647	0.10356870529272187	0.2760799112396917	0.17209001482853686
0.24119222910989768	0.207075423785805	0.10354644931466439	0.27609086931003873	0.17209502847959396
0.24120900281882812	0.2070804456384119	0.10353260386088176	0.27608667647496676	0.17209127120691123
0.24116191101213702	0.20706273067445316	0.10356704337981923	0.27610373870155425	0.1721045762320361
0.24116269244779012	0.20708231188434637	0.10356795062462569	0.27608744537203644	0.17209959967120111
0.2411839362395958	0.20707439854129572	0.10353112970627561	0.27610645908448317	0.17210407642834946
0.24120049102485328	0.20706823623989049	0.10352748293771886	0.2761030682595115	0.1721007215380257
0.2411592852151201	0.20707467645722713	0.10356335169285168	0.2761007948596507	0.17210189177515015
0.24117117711696942	0.20705841815137394	0.10359434457616355	0.2760795831924506	0.17209647696304223
0.24118145210617864	0.20706551788149838	0.10355089059612226	0.2761064922350202	0.17209564718118026
0.24117343786816667	0.20706100981286865	0.10355958804339964	0.2761050206047772	0.1721009436707876
0.24116332545568647	0.2070799691322623	0.10354750586704906	0.2761056861569924	0.1721035133880095
0.2412137168445348	0.2070734368272342	0.10352832541830587	0.27609447219882033	0.17209004871110456
0.24119334276530655	0.20706287162497697	0.10356034337677096	0.2760836772904784	0.17209976494246693
0.24121117279689466	0.20707444979505832	0.1035268515973311	0.2760924128056567	0.17209511300505892
0.24118428941887116	0.20706678412915974	0.1035472051687431	0.27610655218402447	0.1720951690992013
0.24122356762204739	0.2070534497203496	0.10353049973149638	0.27609520230859236	0.17209728061751403
0.24122889185482024	0.2070656830662441	0.1035228856923528	0.2760920843849892	0.1720904550015934
0.24117310831404432	0.20707161551802458	0.10357681598491163	0.27608783889575883	0.17209062128726033
0.24116758159315482	0.2070649916793219	0.10359052818601672	0.2760791609861271	0.1720977375553792
0.2411771214225323	0.20706133067411156	0.10358418933940054	0.27608020266789923	0.1720971558960561
0.24116713519333133	0.20706438520553241	0.1035770997563112	0.2760878354365911	0.17210354440823372
0.24116587230199577	0.20707545013974155	0.1035790034383537	0.2760786132170656	0.17210106090284316
0.24117615781551666	0.20706154790452372	0.10357555061774637	0.2760898780572479	0.17209686560496515
0.24118453550258823	0.20706070207360325	0.10358111561468498	0.27608117108542646	0.17209247572369685
0.241169909198637	0.20706080779122907	0.10359499300247454	0.27608234491883155	0.1720919450888276
0.24118194891598638	0.20706637587071738	0.10355720923322786	0.27608684106864095	0.17210762491142717
0.24120668936584416	0.20707131554603816	0.10352466550297178	0.27609062125204775	0.17210670833309785
0.2411844688284744	0.20707638540118936	0.10356932317172056	0.2760780765686134	0.172091746030002
0.2411683480832328	0.2070698898987883	0.10357722404521734	0.2760803238392429	0.17210421413351842
0.2412226246538412	0.2070579375622611	0.10352334848461295	0.27609316930947325	0.17210291998981123
0.24116181411488424	0.20706086237850552	0.10357213610064171	0.27610394510422354	0.17210124230174473
0.2411711907900285	0.20707302966462252	0.1035640157049022	0.27609723353374105	0.1720945303067055
0.24121134767496352	0.20706207815195674	0.10354062638336153	0.2760805763126705	0.17210537147704744
0.24121280809718032	0.20706060910632093	0.10355113544741362	0.2760788356134992	0.17209661173558566
0.24120838518728951	0.20706094558478375	0.1035464588956405	0.2760809218270263	0.1721032885052597
0.2411877513824814	0.20706453646222406	0.10355002719490096	0.27609100042369894	0.1721066845366944
0.2411746956844618	0.2070764662153726	0.10353599296512134	0.27610542069525673	0.17210742443978733
0.2411855672376469	0.20705160266849376	0.10358485858150283	0.2760807685262133	0.17209720298614295
0.24122094865873278	0.20706943236133402	0.10352419397261174	0.2760951185947536	0.17209030641256762
0.24117644027654722	0.20706580647432804	0.10357314039634562	0.2760886484346495	0.17209596441812938
0.24115815498050036	0.2070649149268881	0.10359173617091941	0.2760851624426083	0.17210003147908357
0.2411887509471639	0.20706587873293553	0.10354615422535386	0.27609681761586985	0.17210239847867664
0.24120178971052053	0.20705598003383432	0.10355013663143814	0.27609942896425266	0.1720926646599541
0.24116709547698698	0.20707143842461195	0.1035787439370808	0.27609255325965887	0.17209016890166115
0.24120212946256558	0.20706585968739705	0.10354697150936323	0.2760883157046722	0.1720967236360017
0.24119660907905033	0.20705778047605608	0.10356624854951761	0.27608125802153927	0.17209810387383645
0.24120183627468028	0.20705755950450908	0.1035407988091301	0.2760974964717537	0.1721023089399266
0.24120316839330708	0.2070781630065962	0.10352282432303787	0.27609562189782594	0.17210022237923267
0.24116375838192222	0.20707019430932475	0.10358546598472694	0.2760902456537037	0.17209033567032214
0.24119766031651696	0.20707251271809712	0.10353642373543806	0.2760930083746576	0.17210039485529
0.24120432512468792	0.20705517482477404	0.10354305318116647	0.27609062086587394	0.1721068260034974
0.24116754054074135	0.20705376223898414	0.10358515243394079	0.2761010407018283	0.17209250408450522
0.24117880634000943	0.20707664369135995	0.10356694206088457	0.27608415863496444	0.17209344927278142
0.24118030769268894	0.20705546951949796	0.10357398911871095	0.27609352558298006	0.17209670808612185
0.2411785716416089	0.20707154329417302	0.10354014820299784	0.2761050353800698	0.1721047014811502
0.24121954797214698	0.2070524856880452	0.10352648681961768	0.27610209571381833	0.17209938380637158
0.24118684192963868	0.20705926899399174	0.10355586604217377	0.27609912306319057	0.17209889997100497
0.24118673557588963	0.20706191004761815	0.1035628843059944	0.2760956226635668	0.17209284740693076
0.24117367354431923	0.20707269378340062	0.10355616005189781	0.2760965464354627	0.17210092618491937
0.24117653045222662	0.20706138882302771	0.10357348022965383	0.2760975600149106	0.17209104048018098
0.24121010876672505	0.20706648596526156	0.103539814270242	0.27608340077481003	0.17210019022296114
0.24117950832315954	0.20708305855316944	0.1035654894166707	0.27607962395612423	0.17209231975087583
0.24115845411395198	0.20708355290127162	0.10356743200856491	0.2760982626033449	0.17209229837286635
0.24116166328034694	0.20708240639262573	0.10358385854334673	0.27608009254779853	0.17209197923588182
0.24117073947140938	0.2070760701108639	0.10354729003184361	0.2761035543479558	0.172102346037927
0.24117264268547792	0.207062510415631	0.1035619051135595	0.2760955183174559	0.1721074234678754
0.2411938828055245	0.20706915297158934	0.1035551765891609	0.27608978192119926	0.17209200571252575
0.24119909873921258	0.20707255319227014	0.10354309142208756	0.2760915184090451	0.17209373823738439
0.24120192409062352	0.20705213157094238	0.10355829676623284	0.27609320056593056	0.17209444700627044
0.24116218576020254	0.20705826329737054	0.1035956377829766	0.2760872121936307	0.17209670096581936
0.24117381528071638	0.20706657509088083	0.10356808190834009	0.2760836002600502	0.17210792746001224
0.24120220914949492	0.20706233851949954	0.10354286809124011	0.27608619221438313	0.17210639202538203
0.24116781454634995	0.20707862991466655	0.10355517915389435	0.27609926127827145	0.17209911510681744
0.24116341920486653	0.20706740824752176	0.10357120439186662	0.2760984198620727	0.17209954829367216
0.2412151886961092	0.20706116352042184	0.10352310263953543	0.2760988085364494	0.1721017366074839
0.24121721485546588	0.2070648607245762	0.10352616577260261	0.27609850157048244	0.17209325707687265
0.24117084305306472	0.20705113310563786	0.10359711071810955	0.27607823415004173	0.1721026789731459
0.24116832121450105	0.20705334521537488	0.10359952183555085	0.27608348670713784	0.1720953250274352
0.24118296227379643	0.2070668503085955	0.10357544284460936	0.2760805013504532	0.17209424322254527
0.2411644157011197	0.2070791577720522	0.10356589430917193	0.27608839241773986	0.17210213979991604
0.24120907043104814	0.20705467260110963	0.1035270902349853	0.27610118210696905	0.17210798462588767
0.24119339126469505	0.2070532908587279	0.10356248398510992	0.2761005490607715	0.17209028483069533
0.24120390074749615	0.20706416744264008	0.10355309790175675	0.2760871197875376	0.17209171412056917
0.2411778609636149	0.20705120327561788	0.10358200487906372	0.2760969880378387	0.17209194284386456
0.24116889936570415	0.20706829629522874	0.10357076295454733	0.2760899410232243	0.1721021003612952
0.2412150649027399	0.2070537138132673	0.10355596403864029	0.27608315871602956	0.17209209852932275
0.24118046281872396	0.20706695933508001	0.10355973331545865	0.27609729313757375	0.1720955513931634
0.24120036911653053	0.20707528152307222	0.10352604747879397	0.27610533542143667	0.17209296646016636
0.2412092239557237	0.2070525609411784	0.10356044849881389	0.2760866630114845	0.17209110359279928
0.24119867125684022	0.20706072909744938	0.10353660243846663	0.2760979704553098	0.17210602675193365
0.24117619829626188	0.2070648232324135	0.10357444881035253	0.27608010979023184	0.17210441987074002
0.24116001579168983	0.207078998389623	0.10356701536560635	0.27608940801647286	0.17210456243660777
0.24117640340415736	0.20705203346955037	0.10358316065213508	0.27608429741979323	0.17210410505436372
0.24116548383483533	0.20708026477448982	0.10356355727961475	0.2760993388329373	0.17209135527812255
0.24117601578571468	0.2070664233704842	0.1035843148467552	0.2760800364070384	0.1720932095900073
0.24118681840683326	0.20705949377717525	0.10355323588857065	0.2761066311239725	0.1720938208034481
0.24118669798919026	0.20706279077527556	0.10356857628568376	0.27608710659970565	0.17209482835014453
0.2411577577779344	0.20708146687590495	0.10358614389622793	0.27608258851445805	0.17209204293547445
0.24120633095554328	0.20705745866255262	0.10352849611318687	0.27610138817905316	0.1721063260896638
0.24116707088942868	0.20707450133683766	0.10356183893354177	0.2760979948991254	0.17209859394106625
0.24116111660481748	0.20707251858814674	0.10358174681013735	0.2760927323192709	0.17209188567762726
0.24115859210431786	0.2070772700886662	0.10356271379766298	0.276102054699096	0.17209936931025674
0.24118538467664077	0.20705359986719257	0.1035713677582735	0.27609667006951377	0.17209297762837913
0.24116510294948468	0.20705807546324223	0.10360140793097665	0.2760827839528654	0.1720926297034308
0.24119110283145057	0.20708250205358458	0.10354087664712308	0.27608242588305254	0.172103092584789
0.24115721086535785	0.20707050184489106	0.10358015470898103	0.2760929224082861	0.1720992101724837
0.24117018774617674	0.20708369796458584	0.10354828953507347	0.2760918230731164	0.17210600168104728
0.2412011892686488	0.20706153380862466	0.10354018452933803	0.2760972928396831	0.1720997995537052
0.24116999696498273	0.20707344621700902	0.10357553038582938	0.27608552072364567	0.17209550570853296
0.241206850512653	0.20705915671978575	0.10352613974035292	0.2761047120223874	0.17210314100482063
0.2411842201300724	0.20707816707950547	0.10353369685302236	0.2761057201680262	0.17209819576937338
0.24118152651382016	0.20707481746051093	0.10354067354957834	0.27609795630128897	0.1721050261748013
0.24118055820368764	0.20708481759870867	0.10354532789680729	0.27609027430263566	0.17209902199816055
0.24120111212029877	0.2070618711976238	0.10354400933460846	0.2760974455032119	0.1720955618442568
0.24117749386029946	0.2070768752099739	0.10356915924995717	0.27608440180684635	0.1720920698729229
0.24118635534324662	0.2070571197572958	0.1035826853061354	0.27608322258805773	0.17209061700526423
0.2411577219663355	0.20708139289224067	0.10356289038713959	0.276100562988046	0.17209743176623793
0.2411751870095169	0.20707198520623551	0.10356045276908264	0.2760990009572354	0.1720933740579293
0.24117775531100089	0.20706739928463586	0.10355602918220928	0.2761036303801473	0.17209518584200645
0.241191963113773	0.2070668485830234	0.10355369839373452	0.27608324350474894	0.1721042464047199
0.24118058360840794	0.20705586393859712	0.10355408725475827	0.2761048220875383	0.17210464311069815
0.24115795760016145	0.20708427775514893	0.10355307710505765	0.2760973535682131	0.1721073339714186
0.24115677179018902	0.2070761659380952	0.10359367288491998	0.27608112719736944	0.17209226218942614
0.24123035673001597	0.2070537951278079	0.10353065176973165	0.27607832610472105	0.1721068702677232
0.2411639370291963	0.20707120293099107	0.10356390326506373	0.2760980233272116	0.17210293344753705
0.24116128434946618	0.20706583734402598	0.10357208978979769	0.27610427586794756	0.17209651264876233
0.24123825882342498	0.20706199253044685	0.10352465301795626	0.27607953111244266	0.17209556451572902
0.24116001872136889	0.20707771187419252	0.10354837878645287	0.27610688502044334	0.1721070055975421
0.24117537551396534	0.20707074051536642	0.10357911807089026	0.27608089472471065	0.17209387117506708
0.24118472201949032	0.20706305415855233	0.1035663663188262	0.27608595438071276	0.17209990312241816
0.24119431828384075	0.20708412742487473	0.10352912621153006	0.2760856839610392	0.172106744118715
0.24118133922767332	0.20707707447475895	0.10355449214346893	0.27607960574867896	0.1721074884054196
0.24117034779746088	0.20705334557464275	0.10357479865386181	0.27610379174673083	0.17209771622730347
0.24119845314321947	0.20707933673204132	0.10353180846984882	0.2760903739109223	0.17210002774396785
0.24116243014328376	0.20705493895601804	0.10358956547334884	0.276098598493761	0.17209446693358815
0.24121196902357933	0.20705795820283363	0.10353592203381481	0.27608706442378916	0.17210708631598282
0.24119231031583238	0.20707981130079242	0.10353543399516574	0.27608786490200843	0.1721045794862008
0.24118532602594006	0.2070696357450567	0.1035513346456966	0.2760907505732938	0.17210295301001255
0.2411999996837862	0.2070537812019856	0.10356899197058181	0.27608614065054105	0.1720910864931051
0.24119578227961025	0.20706983766119055	0.1035437365574284	0.27608469591120344	0.1721059475905671
0.2412059080067992	0.20707421093828557	0.10352930149709223	0.27609067219246886	0.17209990736535388
0.24116934432105844	0.20707125997921985	0.10356707896659822	0.2760934034979957	0.17209891323512758
0.24120358376812223	0.20707542396637416	0.10353198912589243	0.2760931762921673	0.17209582684744365
0.2411993202613051	0.20705295633752768	0.10356194467486184	0.2760941175315796	0.17209166119472552
0.2412116281296178	0.20705206996666004	0.10353682526657364	0.276099563823128	0.1720999128140203
0.2412295748839874	0.20705590633871573	0.1035231696484966	0.27608439730884127	0.17210695181995878
0.24120193045034666	0.20706088555679422	0.10353009341396564	0.27610575060030146	0.17210133997859178
0.24118486940087347	0.20705280620031927	0.10355351039019088	0.2761034740426176	0.17210533996599853
0.24118279379060553	0.20707773141818606	0.10353720631033646	0.2760957286874132	0.17210653979345847
0.2411848407513555	0.20705355858083643	0.10358453663327004	0.2760837448380843	0.1720933191964535
0.24115999736465357	0.20707947267186086	0.10358635788185246	0.2760814870348516	0.17209268504678127
0.2411744018961658	0.20705390321847725	0.10358604895357973	0.27607959473703764	0.17210605119473932
0.24119092138400283	0.2070599917039265	0.1035596192766349	0.27609077742796884	0.17209869020746665
0.2411672539320367	0.20706280746876077	0.10356163161965948	0.2761049373830987	0.17210336959644407
0.24118743505157594	0.20706416903800007	0.1035550599737567	0.27609157011829233	0.17210176581837472
0.2411600968390828	0.207054164116127	0.10359831805632667	0.27609300221490746	0.1720944187735558
0.24123411560743663	0.20706411914720796	0.10352430463961892	0.27607922036385557	0.17209824024188064
