0.1689131865810693	0.16171794444932636	0.3230444878289143	0.24964359225629368	0.09668078888439618
0.15968876925748768	0.1647664996842526	0.31890450449031554	0.258207015854335	0.09843321071360898
0.16909979244766088	0.16351963305104522	0.3100174456385909	0.26009424753740334	0.09726888132529946
0.16283606005168366	0.16040544679987376	0.3098096358036899	0.2693387226229661	0.09761013472178631
0.1658723476529692	0.16256605083330664	0.31467194010090266	0.2593017791435947	0.0975878822692266
0.16692324939982361	0.1620364183018028	0.31039285057745797	0.2629887510239784	0.09765873069693705
0.163849328091758	0.15741012750557923	0.3186911853659167	0.26176433618006445	0.09828502285668148
0.16499604095692716	0.16114604829885534	0.31657832362474614	0.26247866553222104	0.09480092158725012
0.16311688237010621	0.16249971862866702	0.3087918873132548	0.26976109155238526	0.09583042013558651
0.16322267114779038	0.15910038707148283	0.31608372505805726	0.264936006012287	0.09665721071038236
0.17147986286732647	0.16102237000226666	0.31714158548943516	0.25208287725793393	0.09827330438303754
0.16109712251384384	0.1575548515643444	0.33211685872493907	0.25159249641908105	0.09763867077779145
0.16601545750495103	0.16387393545116039	0.31923595043188785	0.2553341519686025	0.09554050464339804
0.1621648942096153	0.16325989912498437	0.31786476341789266	0.25931795423684906	0.09739248901065842
0.1618579623394638	0.1621261787168048	0.3224825500376452	0.2565264718386348	0.09700683706745117
0.1592532075429612	0.16028825636128927	0.3264272070701237	0.25526396211406877	0.0987673669115569
0.17155169893582184	0.159224454340112	0.30707883420571513	0.26462244934019563	0.09752256317815516
0.16828122305499468	0.1598760134424942	0.31082364033254756	0.26213016411417966	0.09888895905578372
0.1703772219729462	0.16536565888918217	0.3137519260680169	0.2552122968467956	0.09529289622305898
0.16322238872663908	0.15874047929658752	0.31580991438086753	0.2642235777459849	0.09800363984992075
0.16040073346243536	0.160343199618073	0.3227648308686729	0.2580459343794012	0.09844530167141731
0.15964834423772675	0.15787432694605075	0.3263319877858378	0.2608833145026943	0.09526202652769022
0.16930452504570237	0.16120886997535666	0.3169302132086408	0.25595639988486213	0.09659999188543786
0.16112746341322715	0.16445693831162675	0.31943390860641796	0.2596557144924587	0.09532597517626919
0.16862560950865826	0.15822811190004826	0.31549800038043796	0.2622386403966565	0.09540963781419876
0.16008304724870903	0.16357306247708336	0.31609511308770477	0.2615367699848412	0.09871200720166148
0.16086545341824504	0.1650309833080153	0.32839945143482624	0.24893367438327454	0.09677043745563871
0.1604255987452865	0.1605540100477667	0.31916381684968115	0.26245686845030614	0.09739970590695927
0.16507845120417447	0.16101484628497592	0.3107370813725282	0.2651718979292408	0.09799772320908036
0.16845341639289813	0.16201622876333885	0.3070232556675339	0.26679717389072577	0.09570992528550315
0.16529557269403103	0.16051208916192977	0.3168034130436382	0.2619088360414149	0.09548008905898592
0.1637374158612647	0.16440167435533004	0.3216315528890831	0.2533852650623971	0.09684409183192486
0.16879287018576705	0.15777301710125455	0.32543515696220493	0.2500558656894725	0.09794309006130077
0.1598218598659895	0.1632129375854414	0.322934070607411	0.25735900635392317	0.09667212558723479
0.16434771679846744	0.16510688446782468	0.3069319599042634	0.26506512332546317	0.0985483155039811
0.1644586448092603	0.15757648239462693	0.317493142184843	0.26442824287055416	0.09604348774071542
0.1699802785361041	0.16442507550598096	0.31579891226981643	0.25444347792388666	0.09535225576421169
0.16670850622919536	0.16006140865127064	0.30774023386103544	0.2679938050357009	0.09749604622279742
0.16533214080134578	0.1610025431927925	0.3199566684924372	0.2562586906077108	0.09744995690571352
0.1597394690001499	0.16256558498615795	0.3139703531278824	0.26855918851677696	0.09516540436903259
0.16095820284473147	0.15833992528239021	0.322283405952561	0.26231553434397836	0.09610293157633876
0.15931086843359796	0.15840685447851857	0.32699579410735247	0.259010643850903	0.09627583912962775
0.1681747043826977	0.16212056791504464	0.3221902770146382	0.25228800814033336	0.09522644254728595
0.16013566868431464	0.1639453201261138	0.3280234116533525	0.25261511518770796	0.09528048434851087
0.16646749288775076	0.1646315799709017	0.32141172019849634	0.25201986466025633	0.09546934228259468
0.1635386667540388	0.16348408303370565	0.31792981127118675	0.25995582845020726	0.09509161049086129
0.1593831563764851	0.16236682152182005	0.31637092831380786	0.2671184083264765	0.09476068546141035
0.17094024119750847	0.16045877181542034	0.3244622457337296	0.2492661803148817	0.09487256093845961
0.16901571570194907	0.15955760473991076	0.31416753397769753	0.26218678677948326	0.09507235880095914
0.1710366247100089	0.15956643041540672	0.3189627864289111	0.25199995202315684	0.09843420642251621
0.17106236893044882	0.1632149239776178	0.3122913792633806	0.257108351372581	0.09632297645597154
0.16812441900405004	0.15855366273794108	0.32141977708604763	0.25549017523781253	0.0964119659341485
0.16408323438972516	0.15982542560299579	0.32988845082985485	0.24899927930582672	0.09720360987159732
0.16793442923538432	0.1620347652366474	0.3209223137898354	0.25240309736390387	0.09670539437422884
0.1610635407487719	0.1653680102049745	0.3133085034857349	0.2616221582382044	0.09863778732231405
0.16726278509663392	0.1582771180745039	0.3201967470285884	0.2593836405428902	0.09487970925738337
0.16552577570790453	0.1577447916344792	0.30901159352763663	0.2691976166931689	0.09852022243681058
0.16995541105679746	0.16529366415934094	0.3124694655124036	0.2566366740218973	0.0956447852495605
0.1608808664292451	0.1639154383110264	0.31235364880368255	0.268045264057457	0.09480478239858875
0.16782434660931586	0.16440671623127218	0.3205410527532103	0.25131924740113304	0.0959086370050684
0.17121173134288875	0.16351673904339126	0.30869863434892764	0.25809547510678654	0.09847742015800559
0.1699618909756749	0.16076342760396123	0.31188939331381793	0.2587873804938615	0.09859790761268417
0.16201948165815805	0.16447868108979316	0.32062267985115467	0.2547268298806257	0.09815232752026816
0.16092480004265802	0.15959688830579707	0.3340399985001081	0.2499276657658559	0.09551064738558065
0.16227896878796022	0.15939057692679953	0.3245311202379997	0.2551797925391578	0.09861954150808257
0.16633426734994688	0.15944996411746007	0.3274948249907882	0.2511537896076262	0.09556715393417842
0.16326446024406302	0.1573278799953882	0.3249965344900574	0.259645580895262	0.09476554437522922
0.16034599127105245	0.1608227622080559	0.3283910016122369	0.25259773336664043	0.09784251154201415
0.16067459072644796	0.16061221624609956	0.32052521417289354	0.25942204621537995	0.09876593263917882
0.16024359192289656	0.15904572521278237	0.331974778086077	0.250766860133396	0.09796904464484782
0.1638816660200128	0.158034584675983	0.3158447071447327	0.26587423593192017	0.09636480622735114
0.1645648263299499	0.1631069682033484	0.3123005861222547	0.2613473589721237	0.0986802603723231
0.16411080900337488	0.16309787087703553	0.3148949349532507	0.2628941659481908	0.09500221921814789
0.1620598202400156	0.16472591081725646	0.32272921898637735	0.2543255374311003	0.09615951252525007
0.1593714207267697	0.15911512162423114	0.3238414465605018	0.2599153323669602	0.09775667872153698
0.16222261595061327	0.15898468995084625	0.31803560188830576	0.26575871525231837	0.09499837695791616
0.16056560928370583	0.16220077308304243	0.32155677280137496	0.2591913641392311	0.09648548069264548
0.16421426717676374	0.16455784788939992	0.32391845077749754	0.2522630658911803	0.09504636826515825
0.16486986734744824	0.16050390346875532	0.3136081307105681	0.26603415885509824	0.09498393961812998
0.16461243475779722	0.1625021249633628	0.3083225615005837	0.26895795958332847	0.09560491919492761
0.16707302997978504	0.1600815668917514	0.3172370304860946	0.25701621185065493	0.09859216079171382
0.15955504030626796	0.16383425422436276	0.30808429013636063	0.26992018563069325	0.09860622970231521
0.16110883020097094	0.1644567902230099	0.31325880214703045	0.26461242477908115	0.09656315264990735
0.1651782389533616	0.15961327381543888	0.32059083860262694	0.2585942038615133	0.09602344476705904
0.1648292482755297	0.1576388471793018	0.31302833943947483	0.2681848578074772	0.09631870729821623
0.1611587857942884	0.16226744794957015	0.32270844326716225	0.2556688081011064	0.09819651488787257
0.16985159770126454	0.15824618185426856	0.3114216740584703	0.26423395910876	0.0962465872772364
0.1600541053828151	0.15763790955239554	0.3199787139443028	0.26668291091532126	0.09564636020516522
0.16850510007281938	0.1646523177101989	0.32059180067065685	0.25143968029566044	0.0948111012506642
0.1699509400781219	0.1595220939870311	0.32305122500548566	0.24951064059629136	0.09796510033306982
0.16521063800061242	0.16535429188937822	0.31488633578845043	0.2575156838810392	0.09703305044051953
0.16926732943914546	0.1643480195155267	0.31665882652441835	0.25425407547843376	0.09547174904247552
0.1621589028267943	0.16423183056877677	0.3249827241012331	0.2530235193541403	0.09560302314905535
0.1639592301058553	0.1633512212318935	0.3187065199254681	0.2566916309091547	0.0972913978276282
0.1649664470620551	0.1618081785676222	0.31214060483207595	0.26360707360859414	0.09747769592965241
0.16750077194613933	0.16067789790905682	0.3253290969941737	0.249908954928192	0.0965832782224379
0.16567418246323543	0.16294085231196437	0.3213437915081264	0.2524957200492446	0.09754545366742896
0.16227303321488187	0.15986396643208056	0.32909928095241975	0.2519164113134768	0.09684730808714083
0.16437287614860116	0.16468184871213082	0.3142486124042714	0.2599966033268355	0.09670005940816086
0.16535184227876418	0.15988074099320826	0.32537083481627105	0.2541962223577191	0.09520035955403722
0.1677023148924972	0.16274184722360072	0.3228109627943325	0.2511373547488272	0.09560752034074213
0.16002365058070134	0.16039082990692835	0.3129545690259097	0.2694626713462647	0.09716827914019571
0.1621979191503384	0.16097253919800722	0.32077224177323815	0.2588600149327699	0.09719728494564611
0.16642090896114542	0.1628396364680367	0.31066100850732786	0.26490345485842826	0.09517499120506161
0.16519234130342958	0.16252779053660027	0.31961265283368445	0.25720521776593874	0.09546199756034676
0.16739202666828318	0.15759282374606867	0.3217619413216225	0.25528002000887423	0.09797318825515122
0.16159240945749184	0.15834428833286135	0.326441090134479	0.25834908784352956	0.09527312423163808
0.16421309653352703	0.16140843662114662	0.3284892059791694	0.2498291052547062	0.09606015561145057
0.1621278535701271	0.15906260788091292	0.32978231152915793	0.25347713984411335	0.09555008717568844
0.16738473862544556	0.1584222105110551	0.3244979312774582	0.2543270733467651	0.09536804623927594
0.16691046204530657	0.16105388486493433	0.3091280695484184	0.2644295917472021	0.09847799179413841
0.16153852050305356	0.1591765132413518	0.3307541542993775	0.250409823982408	0.09812098797380893
0.16878206802166243	0.16273215422088297	0.3130826163128523	0.2591121630349031	0.09629099840969901
0.15997318246557107	0.16287472480783974	0.325675965005661	0.255572113198707	0.09590401452222103
0.16184028374787646	0.1644120918953676	0.3262647132706308	0.2509925549664908	0.09649035611963416
0.16442825815884612	0.1581806448274882	0.329068790320584	0.25216085421304024	0.09616145248004122
0.16453233661019492	0.16190200433521137	0.3105149133013896	0.2643120407394716	0.09873870501373233
0.1681037459136546	0.16333018206047617	0.3149229899899436	0.2559215297093401	0.09772155232658528
0.15922856694091503	0.16395672845042464	0.3170878954790876	0.2623540679972476	0.09737274113232494
0.17150350761425473	0.1610125669086809	0.31134399467053686	0.261228347440896	0.09491158336563127
0.16333105658479366	0.16275974886645572	0.33001520908057463	0.24910271363598901	0.09479127183218675
0.15932531462806393	0.16095576817213908	0.3121402733223091	0.270633750549642	0.09694489332784575
0.17068645104554608	0.15998703870866604	0.3194419604725484	0.253157910691732	0.09672663908150726
0.16653669319537404	0.15951821905545144	0.3178568388007309	0.26068639559787227	0.09540185335057114
0.16187522515982405	0.16014318103372108	0.32082198606749457	0.25852730562030246	0.09863230211865764
0.16959136167376848	0.16091911169249196	0.31891040933852777	0.254904721575837	0.09567439571937458
0.16120129434298908	0.1612175349205953	0.31495891882558175	0.2637123104921749	0.09890994141865873
0.16184649070443846	0.15923770760894432	0.3266469522084915	0.2570183974121297	0.09525045206599585
0.16417913746569293	0.15774166034969433	0.32445894307365225	0.2583689509591981	0.0952513081517622
0.16386233948142007	0.15947442609071372	0.33244498486588636	0.2492395940807658	0.09497865548121381
0.1711705835718095	0.16040644951226335	0.3138800137003718	0.2580866115859855	0.0964563416295697
0.16210153700843347	0.15747012959698226	0.3293883680797154	0.2537230877336638	0.09731687758120493
0.17000554581774027	0.16525816112004227	0.3157062732677481	0.2517394662954443	0.09729055349902485
0.16058023420035594	0.1624396126866236	0.3163428309757522	0.2656026325929428	0.09503468954432523
0.16841129634918123	0.16430302845463962	0.30878400092048564	0.25988511978644946	0.09861655448924392
0.16672383003191385	0.16300247186146571	0.3188177199178167	0.2559242668611459	0.0955317113276577
0.16426258244826772	0.1576698178044264	0.3299697144919014	0.24930384217889526	0.09879404307650903
0.160967402801843	0.1633511026587008	0.3191393098436496	0.26144926068766383	0.09509292400814262
0.16064252161361434	0.15776763651587405	0.315424938953814	0.27040752657936723	0.09575737633733014
0.16637518890361	0.15928186238278513	0.3173776870471021	0.25915971613830074	0.09780554552820177
0.16769848681763552	0.16338559531618715	0.32124734345753736	0.2503727159973143	0.09729585841132543
0.1713425485260428	0.1590305134382319	0.3071704647319461	0.264863260440312	0.09759321286346698
0.16244607309251569	0.16358758988489197	0.3279603365912569	0.24895534162479022	0.09705065880654504
0.16170831810894074	0.16296397391120024	0.31633640223203624	0.2629708953372542	0.09602041041056841
0.17058684761855564	0.1650901744494757	0.3156146964999175	0.2539645783291806	0.09474370310287035
0.16897284716522848	0.15952300338251138	0.32193104229986397	0.25319352548038027	0.09637958167201571
0.15937984587511145	0.1646584733580414	0.3276840986749857	0.2513648949756637	0.09691268711619748
0.16865166548131988	0.16152009562332073	0.30857408926134866	0.26596822756868116	0.09528592206532933
0.16645353840216132	0.16189294396422593	0.3219297321247535	0.2519938619713396	0.09772992353751944
0.160558035740873	0.1606030905308991	0.31096233366819326	0.2710162430086255	0.09686029705140893
0.16067464036214968	0.16093124191560854	0.32396928092968624	0.2596746515883978	0.09475018520415751
0.17025902408320415	0.158689360939093	0.30969565401897925	0.26535587423268814	0.09600008672603524
0.1635104991959363	0.15844593839175575	0.32410963237044643	0.25782377921618527	0.09611015082567607
0.15946179993595327	0.1631135528547953	0.32014510536665863	0.26119410411745086	0.09608543772514172
0.17049233649604836	0.16358927503543497	0.3137032430530159	0.25653260228425473	0.09568254313124583
0.1685297343218096	0.16330066364270324	0.31812441045237105	0.2552611837360743	0.09478400784704166
0.17170234528746467	0.16165328211062424	0.32144538762240915	0.2490276196466229	0.09617136533287884
0.165233518455991	0.15920371295259161	0.3161282290110358	0.26203474878837424	0.0973997907920071
0.1653493880580287	0.16529139367660134	0.3233704061057501	0.2509479804350872	0.09504083172453244
0.16568240136674753	0.1653673600634406	0.3076152421331245	0.26315440186818456	0.0981805945685026
0.1611643483109229	0.16011359077551018	0.31599702804433366	0.26659315329851846	0.09613187957071463
0.16145540172476003	0.1592973380619131	0.328776562551063	0.2520957256094001	0.0983749720528635
0.17105105197823128	0.15759924260653435	0.3181004078953671	0.2574483242207718	0.09580097329909533
0.16716973269376692	0.16131212467884015	0.31205112678226127	0.26207861315158776	0.09738840269354371
0.17073043275731087	0.16466820076870373	0.3130219315579771	0.25600635558096396	0.09557307933504418
0.16425539340471954	0.16113790901575448	0.30833669993104906	0.2681391550707894	0.09813084257768731
0.1666982498737517	0.15905325039876766	0.3194817087256059	0.25920786700932874	0.09555892399254581
0.16133587153316564	0.16263256926458702	0.3178485311451541	0.26040286271467716	0.09778016534241585
0.16026262101991778	0.16161115235888782	0.327799218560894	0.25401491302418944	0.09631209503611074
0.16599052493438535	0.15843624020908462	0.3203683236877475	0.257632207995093	0.09757270317368935
0.17106006985986938	0.16359779994450457	0.31786317695645516	0.24968036079341016	0.09779859244576053
0.16178247908732368	0.16026947041928635	0.31845326886749303	0.26232434840313384	0.09717043322276284
0.1612244286833602	0.16214463836261483	0.3216293271955881	0.25888037536853237	0.09612123038990426
0.17123916318767834	0.16281373128290386	0.31484390727962247	0.2536244622485282	0.09747873600126694
0.1630940582190336	0.16011308458853368	0.31747959429880446	0.2610821915801729	0.09823107131345521
0.1710948198280904	0.16400653126267475	0.3162606981730288	0.25251550055995214	0.09612245017625373
0.1706614471708693	0.16267092993407462	0.3210385172564231	0.24924944615405714	0.09637965948457566
0.16506032834393367	0.15742926026597506	0.3256579476235686	0.25443370579555386	0.0974187579709686
0.16890529188433412	0.16489012248687474	0.3137636486920079	0.25546666198498874	0.09697427495179434
0.16355950315315737	0.1653668969914588	0.3196513993625961	0.25377425773430573	0.09764794275848174
0.16540577127813325	0.16321569823832427	0.31428815815002265	0.2592088586420652	0.09788151369145442
0.16254391920111655	0.16064032035354395	0.31138883652357474	0.26940568203450316	0.09602124188726138
0.15948685455329423	0.16319138196421984	0.3182253765486633	0.260489621748331	0.09860676518549141
0.1641150375190369	0.16129614949563856	0.3163529546456968	0.26196818701848074	0.09626767132114686
0.16606930551576396	0.1641710054971336	0.31699816851583407	0.2540107576238287	0.09875076284743942
0.16857643600373026	0.16086394609287172	0.3201465997545996	0.25382466847157426	0.09658834967722399
0.1615288495427901	0.15832732349417214	0.31633012568222485	0.26782646311444686	0.09598723816636588
0.1638191990468361	0.16015476209381693	0.31236072919467434	0.26654285339574585	0.0971224562689266
0.16578725331734448	0.16523233886747316	0.3091843089730497	0.26318686112994694	0.09660923771218557
0.16048233665816075	0.1576512884977425	0.32311424372534076	0.26044141747790595	0.09831071364084987
0.167409451932681	0.16494410860539693	0.3070315316913751	0.2642557673688508	0.09635914040169598
0.16945390302623806	0.16447128884937032	0.3078398849726295	0.2620367991592178	0.09619812399254418
0.16438393508214788	0.15805556575349267	0.3215756626469041	0.260152445785928	0.0958323907315271
0.16035237501973004	0.16330850916713574	0.3180746002235266	0.26278432948260033	0.09548018610700709
0.16452468382488633	0.16193571901151294	0.318142603890341	0.2599674774156962	0.09542951585756335
0.1663377296896074	0.1645887266834483	0.31293752590889656	0.2600743312323383	0.09606168648570923
0.16618101183890838	0.16488905806237464	0.3139989453796034	0.25900711525126463	0.09592386946784878
0.16167458695931491	0.16046346419899055	0.3305991139982157	0.24946854273977576	0.09779429210370293
0.1634080093807363	0.1605363496485802	0.32649542931893394	0.25157102502540607	0.09798918662634326
0.16960090699138783	0.16335930472543414	0.31757019065500114	0.2537448396987451	0.09572475792943155
0.16854531179857485	0.16179138166101542	0.3072343363023967	0.26713261277840045	0.09529635745961237
0.1702703837675591	0.15735357496494556	0.30772052528324945	0.2672139803547373	0.09744153562950839
0.1638646793153027	0.1652129984005185	0.32169554198822964	0.25133570062215216	0.0978910796737968
0.1619422894784924	0.16369374247800567	0.32735746167944724	0.2506936316096412	0.09631287475441322
0.16045566231439	0.16506499323616408	0.3169780489954435	0.2615630904894478	0.09593820496455435
0.1632438825065489	0.15847041256805738	0.32544154647416323	0.2555301236292797	0.09731403482195056
0.1665675883611739	0.1632726665444881	0.32307500723516175	0.24945160617844236	0.09763313168073368
0.16169476587682338	0.16428454618184518	0.3261518615334862	0.2528717293689692	0.0949970970388759
0.16059475574763482	0.16155689884949717	0.3260937397339889	0.2561228365173649	0.09563176915151397
0.16659212038611848	0.1574244453035165	0.3244668460269442	0.25580703360486234	0.09570955467855824
0.16601186367691267	0.164491757282134	0.30869383160056385	0.2626873103090958	0.09811523713129346
0.15950374578894067	0.16016735721999567	0.31992833971039125	0.2629236533583176	0.09747690392235459
0.16303016267143522	0.1576755286215314	0.33036854152839823	0.25138665826035955	0.09753910891827541
0.1667860826733832	0.16128097889861828	0.3208991714409674	0.25320071155966767	0.09783305542736322
0.16386458801853507	0.15760002382322003	0.31446717583432077	0.26571645535912247	0.09835175696480146
0.15973922335128057	0.1604461901313842	0.3253275845235466	0.25849249666567864	0.09599450532810974
0.16726429478283777	0.16251501647031072	0.3077418055657629	0.2643786964899811	0.09810018669110726
0.1657314400734781	0.1631700516347902	0.3091046018463188	0.2650699375373666	0.09692396890804608
0.1624960928107281	0.1618871354959308	0.3072912867340557	0.2697086924601364	0.09861679249914876
0.1646646518474977	0.161690158072042	0.31150956313363243	0.2648206220626567	0.09731500488417094
0.16856540737684422	0.15854320535567196	0.3144181234444948	0.2601764833885145	0.09829678043447423
0.16713938355603267	0.1574452047427046	0.31543900311889694	0.26481913785615385	0.09515727072621173
0.16621600954492333	0.1645512802494497	0.31002321021128076	0.2627630830101733	0.09644641698417267
0.15980897329242585	0.15988320054206204	0.31754552514233647	0.2660869007866121	0.09667540023656332
0.16410957442239874	0.16049848328581665	0.3192463810319818	0.2590631742062075	0.09708238705359516
0.16656583157572802	0.16323030602863003	0.32230388536134336	0.25120111203779294	0.09669886499650542
0.16790016835418303	0.16382539377660638	0.3090815004481541	0.2619021239084597	0.09729081351259662
0.1673164862686146	0.16059165686562304	0.31381745842502895	0.2625770054598517	0.09569739298088153
0.1608420472986	0.16477262855489058	0.311421669438646	0.2650360833888042	0.09792757131905899
0.1640297924517483	0.16500064682172044	0.3222826832157354	0.2529657101700832	0.09572116734071244
0.16191500763389036	0.1618230265930048	0.32374992817480264	0.2568622974539142	0.09564974014438779
0.16402113277907035	0.15834732480758557	0.32326427030915506	0.25925941927142093	0.09510785283276786
0.15951105363110124	0.15997983630895474	0.3313382255913777	0.25260861658869327	0.09656226787987286
0.16873743414211634	0.16045075127875727	0.31968466954734215	0.2534757062233508	0.09765143880843324
0.16404891683017825	0.16102136824163688	0.3126297322604964	0.2659274048967415	0.09637257777094674
0.16799279119871177	0.15931370573117482	0.31628182022352125	0.25780408868093313	0.09860759416565884
0.16235281862501555	0.16011461069185046	0.31251158266910173	0.2661611164281268	0.09885987158590528
0.1710640898694697	0.15904184424479345	0.30987848206667373	0.2640452999068165	0.09597028391224638
0.1629299819761462	0.16322045921180525	0.3128059676128485	0.26368155205424815	0.09736203914495167
0.1641854277314655	0.16273524905607556	0.316174794231393	0.2589099099216108	0.09799461905945497
0.1656219961844887	0.16123290075528604	0.3208795267462502	0.25648911789847956	0.09577645841549531
0.16356760731262543	0.15983027965859928	0.3161335177524331	0.26202077218278697	0.09844782309355508
0.16707234957208147	0.15974561006184607	0.3164731307563237	0.2593899234811462	0.09731898612860235
0.16047531731003473	0.15846800497292024	0.316354992007285	0.26619124749370804	0.09851043821605177
0.17019421859862077	0.15946005189069518	0.31511914162070787	0.2588530710031479	0.09637351688682802
0.16294324159932458	0.16365684895056684	0.3222317654574285	0.2523037444351367	0.09886439955754323
0.1638801560802688	0.16407717693430293	0.32681811550960915	0.2494986307549599	0.09572592072085899
0.1667845026684837	0.16427979502779527	0.32178334726443136	0.2515107546943609	0.09564160034492858
0.16657012652767897	0.1594333293895743	0.3146905775941392	0.26072828599687675	0.09857768049173057
0.16989217297128872	0.1591976409871762	0.32357031707686507	0.25107532166014207	0.09626454730452771
0.16932778395445594	0.16440057983673795	0.3136492868497102	0.2573810235505898	0.09524132580850592
0.16526088849431816	0.160756444994826	0.3235345682275386	0.2515985283040528	0.0988495699792642
0.16184427882315755	0.1579297710613259	0.3190310376212089	0.2626631200121825	0.09853179248212493
0.16122218003346014	0.15936681549185255	0.3295191576358827	0.25277236559730476	0.09711948124149962
0.1666695522827669	0.16117471830978936	0.31617032565814784	0.26080383274407926	0.09518157100521647
0.16281320764112645	0.16519131568732112	0.317146026632356	0.2587791174921717	0.09607033254702446
0.1690654117630945	0.16206123962092903	0.31797831820884503	0.25579372896641334	0.09510130144071788
0.16191409524891415	0.15775678827913597	0.3295504233547194	0.25485502878355165	0.09592366433367856
0.16443918552227677	0.16455180057712182	0.3093638287004604	0.26571627609436477	0.09592890910577602
0.16877530110160802	0.157406337817601	0.31455404290549005	0.2609056662418574	0.09835865193344333
0.16641962247031525	0.15976249780891522	0.31849212159988183	0.25827073209651646	0.09705502602437105
0.162629479287987	0.158783742379969	0.32169766160549873	0.26136730011059955	0.0955218166159455
0.1602037871366671	0.15805124186703184	0.3193787961256339	0.2636228227513673	0.09874335211929958
0.1709225219236876	0.16054544895452696	0.3177221467522981	0.25428700814596994	0.09652287422351717
0.16505385613024745	0.16026498009869367	0.30913490668173355	0.2699131513199995	0.09563310576932565
0.16688889324154627	0.16385048782884823	0.3146543378211679	0.2563239939790628	0.09828228712937453
0.16370064022299397	0.15983209490154782	0.32507935120634035	0.2555113251964795	0.09587658847263815
0.16581167371400424	0.15931463264873547	0.3133013812703004	0.2654989495382037	0.09607336282875603
0.16673646391981042	0.16118250733065395	0.3246520285957438	0.2510814148965253	0.09634758525726632
0.16800320804495492	0.15790096264096593	0.3218954258441713	0.2535528459080919	0.09864755756181577
0.16299508022052397	0.16331832937104848	0.3189190990913451	0.2576540220330791	0.0971134692840032
0.16586498393520957	0.15855566137227528	0.3299990956353343	0.24982593308006779	0.0957543259771129
0.17144346872834515	0.16074788655443045	0.30941707929793927	0.26055397194770585	0.0978375934715791
0.16243513454812908	0.15875551575124885	0.325314728627101	0.2548162966800239	0.09867832439349691
0.16518044592454717	0.16325119743656502	0.32423082449934365	0.24892150538043922	0.0984160267591047
0.1598924689501582	0.15900542210402835	0.318200818963913	0.2649948522437525	0.09790643773814772
0.1617562491391175	0.1590837068394022	0.3296660741429006	0.25338907283016365	0.09610489704841581
0.16171219387396465	0.15932742700439187	0.31417480830010264	0.2697786221872601	0.09500694863428055
0.16244090112528436	0.16391688909965044	0.30829270005601894	0.26968090063768896	0.0956686090813571
0.16180534651637682	0.16230926019111452	0.31264178789656516	0.2649861820831677	0.09825742331277569
0.16099442800547725	0.1625629636213361	0.31884636752538764	0.2621838161644572	0.09541242468334168
0.16904490311627426	0.15793962973863926	0.3276655590514512	0.2499369528487556	0.09541295524487947
0.1640533613408135	0.15774143061264248	0.30965480942761586	0.2698123854480669	0.0987380131708611
0.16192809896235977	0.1643958213805694	0.3079125596406166	0.2690155526760207	0.09674796734043338
0.17095644274722305	0.1598104501336797	0.31723538184736544	0.2562504484081044	0.09574727686362722
0.1642685929014333	0.16311802711043613	0.31063003081336693	0.2636026724717085	0.09838067670305495
0.17005633048398253	0.15848065658495086	0.3194056489345212	0.2557594707797015	0.0962978932168437
0.16592119205340805	0.15818256809573975	0.31133578708114523	0.2668726898859379	0.09768776288376893
0.16552953672065218	0.15732713728206152	0.3187248816186403	0.2636134662245889	0.09480497815405686
0.1667847743638878	0.16084410927905834	0.3186255928330347	0.25522494164939585	0.09852058187462313
0.16067856273053244	0.15846342317149922	0.316826455864705	0.26743865551961343	0.09659290271364976
0.16963047657675814	0.15986782508565547	0.31617124547998315	0.2580287315683324	0.09630172128927066
0.1632535354718799	0.15745269792974373	0.31967844786743954	0.2624303562024122	0.0971849625285245
0.15935259845999364	0.15760226349175877	0.32019687134563185	0.2642753451475941	0.09857292155502143
0.16632655739731408	0.16168708083084288	0.31576459628529707	0.25927720483503147	0.0969445606515143
0.17088362496361417	0.15816661796220316	0.31623043912852733	0.25990340925955874	0.09481590868609643
0.16681382827963973	0.15988651578977814	0.30929380581855637	0.26676655010185363	0.09723930001017196
0.1595656377663814	0.16320975182527203	0.32275363354902675	0.2582556825072553	0.09621529435206433
0.16053157250327743	0.16246572139615212	0.3246286472539041	0.2565648258173455	0.09580923302932061
0.16789084161866277	0.1578677687181851	0.32041417986762	0.25839827270664295	0.09542893708888904
0.1640928155954343	0.16394112610953335	0.3151005786454654	0.26084242183632544	0.09602305781324126
0.16406822889052636	0.16042311072976292	0.3272785718745843	0.24992573520820494	0.09830435329692129
0.16723940430111264	0.1623623249607205	0.3090383155785656	0.2654367855903694	0.09592316956923166
0.16994896288870426	0.16385615441991516	0.3183742999723949	0.25286342848471505	0.09495715423427038
0.1626055972264882	0.16514098900072027	0.3115913394189781	0.2626489480158083	0.09801312633800495
0.16188163985602994	0.16260559550039108	0.30821351466497593	0.27013743221082187	0.09716181776778102
0.16656284032123453	0.16213913268945412	0.32688882456072355	0.24948659321329775	0.09492260921528989
0.16529356888314076	0.15753150211631708	0.31673801561004705	0.2646069160489866	0.09582999734150832
0.16680289547586763	0.15991409629329345	0.3150688922806718	0.26154668766729056	0.09666742828287637
0.16684360483744454	0.1612414499901099	0.31704057396827623	0.2591598534932363	0.09571451771093284
0.16774772734279883	0.16180129154101364	0.3174093191088322	0.25452117983576716	0.09852048217158796
0.16324653529120414	0.16214187052697626	0.31872055511454034	0.25825276981279577	0.09763826925448334
0.16600676100341794	0.16520199900876212	0.32037655147178234	0.25334575323767416	0.09506893527836324
0.16793997408301492	0.1611872096385396	0.31736808985972154	0.25818778480281207	0.09531694161591167
0.1688957405931447	0.16348371321772215	0.30762733966558364	0.26153252832129936	0.09846067820224993
0.1659894508748594	0.16074908517178615	0.3118547251643404	0.26465833796960386	0.09674840081941004
0.16319784809947385	0.1629151937786802	0.32210297558965545	0.2539800667661387	0.0978039157660516
0.16407797869054586	0.15930034887712563	0.31445668898895246	0.26740185226217583	0.09476313118120003
0.160498268453934	0.159457059341243	0.31759158699623563	0.2640983794781865	0.09835470573040066
0.16065718628760092	0.15822239559904966	0.3241437819025343	0.26179438281640466	0.09518225339441028
0.16138511848390544	0.1621278318069028	0.31884128856033145	0.26258022774770035	0.09506553340115978
0.16993356784820643	0.16081324554259385	0.31154115800918847	0.2616388491885149	0.09607317941149617
0.15966299336849277	0.16405004604468063	0.32220521816581726	0.25671110279361764	0.09737063962739154
0.1644048930599254	0.15752166439790968	0.32950042016232417	0.25129635760782765	0.09727666477201292
0.16100700732608159	0.16005022180221373	0.3333424321095009	0.2506446759756904	0.0949556627865132
0.16030139874079324	0.16275002179889422	0.3116306370429691	0.26882416855172664	0.09649377386561657
0.16409753049183876	0.15865139055759264	0.31917221132140206	0.2620902859919146	0.09598858163725174
0.16286784344459534	0.15954058381257655	0.31688379371097664	0.2658163376140403	0.094891441417811
0.16358089878041937	0.15809749295256126	0.3222678907535192	0.2572830598609117	0.09877065765258825
0.16286364482612617	0.1588854890255928	0.3181844578879297	0.26205894070081415	0.09800746755953704
0.16388899697093406	0.16410769262517685	0.3091535273277554	0.267170445577251	0.0956793374988825
0.16726653337832276	0.15761987076669148	0.31216015716953416	0.26548609566051684	0.09746734302493461
0.16069069890655113	0.16396805200639147	0.31065912489896286	0.2657755170718663	0.09890660711622806
0.16655103442855987	0.16070772620274967	0.32291902307987164	0.2524287003243867	0.09739351596443192
0.16779469220396073	0.1615516805266834	0.31413933814730205	0.26054649166827126	0.09596779745378237
0.16275717995171268	0.15941973573088902	0.325101891952729	0.25549582785652697	0.0972253645081422
0.16303428076368257	0.15762212258916208	0.3317691867254353	0.2489858845844544	0.09858852533726545
0.15923337566054435	0.1579391855350179	0.32325952467733854	0.2637963248340678	0.09577158929303119
0.17107248372623152	0.16272708661006657	0.31283921104425033	0.25858900479779284	0.09477221382165857
0.16277828284227713	0.16420720235295838	0.32287704011286666	0.25478968671100066	0.09534778798089698
0.16093421589261298	0.1652880101711378	0.3161545796986204	0.2626754790027299	0.09494771523489876
0.1652099068800032	0.15884968856640042	0.3105817283323974	0.26910920904431224	0.09624946717688657
0.16851274852073342	0.16131171345307355	0.32460216946472825	0.2493292167356937	0.0962441518257709
0.168879233060642	0.16206657673723893	0.31699346957760344	0.25651774209856837	0.09554297852594708
0.16264659726492187	0.16093744786668263	0.3281494030776227	0.25023783608483285	0.09802871570593978
0.16973908089214193	0.16331714920379192	0.3085870094521431	0.2614166199289879	0.0969401405229349
0.15933926808810608	0.1649398700091404	0.32302686311179835	0.25749589270762474	0.09519810608333021
0.1615328502574967	0.16398298931934888	0.3234763563484897	0.2527393151372256	0.09826848893743892
0.1652349793782449	0.15746065616955077	0.3196413778336735	0.25927698522188386	0.09838600139664674
0.16151158503342491	0.15916482547808414	0.3294957511384736	0.2511218992790781	0.09870593907093905
0.16649834973354638	0.16500644505738557	0.31900269745568816	0.25474000082652626	0.09475250692685341
0.16054398569795827	0.159810669351389	0.3265936097623761	0.2563663887862503	0.09668534640202614
0.17078281547024637	0.16532655336857888	0.3162096296749477	0.25155974104712614	0.09612126043910066
0.16269060389418713	0.16119454404615313	0.3185598156883812	0.26212754644734415	0.09542748992393421
0.16465346098391676	0.1653386998223615	0.3099368724369437	0.26520033742397575	0.09487062933280208
0.1684644568031557	0.16077258257626872	0.3112252846045894	0.26326617974636557	0.09627149626962041
0.16927190528360303	0.1618586531053996	0.31083537092983765	0.2613534454363987	0.09668062524476084
0.1668959984043335	0.15940673706660247	0.31260412898141954	0.26598433664502663	0.09510879890261768
0.16205462844233495	0.15892313272742634	0.3178705682255164	0.2640770934000457	0.09707457720467641
0.16231366929611094	0.1574647309195947	0.3237390997369612	0.2587476404904562	0.09773485955687683
0.16240822509634914	0.1649351232038525	0.3250059991303371	0.25134675674266194	0.09630389582679907
0.16674884453864308	0.15731237387212837	0.3133049728103289	0.26433378776328276	0.09830002101561675
0.17141494330368237	0.16195537612911948	0.31153715991689823	0.25671438541555336	0.09837813523474638
0.16241015408628162	0.16183793012975287	0.33153578727362476	0.24894269106150427	0.09527343744883632
0.16330195298743297	0.16488998042957043	0.3237678413416497	0.2527390856921672	0.09530113954917956
0.16211247487481784	0.15760986291512674	0.3214705523102451	0.26365137243656106	0.09515573746324908
0.17022523304394582	0.1647490359243768	0.3106247179207246	0.2572171590288737	0.09718385408207884
0.16008077776219665	0.16190129051212332	0.31859672936006755	0.261966451070411	0.0974547512952013
0.16294897967639246	0.15905598105461688	0.32892415989284796	0.2518529527209676	0.09721792665517492
0.16040457983798728	0.15950309102369542	0.3200956173903905	0.2641397212132545	0.09585699053467209
0.1664267037728758	0.16382312761378526	0.30806554724806334	0.2639753827535952	0.09770923861168021
0.16672093908488184	0.1612654730053502	0.32532756309596056	0.25102536619009475	0.09566065862371245
0.1671175889208813	0.1615863937244062	0.32229429128342074	0.25189578105891686	0.09710594501237474
0.16489822467990395	0.1640306804582694	0.3246029443163517	0.24983255053115166	0.09663560001432309
0.1650698803276239	0.15812146503951535	0.3207737014900424	0.2611464453097721	0.09488850783304602
0.16666945711968756	0.1582182814122659	0.3156517804307449	0.26388354059189445	0.09557694044540697
0.16755233447736553	0.16472188522849912	0.31826903595516326	0.25318161795508454	0.09627512638388735
0.1652208965897361	0.1618480176355218	0.32195732087322726	0.25565214724848867	0.09532161765302599
0.16927394195132464	0.16120922077632133	0.3211884653567659	0.252860991329127	0.09546738058646095
0.16920447665253444	0.1573387221779108	0.31580157144426807	0.2614292761659064	0.09622595355938006
0.1608262547079541	0.1619559396068152	0.32359174443337685	0.2587339759132433	0.0948920853386103
0.16282882659171227	0.16062181092548689	0.32767648809822225	0.2525116128427902	0.09636126154178817
0.16104055863005606	0.1652829088181907	0.32366081409453384	0.25451407251923597	0.09550164593798327
0.1694324968708356	0.15961260237570482	0.3225304512605517	0.24967586187622526	0.0987485876166824
0.16508712249284796	0.16124460309451774	0.32089316957405034	0.25628381681374796	0.09649128802483581
0.1626201256054148	0.162409271128364	0.3164594529248774	0.2610941517533537	0.09741699858798983
0.16061078587585287	0.1591195927404521	0.3329069988917035	0.25191498780200094	0.09544763468999037
0.16378788283139215	0.1642471807848802	0.3134092047076353	0.2600093260472604	0.09854640562883177
0.1626898299441038	0.15817332844716891	0.3170939579916466	0.26382632908045056	0.09821655453662995
0.16371440277424495	0.15923448277607238	0.31576616725428625	0.2655501956649119	0.0957347515304843
0.16677137369027206	0.1586301111078955	0.3201410221429405	0.25805949644570103	0.09639799661319073
0.16078140421354753	0.15919844001504477	0.33578052494557775	0.24902041679053993	0.0952192140352898
0.1673099509401581	0.15994785582492133	0.31254674531304755	0.2631872086363448	0.09700823928552807
0.1635237111564151	0.16191919283990808	0.31008924932484466	0.2663953226472948	0.09807252403153721
0.16528755427463618	0.1581308659778698	0.3140587985607095	0.2669858272199033	0.09553695396688106
0.1697777481227479	0.1592046522059265	0.3071681589126652	0.2670609432765691	0.09678849748209113
0.17059216233433047	0.16069433616533854	0.32062347520378487	0.2512752420305916	0.09681478426595433
0.15976689663022067	0.16491508727662713	0.3089674766780147	0.26926883505948207	0.09708170435565525
0.16063521062120928	0.1631755844820264	0.3206833458647749	0.2592879883301902	0.09621787070179902
0.16433291302928427	0.15748604602556104	0.31590148354845005	0.26532174600091807	0.09695781139578641
0.1629149449554803	0.16504839920576314	0.30949719998717656	0.26674733982710996	0.0957921160244698
0.16117057942751362	0.16455646218083092	0.31675285448832136	0.25998343183823874	0.0975366720650951
0.16718498998070402	0.16080972601234228	0.3228099329796074	0.2521656959032338	0.09702965512411231
0.1599208096810741	0.1623491845106393	0.315897051499117	0.2665812066396064	0.09525174766956301
0.1705578606713955	0.16066961713088085	0.3156777910759941	0.2556604061221457	0.09743432499958363
0.16606137218698455	0.1582860448602699	0.31615918918288227	0.2645523009739373	0.09494109279592582
0.1657157366648447	0.16287550194816652	0.32041079394392646	0.25421921786283186	0.09677874958023025
