0.24131313277262717	0.20696540417574447	0.10343614144670348	0.2758521706246712	0.17243315098025344
0.24134211746954298	0.20712650633075258	0.10339980508647395	0.27574307365397643	0.17238849745925383
0.24143630595343413	0.2068297196230419	0.10344645010636706	0.2758462423795098	0.17244128193764688
0.2413951722756938	0.20679512353569435	0.10347505558705428	0.27594750173657434	0.172387146864983
0.24119574260680177	0.2071230996689628	0.1035529711362977	0.27574224039612305	0.17238594619181447
0.24128580922423404	0.20682917530397749	0.10357706650605067	0.27604171522650583	0.1722662337392317
0.2413263736940457	0.2070590624326376	0.10341633878201863	0.27579353349447117	0.17240469159682664
0.24144942175366502	0.20702457883132122	0.10343602818557292	0.2757819707729576	0.17230800045648303
0.24135676691665056	0.20675023277376978	0.10345674519174328	0.2760131436246521	0.172423111493184
0.24124411293434464	0.207116610337952	0.10342846876236325	0.27591345528573646	0.1722973526796034
0.24130934411220945	0.2068707453543501	0.10344102823832885	0.2759812403738039	0.17239764192130747
0.241339685888836	0.20684520324826983	0.10341485158671657	0.27596617408355895	0.1724340851926184
0.2414460470399214	0.20695209802815911	0.10345406977517943	0.27587879980520613	0.1722689853515337
0.24143405816454896	0.20683564618278125	0.10351138198863098	0.27584439689228774	0.1723745167717508
0.24125434060109827	0.20701774105288775	0.10347408880713149	0.27585431987142933	0.17239950966745293
0.24131583148015212	0.20688670007160273	0.10354266437284848	0.2758489970472464	0.17240580702815
0.2412115921129008	0.2071214151285156	0.10336236903323931	0.2759022783978252	0.17240234532751886
0.24136728793374135	0.2067424482635808	0.10347886121987085	0.2760973572275469	0.17231404535525982
0.2413034928016477	0.20711846061464187	0.10344537080623993	0.2757171741706813	0.17241550160678898
0.24131733165934519	0.207159964685693	0.10338810256776879	0.27571373192929055	0.17242086915790222
0.2412287953519903	0.20694174755752007	0.10339913489002711	0.2760516050564603	0.17237871714400194
0.24137022170116018	0.2069371112044389	0.1034572121766327	0.2759447578059962	0.17229069711177178
0.24137722258141286	0.20700452607631617	0.10352736365854963	0.275700030288859	0.1723908573948621
0.24134955929844654	0.2070202579455519	0.10353228069011429	0.27574774351686465	0.1723501585490224
0.24123871407244127	0.20698869225920452	0.10352748134000964	0.27588772732940353	0.17235738499894082
0.24130124523175017	0.20689899178243865	0.10341796755664837	0.2760342340231578	0.1723475614060048
0.241430161007875	0.20693942774633314	0.10338479046257604	0.2758736333662011	0.1723719874170145
0.24144377592682265	0.20676343624139135	0.1034756310668432	0.2759483168917047	0.17236883987323784
0.24143401705824435	0.20691910419831208	0.1035801283155737	0.27571594534831617	0.17235080507955342
0.2413108035664306	0.2071245411776182	0.10355892929899396	0.2757001712926013	0.17230555466435574
0.2414166993089976	0.20692316265849434	0.10348241557541997	0.2757707493455265	0.17240697311156133
0.241448608365278	0.20693285770210967	0.10342376037296078	0.2757548768699248	0.17243989668972654
0.24130234661744437	0.20686371450989235	0.10341536957474894	0.27598418694200744	0.17243438235590663
0.24144376090573977	0.20701185755745619	0.10341869400192126	0.2757827470796125	0.17234294045527007
0.2414775900716371	0.2068425021930248	0.10350614513496174	0.27589005464901184	0.17228370795136427
0.24121245153548	0.2070946351861696	0.1034576492455366	0.2759345097295158	0.17230075430329778
0.24120221655308804	0.2068501480262249	0.10357572223046439	0.2759837702677305	0.1723881429224919
0.24134661465752308	0.20716803422752175	0.10350772710805993	0.2757042508253208	0.1722733731815742
0.2412731009359152	0.20709657276672624	0.10334370669217373	0.27601912011483754	0.17226749949034703
0.24140929778871037	0.20707117588332868	0.10341983749275635	0.27577157102652133	0.17232811780868298
0.24136361184487776	0.20676177960465297	0.1035132070929897	0.27598813057478533	0.172373270882694
0.24144953987794643	0.20681643269658015	0.10358544544311578	0.27581824519733733	0.17233033678502008
0.24119592590817077	0.20709118660235953	0.10351349975394307	0.2759223954158297	0.1722769923196967
0.2411898243248773	0.2070169671773017	0.10342563505823485	0.2759740497472282	0.1723935236923577
0.241233530908468	0.20704784869510198	0.10344090462602079	0.27597115615981477	0.17230655961059418
0.24144667329273628	0.20707287409471278	0.10344808733662703	0.27570137325947747	0.1723309920164462
0.24123005235914396	0.20688117659605806	0.10355565337724451	0.27599791961482156	0.17233519805273168
0.2414510209651207	0.20710881256014574	0.1033821521022848	0.2756816165826701	0.17237639778977842
0.24130899028163422	0.20684067495309735	0.10342190979659928	0.27606730660793843	0.17236111836073045
0.2412563574649152	0.2068686160359077	0.10357262363565209	0.2758848330432527	0.1724175698202721
0.24128379234759265	0.20681723069386646	0.10342168771653895	0.27603693594899537	0.17244035329300633
0.24135750489135943	0.2068800366621528	0.10356849456139523	0.27579901510032334	0.17239494878476894
0.24146192694275803	0.2067750379846834	0.10347954702562957	0.27589977806272264	0.1723837099842061
0.24142019759210093	0.2067702360738934	0.10345675675090456	0.2759409127878985	0.17241189679520236
0.24140549626979274	0.20675447045625212	0.10356388336481234	0.2759307622316427	0.17234538767749985
0.24127628043496926	0.20690015028235673	0.10346044644940461	0.2759793101715631	0.17238381266170608
0.24133344496629822	0.20699898608951045	0.10335841299496466	0.2760340553213215	0.17227510062790488
0.24149326885145544	0.20708257543570663	0.10336769978521647	0.2757475311955741	0.17230892473204712
0.24132167517781614	0.20694016806554202	0.10354992713072071	0.27579797241861226	0.17239025720730863
0.24138599687825774	0.20687878274179983	0.10352907356058004	0.275872469515972	0.17233367730339014
0.2413866548775231	0.2069996164520078	0.10358258801397204	0.2757215367282265	0.17230960392827033
0.2414094633019097	0.20685228503688174	0.10345449042800103	0.2760033637367173	0.17228039749648993
0.24143991272611745	0.20677990193954446	0.10345175053186746	0.27596846283568455	0.17235997196678582
0.24131702278221745	0.20688930120661755	0.10339577422998392	0.2759664910627933	0.17243141071838752
0.24143119770890048	0.20691749280687577	0.1034439840381611	0.2758743319914511	0.17233299345461128
0.24138289570696309	0.20676177581683783	0.1035661515585527	0.27593499575741254	0.1723541811602336
0.24146525979760958	0.20682290522785093	0.10334762806776429	0.275973693198851	0.17239051370792396
0.2412237043425322	0.20673750543357824	0.1035763191475063	0.276062991563723	0.17239947951266
0.24141525652225831	0.20675220395152927	0.10345600834641021	0.2759779940310572	0.17239853714874478
0.24121300186407843	0.20687260392309414	0.10339198934066966	0.27610272866665553	0.17241967620550194
0.24139088158189248	0.20707698781625403	0.10334047191282478	0.27579097337965847	0.17240068530937
0.2412829879396441	0.20705544445974416	0.10338547754026	0.2758328165238737	0.17244327353647781
0.2413773175787402	0.2067768178588869	0.10354063689012273	0.27585911741506897	0.1724461102571809
0.241352292196987	0.2067678245786111	0.10336596626344294	0.2760710847832839	0.1724428321776748
0.24121383845487226	0.20699300456327935	0.10344016627536741	0.2760449687521792	0.17230802195430148
0.2414507991144083	0.20708183923047185	0.10346332713080592	0.2756789963450163	0.1723250381792974
0.24131660036402441	0.20709757208183546	0.10350794403643922	0.27570797789054147	0.1723699056271592
0.2413577058579576	0.20688740414762966	0.10349837931042921	0.2758680040754436	0.17238850660853972
0.24140418755900916	0.20707857262267615	0.10335803935427476	0.27588524046776086	0.17227395999627879
0.24137244377961858	0.20682184816835722	0.10356618667604928	0.2758670733690023	0.17237244800697243
0.24142576186570097	0.2069762203110207	0.10334824683023737	0.27591215778130196	0.17233761321173874
0.24121936786448983	0.2068237608320349	0.10347945275775168	0.27605626802661337	0.17242115051911
0.2412867712603144	0.2069010538843657	0.1034959083872789	0.27597194358119553	0.17234432288684523
0.24143230019868367	0.2069774585208692	0.10345366840153596	0.27584027819036516	0.17229629468854574
0.2413931570969607	0.20688384947863558	0.10340138048517697	0.27603006760645593	0.17229154533277058
0.24130331112687886	0.20685464620570684	0.10358827921104426	0.275871056527385	0.17238270692898483
0.24126252660029351	0.20704647751976843	0.1034320707189306	0.2758975735468266	0.17236135161418065
0.2412217377796839	0.2071692209830536	0.10341569166988561	0.2758505822943973	0.17234276727297937
0.24140712445053308	0.20694378463560567	0.10334420295505432	0.2759105583287545	0.17239432963005216
0.24127048782608193	0.20707527773648884	0.10357082896378884	0.2757210385900245	0.17236236688361561
0.2414744724651679	0.2067771365146663	0.10354443218720273	0.27588330841867403	0.1723206504142888
0.24133754529739815	0.20703133453939876	0.10333840839513209	0.27590112795060673	0.17239158381746406
0.24135262369904287	0.20708403540113451	0.10337529446379486	0.27574270769488585	0.17244533874114168
0.24135374937996107	0.20704441389874523	0.10337656685413746	0.2759217996367209	0.1723034702304351
0.24134895314460464	0.20706179822791937	0.10355094464145007	0.27574996958173875	0.17228833440428695
0.2412336473794538	0.20704090131031533	0.10349808446016658	0.2758169871976265	0.17241037965243755
0.2412800580486586	0.2070669272706283	0.10338778744529056	0.27582167506107047	0.1724435521743518
0.2414879269742659	0.2067987935003506	0.10345880200028945	0.27581059287693405	0.17244388464815974
0.24135879595630905	0.2070493359511437	0.10350999556210921	0.2757628510253493	0.1723190215050885
0.2413224159555964	0.20706889463042186	0.10334693843487947	0.27590294227566536	0.17235880870343667
0.2412709730898085	0.2070642961159398	0.10334482722501732	0.2760564833817837	0.1722634201874505
0.2414487607094338	0.20676967048848136	0.10358098479053537	0.2758004090823865	0.17240017492916268
0.2413888314459246	0.2070875890594221	0.1034738105999504	0.2757777604444959	0.17227200845020674
0.2412941854378797	0.20701382915460334	0.10352061835049506	0.2758069787211624	0.17236438833585924
0.241210994309224	0.20709310371662873	0.10358292469434964	0.2757971377929781	0.17231583948681928
0.2413918224230105	0.20676152319721894	0.10340318211096748	0.2760035989211618	0.17243987334764105
0.24148641482994432	0.20680218642027345	0.1035457179339113	0.2757191099995261	0.17244657081634454
0.24131101909222688	0.20676517195074237	0.10356796409179014	0.2759791018609551	0.17237674300428527
0.24132375796396632	0.20715678882219984	0.1033524658141243	0.275795135630569	0.17237185176914027
0.2413702712888215	0.20674907437257173	0.10341628387520305	0.2760134940329899	0.1724508764304136
0.24148298820985248	0.20687876873734384	0.10343939052547034	0.27589689860750116	0.1723019539198319
0.2412534362457366	0.20696845953761156	0.10346383144681401	0.27590924585585475	0.17240502691398282
0.2413342334872017	0.20676937152910102	0.10348277401934843	0.27599604543758866	0.17241757552675996
0.24129497662753832	0.20700843974702585	0.10349844727756932	0.27587197997166973	0.17232615637619653
0.24119607066430399	0.2069102875466055	0.10354388636910367	0.2760763524805786	0.17227340293940796
0.24144622966467005	0.20682426509634416	0.10358048544790859	0.2757754035132722	0.17237361627780481
0.24145811261825628	0.207020547676822	0.1034356665659854	0.2756816486151662	0.17240402452376985
0.2412729803515039	0.20706141055646093	0.1034167797941571	0.2758568775650548	0.172391951732823
0.24128911026221697	0.20676585051840168	0.10355618219014598	0.2760584937263054	0.1723303633029297
0.24120778913203672	0.2069296386007074	0.10354829586717976	0.27594299175772113	0.17237128464235474
0.24135872056647048	0.20687632873511363	0.10348990118753054	0.27596760696994016	0.17230744254094493
0.24123080776469263	0.20688552769088034	0.10349533507925873	0.2759523102268993	0.17243601923826876
0.2414104492793742	0.20687022284600903	0.10354618169599296	0.27583849035178776	0.17233465582683583
0.24137320086999955	0.2068628426696835	0.10356692851506612	0.27589308547410973	0.17230394247114086
0.24119514049350907	0.20709375711867706	0.10355028879138813	0.2758182212878449	0.1723425923085806
0.2412851750406792	0.20679009758767894	0.10352813267431991	0.27597164099230015	0.17242495370502153
0.2412762811004574	0.20684764023628435	0.10354566630108529	0.2759970168544016	0.17233339550777116
0.24147572732315598	0.206752138911699	0.10338470096133463	0.27599158124662915	0.17239585155718096
0.241451958607751	0.20693263808981877	0.1034728259585675	0.27574571356774824	0.17239686377611427
0.2414822754023349	0.20671871143153284	0.10341847082559807	0.27606163445041687	0.17231890789011706
0.2413321093230304	0.2068420760754688	0.10358703736601595	0.2758768751581539	0.1723619020773307
0.24143648733452427	0.20685153977252901	0.10341254184776891	0.2759451546623413	0.17235427638283624
0.2413225926824945	0.20696818371400566	0.10338577335313688	0.2759014566061067	0.17242199364425603
0.24128842428667	0.20698471941571692	0.10338294369546266	0.27596115626117956	0.17238275634097058
0.2413523092920293	0.20683762338165013	0.10345465417598702	0.27596269293162307	0.17239272021871022
0.24121374058023107	0.20692028209197563	0.10351882032347293	0.27594375363708024	0.17240340336723992
0.24119927914335734	0.20712574885602328	0.10345424566019659	0.2758367004408983	0.17238402589952426
0.24147982468103593	0.20675979580432652	0.10342436685495306	0.27596638387636446	0.17236962878331974
0.24143680036499224	0.20675167850529352	0.10342842204730375	0.2760832600690125	0.17229983901339777
0.24126685553426283	0.20712060948085548	0.10337767257577432	0.27592343951335907	0.17231142289574808
0.24136321053026033	0.20704006252560914	0.10338414932463244	0.2757729206464198	0.17243965697307806
0.2413126117577999	0.20705207943561035	0.10345801608225327	0.27585627219730663	0.17232102052702963
0.24122267112063575	0.20714995763753494	0.10348354854440629	0.2757643841539399	0.1723794385434829
0.2413090818094078	0.20686689523314997	0.10344487787464823	0.2759964321747979	0.17238271290799584
0.2412121916307136	0.20713428747291487	0.10334504841159944	0.2758994648725228	0.17240900761224895
0.2411933755912063	0.20716775367011028	0.10337217311491817	0.275939208221762	0.17232748940200293
0.2414892589733936	0.20689263191572532	0.10345582406635363	0.2757138751095137	0.17244840993501354
0.2412096664722114	0.206971767180956	0.10334493926987094	0.27608144401806733	0.17239218305889406
0.24133790404551447	0.2071396390235477	0.10334840357070721	0.27590216781568433	0.172271885544546
0.2412921202511527	0.20700484999215304	0.10350081214776059	0.27578584128933387	0.17241637631959955
0.24137114912318913	0.20672888820220098	0.10356347425666362	0.27604532327801123	0.17229116513993478
0.24120196005456543	0.20700597585620534	0.10358147997814712	0.2758904243992689	0.17232015971181297
0.24138304835648375	0.20689934113646635	0.10341515034760723	0.2759065366121404	0.17239592354730202
0.24133883007131962	0.20683554145998387	0.10349075181692025	0.2759731531434485	0.17236172350832754
0.24144238089026465	0.2068700882856893	0.10346317435149398	0.2759257033460477	0.17229865312650416
0.2412575070492546	0.20713018033872369	0.10344188231413182	0.27573598615372663	0.172434444144163
0.24136251059686376	0.20700293099324077	0.10343802354428712	0.27589075624322373	0.1723057786223844
0.24132376501264644	0.20712638789641719	0.10356784141247606	0.27568308721059537	0.17229891846786474
0.2413001707587918	0.20687185003352102	0.10336942065939812	0.27608528846876307	0.1723732700795258
0.24123323030183902	0.20703234085576785	0.10355602496900006	0.27574534210005863	0.17243306177333423
0.24135927534003143	0.20695139493047174	0.10346224002535188	0.2758730984053379	0.17235399129880677
0.24141911067844318	0.2068838648986291	0.10334687481143182	0.27595497363769683	0.17239517597379883
0.24144089432570537	0.20682693637656208	0.10346506796751315	0.2759697540302973	0.17229734729992188
0.24140423997392418	0.20710811666593798	0.10346282759602106	0.27572332562840646	0.17230149013571006
0.24120364832335653	0.20681339649662164	0.10351905464754761	0.27602532378437405	0.1724385767480999
0.24141636643837475	0.20682935324924848	0.10355855257613775	0.27574968297320224	0.17244604476303657
0.24143776463189803	0.20695897385826237	0.10352292289723364	0.2756762543079756	0.17240408430463017
0.24145334052714765	0.20671111520926652	0.10345612055319393	0.27593857493985186	0.17244084877053978
0.2412589128646388	0.20696840643381417	0.10357997525546124	0.2758980866747695	0.17229461877131605
0.2412391800665747	0.20714541903699066	0.10338602999335068	0.27592333364477745	0.1723060372583063
0.24120127837619662	0.2070852733820553	0.10356430423071152	0.2758396114613205	0.17230953254971582
0.24121069906400472	0.2071340320435271	0.10345289258978523	0.2758031334726275	0.1723992428300552
0.24131487619107408	0.20712085384149112	0.10348432896862961	0.27577569635384047	0.17230424464496444
0.2412366017162692	0.20714712738440139	0.10336486566517628	0.27589178668125713	0.17235961855289575
0.2414005967981367	0.20692095579350742	0.10357109458745568	0.2758146755352507	0.1722926772856493
0.24136650348872582	0.207081619606066	0.10337007978729448	0.275774367909763	0.17240742920815044
0.24120231969404887	0.20688988931943916	0.10343971373580914	0.2760400739523585	0.17242800329834407
0.24141290535914534	0.20687365325433857	0.10338146655616388	0.27599571954006064	0.17233625529029134
0.24126661546013045	0.206940258094208	0.1035410570001387	0.2758244006163313	0.1724276688291913
0.24122867418607577	0.20703148747098896	0.10354037953380758	0.275856551992143	0.1723429068169845
0.2413580374094696	0.20679925189651646	0.10344802936423528	0.27602894496790914	0.1723657363618693
0.24135734772368464	0.20681324387583006	0.10350449326474134	0.27590140187252876	0.17242351326321492
0.24142255533715573	0.20673898731774715	0.10358484790416093	0.27592829070034547	0.17232531874059048
0.24138178126271356	0.20697149909691478	0.10341128310817947	0.27593848252790426	0.1722969540042877
0.24127305328617954	0.2067257885373514	0.10349110721442713	0.2760856981952199	0.17242435276682178
0.24142059761914225	0.20679781233357492	0.10343077403818689	0.2759551095508556	0.1723957064582401
0.24132337175361518	0.2067591736965352	0.10354208718849126	0.27608751341642507	0.17228785394493307
0.2413557496957936	0.20691544861995181	0.10340888195685598	0.2759695385960814	0.172350381131317
0.2414747152711464	0.20675023257040165	0.10356993477391538	0.2758167316736625	0.17238838571087384
0.24132004129565376	0.20694310021728443	0.10336466727097461	0.2760677797122636	0.17230441150382336
0.2413841504244019	0.20687820115490513	0.10343495407678384	0.2758703408813213	0.17243235346258762
0.24144835087823804	0.20696049680018344	0.10340916248979666	0.27574809972002245	0.1724338901117592
0.24127506721178377	0.20684172884964513	0.10353865042340367	0.276053088741114	0.1722914647740532
0.24139868016652388	0.20684547921393384	0.10342228802737834	0.27593464531810585	0.17239890727405782
0.24136924961918382	0.20705791647812513	0.10343943785325221	0.27570088110034974	0.1724325149490889
0.2414125473986915	0.20678376362096512	0.10345171870834007	0.27590931967031596	0.1724426506016871
0.24133887033040893	0.20674625230015073	0.103575486919843	0.2759482733231612	0.1723911171264359
0.24141171485361576	0.20676336446526156	0.10353790026314855	0.2760099547951065	0.17227706562286743
0.2414074498872204	0.206884530135769	0.10347430321922067	0.2759072797258879	0.17232643703190179
0.24134884263022083	0.20681243929972357	0.10347171865382362	0.27610239056128383	0.1722646088549479
0.24124754382855285	0.20690683250494032	0.10337115527076272	0.2760412526368651	0.17243321575887877
0.24142951656230122	0.20682667703066915	0.10349627829208627	0.2759437869896064	0.17230374112533672
0.24144255551705135	0.20708669003957517	0.1033704245798407	0.27580977405647716	0.17229055580705535
0.24125973634354492	0.2068361996331769	0.10352830599090156	0.2759636592271604	0.172412098805216
0.24133031966082966	0.20710036257530975	0.10338224707892504	0.27591041750960943	0.17227665317532584
0.24145834526835325	0.20704198261900544	0.10349155629700199	0.2756832226598443	0.17232489315579477
0.2412258300280366	0.2068148413862855	0.1035818065774134	0.27596783373219946	0.17240968827606482
0.24137398753601907	0.20683944853355096	0.10341856227753697	0.2759899683685412	0.17237803328435153
0.24122508253779143	0.2070396296992385	0.10349293193372189	0.27584456058202617	0.17239779524722176
0.24124048390154945	0.20705354177817717	0.10334303904537444	0.2760258162585678	0.17233711901633086
0.24129332550180052	0.20697283136726247	0.10339305865367338	0.2759117800112546	0.17242900446600876
0.24126511650152765	0.2068867535181499	0.10350816236981977	0.2760289835069262	0.1723109841035763
0.24147346827301486	0.20682202107331837	0.10336343556587757	0.27597535724198147	0.1723657178458075
0.2414279068264173	0.20698617017789683	0.10344067765317005	0.27581123788442335	0.17233400745809221
0.24147919981885194	0.20674315272785085	0.10339410962219284	0.27603923539331293	0.1723443024377912
0.2414694384407342	0.20702599903859906	0.10342807788014234	0.27579127790035757	0.1722852067401666
0.24124070204886378	0.2070238781286466	0.10356603061377198	0.27573690143897195	0.17243248776974546
0.24128289468319541	0.20679751591189738	0.10343679852017393	0.27607778996175436	0.17240500092297864
0.24145382816271113	0.20679384560972255	0.10344747609150548	0.2759674677520419	0.17233738238401872
0.24124025480374736	0.20716787837502684	0.10342469355641767	0.27572719815489144	0.17243997510991646
0.24134766979021244	0.20697593369432177	0.10336870021529819	0.2759286814306301	0.17237901486953722
0.2413519097083206	0.20713233151481952	0.10333209754765504	0.27583184725404497	0.17235181397515958
0.24139151964946043	0.20683814556389432	0.10336183803986719	0.2759866008162532	0.1724218959305246
0.24148087743912616	0.20682021021713806	0.10336722727593557	0.2759713286210125	0.17236035644678743
0.24144840054683164	0.2067617048473403	0.10353908818616138	0.27594015387949034	0.1723106525401761
0.2414135294994331	0.2071240302824919	0.10338977865662032	0.27576449087659727	0.17230817068485718
0.24137156968293727	0.20692064532824217	0.10356225394569323	0.27574818309593285	0.17239734794719416
0.24133633394570625	0.20674290474222384	0.10347472145459591	0.276045787252084	0.17240025260538977
0.241340477492888	0.20702494437510252	0.10342679912368508	0.27586158348421597	0.17234619552410818
0.24138906445102337	0.2069310400541692	0.10338052541339621	0.27591872500612685	0.17238064507528408
0.24129739988666374	0.20698974679780183	0.10357725361804972	0.2757357060739128	0.1723998936235717
0.24140282481271896	0.20693007069233996	0.10348953705996723	0.27582974899670354	0.17234781843827002
0.24148149674078684	0.20688590515024566	0.103345316163353	0.2760030193173848	0.17228426262822952
0.24136512298938337	0.20672616874596833	0.10352552896336499	0.2759769081159208	0.17240627118536225
0.24124309222538703	0.20694662096898303	0.10350794627951483	0.275870127420705	0.17243221310540982
0.24120057315458698	0.20704951838035174	0.10338025614966828	0.276066693562497	0.1723029587528957
0.2413242781958967	0.20706567408873192	0.1033563024204795	0.27589617790062054	0.17235756739427116
0.24123838001729228	0.206955044326349	0.10334907281600841	0.2760208472725112	0.17243665556783888
0.24140950982182766	0.20672920152815133	0.10357021347975248	0.27598808744953335	0.1723029877207349
0.24147412340085692	0.20684060523433662	0.10356430929546336	0.27584138439143635	0.17227957767790653
0.24125742056249555	0.20699181609656053	0.10341136331690966	0.2758903851209841	0.17244901490304992
0.24133908857582798	0.20684590483020043	0.10342223095190385	0.27599221270347246	0.17240056293859501
0.2413363521586661	0.2068661832685238	0.10349292099625347	0.27594365726442877	0.1723608863121276
0.24130306854488073	0.20713232247570088	0.10352246790554338	0.27570646551186717	0.17233567556200757
0.2413830647178967	0.2071193591114549	0.10336227901434336	0.2757755181129652	0.1723597790433396
0.24138064067644815	0.20714324551992533	0.10334948119680219	0.2757116823485537	0.17241495025827036
0.2412972153060986	0.20680964791213882	0.10336776773682288	0.2760862359961159	0.17243913304882352
0.2413952999634707	0.20688374521917813	0.10347056171224067	0.2759622956814112	0.1722880974236991
0.24140203669414673	0.2069785140968329	0.10350408649768555	0.2757508942186473	0.17236446849268725
0.24146386418528193	0.206728088928799	0.10344686927303987	0.2759388087678324	0.17242236884504658
0.24132136470792862	0.20707985551734578	0.10339262837622841	0.275865425768627	0.17234072562986993
0.24147904763016553	0.20706539865722573	0.10343599226428493	0.2757553326173861	0.17226422883093745
0.2414367906102775	0.2070989989793679	0.10338126227791049	0.2757581282420294	0.17232481989041454
0.24145013236952245	0.20694360332032197	0.10335090218320306	0.2758950091652862	0.17236035296166607
0.24145728367030359	0.20701438712908568	0.10336300400290177	0.27586749173385916	0.17229783346384958
0.24136631972163006	0.20684570327013022	0.10336898707499848	0.27602261739805944	0.17239637253518153
0.24140675009374096	0.206881939565919	0.10358990440294782	0.27571506762028963	0.1724063383171024
0.24141310598295146	0.20674460572322206	0.10338953724728946	0.27601580964692674	0.17243694139961005
0.24141474272892852	0.20686948853713763	0.10351785919842582	0.27582671833725114	0.1723711911982567
0.24148958020241987	0.20672283916499612	0.1035816278984874	0.27593849503703416	0.1722674576970622
0.24147015918650777	0.20707660025570643	0.10333156453680525	0.27582786683146343	0.17229380918951684
0.2413572996327639	0.20698426730589087	0.10349005734248751	0.2757889337409479	0.17237944197790964
0.24146773188961973	0.2068088054356928	0.10333998549086822	0.2760118277162382	0.17237164946758077
0.2413597797528239	0.20693923344303278	0.10338362742138024	0.2759098618231027	0.17240749755966014
0.2414626311109021	0.20700462577595852	0.10353208179470855	0.2757091866691044	0.17229147464932623
0.24130443117851713	0.206948508585054	0.10342378082770441	0.27595608473872807	0.17236719466999612
0.2414034089192596	0.20701197147257894	0.10333438958252447	0.2758645510624194	0.17238567896321733
0.24134855932030558	0.20712766248035294	0.1034670302873266	0.2756895584612156	0.172367189450799
0.24120364333733743	0.20682817640004678	0.10356486812092795	0.27595599343561455	0.17244731870607305
0.2412662421584194	0.20703543446591216	0.1035717998083651	0.27572913970622165	0.17239738386108142
0.24143335459373721	0.20683106737544435	0.10351302217920773	0.27590125888873	0.17232129696288043
0.24144921682056397	0.20682951507966035	0.10350321559148853	0.27582351967708946	0.17239453283119738
0.24148702089819296	0.20676391165456984	0.10342659897819813	0.2759597130670619	0.1723627554019769
0.24141416403725702	0.2070252143250731	0.1033476578831679	0.27578807008851386	0.17242489366598787
0.2414187660114786	0.2069260868444917	0.10343114691959303	0.2758000944224661	0.17242390580197034
0.24137951819980535	0.20685722435342446	0.10339027650393735	0.276056691691604	0.17231628925122858
0.24135979048742057	0.20706812924818757	0.10338741253084757	0.275904427457951	0.172280240275593
0.24138949424563216	0.20711650330059447	0.10336965639407314	0.27584801923557384	0.1722763268241261
0.24119087428486774	0.20713712591597205	0.10358484945411132	0.27578622247628515	0.17230092786876347
0.24126055583207098	0.2069191993566339	0.10348717878977037	0.2759027201714358	0.17243034585008873
0.24123841763765946	0.20696253140706022	0.10345776802832367	0.27607892183769706	0.17226236108925932
0.24144160898371553	0.20691237900397536	0.10354627382929978	0.2757576730036593	0.17234206517934986
0.24145480828748356	0.20674693637300542	0.1033322813854248	0.27604636730412524	0.17241960664996078
0.24124797826349445	0.20713093844689254	0.10338521017260627	0.2758985623680891	0.1723373107489174
0.24135814757668245	0.20695933823521342	0.103339475468362	0.27589941408973845	0.17244362463000343
0.24137929222439103	0.20686602899679937	0.10358445526490899	0.27579397360491065	0.1723762499089897
0.2413846213557828	0.2068731717285612	0.10347000159785769	0.2759537063593456	0.17231849895845244
0.2413006955920727	0.207113377297863	0.10348467164420473	0.27572272383515717	0.1723785316307022
0.24137827593017744	0.20687657231871573	0.10344640467317738	0.2759650665727786	0.17233368050515066
0.24135968188234563	0.20715018129730717	0.1033421320865538	0.2757615108170759	0.1723864939167173
0.24133114195942595	0.20678454868109936	0.10344168840877235	0.2759917246713859	0.17245089627931615
0.2414696588378397	0.20679041265264608	0.10342914572582315	0.27597197747488905	0.17233880530880177
0.24119681864585096	0.20708172038239692	0.10344881555709835	0.275835140215815	0.17243750519883852
0.2413648959339138	0.20686629652057634	0.10343226220934508	0.2759041477283948	0.1724323976077697
0.24124261861642327	0.20690632656286498	0.10350480482576949	0.27593961584909527	0.17240663414584675
0.24131263313304877	0.20689452812079448	0.10355476470992286	0.27594079515111025	0.17229727888512336
0.24125741957638244	0.20700963241940448	0.10351610717870914	0.27584560150326537	0.17237123932223833
0.24147820034042766	0.20684533788050852	0.10338028253565028	0.2760216088770018	0.17227457036641153
0.24125952138865675	0.20685958098995244	0.10353207952045003	0.2759228634285699	0.17242595467237065
0.24142496604184846	0.20716296602538045	0.10337086362572473	0.2757768021543491	0.172264402152697
0.24149226507654725	0.2068723185838043	0.10355723191919826	0.2756925677250459	0.17238561669540406
0.24125870432980842	0.20681388192833616	0.10354719659248131	0.27593739120587696	0.1724428259434969
0.24148133376165798	0.20679478537419185	0.10356075321253914	0.27575268100801686	0.17241044664359392
0.24137266726815854	0.20681250027962964	0.10348901958392868	0.27595345902360735	0.17237235384467559
0.24144081536990092	0.20680320749220374	0.10341506252135833	0.27603048256657475	0.17231043204996205
0.24119939803025292	0.20687287888876818	0.10345698148137152	0.27610109279129896	0.17236964880830816
0.24129313747729333	0.2067969106890795	0.10358436522501328	0.27601413069231545	0.17231145591629818
0.24143619598146268	0.20697882557203912	0.10338974690924713	0.27590573759566694	0.17228949394158385
0.2414021954687697	0.2071132373978871	0.1034007826245934	0.27576908884527973	0.17231469566346982
0.2412012204495031	0.20705088592731152	0.10343124265463599	0.2759799021666721	0.172336748801877
0.241193269932218	0.20708043481791097	0.10355934381513104	0.2758581955534742	0.17230875588126554
0.241475294768289	0.2069126540363408	0.1035464842413548	0.2757939542335598	0.17227161272045538
0.24127830953917323	0.2067888719457097	0.1034136670969242	0.27608063269558786	0.1724385187226048
0.24123060215911452	0.20691942617477085	0.10342651184667674	0.2760365246252196	0.17238693519421802
0.24140581683849718	0.2068289256659248	0.10335468613599054	0.27607889384382467	0.17233167751576256
0.2413226502845634	0.2068665710448869	0.10345033800985766	0.2759808849563845	0.1723795557043073
0.24142752087497002	0.20706569965726962	0.10342406142532833	0.2757672867255584	0.1723154313168734
0.24125337812413092	0.20712106101130867	0.10336874605249022	0.2758092774919454	0.17244753732012455
0.24140229837669314	0.20672966236629248	0.10333128462854259	0.2760860606440092	0.1724506939844624
0.2414255251558663	0.20673588928782383	0.10349973545203105	0.27600910268601625	0.1723297474182623
0.24127893423296898	0.20686601557806114	0.10347980787922847	0.27597451674134343	0.17240072556839775
0.24129849673885945	0.20683027382907934	0.10350145416012901	0.27595373157829317	0.17241604369363878
0.24133749846775218	0.20698673647202961	0.10337972102151864	0.2758599281641082	0.1724361158745911
0.24122671717604902	0.2071433181761595	0.10357377222134366	0.2757682756718992	0.1722879167545484
0.24133388631176	0.20688394030809923	0.10335167341048056	0.27605372569838055	0.17237677427127945
0.24119861132123238	0.20705484255993237	0.10342498382780153	0.27587907455056715	0.1724424877404663
0.2412452719967389	0.20691113953488674	0.10358675707215263	0.2758274428111871	0.17242938858503443
0.24141194006189787	0.2068889977855326	0.10347956130136554	0.275952615640789	0.17226688521041478
0.24134316403610057	0.20711786730295154	0.10343850493927906	0.2757091746376087	0.1723912890840599
0.24128915816318397	0.20694834777746662	0.10349210321054796	0.27598554802654257	0.17228484282225862
0.2414790675471727	0.20672453916088643	0.10358064938252871	0.275888633526623	0.17232711038278892
0.241333030043337	0.20679654106758727	0.10344215086027389	0.2760300517084433	0.17239822632035828
0.2413148240421505	0.2070933613240496	0.1035730507140439	0.27568967595796284	0.1723290879617929
0.2413410746471605	0.20697386433183806	0.10351053046163669	0.27590289705044896	0.17227163350891556
0.24137067839130205	0.2067430131711842	0.10347036511297555	0.27606363759492536	0.17235230572961258
0.24136862946901105	0.20684785168927056	0.10347617205318414	0.2759533598657281	0.1723539869228059
0.2412945766249673	0.20714573263577263	0.10345780712009174	0.27572422176696293	0.17237766185220518
0.24125059813398264	0.20694044867890496	0.1034293209511738	0.2760228256834148	0.17235680655252356
0.2413825913912664	0.2067527458879611	0.10356829309639148	0.2759732678365121	0.17232310178786872
0.24142335420343813	0.20679108150959602	0.1033498650406873	0.276047761945215	0.17238793730106328
0.24119665164310905	0.207128462882591	0.10341114115385373	0.275868580468102	0.172395163852344
0.24137941675702942	0.20693911015921443	0.10354766474904757	0.27568927221540274	0.17244453611930555
0.2414872316535732	0.20677467506070452	0.1034074928047762	0.2760224748390553	0.1723081256418906
0.24126302154001625	0.20671305719690716	0.10351638697644207	0.2760689422318898	0.17243859205474446
0.24121067714175276	0.2070939218384537	0.10344985095426948	0.2759505823026476	0.17229496776287617
0.2414516807291721	0.20683916021557977	0.10338053324353108	0.2760310492205246	0.1722975765911922
0.2413913951887836	0.20695986296277719	0.10351675018465864	0.27571758224111687	0.17241440942266348
0.2413922322334554	0.2067995704796003	0.10342445054059508	0.2759453055535467	0.1724384411928023
0.24146846317298198	0.20673964529941408	0.1034792141498376	0.27604215715669733	0.17227052022106876
0.24128813203044644	0.2070520730197202	0.10339185967622261	0.2758713523523514	0.17239658292125914
0.24125452668696057	0.2069953018651189	0.10344308470351878	0.2759699047379856	0.1723371820064159
0.24121778300631175	0.20701957324900452	0.10347015880909673	0.2759566004070261	0.1723358845285607
0.24138504209239287	0.20709736697180497	0.10354749234529301	0.27568126155813	0.17228883703237888
0.2412304729558561	0.20704352254233752	0.10351992912518253	0.27587757798897805	0.17232849738764555
0.24126144063337407	0.20701816922842287	0.10342063617129511	0.27602768068839106	0.17227207327851665
0.2412686644716943	0.20686668729223415	0.1035208386736499	0.276059618992495	0.17228419056992644
0.24142401203164648	0.20690632070231063	0.10344165779132035	0.2758694382433228	0.17235857123139947
0.24138259432108716	0.20689623774235688	0.10342297015072682	0.2758472988450199	0.17245089894080895
0.24119294622759568	0.20715891532566866	0.1035123560423144	0.2757425228905228	0.17239325951389822
0.2413969843502498	0.2069783248852983	0.10346479189257404	0.27574273955971473	0.1724171593121629
0.24122245326898556	0.2067897854566412	0.10355483413258562	0.27600114094905026	0.17243178619273714
0.24129320423644962	0.20684550614134778	0.1033580560124625	0.2760932804788854	0.1724099531308545
0.24141658384600578	0.20715483694423148	0.10333290161448114	0.2757366283764242	0.17235904921885717
0.24129506213000906	0.2067980355403941	0.10355179529693437	0.27604464895069114	0.17231045808197104
0.24140858951091482	0.20671107616273648	0.10353077537906544	0.27592937161196796	0.17242018733531506
0.2413457433781361	0.20675418218419966	0.103512249644991	0.27606336074620547	0.17232446404646753
0.24141276321697652	0.2069380437253649	0.10334339620008143	0.27588010506224614	0.17242569179533077
0.24145057188421523	0.20708038507983456	0.10336226103602283	0.2757374764657865	0.17236930553414065
0.24128466389183667	0.20701765133727143	0.10333721966626518	0.2760183534269438	0.17234211167768268
0.2413701667435514	0.2070870606489697	0.10333256896189337	0.27591087707278333	0.17229932657280198
0.24129154961674265	0.20715699757058828	0.10344663938739596	0.27581769260384237	0.17228712082143044
0.24136615886488744	0.20687443242825562	0.10338945398384669	0.27606240810501187	0.1723075466179981
0.24142197990762998	0.2068160717761772	0.10333847094975232	0.276033328329803	0.17239014903663727
0.2414009087041934	0.20692749452809223	0.10344051673183595	0.27586069393322693	0.17237038610265126
0.24141147666630675	0.20714351097671033	0.10341349923118213	0.27575542495193806	0.17227608817386245
0.2413206471214861	0.2068861805090447	0.10349964957044215	0.2759679483729555	0.17232557442607127
0.24139547466139055	0.20680790099607302	0.10340488234394275	0.27608004637410266	0.17231169562449078
0.24142112979581704	0.20696673318669523	0.10342586047944559	0.27578836297617804	0.17239791356186387
0.2413916312156351	0.20692086699626513	0.10351402012845515	0.2757978411346895	0.17237564052495488
0.2413958101758266	0.20692700393066388	0.10347032996614737	0.27587011689621693	0.172336739031145
0.24140226277799887	0.20701428983854528	0.10335108255156912	0.2758912379398151	0.17234112689207137
0.24121400179521235	0.2068519831240227	0.1034590970494078	0.27609904991557566	0.17237586811578123
0.2412069025809885	0.20700866374356483	0.10339739640585666	0.2761005131959917	0.17228652407359804
0.24130946756428792	0.20697877397102257	0.10343915636224414	0.2759474420142895	0.17232516008815557
0.24146618781693005	0.20685252223456377	0.10349252531156859	0.275812488410518	0.17237627622641943
0.24144078356020218	0.20684412455267281	0.10353504407913798	0.275735237821468	0.17244480998651876
0.24145150175892782	0.20676319152814235	0.10353919061896774	0.2759639704963072	0.1722821455976546
0.24148122128070992	0.20693567440796795	0.10338164854785703	0.27591834737646326	0.17228310838700164
0.24125722889906842	0.2071513698645909	0.10338328496145824	0.2758470723149575	0.17236104395992474
0.24119365895741604	0.20689821020528681	0.10354310994460456	0.2760002815304889	0.17236473936220345
0.24141439039957444	0.20681508448991986	0.10345365143659188	0.2758974708370018	0.1724194028369118
0.2412518062871779	0.2068434579022714	0.10346030902798678	0.27607021235992607	0.17237421442263762
0.24141172028457455	0.20695141346002663	0.10336010235478364	0.27598418329902774	0.1722925806015872
0.24121249876610437	0.20707868972118876	0.10342443874488602	0.27599016014571315	0.17229421262210748
0.2413440036313994	0.20681910505770854	0.10354934718182453	0.27584797762080937	0.17243956650825784
0.2413347585841311	0.206824370782498	0.10336610094270157	0.27606136889228494	0.17241340079838416
0.24142894479972432	0.20675964017271772	0.10353734660322828	0.2759131092121818	0.17236095921214764
0.2412370184004463	0.20680569050311845	0.10353190605589507	0.2760287580871649	0.17239662695337502
0.24142672290883543	0.20684365287213685	0.10338054938361806	0.27592286597144516	0.17242620886396426
0.24119194096605157	0.20704961484532697	0.10339096052814156	0.27609453722387484	0.17227294643660485
0.24147414591274413	0.20695494617244486	0.10353267614430367	0.27572617730409704	0.17231205446641001
0.24140557268142993	0.20688218384730056	0.1035673223891754	0.2758523288750171	0.1722925922070768
0.24132554592613822	0.20690824652293194	0.10341162998161456	0.2759646808353626	0.17238989673395244
0.24120961520387765	0.20706496234137287	0.103472451319139	0.27596901005834373	0.17228396107726654
0.2414209024382623	0.20682214045914973	0.10342910130649748	0.27591677246606616	0.17241108333002408
0.2412028883439511	0.20713166644143965	0.10353484315615934	0.2757807979731639	0.17234980408528572
