0.24153081793066244	0.2116036736361748	0.10122045198763129	0.2762717997805307	0.16937325666500055
0.2415230682833674	0.21158201344500766	0.10123515484638518	0.27627419477090837	0.1693855686543312
0.24155140809986617	0.2116039881015554	0.1012316602020493	0.27623979569151613	0.16937314790501273
0.24153434740880048	0.21158437863093738	0.1012029991572921	0.27630524337393936	0.16937303142903043
0.24155812415777184	0.21161918181778397	0.10122008405032162	0.27622029298154543	0.1693823169925769
0.24154626834512496	0.21161579907033107	0.10121782311940523	0.2762780850292	0.1693420244359385
0.241547079579351	0.21158474865621288	0.10128573079480319	0.27620693322115436	0.16937550774847832
0.24154765689532698	0.21159394838099385	0.1012195977620729	0.27627081814680865	0.16936797881479737
0.2415255439866203	0.2116151130141299	0.10120658280984293	0.276258343056543	0.16939441713286357
0.24152744788821498	0.2116018797808513	0.10123236275266605	0.27624851070599254	0.16938979887227487
0.241542294142309	0.2115874521691011	0.10130336409229289	0.2762140203128969	0.16935286928339988
0.24153677280614655	0.2116332007078234	0.10119642790994547	0.27625012920062175	0.16938346937546256
0.24152620297510616	0.21162438627645505	0.10126067561626406	0.2762446968165214	0.1693440383156531
0.24154020939559723	0.2116118194902179	0.10119809316859356	0.27629915659633464	0.16935072134925644
0.24155050966026026	0.21163593599970415	0.10119794059116605	0.27623953680339486	0.1693760769454744
0.2415367901424738	0.21163078371077168	0.10121096940696472	0.27627183077384704	0.16934962596594247
0.24154884701817242	0.2115957948709064	0.10128327784696793	0.2762084198887953	0.16936366037515768
0.2415238087151921	0.2116377149345389	0.10123891025497184	0.27624773574582784	0.1693518303494691
0.2415442303198384	0.2115993503040835	0.10122126157419489	0.2762657416330707	0.1693694161688123
0.24152268678800448	0.21161397401606571	0.10126919860796645	0.27622493873086196	0.1693692018571012
0.24152254846436472	0.2115928253435527	0.10120929410912402	0.2763195047304414	0.1693558273525169
0.24155346904487882	0.21159593952289954	0.10128241063122528	0.2761961060225581	0.16937207477843802
0.24153785984548057	0.21158626382686485	0.10119798348671698	0.2763217168846376	0.16935617595629976
0.2415244752446597	0.21160858917821593	0.10120984643214996	0.27628066996351885	0.16937641918145532
0.241533239429907	0.21158800918446294	0.10130436262917708	0.2762199908511964	0.16935439790525633
0.2415544043851509	0.2116390722214658	0.10123554602599603	0.2762015012876806	0.16936947607970637
0.24152513386811786	0.21159846590410025	0.10124904261458606	0.27623238036230663	0.16939497725088892
0.2415528226145743	0.21161520511760815	0.10119628767820496	0.2762594667167589	0.16937621787285345
0.24154188087252426	0.21160139368033104	0.10119557033214063	0.2763129166482206	0.1693482384667832
0.2415421212180614	0.2116175237285548	0.10124123038228158	0.27625099835811473	0.16934812631298718
0.24153467137640666	0.21163157544778616	0.10124698901223887	0.2762146256797991	0.16937213848376897
0.24154418660236812	0.21161144289928122	0.10123265953062756	0.27626837998450215	0.16934333098322069
0.24152458343778155	0.21161791082737383	0.10122152919507672	0.2762700874040712	0.16936588913569645
0.24153534163561702	0.21162253651695903	0.10119807353713815	0.2762515582337251	0.16939249007656043
0.24155415792702617	0.21158893575383697	0.10124365228555733	0.27623095129819886	0.1693823027353804
0.24153451304191262	0.21161034462346406	0.10120090290147749	0.2762819804828519	0.16937225895029367
0.24154236510580263	0.21163010856228706	0.10123531234958562	0.2762143859364665	0.1693778280458579
0.2415544520678188	0.21160230204046887	0.10121803294683185	0.27623573636420506	0.16938947658067513
0.2415440054586221	0.2115995241305945	0.10130067397601966	0.27620276464608995	0.16935303178867353
0.24153062384018126	0.21163217026844736	0.10120356386584697	0.27624480883489444	0.1693888331906297
0.24152323249648305	0.21160265814648457	0.101245152403393	0.27627366913559037	0.16935528781804876
0.24153780571605968	0.21158731702230998	0.10129199262449723	0.2762180024721254	0.16936488216500745
0.2415447515125722	0.21163017514796764	0.10120816870238068	0.2762716207054193	0.16934528393165996
0.24152410289279516	0.21162537293604086	0.10123564843216291	0.27625966738626007	0.16935520835274076
0.2415248573664872	0.21160035822526604	0.10121412083454999	0.2763165216156251	0.1693441419580714
0.24152333995474556	0.2116098211128376	0.10129556159243226	0.27619656065992376	0.16937471668006054
0.2415383739308617	0.21162715070068303	0.10119962131011953	0.27625030858965915	0.16938454546867632
0.24152317755504776	0.21158725351406849	0.10129619368388376	0.2762368528652042	0.16935652238179552
0.24153500972347808	0.21160474072797433	0.10122899864955821	0.27625707901983004	0.1693741718791591
0.24155157172189745	0.2116242472194377	0.10121275411343887	0.27625595129654273	0.16935547564868297
0.24154454540223358	0.21159237643823825	0.10125536445881093	0.27623765445839477	0.1693700592423222
0.24154942470994903	0.21159054585592502	0.10127414536930265	0.2762164661418544	0.16936941792296864
0.2415240344995434	0.21158283158324426	0.10124674851850361	0.2762814220196429	0.16936496337906556
0.2415539109921624	0.2116137338652689	0.10120432858697015	0.2762552321704791	0.16937279438511924
0.24153453815773235	0.21161025347435514	0.10126787131715156	0.27619637145779785	0.16939096559296288
0.24153842377184118	0.21161922947458708	0.10123031979893811	0.2762598684359797	0.16935215851865365
0.2415582843267633	0.21160740558896363	0.10123552935280374	0.2762315069548752	0.16936727377659394
0.24153268729743543	0.2115920592866266	0.1012210851621132	0.2762797911495353	0.1693743771042892
0.24154046651145156	0.21162314201211338	0.10123575641890345	0.2762472389981176	0.1693533960594138
0.24153649730551824	0.21161778242095003	0.1012493513209517	0.27623551683443054	0.1693608521181492
0.2415431925105792	0.2116201936489638	0.10128557096761234	0.27619706095086793	0.16935398192197645
0.24154715450168124	0.21158885028584923	0.10124972207525323	0.27622414220292024	0.16939013093429584
0.2415388559552507	0.21159133252328105	0.10119921287159224	0.27630624550882044	0.1693643531410553
0.24155386376702584	0.2115927555080742	0.10120413800667753	0.2762637305274277	0.1693855121907945
0.24155866818314609	0.2116045326763412	0.10123445572272055	0.27620723358438315	0.16939510983340875
0.2415387340387441	0.21158743379527795	0.10123390594378578	0.27624853971259433	0.16939138650959762
0.24154750963076727	0.2115973144059106	0.10121584283364579	0.2762528833171762	0.1693864498124999
0.24152956851995921	0.21160319409624237	0.10129665330695102	0.2761974192961645	0.16937316478068268
0.2415347273315846	0.21161303211896912	0.101287106061271	0.2761958274578033	0.1693693070303717
0.24153118082410258	0.2116048771100312	0.1012211604347689	0.27625510112136653	0.16938768050973058
0.24155795244584571	0.2115890833640231	0.1012056335576519	0.2762956893091994	0.16935164132327965
0.24153077394806777	0.21163119028967373	0.10129220447887946	0.2761930402439068	0.169352791039472
0.24152738344577254	0.21162580123932614	0.1012646529929776	0.27620642578091853	0.1693757365410049
0.24154819598843688	0.21163544649882055	0.10123726496038254	0.2762174685065669	0.1693616240457928
0.24152360352351027	0.21158576612475533	0.10120622417823666	0.27630338936471793	0.1693810168087796
0.24155289258669482	0.2116021416821403	0.1012291552417694	0.2762633993622931	0.16935241112710211
0.2415250676101458	0.2116104024753051	0.10122990437128532	0.27626656243839676	0.1693680631048668
0.24154357506394336	0.21159370430044688	0.10119998343076031	0.27630962000205994	0.16935311720278923
0.24155408729594915	0.2116219159165685	0.10121879247515986	0.2762488224658852	0.16935638184643698
0.2415464514258903	0.21158449219538603	0.10125641828528084	0.2762427060631094	0.16936993203033315
0.2415528091159288	0.21163482237855508	0.10120378376511795	0.27623483490445344	0.16937374983594447
0.24153466883582347	0.2115908076075355	0.10123262692490453	0.27626057249306846	0.16938132413866777
0.2415352633400153	0.2116224165049309	0.10128052252084202	0.27619840381892286	0.16936339381528864
0.24155634155449984	0.21162227457877306	0.10119987542946066	0.2762260026271293	0.16939550581013688
0.2415222656487807	0.2115871616635021	0.10129534999381139	0.27620593957956674	0.16938928311433876
0.24155373074524056	0.2116150122573459	0.10125152889876235	0.2761930816035649	0.169386646495086
0.24154228367688282	0.2115924197199841	0.10124519866284218	0.276236880515052	0.16938321742523857
0.24153928161848073	0.21158361120234112	0.10129634368965491	0.2762336280221978	0.16934713546732516
0.24154880082281577	0.2115825736435108	0.10132576884746566	0.27619864045436876	0.1693442162318388
0.24153510355723673	0.21161626720263788	0.1012781862184269	0.2762036288386576	0.16936681418304064
0.24155352589129828	0.2116358264677352	0.10120695329178922	0.2762548242148898	0.1693488701342873
0.24154063734975673	0.2115981800295758	0.101235924522475	0.27627244623983227	0.16935281185835996
0.24153761771307758	0.21160490729574624	0.10119955222399726	0.2762793408059963	0.16937858196118236
0.24152756675256423	0.21164094510346668	0.10120338444274704	0.2762690532172993	0.16935905048392252
0.24154118015784812	0.2116294092867852	0.10126550913280254	0.2761935671781323	0.16937033424443157
0.24153726578447865	0.21162152316225918	0.10120837976458989	0.27623921979994454	0.1693936114887275
0.24152481194944184	0.21161823852508801	0.10123450383869936	0.2762389475925304	0.16938349809424014
0.24152946368431516	0.2116083603846989	0.10123067564867257	0.2762441187382563	0.16938738154405686
0.2415290189042773	0.21162297720407228	0.10123520220595844	0.27626242297761006	0.16935037870808164
0.24155630688181878	0.21158759682338307	0.10120380456345976	0.2763025951780774	0.16934969655326076
0.24154862553251438	0.21160245928639035	0.10120427077146954	0.2762513521813347	0.16939329222829083
0.24154256850046768	0.21159232439174766	0.10122384616315797	0.27629172831103777	0.1693495326335887
0.2415357246439107	0.21161839047057066	0.10128994350387625	0.2762133335468763	0.1693426078347658
0.2415434473481011	0.21162796368122688	0.10124808062451499	0.2762084208175363	0.16937208752862046
0.24154024514646721	0.2116212045481492	0.10125830864609543	0.2762373746104495	0.1693428670488384
0.24154683133312246	0.21158643628635312	0.10131106323285799	0.27620018500894494	0.1693554841387212
0.2415269633938183	0.21159541007658375	0.10128999749210055	0.2762142786463315	0.16937335039116563
0.2415240744925281	0.21160184312438907	0.10125386069518631	0.27627322750008143	0.16934699418781485
0.24153359038200906	0.21162225624646913	0.10125933712259651	0.276207807650867	0.16937700859805807
0.2415472660828041	0.2116128467754015	0.10128162826122956	0.27620061142720637	0.1693576474533582
0.24152285383555813	0.21159971518924925	0.10123812849530217	0.27625048894779064	0.16938881353209959
0.24153480164949662	0.2116283697720588	0.10120059341296729	0.2762446311284773	0.16939160403699977
0.24153506330449967	0.2116201752091278	0.10126076844751192	0.27621943180077285	0.1693645612380875
0.24153466651870523	0.21159075824315565	0.10122016787459358	0.276278620277028	0.1693757870865173
0.2415291515697408	0.2116278094048975	0.10120818340147834	0.27625479154963845	0.1693800640742447
0.2415398548998855	0.21163620528100408	0.10119512853543967	0.2762759442051685	0.16935286707850197
0.24155510540098368	0.21158946685761804	0.10121673047763009	0.27628788193100234	0.16935081533276558
0.24153982212115088	0.21159131475650178	0.10120924046971698	0.27630045914153817	0.16935916351109195
0.2415578761172225	0.21158335804214368	0.10127084807411942	0.27621198615510023	0.16937593161141395
0.2415485318983136	0.21163439217517957	0.10124860792746053	0.27621836331363914	0.16935010468540693
0.24154721531949397	0.21160051738945265	0.10128590577775945	0.27620953577379237	0.16935682573950137
0.24153290811990563	0.211624786352584	0.10121697292124687	0.2762492495711817	0.1693760830350816
0.24152398760384322	0.21161985789744842	0.10129485511444082	0.276202673605247	0.16935862577902033
0.2415297436482507	0.2115990032716448	0.10127372177574105	0.2762180540803952	0.16937947722396804
0.2415472861169723	0.21158354090113482	0.10120435975544882	0.27627899385993093	0.1693858193665129
0.2415483971342478	0.21162361369503965	0.10123560408855703	0.27623706813258253	0.16935531694957276
0.24154344035537317	0.21163240841614012	0.10124118161529731	0.27620660585006673	0.16937636376312243
0.24153969080145138	0.2116353229116157	0.10121217473520963	0.27622387228643275	0.16938893926529033
0.2415388317213666	0.21160914089348254	0.10129101123286759	0.27621857073404393	0.16934244541823915
0.24154277370064509	0.21158959873165392	0.10128771146016234	0.27620186423306653	0.1693780518744719
0.24154031951266877	0.21161750859247178	0.10124441616874091	0.27620219411266744	0.16939556161345087
0.24154294298385043	0.21158459374844898	0.1012145460635527	0.27630498162798406	0.16935293557616357
0.24153686073655792	0.2116217375176474	0.10124646606331032	0.2762452403598824	0.16934969532260172
0.2415413513275352	0.21160646255685361	0.1012926430283901	0.27621728539133356	0.16934225769588726
0.24154220625196032	0.2116129739159003	0.10123062513601119	0.27625188345210244	0.16936231124402545
0.24152886555813802	0.21159380606245812	0.1012431542391637	0.2762796852342527	0.16935448890598714
0.24152822922287814	0.21161120014711468	0.10123802166062565	0.2762357120162936	0.16938683695308768
0.24154718452546964	0.21162030859245368	0.10122506156302026	0.2762624457330439	0.1693449995860122
0.2415409666838333	0.211627954027404	0.10124484229155199	0.2762114705702654	0.16937476642694507
0.2415432222058261	0.21160080116262214	0.1012547794795491	0.27624159076768023	0.16935960638432218
0.24153373512595783	0.21161606384169304	0.10127247455080074	0.27623270501514174	0.16934502146640645
0.24152756477257087	0.211623106245095	0.10129565154756194	0.2762007435926979	0.16935293384207403
0.2415442189529924	0.2115953599155837	0.1012601471952116	0.276208404824969	0.16939186911124307
0.2415370257524571	0.21161608990618958	0.10121619202171109	0.27628495588166724	0.1693457364379748
0.2415235805783607	0.2115978737986323	0.10130286855454583	0.27619542748141024	0.16938024958705072
0.24154310727388323	0.21163972245311372	0.10123634185344935	0.2762155420327326	0.16936528638682088
0.2415541726796844	0.2116315981564503	0.10124914925902664	0.276218475168484	0.16934660473635438
0.24154792676538633	0.21163849408865743	0.10125860941807294	0.27619888008500365	0.16935608964287938
0.2415361569134417	0.21159870915130902	0.10124724583066237	0.27626614409564104	0.1693517440089456
0.24153477614408067	0.21159491040852121	0.10124881035360409	0.2762260744134678	0.16939542868032598
0.2415360201226817	0.21162076693267048	0.10127171595762638	0.27622710036160225	0.16934439662541895
0.24154378720647784	0.21160269791360392	0.10125094918401367	0.2762518347191567	0.1693507309767476
0.24154176512868658	0.21161708587770683	0.10122341066605885	0.27625639249616196	0.16936134583138557
0.24152281281466326	0.21163979814288547	0.10122042236242253	0.27623857568926136	0.16937839099076712
0.24153099927158844	0.21158580839986735	0.10132374111902014	0.2762168116047852	0.16934263960473864
0.24152935695669506	0.2116332419591663	0.10124012479028524	0.27623735310603675	0.16935992318781637
0.24152970367582322	0.21163228522561703	0.10122688520832085	0.2762458470552496	0.169365278834989
0.2415456786417521	0.2116042889111922	0.10123534388310912	0.27623762960257836	0.16937705896136798
0.24155006186422145	0.2115985210326661	0.10124629368078611	0.27622401712753597	0.1693811062947901
0.24154131629933268	0.2116200588093579	0.10124872663834147	0.2762219349557723	0.16936796329719542
0.24153173160495062	0.21158934305161667	0.10124419913297315	0.27626346683609015	0.16937125937436917
0.2415399513241233	0.21159143501401437	0.10121216785291602	0.27628231824626726	0.1693741275626788
0.24155828891833095	0.21163677261147879	0.10120329960238947	0.2762367193080987	0.1693649195597019
0.24152802300530007	0.21162135968109194	0.1012161012753639	0.27628456394344003	0.1693499520948038
0.2415390790371964	0.2116076747808259	0.10127461689410962	0.27622688230118764	0.16935174698668018
0.24155007040572707	0.21160862521613655	0.10120632040278305	0.27627194590532095	0.16936303807003217
0.2415364711271111	0.21158879512546552	0.10129720044765832	0.2762060305012123	0.1693715027985525
0.24154368263956405	0.21160272250531573	0.10124579104073834	0.27621825464584837	0.16938954916853327
0.24152626799549098	0.2115918947103862	0.10120715749700286	0.2763055097876339	0.1693691700094858
0.2415301623103639	0.21159504466605855	0.10120171592675739	0.27630810402730277	0.16936497306951712
0.24152234118030036	0.2116022381056902	0.1012027816487151	0.27629985065787943	0.16937278840741465
0.24153397706761004	0.21159241449934013	0.10123871626719352	0.2762537715530963	0.1693811206127598
0.24155117992308825	0.2116123271831949	0.10126019622802102	0.2762233871675743	0.16935290949812132
0.24152377087370136	0.2116241069028611	0.10122862499374549	0.2762654739778104	0.16935802325188137
0.24155785580384287	0.21160313553162474	0.10124955745094565	0.27620548329032213	0.16938396792326443
0.2415336259080197	0.21158914492304928	0.10122465913457072	0.27625747125020167	0.1693950987841584
0.24154749213769675	0.21162453078904042	0.10124976787468327	0.276218127658682	0.16936008153989732
0.24155104392818935	0.21160946349588927	0.10121661415156086	0.2762801069442622	0.16934277148009805
0.24155820747437168	0.21159472875315247	0.10121762127141795	0.27626874807253576	0.1693606944285219
0.2415448988697652	0.21158743695816445	0.10130007747676721	0.2761982445076355	0.16936934218766736
0.2415324171041281	0.21158790044473483	0.10130138768414954	0.27619551518797636	0.16938277957901093
0.24152377115998572	0.2116014583670024	0.10128052179371269	0.27620690531039754	0.16938734336890138
0.24152762297375968	0.21161753286251606	0.10119743001815865	0.2762734591255344	0.16938395502003098
0.24152233591597877	0.21161483495757039	0.10120017215576543	0.27627264541042684	0.1693900115602583
0.24152239157852276	0.21163457651402842	0.10126662257853523	0.2762103796348867	0.1693660296940266
0.24153042128992544	0.2116020127057835	0.10123331624068699	0.2762584695568218	0.16937578020678204
0.24153974321845956	0.2116346508687596	0.10128283073418087	0.27619888447362717	0.16934389070497255
0.2415275358751699	0.2116238323331194	0.10119970252229128	0.2762540490082741	0.1693948802611451
0.24155678769689154	0.2116178500933937	0.10119691436680202	0.27624715971884944	0.16938128812406306
0.24154920666869234	0.21158650014801683	0.10122509466553715	0.27626830457114526	0.16937089394660815
0.2415561755794885	0.211622237629233	0.10124340883704341	0.27623316392290986	0.16934501403132501
0.24152762389496968	0.2116362903849947	0.1012160005552714	0.2762766077608717	0.16934347740389222
0.24155221621225179	0.21158367136216974	0.10122965269159924	0.276260696544716	0.16937376318926298
0.241522789705232	0.2116218182285082	0.1012827972443207	0.27622109402395334	0.16935150079798553
0.24154644385748028	0.21163963026861257	0.10123267687693631	0.2762143899342895	0.16936685906268112
0.24155892866956996	0.2116077635540694	0.1012345340846539	0.27621478109807335	0.16938399259363313
0.24154983728098411	0.21163535561355573	0.10121017128029401	0.27622474625345594	0.16937988957171
0.2415277069911539	0.21163461540707185	0.10120246348183874	0.27625441279993324	0.169380801320002
0.24154774060845208	0.21163559730683923	0.10125876439300377	0.2762070116463201	0.1693508860453845
0.24153138040558494	0.2115899999396311	0.1012032981496848	0.27628925661604953	0.1693860648890494
0.24152847456458695	0.2116184346825485	0.10126755094559946	0.27622411499544086	0.16936142481182392
0.24155528070462579	0.21163071336006628	0.10119601016757108	0.27622941400093065	0.1693885817668059
0.2415220665902425	0.21163934722365058	0.10125861059058623	0.2762103670619729	0.16936960853354752
0.2415570016733268	0.2116141848552413	0.10122323681141186	0.27622984176064685	0.16937573489937294
0.24154595960923128	0.21160308970891953	0.10127281717864531	0.27620544269962094	0.1693726908035827
0.24152835630713765	0.21158626872168879	0.10121732618611151	0.2762977760213938	0.16937027276366798
0.24152448663086779	0.21162860313630466	0.10121345851779948	0.2762436962190519	0.1693897554959759
0.24154924505006098	0.21158587945103835	0.10121533230165332	0.27627629633654915	0.16937324686069796
0.24153767910582086	0.2116160748299637	0.10124506638760407	0.276238253950865	0.16936292572574616
0.2415290537326624	0.21159045029233794	0.10122937836936725	0.2762988619643138	0.16935225564131834
0.2415420743156757	0.2115996681467136	0.10123452023554234	0.27627839045823727	0.16934534684383085
0.24154224836265892	0.21161975564558827	0.10121158264485369	0.2762345407604404	0.16939187258645846
0.24154633800285316	0.21161541221618138	0.1012517778517391	0.2762188579189531	0.169367614010273
0.2415464115595142	0.21159279750745288	0.10125854577692019	0.27620951290747214	0.16939273224864032
0.24153780600785008	0.211637644633181	0.1012161564559859	0.27624496487361244	0.16936342802937032
0.24152377243065132	0.21159650335555213	0.10123538491122212	0.2762742891583825	0.1693700501441917
0.24153377057742048	0.21163185081444946	0.1012228343793864	0.2762417675084201	0.1693697767203233
0.24152413115703564	0.21160262740468608	0.10120105195260663	0.276312406641739	0.1693597828439324
0.24154598782986847	0.21158581731597817	0.1012724500513728	0.2762394881056376	0.16935625669714266
0.24154097238494268	0.21158367932863925	0.10128535765213237	0.27622765448911885	0.16936233614516663
0.24155151053715107	0.21162671387567614	0.10124520469426057	0.27620555051705287	0.16937102037585913
0.24154842490408365	0.21159329573730457	0.10124947531764471	0.27622162120009974	0.16938718284086704
0.24153337807872638	0.2115914989513141	0.10130442338299026	0.27619483030277364	0.16937586928419537
0.24153287048297878	0.21162242380428203	0.10124253730864766	0.276211450671676	0.16939071773241524
0.2415391630649788	0.21160894024246651	0.10121246572417078	0.27624884321355603	0.16939058775482765
0.24152755720542785	0.21158369561316126	0.10125102706556192	0.27628986746902423	0.1693478526468245
0.24154569374871862	0.2116379337382916	0.10124264703331103	0.2762280298710255	0.16934569560865298
0.24153757139362764	0.21161269172077557	0.10126748840767474	0.2762159785559837	0.16936626992193818
0.2415427240588316	0.21160136860726736	0.101259882828254	0.27623025106679694	0.16936577343884984
0.24154808848307036	0.21162688165229157	0.10124228891583807	0.27619417326904067	0.1693885676797591
0.2415259276544382	0.21163184785921574	0.10120096858912375	0.27626280981488227	0.16937844608233982
0.24153147964299698	0.2116358672819938	0.10125796122230456	0.27623211879777076	0.16934257305493364
0.24153320457635988	0.21160703503733128	0.10125856904943852	0.27624277978804335	0.1693584115488267
0.24154799750814068	0.21160738128782533	0.10123970314362606	0.27622604384202254	0.16937887421838516
0.2415493618752831	0.21162749556389426	0.10123875284263963	0.27622044652173366	0.1693639431964491
0.24152696705437018	0.211615520418223	0.10125250722233939	0.2762482039550449	0.1693568013500223
0.24155350843553627	0.21158549277157257	0.10127741996051944	0.276237662359132	0.16934591647323952
0.2415289513719746	0.21161051767749683	0.10123837778988608	0.2762588507768635	0.16936330238377872
0.24152631527681973	0.2116132218401578	0.10125516234111287	0.2762541971546709	0.1693511033872384
0.24152320271545974	0.21162792780353656	0.10120403189916075	0.27625588211357827	0.16938895546826443
0.24155475242492738	0.21161730768706155	0.10121342719564054	0.27622124243875723	0.169393270253613
0.24153030659003388	0.2115869925320151	0.10125635123101061	0.27627882954944194	0.1693475200974982
0.24153522504532154	0.21159000735181419	0.10126706027785136	0.2762160454216199	0.16939166190339275
0.24154360319521448	0.21159840743556535	0.10125599327776258	0.2762338441384061	0.16936815195305124
0.24154388500672547	0.21160438478540441	0.10125429117883869	0.2762551103920321	0.1693423286369991
0.24153228553763456	0.21159931695273834	0.10125740573865642	0.276251901693543	0.1693590900774274
0.24154588256067133	0.21162218230836294	0.10119637166188913	0.2762856735768784	0.16934988989219796
0.2415352950071512	0.21159319769422097	0.10129519453191668	0.2762315247742123	0.1693447879924986
0.2415426920274228	0.21158245081966978	0.10129817044934263	0.2762345073300381	0.16934217937352644
0.24152892408051335	0.21160663116193676	0.10120793757142595	0.2762868669620465	0.16936964022407713
0.24153059915740532	0.2116157570740617	0.10129900498174133	0.27620648969390166	0.1693481490928898
0.24152557020403403	0.2116188510191596	0.10126538023714306	0.27623726292486817	0.16935293561479492
0.24153739325963336	0.21161481562455628	0.10127588080584451	0.2762226857711248	0.1693492245388408
0.24155880984804506	0.21159383815765245	0.10126981437860512	0.2761938766690326	0.1693836609466645
0.2415353612019654	0.21163387062488154	0.10123558725295229	0.2762197132401945	0.169375467680006
0.24154733246425764	0.21163551387264073	0.1012462879613585	0.27622275576395167	0.16934810993779126
0.24153196909641642	0.21163417097669932	0.10126338756964585	0.27622049653292674	0.16934997582431144
0.24155869445845868	0.21162028096858734	0.10123416156608374	0.27621062835729937	0.16937623464957058
0.24152691568938256	0.21158239764770498	0.10122943088205302	0.276312526036638	0.16934872974422122
0.24154380933454284	0.2115820511125869	0.10123009333966684	0.2762713356440514	0.16937271056915182
0.24152699181905746	0.21160326254259576	0.10121532275816048	0.2762876435182746	0.16936677936191147
0.24152434770221526	0.21158550418146582	0.10129003713439022	0.27624712068158286	0.16935299030034562
0.24155113013626867	0.21158488970988654	0.10128737978617922	0.2762035348935576	0.16937306547410777
0.24154635551481934	0.21158819102702695	0.10124252547470827	0.2762681983016966	0.16935472968174864
0.24153552839373274	0.21162306053635738	0.10122744345420195	0.276271890494052	0.16934207712165572
0.24152607818289618	0.21161324642011609	0.10126616448175997	0.2762321758276032	0.16936233508762433
0.24153612944617778	0.21162529552017265	0.10120466342629861	0.27626246144552186	0.16937145016182886
0.24153390653969548	0.2115909530739505	0.1012008285934516	0.2763214003458144	0.16935291144708772
0.2415281572592389	0.21161690498856736	0.10127095086005748	0.276220627172262	0.16936335971987404
0.24153332878643669	0.2116014113575226	0.1012397960441632	0.276269303504054	0.1693561603078233
0.2415417297945787	0.21162384608521972	0.10127772476054496	0.27619873506496784	0.16935796429468858
0.2415268648483644	0.2116357024413049	0.10124402812055848	0.2762119630676077	0.16938144152216428
0.24155221833731536	0.21159197026292173	0.10130316424685624	0.27620896125956307	0.16934368589334328
0.24155269157774995	0.2115877206537907	0.1012191550189008	0.27624807660053685	0.16939235614902143
0.24153288377348514	0.21161704044645294	0.10129412286259198	0.27620989888651	0.16934605403095968
0.24154798473318828	0.21161223548267238	0.10121006007993029	0.2762516619039897	0.16937805780021914
0.24154461642298028	0.2116061003287571	0.10127346812809351	0.27619691901544474	0.16937889610472412
0.24154690648127183	0.2116284507399952	0.10125063339213493	0.2762229871133164	0.16935102227328136
0.2415242628597314	0.21161413294758763	0.10120708236317827	0.27628559765833904	0.1693689241711634
0.24154551875996694	0.2115936063740764	0.1012582071636686	0.2762096794099803	0.1693929882923075
0.24154901680986618	0.21158906889557946	0.10124070259766163	0.276268004069069	0.1693532076278235
0.24152265121328986	0.21160766675751808	0.10122193524572988	0.27625789942867085	0.16938984735479107
0.24154209852940578	0.21159291849840872	0.1012563167913375	0.27624839193739914	0.16936027424344863
0.24155501275356195	0.21160938841341542	0.1012016390242387	0.2762629141499896	0.16937104565879404
0.24155398686148755	0.2116037368066966	0.10121420293314323	0.2762549051015311	0.16937316829714125
0.24155751905477402	0.21159375777261352	0.10126245055575228	0.27622727122867186	0.16935900138818805
0.24153667296738968	0.21161255721053404	0.10123293498591124	0.27624978120380755	0.1693680536323572
0.24153729140356242	0.21163025362315804	0.10125207931091315	0.27621602613202406	0.16936434953034205
0.24152355506651818	0.21160695983933286	0.10122236690711467	0.2762608605493886	0.16938625763764542
0.24153195476361555	0.21158612428953724	0.1012379088422396	0.27629955424754227	0.1693444578570651
0.2415495097217446	0.21162892437494904	0.10120952931585907	0.2762474913791862	0.16936454520826086
0.24152968929586366	0.21159836802535523	0.10127015635908894	0.27620629963643034	0.16939548668326157
0.24152611249944136	0.21163015018644352	0.10121739169959346	0.2762791651935012	0.16934718042102018
0.24153328977665744	0.21162456603161978	0.10119658817233004	0.27626431688521663	0.1693812391341759
0.24153382147444133	0.21162590179657087	0.10129838450093455	0.27619817212023584	0.16934372010781715
0.2415258369763838	0.21163140349585363	0.1012806831186838	0.2761953620069235	0.169366714402155
0.2415279714190775	0.2115889587661064	0.10129327238800184	0.2762108898210084	0.16937890760580568
0.24153491836546825	0.21160169866213097	0.10125823779971879	0.27623867494063004	0.1693664702320517
0.24154120276167218	0.21158805794949168	0.10122233957760263	0.27629099705554594	0.16935740265568733
0.24155273120632906	0.2115922772868099	0.10125152618503322	0.2762106052885124	0.1693928600333152
0.24154321205832974	0.2116155981740288	0.10124567787628763	0.2762254159288628	0.1693700959624908
0.24154219416618788	0.21160655332869943	0.10126864226311484	0.276200383087817	0.16938222715418058
0.24154326511346502	0.21160470566393047	0.10126996569085997	0.27623128565275995	0.16935077787898434
0.24153785595155355	0.21161193785554505	0.10127974456369766	0.2762244293811324	0.16934603224807107
0.24154761989962217	0.21161457944123027	0.10123435489883766	0.27624232215282873	0.16936112360748087
0.2415394821644021	0.21162981693542612	0.10120208283611085	0.27623554816158236	0.1693930699024783
0.24155608842461154	0.21163740364368688	0.10123284985943322	0.2762292737854941	0.16934438428677406
0.24153937668650377	0.2115853781514445	0.10125580732600369	0.2762416576634166	0.16937778017263125
0.2415370557884182	0.21161866432546206	0.10121754431595047	0.27627760681535984	0.16934912875480923
0.241531922407306	0.21158430881640852	0.1013052373690522	0.2762095418032666	0.16936898960396646
0.24152749570535226	0.2116354680078552	0.10124789244189816	0.276240789420562	0.1693483544243321
0.2415336322449374	0.21160486800403117	0.10119736885760953	0.27627553910735403	0.1693885917860677
0.24154089477476293	0.211591492947036	0.10119525910093666	0.2762805295227419	0.16939182365452232
0.2415299541244593	0.21160343591915518	0.10120360830888195	0.2762697667333369	0.16939323491416644
0.24153176385860625	0.21158432385187848	0.10122523982343337	0.27627446002358697	0.16938421244249466
0.24154641170624574	0.21160510100655686	0.10127947473517117	0.27619388175024157	0.1693751308017844
0.2415384459390521	0.21163499649955186	0.10121029289849458	0.276236962049155	0.1693793026137462
0.24153833691142867	0.2115870272972336	0.10121913529959818	0.2762667533395815	0.16938874715215774
0.24153999145107224	0.2116212283196948	0.1012453654003329	0.2762409432191897	0.16935247160971015
0.24154487403384667	0.2116200558168172	0.10122799537849991	0.27622010106547057	0.1693869737053654
0.24152877296296088	0.2116126595043658	0.10129104794256887	0.2762036967484469	0.16936382284165727
0.24153972085634662	0.2116238185582969	0.10124310771716535	0.27619979412403145	0.16939355874415943
0.24152360197423964	0.21159724929920457	0.10132471056266489	0.276195229367172	0.16935920879671865
0.24152601156075662	0.2115979649610133	0.10123258992078688	0.27629953773373356	0.1693438958237094
0.24154545109845485	0.21161569086183904	0.10124617166356467	0.2762284460615104	0.16936424031463077
0.24152897873266987	0.21162643571193265	0.10122240203702533	0.27627833634504273	0.16934384717332915
0.24153706344977577	0.21159485704618833	0.10123017066644277	0.27624810680195255	0.16938980203564036
0.2415237039820351	0.21161451873494586	0.10122323698023346	0.27624531553835047	0.16939322476443489
0.24154288536358928	0.21162918837918507	0.10124233728857013	0.27623255399562663	0.16935303497302867
0.2415556030145274	0.21162648539917697	0.10119822026058653	0.2762583327484308	0.1693613585772781
0.24155022512944407	0.21159138707860756	0.10124056497072989	0.27627449255922903	0.1693433302619892
0.2415255519356985	0.21162754783977974	0.10130182009709411	0.27619550846927754	0.16934957165814987
0.2415291796378063	0.21158928290020024	0.10127761891557424	0.2762567564738255	0.16934716207259343
0.24155684059398863	0.21161982372504234	0.10124965445302057	0.2762239295330182	0.16934975169493
0.24154808700673575	0.2115878445699807	0.10123194339389029	0.2762860402494333	0.16934608477995972
0.24153557748352994	0.2116251952582344	0.10128772589067045	0.2762017870164206	0.16934971435114432
0.2415473738400774	0.21158305915567088	0.10125756890235105	0.276236542983872	0.1693754551180284
0.2415465037875179	0.21158619508111828	0.10123495144362435	0.27625558556987706	0.16937676411786218
0.24154009765674886	0.21163517641978374	0.10121602128028888	0.27622532768235286	0.1693833769608254
0.24152688983339088	0.2115936519773545	0.1012371671605091	0.2762952911773223	0.16934699985142293
0.24152715648733636	0.21159054654515086	0.10129182220908803	0.2762096742137821	0.16938080054464233
0.2415373175233541	0.21161254942153446	0.10125508522997317	0.2762165411089621	0.1693785067161759
0.2415461723528381	0.21162298820815612	0.10126448023409693	0.2762034586786145	0.16936290052629413
0.24152257018297452	0.21161343439019925	0.10129321281880715	0.27621481310852514	0.16935596949949372
0.24154371133119262	0.21164076060890652	0.10120207506313053	0.27625156854257726	0.16936188445419284
0.241553470802993	0.21158986575676972	0.10126816289554272	0.2761941722053225	0.16939432833937185
0.24155882104261467	0.2115826445894676	0.10120201003712143	0.2763031647701485	0.16935335956064762
0.24153698838816087	0.21160343234510137	0.10128872674017052	0.27622307577465816	0.16934777675190885
0.24155073851126094	0.21163721735162336	0.10119977409131607	0.27625766256043566	0.1693546074853637
0.24152495265961482	0.21159242347560372	0.10124646998554347	0.2762701204046027	0.16936603347463502
0.2415336405443524	0.21163724997523362	0.10120743020445082	0.27625908629686025	0.16936259297910267
0.24155512795817616	0.2116087556264354	0.10123589714511788	0.27623429621040185	0.16936592305986842
0.2415518905352032	0.21162840144891837	0.10121006809990385	0.2762445775229757	0.16936506239299862
0.2415562592674878	0.21163085016028046	0.1012289364271486	0.27620844986918813	0.16937550427589476
0.241548263541715	0.2116385021216564	0.10123235047215927	0.27623568438671886	0.16934519947775023
0.24154384531527623	0.21160121455551084	0.10119815396515712	0.2762747380610535	0.16938204810300206
0.24155305878096162	0.21162005103384735	0.10119709696738222	0.276237621938183	0.1693921712796256
0.24153317575920155	0.21163196110537	0.10124405261744344	0.2761977678996877	0.16939304261829705
0.2415485438369622	0.21162910471040028	0.10122831359840435	0.2762003744722606	0.16939366338197237
0.24154439660760596	0.21162241260560277	0.10121732271127722	0.2762261170413605	0.16938975103415327
0.24154706874885418	0.21160808295314013	0.10121999050886625	0.27623920365916504	0.1693856541299742
0.24155034816884163	0.2116303521850632	0.10120638280720504	0.2762669516307046	0.1693459652081853
0.24153512136696825	0.21159802465290348	0.10125703077455729	0.27625278926714286	0.16935703393842785
0.24154685043668989	0.21161225492778135	0.10121150403920322	0.276281100455554	0.16934829014077135
0.24153750012989156	0.2116347724148031	0.10127271709145581	0.2761942311237971	0.1693607792400522
0.24153173443278872	0.21158424825044247	0.10125116340895615	0.27627129604258926	0.16936155786522314
0.24153335793239863	0.2116215078002493	0.1012454804634734	0.27624077617961385	0.1693588776242646
0.24155585449736716	0.21162108976978086	0.10123019545798492	0.2762066232425678	0.169386237032299
0.24154896380654103	0.2116207902884397	0.10126451338050324	0.27622273842428424	0.16934299410023151
0.24152264780539934	0.21160524169874867	0.10120671167626236	0.27629314446888903	0.16937225435070039
0.24155586894913528	0.21158365285920983	0.10122239056022805	0.2762793065870377	0.16935878104438892
0.2415325372840709	0.2116026132073379	0.10120448614510373	0.27628585381923965	0.16937450954424757
0.2415410167418016	0.2115997128359715	0.10124606727632085	0.2762667081037927	0.16934649504211308
0.2415278634184316	0.21161234753574285	0.10125547927915587	0.27622439437625634	0.16937991539041305
0.2415444185627577	0.21162483912118202	0.1012337417121348	0.27621024629052443	0.1693867543134008
0.24154889424471182	0.21160316995195175	0.1012402123697263	0.27624665412246113	0.16936106931114875
0.24152248435096874	0.21158849818049077	0.10128321459716817	0.27623690310454774	0.16936889976682434
0.24153935923869863	0.21159785153874375	0.10124968014174715	0.2762630671068749	0.16935004197393533
0.2415529031955153	0.21158332567087643	0.10124342173966733	0.276270699079574	0.1693496503143666
0.2415538840815075	0.21161894897440767	0.10126836402994838	0.27620124808839164	0.16935755482574458
0.24152484736614432	0.21161614063633927	0.1012588325886695	0.27623211741399467	0.169368061994852
0.2415380750055963	0.21162645769800173	0.10122759390887105	0.2762181927297319	0.16938968065779875
0.24152612967507026	0.21159147791645588	0.10131646043336823	0.27619866490795625	0.16936726706714916
0.24155049730356115	0.21162764914555354	0.10120864691551403	0.27625409328338285	0.1693591133519882
0.24153476439321261	0.21159672783021138	0.10122752850939981	0.27624595165786325	0.1693950276093127
0.24155425224094168	0.21162401879042042	0.10120175451028514	0.27625745005353397	0.16936252440481853
0.24155142396789958	0.21159617179986592	0.1012895277513383	0.27621905005942005	0.1693438264214759
0.24152979431092103	0.21158852172444265	0.10121435465329044	0.2763074940855882	0.16935983522575743
0.2415502168696578	0.21162460467074945	0.10123445912925773	0.2762379990438096	0.16935272028652518
0.24154671717372822	0.21159123142912115	0.10120845244976787	0.27626055767273344	0.16939304127464908
0.24152402941231693	0.21161589100316505	0.10130203258311823	0.2762131260715571	0.16934492092984244
0.24153238503788393	0.21161568454320123	0.10125245373664095	0.27620654198773537	0.16939293469453823
0.24154378430638684	0.21159086499700117	0.10127389310194759	0.2762122163706068	0.16937924122405734
0.2415549962824052	0.21162760487721918	0.10121464359976856	0.276222705179229	0.16938005006137782
0.24153562395001127	0.21162851353927165	0.10121369453830593	0.2762325347725434	0.16938963319986752
0.2415232878871649	0.21159984722655353	0.10125944473203483	0.2762420978320921	0.1693753223221544
0.24153788646029953	0.2116299060068994	0.10123818720317972	0.27620051519156735	0.16939350513805376
0.24155476887780852	0.21158662869042844	0.10129085637228208	0.27622226766094204	0.16934547839853867
0.2415352723227155	0.2116231155729785	0.10123983953620504	0.27625855038362523	0.16934322218447548
0.24153195750632994	0.21160731963161405	0.1013126991591563	0.2761995798547164	0.16934844384818307
0.24152347013729236	0.21160398674906694	0.10122924342202481	0.2762767569647472	0.16936654272686844
0.24153402139822108	0.211595746534332	0.10126660545913034	0.2762497720142744	0.16935385459404195
0.24155276851545796	0.21160499764122573	0.10119921653537227	0.27629876063485465	0.16934425667308914
0.24155326510722844	0.21159621628662237	0.10119706400365339	0.27628756886256167	0.16936588573993389
0.2415394187367378	0.2116407123709819	0.10123745490465881	0.27620098906124424	0.16938142492637703
0.24153257385038868	0.21159609314350117	0.10120327004554953	0.2762974980316524	0.16937056492890798
