0.19673683729544683	0.42649303754592616	0.3767701251586271
0.14102925584261017	0.6188046771445436	0.24016606701284643
0.27492396482396103	0.5087740114706767	0.2163020237053624
0.11981874890264868	0.2749279977211172	0.6052532533762343
0.2531875360362467	0.1563322166945069	0.5904802472692465
0.24359046132924295	0.10557865336452593	0.6508308853062312
0.0944237860288373	0.1440591733820128	0.76151704058915
0.19904042347839512	0.2701136066122779	0.5308459699093271
0.2851894893865189	0.6012214718918683	0.11358903872161294
0.06147082593809022	0.2763564570374084	0.6621727170245015
0.16611059311235854	0.15188602778812635	0.6820033790995153
0.08765897072403078	0.5800347355764051	0.33230629369956427
0.07778895097238614	0.20100876563497794	0.7212022833926359
0.20418245182345285	0.18671354083493313	0.6091040073416141
0.033671898985477566	0.04314297923350263	0.92318512178102
0.2200064290666585	0.2316843441370989	0.5483092267962427
0.22596473103107306	0.5839862330691096	0.1900490358998175
0.029256631978232583	0.2770088755499526	0.693734492471815
0.15987286552996394	0.3849991620206242	0.455127972449412
0.19951051261061556	0.5570299334555677	0.24345955393381677
0.18739887592697552	0.08737696798972702	0.7252241560832975
0.05386523946043398	0.1954461648335802	0.7506885957059859
0.025448223052733754	0.5321824682576275	0.44236930868963886
0.09608139475618349	0.21311088888295981	0.6908077163608568
0.025224870726664683	0.24850574975922257	0.7262693795141129
0.05271343830515063	0.09519772034334903	0.8520888413515005
0.17232806858245928	0.11233726504315802	0.7153346663743828
0.23635314305438035	0.42214807434768076	0.34149878259793903
0.03388475594586687	0.5117993368499631	0.45431590720417014
0.27997493075455127	0.6433290416879349	0.07669602755751403
0.1948694983094496	0.5296231309796473	0.2755073707109032
0.14336294648631276	0.42462592330306687	0.4320111302106205
0.0674814123546188	0.4596740807508308	0.4728445068945505
0.0315383362879843	0.6733107293325036	0.2951509343795123
0.01750372472415418	0.6675553874020498	0.3149408878737961
0.22146888222999458	0.5139440989547275	0.26458701881527813
0.16794123295495317	0.35568476558594414	0.4763740014591028
0.2202264244945173	0.23146257502856302	0.5483110004769198
0.27007306245989116	0.38131870434999904	0.3486082331901099
0.12229344872859799	0.3325836302054984	0.5451229210659037
0.18735356838519218	0.15467501690946228	0.6579714147053457
0.21611824740885036	0.45786583579789475	0.326015916793255
0.2712626443069928	0.5820863041826785	0.1466510515103288
0.2588842686971149	0.6357540301570557	0.10536170114582949
0.19708903268429043	0.24768899258014998	0.5552219747355597
0.047773176273839146	0.3357489288389952	0.6164778948871658
0.09068161305662342	0.10703327265691287	0.8022851142864639
0.10964304832773561	0.6517675428593119	0.23858940881295257
0.032772884900450605	0.17300707263698853	0.794220042462561
0.11950939062686464	0.20781768893908742	0.672672920434048
0.06072163268245068	0.580956924611447	0.35832144270610244
0.22800579798342988	0.6999122513123568	0.07208195070421347
0.18699648753580528	0.6710973664753487	0.14190614598884616
0.017928658021346522	0.42611987033889653	0.5559514716397571
0.26790556444236513	0.5669469136299106	0.16514752192772442
0.19264841838085775	0.08050863799914343	0.726842943619999
0.1425999630023902	0.5651786253976584	0.2922214115999516
0.27686600790754223	0.2668116856321991	0.4563223064602588
0.25399373924407304	0.3638852814917395	0.3821209792641876
0.03899218267404475	0.4412736480158299	0.5197341693101255
0.017362744494821336	0.16380140568002166	0.8188358498251571
0.020533119490433127	0.37052692718847513	0.6089399533210919
0.04921621438890561	0.6231005809457575	0.32768320466533696
0.20428078234843533	0.4247874216975737	0.37093179595399106
0.11034707646067832	0.549586851792142	0.3400660717471799
0.1709439356079379	0.4194511954557287	0.4096048689363335
0.10241587101707611	0.5401459802126674	0.35743814877025665
0.06669395357158575	0.22163220258131364	0.7116738438471009
0.2211747587268115	0.3350581591343796	0.44376708213880905
0.22734783083734816	0.12465631791392268	0.6479958512487293
0.2468366157075672	0.4523235663355963	0.3008398179568366
0.12236695698115152	0.08185526219444567	0.7957777808244029
0.1526204471075508	0.6096308921619706	0.23774866073047862
0.11483893159552083	0.24072555108177568	0.6444355173227037
0.030952813433057502	0.5564666015752029	0.4125805849917398
0.18394648559227122	0.7146798613996096	0.10137365300811929
0.1286565553635025	0.7143062655094128	0.15703717912708492
0.22212094762545637	0.4949921329055346	0.2828869194690091
0.10340327133463892	0.36276603121718887	0.5338306974481724
0.24575340955922154	0.7100470936402241	0.04419949680055446
0.25817153676297827	0.430491071558251	0.31133739167877084
0.21948875255845657	0.687054550135919	0.09345669730562459
0.19294174218907142	0.6117584626101954	0.19529979520073332
0.08882396450189717	0.08468676316920049	0.8264892723289025
0.07949196557178762	0.059064274805631145	0.8614437596225814
0.067227121160573	0.7093291952952763	0.2234436835441508
0.1930706974251915	0.16570843869380483	0.6412208638810037
0.065971168416258	0.16815778718006025	0.7658710444036818
0.2806618092443538	0.2650769025805689	0.45426128817507744
0.12128232494173191	0.463259812556583	0.41545786250168515
0.1995114845219977	0.630206613529643	0.17028190194835938
0.17680304073364828	0.14853339096489157	0.6746635683014603
0.20001063756433382	0.39696087434739336	0.40302848808827296
0.05390765799304942	0.06078349087484314	0.8853088511321076
0.16125956974759023	0.16343977351571226	0.6753006567366977
0.27794727565694116	0.5949104163843258	0.12714230795873313
0.06459116418038024	0.15466189466604635	0.7807469411535735
0.09909436673319327	0.40497972910112084	0.49592590416568605
0.12699061209503665	0.6592943513418082	0.21371503656315527
0.18480733399396454	0.10195103291943575	0.7132416330865998
0.07312074247127304	0.20409798842462368	0.7227812691041033
0.13620734281606464	0.70492030683538	0.1588723503485555
0.1625745338281547	0.7128417763971934	0.12458368977465206
0.20941148455946293	0.6136343798817994	0.17695413555873793
0.24364676400553875	0.1173859933707323	0.6389672426237291
0.05877600942643679	0.2717560067064159	0.6694679838671473
0.04295061242469922	0.6620916418725515	0.2949577457027494
0.08484478715813443	0.539381963909003	0.37577324893286274
0.0672913001151344	0.2526286764297674	0.6800800234550983
0.28107736522532434	0.2783641241383159	0.44055851063635987
0.1782198725455804	0.5707418958704622	0.25103823158395755
0.16758293212012979	0.6600738501452349	0.17234321773463546
0.19496824533795015	0.6869914112669391	0.11804034339511094
0.026726843691718183	0.6166659811513202	0.3566071751569617
0.12185822373191849	0.5337185933540564	0.3444231829140253
0.28234278908865085	0.49804050861749005	0.21961670229385916
0.17794677710840062	0.4308879678562201	0.39116525503537936
0.2381877209805689	0.38669518829407024	0.375117090725361
0.23028566224950822	0.4114046966746272	0.3583096410758647
0.15371829437667806	0.6864664552166337	0.1598152504066884
0.05512875101937498	0.3313558373062961	0.6135154116743291
0.04424854688428459	0.13803708660510422	0.8177143665106114
0.24927664523495183	0.36097067669031974	0.3897526780747286
0.2766234303923656	0.3624465451537519	0.3609300244538826
0.19725009069635455	0.07500550118564137	0.7277444081180042
0.21870168535351955	0.4089238465311953	0.3723744681152853
0.10058786161109182	0.6385494957172353	0.260862642671673
0.06578592540770706	0.5161818784780177	0.41803219611427533
0.13033037157021787	0.10774428018270205	0.7619253482470802
0.05761548708520131	0.18824529805740123	0.7541392148573975
0.2518739772003651	0.3074785932023036	0.44064742959733144
0.0364855387944506	0.5178596955660404	0.4456547656395091
0.18349003098757716	0.09167363190783157	0.7248363371045914
0.22213647625602212	0.4841744375121675	0.2936890862318105
0.17312530543021562	0.4625320923933748	0.3643426021764097
0.27862865449679575	0.04746876212678991	0.6739025833764145
0.0570374445145061	0.5359489963377481	0.4070135591477459
0.2161787837652317	0.7011314760547211	0.08268974018004732
0.11907953221401918	0.46148182005457955	0.4194386477314014
0.2103384946642521	0.07136781626673372	0.7182936890690144
0.23055618328781693	0.3539921587750958	0.4154516579370873
0.04866117001838516	0.36733042746004596	0.584008402521569
0.25005206715637623	0.33372115423371673	0.4162267786099071
0.13731518700051043	0.5011508070095176	0.3615340059899721
0.11328023688158459	0.6891778420562449	0.1975419210621706
0.0663057706546904	0.27851917195288267	0.655175057392427
0.14012724420896316	0.367047525001771	0.49282523078926593
0.15870117366928832	0.2540862660256188	0.5872125603050931
0.10490306959619511	0.4265432893428493	0.46855364106095576
0.15858708859523157	0.5013850424711633	0.34002786893360526
0.08872644629447463	0.31135251252497653	0.599921041180549
0.2664906609180683	0.684162121380193	0.04934721770173883
0.18824763227656072	0.3796988187140644	0.432053549009375
0.19086173926615266	0.29890863782015925	0.5102296229136882
0.03972395845304255	0.355505326789433	0.6047707147575245
0.07361123202956688	0.5103685195972486	0.41602024837318463
0.18607491420641958	0.14418278516527622	0.6697423006283043
0.13508044346989073	0.6866981689030445	0.17822138762706488
0.15867099953436006	0.6431277278393343	0.19820127262630582
0.24064638755690287	0.5930709295255078	0.16628268291758946
0.23572716383793993	0.34983475852161416	0.414438077640446
0.20233787691206362	0.09106805455340217	0.7065940685345342
0.1794390367379824	0.5283463133139704	0.29221464994804736
0.20280451243482953	0.18186634124287887	0.6153291463222916
0.12512201849302243	0.5230931255182305	0.35178485598874715
0.09891622024320887	0.410976916848415	0.4901068629083763
0.2135413960491104	0.08841608685967661	0.698042517091213
0.04170823572938176	0.14135684885686461	0.8169349154137537
0.15576275024174158	0.5255618607963365	0.31867538896192205
0.16218045592799987	0.1998610952187515	0.6379584488532488
0.09696704983987739	0.4046272832633765	0.4984056668967462
0.201139111929675	0.402671066492982	0.3961898215773431
0.2670254815343983	0.12417216351408072	0.6088023549515211
0.10477420836409951	0.5321072090339422	0.36311858260195845
0.18648794086221532	0.7108572198968621	0.10265483924092261
0.21063217735962705	0.41743115465178526	0.3719366679885878
0.15812351908723682	0.5260218388306535	0.3158546420821098
0.19582255008029748	0.469328717824516	0.3348487320951867
0.1477931482245924	0.5161767812070198	0.3360300705683879
0.14034658419112642	0.34003953817188554	0.5196138776369881
0.05572146080318524	0.4681512928504956	0.47612724634631926
0.1415566550714027	0.24866964876270575	0.6097736961658917
0.28001286353999216	0.3533358969751664	0.3666512394848416
0.2805367547176403	0.3379129245520798	0.38155032073028006
0.09954082957132757	0.651053243885624	0.24940592654304858
0.20106802544119598	0.6606351828914138	0.1382967916673904
0.04309166837119571	0.5725616601334675	0.38434667149533686
0.2053938168047672	0.23950877945150145	0.5550974037437315
0.18683042948218148	0.2792523678907954	0.5339172026270232
0.23904277974647684	0.6358417163365038	0.12511550391701942
0.08700098440015372	0.5716044827852987	0.3413945328145477
0.20513324829669627	0.42485552914875013	0.37001122255455376
0.1634534592649471	0.1044899816865752	0.7320565590484778
0.26193397271336283	0.06385341507279768	0.6742126122138397
0.060951624333962395	0.3028727353912812	0.6361756402747565
0.08957139477882231	0.6674600954705048	0.242968509750673
0.2843119524966623	0.2551617385585372	0.4605263089448006
0.11258082031013822	0.33934225223506054	0.5480769274548014
0.25897512868771155	0.6153288123127283	0.1256960589995603
0.14474513297174693	0.6542984803486356	0.20095638667961752
0.07716606594791992	0.6474452410347873	0.2753886930172929
0.27882508767798336	0.22716784372476068	0.49400706859725607
0.2519934289813619	0.32652271824045903	0.4214838527781792
0.16083063377779291	0.1980901730027407	0.6410791932194665
0.13218651722660066	0.6494447066667077	0.21836877610669175
0.040784392767534094	0.49169020679338143	0.4675254004390845
0.10148997869725779	0.4492327761911984	0.44927724511154393
0.1945940464900382	0.46794732230700276	0.33745863120295916
0.10795398453190319	0.14742268933623176	0.7446233261318651
0.02202357566166907	0.21123959104584125	0.7667368332924898
0.05320662908814339	0.21562526709498347	0.7311681038168734
0.16651691686857534	0.12116541308032291	0.7123176700511018
0.24916809400056256	0.29385787472853026	0.4569740312709073
0.06884467512605519	0.5445502071884711	0.38660511768547373
0.17905801862791473	0.42978353216471515	0.39115844920737025
0.2771678834935072	0.12385515324840529	0.5989769632580877
0.220978157566053	0.5463710555769667	0.23265078685698032
0.20164629790312566	0.47052611570506686	0.3278275863918076
0.15441170520890682	0.5498032419313801	0.2957850528597132
0.2721801447127572	0.05049363651200556	0.6773262187752374
0.036610159559735345	0.621119958745602	0.3422698816946627
0.2085532871492849	0.29225269588532427	0.499194016965391
0.18771739510297886	0.210766181661731	0.6015164232352903
0.2553022928975027	0.29124757948084856	0.4534501276216488
0.17744805357182714	0.33515464215845925	0.4873973042697137
0.04868603665232174	0.48218987870156016	0.46912408464611827
0.1969928684675319	0.5023475313421325	0.3006596001903357
0.03029332076387381	0.10167816133278931	0.868028517903337
0.17627192390434346	0.3095370687276921	0.5141910073679645
0.043717560587650806	0.18133327040626576	0.7749491690060836
0.20456306128762422	0.1939579732704676	0.6014789654419083
0.0929690044528364	0.5333542533003691	0.3736767422467946
0.1516533025478368	0.6382669764218479	0.2100797210303154
0.2715893107879992	0.06607109205471962	0.6623395971572814
0.24174266713936382	0.4810516744961164	0.2772056583645199
0.07986122390462413	0.2988850387539455	0.6212537373414304
0.21457736317641984	0.2461535324417033	0.5392691043818769
0.15484625685479209	0.4289616200094295	0.4161921231357785
0.09403363749805421	0.38333955517244195	0.522626807329504
0.22321964349440584	0.18392310450111923	0.592857252004475
0.05250071263204148	0.6481023676808015	0.2993969196871571
0.08751036913208854	0.13589284957561681	0.7765967812922947
0.1324699600367761	0.607798907819997	0.259731132143227
0.02589636489017333	0.30559176606935523	0.6685118690404717
0.2214912109663541	0.09107514144903109	0.6874336475846149
0.019439695504974652	0.6678311422190841	0.3127291622759414
0.05161365011043284	0.3516543929230449	0.5967319569665224
0.0905660406370459	0.5626197780447004	0.34681418131825387
0.18569872210902816	0.3165762925658201	0.49772498532515186
0.1933452215251379	0.33420405320530905	0.47245072526955323
0.2729927361949832	0.29316938858297514	0.43383787522204176
0.09892737032281163	0.49169453705269583	0.40937809262449265
0.07594257798127024	0.3058013450170817	0.6182560770016482
0.13704272993795374	0.5279413068144136	0.3350159632476327
0.15961582250145834	0.36962007562064036	0.4707641018779014
0.08018750933618352	0.06347337354862703	0.8563391171151896
0.020414935065508344	0.342213652785332	0.6373714121491598
0.18259015152071117	0.1792885097907335	0.6381213386885554
0.052891190619101636	0.6451364628571625	0.30197234652373595
0.25189357348139907	0.5416749259041701	0.206431500614431
0.13781089117052375	0.41879754698808713	0.4433915618413893
0.16833830348801795	0.6533346524289552	0.17832704408302708
0.03373268179572686	0.5461055987711098	0.42016171943316344
0.06455189437503611	0.6875541741745117	0.2478939314504523
0.27661535023678807	0.5117686268895678	0.21161602287364428
0.03292483617190678	0.6263742406030369	0.3407009232250564
0.16431368949656416	0.04814433566933857	0.7875419748340974
0.09585633958718212	0.6553258617142245	0.2488177986985935
0.19529452106811934	0.2940538345720866	0.5106516443597942
0.24358996232749247	0.1707742931700806	0.5856357445024271
0.2734246982057127	0.42472412377315205	0.30185117802113537
0.04349300267688594	0.5368874164703649	0.4196195808527493
0.12055076129947714	0.33946595945336516	0.5399832792471578
0.2511427748067801	0.5717057238230333	0.1771515013701867
0.28565924634135165	0.5581407998872395	0.15619995377140897
0.024334202497441892	0.5131042113123021	0.46256158619025617
0.08713755094472311	0.2808323820304372	0.6320300670248398
0.1432766606271001	0.6813817876723467	0.17534155170055327
0.12186368405463813	0.28304262023634597	0.595093695709016
0.04135956727382484	0.22470645442004056	0.7339339783061347
0.16141677401550347	0.272220763044103	0.5663624629403936
0.07560115333707995	0.49988742873587855	0.42451141792704167
0.11641455303133247	0.06708318810486985	0.8165022588637978
0.1390593067853436	0.04530913580914786	0.8156315574055086
0.07085083267438791	0.26782639907284234	0.6613227682527699
0.28412815155927107	0.2881832434843799	0.42768860495634914
0.27332362138977984	0.14679109890483802	0.5798852797053823
0.0830841381426895	0.24267705408264753	0.674238807774663
0.19799697696522428	0.33235215073962715	0.4696508722951487
0.07483914672204856	0.507028103964156	0.4181327493137956
0.2529107751715091	0.19800849746274202	0.549080727365749
0.07818436130713463	0.22952315074548038	0.6922924879473851
0.26799602702704545	0.6455640918756135	0.08643988109734116
0.07270870286287612	0.5150599872543014	0.41223130988282264
0.055087471986645264	0.710047912404683	0.2348646156086719
0.25312283153447684	0.7117078216870888	0.035169346778434474
0.22584904142978457	0.1951541425795071	0.5789968159907084
0.16882284105190487	0.2656069302588156	0.5655702286892796
0.03497489653339869	0.07990684912146129	0.8851182543451401
0.0744871306283687	0.1576926987459457	0.7678201706256857
0.1528976056407973	0.19582278477825407	0.6512796095809488
0.27781359305109693	0.07099878647351565	0.6511876204753875
0.1116295421881136	0.38574756448379366	0.5026228933280928
0.13854264531122112	0.13249197467895754	0.7289653800098215
0.1056717019026554	0.19709099806870348	0.6972373000286411
0.07286679158833315	0.3914873427604697	0.5356458656511973
0.17864454504572053	0.4413592558403545	0.3799961991139251
0.19666563781188606	0.5214910596003106	0.28184330258780343
0.1299953281990559	0.4429204710707442	0.4270842007302
0.18068256989324602	0.2857454713663763	0.5335719587403778
0.24101113860042359	0.4950060293074784	0.26398283209209816
0.02302381833302508	0.3952604450286755	0.5817157366382995
0.20942595628068303	0.3480993066242901	0.442474737095027
0.10873353428494192	0.6640421058773216	0.2272243598377366
0.22453215980039298	0.513262702317232	0.2622051378823751
0.2561952101364878	0.45101652869843134	0.29278826116508094
0.03733270096074082	0.6683331412608855	0.2943341577783739
0.25389804014027534	0.3008113903324566	0.4452905695272682
0.0737364620034816	0.04280059328545682	0.8834629447110617
0.08610757142987258	0.5480718849933608	0.36582054357676674
0.21785860827331466	0.0645364908751932	0.7176049008514922
0.14514870238528715	0.37645641410281866	0.47839488351189435
0.14483071367405403	0.24270546774016288	0.6124638185857831
0.23056196101126653	0.42562238700848976	0.34381565198024383
0.022246716032666092	0.629569082503122	0.348184201464212
0.1090089625786912	0.3968921004806354	0.4940989369406735
0.20866069813071114	0.7050103970854815	0.08632890478380745
0.11512240550985464	0.37251410651908234	0.5123634879710631
0.15413008040957027	0.42456533420141024	0.4213045853890196
0.035250016590128774	0.07896655524288615	0.8857834281669852
0.2151713136126231	0.35774980664529454	0.4270788797420825
0.14321125964191822	0.4998063189440327	0.35698242141404923
0.278561948122375	0.15493988435487524	0.5664981675227498
0.04785340090399515	0.4040911572009312	0.5480554418950738
0.0706877356190333	0.05055101367808945	0.8787612507028774
0.07986386285488278	0.047476959858855916	0.8726591772862614
0.20939440922337274	0.18747717015374513	0.6031284206228822
0.11029094378466642	0.629215268470162	0.26049378774517185
0.2162987158341568	0.11115031846920026	0.6725509656966431
0.24398105125447445	0.532927420930364	0.22309152781516173
0.03541321858740465	0.5790947031033886	0.3854920783092068
0.05058384488152512	0.4636217792855187	0.48579437583295637
0.16150297777386585	0.6909195212505486	0.14757750097558575
0.049129426316544655	0.7019307865240378	0.24893978715941767
0.1970343686584981	0.40115763293394663	0.4018079984075554
0.08928486030598726	0.4484177072656564	0.4622974324283564
0.19745883929837768	0.06057667020837387	0.7419644904932485
0.03758199808853924	0.6601934033757287	0.302224598535732
0.18884117963572294	0.4532018785370737	0.3579569418272035
0.2255320824991037	0.36631786888203977	0.4081500486188566
0.16363183453326763	0.29940078120832897	0.5369673842584035
0.21352698581299023	0.44435639560621815	0.3421166185807918
0.2842363682931591	0.5489491038857807	0.1668145278210603
0.21103448745348544	0.2141833138832292	0.5747821986632855
0.10353591778205987	0.6446620708001876	0.2518020114177527
0.12132748243001076	0.5731187190096392	0.30555379856035025
0.10303263286505082	0.7109055065457682	0.1860618605891811
0.18214466724235565	0.3857553447007491	0.4320999880568953
0.18271672500866903	0.5395647676222755	0.27771850736905557
0.1334244773253665	0.06138134524509298	0.8051941774295407
0.15566128451455474	0.21896666415317417	0.6253720513322711
0.2723048948405738	0.5660682653790083	0.161626839780418
0.037967102526779484	0.19688966362294125	0.7651432338502794
0.1570188194851497	0.06908271625405615	0.7738984642607942
0.1696633791885919	0.5933914745146571	0.23694514629675117
0.2660917454131627	0.7097286472841728	0.024179607302664552
0.25686014841320204	0.6919891381892513	0.05115071339754673
0.27701820299558993	0.046617410953271654	0.6763643860511385
0.0721259677317585	0.3954670852335319	0.5324069470347097
0.23748938673817552	0.5904100380517793	0.1721005752100453
0.2815757418034577	0.19823384090113383	0.5201904172954086
0.2850552199675269	0.30022977071362894	0.41471500931884425
0.054954278524095734	0.3238704033070112	0.6211753181688932
0.14870525506375848	0.6264174407539217	0.22487730418231994
0.13890815168605247	0.2029268345713298	0.6581650137426178
0.09946302429008458	0.7145296532396781	0.18600732247023738
0.16625458312402966	0.5700203156026054	0.2637251012733651
0.10299678157474354	0.3805766573289718	0.5164265610962848
0.2370476901754307	0.6536191770263851	0.10933313279818435
0.21748590192847678	0.1073994545288458	0.6751146435426776
0.11383663041273423	0.12121053652959973	0.7649528330576661
0.21464069261592794	0.3111895661750289	0.4741697412090432
0.1750908281266591	0.19320619663361102	0.6317029752397301
0.15026837376350763	0.6045558778303038	0.2451757484061886
0.13120988393364524	0.26490696699500926	0.6038831490713457
0.17305299886185285	0.6121642722757918	0.2147827288623555
0.027908679442868456	0.2910641835923139	0.6810271369648178
0.0737185763151112	0.18012857071838745	0.7461528529665015
0.043865585125929085	0.19455143626970714	0.7615829786043639
0.27986459692973464	0.5126214127697394	0.2075139903005261
0.1386492106737507	0.06713672084106853	0.794214068485181
0.045943560248703164	0.47744731948927305	0.47660912026202396
0.2382342224314581	0.476229806832421	0.285535970736121
0.28342160437566966	0.3575633454760542	0.3590150501482763
0.12484242654977587	0.6597670542891271	0.2153905191610972
0.0453146941069279	0.3784896685111123	0.5761956373819599
0.14212904365820825	0.5665299319086218	0.2913410244331701
0.24191393287922372	0.6994657545065821	0.05862031261419426
0.05934766510798767	0.5004427978857446	0.4402095370062678
0.2147829391189217	0.6048440026399435	0.18037305824113492
0.020499643109244348	0.44980568779782615	0.5296946690929296
0.06475602332006536	0.49892386610915385	0.436320110570781
0.07127770348598861	0.17018098983914387	0.7585413066748676
0.039846183102645094	0.6274644976728658	0.33268931922448924
0.055626760429962285	0.715661220710035	0.2287120188600028
0.22643174291023827	0.5694196706588674	0.2041485864308944
0.18047042881019845	0.3130808332408913	0.5064487379489103
0.05101103288561831	0.3108632415280125	0.6381257255863693
0.08349201548822566	0.6900968641932543	0.2264111203185201
0.25594282361418286	0.40064600193074007	0.34341117445507713
0.2539655111524832	0.15966272143823287	0.5863717674092841
0.2502560720293663	0.15033920223209746	0.5994047257385364
0.11784950983901274	0.6715872883483426	0.2105632018126448
0.12042692536044211	0.5936968191574241	0.2858762554821338
0.25977633223372587	0.5409311019491039	0.1992925658171703
0.2230717089364778	0.42269394141442246	0.35423434964909983
0.028991504170223337	0.07155280301796696	0.8994556928118098
0.15970456257632185	0.3374202963331579	0.5028751410905203
0.10061428730686106	0.6318044740454425	0.26758123864769656
0.07595637102755504	0.17096399138631457	0.7530796375861305
0.1515152113587032	0.6067368157097235	0.24174797293157335
0.2589530571774247	0.5851578483067541	0.15588909451582136
0.08388831126983534	0.5926825715348947	0.32342911719527007
0.04091396332270292	0.5228511037033956	0.4362349329739016
0.20100793245168014	0.12675685386133473	0.6722352136869852
0.07498035386823587	0.580805273203616	0.3442143729281482
0.23169169730538217	0.06314496615843412	0.7051633365361838
0.07939156511012074	0.5327620128530255	0.3878464220368538
0.1664482347722474	0.7095002241982233	0.12405154102952942
0.22984502997109957	0.29077193600673257	0.479383034022168
0.12964983377764205	0.505308066557009	0.36504209966534906
0.02865344676480497	0.5257981252441047	0.4455484279910904
0.16964570053452543	0.12659917344307015	0.7037551260224046
0.0972605347917109	0.33519332081765785	0.5675461443906313
0.27192742065110254	0.38624951612079955	0.34182306322809797
0.10100835817636955	0.6882319004779751	0.21075974134565553
0.09627016032211777	0.5504656053114472	0.3532642343664352
0.08678837452145441	0.32561250421140003	0.5875991212671456
0.14253859004402994	0.23594521929760906	0.6215161906583612
0.21094585929956267	0.3139216000052844	0.47513254069515304
0.2306269227381435	0.4260833474699062	0.3432897297919504
0.13764656272626258	0.35993150077281977	0.5024219365009177
0.2347775367996519	0.35978445327931635	0.40543800992103185
0.19841192695555088	0.46274040632365065	0.3388476667207986
0.15745522701306428	0.20193282075558439	0.6406119522313515
0.2361470724000917	0.5193197339689448	0.24453319363096362
0.05672573258239094	0.184668436134528	0.7586058312830812
0.15230854294710855	0.08415854203370515	0.7635329150191864
0.074304562825247	0.5803351993897188	0.34536023778503433
0.2663620204672478	0.4323739566478553	0.30126402288489706
0.15042226229096925	0.3145993234643953	0.5349784142446355
0.2623934102096993	0.04320806155936158	0.6943985282309393
0.07994904313280377	0.6723357076110853	0.24771524925611105
0.13801695948729942	0.632271970438689	0.22971107007401165
0.17413506026586645	0.7105528610460582	0.11531207868807544
0.17830116070002522	0.46139816454908406	0.36030067475089084
0.15973723429611242	0.39904840025739596	0.44121436544649173
0.046308186942332685	0.6068681580707702	0.3468236549868972
0.030442230305265883	0.5441800082156472	0.4253777614790871
0.02021586455924801	0.6751728196133633	0.3046113158273888
0.16589451567343821	0.40497745865455226	0.4291280256720097
0.23332326893743344	0.06912864317658618	0.6975480878859806
0.07710219215997771	0.4897981058763061	0.4330997019637163
0.21425442072926232	0.2749145459271469	0.5108310333435908
0.06984186824925037	0.14496119555886247	0.7851969361918874
0.13971344764857052	0.41806228150352814	0.44222427084790145
0.18467039668109014	0.09536618571585176	0.7199634176030583
0.27295740063654866	0.5979281118930055	0.12911448747044588
0.1377218510951969	0.6646793421020366	0.19759880680276662
0.2767153779206924	0.6798086719039746	0.04347595017533312
0.25134354404772413	0.6597410295994117	0.08891542635286429
0.06713264751744824	0.23527981085843447	0.6975875416241174
0.18486525451046432	0.45384376568689616	0.36129097980263963
0.19679422828896925	0.33786199925748545	0.4653437724535454
0.15143726981207	0.25922097819439727	0.5893417519935329
0.2673362790424776	0.2991826461532941	0.4334810748042285
0.05795940657002807	0.5486032741291073	0.3934373193008648
0.22148160714805748	0.687296086181577	0.09122230667036563
0.09738683017230518	0.3445224104672955	0.5580907593603994
0.2756135644061252	0.5146100038452937	0.2097764317485813
0.10353116915096189	0.5189052131221763	0.3775636177268619
0.16373433736425308	0.11122147344905242	0.7250441891866946
0.08346398610884137	0.15699009469167371	0.7595459191994851
0.13009468138987332	0.7026002252627297	0.16730509334739702
0.03082497097157183	0.24435524806667586	0.7248197809617525
0.1445597734899482	0.6423416106886457	0.2130986158214062
0.14581940911981384	0.6717909939378928	0.18238959694229356
0.21908960333805733	0.28562084105473906	0.49528955560720367
0.1902090885102049	0.2863023478513782	0.523488563638417
0.2242052146206538	0.5318007995618907	0.24399398581745557
0.09893339943724305	0.28579725778460807	0.615269342778149
0.04797602908847626	0.4126275816391646	0.5393963892723593
0.1732358390575151	0.2182850344169885	0.6084791265254965
0.23328861213166505	0.35475551690183743	0.41195587096649766
0.09873703551411417	0.6423526295719224	0.25891033491396354
0.12432305401075353	0.281629605602161	0.5940473403870856
0.1949306829845721	0.3174294178593742	0.4876398991560538
0.21730632544075446	0.31946260339434884	0.4632310711648968
0.2115252542725785	0.07579294420530613	0.7126818015221155
0.10952051123288703	0.211204172967449	0.679275315799664
0.07340792325444867	0.3265425340646909	0.6000495426808605
0.06516764302186773	0.29548033888167646	0.639352018096456
0.05309204205567625	0.0791794286280883	0.8677285293162355
0.2249720762199643	0.3569202458501338	0.418107677929902
0.06603555697126995	0.3070052261852019	0.6269592168435283
0.2563469157889922	0.6785199190994096	0.06513316511159828
0.1195159280239183	0.5504964367951547	0.3299876351809271
0.12101812114620425	0.26339615968098895	0.6155857191728069
0.24757184277823674	0.6489981774974294	0.10342997972433401
0.12683421485608726	0.6749951186104219	0.19817066653349086
0.14351577101163665	0.3352755080456806	0.5212087209426828
0.22792499417164439	0.23760012564400942	0.5344748801843463
0.2545775730341864	0.6156585118642579	0.12976391510155585
0.2672225436676817	0.4809316981898013	0.2518457581425171
0.2423222322655733	0.6658337071169829	0.09184406061744388
0.08184161460670414	0.384369735176839	0.533788650216457
0.15027559573346308	0.06827795415018789	0.7814464501163492
0.19687779486430648	0.501630154307775	0.3014920508279186
0.1176607138780302	0.677579352689571	0.20475993343239882
0.2055535746748943	0.6141970855913259	0.18024933973377982
0.1524653945931586	0.43548687802451724	0.41204772738232426
0.19788510257763817	0.5659178260277428	0.23619707139461918
0.19208668439307952	0.427439438448588	0.3804738771583326
0.1600544523824961	0.5672476907874023	0.27269785683010167
0.16806382962409777	0.13981996063526894	0.6921162097406335
0.12765344519615576	0.07162620004744236	0.800720354756402
0.13051852211836013	0.17979528636931214	0.6896861915123279
0.01748525506542714	0.11621922169458665	0.8662955232399864
0.01757942229151488	0.4965428860101403	0.48587769169834494
0.18931295203016368	0.5713692026322488	0.23931784533758763
0.2531662384735117	0.25042263281314947	0.4964111287133389
0.12591845628831683	0.46074619703527975	0.4133353466764036
0.1836329677756094	0.6884991921706399	0.1278678400537508
0.03126364806584725	0.18694985566828182	0.781786496265871
0.21274362881210862	0.3013171546063418	0.4859392165815497
0.1537548043684912	0.5996714292041724	0.24657376642733658
0.24651273545097763	0.1056501057038996	0.6478371588451228
0.13637599581896592	0.4244949802295327	0.43912902395150144
0.05260241536002763	0.2808422797060153	0.6665553049339572
0.16400925819100393	0.6046834294055565	0.23130731240343963
0.24614481858318454	0.7012878909798892	0.05256729043692643
0.14958616372754563	0.6001278454641735	0.25028599080828096
0.26356976882724426	0.19965438817053077	0.536775843002225
0.07939322573914709	0.10211954602312284	0.8184872282377302
0.16045841321889717	0.47183412489018495	0.36770746189091796
0.23466082201389257	0.2659343119409466	0.499404866045161
0.16108582368800886	0.33435494661029486	0.5045592297016963
0.09524155854466765	0.06997404965430065	0.8347843918010319
0.23439872872489298	0.4379485518461028	0.3276527194290043
0.06779655547125918	0.46703506573240666	0.4651683787963343
0.1148971504103049	0.07758988130707717	0.8075129682826181
0.025491121366702674	0.1619181006302991	0.8125907780029984
0.23264806351864908	0.4715413209203094	0.29581061556104155
0.060708933622221406	0.4029473051144109	0.5363437612633678
0.24772211396551772	0.7037770985627589	0.04850078747172354
0.15411931631446874	0.6963148675892669	0.14956581609626451
0.12179539086038632	0.23654199524049146	0.6416626138991224
0.22407576780654054	0.0701443700632644	0.7057798621301952
0.019637844378598446	0.1403871478513914	0.8399750077700102
0.25669268897301717	0.38857906283647653	0.3547282481905064
0.19917703117422797	0.621073614022097	0.17974935480367515
0.20019362549679884	0.16811893663172278	0.6316874378714785
0.1425616537947048	0.3551668835857623	0.502271462619533
0.2198140128379224	0.42614076290284675	0.35404522425923096
0.03730690790341973	0.6480040771657456	0.3146890149308347
0.17229235632108786	0.4560194659860736	0.37168817769283863
0.024116215332119384	0.2928609194515092	0.6830228652163715
0.18144181575491472	0.2057834363658576	0.6127747478792278
0.03238723098103469	0.3170175076432786	0.6505952613756869
0.024032085521854984	0.39060859188021185	0.5853593225979332
0.17305238213959617	0.06386648842081677	0.7630811294395872
0.19688300610909207	0.4446197545478446	0.35849723934306343
0.19418872769107082	0.6893370969683076	0.11647417534062171
0.2557966083881778	0.31732588545087603	0.4268775061609463
0.036612022925961496	0.39062318789732475	0.5727647891767139
0.0713877923328643	0.5913060233225602	0.33730618434457554
0.026991816721024686	0.32643879744481624	0.6465693858341592
0.19508235428822107	0.47418300281092385	0.3307346429008552
0.035122249627281554	0.343890262979739	0.6209874873929795
0.1726375953186618	0.4201857330469978	0.40717667163434057
0.2742438589422461	0.27338075929638794	0.45237538176136605
0.22871662733994097	0.3461682506754043	0.42511512198465484
0.06895989264685715	0.6332028346860947	0.2978372726670482
0.24409655119529808	0.6893589664625321	0.06654448234216997
0.2725176505620586	0.6168959165989858	0.11058643283895575
0.23260052100948483	0.22399504925930358	0.5434044297312117
0.09626876568492224	0.5996393386392092	0.3040918956758688
0.13924773142408414	0.49115600226884304	0.36959626630707293
0.26783024311684733	0.22198821588428766	0.510181540998865
0.12978820793017787	0.5528462957393742	0.31736549633044814
0.2397515173169535	0.5155052027428817	0.2447432799401649
0.2530460283104736	0.4304132114664203	0.3165407602231061
0.08845618831969071	0.3954325226045791	0.5161112890757302
0.04325999689321247	0.07833350806203454	0.8784064950447531
0.25826415864367147	0.14190706763791738	0.5998287737184114
0.20407988958719295	0.06961640232260868	0.7263037080901985
0.20672671659910194	0.5521938763314289	0.2410794070694693
0.25695777177802703	0.17641188602566754	0.5666303421963055
0.0870446588454653	0.4640305267049005	0.4489248144496343
0.02389861875562921	0.09459368157601616	0.8815076996683547
0.195589749914652	0.3071617134035428	0.4972485366818053
0.16046160420124622	0.16780616171344565	0.6717322340853082
0.12057905687692619	0.2961427621343531	0.5832781809887209
0.25853784798028884	0.1539125082426465	0.5875496437770648
0.13225440283247136	0.5212155040309738	0.3465300931365549
0.2388891548572008	0.38624056040271854	0.3748702847400808
0.1974018548128853	0.5963343287339504	0.20626381645316436
0.11820701814132847	0.31309717139442084	0.5686958104642509
0.14814845415276084	0.658807217677303	0.1930443281699363
0.07689529984017962	0.6383645680292469	0.2847401321305736
0.20063360239996425	0.34503753345256777	0.4543288641474681
0.25952042714068974	0.5873633627639829	0.15311621009532744
0.0874534051824464	0.09644166015878641	0.8161049346587672
0.19241613427659826	0.3424665120733614	0.4651173536500405
0.13028472037917685	0.33481616941741676	0.5348991102034065
0.2584481619509625	0.05145212610410432	0.6900997119449332
0.058806858559831865	0.5599975684526162	0.3811955729875521
0.025830363661693445	0.21894107558966786	0.7552285607486389
0.14350679308878844	0.6788048424668782	0.1776883644443335
0.23381849219763645	0.40392731680582994	0.3622541909965337
0.20773252767121028	0.06518864587627021	0.7270788264525195
0.2618540451430537	0.2718168265053089	0.46632912835163753
0.2835758032016237	0.08477123619576549	0.6316529606026109
0.19481491954659338	0.6712073155262113	0.13397776492719551
0.07577281077060988	0.6088325842856428	0.31539460494374744
0.12961392439289207	0.56946811551355	0.300917960093558
0.12449816434093247	0.6226922045246248	0.2528096311344428
0.22273380099970946	0.396878247566146	0.3803879514341447
0.16926677809468216	0.43440384709713176	0.3963293748081862
0.2725432912139711	0.5872250753238053	0.14023163346222367
0.13224710012405422	0.07676995263319575	0.7909829472427502
0.21259124992506462	0.42468848446361074	0.36272026561132475
0.05406656737205451	0.1383839307584371	0.8075495018695085
0.04589675469685128	0.11515969266080275	0.8389435526423461
0.2013515878857391	0.5012257468753898	0.2974226652388713
0.0272620316596906	0.05236270953496358	0.920375258805346
0.017240904164930737	0.14915442848919588	0.8336046673458736
0.21478648775214265	0.392683347411803	0.3925301648360544
0.06881351598224023	0.5897591654684071	0.3414273185493527
0.14749137656910372	0.3787849693704292	0.47372365406046724
0.11653933684639448	0.514084792165255	0.36937587098835056
0.1300709344412157	0.6013268128063778	0.26860225275240657
0.10770306194783885	0.3081037655000575	0.5841931725521037
0.06967085902398357	0.35039140888874154	0.5799377320872751
0.05629095370759518	0.6241194977289724	0.3195895485634325
0.08548415337881296	0.22178675591329472	0.6927290907078925
0.24668045385557386	0.6549929736379522	0.09832657250647414
0.10974827716079741	0.20486218863625297	0.6853895342029497
0.026362549187007533	0.04877481105232362	0.924862639760669
0.26527191279028395	0.3336633962784863	0.4010646909312299
0.1256461240977265	0.2544718397212806	0.619882036180993
0.1610565248319703	0.06563463171807749	0.7733088434499523
0.1680597070746912	0.23929663654425168	0.5926436563810572
0.26491155049059534	0.5242146132629232	0.2108738362464816
0.13649921683029873	0.3405326803594616	0.5229681028102398
0.2690091924965199	0.5335458794373543	0.19744492806612585
0.10523274908942376	0.1575299026368489	0.7372373482737276
0.08667327605961012	0.23340360836274848	0.6799231155776415
0.1911954150459944	0.2851429671232129	0.5236616178307928
0.20397625859875473	0.04994451079498474	0.7460792306062607
0.15330340778252954	0.045633324274370723	0.8010632679430999
0.17811056063040268	0.4482732262280017	0.3736162131415957
0.13668071539909618	0.6016970887299826	0.2616221958709213
0.19938707796690075	0.17101435304928936	0.6295985689838101
0.22249915001342468	0.3698076711787343	0.4076931788078411
0.11424520231664756	0.3526418725380639	0.5331129251452886
0.21995791542944654	0.5052119580439305	0.2748301265266231
0.04563175332366409	0.05289398331941447	0.9014742633569215
0.24539491912579567	0.3499862256563543	0.4046188552178501
0.22224968703054315	0.633817624527996	0.14393268844146098
0.1533177011087268	0.5948452411847956	0.2518370577064777
0.1318426422514435	0.6719014464335654	0.19625591131499126
0.20263304672049715	0.08144770402861251	0.7159192492508905
0.2519132737897397	0.4934447943136804	0.25464193189658
0.18144516074147157	0.5060248271580847	0.31253001210044384
0.12083422335390778	0.4075747210356204	0.471591055610472
0.021213174721827543	0.3384696683050933	0.6403171569730793
0.18125888010812768	0.15846745692418318	0.6602736629676893
0.15107036508556634	0.31035866874036655	0.5385709661740672
0.052006734998952364	0.6473871605316219	0.3006061044694258
0.2640057551575037	0.37693262693111634	0.3590616179113801
0.26891373355815745	0.37075051451690266	0.36033575192494
0.2619853408219238	0.25803223380746565	0.47998242537061064
0.1155068218506658	0.41297475453630317	0.4715184236130312
0.23854965816009138	0.16000114713044528	0.6014491947094635
