0.2845312194499987	0.08416721701349576	0.17822136777830846	0.1748340408315158	0.27824615492668103
0.2775339585570392	0.09708259564075748	0.208858226187648	0.1490594800740412	0.2674657395405139
0.2472128058849425	0.0796659691993189	0.26986856636935247	0.1506596375450718	0.25259302100131403
0.2576591629838717	0.07739921763800321	0.2284299708926113	0.17836477775022544	0.2581468707352881
0.2907788450007355	0.10154321925954551	0.1413852318961355	0.1949056593366235	0.2713870445069598
0.2495883920125066	0.08959551700037802	0.23675992169395446	0.18291351213139295	0.24114265716176772
0.24510602967610765	0.10021911965673562	0.21392595858779923	0.1970834529387584	0.24366543914059885
0.2712211513982111	0.07978531175517191	0.20125712662965442	0.15759957296888683	0.2901368372480754
0.2870640596016761	0.08343432663339782	0.21779569150117878	0.18425891148068707	0.22744701078305996
0.21997678275296612	0.10068404346218901	0.1931196883553301	0.19778915232790414	0.28843033310161037
0.2686924121779335	0.08472284484779108	0.20480365012276236	0.184785404090929	0.25699568876058376
0.24338889374832376	0.08118921910813309	0.2244035030545788	0.15932846230276398	0.2916899217862001
0.24647065665316162	0.09045320153088333	0.25333513962815135	0.18653534012237724	0.22320566206542622
0.2547667725110434	0.09708791842592317	0.22689225879510344	0.1599979842257833	0.2612550660421465
0.22007273391866294	0.08359336793757767	0.28427956824645206	0.15475428333085484	0.2573000465664523
0.26537331873497905	0.09382496093043234	0.22832132604609856	0.1815904363963593	0.23088995789213046
0.25086844157098714	0.09375179566984275	0.25900996040551294	0.15601254700530476	0.2403572553483522
0.24869186660457668	0.07906937730604696	0.24000027703930463	0.14752842443468828	0.2847100546153832
0.2640314270171674	0.08166748659142616	0.21484531961032816	0.14943657827315354	0.29001918850792446
0.2679707677885229	0.07846092794146416	0.2566467312763755	0.1470079625012744	0.2499136104923628
0.2925392718579401	0.08676910101172247	0.20566009717268577	0.17294588620043788	0.2420856437572135
0.26376014048040786	0.08382092979161058	0.23808218577422435	0.18120983704275467	0.2331269069110023
0.2686267411063501	0.08184450237534732	0.24335717490035472	0.16891432298137798	0.23725725863656963
0.21974588518851573	0.0910236518970122	0.2568051234573465	0.19469005841278392	0.23773528104434138
0.2717410319688254	0.0851538225508464	0.20152597127115066	0.1891988172701261	0.2523803569390512
0.28843396066799776	0.09488622069348059	0.18778791658829894	0.19090411315757316	0.2379877888926493
0.295609931701039	0.0772725754872798	0.17170880763138605	0.17205064379470544	0.2833580413855894
0.26208379073160726	0.09479409145419776	0.24840795962096648	0.1703395381496486	0.22437462004357966
0.24467179045018872	0.08523381150365245	0.2564411752447955	0.1547981590948905	0.2588550637064726
0.2778993312668284	0.08956656880723453	0.22396869406312797	0.14954111641906265	0.25902428944374617
0.2848633026820889	0.08414942891043688	0.2468145787672973	0.15707457871077563	0.22709811092940102
0.21928894421160705	0.09011317946992754	0.22938148968890493	0.17125405217558695	0.28996233445397335
0.2731379165544228	0.084500695812584	0.23496357948867272	0.17334872167206314	0.23404908647225706
0.29315636676337176	0.07506739450656084	0.18976741234755365	0.15971199286203683	0.28229683352047663
0.2656994063901556	0.0933476330451129	0.1804502947698774	0.16512557049718887	0.295377095297665
0.27852922233706745	0.09275136299196676	0.19745392469398285	0.18013852848204093	0.25112696149494174
0.25326355205888756	0.08306849502061776	0.20975696147467343	0.18050160049247188	0.2734093909533491
0.24682656176267243	0.09310051332649824	0.2232463006968314	0.15331892967497998	0.2835076945390177
0.2604677995959663	0.0815747559071475	0.17719270360912687	0.19463798689362877	0.2861267539941303
0.2806868996673553	0.07576540241758983	0.19183648790749602	0.16860072009424143	0.2831104899133171
0.2690115185268875	0.0773757082557176	0.19990243865245183	0.17966229891599353	0.27404803564894925
0.22600654528224362	0.08064230766306803	0.24493220938223914	0.16711282969871782	0.2813061079737311
0.23493884049412933	0.09487960677922455	0.27592265659427195	0.15087334181750012	0.24338555431487383
0.24687947293012671	0.09836202515689699	0.2548890106836101	0.16884149111573024	0.23102800011363572
0.2904086363707914	0.09128471915147912	0.21154287079980794	0.15155270352542516	0.25521107015249606
0.21905592222364675	0.09300397908006089	0.2593864690559249	0.1805588517805765	0.24799477785979068
0.2688883044920489	0.08275544205854306	0.2301145088083562	0.180785642361924	0.23745610227912753
0.22016290625160756	0.09741269713924358	0.21728089410014745	0.1866621913778914	0.27848131113110974
0.2832765683936835	0.09543213294428896	0.2106214488869537	0.147686757312844	0.2629830924622296
0.2894720534378695	0.0787585252233944	0.23416095640637058	0.16158993851117315	0.2360185264211921
0.23211269465226786	0.09679136223034603	0.2665168372906609	0.17634737160025044	0.22823173422647453
0.2452200957926963	0.09000128871246826	0.22872745694049149	0.14981591733218008	0.28623524122216365
0.23483611502009644	0.07593623021970257	0.27635755286205627	0.1536818651749992	0.2591882367231452
0.2642737298215671	0.07665462378611375	0.1993163078315027	0.1884529978389953	0.2713023407218209
0.23526144130932553	0.09415681355428512	0.2128244890374435	0.19941956556678803	0.2583376905321576
0.2916684650386472	0.07941686286418662	0.17315796280846696	0.17889985900925398	0.276856850279445
0.2587960330571099	0.07752951674050002	0.2657315283130016	0.15177938144139463	0.24616354044799363
0.28960259207700007	0.08786946450530148	0.18548385177618432	0.15574549944456595	0.28129859219694786
0.2504862131567406	0.08687058720042286	0.26050209194786056	0.17030590739097584	0.23183520030399996
0.25066953622242066	0.08710918087577313	0.24371519087224036	0.1530857666029696	0.265420325426596
0.2234692047747558	0.09745594195067886	0.22127219742323265	0.17041004973856327	0.2873926061127692
0.23674105357896763	0.07899041089258696	0.23978458082350412	0.16541588092949083	0.2790680737754503
0.28640655814686306	0.08713141602816322	0.1650882850642852	0.1763321212290629	0.2850416195316254
0.25338218804332513	0.10018194781007349	0.203214788045566	0.1857083436710907	0.25751273242994444
0.2369243378896515	0.09617013375700802	0.20956506280970644	0.19845393199469	0.2588865335489438
0.2240767344007246	0.09308537034949459	0.24223870669143305	0.15504004389070483	0.2855591446676427
0.22468428386913888	0.0794356538598117	0.2642954903617789	0.19260556828410297	0.23897900362516727
0.2604996396766501	0.07491519974172667	0.195922207395272	0.17916141006508465	0.2895015431212664
0.28807454742752053	0.09918322963801114	0.20096499738230378	0.1619755021266868	0.24980172342547746
0.28927374526799765	0.09117750970324119	0.20436639255931283	0.18722131768184888	0.2279610347875992
0.24206450679365818	0.08818087593322983	0.27450181930071205	0.14990506015775246	0.24534773781464725
0.25295661713862483	0.09581604673282912	0.19938573527920594	0.18663486645169067	0.2652067343976492
0.24924688271324127	0.09081667490780314	0.24009780930137967	0.19630614298063584	0.22353249009693982
0.23812073904062314	0.082172513024353	0.23765929119640786	0.1691286182537969	0.2729188384848189
0.22775525831610977	0.08316304248754679	0.24994373583298274	0.18332616422721817	0.25581179913614227
0.2274297685575959	0.07811950284391073	0.23127979603843168	0.17282355001089292	0.29034738254916853
0.26778964370379577	0.08075481006078467	0.16681780839075352	0.1954451771539783	0.2891925606906875
0.2610897888483031	0.09483599704922971	0.25694333002309805	0.1536566038615365	0.23347428021783237
0.23621683902035612	0.08467353657168994	0.2843048298877697	0.17088465459634955	0.22392013992383442
0.25171072210499323	0.08202745809355631	0.22790548208300165	0.19268781880598468	0.24566851891246386
0.2833872357232345	0.09052980263236837	0.1632558696480807	0.17603391958113684	0.2867931724151793
0.2752454390350646	0.0859812791077144	0.21163830669509548	0.18762102059750516	0.2395139545646201
0.2365609952039558	0.09311363643071403	0.262889287756885	0.17594262985020376	0.23149345075824118
0.2725161419077038	0.0997946942737529	0.1984617720589666	0.15870235823090512	0.2705250335286713
0.22839761434499814	0.08985888124857974	0.269900605893729	0.16947498045819162	0.2423679180545013
0.22527561126499823	0.08958510535211628	0.20503011356287812	0.18580513316875263	0.2943040366512545
0.24548138137931674	0.07517355903431117	0.23302640889777937	0.14861824120311196	0.29770040948548054
0.21912369965471648	0.07509880833599289	0.2823411988847667	0.157250806149614	0.26618548697490974
0.2777379395877164	0.0752609868653318	0.2174395563986956	0.1545632455105667	0.27499827163768925
0.21937956078536663	0.07515368251185749	0.25996797809597666	0.1636412066410967	0.2818575719657023
0.23477746044876158	0.09474905587487162	0.25575401390129854	0.14912022479728776	0.2655992449777803
0.25878833520273653	0.0875667375673781	0.18814912169523407	0.16851738979585426	0.2969784157387968
0.2714194740942116	0.09507313062995494	0.2233582231855086	0.17313570169365314	0.23701347039667148
0.2900784100799984	0.08060493372993612	0.15536523225122356	0.18443901628961615	0.2895124076492255
0.2230704551749148	0.10111055312339234	0.18254443266181924	0.19654075946053157	0.29673379957934176
0.23899042361232786	0.08057229014931395	0.23667700864814942	0.19416404983484034	0.2495962277553682
0.26185904289094497	0.0797564104798971	0.23937209890303948	0.18319559408633673	0.23581685363978147
0.2923311397783368	0.08075024217971373	0.1520245405740583	0.19914613892766428	0.2757479385402266
0.25417296419024793	0.1022164226756968	0.20254881479644274	0.19035416842782674	0.25070762990978557
0.2555313659290088	0.09188735618035186	0.28127216940566957	0.14808666659939973	0.22322244188556972
0.2914794213310251	0.07546380591004184	0.15035540204743741	0.18771028719315808	0.29499108351833725
0.28170965953093907	0.08670796550639207	0.19174165017347441	0.14920870627989333	0.2906320185093008
0.2724651719932781	0.09442472671884923	0.1848164751934675	0.1513571044101497	0.2969365216842552
0.2709571091086651	0.08881503332516831	0.2573850440483002	0.15710215202563285	0.22574066149223332
0.25375366313270975	0.09747262510362717	0.23826145944827987	0.16349564226401314	0.24701661005136982
0.25407691416275663	0.09038160824228063	0.23852263663758858	0.1677114401825554	0.24930740077481853
0.26293603016179634	0.08509820119117067	0.19596640928011616	0.18917734711947418	0.2668220122474424
0.2802407684429643	0.09667000636659019	0.18580151485318103	0.17407720639084676	0.2632105039464175
0.28893188905560035	0.0863014785915701	0.19802751247094488	0.17039107914160703	0.2563480407402774
0.2620074910234132	0.0785207306936752	0.17642461863696696	0.19952593545545025	0.28352122419049414
0.2817163537014204	0.08242671474666806	0.20471428277987713	0.1811786780570276	0.2499639707150066
0.2765176527286813	0.10119023958113485	0.17938384178712183	0.1535588332057237	0.28934943269733804
0.253748214743485	0.08745037087389594	0.23738874470114768	0.17453256506444365	0.24688010461702742
0.28249884739761233	0.07680425983026877	0.1864278477798781	0.1770607175871901	0.2772083274050504
0.2785510623273987	0.08933685842180165	0.1885610328627743	0.17044914260566058	0.27310190378236454
0.24656199656082659	0.07860127368171722	0.26543454649615517	0.14779290294356914	0.2616092803177316
0.26990765978186726	0.1014470097942072	0.21119987181601785	0.15211492032574128	0.26533053828216613
0.2368045979808938	0.08530821952847488	0.21645615440736068	0.17938878552624243	0.282042242557028
0.2633267601448144	0.08870172472791624	0.24800799427220832	0.1762417668207933	0.22372175403426756
0.28172276147225433	0.08943295726137437	0.15706662325651968	0.18512635459920615	0.28665130341064515
0.2774282001263827	0.07560926299531613	0.24484117582584208	0.15537220611134164	0.24674915494111715
0.26534623206246444	0.09428872561675705	0.22496140592327848	0.16278008243535377	0.252623553962146
0.27309281306583794	0.0767032758318223	0.21231214001340956	0.1594355723463563	0.27845619874257366
0.27214690632295474	0.083971186359277	0.23046538268167788	0.153563733945255	0.2598527906908351
0.2596027424578461	0.0932963328565715	0.21176065351129297	0.19279088929268437	0.2425493818816048
0.28696556395455775	0.07998337712573805	0.19061452068041967	0.17933226763837468	0.2631042706009096
0.2721041364142055	0.0756194840748405	0.2496054319962806	0.1762223709742404	0.2264485765404327
0.267791569144039	0.07564558501657148	0.24959938930478953	0.1505558718284882	0.25640758470611147
0.23715134328709203	0.09276947210045183	0.2845885932449149	0.16299534288528383	0.22249524848225716
0.29522537256465886	0.07577805553858201	0.22991721835811896	0.16209054862242797	0.23698880491621188
0.24721166709176592	0.07689081325072417	0.30126560645928435	0.1543714341091031	0.22026047908912227
0.22392177989125112	0.08464914114172056	0.2254760436575422	0.187591031168713	0.2783620041407729
0.21882701714011468	0.08054753809988766	0.2817495687481647	0.14938359227217285	0.2694922837396599
0.2801896885942974	0.08511574851108993	0.18131869108782683	0.16526983759683994	0.2881060342099456
0.2656993626948431	0.10038134718355876	0.22990917041862152	0.1795304507883956	0.22447966891458074
0.2703947208653752	0.07474437825694669	0.25693904957450336	0.1522437368066548	0.24567811449651972
0.26342919494256944	0.08845751728212736	0.1800219401883586	0.1980260720173685	0.2700652755695759
0.2276488169135327	0.09909091276586865	0.28686761306036634	0.16144769947596177	0.22494495778427026
0.22847267638107596	0.09882288221506437	0.19494471507656702	0.1828061362920287	0.2949535900352638
0.22666268880827062	0.08848623321838771	0.29907367277690056	0.16342721177052646	0.22235019342591436
0.22389016406955797	0.08840030547214685	0.27248368390494104	0.16358862336623312	0.25163722318712084
0.2862846415475442	0.0943799706010791	0.17422272047515358	0.16749435926726075	0.2776183081089621
0.2678299324980894	0.07960442415172396	0.2535562136867346	0.15849869251265591	0.24051073715079585
0.28268835459389235	0.09730404492598345	0.16753547801405375	0.19567036235355165	0.25680176011251854
0.23342898871237638	0.08815046096696993	0.263111988973346	0.15799113154727368	0.2573174298000338
0.246893671704083	0.08653992552915275	0.2084762609554552	0.16576953062198224	0.29232061118932656
0.2864805920299038	0.09636714274109832	0.20318441796530348	0.17765823820688406	0.2363096090568101
0.2814064699355525	0.08460180860999492	0.17646301924129615	0.18475686356760282	0.2727718386455533
0.28792049096556843	0.08377359512024149	0.2141231214538528	0.15631637618893615	0.2578664162714009
0.22096739717553993	0.09770121012682695	0.307002465208313	0.15244159260119444	0.22188733488812548
0.25150787853024287	0.07856325987902733	0.2496302796145759	0.1983885381878509	0.22191004378830273
0.2601265563264703	0.10054324680512386	0.16283353210005333	0.1788567868250695	0.2976398779432827
0.22381919415084117	0.10049688198917041	0.2835329627414528	0.1631613759169414	0.22898958520159396
0.2536817266770058	0.09073596857907693	0.1900282057817432	0.16954060131157334	0.2960134976506005
0.24366509481247445	0.07914692430420547	0.25388204217245375	0.1591157907457581	0.264190147965108
0.2928173918871662	0.08449752571724155	0.17830289744430705	0.16865798325416287	0.27572420169712203
0.271163590911501	0.09317663344875697	0.20325554787038222	0.18679448752320493	0.2456097402461546
0.29123430148732704	0.09653196864620069	0.19263209911499535	0.16733831751658887	0.2522633132348878
0.2954663658720686	0.0808320490384593	0.211174299804275	0.15348126297800901	0.2590460223071878
0.24904553171951288	0.09486215595295179	0.22346785647658537	0.16286061847552902	0.26976383737542065
0.2531993763042018	0.08661859740647478	0.2561200905022974	0.15348949808091839	0.25057243770610743
0.24978803858347481	0.07909766143745542	0.19315083074188358	0.18951543933033294	0.28844802990685303
0.24258085888265263	0.09458882881388077	0.18879003077833406	0.19608815000999724	0.2779521315151351
0.2430564729433506	0.09955717887161288	0.24607385079501273	0.15255197716929342	0.25876052022073015
0.28458299014662974	0.08783249656804731	0.21672596553506226	0.19134803812844095	0.21951050962181945
0.25185862087181504	0.08506904160984863	0.1963743813748713	0.17687804079214864	0.2898199153513162
0.2747943081952013	0.08788511030261553	0.18203147654776072	0.15849215433944436	0.2967969506149778
0.2588385296977329	0.08655892675315326	0.26626704101602855	0.15736411567766528	0.2309713868554197
0.25864528077678617	0.09173977059231966	0.2666083310047892	0.15179097934813734	0.2312156382779674
0.25620219368576164	0.10203314046429753	0.15978831044991995	0.19215732262615082	0.28981903277386983
0.2318249343985861	0.08275043005008757	0.27758867533991005	0.15567412497361863	0.25216183523779745
0.23476539498319682	0.09529876694723163	0.24712707715406732	0.1590186732095265	0.2637900877059775
0.2267565445349961	0.08044252599770169	0.3012896442397078	0.15253101749816408	0.2389802677294301
0.28568255928532654	0.0989162079790182	0.20725113879798368	0.17894836379577	0.22920173014190132
0.29473755810463187	0.10153371431134252	0.18686280669385164	0.16099725086973357	0.2558686700204401
0.23165340864748965	0.0932746354430833	0.2455605692714926	0.1887510163077659	0.24076037033016828
0.2468297494172738	0.08685085615295486	0.283390002927819	0.1602954399026616	0.22263395159929047
0.22551484285547269	0.07935203362545129	0.3228925313272679	0.14940518976692185	0.222835402424886
0.27277771407039125	0.0919679349489206	0.21520498216916928	0.18983572521777312	0.2302136435937455
0.2681892152540103	0.09338505443308869	0.18616664307437508	0.16468083384658594	0.28757825339193976
0.26444893101467404	0.0867832463893603	0.2120341109630724	0.16043922680382983	0.2762944848290632
0.24636789171597162	0.0891762020606836	0.2360224202628789	0.15452233919033992	0.27391114677012574
0.2939554540822762	0.08645909417239257	0.2064356997641109	0.18168501600207626	0.23146473597914374
0.2950878705886788	0.09399794287184497	0.14050699703615505	0.18962770481283067	0.2807794846904903
0.25257452287711485	0.07605850399054932	0.21024044287776017	0.19107571091165118	0.27005081934292424
0.2955838676703548	0.10232890001653523	0.1586939436688737	0.15678108023030127	0.2866122084139347
0.2979920332962001	0.08114281674798669	0.1769545538140776	0.16279512700286958	0.28111546913886576
0.2554581081951331	0.08023373656227947	0.2800419219476055	0.15297340829437883	0.23129282500060283
0.28037052135016327	0.09025819118676408	0.19342188270037408	0.19438476200184016	0.2415646427608581
0.24359974773779813	0.07887941042754258	0.1868701435759097	0.19652684143689753	0.2941238568218518
0.29539024091993965	0.08370302421982878	0.17855267914950446	0.1980579910348043	0.24429606467592252
0.2398382169059563	0.08537025176886438	0.2680850442910432	0.14776914417541992	0.25893734285871595
0.2752407214842609	0.0863750451590132	0.20320622009912298	0.1965206803428481	0.23865733291475458
0.24383146030196373	0.10005541266559484	0.20665263084833266	0.1594559848258018	0.29000451135830674
0.23425588003149087	0.0791176826997819	0.21274533051179936	0.176305538017912	0.2975755687390156
0.26088411535664846	0.10156017613645886	0.18935813958011735	0.18487684224805773	0.26332072667871737
0.28496843656963505	0.08479623554844098	0.17207636945245264	0.17692261806226714	0.2812363403672039
0.26754998461695334	0.09989381526038807	0.2404356234884351	0.14765137687346985	0.24446919976075332
0.2778494671318602	0.08043304973124352	0.19512422947831626	0.15760990603878616	0.2889833476197935
0.21951373374169045	0.09313769962218041	0.2172479520657678	0.1806915256013138	0.2894090889690473
0.29261702906125503	0.08512926103236629	0.19507469994319623	0.1629315257139727	0.2642474842492095
0.2814700405589013	0.1014960839166697	0.23269243490994015	0.14744567533580583	0.23689576527868275
0.2554754655698899	0.10079941678830757	0.2072248785162143	0.17422696150048503	0.2622732776251029
0.2895299338358559	0.07755055446788921	0.2031431752576372	0.16596221384968235	0.2638141225889351
0.286677799306404	0.07542732558443155	0.22596352030617342	0.17379857988233505	0.23813277492065563
0.2277509868808626	0.09587977038114663	0.2472810141448031	0.14697039264498468	0.2821178359482027
0.2892991621218043	0.09791299654137407	0.2031106616316825	0.16570653484975223	0.24397064485538666
0.27269427595483997	0.08677900695748308	0.22109366097938712	0.181875188436588	0.23755786767170153
0.29195675126501164	0.08309266991708393	0.21453451854915567	0.16061818299897987	0.24979787726976863
0.23543498483496433	0.08632715063416942	0.2770147212482156	0.14720541387867325	0.25401772940397715
0.27465616596464765	0.08803657773345558	0.23204308901358936	0.17020256695173247	0.2350616003365747
0.23374700220829314	0.0817383522238017	0.27512753192705885	0.1642393000747408	0.24514781356610527
0.2602455455304481	0.07521578489504598	0.20273455448287514	0.18777336553490978	0.27403074955672074
0.2430781549346524	0.0989615053513625	0.22743993796577175	0.18612851964617247	0.2443918821020406
0.2846027656490121	0.09223008560503736	0.19129615906988037	0.17491209407900435	0.2569588955970656
0.23797844678876595	0.0819972499458698	0.2526992581342813	0.161137490773432	0.26618755435765074
0.2866113993816359	0.08143362018610237	0.2240264596266125	0.1844233695127554	0.22350515129289356
0.27508452028016483	0.07468862003142498	0.1831733221076928	0.19534926661977137	0.27170427096094574
0.2926785485444453	0.07783881244094423	0.21791862242006949	0.15193883601165029	0.2596251805828904
0.29557889841537477	0.07571630393590852	0.2453479291490109	0.14816469505107077	0.23519217344863474
0.2517207452469996	0.08870082676054007	0.26777547439416854	0.14714910114362553	0.244653852454666
0.23967051469321216	0.10083064208782566	0.1985816625225399	0.17506680562878232	0.2858503750676397
0.29088110398617917	0.07966212995818209	0.2083711091561759	0.18367933700193312	0.23740631989752947
0.2870008528203025	0.09749209436010439	0.19315785787362463	0.17359793374916385	0.24875126119680432
0.29563705419195774	0.07678162666933311	0.210102373558834	0.18952530509993368	0.22795364047994124
0.23427421420437963	0.09765088203751295	0.17635250609764513	0.194857846173785	0.296864551486677
0.2977644386295276	0.08193165272030094	0.204878727800682	0.1536798924213062	0.261745288428183
0.2868029494896566	0.07670136967720545	0.16145109759704232	0.17969449587666753	0.2953500873594278
0.27367802620377035	0.0898316298419769	0.2355943327943097	0.1484213295301556	0.2524746816297872
0.25878844899871367	0.0841303840089848	0.16837423924711736	0.19185392571487359	0.29685300203031034
0.25245769268137647	0.08654947162145814	0.21468929864493885	0.18724992329436374	0.2590536137578625
0.23325660075949212	0.08122063120487277	0.22782480848842623	0.1896369723115919	0.2680609872356168
0.248501391462972	0.09969468193686468	0.17762915828486694	0.18975576971784466	0.2844189985974514
0.29096882471303087	0.09889135538947467	0.15894751119442652	0.18790105678803068	0.263291251915037
0.25651335094054367	0.08006799648805558	0.20220723521079895	0.17975163819798815	0.28145977916261344
0.291713621187108	0.09790386312988952	0.16561298840440564	0.16571586590278692	0.27905366137580967
0.27582065167203484	0.08598670975281382	0.22828534015498217	0.1667252164441114	0.24318208197605756
0.2747099834864254	0.0805748408302171	0.21385212172654516	0.19647397824133647	0.23438907571547563
0.27238584080649286	0.09902189019621707	0.21252798978209272	0.1533226797337633	0.2627415994814338
0.28629239243551263	0.08796065495321163	0.25140675693428427	0.15346122911173984	0.22087896656525138
0.2223419112469205	0.08922571136205192	0.2551514973368779	0.1929819290155664	0.240298951038583
0.2931798113057575	0.08444249599470198	0.1769734047214574	0.15134530950949993	0.294058978468583
0.23195709591257682	0.07627522185032194	0.2338887348488558	0.1618817097715287	0.2959972376167165
0.22769306723349023	0.0964445217388387	0.23643666485447792	0.18148650750703416	0.25793923866615875
0.24086458476064995	0.07823989792673038	0.2508255148068508	0.17104092704836982	0.2590290754573988
0.22997602827301072	0.09823473388205196	0.24929972306977993	0.1946221102752376	0.22786740449991952
0.2709496595617842	0.10139154977237792	0.22785645156684975	0.1722098319428595	0.2275925071561284
0.2516312453144845	0.0909788585080744	0.23938722235820725	0.14870470923766133	0.2692979645815723
0.2769773810249298	0.07751899099807466	0.1940269795304552	0.18037787024098226	0.27109877820555783
0.26833642524169055	0.08637988126019447	0.21701280112628946	0.16533985644896543	0.2629310359228598
0.22453401333837042	0.08909287110442665	0.2696661650754975	0.1637044249104242	0.253002525571281
0.2447173145689166	0.08052503128859007	0.2733591981371476	0.18272819851082894	0.21867025749451655
0.27958696864977545	0.08556737089564043	0.18129519070265576	0.1678045543656982	0.2857459153862299
0.24928827226183264	0.0921672874798153	0.20875481835870757	0.1899836375359057	0.2598059843637386
0.2634211710114328	0.1001164536733539	0.23573642537584194	0.18094200525918283	0.21978394468018828
0.27158522892195003	0.1000676835353312	0.18532885618608003	0.16746645256816864	0.27555177878846987
0.24623725118824163	0.07684056402559114	0.2328916207969234	0.15796004305899702	0.28607052093024654
0.22524287941102783	0.10203415083468449	0.23116688864315185	0.1917410147106849	0.2498150664004507
0.22390875477328406	0.07783457404331036	0.3022329502036762	0.16690076229714307	0.2291229586825861
0.2616754816516631	0.07818611937296592	0.21532837786877487	0.1801689779507018	0.2646410431558941
0.2500134288045833	0.08939192065578314	0.22102511546970552	0.18810431715697284	0.2514652179129549
0.27987741980874103	0.0779698215998813	0.2500559603141533	0.15149576098118028	0.24060103729604376
0.2502594386576662	0.09980758969769579	0.23262432727982163	0.18229250073263625	0.23501614363217987
0.28659080381686813	0.0913153393561089	0.18920942491826087	0.1524080836019004	0.2804763483068614
0.2541331469998862	0.09146556916171249	0.21252180661911116	0.19250460290955437	0.24937487430973548
0.28562508372668904	0.0904515117048998	0.20581598755773967	0.1753966296717331	0.24271078733893808
0.24216036666810395	0.09735648110766172	0.23070662242309353	0.17817720548616867	0.2515993243149719
0.2508034038283924	0.09494629445325992	0.22469563186062053	0.15393858210607272	0.27561608775165414
0.28919243725625565	0.08003475572806373	0.2114773516157962	0.15624138254703068	0.2630540728528535
0.23818224097421165	0.08611610853289205	0.21435640390272073	0.18579244050410887	0.27555280608606647
0.27752222020743267	0.09031904473910393	0.1989957958048265	0.18458335382211064	0.24857958542652597
0.28318903930449774	0.08377352920727252	0.1720324933356197	0.17976862006147437	0.28123631809113536
0.21891366435109533	0.07627450524324204	0.30566015403874586	0.15567604347978853	0.24347563288712798
0.25776780478076594	0.08711716422780977	0.2356084711200584	0.18798565633632838	0.23152090353503724
0.2613740700106176	0.09252576194444345	0.15886107703886382	0.1977603946611515	0.2894786963449234
0.2629651402394788	0.10134368268436147	0.18141353069156946	0.19273355397636738	0.2615440924082226
0.26627838882685717	0.09310773423620955	0.2653530367928263	0.1565049142739312	0.2187559258701755
0.22524451548636587	0.08313701935535425	0.23977011008482638	0.1723434601223089	0.2795048949511444
0.2522982142985139	0.0912245066149873	0.2783123116632954	0.1527683205032079	0.22539664691999525
0.2272034505561164	0.08150642257684944	0.26004611238556213	0.15497279950748338	0.2762712149739884
0.27896758476222683	0.08063251440396864	0.24854922276316532	0.16695400136652874	0.22489667670411023
0.2895942617181065	0.08910544579093668	0.2156574021978951	0.15821734603199694	0.2474255442610645
0.253613936597163	0.08866789862294987	0.2481442791224557	0.15562200283072553	0.25395188282670567
0.29216334408590744	0.07610894091160925	0.24184562288169678	0.15066539058973225	0.239216701531054
0.2254892935178444	0.0929427915603922	0.24035273929628878	0.1832689270996834	0.25794624852579096
0.2557072858072903	0.08221555596615031	0.2605538092607367	0.17498804950613095	0.22653529945969147
0.24876961390879437	0.0772249167266517	0.20686728491244288	0.17884405696890068	0.28829412748321004
0.2969340317173028	0.08731721765013199	0.1697865565450188	0.14897114207743462	0.2969910520101115
0.25141640178169633	0.07532786574130301	0.2820455753885471	0.17198671340178096	0.2192234436866724
0.2305610683624182	0.07996254871016417	0.2455205144580397	0.1549719238890061	0.2889839445803716
0.2546621186352347	0.09736726313723552	0.18884599308905423	0.1599810703322016	0.2991435548062737
0.2613094497790568	0.0977056735885694	0.18950994984886674	0.1561017715942644	0.2953731551892424
0.22328741950971517	0.10082286085409531	0.23569142366365928	0.1492478473284333	0.2909504486440967
0.22952133429863064	0.09645019028273959	0.20989714121998554	0.19522739147643156	0.2689039427222124
0.27636206394630647	0.0819260763007469	0.2313716619074029	0.14767358863549596	0.26266660921004753
0.2529823971654794	0.09616408798336451	0.1950559021513341	0.1696292535296894	0.2861683591701324
0.2373939542185763	0.0857666105606815	0.2515859622567063	0.1959066459173924	0.22934682704664322
0.2938280800326191	0.0923872150874566	0.22438541190444689	0.1529208687632993	0.2364784242121778
0.23876290918169088	0.08615301976591548	0.21697114617153745	0.1990537037715242	0.25905922110933177
0.23718788278348335	0.07469509093402185	0.23738782148057727	0.1806845342043992	0.2700446705975181
0.2454598502949258	0.10174609720374592	0.23665275185950946	0.18805660078817454	0.228084699853644
0.2561137027973911	0.10032846569773596	0.21420112277395453	0.17233565273852466	0.25702105599239355
0.24071190614263782	0.10176645336975136	0.19262211621917863	0.19001143919197244	0.27488808507645945
0.25867190893089753	0.10124158029012506	0.1987733456099413	0.16619773815356587	0.2751154270154699
0.24229293686046827	0.08158321318290977	0.2179767620597064	0.16807264409920913	0.2900744437977062
0.22374889113450336	0.07892861732592467	0.2766368186374019	0.17402253927517336	0.24666313362699646
0.2947583030178492	0.10158578326160883	0.14012805990868826	0.19707720822830418	0.2664506455835492
0.2397135298016206	0.08365554016507383	0.22471496965811216	0.1978637920296974	0.25405216834549577
0.22912804013518015	0.09551053125707555	0.28057799682228646	0.17161452512199724	0.22316890666346037
0.23465311969423425	0.09766436869463714	0.28017857136312396	0.163163045511076	0.2243408947369284
0.2445399602942328	0.08183915541183377	0.2646051041245112	0.1535522419681702	0.2554635382012518
0.2935414440018903	0.09139315379489697	0.19750657800487803	0.17137478214829296	0.24618404205004146
0.22943589293189032	0.08626460435978275	0.2416244847954347	0.17521193064824891	0.2674630872646431
0.2364735677625846	0.08150454815732912	0.21652902496883394	0.17400272795688393	0.29149013115436817
0.22903044794349703	0.10101973690375797	0.2670869944782119	0.15257587811047324	0.25028694256405964
0.2905959519685905	0.07890672735839542	0.2177476122990091	0.17829351929998039	0.2344561890740243
0.27208472579672066	0.09893413958762073	0.17223384900614164	0.15974023110771718	0.2970070545017995
0.2859944806288983	0.09966302215562088	0.13468249226574314	0.18182170379995335	0.29783830114978405
0.24576295869169346	0.08219243175387861	0.19547927157920364	0.1801317195058105	0.2964336184694135
0.2876656610097884	0.08478487581273532	0.18313354317626146	0.16833937209017497	0.2760765479110396
0.2957534171695581	0.09494199005839796	0.16169028131727167	0.15829070273691648	0.28932360871785545
0.26825730778979684	0.09340881456043376	0.1744077786349926	0.17386991846680566	0.2900561805479709
0.24311359602636357	0.07916459505247969	0.24080868401074884	0.19920749785774536	0.2377056270526623
0.24080310793817372	0.08717690687184868	0.2538984735448402	0.1963240219150262	0.22179748973011096
0.29221793022781267	0.10085477145217765	0.20415276674233993	0.15959633452024713	0.24317819705742236
0.27155543889977285	0.0749895299736622	0.22533464382472979	0.18643783393274488	0.24168255336909
0.23806333034083232	0.08858048622286037	0.24484388856616388	0.16156440888656656	0.2669478859835766
0.2648660585262249	0.08003102062318422	0.19979518562883222	0.17551378652894872	0.2797939486928096
0.26809303124034517	0.07668426017355333	0.2835625554795178	0.14878999778161955	0.22287015532496388
0.2968532536803448	0.09879738152078787	0.19553813062411513	0.1674534524732325	0.24135778170151936
0.2212840260970891	0.08893279255837103	0.2785470048790943	0.1475584290740627	0.2636777473913826
0.2819225558804729	0.10168152352706471	0.1642302492492809	0.19048199215246364	0.2616836791907176
0.27343151630706675	0.09847846460136676	0.2446075977492646	0.15007594397692986	0.2334064773653717
0.2724924835564355	0.09081318408561437	0.15273314704186258	0.19746901183242435	0.28649217348366296
0.25085443540497343	0.09727520477020346	0.2038738235752207	0.15566110213524526	0.2923354341143569
0.28192207083400395	0.0969434840053122	0.15940014080114911	0.1857851403706065	0.27594916398892794
0.2561547147116667	0.08656108939215879	0.18063100945774513	0.19715810354892216	0.27949508288950703
0.29002112834978677	0.07475716622004758	0.2517991813475702	0.16325743683494492	0.22016508724765024
0.2365519944127505	0.09907903664142689	0.25467272473825825	0.17840563760772996	0.2312906065998342
0.2644650164432242	0.10061493055515351	0.152107715105909	0.1852047814019003	0.29760755649381265
0.2912647645475982	0.09922044683665075	0.22080471511430866	0.15971960427801937	0.22899046922342275
0.2669777922988436	0.07716600726766502	0.280246356956589	0.14732731436256735	0.22828252911433475
0.291000484913492	0.08000669890865535	0.1829256276601769	0.18464477169433186	0.26142241682334366
0.261620380004053	0.08739259213365479	0.18340199359902815	0.18136687610553753	0.28621815815772633
0.28294147226864264	0.09718522873986432	0.19528772196146274	0.14733080281089314	0.27725477421913686
0.25525635566073035	0.08970334020507567	0.2011669584175328	0.16325366578472383	0.2906196799319371
0.27864045486324535	0.0986342003176794	0.19712416150261358	0.16981848943761785	0.25578269387884356
0.22738995314807722	0.08862637799549962	0.23869538313548883	0.19837589233886954	0.24691239338206455
0.26505075070841205	0.090864983445717	0.1695258209282503	0.17687366421678846	0.29768478070083193
0.27998942580959124	0.07503324755857471	0.2378947300270353	0.17362754786202422	0.23345504874277428
0.2746829949345978	0.09227758094021166	0.14770791195834532	0.19617227824503208	0.28915923392181286
0.23644340350592008	0.0940815012795703	0.21822277406443324	0.17639728588942877	0.27485503526064736
0.23856180177755099	0.09714004938314058	0.2018772667428935	0.18885613094811596	0.2735647511482987
0.21879281172358195	0.07923247357762309	0.2593705906221212	0.14812699903490795	0.2944771250417656
0.2937678241316918	0.09878053437408973	0.15455095040473243	0.18235831101498784	0.27054238007449793
0.23585508492129342	0.09493507046430842	0.22759453833162932	0.18564097304258564	0.2559743332401829
0.2887468866347199	0.07860204824457745	0.17510768956692724	0.1928071834528226	0.2647361921009525
0.2215576738716195	0.09391004205222628	0.2716485395351488	0.19057976240137095	0.22230398213963426
0.2764223888604303	0.0823905552369195	0.20522779393872886	0.1994171670540761	0.23654209490984496
0.22424199886821877	0.09411880256647813	0.30432772882570347	0.15751065146601276	0.2198008182735866
0.2524630339356146	0.07954841217129827	0.23855621288282386	0.14791185617909594	0.2815204848311671
0.2595538415286122	0.0904872262868561	0.16808475517533533	0.19936700966282325	0.2825071673463728
0.23840331859870395	0.09034907169598	0.25128106715148935	0.15894462577801383	0.2610219167758126
0.22461995908780055	0.09020737121204421	0.2676408841301297	0.1628718702582291	0.25465991531179616
0.2766350983169451	0.09623046265420898	0.24023340771214874	0.1598699246524637	0.22703110666423318
0.2326917819175008	0.0937007504648901	0.24187133680672718	0.14778285625727705	0.28395327455360464
0.2910657651621542	0.08513212058704481	0.17757094849614735	0.14912071118483705	0.29711045456981633
0.24278241270659084	0.07924944630730456	0.29723511310080525	0.1529507510106451	0.227782276874654
0.28661989052997705	0.0766020199989588	0.14568525403698285	0.19294611916297283	0.29814671627110817
0.28075619515923417	0.08476451899200262	0.1922177130681891	0.19600549922792135	0.2462560735526525
0.24688835696353814	0.09170244009662476	0.22665716494552762	0.18469326248787726	0.25005877550643196
0.25842045751097464	0.09689260723741318	0.23948081042919456	0.15114636140654475	0.2540597634158726
0.2728135506783543	0.10069794652876826	0.14778901677788597	0.18094193371268436	0.2977575523023069
0.25418704901848527	0.08343477724064041	0.18140078375699886	0.18371640476650414	0.29726098521737104
0.24446737066842306	0.10040519840577261	0.23890868892166475	0.1904965202516975	0.22572222175244183
0.22117127234018444	0.10133894763557978	0.21806008920573874	0.1610647004424052	0.2983649903760916
0.22041577804282095	0.08726486760668721	0.25195157065260854	0.16826959079885764	0.2720981928990254
0.2839982655693463	0.07882992236532378	0.22860664245457116	0.16776983415799746	0.24079533545276102
0.22822131880952606	0.0763163439141568	0.27811952252167876	0.17820304492498856	0.23913976982964957
0.2729630644765172	0.10169631792028458	0.1507542377873279	0.1808825438944715	0.2937038359213986
0.25604955874244123	0.07939996797044797	0.24227934583089736	0.1669649938936796	0.25530613356253357
0.23457808077321982	0.08840305051513142	0.2064612498386707	0.19560279015671408	0.2749548287162637
0.2744928728346215	0.08722514126777588	0.1783468064329464	0.18947624016524142	0.27045893929941456
0.28211936781981833	0.0940216750263026	0.23363538550376728	0.14942815371749366	0.24079541793261783
0.27276875879461276	0.08591743049812708	0.17180125407180805	0.1723111270078351	0.29720142962761675
0.24025860045007252	0.09781692759454926	0.22334836279336867	0.15391707002729782	0.28465903913471147
0.27971192151632135	0.0931085907271244	0.1682580265762033	0.17156881744220828	0.2873526437381424
0.290952172331978	0.0888770436435347	0.23979302984793882	0.15089168184328997	0.22948607233325824
0.2522725404183291	0.08073658323306475	0.25134339822688945	0.1607575695813746	0.2548899085403418
0.2410385720220791	0.0973426767755534	0.23306222621896186	0.18940961067748038	0.239146914305925
0.23146895155474495	0.08808032280591656	0.28999830589755105	0.17143633237429123	0.219016087367496
0.2958545381653399	0.09735351876646813	0.17001544672263877	0.17169897859247962	0.26507751775307337
0.239284743468052	0.08789643157654685	0.25842668236296856	0.17268681955337462	0.2417053230390577
0.2336959615386772	0.09370890145638212	0.21526091467829284	0.18842216173629145	0.26891206059035616
0.28470305009678887	0.08319663139457673	0.18542299485274447	0.15831841327452423	0.28835891038136546
0.24333494240050613	0.0898085999619614	0.25505948079867596	0.1526945818011164	0.2591023950377399
0.25077253073181893	0.08427534577621751	0.2488539731102224	0.14931278082685295	0.2667853695548879
0.23753464802588145	0.09201973803094976	0.26872865054070016	0.1486527926897488	0.25306417071271964
0.2282536570536871	0.07815364404896227	0.30330955487998007	0.1475636401905415	0.24271950382682883
0.22533280302871567	0.0821857610329773	0.233945032306972	0.16530788149814604	0.29322852213318873
0.27998045879475525	0.08690219334916614	0.2300727553014104	0.17779661734511493	0.225247975209553
0.22618289828343885	0.08271264175384516	0.3002798084618675	0.16495481650247787	0.22586983499837032
0.25153147525610403	0.08458850564701983	0.23726566127788196	0.1830582200942401	0.24355613772475382
0.23353926420408855	0.08503288940594851	0.2468046840894242	0.1670502233973527	0.2675729389031858
0.22164883759951798	0.07757743646317108	0.30597462690784066	0.15605873123929662	0.23874036779017344
0.2732617185328515	0.084940295908148	0.19656981923272834	0.1543817337375332	0.2908464325887387
0.28620380316130045	0.09580776867566823	0.17598284765307315	0.15091574393054416	0.2910898365794137
